Date,2nd Ave Cycletrack,NB,SB
03/01/2020 12:00:00 AM,4,1,3
03/01/2020 01:00:00 AM,4,3,1
03/01/2020 02:00:00 AM,0,0,0
03/01/2020 03:00:00 AM,1,1,0
03/01/2020 04:00:00 AM,0,0,0
03/01/2020 05:00:00 AM,2,1,1
03/01/2020 06:00:00 AM,3,1,2
03/01/2020 07:00:00 AM,6,4,2
03/01/2020 08:00:00 AM,13,9,4
03/01/2020 09:00:00 AM,15,9,6
03/01/2020 10:00:00 AM,24,17,7
03/01/2020 11:00:00 AM,82,70,12
03/01/2020 12:00:00 PM,20,15,5
03/01/2020 01:00:00 PM,31,14,17
03/01/2020 02:00:00 PM,73,19,54
03/01/2020 03:00:00 PM,37,15,22
03/01/2020 04:00:00 PM,36,16,20
03/01/2020 05:00:00 PM,24,13,11
03/01/2020 06:00:00 PM,16,8,8
03/01/2020 07:00:00 PM,4,0,4
03/01/2020 08:00:00 PM,13,7,6
03/01/2020 09:00:00 PM,2,1,1
03/01/2020 10:00:00 PM,10,3,7
03/01/2020 11:00:00 PM,7,4,3
03/02/2020 12:00:00 AM,1,1,0
03/02/2020 01:00:00 AM,0,0,0
03/02/2020 02:00:00 AM,0,0,0
03/02/2020 03:00:00 AM,0,0,0
03/02/2020 04:00:00 AM,3,1,2
03/02/2020 05:00:00 AM,18,3,15
03/02/2020 06:00:00 AM,27,9,18
03/02/2020 07:00:00 AM,109,40,69
03/02/2020 08:00:00 AM,135,57,78
03/02/2020 09:00:00 AM,69,31,38
03/02/2020 10:00:00 AM,27,14,13
03/02/2020 11:00:00 AM,25,13,12
03/02/2020 12:00:00 PM,29,13,16
03/02/2020 01:00:00 PM,30,15,15
03/02/2020 02:00:00 PM,36,21,15
03/02/2020 03:00:00 PM,45,32,13
03/02/2020 04:00:00 PM,142,95,47
03/02/2020 05:00:00 PM,172,125,47
03/02/2020 06:00:00 PM,79,53,26
03/02/2020 07:00:00 PM,25,17,8
03/02/2020 08:00:00 PM,12,7,5
03/02/2020 09:00:00 PM,12,9,3
03/02/2020 10:00:00 PM,2,0,2
03/02/2020 11:00:00 PM,7,4,3
03/03/2020 12:00:00 AM,4,3,1
03/03/2020 01:00:00 AM,3,2,1
03/03/2020 02:00:00 AM,0,0,0
03/03/2020 03:00:00 AM,1,0,1
03/03/2020 04:00:00 AM,1,1,0
03/03/2020 05:00:00 AM,14,5,9
03/03/2020 06:00:00 AM,37,14,23
03/03/2020 07:00:00 AM,98,37,61
03/03/2020 08:00:00 AM,149,65,84
03/03/2020 09:00:00 AM,80,35,45
03/03/2020 10:00:00 AM,35,15,20
03/03/2020 11:00:00 AM,32,13,19
03/03/2020 12:00:00 PM,41,25,16
03/03/2020 01:00:00 PM,36,21,15
03/03/2020 02:00:00 PM,31,19,12
03/03/2020 03:00:00 PM,70,46,24
03/03/2020 04:00:00 PM,157,111,46
03/03/2020 05:00:00 PM,185,109,76
03/03/2020 06:00:00 PM,93,60,33
03/03/2020 07:00:00 PM,39,26,13
03/03/2020 08:00:00 PM,15,8,7
03/03/2020 09:00:00 PM,7,3,4
03/03/2020 10:00:00 PM,11,6,5
03/03/2020 11:00:00 PM,5,2,3
03/04/2020 12:00:00 AM,4,4,0
03/04/2020 01:00:00 AM,1,1,0
03/04/2020 02:00:00 AM,6,4,2
03/04/2020 03:00:00 AM,0,0,0
03/04/2020 04:00:00 AM,1,1,0
03/04/2020 05:00:00 AM,14,4,10
03/04/2020 06:00:00 AM,35,16,19
03/04/2020 07:00:00 AM,101,45,56
03/04/2020 08:00:00 AM,156,75,81
03/04/2020 09:00:00 AM,81,46,35
03/04/2020 10:00:00 AM,39,21,18
03/04/2020 11:00:00 AM,35,18,17
03/04/2020 12:00:00 PM,48,22,26
03/04/2020 01:00:00 PM,45,26,19
03/04/2020 02:00:00 PM,55,28,27
03/04/2020 03:00:00 PM,74,52,22
03/04/2020 04:00:00 PM,150,95,55
03/04/2020 05:00:00 PM,181,112,69
03/04/2020 06:00:00 PM,91,59,32
03/04/2020 07:00:00 PM,30,18,12
03/04/2020 08:00:00 PM,17,8,9
03/04/2020 09:00:00 PM,13,10,3
03/04/2020 10:00:00 PM,10,7,3
03/04/2020 11:00:00 PM,1,0,1
03/05/2020 12:00:00 AM,3,2,1
03/05/2020 01:00:00 AM,2,1,1
03/05/2020 02:00:00 AM,1,1,0
03/05/2020 03:00:00 AM,1,1,0
03/05/2020 04:00:00 AM,4,2,2
03/05/2020 05:00:00 AM,12,4,8
03/05/2020 06:00:00 AM,37,14,23
03/05/2020 07:00:00 AM,87,40,47
03/05/2020 08:00:00 AM,124,58,66
03/05/2020 09:00:00 AM,67,41,26
03/05/2020 10:00:00 AM,36,24,12
03/05/2020 11:00:00 AM,38,18,20
03/05/2020 12:00:00 PM,33,13,20
03/05/2020 01:00:00 PM,50,24,26
03/05/2020 02:00:00 PM,45,26,19
03/05/2020 03:00:00 PM,64,39,25
03/05/2020 04:00:00 PM,109,77,32
03/05/2020 05:00:00 PM,147,85,62
03/05/2020 06:00:00 PM,56,30,26
03/05/2020 07:00:00 PM,18,11,7
03/05/2020 08:00:00 PM,19,7,12
03/05/2020 09:00:00 PM,9,6,3
03/05/2020 10:00:00 PM,4,2,2
03/05/2020 11:00:00 PM,1,1,0
03/06/2020 12:00:00 AM,2,1,1
03/06/2020 01:00:00 AM,5,4,1
03/06/2020 02:00:00 AM,0,0,0
03/06/2020 03:00:00 AM,0,0,0
03/06/2020 04:00:00 AM,1,1,0
03/06/2020 05:00:00 AM,6,2,4
03/06/2020 06:00:00 AM,17,2,15
03/06/2020 07:00:00 AM,37,22,15
03/06/2020 08:00:00 AM,50,27,23
03/06/2020 09:00:00 AM,29,16,13
03/06/2020 10:00:00 AM,19,11,8
03/06/2020 11:00:00 AM,21,9,12
03/06/2020 12:00:00 PM,25,11,14
03/06/2020 01:00:00 PM,32,15,17
03/06/2020 02:00:00 PM,20,12,8
03/06/2020 03:00:00 PM,38,26,12
03/06/2020 04:00:00 PM,69,46,23
03/06/2020 05:00:00 PM,77,37,40
03/06/2020 06:00:00 PM,46,29,17
03/06/2020 07:00:00 PM,18,9,9
03/06/2020 08:00:00 PM,15,9,6
03/06/2020 09:00:00 PM,9,7,2
03/06/2020 10:00:00 PM,11,7,4
03/06/2020 11:00:00 PM,7,2,5
03/07/2020 12:00:00 AM,1,0,1
03/07/2020 01:00:00 AM,3,1,2
03/07/2020 02:00:00 AM,2,1,1
03/07/2020 03:00:00 AM,0,0,0
03/07/2020 04:00:00 AM,0,0,0
03/07/2020 05:00:00 AM,2,1,1
03/07/2020 06:00:00 AM,3,3,0
03/07/2020 07:00:00 AM,10,5,5
03/07/2020 08:00:00 AM,7,1,6
03/07/2020 09:00:00 AM,9,2,7
03/07/2020 10:00:00 AM,12,7,5
03/07/2020 11:00:00 AM,14,6,8
03/07/2020 12:00:00 PM,16,4,12
03/07/2020 01:00:00 PM,16,8,8
03/07/2020 02:00:00 PM,17,8,9
03/07/2020 03:00:00 PM,22,15,7
03/07/2020 04:00:00 PM,32,17,15
03/07/2020 05:00:00 PM,27,22,5
03/07/2020 06:00:00 PM,32,24,8
03/07/2020 07:00:00 PM,9,6,3
03/07/2020 08:00:00 PM,8,4,4
03/07/2020 09:00:00 PM,17,2,15
03/07/2020 10:00:00 PM,4,3,1
03/07/2020 11:00:00 PM,3,2,1
03/08/2020 12:00:00 AM,4,1,3
03/08/2020 01:00:00 AM,3,2,1
03/08/2020 02:00:00 AM,0,0,0
03/08/2020 03:00:00 AM,4,2,2
03/08/2020 04:00:00 AM,2,1,1
03/08/2020 05:00:00 AM,1,1,0
03/08/2020 06:00:00 AM,1,1,0
03/08/2020 07:00:00 AM,4,3,1
03/08/2020 08:00:00 AM,5,1,4
03/08/2020 09:00:00 AM,12,7,5
03/08/2020 10:00:00 AM,8,5,3
03/08/2020 11:00:00 AM,20,15,5
03/08/2020 12:00:00 PM,34,16,18
03/08/2020 01:00:00 PM,30,13,17
03/08/2020 02:00:00 PM,36,20,16
03/08/2020 03:00:00 PM,35,21,14
03/08/2020 04:00:00 PM,26,11,15
03/08/2020 05:00:00 PM,21,11,10
03/08/2020 06:00:00 PM,15,6,9
03/08/2020 07:00:00 PM,9,5,4
03/08/2020 08:00:00 PM,11,5,6
03/08/2020 09:00:00 PM,9,5,4
03/08/2020 10:00:00 PM,4,1,3
03/08/2020 11:00:00 PM,4,1,3
03/09/2020 12:00:00 AM,1,0,1
03/09/2020 01:00:00 AM,2,1,1
03/09/2020 02:00:00 AM,2,2,0
03/09/2020 03:00:00 AM,0,0,0
03/09/2020 04:00:00 AM,1,0,1
03/09/2020 05:00:00 AM,15,4,11
03/09/2020 06:00:00 AM,17,7,10
03/09/2020 07:00:00 AM,57,28,29
03/09/2020 08:00:00 AM,67,34,33
03/09/2020 09:00:00 AM,47,27,20
03/09/2020 10:00:00 AM,27,12,15
03/09/2020 11:00:00 AM,22,13,9
03/09/2020 12:00:00 PM,28,10,18
03/09/2020 01:00:00 PM,32,21,11
03/09/2020 02:00:00 PM,28,16,12
03/09/2020 03:00:00 PM,63,41,22
03/09/2020 04:00:00 PM,82,48,34
03/09/2020 05:00:00 PM,103,61,42
03/09/2020 06:00:00 PM,65,34,31
03/09/2020 07:00:00 PM,25,16,9
03/09/2020 08:00:00 PM,7,2,5
03/09/2020 09:00:00 PM,12,9,3
03/09/2020 10:00:00 PM,15,4,11
03/09/2020 11:00:00 PM,7,2,5
03/10/2020 12:00:00 AM,2,2,0
03/10/2020 01:00:00 AM,2,0,2
03/10/2020 02:00:00 AM,0,0,0
03/10/2020 03:00:00 AM,0,0,0
03/10/2020 04:00:00 AM,2,2,0
03/10/2020 05:00:00 AM,22,4,18
03/10/2020 06:00:00 AM,23,9,14
03/10/2020 07:00:00 AM,53,23,30
03/10/2020 08:00:00 AM,73,37,36
03/10/2020 09:00:00 AM,47,32,15
03/10/2020 10:00:00 AM,21,6,15
03/10/2020 11:00:00 AM,26,19,7
03/10/2020 12:00:00 PM,40,15,25
03/10/2020 01:00:00 PM,42,29,13
03/10/2020 02:00:00 PM,39,23,16
03/10/2020 03:00:00 PM,67,38,29
03/10/2020 04:00:00 PM,91,60,31
03/10/2020 05:00:00 PM,79,42,37
03/10/2020 06:00:00 PM,59,38,21
03/10/2020 07:00:00 PM,27,11,16
03/10/2020 08:00:00 PM,11,5,6
03/10/2020 09:00:00 PM,10,6,4
03/10/2020 10:00:00 PM,6,3,3
03/10/2020 11:00:00 PM,6,3,3
03/11/2020 12:00:00 AM,3,0,3
03/11/2020 01:00:00 AM,2,2,0
03/11/2020 02:00:00 AM,2,1,1
03/11/2020 03:00:00 AM,1,1,0
03/11/2020 04:00:00 AM,2,2,0
03/11/2020 05:00:00 AM,12,1,11
03/11/2020 06:00:00 AM,15,4,11
03/11/2020 07:00:00 AM,50,19,31
03/11/2020 08:00:00 AM,69,38,31
03/11/2020 09:00:00 AM,35,25,10
03/11/2020 10:00:00 AM,27,11,16
03/11/2020 11:00:00 AM,33,18,15
03/11/2020 12:00:00 PM,22,11,11
03/11/2020 01:00:00 PM,33,18,15
03/11/2020 02:00:00 PM,28,17,11
03/11/2020 03:00:00 PM,52,36,16
03/11/2020 04:00:00 PM,69,35,34
03/11/2020 05:00:00 PM,75,45,30
03/11/2020 06:00:00 PM,52,31,21
03/11/2020 07:00:00 PM,17,11,6
03/11/2020 08:00:00 PM,11,3,8
03/11/2020 09:00:00 PM,8,4,4
03/11/2020 10:00:00 PM,9,5,4
03/11/2020 11:00:00 PM,7,7,0
03/12/2020 12:00:00 AM,1,1,0
03/12/2020 01:00:00 AM,2,1,1
03/12/2020 02:00:00 AM,1,0,1
03/12/2020 03:00:00 AM,0,0,0
03/12/2020 04:00:00 AM,2,1,1
03/12/2020 05:00:00 AM,14,4,10
03/12/2020 06:00:00 AM,29,14,15
03/12/2020 07:00:00 AM,46,20,26
03/12/2020 08:00:00 AM,59,28,31
03/12/2020 09:00:00 AM,32,19,13
03/12/2020 10:00:00 AM,15,7,8
03/12/2020 11:00:00 AM,24,16,8
03/12/2020 12:00:00 PM,21,7,14
03/12/2020 01:00:00 PM,22,12,10
03/12/2020 02:00:00 PM,30,22,8
03/12/2020 03:00:00 PM,52,32,20
03/12/2020 04:00:00 PM,63,45,18
03/12/2020 05:00:00 PM,87,52,35
03/12/2020 06:00:00 PM,50,30,20
03/12/2020 07:00:00 PM,14,8,6
03/12/2020 08:00:00 PM,10,5,5
03/12/2020 09:00:00 PM,3,2,1
03/12/2020 10:00:00 PM,6,1,5
03/12/2020 11:00:00 PM,4,1,3
03/13/2020 12:00:00 AM,0,0,0
03/13/2020 01:00:00 AM,2,1,1
03/13/2020 02:00:00 AM,1,0,1
03/13/2020 03:00:00 AM,2,2,0
03/13/2020 04:00:00 AM,1,1,0
03/13/2020 05:00:00 AM,9,2,7
03/13/2020 06:00:00 AM,15,7,8
03/13/2020 07:00:00 AM,20,7,13
03/13/2020 08:00:00 AM,37,18,19
03/13/2020 09:00:00 AM,24,15,9
03/13/2020 10:00:00 AM,13,4,9
03/13/2020 11:00:00 AM,6,4,2
03/13/2020 12:00:00 PM,12,6,6
03/13/2020 01:00:00 PM,14,8,6
03/13/2020 02:00:00 PM,14,11,3
03/13/2020 03:00:00 PM,27,18,9
03/13/2020 04:00:00 PM,35,20,15
03/13/2020 05:00:00 PM,37,25,12
03/13/2020 06:00:00 PM,26,16,10
03/13/2020 07:00:00 PM,9,6,3
03/13/2020 08:00:00 PM,7,4,3
03/13/2020 09:00:00 PM,1,1,0
03/13/2020 10:00:00 PM,2,1,1
03/13/2020 11:00:00 PM,6,2,4
03/14/2020 12:00:00 AM,4,3,1
03/14/2020 01:00:00 AM,1,1,0
03/14/2020 02:00:00 AM,1,0,1
03/14/2020 03:00:00 AM,0,0,0
03/14/2020 04:00:00 AM,0,0,0
03/14/2020 05:00:00 AM,2,2,0
03/14/2020 06:00:00 AM,0,0,0
03/14/2020 07:00:00 AM,7,0,7
03/14/2020 08:00:00 AM,10,7,3
03/14/2020 09:00:00 AM,9,5,4
03/14/2020 10:00:00 AM,9,5,4
03/14/2020 11:00:00 AM,11,4,7
03/14/2020 12:00:00 PM,14,11,3
03/14/2020 01:00:00 PM,15,11,4
03/14/2020 02:00:00 PM,24,15,9
03/14/2020 03:00:00 PM,23,13,10
03/14/2020 04:00:00 PM,15,9,6
03/14/2020 05:00:00 PM,22,10,12
03/14/2020 06:00:00 PM,33,21,12
03/14/2020 07:00:00 PM,10,6,4
03/14/2020 08:00:00 PM,12,8,4
03/14/2020 09:00:00 PM,3,1,2
03/14/2020 10:00:00 PM,4,1,3
03/14/2020 11:00:00 PM,4,2,2
03/15/2020 12:00:00 AM,1,1,0
03/15/2020 01:00:00 AM,5,0,5
03/15/2020 02:00:00 AM,1,1,0
03/15/2020 03:00:00 AM,1,1,0
03/15/2020 04:00:00 AM,0,0,0
03/15/2020 05:00:00 AM,0,0,0
03/15/2020 06:00:00 AM,0,0,0
03/15/2020 07:00:00 AM,3,0,3
03/15/2020 08:00:00 AM,6,3,3
03/15/2020 09:00:00 AM,5,3,2
03/15/2020 10:00:00 AM,18,5,13
03/15/2020 11:00:00 AM,12,9,3
03/15/2020 12:00:00 PM,21,10,11
03/15/2020 01:00:00 PM,17,10,7
03/15/2020 02:00:00 PM,25,13,12
03/15/2020 03:00:00 PM,23,11,12
03/15/2020 04:00:00 PM,26,4,22
03/15/2020 05:00:00 PM,19,11,8
03/15/2020 06:00:00 PM,11,7,4
03/15/2020 07:00:00 PM,7,5,2
03/15/2020 08:00:00 PM,8,3,5
03/15/2020 09:00:00 PM,2,0,2
03/15/2020 10:00:00 PM,7,5,2
03/15/2020 11:00:00 PM,2,1,1
03/16/2020 12:00:00 AM,0,0,0
03/16/2020 01:00:00 AM,0,0,0
03/16/2020 02:00:00 AM,2,1,1
03/16/2020 03:00:00 AM,0,0,0
03/16/2020 04:00:00 AM,1,1,0
03/16/2020 05:00:00 AM,9,1,8
03/16/2020 06:00:00 AM,21,9,12
03/16/2020 07:00:00 AM,31,16,15
03/16/2020 08:00:00 AM,45,22,23
03/16/2020 09:00:00 AM,21,12,9
03/16/2020 10:00:00 AM,12,6,6
03/16/2020 11:00:00 AM,18,7,11
03/16/2020 12:00:00 PM,18,8,10
03/16/2020 01:00:00 PM,24,16,8
03/16/2020 02:00:00 PM,26,14,12
03/16/2020 03:00:00 PM,45,22,23
03/16/2020 04:00:00 PM,44,29,15
03/16/2020 05:00:00 PM,74,44,30
03/16/2020 06:00:00 PM,33,19,14
03/16/2020 07:00:00 PM,21,8,13
03/16/2020 08:00:00 PM,13,7,6
03/16/2020 09:00:00 PM,7,4,3
03/16/2020 10:00:00 PM,4,1,3
03/16/2020 11:00:00 PM,6,4,2
03/17/2020 12:00:00 AM,0,0,0
03/17/2020 01:00:00 AM,3,2,1
03/17/2020 02:00:00 AM,0,0,0
03/17/2020 03:00:00 AM,0,0,0
03/17/2020 04:00:00 AM,2,1,1
03/17/2020 05:00:00 AM,8,0,8
03/17/2020 06:00:00 AM,15,3,12
03/17/2020 07:00:00 AM,21,12,9
03/17/2020 08:00:00 AM,28,14,14
03/17/2020 09:00:00 AM,21,14,7
03/17/2020 10:00:00 AM,11,6,5
03/17/2020 11:00:00 AM,20,12,8
03/17/2020 12:00:00 PM,22,8,14
03/17/2020 01:00:00 PM,28,14,14
03/17/2020 02:00:00 PM,24,18,6
03/17/2020 03:00:00 PM,38,25,13
03/17/2020 04:00:00 PM,44,31,13
03/17/2020 05:00:00 PM,54,29,25
03/17/2020 06:00:00 PM,19,11,8
03/17/2020 07:00:00 PM,15,3,12
03/17/2020 08:00:00 PM,6,5,1
03/17/2020 09:00:00 PM,1,0,1
03/17/2020 10:00:00 PM,5,0,5
03/17/2020 11:00:00 PM,0,0,0
03/18/2020 12:00:00 AM,1,0,1
03/18/2020 01:00:00 AM,0,0,0
03/18/2020 02:00:00 AM,2,1,1
03/18/2020 03:00:00 AM,2,2,0
03/18/2020 04:00:00 AM,1,1,0
03/18/2020 05:00:00 AM,4,1,3
03/18/2020 06:00:00 AM,14,4,10
03/18/2020 07:00:00 AM,23,9,14
03/18/2020 08:00:00 AM,27,12,15
03/18/2020 09:00:00 AM,17,10,7
03/18/2020 10:00:00 AM,14,8,6
03/18/2020 11:00:00 AM,25,13,12
03/18/2020 12:00:00 PM,24,13,11
03/18/2020 01:00:00 PM,29,14,15
03/18/2020 02:00:00 PM,28,15,13
03/18/2020 03:00:00 PM,32,25,7
03/18/2020 04:00:00 PM,44,24,20
03/18/2020 05:00:00 PM,64,32,32
03/18/2020 06:00:00 PM,39,23,16
03/18/2020 07:00:00 PM,29,15,14
03/18/2020 08:00:00 PM,13,6,7
03/18/2020 09:00:00 PM,1,1,0
03/18/2020 10:00:00 PM,7,4,3
03/18/2020 11:00:00 PM,3,0,3
03/19/2020 12:00:00 AM,0,0,0
03/19/2020 01:00:00 AM,2,1,1
03/19/2020 02:00:00 AM,3,2,1
03/19/2020 03:00:00 AM,0,0,0
03/19/2020 04:00:00 AM,1,1,0
03/19/2020 05:00:00 AM,8,4,4
03/19/2020 06:00:00 AM,9,2,7
03/19/2020 07:00:00 AM,22,6,16
03/19/2020 08:00:00 AM,18,9,9
03/19/2020 09:00:00 AM,13,11,2
03/19/2020 10:00:00 AM,12,2,10
03/19/2020 11:00:00 AM,16,10,6
03/19/2020 12:00:00 PM,21,6,15
03/19/2020 01:00:00 PM,29,16,13
03/19/2020 02:00:00 PM,38,21,17
03/19/2020 03:00:00 PM,40,21,19
03/19/2020 04:00:00 PM,40,22,18
03/19/2020 05:00:00 PM,55,28,27
03/19/2020 06:00:00 PM,43,19,24
03/19/2020 07:00:00 PM,15,4,11
03/19/2020 08:00:00 PM,8,4,4
03/19/2020 09:00:00 PM,2,1,1
03/19/2020 10:00:00 PM,4,2,2
03/19/2020 11:00:00 PM,0,0,0
03/20/2020 12:00:00 AM,3,3,0
03/20/2020 01:00:00 AM,1,0,1
03/20/2020 02:00:00 AM,1,1,0
03/20/2020 03:00:00 AM,0,0,0
03/20/2020 04:00:00 AM,0,0,0
03/20/2020 05:00:00 AM,7,2,5
03/20/2020 06:00:00 AM,7,2,5
03/20/2020 07:00:00 AM,20,11,9
03/20/2020 08:00:00 AM,25,14,11
03/20/2020 09:00:00 AM,14,11,3
03/20/2020 10:00:00 AM,10,6,4
03/20/2020 11:00:00 AM,28,9,19
03/20/2020 12:00:00 PM,32,14,18
03/20/2020 01:00:00 PM,25,18,7
03/20/2020 02:00:00 PM,40,25,15
03/20/2020 03:00:00 PM,38,23,15
03/20/2020 04:00:00 PM,35,16,19
03/20/2020 05:00:00 PM,58,28,30
03/20/2020 06:00:00 PM,31,12,19
03/20/2020 07:00:00 PM,18,5,13
03/20/2020 08:00:00 PM,8,4,4
03/20/2020 09:00:00 PM,8,3,5
03/20/2020 10:00:00 PM,5,1,4
03/20/2020 11:00:00 PM,8,3,5
03/21/2020 12:00:00 AM,0,0,0
03/21/2020 01:00:00 AM,1,1,0
03/21/2020 02:00:00 AM,1,1,0
03/21/2020 03:00:00 AM,0,0,0
03/21/2020 04:00:00 AM,0,0,0
03/21/2020 05:00:00 AM,1,1,0
03/21/2020 06:00:00 AM,2,1,1
03/21/2020 07:00:00 AM,1,0,1
03/21/2020 08:00:00 AM,4,4,0
03/21/2020 09:00:00 AM,7,3,4
03/21/2020 10:00:00 AM,15,10,5
03/21/2020 11:00:00 AM,20,13,7
03/21/2020 12:00:00 PM,25,15,10
03/21/2020 01:00:00 PM,25,14,11
03/21/2020 02:00:00 PM,36,14,22
03/21/2020 03:00:00 PM,47,28,19
03/21/2020 04:00:00 PM,40,24,16
03/21/2020 05:00:00 PM,39,14,25
03/21/2020 06:00:00 PM,31,16,15
03/21/2020 07:00:00 PM,12,8,4
03/21/2020 08:00:00 PM,4,3,1
03/21/2020 09:00:00 PM,1,1,0
03/21/2020 10:00:00 PM,1,0,1
03/21/2020 11:00:00 PM,3,1,2
03/22/2020 12:00:00 AM,1,1,0
03/22/2020 01:00:00 AM,1,1,0
03/22/2020 02:00:00 AM,2,0,2
03/22/2020 03:00:00 AM,0,0,0
03/22/2020 04:00:00 AM,0,0,0
03/22/2020 05:00:00 AM,1,1,0
03/22/2020 06:00:00 AM,1,1,0
03/22/2020 07:00:00 AM,1,0,1
03/22/2020 08:00:00 AM,3,2,1
03/22/2020 09:00:00 AM,14,11,3
03/22/2020 10:00:00 AM,15,7,8
03/22/2020 11:00:00 AM,26,15,11
03/22/2020 12:00:00 PM,27,21,6
03/22/2020 01:00:00 PM,31,14,17
03/22/2020 02:00:00 PM,27,17,10
03/22/2020 03:00:00 PM,30,9,21
03/22/2020 04:00:00 PM,19,10,9
03/22/2020 05:00:00 PM,12,5,7
03/22/2020 06:00:00 PM,18,6,12
03/22/2020 07:00:00 PM,12,3,9
03/22/2020 08:00:00 PM,7,5,2
03/22/2020 09:00:00 PM,2,1,1
03/22/2020 10:00:00 PM,1,0,1
03/22/2020 11:00:00 PM,2,2,0
03/23/2020 12:00:00 AM,1,1,0
03/23/2020 01:00:00 AM,0,0,0
03/23/2020 02:00:00 AM,0,0,0
03/23/2020 03:00:00 AM,0,0,0
03/23/2020 04:00:00 AM,2,2,0
03/23/2020 05:00:00 AM,5,0,5
03/23/2020 06:00:00 AM,11,4,7
03/23/2020 07:00:00 AM,18,9,9
03/23/2020 08:00:00 AM,18,9,9
03/23/2020 09:00:00 AM,13,7,6
03/23/2020 10:00:00 AM,13,5,8
03/23/2020 11:00:00 AM,16,10,6
03/23/2020 12:00:00 PM,24,18,6
03/23/2020 01:00:00 PM,18,11,7
03/23/2020 02:00:00 PM,16,5,11
03/23/2020 03:00:00 PM,26,18,8
03/23/2020 04:00:00 PM,17,9,8
03/23/2020 05:00:00 PM,27,17,10
03/23/2020 06:00:00 PM,20,10,10
03/23/2020 07:00:00 PM,15,8,7
03/23/2020 08:00:00 PM,8,4,4
03/23/2020 09:00:00 PM,7,2,5
03/23/2020 10:00:00 PM,3,2,1
03/23/2020 11:00:00 PM,2,1,1
03/24/2020 12:00:00 AM,0,0,0
03/24/2020 01:00:00 AM,1,0,1
03/24/2020 02:00:00 AM,0,0,0
03/24/2020 03:00:00 AM,0,0,0
03/24/2020 04:00:00 AM,2,2,0
03/24/2020 05:00:00 AM,3,0,3
03/24/2020 06:00:00 AM,14,5,9
03/24/2020 07:00:00 AM,16,6,10
03/24/2020 08:00:00 AM,17,12,5
03/24/2020 09:00:00 AM,7,6,1
03/24/2020 10:00:00 AM,9,5,4
03/24/2020 11:00:00 AM,7,2,5
03/24/2020 12:00:00 PM,15,5,10
03/24/2020 01:00:00 PM,18,9,9
03/24/2020 02:00:00 PM,15,9,6
03/24/2020 03:00:00 PM,22,13,9
03/24/2020 04:00:00 PM,24,16,8
03/24/2020 05:00:00 PM,27,17,10
03/24/2020 06:00:00 PM,14,9,5
03/24/2020 07:00:00 PM,13,6,7
03/24/2020 08:00:00 PM,9,3,6
03/24/2020 09:00:00 PM,1,1,0
03/24/2020 10:00:00 PM,1,0,1
03/24/2020 11:00:00 PM,0,0,0
03/25/2020 12:00:00 AM,0,0,0
03/25/2020 01:00:00 AM,0,0,0
03/25/2020 02:00:00 AM,1,1,0
03/25/2020 03:00:00 AM,0,0,0
03/25/2020 04:00:00 AM,2,2,0
03/25/2020 05:00:00 AM,4,2,2
03/25/2020 06:00:00 AM,14,6,8
03/25/2020 07:00:00 AM,12,6,6
03/25/2020 08:00:00 AM,14,8,6
03/25/2020 09:00:00 AM,7,5,2
03/25/2020 10:00:00 AM,9,6,3
03/25/2020 11:00:00 AM,12,5,7
03/25/2020 12:00:00 PM,8,5,3
03/25/2020 01:00:00 PM,14,8,6
03/25/2020 02:00:00 PM,16,10,6
03/25/2020 03:00:00 PM,30,20,10
03/25/2020 04:00:00 PM,29,17,12
03/25/2020 05:00:00 PM,52,26,26
03/25/2020 06:00:00 PM,18,12,6
03/25/2020 07:00:00 PM,13,6,7
03/25/2020 08:00:00 PM,8,2,6
03/25/2020 09:00:00 PM,6,2,4
03/25/2020 10:00:00 PM,2,0,2
03/25/2020 11:00:00 PM,0,0,0
03/26/2020 12:00:00 AM,0,0,0
03/26/2020 01:00:00 AM,1,0,1
03/26/2020 02:00:00 AM,0,0,0
03/26/2020 03:00:00 AM,0,0,0
03/26/2020 04:00:00 AM,2,1,1
03/26/2020 05:00:00 AM,3,1,2
03/26/2020 06:00:00 AM,7,2,5
03/26/2020 07:00:00 AM,12,6,6
03/26/2020 08:00:00 AM,11,6,5
03/26/2020 09:00:00 AM,7,6,1
03/26/2020 10:00:00 AM,8,3,5
03/26/2020 11:00:00 AM,15,6,9
03/26/2020 12:00:00 PM,29,11,18
03/26/2020 01:00:00 PM,7,2,5
03/26/2020 02:00:00 PM,16,12,4
03/26/2020 03:00:00 PM,20,11,9
03/26/2020 04:00:00 PM,20,13,7
03/26/2020 05:00:00 PM,35,26,9
03/26/2020 06:00:00 PM,18,13,5
03/26/2020 07:00:00 PM,14,9,5
03/26/2020 08:00:00 PM,8,5,3
03/26/2020 09:00:00 PM,3,1,2
03/26/2020 10:00:00 PM,0,0,0
03/26/2020 11:00:00 PM,0,0,0
03/27/2020 12:00:00 AM,1,1,0
03/27/2020 01:00:00 AM,2,0,2
03/27/2020 02:00:00 AM,1,1,0
03/27/2020 03:00:00 AM,2,1,1
03/27/2020 04:00:00 AM,0,0,0
03/27/2020 05:00:00 AM,3,2,1
03/27/2020 06:00:00 AM,6,0,6
03/27/2020 07:00:00 AM,5,4,1
03/27/2020 08:00:00 AM,9,5,4
03/27/2020 09:00:00 AM,6,2,4
03/27/2020 10:00:00 AM,8,5,3
03/27/2020 11:00:00 AM,17,5,12
03/27/2020 12:00:00 PM,15,8,7
03/27/2020 01:00:00 PM,18,12,6
03/27/2020 02:00:00 PM,14,7,7
03/27/2020 03:00:00 PM,11,10,1
03/27/2020 04:00:00 PM,15,7,8
03/27/2020 05:00:00 PM,32,19,13
03/27/2020 06:00:00 PM,18,11,7
03/27/2020 07:00:00 PM,14,7,7
03/27/2020 08:00:00 PM,17,10,7
03/27/2020 09:00:00 PM,3,3,0
03/27/2020 10:00:00 PM,4,2,2
03/27/2020 11:00:00 PM,1,1,0
03/28/2020 12:00:00 AM,1,1,0
03/28/2020 01:00:00 AM,0,0,0
03/28/2020 02:00:00 AM,0,0,0
03/28/2020 03:00:00 AM,2,0,2
03/28/2020 04:00:00 AM,0,0,0
03/28/2020 05:00:00 AM,0,0,0
03/28/2020 06:00:00 AM,1,1,0
03/28/2020 07:00:00 AM,4,1,3
03/28/2020 08:00:00 AM,3,2,1
03/28/2020 09:00:00 AM,5,2,3
03/28/2020 10:00:00 AM,12,3,9
03/28/2020 11:00:00 AM,13,9,4
03/28/2020 12:00:00 PM,12,7,5
03/28/2020 01:00:00 PM,21,9,12
03/28/2020 02:00:00 PM,19,5,14
03/28/2020 03:00:00 PM,32,12,20
03/28/2020 04:00:00 PM,23,17,6
03/28/2020 05:00:00 PM,11,6,5
03/28/2020 06:00:00 PM,3,2,1
03/28/2020 07:00:00 PM,5,2,3
03/28/2020 08:00:00 PM,3,2,1
03/28/2020 09:00:00 PM,0,0,0
03/28/2020 10:00:00 PM,2,0,2
03/28/2020 11:00:00 PM,2,2,0
03/29/2020 12:00:00 AM,0,0,0
03/29/2020 01:00:00 AM,0,0,0
03/29/2020 02:00:00 AM,0,0,0
03/29/2020 03:00:00 AM,0,0,0
03/29/2020 04:00:00 AM,1,1,0
03/29/2020 05:00:00 AM,0,0,0
03/29/2020 06:00:00 AM,1,1,0
03/29/2020 07:00:00 AM,1,0,1
03/29/2020 08:00:00 AM,4,1,3
03/29/2020 09:00:00 AM,5,2,3
03/29/2020 10:00:00 AM,14,9,5
03/29/2020 11:00:00 AM,24,12,12
03/29/2020 12:00:00 PM,38,15,23
03/29/2020 01:00:00 PM,47,26,21
03/29/2020 02:00:00 PM,65,39,26
03/29/2020 03:00:00 PM,37,30,7
03/29/2020 04:00:00 PM,55,22,33
03/29/2020 05:00:00 PM,38,13,25
03/29/2020 06:00:00 PM,14,7,7
03/29/2020 07:00:00 PM,5,3,2
03/29/2020 08:00:00 PM,6,3,3
03/29/2020 09:00:00 PM,1,0,1
03/29/2020 10:00:00 PM,2,1,1
03/29/2020 11:00:00 PM,1,0,1
03/30/2020 12:00:00 AM,5,3,2
03/30/2020 01:00:00 AM,0,0,0
03/30/2020 02:00:00 AM,0,0,0
03/30/2020 03:00:00 AM,0,0,0
03/30/2020 04:00:00 AM,0,0,0
03/30/2020 05:00:00 AM,4,1,3
03/30/2020 06:00:00 AM,6,3,3
03/30/2020 07:00:00 AM,10,5,5
03/30/2020 08:00:00 AM,11,8,3
03/30/2020 09:00:00 AM,15,10,5
03/30/2020 10:00:00 AM,6,1,5
03/30/2020 11:00:00 AM,3,1,2
03/30/2020 12:00:00 PM,10,4,6
03/30/2020 01:00:00 PM,7,3,4
03/30/2020 02:00:00 PM,8,6,2
03/30/2020 03:00:00 PM,19,16,3
03/30/2020 04:00:00 PM,13,6,7
03/30/2020 05:00:00 PM,18,12,6
03/30/2020 06:00:00 PM,7,2,5
03/30/2020 07:00:00 PM,7,2,5
03/30/2020 08:00:00 PM,3,1,2
03/30/2020 09:00:00 PM,6,2,4
03/30/2020 10:00:00 PM,5,2,3
03/30/2020 11:00:00 PM,5,4,1
03/31/2020 12:00:00 AM,0,0,0
03/31/2020 01:00:00 AM,0,0,0
03/31/2020 02:00:00 AM,2,1,1
03/31/2020 03:00:00 AM,0,0,0
03/31/2020 04:00:00 AM,1,1,0
03/31/2020 05:00:00 AM,6,3,3
03/31/2020 06:00:00 AM,10,4,6
03/31/2020 07:00:00 AM,8,4,4
03/31/2020 08:00:00 AM,14,8,6
03/31/2020 09:00:00 AM,7,6,1
03/31/2020 10:00:00 AM,9,5,4
03/31/2020 11:00:00 AM,8,4,4
03/31/2020 12:00:00 PM,23,9,14
03/31/2020 01:00:00 PM,18,8,10
03/31/2020 02:00:00 PM,16,9,7
03/31/2020 03:00:00 PM,11,6,5
03/31/2020 04:00:00 PM,13,5,8
03/31/2020 05:00:00 PM,19,11,8
03/31/2020 06:00:00 PM,12,4,8
03/31/2020 07:00:00 PM,2,0,2
03/31/2020 08:00:00 PM,3,1,2
03/31/2020 09:00:00 PM,3,1,2
03/31/2020 10:00:00 PM,4,1,3
03/31/2020 11:00:00 PM,3,1,2
04/06/2020 12:00:00 PM,16,7,9
04/06/2020 01:00:00 PM,19,10,9
04/06/2020 02:00:00 PM,30,19,11
04/06/2020 03:00:00 PM,39,25,14
04/06/2020 04:00:00 PM,33,21,12
04/06/2020 05:00:00 PM,36,21,15
04/06/2020 06:00:00 PM,41,23,18
04/06/2020 07:00:00 PM,20,10,10
04/06/2020 08:00:00 PM,6,3,3
04/06/2020 09:00:00 PM,4,0,4
04/06/2020 10:00:00 PM,5,3,2
04/06/2020 11:00:00 PM,1,1,0
04/07/2020 12:00:00 AM,3,0,3
04/07/2020 01:00:00 AM,0,0,0
04/07/2020 02:00:00 AM,0,0,0
04/07/2020 03:00:00 AM,0,0,0
04/07/2020 04:00:00 AM,1,1,0
04/07/2020 05:00:00 AM,5,3,2
04/07/2020 06:00:00 AM,15,7,8
04/07/2020 07:00:00 AM,19,8,11
04/07/2020 08:00:00 AM,25,9,16
04/07/2020 09:00:00 AM,14,8,6
04/07/2020 10:00:00 AM,12,9,3
04/07/2020 11:00:00 AM,15,9,6
04/07/2020 12:00:00 PM,17,9,8
04/07/2020 01:00:00 PM,12,7,5
04/07/2020 02:00:00 PM,18,10,8
04/07/2020 03:00:00 PM,34,23,11
04/07/2020 04:00:00 PM,33,17,16
04/07/2020 05:00:00 PM,37,15,22
04/07/2020 06:00:00 PM,32,16,16
04/07/2020 07:00:00 PM,13,3,10
01/01/2015 12:00:00 AM,3,3,0
01/01/2015 01:00:00 AM,9,9,0
01/01/2015 02:00:00 AM,2,2,0
01/01/2015 03:00:00 AM,0,0,0
01/01/2015 04:00:00 AM,0,0,0
01/01/2015 05:00:00 AM,0,0,0
01/01/2015 06:00:00 AM,2,1,1
01/01/2015 07:00:00 AM,4,3,1
01/01/2015 08:00:00 AM,2,2,0
01/01/2015 09:00:00 AM,5,5,0
01/01/2015 10:00:00 AM,6,4,2
01/01/2015 11:00:00 AM,8,4,4
01/01/2015 12:00:00 PM,2,2,0
01/01/2015 01:00:00 PM,10,5,5
01/01/2015 02:00:00 PM,10,6,4
01/01/2015 03:00:00 PM,10,4,6
01/01/2015 04:00:00 PM,12,6,6
01/01/2015 05:00:00 PM,4,3,1
01/01/2015 06:00:00 PM,2,1,1
01/01/2015 07:00:00 PM,4,4,0
01/01/2015 08:00:00 PM,0,0,0
01/01/2015 09:00:00 PM,2,2,0
01/01/2015 10:00:00 PM,1,1,0
01/01/2015 11:00:00 PM,2,1,1
01/02/2015 12:00:00 AM,1,0,1
01/02/2015 01:00:00 AM,1,0,1
01/02/2015 02:00:00 AM,5,0,5
01/02/2015 03:00:00 AM,0,0,0
01/02/2015 04:00:00 AM,3,0,3
01/02/2015 05:00:00 AM,2,2,0
01/02/2015 06:00:00 AM,14,7,7
01/02/2015 07:00:00 AM,16,10,6
01/02/2015 08:00:00 AM,31,22,9
01/02/2015 09:00:00 AM,21,15,6
01/02/2015 10:00:00 AM,18,13,5
01/02/2015 11:00:00 AM,15,11,4
01/02/2015 12:00:00 PM,14,8,6
01/02/2015 01:00:00 PM,20,18,2
01/02/2015 02:00:00 PM,16,6,10
01/02/2015 03:00:00 PM,30,23,7
01/02/2015 04:00:00 PM,35,22,13
01/02/2015 05:00:00 PM,43,28,15
01/02/2015 06:00:00 PM,14,7,7
01/02/2015 07:00:00 PM,6,4,2
01/02/2015 08:00:00 PM,3,2,1
01/02/2015 09:00:00 PM,0,0,0
01/02/2015 10:00:00 PM,6,3,3
01/02/2015 11:00:00 PM,3,2,1
01/03/2015 12:00:00 AM,4,4,0
01/03/2015 01:00:00 AM,3,0,3
01/03/2015 02:00:00 AM,2,0,2
01/03/2015 03:00:00 AM,0,0,0
01/03/2015 04:00:00 AM,1,1,0
01/03/2015 05:00:00 AM,1,1,0
01/03/2015 06:00:00 AM,1,1,0
01/03/2015 07:00:00 AM,6,3,3
01/03/2015 08:00:00 AM,5,5,0
01/03/2015 09:00:00 AM,5,3,2
01/03/2015 10:00:00 AM,12,9,3
01/03/2015 11:00:00 AM,10,9,1
01/03/2015 12:00:00 PM,12,10,2
01/03/2015 01:00:00 PM,15,7,8
01/03/2015 02:00:00 PM,18,9,9
01/03/2015 03:00:00 PM,10,5,5
01/03/2015 04:00:00 PM,13,7,6
01/03/2015 05:00:00 PM,11,10,1
01/03/2015 06:00:00 PM,8,5,3
01/03/2015 07:00:00 PM,5,4,1
01/03/2015 08:00:00 PM,7,5,2
01/03/2015 09:00:00 PM,8,7,1
01/03/2015 10:00:00 PM,8,5,3
01/03/2015 11:00:00 PM,2,1,1
01/04/2015 12:00:00 AM,2,2,0
01/04/2015 01:00:00 AM,1,1,0
01/04/2015 02:00:00 AM,1,1,0
01/04/2015 03:00:00 AM,1,1,0
01/04/2015 04:00:00 AM,1,1,0
01/04/2015 05:00:00 AM,1,0,1
01/04/2015 06:00:00 AM,3,2,1
01/04/2015 07:00:00 AM,2,2,0
01/04/2015 08:00:00 AM,3,2,1
01/04/2015 09:00:00 AM,5,2,3
01/04/2015 10:00:00 AM,3,1,2
01/04/2015 11:00:00 AM,1,0,1
01/04/2015 12:00:00 PM,9,6,3
01/04/2015 01:00:00 PM,10,10,0
01/04/2015 02:00:00 PM,8,6,2
01/04/2015 03:00:00 PM,3,2,1
01/04/2015 04:00:00 PM,7,2,5
01/04/2015 05:00:00 PM,25,11,14
01/04/2015 06:00:00 PM,2,2,0
01/04/2015 07:00:00 PM,2,1,1
01/04/2015 08:00:00 PM,1,1,0
01/04/2015 09:00:00 PM,7,4,3
01/04/2015 10:00:00 PM,5,3,2
01/04/2015 11:00:00 PM,0,0,0
01/05/2015 12:00:00 AM,1,0,1
01/05/2015 01:00:00 AM,0,0,0
01/05/2015 02:00:00 AM,1,1,0
01/05/2015 03:00:00 AM,1,0,1
01/05/2015 04:00:00 AM,0,0,0
01/05/2015 05:00:00 AM,9,4,5
01/05/2015 06:00:00 AM,21,11,10
01/05/2015 07:00:00 AM,33,18,15
01/05/2015 08:00:00 AM,68,49,19
01/05/2015 09:00:00 AM,37,23,14
01/05/2015 10:00:00 AM,17,13,4
01/05/2015 11:00:00 AM,14,8,6
01/05/2015 12:00:00 PM,20,12,8
01/05/2015 01:00:00 PM,18,11,7
01/05/2015 02:00:00 PM,15,10,5
01/05/2015 03:00:00 PM,32,23,9
01/05/2015 04:00:00 PM,50,39,11
01/05/2015 05:00:00 PM,93,64,29
01/05/2015 06:00:00 PM,43,31,12
01/05/2015 07:00:00 PM,17,12,5
01/05/2015 08:00:00 PM,9,8,1
01/05/2015 09:00:00 PM,6,6,0
01/05/2015 10:00:00 PM,1,1,0
01/05/2015 11:00:00 PM,1,0,1
01/06/2015 12:00:00 AM,5,1,4
01/06/2015 01:00:00 AM,1,0,1
01/06/2015 02:00:00 AM,0,0,0
01/06/2015 03:00:00 AM,2,1,1
01/06/2015 04:00:00 AM,2,0,2
01/06/2015 05:00:00 AM,10,8,2
01/06/2015 06:00:00 AM,38,21,17
01/06/2015 07:00:00 AM,53,32,21
01/06/2015 08:00:00 AM,102,73,29
01/06/2015 09:00:00 AM,62,39,23
01/06/2015 10:00:00 AM,34,28,6
01/06/2015 11:00:00 AM,26,15,11
01/06/2015 12:00:00 PM,15,7,8
01/06/2015 01:00:00 PM,39,20,19
01/06/2015 02:00:00 PM,31,19,12
01/06/2015 03:00:00 PM,35,22,13
01/06/2015 04:00:00 PM,80,63,17
01/06/2015 05:00:00 PM,99,66,33
01/06/2015 06:00:00 PM,68,37,31
01/06/2015 07:00:00 PM,24,16,8
01/06/2015 08:00:00 PM,10,4,6
01/06/2015 09:00:00 PM,11,8,3
01/06/2015 10:00:00 PM,4,3,1
01/06/2015 11:00:00 PM,8,7,1
01/07/2015 12:00:00 AM,0,0,0
01/07/2015 01:00:00 AM,3,3,0
01/07/2015 02:00:00 AM,0,0,0
01/07/2015 03:00:00 AM,0,0,0
01/07/2015 04:00:00 AM,1,1,0
01/07/2015 05:00:00 AM,6,3,3
01/07/2015 06:00:00 AM,38,21,17
01/07/2015 07:00:00 AM,53,34,19
01/07/2015 08:00:00 AM,108,77,31
01/07/2015 09:00:00 AM,66,45,21
01/07/2015 10:00:00 AM,39,27,12
01/07/2015 11:00:00 AM,29,16,13
01/07/2015 12:00:00 PM,32,21,11
01/07/2015 01:00:00 PM,24,16,8
01/07/2015 02:00:00 PM,27,17,10
01/07/2015 03:00:00 PM,43,31,12
01/07/2015 04:00:00 PM,74,52,22
01/07/2015 05:00:00 PM,134,84,50
01/07/2015 06:00:00 PM,61,41,20
01/07/2015 07:00:00 PM,18,9,9
01/07/2015 08:00:00 PM,10,6,4
01/07/2015 09:00:00 PM,4,3,1
01/07/2015 10:00:00 PM,2,2,0
01/07/2015 11:00:00 PM,3,3,0
01/08/2015 12:00:00 AM,4,4,0
01/08/2015 01:00:00 AM,2,2,0
01/08/2015 02:00:00 AM,1,0,1
01/08/2015 03:00:00 AM,1,1,0
01/08/2015 04:00:00 AM,1,0,1
01/08/2015 05:00:00 AM,7,6,1
01/08/2015 06:00:00 AM,30,19,11
01/08/2015 07:00:00 AM,46,35,11
01/08/2015 08:00:00 AM,103,69,34
01/08/2015 09:00:00 AM,68,49,19
01/08/2015 10:00:00 AM,39,23,16
01/08/2015 11:00:00 AM,37,29,8
01/08/2015 12:00:00 PM,24,19,5
01/08/2015 01:00:00 PM,30,19,11
01/08/2015 02:00:00 PM,24,13,11
01/08/2015 03:00:00 PM,37,25,12
01/08/2015 04:00:00 PM,66,45,21
01/08/2015 05:00:00 PM,113,83,30
01/08/2015 06:00:00 PM,63,37,26
01/08/2015 07:00:00 PM,27,16,11
01/08/2015 08:00:00 PM,12,5,7
01/08/2015 09:00:00 PM,3,2,1
01/08/2015 10:00:00 PM,6,5,1
01/08/2015 11:00:00 PM,4,3,1
01/09/2015 12:00:00 AM,5,5,0
01/09/2015 01:00:00 AM,2,2,0
01/09/2015 02:00:00 AM,2,1,1
01/09/2015 03:00:00 AM,0,0,0
01/09/2015 04:00:00 AM,1,1,0
01/09/2015 05:00:00 AM,6,2,4
01/09/2015 06:00:00 AM,26,15,11
01/09/2015 07:00:00 AM,52,37,15
01/09/2015 08:00:00 AM,83,54,29
01/09/2015 09:00:00 AM,54,39,15
01/09/2015 10:00:00 AM,23,14,9
01/09/2015 11:00:00 AM,23,14,9
01/09/2015 12:00:00 PM,31,16,15
01/09/2015 01:00:00 PM,26,13,13
01/09/2015 02:00:00 PM,25,16,9
01/09/2015 03:00:00 PM,36,26,10
01/09/2015 04:00:00 PM,69,51,18
01/09/2015 05:00:00 PM,119,71,48
01/09/2015 06:00:00 PM,56,36,20
01/09/2015 07:00:00 PM,24,17,7
01/09/2015 08:00:00 PM,8,3,5
01/09/2015 09:00:00 PM,6,6,0
01/09/2015 10:00:00 PM,2,2,0
01/09/2015 11:00:00 PM,6,3,3
01/10/2015 12:00:00 AM,7,6,1
01/10/2015 01:00:00 AM,0,0,0
01/10/2015 02:00:00 AM,1,0,1
01/10/2015 03:00:00 AM,0,0,0
01/10/2015 04:00:00 AM,0,0,0
01/10/2015 05:00:00 AM,0,0,0
01/10/2015 06:00:00 AM,4,3,1
01/10/2015 07:00:00 AM,4,2,2
01/10/2015 08:00:00 AM,11,8,3
01/10/2015 09:00:00 AM,11,10,1
01/10/2015 10:00:00 AM,4,3,1
01/10/2015 11:00:00 AM,17,16,1
01/10/2015 12:00:00 PM,11,9,2
01/10/2015 01:00:00 PM,15,7,8
01/10/2015 02:00:00 PM,18,14,4
01/10/2015 03:00:00 PM,17,11,6
01/10/2015 04:00:00 PM,12,8,4
01/10/2015 05:00:00 PM,17,9,8
01/10/2015 06:00:00 PM,13,4,9
01/10/2015 07:00:00 PM,6,3,3
01/10/2015 08:00:00 PM,9,4,5
01/10/2015 09:00:00 PM,12,4,8
01/10/2015 10:00:00 PM,15,3,12
01/10/2015 11:00:00 PM,0,0,0
01/11/2015 12:00:00 AM,7,4,3
01/11/2015 01:00:00 AM,1,1,0
01/11/2015 02:00:00 AM,0,0,0
01/11/2015 03:00:00 AM,1,1,0
01/11/2015 04:00:00 AM,1,0,1
01/11/2015 05:00:00 AM,1,0,1
01/11/2015 06:00:00 AM,3,1,2
01/11/2015 07:00:00 AM,5,4,1
01/11/2015 08:00:00 AM,8,2,6
01/11/2015 09:00:00 AM,4,4,0
01/11/2015 10:00:00 AM,6,4,2
01/11/2015 11:00:00 AM,7,6,1
01/11/2015 12:00:00 PM,11,6,5
01/11/2015 01:00:00 PM,10,9,1
01/11/2015 02:00:00 PM,15,9,6
01/11/2015 03:00:00 PM,12,9,3
01/11/2015 04:00:00 PM,4,3,1
01/11/2015 05:00:00 PM,7,6,1
01/11/2015 06:00:00 PM,4,3,1
01/11/2015 07:00:00 PM,2,2,0
01/11/2015 08:00:00 PM,3,2,1
01/11/2015 09:00:00 PM,4,4,0
01/11/2015 10:00:00 PM,3,2,1
01/11/2015 11:00:00 PM,0,0,0
01/12/2015 12:00:00 AM,2,2,0
01/12/2015 01:00:00 AM,0,0,0
01/12/2015 02:00:00 AM,0,0,0
01/12/2015 03:00:00 AM,0,0,0
01/12/2015 04:00:00 AM,0,0,0
01/12/2015 05:00:00 AM,13,9,4
01/12/2015 06:00:00 AM,30,15,15
01/12/2015 07:00:00 AM,46,32,14
01/12/2015 08:00:00 AM,81,60,21
01/12/2015 09:00:00 AM,66,44,22
01/12/2015 10:00:00 AM,28,17,11
01/12/2015 11:00:00 AM,25,13,12
01/12/2015 12:00:00 PM,20,9,11
01/12/2015 01:00:00 PM,25,17,8
01/12/2015 02:00:00 PM,22,12,10
01/12/2015 03:00:00 PM,39,29,10
01/12/2015 04:00:00 PM,78,54,24
01/12/2015 05:00:00 PM,106,67,39
01/12/2015 06:00:00 PM,62,35,27
01/12/2015 07:00:00 PM,20,11,9
01/12/2015 08:00:00 PM,10,8,2
01/12/2015 09:00:00 PM,11,9,2
01/12/2015 10:00:00 PM,4,3,1
01/12/2015 11:00:00 PM,3,1,2
01/13/2015 12:00:00 AM,1,1,0
01/13/2015 01:00:00 AM,3,3,0
01/13/2015 02:00:00 AM,1,1,0
01/13/2015 03:00:00 AM,1,1,0
01/13/2015 04:00:00 AM,1,1,0
01/13/2015 05:00:00 AM,8,6,2
01/13/2015 06:00:00 AM,27,18,9
01/13/2015 07:00:00 AM,63,40,23
01/13/2015 08:00:00 AM,96,71,25
01/13/2015 09:00:00 AM,68,51,17
01/13/2015 10:00:00 AM,28,17,11
01/13/2015 11:00:00 AM,33,18,15
01/13/2015 12:00:00 PM,31,17,14
01/13/2015 01:00:00 PM,26,17,9
01/13/2015 02:00:00 PM,19,8,11
01/13/2015 03:00:00 PM,39,26,13
01/13/2015 04:00:00 PM,82,60,22
01/13/2015 05:00:00 PM,109,69,40
01/13/2015 06:00:00 PM,61,30,31
01/13/2015 07:00:00 PM,26,15,11
01/13/2015 08:00:00 PM,13,10,3
01/13/2015 09:00:00 PM,7,5,2
01/13/2015 10:00:00 PM,7,3,4
01/13/2015 11:00:00 PM,3,3,0
01/14/2015 12:00:00 AM,0,0,0
01/14/2015 01:00:00 AM,2,2,0
01/14/2015 02:00:00 AM,1,1,0
01/14/2015 03:00:00 AM,0,0,0
01/14/2015 04:00:00 AM,1,0,1
01/14/2015 05:00:00 AM,9,6,3
01/14/2015 06:00:00 AM,27,14,13
01/14/2015 07:00:00 AM,53,36,17
01/14/2015 08:00:00 AM,92,59,33
01/14/2015 09:00:00 AM,56,40,16
01/14/2015 10:00:00 AM,25,17,8
01/14/2015 11:00:00 AM,28,17,11
01/14/2015 12:00:00 PM,24,14,10
01/14/2015 01:00:00 PM,43,27,16
01/14/2015 02:00:00 PM,25,16,9
01/14/2015 03:00:00 PM,47,35,12
01/14/2015 04:00:00 PM,65,48,17
01/14/2015 05:00:00 PM,121,76,45
01/14/2015 06:00:00 PM,68,40,28
01/14/2015 07:00:00 PM,30,16,14
01/14/2015 08:00:00 PM,12,9,3
01/14/2015 09:00:00 PM,12,7,5
01/14/2015 10:00:00 PM,6,4,2
01/14/2015 11:00:00 PM,0,0,0
01/15/2015 12:00:00 AM,4,2,2
01/15/2015 01:00:00 AM,4,3,1
01/15/2015 02:00:00 AM,0,0,0
01/15/2015 03:00:00 AM,1,1,0
01/15/2015 04:00:00 AM,3,2,1
01/15/2015 05:00:00 AM,0,0,0
01/15/2015 06:00:00 AM,17,7,10
01/15/2015 07:00:00 AM,37,22,15
01/15/2015 08:00:00 AM,77,61,16
01/15/2015 09:00:00 AM,53,39,14
01/15/2015 10:00:00 AM,31,22,9
01/15/2015 11:00:00 AM,20,11,9
01/15/2015 12:00:00 PM,27,15,12
01/15/2015 01:00:00 PM,20,11,9
01/15/2015 02:00:00 PM,11,5,6
01/15/2015 03:00:00 PM,28,20,8
01/15/2015 04:00:00 PM,58,43,15
01/15/2015 05:00:00 PM,79,55,24
01/15/2015 06:00:00 PM,45,24,21
01/15/2015 07:00:00 PM,16,10,6
01/15/2015 08:00:00 PM,7,7,0
01/15/2015 09:00:00 PM,4,2,2
01/15/2015 10:00:00 PM,4,4,0
01/15/2015 11:00:00 PM,2,2,0
01/16/2015 12:00:00 AM,2,2,0
01/16/2015 01:00:00 AM,0,0,0
01/16/2015 02:00:00 AM,0,0,0
01/16/2015 03:00:00 AM,0,0,0
01/16/2015 04:00:00 AM,1,1,0
01/16/2015 05:00:00 AM,6,4,2
01/16/2015 06:00:00 AM,16,10,6
01/16/2015 07:00:00 AM,40,27,13
01/16/2015 08:00:00 AM,57,39,18
01/16/2015 09:00:00 AM,52,35,17
01/16/2015 10:00:00 AM,22,16,6
01/16/2015 11:00:00 AM,30,22,8
01/16/2015 12:00:00 PM,17,4,13
01/16/2015 01:00:00 PM,29,17,12
01/16/2015 02:00:00 PM,32,25,7
01/16/2015 03:00:00 PM,41,29,12
01/16/2015 04:00:00 PM,68,39,29
01/16/2015 05:00:00 PM,83,48,35
01/16/2015 06:00:00 PM,59,42,17
01/16/2015 07:00:00 PM,12,9,3
01/16/2015 08:00:00 PM,8,4,4
01/16/2015 09:00:00 PM,5,1,4
01/16/2015 10:00:00 PM,10,6,4
01/16/2015 11:00:00 PM,7,6,1
01/17/2015 12:00:00 AM,4,4,0
01/17/2015 01:00:00 AM,1,1,0
01/17/2015 02:00:00 AM,2,2,0
01/17/2015 03:00:00 AM,0,0,0
01/17/2015 04:00:00 AM,2,1,1
01/17/2015 05:00:00 AM,4,3,1
01/17/2015 06:00:00 AM,3,1,2
01/17/2015 07:00:00 AM,1,1,0
01/17/2015 08:00:00 AM,4,3,1
01/17/2015 09:00:00 AM,5,3,2
01/17/2015 10:00:00 AM,5,5,0
01/17/2015 11:00:00 AM,5,2,3
01/17/2015 12:00:00 PM,15,8,7
01/17/2015 01:00:00 PM,8,2,6
01/17/2015 02:00:00 PM,13,10,3
01/17/2015 03:00:00 PM,15,6,9
01/17/2015 04:00:00 PM,10,7,3
01/17/2015 05:00:00 PM,10,5,5
01/17/2015 06:00:00 PM,5,4,1
01/17/2015 07:00:00 PM,5,4,1
01/17/2015 08:00:00 PM,5,4,1
01/17/2015 09:00:00 PM,1,1,0
01/17/2015 10:00:00 PM,0,0,0
01/17/2015 11:00:00 PM,8,6,2
01/18/2015 12:00:00 AM,4,3,1
01/18/2015 01:00:00 AM,1,1,0
01/18/2015 02:00:00 AM,1,1,0
01/18/2015 03:00:00 AM,0,0,0
01/18/2015 04:00:00 AM,2,1,1
01/18/2015 05:00:00 AM,5,3,2
01/18/2015 06:00:00 AM,5,3,2
01/18/2015 07:00:00 AM,6,6,0
01/18/2015 08:00:00 AM,2,2,0
01/18/2015 09:00:00 AM,6,4,2
01/18/2015 10:00:00 AM,9,8,1
01/18/2015 11:00:00 AM,11,8,3
01/18/2015 12:00:00 PM,4,3,1
01/18/2015 01:00:00 PM,7,2,5
01/18/2015 02:00:00 PM,5,4,1
01/18/2015 03:00:00 PM,8,6,2
01/18/2015 04:00:00 PM,32,17,15
01/18/2015 05:00:00 PM,9,7,2
01/18/2015 06:00:00 PM,33,2,31
01/18/2015 07:00:00 PM,4,3,1
01/18/2015 08:00:00 PM,5,4,1
01/18/2015 09:00:00 PM,5,3,2
01/18/2015 10:00:00 PM,4,2,2
01/18/2015 11:00:00 PM,4,3,1
01/19/2015 12:00:00 AM,1,1,0
01/19/2015 01:00:00 AM,2,2,0
01/19/2015 02:00:00 AM,2,2,0
01/19/2015 03:00:00 AM,1,1,0
01/19/2015 04:00:00 AM,3,3,0
01/19/2015 05:00:00 AM,7,2,5
01/19/2015 06:00:00 AM,12,8,4
01/19/2015 07:00:00 AM,15,12,3
01/19/2015 08:00:00 AM,43,29,14
01/19/2015 09:00:00 AM,30,24,6
01/19/2015 10:00:00 AM,20,13,7
01/19/2015 11:00:00 AM,14,9,5
01/19/2015 12:00:00 PM,24,16,8
01/19/2015 01:00:00 PM,19,10,9
01/19/2015 02:00:00 PM,24,16,8
01/19/2015 03:00:00 PM,33,21,12
01/19/2015 04:00:00 PM,45,36,9
01/19/2015 05:00:00 PM,51,32,19
01/19/2015 06:00:00 PM,38,26,12
01/19/2015 07:00:00 PM,15,11,4
01/19/2015 08:00:00 PM,3,2,1
01/19/2015 09:00:00 PM,7,5,2
01/19/2015 10:00:00 PM,4,4,0
01/19/2015 11:00:00 PM,4,3,1
01/20/2015 12:00:00 AM,0,0,0
01/20/2015 01:00:00 AM,3,3,0
01/20/2015 02:00:00 AM,1,1,0
01/20/2015 03:00:00 AM,0,0,0
01/20/2015 04:00:00 AM,1,0,1
01/20/2015 05:00:00 AM,7,4,3
01/20/2015 06:00:00 AM,27,15,12
01/20/2015 07:00:00 AM,65,46,19
01/20/2015 08:00:00 AM,103,75,28
01/20/2015 09:00:00 AM,57,37,20
01/20/2015 10:00:00 AM,24,16,8
01/20/2015 11:00:00 AM,30,21,9
01/20/2015 12:00:00 PM,21,11,10
01/20/2015 01:00:00 PM,24,15,9
01/20/2015 02:00:00 PM,32,17,15
01/20/2015 03:00:00 PM,41,31,10
01/20/2015 04:00:00 PM,86,64,22
01/20/2015 05:00:00 PM,116,69,47
01/20/2015 06:00:00 PM,63,40,23
01/20/2015 07:00:00 PM,19,12,7
01/20/2015 08:00:00 PM,14,11,3
01/20/2015 09:00:00 PM,11,7,4
01/20/2015 10:00:00 PM,10,9,1
01/20/2015 11:00:00 PM,3,2,1
01/21/2015 12:00:00 AM,2,2,0
01/21/2015 01:00:00 AM,0,0,0
01/21/2015 02:00:00 AM,1,1,0
01/21/2015 03:00:00 AM,0,0,0
01/21/2015 04:00:00 AM,0,0,0
01/21/2015 05:00:00 AM,4,3,1
01/21/2015 06:00:00 AM,29,16,13
01/21/2015 07:00:00 AM,51,35,16
01/21/2015 08:00:00 AM,97,72,25
01/21/2015 09:00:00 AM,52,35,17
01/21/2015 10:00:00 AM,30,22,8
01/21/2015 11:00:00 AM,26,14,12
01/21/2015 12:00:00 PM,26,16,10
01/21/2015 01:00:00 PM,22,13,9
01/21/2015 02:00:00 PM,33,23,10
01/21/2015 03:00:00 PM,51,36,15
01/21/2015 04:00:00 PM,73,57,16
01/21/2015 05:00:00 PM,98,65,33
01/21/2015 06:00:00 PM,61,41,20
01/21/2015 07:00:00 PM,28,20,8
01/21/2015 08:00:00 PM,8,1,7
01/21/2015 09:00:00 PM,13,11,2
01/21/2015 10:00:00 PM,5,2,3
01/21/2015 11:00:00 PM,3,3,0
01/22/2015 12:00:00 AM,2,2,0
01/22/2015 01:00:00 AM,2,2,0
01/22/2015 02:00:00 AM,1,0,1
01/22/2015 03:00:00 AM,1,1,0
01/22/2015 04:00:00 AM,2,0,2
01/22/2015 05:00:00 AM,4,3,1
01/22/2015 06:00:00 AM,27,13,14
01/22/2015 07:00:00 AM,55,37,18
01/22/2015 08:00:00 AM,72,46,26
01/22/2015 09:00:00 AM,40,31,9
01/22/2015 10:00:00 AM,26,17,9
01/22/2015 11:00:00 AM,28,17,11
01/22/2015 12:00:00 PM,33,23,10
01/22/2015 01:00:00 PM,28,18,10
01/22/2015 02:00:00 PM,34,26,8
01/22/2015 03:00:00 PM,41,27,14
01/22/2015 04:00:00 PM,64,42,22
01/22/2015 05:00:00 PM,85,60,25
01/22/2015 06:00:00 PM,55,33,22
01/22/2015 07:00:00 PM,12,10,2
01/22/2015 08:00:00 PM,11,8,3
01/22/2015 09:00:00 PM,11,7,4
01/22/2015 10:00:00 PM,2,2,0
01/22/2015 11:00:00 PM,6,3,3
01/23/2015 12:00:00 AM,5,5,0
01/23/2015 01:00:00 AM,1,1,0
01/23/2015 02:00:00 AM,1,1,0
01/23/2015 03:00:00 AM,1,1,0
01/23/2015 04:00:00 AM,2,0,2
01/23/2015 05:00:00 AM,6,4,2
01/23/2015 06:00:00 AM,17,9,8
01/23/2015 07:00:00 AM,41,27,14
01/23/2015 08:00:00 AM,71,46,25
01/23/2015 09:00:00 AM,46,29,17
01/23/2015 10:00:00 AM,26,15,11
01/23/2015 11:00:00 AM,20,12,8
01/23/2015 12:00:00 PM,22,12,10
01/23/2015 01:00:00 PM,26,11,15
01/23/2015 02:00:00 PM,22,10,12
01/23/2015 03:00:00 PM,26,19,7
01/23/2015 04:00:00 PM,54,39,15
01/23/2015 05:00:00 PM,79,54,25
01/23/2015 06:00:00 PM,39,25,14
01/23/2015 07:00:00 PM,14,7,7
01/23/2015 08:00:00 PM,9,7,2
01/23/2015 09:00:00 PM,7,4,3
01/23/2015 10:00:00 PM,7,6,1
01/23/2015 11:00:00 PM,4,3,1
01/24/2015 12:00:00 AM,3,2,1
01/24/2015 01:00:00 AM,0,0,0
01/24/2015 02:00:00 AM,1,0,1
01/24/2015 03:00:00 AM,0,0,0
01/24/2015 04:00:00 AM,3,2,1
01/24/2015 05:00:00 AM,0,0,0
01/24/2015 06:00:00 AM,2,1,1
01/24/2015 07:00:00 AM,3,1,2
01/24/2015 08:00:00 AM,8,4,4
01/24/2015 09:00:00 AM,11,6,5
01/24/2015 10:00:00 AM,3,2,1
01/24/2015 11:00:00 AM,16,13,3
01/24/2015 12:00:00 PM,15,10,5
01/24/2015 01:00:00 PM,11,5,6
01/24/2015 02:00:00 PM,21,16,5
01/24/2015 03:00:00 PM,20,17,3
01/24/2015 04:00:00 PM,14,10,4
01/24/2015 05:00:00 PM,20,13,7
01/24/2015 06:00:00 PM,13,8,5
01/24/2015 07:00:00 PM,8,4,4
01/24/2015 08:00:00 PM,3,3,0
01/24/2015 09:00:00 PM,4,3,1
01/24/2015 10:00:00 PM,11,6,5
01/24/2015 11:00:00 PM,5,3,2
01/25/2015 12:00:00 AM,2,2,0
01/25/2015 01:00:00 AM,4,4,0
01/25/2015 02:00:00 AM,2,1,1
01/25/2015 03:00:00 AM,3,3,0
01/25/2015 04:00:00 AM,2,2,0
01/25/2015 05:00:00 AM,1,1,0
01/25/2015 06:00:00 AM,3,2,1
01/25/2015 07:00:00 AM,2,1,1
01/25/2015 08:00:00 AM,4,4,0
01/25/2015 09:00:00 AM,15,6,9
01/25/2015 10:00:00 AM,13,10,3
01/25/2015 11:00:00 AM,15,12,3
01/25/2015 12:00:00 PM,37,32,5
01/25/2015 01:00:00 PM,29,21,8
01/25/2015 02:00:00 PM,34,22,12
01/25/2015 03:00:00 PM,26,16,10
01/25/2015 04:00:00 PM,16,9,7
01/25/2015 05:00:00 PM,18,13,5
01/25/2015 06:00:00 PM,10,4,6
01/25/2015 07:00:00 PM,8,6,2
01/25/2015 08:00:00 PM,6,4,2
01/25/2015 09:00:00 PM,3,3,0
01/25/2015 10:00:00 PM,2,2,0
01/25/2015 11:00:00 PM,0,0,0
01/26/2015 12:00:00 AM,2,2,0
01/26/2015 01:00:00 AM,0,0,0
01/26/2015 02:00:00 AM,0,0,0
01/26/2015 03:00:00 AM,1,1,0
01/26/2015 04:00:00 AM,1,1,0
01/26/2015 05:00:00 AM,12,8,4
01/26/2015 06:00:00 AM,35,22,13
01/26/2015 07:00:00 AM,55,39,16
01/26/2015 08:00:00 AM,92,68,24
01/26/2015 09:00:00 AM,68,54,14
01/26/2015 10:00:00 AM,44,33,11
01/26/2015 11:00:00 AM,28,16,12
01/26/2015 12:00:00 PM,25,19,6
01/26/2015 01:00:00 PM,32,17,15
01/26/2015 02:00:00 PM,35,26,9
01/26/2015 03:00:00 PM,52,38,14
01/26/2015 04:00:00 PM,86,59,27
01/26/2015 05:00:00 PM,123,77,46
01/26/2015 06:00:00 PM,73,43,30
01/26/2015 07:00:00 PM,20,14,6
01/26/2015 08:00:00 PM,12,8,4
01/26/2015 09:00:00 PM,13,10,3
01/26/2015 10:00:00 PM,3,2,1
01/26/2015 11:00:00 PM,3,2,1
01/27/2015 12:00:00 AM,1,0,1
01/27/2015 01:00:00 AM,1,0,1
01/27/2015 02:00:00 AM,1,1,0
01/27/2015 03:00:00 AM,1,1,0
01/27/2015 04:00:00 AM,0,0,0
01/27/2015 05:00:00 AM,8,6,2
01/27/2015 06:00:00 AM,39,20,19
01/27/2015 07:00:00 AM,55,40,15
01/27/2015 08:00:00 AM,106,76,30
01/27/2015 09:00:00 AM,66,51,15
01/27/2015 10:00:00 AM,30,22,8
01/27/2015 11:00:00 AM,23,14,9
01/27/2015 12:00:00 PM,31,21,10
01/27/2015 01:00:00 PM,27,16,11
01/27/2015 02:00:00 PM,27,19,8
01/27/2015 03:00:00 PM,39,30,9
01/27/2015 04:00:00 PM,84,60,24
01/27/2015 05:00:00 PM,90,60,30
01/27/2015 06:00:00 PM,70,41,29
01/27/2015 07:00:00 PM,26,21,5
01/27/2015 08:00:00 PM,9,5,4
01/27/2015 09:00:00 PM,5,4,1
01/27/2015 10:00:00 PM,4,1,3
01/27/2015 11:00:00 PM,3,1,2
01/28/2015 12:00:00 AM,4,3,1
01/28/2015 01:00:00 AM,1,1,0
01/28/2015 02:00:00 AM,2,2,0
01/28/2015 03:00:00 AM,1,1,0
01/28/2015 04:00:00 AM,1,1,0
01/28/2015 05:00:00 AM,12,9,3
01/28/2015 06:00:00 AM,25,12,13
01/28/2015 07:00:00 AM,53,36,17
01/28/2015 08:00:00 AM,95,66,29
01/28/2015 09:00:00 AM,58,38,20
01/28/2015 10:00:00 AM,34,26,8
01/28/2015 11:00:00 AM,25,14,11
01/28/2015 12:00:00 PM,22,15,7
01/28/2015 01:00:00 PM,22,14,8
01/28/2015 02:00:00 PM,23,13,10
01/28/2015 03:00:00 PM,45,29,16
01/28/2015 04:00:00 PM,60,51,9
01/28/2015 05:00:00 PM,120,77,43
01/28/2015 06:00:00 PM,71,49,22
01/28/2015 07:00:00 PM,23,10,13
01/28/2015 08:00:00 PM,12,9,3
01/28/2015 09:00:00 PM,13,8,5
01/28/2015 10:00:00 PM,6,4,2
01/28/2015 11:00:00 PM,3,3,0
01/29/2015 12:00:00 AM,2,1,1
01/29/2015 01:00:00 AM,1,1,0
01/29/2015 02:00:00 AM,1,1,0
01/29/2015 03:00:00 AM,0,0,0
01/29/2015 04:00:00 AM,2,0,2
01/29/2015 05:00:00 AM,12,9,3
01/29/2015 06:00:00 AM,33,11,22
01/29/2015 07:00:00 AM,55,35,20
01/29/2015 08:00:00 AM,103,75,28
01/29/2015 09:00:00 AM,78,48,30
01/29/2015 10:00:00 AM,30,19,11
01/29/2015 11:00:00 AM,22,15,7
01/29/2015 12:00:00 PM,29,19,10
01/29/2015 01:00:00 PM,32,20,12
01/29/2015 02:00:00 PM,33,25,8
01/29/2015 03:00:00 PM,41,29,12
01/29/2015 04:00:00 PM,87,64,23
01/29/2015 05:00:00 PM,106,65,41
01/29/2015 06:00:00 PM,71,47,24
01/29/2015 07:00:00 PM,32,22,10
01/29/2015 08:00:00 PM,12,7,5
01/29/2015 09:00:00 PM,5,5,0
01/29/2015 10:00:00 PM,12,10,2
01/29/2015 11:00:00 PM,4,3,1
01/30/2015 12:00:00 AM,3,2,1
01/30/2015 01:00:00 AM,0,0,0
01/30/2015 02:00:00 AM,0,0,0
01/30/2015 03:00:00 AM,0,0,0
01/30/2015 04:00:00 AM,3,1,2
01/30/2015 05:00:00 AM,12,8,4
01/30/2015 06:00:00 AM,30,17,13
01/30/2015 07:00:00 AM,55,38,17
01/30/2015 08:00:00 AM,90,61,29
01/30/2015 09:00:00 AM,48,36,12
01/30/2015 10:00:00 AM,34,19,15
01/30/2015 11:00:00 AM,25,13,12
01/30/2015 12:00:00 PM,26,13,13
01/30/2015 01:00:00 PM,33,23,10
01/30/2015 02:00:00 PM,34,19,15
01/30/2015 03:00:00 PM,41,27,14
01/30/2015 04:00:00 PM,70,52,18
01/30/2015 05:00:00 PM,93,68,25
01/30/2015 06:00:00 PM,55,31,24
01/30/2015 07:00:00 PM,23,16,7
01/30/2015 08:00:00 PM,12,8,4
01/30/2015 09:00:00 PM,11,7,4
01/30/2015 10:00:00 PM,13,6,7
01/30/2015 11:00:00 PM,6,5,1
01/31/2015 12:00:00 AM,5,4,1
01/31/2015 01:00:00 AM,0,0,0
01/31/2015 02:00:00 AM,0,0,0
01/31/2015 03:00:00 AM,0,0,0
01/31/2015 04:00:00 AM,0,0,0
01/31/2015 05:00:00 AM,2,0,2
01/31/2015 06:00:00 AM,3,2,1
01/31/2015 07:00:00 AM,3,1,2
01/31/2015 08:00:00 AM,15,13,2
01/31/2015 09:00:00 AM,6,4,2
01/31/2015 10:00:00 AM,12,7,5
01/31/2015 11:00:00 AM,25,11,14
01/31/2015 12:00:00 PM,16,9,7
01/31/2015 01:00:00 PM,19,11,8
01/31/2015 02:00:00 PM,24,20,4
01/31/2015 03:00:00 PM,30,17,13
01/31/2015 04:00:00 PM,23,12,11
01/31/2015 05:00:00 PM,16,9,7
01/31/2015 06:00:00 PM,9,7,2
01/31/2015 07:00:00 PM,10,7,3
01/31/2015 08:00:00 PM,0,0,0
01/31/2015 09:00:00 PM,6,1,5
01/31/2015 10:00:00 PM,4,3,1
01/31/2015 11:00:00 PM,10,9,1
02/01/2015 12:00:00 AM,1,1,0
02/01/2015 01:00:00 AM,2,1,1
02/01/2015 02:00:00 AM,10,6,4
02/01/2015 03:00:00 AM,1,1,0
02/01/2015 04:00:00 AM,0,0,0
02/01/2015 05:00:00 AM,2,2,0
02/01/2015 06:00:00 AM,1,1,0
02/01/2015 07:00:00 AM,7,5,2
02/01/2015 08:00:00 AM,6,2,4
02/01/2015 09:00:00 AM,6,5,1
02/01/2015 10:00:00 AM,8,3,5
02/01/2015 11:00:00 AM,7,3,4
02/01/2015 12:00:00 PM,15,10,5
02/01/2015 01:00:00 PM,15,12,3
02/01/2015 02:00:00 PM,15,13,2
02/01/2015 03:00:00 PM,5,4,1
02/01/2015 04:00:00 PM,5,3,2
02/01/2015 05:00:00 PM,2,2,0
02/01/2015 06:00:00 PM,3,3,0
02/01/2015 07:00:00 PM,9,6,3
02/01/2015 08:00:00 PM,18,14,4
02/01/2015 09:00:00 PM,5,4,1
02/01/2015 10:00:00 PM,3,1,2
02/01/2015 11:00:00 PM,5,5,0
02/02/2015 12:00:00 AM,6,2,4
02/02/2015 01:00:00 AM,2,2,0
02/02/2015 02:00:00 AM,0,0,0
02/02/2015 03:00:00 AM,2,2,0
02/02/2015 04:00:00 AM,1,1,0
02/02/2015 05:00:00 AM,10,5,5
02/02/2015 06:00:00 AM,28,14,14
02/02/2015 07:00:00 AM,44,27,17
02/02/2015 08:00:00 AM,62,43,19
02/02/2015 09:00:00 AM,32,22,10
02/02/2015 10:00:00 AM,28,18,10
02/02/2015 11:00:00 AM,13,8,5
02/02/2015 12:00:00 PM,12,5,7
02/02/2015 01:00:00 PM,21,12,9
02/02/2015 02:00:00 PM,16,12,4
02/02/2015 03:00:00 PM,43,30,13
02/02/2015 04:00:00 PM,52,42,10
02/02/2015 05:00:00 PM,92,65,27
02/02/2015 06:00:00 PM,39,24,15
02/02/2015 07:00:00 PM,19,15,4
02/02/2015 08:00:00 PM,14,8,6
02/02/2015 09:00:00 PM,5,4,1
02/02/2015 10:00:00 PM,3,3,0
02/02/2015 11:00:00 PM,4,2,2
02/03/2015 12:00:00 AM,0,0,0
02/03/2015 01:00:00 AM,1,1,0
02/03/2015 02:00:00 AM,0,0,0
02/03/2015 03:00:00 AM,0,0,0
02/03/2015 04:00:00 AM,1,0,1
02/03/2015 05:00:00 AM,9,6,3
02/03/2015 06:00:00 AM,24,13,11
02/03/2015 07:00:00 AM,50,32,18
02/03/2015 08:00:00 AM,96,68,28
02/03/2015 09:00:00 AM,51,33,18
02/03/2015 10:00:00 AM,25,16,9
02/03/2015 11:00:00 AM,25,16,9
02/03/2015 12:00:00 PM,15,8,7
02/03/2015 01:00:00 PM,20,17,3
02/03/2015 02:00:00 PM,22,14,8
02/03/2015 03:00:00 PM,41,24,17
02/03/2015 04:00:00 PM,78,62,16
02/03/2015 05:00:00 PM,104,72,32
02/03/2015 06:00:00 PM,56,32,24
02/03/2015 07:00:00 PM,16,13,3
02/03/2015 08:00:00 PM,12,9,3
02/03/2015 09:00:00 PM,11,6,5
02/03/2015 10:00:00 PM,4,2,2
02/03/2015 11:00:00 PM,3,3,0
02/04/2015 12:00:00 AM,2,2,0
02/04/2015 01:00:00 AM,1,1,0
02/04/2015 02:00:00 AM,0,0,0
02/04/2015 03:00:00 AM,0,0,0
02/04/2015 04:00:00 AM,1,1,0
02/04/2015 05:00:00 AM,7,4,3
02/04/2015 06:00:00 AM,35,17,18
02/04/2015 07:00:00 AM,47,35,12
02/04/2015 08:00:00 AM,93,61,32
02/04/2015 09:00:00 AM,45,32,13
02/04/2015 10:00:00 AM,36,29,7
02/04/2015 11:00:00 AM,20,14,6
02/04/2015 12:00:00 PM,33,22,11
02/04/2015 01:00:00 PM,26,16,10
02/04/2015 02:00:00 PM,22,16,6
02/04/2015 03:00:00 PM,41,32,9
02/04/2015 04:00:00 PM,58,48,10
02/04/2015 05:00:00 PM,90,58,32
02/04/2015 06:00:00 PM,46,33,13
02/04/2015 07:00:00 PM,12,10,2
02/04/2015 08:00:00 PM,7,5,2
02/04/2015 09:00:00 PM,7,2,5
02/04/2015 10:00:00 PM,4,2,2
02/04/2015 11:00:00 PM,3,3,0
02/05/2015 12:00:00 AM,2,0,2
02/05/2015 01:00:00 AM,0,0,0
02/05/2015 02:00:00 AM,2,1,1
02/05/2015 03:00:00 AM,3,3,0
02/05/2015 04:00:00 AM,2,1,1
02/05/2015 05:00:00 AM,4,2,2
02/05/2015 06:00:00 AM,17,8,9
02/05/2015 07:00:00 AM,38,23,15
02/05/2015 08:00:00 AM,54,35,19
02/05/2015 09:00:00 AM,36,21,15
02/05/2015 10:00:00 AM,26,16,10
02/05/2015 11:00:00 AM,24,15,9
02/05/2015 12:00:00 PM,25,15,10
02/05/2015 01:00:00 PM,15,8,7
02/05/2015 02:00:00 PM,16,10,6
02/05/2015 03:00:00 PM,20,16,4
02/05/2015 04:00:00 PM,49,39,10
02/05/2015 05:00:00 PM,86,59,27
02/05/2015 06:00:00 PM,46,32,14
02/05/2015 07:00:00 PM,16,9,7
02/05/2015 08:00:00 PM,7,4,3
02/05/2015 09:00:00 PM,7,4,3
02/05/2015 10:00:00 PM,3,1,2
02/05/2015 11:00:00 PM,4,4,0
02/06/2015 12:00:00 AM,2,1,1
02/06/2015 01:00:00 AM,0,0,0
02/06/2015 02:00:00 AM,1,0,1
02/06/2015 03:00:00 AM,0,0,0
02/06/2015 04:00:00 AM,1,0,1
02/06/2015 05:00:00 AM,7,2,5
02/06/2015 06:00:00 AM,14,6,8
02/06/2015 07:00:00 AM,30,16,14
02/06/2015 08:00:00 AM,68,44,24
02/06/2015 09:00:00 AM,23,14,9
02/06/2015 10:00:00 AM,25,15,10
02/06/2015 11:00:00 AM,10,7,3
02/06/2015 12:00:00 PM,19,7,12
02/06/2015 01:00:00 PM,14,7,7
02/06/2015 02:00:00 PM,23,13,10
02/06/2015 03:00:00 PM,26,20,6
02/06/2015 04:00:00 PM,46,40,6
02/06/2015 05:00:00 PM,61,44,17
02/06/2015 06:00:00 PM,35,27,8
02/06/2015 07:00:00 PM,18,9,9
02/06/2015 08:00:00 PM,5,2,3
02/06/2015 09:00:00 PM,7,5,2
02/06/2015 10:00:00 PM,8,6,2
02/06/2015 11:00:00 PM,7,6,1
02/07/2015 12:00:00 AM,4,1,3
02/07/2015 01:00:00 AM,2,2,0
02/07/2015 02:00:00 AM,1,0,1
02/07/2015 03:00:00 AM,1,1,0
02/07/2015 04:00:00 AM,0,0,0
02/07/2015 05:00:00 AM,3,2,1
02/07/2015 06:00:00 AM,0,0,0
02/07/2015 07:00:00 AM,2,0,2
02/07/2015 08:00:00 AM,3,3,0
02/07/2015 09:00:00 AM,5,2,3
02/07/2015 10:00:00 AM,4,2,2
02/07/2015 11:00:00 AM,14,8,6
02/07/2015 12:00:00 PM,11,7,4
02/07/2015 01:00:00 PM,8,6,2
02/07/2015 02:00:00 PM,9,7,2
02/07/2015 03:00:00 PM,9,6,3
02/07/2015 04:00:00 PM,8,1,7
02/07/2015 05:00:00 PM,3,3,0
02/07/2015 06:00:00 PM,8,7,1
02/07/2015 07:00:00 PM,6,3,3
02/07/2015 08:00:00 PM,4,3,1
02/07/2015 09:00:00 PM,2,2,0
02/07/2015 10:00:00 PM,4,2,2
02/07/2015 11:00:00 PM,4,4,0
02/08/2015 12:00:00 AM,2,2,0
02/08/2015 01:00:00 AM,2,2,0
02/08/2015 02:00:00 AM,0,0,0
02/08/2015 03:00:00 AM,0,0,0
02/08/2015 04:00:00 AM,0,0,0
02/08/2015 05:00:00 AM,2,1,1
02/08/2015 06:00:00 AM,5,4,1
02/08/2015 07:00:00 AM,1,1,0
02/08/2015 08:00:00 AM,4,1,3
02/08/2015 09:00:00 AM,9,4,5
02/08/2015 10:00:00 AM,11,9,2
02/08/2015 11:00:00 AM,19,11,8
02/08/2015 12:00:00 PM,36,25,11
02/08/2015 01:00:00 PM,21,13,8
02/08/2015 02:00:00 PM,12,7,5
02/08/2015 03:00:00 PM,14,8,6
02/08/2015 04:00:00 PM,20,12,8
02/08/2015 05:00:00 PM,12,11,1
02/08/2015 06:00:00 PM,6,6,0
02/08/2015 07:00:00 PM,9,7,2
02/08/2015 08:00:00 PM,3,1,2
02/08/2015 09:00:00 PM,6,4,2
02/08/2015 10:00:00 PM,5,1,4
02/08/2015 11:00:00 PM,3,2,1
02/09/2015 12:00:00 AM,1,1,0
02/09/2015 01:00:00 AM,3,3,0
02/09/2015 02:00:00 AM,2,1,1
02/09/2015 03:00:00 AM,1,1,0
02/09/2015 04:00:00 AM,0,0,0
02/09/2015 05:00:00 AM,13,9,4
02/09/2015 06:00:00 AM,28,17,11
02/09/2015 07:00:00 AM,50,35,15
02/09/2015 08:00:00 AM,76,56,20
02/09/2015 09:00:00 AM,38,28,10
02/09/2015 10:00:00 AM,26,20,6
02/09/2015 11:00:00 AM,19,11,8
02/09/2015 12:00:00 PM,21,11,10
02/09/2015 01:00:00 PM,17,11,6
02/09/2015 02:00:00 PM,20,17,3
02/09/2015 03:00:00 PM,33,24,9
02/09/2015 04:00:00 PM,56,42,14
02/09/2015 05:00:00 PM,88,51,37
02/09/2015 06:00:00 PM,61,41,20
02/09/2015 07:00:00 PM,17,13,4
02/09/2015 08:00:00 PM,8,5,3
02/09/2015 09:00:00 PM,2,2,0
02/09/2015 10:00:00 PM,3,0,3
02/09/2015 11:00:00 PM,4,3,1
02/10/2015 12:00:00 AM,2,2,0
02/10/2015 01:00:00 AM,0,0,0
02/10/2015 02:00:00 AM,4,2,2
02/10/2015 03:00:00 AM,0,0,0
02/10/2015 04:00:00 AM,0,0,0
02/10/2015 05:00:00 AM,4,3,1
02/10/2015 06:00:00 AM,34,18,16
02/10/2015 07:00:00 AM,45,30,15
02/10/2015 08:00:00 AM,95,65,30
02/10/2015 09:00:00 AM,68,50,18
02/10/2015 10:00:00 AM,26,15,11
02/10/2015 11:00:00 AM,27,15,12
02/10/2015 12:00:00 PM,27,16,11
02/10/2015 01:00:00 PM,23,12,11
02/10/2015 02:00:00 PM,32,24,8
02/10/2015 03:00:00 PM,41,32,9
02/10/2015 04:00:00 PM,70,52,18
02/10/2015 05:00:00 PM,95,58,37
02/10/2015 06:00:00 PM,63,41,22
02/10/2015 07:00:00 PM,23,10,13
02/10/2015 08:00:00 PM,9,9,0
02/10/2015 09:00:00 PM,3,2,1
02/10/2015 10:00:00 PM,7,6,1
02/10/2015 11:00:00 PM,5,4,1
02/11/2015 12:00:00 AM,3,2,1
02/11/2015 01:00:00 AM,2,2,0
02/11/2015 02:00:00 AM,1,1,0
02/11/2015 03:00:00 AM,0,0,0
02/11/2015 04:00:00 AM,0,0,0
02/11/2015 05:00:00 AM,12,8,4
02/11/2015 06:00:00 AM,33,13,20
02/11/2015 07:00:00 AM,52,41,11
02/11/2015 08:00:00 AM,96,68,28
02/11/2015 09:00:00 AM,51,40,11
02/11/2015 10:00:00 AM,33,22,11
02/11/2015 11:00:00 AM,22,10,12
02/11/2015 12:00:00 PM,33,22,11
02/11/2015 01:00:00 PM,35,18,17
02/11/2015 02:00:00 PM,31,17,14
02/11/2015 03:00:00 PM,35,30,5
02/11/2015 04:00:00 PM,90,64,26
02/11/2015 05:00:00 PM,96,65,31
02/11/2015 06:00:00 PM,71,47,24
02/11/2015 07:00:00 PM,23,15,8
02/11/2015 08:00:00 PM,16,10,6
02/11/2015 09:00:00 PM,6,3,3
02/11/2015 10:00:00 PM,6,2,4
02/11/2015 11:00:00 PM,2,1,1
02/12/2015 12:00:00 AM,2,2,0
02/12/2015 01:00:00 AM,0,0,0
02/12/2015 02:00:00 AM,1,0,1
02/12/2015 03:00:00 AM,1,1,0
02/12/2015 04:00:00 AM,1,0,1
02/12/2015 05:00:00 AM,7,6,1
02/12/2015 06:00:00 AM,24,12,12
02/12/2015 07:00:00 AM,44,31,13
02/12/2015 08:00:00 AM,83,62,21
02/12/2015 09:00:00 AM,63,46,17
02/12/2015 10:00:00 AM,29,21,8
02/12/2015 11:00:00 AM,25,12,13
02/12/2015 12:00:00 PM,27,16,11
02/12/2015 01:00:00 PM,27,17,10
02/12/2015 02:00:00 PM,22,15,7
02/12/2015 03:00:00 PM,50,34,16
02/12/2015 04:00:00 PM,88,64,24
02/12/2015 05:00:00 PM,100,67,33
02/12/2015 06:00:00 PM,72,48,24
02/12/2015 07:00:00 PM,31,21,10
02/12/2015 08:00:00 PM,15,5,10
02/12/2015 09:00:00 PM,12,9,3
02/12/2015 10:00:00 PM,12,11,1
02/12/2015 11:00:00 PM,3,1,2
02/13/2015 12:00:00 AM,3,2,1
02/13/2015 01:00:00 AM,1,0,1
02/13/2015 02:00:00 AM,4,2,2
02/13/2015 03:00:00 AM,1,1,0
02/13/2015 04:00:00 AM,1,0,1
02/13/2015 05:00:00 AM,9,6,3
02/13/2015 06:00:00 AM,24,11,13
02/13/2015 07:00:00 AM,47,33,14
02/13/2015 08:00:00 AM,86,59,27
02/13/2015 09:00:00 AM,45,32,13
02/13/2015 10:00:00 AM,37,25,12
02/13/2015 11:00:00 AM,23,13,10
02/13/2015 12:00:00 PM,21,13,8
02/13/2015 01:00:00 PM,28,19,9
02/13/2015 02:00:00 PM,37,24,13
02/13/2015 03:00:00 PM,49,38,11
02/13/2015 04:00:00 PM,90,59,31
02/13/2015 05:00:00 PM,103,60,43
02/13/2015 06:00:00 PM,44,25,19
02/13/2015 07:00:00 PM,20,14,6
02/13/2015 08:00:00 PM,9,7,2
02/13/2015 09:00:00 PM,8,3,5
02/13/2015 10:00:00 PM,6,4,2
02/13/2015 11:00:00 PM,0,0,0
02/14/2015 12:00:00 AM,1,1,0
02/14/2015 01:00:00 AM,4,2,2
02/14/2015 02:00:00 AM,3,2,1
02/14/2015 03:00:00 AM,2,1,1
02/14/2015 04:00:00 AM,1,0,1
02/14/2015 05:00:00 AM,1,0,1
02/14/2015 06:00:00 AM,5,4,1
02/14/2015 07:00:00 AM,8,7,1
02/14/2015 08:00:00 AM,7,6,1
02/14/2015 09:00:00 AM,8,5,3
02/14/2015 10:00:00 AM,3,2,1
02/14/2015 11:00:00 AM,8,3,5
02/14/2015 12:00:00 PM,26,12,14
02/14/2015 01:00:00 PM,13,7,6
02/14/2015 02:00:00 PM,20,17,3
02/14/2015 03:00:00 PM,24,19,5
02/14/2015 04:00:00 PM,21,13,8
02/14/2015 05:00:00 PM,13,11,2
02/14/2015 06:00:00 PM,15,8,7
02/14/2015 07:00:00 PM,9,5,4
02/14/2015 08:00:00 PM,10,4,6
02/14/2015 09:00:00 PM,3,1,2
02/14/2015 10:00:00 PM,9,5,4
02/14/2015 11:00:00 PM,2,0,2
02/15/2015 12:00:00 AM,3,1,2
02/15/2015 01:00:00 AM,3,3,0
02/15/2015 02:00:00 AM,1,1,0
02/15/2015 03:00:00 AM,0,0,0
02/15/2015 04:00:00 AM,1,1,0
02/15/2015 05:00:00 AM,2,1,1
02/15/2015 06:00:00 AM,2,1,1
02/15/2015 07:00:00 AM,4,2,2
02/15/2015 08:00:00 AM,5,3,2
02/15/2015 09:00:00 AM,17,15,2
02/15/2015 10:00:00 AM,12,9,3
02/15/2015 11:00:00 AM,28,20,8
02/15/2015 12:00:00 PM,31,21,10
02/15/2015 01:00:00 PM,17,9,8
02/15/2015 02:00:00 PM,22,14,8
02/15/2015 03:00:00 PM,22,15,7
02/15/2015 04:00:00 PM,31,16,15
02/15/2015 05:00:00 PM,11,7,4
02/15/2015 06:00:00 PM,11,7,4
02/15/2015 07:00:00 PM,6,2,4
02/15/2015 08:00:00 PM,7,5,2
02/15/2015 09:00:00 PM,4,1,3
02/15/2015 10:00:00 PM,3,1,2
02/15/2015 11:00:00 PM,6,3,3
02/16/2015 12:00:00 AM,4,3,1
02/16/2015 01:00:00 AM,0,0,0
02/16/2015 02:00:00 AM,2,1,1
02/16/2015 03:00:00 AM,0,0,0
02/16/2015 04:00:00 AM,1,0,1
02/16/2015 05:00:00 AM,4,2,2
02/16/2015 06:00:00 AM,17,9,8
02/16/2015 07:00:00 AM,21,16,5
02/16/2015 08:00:00 AM,46,41,5
02/16/2015 09:00:00 AM,34,23,11
02/16/2015 10:00:00 AM,29,20,9
02/16/2015 11:00:00 AM,26,19,7
02/16/2015 12:00:00 PM,36,23,13
02/16/2015 01:00:00 PM,21,16,5
02/16/2015 02:00:00 PM,27,15,12
02/16/2015 03:00:00 PM,31,24,7
02/16/2015 04:00:00 PM,41,25,16
02/16/2015 05:00:00 PM,49,31,18
02/16/2015 06:00:00 PM,33,24,9
02/16/2015 07:00:00 PM,14,10,4
02/16/2015 08:00:00 PM,9,6,3
02/16/2015 09:00:00 PM,9,5,4
02/16/2015 10:00:00 PM,3,3,0
02/16/2015 11:00:00 PM,1,0,1
02/17/2015 12:00:00 AM,0,0,0
02/17/2015 01:00:00 AM,0,0,0
02/17/2015 02:00:00 AM,1,1,0
02/17/2015 03:00:00 AM,0,0,0
02/17/2015 04:00:00 AM,1,0,1
02/17/2015 05:00:00 AM,12,6,6
02/17/2015 06:00:00 AM,38,20,18
02/17/2015 07:00:00 AM,63,43,20
02/17/2015 08:00:00 AM,98,74,24
02/17/2015 09:00:00 AM,59,39,20
02/17/2015 10:00:00 AM,32,19,13
02/17/2015 11:00:00 AM,24,14,10
02/17/2015 12:00:00 PM,27,20,7
02/17/2015 01:00:00 PM,20,9,11
02/17/2015 02:00:00 PM,29,22,7
02/17/2015 03:00:00 PM,58,44,14
02/17/2015 04:00:00 PM,89,70,19
02/17/2015 05:00:00 PM,106,68,38
02/17/2015 06:00:00 PM,70,44,26
02/17/2015 07:00:00 PM,24,16,8
02/17/2015 08:00:00 PM,18,10,8
02/17/2015 09:00:00 PM,10,8,2
02/17/2015 10:00:00 PM,3,3,0
02/17/2015 11:00:00 PM,4,3,1
02/18/2015 12:00:00 AM,2,2,0
02/18/2015 01:00:00 AM,0,0,0
02/18/2015 02:00:00 AM,0,0,0
02/18/2015 03:00:00 AM,1,1,0
02/18/2015 04:00:00 AM,0,0,0
02/18/2015 05:00:00 AM,10,8,2
02/18/2015 06:00:00 AM,28,14,14
02/18/2015 07:00:00 AM,57,47,10
02/18/2015 08:00:00 AM,102,65,37
02/18/2015 09:00:00 AM,51,33,18
02/18/2015 10:00:00 AM,37,24,13
02/18/2015 11:00:00 AM,23,15,8
02/18/2015 12:00:00 PM,40,24,16
02/18/2015 01:00:00 PM,25,16,9
02/18/2015 02:00:00 PM,23,14,9
02/18/2015 03:00:00 PM,49,37,12
02/18/2015 04:00:00 PM,80,56,24
02/18/2015 05:00:00 PM,132,96,36
02/18/2015 06:00:00 PM,54,34,20
02/18/2015 07:00:00 PM,22,14,8
02/18/2015 08:00:00 PM,21,15,6
02/18/2015 09:00:00 PM,4,3,1
02/18/2015 10:00:00 PM,8,2,6
02/18/2015 11:00:00 PM,6,6,0
02/19/2015 12:00:00 AM,0,0,0
02/19/2015 01:00:00 AM,0,0,0
02/19/2015 02:00:00 AM,0,0,0
02/19/2015 03:00:00 AM,0,0,0
02/19/2015 04:00:00 AM,1,0,1
02/19/2015 05:00:00 AM,6,5,1
02/19/2015 06:00:00 AM,34,18,16
02/19/2015 07:00:00 AM,49,36,13
02/19/2015 08:00:00 AM,75,55,20
02/19/2015 09:00:00 AM,57,36,21
02/19/2015 10:00:00 AM,41,21,20
02/19/2015 11:00:00 AM,23,14,9
02/19/2015 12:00:00 PM,22,13,9
02/19/2015 01:00:00 PM,20,11,9
02/19/2015 02:00:00 PM,14,10,4
02/19/2015 03:00:00 PM,45,34,11
02/19/2015 04:00:00 PM,77,61,16
02/19/2015 05:00:00 PM,102,77,25
02/19/2015 06:00:00 PM,52,33,19
02/19/2015 07:00:00 PM,24,8,16
02/19/2015 08:00:00 PM,13,10,3
02/19/2015 09:00:00 PM,13,10,3
02/19/2015 10:00:00 PM,7,6,1
02/19/2015 11:00:00 PM,6,4,2
02/20/2015 12:00:00 AM,1,1,0
02/20/2015 01:00:00 AM,1,0,1
02/20/2015 02:00:00 AM,0,0,0
02/20/2015 03:00:00 AM,0,0,0
02/20/2015 04:00:00 AM,2,1,1
02/20/2015 05:00:00 AM,7,3,4
02/20/2015 06:00:00 AM,24,12,12
02/20/2015 07:00:00 AM,55,33,22
02/20/2015 08:00:00 AM,67,54,13
02/20/2015 09:00:00 AM,44,29,15
02/20/2015 10:00:00 AM,28,18,10
02/20/2015 11:00:00 AM,24,14,10
02/20/2015 12:00:00 PM,17,8,9
02/20/2015 01:00:00 PM,35,20,15
02/20/2015 02:00:00 PM,29,21,8
02/20/2015 03:00:00 PM,35,27,8
02/20/2015 04:00:00 PM,65,46,19
02/20/2015 05:00:00 PM,109,71,38
02/20/2015 06:00:00 PM,51,28,23
02/20/2015 07:00:00 PM,23,14,9
02/20/2015 08:00:00 PM,6,4,2
02/20/2015 09:00:00 PM,1,1,0
02/20/2015 10:00:00 PM,5,3,2
02/20/2015 11:00:00 PM,4,4,0
02/21/2015 12:00:00 AM,1,1,0
02/21/2015 01:00:00 AM,4,4,0
02/21/2015 02:00:00 AM,6,5,1
02/21/2015 03:00:00 AM,0,0,0
02/21/2015 04:00:00 AM,0,0,0
02/21/2015 05:00:00 AM,1,0,1
02/21/2015 06:00:00 AM,2,1,1
02/21/2015 07:00:00 AM,2,1,1
02/21/2015 08:00:00 AM,8,5,3
02/21/2015 09:00:00 AM,7,5,2
02/21/2015 10:00:00 AM,8,4,4
02/21/2015 11:00:00 AM,16,12,4
02/21/2015 12:00:00 PM,29,20,9
02/21/2015 01:00:00 PM,21,8,13
02/21/2015 02:00:00 PM,20,14,6
02/21/2015 03:00:00 PM,14,13,1
02/21/2015 04:00:00 PM,17,11,6
02/21/2015 05:00:00 PM,28,24,4
02/21/2015 06:00:00 PM,9,5,4
02/21/2015 07:00:00 PM,11,9,2
02/21/2015 08:00:00 PM,9,4,5
02/21/2015 09:00:00 PM,9,4,5
02/21/2015 10:00:00 PM,9,6,3
02/21/2015 11:00:00 PM,10,7,3
02/22/2015 12:00:00 AM,2,2,0
02/22/2015 01:00:00 AM,2,1,1
02/22/2015 02:00:00 AM,3,2,1
02/22/2015 03:00:00 AM,0,0,0
02/22/2015 04:00:00 AM,1,1,0
02/22/2015 05:00:00 AM,1,0,1
02/22/2015 06:00:00 AM,2,2,0
02/22/2015 07:00:00 AM,16,15,1
02/22/2015 08:00:00 AM,12,12,0
02/22/2015 09:00:00 AM,18,12,6
02/22/2015 10:00:00 AM,13,12,1
02/22/2015 11:00:00 AM,18,13,5
02/22/2015 12:00:00 PM,30,16,14
02/22/2015 01:00:00 PM,42,20,22
02/22/2015 02:00:00 PM,31,14,17
02/22/2015 03:00:00 PM,17,6,11
02/22/2015 04:00:00 PM,40,9,31
02/22/2015 05:00:00 PM,24,13,11
02/22/2015 06:00:00 PM,25,8,17
02/22/2015 07:00:00 PM,6,4,2
02/22/2015 08:00:00 PM,6,4,2
02/22/2015 09:00:00 PM,2,1,1
02/22/2015 10:00:00 PM,3,3,0
02/22/2015 11:00:00 PM,1,1,0
02/23/2015 12:00:00 AM,1,1,0
02/23/2015 01:00:00 AM,0,0,0
02/23/2015 02:00:00 AM,1,1,0
02/23/2015 03:00:00 AM,0,0,0
02/23/2015 04:00:00 AM,0,0,0
02/23/2015 05:00:00 AM,12,7,5
02/23/2015 06:00:00 AM,31,19,12
02/23/2015 07:00:00 AM,58,38,20
02/23/2015 08:00:00 AM,103,78,25
02/23/2015 09:00:00 AM,67,43,24
02/23/2015 10:00:00 AM,29,21,8
02/23/2015 11:00:00 AM,20,16,4
02/23/2015 12:00:00 PM,23,19,4
02/23/2015 01:00:00 PM,23,13,10
02/23/2015 02:00:00 PM,27,18,9
02/23/2015 03:00:00 PM,40,27,13
02/23/2015 04:00:00 PM,68,53,15
02/23/2015 05:00:00 PM,139,96,43
02/23/2015 06:00:00 PM,63,39,24
02/23/2015 07:00:00 PM,20,13,7
02/23/2015 08:00:00 PM,16,8,8
02/23/2015 09:00:00 PM,4,4,0
02/23/2015 10:00:00 PM,1,1,0
02/23/2015 11:00:00 PM,5,5,0
02/24/2015 12:00:00 AM,2,2,0
02/24/2015 01:00:00 AM,2,2,0
02/24/2015 02:00:00 AM,1,0,1
02/24/2015 03:00:00 AM,1,1,0
02/24/2015 04:00:00 AM,1,0,1
02/24/2015 05:00:00 AM,7,3,4
02/24/2015 06:00:00 AM,36,20,16
02/24/2015 07:00:00 AM,62,38,24
02/24/2015 08:00:00 AM,114,87,27
02/24/2015 09:00:00 AM,55,32,23
02/24/2015 10:00:00 AM,37,28,9
02/24/2015 11:00:00 AM,19,16,3
02/24/2015 12:00:00 PM,33,20,13
02/24/2015 01:00:00 PM,23,17,6
02/24/2015 02:00:00 PM,38,25,13
02/24/2015 03:00:00 PM,44,30,14
02/24/2015 04:00:00 PM,85,61,24
02/24/2015 05:00:00 PM,123,86,37
02/24/2015 06:00:00 PM,62,38,24
02/24/2015 07:00:00 PM,20,8,12
02/24/2015 08:00:00 PM,10,6,4
02/24/2015 09:00:00 PM,9,8,1
02/24/2015 10:00:00 PM,9,7,2
02/24/2015 11:00:00 PM,3,2,1
02/25/2015 12:00:00 AM,2,1,1
02/25/2015 01:00:00 AM,1,1,0
02/25/2015 02:00:00 AM,0,0,0
02/25/2015 03:00:00 AM,0,0,0
02/25/2015 04:00:00 AM,0,0,0
02/25/2015 05:00:00 AM,5,4,1
02/25/2015 06:00:00 AM,26,14,12
02/25/2015 07:00:00 AM,40,26,14
02/25/2015 08:00:00 AM,90,69,21
02/25/2015 09:00:00 AM,53,33,20
02/25/2015 10:00:00 AM,32,22,10
02/25/2015 11:00:00 AM,26,16,10
02/25/2015 12:00:00 PM,32,23,9
02/25/2015 01:00:00 PM,15,7,8
02/25/2015 02:00:00 PM,21,14,7
02/25/2015 03:00:00 PM,32,22,10
02/25/2015 04:00:00 PM,60,43,17
02/25/2015 05:00:00 PM,107,74,33
02/25/2015 06:00:00 PM,55,41,14
02/25/2015 07:00:00 PM,25,20,5
02/25/2015 08:00:00 PM,8,5,3
02/25/2015 09:00:00 PM,9,5,4
02/25/2015 10:00:00 PM,4,2,2
02/25/2015 11:00:00 PM,4,3,1
02/26/2015 12:00:00 AM,0,0,0
02/26/2015 01:00:00 AM,1,1,0
02/26/2015 02:00:00 AM,1,1,0
02/26/2015 03:00:00 AM,1,1,0
02/26/2015 04:00:00 AM,3,2,1
02/26/2015 05:00:00 AM,11,7,4
02/26/2015 06:00:00 AM,32,16,16
02/26/2015 07:00:00 AM,48,35,13
02/26/2015 08:00:00 AM,80,63,17
02/26/2015 09:00:00 AM,50,38,12
02/26/2015 10:00:00 AM,25,14,11
02/26/2015 11:00:00 AM,23,14,9
02/26/2015 12:00:00 PM,25,15,10
02/26/2015 01:00:00 PM,17,7,10
02/26/2015 02:00:00 PM,27,16,11
02/26/2015 03:00:00 PM,42,30,12
02/26/2015 04:00:00 PM,64,45,19
02/26/2015 05:00:00 PM,96,59,37
02/26/2015 06:00:00 PM,44,27,17
02/26/2015 07:00:00 PM,30,19,11
02/26/2015 08:00:00 PM,10,7,3
02/26/2015 09:00:00 PM,10,6,4
02/26/2015 10:00:00 PM,10,7,3
02/26/2015 11:00:00 PM,5,3,2
02/27/2015 12:00:00 AM,2,2,0
02/27/2015 01:00:00 AM,2,2,0
02/27/2015 02:00:00 AM,0,0,0
02/27/2015 03:00:00 AM,0,0,0
02/27/2015 04:00:00 AM,2,1,1
02/27/2015 05:00:00 AM,7,5,2
02/27/2015 06:00:00 AM,25,13,12
02/27/2015 07:00:00 AM,43,32,11
02/27/2015 08:00:00 AM,54,37,17
02/27/2015 09:00:00 AM,33,19,14
02/27/2015 10:00:00 AM,29,18,11
02/27/2015 11:00:00 AM,13,8,5
02/27/2015 12:00:00 PM,14,11,3
02/27/2015 01:00:00 PM,30,18,12
02/27/2015 02:00:00 PM,27,18,9
02/27/2015 03:00:00 PM,29,23,6
02/27/2015 04:00:00 PM,62,43,19
02/27/2015 05:00:00 PM,75,58,17
02/27/2015 06:00:00 PM,47,35,12
02/27/2015 07:00:00 PM,17,10,7
02/27/2015 08:00:00 PM,9,5,4
02/27/2015 09:00:00 PM,8,6,2
02/27/2015 10:00:00 PM,4,2,2
02/27/2015 11:00:00 PM,3,2,1
02/28/2015 12:00:00 AM,3,2,1
02/28/2015 01:00:00 AM,4,4,0
02/28/2015 02:00:00 AM,1,1,0
02/28/2015 03:00:00 AM,1,0,1
02/28/2015 04:00:00 AM,0,0,0
02/28/2015 05:00:00 AM,0,0,0
02/28/2015 06:00:00 AM,7,4,3
02/28/2015 07:00:00 AM,3,0,3
02/28/2015 08:00:00 AM,9,6,3
02/28/2015 09:00:00 AM,15,11,4
02/28/2015 10:00:00 AM,32,25,7
02/28/2015 11:00:00 AM,27,21,6
02/28/2015 12:00:00 PM,35,19,16
02/28/2015 01:00:00 PM,35,23,12
02/28/2015 02:00:00 PM,36,12,24
02/28/2015 03:00:00 PM,33,17,16
02/28/2015 04:00:00 PM,23,7,16
02/28/2015 05:00:00 PM,21,8,13
02/28/2015 06:00:00 PM,21,16,5
02/28/2015 07:00:00 PM,8,3,5
02/28/2015 08:00:00 PM,7,3,4
02/28/2015 09:00:00 PM,9,7,2
02/28/2015 10:00:00 PM,4,2,2
02/28/2015 11:00:00 PM,8,8,0
03/01/2015 12:00:00 AM,6,5,1
03/01/2015 01:00:00 AM,1,1,0
03/01/2015 02:00:00 AM,0,0,0
03/01/2015 03:00:00 AM,3,1,2
03/01/2015 04:00:00 AM,1,1,0
03/01/2015 05:00:00 AM,0,0,0
03/01/2015 06:00:00 AM,3,2,1
03/01/2015 07:00:00 AM,2,0,2
03/01/2015 08:00:00 AM,8,7,1
03/01/2015 09:00:00 AM,17,16,1
03/01/2015 10:00:00 AM,38,32,6
03/01/2015 11:00:00 AM,37,25,12
03/01/2015 12:00:00 PM,24,17,7
03/01/2015 01:00:00 PM,37,13,24
03/01/2015 02:00:00 PM,34,21,13
03/01/2015 03:00:00 PM,22,11,11
03/01/2015 04:00:00 PM,24,10,14
03/01/2015 05:00:00 PM,29,18,11
03/01/2015 06:00:00 PM,14,8,6
03/01/2015 07:00:00 PM,5,2,3
03/01/2015 08:00:00 PM,7,4,3
03/01/2015 09:00:00 PM,5,5,0
03/01/2015 10:00:00 PM,1,1,0
03/01/2015 11:00:00 PM,1,1,0
03/02/2015 12:00:00 AM,1,1,0
03/02/2015 01:00:00 AM,1,1,0
03/02/2015 02:00:00 AM,0,0,0
03/02/2015 03:00:00 AM,0,0,0
03/02/2015 04:00:00 AM,0,0,0
03/02/2015 05:00:00 AM,6,4,2
03/02/2015 06:00:00 AM,31,15,16
03/02/2015 07:00:00 AM,63,43,20
03/02/2015 08:00:00 AM,101,68,33
03/02/2015 09:00:00 AM,70,51,19
03/02/2015 10:00:00 AM,37,20,17
03/02/2015 11:00:00 AM,21,4,17
03/02/2015 12:00:00 PM,28,16,12
03/02/2015 01:00:00 PM,19,11,8
03/02/2015 02:00:00 PM,26,18,8
03/02/2015 03:00:00 PM,43,35,8
03/02/2015 04:00:00 PM,88,63,25
03/02/2015 05:00:00 PM,128,87,41
03/02/2015 06:00:00 PM,68,44,24
03/02/2015 07:00:00 PM,23,13,10
03/02/2015 08:00:00 PM,7,7,0
03/02/2015 09:00:00 PM,8,7,1
03/02/2015 10:00:00 PM,5,5,0
03/02/2015 11:00:00 PM,2,2,0
03/03/2015 12:00:00 AM,2,2,0
03/03/2015 01:00:00 AM,2,2,0
03/03/2015 02:00:00 AM,1,1,0
03/03/2015 03:00:00 AM,0,0,0
03/03/2015 04:00:00 AM,2,0,2
03/03/2015 05:00:00 AM,11,7,4
03/03/2015 06:00:00 AM,37,19,18
03/03/2015 07:00:00 AM,63,42,21
03/03/2015 08:00:00 AM,108,79,29
03/03/2015 09:00:00 AM,76,54,22
03/03/2015 10:00:00 AM,35,24,11
03/03/2015 11:00:00 AM,25,12,13
03/03/2015 12:00:00 PM,39,19,20
03/03/2015 01:00:00 PM,33,24,9
03/03/2015 02:00:00 PM,27,18,9
03/03/2015 03:00:00 PM,56,40,16
03/03/2015 04:00:00 PM,98,77,21
03/03/2015 05:00:00 PM,145,88,57
03/03/2015 06:00:00 PM,63,40,23
03/03/2015 07:00:00 PM,17,12,5
03/03/2015 08:00:00 PM,22,16,6
03/03/2015 09:00:00 PM,8,6,2
03/03/2015 10:00:00 PM,7,4,3
03/03/2015 11:00:00 PM,4,3,1
03/04/2015 12:00:00 AM,2,2,0
03/04/2015 01:00:00 AM,3,3,0
03/04/2015 02:00:00 AM,0,0,0
03/04/2015 03:00:00 AM,0,0,0
03/04/2015 04:00:00 AM,2,1,1
03/04/2015 05:00:00 AM,10,8,2
03/04/2015 06:00:00 AM,36,22,14
03/04/2015 07:00:00 AM,58,44,14
03/04/2015 08:00:00 AM,94,69,25
03/04/2015 09:00:00 AM,76,49,27
03/04/2015 10:00:00 AM,33,19,14
03/04/2015 11:00:00 AM,20,15,5
03/04/2015 12:00:00 PM,51,34,17
03/04/2015 01:00:00 PM,34,19,15
03/04/2015 02:00:00 PM,23,20,3
03/04/2015 03:00:00 PM,42,32,10
03/04/2015 04:00:00 PM,86,67,19
03/04/2015 05:00:00 PM,140,92,48
03/04/2015 06:00:00 PM,51,30,21
03/04/2015 07:00:00 PM,35,22,13
03/04/2015 08:00:00 PM,12,7,5
03/04/2015 09:00:00 PM,15,13,2
03/04/2015 10:00:00 PM,5,3,2
03/04/2015 11:00:00 PM,6,6,0
03/05/2015 12:00:00 AM,2,1,1
03/05/2015 01:00:00 AM,5,5,0
03/05/2015 02:00:00 AM,0,0,0
03/05/2015 03:00:00 AM,0,0,0
03/05/2015 04:00:00 AM,0,0,0
03/05/2015 05:00:00 AM,8,6,2
03/05/2015 06:00:00 AM,29,13,16
03/05/2015 07:00:00 AM,55,42,13
03/05/2015 08:00:00 AM,113,83,30
03/05/2015 09:00:00 AM,64,40,24
03/05/2015 10:00:00 AM,33,17,16
03/05/2015 11:00:00 AM,27,17,10
03/05/2015 12:00:00 PM,38,22,16
03/05/2015 01:00:00 PM,38,21,17
03/05/2015 02:00:00 PM,52,34,18
03/05/2015 03:00:00 PM,53,33,20
03/05/2015 04:00:00 PM,90,60,30
03/05/2015 05:00:00 PM,126,87,39
03/05/2015 06:00:00 PM,95,71,24
03/05/2015 07:00:00 PM,38,21,17
03/05/2015 08:00:00 PM,21,14,7
03/05/2015 09:00:00 PM,8,7,1
03/05/2015 10:00:00 PM,16,6,10
03/05/2015 11:00:00 PM,1,0,1
03/06/2015 12:00:00 AM,2,2,0
03/06/2015 01:00:00 AM,0,0,0
03/06/2015 02:00:00 AM,0,0,0
03/06/2015 03:00:00 AM,1,1,0
03/06/2015 04:00:00 AM,1,0,1
03/06/2015 05:00:00 AM,8,3,5
03/06/2015 06:00:00 AM,43,24,19
03/06/2015 07:00:00 AM,50,37,13
03/06/2015 08:00:00 AM,102,67,35
03/06/2015 09:00:00 AM,69,53,16
03/06/2015 10:00:00 AM,45,34,11
03/06/2015 11:00:00 AM,32,22,10
03/06/2015 12:00:00 PM,31,17,14
03/06/2015 01:00:00 PM,43,28,15
03/06/2015 02:00:00 PM,30,23,7
03/06/2015 03:00:00 PM,45,34,11
03/06/2015 04:00:00 PM,83,57,26
03/06/2015 05:00:00 PM,134,89,45
03/06/2015 06:00:00 PM,61,41,20
03/06/2015 07:00:00 PM,23,14,9
03/06/2015 08:00:00 PM,10,6,4
03/06/2015 09:00:00 PM,3,3,0
03/06/2015 10:00:00 PM,4,3,1
03/06/2015 11:00:00 PM,8,5,3
03/07/2015 12:00:00 AM,4,4,0
03/07/2015 01:00:00 AM,2,2,0
03/07/2015 02:00:00 AM,2,2,0
03/07/2015 03:00:00 AM,1,1,0
03/07/2015 04:00:00 AM,1,1,0
03/07/2015 05:00:00 AM,0,0,0
03/07/2015 06:00:00 AM,4,3,1
03/07/2015 07:00:00 AM,8,5,3
03/07/2015 08:00:00 AM,10,6,4
03/07/2015 09:00:00 AM,14,10,4
03/07/2015 10:00:00 AM,17,10,7
03/07/2015 11:00:00 AM,19,13,6
03/07/2015 12:00:00 PM,42,37,5
03/07/2015 01:00:00 PM,23,19,4
03/07/2015 02:00:00 PM,28,15,13
03/07/2015 03:00:00 PM,24,19,5
03/07/2015 04:00:00 PM,18,8,10
03/07/2015 05:00:00 PM,22,14,8
03/07/2015 06:00:00 PM,17,15,2
03/07/2015 07:00:00 PM,10,6,4
03/07/2015 08:00:00 PM,9,9,0
03/07/2015 09:00:00 PM,8,6,2
03/07/2015 10:00:00 PM,9,6,3
03/07/2015 11:00:00 PM,3,1,2
03/08/2015 12:00:00 AM,2,1,1
03/08/2015 01:00:00 AM,2,1,1
03/08/2015 02:00:00 AM,0,0,0
03/08/2015 03:00:00 AM,3,1,2
03/08/2015 04:00:00 AM,1,0,1
03/08/2015 05:00:00 AM,2,0,2
03/08/2015 06:00:00 AM,1,0,1
03/08/2015 07:00:00 AM,3,2,1
03/08/2015 08:00:00 AM,8,7,1
03/08/2015 09:00:00 AM,11,9,2
03/08/2015 10:00:00 AM,14,12,2
03/08/2015 11:00:00 AM,27,17,10
03/08/2015 12:00:00 PM,23,16,7
03/08/2015 01:00:00 PM,31,17,14
03/08/2015 02:00:00 PM,38,18,20
03/08/2015 03:00:00 PM,23,15,8
03/08/2015 04:00:00 PM,34,23,11
03/08/2015 05:00:00 PM,44,42,2
03/08/2015 06:00:00 PM,38,28,10
03/08/2015 07:00:00 PM,10,5,5
03/08/2015 08:00:00 PM,35,5,30
03/08/2015 09:00:00 PM,11,5,6
03/08/2015 10:00:00 PM,7,2,5
03/08/2015 11:00:00 PM,1,0,1
03/09/2015 12:00:00 AM,3,3,0
03/09/2015 01:00:00 AM,0,0,0
03/09/2015 02:00:00 AM,1,1,0
03/09/2015 03:00:00 AM,1,0,1
03/09/2015 04:00:00 AM,6,0,6
03/09/2015 05:00:00 AM,13,4,9
03/09/2015 06:00:00 AM,33,19,14
03/09/2015 07:00:00 AM,63,45,18
03/09/2015 08:00:00 AM,113,76,37
03/09/2015 09:00:00 AM,86,61,25
03/09/2015 10:00:00 AM,35,29,6
03/09/2015 11:00:00 AM,32,21,11
03/09/2015 12:00:00 PM,29,14,15
03/09/2015 01:00:00 PM,34,26,8
03/09/2015 02:00:00 PM,29,18,11
03/09/2015 03:00:00 PM,45,31,14
03/09/2015 04:00:00 PM,79,55,24
03/09/2015 05:00:00 PM,152,101,51
03/09/2015 06:00:00 PM,62,41,21
03/09/2015 07:00:00 PM,35,22,13
03/09/2015 08:00:00 PM,7,6,1
03/09/2015 09:00:00 PM,9,5,4
03/09/2015 10:00:00 PM,6,5,1
03/09/2015 11:00:00 PM,1,0,1
03/10/2015 12:00:00 AM,3,1,2
03/10/2015 01:00:00 AM,0,0,0
03/10/2015 02:00:00 AM,0,0,0
03/10/2015 03:00:00 AM,2,2,0
03/10/2015 04:00:00 AM,1,0,1
03/10/2015 05:00:00 AM,14,7,7
03/10/2015 06:00:00 AM,30,17,13
03/10/2015 07:00:00 AM,59,38,21
03/10/2015 08:00:00 AM,125,96,29
03/10/2015 09:00:00 AM,73,49,24
03/10/2015 10:00:00 AM,34,26,8
03/10/2015 11:00:00 AM,25,18,7
03/10/2015 12:00:00 PM,33,18,15
03/10/2015 01:00:00 PM,27,15,12
03/10/2015 02:00:00 PM,28,21,7
03/10/2015 03:00:00 PM,46,34,12
03/10/2015 04:00:00 PM,85,68,17
03/10/2015 05:00:00 PM,129,80,49
03/10/2015 06:00:00 PM,88,55,33
03/10/2015 07:00:00 PM,23,12,11
03/10/2015 08:00:00 PM,9,7,2
03/10/2015 09:00:00 PM,6,6,0
03/10/2015 10:00:00 PM,9,7,2
03/10/2015 11:00:00 PM,3,2,1
03/11/2015 12:00:00 AM,1,1,0
03/11/2015 01:00:00 AM,1,1,0
03/11/2015 02:00:00 AM,0,0,0
03/11/2015 03:00:00 AM,0,0,0
03/11/2015 04:00:00 AM,1,0,1
03/11/2015 05:00:00 AM,8,5,3
03/11/2015 06:00:00 AM,21,10,11
03/11/2015 07:00:00 AM,45,29,16
03/11/2015 08:00:00 AM,75,56,19
03/11/2015 09:00:00 AM,42,27,15
03/11/2015 10:00:00 AM,30,22,8
03/11/2015 11:00:00 AM,15,11,4
03/11/2015 12:00:00 PM,19,10,9
03/11/2015 01:00:00 PM,14,11,3
03/11/2015 02:00:00 PM,30,20,10
03/11/2015 03:00:00 PM,40,28,12
03/11/2015 04:00:00 PM,69,51,18
03/11/2015 05:00:00 PM,86,54,32
03/11/2015 06:00:00 PM,53,33,20
03/11/2015 07:00:00 PM,22,20,2
03/11/2015 08:00:00 PM,10,8,2
03/11/2015 09:00:00 PM,8,7,1
03/11/2015 10:00:00 PM,5,2,3
03/11/2015 11:00:00 PM,0,0,0
03/12/2015 12:00:00 AM,0,0,0
03/12/2015 01:00:00 AM,0,0,0
03/12/2015 02:00:00 AM,0,0,0
03/12/2015 03:00:00 AM,1,1,0
03/12/2015 04:00:00 AM,0,0,0
03/12/2015 05:00:00 AM,12,7,5
03/12/2015 06:00:00 AM,32,17,15
03/12/2015 07:00:00 AM,45,31,14
03/12/2015 08:00:00 AM,88,67,21
03/12/2015 09:00:00 AM,66,47,19
03/12/2015 10:00:00 AM,35,28,7
03/12/2015 11:00:00 AM,25,16,9
03/12/2015 12:00:00 PM,42,24,18
03/12/2015 01:00:00 PM,37,22,15
03/12/2015 02:00:00 PM,41,24,17
03/12/2015 03:00:00 PM,58,38,20
03/12/2015 04:00:00 PM,81,60,21
03/12/2015 05:00:00 PM,115,63,52
03/12/2015 06:00:00 PM,92,55,37
03/12/2015 07:00:00 PM,42,32,10
03/12/2015 08:00:00 PM,15,13,2
03/12/2015 09:00:00 PM,20,9,11
03/12/2015 10:00:00 PM,4,2,2
03/12/2015 11:00:00 PM,3,3,0
03/13/2015 12:00:00 AM,2,1,1
03/13/2015 01:00:00 AM,1,0,1
03/13/2015 02:00:00 AM,2,2,0
03/13/2015 03:00:00 AM,1,0,1
03/13/2015 04:00:00 AM,0,0,0
03/13/2015 05:00:00 AM,11,5,6
03/13/2015 06:00:00 AM,31,16,15
03/13/2015 07:00:00 AM,63,45,18
03/13/2015 08:00:00 AM,103,73,30
03/13/2015 09:00:00 AM,61,42,19
03/13/2015 10:00:00 AM,41,29,12
03/13/2015 11:00:00 AM,30,19,11
03/13/2015 12:00:00 PM,32,17,15
03/13/2015 01:00:00 PM,36,18,18
03/13/2015 02:00:00 PM,41,27,14
03/13/2015 03:00:00 PM,54,38,16
03/13/2015 04:00:00 PM,97,70,27
03/13/2015 05:00:00 PM,110,84,26
03/13/2015 06:00:00 PM,66,40,26
03/13/2015 07:00:00 PM,22,12,10
03/13/2015 08:00:00 PM,14,10,4
03/13/2015 09:00:00 PM,10,4,6
03/13/2015 10:00:00 PM,7,6,1
03/13/2015 11:00:00 PM,2,1,1
03/14/2015 12:00:00 AM,6,4,2
03/14/2015 01:00:00 AM,0,0,0
03/14/2015 02:00:00 AM,0,0,0
03/14/2015 03:00:00 AM,3,1,2
03/14/2015 04:00:00 AM,0,0,0
03/14/2015 05:00:00 AM,0,0,0
03/14/2015 06:00:00 AM,2,2,0
03/14/2015 07:00:00 AM,10,7,3
03/14/2015 08:00:00 AM,2,2,0
03/14/2015 09:00:00 AM,4,4,0
03/14/2015 10:00:00 AM,4,4,0
03/14/2015 11:00:00 AM,5,2,3
03/14/2015 12:00:00 PM,10,5,5
03/14/2015 01:00:00 PM,13,7,6
03/14/2015 02:00:00 PM,12,10,2
03/14/2015 03:00:00 PM,23,15,8
03/14/2015 04:00:00 PM,24,19,5
03/14/2015 05:00:00 PM,25,22,3
03/14/2015 06:00:00 PM,24,24,0
03/14/2015 07:00:00 PM,5,3,2
03/14/2015 08:00:00 PM,6,2,4
03/14/2015 09:00:00 PM,23,3,20
03/14/2015 10:00:00 PM,6,5,1
03/14/2015 11:00:00 PM,4,4,0
03/15/2015 12:00:00 AM,5,5,0
03/15/2015 01:00:00 AM,1,1,0
03/15/2015 02:00:00 AM,0,0,0
03/15/2015 03:00:00 AM,0,0,0
03/15/2015 04:00:00 AM,1,1,0
03/15/2015 05:00:00 AM,1,0,1
03/15/2015 06:00:00 AM,1,0,1
03/15/2015 07:00:00 AM,5,2,3
03/15/2015 08:00:00 AM,0,0,0
03/15/2015 09:00:00 AM,4,4,0
03/15/2015 10:00:00 AM,1,1,0
03/15/2015 11:00:00 AM,1,1,0
03/15/2015 12:00:00 PM,5,2,3
03/15/2015 01:00:00 PM,1,0,1
03/15/2015 02:00:00 PM,3,3,0
03/15/2015 03:00:00 PM,3,3,0
03/15/2015 04:00:00 PM,5,3,2
03/15/2015 05:00:00 PM,4,3,1
03/15/2015 06:00:00 PM,5,4,1
03/15/2015 07:00:00 PM,1,1,0
03/15/2015 08:00:00 PM,1,0,1
03/15/2015 09:00:00 PM,1,1,0
03/15/2015 10:00:00 PM,4,4,0
03/15/2015 11:00:00 PM,2,1,1
03/16/2015 12:00:00 AM,0,0,0
03/16/2015 01:00:00 AM,0,0,0
03/16/2015 02:00:00 AM,0,0,0
03/16/2015 03:00:00 AM,0,0,0
03/16/2015 04:00:00 AM,2,0,2
03/16/2015 05:00:00 AM,7,3,4
03/16/2015 06:00:00 AM,22,13,9
03/16/2015 07:00:00 AM,49,36,13
03/16/2015 08:00:00 AM,100,70,30
03/16/2015 09:00:00 AM,69,44,25
03/16/2015 10:00:00 AM,29,17,12
03/16/2015 11:00:00 AM,31,17,14
03/16/2015 12:00:00 PM,25,11,14
03/16/2015 01:00:00 PM,22,14,8
03/16/2015 02:00:00 PM,25,16,9
03/16/2015 03:00:00 PM,38,32,6
03/16/2015 04:00:00 PM,71,50,21
03/16/2015 05:00:00 PM,113,72,41
03/16/2015 06:00:00 PM,64,46,18
03/16/2015 07:00:00 PM,33,24,9
03/16/2015 08:00:00 PM,14,9,5
03/16/2015 09:00:00 PM,7,5,2
03/16/2015 10:00:00 PM,5,5,0
03/16/2015 11:00:00 PM,2,1,1
03/17/2015 12:00:00 AM,2,0,2
03/17/2015 01:00:00 AM,1,0,1
03/17/2015 02:00:00 AM,1,1,0
03/17/2015 03:00:00 AM,0,0,0
03/17/2015 04:00:00 AM,0,0,0
03/17/2015 05:00:00 AM,9,6,3
03/17/2015 06:00:00 AM,32,18,14
03/17/2015 07:00:00 AM,45,26,19
03/17/2015 08:00:00 AM,114,78,36
03/17/2015 09:00:00 AM,64,43,21
03/17/2015 10:00:00 AM,22,11,11
03/17/2015 11:00:00 AM,17,8,9
03/17/2015 12:00:00 PM,25,17,8
03/17/2015 01:00:00 PM,31,16,15
03/17/2015 02:00:00 PM,23,16,7
03/17/2015 03:00:00 PM,37,29,8
03/17/2015 04:00:00 PM,72,54,18
03/17/2015 05:00:00 PM,116,75,41
03/17/2015 06:00:00 PM,66,41,25
03/17/2015 07:00:00 PM,21,16,5
03/17/2015 08:00:00 PM,9,6,3
03/17/2015 09:00:00 PM,13,8,5
03/17/2015 10:00:00 PM,6,4,2
03/17/2015 11:00:00 PM,4,3,1
03/18/2015 12:00:00 AM,1,1,0
03/18/2015 01:00:00 AM,0,0,0
03/18/2015 02:00:00 AM,1,1,0
03/18/2015 03:00:00 AM,0,0,0
03/18/2015 04:00:00 AM,1,1,0
03/18/2015 05:00:00 AM,8,6,2
03/18/2015 06:00:00 AM,34,18,16
03/18/2015 07:00:00 AM,47,39,8
03/18/2015 08:00:00 AM,114,78,36
03/18/2015 09:00:00 AM,57,37,20
03/18/2015 10:00:00 AM,33,23,10
03/18/2015 11:00:00 AM,34,23,11
03/18/2015 12:00:00 PM,26,17,9
03/18/2015 01:00:00 PM,32,19,13
03/18/2015 02:00:00 PM,30,18,12
03/18/2015 03:00:00 PM,33,22,11
03/18/2015 04:00:00 PM,100,67,33
03/18/2015 05:00:00 PM,119,83,36
03/18/2015 06:00:00 PM,76,55,21
03/18/2015 07:00:00 PM,30,19,11
03/18/2015 08:00:00 PM,18,12,6
03/18/2015 09:00:00 PM,11,8,3
03/18/2015 10:00:00 PM,9,5,4
03/18/2015 11:00:00 PM,5,4,1
03/19/2015 12:00:00 AM,0,0,0
03/19/2015 01:00:00 AM,0,0,0
03/19/2015 02:00:00 AM,1,1,0
03/19/2015 03:00:00 AM,0,0,0
03/19/2015 04:00:00 AM,2,1,1
03/19/2015 05:00:00 AM,9,7,2
03/19/2015 06:00:00 AM,26,15,11
03/19/2015 07:00:00 AM,56,36,20
03/19/2015 08:00:00 AM,117,77,40
03/19/2015 09:00:00 AM,76,52,24
03/19/2015 10:00:00 AM,37,23,14
03/19/2015 11:00:00 AM,26,16,10
03/19/2015 12:00:00 PM,33,21,12
03/19/2015 01:00:00 PM,39,16,23
03/19/2015 02:00:00 PM,33,17,16
03/19/2015 03:00:00 PM,36,22,14
03/19/2015 04:00:00 PM,83,65,18
03/19/2015 05:00:00 PM,129,86,43
03/19/2015 06:00:00 PM,96,65,31
03/19/2015 07:00:00 PM,24,17,7
03/19/2015 08:00:00 PM,19,14,5
03/19/2015 09:00:00 PM,13,11,2
03/19/2015 10:00:00 PM,8,6,2
03/19/2015 11:00:00 PM,5,4,1
03/20/2015 12:00:00 AM,4,4,0
03/20/2015 01:00:00 AM,0,0,0
03/20/2015 02:00:00 AM,0,0,0
03/20/2015 03:00:00 AM,0,0,0
03/20/2015 04:00:00 AM,0,0,0
03/20/2015 05:00:00 AM,5,2,3
03/20/2015 06:00:00 AM,32,20,12
03/20/2015 07:00:00 AM,37,23,14
03/20/2015 08:00:00 AM,72,57,15
03/20/2015 09:00:00 AM,48,29,19
03/20/2015 10:00:00 AM,26,20,6
03/20/2015 11:00:00 AM,33,18,15
03/20/2015 12:00:00 PM,36,18,18
03/20/2015 01:00:00 PM,31,20,11
03/20/2015 02:00:00 PM,20,12,8
03/20/2015 03:00:00 PM,39,31,8
03/20/2015 04:00:00 PM,64,40,24
03/20/2015 05:00:00 PM,77,50,27
03/20/2015 06:00:00 PM,50,36,14
03/20/2015 07:00:00 PM,14,8,6
03/20/2015 08:00:00 PM,8,3,5
03/20/2015 09:00:00 PM,10,7,3
03/20/2015 10:00:00 PM,10,6,4
03/20/2015 11:00:00 PM,7,2,5
03/21/2015 12:00:00 AM,4,4,0
03/21/2015 01:00:00 AM,7,6,1
03/21/2015 02:00:00 AM,3,3,0
03/21/2015 03:00:00 AM,3,2,1
03/21/2015 04:00:00 AM,1,1,0
03/21/2015 05:00:00 AM,3,2,1
03/21/2015 06:00:00 AM,4,4,0
03/21/2015 07:00:00 AM,9,7,2
03/21/2015 08:00:00 AM,7,3,4
03/21/2015 09:00:00 AM,8,8,0
03/21/2015 10:00:00 AM,9,6,3
03/21/2015 11:00:00 AM,12,8,4
03/21/2015 12:00:00 PM,5,3,2
03/21/2015 01:00:00 PM,13,9,4
03/21/2015 02:00:00 PM,25,15,10
03/21/2015 03:00:00 PM,20,13,7
03/21/2015 04:00:00 PM,9,8,1
03/21/2015 05:00:00 PM,16,8,8
03/21/2015 06:00:00 PM,18,14,4
03/21/2015 07:00:00 PM,14,9,5
03/21/2015 08:00:00 PM,7,4,3
03/21/2015 09:00:00 PM,6,6,0
03/21/2015 10:00:00 PM,2,2,0
03/21/2015 11:00:00 PM,3,2,1
03/22/2015 12:00:00 AM,8,7,1
03/22/2015 01:00:00 AM,7,6,1
03/22/2015 02:00:00 AM,1,1,0
03/22/2015 03:00:00 AM,1,1,0
03/22/2015 04:00:00 AM,0,0,0
03/22/2015 05:00:00 AM,2,0,2
03/22/2015 06:00:00 AM,2,1,1
03/22/2015 07:00:00 AM,4,4,0
03/22/2015 08:00:00 AM,4,2,2
03/22/2015 09:00:00 AM,6,4,2
03/22/2015 10:00:00 AM,9,6,3
03/22/2015 11:00:00 AM,15,8,7
03/22/2015 12:00:00 PM,22,8,14
03/22/2015 01:00:00 PM,7,4,3
03/22/2015 02:00:00 PM,13,8,5
03/22/2015 03:00:00 PM,9,8,1
03/22/2015 04:00:00 PM,8,5,3
03/22/2015 05:00:00 PM,8,5,3
03/22/2015 06:00:00 PM,13,9,4
03/22/2015 07:00:00 PM,12,7,5
03/22/2015 08:00:00 PM,10,3,7
03/22/2015 09:00:00 PM,7,4,3
03/22/2015 10:00:00 PM,4,3,1
03/22/2015 11:00:00 PM,4,3,1
03/23/2015 12:00:00 AM,0,0,0
03/23/2015 01:00:00 AM,0,0,0
03/23/2015 02:00:00 AM,1,1,0
03/23/2015 03:00:00 AM,0,0,0
03/23/2015 04:00:00 AM,0,0,0
03/23/2015 05:00:00 AM,8,3,5
03/23/2015 06:00:00 AM,29,14,15
03/23/2015 07:00:00 AM,39,23,16
03/23/2015 08:00:00 AM,90,68,22
03/23/2015 09:00:00 AM,66,44,22
03/23/2015 10:00:00 AM,31,22,9
03/23/2015 11:00:00 AM,27,17,10
03/23/2015 12:00:00 PM,15,8,7
03/23/2015 01:00:00 PM,10,5,5
03/23/2015 02:00:00 PM,20,15,5
03/23/2015 03:00:00 PM,19,14,5
03/23/2015 04:00:00 PM,70,51,19
03/23/2015 05:00:00 PM,102,76,26
03/23/2015 06:00:00 PM,67,40,27
03/23/2015 07:00:00 PM,23,14,9
03/23/2015 08:00:00 PM,10,5,5
03/23/2015 09:00:00 PM,6,6,0
03/23/2015 10:00:00 PM,5,3,2
03/23/2015 11:00:00 PM,1,1,0
03/24/2015 12:00:00 AM,1,1,0
03/24/2015 01:00:00 AM,0,0,0
03/24/2015 02:00:00 AM,0,0,0
03/24/2015 03:00:00 AM,1,1,0
03/24/2015 04:00:00 AM,1,0,1
03/24/2015 05:00:00 AM,4,2,2
03/24/2015 06:00:00 AM,25,14,11
03/24/2015 07:00:00 AM,45,29,16
03/24/2015 08:00:00 AM,70,53,17
03/24/2015 09:00:00 AM,62,40,22
03/24/2015 10:00:00 AM,30,21,9
03/24/2015 11:00:00 AM,20,10,10
03/24/2015 12:00:00 PM,20,8,12
03/24/2015 01:00:00 PM,27,15,12
03/24/2015 02:00:00 PM,32,23,9
03/24/2015 03:00:00 PM,37,24,13
03/24/2015 04:00:00 PM,73,64,9
03/24/2015 05:00:00 PM,117,83,34
03/24/2015 06:00:00 PM,91,70,21
03/24/2015 07:00:00 PM,39,32,7
03/24/2015 08:00:00 PM,15,12,3
03/24/2015 09:00:00 PM,23,13,10
03/24/2015 10:00:00 PM,10,6,4
03/24/2015 11:00:00 PM,6,3,3
03/25/2015 12:00:00 AM,2,1,1
03/25/2015 01:00:00 AM,0,0,0
03/25/2015 02:00:00 AM,0,0,0
03/25/2015 03:00:00 AM,0,0,0
03/25/2015 04:00:00 AM,0,0,0
03/25/2015 05:00:00 AM,5,2,3
03/25/2015 06:00:00 AM,25,14,11
03/25/2015 07:00:00 AM,36,24,12
03/25/2015 08:00:00 AM,88,60,28
03/25/2015 09:00:00 AM,45,30,15
03/25/2015 10:00:00 AM,34,21,13
03/25/2015 11:00:00 AM,28,13,15
03/25/2015 12:00:00 PM,15,9,6
03/25/2015 01:00:00 PM,21,12,9
03/25/2015 02:00:00 PM,25,16,9
03/25/2015 03:00:00 PM,25,20,5
03/25/2015 04:00:00 PM,64,50,14
03/25/2015 05:00:00 PM,94,65,29
03/25/2015 06:00:00 PM,56,37,19
03/25/2015 07:00:00 PM,18,13,5
03/25/2015 08:00:00 PM,11,8,3
03/25/2015 09:00:00 PM,11,10,1
03/25/2015 10:00:00 PM,12,10,2
03/25/2015 11:00:00 PM,1,1,0
03/26/2015 12:00:00 AM,2,2,0
03/26/2015 01:00:00 AM,1,1,0
03/26/2015 02:00:00 AM,0,0,0
03/26/2015 03:00:00 AM,0,0,0
03/26/2015 04:00:00 AM,0,0,0
03/26/2015 05:00:00 AM,8,3,5
03/26/2015 06:00:00 AM,32,18,14
03/26/2015 07:00:00 AM,67,42,25
03/26/2015 08:00:00 AM,134,93,41
03/26/2015 09:00:00 AM,64,46,18
03/26/2015 10:00:00 AM,27,18,9
03/26/2015 11:00:00 AM,38,26,12
03/26/2015 12:00:00 PM,45,26,19
03/26/2015 01:00:00 PM,48,28,20
03/26/2015 02:00:00 PM,40,21,19
03/26/2015 03:00:00 PM,61,45,16
03/26/2015 04:00:00 PM,97,76,21
03/26/2015 05:00:00 PM,150,103,47
03/26/2015 06:00:00 PM,73,43,30
03/26/2015 07:00:00 PM,43,33,10
03/26/2015 08:00:00 PM,30,24,6
03/26/2015 09:00:00 PM,16,12,4
03/26/2015 10:00:00 PM,9,6,3
03/26/2015 11:00:00 PM,5,0,5
03/27/2015 12:00:00 AM,8,6,2
03/27/2015 01:00:00 AM,4,2,2
03/27/2015 02:00:00 AM,0,0,0
03/27/2015 03:00:00 AM,1,1,0
03/27/2015 04:00:00 AM,0,0,0
03/27/2015 05:00:00 AM,5,3,2
03/27/2015 06:00:00 AM,34,16,18
03/27/2015 07:00:00 AM,57,41,16
03/27/2015 08:00:00 AM,107,73,34
03/27/2015 09:00:00 AM,71,45,26
03/27/2015 10:00:00 AM,40,30,10
03/27/2015 11:00:00 AM,33,23,10
03/27/2015 12:00:00 PM,45,29,16
03/27/2015 01:00:00 PM,38,25,13
03/27/2015 02:00:00 PM,46,33,13
03/27/2015 03:00:00 PM,66,53,13
03/27/2015 04:00:00 PM,119,82,37
03/27/2015 05:00:00 PM,112,74,38
03/27/2015 06:00:00 PM,71,49,22
03/27/2015 07:00:00 PM,24,16,8
03/27/2015 08:00:00 PM,19,12,7
03/27/2015 09:00:00 PM,8,6,2
03/27/2015 10:00:00 PM,11,7,4
03/27/2015 11:00:00 PM,4,3,1
03/28/2015 12:00:00 AM,3,2,1
03/28/2015 01:00:00 AM,2,2,0
03/28/2015 02:00:00 AM,0,0,0
03/28/2015 03:00:00 AM,0,0,0
03/28/2015 04:00:00 AM,0,0,0
03/28/2015 05:00:00 AM,3,2,1
03/28/2015 06:00:00 AM,1,0,1
03/28/2015 07:00:00 AM,7,5,2
03/28/2015 08:00:00 AM,13,8,5
03/28/2015 09:00:00 AM,13,8,5
03/28/2015 10:00:00 AM,16,13,3
03/28/2015 11:00:00 AM,24,18,6
03/28/2015 12:00:00 PM,20,11,9
03/28/2015 01:00:00 PM,34,17,17
03/28/2015 02:00:00 PM,29,8,21
03/28/2015 03:00:00 PM,27,15,12
03/28/2015 04:00:00 PM,18,12,6
03/28/2015 05:00:00 PM,35,31,4
03/28/2015 06:00:00 PM,23,17,6
03/28/2015 07:00:00 PM,9,6,3
03/28/2015 08:00:00 PM,3,1,2
03/28/2015 09:00:00 PM,8,4,4
03/28/2015 10:00:00 PM,5,2,3
03/28/2015 11:00:00 PM,7,5,2
03/29/2015 12:00:00 AM,3,3,0
03/29/2015 01:00:00 AM,7,6,1
03/29/2015 02:00:00 AM,0,0,0
03/29/2015 03:00:00 AM,2,1,1
03/29/2015 04:00:00 AM,0,0,0
03/29/2015 05:00:00 AM,2,0,2
03/29/2015 06:00:00 AM,3,2,1
03/29/2015 07:00:00 AM,2,1,1
03/29/2015 08:00:00 AM,8,7,1
03/29/2015 09:00:00 AM,9,8,1
03/29/2015 10:00:00 AM,9,4,5
03/29/2015 11:00:00 AM,11,9,2
03/29/2015 12:00:00 PM,16,8,8
03/29/2015 01:00:00 PM,10,7,3
03/29/2015 02:00:00 PM,18,15,3
03/29/2015 03:00:00 PM,16,9,7
03/29/2015 04:00:00 PM,11,7,4
03/29/2015 05:00:00 PM,15,11,4
03/29/2015 06:00:00 PM,12,5,7
03/29/2015 07:00:00 PM,8,4,4
03/29/2015 08:00:00 PM,1,0,1
03/29/2015 09:00:00 PM,5,4,1
03/29/2015 10:00:00 PM,3,1,2
03/29/2015 11:00:00 PM,3,3,0
03/30/2015 12:00:00 AM,3,3,0
03/30/2015 01:00:00 AM,1,1,0
03/30/2015 02:00:00 AM,0,0,0
03/30/2015 03:00:00 AM,1,1,0
03/30/2015 04:00:00 AM,0,0,0
03/30/2015 05:00:00 AM,11,6,5
03/30/2015 06:00:00 AM,27,13,14
03/30/2015 07:00:00 AM,79,51,28
03/30/2015 08:00:00 AM,117,79,38
03/30/2015 09:00:00 AM,76,54,22
03/30/2015 10:00:00 AM,34,25,9
03/30/2015 11:00:00 AM,18,11,7
03/30/2015 12:00:00 PM,34,24,10
03/30/2015 01:00:00 PM,31,21,10
03/30/2015 02:00:00 PM,30,26,4
03/30/2015 03:00:00 PM,50,36,14
03/30/2015 04:00:00 PM,104,82,22
03/30/2015 05:00:00 PM,157,108,49
03/30/2015 06:00:00 PM,83,53,30
03/30/2015 07:00:00 PM,26,14,12
03/30/2015 08:00:00 PM,13,5,8
03/30/2015 09:00:00 PM,11,8,3
03/30/2015 10:00:00 PM,5,4,1
03/30/2015 11:00:00 PM,0,0,0
03/31/2015 12:00:00 AM,0,0,0
03/31/2015 01:00:00 AM,0,0,0
03/31/2015 02:00:00 AM,0,0,0
03/31/2015 03:00:00 AM,2,2,0
03/31/2015 04:00:00 AM,0,0,0
03/31/2015 05:00:00 AM,8,3,5
03/31/2015 06:00:00 AM,37,20,17
03/31/2015 07:00:00 AM,45,26,19
03/31/2015 08:00:00 AM,99,76,23
03/31/2015 09:00:00 AM,42,26,16
03/31/2015 10:00:00 AM,20,16,4
03/31/2015 11:00:00 AM,15,7,8
03/31/2015 12:00:00 PM,19,10,9
03/31/2015 01:00:00 PM,20,14,6
03/31/2015 02:00:00 PM,26,22,4
03/31/2015 03:00:00 PM,38,28,10
03/31/2015 04:00:00 PM,69,55,14
03/31/2015 05:00:00 PM,86,58,28
03/31/2015 06:00:00 PM,69,40,29
03/31/2015 07:00:00 PM,12,7,5
03/31/2015 08:00:00 PM,9,5,4
03/31/2015 09:00:00 PM,8,6,2
03/31/2015 10:00:00 PM,6,2,4
03/31/2015 11:00:00 PM,1,1,0
04/01/2015 12:00:00 AM,0,0,0
04/01/2015 01:00:00 AM,0,0,0
04/01/2015 02:00:00 AM,1,1,0
04/01/2015 03:00:00 AM,0,0,0
04/01/2015 04:00:00 AM,0,0,0
04/01/2015 05:00:00 AM,6,4,2
04/01/2015 06:00:00 AM,26,13,13
04/01/2015 07:00:00 AM,46,34,12
04/01/2015 08:00:00 AM,94,69,25
04/01/2015 09:00:00 AM,63,42,21
04/01/2015 10:00:00 AM,28,18,10
04/01/2015 11:00:00 AM,31,19,12
04/01/2015 12:00:00 PM,45,26,19
04/01/2015 01:00:00 PM,28,17,11
04/01/2015 02:00:00 PM,24,15,9
04/01/2015 03:00:00 PM,55,43,12
04/01/2015 04:00:00 PM,90,61,29
04/01/2015 05:00:00 PM,110,75,35
04/01/2015 06:00:00 PM,62,46,16
04/01/2015 07:00:00 PM,28,24,4
04/01/2015 08:00:00 PM,3,2,1
04/01/2015 09:00:00 PM,8,4,4
04/01/2015 10:00:00 PM,8,5,3
04/01/2015 11:00:00 PM,2,2,0
04/02/2015 12:00:00 AM,1,1,0
04/02/2015 01:00:00 AM,4,4,0
04/02/2015 02:00:00 AM,0,0,0
04/02/2015 03:00:00 AM,0,0,0
04/02/2015 04:00:00 AM,0,0,0
04/02/2015 05:00:00 AM,10,8,2
04/02/2015 06:00:00 AM,32,16,16
04/02/2015 07:00:00 AM,54,37,17
04/02/2015 08:00:00 AM,81,59,22
04/02/2015 09:00:00 AM,53,40,13
04/02/2015 10:00:00 AM,24,15,9
04/02/2015 11:00:00 AM,33,21,12
04/02/2015 12:00:00 PM,31,16,15
04/02/2015 01:00:00 PM,33,21,12
04/02/2015 02:00:00 PM,30,19,11
04/02/2015 03:00:00 PM,51,37,14
04/02/2015 04:00:00 PM,82,64,18
04/02/2015 05:00:00 PM,157,116,41
04/02/2015 06:00:00 PM,148,112,36
04/02/2015 07:00:00 PM,37,15,22
04/02/2015 08:00:00 PM,29,12,17
04/02/2015 09:00:00 PM,18,9,9
04/02/2015 10:00:00 PM,9,7,2
04/02/2015 11:00:00 PM,6,5,1
04/03/2015 12:00:00 AM,2,2,0
04/03/2015 01:00:00 AM,2,2,0
04/03/2015 02:00:00 AM,1,1,0
04/03/2015 03:00:00 AM,0,0,0
04/03/2015 04:00:00 AM,1,1,0
04/03/2015 05:00:00 AM,9,7,2
04/03/2015 06:00:00 AM,26,14,12
04/03/2015 07:00:00 AM,52,33,19
04/03/2015 08:00:00 AM,95,67,28
04/03/2015 09:00:00 AM,64,38,26
04/03/2015 10:00:00 AM,37,27,10
04/03/2015 11:00:00 AM,38,29,9
04/03/2015 12:00:00 PM,18,7,11
04/03/2015 01:00:00 PM,19,12,7
04/03/2015 02:00:00 PM,27,17,10
04/03/2015 03:00:00 PM,48,33,15
04/03/2015 04:00:00 PM,87,64,23
04/03/2015 05:00:00 PM,92,61,31
04/03/2015 06:00:00 PM,55,42,13
04/03/2015 07:00:00 PM,21,16,5
04/03/2015 08:00:00 PM,9,6,3
04/03/2015 09:00:00 PM,8,6,2
04/03/2015 10:00:00 PM,5,4,1
04/03/2015 11:00:00 PM,7,6,1
04/04/2015 12:00:00 AM,1,0,1
04/04/2015 01:00:00 AM,4,4,0
04/04/2015 02:00:00 AM,1,0,1
04/04/2015 03:00:00 AM,1,1,0
04/04/2015 04:00:00 AM,0,0,0
04/04/2015 05:00:00 AM,4,2,2
04/04/2015 06:00:00 AM,5,3,2
04/04/2015 07:00:00 AM,14,12,2
04/04/2015 08:00:00 AM,12,9,3
04/04/2015 09:00:00 AM,9,3,6
04/04/2015 10:00:00 AM,16,14,2
04/04/2015 11:00:00 AM,21,18,3
04/04/2015 12:00:00 PM,21,11,10
04/04/2015 01:00:00 PM,28,17,11
04/04/2015 02:00:00 PM,23,14,9
04/04/2015 03:00:00 PM,23,11,12
04/04/2015 04:00:00 PM,32,21,11
04/04/2015 05:00:00 PM,27,22,5
04/04/2015 06:00:00 PM,48,41,7
04/04/2015 07:00:00 PM,9,3,6
04/04/2015 08:00:00 PM,5,2,3
04/04/2015 09:00:00 PM,30,6,24
04/04/2015 10:00:00 PM,8,5,3
04/04/2015 11:00:00 PM,8,7,1
04/05/2015 12:00:00 AM,3,1,2
04/05/2015 01:00:00 AM,4,4,0
04/05/2015 02:00:00 AM,1,0,1
04/05/2015 03:00:00 AM,1,1,0
04/05/2015 04:00:00 AM,0,0,0
04/05/2015 05:00:00 AM,4,1,3
04/05/2015 06:00:00 AM,0,0,0
04/05/2015 07:00:00 AM,6,5,1
04/05/2015 08:00:00 AM,6,6,0
04/05/2015 09:00:00 AM,13,9,4
04/05/2015 10:00:00 AM,14,9,5
04/05/2015 11:00:00 AM,13,10,3
04/05/2015 12:00:00 PM,20,11,9
04/05/2015 01:00:00 PM,14,10,4
04/05/2015 02:00:00 PM,22,15,7
04/05/2015 03:00:00 PM,26,17,9
04/05/2015 04:00:00 PM,13,11,2
04/05/2015 05:00:00 PM,12,11,1
04/05/2015 06:00:00 PM,16,12,4
04/05/2015 07:00:00 PM,9,8,1
04/05/2015 08:00:00 PM,6,5,1
04/05/2015 09:00:00 PM,7,4,3
04/05/2015 10:00:00 PM,4,3,1
04/05/2015 11:00:00 PM,2,2,0
04/06/2015 12:00:00 AM,0,0,0
04/06/2015 01:00:00 AM,0,0,0
04/06/2015 02:00:00 AM,2,2,0
04/06/2015 03:00:00 AM,1,1,0
04/06/2015 04:00:00 AM,1,1,0
04/06/2015 05:00:00 AM,10,5,5
04/06/2015 06:00:00 AM,40,25,15
04/06/2015 07:00:00 AM,64,41,23
04/06/2015 08:00:00 AM,117,89,28
04/06/2015 09:00:00 AM,62,44,18
04/06/2015 10:00:00 AM,37,22,15
04/06/2015 11:00:00 AM,36,25,11
04/06/2015 12:00:00 PM,50,37,13
04/06/2015 01:00:00 PM,33,24,9
04/06/2015 02:00:00 PM,19,11,8
04/06/2015 03:00:00 PM,46,33,13
04/06/2015 04:00:00 PM,94,65,29
04/06/2015 05:00:00 PM,139,93,46
04/06/2015 06:00:00 PM,73,46,27
04/06/2015 07:00:00 PM,27,18,9
04/06/2015 08:00:00 PM,18,12,6
04/06/2015 09:00:00 PM,7,7,0
04/06/2015 10:00:00 PM,5,4,1
04/06/2015 11:00:00 PM,8,5,3
04/07/2015 12:00:00 AM,2,2,0
04/07/2015 01:00:00 AM,0,0,0
04/07/2015 02:00:00 AM,1,1,0
04/07/2015 03:00:00 AM,0,0,0
04/07/2015 04:00:00 AM,1,1,0
04/07/2015 05:00:00 AM,11,6,5
04/07/2015 06:00:00 AM,39,24,15
04/07/2015 07:00:00 AM,80,52,28
04/07/2015 08:00:00 AM,157,113,44
04/07/2015 09:00:00 AM,65,47,18
04/07/2015 10:00:00 AM,36,22,14
04/07/2015 11:00:00 AM,29,21,8
04/07/2015 12:00:00 PM,20,8,12
04/07/2015 01:00:00 PM,29,18,11
04/07/2015 02:00:00 PM,26,15,11
04/07/2015 03:00:00 PM,63,43,20
04/07/2015 04:00:00 PM,102,73,29
04/07/2015 05:00:00 PM,161,102,59
04/07/2015 06:00:00 PM,77,50,27
04/07/2015 07:00:00 PM,34,19,15
04/07/2015 08:00:00 PM,16,14,2
04/07/2015 09:00:00 PM,14,6,8
04/07/2015 10:00:00 PM,12,5,7
04/07/2015 11:00:00 PM,6,6,0
04/08/2015 12:00:00 AM,2,2,0
04/08/2015 01:00:00 AM,1,1,0
04/08/2015 02:00:00 AM,1,1,0
04/08/2015 03:00:00 AM,0,0,0
04/08/2015 04:00:00 AM,0,0,0
04/08/2015 05:00:00 AM,8,5,3
04/08/2015 06:00:00 AM,40,24,16
04/08/2015 07:00:00 AM,58,39,19
04/08/2015 08:00:00 AM,112,83,29
04/08/2015 09:00:00 AM,75,52,23
04/08/2015 10:00:00 AM,37,25,12
04/08/2015 11:00:00 AM,29,21,8
04/08/2015 12:00:00 PM,24,11,13
04/08/2015 01:00:00 PM,32,19,13
04/08/2015 02:00:00 PM,37,22,15
04/08/2015 03:00:00 PM,49,39,10
04/08/2015 04:00:00 PM,105,86,19
04/08/2015 05:00:00 PM,165,125,40
04/08/2015 06:00:00 PM,84,61,23
04/08/2015 07:00:00 PM,25,14,11
04/08/2015 08:00:00 PM,17,12,5
04/08/2015 09:00:00 PM,20,17,3
04/08/2015 10:00:00 PM,25,5,20
04/08/2015 11:00:00 PM,4,1,3
04/09/2015 12:00:00 AM,3,2,1
04/09/2015 01:00:00 AM,3,3,0
04/09/2015 02:00:00 AM,0,0,0
04/09/2015 03:00:00 AM,5,5,0
04/09/2015 04:00:00 AM,1,1,0
04/09/2015 05:00:00 AM,9,5,4
04/09/2015 06:00:00 AM,28,17,11
04/09/2015 07:00:00 AM,70,47,23
04/09/2015 08:00:00 AM,124,90,34
04/09/2015 09:00:00 AM,79,58,21
04/09/2015 10:00:00 AM,41,26,15
04/09/2015 11:00:00 AM,32,23,9
04/09/2015 12:00:00 PM,35,25,10
04/09/2015 01:00:00 PM,32,19,13
04/09/2015 02:00:00 PM,27,17,10
04/09/2015 03:00:00 PM,47,31,16
04/09/2015 04:00:00 PM,104,83,21
04/09/2015 05:00:00 PM,147,103,44
04/09/2015 06:00:00 PM,82,54,28
04/09/2015 07:00:00 PM,51,31,20
04/09/2015 08:00:00 PM,18,10,8
04/09/2015 09:00:00 PM,13,8,5
04/09/2015 10:00:00 PM,14,8,6
04/09/2015 11:00:00 PM,4,3,1
04/10/2015 12:00:00 AM,1,1,0
04/10/2015 01:00:00 AM,0,0,0
04/10/2015 02:00:00 AM,1,1,0
04/10/2015 03:00:00 AM,2,2,0
04/10/2015 04:00:00 AM,0,0,0
04/10/2015 05:00:00 AM,9,5,4
04/10/2015 06:00:00 AM,30,16,14
04/10/2015 07:00:00 AM,49,31,18
04/10/2015 08:00:00 AM,103,79,24
04/10/2015 09:00:00 AM,48,35,13
04/10/2015 10:00:00 AM,42,26,16
04/10/2015 11:00:00 AM,17,12,5
04/10/2015 12:00:00 PM,36,23,13
04/10/2015 01:00:00 PM,38,20,18
04/10/2015 02:00:00 PM,37,30,7
04/10/2015 03:00:00 PM,57,35,22
04/10/2015 04:00:00 PM,76,55,21
04/10/2015 05:00:00 PM,92,65,27
04/10/2015 06:00:00 PM,35,27,8
04/10/2015 07:00:00 PM,17,10,7
04/10/2015 08:00:00 PM,9,4,5
04/10/2015 09:00:00 PM,3,2,1
04/10/2015 10:00:00 PM,6,6,0
04/10/2015 11:00:00 PM,1,1,0
04/11/2015 12:00:00 AM,0,0,0
04/11/2015 01:00:00 AM,0,0,0
04/11/2015 02:00:00 AM,2,2,0
04/11/2015 03:00:00 AM,1,1,0
04/11/2015 04:00:00 AM,1,0,1
04/11/2015 05:00:00 AM,3,1,2
04/11/2015 06:00:00 AM,2,0,2
04/11/2015 07:00:00 AM,8,7,1
04/11/2015 08:00:00 AM,11,9,2
04/11/2015 09:00:00 AM,11,9,2
04/11/2015 10:00:00 AM,12,7,5
04/11/2015 11:00:00 AM,9,8,1
04/11/2015 12:00:00 PM,26,19,7
04/11/2015 01:00:00 PM,18,5,13
04/11/2015 02:00:00 PM,18,11,7
04/11/2015 03:00:00 PM,20,11,9
04/11/2015 04:00:00 PM,19,11,8
04/11/2015 05:00:00 PM,17,10,7
04/11/2015 06:00:00 PM,14,9,5
04/11/2015 07:00:00 PM,10,8,2
04/11/2015 08:00:00 PM,2,2,0
04/11/2015 09:00:00 PM,4,1,3
04/11/2015 10:00:00 PM,5,4,1
04/11/2015 11:00:00 PM,3,3,0
04/12/2015 12:00:00 AM,4,3,1
04/12/2015 01:00:00 AM,2,1,1
04/12/2015 02:00:00 AM,0,0,0
04/12/2015 03:00:00 AM,3,3,0
04/12/2015 04:00:00 AM,1,1,0
04/12/2015 05:00:00 AM,4,2,2
04/12/2015 06:00:00 AM,3,1,2
04/12/2015 07:00:00 AM,2,1,1
04/12/2015 08:00:00 AM,6,5,1
04/12/2015 09:00:00 AM,10,5,5
04/12/2015 10:00:00 AM,32,26,6
04/12/2015 11:00:00 AM,15,10,5
04/12/2015 12:00:00 PM,23,12,11
04/12/2015 01:00:00 PM,21,11,10
04/12/2015 02:00:00 PM,14,7,7
04/12/2015 03:00:00 PM,21,13,8
04/12/2015 04:00:00 PM,27,18,9
04/12/2015 05:00:00 PM,21,16,5
04/12/2015 06:00:00 PM,14,10,4
04/12/2015 07:00:00 PM,11,7,4
04/12/2015 08:00:00 PM,6,5,1
04/12/2015 09:00:00 PM,5,4,1
04/12/2015 10:00:00 PM,4,3,1
04/12/2015 11:00:00 PM,2,2,0
04/13/2015 12:00:00 AM,0,0,0
04/13/2015 01:00:00 AM,0,0,0
04/13/2015 02:00:00 AM,1,1,0
04/13/2015 03:00:00 AM,0,0,0
04/13/2015 04:00:00 AM,1,0,1
04/13/2015 05:00:00 AM,7,3,4
04/13/2015 06:00:00 AM,29,17,12
04/13/2015 07:00:00 AM,55,33,22
04/13/2015 08:00:00 AM,90,68,22
04/13/2015 09:00:00 AM,52,33,19
04/13/2015 10:00:00 AM,27,16,11
04/13/2015 11:00:00 AM,27,17,10
04/13/2015 12:00:00 PM,29,13,16
04/13/2015 01:00:00 PM,27,19,8
04/13/2015 02:00:00 PM,19,13,6
04/13/2015 03:00:00 PM,40,27,13
04/13/2015 04:00:00 PM,70,56,14
04/13/2015 05:00:00 PM,96,73,23
04/13/2015 06:00:00 PM,53,37,16
04/13/2015 07:00:00 PM,17,9,8
04/13/2015 08:00:00 PM,3,1,2
04/13/2015 09:00:00 PM,5,3,2
04/13/2015 10:00:00 PM,4,2,2
04/13/2015 11:00:00 PM,0,0,0
04/14/2015 12:00:00 AM,2,1,1
04/14/2015 01:00:00 AM,0,0,0
04/14/2015 02:00:00 AM,0,0,0
04/14/2015 03:00:00 AM,1,1,0
04/14/2015 04:00:00 AM,0,0,0
04/14/2015 05:00:00 AM,3,1,2
04/14/2015 06:00:00 AM,26,17,9
04/14/2015 07:00:00 AM,49,32,17
04/14/2015 08:00:00 AM,85,66,19
04/14/2015 09:00:00 AM,41,31,10
04/14/2015 10:00:00 AM,26,22,4
04/14/2015 11:00:00 AM,27,18,9
04/14/2015 12:00:00 PM,26,17,9
04/14/2015 01:00:00 PM,36,22,14
04/14/2015 02:00:00 PM,29,19,10
04/14/2015 03:00:00 PM,45,32,13
04/14/2015 04:00:00 PM,60,37,23
04/14/2015 05:00:00 PM,93,74,19
04/14/2015 06:00:00 PM,54,35,19
04/14/2015 07:00:00 PM,19,15,4
04/14/2015 08:00:00 PM,15,7,8
04/14/2015 09:00:00 PM,12,7,5
04/14/2015 10:00:00 PM,7,4,3
04/14/2015 11:00:00 PM,3,3,0
04/15/2015 12:00:00 AM,2,2,0
04/15/2015 01:00:00 AM,0,0,0
04/15/2015 02:00:00 AM,1,1,0
04/15/2015 03:00:00 AM,1,1,0
04/15/2015 04:00:00 AM,0,0,0
04/15/2015 05:00:00 AM,9,5,4
04/15/2015 06:00:00 AM,38,25,13
04/15/2015 07:00:00 AM,60,42,18
04/15/2015 08:00:00 AM,101,74,27
04/15/2015 09:00:00 AM,66,49,17
04/15/2015 10:00:00 AM,32,24,8
04/15/2015 11:00:00 AM,40,25,15
04/15/2015 12:00:00 PM,37,17,20
04/15/2015 01:00:00 PM,53,33,20
04/15/2015 02:00:00 PM,37,21,16
04/15/2015 03:00:00 PM,59,41,18
04/15/2015 04:00:00 PM,100,77,23
04/15/2015 05:00:00 PM,157,108,49
04/15/2015 06:00:00 PM,73,48,25
04/15/2015 07:00:00 PM,27,13,14
04/15/2015 08:00:00 PM,16,12,4
04/15/2015 09:00:00 PM,6,3,3
04/15/2015 10:00:00 PM,12,6,6
04/15/2015 11:00:00 PM,3,2,1
04/16/2015 12:00:00 AM,2,1,1
04/16/2015 01:00:00 AM,0,0,0
04/16/2015 02:00:00 AM,1,1,0
04/16/2015 03:00:00 AM,1,0,1
04/16/2015 04:00:00 AM,0,0,0
04/16/2015 05:00:00 AM,9,5,4
04/16/2015 06:00:00 AM,35,22,13
04/16/2015 07:00:00 AM,69,46,23
04/16/2015 08:00:00 AM,122,94,28
04/16/2015 09:00:00 AM,88,66,22
04/16/2015 10:00:00 AM,27,18,9
04/16/2015 11:00:00 AM,46,28,18
04/16/2015 12:00:00 PM,38,22,16
04/16/2015 01:00:00 PM,41,19,22
04/16/2015 02:00:00 PM,29,18,11
04/16/2015 03:00:00 PM,62,45,17
04/16/2015 04:00:00 PM,99,75,24
04/16/2015 05:00:00 PM,167,112,55
04/16/2015 06:00:00 PM,100,71,29
04/16/2015 07:00:00 PM,37,20,17
04/16/2015 08:00:00 PM,23,11,12
04/16/2015 09:00:00 PM,15,11,4
04/16/2015 10:00:00 PM,7,5,2
04/16/2015 11:00:00 PM,8,6,2
04/17/2015 12:00:00 AM,4,3,1
04/17/2015 01:00:00 AM,1,0,1
04/17/2015 02:00:00 AM,1,1,0
04/17/2015 03:00:00 AM,1,1,0
04/17/2015 04:00:00 AM,1,0,1
04/17/2015 05:00:00 AM,11,5,6
04/17/2015 06:00:00 AM,33,17,16
04/17/2015 07:00:00 AM,53,37,16
04/17/2015 08:00:00 AM,121,80,41
04/17/2015 09:00:00 AM,57,38,19
04/17/2015 10:00:00 AM,44,32,12
04/17/2015 11:00:00 AM,40,23,17
04/17/2015 12:00:00 PM,25,15,10
04/17/2015 01:00:00 PM,53,29,24
04/17/2015 02:00:00 PM,48,32,16
04/17/2015 03:00:00 PM,66,56,10
04/17/2015 04:00:00 PM,111,73,38
04/17/2015 05:00:00 PM,143,108,35
04/17/2015 06:00:00 PM,84,56,28
04/17/2015 07:00:00 PM,30,16,14
04/17/2015 08:00:00 PM,13,7,6
04/17/2015 09:00:00 PM,7,3,4
04/17/2015 10:00:00 PM,11,5,6
04/17/2015 11:00:00 PM,5,3,2
04/18/2015 12:00:00 AM,2,1,1
04/18/2015 01:00:00 AM,3,2,1
04/18/2015 02:00:00 AM,0,0,0
04/18/2015 03:00:00 AM,1,1,0
04/18/2015 04:00:00 AM,0,0,0
04/18/2015 05:00:00 AM,3,2,1
04/18/2015 06:00:00 AM,5,4,1
04/18/2015 07:00:00 AM,12,9,3
04/18/2015 08:00:00 AM,26,20,6
04/18/2015 09:00:00 AM,14,9,5
04/18/2015 10:00:00 AM,18,9,9
04/18/2015 11:00:00 AM,28,17,11
04/18/2015 12:00:00 PM,23,9,14
04/18/2015 01:00:00 PM,38,15,23
04/18/2015 02:00:00 PM,24,18,6
04/18/2015 03:00:00 PM,37,27,10
04/18/2015 04:00:00 PM,22,13,9
04/18/2015 05:00:00 PM,36,17,19
04/18/2015 06:00:00 PM,35,17,18
04/18/2015 07:00:00 PM,18,12,6
04/18/2015 08:00:00 PM,10,3,7
04/18/2015 09:00:00 PM,13,4,9
04/18/2015 10:00:00 PM,14,2,12
04/18/2015 11:00:00 PM,7,6,1
04/19/2015 12:00:00 AM,5,4,1
04/19/2015 01:00:00 AM,0,0,0
04/19/2015 02:00:00 AM,0,0,0
04/19/2015 03:00:00 AM,1,1,0
04/19/2015 04:00:00 AM,1,1,0
04/19/2015 05:00:00 AM,1,0,1
04/19/2015 06:00:00 AM,4,2,2
04/19/2015 07:00:00 AM,8,7,1
04/19/2015 08:00:00 AM,9,8,1
04/19/2015 09:00:00 AM,25,16,9
04/19/2015 10:00:00 AM,20,13,7
04/19/2015 11:00:00 AM,26,23,3
04/19/2015 12:00:00 PM,38,29,9
04/19/2015 01:00:00 PM,24,14,10
04/19/2015 02:00:00 PM,32,15,17
04/19/2015 03:00:00 PM,27,13,14
04/19/2015 04:00:00 PM,23,12,11
04/19/2015 05:00:00 PM,41,20,21
04/19/2015 06:00:00 PM,22,14,8
04/19/2015 07:00:00 PM,27,15,12
04/19/2015 08:00:00 PM,12,8,4
04/19/2015 09:00:00 PM,7,4,3
04/19/2015 10:00:00 PM,5,5,0
04/19/2015 11:00:00 PM,5,4,1
04/20/2015 12:00:00 AM,3,3,0
04/20/2015 01:00:00 AM,0,0,0
04/20/2015 02:00:00 AM,2,2,0
04/20/2015 03:00:00 AM,0,0,0
04/20/2015 04:00:00 AM,0,0,0
04/20/2015 05:00:00 AM,13,6,7
04/20/2015 06:00:00 AM,35,22,13
04/20/2015 07:00:00 AM,83,52,31
04/20/2015 08:00:00 AM,146,112,34
04/20/2015 09:00:00 AM,74,55,19
04/20/2015 10:00:00 AM,41,27,14
04/20/2015 11:00:00 AM,27,18,9
04/20/2015 12:00:00 PM,49,26,23
04/20/2015 01:00:00 PM,47,29,18
04/20/2015 02:00:00 PM,45,29,16
04/20/2015 03:00:00 PM,83,49,34
04/20/2015 04:00:00 PM,105,79,26
04/20/2015 05:00:00 PM,184,130,54
04/20/2015 06:00:00 PM,93,61,32
04/20/2015 07:00:00 PM,33,18,15
04/20/2015 08:00:00 PM,32,24,8
04/20/2015 09:00:00 PM,15,13,2
04/20/2015 10:00:00 PM,7,1,6
04/20/2015 11:00:00 PM,16,2,14
04/21/2015 12:00:00 AM,4,1,3
04/21/2015 01:00:00 AM,6,1,5
04/21/2015 02:00:00 AM,0,0,0
04/21/2015 03:00:00 AM,1,1,0
04/21/2015 04:00:00 AM,0,0,0
04/21/2015 05:00:00 AM,9,4,5
04/21/2015 06:00:00 AM,39,20,19
04/21/2015 07:00:00 AM,89,58,31
04/21/2015 08:00:00 AM,163,130,33
04/21/2015 09:00:00 AM,71,48,23
04/21/2015 10:00:00 AM,36,24,12
04/21/2015 11:00:00 AM,41,26,15
04/21/2015 12:00:00 PM,40,25,15
04/21/2015 01:00:00 PM,35,21,14
04/21/2015 02:00:00 PM,31,17,14
04/21/2015 03:00:00 PM,53,36,17
04/21/2015 04:00:00 PM,132,77,55
04/21/2015 05:00:00 PM,145,103,42
04/21/2015 06:00:00 PM,77,48,29
04/21/2015 07:00:00 PM,9,6,3
04/21/2015 08:00:00 PM,5,2,3
04/21/2015 09:00:00 PM,8,4,4
04/21/2015 10:00:00 PM,1,1,0
04/21/2015 11:00:00 PM,1,0,1
04/22/2015 12:00:00 AM,0,0,0
04/22/2015 01:00:00 AM,0,0,0
04/22/2015 02:00:00 AM,0,0,0
04/22/2015 03:00:00 AM,1,1,0
04/22/2015 04:00:00 AM,0,0,0
04/22/2015 05:00:00 AM,5,3,2
04/22/2015 06:00:00 AM,24,11,13
04/22/2015 07:00:00 AM,60,43,17
04/22/2015 08:00:00 AM,88,61,27
04/22/2015 09:00:00 AM,45,30,15
04/22/2015 10:00:00 AM,24,19,5
04/22/2015 11:00:00 AM,31,20,11
04/22/2015 12:00:00 PM,30,17,13
04/22/2015 01:00:00 PM,25,20,5
04/22/2015 02:00:00 PM,31,21,10
04/22/2015 03:00:00 PM,44,31,13
04/22/2015 04:00:00 PM,88,69,19
04/22/2015 05:00:00 PM,106,73,33
04/22/2015 06:00:00 PM,59,42,17
04/22/2015 07:00:00 PM,21,10,11
04/22/2015 08:00:00 PM,24,18,6
04/22/2015 09:00:00 PM,13,6,7
04/22/2015 10:00:00 PM,2,1,1
04/22/2015 11:00:00 PM,5,3,2
04/23/2015 12:00:00 AM,1,0,1
04/23/2015 01:00:00 AM,0,0,0
04/23/2015 02:00:00 AM,0,0,0
04/23/2015 03:00:00 AM,0,0,0
04/23/2015 04:00:00 AM,0,0,0
04/23/2015 05:00:00 AM,7,6,1
04/23/2015 06:00:00 AM,31,15,16
04/23/2015 07:00:00 AM,53,31,22
04/23/2015 08:00:00 AM,85,64,21
04/23/2015 09:00:00 AM,50,30,20
04/23/2015 10:00:00 AM,25,14,11
04/23/2015 11:00:00 AM,22,15,7
04/23/2015 12:00:00 PM,19,12,7
04/23/2015 01:00:00 PM,18,12,6
04/23/2015 02:00:00 PM,17,10,7
04/23/2015 03:00:00 PM,33,26,7
04/23/2015 04:00:00 PM,58,38,20
04/23/2015 05:00:00 PM,85,59,26
04/23/2015 06:00:00 PM,48,40,8
04/23/2015 07:00:00 PM,10,7,3
04/23/2015 08:00:00 PM,6,1,5
04/23/2015 09:00:00 PM,8,6,2
04/23/2015 10:00:00 PM,3,3,0
04/23/2015 11:00:00 PM,3,1,2
04/24/2015 12:00:00 AM,0,0,0
04/24/2015 01:00:00 AM,0,0,0
04/24/2015 02:00:00 AM,0,0,0
04/24/2015 03:00:00 AM,0,0,0
04/24/2015 04:00:00 AM,1,1,0
04/24/2015 05:00:00 AM,6,4,2
04/24/2015 06:00:00 AM,33,19,14
04/24/2015 07:00:00 AM,31,22,9
04/24/2015 08:00:00 AM,72,52,20
04/24/2015 09:00:00 AM,38,27,11
04/24/2015 10:00:00 AM,24,17,7
04/24/2015 11:00:00 AM,15,12,3
04/24/2015 12:00:00 PM,17,8,9
04/24/2015 01:00:00 PM,24,14,10
04/24/2015 02:00:00 PM,26,15,11
04/24/2015 03:00:00 PM,39,28,11
04/24/2015 04:00:00 PM,53,42,11
04/24/2015 05:00:00 PM,85,60,25
04/24/2015 06:00:00 PM,43,24,19
04/24/2015 07:00:00 PM,20,13,7
04/24/2015 08:00:00 PM,2,1,1
04/24/2015 09:00:00 PM,6,2,4
04/24/2015 10:00:00 PM,11,8,3
04/24/2015 11:00:00 PM,6,0,6
04/25/2015 12:00:00 AM,0,0,0
04/25/2015 01:00:00 AM,0,0,0
04/25/2015 02:00:00 AM,2,1,1
04/25/2015 03:00:00 AM,0,0,0
04/25/2015 04:00:00 AM,0,0,0
04/25/2015 05:00:00 AM,3,0,3
04/25/2015 06:00:00 AM,2,2,0
04/25/2015 07:00:00 AM,5,4,1
04/25/2015 08:00:00 AM,8,5,3
04/25/2015 09:00:00 AM,13,9,4
04/25/2015 10:00:00 AM,16,11,5
04/25/2015 11:00:00 AM,13,8,5
04/25/2015 12:00:00 PM,11,8,3
04/25/2015 01:00:00 PM,29,20,9
04/25/2015 02:00:00 PM,28,22,6
04/25/2015 03:00:00 PM,23,12,11
04/25/2015 04:00:00 PM,17,11,6
04/25/2015 05:00:00 PM,27,18,9
04/25/2015 06:00:00 PM,17,6,11
04/25/2015 07:00:00 PM,5,1,4
04/25/2015 08:00:00 PM,14,8,6
04/25/2015 09:00:00 PM,9,4,5
04/25/2015 10:00:00 PM,10,7,3
04/25/2015 11:00:00 PM,2,1,1
04/26/2015 12:00:00 AM,3,2,1
04/26/2015 01:00:00 AM,0,0,0
04/26/2015 02:00:00 AM,1,0,1
04/26/2015 03:00:00 AM,2,1,1
04/26/2015 04:00:00 AM,0,0,0
04/26/2015 05:00:00 AM,3,0,3
04/26/2015 06:00:00 AM,2,1,1
04/26/2015 07:00:00 AM,4,4,0
04/26/2015 08:00:00 AM,6,6,0
04/26/2015 09:00:00 AM,8,5,3
04/26/2015 10:00:00 AM,12,9,3
04/26/2015 11:00:00 AM,9,5,4
04/26/2015 12:00:00 PM,14,10,4
04/26/2015 01:00:00 PM,11,7,4
04/26/2015 02:00:00 PM,21,11,10
04/26/2015 03:00:00 PM,22,19,3
04/26/2015 04:00:00 PM,35,28,7
04/26/2015 05:00:00 PM,31,17,14
04/26/2015 06:00:00 PM,19,10,9
04/26/2015 07:00:00 PM,9,8,1
04/26/2015 08:00:00 PM,23,5,18
04/26/2015 09:00:00 PM,3,2,1
04/26/2015 10:00:00 PM,12,3,9
04/26/2015 11:00:00 PM,1,0,1
04/27/2015 12:00:00 AM,1,1,0
04/27/2015 01:00:00 AM,0,0,0
04/27/2015 02:00:00 AM,1,1,0
04/27/2015 03:00:00 AM,2,1,1
04/27/2015 04:00:00 AM,0,0,0
04/27/2015 05:00:00 AM,8,6,2
04/27/2015 06:00:00 AM,32,22,10
04/27/2015 07:00:00 AM,60,43,17
04/27/2015 08:00:00 AM,105,74,31
04/27/2015 09:00:00 AM,53,40,13
04/27/2015 10:00:00 AM,15,13,2
04/27/2015 11:00:00 AM,21,11,10
04/27/2015 12:00:00 PM,29,17,12
04/27/2015 01:00:00 PM,23,16,7
04/27/2015 02:00:00 PM,20,13,7
04/27/2015 03:00:00 PM,46,25,21
04/27/2015 04:00:00 PM,92,70,22
04/27/2015 05:00:00 PM,139,97,42
04/27/2015 06:00:00 PM,46,24,22
04/27/2015 07:00:00 PM,20,13,7
04/27/2015 08:00:00 PM,17,14,3
04/27/2015 09:00:00 PM,10,5,5
04/27/2015 10:00:00 PM,3,3,0
04/27/2015 11:00:00 PM,2,1,1
04/28/2015 12:00:00 AM,1,0,1
04/28/2015 01:00:00 AM,1,1,0
04/28/2015 02:00:00 AM,0,0,0
04/28/2015 03:00:00 AM,1,1,0
04/28/2015 04:00:00 AM,0,0,0
04/28/2015 05:00:00 AM,4,4,0
04/28/2015 06:00:00 AM,35,20,15
04/28/2015 07:00:00 AM,64,41,23
04/28/2015 08:00:00 AM,96,68,28
04/28/2015 09:00:00 AM,46,31,15
04/28/2015 10:00:00 AM,27,19,8
04/28/2015 11:00:00 AM,22,14,8
04/28/2015 12:00:00 PM,21,9,12
04/28/2015 01:00:00 PM,16,11,5
04/28/2015 02:00:00 PM,26,22,4
04/28/2015 03:00:00 PM,36,26,10
04/28/2015 04:00:00 PM,61,46,15
04/28/2015 05:00:00 PM,83,56,27
04/28/2015 06:00:00 PM,49,29,20
04/28/2015 07:00:00 PM,9,7,2
04/28/2015 08:00:00 PM,12,9,3
04/28/2015 09:00:00 PM,4,3,1
04/28/2015 10:00:00 PM,5,4,1
04/28/2015 11:00:00 PM,1,1,0
04/29/2015 12:00:00 AM,2,2,0
04/29/2015 01:00:00 AM,1,1,0
04/29/2015 02:00:00 AM,0,0,0
04/29/2015 03:00:00 AM,1,1,0
04/29/2015 04:00:00 AM,0,0,0
04/29/2015 05:00:00 AM,8,5,3
04/29/2015 06:00:00 AM,32,18,14
04/29/2015 07:00:00 AM,53,43,10
04/29/2015 08:00:00 AM,87,62,25
04/29/2015 09:00:00 AM,63,45,18
04/29/2015 10:00:00 AM,20,14,6
04/29/2015 11:00:00 AM,20,12,8
04/29/2015 12:00:00 PM,26,11,15
04/29/2015 01:00:00 PM,24,16,8
04/29/2015 02:00:00 PM,25,20,5
04/29/2015 03:00:00 PM,34,23,11
04/29/2015 04:00:00 PM,75,62,13
04/29/2015 05:00:00 PM,123,74,49
04/29/2015 06:00:00 PM,58,37,21
04/29/2015 07:00:00 PM,41,26,15
04/29/2015 08:00:00 PM,11,6,5
04/29/2015 09:00:00 PM,13,11,2
04/29/2015 10:00:00 PM,6,5,1
04/29/2015 11:00:00 PM,5,3,2
04/30/2015 12:00:00 AM,2,2,0
04/30/2015 01:00:00 AM,0,0,0
04/30/2015 02:00:00 AM,0,0,0
04/30/2015 03:00:00 AM,0,0,0
04/30/2015 04:00:00 AM,0,0,0
04/30/2015 05:00:00 AM,14,10,4
04/30/2015 06:00:00 AM,42,24,18
04/30/2015 07:00:00 AM,74,56,18
04/30/2015 08:00:00 AM,91,58,33
04/30/2015 09:00:00 AM,61,40,21
04/30/2015 10:00:00 AM,22,18,4
04/30/2015 11:00:00 AM,31,19,12
04/30/2015 12:00:00 PM,29,17,12
04/30/2015 01:00:00 PM,25,15,10
04/30/2015 02:00:00 PM,36,25,11
04/30/2015 03:00:00 PM,50,34,16
04/30/2015 04:00:00 PM,92,73,19
04/30/2015 05:00:00 PM,112,79,33
04/30/2015 06:00:00 PM,61,38,23
04/30/2015 07:00:00 PM,30,16,14
04/30/2015 08:00:00 PM,13,10,3
04/30/2015 09:00:00 PM,12,10,2
04/30/2015 10:00:00 PM,11,9,2
04/30/2015 11:00:00 PM,7,4,3
05/01/2015 12:00:00 AM,3,1,2
05/01/2015 01:00:00 AM,0,0,0
05/01/2015 02:00:00 AM,0,0,0
05/01/2015 03:00:00 AM,0,0,0
05/01/2015 04:00:00 AM,1,1,0
05/01/2015 05:00:00 AM,12,6,6
05/01/2015 06:00:00 AM,46,25,21
05/01/2015 07:00:00 AM,114,85,29
05/01/2015 08:00:00 AM,118,83,35
05/01/2015 09:00:00 AM,59,45,14
05/01/2015 10:00:00 AM,19,12,7
05/01/2015 11:00:00 AM,26,17,9
05/01/2015 12:00:00 PM,41,23,18
05/01/2015 01:00:00 PM,37,31,6
05/01/2015 02:00:00 PM,40,29,11
05/01/2015 03:00:00 PM,89,60,29
05/01/2015 04:00:00 PM,97,66,31
05/01/2015 05:00:00 PM,111,75,36
05/01/2015 06:00:00 PM,53,32,21
05/01/2015 07:00:00 PM,23,15,8
05/01/2015 08:00:00 PM,11,4,7
05/01/2015 09:00:00 PM,15,11,4
05/01/2015 10:00:00 PM,10,9,1
05/01/2015 11:00:00 PM,3,3,0
05/02/2015 12:00:00 AM,3,2,1
05/02/2015 01:00:00 AM,4,3,1
05/02/2015 02:00:00 AM,0,0,0
05/02/2015 03:00:00 AM,1,1,0
05/02/2015 04:00:00 AM,1,1,0
05/02/2015 05:00:00 AM,2,0,2
05/02/2015 06:00:00 AM,7,6,1
05/02/2015 07:00:00 AM,7,3,4
05/02/2015 08:00:00 AM,23,18,5
05/02/2015 09:00:00 AM,7,7,0
05/02/2015 10:00:00 AM,24,14,10
05/02/2015 11:00:00 AM,19,15,4
05/02/2015 12:00:00 PM,18,11,7
05/02/2015 01:00:00 PM,20,14,6
05/02/2015 02:00:00 PM,32,26,6
05/02/2015 03:00:00 PM,34,19,15
05/02/2015 04:00:00 PM,20,10,10
05/02/2015 05:00:00 PM,15,13,2
05/02/2015 06:00:00 PM,34,21,13
05/02/2015 07:00:00 PM,11,6,5
05/02/2015 08:00:00 PM,11,9,2
05/02/2015 09:00:00 PM,5,1,4
05/02/2015 10:00:00 PM,7,5,2
05/02/2015 11:00:00 PM,2,1,1
05/03/2015 12:00:00 AM,2,1,1
05/03/2015 01:00:00 AM,1,1,0
05/03/2015 02:00:00 AM,0,0,0
05/03/2015 03:00:00 AM,0,0,0
05/03/2015 04:00:00 AM,2,2,0
05/03/2015 05:00:00 AM,1,0,1
05/03/2015 06:00:00 AM,6,4,2
05/03/2015 07:00:00 AM,5,5,0
05/03/2015 08:00:00 AM,21,19,2
05/03/2015 09:00:00 AM,15,12,3
05/03/2015 10:00:00 AM,11,10,1
05/03/2015 11:00:00 AM,14,11,3
05/03/2015 12:00:00 PM,25,18,7
05/03/2015 01:00:00 PM,17,14,3
05/03/2015 02:00:00 PM,33,23,10
05/03/2015 03:00:00 PM,23,14,9
05/03/2015 04:00:00 PM,17,14,3
05/03/2015 05:00:00 PM,31,21,10
05/03/2015 06:00:00 PM,11,6,5
05/03/2015 07:00:00 PM,10,8,2
05/03/2015 08:00:00 PM,7,5,2
05/03/2015 09:00:00 PM,6,5,1
05/03/2015 10:00:00 PM,7,3,4
05/03/2015 11:00:00 PM,3,2,1
05/04/2015 12:00:00 AM,2,2,0
05/04/2015 01:00:00 AM,3,3,0
05/04/2015 02:00:00 AM,0,0,0
05/04/2015 03:00:00 AM,0,0,0
05/04/2015 04:00:00 AM,1,0,1
05/04/2015 05:00:00 AM,7,3,4
05/04/2015 06:00:00 AM,60,38,22
05/04/2015 07:00:00 AM,100,76,24
05/04/2015 08:00:00 AM,134,93,41
05/04/2015 09:00:00 AM,57,39,18
05/04/2015 10:00:00 AM,28,18,10
05/04/2015 11:00:00 AM,27,19,8
05/04/2015 12:00:00 PM,34,16,18
05/04/2015 01:00:00 PM,22,12,10
05/04/2015 02:00:00 PM,37,23,14
05/04/2015 03:00:00 PM,63,50,13
05/04/2015 04:00:00 PM,87,60,27
05/04/2015 05:00:00 PM,154,104,50
05/04/2015 06:00:00 PM,63,40,23
05/04/2015 07:00:00 PM,22,14,8
05/04/2015 08:00:00 PM,14,12,2
05/04/2015 09:00:00 PM,12,8,4
05/04/2015 10:00:00 PM,1,1,0
05/04/2015 11:00:00 PM,5,1,4
05/05/2015 12:00:00 AM,2,1,1
05/05/2015 01:00:00 AM,1,0,1
05/05/2015 02:00:00 AM,0,0,0
05/05/2015 03:00:00 AM,0,0,0
05/05/2015 04:00:00 AM,0,0,0
05/05/2015 05:00:00 AM,2,1,1
05/05/2015 06:00:00 AM,31,17,14
05/05/2015 07:00:00 AM,62,44,18
05/05/2015 08:00:00 AM,104,78,26
05/05/2015 09:00:00 AM,40,27,13
05/05/2015 10:00:00 AM,24,15,9
05/05/2015 11:00:00 AM,17,9,8
05/05/2015 12:00:00 PM,23,13,10
05/05/2015 01:00:00 PM,20,14,6
05/05/2015 02:00:00 PM,25,13,12
05/05/2015 03:00:00 PM,46,30,16
05/05/2015 04:00:00 PM,45,36,9
05/05/2015 05:00:00 PM,100,57,43
05/05/2015 06:00:00 PM,29,16,13
05/05/2015 07:00:00 PM,11,6,5
05/05/2015 08:00:00 PM,16,11,5
05/05/2015 09:00:00 PM,7,4,3
05/05/2015 10:00:00 PM,3,3,0
05/05/2015 11:00:00 PM,6,5,1
05/06/2015 12:00:00 AM,1,1,0
05/06/2015 01:00:00 AM,2,2,0
05/06/2015 02:00:00 AM,0,0,0
05/06/2015 03:00:00 AM,1,1,0
05/06/2015 04:00:00 AM,0,0,0
05/06/2015 05:00:00 AM,8,5,3
05/06/2015 06:00:00 AM,39,22,17
05/06/2015 07:00:00 AM,95,68,27
05/06/2015 08:00:00 AM,135,99,36
05/06/2015 09:00:00 AM,44,26,18
05/06/2015 10:00:00 AM,22,17,5
05/06/2015 11:00:00 AM,23,13,10
05/06/2015 12:00:00 PM,28,17,11
05/06/2015 01:00:00 PM,33,27,6
05/06/2015 02:00:00 PM,30,19,11
05/06/2015 03:00:00 PM,47,31,16
05/06/2015 04:00:00 PM,105,70,35
05/06/2015 05:00:00 PM,138,100,38
05/06/2015 06:00:00 PM,63,36,27
05/06/2015 07:00:00 PM,31,22,9
05/06/2015 08:00:00 PM,22,13,9
05/06/2015 09:00:00 PM,10,7,3
05/06/2015 10:00:00 PM,10,6,4
05/06/2015 11:00:00 PM,3,3,0
05/07/2015 12:00:00 AM,1,1,0
05/07/2015 01:00:00 AM,0,0,0
05/07/2015 02:00:00 AM,0,0,0
05/07/2015 03:00:00 AM,0,0,0
05/07/2015 04:00:00 AM,0,0,0
05/07/2015 05:00:00 AM,11,8,3
05/07/2015 06:00:00 AM,62,25,37
05/07/2015 07:00:00 AM,106,75,31
05/07/2015 08:00:00 AM,162,115,47
05/07/2015 09:00:00 AM,66,54,12
05/07/2015 10:00:00 AM,32,20,12
05/07/2015 11:00:00 AM,35,22,13
05/07/2015 12:00:00 PM,25,16,9
05/07/2015 01:00:00 PM,39,24,15
05/07/2015 02:00:00 PM,42,24,18
05/07/2015 03:00:00 PM,51,37,14
05/07/2015 04:00:00 PM,117,93,24
05/07/2015 05:00:00 PM,187,126,61
05/07/2015 06:00:00 PM,101,69,32
05/07/2015 07:00:00 PM,41,23,18
05/07/2015 08:00:00 PM,40,13,27
05/07/2015 09:00:00 PM,17,10,7
05/07/2015 10:00:00 PM,12,5,7
05/07/2015 11:00:00 PM,10,4,6
05/08/2015 12:00:00 AM,7,3,4
05/08/2015 01:00:00 AM,4,0,4
05/08/2015 02:00:00 AM,0,0,0
05/08/2015 03:00:00 AM,0,0,0
05/08/2015 04:00:00 AM,1,1,0
05/08/2015 05:00:00 AM,10,5,5
05/08/2015 06:00:00 AM,46,23,23
05/08/2015 07:00:00 AM,86,60,26
05/08/2015 08:00:00 AM,155,112,43
05/08/2015 09:00:00 AM,54,42,12
05/08/2015 10:00:00 AM,28,17,11
05/08/2015 11:00:00 AM,39,27,12
05/08/2015 12:00:00 PM,49,27,22
05/08/2015 01:00:00 PM,46,31,15
05/08/2015 02:00:00 PM,32,25,7
05/08/2015 03:00:00 PM,62,46,16
05/08/2015 04:00:00 PM,109,77,32
05/08/2015 05:00:00 PM,148,100,48
05/08/2015 06:00:00 PM,55,45,10
05/08/2015 07:00:00 PM,19,16,3
05/08/2015 08:00:00 PM,13,7,6
05/08/2015 09:00:00 PM,9,4,5
05/08/2015 10:00:00 PM,8,7,1
05/08/2015 11:00:00 PM,8,3,5
05/09/2015 12:00:00 AM,4,2,2
05/09/2015 01:00:00 AM,3,3,0
05/09/2015 02:00:00 AM,3,1,2
05/09/2015 03:00:00 AM,1,1,0
05/09/2015 04:00:00 AM,0,0,0
05/09/2015 05:00:00 AM,3,0,3
05/09/2015 06:00:00 AM,5,3,2
05/09/2015 07:00:00 AM,7,6,1
05/09/2015 08:00:00 AM,22,19,3
05/09/2015 09:00:00 AM,12,7,5
05/09/2015 10:00:00 AM,14,8,6
05/09/2015 11:00:00 AM,24,18,6
05/09/2015 12:00:00 PM,21,14,7
05/09/2015 01:00:00 PM,41,29,12
05/09/2015 02:00:00 PM,26,19,7
05/09/2015 03:00:00 PM,28,11,17
05/09/2015 04:00:00 PM,29,21,8
05/09/2015 05:00:00 PM,24,19,5
05/09/2015 06:00:00 PM,22,13,9
05/09/2015 07:00:00 PM,11,4,7
05/09/2015 08:00:00 PM,12,10,2
05/09/2015 09:00:00 PM,15,8,7
05/09/2015 10:00:00 PM,7,4,3
05/09/2015 11:00:00 PM,8,5,3
05/10/2015 12:00:00 AM,2,0,2
05/10/2015 01:00:00 AM,2,2,0
05/10/2015 02:00:00 AM,2,0,2
05/10/2015 03:00:00 AM,1,1,0
05/10/2015 04:00:00 AM,0,0,0
05/10/2015 05:00:00 AM,2,0,2
05/10/2015 06:00:00 AM,3,2,1
05/10/2015 07:00:00 AM,8,5,3
05/10/2015 08:00:00 AM,3,1,2
05/10/2015 09:00:00 AM,14,5,9
05/10/2015 10:00:00 AM,20,13,7
05/10/2015 11:00:00 AM,17,12,5
05/10/2015 12:00:00 PM,18,14,4
05/10/2015 01:00:00 PM,15,10,5
05/10/2015 02:00:00 PM,18,15,3
05/10/2015 03:00:00 PM,18,10,8
05/10/2015 04:00:00 PM,35,18,17
05/10/2015 05:00:00 PM,18,10,8
05/10/2015 06:00:00 PM,11,5,6
05/10/2015 07:00:00 PM,10,4,6
05/10/2015 08:00:00 PM,9,4,5
05/10/2015 09:00:00 PM,4,3,1
05/10/2015 10:00:00 PM,7,5,2
05/10/2015 11:00:00 PM,1,1,0
05/11/2015 12:00:00 AM,1,1,0
05/11/2015 01:00:00 AM,4,2,2
05/11/2015 02:00:00 AM,1,0,1
05/11/2015 03:00:00 AM,1,0,1
05/11/2015 04:00:00 AM,0,0,0
05/11/2015 05:00:00 AM,9,6,3
05/11/2015 06:00:00 AM,43,26,17
05/11/2015 07:00:00 AM,83,61,22
05/11/2015 08:00:00 AM,128,89,39
05/11/2015 09:00:00 AM,51,37,14
05/11/2015 10:00:00 AM,19,11,8
05/11/2015 11:00:00 AM,26,19,7
05/11/2015 12:00:00 PM,22,11,11
05/11/2015 01:00:00 PM,16,10,6
05/11/2015 02:00:00 PM,23,17,6
05/11/2015 03:00:00 PM,39,28,11
05/11/2015 04:00:00 PM,102,86,16
05/11/2015 05:00:00 PM,136,87,49
05/11/2015 06:00:00 PM,53,35,18
05/11/2015 07:00:00 PM,32,24,8
05/11/2015 08:00:00 PM,17,8,9
05/11/2015 09:00:00 PM,7,4,3
05/11/2015 10:00:00 PM,4,2,2
05/11/2015 11:00:00 PM,1,0,1
05/12/2015 12:00:00 AM,3,2,1
05/12/2015 01:00:00 AM,1,1,0
05/12/2015 02:00:00 AM,0,0,0
05/12/2015 03:00:00 AM,3,3,0
05/12/2015 04:00:00 AM,1,1,0
05/12/2015 05:00:00 AM,5,4,1
05/12/2015 06:00:00 AM,38,18,20
05/12/2015 07:00:00 AM,90,58,32
05/12/2015 08:00:00 AM,117,80,37
05/12/2015 09:00:00 AM,41,31,10
05/12/2015 10:00:00 AM,18,15,3
05/12/2015 11:00:00 AM,34,18,16
05/12/2015 12:00:00 PM,24,12,12
05/12/2015 01:00:00 PM,26,15,11
05/12/2015 02:00:00 PM,30,22,8
05/12/2015 03:00:00 PM,38,29,9
05/12/2015 04:00:00 PM,93,64,29
05/12/2015 05:00:00 PM,158,103,55
05/12/2015 06:00:00 PM,70,45,25
05/12/2015 07:00:00 PM,30,17,13
05/12/2015 08:00:00 PM,14,9,5
05/12/2015 09:00:00 PM,4,2,2
05/12/2015 10:00:00 PM,4,3,1
05/12/2015 11:00:00 PM,1,0,1
05/13/2015 12:00:00 AM,2,2,0
05/13/2015 01:00:00 AM,0,0,0
05/13/2015 02:00:00 AM,0,0,0
05/13/2015 03:00:00 AM,0,0,0
05/13/2015 04:00:00 AM,1,1,0
05/13/2015 05:00:00 AM,6,4,2
05/13/2015 06:00:00 AM,37,17,20
05/13/2015 07:00:00 AM,62,48,14
05/13/2015 08:00:00 AM,94,63,31
05/13/2015 09:00:00 AM,41,26,15
05/13/2015 10:00:00 AM,25,21,4
05/13/2015 11:00:00 AM,22,13,9
05/13/2015 12:00:00 PM,23,11,12
05/13/2015 01:00:00 PM,19,7,12
05/13/2015 02:00:00 PM,25,19,6
05/13/2015 03:00:00 PM,39,26,13
05/13/2015 04:00:00 PM,54,39,15
05/13/2015 05:00:00 PM,103,65,38
05/13/2015 06:00:00 PM,43,25,18
05/13/2015 07:00:00 PM,19,12,7
05/13/2015 08:00:00 PM,12,7,5
05/13/2015 09:00:00 PM,15,10,5
05/13/2015 10:00:00 PM,11,6,5
05/13/2015 11:00:00 PM,0,0,0
05/14/2015 12:00:00 AM,2,1,1
05/14/2015 01:00:00 AM,1,1,0
05/14/2015 02:00:00 AM,0,0,0
05/14/2015 03:00:00 AM,0,0,0
05/14/2015 04:00:00 AM,2,1,1
05/14/2015 05:00:00 AM,9,6,3
05/14/2015 06:00:00 AM,40,17,23
05/14/2015 07:00:00 AM,85,68,17
05/14/2015 08:00:00 AM,100,67,33
05/14/2015 09:00:00 AM,42,30,12
05/14/2015 10:00:00 AM,25,16,9
05/14/2015 11:00:00 AM,30,21,9
05/14/2015 12:00:00 PM,25,15,10
05/14/2015 01:00:00 PM,32,20,12
05/14/2015 02:00:00 PM,32,21,11
05/14/2015 03:00:00 PM,46,37,9
05/14/2015 04:00:00 PM,103,83,20
05/14/2015 05:00:00 PM,160,92,68
05/14/2015 06:00:00 PM,80,55,25
05/14/2015 07:00:00 PM,32,23,9
05/14/2015 08:00:00 PM,18,9,9
05/14/2015 09:00:00 PM,13,12,1
05/14/2015 10:00:00 PM,28,4,24
05/14/2015 11:00:00 PM,5,3,2
05/15/2015 12:00:00 AM,1,0,1
05/15/2015 01:00:00 AM,0,0,0
05/15/2015 02:00:00 AM,0,0,0
05/15/2015 03:00:00 AM,1,1,0
05/15/2015 04:00:00 AM,2,2,0
05/15/2015 05:00:00 AM,5,1,4
05/15/2015 06:00:00 AM,42,18,24
05/15/2015 07:00:00 AM,140,103,37
05/15/2015 08:00:00 AM,258,176,82
05/15/2015 09:00:00 AM,76,48,28
05/15/2015 10:00:00 AM,34,22,12
05/15/2015 11:00:00 AM,33,22,11
05/15/2015 12:00:00 PM,36,23,13
05/15/2015 01:00:00 PM,47,29,18
05/15/2015 02:00:00 PM,63,44,19
05/15/2015 03:00:00 PM,66,44,22
05/15/2015 04:00:00 PM,136,86,50
05/15/2015 05:00:00 PM,159,109,50
05/15/2015 06:00:00 PM,81,71,10
05/15/2015 07:00:00 PM,33,21,12
05/15/2015 08:00:00 PM,21,12,9
05/15/2015 09:00:00 PM,18,12,6
05/15/2015 10:00:00 PM,7,5,2
05/15/2015 11:00:00 PM,9,6,3
05/16/2015 12:00:00 AM,6,4,2
05/16/2015 01:00:00 AM,1,1,0
05/16/2015 02:00:00 AM,3,1,2
05/16/2015 03:00:00 AM,1,1,0
05/16/2015 04:00:00 AM,0,0,0
05/16/2015 05:00:00 AM,3,0,3
05/16/2015 06:00:00 AM,4,3,1
05/16/2015 07:00:00 AM,10,10,0
05/16/2015 08:00:00 AM,15,12,3
05/16/2015 09:00:00 AM,15,12,3
05/16/2015 10:00:00 AM,7,5,2
05/16/2015 11:00:00 AM,20,16,4
05/16/2015 12:00:00 PM,26,13,13
05/16/2015 01:00:00 PM,27,19,8
05/16/2015 02:00:00 PM,20,10,10
05/16/2015 03:00:00 PM,23,16,7
05/16/2015 04:00:00 PM,18,10,8
05/16/2015 05:00:00 PM,19,13,6
05/16/2015 06:00:00 PM,23,18,5
05/16/2015 07:00:00 PM,8,5,3
05/16/2015 08:00:00 PM,13,9,4
05/16/2015 09:00:00 PM,11,6,5
05/16/2015 10:00:00 PM,9,6,3
05/16/2015 11:00:00 PM,3,1,2
05/17/2015 12:00:00 AM,3,0,3
05/17/2015 01:00:00 AM,0,0,0
05/17/2015 02:00:00 AM,2,0,2
05/17/2015 03:00:00 AM,3,3,0
05/17/2015 04:00:00 AM,0,0,0
05/17/2015 05:00:00 AM,3,0,3
05/17/2015 06:00:00 AM,6,3,3
05/17/2015 07:00:00 AM,4,3,1
05/17/2015 08:00:00 AM,9,7,2
05/17/2015 09:00:00 AM,13,9,4
05/17/2015 10:00:00 AM,25,19,6
05/17/2015 11:00:00 AM,19,15,4
05/17/2015 12:00:00 PM,35,27,8
05/17/2015 01:00:00 PM,24,12,12
05/17/2015 02:00:00 PM,23,12,11
05/17/2015 03:00:00 PM,28,21,7
05/17/2015 04:00:00 PM,27,14,13
05/17/2015 05:00:00 PM,22,10,12
05/17/2015 06:00:00 PM,12,3,9
05/17/2015 07:00:00 PM,8,6,2
05/17/2015 08:00:00 PM,8,5,3
05/17/2015 09:00:00 PM,11,9,2
05/17/2015 10:00:00 PM,3,2,1
05/17/2015 11:00:00 PM,2,2,0
05/18/2015 12:00:00 AM,2,0,2
05/18/2015 01:00:00 AM,2,1,1
05/18/2015 02:00:00 AM,1,1,0
05/18/2015 03:00:00 AM,2,2,0
05/18/2015 04:00:00 AM,0,0,0
05/18/2015 05:00:00 AM,9,3,6
05/18/2015 06:00:00 AM,59,35,24
05/18/2015 07:00:00 AM,100,73,27
05/18/2015 08:00:00 AM,118,71,47
05/18/2015 09:00:00 AM,59,37,22
05/18/2015 10:00:00 AM,32,25,7
05/18/2015 11:00:00 AM,26,15,11
05/18/2015 12:00:00 PM,29,15,14
05/18/2015 01:00:00 PM,30,21,9
05/18/2015 02:00:00 PM,30,17,13
05/18/2015 03:00:00 PM,90,56,34
05/18/2015 04:00:00 PM,102,77,25
05/18/2015 05:00:00 PM,156,102,54
05/18/2015 06:00:00 PM,80,53,27
05/18/2015 07:00:00 PM,38,27,11
05/18/2015 08:00:00 PM,16,7,9
05/18/2015 09:00:00 PM,11,9,2
05/18/2015 10:00:00 PM,10,8,2
05/18/2015 11:00:00 PM,2,1,1
05/19/2015 12:00:00 AM,3,1,2
05/19/2015 01:00:00 AM,2,0,2
05/19/2015 02:00:00 AM,0,0,0
05/19/2015 03:00:00 AM,0,0,0
05/19/2015 04:00:00 AM,2,1,1
05/19/2015 05:00:00 AM,6,3,3
05/19/2015 06:00:00 AM,55,29,26
05/19/2015 07:00:00 AM,115,85,30
05/19/2015 08:00:00 AM,143,100,43
05/19/2015 09:00:00 AM,56,38,18
05/19/2015 10:00:00 AM,36,20,16
05/19/2015 11:00:00 AM,26,15,11
05/19/2015 12:00:00 PM,37,27,10
05/19/2015 01:00:00 PM,34,23,11
05/19/2015 02:00:00 PM,26,17,9
05/19/2015 03:00:00 PM,64,50,14
05/19/2015 04:00:00 PM,117,76,41
05/19/2015 05:00:00 PM,191,119,72
05/19/2015 06:00:00 PM,75,41,34
05/19/2015 07:00:00 PM,38,28,10
05/19/2015 08:00:00 PM,15,14,1
05/19/2015 09:00:00 PM,15,9,6
05/19/2015 10:00:00 PM,6,4,2
05/19/2015 11:00:00 PM,4,4,0
05/20/2015 12:00:00 AM,4,4,0
05/20/2015 01:00:00 AM,1,1,0
05/20/2015 02:00:00 AM,2,2,0
05/20/2015 03:00:00 AM,0,0,0
05/20/2015 04:00:00 AM,1,1,0
05/20/2015 05:00:00 AM,16,9,7
05/20/2015 06:00:00 AM,54,28,26
05/20/2015 07:00:00 AM,88,67,21
05/20/2015 08:00:00 AM,126,89,37
05/20/2015 09:00:00 AM,54,37,17
05/20/2015 10:00:00 AM,25,22,3
05/20/2015 11:00:00 AM,22,13,9
05/20/2015 12:00:00 PM,36,22,14
05/20/2015 01:00:00 PM,31,17,14
05/20/2015 02:00:00 PM,22,16,6
05/20/2015 03:00:00 PM,60,40,20
05/20/2015 04:00:00 PM,109,72,37
05/20/2015 05:00:00 PM,161,113,48
05/20/2015 06:00:00 PM,66,41,25
05/20/2015 07:00:00 PM,30,18,12
05/20/2015 08:00:00 PM,26,17,9
05/20/2015 09:00:00 PM,16,12,4
05/20/2015 10:00:00 PM,10,6,4
05/20/2015 11:00:00 PM,4,4,0
05/21/2015 12:00:00 AM,1,0,1
05/21/2015 01:00:00 AM,2,1,1
05/21/2015 02:00:00 AM,1,1,0
05/21/2015 03:00:00 AM,1,1,0
05/21/2015 04:00:00 AM,0,0,0
05/21/2015 05:00:00 AM,7,3,4
05/21/2015 06:00:00 AM,46,22,24
05/21/2015 07:00:00 AM,97,76,21
05/21/2015 08:00:00 AM,115,77,38
05/21/2015 09:00:00 AM,45,30,15
05/21/2015 10:00:00 AM,27,17,10
05/21/2015 11:00:00 AM,37,22,15
05/21/2015 12:00:00 PM,29,21,8
05/21/2015 01:00:00 PM,37,28,9
05/21/2015 02:00:00 PM,36,27,9
05/21/2015 03:00:00 PM,67,48,19
05/21/2015 04:00:00 PM,102,74,28
05/21/2015 05:00:00 PM,140,94,46
05/21/2015 06:00:00 PM,88,64,24
05/21/2015 07:00:00 PM,26,13,13
05/21/2015 08:00:00 PM,19,14,5
05/21/2015 09:00:00 PM,15,14,1
05/21/2015 10:00:00 PM,10,8,2
05/21/2015 11:00:00 PM,9,8,1
05/22/2015 12:00:00 AM,1,0,1
05/22/2015 01:00:00 AM,0,0,0
05/22/2015 02:00:00 AM,0,0,0
05/22/2015 03:00:00 AM,0,0,0
05/22/2015 04:00:00 AM,0,0,0
05/22/2015 05:00:00 AM,6,4,2
05/22/2015 06:00:00 AM,43,22,21
05/22/2015 07:00:00 AM,80,59,21
05/22/2015 08:00:00 AM,103,64,39
05/22/2015 09:00:00 AM,53,38,15
05/22/2015 10:00:00 AM,19,15,4
05/22/2015 11:00:00 AM,29,19,10
05/22/2015 12:00:00 PM,46,27,19
05/22/2015 01:00:00 PM,33,20,13
05/22/2015 02:00:00 PM,44,27,17
05/22/2015 03:00:00 PM,68,48,20
05/22/2015 04:00:00 PM,82,58,24
05/22/2015 05:00:00 PM,91,63,28
05/22/2015 06:00:00 PM,43,25,18
05/22/2015 07:00:00 PM,24,14,10
05/22/2015 08:00:00 PM,17,13,4
05/22/2015 09:00:00 PM,12,7,5
05/22/2015 10:00:00 PM,8,7,1
05/22/2015 11:00:00 PM,12,11,1
05/23/2015 12:00:00 AM,4,4,0
05/23/2015 01:00:00 AM,1,1,0
05/23/2015 02:00:00 AM,0,0,0
05/23/2015 03:00:00 AM,3,3,0
05/23/2015 04:00:00 AM,1,1,0
05/23/2015 05:00:00 AM,3,0,3
05/23/2015 06:00:00 AM,3,3,0
05/23/2015 07:00:00 AM,2,1,1
05/23/2015 08:00:00 AM,12,10,2
05/23/2015 09:00:00 AM,5,4,1
05/23/2015 10:00:00 AM,10,8,2
05/23/2015 11:00:00 AM,11,5,6
05/23/2015 12:00:00 PM,11,7,4
05/23/2015 01:00:00 PM,22,16,6
05/23/2015 02:00:00 PM,29,17,12
05/23/2015 03:00:00 PM,11,6,5
05/23/2015 04:00:00 PM,16,12,4
05/23/2015 05:00:00 PM,27,19,8
05/23/2015 06:00:00 PM,25,24,1
05/23/2015 07:00:00 PM,21,10,11
05/23/2015 08:00:00 PM,6,5,1
05/23/2015 09:00:00 PM,27,7,20
05/23/2015 10:00:00 PM,8,2,6
05/23/2015 11:00:00 PM,6,4,2
05/24/2015 12:00:00 AM,3,2,1
05/24/2015 01:00:00 AM,0,0,0
05/24/2015 02:00:00 AM,2,1,1
05/24/2015 03:00:00 AM,0,0,0
05/24/2015 04:00:00 AM,2,2,0
05/24/2015 05:00:00 AM,3,1,2
05/24/2015 06:00:00 AM,4,2,2
05/24/2015 07:00:00 AM,6,4,2
05/24/2015 08:00:00 AM,3,1,2
05/24/2015 09:00:00 AM,13,10,3
05/24/2015 10:00:00 AM,6,3,3
05/24/2015 11:00:00 AM,8,6,2
05/24/2015 12:00:00 PM,19,13,6
05/24/2015 01:00:00 PM,18,8,10
05/24/2015 02:00:00 PM,21,12,9
05/24/2015 03:00:00 PM,24,12,12
05/24/2015 04:00:00 PM,13,3,10
05/24/2015 05:00:00 PM,22,17,5
05/24/2015 06:00:00 PM,17,14,3
05/24/2015 07:00:00 PM,8,7,1
05/24/2015 08:00:00 PM,9,8,1
05/24/2015 09:00:00 PM,7,5,2
05/24/2015 10:00:00 PM,7,5,2
05/24/2015 11:00:00 PM,4,2,2
05/25/2015 12:00:00 AM,2,1,1
05/25/2015 01:00:00 AM,6,2,4
05/25/2015 02:00:00 AM,3,3,0
05/25/2015 03:00:00 AM,1,1,0
05/25/2015 04:00:00 AM,2,2,0
05/25/2015 05:00:00 AM,3,1,2
05/25/2015 06:00:00 AM,4,2,2
05/25/2015 07:00:00 AM,5,4,1
05/25/2015 08:00:00 AM,11,9,2
05/25/2015 09:00:00 AM,16,11,5
05/25/2015 10:00:00 AM,11,8,3
05/25/2015 11:00:00 AM,19,17,2
05/25/2015 12:00:00 PM,13,11,2
05/25/2015 01:00:00 PM,15,8,7
05/25/2015 02:00:00 PM,23,11,12
05/25/2015 03:00:00 PM,17,9,8
05/25/2015 04:00:00 PM,23,16,7
05/25/2015 05:00:00 PM,19,11,8
05/25/2015 06:00:00 PM,16,9,7
05/25/2015 07:00:00 PM,10,6,4
05/25/2015 08:00:00 PM,9,6,3
05/25/2015 09:00:00 PM,8,8,0
05/25/2015 10:00:00 PM,6,5,1
05/25/2015 11:00:00 PM,2,1,1
05/26/2015 12:00:00 AM,4,4,0
05/26/2015 01:00:00 AM,0,0,0
05/26/2015 02:00:00 AM,1,1,0
05/26/2015 03:00:00 AM,0,0,0
05/26/2015 04:00:00 AM,0,0,0
05/26/2015 05:00:00 AM,10,7,3
05/26/2015 06:00:00 AM,43,20,23
05/26/2015 07:00:00 AM,84,59,25
05/26/2015 08:00:00 AM,131,89,42
05/26/2015 09:00:00 AM,52,34,18
05/26/2015 10:00:00 AM,29,17,12
05/26/2015 11:00:00 AM,17,11,6
05/26/2015 12:00:00 PM,29,13,16
05/26/2015 01:00:00 PM,28,23,5
05/26/2015 02:00:00 PM,42,19,23
05/26/2015 03:00:00 PM,40,23,17
05/26/2015 04:00:00 PM,112,80,32
05/26/2015 05:00:00 PM,145,95,50
05/26/2015 06:00:00 PM,58,35,23
05/26/2015 07:00:00 PM,29,21,8
05/26/2015 08:00:00 PM,15,13,2
05/26/2015 09:00:00 PM,8,6,2
05/26/2015 10:00:00 PM,5,4,1
05/26/2015 11:00:00 PM,3,2,1
05/27/2015 12:00:00 AM,4,3,1
05/27/2015 01:00:00 AM,3,3,0
05/27/2015 02:00:00 AM,0,0,0
05/27/2015 03:00:00 AM,1,1,0
05/27/2015 04:00:00 AM,2,2,0
05/27/2015 05:00:00 AM,14,11,3
05/27/2015 06:00:00 AM,54,36,18
05/27/2015 07:00:00 AM,96,68,28
05/27/2015 08:00:00 AM,127,84,43
05/27/2015 09:00:00 AM,51,38,13
05/27/2015 10:00:00 AM,30,19,11
05/27/2015 11:00:00 AM,37,24,13
05/27/2015 12:00:00 PM,38,18,20
05/27/2015 01:00:00 PM,23,12,11
05/27/2015 02:00:00 PM,36,24,12
05/27/2015 03:00:00 PM,60,43,17
05/27/2015 04:00:00 PM,98,70,28
05/27/2015 05:00:00 PM,229,173,56
05/27/2015 06:00:00 PM,118,100,18
05/27/2015 07:00:00 PM,36,23,13
05/27/2015 08:00:00 PM,11,7,4
05/27/2015 09:00:00 PM,44,7,37
05/27/2015 10:00:00 PM,12,6,6
05/27/2015 11:00:00 PM,5,3,2
05/28/2015 12:00:00 AM,2,2,0
05/28/2015 01:00:00 AM,1,1,0
05/28/2015 02:00:00 AM,2,2,0
05/28/2015 03:00:00 AM,0,0,0
05/28/2015 04:00:00 AM,1,1,0
05/28/2015 05:00:00 AM,16,12,4
05/28/2015 06:00:00 AM,39,24,15
05/28/2015 07:00:00 AM,99,67,32
05/28/2015 08:00:00 AM,135,84,51
05/28/2015 09:00:00 AM,61,38,23
05/28/2015 10:00:00 AM,40,26,14
05/28/2015 11:00:00 AM,35,26,9
05/28/2015 12:00:00 PM,43,22,21
05/28/2015 01:00:00 PM,39,25,14
05/28/2015 02:00:00 PM,44,30,14
05/28/2015 03:00:00 PM,56,38,18
05/28/2015 04:00:00 PM,149,113,36
05/28/2015 05:00:00 PM,169,104,65
05/28/2015 06:00:00 PM,88,59,29
05/28/2015 07:00:00 PM,23,14,9
05/28/2015 08:00:00 PM,16,8,8
05/28/2015 09:00:00 PM,15,12,3
05/28/2015 10:00:00 PM,20,10,10
05/28/2015 11:00:00 PM,5,3,2
05/29/2015 12:00:00 AM,4,2,2
05/29/2015 01:00:00 AM,0,0,0
05/29/2015 02:00:00 AM,0,0,0
05/29/2015 03:00:00 AM,2,2,0
05/29/2015 04:00:00 AM,0,0,0
05/29/2015 05:00:00 AM,16,8,8
05/29/2015 06:00:00 AM,57,35,22
05/29/2015 07:00:00 AM,89,67,22
05/29/2015 08:00:00 AM,144,104,40
05/29/2015 09:00:00 AM,64,43,21
05/29/2015 10:00:00 AM,27,21,6
05/29/2015 11:00:00 AM,35,16,19
05/29/2015 12:00:00 PM,33,21,12
05/29/2015 01:00:00 PM,54,32,22
05/29/2015 02:00:00 PM,39,28,11
05/29/2015 03:00:00 PM,67,48,19
05/29/2015 04:00:00 PM,133,89,44
05/29/2015 05:00:00 PM,150,101,49
05/29/2015 06:00:00 PM,66,43,23
05/29/2015 07:00:00 PM,31,17,14
05/29/2015 08:00:00 PM,17,13,4
05/29/2015 09:00:00 PM,11,8,3
05/29/2015 10:00:00 PM,11,5,6
05/29/2015 11:00:00 PM,4,1,3
05/30/2015 12:00:00 AM,7,5,2
05/30/2015 01:00:00 AM,5,4,1
05/30/2015 02:00:00 AM,0,0,0
05/30/2015 03:00:00 AM,1,0,1
05/30/2015 04:00:00 AM,0,0,0
05/30/2015 05:00:00 AM,6,5,1
05/30/2015 06:00:00 AM,6,4,2
05/30/2015 07:00:00 AM,7,7,0
05/30/2015 08:00:00 AM,13,9,4
05/30/2015 09:00:00 AM,16,12,4
05/30/2015 10:00:00 AM,18,14,4
05/30/2015 11:00:00 AM,28,20,8
05/30/2015 12:00:00 PM,17,15,2
05/30/2015 01:00:00 PM,31,24,7
05/30/2015 02:00:00 PM,31,20,11
05/30/2015 03:00:00 PM,33,22,11
05/30/2015 04:00:00 PM,43,26,17
05/30/2015 05:00:00 PM,28,19,9
05/30/2015 06:00:00 PM,22,15,7
05/30/2015 07:00:00 PM,18,11,7
05/30/2015 08:00:00 PM,16,12,4
05/30/2015 09:00:00 PM,4,3,1
05/30/2015 10:00:00 PM,19,6,13
05/30/2015 11:00:00 PM,9,3,6
05/31/2015 12:00:00 AM,6,5,1
05/31/2015 01:00:00 AM,4,4,0
05/31/2015 02:00:00 AM,0,0,0
05/31/2015 03:00:00 AM,4,4,0
05/31/2015 04:00:00 AM,0,0,0
05/31/2015 05:00:00 AM,5,2,3
05/31/2015 06:00:00 AM,4,4,0
05/31/2015 07:00:00 AM,6,5,1
05/31/2015 08:00:00 AM,5,4,1
05/31/2015 09:00:00 AM,11,8,3
05/31/2015 10:00:00 AM,12,9,3
05/31/2015 11:00:00 AM,30,26,4
05/31/2015 12:00:00 PM,55,53,2
05/31/2015 01:00:00 PM,69,61,8
05/31/2015 02:00:00 PM,20,11,9
05/31/2015 03:00:00 PM,20,11,9
05/31/2015 04:00:00 PM,58,11,47
05/31/2015 05:00:00 PM,19,10,9
05/31/2015 06:00:00 PM,13,6,7
05/31/2015 07:00:00 PM,17,13,4
05/31/2015 08:00:00 PM,7,5,2
05/31/2015 09:00:00 PM,4,3,1
05/31/2015 10:00:00 PM,5,2,3
05/31/2015 11:00:00 PM,7,6,1
06/01/2015 12:00:00 AM,3,2,1
06/01/2015 01:00:00 AM,1,1,0
06/01/2015 02:00:00 AM,0,0,0
06/01/2015 03:00:00 AM,0,0,0
06/01/2015 04:00:00 AM,0,0,0
06/01/2015 05:00:00 AM,14,5,9
06/01/2015 06:00:00 AM,38,24,14
06/01/2015 07:00:00 AM,57,37,20
06/01/2015 08:00:00 AM,82,57,25
06/01/2015 09:00:00 AM,34,18,16
06/01/2015 10:00:00 AM,14,11,3
06/01/2015 11:00:00 AM,14,8,6
06/01/2015 12:00:00 PM,20,10,10
06/01/2015 01:00:00 PM,17,8,9
06/01/2015 02:00:00 PM,31,15,16
06/01/2015 03:00:00 PM,41,25,16
06/01/2015 04:00:00 PM,76,52,24
06/01/2015 05:00:00 PM,121,79,42
06/01/2015 06:00:00 PM,51,40,11
06/01/2015 07:00:00 PM,22,13,9
06/01/2015 08:00:00 PM,9,4,5
06/01/2015 09:00:00 PM,11,8,3
06/01/2015 10:00:00 PM,12,7,5
06/01/2015 11:00:00 PM,0,0,0
06/02/2015 12:00:00 AM,2,1,1
06/02/2015 01:00:00 AM,1,1,0
06/02/2015 02:00:00 AM,1,1,0
06/02/2015 03:00:00 AM,0,0,0
06/02/2015 04:00:00 AM,3,1,2
06/02/2015 05:00:00 AM,11,6,5
06/02/2015 06:00:00 AM,37,19,18
06/02/2015 07:00:00 AM,60,42,18
06/02/2015 08:00:00 AM,108,80,28
06/02/2015 09:00:00 AM,48,35,13
06/02/2015 10:00:00 AM,18,12,6
06/02/2015 11:00:00 AM,14,5,9
06/02/2015 12:00:00 PM,17,12,5
06/02/2015 01:00:00 PM,17,11,6
06/02/2015 02:00:00 PM,29,17,12
06/02/2015 03:00:00 PM,49,36,13
06/02/2015 04:00:00 PM,76,63,13
06/02/2015 05:00:00 PM,131,88,43
06/02/2015 06:00:00 PM,72,47,25
06/02/2015 07:00:00 PM,21,13,8
06/02/2015 08:00:00 PM,14,6,8
06/02/2015 09:00:00 PM,12,7,5
06/02/2015 10:00:00 PM,9,5,4
06/02/2015 11:00:00 PM,5,1,4
06/03/2015 12:00:00 AM,4,4,0
06/03/2015 01:00:00 AM,2,1,1
06/03/2015 02:00:00 AM,1,1,0
06/03/2015 03:00:00 AM,0,0,0
06/03/2015 04:00:00 AM,2,1,1
06/03/2015 05:00:00 AM,7,4,3
06/03/2015 06:00:00 AM,45,25,20
06/03/2015 07:00:00 AM,60,43,17
06/03/2015 08:00:00 AM,104,72,32
06/03/2015 09:00:00 AM,48,30,18
06/03/2015 10:00:00 AM,45,31,14
06/03/2015 11:00:00 AM,32,20,12
06/03/2015 12:00:00 PM,34,27,7
06/03/2015 01:00:00 PM,31,21,10
06/03/2015 02:00:00 PM,25,15,10
06/03/2015 03:00:00 PM,55,40,15
06/03/2015 04:00:00 PM,98,72,26
06/03/2015 05:00:00 PM,143,94,49
06/03/2015 06:00:00 PM,71,46,25
06/03/2015 07:00:00 PM,31,24,7
06/03/2015 08:00:00 PM,25,16,9
06/03/2015 09:00:00 PM,13,10,3
06/03/2015 10:00:00 PM,12,9,3
06/03/2015 11:00:00 PM,3,1,2
06/04/2015 12:00:00 AM,2,2,0
06/04/2015 01:00:00 AM,0,0,0
06/04/2015 02:00:00 AM,0,0,0
06/04/2015 03:00:00 AM,0,0,0
06/04/2015 04:00:00 AM,0,0,0
06/04/2015 05:00:00 AM,15,9,6
06/04/2015 06:00:00 AM,37,22,15
06/04/2015 07:00:00 AM,94,68,26
06/04/2015 08:00:00 AM,116,74,42
06/04/2015 09:00:00 AM,49,30,19
06/04/2015 10:00:00 AM,33,20,13
06/04/2015 11:00:00 AM,32,17,15
06/04/2015 12:00:00 PM,19,10,9
06/04/2015 01:00:00 PM,32,22,10
06/04/2015 02:00:00 PM,26,19,7
06/04/2015 03:00:00 PM,70,53,17
06/04/2015 04:00:00 PM,96,75,21
06/04/2015 05:00:00 PM,166,117,49
06/04/2015 06:00:00 PM,97,69,28
06/04/2015 07:00:00 PM,40,23,17
06/04/2015 08:00:00 PM,42,22,20
06/04/2015 09:00:00 PM,16,9,7
06/04/2015 10:00:00 PM,25,8,17
06/04/2015 11:00:00 PM,9,4,5
06/05/2015 12:00:00 AM,3,3,0
06/05/2015 01:00:00 AM,2,2,0
06/05/2015 02:00:00 AM,1,0,1
06/05/2015 03:00:00 AM,1,1,0
06/05/2015 04:00:00 AM,0,0,0
06/05/2015 05:00:00 AM,11,6,5
06/05/2015 06:00:00 AM,47,28,19
06/05/2015 07:00:00 AM,68,47,21
06/05/2015 08:00:00 AM,128,89,39
06/05/2015 09:00:00 AM,55,40,15
06/05/2015 10:00:00 AM,30,18,12
06/05/2015 11:00:00 AM,41,21,20
06/05/2015 12:00:00 PM,35,20,15
06/05/2015 01:00:00 PM,51,35,16
06/05/2015 02:00:00 PM,62,41,21
06/05/2015 03:00:00 PM,81,52,29
06/05/2015 04:00:00 PM,94,65,29
06/05/2015 05:00:00 PM,135,91,44
06/05/2015 06:00:00 PM,60,48,12
06/05/2015 07:00:00 PM,27,22,5
06/05/2015 08:00:00 PM,8,6,2
06/05/2015 09:00:00 PM,10,2,8
06/05/2015 10:00:00 PM,15,5,10
06/05/2015 11:00:00 PM,9,7,2
06/06/2015 12:00:00 AM,3,3,0
06/06/2015 01:00:00 AM,3,1,2
06/06/2015 02:00:00 AM,1,1,0
06/06/2015 03:00:00 AM,1,1,0
06/06/2015 04:00:00 AM,1,1,0
06/06/2015 05:00:00 AM,2,0,2
06/06/2015 06:00:00 AM,4,2,2
06/06/2015 07:00:00 AM,3,2,1
06/06/2015 08:00:00 AM,3,2,1
06/06/2015 09:00:00 AM,10,8,2
06/06/2015 10:00:00 AM,18,13,5
06/06/2015 11:00:00 AM,22,12,10
06/06/2015 12:00:00 PM,19,13,6
06/06/2015 01:00:00 PM,38,28,10
06/06/2015 02:00:00 PM,42,31,11
06/06/2015 03:00:00 PM,34,25,9
06/06/2015 04:00:00 PM,23,16,7
06/06/2015 05:00:00 PM,26,21,5
06/06/2015 06:00:00 PM,30,16,14
06/06/2015 07:00:00 PM,10,6,4
06/06/2015 08:00:00 PM,5,0,5
06/06/2015 09:00:00 PM,11,10,1
06/06/2015 10:00:00 PM,12,9,3
06/06/2015 11:00:00 PM,10,6,4
06/07/2015 12:00:00 AM,1,1,0
06/07/2015 01:00:00 AM,4,1,3
06/07/2015 02:00:00 AM,4,4,0
06/07/2015 03:00:00 AM,1,1,0
06/07/2015 04:00:00 AM,0,0,0
06/07/2015 05:00:00 AM,2,0,2
06/07/2015 06:00:00 AM,7,6,1
06/07/2015 07:00:00 AM,11,5,6
06/07/2015 08:00:00 AM,5,5,0
06/07/2015 09:00:00 AM,20,12,8
06/07/2015 10:00:00 AM,25,19,6
06/07/2015 11:00:00 AM,19,14,5
06/07/2015 12:00:00 PM,28,21,7
06/07/2015 01:00:00 PM,8,6,2
06/07/2015 02:00:00 PM,24,12,12
06/07/2015 03:00:00 PM,23,13,10
06/07/2015 04:00:00 PM,26,19,7
06/07/2015 05:00:00 PM,22,10,12
06/07/2015 06:00:00 PM,9,6,3
06/07/2015 07:00:00 PM,18,10,8
06/07/2015 08:00:00 PM,7,5,2
06/07/2015 09:00:00 PM,9,5,4
06/07/2015 10:00:00 PM,2,1,1
06/07/2015 11:00:00 PM,0,0,0
06/08/2015 12:00:00 AM,2,2,0
06/08/2015 01:00:00 AM,0,0,0
06/08/2015 02:00:00 AM,1,0,1
06/08/2015 03:00:00 AM,1,1,0
06/08/2015 04:00:00 AM,7,1,6
06/08/2015 05:00:00 AM,14,8,6
06/08/2015 06:00:00 AM,43,21,22
06/08/2015 07:00:00 AM,80,59,21
06/08/2015 08:00:00 AM,135,102,33
06/08/2015 09:00:00 AM,61,42,19
06/08/2015 10:00:00 AM,28,21,7
06/08/2015 11:00:00 AM,24,16,8
06/08/2015 12:00:00 PM,27,17,10
06/08/2015 01:00:00 PM,35,20,15
06/08/2015 02:00:00 PM,23,12,11
06/08/2015 03:00:00 PM,68,53,15
06/08/2015 04:00:00 PM,98,72,26
06/08/2015 05:00:00 PM,158,100,58
06/08/2015 06:00:00 PM,49,31,18
06/08/2015 07:00:00 PM,26,18,8
06/08/2015 08:00:00 PM,23,15,8
06/08/2015 09:00:00 PM,13,8,5
06/08/2015 10:00:00 PM,3,3,0
06/08/2015 11:00:00 PM,3,2,1
06/09/2015 12:00:00 AM,4,3,1
06/09/2015 01:00:00 AM,2,2,0
06/09/2015 02:00:00 AM,1,1,0
06/09/2015 03:00:00 AM,0,0,0
06/09/2015 04:00:00 AM,1,0,1
06/09/2015 05:00:00 AM,16,11,5
06/09/2015 06:00:00 AM,52,22,30
06/09/2015 07:00:00 AM,104,76,28
06/09/2015 08:00:00 AM,131,96,35
06/09/2015 09:00:00 AM,62,40,22
06/09/2015 10:00:00 AM,29,23,6
06/09/2015 11:00:00 AM,26,18,8
06/09/2015 12:00:00 PM,32,14,18
06/09/2015 01:00:00 PM,26,15,11
06/09/2015 02:00:00 PM,40,31,9
06/09/2015 03:00:00 PM,64,53,11
06/09/2015 04:00:00 PM,105,72,33
06/09/2015 05:00:00 PM,169,106,63
06/09/2015 06:00:00 PM,56,30,26
06/09/2015 07:00:00 PM,28,19,9
06/09/2015 08:00:00 PM,16,11,5
06/09/2015 09:00:00 PM,10,7,3
06/09/2015 10:00:00 PM,4,2,2
06/09/2015 11:00:00 PM,2,0,2
06/10/2015 12:00:00 AM,4,4,0
06/10/2015 01:00:00 AM,1,0,1
06/10/2015 02:00:00 AM,1,1,0
06/10/2015 03:00:00 AM,0,0,0
06/10/2015 04:00:00 AM,3,2,1
06/10/2015 05:00:00 AM,17,8,9
06/10/2015 06:00:00 AM,41,24,17
06/10/2015 07:00:00 AM,94,69,25
06/10/2015 08:00:00 AM,135,94,41
06/10/2015 09:00:00 AM,47,40,7
06/10/2015 10:00:00 AM,24,12,12
06/10/2015 11:00:00 AM,31,22,9
06/10/2015 12:00:00 PM,22,13,9
06/10/2015 01:00:00 PM,40,30,10
06/10/2015 02:00:00 PM,49,31,18
06/10/2015 03:00:00 PM,58,42,16
06/10/2015 04:00:00 PM,126,99,27
06/10/2015 05:00:00 PM,154,99,55
06/10/2015 06:00:00 PM,75,53,22
06/10/2015 07:00:00 PM,23,16,7
06/10/2015 08:00:00 PM,17,17,0
06/10/2015 09:00:00 PM,15,8,7
06/10/2015 10:00:00 PM,7,6,1
06/10/2015 11:00:00 PM,4,2,2
06/11/2015 12:00:00 AM,4,3,1
06/11/2015 01:00:00 AM,0,0,0
06/11/2015 02:00:00 AM,1,1,0
06/11/2015 03:00:00 AM,0,0,0
06/11/2015 04:00:00 AM,1,1,0
06/11/2015 05:00:00 AM,15,9,6
06/11/2015 06:00:00 AM,42,25,17
06/11/2015 07:00:00 AM,77,57,20
06/11/2015 08:00:00 AM,114,73,41
06/11/2015 09:00:00 AM,54,37,17
06/11/2015 10:00:00 AM,32,25,7
06/11/2015 11:00:00 AM,29,16,13
06/11/2015 12:00:00 PM,42,29,13
06/11/2015 01:00:00 PM,38,26,12
06/11/2015 02:00:00 PM,28,21,7
06/11/2015 03:00:00 PM,57,46,11
06/11/2015 04:00:00 PM,101,70,31
06/11/2015 05:00:00 PM,171,110,61
06/11/2015 06:00:00 PM,65,40,25
06/11/2015 07:00:00 PM,28,18,10
06/11/2015 08:00:00 PM,12,7,5
06/11/2015 09:00:00 PM,12,12,0
06/11/2015 10:00:00 PM,12,9,3
06/11/2015 11:00:00 PM,0,0,0
06/12/2015 12:00:00 AM,0,0,0
06/12/2015 01:00:00 AM,0,0,0
06/12/2015 02:00:00 AM,0,0,0
06/12/2015 03:00:00 AM,0,0,0
06/12/2015 04:00:00 AM,0,0,0
06/12/2015 05:00:00 AM,0,0,0
06/12/2015 06:00:00 AM,0,0,0
06/12/2015 07:00:00 AM,0,0,0
06/12/2015 08:00:00 AM,0,0,0
06/12/2015 09:00:00 AM,0,0,0
06/12/2015 10:00:00 AM,0,0,0
06/12/2015 11:00:00 AM,0,0,0
06/12/2015 12:00:00 PM,0,0,0
06/12/2015 01:00:00 PM,0,0,0
06/12/2015 02:00:00 PM,0,0,0
06/12/2015 03:00:00 PM,0,0,0
06/12/2015 04:00:00 PM,0,0,0
06/12/2015 05:00:00 PM,0,0,0
06/12/2015 06:00:00 PM,0,0,0
06/12/2015 07:00:00 PM,0,0,0
06/12/2015 08:00:00 PM,0,0,0
06/12/2015 09:00:00 PM,0,0,0
06/12/2015 10:00:00 PM,0,0,0
06/12/2015 11:00:00 PM,0,0,0
06/13/2015 12:00:00 AM,0,0,0
06/13/2015 01:00:00 AM,0,0,0
06/13/2015 02:00:00 AM,0,0,0
06/13/2015 03:00:00 AM,0,0,0
06/13/2015 04:00:00 AM,0,0,0
06/13/2015 05:00:00 AM,0,0,0
06/13/2015 06:00:00 AM,0,0,0
06/13/2015 07:00:00 AM,0,0,0
06/13/2015 08:00:00 AM,0,0,0
06/13/2015 09:00:00 AM,0,0,0
06/13/2015 10:00:00 AM,0,0,0
06/13/2015 11:00:00 AM,0,0,0
06/13/2015 12:00:00 PM,0,0,0
06/13/2015 01:00:00 PM,0,0,0
06/13/2015 02:00:00 PM,0,0,0
06/13/2015 03:00:00 PM,0,0,0
06/13/2015 04:00:00 PM,0,0,0
06/13/2015 05:00:00 PM,0,0,0
06/13/2015 06:00:00 PM,0,0,0
06/13/2015 07:00:00 PM,0,0,0
06/13/2015 08:00:00 PM,0,0,0
06/13/2015 09:00:00 PM,0,0,0
06/13/2015 10:00:00 PM,0,0,0
06/13/2015 11:00:00 PM,0,0,0
06/14/2015 12:00:00 AM,0,0,0
06/14/2015 01:00:00 AM,0,0,0
06/14/2015 02:00:00 AM,0,0,0
06/14/2015 03:00:00 AM,0,0,0
06/14/2015 04:00:00 AM,0,0,0
06/14/2015 05:00:00 AM,0,0,0
06/14/2015 06:00:00 AM,0,0,0
06/14/2015 07:00:00 AM,0,0,0
06/14/2015 08:00:00 AM,0,0,0
06/14/2015 09:00:00 AM,0,0,0
06/14/2015 10:00:00 AM,0,0,0
06/14/2015 11:00:00 AM,0,0,0
06/14/2015 12:00:00 PM,0,0,0
06/14/2015 01:00:00 PM,0,0,0
06/14/2015 02:00:00 PM,0,0,0
06/14/2015 03:00:00 PM,0,0,0
06/14/2015 04:00:00 PM,0,0,0
06/14/2015 05:00:00 PM,0,0,0
06/14/2015 06:00:00 PM,0,0,0
06/14/2015 07:00:00 PM,0,0,0
06/14/2015 08:00:00 PM,0,0,0
06/14/2015 09:00:00 PM,0,0,0
06/14/2015 10:00:00 PM,0,0,0
06/14/2015 11:00:00 PM,0,0,0
06/15/2015 12:00:00 AM,0,0,0
06/15/2015 01:00:00 AM,0,0,0
06/15/2015 02:00:00 AM,0,0,0
06/15/2015 03:00:00 AM,0,0,0
06/15/2015 04:00:00 AM,0,0,0
06/15/2015 05:00:00 AM,0,0,0
06/15/2015 06:00:00 AM,0,0,0
06/15/2015 07:00:00 AM,0,0,0
06/15/2015 08:00:00 AM,0,0,0
06/15/2015 09:00:00 AM,0,0,0
06/15/2015 10:00:00 AM,0,0,0
06/15/2015 11:00:00 AM,0,0,0
06/15/2015 12:00:00 PM,0,0,0
06/15/2015 01:00:00 PM,0,0,0
06/15/2015 02:00:00 PM,0,0,0
06/15/2015 03:00:00 PM,0,0,0
06/15/2015 04:00:00 PM,0,0,0
06/15/2015 05:00:00 PM,0,0,0
06/15/2015 06:00:00 PM,0,0,0
06/15/2015 07:00:00 PM,0,0,0
06/15/2015 08:00:00 PM,0,0,0
06/15/2015 09:00:00 PM,0,0,0
06/15/2015 10:00:00 PM,0,0,0
06/15/2015 11:00:00 PM,0,0,0
06/16/2015 12:00:00 AM,0,0,0
06/16/2015 01:00:00 AM,0,0,0
06/16/2015 02:00:00 AM,0,0,0
06/16/2015 03:00:00 AM,0,0,0
06/16/2015 04:00:00 AM,0,0,0
06/16/2015 05:00:00 AM,0,0,0
06/16/2015 06:00:00 AM,0,0,0
06/16/2015 07:00:00 AM,0,0,0
06/16/2015 08:00:00 AM,0,0,0
06/16/2015 09:00:00 AM,0,0,0
06/16/2015 10:00:00 AM,0,0,0
06/16/2015 11:00:00 AM,0,0,0
06/16/2015 12:00:00 PM,0,0,0
06/16/2015 01:00:00 PM,0,0,0
06/16/2015 02:00:00 PM,0,0,0
06/16/2015 03:00:00 PM,0,0,0
06/16/2015 04:00:00 PM,0,0,0
06/16/2015 05:00:00 PM,0,0,0
06/16/2015 06:00:00 PM,0,0,0
06/16/2015 07:00:00 PM,0,0,0
06/16/2015 08:00:00 PM,0,0,0
06/16/2015 09:00:00 PM,0,0,0
06/16/2015 10:00:00 PM,0,0,0
06/16/2015 11:00:00 PM,0,0,0
06/17/2015 12:00:00 AM,0,0,0
06/17/2015 01:00:00 AM,0,0,0
06/17/2015 02:00:00 AM,0,0,0
06/17/2015 03:00:00 AM,0,0,0
06/17/2015 04:00:00 AM,0,0,0
06/17/2015 05:00:00 AM,0,0,0
06/17/2015 06:00:00 AM,0,0,0
06/17/2015 07:00:00 AM,0,0,0
06/17/2015 08:00:00 AM,0,0,0
06/17/2015 09:00:00 AM,0,0,0
06/17/2015 10:00:00 AM,0,0,0
06/17/2015 11:00:00 AM,0,0,0
06/17/2015 12:00:00 PM,0,0,0
06/17/2015 01:00:00 PM,0,0,0
06/17/2015 02:00:00 PM,0,0,0
06/17/2015 03:00:00 PM,0,0,0
06/17/2015 04:00:00 PM,0,0,0
06/17/2015 05:00:00 PM,0,0,0
06/17/2015 06:00:00 PM,0,0,0
06/17/2015 07:00:00 PM,0,0,0
06/17/2015 08:00:00 PM,0,0,0
06/17/2015 09:00:00 PM,0,0,0
06/17/2015 10:00:00 PM,0,0,0
06/17/2015 11:00:00 PM,0,0,0
06/18/2015 12:00:00 AM,0,0,0
06/18/2015 01:00:00 AM,0,0,0
06/18/2015 02:00:00 AM,0,0,0
06/18/2015 03:00:00 AM,0,0,0
06/18/2015 04:00:00 AM,0,0,0
06/18/2015 05:00:00 AM,0,0,0
06/18/2015 06:00:00 AM,0,0,0
06/18/2015 07:00:00 AM,0,0,0
06/18/2015 08:00:00 AM,0,0,0
06/18/2015 09:00:00 AM,0,0,0
06/18/2015 10:00:00 AM,0,0,0
06/18/2015 11:00:00 AM,21,18,3
06/18/2015 12:00:00 PM,19,11,8
06/18/2015 01:00:00 PM,35,21,14
06/18/2015 02:00:00 PM,27,14,13
06/18/2015 03:00:00 PM,63,47,16
06/18/2015 04:00:00 PM,112,84,28
06/18/2015 05:00:00 PM,159,103,56
06/18/2015 06:00:00 PM,74,51,23
06/18/2015 07:00:00 PM,27,20,7
06/18/2015 08:00:00 PM,15,10,5
06/18/2015 09:00:00 PM,12,8,4
06/18/2015 10:00:00 PM,20,7,13
06/18/2015 11:00:00 PM,15,7,8
06/19/2015 12:00:00 AM,4,4,0
06/19/2015 01:00:00 AM,3,2,1
06/19/2015 02:00:00 AM,1,0,1
06/19/2015 03:00:00 AM,1,1,0
06/19/2015 04:00:00 AM,0,0,0
06/19/2015 05:00:00 AM,9,5,4
06/19/2015 06:00:00 AM,30,14,16
06/19/2015 07:00:00 AM,57,39,18
06/19/2015 08:00:00 AM,99,74,25
06/19/2015 09:00:00 AM,54,37,17
06/19/2015 10:00:00 AM,32,28,4
06/19/2015 11:00:00 AM,27,15,12
06/19/2015 12:00:00 PM,31,18,13
06/19/2015 01:00:00 PM,45,34,11
06/19/2015 02:00:00 PM,37,20,17
06/19/2015 03:00:00 PM,56,41,15
06/19/2015 04:00:00 PM,93,61,32
06/19/2015 05:00:00 PM,101,69,32
06/19/2015 06:00:00 PM,65,42,23
06/19/2015 07:00:00 PM,27,19,8
06/19/2015 08:00:00 PM,18,10,8
06/19/2015 09:00:00 PM,10,7,3
06/19/2015 10:00:00 PM,17,8,9
06/19/2015 11:00:00 PM,14,11,3
06/20/2015 12:00:00 AM,5,3,2
06/20/2015 01:00:00 AM,1,1,0
06/20/2015 02:00:00 AM,1,1,0
06/20/2015 03:00:00 AM,1,1,0
06/20/2015 04:00:00 AM,1,0,1
06/20/2015 05:00:00 AM,1,1,0
06/20/2015 06:00:00 AM,2,1,1
06/20/2015 07:00:00 AM,9,4,5
06/20/2015 08:00:00 AM,14,8,6
06/20/2015 09:00:00 AM,15,15,0
06/20/2015 10:00:00 AM,18,9,9
06/20/2015 11:00:00 AM,51,43,8
06/20/2015 12:00:00 PM,63,50,13
06/20/2015 01:00:00 PM,35,11,24
06/20/2015 02:00:00 PM,28,17,11
06/20/2015 03:00:00 PM,75,29,46
06/20/2015 04:00:00 PM,28,19,9
06/20/2015 05:00:00 PM,15,11,4
06/20/2015 06:00:00 PM,30,24,6
06/20/2015 07:00:00 PM,20,14,6
06/20/2015 08:00:00 PM,21,7,14
06/20/2015 09:00:00 PM,13,9,4
06/20/2015 10:00:00 PM,10,4,6
06/20/2015 11:00:00 PM,10,8,2
06/21/2015 12:00:00 AM,7,4,3
06/21/2015 01:00:00 AM,1,1,0
06/21/2015 02:00:00 AM,0,0,0
06/21/2015 03:00:00 AM,0,0,0
06/21/2015 04:00:00 AM,0,0,0
06/21/2015 05:00:00 AM,3,1,2
06/21/2015 06:00:00 AM,4,3,1
06/21/2015 07:00:00 AM,4,4,0
06/21/2015 08:00:00 AM,8,5,3
06/21/2015 09:00:00 AM,10,8,2
06/21/2015 10:00:00 AM,22,16,6
06/21/2015 11:00:00 AM,19,15,4
06/21/2015 12:00:00 PM,30,22,8
06/21/2015 01:00:00 PM,21,13,8
06/21/2015 02:00:00 PM,18,11,7
06/21/2015 03:00:00 PM,19,10,9
06/21/2015 04:00:00 PM,14,4,10
06/21/2015 05:00:00 PM,26,18,8
06/21/2015 06:00:00 PM,13,9,4
06/21/2015 07:00:00 PM,9,6,3
06/21/2015 08:00:00 PM,11,6,5
06/21/2015 09:00:00 PM,4,1,3
06/21/2015 10:00:00 PM,3,3,0
06/21/2015 11:00:00 PM,2,2,0
06/22/2015 12:00:00 AM,0,0,0
06/22/2015 01:00:00 AM,0,0,0
06/22/2015 02:00:00 AM,2,0,2
06/22/2015 03:00:00 AM,1,1,0
06/22/2015 04:00:00 AM,0,0,0
06/22/2015 05:00:00 AM,8,4,4
06/22/2015 06:00:00 AM,38,24,14
06/22/2015 07:00:00 AM,80,56,24
06/22/2015 08:00:00 AM,117,87,30
06/22/2015 09:00:00 AM,42,28,14
06/22/2015 10:00:00 AM,25,18,7
06/22/2015 11:00:00 AM,30,19,11
06/22/2015 12:00:00 PM,29,19,10
06/22/2015 01:00:00 PM,34,24,10
06/22/2015 02:00:00 PM,33,19,14
06/22/2015 03:00:00 PM,57,38,19
06/22/2015 04:00:00 PM,101,64,37
06/22/2015 05:00:00 PM,156,95,61
06/22/2015 06:00:00 PM,63,43,20
06/22/2015 07:00:00 PM,26,18,8
06/22/2015 08:00:00 PM,23,20,3
06/22/2015 09:00:00 PM,10,5,5
06/22/2015 10:00:00 PM,9,7,2
06/22/2015 11:00:00 PM,3,2,1
06/23/2015 12:00:00 AM,6,5,1
06/23/2015 01:00:00 AM,0,0,0
06/23/2015 02:00:00 AM,2,2,0
06/23/2015 03:00:00 AM,0,0,0
06/23/2015 04:00:00 AM,1,1,0
06/23/2015 05:00:00 AM,13,9,4
06/23/2015 06:00:00 AM,60,36,24
06/23/2015 07:00:00 AM,88,63,25
06/23/2015 08:00:00 AM,144,87,57
06/23/2015 09:00:00 AM,69,54,15
06/23/2015 10:00:00 AM,29,22,7
06/23/2015 11:00:00 AM,37,24,13
06/23/2015 12:00:00 PM,25,17,8
06/23/2015 01:00:00 PM,29,21,8
06/23/2015 02:00:00 PM,33,21,12
06/23/2015 03:00:00 PM,70,50,20
06/23/2015 04:00:00 PM,120,85,35
06/23/2015 05:00:00 PM,183,127,56
06/23/2015 06:00:00 PM,80,54,26
06/23/2015 07:00:00 PM,28,18,10
06/23/2015 08:00:00 PM,12,8,4
06/23/2015 09:00:00 PM,5,2,3
06/23/2015 10:00:00 PM,9,5,4
06/23/2015 11:00:00 PM,2,2,0
06/24/2015 12:00:00 AM,1,1,0
06/24/2015 01:00:00 AM,2,0,2
06/24/2015 02:00:00 AM,1,1,0
06/24/2015 03:00:00 AM,0,0,0
06/24/2015 04:00:00 AM,4,2,2
06/24/2015 05:00:00 AM,9,4,5
06/24/2015 06:00:00 AM,55,36,19
06/24/2015 07:00:00 AM,91,61,30
06/24/2015 08:00:00 AM,154,114,40
06/24/2015 09:00:00 AM,38,27,11
06/24/2015 10:00:00 AM,40,27,13
06/24/2015 11:00:00 AM,33,25,8
06/24/2015 12:00:00 PM,36,18,18
06/24/2015 01:00:00 PM,26,13,13
06/24/2015 02:00:00 PM,34,24,10
06/24/2015 03:00:00 PM,56,43,13
06/24/2015 04:00:00 PM,106,79,27
06/24/2015 05:00:00 PM,135,92,43
06/24/2015 06:00:00 PM,78,42,36
06/24/2015 07:00:00 PM,33,23,10
06/24/2015 08:00:00 PM,17,6,11
06/24/2015 09:00:00 PM,17,10,7
06/24/2015 10:00:00 PM,13,6,7
06/24/2015 11:00:00 PM,9,3,6
06/25/2015 12:00:00 AM,2,1,1
06/25/2015 01:00:00 AM,1,1,0
06/25/2015 02:00:00 AM,1,1,0
06/25/2015 03:00:00 AM,1,1,0
06/25/2015 04:00:00 AM,1,1,0
06/25/2015 05:00:00 AM,18,11,7
06/25/2015 06:00:00 AM,31,16,15
06/25/2015 07:00:00 AM,94,61,33
06/25/2015 08:00:00 AM,125,87,38
06/25/2015 09:00:00 AM,50,34,16
06/25/2015 10:00:00 AM,21,14,7
06/25/2015 11:00:00 AM,40,24,16
06/25/2015 12:00:00 PM,30,18,12
06/25/2015 01:00:00 PM,30,16,14
06/25/2015 02:00:00 PM,32,17,15
06/25/2015 03:00:00 PM,66,51,15
06/25/2015 04:00:00 PM,101,67,34
06/25/2015 05:00:00 PM,153,103,50
06/25/2015 06:00:00 PM,67,38,29
06/25/2015 07:00:00 PM,37,28,9
06/25/2015 08:00:00 PM,21,16,5
06/25/2015 09:00:00 PM,4,4,0
06/25/2015 10:00:00 PM,17,9,8
06/25/2015 11:00:00 PM,4,2,2
06/26/2015 12:00:00 AM,2,1,1
06/26/2015 01:00:00 AM,2,2,0
06/26/2015 02:00:00 AM,0,0,0
06/26/2015 03:00:00 AM,2,2,0
06/26/2015 04:00:00 AM,0,0,0
06/26/2015 05:00:00 AM,11,5,6
06/26/2015 06:00:00 AM,36,20,16
06/26/2015 07:00:00 AM,66,43,23
06/26/2015 08:00:00 AM,112,74,38
06/26/2015 09:00:00 AM,45,29,16
06/26/2015 10:00:00 AM,33,23,10
06/26/2015 11:00:00 AM,40,15,25
06/26/2015 12:00:00 PM,40,28,12
06/26/2015 01:00:00 PM,24,18,6
06/26/2015 02:00:00 PM,32,23,9
06/26/2015 03:00:00 PM,67,48,19
06/26/2015 04:00:00 PM,115,78,37
06/26/2015 05:00:00 PM,106,66,40
06/26/2015 06:00:00 PM,44,28,16
06/26/2015 07:00:00 PM,27,16,11
06/26/2015 08:00:00 PM,7,4,3
06/26/2015 09:00:00 PM,9,6,3
06/26/2015 10:00:00 PM,7,5,2
06/26/2015 11:00:00 PM,2,2,0
06/27/2015 12:00:00 AM,4,3,1
06/27/2015 01:00:00 AM,1,1,0
06/27/2015 02:00:00 AM,0,0,0
06/27/2015 03:00:00 AM,1,1,0
06/27/2015 04:00:00 AM,1,0,1
06/27/2015 05:00:00 AM,3,1,2
06/27/2015 06:00:00 AM,10,8,2
06/27/2015 07:00:00 AM,8,6,2
06/27/2015 08:00:00 AM,17,15,2
06/27/2015 09:00:00 AM,22,14,8
06/27/2015 10:00:00 AM,33,24,9
06/27/2015 11:00:00 AM,36,27,9
06/27/2015 12:00:00 PM,25,21,4
06/27/2015 01:00:00 PM,32,19,13
06/27/2015 02:00:00 PM,12,6,6
06/27/2015 03:00:00 PM,22,11,11
06/27/2015 04:00:00 PM,24,8,16
06/27/2015 05:00:00 PM,17,11,6
06/27/2015 06:00:00 PM,12,10,2
06/27/2015 07:00:00 PM,11,8,3
06/27/2015 08:00:00 PM,6,0,6
06/27/2015 09:00:00 PM,10,8,2
06/27/2015 10:00:00 PM,7,4,3
06/27/2015 11:00:00 PM,12,5,7
06/28/2015 12:00:00 AM,8,5,3
06/28/2015 01:00:00 AM,0,0,0
06/28/2015 02:00:00 AM,0,0,0
06/28/2015 03:00:00 AM,3,2,1
06/28/2015 04:00:00 AM,0,0,0
06/28/2015 05:00:00 AM,2,0,2
06/28/2015 06:00:00 AM,2,2,0
06/28/2015 07:00:00 AM,6,6,0
06/28/2015 08:00:00 AM,5,2,3
06/28/2015 09:00:00 AM,9,6,3
06/28/2015 10:00:00 AM,19,10,9
06/28/2015 11:00:00 AM,21,8,13
06/28/2015 12:00:00 PM,8,2,6
06/28/2015 01:00:00 PM,17,7,10
06/28/2015 02:00:00 PM,19,14,5
06/28/2015 03:00:00 PM,19,18,1
06/28/2015 04:00:00 PM,20,17,3
06/28/2015 05:00:00 PM,19,12,7
06/28/2015 06:00:00 PM,9,8,1
06/28/2015 07:00:00 PM,14,10,4
06/28/2015 08:00:00 PM,19,14,5
06/28/2015 09:00:00 PM,7,4,3
06/28/2015 10:00:00 PM,8,2,6
06/28/2015 11:00:00 PM,6,4,2
06/29/2015 12:00:00 AM,1,1,0
06/29/2015 01:00:00 AM,1,1,0
06/29/2015 02:00:00 AM,0,0,0
06/29/2015 03:00:00 AM,3,2,1
06/29/2015 04:00:00 AM,1,1,0
06/29/2015 05:00:00 AM,12,5,7
06/29/2015 06:00:00 AM,37,19,18
06/29/2015 07:00:00 AM,65,47,18
06/29/2015 08:00:00 AM,113,86,27
06/29/2015 09:00:00 AM,53,40,13
06/29/2015 10:00:00 AM,31,19,12
06/29/2015 11:00:00 AM,34,17,17
06/29/2015 12:00:00 PM,32,19,13
06/29/2015 01:00:00 PM,21,12,9
06/29/2015 02:00:00 PM,23,12,11
06/29/2015 03:00:00 PM,48,29,19
06/29/2015 04:00:00 PM,91,68,23
06/29/2015 05:00:00 PM,144,95,49
06/29/2015 06:00:00 PM,78,53,25
06/29/2015 07:00:00 PM,26,21,5
06/29/2015 08:00:00 PM,13,5,8
06/29/2015 09:00:00 PM,10,8,2
06/29/2015 10:00:00 PM,9,7,2
06/29/2015 11:00:00 PM,5,5,0
06/30/2015 12:00:00 AM,4,3,1
06/30/2015 01:00:00 AM,0,0,0
06/30/2015 02:00:00 AM,1,1,0
06/30/2015 03:00:00 AM,0,0,0
06/30/2015 04:00:00 AM,0,0,0
06/30/2015 05:00:00 AM,12,6,6
06/30/2015 06:00:00 AM,42,25,17
06/30/2015 07:00:00 AM,97,62,35
06/30/2015 08:00:00 AM,117,83,34
06/30/2015 09:00:00 AM,66,42,24
06/30/2015 10:00:00 AM,27,18,9
06/30/2015 11:00:00 AM,33,22,11
06/30/2015 12:00:00 PM,23,10,13
06/30/2015 01:00:00 PM,27,17,10
06/30/2015 02:00:00 PM,31,20,11
06/30/2015 03:00:00 PM,58,42,16
06/30/2015 04:00:00 PM,105,83,22
06/30/2015 05:00:00 PM,149,98,51
06/30/2015 06:00:00 PM,86,50,36
06/30/2015 07:00:00 PM,25,15,10
06/30/2015 08:00:00 PM,28,17,11
06/30/2015 09:00:00 PM,13,8,5
06/30/2015 10:00:00 PM,9,3,6
06/30/2015 11:00:00 PM,3,0,3
07/01/2015 12:00:00 AM,4,4,0
07/01/2015 01:00:00 AM,1,1,0
07/01/2015 02:00:00 AM,0,0,0
07/01/2015 03:00:00 AM,0,0,0
07/01/2015 04:00:00 AM,2,2,0
07/01/2015 05:00:00 AM,12,6,6
07/01/2015 06:00:00 AM,39,25,14
07/01/2015 07:00:00 AM,99,62,37
07/01/2015 08:00:00 AM,133,93,40
07/01/2015 09:00:00 AM,52,33,19
07/01/2015 10:00:00 AM,34,29,5
07/01/2015 11:00:00 AM,26,18,8
07/01/2015 12:00:00 PM,38,21,17
07/01/2015 01:00:00 PM,40,22,18
07/01/2015 02:00:00 PM,35,21,14
07/01/2015 03:00:00 PM,65,49,16
07/01/2015 04:00:00 PM,121,78,43
07/01/2015 05:00:00 PM,149,99,50
07/01/2015 06:00:00 PM,70,47,23
07/01/2015 07:00:00 PM,47,34,13
07/01/2015 08:00:00 PM,18,10,8
07/01/2015 09:00:00 PM,17,10,7
07/01/2015 10:00:00 PM,5,2,3
07/01/2015 11:00:00 PM,5,3,2
07/02/2015 12:00:00 AM,1,1,0
07/02/2015 01:00:00 AM,1,1,0
07/02/2015 02:00:00 AM,0,0,0
07/02/2015 03:00:00 AM,0,0,0
07/02/2015 04:00:00 AM,0,0,0
07/02/2015 05:00:00 AM,9,3,6
07/02/2015 06:00:00 AM,32,19,13
07/02/2015 07:00:00 AM,91,59,32
07/02/2015 08:00:00 AM,122,86,36
07/02/2015 09:00:00 AM,48,27,21
07/02/2015 10:00:00 AM,32,20,12
07/02/2015 11:00:00 AM,37,22,15
07/02/2015 12:00:00 PM,32,19,13
07/02/2015 01:00:00 PM,39,27,12
07/02/2015 02:00:00 PM,48,35,13
07/02/2015 03:00:00 PM,60,51,9
07/02/2015 04:00:00 PM,113,76,37
07/02/2015 05:00:00 PM,118,81,37
07/02/2015 06:00:00 PM,62,44,18
07/02/2015 07:00:00 PM,36,28,8
07/02/2015 08:00:00 PM,32,21,11
07/02/2015 09:00:00 PM,12,6,6
07/02/2015 10:00:00 PM,15,13,2
07/02/2015 11:00:00 PM,3,0,3
07/03/2015 12:00:00 AM,1,1,0
07/03/2015 01:00:00 AM,1,1,0
07/03/2015 02:00:00 AM,1,1,0
07/03/2015 03:00:00 AM,0,0,0
07/03/2015 04:00:00 AM,2,2,0
07/03/2015 05:00:00 AM,4,0,4
07/03/2015 06:00:00 AM,8,4,4
07/03/2015 07:00:00 AM,16,11,5
07/03/2015 08:00:00 AM,22,15,7
07/03/2015 09:00:00 AM,21,13,8
07/03/2015 10:00:00 AM,17,13,4
07/03/2015 11:00:00 AM,42,28,14
07/03/2015 12:00:00 PM,35,25,10
07/03/2015 01:00:00 PM,22,14,8
07/03/2015 02:00:00 PM,16,11,5
07/03/2015 03:00:00 PM,22,10,12
07/03/2015 04:00:00 PM,28,18,10
07/03/2015 05:00:00 PM,33,25,8
07/03/2015 06:00:00 PM,23,19,4
07/03/2015 07:00:00 PM,20,16,4
07/03/2015 08:00:00 PM,10,5,5
07/03/2015 09:00:00 PM,9,6,3
07/03/2015 10:00:00 PM,18,7,11
07/03/2015 11:00:00 PM,10,8,2
07/04/2015 12:00:00 AM,8,7,1
07/04/2015 01:00:00 AM,1,0,1
07/04/2015 02:00:00 AM,3,2,1
07/04/2015 03:00:00 AM,3,2,1
07/04/2015 04:00:00 AM,0,0,0
07/04/2015 05:00:00 AM,3,1,2
07/04/2015 06:00:00 AM,3,3,0
07/04/2015 07:00:00 AM,4,1,3
07/04/2015 08:00:00 AM,14,9,5
07/04/2015 09:00:00 AM,7,6,1
07/04/2015 10:00:00 AM,10,8,2
07/04/2015 11:00:00 AM,19,10,9
07/04/2015 12:00:00 PM,11,8,3
07/04/2015 01:00:00 PM,15,8,7
07/04/2015 02:00:00 PM,15,7,8
07/04/2015 03:00:00 PM,19,12,7
07/04/2015 04:00:00 PM,14,8,6
07/04/2015 05:00:00 PM,14,4,10
07/04/2015 06:00:00 PM,15,14,1
07/04/2015 07:00:00 PM,6,5,1
07/04/2015 08:00:00 PM,5,4,1
07/04/2015 09:00:00 PM,8,6,2
07/04/2015 10:00:00 PM,5,4,1
07/04/2015 11:00:00 PM,20,18,2
07/05/2015 12:00:00 AM,6,6,0
07/05/2015 01:00:00 AM,2,2,0
07/05/2015 02:00:00 AM,0,0,0
07/05/2015 03:00:00 AM,0,0,0
07/05/2015 04:00:00 AM,1,1,0
07/05/2015 05:00:00 AM,0,0,0
07/05/2015 06:00:00 AM,5,4,1
07/05/2015 07:00:00 AM,4,2,2
07/05/2015 08:00:00 AM,8,5,3
07/05/2015 09:00:00 AM,18,13,5
07/05/2015 10:00:00 AM,12,6,6
07/05/2015 11:00:00 AM,20,11,9
07/05/2015 12:00:00 PM,14,6,8
07/05/2015 01:00:00 PM,15,13,2
07/05/2015 02:00:00 PM,17,10,7
07/05/2015 03:00:00 PM,20,13,7
07/05/2015 04:00:00 PM,8,3,5
07/05/2015 05:00:00 PM,20,17,3
07/05/2015 06:00:00 PM,6,3,3
07/05/2015 07:00:00 PM,12,7,5
07/05/2015 08:00:00 PM,6,3,3
07/05/2015 09:00:00 PM,8,4,4
07/05/2015 10:00:00 PM,1,1,0
07/05/2015 11:00:00 PM,1,1,0
07/06/2015 12:00:00 AM,3,3,0
07/06/2015 01:00:00 AM,0,0,0
07/06/2015 02:00:00 AM,3,3,0
07/06/2015 03:00:00 AM,0,0,0
07/06/2015 04:00:00 AM,0,0,0
07/06/2015 05:00:00 AM,10,3,7
07/06/2015 06:00:00 AM,35,23,12
07/06/2015 07:00:00 AM,73,55,18
07/06/2015 08:00:00 AM,110,72,38
07/06/2015 09:00:00 AM,64,40,24
07/06/2015 10:00:00 AM,31,24,7
07/06/2015 11:00:00 AM,25,14,11
07/06/2015 12:00:00 PM,29,23,6
07/06/2015 01:00:00 PM,26,17,9
07/06/2015 02:00:00 PM,26,15,11
07/06/2015 03:00:00 PM,66,51,15
07/06/2015 04:00:00 PM,84,60,24
07/06/2015 05:00:00 PM,141,95,46
07/06/2015 06:00:00 PM,69,55,14
07/06/2015 07:00:00 PM,25,12,13
07/06/2015 08:00:00 PM,15,13,2
07/06/2015 09:00:00 PM,23,13,10
07/06/2015 10:00:00 PM,11,6,5
07/06/2015 11:00:00 PM,1,0,1
07/07/2015 12:00:00 AM,2,1,1
07/07/2015 01:00:00 AM,2,1,1
07/07/2015 02:00:00 AM,2,1,1
07/07/2015 03:00:00 AM,0,0,0
07/07/2015 04:00:00 AM,0,0,0
07/07/2015 05:00:00 AM,13,5,8
07/07/2015 06:00:00 AM,50,33,17
07/07/2015 07:00:00 AM,87,60,27
07/07/2015 08:00:00 AM,138,90,48
07/07/2015 09:00:00 AM,63,39,24
07/07/2015 10:00:00 AM,37,22,15
07/07/2015 11:00:00 AM,42,25,17
07/07/2015 12:00:00 PM,34,20,14
07/07/2015 01:00:00 PM,29,19,10
07/07/2015 02:00:00 PM,35,25,10
07/07/2015 03:00:00 PM,65,43,22
07/07/2015 04:00:00 PM,129,97,32
07/07/2015 05:00:00 PM,170,126,44
07/07/2015 06:00:00 PM,88,59,29
07/07/2015 07:00:00 PM,34,19,15
07/07/2015 08:00:00 PM,18,9,9
07/07/2015 09:00:00 PM,15,7,8
07/07/2015 10:00:00 PM,6,3,3
07/07/2015 11:00:00 PM,6,2,4
07/08/2015 12:00:00 AM,3,3,0
07/08/2015 01:00:00 AM,0,0,0
07/08/2015 02:00:00 AM,0,0,0
07/08/2015 03:00:00 AM,0,0,0
07/08/2015 04:00:00 AM,1,0,1
07/08/2015 05:00:00 AM,12,6,6
07/08/2015 06:00:00 AM,51,30,21
07/08/2015 07:00:00 AM,109,75,34
07/08/2015 08:00:00 AM,149,103,46
07/08/2015 09:00:00 AM,59,38,21
07/08/2015 10:00:00 AM,35,17,18
07/08/2015 11:00:00 AM,32,19,13
07/08/2015 12:00:00 PM,34,26,8
07/08/2015 01:00:00 PM,37,20,17
07/08/2015 02:00:00 PM,38,24,14
07/08/2015 03:00:00 PM,62,41,21
07/08/2015 04:00:00 PM,120,80,40
07/08/2015 05:00:00 PM,160,107,53
07/08/2015 06:00:00 PM,75,56,19
07/08/2015 07:00:00 PM,29,15,14
07/08/2015 08:00:00 PM,24,15,9
07/08/2015 09:00:00 PM,11,6,5
07/08/2015 10:00:00 PM,9,9,0
07/08/2015 11:00:00 PM,5,1,4
07/09/2015 12:00:00 AM,3,2,1
07/09/2015 01:00:00 AM,2,1,1
07/09/2015 02:00:00 AM,0,0,0
07/09/2015 03:00:00 AM,0,0,0
07/09/2015 04:00:00 AM,1,1,0
07/09/2015 05:00:00 AM,15,6,9
07/09/2015 06:00:00 AM,42,26,16
07/09/2015 07:00:00 AM,82,65,17
07/09/2015 08:00:00 AM,119,85,34
07/09/2015 09:00:00 AM,71,43,28
07/09/2015 10:00:00 AM,32,21,11
07/09/2015 11:00:00 AM,34,18,16
07/09/2015 12:00:00 PM,34,17,17
07/09/2015 01:00:00 PM,45,26,19
07/09/2015 02:00:00 PM,31,22,9
07/09/2015 03:00:00 PM,62,50,12
07/09/2015 04:00:00 PM,111,74,37
07/09/2015 05:00:00 PM,166,99,67
07/09/2015 06:00:00 PM,87,64,23
07/09/2015 07:00:00 PM,35,24,11
07/09/2015 08:00:00 PM,32,20,12
07/09/2015 09:00:00 PM,14,9,5
07/09/2015 10:00:00 PM,22,12,10
07/09/2015 11:00:00 PM,8,6,2
07/10/2015 12:00:00 AM,1,1,0
07/10/2015 01:00:00 AM,1,1,0
07/10/2015 02:00:00 AM,2,0,2
07/10/2015 03:00:00 AM,0,0,0
07/10/2015 04:00:00 AM,0,0,0
07/10/2015 05:00:00 AM,9,3,6
07/10/2015 06:00:00 AM,35,22,13
07/10/2015 07:00:00 AM,78,60,18
07/10/2015 08:00:00 AM,108,73,35
07/10/2015 09:00:00 AM,46,34,12
07/10/2015 10:00:00 AM,35,26,9
07/10/2015 11:00:00 AM,37,21,16
07/10/2015 12:00:00 PM,35,16,19
07/10/2015 01:00:00 PM,42,28,14
07/10/2015 02:00:00 PM,48,37,11
07/10/2015 03:00:00 PM,74,60,14
07/10/2015 04:00:00 PM,99,65,34
07/10/2015 05:00:00 PM,129,85,44
07/10/2015 06:00:00 PM,56,35,21
07/10/2015 07:00:00 PM,28,20,8
07/10/2015 08:00:00 PM,18,11,7
07/10/2015 09:00:00 PM,17,10,7
07/10/2015 10:00:00 PM,17,6,11
07/10/2015 11:00:00 PM,10,6,4
07/11/2015 12:00:00 AM,4,3,1
07/11/2015 01:00:00 AM,3,3,0
07/11/2015 02:00:00 AM,0,0,0
07/11/2015 03:00:00 AM,1,1,0
07/11/2015 04:00:00 AM,1,1,0
07/11/2015 05:00:00 AM,5,2,3
07/11/2015 06:00:00 AM,3,3,0
07/11/2015 07:00:00 AM,7,4,3
07/11/2015 08:00:00 AM,18,17,1
07/11/2015 09:00:00 AM,19,10,9
07/11/2015 10:00:00 AM,19,9,10
07/11/2015 11:00:00 AM,15,14,1
07/11/2015 12:00:00 PM,18,9,9
07/11/2015 01:00:00 PM,25,10,15
07/11/2015 02:00:00 PM,32,26,6
07/11/2015 03:00:00 PM,14,12,2
07/11/2015 04:00:00 PM,24,16,8
07/11/2015 05:00:00 PM,25,16,9
07/11/2015 06:00:00 PM,18,11,7
07/11/2015 07:00:00 PM,20,16,4
07/11/2015 08:00:00 PM,10,9,1
07/11/2015 09:00:00 PM,11,9,2
07/11/2015 10:00:00 PM,19,7,12
07/11/2015 11:00:00 PM,10,5,5
07/12/2015 12:00:00 AM,3,1,2
07/12/2015 01:00:00 AM,2,0,2
07/12/2015 02:00:00 AM,0,0,0
07/12/2015 03:00:00 AM,1,1,0
07/12/2015 04:00:00 AM,0,0,0
07/12/2015 05:00:00 AM,0,0,0
07/12/2015 06:00:00 AM,4,3,1
07/12/2015 07:00:00 AM,3,3,0
07/12/2015 08:00:00 AM,12,9,3
07/12/2015 09:00:00 AM,15,12,3
07/12/2015 10:00:00 AM,19,9,10
07/12/2015 11:00:00 AM,18,14,4
07/12/2015 12:00:00 PM,34,29,5
07/12/2015 01:00:00 PM,24,17,7
07/12/2015 02:00:00 PM,14,6,8
07/12/2015 03:00:00 PM,23,19,4
07/12/2015 04:00:00 PM,21,13,8
07/12/2015 05:00:00 PM,24,14,10
07/12/2015 06:00:00 PM,13,7,6
07/12/2015 07:00:00 PM,16,11,5
07/12/2015 08:00:00 PM,13,5,8
07/12/2015 09:00:00 PM,9,7,2
07/12/2015 10:00:00 PM,4,2,2
07/12/2015 11:00:00 PM,2,2,0
07/13/2015 12:00:00 AM,0,0,0
07/13/2015 01:00:00 AM,0,0,0
07/13/2015 02:00:00 AM,0,0,0
07/13/2015 03:00:00 AM,0,0,0
07/13/2015 04:00:00 AM,2,1,1
07/13/2015 05:00:00 AM,13,3,10
07/13/2015 06:00:00 AM,34,20,14
07/13/2015 07:00:00 AM,76,48,28
07/13/2015 08:00:00 AM,110,69,41
07/13/2015 09:00:00 AM,38,27,11
07/13/2015 10:00:00 AM,32,20,12
07/13/2015 11:00:00 AM,34,18,16
07/13/2015 12:00:00 PM,25,18,7
07/13/2015 01:00:00 PM,33,23,10
07/13/2015 02:00:00 PM,24,12,12
07/13/2015 03:00:00 PM,51,37,14
07/13/2015 04:00:00 PM,92,65,27
07/13/2015 05:00:00 PM,129,84,45
07/13/2015 06:00:00 PM,56,39,17
07/13/2015 07:00:00 PM,17,15,2
07/13/2015 08:00:00 PM,11,4,7
07/13/2015 09:00:00 PM,10,10,0
07/13/2015 10:00:00 PM,6,5,1
07/13/2015 11:00:00 PM,2,2,0
07/14/2015 12:00:00 AM,3,2,1
07/14/2015 01:00:00 AM,0,0,0
07/14/2015 02:00:00 AM,1,1,0
07/14/2015 03:00:00 AM,2,2,0
07/14/2015 04:00:00 AM,0,0,0
07/14/2015 05:00:00 AM,12,7,5
07/14/2015 06:00:00 AM,32,22,10
07/14/2015 07:00:00 AM,100,73,27
07/14/2015 08:00:00 AM,135,93,42
07/14/2015 09:00:00 AM,63,43,20
07/14/2015 10:00:00 AM,37,25,12
07/14/2015 11:00:00 AM,32,14,18
07/14/2015 12:00:00 PM,28,15,13
07/14/2015 01:00:00 PM,23,14,9
07/14/2015 02:00:00 PM,49,30,19
07/14/2015 03:00:00 PM,52,38,14
07/14/2015 04:00:00 PM,109,78,31
07/14/2015 05:00:00 PM,165,117,48
07/14/2015 06:00:00 PM,73,45,28
07/14/2015 07:00:00 PM,24,13,11
07/14/2015 08:00:00 PM,22,13,9
07/14/2015 09:00:00 PM,15,9,6
07/14/2015 10:00:00 PM,4,2,2
07/14/2015 11:00:00 PM,2,2,0
07/15/2015 12:00:00 AM,2,1,1
07/15/2015 01:00:00 AM,1,0,1
07/15/2015 02:00:00 AM,3,2,1
07/15/2015 03:00:00 AM,1,1,0
07/15/2015 04:00:00 AM,2,1,1
07/15/2015 05:00:00 AM,13,7,6
07/15/2015 06:00:00 AM,44,30,14
07/15/2015 07:00:00 AM,102,64,38
07/15/2015 08:00:00 AM,116,76,40
07/15/2015 09:00:00 AM,61,39,22
07/15/2015 10:00:00 AM,33,24,9
07/15/2015 11:00:00 AM,38,27,11
07/15/2015 12:00:00 PM,29,17,12
07/15/2015 01:00:00 PM,43,27,16
07/15/2015 02:00:00 PM,37,21,16
07/15/2015 03:00:00 PM,57,40,17
07/15/2015 04:00:00 PM,130,86,44
07/15/2015 05:00:00 PM,163,118,45
07/15/2015 06:00:00 PM,80,53,27
07/15/2015 07:00:00 PM,47,29,18
07/15/2015 08:00:00 PM,23,17,6
07/15/2015 09:00:00 PM,10,4,6
07/15/2015 10:00:00 PM,5,5,0
07/15/2015 11:00:00 PM,10,3,7
07/16/2015 12:00:00 AM,3,2,1
07/16/2015 01:00:00 AM,3,2,1
07/16/2015 02:00:00 AM,2,1,1
07/16/2015 03:00:00 AM,0,0,0
07/16/2015 04:00:00 AM,0,0,0
07/16/2015 05:00:00 AM,11,8,3
07/16/2015 06:00:00 AM,39,26,13
07/16/2015 07:00:00 AM,92,50,42
07/16/2015 08:00:00 AM,120,83,37
07/16/2015 09:00:00 AM,49,32,17
07/16/2015 10:00:00 AM,37,21,16
07/16/2015 11:00:00 AM,27,20,7
07/16/2015 12:00:00 PM,49,30,19
07/16/2015 01:00:00 PM,48,39,9
07/16/2015 02:00:00 PM,46,33,13
07/16/2015 03:00:00 PM,65,35,30
07/16/2015 04:00:00 PM,101,72,29
07/16/2015 05:00:00 PM,154,101,53
07/16/2015 06:00:00 PM,62,38,24
07/16/2015 07:00:00 PM,26,16,10
07/16/2015 08:00:00 PM,23,15,8
07/16/2015 09:00:00 PM,12,10,2
07/16/2015 10:00:00 PM,13,8,5
07/16/2015 11:00:00 PM,8,7,1
07/17/2015 12:00:00 AM,3,2,1
07/17/2015 01:00:00 AM,3,2,1
07/17/2015 02:00:00 AM,1,1,0
07/17/2015 03:00:00 AM,0,0,0
07/17/2015 04:00:00 AM,0,0,0
07/17/2015 05:00:00 AM,10,6,4
07/17/2015 06:00:00 AM,44,26,18
07/17/2015 07:00:00 AM,66,45,21
07/17/2015 08:00:00 AM,103,76,27
07/17/2015 09:00:00 AM,53,32,21
07/17/2015 10:00:00 AM,23,14,9
07/17/2015 11:00:00 AM,27,18,9
07/17/2015 12:00:00 PM,35,24,11
07/17/2015 01:00:00 PM,45,30,15
07/17/2015 02:00:00 PM,45,30,15
07/17/2015 03:00:00 PM,67,49,18
07/17/2015 04:00:00 PM,93,60,33
07/17/2015 05:00:00 PM,123,85,38
07/17/2015 06:00:00 PM,63,43,20
07/17/2015 07:00:00 PM,31,26,5
07/17/2015 08:00:00 PM,17,13,4
07/17/2015 09:00:00 PM,5,3,2
07/17/2015 10:00:00 PM,20,5,15
07/17/2015 11:00:00 PM,11,9,2
07/18/2015 12:00:00 AM,4,3,1
07/18/2015 01:00:00 AM,1,1,0
07/18/2015 02:00:00 AM,1,1,0
07/18/2015 03:00:00 AM,0,0,0
07/18/2015 04:00:00 AM,1,1,0
07/18/2015 05:00:00 AM,1,0,1
07/18/2015 06:00:00 AM,7,4,3
07/18/2015 07:00:00 AM,9,5,4
07/18/2015 08:00:00 AM,22,19,3
07/18/2015 09:00:00 AM,20,9,11
07/18/2015 10:00:00 AM,20,15,5
07/18/2015 11:00:00 AM,22,16,6
07/18/2015 12:00:00 PM,25,14,11
07/18/2015 01:00:00 PM,33,20,13
07/18/2015 02:00:00 PM,32,16,16
07/18/2015 03:00:00 PM,37,26,11
07/18/2015 04:00:00 PM,18,11,7
07/18/2015 05:00:00 PM,28,24,4
07/18/2015 06:00:00 PM,44,35,9
07/18/2015 07:00:00 PM,22,12,10
07/18/2015 08:00:00 PM,10,4,6
07/18/2015 09:00:00 PM,24,7,17
07/18/2015 10:00:00 PM,14,7,7
07/18/2015 11:00:00 PM,9,7,2
07/19/2015 12:00:00 AM,5,3,2
07/19/2015 01:00:00 AM,1,0,1
07/19/2015 02:00:00 AM,0,0,0
07/19/2015 03:00:00 AM,3,3,0
07/19/2015 04:00:00 AM,0,0,0
07/19/2015 05:00:00 AM,2,1,1
07/19/2015 06:00:00 AM,3,2,1
07/19/2015 07:00:00 AM,3,2,1
07/19/2015 08:00:00 AM,12,9,3
07/19/2015 09:00:00 AM,13,5,8
07/19/2015 10:00:00 AM,19,12,7
07/19/2015 11:00:00 AM,21,13,8
07/19/2015 12:00:00 PM,15,13,2
07/19/2015 01:00:00 PM,18,13,5
07/19/2015 02:00:00 PM,24,19,5
07/19/2015 03:00:00 PM,25,13,12
07/19/2015 04:00:00 PM,20,11,9
07/19/2015 05:00:00 PM,23,11,12
07/19/2015 06:00:00 PM,19,16,3
07/19/2015 07:00:00 PM,10,6,4
07/19/2015 08:00:00 PM,17,9,8
07/19/2015 09:00:00 PM,13,5,8
07/19/2015 10:00:00 PM,7,3,4
07/19/2015 11:00:00 PM,5,4,1
07/20/2015 12:00:00 AM,6,3,3
07/20/2015 01:00:00 AM,2,2,0
07/20/2015 02:00:00 AM,1,1,0
07/20/2015 03:00:00 AM,1,1,0
07/20/2015 04:00:00 AM,1,1,0
07/20/2015 05:00:00 AM,11,3,8
07/20/2015 06:00:00 AM,34,22,12
07/20/2015 07:00:00 AM,76,45,31
07/20/2015 08:00:00 AM,121,80,41
07/20/2015 09:00:00 AM,52,33,19
07/20/2015 10:00:00 AM,29,19,10
07/20/2015 11:00:00 AM,31,21,10
07/20/2015 12:00:00 PM,21,10,11
07/20/2015 01:00:00 PM,26,17,9
07/20/2015 02:00:00 PM,33,24,9
07/20/2015 03:00:00 PM,57,38,19
07/20/2015 04:00:00 PM,106,82,24
07/20/2015 05:00:00 PM,145,101,44
07/20/2015 06:00:00 PM,73,48,25
07/20/2015 07:00:00 PM,30,20,10
07/20/2015 08:00:00 PM,22,9,13
07/20/2015 09:00:00 PM,16,13,3
07/20/2015 10:00:00 PM,7,4,3
07/20/2015 11:00:00 PM,4,3,1
07/21/2015 12:00:00 AM,0,0,0
07/21/2015 01:00:00 AM,1,1,0
07/21/2015 02:00:00 AM,1,1,0
07/21/2015 03:00:00 AM,3,3,0
07/21/2015 04:00:00 AM,0,0,0
07/21/2015 05:00:00 AM,13,5,8
07/21/2015 06:00:00 AM,48,35,13
07/21/2015 07:00:00 AM,88,64,24
07/21/2015 08:00:00 AM,108,82,26
07/21/2015 09:00:00 AM,69,45,24
07/21/2015 10:00:00 AM,35,26,9
07/21/2015 11:00:00 AM,28,20,8
07/21/2015 12:00:00 PM,30,23,7
07/21/2015 01:00:00 PM,39,24,15
07/21/2015 02:00:00 PM,39,21,18
07/21/2015 03:00:00 PM,42,27,15
07/21/2015 04:00:00 PM,93,65,28
07/21/2015 05:00:00 PM,132,79,53
07/21/2015 06:00:00 PM,65,46,19
07/21/2015 07:00:00 PM,28,19,9
07/21/2015 08:00:00 PM,21,14,7
07/21/2015 09:00:00 PM,10,8,2
07/21/2015 10:00:00 PM,8,3,5
07/21/2015 11:00:00 PM,2,1,1
07/22/2015 12:00:00 AM,3,3,0
07/22/2015 01:00:00 AM,1,0,1
07/22/2015 02:00:00 AM,0,0,0
07/22/2015 03:00:00 AM,1,1,0
07/22/2015 04:00:00 AM,0,0,0
07/22/2015 05:00:00 AM,11,5,6
07/22/2015 06:00:00 AM,42,31,11
07/22/2015 07:00:00 AM,92,68,24
07/22/2015 08:00:00 AM,129,83,46
07/22/2015 09:00:00 AM,52,31,21
07/22/2015 10:00:00 AM,31,20,11
07/22/2015 11:00:00 AM,27,13,14
07/22/2015 12:00:00 PM,41,28,13
07/22/2015 01:00:00 PM,32,17,15
07/22/2015 02:00:00 PM,40,22,18
07/22/2015 03:00:00 PM,61,39,22
07/22/2015 04:00:00 PM,115,81,34
07/22/2015 05:00:00 PM,160,120,40
07/22/2015 06:00:00 PM,67,47,20
07/22/2015 07:00:00 PM,47,22,25
07/22/2015 08:00:00 PM,21,10,11
07/22/2015 09:00:00 PM,18,10,8
07/22/2015 10:00:00 PM,10,6,4
07/22/2015 11:00:00 PM,6,3,3
07/23/2015 12:00:00 AM,4,3,1
07/23/2015 01:00:00 AM,1,0,1
07/23/2015 02:00:00 AM,1,0,1
07/23/2015 03:00:00 AM,0,0,0
07/23/2015 04:00:00 AM,0,0,0
07/23/2015 05:00:00 AM,12,6,6
07/23/2015 06:00:00 AM,35,23,12
07/23/2015 07:00:00 AM,75,51,24
07/23/2015 08:00:00 AM,109,76,33
07/23/2015 09:00:00 AM,48,26,22
07/23/2015 10:00:00 AM,37,29,8
07/23/2015 11:00:00 AM,49,22,27
07/23/2015 12:00:00 PM,30,16,14
07/23/2015 01:00:00 PM,26,20,6
07/23/2015 02:00:00 PM,29,17,12
07/23/2015 03:00:00 PM,54,42,12
07/23/2015 04:00:00 PM,101,72,29
07/23/2015 05:00:00 PM,164,109,55
07/23/2015 06:00:00 PM,77,54,23
07/23/2015 07:00:00 PM,35,21,14
07/23/2015 08:00:00 PM,20,10,10
07/23/2015 09:00:00 PM,12,7,5
07/23/2015 10:00:00 PM,20,7,13
07/23/2015 11:00:00 PM,5,3,2
07/24/2015 12:00:00 AM,1,1,0
07/24/2015 01:00:00 AM,2,0,2
07/24/2015 02:00:00 AM,2,2,0
07/24/2015 03:00:00 AM,0,0,0
07/24/2015 04:00:00 AM,0,0,0
07/24/2015 05:00:00 AM,8,4,4
07/24/2015 06:00:00 AM,35,20,15
07/24/2015 07:00:00 AM,69,45,24
07/24/2015 08:00:00 AM,96,68,28
07/24/2015 09:00:00 AM,44,28,16
07/24/2015 10:00:00 AM,37,23,14
07/24/2015 11:00:00 AM,18,12,6
07/24/2015 12:00:00 PM,39,23,16
07/24/2015 01:00:00 PM,29,19,10
07/24/2015 02:00:00 PM,29,19,10
07/24/2015 03:00:00 PM,62,46,16
07/24/2015 04:00:00 PM,107,77,30
07/24/2015 05:00:00 PM,132,88,44
07/24/2015 06:00:00 PM,55,44,11
07/24/2015 07:00:00 PM,32,22,10
07/24/2015 08:00:00 PM,16,13,3
07/24/2015 09:00:00 PM,10,6,4
07/24/2015 10:00:00 PM,15,9,6
07/24/2015 11:00:00 PM,4,2,2
07/25/2015 12:00:00 AM,6,5,1
07/25/2015 01:00:00 AM,2,2,0
07/25/2015 02:00:00 AM,2,2,0
07/25/2015 03:00:00 AM,1,1,0
07/25/2015 04:00:00 AM,0,0,0
07/25/2015 05:00:00 AM,1,0,1
07/25/2015 06:00:00 AM,2,2,0
07/25/2015 07:00:00 AM,7,3,4
07/25/2015 08:00:00 AM,20,18,2
07/25/2015 09:00:00 AM,8,7,1
07/25/2015 10:00:00 AM,19,11,8
07/25/2015 11:00:00 AM,8,7,1
07/25/2015 12:00:00 PM,26,19,7
07/25/2015 01:00:00 PM,28,17,11
07/25/2015 02:00:00 PM,23,11,12
07/25/2015 03:00:00 PM,23,13,10
07/25/2015 04:00:00 PM,18,8,10
07/25/2015 05:00:00 PM,7,6,1
07/25/2015 06:00:00 PM,6,1,5
07/25/2015 07:00:00 PM,7,4,3
07/25/2015 08:00:00 PM,15,5,10
07/25/2015 09:00:00 PM,13,5,8
07/25/2015 10:00:00 PM,8,4,4
07/25/2015 11:00:00 PM,7,6,1
07/26/2015 12:00:00 AM,7,5,2
07/26/2015 01:00:00 AM,0,0,0
07/26/2015 02:00:00 AM,1,1,0
07/26/2015 03:00:00 AM,0,0,0
07/26/2015 04:00:00 AM,1,1,0
07/26/2015 05:00:00 AM,4,1,3
07/26/2015 06:00:00 AM,2,0,2
07/26/2015 07:00:00 AM,3,2,1
07/26/2015 08:00:00 AM,7,5,2
07/26/2015 09:00:00 AM,14,12,2
07/26/2015 10:00:00 AM,17,14,3
07/26/2015 11:00:00 AM,8,6,2
07/26/2015 12:00:00 PM,14,9,5
07/26/2015 01:00:00 PM,21,11,10
07/26/2015 02:00:00 PM,18,7,11
07/26/2015 03:00:00 PM,13,8,5
07/26/2015 04:00:00 PM,7,3,4
07/26/2015 05:00:00 PM,7,3,4
07/26/2015 06:00:00 PM,6,6,0
07/26/2015 07:00:00 PM,9,5,4
07/26/2015 08:00:00 PM,5,1,4
07/26/2015 09:00:00 PM,7,4,3
07/26/2015 10:00:00 PM,4,2,2
07/26/2015 11:00:00 PM,3,1,2
07/27/2015 12:00:00 AM,0,0,0
07/27/2015 01:00:00 AM,2,1,1
07/27/2015 02:00:00 AM,0,0,0
07/27/2015 03:00:00 AM,1,1,0
07/27/2015 04:00:00 AM,1,1,0
07/27/2015 05:00:00 AM,12,3,9
07/27/2015 06:00:00 AM,36,21,15
07/27/2015 07:00:00 AM,55,35,20
07/27/2015 08:00:00 AM,122,76,46
07/27/2015 09:00:00 AM,48,31,17
07/27/2015 10:00:00 AM,26,17,9
07/27/2015 11:00:00 AM,23,15,8
07/27/2015 12:00:00 PM,30,16,14
07/27/2015 01:00:00 PM,38,28,10
07/27/2015 02:00:00 PM,45,26,19
07/27/2015 03:00:00 PM,63,50,13
07/27/2015 04:00:00 PM,93,74,19
07/27/2015 05:00:00 PM,129,87,42
07/27/2015 06:00:00 PM,75,46,29
07/27/2015 07:00:00 PM,23,16,7
07/27/2015 08:00:00 PM,17,9,8
07/27/2015 09:00:00 PM,19,15,4
07/27/2015 10:00:00 PM,11,7,4
07/27/2015 11:00:00 PM,6,2,4
07/28/2015 12:00:00 AM,2,2,0
07/28/2015 01:00:00 AM,1,1,0
07/28/2015 02:00:00 AM,1,1,0
07/28/2015 03:00:00 AM,0,0,0
07/28/2015 04:00:00 AM,1,1,0
07/28/2015 05:00:00 AM,9,5,4
07/28/2015 06:00:00 AM,50,36,14
07/28/2015 07:00:00 AM,103,64,39
07/28/2015 08:00:00 AM,133,93,40
07/28/2015 09:00:00 AM,59,36,23
07/28/2015 10:00:00 AM,31,17,14
07/28/2015 11:00:00 AM,46,26,20
07/28/2015 12:00:00 PM,46,31,15
07/28/2015 01:00:00 PM,30,21,9
07/28/2015 02:00:00 PM,27,16,11
07/28/2015 03:00:00 PM,62,39,23
07/28/2015 04:00:00 PM,137,103,34
07/28/2015 05:00:00 PM,163,104,59
07/28/2015 06:00:00 PM,87,69,18
07/28/2015 07:00:00 PM,32,22,10
07/28/2015 08:00:00 PM,12,7,5
07/28/2015 09:00:00 PM,19,7,12
07/28/2015 10:00:00 PM,15,3,12
07/28/2015 11:00:00 PM,5,0,5
07/29/2015 12:00:00 AM,8,6,2
07/29/2015 01:00:00 AM,1,0,1
07/29/2015 02:00:00 AM,0,0,0
07/29/2015 03:00:00 AM,2,2,0
07/29/2015 04:00:00 AM,0,0,0
07/29/2015 05:00:00 AM,13,6,7
07/29/2015 06:00:00 AM,43,31,12
07/29/2015 07:00:00 AM,90,59,31
07/29/2015 08:00:00 AM,142,96,46
07/29/2015 09:00:00 AM,62,32,30
07/29/2015 10:00:00 AM,36,25,11
07/29/2015 11:00:00 AM,40,29,11
07/29/2015 12:00:00 PM,59,44,15
07/29/2015 01:00:00 PM,35,24,11
07/29/2015 02:00:00 PM,33,19,14
07/29/2015 03:00:00 PM,62,45,17
07/29/2015 04:00:00 PM,123,88,35
07/29/2015 05:00:00 PM,155,102,53
07/29/2015 06:00:00 PM,63,38,25
07/29/2015 07:00:00 PM,31,22,9
07/29/2015 08:00:00 PM,17,10,7
07/29/2015 09:00:00 PM,13,9,4
07/29/2015 10:00:00 PM,5,3,2
07/29/2015 11:00:00 PM,6,5,1
07/30/2015 12:00:00 AM,5,1,4
07/30/2015 01:00:00 AM,1,1,0
07/30/2015 02:00:00 AM,0,0,0
07/30/2015 03:00:00 AM,0,0,0
07/30/2015 04:00:00 AM,1,1,0
07/30/2015 05:00:00 AM,10,4,6
07/30/2015 06:00:00 AM,43,26,17
07/30/2015 07:00:00 AM,86,60,26
07/30/2015 08:00:00 AM,136,89,47
07/30/2015 09:00:00 AM,47,26,21
07/30/2015 10:00:00 AM,39,35,4
07/30/2015 11:00:00 AM,22,16,6
07/30/2015 12:00:00 PM,26,13,13
07/30/2015 01:00:00 PM,33,19,14
07/30/2015 02:00:00 PM,31,15,16
07/30/2015 03:00:00 PM,50,36,14
07/30/2015 04:00:00 PM,95,77,18
07/30/2015 05:00:00 PM,118,80,38
07/30/2015 06:00:00 PM,78,53,25
07/30/2015 07:00:00 PM,49,37,12
07/30/2015 08:00:00 PM,11,6,5
07/30/2015 09:00:00 PM,17,12,5
07/30/2015 10:00:00 PM,23,10,13
07/30/2015 11:00:00 PM,2,1,1
07/31/2015 12:00:00 AM,4,4,0
07/31/2015 01:00:00 AM,2,1,1
07/31/2015 02:00:00 AM,0,0,0
07/31/2015 03:00:00 AM,0,0,0
07/31/2015 04:00:00 AM,0,0,0
07/31/2015 05:00:00 AM,7,2,5
07/31/2015 06:00:00 AM,34,22,12
07/31/2015 07:00:00 AM,68,46,22
07/31/2015 08:00:00 AM,108,71,37
07/31/2015 09:00:00 AM,61,44,17
07/31/2015 10:00:00 AM,38,18,20
07/31/2015 11:00:00 AM,46,34,12
07/31/2015 12:00:00 PM,38,21,17
07/31/2015 01:00:00 PM,37,27,10
07/31/2015 02:00:00 PM,44,30,14
07/31/2015 03:00:00 PM,67,51,16
07/31/2015 04:00:00 PM,102,75,27
07/31/2015 05:00:00 PM,145,95,50
07/31/2015 06:00:00 PM,49,35,14
07/31/2015 07:00:00 PM,29,15,14
07/31/2015 08:00:00 PM,12,7,5
07/31/2015 09:00:00 PM,9,6,3
07/31/2015 10:00:00 PM,21,14,7
07/31/2015 11:00:00 PM,9,6,3
08/01/2015 12:00:00 AM,1,1,0
08/01/2015 01:00:00 AM,2,2,0
08/01/2015 02:00:00 AM,0,0,0
08/01/2015 03:00:00 AM,0,0,0
08/01/2015 04:00:00 AM,2,1,1
08/01/2015 05:00:00 AM,1,0,1
08/01/2015 06:00:00 AM,3,1,2
08/01/2015 07:00:00 AM,5,2,3
08/01/2015 08:00:00 AM,20,13,7
08/01/2015 09:00:00 AM,17,8,9
08/01/2015 10:00:00 AM,7,6,1
08/01/2015 11:00:00 AM,26,21,5
08/01/2015 12:00:00 PM,33,21,12
08/01/2015 01:00:00 PM,27,22,5
08/01/2015 02:00:00 PM,31,22,9
08/01/2015 03:00:00 PM,29,17,12
08/01/2015 04:00:00 PM,14,8,6
08/01/2015 05:00:00 PM,33,22,11
08/01/2015 06:00:00 PM,42,36,6
08/01/2015 07:00:00 PM,5,3,2
08/01/2015 08:00:00 PM,13,7,6
08/01/2015 09:00:00 PM,36,3,33
08/01/2015 10:00:00 PM,9,4,5
08/01/2015 11:00:00 PM,5,1,4
08/02/2015 12:00:00 AM,6,3,3
08/02/2015 01:00:00 AM,1,0,1
08/02/2015 02:00:00 AM,2,1,1
08/02/2015 03:00:00 AM,0,0,0
08/02/2015 04:00:00 AM,0,0,0
08/02/2015 05:00:00 AM,3,2,1
08/02/2015 06:00:00 AM,1,1,0
08/02/2015 07:00:00 AM,2,2,0
08/02/2015 08:00:00 AM,4,2,2
08/02/2015 09:00:00 AM,7,3,4
08/02/2015 10:00:00 AM,16,8,8
08/02/2015 11:00:00 AM,15,14,1
08/02/2015 12:00:00 PM,22,19,3
08/02/2015 01:00:00 PM,20,14,6
08/02/2015 02:00:00 PM,22,11,11
08/02/2015 03:00:00 PM,27,17,10
08/02/2015 04:00:00 PM,31,24,7
08/02/2015 05:00:00 PM,27,15,12
08/02/2015 06:00:00 PM,18,9,9
08/02/2015 07:00:00 PM,10,5,5
08/02/2015 08:00:00 PM,11,8,3
08/02/2015 09:00:00 PM,11,9,2
08/02/2015 10:00:00 PM,3,1,2
08/02/2015 11:00:00 PM,5,4,1
08/03/2015 12:00:00 AM,1,1,0
08/03/2015 01:00:00 AM,0,0,0
08/03/2015 02:00:00 AM,1,1,0
08/03/2015 03:00:00 AM,0,0,0
08/03/2015 04:00:00 AM,0,0,0
08/03/2015 05:00:00 AM,9,3,6
08/03/2015 06:00:00 AM,36,24,12
08/03/2015 07:00:00 AM,76,50,26
08/03/2015 08:00:00 AM,106,67,39
08/03/2015 09:00:00 AM,50,28,22
08/03/2015 10:00:00 AM,31,23,8
08/03/2015 11:00:00 AM,31,16,15
08/03/2015 12:00:00 PM,23,15,8
08/03/2015 01:00:00 PM,29,19,10
08/03/2015 02:00:00 PM,31,26,5
08/03/2015 03:00:00 PM,62,43,19
08/03/2015 04:00:00 PM,96,72,24
08/03/2015 05:00:00 PM,158,100,58
08/03/2015 06:00:00 PM,79,56,23
08/03/2015 07:00:00 PM,22,13,9
08/03/2015 08:00:00 PM,17,10,7
08/03/2015 09:00:00 PM,14,9,5
08/03/2015 10:00:00 PM,12,7,5
08/03/2015 11:00:00 PM,5,4,1
08/04/2015 12:00:00 AM,7,7,0
08/04/2015 01:00:00 AM,2,2,0
08/04/2015 02:00:00 AM,0,0,0
08/04/2015 03:00:00 AM,1,1,0
08/04/2015 04:00:00 AM,0,0,0
08/04/2015 05:00:00 AM,8,4,4
08/04/2015 06:00:00 AM,40,29,11
08/04/2015 07:00:00 AM,104,70,34
08/04/2015 08:00:00 AM,123,75,48
08/04/2015 09:00:00 AM,53,34,19
08/04/2015 10:00:00 AM,24,15,9
08/04/2015 11:00:00 AM,24,14,10
08/04/2015 12:00:00 PM,34,23,11
08/04/2015 01:00:00 PM,29,21,8
08/04/2015 02:00:00 PM,23,11,12
08/04/2015 03:00:00 PM,59,43,16
08/04/2015 04:00:00 PM,114,89,25
08/04/2015 05:00:00 PM,170,109,61
08/04/2015 06:00:00 PM,73,45,28
08/04/2015 07:00:00 PM,18,10,8
08/04/2015 08:00:00 PM,19,14,5
08/04/2015 09:00:00 PM,9,7,2
08/04/2015 10:00:00 PM,10,8,2
08/04/2015 11:00:00 PM,3,2,1
08/05/2015 12:00:00 AM,3,3,0
08/05/2015 01:00:00 AM,1,0,1
08/05/2015 02:00:00 AM,1,1,0
08/05/2015 03:00:00 AM,0,0,0
08/05/2015 04:00:00 AM,0,0,0
08/05/2015 05:00:00 AM,8,4,4
08/05/2015 06:00:00 AM,39,27,12
08/05/2015 07:00:00 AM,78,55,23
08/05/2015 08:00:00 AM,135,89,46
08/05/2015 09:00:00 AM,59,38,21
08/05/2015 10:00:00 AM,29,20,9
08/05/2015 11:00:00 AM,34,27,7
08/05/2015 12:00:00 PM,30,23,7
08/05/2015 01:00:00 PM,31,22,9
08/05/2015 02:00:00 PM,44,31,13
08/05/2015 03:00:00 PM,65,44,21
08/05/2015 04:00:00 PM,109,72,37
08/05/2015 05:00:00 PM,177,107,70
08/05/2015 06:00:00 PM,66,42,24
08/05/2015 07:00:00 PM,19,13,6
08/05/2015 08:00:00 PM,14,10,4
08/05/2015 09:00:00 PM,9,7,2
08/05/2015 10:00:00 PM,11,6,5
08/05/2015 11:00:00 PM,11,5,6
08/06/2015 12:00:00 AM,9,8,1
08/06/2015 01:00:00 AM,0,0,0
08/06/2015 02:00:00 AM,0,0,0
08/06/2015 03:00:00 AM,1,1,0
08/06/2015 04:00:00 AM,0,0,0
08/06/2015 05:00:00 AM,15,6,9
08/06/2015 06:00:00 AM,30,15,15
08/06/2015 07:00:00 AM,86,56,30
08/06/2015 08:00:00 AM,131,84,47
08/06/2015 09:00:00 AM,52,31,21
08/06/2015 10:00:00 AM,29,19,10
08/06/2015 11:00:00 AM,33,21,12
08/06/2015 12:00:00 PM,29,19,10
08/06/2015 01:00:00 PM,43,34,9
08/06/2015 02:00:00 PM,33,23,10
08/06/2015 03:00:00 PM,57,46,11
08/06/2015 04:00:00 PM,101,71,30
08/06/2015 05:00:00 PM,163,110,53
08/06/2015 06:00:00 PM,79,55,24
08/06/2015 07:00:00 PM,35,23,12
08/06/2015 08:00:00 PM,25,13,12
08/06/2015 09:00:00 PM,13,7,6
08/06/2015 10:00:00 PM,9,2,7
08/06/2015 11:00:00 PM,6,3,3
08/07/2015 12:00:00 AM,7,4,3
08/07/2015 01:00:00 AM,1,0,1
08/07/2015 02:00:00 AM,1,1,0
08/07/2015 03:00:00 AM,0,0,0
08/07/2015 04:00:00 AM,0,0,0
08/07/2015 05:00:00 AM,6,3,3
08/07/2015 06:00:00 AM,30,18,12
08/07/2015 07:00:00 AM,61,41,20
08/07/2015 08:00:00 AM,108,66,42
08/07/2015 09:00:00 AM,36,25,11
08/07/2015 10:00:00 AM,31,21,10
08/07/2015 11:00:00 AM,31,19,12
08/07/2015 12:00:00 PM,41,33,8
08/07/2015 01:00:00 PM,37,17,20
08/07/2015 02:00:00 PM,46,30,16
08/07/2015 03:00:00 PM,80,50,30
08/07/2015 04:00:00 PM,101,62,39
08/07/2015 05:00:00 PM,134,86,48
08/07/2015 06:00:00 PM,61,43,18
08/07/2015 07:00:00 PM,33,22,11
08/07/2015 08:00:00 PM,19,13,6
08/07/2015 09:00:00 PM,16,7,9
08/07/2015 10:00:00 PM,15,5,10
08/07/2015 11:00:00 PM,15,5,10
08/08/2015 12:00:00 AM,13,6,7
08/08/2015 01:00:00 AM,12,1,11
08/08/2015 02:00:00 AM,1,0,1
08/08/2015 03:00:00 AM,0,0,0
08/08/2015 04:00:00 AM,1,0,1
08/08/2015 05:00:00 AM,3,1,2
08/08/2015 06:00:00 AM,4,3,1
08/08/2015 07:00:00 AM,2,0,2
08/08/2015 08:00:00 AM,18,17,1
08/08/2015 09:00:00 AM,15,9,6
08/08/2015 10:00:00 AM,32,23,9
08/08/2015 11:00:00 AM,17,12,5
08/08/2015 12:00:00 PM,22,13,9
08/08/2015 01:00:00 PM,27,17,10
08/08/2015 02:00:00 PM,12,11,1
08/08/2015 03:00:00 PM,28,16,12
08/08/2015 04:00:00 PM,31,19,12
08/08/2015 05:00:00 PM,24,17,7
08/08/2015 06:00:00 PM,18,13,5
08/08/2015 07:00:00 PM,9,5,4
08/08/2015 08:00:00 PM,15,11,4
08/08/2015 09:00:00 PM,10,3,7
08/08/2015 10:00:00 PM,13,6,7
08/08/2015 11:00:00 PM,14,6,8
08/09/2015 12:00:00 AM,4,0,4
08/09/2015 01:00:00 AM,4,2,2
08/09/2015 02:00:00 AM,1,1,0
08/09/2015 03:00:00 AM,1,1,0
08/09/2015 04:00:00 AM,1,0,1
08/09/2015 05:00:00 AM,2,1,1
08/09/2015 06:00:00 AM,11,10,1
08/09/2015 07:00:00 AM,5,3,2
08/09/2015 08:00:00 AM,6,6,0
08/09/2015 09:00:00 AM,7,2,5
08/09/2015 10:00:00 AM,15,12,3
08/09/2015 11:00:00 AM,21,12,9
08/09/2015 12:00:00 PM,28,24,4
08/09/2015 01:00:00 PM,35,17,18
08/09/2015 02:00:00 PM,17,14,3
08/09/2015 03:00:00 PM,19,10,9
08/09/2015 04:00:00 PM,31,20,11
08/09/2015 05:00:00 PM,16,8,8
08/09/2015 06:00:00 PM,21,6,15
08/09/2015 07:00:00 PM,12,4,8
08/09/2015 08:00:00 PM,5,1,4
08/09/2015 09:00:00 PM,6,3,3
08/09/2015 10:00:00 PM,10,6,4
08/09/2015 11:00:00 PM,3,1,2
08/10/2015 12:00:00 AM,0,0,0
08/10/2015 01:00:00 AM,0,0,0
08/10/2015 02:00:00 AM,0,0,0
08/10/2015 03:00:00 AM,0,0,0
08/10/2015 04:00:00 AM,4,1,3
08/10/2015 05:00:00 AM,14,3,11
08/10/2015 06:00:00 AM,44,28,16
08/10/2015 07:00:00 AM,77,53,24
08/10/2015 08:00:00 AM,112,62,50
08/10/2015 09:00:00 AM,42,27,15
08/10/2015 10:00:00 AM,31,18,13
08/10/2015 11:00:00 AM,37,23,14
08/10/2015 12:00:00 PM,23,16,7
08/10/2015 01:00:00 PM,24,12,12
08/10/2015 02:00:00 PM,25,15,10
08/10/2015 03:00:00 PM,57,45,12
08/10/2015 04:00:00 PM,102,68,34
08/10/2015 05:00:00 PM,142,98,44
08/10/2015 06:00:00 PM,78,55,23
08/10/2015 07:00:00 PM,36,26,10
08/10/2015 08:00:00 PM,10,4,6
08/10/2015 09:00:00 PM,11,6,5
08/10/2015 10:00:00 PM,5,1,4
08/10/2015 11:00:00 PM,4,3,1
08/11/2015 12:00:00 AM,3,3,0
08/11/2015 01:00:00 AM,3,2,1
08/11/2015 02:00:00 AM,1,1,0
08/11/2015 03:00:00 AM,1,1,0
08/11/2015 04:00:00 AM,0,0,0
08/11/2015 05:00:00 AM,11,4,7
08/11/2015 06:00:00 AM,42,25,17
08/11/2015 07:00:00 AM,92,62,30
08/11/2015 08:00:00 AM,144,95,49
08/11/2015 09:00:00 AM,63,36,27
08/11/2015 10:00:00 AM,27,18,9
08/11/2015 11:00:00 AM,36,22,14
08/11/2015 12:00:00 PM,40,27,13
08/11/2015 01:00:00 PM,44,28,16
08/11/2015 02:00:00 PM,32,23,9
08/11/2015 03:00:00 PM,67,48,19
08/11/2015 04:00:00 PM,113,87,26
08/11/2015 05:00:00 PM,181,121,60
08/11/2015 06:00:00 PM,82,48,34
08/11/2015 07:00:00 PM,38,26,12
08/11/2015 08:00:00 PM,17,15,2
08/11/2015 09:00:00 PM,12,7,5
08/11/2015 10:00:00 PM,15,6,9
08/11/2015 11:00:00 PM,6,1,5
08/12/2015 12:00:00 AM,5,5,0
08/12/2015 01:00:00 AM,0,0,0
08/12/2015 02:00:00 AM,1,0,1
08/12/2015 03:00:00 AM,1,1,0
08/12/2015 04:00:00 AM,1,0,1
08/12/2015 05:00:00 AM,13,5,8
08/12/2015 06:00:00 AM,36,20,16
08/12/2015 07:00:00 AM,95,68,27
08/12/2015 08:00:00 AM,121,81,40
08/12/2015 09:00:00 AM,60,40,20
08/12/2015 10:00:00 AM,35,28,7
08/12/2015 11:00:00 AM,29,17,12
08/12/2015 12:00:00 PM,45,32,13
08/12/2015 01:00:00 PM,28,15,13
08/12/2015 02:00:00 PM,24,14,10
08/12/2015 03:00:00 PM,68,41,27
08/12/2015 04:00:00 PM,126,78,48
08/12/2015 05:00:00 PM,172,112,60
08/12/2015 06:00:00 PM,63,38,25
08/12/2015 07:00:00 PM,20,9,11
08/12/2015 08:00:00 PM,14,12,2
08/12/2015 09:00:00 PM,14,11,3
08/12/2015 10:00:00 PM,9,4,5
08/12/2015 11:00:00 PM,5,2,3
08/13/2015 12:00:00 AM,5,3,2
08/13/2015 01:00:00 AM,2,2,0
08/13/2015 02:00:00 AM,3,2,1
08/13/2015 03:00:00 AM,0,0,0
08/13/2015 04:00:00 AM,0,0,0
08/13/2015 05:00:00 AM,10,4,6
08/13/2015 06:00:00 AM,40,21,19
08/13/2015 07:00:00 AM,86,54,32
08/13/2015 08:00:00 AM,131,91,40
08/13/2015 09:00:00 AM,57,36,21
08/13/2015 10:00:00 AM,33,20,13
08/13/2015 11:00:00 AM,28,19,9
08/13/2015 12:00:00 PM,36,17,19
08/13/2015 01:00:00 PM,46,32,14
08/13/2015 02:00:00 PM,36,23,13
08/13/2015 03:00:00 PM,50,37,13
08/13/2015 04:00:00 PM,100,67,33
08/13/2015 05:00:00 PM,173,108,65
08/13/2015 06:00:00 PM,82,51,31
08/13/2015 07:00:00 PM,27,17,10
08/13/2015 08:00:00 PM,19,13,6
08/13/2015 09:00:00 PM,17,14,3
08/13/2015 10:00:00 PM,7,4,3
08/13/2015 11:00:00 PM,9,6,3
08/14/2015 12:00:00 AM,3,2,1
08/14/2015 01:00:00 AM,3,1,2
08/14/2015 02:00:00 AM,2,1,1
08/14/2015 03:00:00 AM,0,0,0
08/14/2015 04:00:00 AM,1,1,0
08/14/2015 05:00:00 AM,3,1,2
08/14/2015 06:00:00 AM,21,11,10
08/14/2015 07:00:00 AM,47,38,9
08/14/2015 08:00:00 AM,79,54,25
08/14/2015 09:00:00 AM,40,27,13
08/14/2015 10:00:00 AM,16,11,5
08/14/2015 11:00:00 AM,27,22,5
08/14/2015 12:00:00 PM,33,20,13
08/14/2015 01:00:00 PM,25,13,12
08/14/2015 02:00:00 PM,21,13,8
08/14/2015 03:00:00 PM,33,24,9
08/14/2015 04:00:00 PM,56,38,18
08/14/2015 05:00:00 PM,53,36,17
08/14/2015 06:00:00 PM,34,24,10
08/14/2015 07:00:00 PM,20,15,5
08/14/2015 08:00:00 PM,11,9,2
08/14/2015 09:00:00 PM,6,4,2
08/14/2015 10:00:00 PM,9,3,6
08/14/2015 11:00:00 PM,4,0,4
08/15/2015 12:00:00 AM,4,4,0
08/15/2015 01:00:00 AM,0,0,0
08/15/2015 02:00:00 AM,0,0,0
08/15/2015 03:00:00 AM,1,1,0
08/15/2015 04:00:00 AM,1,0,1
08/15/2015 05:00:00 AM,1,1,0
08/15/2015 06:00:00 AM,4,2,2
08/15/2015 07:00:00 AM,7,5,2
08/15/2015 08:00:00 AM,20,17,3
08/15/2015 09:00:00 AM,7,5,2
08/15/2015 10:00:00 AM,12,5,7
08/15/2015 11:00:00 AM,19,13,6
08/15/2015 12:00:00 PM,14,11,3
08/15/2015 01:00:00 PM,29,20,9
08/15/2015 02:00:00 PM,28,16,12
08/15/2015 03:00:00 PM,33,14,19
08/15/2015 04:00:00 PM,37,22,15
08/15/2015 05:00:00 PM,14,8,6
08/15/2015 06:00:00 PM,9,5,4
08/15/2015 07:00:00 PM,16,8,8
08/15/2015 08:00:00 PM,15,8,7
08/15/2015 09:00:00 PM,10,6,4
08/15/2015 10:00:00 PM,9,6,3
08/15/2015 11:00:00 PM,5,3,2
08/16/2015 12:00:00 AM,6,5,1
08/16/2015 01:00:00 AM,1,1,0
08/16/2015 02:00:00 AM,2,2,0
08/16/2015 03:00:00 AM,1,1,0
08/16/2015 04:00:00 AM,1,1,0
08/16/2015 05:00:00 AM,3,3,0
08/16/2015 06:00:00 AM,3,2,1
08/16/2015 07:00:00 AM,3,1,2
08/16/2015 08:00:00 AM,11,7,4
08/16/2015 09:00:00 AM,10,6,4
08/16/2015 10:00:00 AM,13,9,4
08/16/2015 11:00:00 AM,30,29,1
08/16/2015 12:00:00 PM,41,36,5
08/16/2015 01:00:00 PM,84,73,11
08/16/2015 02:00:00 PM,29,16,13
08/16/2015 03:00:00 PM,28,20,8
08/16/2015 04:00:00 PM,60,11,49
08/16/2015 05:00:00 PM,32,13,19
08/16/2015 06:00:00 PM,14,8,6
08/16/2015 07:00:00 PM,9,8,1
08/16/2015 08:00:00 PM,12,6,6
08/16/2015 09:00:00 PM,6,3,3
08/16/2015 10:00:00 PM,6,2,4
08/16/2015 11:00:00 PM,4,4,0
08/17/2015 12:00:00 AM,1,0,1
08/17/2015 01:00:00 AM,1,1,0
08/17/2015 02:00:00 AM,2,2,0
08/17/2015 03:00:00 AM,1,1,0
08/17/2015 04:00:00 AM,1,0,1
08/17/2015 05:00:00 AM,6,3,3
08/17/2015 06:00:00 AM,34,19,15
08/17/2015 07:00:00 AM,72,51,21
08/17/2015 08:00:00 AM,114,71,43
08/17/2015 09:00:00 AM,70,49,21
08/17/2015 10:00:00 AM,31,23,8
08/17/2015 11:00:00 AM,27,16,11
08/17/2015 12:00:00 PM,28,18,10
08/17/2015 01:00:00 PM,30,15,15
08/17/2015 02:00:00 PM,36,23,13
08/17/2015 03:00:00 PM,71,50,21
08/17/2015 04:00:00 PM,110,73,37
08/17/2015 05:00:00 PM,148,91,57
08/17/2015 06:00:00 PM,71,48,23
08/17/2015 07:00:00 PM,30,19,11
08/17/2015 08:00:00 PM,11,8,3
08/17/2015 09:00:00 PM,10,9,1
08/17/2015 10:00:00 PM,5,2,3
08/17/2015 11:00:00 PM,7,4,3
08/18/2015 12:00:00 AM,4,3,1
08/18/2015 01:00:00 AM,0,0,0
08/18/2015 02:00:00 AM,2,1,1
08/18/2015 03:00:00 AM,1,1,0
08/18/2015 04:00:00 AM,0,0,0
08/18/2015 05:00:00 AM,14,6,8
08/18/2015 06:00:00 AM,38,25,13
08/18/2015 07:00:00 AM,98,61,37
08/18/2015 08:00:00 AM,119,82,37
08/18/2015 09:00:00 AM,73,44,29
08/18/2015 10:00:00 AM,29,17,12
08/18/2015 11:00:00 AM,42,27,15
08/18/2015 12:00:00 PM,24,13,11
08/18/2015 01:00:00 PM,33,18,15
08/18/2015 02:00:00 PM,46,27,19
08/18/2015 03:00:00 PM,68,44,24
08/18/2015 04:00:00 PM,116,79,37
08/18/2015 05:00:00 PM,186,127,59
08/18/2015 06:00:00 PM,68,41,27
08/18/2015 07:00:00 PM,32,20,12
08/18/2015 08:00:00 PM,25,22,3
08/18/2015 09:00:00 PM,12,6,6
08/18/2015 10:00:00 PM,6,2,4
08/18/2015 11:00:00 PM,5,4,1
08/19/2015 12:00:00 AM,2,1,1
08/19/2015 01:00:00 AM,2,2,0
08/19/2015 02:00:00 AM,1,1,0
08/19/2015 03:00:00 AM,1,1,0
08/19/2015 04:00:00 AM,0,0,0
08/19/2015 05:00:00 AM,14,6,8
08/19/2015 06:00:00 AM,47,33,14
08/19/2015 07:00:00 AM,78,56,22
08/19/2015 08:00:00 AM,134,100,34
08/19/2015 09:00:00 AM,68,47,21
08/19/2015 10:00:00 AM,35,23,12
08/19/2015 11:00:00 AM,27,17,10
08/19/2015 12:00:00 PM,33,19,14
08/19/2015 01:00:00 PM,31,21,10
08/19/2015 02:00:00 PM,36,22,14
08/19/2015 03:00:00 PM,70,43,27
08/19/2015 04:00:00 PM,127,92,35
08/19/2015 05:00:00 PM,173,139,34
08/19/2015 06:00:00 PM,90,67,23
08/19/2015 07:00:00 PM,42,34,8
08/19/2015 08:00:00 PM,24,15,9
08/19/2015 09:00:00 PM,33,8,25
08/19/2015 10:00:00 PM,16,10,6
08/19/2015 11:00:00 PM,9,4,5
08/20/2015 12:00:00 AM,4,4,0
08/20/2015 01:00:00 AM,0,0,0
08/20/2015 02:00:00 AM,2,1,1
08/20/2015 03:00:00 AM,0,0,0
08/20/2015 04:00:00 AM,1,0,1
08/20/2015 05:00:00 AM,15,8,7
08/20/2015 06:00:00 AM,38,23,15
08/20/2015 07:00:00 AM,73,46,27
08/20/2015 08:00:00 AM,116,83,33
08/20/2015 09:00:00 AM,52,38,14
08/20/2015 10:00:00 AM,25,14,11
08/20/2015 11:00:00 AM,38,26,12
08/20/2015 12:00:00 PM,39,22,17
08/20/2015 01:00:00 PM,36,21,15
08/20/2015 02:00:00 PM,27,16,11
08/20/2015 03:00:00 PM,60,37,23
08/20/2015 04:00:00 PM,100,81,19
08/20/2015 05:00:00 PM,171,116,55
08/20/2015 06:00:00 PM,80,49,31
08/20/2015 07:00:00 PM,37,28,9
08/20/2015 08:00:00 PM,24,17,7
08/20/2015 09:00:00 PM,11,9,2
08/20/2015 10:00:00 PM,4,4,0
08/20/2015 11:00:00 PM,5,3,2
08/21/2015 12:00:00 AM,6,2,4
08/21/2015 01:00:00 AM,2,1,1
08/21/2015 02:00:00 AM,1,1,0
08/21/2015 03:00:00 AM,3,1,2
08/21/2015 04:00:00 AM,1,0,1
08/21/2015 05:00:00 AM,3,1,2
08/21/2015 06:00:00 AM,32,19,13
08/21/2015 07:00:00 AM,77,57,20
08/21/2015 08:00:00 AM,91,61,30
08/21/2015 09:00:00 AM,66,33,33
08/21/2015 10:00:00 AM,20,11,9
08/21/2015 11:00:00 AM,45,20,25
08/21/2015 12:00:00 PM,36,14,22
08/21/2015 01:00:00 PM,29,18,11
08/21/2015 02:00:00 PM,35,26,9
08/21/2015 03:00:00 PM,72,49,23
08/21/2015 04:00:00 PM,111,75,36
08/21/2015 05:00:00 PM,139,102,37
08/21/2015 06:00:00 PM,54,34,20
08/21/2015 07:00:00 PM,24,14,10
08/21/2015 08:00:00 PM,10,6,4
08/21/2015 09:00:00 PM,12,8,4
08/21/2015 10:00:00 PM,11,2,9
08/21/2015 11:00:00 PM,9,3,6
08/22/2015 12:00:00 AM,10,8,2
08/22/2015 01:00:00 AM,6,5,1
08/22/2015 02:00:00 AM,0,0,0
08/22/2015 03:00:00 AM,2,1,1
08/22/2015 04:00:00 AM,0,0,0
08/22/2015 05:00:00 AM,4,3,1
08/22/2015 06:00:00 AM,3,2,1
08/22/2015 07:00:00 AM,4,2,2
08/22/2015 08:00:00 AM,11,7,4
08/22/2015 09:00:00 AM,25,18,7
08/22/2015 10:00:00 AM,16,8,8
08/22/2015 11:00:00 AM,10,6,4
08/22/2015 12:00:00 PM,22,6,16
08/22/2015 01:00:00 PM,25,14,11
08/22/2015 02:00:00 PM,18,13,5
08/22/2015 03:00:00 PM,19,12,7
08/22/2015 04:00:00 PM,23,15,8
08/22/2015 05:00:00 PM,17,10,7
08/22/2015 06:00:00 PM,26,16,10
08/22/2015 07:00:00 PM,21,13,8
08/22/2015 08:00:00 PM,6,3,3
08/22/2015 09:00:00 PM,9,4,5
08/22/2015 10:00:00 PM,7,4,3
08/22/2015 11:00:00 PM,11,6,5
08/23/2015 12:00:00 AM,4,3,1
08/23/2015 01:00:00 AM,2,2,0
08/23/2015 02:00:00 AM,2,1,1
08/23/2015 03:00:00 AM,1,1,0
08/23/2015 04:00:00 AM,0,0,0
08/23/2015 05:00:00 AM,1,0,1
08/23/2015 06:00:00 AM,2,2,0
08/23/2015 07:00:00 AM,7,5,2
08/23/2015 08:00:00 AM,8,6,2
08/23/2015 09:00:00 AM,22,14,8
08/23/2015 10:00:00 AM,20,11,9
08/23/2015 11:00:00 AM,10,7,3
08/23/2015 12:00:00 PM,23,16,7
08/23/2015 01:00:00 PM,16,11,5
08/23/2015 02:00:00 PM,21,16,5
08/23/2015 03:00:00 PM,12,9,3
08/23/2015 04:00:00 PM,29,14,15
08/23/2015 05:00:00 PM,23,13,10
08/23/2015 06:00:00 PM,13,5,8
08/23/2015 07:00:00 PM,15,8,7
08/23/2015 08:00:00 PM,9,7,2
08/23/2015 09:00:00 PM,7,5,2
08/23/2015 10:00:00 PM,5,4,1
08/23/2015 11:00:00 PM,3,2,1
08/24/2015 12:00:00 AM,3,2,1
08/24/2015 01:00:00 AM,0,0,0
08/24/2015 02:00:00 AM,1,1,0
08/24/2015 03:00:00 AM,0,0,0
08/24/2015 04:00:00 AM,0,0,0
08/24/2015 05:00:00 AM,12,5,7
08/24/2015 06:00:00 AM,37,25,12
08/24/2015 07:00:00 AM,75,45,30
08/24/2015 08:00:00 AM,133,92,41
08/24/2015 09:00:00 AM,56,34,22
08/24/2015 10:00:00 AM,20,13,7
08/24/2015 11:00:00 AM,44,26,18
08/24/2015 12:00:00 PM,25,14,11
08/24/2015 01:00:00 PM,29,17,12
08/24/2015 02:00:00 PM,45,29,16
08/24/2015 03:00:00 PM,55,41,14
08/24/2015 04:00:00 PM,113,75,38
08/24/2015 05:00:00 PM,153,107,46
08/24/2015 06:00:00 PM,79,48,31
08/24/2015 07:00:00 PM,30,16,14
08/24/2015 08:00:00 PM,13,9,4
08/24/2015 09:00:00 PM,12,7,5
08/24/2015 10:00:00 PM,11,6,5
08/24/2015 11:00:00 PM,4,2,2
08/25/2015 12:00:00 AM,4,4,0
08/25/2015 01:00:00 AM,0,0,0
08/25/2015 02:00:00 AM,2,1,1
08/25/2015 03:00:00 AM,0,0,0
08/25/2015 04:00:00 AM,1,0,1
08/25/2015 05:00:00 AM,11,6,5
08/25/2015 06:00:00 AM,35,23,12
08/25/2015 07:00:00 AM,104,65,39
08/25/2015 08:00:00 AM,137,98,39
08/25/2015 09:00:00 AM,57,36,21
08/25/2015 10:00:00 AM,34,29,5
08/25/2015 11:00:00 AM,32,18,14
08/25/2015 12:00:00 PM,34,21,13
08/25/2015 01:00:00 PM,32,18,14
08/25/2015 02:00:00 PM,39,26,13
08/25/2015 03:00:00 PM,65,49,16
08/25/2015 04:00:00 PM,124,85,39
08/25/2015 05:00:00 PM,172,115,57
08/25/2015 06:00:00 PM,72,48,24
08/25/2015 07:00:00 PM,35,25,10
08/25/2015 08:00:00 PM,20,11,9
08/25/2015 09:00:00 PM,11,8,3
08/25/2015 10:00:00 PM,11,5,6
08/25/2015 11:00:00 PM,4,2,2
08/26/2015 12:00:00 AM,3,3,0
08/26/2015 01:00:00 AM,0,0,0
08/26/2015 02:00:00 AM,0,0,0
08/26/2015 03:00:00 AM,0,0,0
08/26/2015 04:00:00 AM,0,0,0
08/26/2015 05:00:00 AM,12,7,5
08/26/2015 06:00:00 AM,41,24,17
08/26/2015 07:00:00 AM,76,56,20
08/26/2015 08:00:00 AM,144,100,44
08/26/2015 09:00:00 AM,61,40,21
08/26/2015 10:00:00 AM,38,21,17
08/26/2015 11:00:00 AM,26,19,7
08/26/2015 12:00:00 PM,37,27,10
08/26/2015 01:00:00 PM,27,13,14
08/26/2015 02:00:00 PM,45,27,18
08/26/2015 03:00:00 PM,51,37,14
08/26/2015 04:00:00 PM,99,67,32
08/26/2015 05:00:00 PM,138,90,48
08/26/2015 06:00:00 PM,61,37,24
08/26/2015 07:00:00 PM,27,13,14
08/26/2015 08:00:00 PM,19,16,3
08/26/2015 09:00:00 PM,7,6,1
08/26/2015 10:00:00 PM,8,6,2
08/26/2015 11:00:00 PM,7,3,4
08/27/2015 12:00:00 AM,2,2,0
08/27/2015 01:00:00 AM,1,0,1
08/27/2015 02:00:00 AM,0,0,0
08/27/2015 03:00:00 AM,0,0,0
08/27/2015 04:00:00 AM,1,0,1
08/27/2015 05:00:00 AM,7,3,4
08/27/2015 06:00:00 AM,43,31,12
08/27/2015 07:00:00 AM,84,54,30
08/27/2015 08:00:00 AM,112,78,34
08/27/2015 09:00:00 AM,69,41,28
08/27/2015 10:00:00 AM,27,19,8
08/27/2015 11:00:00 AM,26,15,11
08/27/2015 12:00:00 PM,37,18,19
08/27/2015 01:00:00 PM,36,19,17
08/27/2015 02:00:00 PM,31,19,12
08/27/2015 03:00:00 PM,61,37,24
08/27/2015 04:00:00 PM,108,80,28
08/27/2015 05:00:00 PM,146,103,43
08/27/2015 06:00:00 PM,70,44,26
08/27/2015 07:00:00 PM,26,14,12
08/27/2015 08:00:00 PM,22,17,5
08/27/2015 09:00:00 PM,9,8,1
08/27/2015 10:00:00 PM,5,3,2
08/27/2015 11:00:00 PM,2,1,1
08/28/2015 12:00:00 AM,4,4,0
08/28/2015 01:00:00 AM,2,2,0
08/28/2015 02:00:00 AM,0,0,0
08/28/2015 03:00:00 AM,0,0,0
08/28/2015 04:00:00 AM,0,0,0
08/28/2015 05:00:00 AM,5,3,2
08/28/2015 06:00:00 AM,25,14,11
08/28/2015 07:00:00 AM,49,27,22
08/28/2015 08:00:00 AM,74,54,20
08/28/2015 09:00:00 AM,39,18,21
08/28/2015 10:00:00 AM,35,23,12
08/28/2015 11:00:00 AM,26,16,10
08/28/2015 12:00:00 PM,27,16,11
08/28/2015 01:00:00 PM,18,11,7
08/28/2015 02:00:00 PM,40,31,9
08/28/2015 03:00:00 PM,66,45,21
08/28/2015 04:00:00 PM,79,49,30
08/28/2015 05:00:00 PM,87,56,31
08/28/2015 06:00:00 PM,40,24,16
08/28/2015 07:00:00 PM,13,7,6
08/28/2015 08:00:00 PM,10,7,3
08/28/2015 09:00:00 PM,10,6,4
08/28/2015 10:00:00 PM,8,3,5
08/28/2015 11:00:00 PM,7,3,4
08/29/2015 12:00:00 AM,5,4,1
08/29/2015 01:00:00 AM,2,1,1
08/29/2015 02:00:00 AM,3,3,0
08/29/2015 03:00:00 AM,0,0,0
08/29/2015 04:00:00 AM,1,1,0
08/29/2015 05:00:00 AM,3,1,2
08/29/2015 06:00:00 AM,2,1,1
08/29/2015 07:00:00 AM,3,2,1
08/29/2015 08:00:00 AM,4,3,1
08/29/2015 09:00:00 AM,8,5,3
08/29/2015 10:00:00 AM,12,7,5
08/29/2015 11:00:00 AM,9,6,3
08/29/2015 12:00:00 PM,11,9,2
08/29/2015 01:00:00 PM,13,8,5
08/29/2015 02:00:00 PM,10,6,4
08/29/2015 03:00:00 PM,16,10,6
08/29/2015 04:00:00 PM,16,8,8
08/29/2015 05:00:00 PM,12,8,4
08/29/2015 06:00:00 PM,7,6,1
08/29/2015 07:00:00 PM,4,1,3
08/29/2015 08:00:00 PM,4,3,1
08/29/2015 09:00:00 PM,1,0,1
08/29/2015 10:00:00 PM,5,2,3
08/29/2015 11:00:00 PM,0,0,0
08/30/2015 12:00:00 AM,3,3,0
08/30/2015 01:00:00 AM,0,0,0
08/30/2015 02:00:00 AM,1,1,0
08/30/2015 03:00:00 AM,1,1,0
08/30/2015 04:00:00 AM,0,0,0
08/30/2015 05:00:00 AM,2,2,0
08/30/2015 06:00:00 AM,1,0,1
08/30/2015 07:00:00 AM,1,1,0
08/30/2015 08:00:00 AM,8,7,1
08/30/2015 09:00:00 AM,0,0,0
08/30/2015 10:00:00 AM,18,12,6
08/30/2015 11:00:00 AM,16,14,2
08/30/2015 12:00:00 PM,32,28,4
08/30/2015 01:00:00 PM,64,62,2
08/30/2015 02:00:00 PM,11,7,4
08/30/2015 03:00:00 PM,16,6,10
08/30/2015 04:00:00 PM,46,7,39
08/30/2015 05:00:00 PM,10,5,5
08/30/2015 06:00:00 PM,8,3,5
08/30/2015 07:00:00 PM,9,7,2
08/30/2015 08:00:00 PM,5,5,0
08/30/2015 09:00:00 PM,5,3,2
08/30/2015 10:00:00 PM,2,0,2
08/30/2015 11:00:00 PM,6,6,0
08/31/2015 12:00:00 AM,4,2,2
08/31/2015 01:00:00 AM,2,2,0
08/31/2015 02:00:00 AM,1,0,1
08/31/2015 03:00:00 AM,0,0,0
08/31/2015 04:00:00 AM,2,2,0
08/31/2015 05:00:00 AM,8,4,4
08/31/2015 06:00:00 AM,22,14,8
08/31/2015 07:00:00 AM,60,37,23
08/31/2015 08:00:00 AM,94,56,38
08/31/2015 09:00:00 AM,46,32,14
08/31/2015 10:00:00 AM,15,6,9
08/31/2015 11:00:00 AM,24,15,9
08/31/2015 12:00:00 PM,41,28,13
08/31/2015 01:00:00 PM,23,16,7
08/31/2015 02:00:00 PM,24,16,8
08/31/2015 03:00:00 PM,42,29,13
08/31/2015 04:00:00 PM,77,56,21
08/31/2015 05:00:00 PM,100,67,33
08/31/2015 06:00:00 PM,47,29,18
08/31/2015 07:00:00 PM,20,15,5
08/31/2015 08:00:00 PM,8,3,5
08/31/2015 09:00:00 PM,11,5,6
08/31/2015 10:00:00 PM,6,4,2
08/31/2015 11:00:00 PM,11,10,1
09/01/2015 12:00:00 AM,3,3,0
09/01/2015 01:00:00 AM,0,0,0
09/01/2015 02:00:00 AM,1,0,1
09/01/2015 03:00:00 AM,0,0,0
09/01/2015 04:00:00 AM,1,1,0
09/01/2015 05:00:00 AM,10,7,3
09/01/2015 06:00:00 AM,30,23,7
09/01/2015 07:00:00 AM,63,48,15
09/01/2015 08:00:00 AM,100,71,29
09/01/2015 09:00:00 AM,37,21,16
09/01/2015 10:00:00 AM,25,13,12
09/01/2015 11:00:00 AM,23,13,10
09/01/2015 12:00:00 PM,25,14,11
09/01/2015 01:00:00 PM,31,17,14
09/01/2015 02:00:00 PM,27,22,5
09/01/2015 03:00:00 PM,46,33,13
09/01/2015 04:00:00 PM,70,48,22
09/01/2015 05:00:00 PM,122,75,47
09/01/2015 06:00:00 PM,41,20,21
09/01/2015 07:00:00 PM,16,12,4
09/01/2015 08:00:00 PM,12,7,5
09/01/2015 09:00:00 PM,6,5,1
09/01/2015 10:00:00 PM,4,4,0
09/01/2015 11:00:00 PM,3,2,1
09/02/2015 12:00:00 AM,1,1,0
09/02/2015 01:00:00 AM,0,0,0
09/02/2015 02:00:00 AM,1,0,1
09/02/2015 03:00:00 AM,0,0,0
09/02/2015 04:00:00 AM,1,1,0
09/02/2015 05:00:00 AM,9,7,2
09/02/2015 06:00:00 AM,33,16,17
09/02/2015 07:00:00 AM,74,56,18
09/02/2015 08:00:00 AM,105,71,34
09/02/2015 09:00:00 AM,55,34,21
09/02/2015 10:00:00 AM,26,18,8
09/02/2015 11:00:00 AM,24,14,10
09/02/2015 12:00:00 PM,27,11,16
09/02/2015 01:00:00 PM,31,19,12
09/02/2015 02:00:00 PM,36,23,13
09/02/2015 03:00:00 PM,52,31,21
09/02/2015 04:00:00 PM,94,65,29
09/02/2015 05:00:00 PM,146,104,42
09/02/2015 06:00:00 PM,57,30,27
09/02/2015 07:00:00 PM,23,16,7
09/02/2015 08:00:00 PM,15,12,3
09/02/2015 09:00:00 PM,2,0,2
09/02/2015 10:00:00 PM,11,8,3
09/02/2015 11:00:00 PM,3,2,1
09/03/2015 12:00:00 AM,4,4,0
09/03/2015 01:00:00 AM,0,0,0
09/03/2015 02:00:00 AM,1,0,1
09/03/2015 03:00:00 AM,1,1,0
09/03/2015 04:00:00 AM,0,0,0
09/03/2015 05:00:00 AM,8,5,3
09/03/2015 06:00:00 AM,37,23,14
09/03/2015 07:00:00 AM,62,35,27
09/03/2015 08:00:00 AM,94,61,33
09/03/2015 09:00:00 AM,50,29,21
09/03/2015 10:00:00 AM,31,21,10
09/03/2015 11:00:00 AM,31,16,15
09/03/2015 12:00:00 PM,30,13,17
09/03/2015 01:00:00 PM,37,27,10
09/03/2015 02:00:00 PM,35,25,10
09/03/2015 03:00:00 PM,53,27,26
09/03/2015 04:00:00 PM,103,70,33
09/03/2015 05:00:00 PM,147,106,41
09/03/2015 06:00:00 PM,96,68,28
09/03/2015 07:00:00 PM,44,27,17
09/03/2015 08:00:00 PM,22,14,8
09/03/2015 09:00:00 PM,13,10,3
09/03/2015 10:00:00 PM,14,7,7
09/03/2015 11:00:00 PM,5,2,3
09/04/2015 12:00:00 AM,8,3,5
09/04/2015 01:00:00 AM,0,0,0
09/04/2015 02:00:00 AM,1,0,1
09/04/2015 03:00:00 AM,2,2,0
09/04/2015 04:00:00 AM,1,1,0
09/04/2015 05:00:00 AM,6,3,3
09/04/2015 06:00:00 AM,25,9,16
09/04/2015 07:00:00 AM,46,32,14
09/04/2015 08:00:00 AM,78,49,29
09/04/2015 09:00:00 AM,58,34,24
09/04/2015 10:00:00 AM,32,23,9
09/04/2015 11:00:00 AM,24,17,7
09/04/2015 12:00:00 PM,20,12,8
09/04/2015 01:00:00 PM,43,30,13
09/04/2015 02:00:00 PM,47,31,16
09/04/2015 03:00:00 PM,63,41,22
09/04/2015 04:00:00 PM,85,57,28
09/04/2015 05:00:00 PM,96,58,38
09/04/2015 06:00:00 PM,46,27,19
09/04/2015 07:00:00 PM,16,10,6
09/04/2015 08:00:00 PM,16,12,4
09/04/2015 09:00:00 PM,7,6,1
09/04/2015 10:00:00 PM,5,3,2
09/04/2015 11:00:00 PM,3,3,0
09/05/2015 12:00:00 AM,6,4,2
09/05/2015 01:00:00 AM,2,2,0
09/05/2015 02:00:00 AM,0,0,0
09/05/2015 03:00:00 AM,2,1,1
09/05/2015 04:00:00 AM,0,0,0
09/05/2015 05:00:00 AM,1,0,1
09/05/2015 06:00:00 AM,4,4,0
09/05/2015 07:00:00 AM,2,1,1
09/05/2015 08:00:00 AM,16,16,0
09/05/2015 09:00:00 AM,12,7,5
09/05/2015 10:00:00 AM,17,9,8
09/05/2015 11:00:00 AM,16,13,3
09/05/2015 12:00:00 PM,20,16,4
09/05/2015 01:00:00 PM,31,17,14
09/05/2015 02:00:00 PM,25,17,8
09/05/2015 03:00:00 PM,15,12,3
09/05/2015 04:00:00 PM,17,7,10
09/05/2015 05:00:00 PM,12,5,7
09/05/2015 06:00:00 PM,13,9,4
09/05/2015 07:00:00 PM,8,5,3
09/05/2015 08:00:00 PM,3,2,1
09/05/2015 09:00:00 PM,16,4,12
09/05/2015 10:00:00 PM,3,2,1
09/05/2015 11:00:00 PM,3,3,0
09/06/2015 12:00:00 AM,5,1,4
09/06/2015 01:00:00 AM,1,1,0
09/06/2015 02:00:00 AM,2,2,0
09/06/2015 03:00:00 AM,0,0,0
09/06/2015 04:00:00 AM,0,0,0
09/06/2015 05:00:00 AM,0,0,0
09/06/2015 06:00:00 AM,1,1,0
09/06/2015 07:00:00 AM,3,3,0
09/06/2015 08:00:00 AM,3,2,1
09/06/2015 09:00:00 AM,3,2,1
09/06/2015 10:00:00 AM,5,3,2
09/06/2015 11:00:00 AM,7,6,1
09/06/2015 12:00:00 PM,17,12,5
09/06/2015 01:00:00 PM,9,6,3
09/06/2015 02:00:00 PM,16,6,10
09/06/2015 03:00:00 PM,14,8,6
09/06/2015 04:00:00 PM,10,7,3
09/06/2015 05:00:00 PM,16,14,2
09/06/2015 06:00:00 PM,3,1,2
09/06/2015 07:00:00 PM,5,3,2
09/06/2015 08:00:00 PM,5,2,3
09/06/2015 09:00:00 PM,4,4,0
09/06/2015 10:00:00 PM,5,2,3
09/06/2015 11:00:00 PM,4,1,3
09/07/2015 12:00:00 AM,2,2,0
09/07/2015 01:00:00 AM,1,1,0
09/07/2015 02:00:00 AM,3,1,2
09/07/2015 03:00:00 AM,0,0,0
09/07/2015 04:00:00 AM,2,2,0
09/07/2015 05:00:00 AM,0,0,0
09/07/2015 06:00:00 AM,1,1,0
09/07/2015 07:00:00 AM,6,5,1
09/07/2015 08:00:00 AM,6,4,2
09/07/2015 09:00:00 AM,14,8,6
09/07/2015 10:00:00 AM,11,8,3
09/07/2015 11:00:00 AM,13,11,2
09/07/2015 12:00:00 PM,24,18,6
09/07/2015 01:00:00 PM,20,11,9
09/07/2015 02:00:00 PM,27,16,11
09/07/2015 03:00:00 PM,33,23,10
09/07/2015 04:00:00 PM,25,16,9
09/07/2015 05:00:00 PM,27,12,15
09/07/2015 06:00:00 PM,14,9,5
09/07/2015 07:00:00 PM,13,7,6
09/07/2015 08:00:00 PM,8,5,3
09/07/2015 09:00:00 PM,12,10,2
09/07/2015 10:00:00 PM,6,4,2
09/07/2015 11:00:00 PM,2,2,0
09/08/2015 12:00:00 AM,2,2,0
09/08/2015 01:00:00 AM,1,1,0
09/08/2015 02:00:00 AM,2,1,1
09/08/2015 03:00:00 AM,1,1,0
09/08/2015 04:00:00 AM,0,0,0
09/08/2015 05:00:00 AM,8,3,5
09/08/2015 06:00:00 AM,36,26,10
09/08/2015 07:00:00 AM,83,53,30
09/08/2015 08:00:00 AM,134,88,46
09/08/2015 09:00:00 AM,51,33,18
09/08/2015 10:00:00 AM,31,24,7
09/08/2015 11:00:00 AM,28,19,9
09/08/2015 12:00:00 PM,26,13,13
09/08/2015 01:00:00 PM,24,15,9
09/08/2015 02:00:00 PM,36,15,21
09/08/2015 03:00:00 PM,50,35,15
09/08/2015 04:00:00 PM,118,86,32
09/08/2015 05:00:00 PM,135,90,45
09/08/2015 06:00:00 PM,55,27,28
09/08/2015 07:00:00 PM,43,33,10
09/08/2015 08:00:00 PM,16,8,8
09/08/2015 09:00:00 PM,2,1,1
09/08/2015 10:00:00 PM,4,2,2
09/08/2015 11:00:00 PM,3,1,2
09/09/2015 12:00:00 AM,7,7,0
09/09/2015 01:00:00 AM,1,1,0
09/09/2015 02:00:00 AM,1,0,1
09/09/2015 03:00:00 AM,1,1,0
09/09/2015 04:00:00 AM,2,1,1
09/09/2015 05:00:00 AM,8,2,6
09/09/2015 06:00:00 AM,39,23,16
09/09/2015 07:00:00 AM,82,54,28
09/09/2015 08:00:00 AM,117,84,33
09/09/2015 09:00:00 AM,54,28,26
09/09/2015 10:00:00 AM,35,18,17
09/09/2015 11:00:00 AM,23,15,8
09/09/2015 12:00:00 PM,46,31,15
09/09/2015 01:00:00 PM,20,13,7
09/09/2015 02:00:00 PM,38,24,14
09/09/2015 03:00:00 PM,59,40,19
09/09/2015 04:00:00 PM,96,71,25
09/09/2015 05:00:00 PM,160,102,58
09/09/2015 06:00:00 PM,70,51,19
09/09/2015 07:00:00 PM,33,21,12
09/09/2015 08:00:00 PM,17,12,5
09/09/2015 09:00:00 PM,9,6,3
09/09/2015 10:00:00 PM,8,3,5
09/09/2015 11:00:00 PM,6,5,1
09/10/2015 12:00:00 AM,3,2,1
09/10/2015 01:00:00 AM,1,0,1
09/10/2015 02:00:00 AM,2,1,1
09/10/2015 03:00:00 AM,0,0,0
09/10/2015 04:00:00 AM,0,0,0
09/10/2015 05:00:00 AM,11,4,7
09/10/2015 06:00:00 AM,28,19,9
09/10/2015 07:00:00 AM,76,52,24
09/10/2015 08:00:00 AM,106,75,31
09/10/2015 09:00:00 AM,54,28,26
09/10/2015 10:00:00 AM,31,14,17
09/10/2015 11:00:00 AM,35,27,8
09/10/2015 12:00:00 PM,57,36,21
09/10/2015 01:00:00 PM,28,13,15
09/10/2015 02:00:00 PM,35,17,18
09/10/2015 03:00:00 PM,68,42,26
09/10/2015 04:00:00 PM,101,69,32
09/10/2015 05:00:00 PM,148,105,43
09/10/2015 06:00:00 PM,71,42,29
09/10/2015 07:00:00 PM,29,20,9
09/10/2015 08:00:00 PM,23,13,10
09/10/2015 09:00:00 PM,17,10,7
09/10/2015 10:00:00 PM,6,4,2
09/10/2015 11:00:00 PM,3,3,0
09/11/2015 12:00:00 AM,4,4,0
09/11/2015 01:00:00 AM,1,1,0
09/11/2015 02:00:00 AM,2,1,1
09/11/2015 03:00:00 AM,0,0,0
09/11/2015 04:00:00 AM,0,0,0
09/11/2015 05:00:00 AM,7,3,4
09/11/2015 06:00:00 AM,26,15,11
09/11/2015 07:00:00 AM,76,56,20
09/11/2015 08:00:00 AM,105,68,37
09/11/2015 09:00:00 AM,44,31,13
09/11/2015 10:00:00 AM,40,21,19
09/11/2015 11:00:00 AM,26,19,7
09/11/2015 12:00:00 PM,35,18,17
09/11/2015 01:00:00 PM,37,24,13
09/11/2015 02:00:00 PM,51,32,19
09/11/2015 03:00:00 PM,59,38,21
09/11/2015 04:00:00 PM,99,67,32
09/11/2015 05:00:00 PM,127,91,36
09/11/2015 06:00:00 PM,61,40,21
09/11/2015 07:00:00 PM,24,13,11
09/11/2015 08:00:00 PM,12,7,5
09/11/2015 09:00:00 PM,6,4,2
09/11/2015 10:00:00 PM,13,4,9
09/11/2015 11:00:00 PM,5,1,4
09/12/2015 12:00:00 AM,8,5,3
09/12/2015 01:00:00 AM,1,0,1
09/12/2015 02:00:00 AM,0,0,0
09/12/2015 03:00:00 AM,3,2,1
09/12/2015 04:00:00 AM,1,1,0
09/12/2015 05:00:00 AM,1,0,1
09/12/2015 06:00:00 AM,2,1,1
09/12/2015 07:00:00 AM,8,4,4
09/12/2015 08:00:00 AM,13,9,4
09/12/2015 09:00:00 AM,21,14,7
09/12/2015 10:00:00 AM,24,18,6
09/12/2015 11:00:00 AM,18,13,5
09/12/2015 12:00:00 PM,32,23,9
09/12/2015 01:00:00 PM,34,23,11
09/12/2015 02:00:00 PM,35,26,9
09/12/2015 03:00:00 PM,28,15,13
09/12/2015 04:00:00 PM,24,10,14
09/12/2015 05:00:00 PM,30,16,14
09/12/2015 06:00:00 PM,19,14,5
09/12/2015 07:00:00 PM,15,8,7
09/12/2015 08:00:00 PM,13,6,7
09/12/2015 09:00:00 PM,20,9,11
09/12/2015 10:00:00 PM,18,10,8
09/12/2015 11:00:00 PM,11,6,5
09/13/2015 12:00:00 AM,3,2,1
09/13/2015 01:00:00 AM,1,1,0
09/13/2015 02:00:00 AM,3,3,0
09/13/2015 03:00:00 AM,1,0,1
09/13/2015 04:00:00 AM,0,0,0
09/13/2015 05:00:00 AM,2,1,1
09/13/2015 06:00:00 AM,1,1,0
09/13/2015 07:00:00 AM,1,1,0
09/13/2015 08:00:00 AM,8,3,5
09/13/2015 09:00:00 AM,19,15,4
09/13/2015 10:00:00 AM,7,4,3
09/13/2015 11:00:00 AM,10,3,7
09/13/2015 12:00:00 PM,5,2,3
09/13/2015 01:00:00 PM,8,6,2
09/13/2015 02:00:00 PM,13,8,5
09/13/2015 03:00:00 PM,9,6,3
09/13/2015 04:00:00 PM,4,3,1
09/13/2015 05:00:00 PM,13,9,4
09/13/2015 06:00:00 PM,14,11,3
09/13/2015 07:00:00 PM,14,9,5
09/13/2015 08:00:00 PM,3,3,0
09/13/2015 09:00:00 PM,7,7,0
09/13/2015 10:00:00 PM,4,2,2
09/13/2015 11:00:00 PM,5,4,1
09/14/2015 12:00:00 AM,2,1,1
09/14/2015 01:00:00 AM,2,0,2
09/14/2015 02:00:00 AM,1,0,1
09/14/2015 03:00:00 AM,1,0,1
09/14/2015 04:00:00 AM,2,2,0
09/14/2015 05:00:00 AM,10,6,4
09/14/2015 06:00:00 AM,35,21,14
09/14/2015 07:00:00 AM,76,47,29
09/14/2015 08:00:00 AM,99,62,37
09/14/2015 09:00:00 AM,50,29,21
09/14/2015 10:00:00 AM,17,12,5
09/14/2015 11:00:00 AM,26,14,12
09/14/2015 12:00:00 PM,23,15,8
09/14/2015 01:00:00 PM,21,14,7
09/14/2015 02:00:00 PM,33,18,15
09/14/2015 03:00:00 PM,53,36,17
09/14/2015 04:00:00 PM,78,63,15
09/14/2015 05:00:00 PM,145,103,42
09/14/2015 06:00:00 PM,56,36,20
09/14/2015 07:00:00 PM,27,19,8
09/14/2015 08:00:00 PM,12,6,6
09/14/2015 09:00:00 PM,9,7,2
09/14/2015 10:00:00 PM,11,3,8
09/14/2015 11:00:00 PM,1,1,0
09/15/2015 12:00:00 AM,2,2,0
09/15/2015 01:00:00 AM,4,1,3
09/15/2015 02:00:00 AM,2,1,1
09/15/2015 03:00:00 AM,4,4,0
09/15/2015 04:00:00 AM,0,0,0
09/15/2015 05:00:00 AM,6,3,3
09/15/2015 06:00:00 AM,28,18,10
09/15/2015 07:00:00 AM,73,51,22
09/15/2015 08:00:00 AM,111,77,34
09/15/2015 09:00:00 AM,72,46,26
09/15/2015 10:00:00 AM,29,17,12
09/15/2015 11:00:00 AM,20,13,7
09/15/2015 12:00:00 PM,35,22,13
09/15/2015 01:00:00 PM,17,7,10
09/15/2015 02:00:00 PM,30,21,9
09/15/2015 03:00:00 PM,55,43,12
09/15/2015 04:00:00 PM,90,65,25
09/15/2015 05:00:00 PM,154,104,50
09/15/2015 06:00:00 PM,65,39,26
09/15/2015 07:00:00 PM,28,16,12
09/15/2015 08:00:00 PM,8,5,3
09/15/2015 09:00:00 PM,14,9,5
09/15/2015 10:00:00 PM,2,1,1
09/15/2015 11:00:00 PM,3,2,1
09/16/2015 12:00:00 AM,2,2,0
09/16/2015 01:00:00 AM,1,0,1
09/16/2015 02:00:00 AM,2,0,2
09/16/2015 03:00:00 AM,1,1,0
09/16/2015 04:00:00 AM,1,0,1
09/16/2015 05:00:00 AM,6,4,2
09/16/2015 06:00:00 AM,34,22,12
09/16/2015 07:00:00 AM,71,41,30
09/16/2015 08:00:00 AM,120,78,42
09/16/2015 09:00:00 AM,58,37,21
09/16/2015 10:00:00 AM,31,13,18
09/16/2015 11:00:00 AM,29,24,5
09/16/2015 12:00:00 PM,30,16,14
09/16/2015 01:00:00 PM,37,21,16
09/16/2015 02:00:00 PM,37,23,14
09/16/2015 03:00:00 PM,49,39,10
09/16/2015 04:00:00 PM,102,68,34
09/16/2015 05:00:00 PM,140,95,45
09/16/2015 06:00:00 PM,59,39,20
09/16/2015 07:00:00 PM,28,19,9
09/16/2015 08:00:00 PM,14,7,7
09/16/2015 09:00:00 PM,6,4,2
09/16/2015 10:00:00 PM,8,2,6
09/16/2015 11:00:00 PM,5,1,4
09/17/2015 12:00:00 AM,2,0,2
09/17/2015 01:00:00 AM,1,0,1
09/17/2015 02:00:00 AM,1,0,1
09/17/2015 03:00:00 AM,0,0,0
09/17/2015 04:00:00 AM,0,0,0
09/17/2015 05:00:00 AM,7,4,3
09/17/2015 06:00:00 AM,21,14,7
09/17/2015 07:00:00 AM,61,38,23
09/17/2015 08:00:00 AM,103,69,34
09/17/2015 09:00:00 AM,44,27,17
09/17/2015 10:00:00 AM,31,18,13
09/17/2015 11:00:00 AM,31,26,5
09/17/2015 12:00:00 PM,22,18,4
09/17/2015 01:00:00 PM,25,11,14
09/17/2015 02:00:00 PM,26,13,13
09/17/2015 03:00:00 PM,34,20,14
09/17/2015 04:00:00 PM,60,40,20
09/17/2015 05:00:00 PM,99,68,31
09/17/2015 06:00:00 PM,40,31,9
09/17/2015 07:00:00 PM,13,8,5
09/17/2015 08:00:00 PM,11,7,4
09/17/2015 09:00:00 PM,10,8,2
09/17/2015 10:00:00 PM,1,0,1
09/17/2015 11:00:00 PM,1,1,0
09/18/2015 12:00:00 AM,3,1,2
09/18/2015 01:00:00 AM,1,0,1
09/18/2015 02:00:00 AM,1,1,0
09/18/2015 03:00:00 AM,0,0,0
09/18/2015 04:00:00 AM,0,0,0
09/18/2015 05:00:00 AM,3,2,1
09/18/2015 06:00:00 AM,22,12,10
09/18/2015 07:00:00 AM,69,45,24
09/18/2015 08:00:00 AM,103,73,30
09/18/2015 09:00:00 AM,40,21,19
09/18/2015 10:00:00 AM,23,13,10
09/18/2015 11:00:00 AM,19,9,10
09/18/2015 12:00:00 PM,33,20,13
09/18/2015 01:00:00 PM,40,25,15
09/18/2015 02:00:00 PM,42,25,17
09/18/2015 03:00:00 PM,54,36,18
09/18/2015 04:00:00 PM,78,54,24
09/18/2015 05:00:00 PM,92,66,26
09/18/2015 06:00:00 PM,43,33,10
09/18/2015 07:00:00 PM,19,15,4
09/18/2015 08:00:00 PM,8,4,4
09/18/2015 09:00:00 PM,6,4,2
09/18/2015 10:00:00 PM,4,3,1
09/18/2015 11:00:00 PM,3,2,1
09/19/2015 12:00:00 AM,6,6,0
09/19/2015 01:00:00 AM,3,2,1
09/19/2015 02:00:00 AM,0,0,0
09/19/2015 03:00:00 AM,0,0,0
09/19/2015 04:00:00 AM,0,0,0
09/19/2015 05:00:00 AM,4,3,1
09/19/2015 06:00:00 AM,5,3,2
09/19/2015 07:00:00 AM,6,4,2
09/19/2015 08:00:00 AM,14,12,2
09/19/2015 09:00:00 AM,14,10,4
09/19/2015 10:00:00 AM,18,11,7
09/19/2015 11:00:00 AM,17,10,7
09/19/2015 12:00:00 PM,14,10,4
09/19/2015 01:00:00 PM,28,21,7
09/19/2015 02:00:00 PM,11,6,5
09/19/2015 03:00:00 PM,16,10,6
09/19/2015 04:00:00 PM,20,15,5
09/19/2015 05:00:00 PM,14,11,3
09/19/2015 06:00:00 PM,16,7,9
09/19/2015 07:00:00 PM,12,7,5
09/19/2015 08:00:00 PM,8,2,6
09/19/2015 09:00:00 PM,1,0,1
09/19/2015 10:00:00 PM,8,7,1
09/19/2015 11:00:00 PM,5,4,1
09/20/2015 12:00:00 AM,5,5,0
09/20/2015 01:00:00 AM,3,3,0
09/20/2015 02:00:00 AM,2,2,0
09/20/2015 03:00:00 AM,1,1,0
09/20/2015 04:00:00 AM,1,1,0
09/20/2015 05:00:00 AM,0,0,0
09/20/2015 06:00:00 AM,3,2,1
09/20/2015 07:00:00 AM,2,1,1
09/20/2015 08:00:00 AM,8,6,2
09/20/2015 09:00:00 AM,10,4,6
09/20/2015 10:00:00 AM,14,9,5
09/20/2015 11:00:00 AM,7,4,3
09/20/2015 12:00:00 PM,12,7,5
09/20/2015 01:00:00 PM,25,18,7
09/20/2015 02:00:00 PM,10,5,5
09/20/2015 03:00:00 PM,24,15,9
09/20/2015 04:00:00 PM,10,5,5
09/20/2015 05:00:00 PM,11,8,3
09/20/2015 06:00:00 PM,15,7,8
09/20/2015 07:00:00 PM,9,7,2
09/20/2015 08:00:00 PM,7,3,4
09/20/2015 09:00:00 PM,3,3,0
09/20/2015 10:00:00 PM,3,1,2
09/20/2015 11:00:00 PM,3,2,1
09/21/2015 12:00:00 AM,1,0,1
09/21/2015 01:00:00 AM,1,1,0
09/21/2015 02:00:00 AM,1,1,0
09/21/2015 03:00:00 AM,1,1,0
09/21/2015 04:00:00 AM,0,0,0
09/21/2015 05:00:00 AM,21,7,14
09/21/2015 06:00:00 AM,32,20,12
09/21/2015 07:00:00 AM,71,47,24
09/21/2015 08:00:00 AM,117,79,38
09/21/2015 09:00:00 AM,47,28,19
09/21/2015 10:00:00 AM,22,13,9
09/21/2015 11:00:00 AM,29,17,12
09/21/2015 12:00:00 PM,20,7,13
09/21/2015 01:00:00 PM,27,19,8
09/21/2015 02:00:00 PM,32,23,9
09/21/2015 03:00:00 PM,44,33,11
09/21/2015 04:00:00 PM,88,59,29
09/21/2015 05:00:00 PM,161,113,48
09/21/2015 06:00:00 PM,91,60,31
09/21/2015 07:00:00 PM,23,8,15
09/21/2015 08:00:00 PM,19,11,8
09/21/2015 09:00:00 PM,8,7,1
09/21/2015 10:00:00 PM,11,5,6
09/21/2015 11:00:00 PM,0,0,0
09/22/2015 12:00:00 AM,4,4,0
09/22/2015 01:00:00 AM,1,1,0
09/22/2015 02:00:00 AM,2,2,0
09/22/2015 03:00:00 AM,0,0,0
09/22/2015 04:00:00 AM,0,0,0
09/22/2015 05:00:00 AM,10,3,7
09/22/2015 06:00:00 AM,32,21,11
09/22/2015 07:00:00 AM,108,75,33
09/22/2015 08:00:00 AM,157,112,45
09/22/2015 09:00:00 AM,69,48,21
09/22/2015 10:00:00 AM,28,15,13
09/22/2015 11:00:00 AM,26,16,10
09/22/2015 12:00:00 PM,26,16,10
09/22/2015 01:00:00 PM,34,14,20
09/22/2015 02:00:00 PM,47,32,15
09/22/2015 03:00:00 PM,55,41,14
09/22/2015 04:00:00 PM,100,78,22
09/22/2015 05:00:00 PM,164,112,52
09/22/2015 06:00:00 PM,82,40,42
09/22/2015 07:00:00 PM,29,9,20
09/22/2015 08:00:00 PM,12,10,2
09/22/2015 09:00:00 PM,8,7,1
09/22/2015 10:00:00 PM,7,4,3
09/22/2015 11:00:00 PM,4,4,0
09/23/2015 12:00:00 AM,3,3,0
09/23/2015 01:00:00 AM,1,1,0
09/23/2015 02:00:00 AM,2,1,1
09/23/2015 03:00:00 AM,1,0,1
09/23/2015 04:00:00 AM,1,1,0
09/23/2015 05:00:00 AM,11,9,2
09/23/2015 06:00:00 AM,36,22,14
09/23/2015 07:00:00 AM,86,58,28
09/23/2015 08:00:00 AM,142,102,40
09/23/2015 09:00:00 AM,57,39,18
09/23/2015 10:00:00 AM,32,20,12
09/23/2015 11:00:00 AM,35,18,17
09/23/2015 12:00:00 PM,29,17,12
09/23/2015 01:00:00 PM,31,18,13
09/23/2015 02:00:00 PM,33,16,17
09/23/2015 03:00:00 PM,61,44,17
09/23/2015 04:00:00 PM,102,74,28
09/23/2015 05:00:00 PM,194,133,61
09/23/2015 06:00:00 PM,127,96,31
09/23/2015 07:00:00 PM,42,26,16
09/23/2015 08:00:00 PM,10,7,3
09/23/2015 09:00:00 PM,37,8,29
09/23/2015 10:00:00 PM,7,2,5
09/23/2015 11:00:00 PM,5,5,0
09/24/2015 12:00:00 AM,2,1,1
09/24/2015 01:00:00 AM,0,0,0
09/24/2015 02:00:00 AM,4,2,2
09/24/2015 03:00:00 AM,1,1,0
09/24/2015 04:00:00 AM,1,1,0
09/24/2015 05:00:00 AM,6,4,2
09/24/2015 06:00:00 AM,38,19,19
09/24/2015 07:00:00 AM,88,55,33
09/24/2015 08:00:00 AM,123,78,45
09/24/2015 09:00:00 AM,70,41,29
09/24/2015 10:00:00 AM,24,17,7
09/24/2015 11:00:00 AM,33,22,11
09/24/2015 12:00:00 PM,29,19,10
09/24/2015 01:00:00 PM,42,27,15
09/24/2015 02:00:00 PM,39,21,18
09/24/2015 03:00:00 PM,48,34,14
09/24/2015 04:00:00 PM,127,89,38
09/24/2015 05:00:00 PM,177,119,58
09/24/2015 06:00:00 PM,58,37,21
09/24/2015 07:00:00 PM,21,18,3
09/24/2015 08:00:00 PM,19,14,5
09/24/2015 09:00:00 PM,11,8,3
09/24/2015 10:00:00 PM,9,5,4
09/24/2015 11:00:00 PM,11,6,5
09/25/2015 12:00:00 AM,3,1,2
09/25/2015 01:00:00 AM,1,1,0
09/25/2015 02:00:00 AM,1,0,1
09/25/2015 03:00:00 AM,0,0,0
09/25/2015 04:00:00 AM,0,0,0
09/25/2015 05:00:00 AM,2,1,1
09/25/2015 06:00:00 AM,18,10,8
09/25/2015 07:00:00 AM,44,28,16
09/25/2015 08:00:00 AM,78,51,27
09/25/2015 09:00:00 AM,34,16,18
09/25/2015 10:00:00 AM,19,13,6
09/25/2015 11:00:00 AM,20,12,8
09/25/2015 12:00:00 PM,36,21,15
09/25/2015 01:00:00 PM,20,15,5
09/25/2015 02:00:00 PM,28,23,5
09/25/2015 03:00:00 PM,46,28,18
09/25/2015 04:00:00 PM,67,42,25
09/25/2015 05:00:00 PM,89,66,23
09/25/2015 06:00:00 PM,52,35,17
09/25/2015 07:00:00 PM,12,4,8
09/25/2015 08:00:00 PM,11,7,4
09/25/2015 09:00:00 PM,7,5,2
09/25/2015 10:00:00 PM,13,8,5
09/25/2015 11:00:00 PM,3,1,2
09/26/2015 12:00:00 AM,5,5,0
09/26/2015 01:00:00 AM,1,1,0
09/26/2015 02:00:00 AM,2,1,1
09/26/2015 03:00:00 AM,2,1,1
09/26/2015 04:00:00 AM,0,0,0
09/26/2015 05:00:00 AM,0,0,0
09/26/2015 06:00:00 AM,10,8,2
09/26/2015 07:00:00 AM,4,0,4
09/26/2015 08:00:00 AM,15,13,2
09/26/2015 09:00:00 AM,15,9,6
09/26/2015 10:00:00 AM,23,15,8
09/26/2015 11:00:00 AM,25,16,9
09/26/2015 12:00:00 PM,15,9,6
09/26/2015 01:00:00 PM,24,16,8
09/26/2015 02:00:00 PM,25,20,5
09/26/2015 03:00:00 PM,28,17,11
09/26/2015 04:00:00 PM,13,6,7
09/26/2015 05:00:00 PM,19,12,7
09/26/2015 06:00:00 PM,14,9,5
09/26/2015 07:00:00 PM,11,6,5
09/26/2015 08:00:00 PM,2,2,0
09/26/2015 09:00:00 PM,8,7,1
09/26/2015 10:00:00 PM,13,10,3
09/26/2015 11:00:00 PM,11,7,4
09/27/2015 12:00:00 AM,3,2,1
09/27/2015 01:00:00 AM,4,3,1
09/27/2015 02:00:00 AM,1,1,0
09/27/2015 03:00:00 AM,3,2,1
09/27/2015 04:00:00 AM,0,0,0
09/27/2015 05:00:00 AM,1,1,0
09/27/2015 06:00:00 AM,1,1,0
09/27/2015 07:00:00 AM,3,3,0
09/27/2015 08:00:00 AM,12,7,5
09/27/2015 09:00:00 AM,16,13,3
09/27/2015 10:00:00 AM,30,19,11
09/27/2015 11:00:00 AM,22,12,10
09/27/2015 12:00:00 PM,25,19,6
09/27/2015 01:00:00 PM,34,21,13
09/27/2015 02:00:00 PM,24,16,8
09/27/2015 03:00:00 PM,15,10,5
09/27/2015 04:00:00 PM,29,12,17
09/27/2015 05:00:00 PM,23,8,15
09/27/2015 06:00:00 PM,17,10,7
09/27/2015 07:00:00 PM,8,5,3
09/27/2015 08:00:00 PM,13,6,7
09/27/2015 09:00:00 PM,7,5,2
09/27/2015 10:00:00 PM,4,3,1
09/27/2015 11:00:00 PM,3,1,2
09/28/2015 12:00:00 AM,5,3,2
09/28/2015 01:00:00 AM,1,0,1
09/28/2015 02:00:00 AM,0,0,0
09/28/2015 03:00:00 AM,0,0,0
09/28/2015 04:00:00 AM,2,1,1
09/28/2015 05:00:00 AM,8,4,4
09/28/2015 06:00:00 AM,36,21,15
09/28/2015 07:00:00 AM,79,50,29
09/28/2015 08:00:00 AM,122,79,43
09/28/2015 09:00:00 AM,58,43,15
09/28/2015 10:00:00 AM,14,7,7
09/28/2015 11:00:00 AM,25,17,8
09/28/2015 12:00:00 PM,32,20,12
09/28/2015 01:00:00 PM,17,10,7
09/28/2015 02:00:00 PM,34,22,12
09/28/2015 03:00:00 PM,43,28,15
09/28/2015 04:00:00 PM,97,76,21
09/28/2015 05:00:00 PM,144,94,50
09/28/2015 06:00:00 PM,81,54,27
09/28/2015 07:00:00 PM,27,19,8
09/28/2015 08:00:00 PM,5,4,1
09/28/2015 09:00:00 PM,7,4,3
09/28/2015 10:00:00 PM,8,1,7
09/28/2015 11:00:00 PM,5,1,4
09/29/2015 12:00:00 AM,3,2,1
09/29/2015 01:00:00 AM,1,1,0
09/29/2015 02:00:00 AM,1,0,1
09/29/2015 03:00:00 AM,0,0,0
09/29/2015 04:00:00 AM,1,1,0
09/29/2015 05:00:00 AM,3,0,3
09/29/2015 06:00:00 AM,32,22,10
09/29/2015 07:00:00 AM,87,52,35
09/29/2015 08:00:00 AM,135,92,43
09/29/2015 09:00:00 AM,63,36,27
09/29/2015 10:00:00 AM,35,18,17
09/29/2015 11:00:00 AM,28,19,9
09/29/2015 12:00:00 PM,30,20,10
09/29/2015 01:00:00 PM,35,23,12
09/29/2015 02:00:00 PM,19,15,4
09/29/2015 03:00:00 PM,44,29,15
09/29/2015 04:00:00 PM,118,82,36
09/29/2015 05:00:00 PM,199,115,84
09/29/2015 06:00:00 PM,77,46,31
09/29/2015 07:00:00 PM,30,22,8
09/29/2015 08:00:00 PM,12,10,2
09/29/2015 09:00:00 PM,11,7,4
09/29/2015 10:00:00 PM,12,5,7
09/29/2015 11:00:00 PM,1,1,0
09/30/2015 12:00:00 AM,4,4,0
09/30/2015 01:00:00 AM,0,0,0
09/30/2015 02:00:00 AM,1,0,1
09/30/2015 03:00:00 AM,0,0,0
09/30/2015 04:00:00 AM,1,1,0
09/30/2015 05:00:00 AM,10,5,5
09/30/2015 06:00:00 AM,35,14,21
09/30/2015 07:00:00 AM,79,37,42
09/30/2015 08:00:00 AM,139,92,47
09/30/2015 09:00:00 AM,49,29,20
09/30/2015 10:00:00 AM,45,28,17
09/30/2015 11:00:00 AM,33,20,13
09/30/2015 12:00:00 PM,31,16,15
09/30/2015 01:00:00 PM,35,23,12
09/30/2015 02:00:00 PM,32,20,12
09/30/2015 03:00:00 PM,35,28,7
09/30/2015 04:00:00 PM,87,69,18
09/30/2015 05:00:00 PM,159,108,51
09/30/2015 06:00:00 PM,84,60,24
09/30/2015 07:00:00 PM,30,22,8
09/30/2015 08:00:00 PM,18,13,5
09/30/2015 09:00:00 PM,7,5,2
09/30/2015 10:00:00 PM,5,3,2
09/30/2015 11:00:00 PM,4,4,0
10/01/2015 12:00:00 AM,4,2,2
10/01/2015 01:00:00 AM,1,1,0
10/01/2015 02:00:00 AM,1,0,1
10/01/2015 03:00:00 AM,0,0,0
10/01/2015 04:00:00 AM,1,1,0
10/01/2015 05:00:00 AM,8,5,3
10/01/2015 06:00:00 AM,35,16,19
10/01/2015 07:00:00 AM,82,53,29
10/01/2015 08:00:00 AM,110,82,28
10/01/2015 09:00:00 AM,51,27,24
10/01/2015 10:00:00 AM,31,21,10
10/01/2015 11:00:00 AM,22,12,10
10/01/2015 12:00:00 PM,38,17,21
10/01/2015 01:00:00 PM,30,22,8
10/01/2015 02:00:00 PM,41,23,18
10/01/2015 03:00:00 PM,59,45,14
10/01/2015 04:00:00 PM,104,75,29
10/01/2015 05:00:00 PM,146,109,37
10/01/2015 06:00:00 PM,69,45,24
10/01/2015 07:00:00 PM,14,9,5
10/01/2015 08:00:00 PM,21,15,6
10/01/2015 09:00:00 PM,14,10,4
10/01/2015 10:00:00 PM,5,1,4
10/01/2015 11:00:00 PM,2,1,1
10/02/2015 12:00:00 AM,4,3,1
10/02/2015 01:00:00 AM,5,3,2
10/02/2015 02:00:00 AM,2,1,1
10/02/2015 03:00:00 AM,1,1,0
10/02/2015 04:00:00 AM,1,1,0
10/02/2015 05:00:00 AM,5,2,3
10/02/2015 06:00:00 AM,30,15,15
10/02/2015 07:00:00 AM,53,27,26
10/02/2015 08:00:00 AM,84,55,29
10/02/2015 09:00:00 AM,44,23,21
10/02/2015 10:00:00 AM,28,15,13
10/02/2015 11:00:00 AM,21,11,10
10/02/2015 12:00:00 PM,25,15,10
10/02/2015 01:00:00 PM,21,17,4
10/02/2015 02:00:00 PM,45,32,13
10/02/2015 03:00:00 PM,56,35,21
10/02/2015 04:00:00 PM,84,67,17
10/02/2015 05:00:00 PM,91,68,23
10/02/2015 06:00:00 PM,50,30,20
10/02/2015 07:00:00 PM,26,13,13
10/02/2015 08:00:00 PM,9,5,4
10/02/2015 09:00:00 PM,11,9,2
10/02/2015 10:00:00 PM,10,3,7
10/02/2015 11:00:00 PM,4,3,1
10/03/2015 12:00:00 AM,6,4,2
10/03/2015 01:00:00 AM,0,0,0
10/03/2015 02:00:00 AM,0,0,0
10/03/2015 03:00:00 AM,1,0,1
10/03/2015 04:00:00 AM,1,0,1
10/03/2015 05:00:00 AM,0,0,0
10/03/2015 06:00:00 AM,3,2,1
10/03/2015 07:00:00 AM,4,3,1
10/03/2015 08:00:00 AM,17,9,8
10/03/2015 09:00:00 AM,9,6,3
10/03/2015 10:00:00 AM,7,5,2
10/03/2015 11:00:00 AM,15,10,5
10/03/2015 12:00:00 PM,13,8,5
10/03/2015 01:00:00 PM,19,15,4
10/03/2015 02:00:00 PM,22,18,4
10/03/2015 03:00:00 PM,24,13,11
10/03/2015 04:00:00 PM,31,23,8
10/03/2015 05:00:00 PM,12,9,3
10/03/2015 06:00:00 PM,7,6,1
10/03/2015 07:00:00 PM,19,14,5
10/03/2015 08:00:00 PM,5,4,1
10/03/2015 09:00:00 PM,14,9,5
10/03/2015 10:00:00 PM,9,5,4
10/03/2015 11:00:00 PM,5,3,2
10/04/2015 12:00:00 AM,7,4,3
10/04/2015 01:00:00 AM,1,1,0
10/04/2015 02:00:00 AM,2,2,0
10/04/2015 03:00:00 AM,2,2,0
10/04/2015 04:00:00 AM,0,0,0
10/04/2015 05:00:00 AM,3,2,1
10/04/2015 06:00:00 AM,2,1,1
10/04/2015 07:00:00 AM,4,1,3
10/04/2015 08:00:00 AM,4,4,0
10/04/2015 09:00:00 AM,13,7,6
10/04/2015 10:00:00 AM,13,8,5
10/04/2015 11:00:00 AM,29,25,4
10/04/2015 12:00:00 PM,18,15,3
10/04/2015 01:00:00 PM,12,7,5
10/04/2015 02:00:00 PM,26,19,7
10/04/2015 03:00:00 PM,32,17,15
10/04/2015 04:00:00 PM,44,30,14
10/04/2015 05:00:00 PM,43,36,7
10/04/2015 06:00:00 PM,31,29,2
10/04/2015 07:00:00 PM,11,10,1
10/04/2015 08:00:00 PM,42,4,38
10/04/2015 09:00:00 PM,11,4,7
10/04/2015 10:00:00 PM,2,1,1
10/04/2015 11:00:00 PM,6,2,4
10/05/2015 12:00:00 AM,1,0,1
10/05/2015 01:00:00 AM,0,0,0
10/05/2015 02:00:00 AM,1,1,0
10/05/2015 03:00:00 AM,0,0,0
10/05/2015 04:00:00 AM,0,0,0
10/05/2015 05:00:00 AM,11,3,8
10/05/2015 06:00:00 AM,32,16,16
10/05/2015 07:00:00 AM,86,56,30
10/05/2015 08:00:00 AM,117,64,53
10/05/2015 09:00:00 AM,49,31,18
10/05/2015 10:00:00 AM,35,16,19
10/05/2015 11:00:00 AM,35,30,5
10/05/2015 12:00:00 PM,21,11,10
10/05/2015 01:00:00 PM,32,19,13
10/05/2015 02:00:00 PM,54,43,11
10/05/2015 03:00:00 PM,73,56,17
10/05/2015 04:00:00 PM,140,109,31
10/05/2015 05:00:00 PM,158,91,67
10/05/2015 06:00:00 PM,49,25,24
10/05/2015 07:00:00 PM,19,11,8
10/05/2015 08:00:00 PM,32,9,23
10/05/2015 09:00:00 PM,17,9,8
10/05/2015 10:00:00 PM,3,2,1
10/05/2015 11:00:00 PM,6,4,2
10/06/2015 12:00:00 AM,2,1,1
10/06/2015 01:00:00 AM,0,0,0
10/06/2015 02:00:00 AM,1,0,1
10/06/2015 03:00:00 AM,0,0,0
10/06/2015 04:00:00 AM,4,2,2
10/06/2015 05:00:00 AM,14,5,9
10/06/2015 06:00:00 AM,42,29,13
10/06/2015 07:00:00 AM,88,52,36
10/06/2015 08:00:00 AM,122,84,38
10/06/2015 09:00:00 AM,54,42,12
10/06/2015 10:00:00 AM,24,14,10
10/06/2015 11:00:00 AM,26,19,7
10/06/2015 12:00:00 PM,25,13,12
10/06/2015 01:00:00 PM,38,27,11
10/06/2015 02:00:00 PM,40,25,15
10/06/2015 03:00:00 PM,56,41,15
10/06/2015 04:00:00 PM,106,75,31
10/06/2015 05:00:00 PM,152,103,49
10/06/2015 06:00:00 PM,62,37,25
10/06/2015 07:00:00 PM,20,13,7
10/06/2015 08:00:00 PM,8,4,4
10/06/2015 09:00:00 PM,8,6,2
10/06/2015 10:00:00 PM,9,7,2
10/06/2015 11:00:00 PM,2,0,2
10/07/2015 12:00:00 AM,2,2,0
10/07/2015 01:00:00 AM,1,1,0
10/07/2015 02:00:00 AM,2,0,2
10/07/2015 03:00:00 AM,0,0,0
10/07/2015 04:00:00 AM,0,0,0
10/07/2015 05:00:00 AM,10,1,9
10/07/2015 06:00:00 AM,28,16,12
10/07/2015 07:00:00 AM,49,32,17
10/07/2015 08:00:00 AM,66,40,26
10/07/2015 09:00:00 AM,40,23,17
10/07/2015 10:00:00 AM,22,9,13
10/07/2015 11:00:00 AM,19,10,9
10/07/2015 12:00:00 PM,14,8,6
10/07/2015 01:00:00 PM,19,13,6
10/07/2015 02:00:00 PM,16,9,7
10/07/2015 03:00:00 PM,32,25,7
10/07/2015 04:00:00 PM,68,53,15
10/07/2015 05:00:00 PM,102,72,30
10/07/2015 06:00:00 PM,39,23,16
10/07/2015 07:00:00 PM,13,8,5
10/07/2015 08:00:00 PM,4,4,0
10/07/2015 09:00:00 PM,7,4,3
10/07/2015 10:00:00 PM,3,0,3
10/07/2015 11:00:00 PM,3,3,0
10/08/2015 12:00:00 AM,5,4,1
10/08/2015 01:00:00 AM,1,1,0
10/08/2015 02:00:00 AM,1,0,1
10/08/2015 03:00:00 AM,0,0,0
10/08/2015 04:00:00 AM,0,0,0
10/08/2015 05:00:00 AM,9,2,7
10/08/2015 06:00:00 AM,26,12,14
10/08/2015 07:00:00 AM,61,38,23
10/08/2015 08:00:00 AM,110,71,39
10/08/2015 09:00:00 AM,68,36,32
10/08/2015 10:00:00 AM,23,14,9
10/08/2015 11:00:00 AM,30,18,12
10/08/2015 12:00:00 PM,26,17,9
10/08/2015 01:00:00 PM,36,24,12
10/08/2015 02:00:00 PM,39,24,15
10/08/2015 03:00:00 PM,55,36,19
10/08/2015 04:00:00 PM,87,56,31
10/08/2015 05:00:00 PM,134,86,48
10/08/2015 06:00:00 PM,54,33,21
10/08/2015 07:00:00 PM,25,16,9
10/08/2015 08:00:00 PM,18,14,4
10/08/2015 09:00:00 PM,9,9,0
10/08/2015 10:00:00 PM,6,3,3
10/08/2015 11:00:00 PM,8,2,6
10/09/2015 12:00:00 AM,2,1,1
10/09/2015 01:00:00 AM,1,0,1
10/09/2015 02:00:00 AM,1,0,1
10/09/2015 03:00:00 AM,1,0,1
10/09/2015 04:00:00 AM,0,0,0
10/09/2015 05:00:00 AM,8,2,6
10/09/2015 06:00:00 AM,27,12,15
10/09/2015 07:00:00 AM,42,27,15
10/09/2015 08:00:00 AM,94,64,30
10/09/2015 09:00:00 AM,49,27,22
10/09/2015 10:00:00 AM,27,19,8
10/09/2015 11:00:00 AM,28,15,13
10/09/2015 12:00:00 PM,30,16,14
10/09/2015 01:00:00 PM,27,21,6
10/09/2015 02:00:00 PM,40,20,20
10/09/2015 03:00:00 PM,47,31,16
10/09/2015 04:00:00 PM,88,62,26
10/09/2015 05:00:00 PM,101,71,30
10/09/2015 06:00:00 PM,37,28,9
10/09/2015 07:00:00 PM,22,9,13
10/09/2015 08:00:00 PM,11,4,7
10/09/2015 09:00:00 PM,8,6,2
10/09/2015 10:00:00 PM,5,2,3
10/09/2015 11:00:00 PM,5,3,2
10/10/2015 12:00:00 AM,7,6,1
10/10/2015 01:00:00 AM,2,2,0
10/10/2015 02:00:00 AM,1,0,1
10/10/2015 03:00:00 AM,1,0,1
10/10/2015 04:00:00 AM,1,1,0
10/10/2015 05:00:00 AM,0,0,0
10/10/2015 06:00:00 AM,4,2,2
10/10/2015 07:00:00 AM,2,1,1
10/10/2015 08:00:00 AM,8,5,3
10/10/2015 09:00:00 AM,5,1,4
10/10/2015 10:00:00 AM,6,6,0
10/10/2015 11:00:00 AM,1,1,0
10/10/2015 12:00:00 PM,8,4,4
10/10/2015 01:00:00 PM,8,6,2
10/10/2015 02:00:00 PM,13,8,5
10/10/2015 03:00:00 PM,4,3,1
10/10/2015 04:00:00 PM,8,3,5
10/10/2015 05:00:00 PM,7,6,1
10/10/2015 06:00:00 PM,4,3,1
10/10/2015 07:00:00 PM,5,2,3
10/10/2015 08:00:00 PM,4,3,1
10/10/2015 09:00:00 PM,8,6,2
10/10/2015 10:00:00 PM,4,3,1
10/10/2015 11:00:00 PM,4,4,0
10/11/2015 12:00:00 AM,4,3,1
10/11/2015 01:00:00 AM,1,1,0
10/11/2015 02:00:00 AM,0,0,0
10/11/2015 03:00:00 AM,1,1,0
10/11/2015 04:00:00 AM,0,0,0
10/11/2015 05:00:00 AM,0,0,0
10/11/2015 06:00:00 AM,2,1,1
10/11/2015 07:00:00 AM,1,1,0
10/11/2015 08:00:00 AM,4,2,2
10/11/2015 09:00:00 AM,9,7,2
10/11/2015 10:00:00 AM,5,3,2
10/11/2015 11:00:00 AM,21,12,9
10/11/2015 12:00:00 PM,11,10,1
10/11/2015 01:00:00 PM,14,5,9
10/11/2015 02:00:00 PM,25,16,9
10/11/2015 03:00:00 PM,18,14,4
10/11/2015 04:00:00 PM,27,15,12
10/11/2015 05:00:00 PM,10,6,4
10/11/2015 06:00:00 PM,12,7,5
10/11/2015 07:00:00 PM,4,2,2
10/11/2015 08:00:00 PM,7,4,3
10/11/2015 09:00:00 PM,5,2,3
10/11/2015 10:00:00 PM,7,4,3
10/11/2015 11:00:00 PM,3,0,3
10/12/2015 12:00:00 AM,1,1,0
10/12/2015 01:00:00 AM,0,0,0
10/12/2015 02:00:00 AM,1,1,0
10/12/2015 03:00:00 AM,0,0,0
10/12/2015 04:00:00 AM,3,2,1
10/12/2015 05:00:00 AM,11,4,7
10/12/2015 06:00:00 AM,35,18,17
10/12/2015 07:00:00 AM,68,42,26
10/12/2015 08:00:00 AM,121,80,41
10/12/2015 09:00:00 AM,39,24,15
10/12/2015 10:00:00 AM,20,9,11
10/12/2015 11:00:00 AM,16,10,6
10/12/2015 12:00:00 PM,32,18,14
10/12/2015 01:00:00 PM,18,11,7
10/12/2015 02:00:00 PM,33,21,12
10/12/2015 03:00:00 PM,37,25,12
10/12/2015 04:00:00 PM,94,62,32
10/12/2015 05:00:00 PM,164,119,45
10/12/2015 06:00:00 PM,33,21,12
10/12/2015 07:00:00 PM,17,8,9
10/12/2015 08:00:00 PM,11,7,4
10/12/2015 09:00:00 PM,7,5,2
10/12/2015 10:00:00 PM,10,5,5
10/12/2015 11:00:00 PM,2,0,2
10/13/2015 12:00:00 AM,2,2,0
10/13/2015 01:00:00 AM,1,1,0
10/13/2015 02:00:00 AM,3,1,2
10/13/2015 03:00:00 AM,0,0,0
10/13/2015 04:00:00 AM,0,0,0
10/13/2015 05:00:00 AM,9,3,6
10/13/2015 06:00:00 AM,32,17,15
10/13/2015 07:00:00 AM,80,55,25
10/13/2015 08:00:00 AM,109,68,41
10/13/2015 09:00:00 AM,48,26,22
10/13/2015 10:00:00 AM,24,10,14
10/13/2015 11:00:00 AM,26,15,11
10/13/2015 12:00:00 PM,25,13,12
10/13/2015 01:00:00 PM,20,12,8
10/13/2015 02:00:00 PM,33,21,12
10/13/2015 03:00:00 PM,50,34,16
10/13/2015 04:00:00 PM,88,58,30
10/13/2015 05:00:00 PM,135,94,41
10/13/2015 06:00:00 PM,57,34,23
10/13/2015 07:00:00 PM,11,7,4
10/13/2015 08:00:00 PM,13,5,8
10/13/2015 09:00:00 PM,8,6,2
10/13/2015 10:00:00 PM,7,2,5
10/13/2015 11:00:00 PM,1,0,1
10/14/2015 12:00:00 AM,3,3,0
10/14/2015 01:00:00 AM,0,0,0
10/14/2015 02:00:00 AM,2,1,1
10/14/2015 03:00:00 AM,1,1,0
10/14/2015 04:00:00 AM,0,0,0
10/14/2015 05:00:00 AM,13,4,9
10/14/2015 06:00:00 AM,37,19,18
10/14/2015 07:00:00 AM,81,56,25
10/14/2015 08:00:00 AM,110,72,38
10/14/2015 09:00:00 AM,57,31,26
10/14/2015 10:00:00 AM,27,14,13
10/14/2015 11:00:00 AM,32,22,10
10/14/2015 12:00:00 PM,22,11,11
10/14/2015 01:00:00 PM,31,20,11
10/14/2015 02:00:00 PM,35,26,9
10/14/2015 03:00:00 PM,44,35,9
10/14/2015 04:00:00 PM,85,62,23
10/14/2015 05:00:00 PM,160,120,40
10/14/2015 06:00:00 PM,84,53,31
10/14/2015 07:00:00 PM,25,15,10
10/14/2015 08:00:00 PM,15,7,8
10/14/2015 09:00:00 PM,12,9,3
10/14/2015 10:00:00 PM,2,2,0
10/14/2015 11:00:00 PM,3,2,1
10/15/2015 12:00:00 AM,2,0,2
10/15/2015 01:00:00 AM,0,0,0
10/15/2015 02:00:00 AM,1,0,1
10/15/2015 03:00:00 AM,0,0,0
10/15/2015 04:00:00 AM,0,0,0
10/15/2015 05:00:00 AM,9,5,4
10/15/2015 06:00:00 AM,27,15,12
10/15/2015 07:00:00 AM,71,54,17
10/15/2015 08:00:00 AM,108,70,38
10/15/2015 09:00:00 AM,54,32,22
10/15/2015 10:00:00 AM,32,25,7
10/15/2015 11:00:00 AM,29,13,16
10/15/2015 12:00:00 PM,34,21,13
10/15/2015 01:00:00 PM,31,24,7
10/15/2015 02:00:00 PM,34,19,15
10/15/2015 03:00:00 PM,48,38,10
10/15/2015 04:00:00 PM,88,72,16
10/15/2015 05:00:00 PM,139,86,53
10/15/2015 06:00:00 PM,59,37,22
10/15/2015 07:00:00 PM,22,13,9
10/15/2015 08:00:00 PM,16,10,6
10/15/2015 09:00:00 PM,3,3,0
10/15/2015 10:00:00 PM,4,3,1
10/15/2015 11:00:00 PM,1,0,1
10/16/2015 12:00:00 AM,0,0,0
10/16/2015 01:00:00 AM,0,0,0
10/16/2015 02:00:00 AM,1,0,1
10/16/2015 03:00:00 AM,0,0,0
10/16/2015 04:00:00 AM,0,0,0
10/16/2015 05:00:00 AM,6,3,3
10/16/2015 06:00:00 AM,21,9,12
10/16/2015 07:00:00 AM,56,43,13
10/16/2015 08:00:00 AM,102,64,38
10/16/2015 09:00:00 AM,37,22,15
10/16/2015 10:00:00 AM,33,19,14
10/16/2015 11:00:00 AM,26,18,8
10/16/2015 12:00:00 PM,30,14,16
10/16/2015 01:00:00 PM,27,16,11
10/16/2015 02:00:00 PM,51,32,19
10/16/2015 03:00:00 PM,43,25,18
10/16/2015 04:00:00 PM,96,62,34
10/16/2015 05:00:00 PM,114,78,36
10/16/2015 06:00:00 PM,51,30,21
10/16/2015 07:00:00 PM,22,13,9
10/16/2015 08:00:00 PM,8,5,3
10/16/2015 09:00:00 PM,9,6,3
10/16/2015 10:00:00 PM,7,4,3
10/16/2015 11:00:00 PM,7,4,3
10/17/2015 12:00:00 AM,3,3,0
10/17/2015 01:00:00 AM,1,1,0
10/17/2015 02:00:00 AM,0,0,0
10/17/2015 03:00:00 AM,0,0,0
10/17/2015 04:00:00 AM,0,0,0
10/17/2015 05:00:00 AM,2,2,0
10/17/2015 06:00:00 AM,5,0,5
10/17/2015 07:00:00 AM,2,2,0
10/17/2015 08:00:00 AM,10,7,3
10/17/2015 09:00:00 AM,9,8,1
10/17/2015 10:00:00 AM,14,13,1
10/17/2015 11:00:00 AM,11,7,4
10/17/2015 12:00:00 PM,25,24,1
10/17/2015 01:00:00 PM,11,5,6
10/17/2015 02:00:00 PM,9,5,4
10/17/2015 03:00:00 PM,17,10,7
10/17/2015 04:00:00 PM,21,12,9
10/17/2015 05:00:00 PM,8,6,2
10/17/2015 06:00:00 PM,12,7,5
10/17/2015 07:00:00 PM,7,4,3
10/17/2015 08:00:00 PM,2,2,0
10/17/2015 09:00:00 PM,4,1,3
10/17/2015 10:00:00 PM,4,3,1
10/17/2015 11:00:00 PM,3,2,1
10/18/2015 12:00:00 AM,5,4,1
10/18/2015 01:00:00 AM,2,2,0
10/18/2015 02:00:00 AM,0,0,0
10/18/2015 03:00:00 AM,0,0,0
10/18/2015 04:00:00 AM,2,1,1
10/18/2015 05:00:00 AM,2,1,1
10/18/2015 06:00:00 AM,1,0,1
10/18/2015 07:00:00 AM,3,2,1
10/18/2015 08:00:00 AM,9,8,1
10/18/2015 09:00:00 AM,10,10,0
10/18/2015 10:00:00 AM,13,10,3
10/18/2015 11:00:00 AM,14,9,5
10/18/2015 12:00:00 PM,11,9,2
10/18/2015 01:00:00 PM,10,5,5
10/18/2015 02:00:00 PM,7,3,4
10/18/2015 03:00:00 PM,8,7,1
10/18/2015 04:00:00 PM,12,5,7
10/18/2015 05:00:00 PM,12,5,7
10/18/2015 06:00:00 PM,16,8,8
10/18/2015 07:00:00 PM,10,6,4
10/18/2015 08:00:00 PM,4,3,1
10/18/2015 09:00:00 PM,7,6,1
10/18/2015 10:00:00 PM,1,1,0
10/18/2015 11:00:00 PM,1,0,1
10/19/2015 12:00:00 AM,3,1,2
10/19/2015 01:00:00 AM,0,0,0
10/19/2015 02:00:00 AM,2,1,1
10/19/2015 03:00:00 AM,1,1,0
10/19/2015 04:00:00 AM,0,0,0
10/19/2015 05:00:00 AM,13,7,6
10/19/2015 06:00:00 AM,26,14,12
10/19/2015 07:00:00 AM,53,35,18
10/19/2015 08:00:00 AM,96,62,34
10/19/2015 09:00:00 AM,49,31,18
10/19/2015 10:00:00 AM,21,16,5
10/19/2015 11:00:00 AM,20,14,6
10/19/2015 12:00:00 PM,20,13,7
10/19/2015 01:00:00 PM,23,14,9
10/19/2015 02:00:00 PM,28,19,9
10/19/2015 03:00:00 PM,36,26,10
10/19/2015 04:00:00 PM,97,67,30
10/19/2015 05:00:00 PM,114,71,43
10/19/2015 06:00:00 PM,43,23,20
10/19/2015 07:00:00 PM,18,11,7
10/19/2015 08:00:00 PM,2,1,1
10/19/2015 09:00:00 PM,10,7,3
10/19/2015 10:00:00 PM,3,3,0
10/19/2015 11:00:00 PM,4,1,3
10/20/2015 12:00:00 AM,1,1,0
10/20/2015 01:00:00 AM,1,1,0
10/20/2015 02:00:00 AM,4,2,2
10/20/2015 03:00:00 AM,1,1,0
10/20/2015 04:00:00 AM,1,0,1
10/20/2015 05:00:00 AM,8,2,6
10/20/2015 06:00:00 AM,33,19,14
10/20/2015 07:00:00 AM,63,42,21
10/20/2015 08:00:00 AM,131,86,45
10/20/2015 09:00:00 AM,62,35,27
10/20/2015 10:00:00 AM,36,25,11
10/20/2015 11:00:00 AM,22,14,8
10/20/2015 12:00:00 PM,24,12,12
10/20/2015 01:00:00 PM,33,23,10
10/20/2015 02:00:00 PM,34,21,13
10/20/2015 03:00:00 PM,53,38,15
10/20/2015 04:00:00 PM,81,59,22
10/20/2015 05:00:00 PM,136,102,34
10/20/2015 06:00:00 PM,75,37,38
10/20/2015 07:00:00 PM,21,10,11
10/20/2015 08:00:00 PM,12,7,5
10/20/2015 09:00:00 PM,7,2,5
10/20/2015 10:00:00 PM,7,4,3
10/20/2015 11:00:00 PM,3,3,0
10/21/2015 12:00:00 AM,5,4,1
10/21/2015 01:00:00 AM,2,2,0
10/21/2015 02:00:00 AM,2,0,2
10/21/2015 03:00:00 AM,1,1,0
10/21/2015 04:00:00 AM,1,0,1
10/21/2015 05:00:00 AM,11,5,6
10/21/2015 06:00:00 AM,30,17,13
10/21/2015 07:00:00 AM,67,46,21
10/21/2015 08:00:00 AM,111,77,34
10/21/2015 09:00:00 AM,60,32,28
10/21/2015 10:00:00 AM,23,16,7
10/21/2015 11:00:00 AM,21,11,10
10/21/2015 12:00:00 PM,22,16,6
10/21/2015 01:00:00 PM,33,23,10
10/21/2015 02:00:00 PM,38,23,15
10/21/2015 03:00:00 PM,39,25,14
10/21/2015 04:00:00 PM,100,79,21
10/21/2015 05:00:00 PM,164,105,59
10/21/2015 06:00:00 PM,69,55,14
10/21/2015 07:00:00 PM,26,19,7
10/21/2015 08:00:00 PM,12,5,7
10/21/2015 09:00:00 PM,18,4,14
10/21/2015 10:00:00 PM,5,2,3
10/21/2015 11:00:00 PM,2,1,1
10/22/2015 12:00:00 AM,3,2,1
10/22/2015 01:00:00 AM,1,0,1
10/22/2015 02:00:00 AM,2,1,1
10/22/2015 03:00:00 AM,1,1,0
10/22/2015 04:00:00 AM,1,0,1
10/22/2015 05:00:00 AM,6,2,4
10/22/2015 06:00:00 AM,24,11,13
10/22/2015 07:00:00 AM,71,48,23
10/22/2015 08:00:00 AM,113,83,30
10/22/2015 09:00:00 AM,45,26,19
10/22/2015 10:00:00 AM,22,13,9
10/22/2015 11:00:00 AM,28,20,8
10/22/2015 12:00:00 PM,20,11,9
10/22/2015 01:00:00 PM,35,21,14
10/22/2015 02:00:00 PM,39,25,14
10/22/2015 03:00:00 PM,33,21,12
10/22/2015 04:00:00 PM,100,69,31
10/22/2015 05:00:00 PM,125,82,43
10/22/2015 06:00:00 PM,49,34,15
10/22/2015 07:00:00 PM,22,14,8
10/22/2015 08:00:00 PM,14,9,5
10/22/2015 09:00:00 PM,11,10,1
10/22/2015 10:00:00 PM,7,6,1
10/22/2015 11:00:00 PM,4,0,4
10/23/2015 12:00:00 AM,2,1,1
10/23/2015 01:00:00 AM,1,1,0
10/23/2015 02:00:00 AM,2,1,1
10/23/2015 03:00:00 AM,0,0,0
10/23/2015 04:00:00 AM,2,0,2
10/23/2015 05:00:00 AM,5,2,3
10/23/2015 06:00:00 AM,28,14,14
10/23/2015 07:00:00 AM,45,29,16
10/23/2015 08:00:00 AM,99,67,32
10/23/2015 09:00:00 AM,37,25,12
10/23/2015 10:00:00 AM,32,22,10
10/23/2015 11:00:00 AM,30,16,14
10/23/2015 12:00:00 PM,22,12,10
10/23/2015 01:00:00 PM,53,32,21
10/23/2015 02:00:00 PM,30,24,6
10/23/2015 03:00:00 PM,57,42,15
10/23/2015 04:00:00 PM,81,57,24
10/23/2015 05:00:00 PM,101,68,33
10/23/2015 06:00:00 PM,44,30,14
10/23/2015 07:00:00 PM,11,6,5
10/23/2015 08:00:00 PM,8,6,2
10/23/2015 09:00:00 PM,5,3,2
10/23/2015 10:00:00 PM,12,10,2
10/23/2015 11:00:00 PM,4,3,1
10/24/2015 12:00:00 AM,3,2,1
10/24/2015 01:00:00 AM,2,1,1
10/24/2015 02:00:00 AM,1,1,0
10/24/2015 03:00:00 AM,1,1,0
10/24/2015 04:00:00 AM,0,0,0
10/24/2015 05:00:00 AM,1,1,0
10/24/2015 06:00:00 AM,7,4,3
10/24/2015 07:00:00 AM,9,5,4
10/24/2015 08:00:00 AM,11,9,2
10/24/2015 09:00:00 AM,11,7,4
10/24/2015 10:00:00 AM,14,8,6
10/24/2015 11:00:00 AM,10,7,3
10/24/2015 12:00:00 PM,10,5,5
10/24/2015 01:00:00 PM,21,12,9
10/24/2015 02:00:00 PM,9,7,2
10/24/2015 03:00:00 PM,19,11,8
10/24/2015 04:00:00 PM,19,11,8
10/24/2015 05:00:00 PM,6,3,3
10/24/2015 06:00:00 PM,16,12,4
10/24/2015 07:00:00 PM,6,4,2
10/24/2015 08:00:00 PM,4,4,0
10/24/2015 09:00:00 PM,5,2,3
10/24/2015 10:00:00 PM,17,5,12
10/24/2015 11:00:00 PM,2,1,1
10/25/2015 12:00:00 AM,6,3,3
10/25/2015 01:00:00 AM,2,1,1
10/25/2015 02:00:00 AM,0,0,0
10/25/2015 03:00:00 AM,0,0,0
10/25/2015 04:00:00 AM,1,0,1
10/25/2015 05:00:00 AM,1,1,0
10/25/2015 06:00:00 AM,3,2,1
10/25/2015 07:00:00 AM,7,6,1
10/25/2015 08:00:00 AM,4,2,2
10/25/2015 09:00:00 AM,8,5,3
10/25/2015 10:00:00 AM,13,7,6
10/25/2015 11:00:00 AM,13,11,2
10/25/2015 12:00:00 PM,14,7,7
10/25/2015 01:00:00 PM,14,10,4
10/25/2015 02:00:00 PM,29,24,5
10/25/2015 03:00:00 PM,25,19,6
10/25/2015 04:00:00 PM,13,10,3
10/25/2015 05:00:00 PM,9,7,2
10/25/2015 06:00:00 PM,23,2,21
10/25/2015 07:00:00 PM,9,5,4
10/25/2015 08:00:00 PM,6,5,1
10/25/2015 09:00:00 PM,4,3,1
10/25/2015 10:00:00 PM,2,2,0
10/25/2015 11:00:00 PM,3,2,1
10/26/2015 12:00:00 AM,1,1,0
10/26/2015 01:00:00 AM,1,1,0
10/26/2015 02:00:00 AM,2,2,0
10/26/2015 03:00:00 AM,0,0,0
10/26/2015 04:00:00 AM,1,0,1
10/26/2015 05:00:00 AM,8,6,2
10/26/2015 06:00:00 AM,20,10,10
10/26/2015 07:00:00 AM,41,24,17
10/26/2015 08:00:00 AM,80,58,22
10/26/2015 09:00:00 AM,42,23,19
10/26/2015 10:00:00 AM,19,10,9
10/26/2015 11:00:00 AM,18,13,5
10/26/2015 12:00:00 PM,13,6,7
10/26/2015 01:00:00 PM,22,17,5
10/26/2015 02:00:00 PM,20,11,9
10/26/2015 03:00:00 PM,29,17,12
10/26/2015 04:00:00 PM,67,45,22
10/26/2015 05:00:00 PM,101,63,38
10/26/2015 06:00:00 PM,36,17,19
10/26/2015 07:00:00 PM,19,9,10
10/26/2015 08:00:00 PM,6,5,1
10/26/2015 09:00:00 PM,4,4,0
10/26/2015 10:00:00 PM,3,1,2
10/26/2015 11:00:00 PM,4,3,1
10/27/2015 12:00:00 AM,2,1,1
10/27/2015 01:00:00 AM,0,0,0
10/27/2015 02:00:00 AM,2,0,2
10/27/2015 03:00:00 AM,1,0,1
10/27/2015 04:00:00 AM,1,0,1
10/27/2015 05:00:00 AM,7,2,5
10/27/2015 06:00:00 AM,31,19,12
10/27/2015 07:00:00 AM,60,36,24
10/27/2015 08:00:00 AM,113,79,34
10/27/2015 09:00:00 AM,63,37,26
10/27/2015 10:00:00 AM,20,16,4
10/27/2015 11:00:00 AM,28,18,10
10/27/2015 12:00:00 PM,22,17,5
10/27/2015 01:00:00 PM,29,14,15
10/27/2015 02:00:00 PM,35,22,13
10/27/2015 03:00:00 PM,29,19,10
10/27/2015 04:00:00 PM,91,61,30
10/27/2015 05:00:00 PM,159,103,56
10/27/2015 06:00:00 PM,57,29,28
10/27/2015 07:00:00 PM,26,20,6
10/27/2015 08:00:00 PM,12,7,5
10/27/2015 09:00:00 PM,9,4,5
10/27/2015 10:00:00 PM,7,5,2
10/27/2015 11:00:00 PM,9,4,5
10/28/2015 12:00:00 AM,5,4,1
10/28/2015 01:00:00 AM,1,0,1
10/28/2015 02:00:00 AM,1,0,1
10/28/2015 03:00:00 AM,2,2,0
10/28/2015 04:00:00 AM,2,1,1
10/28/2015 05:00:00 AM,5,2,3
10/28/2015 06:00:00 AM,25,11,14
10/28/2015 07:00:00 AM,50,37,13
10/28/2015 08:00:00 AM,100,72,28
10/28/2015 09:00:00 AM,34,22,12
10/28/2015 10:00:00 AM,23,13,10
10/28/2015 11:00:00 AM,15,8,7
10/28/2015 12:00:00 PM,27,16,11
10/28/2015 01:00:00 PM,21,13,8
10/28/2015 02:00:00 PM,25,19,6
10/28/2015 03:00:00 PM,35,22,13
10/28/2015 04:00:00 PM,74,58,16
10/28/2015 05:00:00 PM,125,92,33
10/28/2015 06:00:00 PM,62,46,16
10/28/2015 07:00:00 PM,20,12,8
10/28/2015 08:00:00 PM,5,5,0
10/28/2015 09:00:00 PM,25,3,22
10/28/2015 10:00:00 PM,7,4,3
10/28/2015 11:00:00 PM,4,3,1
10/29/2015 12:00:00 AM,3,1,2
10/29/2015 01:00:00 AM,2,0,2
10/29/2015 02:00:00 AM,3,3,0
10/29/2015 03:00:00 AM,0,0,0
10/29/2015 04:00:00 AM,2,0,2
10/29/2015 05:00:00 AM,6,3,3
10/29/2015 06:00:00 AM,24,11,13
10/29/2015 07:00:00 AM,57,35,22
10/29/2015 08:00:00 AM,101,71,30
10/29/2015 09:00:00 AM,44,31,13
10/29/2015 10:00:00 AM,32,19,13
10/29/2015 11:00:00 AM,25,18,7
10/29/2015 12:00:00 PM,23,15,8
10/29/2015 01:00:00 PM,23,15,8
10/29/2015 02:00:00 PM,20,12,8
10/29/2015 03:00:00 PM,42,28,14
10/29/2015 04:00:00 PM,77,58,19
10/29/2015 05:00:00 PM,130,83,47
10/29/2015 06:00:00 PM,43,21,22
10/29/2015 07:00:00 PM,24,18,6
10/29/2015 08:00:00 PM,4,4,0
10/29/2015 09:00:00 PM,6,5,1
10/29/2015 10:00:00 PM,5,3,2
10/29/2015 11:00:00 PM,2,0,2
10/30/2015 12:00:00 AM,5,3,2
10/30/2015 01:00:00 AM,0,0,0
10/30/2015 02:00:00 AM,1,0,1
10/30/2015 03:00:00 AM,0,0,0
10/30/2015 04:00:00 AM,0,0,0
10/30/2015 05:00:00 AM,3,2,1
10/30/2015 06:00:00 AM,14,8,6
10/30/2015 07:00:00 AM,33,22,11
10/30/2015 08:00:00 AM,58,39,19
10/30/2015 09:00:00 AM,35,17,18
10/30/2015 10:00:00 AM,28,19,9
10/30/2015 11:00:00 AM,23,16,7
10/30/2015 12:00:00 PM,31,15,16
10/30/2015 01:00:00 PM,24,14,10
10/30/2015 02:00:00 PM,21,10,11
10/30/2015 03:00:00 PM,41,30,11
10/30/2015 04:00:00 PM,59,40,19
10/30/2015 05:00:00 PM,68,43,25
10/30/2015 06:00:00 PM,27,19,8
10/30/2015 07:00:00 PM,10,6,4
10/30/2015 08:00:00 PM,6,4,2
10/30/2015 09:00:00 PM,4,3,1
10/30/2015 10:00:00 PM,5,3,2
10/30/2015 11:00:00 PM,4,1,3
10/31/2015 12:00:00 AM,3,3,0
10/31/2015 01:00:00 AM,3,3,0
10/31/2015 02:00:00 AM,0,0,0
10/31/2015 03:00:00 AM,0,0,0
10/31/2015 04:00:00 AM,0,0,0
10/31/2015 05:00:00 AM,1,1,0
10/31/2015 06:00:00 AM,0,0,0
10/31/2015 07:00:00 AM,3,2,1
10/31/2015 08:00:00 AM,2,1,1
10/31/2015 09:00:00 AM,6,3,3
10/31/2015 10:00:00 AM,12,8,4
10/31/2015 11:00:00 AM,4,3,1
10/31/2015 12:00:00 PM,4,4,0
10/31/2015 01:00:00 PM,14,7,7
10/31/2015 02:00:00 PM,3,3,0
10/31/2015 03:00:00 PM,5,3,2
10/31/2015 04:00:00 PM,5,5,0
10/31/2015 05:00:00 PM,9,6,3
10/31/2015 06:00:00 PM,4,2,2
10/31/2015 07:00:00 PM,0,0,0
10/31/2015 08:00:00 PM,2,1,1
10/31/2015 09:00:00 PM,1,1,0
10/31/2015 10:00:00 PM,1,1,0
10/31/2015 11:00:00 PM,3,3,0
11/01/2015 12:00:00 AM,6,5,1
11/01/2015 01:00:00 AM,3,2,1
11/01/2015 02:00:00 AM,4,0,4
11/01/2015 03:00:00 AM,0,0,0
11/01/2015 04:00:00 AM,0,0,0
11/01/2015 05:00:00 AM,0,0,0
11/01/2015 06:00:00 AM,2,1,1
11/01/2015 07:00:00 AM,1,0,1
11/01/2015 08:00:00 AM,2,1,1
11/01/2015 09:00:00 AM,8,7,1
11/01/2015 10:00:00 AM,5,4,1
11/01/2015 11:00:00 AM,2,2,0
11/01/2015 12:00:00 PM,6,3,3
11/01/2015 01:00:00 PM,4,4,0
11/01/2015 02:00:00 PM,4,2,2
11/01/2015 03:00:00 PM,7,5,2
11/01/2015 04:00:00 PM,7,3,4
11/01/2015 05:00:00 PM,28,25,3
11/01/2015 06:00:00 PM,13,11,2
11/01/2015 07:00:00 PM,3,2,1
11/01/2015 08:00:00 PM,20,5,15
11/01/2015 09:00:00 PM,4,2,2
11/01/2015 10:00:00 PM,1,1,0
11/01/2015 11:00:00 PM,0,0,0
11/02/2015 12:00:00 AM,1,0,1
11/02/2015 01:00:00 AM,1,1,0
11/02/2015 02:00:00 AM,0,0,0
11/02/2015 03:00:00 AM,0,0,0
11/02/2015 04:00:00 AM,1,0,1
11/02/2015 05:00:00 AM,7,4,3
11/02/2015 06:00:00 AM,30,14,16
11/02/2015 07:00:00 AM,56,35,21
11/02/2015 08:00:00 AM,94,58,36
11/02/2015 09:00:00 AM,33,17,16
11/02/2015 10:00:00 AM,18,12,6
11/02/2015 11:00:00 AM,20,13,7
11/02/2015 12:00:00 PM,19,10,9
11/02/2015 01:00:00 PM,20,14,6
11/02/2015 02:00:00 PM,21,15,6
11/02/2015 03:00:00 PM,43,30,13
11/02/2015 04:00:00 PM,85,60,25
11/02/2015 05:00:00 PM,127,93,34
11/02/2015 06:00:00 PM,40,26,14
11/02/2015 07:00:00 PM,12,8,4
11/02/2015 08:00:00 PM,10,7,3
11/02/2015 09:00:00 PM,6,5,1
11/02/2015 10:00:00 PM,0,0,0
11/02/2015 11:00:00 PM,1,0,1
11/03/2015 12:00:00 AM,0,0,0
11/03/2015 01:00:00 AM,0,0,0
11/03/2015 02:00:00 AM,2,2,0
11/03/2015 03:00:00 AM,1,1,0
11/03/2015 04:00:00 AM,2,1,1
11/03/2015 05:00:00 AM,8,4,4
11/03/2015 06:00:00 AM,32,21,11
11/03/2015 07:00:00 AM,79,54,25
11/03/2015 08:00:00 AM,107,74,33
11/03/2015 09:00:00 AM,42,23,19
11/03/2015 10:00:00 AM,18,7,11
11/03/2015 11:00:00 AM,19,12,7
11/03/2015 12:00:00 PM,29,17,12
11/03/2015 01:00:00 PM,23,16,7
11/03/2015 02:00:00 PM,24,15,9
11/03/2015 03:00:00 PM,44,30,14
11/03/2015 04:00:00 PM,97,74,23
11/03/2015 05:00:00 PM,109,76,33
11/03/2015 06:00:00 PM,44,24,20
11/03/2015 07:00:00 PM,23,13,10
11/03/2015 08:00:00 PM,4,2,2
11/03/2015 09:00:00 PM,10,6,4
11/03/2015 10:00:00 PM,3,2,1
11/03/2015 11:00:00 PM,4,4,0
11/04/2015 12:00:00 AM,3,3,0
11/04/2015 01:00:00 AM,0,0,0
11/04/2015 02:00:00 AM,2,1,1
11/04/2015 03:00:00 AM,0,0,0
11/04/2015 04:00:00 AM,1,0,1
11/04/2015 05:00:00 AM,6,2,4
11/04/2015 06:00:00 AM,21,9,12
11/04/2015 07:00:00 AM,77,45,32
11/04/2015 08:00:00 AM,116,92,24
11/04/2015 09:00:00 AM,53,36,17
11/04/2015 10:00:00 AM,34,25,9
11/04/2015 11:00:00 AM,23,12,11
11/04/2015 12:00:00 PM,25,13,12
11/04/2015 01:00:00 PM,35,22,13
11/04/2015 02:00:00 PM,25,16,9
11/04/2015 03:00:00 PM,31,18,13
11/04/2015 04:00:00 PM,92,66,26
11/04/2015 05:00:00 PM,129,86,43
11/04/2015 06:00:00 PM,44,27,17
11/04/2015 07:00:00 PM,24,15,9
11/04/2015 08:00:00 PM,8,5,3
11/04/2015 09:00:00 PM,6,5,1
11/04/2015 10:00:00 PM,4,3,1
11/04/2015 11:00:00 PM,0,0,0
11/05/2015 12:00:00 AM,0,0,0
11/05/2015 01:00:00 AM,0,0,0
11/05/2015 02:00:00 AM,1,1,0
11/05/2015 03:00:00 AM,0,0,0
11/05/2015 04:00:00 AM,0,0,0
11/05/2015 05:00:00 AM,9,4,5
11/05/2015 06:00:00 AM,32,18,14
11/05/2015 07:00:00 AM,71,40,31
11/05/2015 08:00:00 AM,114,81,33
11/05/2015 09:00:00 AM,51,34,17
11/05/2015 10:00:00 AM,28,15,13
11/05/2015 11:00:00 AM,23,18,5
11/05/2015 12:00:00 PM,15,8,7
11/05/2015 01:00:00 PM,27,18,9
11/05/2015 02:00:00 PM,31,20,11
11/05/2015 03:00:00 PM,41,26,15
11/05/2015 04:00:00 PM,91,62,29
11/05/2015 05:00:00 PM,128,87,41
11/05/2015 06:00:00 PM,55,36,19
11/05/2015 07:00:00 PM,25,17,8
11/05/2015 08:00:00 PM,22,10,12
11/05/2015 09:00:00 PM,13,9,4
11/05/2015 10:00:00 PM,3,3,0
11/05/2015 11:00:00 PM,2,1,1
11/06/2015 12:00:00 AM,5,2,3
11/06/2015 01:00:00 AM,1,1,0
11/06/2015 02:00:00 AM,1,0,1
11/06/2015 03:00:00 AM,0,0,0
11/06/2015 04:00:00 AM,2,1,1
11/06/2015 05:00:00 AM,5,2,3
11/06/2015 06:00:00 AM,22,11,11
11/06/2015 07:00:00 AM,55,32,23
11/06/2015 08:00:00 AM,93,65,28
11/06/2015 09:00:00 AM,41,27,14
11/06/2015 10:00:00 AM,16,6,10
11/06/2015 11:00:00 AM,22,12,10
11/06/2015 12:00:00 PM,24,12,12
11/06/2015 01:00:00 PM,17,10,7
11/06/2015 02:00:00 PM,23,12,11
11/06/2015 03:00:00 PM,50,34,16
11/06/2015 04:00:00 PM,64,42,22
11/06/2015 05:00:00 PM,87,60,27
11/06/2015 06:00:00 PM,24,16,8
11/06/2015 07:00:00 PM,10,6,4
11/06/2015 08:00:00 PM,7,5,2
11/06/2015 09:00:00 PM,5,5,0
11/06/2015 10:00:00 PM,4,4,0
11/06/2015 11:00:00 PM,8,7,1
11/07/2015 12:00:00 AM,4,3,1
11/07/2015 01:00:00 AM,0,0,0
11/07/2015 02:00:00 AM,0,0,0
11/07/2015 03:00:00 AM,1,0,1
11/07/2015 04:00:00 AM,0,0,0
11/07/2015 05:00:00 AM,0,0,0
11/07/2015 06:00:00 AM,1,1,0
11/07/2015 07:00:00 AM,4,1,3
11/07/2015 08:00:00 AM,10,7,3
11/07/2015 09:00:00 AM,3,3,0
11/07/2015 10:00:00 AM,6,3,3
11/07/2015 11:00:00 AM,6,4,2
11/07/2015 12:00:00 PM,15,8,7
11/07/2015 01:00:00 PM,10,4,6
11/07/2015 02:00:00 PM,8,5,3
11/07/2015 03:00:00 PM,7,4,3
11/07/2015 04:00:00 PM,5,1,4
11/07/2015 05:00:00 PM,4,4,0
11/07/2015 06:00:00 PM,6,5,1
11/07/2015 07:00:00 PM,2,1,1
11/07/2015 08:00:00 PM,0,0,0
11/07/2015 09:00:00 PM,5,4,1
11/07/2015 10:00:00 PM,4,3,1
11/07/2015 11:00:00 PM,0,0,0
11/08/2015 12:00:00 AM,5,4,1
11/08/2015 01:00:00 AM,1,0,1
11/08/2015 02:00:00 AM,0,0,0
11/08/2015 03:00:00 AM,1,0,1
11/08/2015 04:00:00 AM,0,0,0
11/08/2015 05:00:00 AM,0,0,0
11/08/2015 06:00:00 AM,1,1,0
11/08/2015 07:00:00 AM,3,2,1
11/08/2015 08:00:00 AM,8,6,2
11/08/2015 09:00:00 AM,3,1,2
11/08/2015 10:00:00 AM,7,3,4
11/08/2015 11:00:00 AM,3,3,0
11/08/2015 12:00:00 PM,8,6,2
11/08/2015 01:00:00 PM,10,3,7
11/08/2015 02:00:00 PM,9,2,7
11/08/2015 03:00:00 PM,13,9,4
11/08/2015 04:00:00 PM,9,5,4
11/08/2015 05:00:00 PM,9,7,2
11/08/2015 06:00:00 PM,4,3,1
11/08/2015 07:00:00 PM,4,4,0
11/08/2015 08:00:00 PM,1,1,0
11/08/2015 09:00:00 PM,2,1,1
11/08/2015 10:00:00 PM,2,2,0
11/08/2015 11:00:00 PM,5,3,2
11/09/2015 12:00:00 AM,1,1,0
11/09/2015 01:00:00 AM,0,0,0
11/09/2015 02:00:00 AM,0,0,0
11/09/2015 03:00:00 AM,0,0,0
11/09/2015 04:00:00 AM,1,0,1
11/09/2015 05:00:00 AM,10,5,5
11/09/2015 06:00:00 AM,33,19,14
11/09/2015 07:00:00 AM,48,28,20
11/09/2015 08:00:00 AM,84,52,32
11/09/2015 09:00:00 AM,53,28,25
11/09/2015 10:00:00 AM,10,5,5
11/09/2015 11:00:00 AM,16,7,9
11/09/2015 12:00:00 PM,11,5,6
11/09/2015 01:00:00 PM,15,11,4
11/09/2015 02:00:00 PM,24,11,13
11/09/2015 03:00:00 PM,42,33,9
11/09/2015 04:00:00 PM,92,67,25
11/09/2015 05:00:00 PM,99,63,36
11/09/2015 06:00:00 PM,30,15,15
11/09/2015 07:00:00 PM,14,7,7
11/09/2015 08:00:00 PM,10,7,3
11/09/2015 09:00:00 PM,9,5,4
11/09/2015 10:00:00 PM,2,1,1
11/09/2015 11:00:00 PM,3,1,2
11/10/2015 12:00:00 AM,0,0,0
11/10/2015 01:00:00 AM,3,1,2
11/10/2015 02:00:00 AM,2,1,1
11/10/2015 03:00:00 AM,0,0,0
11/10/2015 04:00:00 AM,1,0,1
11/10/2015 05:00:00 AM,7,2,5
11/10/2015 06:00:00 AM,23,11,12
11/10/2015 07:00:00 AM,77,51,26
11/10/2015 08:00:00 AM,126,93,33
11/10/2015 09:00:00 AM,62,30,32
11/10/2015 10:00:00 AM,21,17,4
11/10/2015 11:00:00 AM,27,14,13
11/10/2015 12:00:00 PM,22,13,9
11/10/2015 01:00:00 PM,19,11,8
11/10/2015 02:00:00 PM,34,24,10
11/10/2015 03:00:00 PM,51,34,17
11/10/2015 04:00:00 PM,97,67,30
11/10/2015 05:00:00 PM,133,86,47
11/10/2015 06:00:00 PM,55,28,27
11/10/2015 07:00:00 PM,22,12,10
11/10/2015 08:00:00 PM,8,4,4
11/10/2015 09:00:00 PM,12,9,3
11/10/2015 10:00:00 PM,5,3,2
11/10/2015 11:00:00 PM,2,2,0
11/11/2015 12:00:00 AM,4,3,1
11/11/2015 01:00:00 AM,1,1,0
11/11/2015 02:00:00 AM,3,0,3
11/11/2015 03:00:00 AM,1,1,0
11/11/2015 04:00:00 AM,0,0,0
11/11/2015 05:00:00 AM,11,3,8
11/11/2015 06:00:00 AM,14,7,7
11/11/2015 07:00:00 AM,43,26,17
11/11/2015 08:00:00 AM,84,56,28
11/11/2015 09:00:00 AM,45,29,16
11/11/2015 10:00:00 AM,20,12,8
11/11/2015 11:00:00 AM,33,20,13
11/11/2015 12:00:00 PM,26,19,7
11/11/2015 01:00:00 PM,25,14,11
11/11/2015 02:00:00 PM,26,12,14
11/11/2015 03:00:00 PM,42,27,15
11/11/2015 04:00:00 PM,77,57,20
11/11/2015 05:00:00 PM,91,65,26
11/11/2015 06:00:00 PM,54,36,18
11/11/2015 07:00:00 PM,18,10,8
11/11/2015 08:00:00 PM,10,3,7
11/11/2015 09:00:00 PM,10,4,6
11/11/2015 10:00:00 PM,6,2,4
11/11/2015 11:00:00 PM,5,4,1
11/12/2015 12:00:00 AM,3,2,1
11/12/2015 01:00:00 AM,0,0,0
11/12/2015 02:00:00 AM,1,0,1
11/12/2015 03:00:00 AM,1,1,0
11/12/2015 04:00:00 AM,1,0,1
11/12/2015 05:00:00 AM,6,0,6
11/12/2015 06:00:00 AM,27,17,10
11/12/2015 07:00:00 AM,59,40,19
11/12/2015 08:00:00 AM,81,53,28
11/12/2015 09:00:00 AM,33,17,16
11/12/2015 10:00:00 AM,26,16,10
11/12/2015 11:00:00 AM,27,17,10
11/12/2015 12:00:00 PM,37,21,16
11/12/2015 01:00:00 PM,19,10,9
11/12/2015 02:00:00 PM,19,13,6
11/12/2015 03:00:00 PM,35,25,10
11/12/2015 04:00:00 PM,74,55,19
11/12/2015 05:00:00 PM,88,56,32
11/12/2015 06:00:00 PM,40,21,19
11/12/2015 07:00:00 PM,16,11,5
11/12/2015 08:00:00 PM,7,3,4
11/12/2015 09:00:00 PM,9,7,2
11/12/2015 10:00:00 PM,10,7,3
11/12/2015 11:00:00 PM,4,2,2
11/13/2015 12:00:00 AM,2,2,0
11/13/2015 01:00:00 AM,0,0,0
11/13/2015 02:00:00 AM,0,0,0
11/13/2015 03:00:00 AM,0,0,0
11/13/2015 04:00:00 AM,0,0,0
11/13/2015 05:00:00 AM,2,0,2
11/13/2015 06:00:00 AM,12,5,7
11/13/2015 07:00:00 AM,27,18,9
11/13/2015 08:00:00 AM,61,42,19
11/13/2015 09:00:00 AM,31,21,10
11/13/2015 10:00:00 AM,22,12,10
11/13/2015 11:00:00 AM,26,15,11
11/13/2015 12:00:00 PM,20,12,8
11/13/2015 01:00:00 PM,20,9,11
11/13/2015 02:00:00 PM,14,11,3
11/13/2015 03:00:00 PM,21,17,4
11/13/2015 04:00:00 PM,50,35,15
11/13/2015 05:00:00 PM,63,43,20
11/13/2015 06:00:00 PM,30,19,11
11/13/2015 07:00:00 PM,10,6,4
11/13/2015 08:00:00 PM,4,3,1
11/13/2015 09:00:00 PM,4,2,2
11/13/2015 10:00:00 PM,6,5,1
11/13/2015 11:00:00 PM,2,2,0
11/14/2015 12:00:00 AM,4,2,2
11/14/2015 01:00:00 AM,1,0,1
11/14/2015 02:00:00 AM,0,0,0
11/14/2015 03:00:00 AM,0,0,0
11/14/2015 04:00:00 AM,0,0,0
11/14/2015 05:00:00 AM,0,0,0
11/14/2015 06:00:00 AM,0,0,0
11/14/2015 07:00:00 AM,1,1,0
11/14/2015 08:00:00 AM,1,1,0
11/14/2015 09:00:00 AM,1,0,1
11/14/2015 10:00:00 AM,7,3,4
11/14/2015 11:00:00 AM,8,5,3
11/14/2015 12:00:00 PM,9,7,2
11/14/2015 01:00:00 PM,11,8,3
11/14/2015 02:00:00 PM,11,10,1
11/14/2015 03:00:00 PM,9,6,3
11/14/2015 04:00:00 PM,5,4,1
11/14/2015 05:00:00 PM,10,7,3
11/14/2015 06:00:00 PM,1,0,1
11/14/2015 07:00:00 PM,4,4,0
11/14/2015 08:00:00 PM,0,0,0
11/14/2015 09:00:00 PM,1,1,0
11/14/2015 10:00:00 PM,2,2,0
11/14/2015 11:00:00 PM,2,0,2
11/15/2015 12:00:00 AM,2,2,0
11/15/2015 01:00:00 AM,0,0,0
11/15/2015 02:00:00 AM,1,0,1
11/15/2015 03:00:00 AM,0,0,0
11/15/2015 04:00:00 AM,0,0,0
11/15/2015 05:00:00 AM,0,0,0
11/15/2015 06:00:00 AM,0,0,0
11/15/2015 07:00:00 AM,2,1,1
11/15/2015 08:00:00 AM,3,1,2
11/15/2015 09:00:00 AM,4,3,1
11/15/2015 10:00:00 AM,9,8,1
11/15/2015 11:00:00 AM,9,8,1
11/15/2015 12:00:00 PM,12,7,5
11/15/2015 01:00:00 PM,10,4,6
11/15/2015 02:00:00 PM,12,9,3
11/15/2015 03:00:00 PM,14,11,3
11/15/2015 04:00:00 PM,8,7,1
11/15/2015 05:00:00 PM,11,8,3
11/15/2015 06:00:00 PM,4,2,2
11/15/2015 07:00:00 PM,1,1,0
11/15/2015 08:00:00 PM,6,4,2
11/15/2015 09:00:00 PM,18,5,13
11/15/2015 10:00:00 PM,9,1,8
11/15/2015 11:00:00 PM,4,2,2
11/16/2015 12:00:00 AM,2,1,1
11/16/2015 01:00:00 AM,0,0,0
11/16/2015 02:00:00 AM,0,0,0
11/16/2015 03:00:00 AM,0,0,0
11/16/2015 04:00:00 AM,2,1,1
11/16/2015 05:00:00 AM,6,2,4
11/16/2015 06:00:00 AM,26,13,13
11/16/2015 07:00:00 AM,52,35,17
11/16/2015 08:00:00 AM,82,52,30
11/16/2015 09:00:00 AM,44,22,22
11/16/2015 10:00:00 AM,24,11,13
11/16/2015 11:00:00 AM,26,16,10
11/16/2015 12:00:00 PM,25,12,13
11/16/2015 01:00:00 PM,16,10,6
11/16/2015 02:00:00 PM,18,7,11
11/16/2015 03:00:00 PM,31,20,11
11/16/2015 04:00:00 PM,55,41,14
11/16/2015 05:00:00 PM,97,76,21
11/16/2015 06:00:00 PM,56,28,28
11/16/2015 07:00:00 PM,14,8,6
11/16/2015 08:00:00 PM,7,5,2
11/16/2015 09:00:00 PM,12,9,3
11/16/2015 10:00:00 PM,4,2,2
11/16/2015 11:00:00 PM,0,0,0
11/17/2015 12:00:00 AM,1,1,0
11/17/2015 01:00:00 AM,0,0,0
11/17/2015 02:00:00 AM,1,0,1
11/17/2015 03:00:00 AM,0,0,0
11/17/2015 04:00:00 AM,0,0,0
11/17/2015 05:00:00 AM,5,0,5
11/17/2015 06:00:00 AM,18,7,11
11/17/2015 07:00:00 AM,44,30,14
11/17/2015 08:00:00 AM,61,43,18
11/17/2015 09:00:00 AM,30,14,16
11/17/2015 10:00:00 AM,12,8,4
11/17/2015 11:00:00 AM,13,10,3
11/17/2015 12:00:00 PM,15,10,5
11/17/2015 01:00:00 PM,18,11,7
11/17/2015 02:00:00 PM,11,6,5
11/17/2015 03:00:00 PM,36,27,9
11/17/2015 04:00:00 PM,54,37,17
11/17/2015 05:00:00 PM,70,52,18
11/17/2015 06:00:00 PM,25,11,14
11/17/2015 07:00:00 PM,19,10,9
11/17/2015 08:00:00 PM,2,2,0
11/17/2015 09:00:00 PM,5,2,3
11/17/2015 10:00:00 PM,3,2,1
11/17/2015 11:00:00 PM,1,0,1
11/18/2015 12:00:00 AM,2,2,0
11/18/2015 01:00:00 AM,0,0,0
11/18/2015 02:00:00 AM,3,2,1
11/18/2015 03:00:00 AM,0,0,0
11/18/2015 04:00:00 AM,0,0,0
11/18/2015 05:00:00 AM,8,3,5
11/18/2015 06:00:00 AM,29,14,15
11/18/2015 07:00:00 AM,44,26,18
11/18/2015 08:00:00 AM,99,71,28
11/18/2015 09:00:00 AM,38,27,11
11/18/2015 10:00:00 AM,28,14,14
11/18/2015 11:00:00 AM,29,24,5
11/18/2015 12:00:00 PM,22,10,12
11/18/2015 01:00:00 PM,28,16,12
11/18/2015 02:00:00 PM,28,12,16
11/18/2015 03:00:00 PM,45,36,9
11/18/2015 04:00:00 PM,84,60,24
11/18/2015 05:00:00 PM,114,82,32
11/18/2015 06:00:00 PM,50,32,18
11/18/2015 07:00:00 PM,22,11,11
11/18/2015 08:00:00 PM,10,6,4
11/18/2015 09:00:00 PM,7,5,2
11/18/2015 10:00:00 PM,3,2,1
11/18/2015 11:00:00 PM,0,0,0
11/19/2015 12:00:00 AM,3,1,2
11/19/2015 01:00:00 AM,1,0,1
11/19/2015 02:00:00 AM,15,4,11
11/19/2015 03:00:00 AM,0,0,0
11/19/2015 04:00:00 AM,1,0,1
11/19/2015 05:00:00 AM,7,2,5
11/19/2015 06:00:00 AM,20,6,14
11/19/2015 07:00:00 AM,59,38,21
11/19/2015 08:00:00 AM,96,67,29
11/19/2015 09:00:00 AM,44,25,19
11/19/2015 10:00:00 AM,24,13,11
11/19/2015 11:00:00 AM,24,13,11
11/19/2015 12:00:00 PM,29,20,9
11/19/2015 01:00:00 PM,19,12,7
11/19/2015 02:00:00 PM,28,16,12
11/19/2015 03:00:00 PM,50,29,21
11/19/2015 04:00:00 PM,87,59,28
11/19/2015 05:00:00 PM,129,92,37
11/19/2015 06:00:00 PM,48,31,17
11/19/2015 07:00:00 PM,21,9,12
11/19/2015 08:00:00 PM,11,9,2
11/19/2015 09:00:00 PM,10,9,1
11/19/2015 10:00:00 PM,9,6,3
11/19/2015 11:00:00 PM,3,3,0
11/20/2015 12:00:00 AM,4,2,2
11/20/2015 01:00:00 AM,0,0,0
11/20/2015 02:00:00 AM,1,1,0
11/20/2015 03:00:00 AM,0,0,0
11/20/2015 04:00:00 AM,1,0,1
11/20/2015 05:00:00 AM,6,2,4
11/20/2015 06:00:00 AM,21,9,12
11/20/2015 07:00:00 AM,39,22,17
11/20/2015 08:00:00 AM,76,51,25
11/20/2015 09:00:00 AM,35,18,17
11/20/2015 10:00:00 AM,24,16,8
11/20/2015 11:00:00 AM,27,15,12
11/20/2015 12:00:00 PM,20,11,9
11/20/2015 01:00:00 PM,27,22,5
11/20/2015 02:00:00 PM,29,18,11
11/20/2015 03:00:00 PM,47,32,15
11/20/2015 04:00:00 PM,68,51,17
11/20/2015 05:00:00 PM,84,58,26
11/20/2015 06:00:00 PM,29,21,8
11/20/2015 07:00:00 PM,21,10,11
11/20/2015 08:00:00 PM,12,7,5
11/20/2015 09:00:00 PM,7,2,5
11/20/2015 10:00:00 PM,5,5,0
11/20/2015 11:00:00 PM,1,0,1
11/21/2015 12:00:00 AM,5,4,1
11/21/2015 01:00:00 AM,0,0,0
11/21/2015 02:00:00 AM,0,0,0
11/21/2015 03:00:00 AM,0,0,0
11/21/2015 04:00:00 AM,0,0,0
11/21/2015 05:00:00 AM,0,0,0
11/21/2015 06:00:00 AM,1,1,0
11/21/2015 07:00:00 AM,1,0,1
11/21/2015 08:00:00 AM,6,4,2
11/21/2015 09:00:00 AM,4,3,1
11/21/2015 10:00:00 AM,10,5,5
11/21/2015 11:00:00 AM,12,9,3
11/21/2015 12:00:00 PM,39,28,11
11/21/2015 01:00:00 PM,16,8,8
11/21/2015 02:00:00 PM,13,7,6
11/21/2015 03:00:00 PM,22,10,12
11/21/2015 04:00:00 PM,14,7,7
11/21/2015 05:00:00 PM,7,6,1
11/21/2015 06:00:00 PM,13,7,6
11/21/2015 07:00:00 PM,4,3,1
11/21/2015 08:00:00 PM,3,2,1
11/21/2015 09:00:00 PM,2,1,1
11/21/2015 10:00:00 PM,4,3,1
11/21/2015 11:00:00 PM,2,1,1
11/22/2015 12:00:00 AM,1,1,0
11/22/2015 01:00:00 AM,0,0,0
11/22/2015 02:00:00 AM,0,0,0
11/22/2015 03:00:00 AM,1,1,0
11/22/2015 04:00:00 AM,0,0,0
11/22/2015 05:00:00 AM,0,0,0
11/22/2015 06:00:00 AM,3,2,1
11/22/2015 07:00:00 AM,5,3,2
11/22/2015 08:00:00 AM,7,5,2
11/22/2015 09:00:00 AM,2,2,0
11/22/2015 10:00:00 AM,14,10,4
11/22/2015 11:00:00 AM,14,10,4
11/22/2015 12:00:00 PM,7,5,2
11/22/2015 01:00:00 PM,18,12,6
11/22/2015 02:00:00 PM,14,8,6
11/22/2015 03:00:00 PM,8,4,4
11/22/2015 04:00:00 PM,16,7,9
11/22/2015 05:00:00 PM,13,8,5
11/22/2015 06:00:00 PM,7,3,4
11/22/2015 07:00:00 PM,6,5,1
11/22/2015 08:00:00 PM,6,5,1
11/22/2015 09:00:00 PM,1,1,0
11/22/2015 10:00:00 PM,0,0,0
11/22/2015 11:00:00 PM,3,2,1
11/23/2015 12:00:00 AM,1,0,1
11/23/2015 01:00:00 AM,2,0,2
11/23/2015 02:00:00 AM,0,0,0
11/23/2015 03:00:00 AM,0,0,0
11/23/2015 04:00:00 AM,2,2,0
11/23/2015 05:00:00 AM,3,1,2
11/23/2015 06:00:00 AM,21,9,12
11/23/2015 07:00:00 AM,42,31,11
11/23/2015 08:00:00 AM,86,59,27
11/23/2015 09:00:00 AM,40,22,18
11/23/2015 10:00:00 AM,18,8,10
11/23/2015 11:00:00 AM,16,9,7
11/23/2015 12:00:00 PM,15,8,7
11/23/2015 01:00:00 PM,18,12,6
11/23/2015 02:00:00 PM,24,17,7
11/23/2015 03:00:00 PM,33,22,11
11/23/2015 04:00:00 PM,66,49,17
11/23/2015 05:00:00 PM,91,64,27
11/23/2015 06:00:00 PM,38,17,21
11/23/2015 07:00:00 PM,10,6,4
11/23/2015 08:00:00 PM,8,4,4
11/23/2015 09:00:00 PM,7,5,2
11/23/2015 10:00:00 PM,1,1,0
11/23/2015 11:00:00 PM,2,0,2
11/24/2015 12:00:00 AM,1,1,0
11/24/2015 01:00:00 AM,0,0,0
11/24/2015 02:00:00 AM,1,0,1
11/24/2015 03:00:00 AM,0,0,0
11/24/2015 04:00:00 AM,1,1,0
11/24/2015 05:00:00 AM,3,1,2
11/24/2015 06:00:00 AM,20,10,10
11/24/2015 07:00:00 AM,38,22,16
11/24/2015 08:00:00 AM,58,42,16
11/24/2015 09:00:00 AM,33,20,13
11/24/2015 10:00:00 AM,15,8,7
11/24/2015 11:00:00 AM,25,9,16
11/24/2015 12:00:00 PM,19,11,8
11/24/2015 01:00:00 PM,16,8,8
11/24/2015 02:00:00 PM,17,11,6
11/24/2015 03:00:00 PM,34,28,6
11/24/2015 04:00:00 PM,58,42,16
11/24/2015 05:00:00 PM,86,62,24
11/24/2015 06:00:00 PM,26,13,13
11/24/2015 07:00:00 PM,16,10,6
11/24/2015 08:00:00 PM,5,4,1
11/24/2015 09:00:00 PM,3,3,0
11/24/2015 10:00:00 PM,3,2,1
11/24/2015 11:00:00 PM,1,1,0
11/25/2015 12:00:00 AM,4,2,2
11/25/2015 01:00:00 AM,0,0,0
11/25/2015 02:00:00 AM,2,0,2
11/25/2015 03:00:00 AM,0,0,0
11/25/2015 04:00:00 AM,0,0,0
11/25/2015 05:00:00 AM,4,1,3
11/25/2015 06:00:00 AM,11,6,5
11/25/2015 07:00:00 AM,32,25,7
11/25/2015 08:00:00 AM,54,36,18
11/25/2015 09:00:00 AM,27,14,13
11/25/2015 10:00:00 AM,23,12,11
11/25/2015 11:00:00 AM,19,12,7
11/25/2015 12:00:00 PM,20,11,9
11/25/2015 01:00:00 PM,24,16,8
11/25/2015 02:00:00 PM,55,36,19
11/25/2015 03:00:00 PM,46,31,15
11/25/2015 04:00:00 PM,50,39,11
11/25/2015 05:00:00 PM,41,27,14
11/25/2015 06:00:00 PM,16,12,4
11/25/2015 07:00:00 PM,7,6,1
11/25/2015 08:00:00 PM,5,4,1
11/25/2015 09:00:00 PM,6,2,4
11/25/2015 10:00:00 PM,0,0,0
11/25/2015 11:00:00 PM,3,2,1
11/26/2015 12:00:00 AM,0,0,0
11/26/2015 01:00:00 AM,0,0,0
11/26/2015 02:00:00 AM,1,1,0
11/26/2015 03:00:00 AM,0,0,0
11/26/2015 04:00:00 AM,0,0,0
11/26/2015 05:00:00 AM,1,1,0
11/26/2015 06:00:00 AM,2,2,0
11/26/2015 07:00:00 AM,1,1,0
11/26/2015 08:00:00 AM,0,0,0
11/26/2015 09:00:00 AM,4,2,2
11/26/2015 10:00:00 AM,4,0,4
11/26/2015 11:00:00 AM,2,0,2
11/26/2015 12:00:00 PM,0,0,0
11/26/2015 01:00:00 PM,4,1,3
11/26/2015 02:00:00 PM,2,2,0
11/26/2015 03:00:00 PM,3,1,2
11/26/2015 04:00:00 PM,4,1,3
11/26/2015 05:00:00 PM,0,0,0
11/26/2015 06:00:00 PM,1,0,1
11/26/2015 07:00:00 PM,2,1,1
11/26/2015 08:00:00 PM,0,0,0
11/26/2015 09:00:00 PM,2,0,2
11/26/2015 10:00:00 PM,3,2,1
11/26/2015 11:00:00 PM,2,0,2
11/27/2015 12:00:00 AM,1,1,0
11/27/2015 01:00:00 AM,1,1,0
11/27/2015 02:00:00 AM,1,0,1
11/27/2015 03:00:00 AM,0,0,0
11/27/2015 04:00:00 AM,0,0,0
11/27/2015 05:00:00 AM,3,0,3
11/27/2015 06:00:00 AM,1,1,0
11/27/2015 07:00:00 AM,4,3,1
11/27/2015 08:00:00 AM,7,3,4
11/27/2015 09:00:00 AM,2,2,0
11/27/2015 10:00:00 AM,6,2,4
11/27/2015 11:00:00 AM,4,4,0
11/27/2015 12:00:00 PM,10,6,4
11/27/2015 01:00:00 PM,7,7,0
11/27/2015 02:00:00 PM,10,10,0
11/27/2015 03:00:00 PM,5,5,0
11/27/2015 04:00:00 PM,10,10,0
11/27/2015 05:00:00 PM,6,6,0
11/27/2015 06:00:00 PM,9,9,0
11/27/2015 07:00:00 PM,1,1,0
11/27/2015 08:00:00 PM,1,1,0
11/27/2015 09:00:00 PM,1,1,0
11/27/2015 10:00:00 PM,2,2,0
11/27/2015 11:00:00 PM,0,0,0
11/28/2015 12:00:00 AM,1,1,0
11/28/2015 01:00:00 AM,0,0,0
11/28/2015 02:00:00 AM,0,0,0
11/28/2015 03:00:00 AM,0,0,0
11/28/2015 04:00:00 AM,0,0,0
11/28/2015 05:00:00 AM,0,0,0
11/28/2015 06:00:00 AM,0,0,0
11/28/2015 07:00:00 AM,0,0,0
11/28/2015 08:00:00 AM,2,2,0
11/28/2015 09:00:00 AM,3,3,0
11/28/2015 10:00:00 AM,6,6,0
11/28/2015 11:00:00 AM,3,3,0
11/28/2015 12:00:00 PM,5,5,0
11/28/2015 01:00:00 PM,5,5,0
11/28/2015 02:00:00 PM,6,6,0
11/28/2015 03:00:00 PM,10,10,0
11/28/2015 04:00:00 PM,8,8,0
11/28/2015 05:00:00 PM,3,3,0
11/28/2015 06:00:00 PM,5,5,0
11/28/2015 07:00:00 PM,2,2,0
11/28/2015 08:00:00 PM,1,1,0
11/28/2015 09:00:00 PM,1,1,0
11/28/2015 10:00:00 PM,3,3,0
11/28/2015 11:00:00 PM,0,0,0
11/29/2015 12:00:00 AM,0,0,0
11/29/2015 01:00:00 AM,0,0,0
11/29/2015 02:00:00 AM,2,2,0
11/29/2015 03:00:00 AM,0,0,0
11/29/2015 04:00:00 AM,0,0,0
11/29/2015 05:00:00 AM,0,0,0
11/29/2015 06:00:00 AM,1,1,0
11/29/2015 07:00:00 AM,0,0,0
11/29/2015 08:00:00 AM,5,5,0
11/29/2015 09:00:00 AM,0,0,0
11/29/2015 10:00:00 AM,4,4,0
11/29/2015 11:00:00 AM,7,7,0
11/29/2015 12:00:00 PM,9,9,0
11/29/2015 01:00:00 PM,8,8,0
11/29/2015 02:00:00 PM,3,2,1
11/29/2015 03:00:00 PM,10,10,0
11/29/2015 04:00:00 PM,3,3,0
11/29/2015 05:00:00 PM,9,9,0
11/29/2015 06:00:00 PM,5,5,0
11/29/2015 07:00:00 PM,2,2,0
11/29/2015 08:00:00 PM,1,1,0
11/29/2015 09:00:00 PM,2,2,0
11/29/2015 10:00:00 PM,0,0,0
11/29/2015 11:00:00 PM,0,0,0
11/30/2015 12:00:00 AM,1,1,0
11/30/2015 01:00:00 AM,0,0,0
11/30/2015 02:00:00 AM,0,0,0
11/30/2015 03:00:00 AM,0,0,0
11/30/2015 04:00:00 AM,0,0,0
11/30/2015 05:00:00 AM,0,0,0
11/30/2015 06:00:00 AM,4,4,0
11/30/2015 07:00:00 AM,25,25,0
11/30/2015 08:00:00 AM,40,40,0
11/30/2015 09:00:00 AM,22,21,1
11/30/2015 10:00:00 AM,8,8,0
11/30/2015 11:00:00 AM,13,12,1
11/30/2015 12:00:00 PM,7,5,2
11/30/2015 01:00:00 PM,16,16,0
11/30/2015 02:00:00 PM,10,10,0
11/30/2015 03:00:00 PM,22,21,1
11/30/2015 04:00:00 PM,36,36,0
11/30/2015 05:00:00 PM,45,45,0
11/30/2015 06:00:00 PM,12,12,0
11/30/2015 07:00:00 PM,2,2,0
11/30/2015 08:00:00 PM,0,0,0
11/30/2015 09:00:00 PM,2,2,0
11/30/2015 10:00:00 PM,0,0,0
11/30/2015 11:00:00 PM,1,1,0
12/01/2015 12:00:00 AM,1,1,0
12/01/2015 01:00:00 AM,0,0,0
12/01/2015 02:00:00 AM,0,0,0
12/01/2015 03:00:00 AM,0,0,0
12/01/2015 04:00:00 AM,0,0,0
12/01/2015 05:00:00 AM,1,1,0
12/01/2015 06:00:00 AM,7,7,0
12/01/2015 07:00:00 AM,30,30,0
12/01/2015 08:00:00 AM,39,39,0
12/01/2015 09:00:00 AM,19,18,1
12/01/2015 10:00:00 AM,8,8,0
12/01/2015 11:00:00 AM,10,10,0
12/01/2015 12:00:00 PM,6,6,0
12/01/2015 01:00:00 PM,20,13,7
12/01/2015 02:00:00 PM,28,17,11
12/01/2015 03:00:00 PM,42,32,10
12/01/2015 04:00:00 PM,77,62,15
12/01/2015 05:00:00 PM,101,67,34
12/01/2015 06:00:00 PM,27,16,11
12/01/2015 07:00:00 PM,14,8,6
12/01/2015 08:00:00 PM,5,3,2
12/01/2015 09:00:00 PM,3,2,1
12/01/2015 10:00:00 PM,5,2,3
12/01/2015 11:00:00 PM,0,0,0
12/02/2015 12:00:00 AM,4,3,1
12/02/2015 01:00:00 AM,1,0,1
12/02/2015 02:00:00 AM,1,0,1
12/02/2015 03:00:00 AM,1,0,1
12/02/2015 04:00:00 AM,2,0,2
12/02/2015 05:00:00 AM,4,2,2
12/02/2015 06:00:00 AM,28,15,13
12/02/2015 07:00:00 AM,44,28,16
12/02/2015 08:00:00 AM,84,51,33
12/02/2015 09:00:00 AM,40,27,13
12/02/2015 10:00:00 AM,22,12,10
12/02/2015 11:00:00 AM,14,10,4
12/02/2015 12:00:00 PM,17,8,9
12/02/2015 01:00:00 PM,20,17,3
12/02/2015 02:00:00 PM,19,8,11
12/02/2015 03:00:00 PM,46,30,16
12/02/2015 04:00:00 PM,67,52,15
12/02/2015 05:00:00 PM,101,70,31
12/02/2015 06:00:00 PM,48,27,21
12/02/2015 07:00:00 PM,18,12,6
12/02/2015 08:00:00 PM,14,7,7
12/02/2015 09:00:00 PM,5,4,1
12/02/2015 10:00:00 PM,0,0,0
12/02/2015 11:00:00 PM,3,0,3
12/03/2015 12:00:00 AM,2,2,0
12/03/2015 01:00:00 AM,0,0,0
12/03/2015 02:00:00 AM,1,0,1
12/03/2015 03:00:00 AM,0,0,0
12/03/2015 04:00:00 AM,2,0,2
12/03/2015 05:00:00 AM,9,5,4
12/03/2015 06:00:00 AM,22,13,9
12/03/2015 07:00:00 AM,43,28,15
12/03/2015 08:00:00 AM,55,38,17
12/03/2015 09:00:00 AM,27,11,16
12/03/2015 10:00:00 AM,25,8,17
12/03/2015 11:00:00 AM,19,11,8
12/03/2015 12:00:00 PM,20,11,9
12/03/2015 01:00:00 PM,16,9,7
12/03/2015 02:00:00 PM,28,20,8
12/03/2015 03:00:00 PM,24,19,5
12/03/2015 04:00:00 PM,57,40,17
12/03/2015 05:00:00 PM,78,60,18
12/03/2015 06:00:00 PM,35,24,11
12/03/2015 07:00:00 PM,20,8,12
12/03/2015 08:00:00 PM,8,3,5
12/03/2015 09:00:00 PM,7,5,2
12/03/2015 10:00:00 PM,9,5,4
12/03/2015 11:00:00 PM,4,3,1
12/04/2015 12:00:00 AM,1,1,0
12/04/2015 01:00:00 AM,1,0,1
12/04/2015 02:00:00 AM,1,0,1
12/04/2015 03:00:00 AM,1,1,0
12/04/2015 04:00:00 AM,3,2,1
12/04/2015 05:00:00 AM,4,2,2
12/04/2015 06:00:00 AM,19,11,8
12/04/2015 07:00:00 AM,32,26,6
12/04/2015 08:00:00 AM,68,43,25
12/04/2015 09:00:00 AM,40,23,17
12/04/2015 10:00:00 AM,32,17,15
12/04/2015 11:00:00 AM,18,12,6
12/04/2015 12:00:00 PM,21,11,10
12/04/2015 01:00:00 PM,25,15,10
12/04/2015 02:00:00 PM,25,13,12
12/04/2015 03:00:00 PM,43,31,12
12/04/2015 04:00:00 PM,59,30,29
12/04/2015 05:00:00 PM,87,63,24
12/04/2015 06:00:00 PM,29,22,7
12/04/2015 07:00:00 PM,11,8,3
12/04/2015 08:00:00 PM,6,5,1
12/04/2015 09:00:00 PM,6,3,3
12/04/2015 10:00:00 PM,9,2,7
12/04/2015 11:00:00 PM,4,2,2
12/05/2015 12:00:00 AM,4,3,1
12/05/2015 01:00:00 AM,2,2,0
12/05/2015 02:00:00 AM,3,1,2
12/05/2015 03:00:00 AM,0,0,0
12/05/2015 04:00:00 AM,1,1,0
12/05/2015 05:00:00 AM,0,0,0
12/05/2015 06:00:00 AM,1,0,1
12/05/2015 07:00:00 AM,1,0,1
12/05/2015 08:00:00 AM,5,3,2
12/05/2015 09:00:00 AM,5,4,1
12/05/2015 10:00:00 AM,0,0,0
12/05/2015 11:00:00 AM,3,3,0
12/05/2015 12:00:00 PM,9,6,3
12/05/2015 01:00:00 PM,4,0,4
12/05/2015 02:00:00 PM,4,4,0
12/05/2015 03:00:00 PM,5,2,3
12/05/2015 04:00:00 PM,7,7,0
12/05/2015 05:00:00 PM,6,4,2
12/05/2015 06:00:00 PM,5,4,1
12/05/2015 07:00:00 PM,5,2,3
12/05/2015 08:00:00 PM,3,3,0
12/05/2015 09:00:00 PM,1,1,0
12/05/2015 10:00:00 PM,4,1,3
12/05/2015 11:00:00 PM,1,1,0
12/06/2015 12:00:00 AM,2,2,0
12/06/2015 01:00:00 AM,0,0,0
12/06/2015 02:00:00 AM,0,0,0
12/06/2015 03:00:00 AM,0,0,0
12/06/2015 04:00:00 AM,0,0,0
12/06/2015 05:00:00 AM,0,0,0
12/06/2015 06:00:00 AM,0,0,0
12/06/2015 07:00:00 AM,0,0,0
12/06/2015 08:00:00 AM,2,1,1
12/06/2015 09:00:00 AM,5,4,1
12/06/2015 10:00:00 AM,2,0,2
12/06/2015 11:00:00 AM,7,5,2
12/06/2015 12:00:00 PM,7,5,2
12/06/2015 01:00:00 PM,5,3,2
12/06/2015 02:00:00 PM,5,3,2
12/06/2015 03:00:00 PM,6,3,3
12/06/2015 04:00:00 PM,4,3,1
12/06/2015 05:00:00 PM,6,4,2
12/06/2015 06:00:00 PM,0,0,0
12/06/2015 07:00:00 PM,6,2,4
12/06/2015 08:00:00 PM,0,0,0
12/06/2015 09:00:00 PM,2,2,0
12/06/2015 10:00:00 PM,0,0,0
12/06/2015 11:00:00 PM,1,0,1
12/07/2015 12:00:00 AM,0,0,0
12/07/2015 01:00:00 AM,0,0,0
12/07/2015 02:00:00 AM,0,0,0
12/07/2015 03:00:00 AM,0,0,0
12/07/2015 04:00:00 AM,1,0,1
12/07/2015 05:00:00 AM,5,2,3
12/07/2015 06:00:00 AM,22,11,11
12/07/2015 07:00:00 AM,45,31,14
12/07/2015 08:00:00 AM,68,41,27
12/07/2015 09:00:00 AM,32,17,15
12/07/2015 10:00:00 AM,9,4,5
12/07/2015 11:00:00 AM,12,7,5
12/07/2015 12:00:00 PM,17,10,7
12/07/2015 01:00:00 PM,11,5,6
12/07/2015 02:00:00 PM,18,8,10
12/07/2015 03:00:00 PM,26,21,5
12/07/2015 04:00:00 PM,47,40,7
12/07/2015 05:00:00 PM,90,62,28
12/07/2015 06:00:00 PM,32,20,12
12/07/2015 07:00:00 PM,17,8,9
12/07/2015 08:00:00 PM,10,6,4
12/07/2015 09:00:00 PM,7,6,1
12/07/2015 10:00:00 PM,6,3,3
12/07/2015 11:00:00 PM,1,1,0
12/08/2015 12:00:00 AM,0,0,0
12/08/2015 01:00:00 AM,2,1,1
12/08/2015 02:00:00 AM,1,0,1
12/08/2015 03:00:00 AM,0,0,0
12/08/2015 04:00:00 AM,0,0,0
12/08/2015 05:00:00 AM,4,2,2
12/08/2015 06:00:00 AM,18,6,12
12/08/2015 07:00:00 AM,29,15,14
12/08/2015 08:00:00 AM,67,41,26
12/08/2015 09:00:00 AM,34,19,15
12/08/2015 10:00:00 AM,12,6,6
12/08/2015 11:00:00 AM,7,4,3
12/08/2015 12:00:00 PM,21,7,14
12/08/2015 01:00:00 PM,13,6,7
12/08/2015 02:00:00 PM,16,8,8
12/08/2015 03:00:00 PM,31,24,7
12/08/2015 04:00:00 PM,45,33,12
12/08/2015 05:00:00 PM,74,46,28
12/08/2015 06:00:00 PM,28,21,7
12/08/2015 07:00:00 PM,15,7,8
12/08/2015 08:00:00 PM,8,6,2
12/08/2015 09:00:00 PM,1,0,1
12/08/2015 10:00:00 PM,3,1,2
12/08/2015 11:00:00 PM,1,0,1
12/09/2015 12:00:00 AM,1,1,0
12/09/2015 01:00:00 AM,0,0,0
12/09/2015 02:00:00 AM,1,0,1
12/09/2015 03:00:00 AM,0,0,0
12/09/2015 04:00:00 AM,0,0,0
12/09/2015 05:00:00 AM,2,1,1
12/09/2015 06:00:00 AM,16,5,11
12/09/2015 07:00:00 AM,24,15,9
12/09/2015 08:00:00 AM,62,42,20
12/09/2015 09:00:00 AM,33,20,13
12/09/2015 10:00:00 AM,31,17,14
12/09/2015 11:00:00 AM,22,9,13
12/09/2015 12:00:00 PM,25,11,14
12/09/2015 01:00:00 PM,19,17,2
12/09/2015 02:00:00 PM,28,20,8
12/09/2015 03:00:00 PM,37,24,13
12/09/2015 04:00:00 PM,55,41,14
12/09/2015 05:00:00 PM,83,64,19
12/09/2015 06:00:00 PM,40,23,17
12/09/2015 07:00:00 PM,13,9,4
12/09/2015 08:00:00 PM,7,4,3
12/09/2015 09:00:00 PM,7,5,2
12/09/2015 10:00:00 PM,4,1,3
12/09/2015 11:00:00 PM,1,0,1
12/10/2015 12:00:00 AM,2,1,1
12/10/2015 01:00:00 AM,0,0,0
12/10/2015 02:00:00 AM,2,1,1
12/10/2015 03:00:00 AM,0,0,0
12/10/2015 04:00:00 AM,0,0,0
12/10/2015 05:00:00 AM,3,2,1
12/10/2015 06:00:00 AM,13,7,6
12/10/2015 07:00:00 AM,37,25,12
12/10/2015 08:00:00 AM,63,36,27
12/10/2015 09:00:00 AM,34,22,12
12/10/2015 10:00:00 AM,13,5,8
12/10/2015 11:00:00 AM,13,9,4
12/10/2015 12:00:00 PM,11,3,8
12/10/2015 01:00:00 PM,13,9,4
12/10/2015 02:00:00 PM,17,9,8
12/10/2015 03:00:00 PM,22,13,9
12/10/2015 04:00:00 PM,47,27,20
12/10/2015 05:00:00 PM,69,54,15
12/10/2015 06:00:00 PM,26,15,11
12/10/2015 07:00:00 PM,12,8,4
12/10/2015 08:00:00 PM,6,4,2
12/10/2015 09:00:00 PM,6,5,1
12/10/2015 10:00:00 PM,1,1,0
12/10/2015 11:00:00 PM,2,1,1
12/11/2015 12:00:00 AM,2,1,1
12/11/2015 01:00:00 AM,0,0,0
12/11/2015 02:00:00 AM,3,2,1
12/11/2015 03:00:00 AM,0,0,0
12/11/2015 04:00:00 AM,1,0,1
12/11/2015 05:00:00 AM,2,1,1
12/11/2015 06:00:00 AM,14,8,6
12/11/2015 07:00:00 AM,35,20,15
12/11/2015 08:00:00 AM,58,38,20
12/11/2015 09:00:00 AM,39,23,16
12/11/2015 10:00:00 AM,26,12,14
12/11/2015 11:00:00 AM,16,13,3
12/11/2015 12:00:00 PM,25,18,7
12/11/2015 01:00:00 PM,23,11,12
12/11/2015 02:00:00 PM,23,16,7
12/11/2015 03:00:00 PM,39,29,10
12/11/2015 04:00:00 PM,53,40,13
12/11/2015 05:00:00 PM,68,48,20
12/11/2015 06:00:00 PM,34,24,10
12/11/2015 07:00:00 PM,16,10,6
12/11/2015 08:00:00 PM,3,2,1
12/11/2015 09:00:00 PM,4,3,1
12/11/2015 10:00:00 PM,4,3,1
12/11/2015 11:00:00 PM,4,2,2
12/12/2015 12:00:00 AM,5,5,0
12/12/2015 01:00:00 AM,1,0,1
12/12/2015 02:00:00 AM,1,0,1
12/12/2015 03:00:00 AM,2,1,1
12/12/2015 04:00:00 AM,0,0,0
12/12/2015 05:00:00 AM,0,0,0
12/12/2015 06:00:00 AM,1,0,1
12/12/2015 07:00:00 AM,0,0,0
12/12/2015 08:00:00 AM,5,3,2
12/12/2015 09:00:00 AM,4,2,2
12/12/2015 10:00:00 AM,3,2,1
12/12/2015 11:00:00 AM,2,2,0
12/12/2015 12:00:00 PM,4,4,0
12/12/2015 01:00:00 PM,3,2,1
12/12/2015 02:00:00 PM,3,1,2
12/12/2015 03:00:00 PM,8,3,5
12/12/2015 04:00:00 PM,10,6,4
12/12/2015 05:00:00 PM,4,3,1
12/12/2015 06:00:00 PM,4,3,1
12/12/2015 07:00:00 PM,2,0,2
12/12/2015 08:00:00 PM,3,3,0
12/12/2015 09:00:00 PM,4,4,0
12/12/2015 10:00:00 PM,0,0,0
12/12/2015 11:00:00 PM,2,1,1
12/13/2015 12:00:00 AM,4,4,0
12/13/2015 01:00:00 AM,2,2,0
12/13/2015 02:00:00 AM,1,0,1
12/13/2015 03:00:00 AM,1,0,1
12/13/2015 04:00:00 AM,0,0,0
12/13/2015 05:00:00 AM,1,0,1
12/13/2015 06:00:00 AM,2,0,2
12/13/2015 07:00:00 AM,0,0,0
12/13/2015 08:00:00 AM,2,1,1
12/13/2015 09:00:00 AM,3,2,1
12/13/2015 10:00:00 AM,3,1,2
12/13/2015 11:00:00 AM,0,0,0
12/13/2015 12:00:00 PM,4,3,1
12/13/2015 01:00:00 PM,2,2,0
12/13/2015 02:00:00 PM,5,5,0
12/13/2015 03:00:00 PM,2,1,1
12/13/2015 04:00:00 PM,2,2,0
12/13/2015 05:00:00 PM,5,4,1
12/13/2015 06:00:00 PM,3,2,1
12/13/2015 07:00:00 PM,1,1,0
12/13/2015 08:00:00 PM,1,1,0
12/13/2015 09:00:00 PM,2,2,0
12/13/2015 10:00:00 PM,1,0,1
12/13/2015 11:00:00 PM,1,1,0
12/14/2015 12:00:00 AM,1,0,1
12/14/2015 01:00:00 AM,0,0,0
12/14/2015 02:00:00 AM,0,0,0
12/14/2015 03:00:00 AM,0,0,0
12/14/2015 04:00:00 AM,2,1,1
12/14/2015 05:00:00 AM,6,2,4
12/14/2015 06:00:00 AM,22,12,10
12/14/2015 07:00:00 AM,59,38,21
12/14/2015 08:00:00 AM,79,50,29
12/14/2015 09:00:00 AM,40,25,15
12/14/2015 10:00:00 AM,20,14,6
12/14/2015 11:00:00 AM,21,15,6
12/14/2015 12:00:00 PM,18,9,9
12/14/2015 01:00:00 PM,17,15,2
12/14/2015 02:00:00 PM,23,10,13
12/14/2015 03:00:00 PM,35,24,11
12/14/2015 04:00:00 PM,85,55,30
12/14/2015 05:00:00 PM,87,59,28
12/14/2015 06:00:00 PM,45,26,19
12/14/2015 07:00:00 PM,25,14,11
12/14/2015 08:00:00 PM,5,2,3
12/14/2015 09:00:00 PM,8,7,1
12/14/2015 10:00:00 PM,6,5,1
12/14/2015 11:00:00 PM,1,1,0
12/15/2015 12:00:00 AM,3,3,0
12/15/2015 01:00:00 AM,1,1,0
12/15/2015 02:00:00 AM,2,1,1
12/15/2015 03:00:00 AM,0,0,0
12/15/2015 04:00:00 AM,2,0,2
12/15/2015 05:00:00 AM,7,2,5
12/15/2015 06:00:00 AM,20,9,11
12/15/2015 07:00:00 AM,47,36,11
12/15/2015 08:00:00 AM,73,48,25
12/15/2015 09:00:00 AM,45,24,21
12/15/2015 10:00:00 AM,13,9,4
12/15/2015 11:00:00 AM,22,16,6
12/15/2015 12:00:00 PM,20,11,9
12/15/2015 01:00:00 PM,27,15,12
12/15/2015 02:00:00 PM,24,15,9
12/15/2015 03:00:00 PM,45,32,13
12/15/2015 04:00:00 PM,58,46,12
12/15/2015 05:00:00 PM,109,74,35
12/15/2015 06:00:00 PM,55,41,14
12/15/2015 07:00:00 PM,17,9,8
12/15/2015 08:00:00 PM,5,4,1
12/15/2015 09:00:00 PM,5,2,3
12/15/2015 10:00:00 PM,2,1,1
12/15/2015 11:00:00 PM,0,0,0
12/16/2015 12:00:00 AM,3,3,0
12/16/2015 01:00:00 AM,0,0,0
12/16/2015 02:00:00 AM,1,0,1
12/16/2015 03:00:00 AM,0,0,0
12/16/2015 04:00:00 AM,1,0,1
12/16/2015 05:00:00 AM,6,2,4
12/16/2015 06:00:00 AM,20,10,10
12/16/2015 07:00:00 AM,37,28,9
12/16/2015 08:00:00 AM,71,46,25
12/16/2015 09:00:00 AM,45,29,16
12/16/2015 10:00:00 AM,29,18,11
12/16/2015 11:00:00 AM,17,6,11
12/16/2015 12:00:00 PM,17,8,9
12/16/2015 01:00:00 PM,27,19,8
12/16/2015 02:00:00 PM,20,8,12
12/16/2015 03:00:00 PM,36,25,11
12/16/2015 04:00:00 PM,67,52,15
12/16/2015 05:00:00 PM,91,63,28
12/16/2015 06:00:00 PM,34,23,11
12/16/2015 07:00:00 PM,21,12,9
12/16/2015 08:00:00 PM,13,5,8
12/16/2015 09:00:00 PM,4,2,2
12/16/2015 10:00:00 PM,6,2,4
12/16/2015 11:00:00 PM,2,1,1
12/17/2015 12:00:00 AM,3,3,0
12/17/2015 01:00:00 AM,0,0,0
12/17/2015 02:00:00 AM,2,0,2
12/17/2015 03:00:00 AM,0,0,0
12/17/2015 04:00:00 AM,1,0,1
12/17/2015 05:00:00 AM,7,4,3
12/17/2015 06:00:00 AM,18,8,10
12/17/2015 07:00:00 AM,29,21,8
12/17/2015 08:00:00 AM,50,31,19
12/17/2015 09:00:00 AM,31,22,9
12/17/2015 10:00:00 AM,16,12,4
12/17/2015 11:00:00 AM,8,5,3
12/17/2015 12:00:00 PM,15,7,8
12/17/2015 01:00:00 PM,14,9,5
12/17/2015 02:00:00 PM,15,5,10
12/17/2015 03:00:00 PM,36,24,12
12/17/2015 04:00:00 PM,39,27,12
12/17/2015 05:00:00 PM,82,61,21
12/17/2015 06:00:00 PM,33,22,11
12/17/2015 07:00:00 PM,15,11,4
12/17/2015 08:00:00 PM,5,4,1
12/17/2015 09:00:00 PM,8,6,2
12/17/2015 10:00:00 PM,6,4,2
12/17/2015 11:00:00 PM,1,1,0
12/18/2015 12:00:00 AM,0,0,0
12/18/2015 01:00:00 AM,1,1,0
12/18/2015 02:00:00 AM,1,0,1
12/18/2015 03:00:00 AM,0,0,0
12/18/2015 04:00:00 AM,1,0,1
12/18/2015 05:00:00 AM,3,2,1
12/18/2015 06:00:00 AM,14,5,9
12/18/2015 07:00:00 AM,27,19,8
12/18/2015 08:00:00 AM,53,34,19
12/18/2015 09:00:00 AM,35,20,15
12/18/2015 10:00:00 AM,16,10,6
12/18/2015 11:00:00 AM,18,5,13
12/18/2015 12:00:00 PM,16,9,7
12/18/2015 01:00:00 PM,30,21,9
12/18/2015 02:00:00 PM,26,12,14
12/18/2015 03:00:00 PM,32,23,9
12/18/2015 04:00:00 PM,52,35,17
12/18/2015 05:00:00 PM,54,35,19
12/18/2015 06:00:00 PM,17,13,4
12/18/2015 07:00:00 PM,12,5,7
12/18/2015 08:00:00 PM,12,7,5
12/18/2015 09:00:00 PM,3,3,0
12/18/2015 10:00:00 PM,2,2,0
12/18/2015 11:00:00 PM,3,1,2
12/19/2015 12:00:00 AM,1,1,0
12/19/2015 01:00:00 AM,0,0,0
12/19/2015 02:00:00 AM,1,0,1
12/19/2015 03:00:00 AM,0,0,0
12/19/2015 04:00:00 AM,0,0,0
12/19/2015 05:00:00 AM,0,0,0
12/19/2015 06:00:00 AM,4,1,3
12/19/2015 07:00:00 AM,2,2,0
12/19/2015 08:00:00 AM,2,1,1
12/19/2015 09:00:00 AM,4,2,2
12/19/2015 10:00:00 AM,14,6,8
12/19/2015 11:00:00 AM,9,6,3
12/19/2015 12:00:00 PM,12,10,2
12/19/2015 01:00:00 PM,6,4,2
12/19/2015 02:00:00 PM,23,13,10
12/19/2015 03:00:00 PM,10,5,5
12/19/2015 04:00:00 PM,9,8,1
12/19/2015 05:00:00 PM,7,6,1
12/19/2015 06:00:00 PM,4,1,3
12/19/2015 07:00:00 PM,8,4,4
12/19/2015 08:00:00 PM,4,3,1
12/19/2015 09:00:00 PM,3,3,0
12/19/2015 10:00:00 PM,4,3,1
12/19/2015 11:00:00 PM,1,0,1
12/20/2015 12:00:00 AM,3,3,0
12/20/2015 01:00:00 AM,0,0,0
12/20/2015 02:00:00 AM,3,3,0
12/20/2015 03:00:00 AM,0,0,0
12/20/2015 04:00:00 AM,4,3,1
12/20/2015 05:00:00 AM,1,0,1
12/20/2015 06:00:00 AM,0,0,0
12/20/2015 07:00:00 AM,2,1,1
12/20/2015 08:00:00 AM,4,3,1
12/20/2015 09:00:00 AM,3,2,1
12/20/2015 10:00:00 AM,3,0,3
12/20/2015 11:00:00 AM,12,8,4
12/20/2015 12:00:00 PM,17,10,7
12/20/2015 01:00:00 PM,6,3,3
12/20/2015 02:00:00 PM,16,12,4
12/20/2015 03:00:00 PM,10,4,6
12/20/2015 04:00:00 PM,12,4,8
12/20/2015 05:00:00 PM,14,7,7
12/20/2015 06:00:00 PM,10,5,5
12/20/2015 07:00:00 PM,5,4,1
12/20/2015 08:00:00 PM,5,3,2
12/20/2015 09:00:00 PM,2,2,0
12/20/2015 10:00:00 PM,1,1,0
12/20/2015 11:00:00 PM,3,2,1
12/21/2015 12:00:00 AM,2,1,1
12/21/2015 01:00:00 AM,0,0,0
12/21/2015 02:00:00 AM,0,0,0
12/21/2015 03:00:00 AM,1,0,1
12/21/2015 04:00:00 AM,1,0,1
12/21/2015 05:00:00 AM,5,2,3
12/21/2015 06:00:00 AM,11,5,6
12/21/2015 07:00:00 AM,24,17,7
12/21/2015 08:00:00 AM,44,31,13
12/21/2015 09:00:00 AM,25,10,15
12/21/2015 10:00:00 AM,11,6,5
12/21/2015 11:00:00 AM,21,9,12
12/21/2015 12:00:00 PM,7,4,3
12/21/2015 01:00:00 PM,6,4,2
12/21/2015 02:00:00 PM,16,11,5
12/21/2015 03:00:00 PM,30,21,9
12/21/2015 04:00:00 PM,34,28,6
12/21/2015 05:00:00 PM,58,42,16
12/21/2015 06:00:00 PM,22,14,8
12/21/2015 07:00:00 PM,7,3,4
12/21/2015 08:00:00 PM,7,4,3
12/21/2015 09:00:00 PM,6,6,0
12/21/2015 10:00:00 PM,2,0,2
12/21/2015 11:00:00 PM,1,1,0
12/22/2015 12:00:00 AM,1,1,0
12/22/2015 01:00:00 AM,0,0,0
12/22/2015 02:00:00 AM,1,0,1
12/22/2015 03:00:00 AM,0,0,0
12/22/2015 04:00:00 AM,1,0,1
12/22/2015 05:00:00 AM,6,3,3
12/22/2015 06:00:00 AM,14,9,5
12/22/2015 07:00:00 AM,23,13,10
12/22/2015 08:00:00 AM,51,32,19
12/22/2015 09:00:00 AM,34,19,15
12/22/2015 10:00:00 AM,14,8,6
12/22/2015 11:00:00 AM,16,12,4
12/22/2015 12:00:00 PM,11,5,6
12/22/2015 01:00:00 PM,27,19,8
12/22/2015 02:00:00 PM,23,9,14
12/22/2015 03:00:00 PM,29,20,9
12/22/2015 04:00:00 PM,65,45,20
12/22/2015 05:00:00 PM,73,47,26
12/22/2015 06:00:00 PM,32,19,13
12/22/2015 07:00:00 PM,8,3,5
12/22/2015 08:00:00 PM,3,2,1
12/22/2015 09:00:00 PM,3,1,2
12/22/2015 10:00:00 PM,2,1,1
12/22/2015 11:00:00 PM,0,0,0
12/23/2015 12:00:00 AM,2,2,0
12/23/2015 01:00:00 AM,2,2,0
12/23/2015 02:00:00 AM,1,0,1
12/23/2015 03:00:00 AM,1,1,0
12/23/2015 04:00:00 AM,0,0,0
12/23/2015 05:00:00 AM,7,4,3
12/23/2015 06:00:00 AM,9,4,5
12/23/2015 07:00:00 AM,8,6,2
12/23/2015 08:00:00 AM,33,21,12
12/23/2015 09:00:00 AM,23,14,9
12/23/2015 10:00:00 AM,7,4,3
12/23/2015 11:00:00 AM,13,8,5
12/23/2015 12:00:00 PM,12,11,1
12/23/2015 01:00:00 PM,13,7,6
12/23/2015 02:00:00 PM,14,9,5
12/23/2015 03:00:00 PM,21,16,5
12/23/2015 04:00:00 PM,40,26,14
12/23/2015 05:00:00 PM,45,26,19
12/23/2015 06:00:00 PM,14,8,6
12/23/2015 07:00:00 PM,2,0,2
12/23/2015 08:00:00 PM,1,1,0
12/23/2015 09:00:00 PM,2,2,0
12/23/2015 10:00:00 PM,2,1,1
12/23/2015 11:00:00 PM,1,1,0
12/24/2015 12:00:00 AM,1,1,0
12/24/2015 01:00:00 AM,0,0,0
12/24/2015 02:00:00 AM,1,0,1
12/24/2015 03:00:00 AM,0,0,0
12/24/2015 04:00:00 AM,0,0,0
12/24/2015 05:00:00 AM,4,3,1
12/24/2015 06:00:00 AM,2,0,2
12/24/2015 07:00:00 AM,6,4,2
12/24/2015 08:00:00 AM,11,8,3
12/24/2015 09:00:00 AM,12,6,6
12/24/2015 10:00:00 AM,12,5,7
12/24/2015 11:00:00 AM,11,9,2
12/24/2015 12:00:00 PM,20,10,10
12/24/2015 01:00:00 PM,24,14,10
12/24/2015 02:00:00 PM,8,4,4
12/24/2015 03:00:00 PM,6,3,3
12/24/2015 04:00:00 PM,18,14,4
12/24/2015 05:00:00 PM,4,2,2
12/24/2015 06:00:00 PM,3,1,2
12/24/2015 07:00:00 PM,1,0,1
12/24/2015 08:00:00 PM,1,1,0
12/24/2015 09:00:00 PM,2,2,0
12/24/2015 10:00:00 PM,1,0,1
12/24/2015 11:00:00 PM,1,1,0
12/25/2015 12:00:00 AM,1,0,1
12/25/2015 01:00:00 AM,0,0,0
12/25/2015 02:00:00 AM,0,0,0
12/25/2015 03:00:00 AM,1,1,0
12/25/2015 04:00:00 AM,0,0,0
12/25/2015 05:00:00 AM,0,0,0
12/25/2015 06:00:00 AM,0,0,0
12/25/2015 07:00:00 AM,0,0,0
12/25/2015 08:00:00 AM,0,0,0
12/25/2015 09:00:00 AM,2,1,1
12/25/2015 10:00:00 AM,2,1,1
12/25/2015 11:00:00 AM,1,1,0
12/25/2015 12:00:00 PM,8,6,2
12/25/2015 01:00:00 PM,2,1,1
12/25/2015 02:00:00 PM,6,5,1
12/25/2015 03:00:00 PM,2,2,0
12/25/2015 04:00:00 PM,2,1,1
12/25/2015 05:00:00 PM,1,1,0
12/25/2015 06:00:00 PM,2,2,0
12/25/2015 07:00:00 PM,0,0,0
12/25/2015 08:00:00 PM,0,0,0
12/25/2015 09:00:00 PM,0,0,0
12/25/2015 10:00:00 PM,1,0,1
12/25/2015 11:00:00 PM,1,0,1
12/26/2015 12:00:00 AM,0,0,0
12/26/2015 01:00:00 AM,0,0,0
12/26/2015 02:00:00 AM,1,1,0
12/26/2015 03:00:00 AM,0,0,0
12/26/2015 04:00:00 AM,0,0,0
12/26/2015 05:00:00 AM,0,0,0
12/26/2015 06:00:00 AM,1,0,1
12/26/2015 07:00:00 AM,1,1,0
12/26/2015 08:00:00 AM,1,0,1
12/26/2015 09:00:00 AM,6,4,2
12/26/2015 10:00:00 AM,4,3,1
12/26/2015 11:00:00 AM,7,5,2
12/26/2015 12:00:00 PM,10,8,2
12/26/2015 01:00:00 PM,6,3,3
12/26/2015 02:00:00 PM,10,9,1
12/26/2015 03:00:00 PM,10,8,2
12/26/2015 04:00:00 PM,6,5,1
12/26/2015 05:00:00 PM,6,4,2
12/26/2015 06:00:00 PM,2,1,1
12/26/2015 07:00:00 PM,2,1,1
12/26/2015 08:00:00 PM,1,1,0
12/26/2015 09:00:00 PM,1,1,0
12/26/2015 10:00:00 PM,3,2,1
12/26/2015 11:00:00 PM,2,1,1
12/27/2015 12:00:00 AM,2,2,0
12/27/2015 01:00:00 AM,1,1,0
12/27/2015 02:00:00 AM,0,0,0
12/27/2015 03:00:00 AM,0,0,0
12/27/2015 04:00:00 AM,1,1,0
12/27/2015 05:00:00 AM,0,0,0
12/27/2015 06:00:00 AM,2,2,0
12/27/2015 07:00:00 AM,2,2,0
12/27/2015 08:00:00 AM,3,3,0
12/27/2015 09:00:00 AM,0,0,0
12/27/2015 10:00:00 AM,2,2,0
12/27/2015 11:00:00 AM,7,4,3
12/27/2015 12:00:00 PM,3,3,0
12/27/2015 01:00:00 PM,1,1,0
12/27/2015 02:00:00 PM,3,1,2
12/27/2015 03:00:00 PM,1,0,1
12/27/2015 04:00:00 PM,9,4,5
12/27/2015 05:00:00 PM,6,0,6
12/27/2015 06:00:00 PM,4,3,1
12/27/2015 07:00:00 PM,7,4,3
12/27/2015 08:00:00 PM,0,0,0
12/27/2015 09:00:00 PM,3,2,1
12/27/2015 10:00:00 PM,0,0,0
12/27/2015 11:00:00 PM,0,0,0
12/28/2015 12:00:00 AM,0,0,0
12/28/2015 01:00:00 AM,1,1,0
12/28/2015 02:00:00 AM,0,0,0
12/28/2015 03:00:00 AM,0,0,0
12/28/2015 04:00:00 AM,0,0,0
12/28/2015 05:00:00 AM,2,2,0
12/28/2015 06:00:00 AM,8,3,5
12/28/2015 07:00:00 AM,14,8,6
12/28/2015 08:00:00 AM,40,24,16
12/28/2015 09:00:00 AM,26,12,14
12/28/2015 10:00:00 AM,10,8,2
12/28/2015 11:00:00 AM,10,6,4
12/28/2015 12:00:00 PM,12,7,5
12/28/2015 01:00:00 PM,14,10,4
12/28/2015 02:00:00 PM,16,7,9
12/28/2015 03:00:00 PM,28,20,8
12/28/2015 04:00:00 PM,23,12,11
12/28/2015 05:00:00 PM,41,26,15
12/28/2015 06:00:00 PM,20,8,12
12/28/2015 07:00:00 PM,4,0,4
12/28/2015 08:00:00 PM,1,0,1
12/28/2015 09:00:00 PM,7,5,2
12/28/2015 10:00:00 PM,2,2,0
12/28/2015 11:00:00 PM,1,1,0
12/29/2015 12:00:00 AM,2,2,0
12/29/2015 01:00:00 AM,0,0,0
12/29/2015 02:00:00 AM,1,0,1
12/29/2015 03:00:00 AM,0,0,0
12/29/2015 04:00:00 AM,0,0,0
12/29/2015 05:00:00 AM,8,3,5
12/29/2015 06:00:00 AM,11,5,6
12/29/2015 07:00:00 AM,33,20,13
12/29/2015 08:00:00 AM,48,32,16
12/29/2015 09:00:00 AM,19,9,10
12/29/2015 10:00:00 AM,14,5,9
12/29/2015 11:00:00 AM,16,10,6
12/29/2015 12:00:00 PM,12,6,6
12/29/2015 01:00:00 PM,9,6,3
12/29/2015 02:00:00 PM,11,6,5
12/29/2015 03:00:00 PM,31,23,8
12/29/2015 04:00:00 PM,33,26,7
12/29/2015 05:00:00 PM,57,43,14
12/29/2015 06:00:00 PM,27,14,13
12/29/2015 07:00:00 PM,3,2,1
12/29/2015 08:00:00 PM,3,2,1
12/29/2015 09:00:00 PM,4,4,0
12/29/2015 10:00:00 PM,6,5,1
12/29/2015 11:00:00 PM,2,1,1
12/30/2015 12:00:00 AM,5,3,2
12/30/2015 01:00:00 AM,1,1,0
12/30/2015 02:00:00 AM,1,0,1
12/30/2015 03:00:00 AM,0,0,0
12/30/2015 04:00:00 AM,0,0,0
12/30/2015 05:00:00 AM,5,2,3
12/30/2015 06:00:00 AM,13,7,6
12/30/2015 07:00:00 AM,23,16,7
12/30/2015 08:00:00 AM,29,17,12
12/30/2015 09:00:00 AM,23,12,11
12/30/2015 10:00:00 AM,23,13,10
12/30/2015 11:00:00 AM,15,10,5
12/30/2015 12:00:00 PM,19,5,14
12/30/2015 01:00:00 PM,16,9,7
12/30/2015 02:00:00 PM,14,10,4
12/30/2015 03:00:00 PM,30,24,6
12/30/2015 04:00:00 PM,40,27,13
12/30/2015 05:00:00 PM,63,36,27
12/30/2015 06:00:00 PM,21,10,11
12/30/2015 07:00:00 PM,9,5,4
12/30/2015 08:00:00 PM,3,0,3
12/30/2015 09:00:00 PM,3,3,0
12/30/2015 10:00:00 PM,3,2,1
12/30/2015 11:00:00 PM,3,2,1
12/31/2015 12:00:00 AM,1,0,1
12/31/2015 01:00:00 AM,1,0,1
12/31/2015 02:00:00 AM,1,0,1
12/31/2015 03:00:00 AM,0,0,0
12/31/2015 04:00:00 AM,1,1,0
12/31/2015 05:00:00 AM,2,1,1
12/31/2015 06:00:00 AM,9,3,6
12/31/2015 07:00:00 AM,12,8,4
12/31/2015 08:00:00 AM,29,16,13
12/31/2015 09:00:00 AM,19,11,8
12/31/2015 10:00:00 AM,12,8,4
12/31/2015 11:00:00 AM,15,9,6
12/31/2015 12:00:00 PM,18,11,7
12/31/2015 01:00:00 PM,28,19,9
12/31/2015 02:00:00 PM,27,17,10
12/31/2015 03:00:00 PM,34,23,11
12/31/2015 04:00:00 PM,24,13,11
12/31/2015 05:00:00 PM,18,10,8
12/31/2015 06:00:00 PM,13,5,8
12/31/2015 07:00:00 PM,11,7,4
12/31/2015 08:00:00 PM,2,1,1
12/31/2015 09:00:00 PM,7,4,3
12/31/2015 10:00:00 PM,2,1,1
12/31/2015 11:00:00 PM,0,0,0
01/01/2016 12:00:00 AM,5,5,0
01/01/2016 01:00:00 AM,0,0,0
01/01/2016 02:00:00 AM,6,4,2
01/01/2016 03:00:00 AM,0,0,0
01/01/2016 04:00:00 AM,2,2,0
01/01/2016 05:00:00 AM,0,0,0
01/01/2016 06:00:00 AM,0,0,0
01/01/2016 07:00:00 AM,0,0,0
01/01/2016 08:00:00 AM,2,0,2
01/01/2016 09:00:00 AM,1,1,0
01/01/2016 10:00:00 AM,5,3,2
01/01/2016 11:00:00 AM,4,4,0
01/01/2016 12:00:00 PM,7,4,3
01/01/2016 01:00:00 PM,7,4,3
01/01/2016 02:00:00 PM,19,15,4
01/01/2016 03:00:00 PM,10,8,2
01/01/2016 04:00:00 PM,9,4,5
01/01/2016 05:00:00 PM,4,2,2
01/01/2016 06:00:00 PM,2,1,1
01/01/2016 07:00:00 PM,3,3,0
01/01/2016 08:00:00 PM,1,1,0
01/01/2016 09:00:00 PM,0,0,0
01/01/2016 10:00:00 PM,1,1,0
01/01/2016 11:00:00 PM,0,0,0
01/02/2016 12:00:00 AM,1,0,1
01/02/2016 01:00:00 AM,3,3,0
01/02/2016 02:00:00 AM,1,1,0
01/02/2016 03:00:00 AM,0,0,0
01/02/2016 04:00:00 AM,0,0,0
01/02/2016 05:00:00 AM,0,0,0
01/02/2016 06:00:00 AM,1,0,1
01/02/2016 07:00:00 AM,2,0,2
01/02/2016 08:00:00 AM,2,0,2
01/02/2016 09:00:00 AM,3,3,0
01/02/2016 10:00:00 AM,3,3,0
01/02/2016 11:00:00 AM,12,11,1
01/02/2016 12:00:00 PM,14,10,4
01/02/2016 01:00:00 PM,8,4,4
01/02/2016 02:00:00 PM,6,2,4
01/02/2016 03:00:00 PM,9,4,5
01/02/2016 04:00:00 PM,4,1,3
01/02/2016 05:00:00 PM,12,6,6
01/02/2016 06:00:00 PM,3,2,1
01/02/2016 07:00:00 PM,3,2,1
01/02/2016 08:00:00 PM,5,5,0
01/02/2016 09:00:00 PM,1,1,0
01/02/2016 10:00:00 PM,4,2,2
01/02/2016 11:00:00 PM,0,0,0
01/03/2016 12:00:00 AM,1,1,0
01/03/2016 01:00:00 AM,1,1,0
01/03/2016 02:00:00 AM,0,0,0
01/03/2016 03:00:00 AM,1,1,0
01/03/2016 04:00:00 AM,0,0,0
01/03/2016 05:00:00 AM,0,0,0
01/03/2016 06:00:00 AM,0,0,0
01/03/2016 07:00:00 AM,1,0,1
01/03/2016 08:00:00 AM,0,0,0
01/03/2016 09:00:00 AM,4,2,2
01/03/2016 10:00:00 AM,2,2,0
01/03/2016 11:00:00 AM,7,0,7
01/03/2016 12:00:00 PM,5,3,2
01/03/2016 01:00:00 PM,4,3,1
01/03/2016 02:00:00 PM,6,3,3
01/03/2016 03:00:00 PM,3,1,2
01/03/2016 04:00:00 PM,8,8,0
01/03/2016 05:00:00 PM,5,3,2
01/03/2016 06:00:00 PM,5,5,0
01/03/2016 07:00:00 PM,4,4,0
01/03/2016 08:00:00 PM,0,0,0
01/03/2016 09:00:00 PM,4,2,2
01/03/2016 10:00:00 PM,0,0,0
01/03/2016 11:00:00 PM,1,1,0
01/04/2016 12:00:00 AM,0,0,0
01/04/2016 01:00:00 AM,0,0,0
01/04/2016 02:00:00 AM,0,0,0
01/04/2016 03:00:00 AM,0,0,0
01/04/2016 04:00:00 AM,0,0,0
01/04/2016 05:00:00 AM,4,1,3
01/04/2016 06:00:00 AM,12,4,8
01/04/2016 07:00:00 AM,33,18,15
01/04/2016 08:00:00 AM,61,47,14
01/04/2016 09:00:00 AM,33,16,17
01/04/2016 10:00:00 AM,19,13,6
01/04/2016 11:00:00 AM,12,9,3
01/04/2016 12:00:00 PM,12,8,4
01/04/2016 01:00:00 PM,14,9,5
01/04/2016 02:00:00 PM,11,6,5
01/04/2016 03:00:00 PM,33,25,8
01/04/2016 04:00:00 PM,49,42,7
01/04/2016 05:00:00 PM,83,55,28
01/04/2016 06:00:00 PM,34,17,17
01/04/2016 07:00:00 PM,9,5,4
01/04/2016 08:00:00 PM,2,1,1
01/04/2016 09:00:00 PM,7,3,4
01/04/2016 10:00:00 PM,2,2,0
01/04/2016 11:00:00 PM,0,0,0
01/05/2016 12:00:00 AM,2,1,1
01/05/2016 01:00:00 AM,0,0,0
01/05/2016 02:00:00 AM,2,1,1
01/05/2016 03:00:00 AM,1,1,0
01/05/2016 04:00:00 AM,0,0,0
01/05/2016 05:00:00 AM,9,4,5
01/05/2016 06:00:00 AM,21,9,12
01/05/2016 07:00:00 AM,52,34,18
01/05/2016 08:00:00 AM,66,44,22
01/05/2016 09:00:00 AM,39,21,18
01/05/2016 10:00:00 AM,13,5,8
01/05/2016 11:00:00 AM,15,9,6
01/05/2016 12:00:00 PM,12,9,3
01/05/2016 01:00:00 PM,18,11,7
01/05/2016 02:00:00 PM,19,8,11
01/05/2016 03:00:00 PM,33,23,10
01/05/2016 04:00:00 PM,61,41,20
01/05/2016 05:00:00 PM,87,67,20
01/05/2016 06:00:00 PM,44,24,20
01/05/2016 07:00:00 PM,15,11,4
01/05/2016 08:00:00 PM,4,3,1
01/05/2016 09:00:00 PM,4,3,1
01/05/2016 10:00:00 PM,3,2,1
01/05/2016 11:00:00 PM,0,0,0
01/06/2016 12:00:00 AM,0,0,0
01/06/2016 01:00:00 AM,0,0,0
01/06/2016 02:00:00 AM,1,0,1
01/06/2016 03:00:00 AM,0,0,0
01/06/2016 04:00:00 AM,0,0,0
01/06/2016 05:00:00 AM,10,4,6
01/06/2016 06:00:00 AM,21,8,13
01/06/2016 07:00:00 AM,61,40,21
01/06/2016 08:00:00 AM,93,66,27
01/06/2016 09:00:00 AM,44,26,18
01/06/2016 10:00:00 AM,24,13,11
01/06/2016 11:00:00 AM,15,8,7
01/06/2016 12:00:00 PM,11,3,8
01/06/2016 01:00:00 PM,17,6,11
01/06/2016 02:00:00 PM,19,6,13
01/06/2016 03:00:00 PM,44,28,16
01/06/2016 04:00:00 PM,73,56,17
01/06/2016 05:00:00 PM,104,77,27
01/06/2016 06:00:00 PM,41,23,18
01/06/2016 07:00:00 PM,13,9,4
01/06/2016 08:00:00 PM,8,7,1
01/06/2016 09:00:00 PM,4,2,2
01/06/2016 10:00:00 PM,7,3,4
01/06/2016 11:00:00 PM,1,1,0
01/07/2016 12:00:00 AM,1,1,0
01/07/2016 01:00:00 AM,1,1,0
01/07/2016 02:00:00 AM,1,0,1
01/07/2016 03:00:00 AM,0,0,0
01/07/2016 04:00:00 AM,1,0,1
01/07/2016 05:00:00 AM,5,0,5
01/07/2016 06:00:00 AM,25,15,10
01/07/2016 07:00:00 AM,49,29,20
01/07/2016 08:00:00 AM,81,56,25
01/07/2016 09:00:00 AM,34,18,16
01/07/2016 10:00:00 AM,19,14,5
01/07/2016 11:00:00 AM,21,14,7
01/07/2016 12:00:00 PM,26,14,12
01/07/2016 01:00:00 PM,20,10,10
01/07/2016 02:00:00 PM,19,11,8
01/07/2016 03:00:00 PM,46,30,16
01/07/2016 04:00:00 PM,78,52,26
01/07/2016 05:00:00 PM,111,82,29
01/07/2016 06:00:00 PM,41,26,15
01/07/2016 07:00:00 PM,23,14,9
01/07/2016 08:00:00 PM,11,7,4
01/07/2016 09:00:00 PM,5,4,1
01/07/2016 10:00:00 PM,4,1,3
01/07/2016 11:00:00 PM,2,1,1
01/08/2016 12:00:00 AM,2,2,0
01/08/2016 01:00:00 AM,1,1,0
01/08/2016 02:00:00 AM,1,0,1
01/08/2016 03:00:00 AM,0,0,0
01/08/2016 04:00:00 AM,0,0,0
01/08/2016 05:00:00 AM,6,3,3
01/08/2016 06:00:00 AM,19,8,11
01/08/2016 07:00:00 AM,44,29,15
01/08/2016 08:00:00 AM,70,43,27
01/08/2016 09:00:00 AM,28,14,14
01/08/2016 10:00:00 AM,19,8,11
01/08/2016 11:00:00 AM,20,12,8
01/08/2016 12:00:00 PM,25,12,13
01/08/2016 01:00:00 PM,25,19,6
01/08/2016 02:00:00 PM,18,12,6
01/08/2016 03:00:00 PM,55,46,9
01/08/2016 04:00:00 PM,59,38,21
01/08/2016 05:00:00 PM,84,59,25
01/08/2016 06:00:00 PM,43,18,25
01/08/2016 07:00:00 PM,13,7,6
01/08/2016 08:00:00 PM,9,5,4
01/08/2016 09:00:00 PM,5,5,0
01/08/2016 10:00:00 PM,4,3,1
01/08/2016 11:00:00 PM,3,2,1
01/09/2016 12:00:00 AM,3,2,1
01/09/2016 01:00:00 AM,0,0,0
01/09/2016 02:00:00 AM,3,3,0
01/09/2016 03:00:00 AM,0,0,0
01/09/2016 04:00:00 AM,0,0,0
01/09/2016 05:00:00 AM,1,1,0
01/09/2016 06:00:00 AM,1,1,0
01/09/2016 07:00:00 AM,0,0,0
01/09/2016 08:00:00 AM,4,2,2
01/09/2016 09:00:00 AM,8,3,5
01/09/2016 10:00:00 AM,5,4,1
01/09/2016 11:00:00 AM,7,5,2
01/09/2016 12:00:00 PM,10,6,4
01/09/2016 01:00:00 PM,17,13,4
01/09/2016 02:00:00 PM,23,10,13
01/09/2016 03:00:00 PM,16,5,11
01/09/2016 04:00:00 PM,9,5,4
01/09/2016 05:00:00 PM,6,2,4
01/09/2016 06:00:00 PM,6,3,3
01/09/2016 07:00:00 PM,4,3,1
01/09/2016 08:00:00 PM,3,3,0
01/09/2016 09:00:00 PM,1,1,0
01/09/2016 10:00:00 PM,1,1,0
01/09/2016 11:00:00 PM,2,1,1
01/10/2016 12:00:00 AM,6,3,3
01/10/2016 01:00:00 AM,2,2,0
01/10/2016 02:00:00 AM,2,2,0
01/10/2016 03:00:00 AM,0,0,0
01/10/2016 04:00:00 AM,0,0,0
01/10/2016 05:00:00 AM,0,0,0
01/10/2016 06:00:00 AM,3,0,3
01/10/2016 07:00:00 AM,1,0,1
01/10/2016 08:00:00 AM,5,3,2
01/10/2016 09:00:00 AM,8,7,1
01/10/2016 10:00:00 AM,9,3,6
01/10/2016 11:00:00 AM,20,5,15
01/10/2016 12:00:00 PM,12,7,5
01/10/2016 01:00:00 PM,12,9,3
01/10/2016 02:00:00 PM,19,10,9
01/10/2016 03:00:00 PM,8,5,3
01/10/2016 04:00:00 PM,7,6,1
01/10/2016 05:00:00 PM,8,5,3
01/10/2016 06:00:00 PM,5,4,1
01/10/2016 07:00:00 PM,7,5,2
01/10/2016 08:00:00 PM,1,0,1
01/10/2016 09:00:00 PM,5,3,2
01/10/2016 10:00:00 PM,4,2,2
01/10/2016 11:00:00 PM,1,0,1
01/11/2016 12:00:00 AM,1,1,0
01/11/2016 01:00:00 AM,0,0,0
01/11/2016 02:00:00 AM,0,0,0
01/11/2016 03:00:00 AM,1,1,0
01/11/2016 04:00:00 AM,2,0,2
01/11/2016 05:00:00 AM,6,3,3
01/11/2016 06:00:00 AM,19,11,8
01/11/2016 07:00:00 AM,42,23,19
01/11/2016 08:00:00 AM,64,48,16
01/11/2016 09:00:00 AM,39,17,22
01/11/2016 10:00:00 AM,21,12,9
01/11/2016 11:00:00 AM,14,5,9
01/11/2016 12:00:00 PM,16,8,8
01/11/2016 01:00:00 PM,17,9,8
01/11/2016 02:00:00 PM,23,10,13
01/11/2016 03:00:00 PM,30,24,6
01/11/2016 04:00:00 PM,64,43,21
01/11/2016 05:00:00 PM,107,70,37
01/11/2016 06:00:00 PM,34,19,15
01/11/2016 07:00:00 PM,12,6,6
01/11/2016 08:00:00 PM,6,5,1
01/11/2016 09:00:00 PM,6,3,3
01/11/2016 10:00:00 PM,2,0,2
01/11/2016 11:00:00 PM,1,1,0
01/12/2016 12:00:00 AM,1,1,0
01/12/2016 01:00:00 AM,1,1,0
01/12/2016 02:00:00 AM,2,1,1
01/12/2016 03:00:00 AM,0,0,0
01/12/2016 04:00:00 AM,0,0,0
01/12/2016 05:00:00 AM,6,4,2
01/12/2016 06:00:00 AM,24,13,11
01/12/2016 07:00:00 AM,47,30,17
01/12/2016 08:00:00 AM,65,42,23
01/12/2016 09:00:00 AM,37,24,13
01/12/2016 10:00:00 AM,11,5,6
01/12/2016 11:00:00 AM,17,6,11
01/12/2016 12:00:00 PM,14,8,6
01/12/2016 01:00:00 PM,15,11,4
01/12/2016 02:00:00 PM,23,13,10
01/12/2016 03:00:00 PM,21,17,4
01/12/2016 04:00:00 PM,57,50,7
01/12/2016 05:00:00 PM,102,64,38
01/12/2016 06:00:00 PM,32,20,12
01/12/2016 07:00:00 PM,13,8,5
01/12/2016 08:00:00 PM,4,4,0
01/12/2016 09:00:00 PM,2,1,1
01/12/2016 10:00:00 PM,2,1,1
01/12/2016 11:00:00 PM,1,1,0
01/13/2016 12:00:00 AM,2,2,0
01/13/2016 01:00:00 AM,0,0,0
01/13/2016 02:00:00 AM,0,0,0
01/13/2016 03:00:00 AM,0,0,0
01/13/2016 04:00:00 AM,1,0,1
01/13/2016 05:00:00 AM,5,2,3
01/13/2016 06:00:00 AM,15,8,7
01/13/2016 07:00:00 AM,31,21,10
01/13/2016 08:00:00 AM,47,27,20
01/13/2016 09:00:00 AM,20,10,10
01/13/2016 10:00:00 AM,12,6,6
01/13/2016 11:00:00 AM,16,10,6
01/13/2016 12:00:00 PM,12,6,6
01/13/2016 01:00:00 PM,15,9,6
01/13/2016 02:00:00 PM,12,9,3
01/13/2016 03:00:00 PM,26,16,10
01/13/2016 04:00:00 PM,54,37,17
01/13/2016 05:00:00 PM,87,61,26
01/13/2016 06:00:00 PM,30,17,13
01/13/2016 07:00:00 PM,13,5,8
01/13/2016 08:00:00 PM,7,1,6
01/13/2016 09:00:00 PM,4,3,1
01/13/2016 10:00:00 PM,2,1,1
01/13/2016 11:00:00 PM,0,0,0
01/14/2016 12:00:00 AM,4,4,0
01/14/2016 01:00:00 AM,0,0,0
01/14/2016 02:00:00 AM,1,0,1
01/14/2016 03:00:00 AM,0,0,0
01/14/2016 04:00:00 AM,0,0,0
01/14/2016 05:00:00 AM,3,2,1
01/14/2016 06:00:00 AM,20,11,9
01/14/2016 07:00:00 AM,41,24,17
01/14/2016 08:00:00 AM,85,58,27
01/14/2016 09:00:00 AM,43,28,15
01/14/2016 10:00:00 AM,18,8,10
01/14/2016 11:00:00 AM,25,13,12
01/14/2016 12:00:00 PM,26,16,10
01/14/2016 01:00:00 PM,22,15,7
01/14/2016 02:00:00 PM,21,13,8
01/14/2016 03:00:00 PM,42,28,14
01/14/2016 04:00:00 PM,64,50,14
01/14/2016 05:00:00 PM,117,76,41
01/14/2016 06:00:00 PM,45,27,18
01/14/2016 07:00:00 PM,17,11,6
01/14/2016 08:00:00 PM,11,7,4
01/14/2016 09:00:00 PM,6,5,1
01/14/2016 10:00:00 PM,3,2,1
01/14/2016 11:00:00 PM,2,0,2
01/15/2016 12:00:00 AM,2,2,0
01/15/2016 01:00:00 AM,1,1,0
01/15/2016 02:00:00 AM,1,0,1
01/15/2016 03:00:00 AM,0,0,0
01/15/2016 04:00:00 AM,0,0,0
01/15/2016 05:00:00 AM,2,2,0
01/15/2016 06:00:00 AM,13,6,7
01/15/2016 07:00:00 AM,41,30,11
01/15/2016 08:00:00 AM,67,42,25
01/15/2016 09:00:00 AM,44,26,18
01/15/2016 10:00:00 AM,17,10,7
01/15/2016 11:00:00 AM,14,6,8
01/15/2016 12:00:00 PM,25,13,12
01/15/2016 01:00:00 PM,12,8,4
01/15/2016 02:00:00 PM,21,15,6
01/15/2016 03:00:00 PM,34,23,11
01/15/2016 04:00:00 PM,60,37,23
01/15/2016 05:00:00 PM,67,50,17
01/15/2016 06:00:00 PM,37,17,20
01/15/2016 07:00:00 PM,23,10,13
01/15/2016 08:00:00 PM,6,3,3
01/15/2016 09:00:00 PM,6,5,1
01/15/2016 10:00:00 PM,4,1,3
01/15/2016 11:00:00 PM,7,4,3
01/16/2016 12:00:00 AM,2,2,0
01/16/2016 01:00:00 AM,0,0,0
01/16/2016 02:00:00 AM,0,0,0
01/16/2016 03:00:00 AM,0,0,0
01/16/2016 04:00:00 AM,0,0,0
01/16/2016 05:00:00 AM,1,1,0
01/16/2016 06:00:00 AM,0,0,0
01/16/2016 07:00:00 AM,0,0,0
01/16/2016 08:00:00 AM,4,2,2
01/16/2016 09:00:00 AM,6,1,5
01/16/2016 10:00:00 AM,5,5,0
01/16/2016 11:00:00 AM,9,7,2
01/16/2016 12:00:00 PM,4,0,4
01/16/2016 01:00:00 PM,10,7,3
01/16/2016 02:00:00 PM,9,6,3
01/16/2016 03:00:00 PM,7,1,6
01/16/2016 04:00:00 PM,4,1,3
01/16/2016 05:00:00 PM,5,3,2
01/16/2016 06:00:00 PM,8,5,3
01/16/2016 07:00:00 PM,4,3,1
01/16/2016 08:00:00 PM,4,3,1
01/16/2016 09:00:00 PM,2,1,1
01/16/2016 10:00:00 PM,2,1,1
01/16/2016 11:00:00 PM,2,0,2
01/17/2016 12:00:00 AM,4,3,1
01/17/2016 01:00:00 AM,3,2,1
01/17/2016 02:00:00 AM,1,0,1
01/17/2016 03:00:00 AM,0,0,0
01/17/2016 04:00:00 AM,0,0,0
01/17/2016 05:00:00 AM,0,0,0
01/17/2016 06:00:00 AM,1,0,1
01/17/2016 07:00:00 AM,2,0,2
01/17/2016 08:00:00 AM,2,1,1
01/17/2016 09:00:00 AM,1,1,0
01/17/2016 10:00:00 AM,0,0,0
01/17/2016 11:00:00 AM,8,3,5
01/17/2016 12:00:00 PM,7,4,3
01/17/2016 01:00:00 PM,5,2,3
01/17/2016 02:00:00 PM,13,8,5
01/17/2016 03:00:00 PM,6,3,3
01/17/2016 04:00:00 PM,7,5,2
01/17/2016 05:00:00 PM,6,3,3
01/17/2016 06:00:00 PM,0,0,0
01/17/2016 07:00:00 PM,3,2,1
01/17/2016 08:00:00 PM,1,1,0
01/17/2016 09:00:00 PM,3,2,1
01/17/2016 10:00:00 PM,1,1,0
01/17/2016 11:00:00 PM,2,2,0
01/18/2016 12:00:00 AM,1,1,0
01/18/2016 01:00:00 AM,0,0,0
01/18/2016 02:00:00 AM,0,0,0
01/18/2016 03:00:00 AM,3,3,0
01/18/2016 04:00:00 AM,0,0,0
01/18/2016 05:00:00 AM,2,0,2
01/18/2016 06:00:00 AM,17,7,10
01/18/2016 07:00:00 AM,21,13,8
01/18/2016 08:00:00 AM,40,26,14
01/18/2016 09:00:00 AM,27,14,13
01/18/2016 10:00:00 AM,17,9,8
01/18/2016 11:00:00 AM,13,10,3
01/18/2016 12:00:00 PM,24,14,10
01/18/2016 01:00:00 PM,35,24,11
01/18/2016 02:00:00 PM,25,15,10
01/18/2016 03:00:00 PM,33,22,11
01/18/2016 04:00:00 PM,43,29,14
01/18/2016 05:00:00 PM,54,38,16
01/18/2016 06:00:00 PM,22,13,9
01/18/2016 07:00:00 PM,12,6,6
01/18/2016 08:00:00 PM,4,2,2
01/18/2016 09:00:00 PM,2,1,1
01/18/2016 10:00:00 PM,4,3,1
01/18/2016 11:00:00 PM,3,1,2
01/19/2016 12:00:00 AM,0,0,0
01/19/2016 01:00:00 AM,0,0,0
01/19/2016 02:00:00 AM,5,4,1
01/19/2016 03:00:00 AM,0,0,0
01/19/2016 04:00:00 AM,0,0,0
01/19/2016 05:00:00 AM,7,1,6
01/19/2016 06:00:00 AM,29,14,15
01/19/2016 07:00:00 AM,48,35,13
01/19/2016 08:00:00 AM,91,62,29
01/19/2016 09:00:00 AM,41,20,21
01/19/2016 10:00:00 AM,19,10,9
01/19/2016 11:00:00 AM,30,17,13
01/19/2016 12:00:00 PM,16,6,10
01/19/2016 01:00:00 PM,16,7,9
01/19/2016 02:00:00 PM,22,13,9
01/19/2016 03:00:00 PM,32,25,7
01/19/2016 04:00:00 PM,65,46,19
01/19/2016 05:00:00 PM,98,66,32
01/19/2016 06:00:00 PM,38,20,18
01/19/2016 07:00:00 PM,12,7,5
01/19/2016 08:00:00 PM,5,3,2
01/19/2016 09:00:00 PM,3,2,1
01/19/2016 10:00:00 PM,2,0,2
01/19/2016 11:00:00 PM,0,0,0
01/20/2016 12:00:00 AM,3,3,0
01/20/2016 01:00:00 AM,0,0,0
01/20/2016 02:00:00 AM,1,0,1
01/20/2016 03:00:00 AM,0,0,0
01/20/2016 04:00:00 AM,1,0,1
01/20/2016 05:00:00 AM,8,3,5
01/20/2016 06:00:00 AM,24,10,14
01/20/2016 07:00:00 AM,51,31,20
01/20/2016 08:00:00 AM,73,50,23
01/20/2016 09:00:00 AM,46,26,20
01/20/2016 10:00:00 AM,17,9,8
01/20/2016 11:00:00 AM,17,11,6
01/20/2016 12:00:00 PM,27,14,13
01/20/2016 01:00:00 PM,23,14,9
01/20/2016 02:00:00 PM,16,9,7
01/20/2016 03:00:00 PM,28,23,5
01/20/2016 04:00:00 PM,72,48,24
01/20/2016 05:00:00 PM,118,81,37
01/20/2016 06:00:00 PM,37,20,17
01/20/2016 07:00:00 PM,15,9,6
01/20/2016 08:00:00 PM,5,0,5
01/20/2016 09:00:00 PM,6,4,2
01/20/2016 10:00:00 PM,5,3,2
01/20/2016 11:00:00 PM,0,0,0
01/21/2016 12:00:00 AM,1,1,0
01/21/2016 01:00:00 AM,0,0,0
01/21/2016 02:00:00 AM,2,1,1
01/21/2016 03:00:00 AM,0,0,0
01/21/2016 04:00:00 AM,1,1,0
01/21/2016 05:00:00 AM,4,2,2
01/21/2016 06:00:00 AM,11,5,6
01/21/2016 07:00:00 AM,32,23,9
01/21/2016 08:00:00 AM,50,29,21
01/21/2016 09:00:00 AM,23,12,11
01/21/2016 10:00:00 AM,8,1,7
01/21/2016 11:00:00 AM,10,9,1
01/21/2016 12:00:00 PM,16,9,7
01/21/2016 01:00:00 PM,8,6,2
01/21/2016 02:00:00 PM,16,8,8
01/21/2016 03:00:00 PM,16,13,3
01/21/2016 04:00:00 PM,51,38,13
01/21/2016 05:00:00 PM,67,45,22
01/21/2016 06:00:00 PM,28,19,9
01/21/2016 07:00:00 PM,14,10,4
01/21/2016 08:00:00 PM,10,5,5
01/21/2016 09:00:00 PM,5,4,1
01/21/2016 10:00:00 PM,1,1,0
01/21/2016 11:00:00 PM,2,1,1
01/22/2016 12:00:00 AM,3,2,1
01/22/2016 01:00:00 AM,0,0,0
01/22/2016 02:00:00 AM,1,0,1
01/22/2016 03:00:00 AM,0,0,0
01/22/2016 04:00:00 AM,2,0,2
01/22/2016 05:00:00 AM,4,0,4
01/22/2016 06:00:00 AM,13,2,11
01/22/2016 07:00:00 AM,31,18,13
01/22/2016 08:00:00 AM,56,33,23
01/22/2016 09:00:00 AM,41,25,16
01/22/2016 10:00:00 AM,17,9,8
01/22/2016 11:00:00 AM,19,10,9
01/22/2016 12:00:00 PM,22,12,10
01/22/2016 01:00:00 PM,22,15,7
01/22/2016 02:00:00 PM,18,8,10
01/22/2016 03:00:00 PM,40,30,10
01/22/2016 04:00:00 PM,64,43,21
01/22/2016 05:00:00 PM,67,48,19
01/22/2016 06:00:00 PM,31,18,13
01/22/2016 07:00:00 PM,17,10,7
01/22/2016 08:00:00 PM,9,9,0
01/22/2016 09:00:00 PM,4,2,2
01/22/2016 10:00:00 PM,7,3,4
01/22/2016 11:00:00 PM,1,1,0
01/23/2016 12:00:00 AM,3,1,2
01/23/2016 01:00:00 AM,1,0,1
01/23/2016 02:00:00 AM,0,0,0
01/23/2016 03:00:00 AM,0,0,0
01/23/2016 04:00:00 AM,0,0,0
01/23/2016 05:00:00 AM,0,0,0
01/23/2016 06:00:00 AM,1,0,1
01/23/2016 07:00:00 AM,1,1,0
01/23/2016 08:00:00 AM,4,3,1
01/23/2016 09:00:00 AM,5,3,2
01/23/2016 10:00:00 AM,3,2,1
01/23/2016 11:00:00 AM,3,3,0
01/23/2016 12:00:00 PM,5,2,3
01/23/2016 01:00:00 PM,8,3,5
01/23/2016 02:00:00 PM,3,0,3
01/23/2016 03:00:00 PM,6,4,2
01/23/2016 04:00:00 PM,6,2,4
01/23/2016 05:00:00 PM,9,7,2
01/23/2016 06:00:00 PM,7,5,2
01/23/2016 07:00:00 PM,9,5,4
01/23/2016 08:00:00 PM,4,2,2
01/23/2016 09:00:00 PM,3,1,2
01/23/2016 10:00:00 PM,2,2,0
01/23/2016 11:00:00 PM,1,1,0
01/24/2016 12:00:00 AM,2,1,1
01/24/2016 01:00:00 AM,2,2,0
01/24/2016 02:00:00 AM,2,0,2
01/24/2016 03:00:00 AM,0,0,0
01/24/2016 04:00:00 AM,0,0,0
01/24/2016 05:00:00 AM,0,0,0
01/24/2016 06:00:00 AM,1,0,1
01/24/2016 07:00:00 AM,1,0,1
01/24/2016 08:00:00 AM,1,1,0
01/24/2016 09:00:00 AM,8,6,2
01/24/2016 10:00:00 AM,3,3,0
01/24/2016 11:00:00 AM,12,6,6
01/24/2016 12:00:00 PM,17,9,8
01/24/2016 01:00:00 PM,11,4,7
01/24/2016 02:00:00 PM,20,15,5
01/24/2016 03:00:00 PM,13,6,7
01/24/2016 04:00:00 PM,10,5,5
01/24/2016 05:00:00 PM,14,7,7
01/24/2016 06:00:00 PM,5,4,1
01/24/2016 07:00:00 PM,9,5,4
01/24/2016 08:00:00 PM,4,1,3
01/24/2016 09:00:00 PM,2,1,1
01/24/2016 10:00:00 PM,2,0,2
01/24/2016 11:00:00 PM,1,1,0
01/25/2016 12:00:00 AM,2,2,0
01/25/2016 01:00:00 AM,0,0,0
01/25/2016 02:00:00 AM,0,0,0
01/25/2016 03:00:00 AM,4,3,1
01/25/2016 04:00:00 AM,3,3,0
01/25/2016 05:00:00 AM,6,2,4
01/25/2016 06:00:00 AM,16,8,8
01/25/2016 07:00:00 AM,57,36,21
01/25/2016 08:00:00 AM,91,62,29
01/25/2016 09:00:00 AM,42,21,21
01/25/2016 10:00:00 AM,17,10,7
01/25/2016 11:00:00 AM,19,9,10
01/25/2016 12:00:00 PM,20,10,10
01/25/2016 01:00:00 PM,25,16,9
01/25/2016 02:00:00 PM,25,11,14
01/25/2016 03:00:00 PM,34,19,15
01/25/2016 04:00:00 PM,69,47,22
01/25/2016 05:00:00 PM,132,88,44
01/25/2016 06:00:00 PM,45,27,18
01/25/2016 07:00:00 PM,16,12,4
01/25/2016 08:00:00 PM,7,6,1
01/25/2016 09:00:00 PM,10,8,2
01/25/2016 10:00:00 PM,4,2,2
01/25/2016 11:00:00 PM,3,1,2
01/26/2016 12:00:00 AM,1,1,0
01/26/2016 01:00:00 AM,2,2,0
01/26/2016 02:00:00 AM,1,0,1
01/26/2016 03:00:00 AM,0,0,0
01/26/2016 04:00:00 AM,1,0,1
01/26/2016 05:00:00 AM,9,4,5
01/26/2016 06:00:00 AM,20,12,8
01/26/2016 07:00:00 AM,59,45,14
01/26/2016 08:00:00 AM,59,36,23
01/26/2016 09:00:00 AM,30,19,11
01/26/2016 10:00:00 AM,10,5,5
01/26/2016 11:00:00 AM,19,10,9
01/26/2016 12:00:00 PM,17,11,6
01/26/2016 01:00:00 PM,17,10,7
01/26/2016 02:00:00 PM,23,9,14
01/26/2016 03:00:00 PM,36,26,10
01/26/2016 04:00:00 PM,67,43,24
01/26/2016 05:00:00 PM,83,56,27
01/26/2016 06:00:00 PM,40,28,12
01/26/2016 07:00:00 PM,13,9,4
01/26/2016 08:00:00 PM,15,7,8
01/26/2016 09:00:00 PM,2,2,0
01/26/2016 10:00:00 PM,2,1,1
01/26/2016 11:00:00 PM,2,1,1
01/27/2016 12:00:00 AM,2,2,0
01/27/2016 01:00:00 AM,0,0,0
01/27/2016 02:00:00 AM,1,0,1
01/27/2016 03:00:00 AM,3,3,0
01/27/2016 04:00:00 AM,0,0,0
01/27/2016 05:00:00 AM,3,0,3
01/27/2016 06:00:00 AM,18,11,7
01/27/2016 07:00:00 AM,41,28,13
01/27/2016 08:00:00 AM,77,49,28
01/27/2016 09:00:00 AM,47,25,22
01/27/2016 10:00:00 AM,22,14,8
01/27/2016 11:00:00 AM,18,10,8
01/27/2016 12:00:00 PM,18,13,5
01/27/2016 01:00:00 PM,24,17,7
01/27/2016 02:00:00 PM,19,13,6
01/27/2016 03:00:00 PM,36,27,9
01/27/2016 04:00:00 PM,60,44,16
01/27/2016 05:00:00 PM,97,71,26
01/27/2016 06:00:00 PM,38,26,12
01/27/2016 07:00:00 PM,10,4,6
01/27/2016 08:00:00 PM,5,4,1
01/27/2016 09:00:00 PM,7,4,3
01/27/2016 10:00:00 PM,0,0,0
01/27/2016 11:00:00 PM,3,2,1
01/28/2016 12:00:00 AM,1,0,1
01/28/2016 01:00:00 AM,0,0,0
01/28/2016 02:00:00 AM,2,1,1
01/28/2016 03:00:00 AM,0,0,0
01/28/2016 04:00:00 AM,0,0,0
01/28/2016 05:00:00 AM,1,0,1
01/28/2016 06:00:00 AM,15,7,8
01/28/2016 07:00:00 AM,34,22,12
01/28/2016 08:00:00 AM,55,36,19
01/28/2016 09:00:00 AM,34,22,12
01/28/2016 10:00:00 AM,15,6,9
01/28/2016 11:00:00 AM,15,9,6
01/28/2016 12:00:00 PM,20,9,11
01/28/2016 01:00:00 PM,8,5,3
01/28/2016 02:00:00 PM,17,13,4
01/28/2016 03:00:00 PM,37,27,10
01/28/2016 04:00:00 PM,53,45,8
01/28/2016 05:00:00 PM,88,52,36
01/28/2016 06:00:00 PM,35,24,11
01/28/2016 07:00:00 PM,35,21,14
01/28/2016 08:00:00 PM,10,9,1
01/28/2016 09:00:00 PM,3,2,1
01/28/2016 10:00:00 PM,3,2,1
01/28/2016 11:00:00 PM,6,0,6
01/29/2016 12:00:00 AM,3,3,0
01/29/2016 01:00:00 AM,3,1,2
01/29/2016 02:00:00 AM,0,0,0
01/29/2016 03:00:00 AM,2,0,2
01/29/2016 04:00:00 AM,1,1,0
01/29/2016 05:00:00 AM,3,0,3
01/29/2016 06:00:00 AM,19,9,10
01/29/2016 07:00:00 AM,40,27,13
01/29/2016 08:00:00 AM,48,26,22
01/29/2016 09:00:00 AM,28,19,9
01/29/2016 10:00:00 AM,17,8,9
01/29/2016 11:00:00 AM,19,6,13
01/29/2016 12:00:00 PM,15,6,9
01/29/2016 01:00:00 PM,21,9,12
01/29/2016 02:00:00 PM,29,16,13
01/29/2016 03:00:00 PM,31,23,8
01/29/2016 04:00:00 PM,60,39,21
01/29/2016 05:00:00 PM,72,52,20
01/29/2016 06:00:00 PM,34,16,18
01/29/2016 07:00:00 PM,11,6,5
01/29/2016 08:00:00 PM,9,6,3
01/29/2016 09:00:00 PM,3,1,2
01/29/2016 10:00:00 PM,3,2,1
01/29/2016 11:00:00 PM,3,2,1
01/30/2016 12:00:00 AM,3,2,1
01/30/2016 01:00:00 AM,1,1,0
01/30/2016 02:00:00 AM,0,0,0
01/30/2016 03:00:00 AM,0,0,0
01/30/2016 04:00:00 AM,0,0,0
01/30/2016 05:00:00 AM,1,0,1
01/30/2016 06:00:00 AM,2,2,0
01/30/2016 07:00:00 AM,3,3,0
01/30/2016 08:00:00 AM,4,3,1
01/30/2016 09:00:00 AM,8,7,1
01/30/2016 10:00:00 AM,4,1,3
01/30/2016 11:00:00 AM,7,3,4
01/30/2016 12:00:00 PM,11,7,4
01/30/2016 01:00:00 PM,13,3,10
01/30/2016 02:00:00 PM,18,11,7
01/30/2016 03:00:00 PM,15,7,8
01/30/2016 04:00:00 PM,14,10,4
01/30/2016 05:00:00 PM,8,4,4
01/30/2016 06:00:00 PM,10,8,2
01/30/2016 07:00:00 PM,7,4,3
01/30/2016 08:00:00 PM,5,3,2
01/30/2016 09:00:00 PM,3,3,0
01/30/2016 10:00:00 PM,7,7,0
01/30/2016 11:00:00 PM,6,4,2
01/31/2016 12:00:00 AM,2,1,1
01/31/2016 01:00:00 AM,3,3,0
01/31/2016 02:00:00 AM,3,3,0
01/31/2016 03:00:00 AM,0,0,0
01/31/2016 04:00:00 AM,0,0,0
01/31/2016 05:00:00 AM,0,0,0
01/31/2016 06:00:00 AM,1,0,1
01/31/2016 07:00:00 AM,0,0,0
01/31/2016 08:00:00 AM,3,2,1
01/31/2016 09:00:00 AM,6,2,4
01/31/2016 10:00:00 AM,6,4,2
01/31/2016 11:00:00 AM,11,7,4
01/31/2016 12:00:00 PM,12,8,4
01/31/2016 01:00:00 PM,11,5,6
01/31/2016 02:00:00 PM,8,4,4
01/31/2016 03:00:00 PM,13,10,3
01/31/2016 04:00:00 PM,7,3,4
01/31/2016 05:00:00 PM,11,4,7
01/31/2016 06:00:00 PM,3,3,0
01/31/2016 07:00:00 PM,9,3,6
01/31/2016 08:00:00 PM,4,3,1
01/31/2016 09:00:00 PM,4,3,1
01/31/2016 10:00:00 PM,3,3,0
01/31/2016 11:00:00 PM,1,0,1
02/01/2016 12:00:00 AM,0,0,0
02/01/2016 01:00:00 AM,0,0,0
02/01/2016 02:00:00 AM,0,0,0
02/01/2016 03:00:00 AM,0,0,0
02/01/2016 04:00:00 AM,1,0,1
02/01/2016 05:00:00 AM,6,4,2
02/01/2016 06:00:00 AM,23,14,9
02/01/2016 07:00:00 AM,45,34,11
02/01/2016 08:00:00 AM,74,53,21
02/01/2016 09:00:00 AM,49,29,20
02/01/2016 10:00:00 AM,28,17,11
02/01/2016 11:00:00 AM,19,10,9
02/01/2016 12:00:00 PM,16,10,6
02/01/2016 01:00:00 PM,16,11,5
02/01/2016 02:00:00 PM,21,12,9
02/01/2016 03:00:00 PM,38,27,11
02/01/2016 04:00:00 PM,78,54,24
02/01/2016 05:00:00 PM,105,68,37
02/01/2016 06:00:00 PM,53,35,18
02/01/2016 07:00:00 PM,8,5,3
02/01/2016 08:00:00 PM,13,7,6
02/01/2016 09:00:00 PM,4,4,0
02/01/2016 10:00:00 PM,6,2,4
02/01/2016 11:00:00 PM,0,0,0
02/02/2016 12:00:00 AM,1,1,0
02/02/2016 01:00:00 AM,2,1,1
02/02/2016 02:00:00 AM,0,0,0
02/02/2016 03:00:00 AM,1,1,0
02/02/2016 04:00:00 AM,0,0,0
02/02/2016 05:00:00 AM,13,5,8
02/02/2016 06:00:00 AM,26,12,14
02/02/2016 07:00:00 AM,68,47,21
02/02/2016 08:00:00 AM,95,51,44
02/02/2016 09:00:00 AM,45,26,19
02/02/2016 10:00:00 AM,16,11,5
02/02/2016 11:00:00 AM,21,8,13
02/02/2016 12:00:00 PM,27,14,13
02/02/2016 01:00:00 PM,25,19,6
02/02/2016 02:00:00 PM,20,9,11
02/02/2016 03:00:00 PM,39,32,7
02/02/2016 04:00:00 PM,110,70,40
02/02/2016 05:00:00 PM,125,74,51
02/02/2016 06:00:00 PM,47,32,15
02/02/2016 07:00:00 PM,13,7,6
02/02/2016 08:00:00 PM,14,9,5
02/02/2016 09:00:00 PM,7,5,2
02/02/2016 10:00:00 PM,5,5,0
02/02/2016 11:00:00 PM,1,1,0
02/03/2016 12:00:00 AM,2,2,0
02/03/2016 01:00:00 AM,3,3,0
02/03/2016 02:00:00 AM,1,0,1
02/03/2016 03:00:00 AM,0,0,0
02/03/2016 04:00:00 AM,0,0,0
02/03/2016 05:00:00 AM,12,4,8
02/03/2016 06:00:00 AM,26,13,13
02/03/2016 07:00:00 AM,55,26,29
02/03/2016 08:00:00 AM,75,49,26
02/03/2016 09:00:00 AM,38,27,11
02/03/2016 10:00:00 AM,27,14,13
02/03/2016 11:00:00 AM,12,6,6
02/03/2016 12:00:00 PM,22,13,9
02/03/2016 01:00:00 PM,19,11,8
02/03/2016 02:00:00 PM,20,12,8
02/03/2016 03:00:00 PM,30,20,10
02/03/2016 04:00:00 PM,69,50,19
02/03/2016 05:00:00 PM,98,63,35
02/03/2016 06:00:00 PM,31,21,10
02/03/2016 07:00:00 PM,19,12,7
02/03/2016 08:00:00 PM,6,3,3
02/03/2016 09:00:00 PM,7,5,2
02/03/2016 10:00:00 PM,1,1,0
02/03/2016 11:00:00 PM,0,0,0
02/04/2016 12:00:00 AM,2,2,0
02/04/2016 01:00:00 AM,0,0,0
02/04/2016 02:00:00 AM,1,0,1
02/04/2016 03:00:00 AM,0,0,0
02/04/2016 04:00:00 AM,1,0,1
02/04/2016 05:00:00 AM,5,2,3
02/04/2016 06:00:00 AM,18,10,8
02/04/2016 07:00:00 AM,39,25,14
02/04/2016 08:00:00 AM,74,44,30
02/04/2016 09:00:00 AM,31,21,10
02/04/2016 10:00:00 AM,15,5,10
02/04/2016 11:00:00 AM,23,11,12
02/04/2016 12:00:00 PM,20,9,11
02/04/2016 01:00:00 PM,25,14,11
02/04/2016 02:00:00 PM,14,9,5
02/04/2016 03:00:00 PM,29,22,7
02/04/2016 04:00:00 PM,74,58,16
02/04/2016 05:00:00 PM,123,82,41
02/04/2016 06:00:00 PM,39,24,15
02/04/2016 07:00:00 PM,27,13,14
02/04/2016 08:00:00 PM,21,10,11
02/04/2016 09:00:00 PM,8,6,2
02/04/2016 10:00:00 PM,4,2,2
02/04/2016 11:00:00 PM,1,0,1
02/05/2016 12:00:00 AM,5,4,1
02/05/2016 01:00:00 AM,1,0,1
02/05/2016 02:00:00 AM,2,0,2
02/05/2016 03:00:00 AM,0,0,0
02/05/2016 04:00:00 AM,1,0,1
02/05/2016 05:00:00 AM,1,1,0
02/05/2016 06:00:00 AM,17,5,12
02/05/2016 07:00:00 AM,42,30,12
02/05/2016 08:00:00 AM,66,41,25
02/05/2016 09:00:00 AM,31,16,15
02/05/2016 10:00:00 AM,14,12,2
02/05/2016 11:00:00 AM,21,13,8
02/05/2016 12:00:00 PM,26,13,13
02/05/2016 01:00:00 PM,39,24,15
02/05/2016 02:00:00 PM,23,15,8
02/05/2016 03:00:00 PM,37,21,16
02/05/2016 04:00:00 PM,67,53,14
02/05/2016 05:00:00 PM,77,51,26
02/05/2016 06:00:00 PM,33,18,15
02/05/2016 07:00:00 PM,10,8,2
02/05/2016 08:00:00 PM,5,3,2
02/05/2016 09:00:00 PM,6,3,3
02/05/2016 10:00:00 PM,4,3,1
02/05/2016 11:00:00 PM,2,0,2
02/06/2016 12:00:00 AM,3,3,0
02/06/2016 01:00:00 AM,2,1,1
02/06/2016 02:00:00 AM,0,0,0
02/06/2016 03:00:00 AM,0,0,0
02/06/2016 04:00:00 AM,1,1,0
02/06/2016 05:00:00 AM,1,0,1
02/06/2016 06:00:00 AM,2,2,0
02/06/2016 07:00:00 AM,2,1,1
02/06/2016 08:00:00 AM,5,3,2
02/06/2016 09:00:00 AM,6,3,3
02/06/2016 10:00:00 AM,10,9,1
02/06/2016 11:00:00 AM,7,5,2
02/06/2016 12:00:00 PM,25,15,10
02/06/2016 01:00:00 PM,22,16,6
02/06/2016 02:00:00 PM,21,12,9
02/06/2016 03:00:00 PM,13,9,4
02/06/2016 04:00:00 PM,15,13,2
02/06/2016 05:00:00 PM,12,5,7
02/06/2016 06:00:00 PM,6,5,1
02/06/2016 07:00:00 PM,6,1,5
02/06/2016 08:00:00 PM,3,3,0
02/06/2016 09:00:00 PM,4,1,3
02/06/2016 10:00:00 PM,3,2,1
02/06/2016 11:00:00 PM,2,1,1
02/07/2016 12:00:00 AM,2,1,1
02/07/2016 01:00:00 AM,1,1,0
02/07/2016 02:00:00 AM,2,1,1
02/07/2016 03:00:00 AM,0,0,0
02/07/2016 04:00:00 AM,0,0,0
02/07/2016 05:00:00 AM,0,0,0
02/07/2016 06:00:00 AM,2,1,1
02/07/2016 07:00:00 AM,3,1,2
02/07/2016 08:00:00 AM,5,2,3
02/07/2016 09:00:00 AM,7,6,1
02/07/2016 10:00:00 AM,8,5,3
02/07/2016 11:00:00 AM,13,4,9
02/07/2016 12:00:00 PM,22,16,6
02/07/2016 01:00:00 PM,19,10,9
02/07/2016 02:00:00 PM,10,6,4
02/07/2016 03:00:00 PM,9,8,1
02/07/2016 04:00:00 PM,12,7,5
02/07/2016 05:00:00 PM,3,2,1
02/07/2016 06:00:00 PM,8,5,3
02/07/2016 07:00:00 PM,4,4,0
02/07/2016 08:00:00 PM,3,1,2
02/07/2016 09:00:00 PM,3,1,2
02/07/2016 10:00:00 PM,1,0,1
02/07/2016 11:00:00 PM,1,0,1
02/08/2016 12:00:00 AM,5,4,1
02/08/2016 01:00:00 AM,0,0,0
02/08/2016 02:00:00 AM,2,2,0
02/08/2016 03:00:00 AM,1,1,0
02/08/2016 04:00:00 AM,0,0,0
02/08/2016 05:00:00 AM,8,3,5
02/08/2016 06:00:00 AM,35,21,14
02/08/2016 07:00:00 AM,66,38,28
02/08/2016 08:00:00 AM,86,63,23
02/08/2016 09:00:00 AM,48,25,23
02/08/2016 10:00:00 AM,19,9,10
02/08/2016 11:00:00 AM,21,7,14
02/08/2016 12:00:00 PM,15,8,7
02/08/2016 01:00:00 PM,21,14,7
02/08/2016 02:00:00 PM,23,14,9
02/08/2016 03:00:00 PM,37,25,12
02/08/2016 04:00:00 PM,77,58,19
02/08/2016 05:00:00 PM,112,69,43
02/08/2016 06:00:00 PM,32,20,12
02/08/2016 07:00:00 PM,21,15,6
02/08/2016 08:00:00 PM,12,6,6
02/08/2016 09:00:00 PM,7,4,3
02/08/2016 10:00:00 PM,2,1,1
02/08/2016 11:00:00 PM,1,0,1
02/09/2016 12:00:00 AM,0,0,0
02/09/2016 01:00:00 AM,2,1,1
02/09/2016 02:00:00 AM,3,2,1
02/09/2016 03:00:00 AM,0,0,0
02/09/2016 04:00:00 AM,0,0,0
02/09/2016 05:00:00 AM,6,4,2
02/09/2016 06:00:00 AM,31,20,11
02/09/2016 07:00:00 AM,71,44,27
02/09/2016 08:00:00 AM,116,68,48
02/09/2016 09:00:00 AM,37,21,16
02/09/2016 10:00:00 AM,23,15,8
02/09/2016 11:00:00 AM,27,12,15
02/09/2016 12:00:00 PM,17,12,5
02/09/2016 01:00:00 PM,13,7,6
02/09/2016 02:00:00 PM,37,23,14
02/09/2016 03:00:00 PM,58,49,9
02/09/2016 04:00:00 PM,96,68,28
02/09/2016 05:00:00 PM,128,88,40
02/09/2016 06:00:00 PM,53,33,20
02/09/2016 07:00:00 PM,19,10,9
02/09/2016 08:00:00 PM,16,13,3
02/09/2016 09:00:00 PM,10,4,6
02/09/2016 10:00:00 PM,5,2,3
02/09/2016 11:00:00 PM,0,0,0
02/10/2016 12:00:00 AM,1,1,0
02/10/2016 01:00:00 AM,0,0,0
02/10/2016 02:00:00 AM,2,1,1
02/10/2016 03:00:00 AM,0,0,0
02/10/2016 04:00:00 AM,3,3,0
02/10/2016 05:00:00 AM,4,1,3
02/10/2016 06:00:00 AM,21,15,6
02/10/2016 07:00:00 AM,55,36,19
02/10/2016 08:00:00 AM,87,51,36
02/10/2016 09:00:00 AM,42,28,14
02/10/2016 10:00:00 AM,23,13,10
02/10/2016 11:00:00 AM,15,9,6
02/10/2016 12:00:00 PM,25,17,8
02/10/2016 01:00:00 PM,18,8,10
02/10/2016 02:00:00 PM,27,16,11
02/10/2016 03:00:00 PM,31,24,7
02/10/2016 04:00:00 PM,77,59,18
02/10/2016 05:00:00 PM,100,66,34
02/10/2016 06:00:00 PM,49,32,17
02/10/2016 07:00:00 PM,11,8,3
02/10/2016 08:00:00 PM,4,2,2
02/10/2016 09:00:00 PM,8,4,4
02/10/2016 10:00:00 PM,1,1,0
02/10/2016 11:00:00 PM,1,1,0
02/11/2016 12:00:00 AM,2,1,1
02/11/2016 01:00:00 AM,1,1,0
02/11/2016 02:00:00 AM,2,0,2
02/11/2016 03:00:00 AM,0,0,0
02/11/2016 04:00:00 AM,3,2,1
02/11/2016 05:00:00 AM,5,2,3
02/11/2016 06:00:00 AM,17,9,8
02/11/2016 07:00:00 AM,55,35,20
02/11/2016 08:00:00 AM,74,46,28
02/11/2016 09:00:00 AM,31,15,16
02/11/2016 10:00:00 AM,21,10,11
02/11/2016 11:00:00 AM,15,11,4
02/11/2016 12:00:00 PM,16,11,5
02/11/2016 01:00:00 PM,18,10,8
02/11/2016 02:00:00 PM,16,10,6
02/11/2016 03:00:00 PM,25,19,6
02/11/2016 04:00:00 PM,78,51,27
02/11/2016 05:00:00 PM,104,69,35
02/11/2016 06:00:00 PM,44,27,17
02/11/2016 07:00:00 PM,18,12,6
02/11/2016 08:00:00 PM,4,1,3
02/11/2016 09:00:00 PM,7,5,2
02/11/2016 10:00:00 PM,3,2,1
02/11/2016 11:00:00 PM,3,2,1
02/12/2016 12:00:00 AM,3,2,1
02/12/2016 01:00:00 AM,0,0,0
02/12/2016 02:00:00 AM,0,0,0
02/12/2016 03:00:00 AM,0,0,0
02/12/2016 04:00:00 AM,0,0,0
02/12/2016 05:00:00 AM,1,0,1
02/12/2016 06:00:00 AM,11,4,7
02/12/2016 07:00:00 AM,38,27,11
02/12/2016 08:00:00 AM,52,29,23
02/12/2016 09:00:00 AM,34,15,19
02/12/2016 10:00:00 AM,11,7,4
02/12/2016 11:00:00 AM,12,5,7
02/12/2016 12:00:00 PM,24,15,9
02/12/2016 01:00:00 PM,16,12,4
02/12/2016 02:00:00 PM,20,10,10
02/12/2016 03:00:00 PM,29,20,9
02/12/2016 04:00:00 PM,59,37,22
02/12/2016 05:00:00 PM,71,57,14
02/12/2016 06:00:00 PM,27,19,8
02/12/2016 07:00:00 PM,18,12,6
02/12/2016 08:00:00 PM,9,6,3
02/12/2016 09:00:00 PM,5,3,2
02/12/2016 10:00:00 PM,4,4,0
02/12/2016 11:00:00 PM,2,1,1
02/13/2016 12:00:00 AM,2,2,0
02/13/2016 01:00:00 AM,1,1,0
02/13/2016 02:00:00 AM,1,0,1
02/13/2016 03:00:00 AM,0,0,0
02/13/2016 04:00:00 AM,0,0,0
02/13/2016 05:00:00 AM,1,1,0
02/13/2016 06:00:00 AM,5,4,1
02/13/2016 07:00:00 AM,1,1,0
02/13/2016 08:00:00 AM,3,2,1
02/13/2016 09:00:00 AM,8,4,4
02/13/2016 10:00:00 AM,6,5,1
02/13/2016 11:00:00 AM,11,7,4
02/13/2016 12:00:00 PM,5,4,1
02/13/2016 01:00:00 PM,9,3,6
02/13/2016 02:00:00 PM,11,3,8
02/13/2016 03:00:00 PM,4,3,1
02/13/2016 04:00:00 PM,8,6,2
02/13/2016 05:00:00 PM,7,3,4
02/13/2016 06:00:00 PM,7,4,3
02/13/2016 07:00:00 PM,6,4,2
02/13/2016 08:00:00 PM,4,2,2
02/13/2016 09:00:00 PM,2,0,2
02/13/2016 10:00:00 PM,9,1,8
02/13/2016 11:00:00 PM,0,0,0
02/14/2016 12:00:00 AM,0,0,0
02/14/2016 01:00:00 AM,2,2,0
02/14/2016 02:00:00 AM,0,0,0
02/14/2016 03:00:00 AM,1,1,0
02/14/2016 04:00:00 AM,0,0,0
02/14/2016 05:00:00 AM,1,0,1
02/14/2016 06:00:00 AM,0,0,0
02/14/2016 07:00:00 AM,3,0,3
02/14/2016 08:00:00 AM,1,1,0
02/14/2016 09:00:00 AM,3,1,2
02/14/2016 10:00:00 AM,6,3,3
02/14/2016 11:00:00 AM,6,5,1
02/14/2016 12:00:00 PM,11,5,6
02/14/2016 01:00:00 PM,6,3,3
02/14/2016 02:00:00 PM,13,9,4
02/14/2016 03:00:00 PM,2,2,0
02/14/2016 04:00:00 PM,4,4,0
02/14/2016 05:00:00 PM,10,7,3
02/14/2016 06:00:00 PM,2,2,0
02/14/2016 07:00:00 PM,6,1,5
02/14/2016 08:00:00 PM,5,2,3
02/14/2016 09:00:00 PM,3,0,3
02/14/2016 10:00:00 PM,1,1,0
02/14/2016 11:00:00 PM,0,0,0
02/15/2016 12:00:00 AM,1,1,0
02/15/2016 01:00:00 AM,1,1,0
02/15/2016 02:00:00 AM,0,0,0
02/15/2016 03:00:00 AM,0,0,0
02/15/2016 04:00:00 AM,1,1,0
02/15/2016 05:00:00 AM,1,1,0
02/15/2016 06:00:00 AM,7,4,3
02/15/2016 07:00:00 AM,20,13,7
02/15/2016 08:00:00 AM,25,13,12
02/15/2016 09:00:00 AM,11,3,8
02/15/2016 10:00:00 AM,12,6,6
02/15/2016 11:00:00 AM,13,9,4
02/15/2016 12:00:00 PM,12,5,7
02/15/2016 01:00:00 PM,13,9,4
02/15/2016 02:00:00 PM,10,4,6
02/15/2016 03:00:00 PM,16,13,3
02/15/2016 04:00:00 PM,23,17,6
02/15/2016 05:00:00 PM,36,19,17
02/15/2016 06:00:00 PM,18,10,8
02/15/2016 07:00:00 PM,10,7,3
02/15/2016 08:00:00 PM,4,2,2
02/15/2016 09:00:00 PM,6,2,4
02/15/2016 10:00:00 PM,5,2,3
02/15/2016 11:00:00 PM,1,1,0
02/16/2016 12:00:00 AM,1,1,0
02/16/2016 01:00:00 AM,0,0,0
02/16/2016 02:00:00 AM,1,1,0
02/16/2016 03:00:00 AM,2,2,0
02/16/2016 04:00:00 AM,1,1,0
02/16/2016 05:00:00 AM,4,2,2
02/16/2016 06:00:00 AM,23,15,8
02/16/2016 07:00:00 AM,54,37,17
02/16/2016 08:00:00 AM,78,48,30
02/16/2016 09:00:00 AM,33,13,20
02/16/2016 10:00:00 AM,22,12,10
02/16/2016 11:00:00 AM,15,11,4
02/16/2016 12:00:00 PM,23,10,13
02/16/2016 01:00:00 PM,24,19,5
02/16/2016 02:00:00 PM,21,12,9
02/16/2016 03:00:00 PM,30,25,5
02/16/2016 04:00:00 PM,75,53,22
02/16/2016 05:00:00 PM,84,62,22
02/16/2016 06:00:00 PM,37,24,13
02/16/2016 07:00:00 PM,20,15,5
02/16/2016 08:00:00 PM,15,9,6
02/16/2016 09:00:00 PM,1,0,1
02/16/2016 10:00:00 PM,3,1,2
02/16/2016 11:00:00 PM,2,2,0
02/17/2016 12:00:00 AM,1,1,0
02/17/2016 01:00:00 AM,0,0,0
02/17/2016 02:00:00 AM,1,1,0
02/17/2016 03:00:00 AM,0,0,0
02/17/2016 04:00:00 AM,1,1,0
02/17/2016 05:00:00 AM,6,3,3
02/17/2016 06:00:00 AM,23,13,10
02/17/2016 07:00:00 AM,51,39,12
02/17/2016 08:00:00 AM,81,49,32
02/17/2016 09:00:00 AM,32,15,17
02/17/2016 10:00:00 AM,19,13,6
02/17/2016 11:00:00 AM,17,8,9
02/17/2016 12:00:00 PM,22,9,13
02/17/2016 01:00:00 PM,16,14,2
02/17/2016 02:00:00 PM,20,13,7
02/17/2016 03:00:00 PM,27,22,5
02/17/2016 04:00:00 PM,71,54,17
02/17/2016 05:00:00 PM,93,63,30
02/17/2016 06:00:00 PM,34,19,15
02/17/2016 07:00:00 PM,9,6,3
02/17/2016 08:00:00 PM,4,2,2
02/17/2016 09:00:00 PM,2,2,0
02/17/2016 10:00:00 PM,2,1,1
02/17/2016 11:00:00 PM,2,2,0
02/18/2016 12:00:00 AM,1,1,0
02/18/2016 01:00:00 AM,0,0,0
02/18/2016 02:00:00 AM,0,0,0
02/18/2016 03:00:00 AM,0,0,0
02/18/2016 04:00:00 AM,1,1,0
02/18/2016 05:00:00 AM,7,2,5
02/18/2016 06:00:00 AM,19,10,9
02/18/2016 07:00:00 AM,46,32,14
02/18/2016 08:00:00 AM,65,39,26
02/18/2016 09:00:00 AM,29,13,16
02/18/2016 10:00:00 AM,14,9,5
02/18/2016 11:00:00 AM,19,15,4
02/18/2016 12:00:00 PM,23,17,6
02/18/2016 01:00:00 PM,34,20,14
02/18/2016 02:00:00 PM,13,7,6
02/18/2016 03:00:00 PM,34,25,9
02/18/2016 04:00:00 PM,69,51,18
02/18/2016 05:00:00 PM,92,72,20
02/18/2016 06:00:00 PM,41,22,19
02/18/2016 07:00:00 PM,19,8,11
02/18/2016 08:00:00 PM,4,3,1
02/18/2016 09:00:00 PM,8,4,4
02/18/2016 10:00:00 PM,1,1,0
02/18/2016 11:00:00 PM,5,1,4
02/19/2016 12:00:00 AM,12,10,2
02/19/2016 01:00:00 AM,1,0,1
02/19/2016 02:00:00 AM,1,0,1
02/19/2016 03:00:00 AM,0,0,0
02/19/2016 04:00:00 AM,0,0,0
02/19/2016 05:00:00 AM,0,0,0
02/19/2016 06:00:00 AM,17,9,8
02/19/2016 07:00:00 AM,29,20,9
02/19/2016 08:00:00 AM,42,25,17
02/19/2016 09:00:00 AM,33,19,14
02/19/2016 10:00:00 AM,17,11,6
02/19/2016 11:00:00 AM,11,6,5
02/19/2016 12:00:00 PM,14,9,5
02/19/2016 01:00:00 PM,17,13,4
02/19/2016 02:00:00 PM,11,9,2
02/19/2016 03:00:00 PM,32,23,9
02/19/2016 04:00:00 PM,50,37,13
02/19/2016 05:00:00 PM,56,42,14
02/19/2016 06:00:00 PM,28,23,5
02/19/2016 07:00:00 PM,9,3,6
02/19/2016 08:00:00 PM,5,4,1
02/19/2016 09:00:00 PM,7,2,5
02/19/2016 10:00:00 PM,1,1,0
02/19/2016 11:00:00 PM,0,0,0
02/20/2016 12:00:00 AM,1,1,0
02/20/2016 01:00:00 AM,1,1,0
02/20/2016 02:00:00 AM,0,0,0
02/20/2016 03:00:00 AM,2,1,1
02/20/2016 04:00:00 AM,2,0,2
02/20/2016 05:00:00 AM,0,0,0
02/20/2016 06:00:00 AM,4,4,0
02/20/2016 07:00:00 AM,2,2,0
02/20/2016 08:00:00 AM,9,5,4
02/20/2016 09:00:00 AM,11,6,5
02/20/2016 10:00:00 AM,12,5,7
02/20/2016 11:00:00 AM,13,10,3
02/20/2016 12:00:00 PM,18,12,6
02/20/2016 01:00:00 PM,25,14,11
02/20/2016 02:00:00 PM,21,18,3
02/20/2016 03:00:00 PM,17,7,10
02/20/2016 04:00:00 PM,17,5,12
02/20/2016 05:00:00 PM,22,13,9
02/20/2016 06:00:00 PM,15,11,4
02/20/2016 07:00:00 PM,8,2,6
02/20/2016 08:00:00 PM,4,3,1
02/20/2016 09:00:00 PM,4,2,2
02/20/2016 10:00:00 PM,7,2,5
02/20/2016 11:00:00 PM,0,0,0
02/21/2016 12:00:00 AM,3,3,0
02/21/2016 01:00:00 AM,3,2,1
02/21/2016 02:00:00 AM,0,0,0
02/21/2016 03:00:00 AM,0,0,0
02/21/2016 04:00:00 AM,3,3,0
02/21/2016 05:00:00 AM,1,1,0
02/21/2016 06:00:00 AM,2,1,1
02/21/2016 07:00:00 AM,1,1,0
02/21/2016 08:00:00 AM,2,1,1
02/21/2016 09:00:00 AM,4,3,1
02/21/2016 10:00:00 AM,9,7,2
02/21/2016 11:00:00 AM,5,4,1
02/21/2016 12:00:00 PM,6,5,1
02/21/2016 01:00:00 PM,5,3,2
02/21/2016 02:00:00 PM,10,7,3
02/21/2016 03:00:00 PM,11,6,5
02/21/2016 04:00:00 PM,3,3,0
02/21/2016 05:00:00 PM,8,6,2
02/21/2016 06:00:00 PM,4,3,1
02/21/2016 07:00:00 PM,6,5,1
02/21/2016 08:00:00 PM,6,3,3
02/21/2016 09:00:00 PM,3,3,0
02/21/2016 10:00:00 PM,3,0,3
02/21/2016 11:00:00 PM,4,2,2
02/22/2016 12:00:00 AM,0,0,0
02/22/2016 01:00:00 AM,1,1,0
02/22/2016 02:00:00 AM,1,1,0
02/22/2016 03:00:00 AM,0,0,0
02/22/2016 04:00:00 AM,1,1,0
02/22/2016 05:00:00 AM,7,4,3
02/22/2016 06:00:00 AM,21,12,9
02/22/2016 07:00:00 AM,55,30,25
02/22/2016 08:00:00 AM,82,55,27
02/22/2016 09:00:00 AM,44,27,17
02/22/2016 10:00:00 AM,14,8,6
02/22/2016 11:00:00 AM,14,6,8
02/22/2016 12:00:00 PM,19,10,9
02/22/2016 01:00:00 PM,17,8,9
02/22/2016 02:00:00 PM,24,17,7
02/22/2016 03:00:00 PM,35,25,10
02/22/2016 04:00:00 PM,79,58,21
02/22/2016 05:00:00 PM,97,63,34
02/22/2016 06:00:00 PM,44,30,14
02/22/2016 07:00:00 PM,18,12,6
02/22/2016 08:00:00 PM,7,4,3
02/22/2016 09:00:00 PM,6,2,4
02/22/2016 10:00:00 PM,4,1,3
02/22/2016 11:00:00 PM,2,1,1
02/23/2016 12:00:00 AM,0,0,0
02/23/2016 01:00:00 AM,1,1,0
02/23/2016 02:00:00 AM,1,0,1
02/23/2016 03:00:00 AM,0,0,0
02/23/2016 04:00:00 AM,1,1,0
02/23/2016 05:00:00 AM,8,6,2
02/23/2016 06:00:00 AM,25,17,8
02/23/2016 07:00:00 AM,73,45,28
02/23/2016 08:00:00 AM,101,70,31
02/23/2016 09:00:00 AM,46,27,19
02/23/2016 10:00:00 AM,20,14,6
02/23/2016 11:00:00 AM,23,15,8
02/23/2016 12:00:00 PM,20,12,8
02/23/2016 01:00:00 PM,15,9,6
02/23/2016 02:00:00 PM,29,21,8
02/23/2016 03:00:00 PM,45,31,14
02/23/2016 04:00:00 PM,88,66,22
02/23/2016 05:00:00 PM,141,100,41
02/23/2016 06:00:00 PM,66,42,24
02/23/2016 07:00:00 PM,24,16,8
02/23/2016 08:00:00 PM,14,7,7
02/23/2016 09:00:00 PM,20,4,16
02/23/2016 10:00:00 PM,7,3,4
02/23/2016 11:00:00 PM,2,0,2
02/24/2016 12:00:00 AM,2,1,1
02/24/2016 01:00:00 AM,2,2,0
02/24/2016 02:00:00 AM,2,1,1
02/24/2016 03:00:00 AM,0,0,0
02/24/2016 04:00:00 AM,1,1,0
02/24/2016 05:00:00 AM,7,5,2
02/24/2016 06:00:00 AM,26,18,8
02/24/2016 07:00:00 AM,61,41,20
02/24/2016 08:00:00 AM,95,72,23
02/24/2016 09:00:00 AM,59,29,30
02/24/2016 10:00:00 AM,16,8,8
02/24/2016 11:00:00 AM,17,8,9
02/24/2016 12:00:00 PM,21,14,7
02/24/2016 01:00:00 PM,22,12,10
02/24/2016 02:00:00 PM,24,16,8
02/24/2016 03:00:00 PM,38,26,12
02/24/2016 04:00:00 PM,80,61,19
02/24/2016 05:00:00 PM,131,78,53
02/24/2016 06:00:00 PM,43,24,19
02/24/2016 07:00:00 PM,17,11,6
02/24/2016 08:00:00 PM,15,9,6
02/24/2016 09:00:00 PM,2,2,0
02/24/2016 10:00:00 PM,6,4,2
02/24/2016 11:00:00 PM,2,1,1
02/25/2016 12:00:00 AM,2,1,1
02/25/2016 01:00:00 AM,0,0,0
02/25/2016 02:00:00 AM,3,2,1
02/25/2016 03:00:00 AM,0,0,0
02/25/2016 04:00:00 AM,1,0,1
02/25/2016 05:00:00 AM,7,2,5
02/25/2016 06:00:00 AM,24,14,10
02/25/2016 07:00:00 AM,57,35,22
02/25/2016 08:00:00 AM,109,72,37
02/25/2016 09:00:00 AM,47,25,22
02/25/2016 10:00:00 AM,29,15,14
02/25/2016 11:00:00 AM,27,15,12
02/25/2016 12:00:00 PM,17,5,12
02/25/2016 01:00:00 PM,31,18,13
02/25/2016 02:00:00 PM,23,16,7
02/25/2016 03:00:00 PM,43,32,11
02/25/2016 04:00:00 PM,83,53,30
02/25/2016 05:00:00 PM,133,87,46
02/25/2016 06:00:00 PM,37,23,14
02/25/2016 07:00:00 PM,16,12,4
02/25/2016 08:00:00 PM,21,16,5
02/25/2016 09:00:00 PM,15,9,6
02/25/2016 10:00:00 PM,2,1,1
02/25/2016 11:00:00 PM,2,0,2
02/26/2016 12:00:00 AM,5,4,1
02/26/2016 01:00:00 AM,0,0,0
02/26/2016 02:00:00 AM,0,0,0
02/26/2016 03:00:00 AM,0,0,0
02/26/2016 04:00:00 AM,1,1,0
02/26/2016 05:00:00 AM,3,1,2
02/26/2016 06:00:00 AM,21,8,13
02/26/2016 07:00:00 AM,52,37,15
02/26/2016 08:00:00 AM,79,52,27
02/26/2016 09:00:00 AM,33,18,15
02/26/2016 10:00:00 AM,28,18,10
02/26/2016 11:00:00 AM,26,13,13
02/26/2016 12:00:00 PM,24,11,13
02/26/2016 01:00:00 PM,30,18,12
02/26/2016 02:00:00 PM,24,10,14
02/26/2016 03:00:00 PM,50,36,14
02/26/2016 04:00:00 PM,54,40,14
02/26/2016 05:00:00 PM,64,41,23
02/26/2016 06:00:00 PM,22,9,13
02/26/2016 07:00:00 PM,15,9,6
02/26/2016 08:00:00 PM,5,4,1
02/26/2016 09:00:00 PM,3,2,1
02/26/2016 10:00:00 PM,7,3,4
02/26/2016 11:00:00 PM,7,3,4
02/27/2016 12:00:00 AM,1,1,0
02/27/2016 01:00:00 AM,0,0,0
02/27/2016 02:00:00 AM,0,0,0
02/27/2016 03:00:00 AM,0,0,0
02/27/2016 04:00:00 AM,0,0,0
02/27/2016 05:00:00 AM,1,1,0
02/27/2016 06:00:00 AM,2,1,1
02/27/2016 07:00:00 AM,1,0,1
02/27/2016 08:00:00 AM,6,4,2
02/27/2016 09:00:00 AM,1,0,1
02/27/2016 10:00:00 AM,4,2,2
02/27/2016 11:00:00 AM,5,3,2
02/27/2016 12:00:00 PM,17,12,5
02/27/2016 01:00:00 PM,15,8,7
02/27/2016 02:00:00 PM,17,14,3
02/27/2016 03:00:00 PM,23,18,5
02/27/2016 04:00:00 PM,22,13,9
02/27/2016 05:00:00 PM,18,9,9
02/27/2016 06:00:00 PM,12,9,3
02/27/2016 07:00:00 PM,9,5,4
02/27/2016 08:00:00 PM,7,5,2
02/27/2016 09:00:00 PM,7,5,2
02/27/2016 10:00:00 PM,4,4,0
02/27/2016 11:00:00 PM,4,4,0
02/28/2016 12:00:00 AM,3,2,1
02/28/2016 01:00:00 AM,3,3,0
02/28/2016 02:00:00 AM,8,1,7
02/28/2016 03:00:00 AM,2,2,0
02/28/2016 04:00:00 AM,0,0,0
02/28/2016 05:00:00 AM,0,0,0
02/28/2016 06:00:00 AM,6,5,1
02/28/2016 07:00:00 AM,25,24,1
02/28/2016 08:00:00 AM,24,24,0
02/28/2016 09:00:00 AM,3,2,1
02/28/2016 10:00:00 AM,4,4,0
02/28/2016 11:00:00 AM,8,4,4
02/28/2016 12:00:00 PM,10,3,7
02/28/2016 01:00:00 PM,6,3,3
02/28/2016 02:00:00 PM,27,3,24
02/28/2016 03:00:00 PM,5,4,1
02/28/2016 04:00:00 PM,8,3,5
02/28/2016 05:00:00 PM,4,3,1
02/28/2016 06:00:00 PM,4,2,2
02/28/2016 07:00:00 PM,6,4,2
02/28/2016 08:00:00 PM,3,1,2
02/28/2016 09:00:00 PM,3,3,0
02/28/2016 10:00:00 PM,0,0,0
02/28/2016 11:00:00 PM,1,1,0
02/29/2016 12:00:00 AM,0,0,0
02/29/2016 01:00:00 AM,0,0,0
02/29/2016 02:00:00 AM,0,0,0
02/29/2016 03:00:00 AM,1,0,1
02/29/2016 04:00:00 AM,1,1,0
02/29/2016 05:00:00 AM,6,2,4
02/29/2016 06:00:00 AM,18,9,9
02/29/2016 07:00:00 AM,53,36,17
02/29/2016 08:00:00 AM,70,40,30
02/29/2016 09:00:00 AM,41,21,20
02/29/2016 10:00:00 AM,19,11,8
02/29/2016 11:00:00 AM,21,12,9
02/29/2016 12:00:00 PM,20,15,5
02/29/2016 01:00:00 PM,25,19,6
02/29/2016 02:00:00 PM,28,13,15
02/29/2016 03:00:00 PM,35,22,13
02/29/2016 04:00:00 PM,75,53,22
02/29/2016 05:00:00 PM,120,86,34
02/29/2016 06:00:00 PM,43,21,22
02/29/2016 07:00:00 PM,24,15,9
02/29/2016 08:00:00 PM,9,8,1
02/29/2016 09:00:00 PM,4,3,1
02/29/2016 10:00:00 PM,2,0,2
02/29/2016 11:00:00 PM,2,0,2
03/01/2016 12:00:00 AM,0,0,0
03/01/2016 01:00:00 AM,0,0,0
03/01/2016 02:00:00 AM,2,1,1
03/01/2016 03:00:00 AM,0,0,0
03/01/2016 04:00:00 AM,1,1,0
03/01/2016 05:00:00 AM,4,2,2
03/01/2016 06:00:00 AM,19,11,8
03/01/2016 07:00:00 AM,47,32,15
03/01/2016 08:00:00 AM,65,43,22
03/01/2016 09:00:00 AM,36,18,18
03/01/2016 10:00:00 AM,20,10,10
03/01/2016 11:00:00 AM,7,4,3
03/01/2016 12:00:00 PM,16,8,8
03/01/2016 01:00:00 PM,10,5,5
03/01/2016 02:00:00 PM,17,8,9
03/01/2016 03:00:00 PM,20,15,5
03/01/2016 04:00:00 PM,64,46,18
03/01/2016 05:00:00 PM,77,50,27
03/01/2016 06:00:00 PM,27,13,14
03/01/2016 07:00:00 PM,10,6,4
03/01/2016 08:00:00 PM,7,5,2
03/01/2016 09:00:00 PM,6,3,3
03/01/2016 10:00:00 PM,1,0,1
03/01/2016 11:00:00 PM,0,0,0
03/02/2016 12:00:00 AM,1,0,1
03/02/2016 01:00:00 AM,0,0,0
03/02/2016 02:00:00 AM,1,0,1
03/02/2016 03:00:00 AM,0,0,0
03/02/2016 04:00:00 AM,1,1,0
03/02/2016 05:00:00 AM,6,3,3
03/02/2016 06:00:00 AM,22,10,12
03/02/2016 07:00:00 AM,56,32,24
03/02/2016 08:00:00 AM,89,57,32
03/02/2016 09:00:00 AM,42,23,19
03/02/2016 10:00:00 AM,20,13,7
03/02/2016 11:00:00 AM,13,4,9
03/02/2016 12:00:00 PM,21,17,4
03/02/2016 01:00:00 PM,18,11,7
03/02/2016 02:00:00 PM,21,15,6
03/02/2016 03:00:00 PM,30,25,5
03/02/2016 04:00:00 PM,74,53,21
03/02/2016 05:00:00 PM,102,77,25
03/02/2016 06:00:00 PM,34,23,11
03/02/2016 07:00:00 PM,18,10,8
03/02/2016 08:00:00 PM,6,2,4
03/02/2016 09:00:00 PM,4,2,2
03/02/2016 10:00:00 PM,2,1,1
03/02/2016 11:00:00 PM,1,1,0
03/03/2016 12:00:00 AM,4,3,1
03/03/2016 01:00:00 AM,0,0,0
03/03/2016 02:00:00 AM,1,0,1
03/03/2016 03:00:00 AM,1,1,0
03/03/2016 04:00:00 AM,1,1,0
03/03/2016 05:00:00 AM,7,4,3
03/03/2016 06:00:00 AM,22,11,11
03/03/2016 07:00:00 AM,40,30,10
03/03/2016 08:00:00 AM,74,44,30
03/03/2016 09:00:00 AM,43,25,18
03/03/2016 10:00:00 AM,24,12,12
03/03/2016 11:00:00 AM,13,6,7
03/03/2016 12:00:00 PM,16,11,5
03/03/2016 01:00:00 PM,20,10,10
03/03/2016 02:00:00 PM,19,13,6
03/03/2016 03:00:00 PM,32,19,13
03/03/2016 04:00:00 PM,64,45,19
03/03/2016 05:00:00 PM,111,74,37
03/03/2016 06:00:00 PM,48,28,20
03/03/2016 07:00:00 PM,21,14,7
03/03/2016 08:00:00 PM,7,5,2
03/03/2016 09:00:00 PM,6,5,1
03/03/2016 10:00:00 PM,7,5,2
03/03/2016 11:00:00 PM,2,1,1
03/04/2016 12:00:00 AM,4,4,0
03/04/2016 01:00:00 AM,0,0,0
03/04/2016 02:00:00 AM,1,0,1
03/04/2016 03:00:00 AM,0,0,0
03/04/2016 04:00:00 AM,0,0,0
03/04/2016 05:00:00 AM,5,1,4
03/04/2016 06:00:00 AM,16,8,8
03/04/2016 07:00:00 AM,40,24,16
03/04/2016 08:00:00 AM,76,43,33
03/04/2016 09:00:00 AM,44,23,21
03/04/2016 10:00:00 AM,20,11,9
03/04/2016 11:00:00 AM,26,14,12
03/04/2016 12:00:00 PM,28,16,12
03/04/2016 01:00:00 PM,20,11,9
03/04/2016 02:00:00 PM,19,12,7
03/04/2016 03:00:00 PM,36,27,9
03/04/2016 04:00:00 PM,71,56,15
03/04/2016 05:00:00 PM,72,46,26
03/04/2016 06:00:00 PM,33,22,11
03/04/2016 07:00:00 PM,10,5,5
03/04/2016 08:00:00 PM,6,5,1
03/04/2016 09:00:00 PM,5,3,2
03/04/2016 10:00:00 PM,4,2,2
03/04/2016 11:00:00 PM,3,3,0
03/05/2016 12:00:00 AM,3,3,0
03/05/2016 01:00:00 AM,2,2,0
03/05/2016 02:00:00 AM,0,0,0
03/05/2016 03:00:00 AM,0,0,0
03/05/2016 04:00:00 AM,0,0,0
03/05/2016 05:00:00 AM,3,2,1
03/05/2016 06:00:00 AM,3,2,1
03/05/2016 07:00:00 AM,1,1,0
03/05/2016 08:00:00 AM,11,9,2
03/05/2016 09:00:00 AM,11,7,4
03/05/2016 10:00:00 AM,19,13,6
03/05/2016 11:00:00 AM,14,7,7
03/05/2016 12:00:00 PM,24,13,11
03/05/2016 01:00:00 PM,25,17,8
03/05/2016 02:00:00 PM,24,13,11
03/05/2016 03:00:00 PM,26,8,18
03/05/2016 04:00:00 PM,8,5,3
03/05/2016 05:00:00 PM,15,8,7
03/05/2016 06:00:00 PM,14,7,7
03/05/2016 07:00:00 PM,3,2,1
03/05/2016 08:00:00 PM,3,2,1
03/05/2016 09:00:00 PM,3,2,1
03/05/2016 10:00:00 PM,1,0,1
03/05/2016 11:00:00 PM,3,1,2
03/06/2016 12:00:00 AM,4,4,0
03/06/2016 01:00:00 AM,1,1,0
03/06/2016 02:00:00 AM,2,2,0
03/06/2016 03:00:00 AM,0,0,0
03/06/2016 04:00:00 AM,0,0,0
03/06/2016 05:00:00 AM,0,0,0
03/06/2016 06:00:00 AM,1,1,0
03/06/2016 07:00:00 AM,1,1,0
03/06/2016 08:00:00 AM,3,1,2
03/06/2016 09:00:00 AM,7,6,1
03/06/2016 10:00:00 AM,3,1,2
03/06/2016 11:00:00 AM,6,4,2
03/06/2016 12:00:00 PM,1,1,0
03/06/2016 01:00:00 PM,10,6,4
03/06/2016 02:00:00 PM,9,8,1
03/06/2016 03:00:00 PM,12,11,1
03/06/2016 04:00:00 PM,7,6,1
03/06/2016 05:00:00 PM,5,2,3
03/06/2016 06:00:00 PM,11,2,9
03/06/2016 07:00:00 PM,3,2,1
03/06/2016 08:00:00 PM,4,2,2
03/06/2016 09:00:00 PM,1,1,0
03/06/2016 10:00:00 PM,1,1,0
03/06/2016 11:00:00 PM,2,1,1
03/07/2016 12:00:00 AM,1,1,0
03/07/2016 01:00:00 AM,1,1,0
03/07/2016 02:00:00 AM,0,0,0
03/07/2016 03:00:00 AM,0,0,0
03/07/2016 04:00:00 AM,1,1,0
03/07/2016 05:00:00 AM,7,4,3
03/07/2016 06:00:00 AM,20,12,8
03/07/2016 07:00:00 AM,29,19,10
03/07/2016 08:00:00 AM,50,32,18
03/07/2016 09:00:00 AM,32,16,16
03/07/2016 10:00:00 AM,12,6,6
03/07/2016 11:00:00 AM,15,8,7
03/07/2016 12:00:00 PM,15,8,7
03/07/2016 01:00:00 PM,15,11,4
03/07/2016 02:00:00 PM,8,4,4
03/07/2016 03:00:00 PM,26,20,6
03/07/2016 04:00:00 PM,68,50,18
03/07/2016 05:00:00 PM,91,64,27
03/07/2016 06:00:00 PM,35,25,10
03/07/2016 07:00:00 PM,12,9,3
03/07/2016 08:00:00 PM,4,2,2
03/07/2016 09:00:00 PM,8,3,5
03/07/2016 10:00:00 PM,2,2,0
03/07/2016 11:00:00 PM,2,0,2
03/08/2016 12:00:00 AM,1,0,1
03/08/2016 01:00:00 AM,0,0,0
03/08/2016 02:00:00 AM,2,1,1
03/08/2016 03:00:00 AM,0,0,0
03/08/2016 04:00:00 AM,0,0,0
03/08/2016 05:00:00 AM,7,3,4
03/08/2016 06:00:00 AM,25,16,9
03/08/2016 07:00:00 AM,62,39,23
03/08/2016 08:00:00 AM,78,51,27
03/08/2016 09:00:00 AM,49,32,17
03/08/2016 10:00:00 AM,28,16,12
03/08/2016 11:00:00 AM,23,12,11
03/08/2016 12:00:00 PM,28,15,13
03/08/2016 01:00:00 PM,20,9,11
03/08/2016 02:00:00 PM,16,5,11
03/08/2016 03:00:00 PM,38,23,15
03/08/2016 04:00:00 PM,79,63,16
03/08/2016 05:00:00 PM,102,73,29
03/08/2016 06:00:00 PM,41,26,15
03/08/2016 07:00:00 PM,17,10,7
03/08/2016 08:00:00 PM,8,6,2
03/08/2016 09:00:00 PM,5,3,2
03/08/2016 10:00:00 PM,1,0,1
03/08/2016 11:00:00 PM,0,0,0
03/09/2016 12:00:00 AM,0,0,0
03/09/2016 01:00:00 AM,0,0,0
03/09/2016 02:00:00 AM,3,2,1
03/09/2016 03:00:00 AM,0,0,0
03/09/2016 04:00:00 AM,0,0,0
03/09/2016 05:00:00 AM,5,2,3
03/09/2016 06:00:00 AM,17,12,5
03/09/2016 07:00:00 AM,46,31,15
03/09/2016 08:00:00 AM,58,37,21
03/09/2016 09:00:00 AM,47,32,15
03/09/2016 10:00:00 AM,19,10,9
03/09/2016 11:00:00 AM,14,8,6
03/09/2016 12:00:00 PM,12,7,5
03/09/2016 01:00:00 PM,16,9,7
03/09/2016 02:00:00 PM,12,7,5
03/09/2016 03:00:00 PM,21,18,3
03/09/2016 04:00:00 PM,49,35,14
03/09/2016 05:00:00 PM,67,51,16
03/09/2016 06:00:00 PM,22,11,11
03/09/2016 07:00:00 PM,12,6,6
03/09/2016 08:00:00 PM,7,6,1
03/09/2016 09:00:00 PM,3,2,1
03/09/2016 10:00:00 PM,0,0,0
03/09/2016 11:00:00 PM,1,1,0
03/10/2016 12:00:00 AM,3,2,1
03/10/2016 01:00:00 AM,0,0,0
03/10/2016 02:00:00 AM,1,0,1
03/10/2016 03:00:00 AM,1,1,0
03/10/2016 04:00:00 AM,0,0,0
03/10/2016 05:00:00 AM,5,1,4
03/10/2016 06:00:00 AM,20,8,12
03/10/2016 07:00:00 AM,30,15,15
03/10/2016 08:00:00 AM,58,34,24
03/10/2016 09:00:00 AM,36,25,11
03/10/2016 10:00:00 AM,20,11,9
03/10/2016 11:00:00 AM,10,6,4
03/10/2016 12:00:00 PM,18,11,7
03/10/2016 01:00:00 PM,23,13,10
03/10/2016 02:00:00 PM,18,15,3
03/10/2016 03:00:00 PM,27,20,7
03/10/2016 04:00:00 PM,48,31,17
03/10/2016 05:00:00 PM,71,52,19
03/10/2016 06:00:00 PM,38,26,12
03/10/2016 07:00:00 PM,9,5,4
03/10/2016 08:00:00 PM,8,5,3
03/10/2016 09:00:00 PM,5,3,2
03/10/2016 10:00:00 PM,3,3,0
03/10/2016 11:00:00 PM,1,0,1
03/11/2016 12:00:00 AM,2,1,1
03/11/2016 01:00:00 AM,0,0,0
03/11/2016 02:00:00 AM,1,0,1
03/11/2016 03:00:00 AM,0,0,0
03/11/2016 04:00:00 AM,0,0,0
03/11/2016 05:00:00 AM,2,0,2
03/11/2016 06:00:00 AM,16,7,9
03/11/2016 07:00:00 AM,50,33,17
03/11/2016 08:00:00 AM,72,50,22
03/11/2016 09:00:00 AM,50,26,24
03/11/2016 10:00:00 AM,30,18,12
03/11/2016 11:00:00 AM,18,9,9
03/11/2016 12:00:00 PM,18,9,9
03/11/2016 01:00:00 PM,21,15,6
03/11/2016 02:00:00 PM,14,8,6
03/11/2016 03:00:00 PM,39,31,8
03/11/2016 04:00:00 PM,57,40,17
03/11/2016 05:00:00 PM,76,60,16
03/11/2016 06:00:00 PM,30,18,12
03/11/2016 07:00:00 PM,10,3,7
03/11/2016 08:00:00 PM,12,6,6
03/11/2016 09:00:00 PM,1,1,0
03/11/2016 10:00:00 PM,4,3,1
03/11/2016 11:00:00 PM,2,0,2
03/12/2016 12:00:00 AM,2,2,0
03/12/2016 01:00:00 AM,0,0,0
03/12/2016 02:00:00 AM,0,0,0
03/12/2016 03:00:00 AM,1,1,0
03/12/2016 04:00:00 AM,1,1,0
03/12/2016 05:00:00 AM,0,0,0
03/12/2016 06:00:00 AM,0,0,0
03/12/2016 07:00:00 AM,2,1,1
03/12/2016 08:00:00 AM,7,4,3
03/12/2016 09:00:00 AM,3,2,1
03/12/2016 10:00:00 AM,5,4,1
03/12/2016 11:00:00 AM,9,7,2
03/12/2016 12:00:00 PM,9,3,6
03/12/2016 01:00:00 PM,12,3,9
03/12/2016 02:00:00 PM,18,17,1
03/12/2016 03:00:00 PM,13,9,4
03/12/2016 04:00:00 PM,3,2,1
03/12/2016 05:00:00 PM,9,7,2
03/12/2016 06:00:00 PM,9,8,1
03/12/2016 07:00:00 PM,5,5,0
03/12/2016 08:00:00 PM,7,5,2
03/12/2016 09:00:00 PM,1,1,0
03/12/2016 10:00:00 PM,1,0,1
03/12/2016 11:00:00 PM,4,2,2
03/13/2016 12:00:00 AM,0,0,0
03/13/2016 01:00:00 AM,0,0,0
03/13/2016 02:00:00 AM,0,0,0
03/13/2016 03:00:00 AM,0,0,0
03/13/2016 04:00:00 AM,0,0,0
03/13/2016 05:00:00 AM,0,0,0
03/13/2016 06:00:00 AM,0,0,0
03/13/2016 07:00:00 AM,1,1,0
03/13/2016 08:00:00 AM,2,0,2
03/13/2016 09:00:00 AM,2,0,2
03/13/2016 10:00:00 AM,1,1,0
03/13/2016 11:00:00 AM,5,2,3
03/13/2016 12:00:00 PM,8,4,4
03/13/2016 01:00:00 PM,4,3,1
03/13/2016 02:00:00 PM,5,5,0
03/13/2016 03:00:00 PM,4,2,2
03/13/2016 04:00:00 PM,9,6,3
03/13/2016 05:00:00 PM,4,1,3
03/13/2016 06:00:00 PM,5,2,3
03/13/2016 07:00:00 PM,2,2,0
03/13/2016 08:00:00 PM,3,2,1
03/13/2016 09:00:00 PM,4,2,2
03/13/2016 10:00:00 PM,2,0,2
03/13/2016 11:00:00 PM,3,2,1
03/14/2016 12:00:00 AM,0,0,0
03/14/2016 01:00:00 AM,0,0,0
03/14/2016 02:00:00 AM,0,0,0
03/14/2016 03:00:00 AM,0,0,0
03/14/2016 04:00:00 AM,0,0,0
03/14/2016 05:00:00 AM,5,2,3
03/14/2016 06:00:00 AM,15,8,7
03/14/2016 07:00:00 AM,35,19,16
03/14/2016 08:00:00 AM,58,34,24
03/14/2016 09:00:00 AM,45,23,22
03/14/2016 10:00:00 AM,18,7,11
03/14/2016 11:00:00 AM,14,8,6
03/14/2016 12:00:00 PM,16,10,6
03/14/2016 01:00:00 PM,15,5,10
03/14/2016 02:00:00 PM,17,7,10
03/14/2016 03:00:00 PM,24,15,9
03/14/2016 04:00:00 PM,45,33,12
03/14/2016 05:00:00 PM,85,68,17
03/14/2016 06:00:00 PM,46,24,22
03/14/2016 07:00:00 PM,12,7,5
03/14/2016 08:00:00 PM,4,2,2
03/14/2016 09:00:00 PM,4,3,1
03/14/2016 10:00:00 PM,3,0,3
03/14/2016 11:00:00 PM,3,2,1
03/15/2016 12:00:00 AM,1,0,1
03/15/2016 01:00:00 AM,5,0,5
03/15/2016 02:00:00 AM,2,1,1
03/15/2016 03:00:00 AM,0,0,0
03/15/2016 04:00:00 AM,1,0,1
03/15/2016 05:00:00 AM,5,3,2
03/15/2016 06:00:00 AM,21,11,10
03/15/2016 07:00:00 AM,37,24,13
03/15/2016 08:00:00 AM,73,48,25
03/15/2016 09:00:00 AM,47,26,21
03/15/2016 10:00:00 AM,26,21,5
03/15/2016 11:00:00 AM,9,3,6
03/15/2016 12:00:00 PM,17,9,8
03/15/2016 01:00:00 PM,19,13,6
03/15/2016 02:00:00 PM,21,9,12
03/15/2016 03:00:00 PM,42,27,15
03/15/2016 04:00:00 PM,64,45,19
03/15/2016 05:00:00 PM,109,78,31
03/15/2016 06:00:00 PM,45,25,20
03/15/2016 07:00:00 PM,14,11,3
03/15/2016 08:00:00 PM,6,5,1
03/15/2016 09:00:00 PM,5,1,4
03/15/2016 10:00:00 PM,2,1,1
03/15/2016 11:00:00 PM,0,0,0
03/16/2016 12:00:00 AM,1,1,0
03/16/2016 01:00:00 AM,0,0,0
03/16/2016 02:00:00 AM,2,1,1
03/16/2016 03:00:00 AM,0,0,0
03/16/2016 04:00:00 AM,0,0,0
03/16/2016 05:00:00 AM,4,1,3
03/16/2016 06:00:00 AM,30,16,14
03/16/2016 07:00:00 AM,55,38,17
03/16/2016 08:00:00 AM,90,50,40
03/16/2016 09:00:00 AM,54,28,26
03/16/2016 10:00:00 AM,27,15,12
03/16/2016 11:00:00 AM,27,20,7
03/16/2016 12:00:00 PM,24,11,13
03/16/2016 01:00:00 PM,16,10,6
03/16/2016 02:00:00 PM,17,10,7
03/16/2016 03:00:00 PM,43,28,15
03/16/2016 04:00:00 PM,81,58,23
03/16/2016 05:00:00 PM,135,98,37
03/16/2016 06:00:00 PM,53,31,22
03/16/2016 07:00:00 PM,23,12,11
03/16/2016 08:00:00 PM,6,4,2
03/16/2016 09:00:00 PM,7,4,3
03/16/2016 10:00:00 PM,6,4,2
03/16/2016 11:00:00 PM,0,0,0
03/17/2016 12:00:00 AM,1,1,0
03/17/2016 01:00:00 AM,0,0,0
03/17/2016 02:00:00 AM,2,1,1
03/17/2016 03:00:00 AM,0,0,0
03/17/2016 04:00:00 AM,1,1,0
03/17/2016 05:00:00 AM,4,1,3
03/17/2016 06:00:00 AM,31,21,10
03/17/2016 07:00:00 AM,79,56,23
03/17/2016 08:00:00 AM,95,53,42
03/17/2016 09:00:00 AM,48,27,21
03/17/2016 10:00:00 AM,23,17,6
03/17/2016 11:00:00 AM,13,8,5
03/17/2016 12:00:00 PM,21,9,12
03/17/2016 01:00:00 PM,27,10,17
03/17/2016 02:00:00 PM,29,23,6
03/17/2016 03:00:00 PM,39,27,12
03/17/2016 04:00:00 PM,79,62,17
03/17/2016 05:00:00 PM,138,86,52
03/17/2016 06:00:00 PM,55,34,21
03/17/2016 07:00:00 PM,26,14,12
03/17/2016 08:00:00 PM,5,4,1
03/17/2016 09:00:00 PM,7,6,1
03/17/2016 10:00:00 PM,5,3,2
03/17/2016 11:00:00 PM,3,1,2
03/18/2016 12:00:00 AM,3,2,1
03/18/2016 01:00:00 AM,0,0,0
03/18/2016 02:00:00 AM,2,0,2
03/18/2016 03:00:00 AM,1,1,0
03/18/2016 04:00:00 AM,0,0,0
03/18/2016 05:00:00 AM,4,1,3
03/18/2016 06:00:00 AM,19,10,9
03/18/2016 07:00:00 AM,55,36,19
03/18/2016 08:00:00 AM,84,57,27
03/18/2016 09:00:00 AM,43,27,16
03/18/2016 10:00:00 AM,27,17,10
03/18/2016 11:00:00 AM,23,14,9
03/18/2016 12:00:00 PM,32,22,10
03/18/2016 01:00:00 PM,22,14,8
03/18/2016 02:00:00 PM,31,24,7
03/18/2016 03:00:00 PM,48,25,23
03/18/2016 04:00:00 PM,89,59,30
03/18/2016 05:00:00 PM,88,60,28
03/18/2016 06:00:00 PM,29,20,9
03/18/2016 07:00:00 PM,25,11,14
03/18/2016 08:00:00 PM,7,4,3
03/18/2016 09:00:00 PM,6,4,2
03/18/2016 10:00:00 PM,3,1,2
03/18/2016 11:00:00 PM,7,5,2
03/19/2016 12:00:00 AM,3,2,1
03/19/2016 01:00:00 AM,2,1,1
03/19/2016 02:00:00 AM,0,0,0
03/19/2016 03:00:00 AM,0,0,0
03/19/2016 04:00:00 AM,1,1,0
03/19/2016 05:00:00 AM,0,0,0
03/19/2016 06:00:00 AM,1,0,1
03/19/2016 07:00:00 AM,3,2,1
03/19/2016 08:00:00 AM,11,6,5
03/19/2016 09:00:00 AM,3,2,1
03/19/2016 10:00:00 AM,7,4,3
03/19/2016 11:00:00 AM,18,7,11
03/19/2016 12:00:00 PM,22,6,16
03/19/2016 01:00:00 PM,14,7,7
03/19/2016 02:00:00 PM,16,13,3
03/19/2016 03:00:00 PM,8,2,6
03/19/2016 04:00:00 PM,16,8,8
03/19/2016 05:00:00 PM,20,13,7
03/19/2016 06:00:00 PM,14,13,1
03/19/2016 07:00:00 PM,8,4,4
03/19/2016 08:00:00 PM,3,2,1
03/19/2016 09:00:00 PM,13,1,12
03/19/2016 10:00:00 PM,7,5,2
03/19/2016 11:00:00 PM,4,1,3
03/20/2016 12:00:00 AM,5,4,1
03/20/2016 01:00:00 AM,3,2,1
03/20/2016 02:00:00 AM,0,0,0
03/20/2016 03:00:00 AM,1,1,0
03/20/2016 04:00:00 AM,0,0,0
03/20/2016 05:00:00 AM,0,0,0
03/20/2016 06:00:00 AM,1,1,0
03/20/2016 07:00:00 AM,0,0,0
03/20/2016 08:00:00 AM,6,5,1
03/20/2016 09:00:00 AM,12,6,6
03/20/2016 10:00:00 AM,7,6,1
03/20/2016 11:00:00 AM,9,5,4
03/20/2016 12:00:00 PM,7,4,3
03/20/2016 01:00:00 PM,5,2,3
03/20/2016 02:00:00 PM,8,4,4
03/20/2016 03:00:00 PM,7,5,2
03/20/2016 04:00:00 PM,8,7,1
03/20/2016 05:00:00 PM,4,2,2
03/20/2016 06:00:00 PM,5,5,0
03/20/2016 07:00:00 PM,8,7,1
03/20/2016 08:00:00 PM,7,3,4
03/20/2016 09:00:00 PM,2,1,1
03/20/2016 10:00:00 PM,3,1,2
03/20/2016 11:00:00 PM,2,0,2
03/21/2016 12:00:00 AM,1,1,0
03/21/2016 01:00:00 AM,1,1,0
03/21/2016 02:00:00 AM,1,1,0
03/21/2016 03:00:00 AM,4,0,4
03/21/2016 04:00:00 AM,1,0,1
03/21/2016 05:00:00 AM,3,1,2
03/21/2016 06:00:00 AM,11,6,5
03/21/2016 07:00:00 AM,38,22,16
03/21/2016 08:00:00 AM,67,42,25
03/21/2016 09:00:00 AM,37,20,17
03/21/2016 10:00:00 AM,13,6,7
03/21/2016 11:00:00 AM,6,3,3
03/21/2016 12:00:00 PM,13,7,6
03/21/2016 01:00:00 PM,8,4,4
03/21/2016 02:00:00 PM,17,8,9
03/21/2016 03:00:00 PM,23,16,7
03/21/2016 04:00:00 PM,55,42,13
03/21/2016 05:00:00 PM,79,58,21
03/21/2016 06:00:00 PM,40,19,21
03/21/2016 07:00:00 PM,10,6,4
03/21/2016 08:00:00 PM,4,3,1
03/21/2016 09:00:00 PM,6,4,2
03/21/2016 10:00:00 PM,0,0,0
03/21/2016 11:00:00 PM,3,2,1
03/22/2016 12:00:00 AM,1,1,0
03/22/2016 01:00:00 AM,1,1,0
03/22/2016 02:00:00 AM,0,0,0
03/22/2016 03:00:00 AM,0,0,0
03/22/2016 04:00:00 AM,1,0,1
03/22/2016 05:00:00 AM,2,0,2
03/22/2016 06:00:00 AM,29,21,8
03/22/2016 07:00:00 AM,61,38,23
03/22/2016 08:00:00 AM,75,53,22
03/22/2016 09:00:00 AM,38,22,16
03/22/2016 10:00:00 AM,12,7,5
03/22/2016 11:00:00 AM,17,14,3
03/22/2016 12:00:00 PM,16,7,9
03/22/2016 01:00:00 PM,15,7,8
03/22/2016 02:00:00 PM,22,16,6
03/22/2016 03:00:00 PM,45,29,16
03/22/2016 04:00:00 PM,59,38,21
03/22/2016 05:00:00 PM,116,77,39
03/22/2016 06:00:00 PM,37,27,10
03/22/2016 07:00:00 PM,19,15,4
03/22/2016 08:00:00 PM,9,3,6
03/22/2016 09:00:00 PM,5,5,0
03/22/2016 10:00:00 PM,3,2,1
03/22/2016 11:00:00 PM,0,0,0
03/23/2016 12:00:00 AM,1,1,0
03/23/2016 01:00:00 AM,1,1,0
03/23/2016 02:00:00 AM,3,3,0
03/23/2016 03:00:00 AM,1,1,0
03/23/2016 04:00:00 AM,1,0,1
03/23/2016 05:00:00 AM,5,0,5
03/23/2016 06:00:00 AM,19,13,6
03/23/2016 07:00:00 AM,44,29,15
03/23/2016 08:00:00 AM,70,41,29
03/23/2016 09:00:00 AM,35,26,9
03/23/2016 10:00:00 AM,25,16,9
03/23/2016 11:00:00 AM,13,5,8
03/23/2016 12:00:00 PM,14,9,5
03/23/2016 01:00:00 PM,11,8,3
03/23/2016 02:00:00 PM,24,14,10
03/23/2016 03:00:00 PM,40,26,14
03/23/2016 04:00:00 PM,82,60,22
03/23/2016 05:00:00 PM,106,78,28
03/23/2016 06:00:00 PM,30,23,7
03/23/2016 07:00:00 PM,19,12,7
03/23/2016 08:00:00 PM,9,3,6
03/23/2016 09:00:00 PM,5,4,1
03/23/2016 10:00:00 PM,1,0,1
03/23/2016 11:00:00 PM,1,1,0
03/24/2016 12:00:00 AM,2,2,0
03/24/2016 01:00:00 AM,1,0,1
03/24/2016 02:00:00 AM,0,0,0
03/24/2016 03:00:00 AM,0,0,0
03/24/2016 04:00:00 AM,0,0,0
03/24/2016 05:00:00 AM,3,0,3
03/24/2016 06:00:00 AM,18,12,6
03/24/2016 07:00:00 AM,48,32,16
03/24/2016 08:00:00 AM,77,53,24
03/24/2016 09:00:00 AM,48,29,19
03/24/2016 10:00:00 AM,23,14,9
03/24/2016 11:00:00 AM,15,10,5
03/24/2016 12:00:00 PM,15,9,6
03/24/2016 01:00:00 PM,22,13,9
03/24/2016 02:00:00 PM,24,15,9
03/24/2016 03:00:00 PM,21,11,10
03/24/2016 04:00:00 PM,75,58,17
03/24/2016 05:00:00 PM,85,54,31
03/24/2016 06:00:00 PM,45,26,19
03/24/2016 07:00:00 PM,17,14,3
03/24/2016 08:00:00 PM,8,6,2
03/24/2016 09:00:00 PM,6,4,2
03/24/2016 10:00:00 PM,4,3,1
03/24/2016 11:00:00 PM,4,2,2
03/25/2016 12:00:00 AM,3,2,1
03/25/2016 01:00:00 AM,0,0,0
03/25/2016 02:00:00 AM,0,0,0
03/25/2016 03:00:00 AM,0,0,0
03/25/2016 04:00:00 AM,1,0,1
03/25/2016 05:00:00 AM,0,0,0
03/25/2016 06:00:00 AM,27,15,12
03/25/2016 07:00:00 AM,41,27,14
03/25/2016 08:00:00 AM,69,40,29
03/25/2016 09:00:00 AM,45,26,19
03/25/2016 10:00:00 AM,23,17,6
03/25/2016 11:00:00 AM,30,25,5
03/25/2016 12:00:00 PM,27,20,7
03/25/2016 01:00:00 PM,27,14,13
03/25/2016 02:00:00 PM,29,26,3
03/25/2016 03:00:00 PM,46,34,12
03/25/2016 04:00:00 PM,94,68,26
03/25/2016 05:00:00 PM,83,58,25
03/25/2016 06:00:00 PM,42,30,12
03/25/2016 07:00:00 PM,12,8,4
03/25/2016 08:00:00 PM,19,8,11
03/25/2016 09:00:00 PM,22,6,16
03/25/2016 10:00:00 PM,9,1,8
03/25/2016 11:00:00 PM,6,3,3
03/26/2016 12:00:00 AM,4,4,0
03/26/2016 01:00:00 AM,2,2,0
03/26/2016 02:00:00 AM,1,1,0
03/26/2016 03:00:00 AM,0,0,0
03/26/2016 04:00:00 AM,0,0,0
03/26/2016 05:00:00 AM,0,0,0
03/26/2016 06:00:00 AM,1,1,0
03/26/2016 07:00:00 AM,0,0,0
03/26/2016 08:00:00 AM,5,4,1
03/26/2016 09:00:00 AM,5,1,4
03/26/2016 10:00:00 AM,4,2,2
03/26/2016 11:00:00 AM,12,8,4
03/26/2016 12:00:00 PM,12,7,5
03/26/2016 01:00:00 PM,18,7,11
03/26/2016 02:00:00 PM,13,5,8
03/26/2016 03:00:00 PM,14,6,8
03/26/2016 04:00:00 PM,12,10,2
03/26/2016 05:00:00 PM,2,2,0
03/26/2016 06:00:00 PM,7,3,4
03/26/2016 07:00:00 PM,5,4,1
03/26/2016 08:00:00 PM,0,0,0
03/26/2016 09:00:00 PM,3,2,1
03/26/2016 10:00:00 PM,9,6,3
03/26/2016 11:00:00 PM,4,1,3
03/27/2016 12:00:00 AM,1,1,0
03/27/2016 01:00:00 AM,3,2,1
03/27/2016 02:00:00 AM,4,2,2
03/27/2016 03:00:00 AM,0,0,0
03/27/2016 04:00:00 AM,1,1,0
03/27/2016 05:00:00 AM,0,0,0
03/27/2016 06:00:00 AM,1,1,0
03/27/2016 07:00:00 AM,1,1,0
03/27/2016 08:00:00 AM,2,0,2
03/27/2016 09:00:00 AM,2,2,0
03/27/2016 10:00:00 AM,3,3,0
03/27/2016 11:00:00 AM,2,1,1
03/27/2016 12:00:00 PM,2,1,1
03/27/2016 01:00:00 PM,8,4,4
03/27/2016 02:00:00 PM,3,2,1
03/27/2016 03:00:00 PM,5,4,1
03/27/2016 04:00:00 PM,2,2,0
03/27/2016 05:00:00 PM,9,5,4
03/27/2016 06:00:00 PM,2,1,1
03/27/2016 07:00:00 PM,1,0,1
03/27/2016 08:00:00 PM,1,0,1
03/27/2016 09:00:00 PM,3,2,1
03/27/2016 10:00:00 PM,0,0,0
03/27/2016 11:00:00 PM,0,0,0
03/28/2016 12:00:00 AM,2,2,0
03/28/2016 01:00:00 AM,0,0,0
03/28/2016 02:00:00 AM,2,2,0
03/28/2016 03:00:00 AM,0,0,0
03/28/2016 04:00:00 AM,1,1,0
03/28/2016 05:00:00 AM,5,1,4
03/28/2016 06:00:00 AM,21,14,7
03/28/2016 07:00:00 AM,56,34,22
03/28/2016 08:00:00 AM,86,49,37
03/28/2016 09:00:00 AM,47,26,21
03/28/2016 10:00:00 AM,11,6,5
03/28/2016 11:00:00 AM,10,3,7
03/28/2016 12:00:00 PM,18,11,7
03/28/2016 01:00:00 PM,11,6,5
03/28/2016 02:00:00 PM,21,12,9
03/28/2016 03:00:00 PM,25,16,9
03/28/2016 04:00:00 PM,67,51,16
03/28/2016 05:00:00 PM,105,75,30
03/28/2016 06:00:00 PM,47,33,14
03/28/2016 07:00:00 PM,23,15,8
03/28/2016 08:00:00 PM,11,8,3
03/28/2016 09:00:00 PM,6,5,1
03/28/2016 10:00:00 PM,3,2,1
03/28/2016 11:00:00 PM,1,0,1
03/29/2016 12:00:00 AM,2,2,0
03/29/2016 01:00:00 AM,2,1,1
03/29/2016 02:00:00 AM,2,2,0
03/29/2016 03:00:00 AM,0,0,0
03/29/2016 04:00:00 AM,0,0,0
03/29/2016 05:00:00 AM,9,2,7
03/29/2016 06:00:00 AM,26,18,8
03/29/2016 07:00:00 AM,70,42,28
03/29/2016 08:00:00 AM,106,73,33
03/29/2016 09:00:00 AM,48,22,26
03/29/2016 10:00:00 AM,12,5,7
03/29/2016 11:00:00 AM,29,16,13
03/29/2016 12:00:00 PM,20,13,7
03/29/2016 01:00:00 PM,19,11,8
03/29/2016 02:00:00 PM,31,19,12
03/29/2016 03:00:00 PM,39,31,8
03/29/2016 04:00:00 PM,78,54,24
03/29/2016 05:00:00 PM,118,77,41
03/29/2016 06:00:00 PM,58,31,27
03/29/2016 07:00:00 PM,29,20,9
03/29/2016 08:00:00 PM,12,6,6
03/29/2016 09:00:00 PM,8,2,6
03/29/2016 10:00:00 PM,5,5,0
03/29/2016 11:00:00 PM,3,1,2
03/30/2016 12:00:00 AM,2,1,1
03/30/2016 01:00:00 AM,0,0,0
03/30/2016 02:00:00 AM,0,0,0
03/30/2016 03:00:00 AM,0,0,0
03/30/2016 04:00:00 AM,0,0,0
03/30/2016 05:00:00 AM,8,3,5
03/30/2016 06:00:00 AM,32,21,11
03/30/2016 07:00:00 AM,62,42,20
03/30/2016 08:00:00 AM,132,87,45
03/30/2016 09:00:00 AM,53,35,18
03/30/2016 10:00:00 AM,26,17,9
03/30/2016 11:00:00 AM,14,9,5
03/30/2016 12:00:00 PM,29,13,16
03/30/2016 01:00:00 PM,26,16,10
03/30/2016 02:00:00 PM,33,19,14
03/30/2016 03:00:00 PM,41,26,15
03/30/2016 04:00:00 PM,97,71,26
03/30/2016 05:00:00 PM,150,95,55
03/30/2016 06:00:00 PM,54,38,16
03/30/2016 07:00:00 PM,18,10,8
03/30/2016 08:00:00 PM,16,11,5
03/30/2016 09:00:00 PM,8,6,2
03/30/2016 10:00:00 PM,5,5,0
03/30/2016 11:00:00 PM,3,2,1
03/31/2016 12:00:00 AM,2,2,0
03/31/2016 01:00:00 AM,0,0,0
03/31/2016 02:00:00 AM,0,0,0
03/31/2016 03:00:00 AM,0,0,0
03/31/2016 04:00:00 AM,1,1,0
03/31/2016 05:00:00 AM,7,2,5
03/31/2016 06:00:00 AM,30,16,14
03/31/2016 07:00:00 AM,77,48,29
03/31/2016 08:00:00 AM,94,58,36
03/31/2016 09:00:00 AM,52,28,24
03/31/2016 10:00:00 AM,22,8,14
03/31/2016 11:00:00 AM,19,13,6
03/31/2016 12:00:00 PM,19,10,9
03/31/2016 01:00:00 PM,20,12,8
03/31/2016 02:00:00 PM,30,20,10
03/31/2016 03:00:00 PM,49,37,12
03/31/2016 04:00:00 PM,106,76,30
03/31/2016 05:00:00 PM,137,95,42
03/31/2016 06:00:00 PM,66,39,27
03/31/2016 07:00:00 PM,11,8,3
03/31/2016 08:00:00 PM,17,14,3
03/31/2016 09:00:00 PM,4,3,1
03/31/2016 10:00:00 PM,8,4,4
03/31/2016 11:00:00 PM,5,3,2
04/01/2016 12:00:00 AM,2,2,0
04/01/2016 01:00:00 AM,0,0,0
04/01/2016 02:00:00 AM,2,1,1
04/01/2016 03:00:00 AM,0,0,0
04/01/2016 04:00:00 AM,1,0,1
04/01/2016 05:00:00 AM,3,1,2
04/01/2016 06:00:00 AM,24,13,11
04/01/2016 07:00:00 AM,50,28,22
04/01/2016 08:00:00 AM,85,57,28
04/01/2016 09:00:00 AM,38,30,8
04/01/2016 10:00:00 AM,20,13,7
04/01/2016 11:00:00 AM,12,7,5
04/01/2016 12:00:00 PM,39,29,10
04/01/2016 01:00:00 PM,31,17,14
04/01/2016 02:00:00 PM,29,18,11
04/01/2016 03:00:00 PM,58,44,14
04/01/2016 04:00:00 PM,86,57,29
04/01/2016 05:00:00 PM,106,79,27
04/01/2016 06:00:00 PM,45,24,21
04/01/2016 07:00:00 PM,12,7,5
04/01/2016 08:00:00 PM,13,7,6
04/01/2016 09:00:00 PM,10,4,6
04/01/2016 10:00:00 PM,6,1,5
04/01/2016 11:00:00 PM,1,1,0
04/02/2016 12:00:00 AM,0,0,0
04/02/2016 01:00:00 AM,0,0,0
04/02/2016 02:00:00 AM,0,0,0
04/02/2016 03:00:00 AM,0,0,0
04/02/2016 04:00:00 AM,0,0,0
04/02/2016 05:00:00 AM,0,0,0
04/02/2016 06:00:00 AM,0,0,0
04/02/2016 07:00:00 AM,0,0,0
04/02/2016 08:00:00 AM,0,0,0
04/02/2016 09:00:00 AM,0,0,0
04/02/2016 10:00:00 AM,0,0,0
04/02/2016 11:00:00 AM,0,0,0
04/02/2016 12:00:00 PM,0,0,0
04/02/2016 01:00:00 PM,0,0,0
04/02/2016 02:00:00 PM,0,0,0
04/02/2016 03:00:00 PM,0,0,0
04/02/2016 04:00:00 PM,0,0,0
04/02/2016 05:00:00 PM,0,0,0
04/02/2016 06:00:00 PM,0,0,0
04/02/2016 07:00:00 PM,0,0,0
04/02/2016 08:00:00 PM,1,1,0
04/02/2016 09:00:00 PM,0,0,0
04/02/2016 10:00:00 PM,0,0,0
04/02/2016 11:00:00 PM,0,0,0
04/03/2016 12:00:00 AM,0,0,0
04/03/2016 01:00:00 AM,0,0,0
04/03/2016 02:00:00 AM,0,0,0
04/03/2016 03:00:00 AM,0,0,0
04/03/2016 04:00:00 AM,0,0,0
04/03/2016 05:00:00 AM,0,0,0
04/03/2016 06:00:00 AM,0,0,0
04/03/2016 07:00:00 AM,0,0,0
04/03/2016 08:00:00 AM,1,0,1
04/03/2016 09:00:00 AM,0,0,0
04/03/2016 10:00:00 AM,0,0,0
04/03/2016 11:00:00 AM,0,0,0
04/03/2016 12:00:00 PM,0,0,0
04/03/2016 01:00:00 PM,0,0,0
04/03/2016 02:00:00 PM,0,0,0
04/03/2016 03:00:00 PM,0,0,0
04/03/2016 04:00:00 PM,0,0,0
04/03/2016 05:00:00 PM,0,0,0
04/03/2016 06:00:00 PM,0,0,0
04/03/2016 07:00:00 PM,0,0,0
04/03/2016 08:00:00 PM,0,0,0
04/03/2016 09:00:00 PM,0,0,0
04/03/2016 10:00:00 PM,0,0,0
04/03/2016 11:00:00 PM,0,0,0
04/04/2016 12:00:00 AM,0,0,0
04/04/2016 01:00:00 AM,0,0,0
04/04/2016 02:00:00 AM,0,0,0
04/04/2016 03:00:00 AM,0,0,0
04/04/2016 04:00:00 AM,0,0,0
04/04/2016 05:00:00 AM,0,0,0
04/04/2016 06:00:00 AM,0,0,0
04/04/2016 07:00:00 AM,0,0,0
04/04/2016 08:00:00 AM,0,0,0
04/04/2016 09:00:00 AM,0,0,0
04/04/2016 10:00:00 AM,0,0,0
04/04/2016 11:00:00 AM,9,5,4
04/04/2016 12:00:00 PM,23,7,16
04/04/2016 01:00:00 PM,15,9,6
04/04/2016 02:00:00 PM,20,9,11
04/04/2016 03:00:00 PM,21,17,4
04/04/2016 04:00:00 PM,63,43,20
04/04/2016 05:00:00 PM,97,67,30
04/04/2016 06:00:00 PM,31,22,9
04/04/2016 07:00:00 PM,23,14,9
04/04/2016 08:00:00 PM,9,6,3
04/04/2016 09:00:00 PM,6,5,1
04/04/2016 10:00:00 PM,5,4,1
04/04/2016 11:00:00 PM,3,2,1
04/05/2016 12:00:00 AM,1,1,0
04/05/2016 01:00:00 AM,0,0,0
04/05/2016 02:00:00 AM,2,1,1
04/05/2016 03:00:00 AM,0,0,0
04/05/2016 04:00:00 AM,3,3,0
04/05/2016 05:00:00 AM,14,7,7
04/05/2016 06:00:00 AM,24,12,12
04/05/2016 07:00:00 AM,74,47,27
04/05/2016 08:00:00 AM,82,65,17
04/05/2016 09:00:00 AM,28,15,13
04/05/2016 10:00:00 AM,12,10,2
04/05/2016 11:00:00 AM,9,6,3
04/05/2016 12:00:00 PM,15,6,9
04/05/2016 01:00:00 PM,10,4,6
04/05/2016 02:00:00 PM,10,8,2
04/05/2016 03:00:00 PM,34,21,13
04/05/2016 04:00:00 PM,43,30,13
04/05/2016 05:00:00 PM,91,72,19
04/05/2016 06:00:00 PM,37,23,14
04/05/2016 07:00:00 PM,14,10,4
04/05/2016 08:00:00 PM,11,10,1
04/05/2016 09:00:00 PM,2,0,2
04/05/2016 10:00:00 PM,0,0,0
04/05/2016 11:00:00 PM,1,0,1
04/06/2016 12:00:00 AM,1,1,0
04/06/2016 01:00:00 AM,0,0,0
04/06/2016 02:00:00 AM,0,0,0
04/06/2016 03:00:00 AM,0,0,0
04/06/2016 04:00:00 AM,0,0,0
04/06/2016 05:00:00 AM,5,4,1
04/06/2016 06:00:00 AM,26,14,12
04/06/2016 07:00:00 AM,37,24,13
04/06/2016 08:00:00 AM,70,48,22
04/06/2016 09:00:00 AM,30,17,13
04/06/2016 10:00:00 AM,12,10,2
04/06/2016 11:00:00 AM,11,8,3
04/06/2016 12:00:00 PM,17,7,10
04/06/2016 01:00:00 PM,17,12,5
04/06/2016 02:00:00 PM,14,9,5
04/06/2016 03:00:00 PM,28,21,7
04/06/2016 04:00:00 PM,54,40,14
04/06/2016 05:00:00 PM,92,73,19
04/06/2016 06:00:00 PM,36,28,8
04/06/2016 07:00:00 PM,20,10,10
04/06/2016 08:00:00 PM,2,1,1
04/06/2016 09:00:00 PM,2,2,0
04/06/2016 10:00:00 PM,2,2,0
04/06/2016 11:00:00 PM,2,1,1
04/07/2016 12:00:00 AM,1,1,0
04/07/2016 01:00:00 AM,1,0,1
04/07/2016 02:00:00 AM,2,1,1
04/07/2016 03:00:00 AM,16,8,8
04/07/2016 04:00:00 AM,1,1,0
04/07/2016 05:00:00 AM,5,4,1
04/07/2016 06:00:00 AM,22,13,9
04/07/2016 07:00:00 AM,41,23,18
04/07/2016 08:00:00 AM,27,11,16
04/07/2016 09:00:00 AM,17,1,16
04/07/2016 10:00:00 AM,4,1,3
04/07/2016 11:00:00 AM,8,2,6
04/07/2016 12:00:00 PM,20,4,16
04/07/2016 01:00:00 PM,6,0,6
04/07/2016 02:00:00 PM,6,4,2
04/07/2016 03:00:00 PM,17,7,10
04/07/2016 04:00:00 PM,24,13,11
04/07/2016 05:00:00 PM,33,16,17
04/07/2016 06:00:00 PM,20,9,11
04/07/2016 07:00:00 PM,8,6,2
04/07/2016 08:00:00 PM,5,2,3
04/07/2016 09:00:00 PM,4,1,3
04/07/2016 10:00:00 PM,0,0,0
04/07/2016 11:00:00 PM,2,1,1
04/08/2016 12:00:00 AM,0,0,0
04/08/2016 01:00:00 AM,0,0,0
04/08/2016 02:00:00 AM,0,0,0
04/08/2016 03:00:00 AM,1,0,1
04/08/2016 04:00:00 AM,0,0,0
04/08/2016 05:00:00 AM,1,0,1
04/08/2016 06:00:00 AM,4,0,4
04/08/2016 07:00:00 AM,12,3,9
04/08/2016 08:00:00 AM,48,25,23
04/08/2016 09:00:00 AM,26,10,16
04/08/2016 10:00:00 AM,16,10,6
04/08/2016 11:00:00 AM,17,9,8
04/08/2016 12:00:00 PM,26,9,17
04/08/2016 01:00:00 PM,18,11,7
04/08/2016 02:00:00 PM,19,14,5
04/08/2016 03:00:00 PM,38,24,14
04/08/2016 04:00:00 PM,64,52,12
04/08/2016 05:00:00 PM,111,73,38
04/08/2016 06:00:00 PM,43,34,9
04/08/2016 07:00:00 PM,15,6,9
04/08/2016 08:00:00 PM,12,6,6
04/08/2016 09:00:00 PM,5,0,5
04/08/2016 10:00:00 PM,8,2,6
04/08/2016 11:00:00 PM,8,5,3
04/09/2016 12:00:00 AM,5,4,1
04/09/2016 01:00:00 AM,1,1,0
04/09/2016 02:00:00 AM,1,0,1
04/09/2016 03:00:00 AM,0,0,0
04/09/2016 04:00:00 AM,0,0,0
04/09/2016 05:00:00 AM,1,0,1
04/09/2016 06:00:00 AM,0,0,0
04/09/2016 07:00:00 AM,3,1,2
04/09/2016 08:00:00 AM,23,18,5
04/09/2016 09:00:00 AM,12,6,6
04/09/2016 10:00:00 AM,7,4,3
04/09/2016 11:00:00 AM,10,5,5
04/09/2016 12:00:00 PM,16,11,5
04/09/2016 01:00:00 PM,19,8,11
04/09/2016 02:00:00 PM,24,11,13
04/09/2016 03:00:00 PM,17,8,9
04/09/2016 04:00:00 PM,13,10,3
04/09/2016 05:00:00 PM,22,9,13
04/09/2016 06:00:00 PM,21,13,8
04/09/2016 07:00:00 PM,9,4,5
04/09/2016 08:00:00 PM,14,8,6
04/09/2016 09:00:00 PM,21,10,11
04/09/2016 10:00:00 PM,2,1,1
04/09/2016 11:00:00 PM,2,1,1
04/10/2016 12:00:00 AM,2,2,0
04/10/2016 01:00:00 AM,2,2,0
04/10/2016 02:00:00 AM,0,0,0
04/10/2016 03:00:00 AM,1,1,0
04/10/2016 04:00:00 AM,0,0,0
04/10/2016 05:00:00 AM,1,1,0
04/10/2016 06:00:00 AM,1,0,1
04/10/2016 07:00:00 AM,5,3,2
04/10/2016 08:00:00 AM,4,4,0
04/10/2016 09:00:00 AM,13,9,4
04/10/2016 10:00:00 AM,5,4,1
04/10/2016 11:00:00 AM,14,12,2
04/10/2016 12:00:00 PM,16,15,1
04/10/2016 01:00:00 PM,16,7,9
04/10/2016 02:00:00 PM,16,5,11
04/10/2016 03:00:00 PM,11,7,4
04/10/2016 04:00:00 PM,19,6,13
04/10/2016 05:00:00 PM,7,5,2
04/10/2016 06:00:00 PM,12,4,8
04/10/2016 07:00:00 PM,10,7,3
04/10/2016 08:00:00 PM,5,3,2
04/10/2016 09:00:00 PM,4,4,0
04/10/2016 10:00:00 PM,2,1,1
04/10/2016 11:00:00 PM,1,0,1
04/11/2016 12:00:00 AM,0,0,0
04/11/2016 01:00:00 AM,0,0,0
04/11/2016 02:00:00 AM,0,0,0
04/11/2016 03:00:00 AM,0,0,0
04/11/2016 04:00:00 AM,0,0,0
04/11/2016 05:00:00 AM,3,2,1
04/11/2016 06:00:00 AM,14,5,9
04/11/2016 07:00:00 AM,36,18,18
04/11/2016 08:00:00 AM,68,37,31
04/11/2016 09:00:00 AM,24,7,17
04/11/2016 10:00:00 AM,16,7,9
04/11/2016 11:00:00 AM,10,6,4
04/11/2016 12:00:00 PM,12,9,3
04/11/2016 01:00:00 PM,9,5,4
04/11/2016 02:00:00 PM,13,9,4
04/11/2016 03:00:00 PM,27,17,10
04/11/2016 04:00:00 PM,64,51,13
04/11/2016 05:00:00 PM,108,79,29
04/11/2016 06:00:00 PM,40,27,13
04/11/2016 07:00:00 PM,19,10,9
04/11/2016 08:00:00 PM,5,4,1
04/11/2016 09:00:00 PM,6,4,2
04/11/2016 10:00:00 PM,4,0,4
04/11/2016 11:00:00 PM,4,3,1
04/12/2016 12:00:00 AM,3,0,3
04/12/2016 01:00:00 AM,0,0,0
04/12/2016 02:00:00 AM,1,1,0
04/12/2016 03:00:00 AM,0,0,0
04/12/2016 04:00:00 AM,1,1,0
04/12/2016 05:00:00 AM,6,2,4
04/12/2016 06:00:00 AM,11,5,6
04/12/2016 07:00:00 AM,39,20,19
04/12/2016 08:00:00 AM,52,32,20
04/12/2016 09:00:00 AM,41,19,22
04/12/2016 10:00:00 AM,19,9,10
04/12/2016 11:00:00 AM,17,9,8
04/12/2016 12:00:00 PM,15,7,8
04/12/2016 01:00:00 PM,8,4,4
04/12/2016 02:00:00 PM,20,11,9
04/12/2016 03:00:00 PM,20,10,10
04/12/2016 04:00:00 PM,35,28,7
04/12/2016 05:00:00 PM,64,44,20
04/12/2016 06:00:00 PM,30,17,13
04/12/2016 07:00:00 PM,12,7,5
04/12/2016 08:00:00 PM,5,4,1
04/12/2016 09:00:00 PM,4,2,2
04/12/2016 10:00:00 PM,3,2,1
04/12/2016 11:00:00 PM,0,0,0
04/13/2016 12:00:00 AM,1,1,0
04/13/2016 01:00:00 AM,0,0,0
04/13/2016 02:00:00 AM,0,0,0
04/13/2016 03:00:00 AM,3,1,2
04/13/2016 04:00:00 AM,0,0,0
04/13/2016 05:00:00 AM,4,1,3
04/13/2016 06:00:00 AM,13,6,7
04/13/2016 07:00:00 AM,39,24,15
04/13/2016 08:00:00 AM,49,23,26
04/13/2016 09:00:00 AM,31,14,17
04/13/2016 10:00:00 AM,17,10,7
04/13/2016 11:00:00 AM,18,9,9
04/13/2016 12:00:00 PM,24,8,16
04/13/2016 01:00:00 PM,16,5,11
04/13/2016 02:00:00 PM,25,15,10
04/13/2016 03:00:00 PM,36,28,8
04/13/2016 04:00:00 PM,56,41,15
04/13/2016 05:00:00 PM,79,50,29
04/13/2016 06:00:00 PM,47,29,18
04/13/2016 07:00:00 PM,21,13,8
04/13/2016 08:00:00 PM,11,7,4
04/13/2016 09:00:00 PM,5,3,2
04/13/2016 10:00:00 PM,1,0,1
04/13/2016 11:00:00 PM,4,3,1
04/14/2016 12:00:00 AM,0,0,0
04/14/2016 01:00:00 AM,0,0,0
04/14/2016 02:00:00 AM,0,0,0
04/14/2016 03:00:00 AM,1,1,0
04/14/2016 04:00:00 AM,0,0,0
04/14/2016 05:00:00 AM,5,4,1
04/14/2016 06:00:00 AM,15,9,6
04/14/2016 07:00:00 AM,36,14,22
04/14/2016 08:00:00 AM,62,31,31
04/14/2016 09:00:00 AM,34,17,17
04/14/2016 10:00:00 AM,21,9,12
04/14/2016 11:00:00 AM,21,10,11
04/14/2016 12:00:00 PM,17,10,7
04/14/2016 01:00:00 PM,18,13,5
04/14/2016 02:00:00 PM,28,21,7
04/14/2016 03:00:00 PM,31,23,8
04/14/2016 04:00:00 PM,72,47,25
04/14/2016 05:00:00 PM,107,79,28
04/14/2016 06:00:00 PM,43,32,11
04/14/2016 07:00:00 PM,16,9,7
04/14/2016 08:00:00 PM,12,8,4
04/14/2016 09:00:00 PM,5,3,2
04/14/2016 10:00:00 PM,1,1,0
04/14/2016 11:00:00 PM,4,2,2
04/15/2016 12:00:00 AM,2,2,0
04/15/2016 01:00:00 AM,1,1,0
04/15/2016 02:00:00 AM,2,1,1
04/15/2016 03:00:00 AM,1,1,0
04/15/2016 04:00:00 AM,0,0,0
04/15/2016 05:00:00 AM,6,3,3
04/15/2016 06:00:00 AM,15,6,9
04/15/2016 07:00:00 AM,33,13,20
04/15/2016 08:00:00 AM,61,41,20
04/15/2016 09:00:00 AM,27,11,16
04/15/2016 10:00:00 AM,29,18,11
04/15/2016 11:00:00 AM,24,13,11
04/15/2016 12:00:00 PM,25,13,12
04/15/2016 01:00:00 PM,22,14,8
04/15/2016 02:00:00 PM,24,13,11
04/15/2016 03:00:00 PM,44,30,14
04/15/2016 04:00:00 PM,71,58,13
04/15/2016 05:00:00 PM,85,56,29
04/15/2016 06:00:00 PM,34,21,13
04/15/2016 07:00:00 PM,16,11,5
04/15/2016 08:00:00 PM,8,5,3
04/15/2016 09:00:00 PM,1,1,0
04/15/2016 10:00:00 PM,3,2,1
04/15/2016 11:00:00 PM,1,0,1
04/16/2016 12:00:00 AM,3,3,0
04/16/2016 01:00:00 AM,2,2,0
04/16/2016 02:00:00 AM,0,0,0
04/16/2016 03:00:00 AM,3,2,1
04/16/2016 04:00:00 AM,0,0,0
04/16/2016 05:00:00 AM,1,1,0
04/16/2016 06:00:00 AM,5,5,0
04/16/2016 07:00:00 AM,5,3,2
04/16/2016 08:00:00 AM,13,8,5
04/16/2016 09:00:00 AM,16,7,9
04/16/2016 10:00:00 AM,13,10,3
04/16/2016 11:00:00 AM,9,7,2
04/16/2016 12:00:00 PM,25,14,11
04/16/2016 01:00:00 PM,36,9,27
04/16/2016 02:00:00 PM,14,9,5
04/16/2016 03:00:00 PM,35,29,6
04/16/2016 04:00:00 PM,21,13,8
04/16/2016 05:00:00 PM,26,20,6
04/16/2016 06:00:00 PM,34,30,4
04/16/2016 07:00:00 PM,9,5,4
04/16/2016 08:00:00 PM,12,5,7
04/16/2016 09:00:00 PM,22,6,16
04/16/2016 10:00:00 PM,12,7,5
04/16/2016 11:00:00 PM,4,3,1
04/17/2016 12:00:00 AM,4,4,0
04/17/2016 01:00:00 AM,1,1,0
04/17/2016 02:00:00 AM,3,2,1
04/17/2016 03:00:00 AM,0,0,0
04/17/2016 04:00:00 AM,0,0,0
04/17/2016 05:00:00 AM,1,1,0
04/17/2016 06:00:00 AM,3,3,0
04/17/2016 07:00:00 AM,1,1,0
04/17/2016 08:00:00 AM,4,2,2
04/17/2016 09:00:00 AM,8,5,3
04/17/2016 10:00:00 AM,9,6,3
04/17/2016 11:00:00 AM,13,11,2
04/17/2016 12:00:00 PM,19,14,5
04/17/2016 01:00:00 PM,19,12,7
04/17/2016 02:00:00 PM,16,8,8
04/17/2016 03:00:00 PM,27,11,16
04/17/2016 04:00:00 PM,34,18,16
04/17/2016 05:00:00 PM,29,21,8
04/17/2016 06:00:00 PM,16,12,4
04/17/2016 07:00:00 PM,9,4,5
04/17/2016 08:00:00 PM,5,3,2
04/17/2016 09:00:00 PM,1,0,1
04/17/2016 10:00:00 PM,3,1,2
04/17/2016 11:00:00 PM,2,2,0
04/18/2016 12:00:00 AM,1,1,0
04/18/2016 01:00:00 AM,0,0,0
04/18/2016 02:00:00 AM,0,0,0
04/18/2016 03:00:00 AM,0,0,0
04/18/2016 04:00:00 AM,0,0,0
04/18/2016 05:00:00 AM,7,4,3
04/18/2016 06:00:00 AM,26,16,10
04/18/2016 07:00:00 AM,36,18,18
04/18/2016 08:00:00 AM,25,3,22
04/18/2016 09:00:00 AM,21,4,17
04/18/2016 10:00:00 AM,4,1,3
04/18/2016 11:00:00 AM,2,0,2
04/18/2016 12:00:00 PM,7,2,5
04/18/2016 01:00:00 PM,5,0,5
04/18/2016 02:00:00 PM,4,3,1
04/18/2016 03:00:00 PM,9,5,4
04/18/2016 04:00:00 PM,29,14,15
04/18/2016 05:00:00 PM,27,10,17
04/18/2016 06:00:00 PM,6,0,6
04/18/2016 07:00:00 PM,6,1,5
04/18/2016 08:00:00 PM,5,3,2
04/18/2016 09:00:00 PM,0,0,0
04/18/2016 10:00:00 PM,2,1,1
04/18/2016 11:00:00 PM,0,0,0
04/19/2016 12:00:00 AM,3,2,1
04/19/2016 01:00:00 AM,0,0,0
04/19/2016 02:00:00 AM,0,0,0
04/19/2016 03:00:00 AM,0,0,0
04/19/2016 04:00:00 AM,1,1,0
04/19/2016 05:00:00 AM,2,0,2
04/19/2016 06:00:00 AM,13,4,9
04/19/2016 07:00:00 AM,13,2,11
04/19/2016 08:00:00 AM,24,4,20
04/19/2016 09:00:00 AM,9,2,7
04/19/2016 10:00:00 AM,10,2,8
04/19/2016 11:00:00 AM,2,1,1
04/19/2016 12:00:00 PM,1,0,1
04/19/2016 01:00:00 PM,8,3,5
04/19/2016 02:00:00 PM,18,11,7
04/19/2016 03:00:00 PM,55,38,17
04/19/2016 04:00:00 PM,94,71,23
04/19/2016 05:00:00 PM,148,98,50
04/19/2016 06:00:00 PM,61,37,24
04/19/2016 07:00:00 PM,18,6,12
04/19/2016 08:00:00 PM,11,10,1
04/19/2016 09:00:00 PM,9,6,3
04/19/2016 10:00:00 PM,3,2,1
04/19/2016 11:00:00 PM,2,0,2
04/20/2016 12:00:00 AM,2,2,0
04/20/2016 01:00:00 AM,1,0,1
04/20/2016 02:00:00 AM,0,0,0
04/20/2016 03:00:00 AM,1,1,0
04/20/2016 04:00:00 AM,0,0,0
04/20/2016 05:00:00 AM,13,10,3
04/20/2016 06:00:00 AM,29,15,14
04/20/2016 07:00:00 AM,51,26,25
04/20/2016 08:00:00 AM,109,67,42
04/20/2016 09:00:00 AM,44,24,20
04/20/2016 10:00:00 AM,24,16,8
04/20/2016 11:00:00 AM,22,10,12
04/20/2016 12:00:00 PM,24,18,6
04/20/2016 01:00:00 PM,22,13,9
04/20/2016 02:00:00 PM,27,17,10
04/20/2016 03:00:00 PM,46,37,9
04/20/2016 04:00:00 PM,89,74,15
04/20/2016 05:00:00 PM,131,99,32
04/20/2016 06:00:00 PM,58,38,20
04/20/2016 07:00:00 PM,28,17,11
04/20/2016 08:00:00 PM,10,4,6
04/20/2016 09:00:00 PM,5,3,2
04/20/2016 10:00:00 PM,4,3,1
04/20/2016 11:00:00 PM,0,0,0
04/21/2016 12:00:00 AM,1,1,0
04/21/2016 01:00:00 AM,0,0,0
04/21/2016 02:00:00 AM,0,0,0
04/21/2016 03:00:00 AM,2,2,0
04/21/2016 04:00:00 AM,0,0,0
04/21/2016 05:00:00 AM,5,3,2
04/21/2016 06:00:00 AM,25,10,15
04/21/2016 07:00:00 AM,63,34,29
04/21/2016 08:00:00 AM,114,72,42
04/21/2016 09:00:00 AM,44,25,19
04/21/2016 10:00:00 AM,29,17,12
04/21/2016 11:00:00 AM,14,3,11
04/21/2016 12:00:00 PM,20,13,7
04/21/2016 01:00:00 PM,19,14,5
04/21/2016 02:00:00 PM,29,17,12
04/21/2016 03:00:00 PM,49,33,16
04/21/2016 04:00:00 PM,107,75,32
04/21/2016 05:00:00 PM,152,109,43
04/21/2016 06:00:00 PM,67,45,22
04/21/2016 07:00:00 PM,12,7,5
04/21/2016 08:00:00 PM,24,16,8
04/21/2016 09:00:00 PM,5,4,1
04/21/2016 10:00:00 PM,6,6,0
04/21/2016 11:00:00 PM,0,0,0
04/22/2016 12:00:00 AM,3,2,1
04/22/2016 01:00:00 AM,0,0,0
04/22/2016 02:00:00 AM,0,0,0
04/22/2016 03:00:00 AM,0,0,0
04/22/2016 04:00:00 AM,1,1,0
04/22/2016 05:00:00 AM,1,1,0
04/22/2016 06:00:00 AM,19,8,11
04/22/2016 07:00:00 AM,36,15,21
04/22/2016 08:00:00 AM,61,34,27
04/22/2016 09:00:00 AM,3,2,1
04/22/2016 10:00:00 AM,5,5,0
04/22/2016 11:00:00 AM,1,1,0
04/22/2016 12:00:00 PM,9,7,2
04/22/2016 01:00:00 PM,2,2,0
04/22/2016 02:00:00 PM,7,2,5
04/22/2016 03:00:00 PM,28,17,11
04/22/2016 04:00:00 PM,71,47,24
04/22/2016 05:00:00 PM,90,61,29
04/22/2016 06:00:00 PM,33,22,11
04/22/2016 07:00:00 PM,11,8,3
04/22/2016 08:00:00 PM,10,3,7
04/22/2016 09:00:00 PM,4,2,2
04/22/2016 10:00:00 PM,1,0,1
04/22/2016 11:00:00 PM,3,1,2
04/23/2016 12:00:00 AM,1,1,0
04/23/2016 01:00:00 AM,0,0,0
04/23/2016 02:00:00 AM,5,4,1
04/23/2016 03:00:00 AM,0,0,0
04/23/2016 04:00:00 AM,0,0,0
04/23/2016 05:00:00 AM,1,0,1
04/23/2016 06:00:00 AM,0,0,0
04/23/2016 07:00:00 AM,3,0,3
04/23/2016 08:00:00 AM,2,0,2
04/23/2016 09:00:00 AM,5,2,3
04/23/2016 10:00:00 AM,0,0,0
04/23/2016 11:00:00 AM,0,0,0
04/23/2016 12:00:00 PM,0,0,0
04/23/2016 01:00:00 PM,1,1,0
04/23/2016 02:00:00 PM,16,11,5
04/23/2016 03:00:00 PM,25,16,9
04/23/2016 04:00:00 PM,15,10,5
04/23/2016 05:00:00 PM,8,6,2
04/23/2016 06:00:00 PM,12,7,5
04/23/2016 07:00:00 PM,4,3,1
04/23/2016 08:00:00 PM,7,4,3
04/23/2016 09:00:00 PM,1,1,0
04/23/2016 10:00:00 PM,1,1,0
04/23/2016 11:00:00 PM,3,2,1
04/24/2016 12:00:00 AM,1,1,0
04/24/2016 01:00:00 AM,2,2,0
04/24/2016 02:00:00 AM,1,1,0
04/24/2016 03:00:00 AM,0,0,0
04/24/2016 04:00:00 AM,1,1,0
04/24/2016 05:00:00 AM,0,0,0
04/24/2016 06:00:00 AM,1,1,0
04/24/2016 07:00:00 AM,2,2,0
04/24/2016 08:00:00 AM,3,0,3
04/24/2016 09:00:00 AM,2,0,2
04/24/2016 10:00:00 AM,0,0,0
04/24/2016 11:00:00 AM,2,1,1
04/24/2016 12:00:00 PM,1,0,1
04/24/2016 01:00:00 PM,3,3,0
04/24/2016 02:00:00 PM,5,3,2
04/24/2016 03:00:00 PM,9,7,2
04/24/2016 04:00:00 PM,3,1,2
04/24/2016 05:00:00 PM,8,7,1
04/24/2016 06:00:00 PM,8,4,4
04/24/2016 07:00:00 PM,4,3,1
04/24/2016 08:00:00 PM,5,4,1
04/24/2016 09:00:00 PM,1,1,0
04/24/2016 10:00:00 PM,4,1,3
04/24/2016 11:00:00 PM,2,1,1
04/25/2016 12:00:00 AM,1,1,0
04/25/2016 01:00:00 AM,0,0,0
04/25/2016 02:00:00 AM,0,0,0
04/25/2016 03:00:00 AM,0,0,0
04/25/2016 04:00:00 AM,0,0,0
04/25/2016 05:00:00 AM,4,2,2
04/25/2016 06:00:00 AM,14,7,7
04/25/2016 07:00:00 AM,43,25,18
04/25/2016 08:00:00 AM,69,40,29
04/25/2016 09:00:00 AM,6,1,5
04/25/2016 10:00:00 AM,2,2,0
04/25/2016 11:00:00 AM,0,0,0
04/25/2016 12:00:00 PM,12,5,7
04/25/2016 01:00:00 PM,11,4,7
04/25/2016 02:00:00 PM,2,1,1
04/25/2016 03:00:00 PM,4,1,3
04/25/2016 04:00:00 PM,11,9,2
04/25/2016 05:00:00 PM,25,13,12
04/25/2016 06:00:00 PM,9,5,4
04/25/2016 07:00:00 PM,3,3,0
04/25/2016 08:00:00 PM,3,1,2
04/25/2016 09:00:00 PM,3,0,3
04/25/2016 10:00:00 PM,1,0,1
04/25/2016 11:00:00 PM,0,0,0
04/26/2016 12:00:00 AM,1,0,1
04/26/2016 01:00:00 AM,0,0,0
04/26/2016 02:00:00 AM,0,0,0
04/26/2016 03:00:00 AM,0,0,0
04/26/2016 04:00:00 AM,1,0,1
04/26/2016 05:00:00 AM,2,1,1
04/26/2016 06:00:00 AM,4,2,2
04/26/2016 07:00:00 AM,16,4,12
04/26/2016 08:00:00 AM,32,8,24
04/26/2016 09:00:00 AM,4,0,4
04/26/2016 10:00:00 AM,8,4,4
04/26/2016 11:00:00 AM,13,9,4
04/26/2016 12:00:00 PM,12,8,4
04/26/2016 01:00:00 PM,68,38,30
04/26/2016 02:00:00 PM,75,37,38
04/26/2016 03:00:00 PM,105,53,52
04/26/2016 04:00:00 PM,195,108,87
04/26/2016 05:00:00 PM,303,154,149
04/26/2016 06:00:00 PM,139,66,73
04/26/2016 07:00:00 PM,66,31,35
04/26/2016 08:00:00 PM,27,15,12
04/26/2016 09:00:00 PM,10,4,6
04/26/2016 10:00:00 PM,10,6,4
04/26/2016 11:00:00 PM,2,1,1
04/27/2016 12:00:00 AM,6,3,3
04/27/2016 01:00:00 AM,2,1,1
04/27/2016 02:00:00 AM,0,0,0
04/27/2016 03:00:00 AM,0,0,0
04/27/2016 04:00:00 AM,0,0,0
04/27/2016 05:00:00 AM,16,8,8
04/27/2016 06:00:00 AM,56,28,28
04/27/2016 07:00:00 AM,136,68,68
04/27/2016 08:00:00 AM,209,105,104
04/27/2016 09:00:00 AM,116,54,62
04/27/2016 10:00:00 AM,47,23,24
04/27/2016 11:00:00 AM,52,27,25
04/27/2016 12:00:00 PM,53,31,22
04/27/2016 01:00:00 PM,59,32,27
04/27/2016 02:00:00 PM,50,25,25
04/27/2016 03:00:00 PM,93,48,45
04/27/2016 04:00:00 PM,194,102,92
04/27/2016 05:00:00 PM,339,171,168
04/27/2016 06:00:00 PM,162,83,79
04/27/2016 07:00:00 PM,61,26,35
04/27/2016 08:00:00 PM,26,14,12
04/27/2016 09:00:00 PM,11,5,6
04/27/2016 10:00:00 PM,26,12,14
04/27/2016 11:00:00 PM,2,1,1
04/28/2016 12:00:00 AM,11,6,5
04/28/2016 01:00:00 AM,2,1,1
04/28/2016 02:00:00 AM,1,0,1
04/28/2016 03:00:00 AM,1,0,1
04/28/2016 04:00:00 AM,2,2,0
04/28/2016 05:00:00 AM,13,8,5
04/28/2016 06:00:00 AM,49,27,22
04/28/2016 07:00:00 AM,124,67,57
04/28/2016 08:00:00 AM,234,113,121
04/28/2016 09:00:00 AM,112,52,60
04/28/2016 10:00:00 AM,72,38,34
04/28/2016 11:00:00 AM,44,21,23
04/28/2016 12:00:00 PM,57,29,28
04/28/2016 01:00:00 PM,47,26,21
04/28/2016 02:00:00 PM,49,23,26
04/28/2016 03:00:00 PM,69,34,35
04/28/2016 04:00:00 PM,231,122,109
04/28/2016 05:00:00 PM,306,160,146
04/28/2016 06:00:00 PM,129,64,65
04/28/2016 07:00:00 PM,62,31,31
04/28/2016 08:00:00 PM,38,22,16
04/28/2016 09:00:00 PM,25,14,11
04/28/2016 10:00:00 PM,7,4,3
04/28/2016 11:00:00 PM,6,3,3
04/29/2016 12:00:00 AM,4,3,1
04/29/2016 01:00:00 AM,0,0,0
04/29/2016 02:00:00 AM,0,0,0
04/29/2016 03:00:00 AM,4,2,2
04/29/2016 04:00:00 AM,2,1,1
04/29/2016 05:00:00 AM,5,2,3
04/29/2016 06:00:00 AM,70,36,34
04/29/2016 07:00:00 AM,131,67,64
04/29/2016 08:00:00 AM,199,104,95
04/29/2016 09:00:00 AM,88,41,47
04/29/2016 10:00:00 AM,39,19,20
04/29/2016 11:00:00 AM,41,20,21
04/29/2016 12:00:00 PM,20,9,11
04/29/2016 01:00:00 PM,26,10,16
04/29/2016 02:00:00 PM,44,18,26
04/29/2016 03:00:00 PM,47,15,32
04/29/2016 04:00:00 PM,116,45,71
04/29/2016 05:00:00 PM,149,43,106
04/29/2016 06:00:00 PM,69,24,45
04/29/2016 07:00:00 PM,26,5,21
04/29/2016 08:00:00 PM,10,2,8
04/29/2016 09:00:00 PM,6,1,5
04/29/2016 10:00:00 PM,13,8,5
04/29/2016 11:00:00 PM,7,4,3
04/30/2016 12:00:00 AM,8,2,6
04/30/2016 01:00:00 AM,3,3,0
04/30/2016 02:00:00 AM,8,5,3
04/30/2016 03:00:00 AM,1,1,0
04/30/2016 04:00:00 AM,1,1,0
04/30/2016 05:00:00 AM,2,0,2
04/30/2016 06:00:00 AM,7,0,7
04/30/2016 07:00:00 AM,10,3,7
04/30/2016 08:00:00 AM,9,3,6
04/30/2016 09:00:00 AM,20,6,14
04/30/2016 10:00:00 AM,30,13,17
04/30/2016 11:00:00 AM,34,7,27
04/30/2016 12:00:00 PM,79,14,65
04/30/2016 01:00:00 PM,36,14,22
04/30/2016 02:00:00 PM,23,9,14
04/30/2016 03:00:00 PM,73,55,18
04/30/2016 04:00:00 PM,38,18,20
04/30/2016 05:00:00 PM,23,10,13
04/30/2016 06:00:00 PM,27,11,16
04/30/2016 07:00:00 PM,16,7,9
04/30/2016 08:00:00 PM,12,7,5
04/30/2016 09:00:00 PM,10,9,1
04/30/2016 10:00:00 PM,10,9,1
04/30/2016 11:00:00 PM,5,3,2
05/01/2016 12:00:00 AM,6,2,4
05/01/2016 01:00:00 AM,2,1,1
05/01/2016 02:00:00 AM,2,2,0
05/01/2016 03:00:00 AM,0,0,0
05/01/2016 04:00:00 AM,0,0,0
05/01/2016 05:00:00 AM,2,0,2
05/01/2016 06:00:00 AM,2,0,2
05/01/2016 07:00:00 AM,8,5,3
05/01/2016 08:00:00 AM,18,7,11
05/01/2016 09:00:00 AM,21,5,16
05/01/2016 10:00:00 AM,19,5,14
05/01/2016 11:00:00 AM,42,12,30
05/01/2016 12:00:00 PM,47,15,32
05/01/2016 01:00:00 PM,44,19,25
05/01/2016 02:00:00 PM,37,26,11
05/01/2016 03:00:00 PM,44,20,24
05/01/2016 04:00:00 PM,41,27,14
05/01/2016 05:00:00 PM,22,15,7
05/01/2016 06:00:00 PM,15,8,7
05/01/2016 07:00:00 PM,19,8,11
05/01/2016 08:00:00 PM,10,6,4
05/01/2016 09:00:00 PM,7,4,3
05/01/2016 10:00:00 PM,2,1,1
05/01/2016 11:00:00 PM,4,3,1
05/02/2016 12:00:00 AM,2,0,2
05/02/2016 01:00:00 AM,0,0,0
05/02/2016 02:00:00 AM,1,0,1
05/02/2016 03:00:00 AM,1,0,1
05/02/2016 04:00:00 AM,0,0,0
05/02/2016 05:00:00 AM,11,8,3
05/02/2016 06:00:00 AM,44,23,21
05/02/2016 07:00:00 AM,143,80,63
05/02/2016 08:00:00 AM,191,93,98
05/02/2016 09:00:00 AM,105,51,54
05/02/2016 10:00:00 AM,41,19,22
05/02/2016 11:00:00 AM,22,11,11
05/02/2016 12:00:00 PM,37,23,14
05/02/2016 01:00:00 PM,45,24,21
05/02/2016 02:00:00 PM,40,11,29
05/02/2016 03:00:00 PM,70,22,48
05/02/2016 04:00:00 PM,185,53,132
05/02/2016 05:00:00 PM,246,78,168
05/02/2016 06:00:00 PM,119,42,77
05/02/2016 07:00:00 PM,40,11,29
05/02/2016 08:00:00 PM,22,11,11
05/02/2016 09:00:00 PM,13,4,9
05/02/2016 10:00:00 PM,12,5,7
05/02/2016 11:00:00 PM,6,2,4
05/03/2016 12:00:00 AM,3,1,2
05/03/2016 01:00:00 AM,0,0,0
05/03/2016 02:00:00 AM,2,1,1
05/03/2016 03:00:00 AM,1,0,1
05/03/2016 04:00:00 AM,1,1,0
05/03/2016 05:00:00 AM,14,6,8
05/03/2016 06:00:00 AM,41,24,17
05/03/2016 07:00:00 AM,163,87,76
05/03/2016 08:00:00 AM,178,87,91
05/03/2016 09:00:00 AM,89,45,44
05/03/2016 10:00:00 AM,33,17,16
05/03/2016 11:00:00 AM,27,12,15
05/03/2016 12:00:00 PM,46,26,20
05/03/2016 01:00:00 PM,36,18,18
05/03/2016 02:00:00 PM,43,12,31
05/03/2016 03:00:00 PM,69,22,47
05/03/2016 04:00:00 PM,159,41,118
05/03/2016 05:00:00 PM,265,90,175
05/03/2016 06:00:00 PM,106,44,62
05/03/2016 07:00:00 PM,46,19,27
05/03/2016 08:00:00 PM,15,8,7
05/03/2016 09:00:00 PM,10,3,7
05/03/2016 10:00:00 PM,7,4,3
05/03/2016 11:00:00 PM,2,1,1
05/04/2016 12:00:00 AM,3,0,3
05/04/2016 01:00:00 AM,1,1,0
05/04/2016 02:00:00 AM,1,0,1
05/04/2016 03:00:00 AM,1,0,1
05/04/2016 04:00:00 AM,1,0,1
05/04/2016 05:00:00 AM,13,7,6
05/04/2016 06:00:00 AM,51,29,22
05/04/2016 07:00:00 AM,101,53,48
05/04/2016 08:00:00 AM,160,86,74
05/04/2016 09:00:00 AM,82,40,42
05/04/2016 10:00:00 AM,40,20,20
05/04/2016 11:00:00 AM,32,16,16
05/04/2016 12:00:00 PM,27,9,18
05/04/2016 01:00:00 PM,51,27,24
05/04/2016 02:00:00 PM,48,19,29
05/04/2016 03:00:00 PM,64,22,42
05/04/2016 04:00:00 PM,148,47,101
05/04/2016 05:00:00 PM,211,59,152
05/04/2016 06:00:00 PM,122,32,90
05/04/2016 07:00:00 PM,41,19,22
05/04/2016 08:00:00 PM,26,8,18
05/04/2016 09:00:00 PM,9,2,7
05/04/2016 10:00:00 PM,5,3,2
05/04/2016 11:00:00 PM,2,2,0
05/05/2016 12:00:00 AM,2,1,1
05/05/2016 01:00:00 AM,0,0,0
05/05/2016 02:00:00 AM,0,0,0
05/05/2016 03:00:00 AM,1,1,0
05/05/2016 04:00:00 AM,2,1,1
05/05/2016 05:00:00 AM,12,5,7
05/05/2016 06:00:00 AM,47,27,20
05/05/2016 07:00:00 AM,138,68,70
05/05/2016 08:00:00 AM,180,83,97
05/05/2016 09:00:00 AM,81,38,43
05/05/2016 10:00:00 AM,27,17,10
05/05/2016 11:00:00 AM,26,11,15
05/05/2016 12:00:00 PM,33,18,15
05/05/2016 01:00:00 PM,27,12,15
05/05/2016 02:00:00 PM,45,19,26
05/05/2016 03:00:00 PM,69,25,44
05/05/2016 04:00:00 PM,160,49,111
05/05/2016 05:00:00 PM,216,65,151
05/05/2016 06:00:00 PM,131,42,89
05/05/2016 07:00:00 PM,64,31,33
05/05/2016 08:00:00 PM,29,16,13
05/05/2016 09:00:00 PM,15,6,9
05/05/2016 10:00:00 PM,12,3,9
05/05/2016 11:00:00 PM,5,3,2
05/06/2016 12:00:00 AM,4,2,2
05/06/2016 01:00:00 AM,1,0,1
05/06/2016 02:00:00 AM,1,1,0
05/06/2016 03:00:00 AM,0,0,0
05/06/2016 04:00:00 AM,1,0,1
05/06/2016 05:00:00 AM,6,5,1
05/06/2016 06:00:00 AM,53,27,26
05/06/2016 07:00:00 AM,116,56,60
05/06/2016 08:00:00 AM,178,90,88
05/06/2016 09:00:00 AM,104,58,46
05/06/2016 10:00:00 AM,44,17,27
05/06/2016 11:00:00 AM,29,13,16
05/06/2016 12:00:00 PM,45,22,23
05/06/2016 01:00:00 PM,44,19,25
05/06/2016 02:00:00 PM,41,18,23
05/06/2016 03:00:00 PM,87,28,59
05/06/2016 04:00:00 PM,163,46,117
05/06/2016 05:00:00 PM,216,76,140
05/06/2016 06:00:00 PM,110,33,77
05/06/2016 07:00:00 PM,43,22,21
05/06/2016 08:00:00 PM,21,3,18
05/06/2016 09:00:00 PM,11,4,7
05/06/2016 10:00:00 PM,13,4,9
05/06/2016 11:00:00 PM,6,3,3
05/07/2016 12:00:00 AM,7,1,6
05/07/2016 01:00:00 AM,1,1,0
05/07/2016 02:00:00 AM,0,0,0
05/07/2016 03:00:00 AM,1,0,1
05/07/2016 04:00:00 AM,0,0,0
05/07/2016 05:00:00 AM,3,2,1
05/07/2016 06:00:00 AM,4,2,2
05/07/2016 07:00:00 AM,9,4,5
05/07/2016 08:00:00 AM,30,6,24
05/07/2016 09:00:00 AM,25,7,18
05/07/2016 10:00:00 AM,34,14,20
05/07/2016 11:00:00 AM,22,9,13
05/07/2016 12:00:00 PM,54,12,42
05/07/2016 01:00:00 PM,44,16,28
05/07/2016 02:00:00 PM,61,27,34
05/07/2016 03:00:00 PM,44,15,29
05/07/2016 04:00:00 PM,55,16,39
05/07/2016 05:00:00 PM,38,13,25
05/07/2016 06:00:00 PM,66,17,49
05/07/2016 07:00:00 PM,27,16,11
05/07/2016 08:00:00 PM,12,6,6
05/07/2016 09:00:00 PM,45,40,5
05/07/2016 10:00:00 PM,7,5,2
05/07/2016 11:00:00 PM,4,2,2
05/08/2016 12:00:00 AM,11,4,7
05/08/2016 01:00:00 AM,3,1,2
05/08/2016 02:00:00 AM,1,0,1
05/08/2016 03:00:00 AM,2,2,0
05/08/2016 04:00:00 AM,0,0,0
05/08/2016 05:00:00 AM,2,0,2
05/08/2016 06:00:00 AM,0,0,0
05/08/2016 07:00:00 AM,1,1,0
05/08/2016 08:00:00 AM,10,4,6
05/08/2016 09:00:00 AM,7,4,3
05/08/2016 10:00:00 AM,11,4,7
05/08/2016 11:00:00 AM,12,5,7
05/08/2016 12:00:00 PM,18,10,8
05/08/2016 01:00:00 PM,14,10,4
05/08/2016 02:00:00 PM,14,10,4
05/08/2016 03:00:00 PM,16,10,6
05/08/2016 04:00:00 PM,17,8,9
05/08/2016 05:00:00 PM,14,7,7
05/08/2016 06:00:00 PM,12,6,6
05/08/2016 07:00:00 PM,8,4,4
05/08/2016 08:00:00 PM,3,2,1
05/08/2016 09:00:00 PM,7,1,6
05/08/2016 10:00:00 PM,1,1,0
05/08/2016 11:00:00 PM,1,0,1
05/09/2016 12:00:00 AM,3,1,2
05/09/2016 01:00:00 AM,2,1,1
05/09/2016 02:00:00 AM,3,0,3
05/09/2016 03:00:00 AM,1,0,1
05/09/2016 04:00:00 AM,0,0,0
05/09/2016 05:00:00 AM,11,8,3
05/09/2016 06:00:00 AM,38,19,19
05/09/2016 07:00:00 AM,125,53,72
05/09/2016 08:00:00 AM,165,69,96
05/09/2016 09:00:00 AM,101,53,48
05/09/2016 10:00:00 AM,23,17,6
05/09/2016 11:00:00 AM,23,9,14
05/09/2016 12:00:00 PM,33,18,15
05/09/2016 01:00:00 PM,32,9,23
05/09/2016 02:00:00 PM,43,11,32
05/09/2016 03:00:00 PM,64,23,41
05/09/2016 04:00:00 PM,136,44,92
05/09/2016 05:00:00 PM,249,74,175
05/09/2016 06:00:00 PM,114,36,78
05/09/2016 07:00:00 PM,31,7,24
05/09/2016 08:00:00 PM,22,8,14
05/09/2016 09:00:00 PM,16,7,9
05/09/2016 10:00:00 PM,8,6,2
05/09/2016 11:00:00 PM,8,5,3
05/10/2016 12:00:00 AM,5,2,3
05/10/2016 01:00:00 AM,2,1,1
05/10/2016 02:00:00 AM,1,0,1
05/10/2016 03:00:00 AM,0,0,0
05/10/2016 04:00:00 AM,1,1,0
05/10/2016 05:00:00 AM,11,3,8
05/10/2016 06:00:00 AM,59,22,37
05/10/2016 07:00:00 AM,136,57,79
05/10/2016 08:00:00 AM,179,72,107
05/10/2016 09:00:00 AM,99,46,53
05/10/2016 10:00:00 AM,24,10,14
05/10/2016 11:00:00 AM,27,8,19
05/10/2016 12:00:00 PM,39,17,22
05/10/2016 01:00:00 PM,34,19,15
05/10/2016 02:00:00 PM,52,27,25
05/10/2016 03:00:00 PM,74,21,53
05/10/2016 04:00:00 PM,170,53,117
05/10/2016 05:00:00 PM,265,97,168
05/10/2016 06:00:00 PM,96,31,65
05/10/2016 07:00:00 PM,47,13,34
05/10/2016 08:00:00 PM,32,15,17
05/10/2016 09:00:00 PM,16,5,11
05/10/2016 10:00:00 PM,10,5,5
05/10/2016 11:00:00 PM,6,3,3
05/11/2016 12:00:00 AM,6,2,4
05/11/2016 01:00:00 AM,0,0,0
05/11/2016 02:00:00 AM,0,0,0
05/11/2016 03:00:00 AM,1,1,0
05/11/2016 04:00:00 AM,1,0,1
05/11/2016 05:00:00 AM,14,7,7
05/11/2016 06:00:00 AM,44,26,18
05/11/2016 07:00:00 AM,111,44,67
05/11/2016 08:00:00 AM,183,73,110
05/11/2016 09:00:00 AM,95,46,49
05/11/2016 10:00:00 AM,32,12,20
05/11/2016 11:00:00 AM,24,11,13
05/11/2016 12:00:00 PM,46,16,30
05/11/2016 01:00:00 PM,24,11,13
05/11/2016 02:00:00 PM,48,19,29
05/11/2016 03:00:00 PM,66,18,48
05/11/2016 04:00:00 PM,139,31,108
05/11/2016 05:00:00 PM,256,92,164
05/11/2016 06:00:00 PM,108,38,70
05/11/2016 07:00:00 PM,42,14,28
05/11/2016 08:00:00 PM,27,8,19
05/11/2016 09:00:00 PM,13,5,8
05/11/2016 10:00:00 PM,8,3,5
05/11/2016 11:00:00 PM,7,5,2
05/12/2016 12:00:00 AM,3,2,1
05/12/2016 01:00:00 AM,0,0,0
05/12/2016 02:00:00 AM,0,0,0
05/12/2016 03:00:00 AM,10,9,1
05/12/2016 04:00:00 AM,1,1,0
05/12/2016 05:00:00 AM,15,8,7
05/12/2016 06:00:00 AM,46,19,27
05/12/2016 07:00:00 AM,105,45,60
05/12/2016 08:00:00 AM,163,69,94
05/12/2016 09:00:00 AM,94,44,50
05/12/2016 10:00:00 AM,30,14,16
05/12/2016 11:00:00 AM,29,11,18
05/12/2016 12:00:00 PM,34,19,15
05/12/2016 01:00:00 PM,47,19,28
05/12/2016 02:00:00 PM,50,15,35
05/12/2016 03:00:00 PM,71,27,44
05/12/2016 04:00:00 PM,141,41,100
05/12/2016 05:00:00 PM,216,69,147
05/12/2016 06:00:00 PM,115,40,75
05/12/2016 07:00:00 PM,49,26,23
05/12/2016 08:00:00 PM,32,15,17
05/12/2016 09:00:00 PM,15,6,9
05/12/2016 10:00:00 PM,10,4,6
05/12/2016 11:00:00 PM,8,4,4
05/13/2016 12:00:00 AM,6,3,3
05/13/2016 01:00:00 AM,0,0,0
05/13/2016 02:00:00 AM,0,0,0
05/13/2016 03:00:00 AM,1,0,1
05/13/2016 04:00:00 AM,1,0,1
05/13/2016 05:00:00 AM,18,12,6
05/13/2016 06:00:00 AM,43,21,22
05/13/2016 07:00:00 AM,122,63,59
05/13/2016 08:00:00 AM,160,58,102
05/13/2016 09:00:00 AM,79,28,51
05/13/2016 10:00:00 AM,47,26,21
05/13/2016 11:00:00 AM,28,11,17
05/13/2016 12:00:00 PM,55,31,24
05/13/2016 01:00:00 PM,46,24,22
05/13/2016 02:00:00 PM,48,11,37
05/13/2016 03:00:00 PM,86,29,57
05/13/2016 04:00:00 PM,156,46,110
05/13/2016 05:00:00 PM,204,58,146
05/13/2016 06:00:00 PM,82,25,57
05/13/2016 07:00:00 PM,41,15,26
05/13/2016 08:00:00 PM,18,7,11
05/13/2016 09:00:00 PM,18,8,10
05/13/2016 10:00:00 PM,10,3,7
05/13/2016 11:00:00 PM,11,7,4
05/14/2016 12:00:00 AM,7,4,3
05/14/2016 01:00:00 AM,3,2,1
05/14/2016 02:00:00 AM,1,1,0
05/14/2016 03:00:00 AM,1,0,1
05/14/2016 04:00:00 AM,1,0,1
05/14/2016 05:00:00 AM,2,1,1
05/14/2016 06:00:00 AM,2,1,1
05/14/2016 07:00:00 AM,8,5,3
05/14/2016 08:00:00 AM,17,7,10
05/14/2016 09:00:00 AM,12,7,5
05/14/2016 10:00:00 AM,35,10,25
05/14/2016 11:00:00 AM,33,10,23
05/14/2016 12:00:00 PM,24,12,12
05/14/2016 01:00:00 PM,20,14,6
05/14/2016 02:00:00 PM,17,6,11
05/14/2016 03:00:00 PM,23,14,9
05/14/2016 04:00:00 PM,21,10,11
05/14/2016 05:00:00 PM,31,12,19
05/14/2016 06:00:00 PM,11,1,10
05/14/2016 07:00:00 PM,6,3,3
05/14/2016 08:00:00 PM,7,3,4
05/14/2016 09:00:00 PM,17,8,9
05/14/2016 10:00:00 PM,4,3,1
05/14/2016 11:00:00 PM,3,1,2
05/15/2016 12:00:00 AM,5,1,4
05/15/2016 01:00:00 AM,2,1,1
05/15/2016 02:00:00 AM,1,1,0
05/15/2016 03:00:00 AM,0,0,0
05/15/2016 04:00:00 AM,0,0,0
05/15/2016 05:00:00 AM,0,0,0
05/15/2016 06:00:00 AM,3,1,2
05/15/2016 07:00:00 AM,4,3,1
05/15/2016 08:00:00 AM,6,6,0
05/15/2016 09:00:00 AM,3,1,2
05/15/2016 10:00:00 AM,6,4,2
05/15/2016 11:00:00 AM,12,7,5
05/15/2016 12:00:00 PM,16,9,7
05/15/2016 01:00:00 PM,10,2,8
05/15/2016 02:00:00 PM,12,5,7
05/15/2016 03:00:00 PM,15,9,6
05/15/2016 04:00:00 PM,21,12,9
05/15/2016 05:00:00 PM,20,10,10
05/15/2016 06:00:00 PM,8,5,3
05/15/2016 07:00:00 PM,10,4,6
05/15/2016 08:00:00 PM,4,2,2
05/15/2016 09:00:00 PM,0,0,0
05/15/2016 10:00:00 PM,5,1,4
05/15/2016 11:00:00 PM,1,0,1
05/16/2016 12:00:00 AM,2,1,1
05/16/2016 01:00:00 AM,0,0,0
05/16/2016 02:00:00 AM,3,2,1
05/16/2016 03:00:00 AM,1,0,1
05/16/2016 04:00:00 AM,1,1,0
05/16/2016 05:00:00 AM,8,4,4
05/16/2016 06:00:00 AM,34,18,16
05/16/2016 07:00:00 AM,80,31,49
05/16/2016 08:00:00 AM,121,43,78
05/16/2016 09:00:00 AM,74,34,40
05/16/2016 10:00:00 AM,27,14,13
05/16/2016 11:00:00 AM,24,13,11
05/16/2016 12:00:00 PM,17,10,7
05/16/2016 01:00:00 PM,25,18,7
05/16/2016 02:00:00 PM,21,8,13
05/16/2016 03:00:00 PM,57,24,33
05/16/2016 04:00:00 PM,109,33,76
05/16/2016 05:00:00 PM,185,74,111
05/16/2016 06:00:00 PM,110,37,73
05/16/2016 07:00:00 PM,29,8,21
05/16/2016 08:00:00 PM,12,5,7
05/16/2016 09:00:00 PM,19,9,10
05/16/2016 10:00:00 PM,9,7,2
05/16/2016 11:00:00 PM,3,2,1
05/17/2016 12:00:00 AM,1,0,1
05/17/2016 01:00:00 AM,0,0,0
05/17/2016 02:00:00 AM,2,1,1
05/17/2016 03:00:00 AM,0,0,0
05/17/2016 04:00:00 AM,1,0,1
05/17/2016 05:00:00 AM,8,4,4
05/17/2016 06:00:00 AM,53,25,28
05/17/2016 07:00:00 AM,124,53,71
05/17/2016 08:00:00 AM,168,65,103
05/17/2016 09:00:00 AM,94,42,52
05/17/2016 10:00:00 AM,37,20,17
05/17/2016 11:00:00 AM,18,6,12
05/17/2016 12:00:00 PM,37,20,17
05/17/2016 01:00:00 PM,42,22,20
05/17/2016 02:00:00 PM,48,19,29
05/17/2016 03:00:00 PM,61,21,40
05/17/2016 04:00:00 PM,144,42,102
05/17/2016 05:00:00 PM,243,89,154
05/17/2016 06:00:00 PM,120,40,80
05/17/2016 07:00:00 PM,44,12,32
05/17/2016 08:00:00 PM,22,11,11
05/17/2016 09:00:00 PM,19,9,10
05/17/2016 10:00:00 PM,11,7,4
05/17/2016 11:00:00 PM,3,1,2
05/18/2016 12:00:00 AM,4,0,4
05/18/2016 01:00:00 AM,3,1,2
05/18/2016 02:00:00 AM,5,3,2
05/18/2016 03:00:00 AM,1,0,1
05/18/2016 04:00:00 AM,0,0,0
05/18/2016 05:00:00 AM,7,5,2
05/18/2016 06:00:00 AM,44,22,22
05/18/2016 07:00:00 AM,100,41,59
05/18/2016 08:00:00 AM,155,71,84
05/18/2016 09:00:00 AM,98,42,56
05/18/2016 10:00:00 AM,31,14,17
05/18/2016 11:00:00 AM,28,14,14
05/18/2016 12:00:00 PM,42,26,16
05/18/2016 01:00:00 PM,28,12,16
05/18/2016 02:00:00 PM,39,15,24
05/18/2016 03:00:00 PM,62,25,37
05/18/2016 04:00:00 PM,160,47,113
05/18/2016 05:00:00 PM,193,59,134
05/18/2016 06:00:00 PM,93,31,62
05/18/2016 07:00:00 PM,44,18,26
05/18/2016 08:00:00 PM,21,11,10
05/18/2016 09:00:00 PM,12,4,8
05/18/2016 10:00:00 PM,11,5,6
05/18/2016 11:00:00 PM,13,7,6
05/19/2016 12:00:00 AM,7,5,2
05/19/2016 01:00:00 AM,0,0,0
05/19/2016 02:00:00 AM,1,1,0
05/19/2016 03:00:00 AM,0,0,0
05/19/2016 04:00:00 AM,1,0,1
05/19/2016 05:00:00 AM,6,2,4
05/19/2016 06:00:00 AM,22,10,12
05/19/2016 07:00:00 AM,72,34,38
05/19/2016 08:00:00 AM,100,38,62
05/19/2016 09:00:00 AM,78,33,45
05/19/2016 10:00:00 AM,37,19,18
05/19/2016 11:00:00 AM,26,12,14
05/19/2016 12:00:00 PM,27,12,15
05/19/2016 01:00:00 PM,36,15,21
05/19/2016 02:00:00 PM,31,12,19
05/19/2016 03:00:00 PM,56,19,37
05/19/2016 04:00:00 PM,104,28,76
05/19/2016 05:00:00 PM,168,60,108
05/19/2016 06:00:00 PM,71,22,49
05/19/2016 07:00:00 PM,25,16,9
05/19/2016 08:00:00 PM,7,3,4
05/19/2016 09:00:00 PM,7,2,5
05/19/2016 10:00:00 PM,4,2,2
05/19/2016 11:00:00 PM,4,2,2
05/20/2016 12:00:00 AM,4,0,4
05/20/2016 01:00:00 AM,0,0,0
05/20/2016 02:00:00 AM,1,0,1
05/20/2016 03:00:00 AM,5,3,2
05/20/2016 04:00:00 AM,1,0,1
05/20/2016 05:00:00 AM,8,3,5
05/20/2016 06:00:00 AM,52,30,22
05/20/2016 07:00:00 AM,117,57,60
05/20/2016 08:00:00 AM,191,77,114
05/20/2016 09:00:00 AM,101,44,57
05/20/2016 10:00:00 AM,27,14,13
05/20/2016 11:00:00 AM,33,14,19
05/20/2016 12:00:00 PM,42,17,25
05/20/2016 01:00:00 PM,47,21,26
05/20/2016 02:00:00 PM,52,18,34
05/20/2016 03:00:00 PM,84,32,52
05/20/2016 04:00:00 PM,153,45,108
05/20/2016 05:00:00 PM,181,55,126
05/20/2016 06:00:00 PM,104,25,79
05/20/2016 07:00:00 PM,25,7,18
05/20/2016 08:00:00 PM,6,3,3
05/20/2016 09:00:00 PM,17,4,13
05/20/2016 10:00:00 PM,9,5,4
05/20/2016 11:00:00 PM,18,7,11
05/21/2016 12:00:00 AM,7,4,3
05/21/2016 01:00:00 AM,1,0,1
05/21/2016 02:00:00 AM,3,3,0
05/21/2016 03:00:00 AM,3,1,2
05/21/2016 04:00:00 AM,1,0,1
05/21/2016 05:00:00 AM,1,0,1
05/21/2016 06:00:00 AM,4,1,3
05/21/2016 07:00:00 AM,1,0,1
05/21/2016 08:00:00 AM,12,5,7
05/21/2016 09:00:00 AM,6,3,3
05/21/2016 10:00:00 AM,8,1,7
05/21/2016 11:00:00 AM,8,4,4
05/21/2016 12:00:00 PM,8,2,6
05/21/2016 01:00:00 PM,16,6,10
05/21/2016 02:00:00 PM,16,6,10
05/21/2016 03:00:00 PM,18,7,11
05/21/2016 04:00:00 PM,17,9,8
05/21/2016 05:00:00 PM,15,5,10
05/21/2016 06:00:00 PM,28,7,21
05/21/2016 07:00:00 PM,10,3,7
05/21/2016 08:00:00 PM,6,1,5
05/21/2016 09:00:00 PM,17,11,6
05/21/2016 10:00:00 PM,5,4,1
05/21/2016 11:00:00 PM,6,1,5
05/22/2016 12:00:00 AM,2,0,2
05/22/2016 01:00:00 AM,0,0,0
05/22/2016 02:00:00 AM,1,1,0
05/22/2016 03:00:00 AM,2,1,1
05/22/2016 04:00:00 AM,2,1,1
05/22/2016 05:00:00 AM,0,0,0
05/22/2016 06:00:00 AM,2,0,2
05/22/2016 07:00:00 AM,6,2,4
05/22/2016 08:00:00 AM,6,4,2
05/22/2016 09:00:00 AM,5,3,2
05/22/2016 10:00:00 AM,16,8,8
05/22/2016 11:00:00 AM,22,7,15
05/22/2016 12:00:00 PM,27,10,17
05/22/2016 01:00:00 PM,30,8,22
05/22/2016 02:00:00 PM,32,14,18
05/22/2016 03:00:00 PM,32,16,16
05/22/2016 04:00:00 PM,19,8,11
05/22/2016 05:00:00 PM,29,16,13
05/22/2016 06:00:00 PM,17,9,8
05/22/2016 07:00:00 PM,17,4,13
05/22/2016 08:00:00 PM,7,5,2
05/22/2016 09:00:00 PM,1,0,1
05/22/2016 10:00:00 PM,4,3,1
05/22/2016 11:00:00 PM,0,0,0
05/23/2016 12:00:00 AM,0,0,0
05/23/2016 01:00:00 AM,1,1,0
05/23/2016 02:00:00 AM,1,0,1
05/23/2016 03:00:00 AM,0,0,0
05/23/2016 04:00:00 AM,0,0,0
05/23/2016 05:00:00 AM,8,5,3
05/23/2016 06:00:00 AM,37,17,20
05/23/2016 07:00:00 AM,96,50,46
05/23/2016 08:00:00 AM,143,60,83
05/23/2016 09:00:00 AM,88,40,48
05/23/2016 10:00:00 AM,19,9,10
05/23/2016 11:00:00 AM,32,14,18
05/23/2016 12:00:00 PM,27,16,11
05/23/2016 01:00:00 PM,35,16,19
05/23/2016 02:00:00 PM,34,16,18
05/23/2016 03:00:00 PM,52,13,39
05/23/2016 04:00:00 PM,139,52,87
05/23/2016 05:00:00 PM,207,58,149
05/23/2016 06:00:00 PM,97,27,70
05/23/2016 07:00:00 PM,29,9,20
05/23/2016 08:00:00 PM,19,9,10
05/23/2016 09:00:00 PM,9,6,3
05/23/2016 10:00:00 PM,7,3,4
05/23/2016 11:00:00 PM,2,1,1
05/24/2016 12:00:00 AM,3,1,2
05/24/2016 01:00:00 AM,0,0,0
05/24/2016 02:00:00 AM,0,0,0
05/24/2016 03:00:00 AM,0,0,0
05/24/2016 04:00:00 AM,0,0,0
05/24/2016 05:00:00 AM,12,5,7
05/24/2016 06:00:00 AM,48,24,24
05/24/2016 07:00:00 AM,114,61,53
05/24/2016 08:00:00 AM,146,51,95
05/24/2016 09:00:00 AM,87,48,39
05/24/2016 10:00:00 AM,27,12,15
05/24/2016 11:00:00 AM,28,13,15
05/24/2016 12:00:00 PM,37,20,17
05/24/2016 01:00:00 PM,30,14,16
05/24/2016 02:00:00 PM,34,11,23
05/24/2016 03:00:00 PM,53,19,34
05/24/2016 04:00:00 PM,140,39,101
05/24/2016 05:00:00 PM,213,54,159
05/24/2016 06:00:00 PM,131,52,79
05/24/2016 07:00:00 PM,46,19,27
05/24/2016 08:00:00 PM,17,4,13
05/24/2016 09:00:00 PM,10,7,3
05/24/2016 10:00:00 PM,7,3,4
05/24/2016 11:00:00 PM,4,2,2
05/25/2016 12:00:00 AM,2,0,2
05/25/2016 01:00:00 AM,3,2,1
05/25/2016 02:00:00 AM,0,0,0
05/25/2016 03:00:00 AM,0,0,0
05/25/2016 04:00:00 AM,1,0,1
05/25/2016 05:00:00 AM,8,5,3
05/25/2016 06:00:00 AM,38,13,25
05/25/2016 07:00:00 AM,90,42,48
05/25/2016 08:00:00 AM,137,61,76
05/25/2016 09:00:00 AM,77,36,41
05/25/2016 10:00:00 AM,30,19,11
05/25/2016 11:00:00 AM,34,15,19
05/25/2016 12:00:00 PM,48,18,30
05/25/2016 01:00:00 PM,31,12,19
05/25/2016 02:00:00 PM,42,19,23
05/25/2016 03:00:00 PM,77,26,51
05/25/2016 04:00:00 PM,102,31,71
05/25/2016 05:00:00 PM,189,56,133
05/25/2016 06:00:00 PM,102,30,72
05/25/2016 07:00:00 PM,43,14,29
05/25/2016 08:00:00 PM,21,11,10
05/25/2016 09:00:00 PM,12,4,8
05/25/2016 10:00:00 PM,11,5,6
05/25/2016 11:00:00 PM,2,0,2
05/26/2016 12:00:00 AM,5,2,3
05/26/2016 01:00:00 AM,2,1,1
05/26/2016 02:00:00 AM,0,0,0
05/26/2016 03:00:00 AM,1,1,0
05/26/2016 04:00:00 AM,0,0,0
05/26/2016 05:00:00 AM,7,3,4
05/26/2016 06:00:00 AM,32,16,16
05/26/2016 07:00:00 AM,91,40,51
05/26/2016 08:00:00 AM,138,54,84
05/26/2016 09:00:00 AM,59,26,33
05/26/2016 10:00:00 AM,35,16,19
05/26/2016 11:00:00 AM,30,11,19
05/26/2016 12:00:00 PM,39,21,18
05/26/2016 01:00:00 PM,29,15,14
05/26/2016 02:00:00 PM,36,8,28
05/26/2016 03:00:00 PM,48,21,27
05/26/2016 04:00:00 PM,133,33,100
05/26/2016 05:00:00 PM,201,59,142
05/26/2016 06:00:00 PM,74,27,47
05/26/2016 07:00:00 PM,42,21,21
05/26/2016 08:00:00 PM,9,5,4
05/26/2016 09:00:00 PM,18,8,10
05/26/2016 10:00:00 PM,10,2,8
05/26/2016 11:00:00 PM,6,2,4
05/27/2016 12:00:00 AM,0,0,0
05/27/2016 01:00:00 AM,1,1,0
05/27/2016 02:00:00 AM,0,0,0
05/27/2016 03:00:00 AM,1,1,0
05/27/2016 04:00:00 AM,0,0,0
05/27/2016 05:00:00 AM,3,2,1
05/27/2016 06:00:00 AM,21,11,10
05/27/2016 07:00:00 AM,53,20,33
05/27/2016 08:00:00 AM,95,41,54
05/27/2016 09:00:00 AM,64,31,33
05/27/2016 10:00:00 AM,25,13,12
05/27/2016 11:00:00 AM,25,9,16
05/27/2016 12:00:00 PM,35,18,17
05/27/2016 01:00:00 PM,36,14,22
05/27/2016 02:00:00 PM,33,14,19
05/27/2016 03:00:00 PM,69,22,47
05/27/2016 04:00:00 PM,103,28,75
05/27/2016 05:00:00 PM,119,37,82
05/27/2016 06:00:00 PM,55,20,35
05/27/2016 07:00:00 PM,19,8,11
05/27/2016 08:00:00 PM,11,4,7
05/27/2016 09:00:00 PM,6,3,3
05/27/2016 10:00:00 PM,10,7,3
05/27/2016 11:00:00 PM,7,5,2
05/28/2016 12:00:00 AM,1,0,1
05/28/2016 01:00:00 AM,2,1,1
05/28/2016 02:00:00 AM,2,0,2
05/28/2016 03:00:00 AM,0,0,0
05/28/2016 04:00:00 AM,0,0,0
05/28/2016 05:00:00 AM,1,1,0
05/28/2016 06:00:00 AM,2,1,1
05/28/2016 07:00:00 AM,9,5,4
05/28/2016 08:00:00 AM,25,6,19
05/28/2016 09:00:00 AM,13,8,5
05/28/2016 10:00:00 AM,10,3,7
05/28/2016 11:00:00 AM,19,15,4
05/28/2016 12:00:00 PM,19,8,11
05/28/2016 01:00:00 PM,28,16,12
05/28/2016 02:00:00 PM,15,6,9
05/28/2016 03:00:00 PM,14,3,11
05/28/2016 04:00:00 PM,16,8,8
05/28/2016 05:00:00 PM,23,4,19
05/28/2016 06:00:00 PM,9,3,6
05/28/2016 07:00:00 PM,9,3,6
05/28/2016 08:00:00 PM,11,4,7
05/28/2016 09:00:00 PM,3,1,2
05/28/2016 10:00:00 PM,13,4,9
05/28/2016 11:00:00 PM,7,3,4
05/29/2016 12:00:00 AM,6,4,2
05/29/2016 01:00:00 AM,2,1,1
05/29/2016 02:00:00 AM,2,1,1
05/29/2016 03:00:00 AM,0,0,0
05/29/2016 04:00:00 AM,0,0,0
05/29/2016 05:00:00 AM,1,0,1
05/29/2016 06:00:00 AM,2,1,1
05/29/2016 07:00:00 AM,5,0,5
05/29/2016 08:00:00 AM,4,3,1
05/29/2016 09:00:00 AM,2,1,1
05/29/2016 10:00:00 AM,6,3,3
05/29/2016 11:00:00 AM,13,5,8
05/29/2016 12:00:00 PM,16,4,12
05/29/2016 01:00:00 PM,8,6,2
05/29/2016 02:00:00 PM,14,9,5
05/29/2016 03:00:00 PM,19,5,14
05/29/2016 04:00:00 PM,18,10,8
05/29/2016 05:00:00 PM,13,8,5
05/29/2016 06:00:00 PM,16,4,12
05/29/2016 07:00:00 PM,10,4,6
05/29/2016 08:00:00 PM,6,2,4
05/29/2016 09:00:00 PM,11,4,7
05/29/2016 10:00:00 PM,4,4,0
05/29/2016 11:00:00 PM,3,1,2
05/30/2016 12:00:00 AM,4,2,2
05/30/2016 01:00:00 AM,1,0,1
05/30/2016 02:00:00 AM,0,0,0
05/30/2016 03:00:00 AM,2,2,0
05/30/2016 04:00:00 AM,0,0,0
05/30/2016 05:00:00 AM,1,0,1
05/30/2016 06:00:00 AM,5,1,4
05/30/2016 07:00:00 AM,10,6,4
05/30/2016 08:00:00 AM,13,3,10
05/30/2016 09:00:00 AM,17,8,9
05/30/2016 10:00:00 AM,29,10,19
05/30/2016 11:00:00 AM,24,13,11
05/30/2016 12:00:00 PM,33,18,15
05/30/2016 01:00:00 PM,43,15,28
05/30/2016 02:00:00 PM,31,13,18
05/30/2016 03:00:00 PM,43,19,24
05/30/2016 04:00:00 PM,33,20,13
05/30/2016 05:00:00 PM,33,16,17
05/30/2016 06:00:00 PM,24,8,16
05/30/2016 07:00:00 PM,6,3,3
05/30/2016 08:00:00 PM,17,14,3
05/30/2016 09:00:00 PM,19,6,13
05/30/2016 10:00:00 PM,9,6,3
05/30/2016 11:00:00 PM,5,2,3
05/31/2016 12:00:00 AM,2,1,1
05/31/2016 01:00:00 AM,0,0,0
05/31/2016 02:00:00 AM,0,0,0
05/31/2016 03:00:00 AM,7,2,5
05/31/2016 04:00:00 AM,4,1,3
05/31/2016 05:00:00 AM,6,5,1
05/31/2016 06:00:00 AM,40,19,21
05/31/2016 07:00:00 AM,100,42,58
05/31/2016 08:00:00 AM,172,70,102
05/31/2016 09:00:00 AM,69,36,33
05/31/2016 10:00:00 AM,41,22,19
05/31/2016 11:00:00 AM,33,20,13
05/31/2016 12:00:00 PM,51,18,33
05/31/2016 01:00:00 PM,39,25,14
05/31/2016 02:00:00 PM,47,30,17
05/31/2016 03:00:00 PM,72,20,52
05/31/2016 04:00:00 PM,149,42,107
05/31/2016 05:00:00 PM,229,64,165
05/31/2016 06:00:00 PM,96,30,66
05/31/2016 07:00:00 PM,35,9,26
05/31/2016 08:00:00 PM,21,12,9
05/31/2016 09:00:00 PM,19,7,12
05/31/2016 10:00:00 PM,10,1,9
05/31/2016 11:00:00 PM,5,4,1
06/01/2016 12:00:00 AM,1,0,1
06/01/2016 01:00:00 AM,0,0,0
06/01/2016 02:00:00 AM,3,1,2
06/01/2016 03:00:00 AM,1,1,0
06/01/2016 04:00:00 AM,3,1,2
06/01/2016 05:00:00 AM,13,7,6
06/01/2016 06:00:00 AM,50,28,22
06/01/2016 07:00:00 AM,113,50,63
06/01/2016 08:00:00 AM,180,78,102
06/01/2016 09:00:00 AM,87,40,47
06/01/2016 10:00:00 AM,41,13,28
06/01/2016 11:00:00 AM,35,19,16
06/01/2016 12:00:00 PM,38,22,16
06/01/2016 01:00:00 PM,30,8,22
06/01/2016 02:00:00 PM,51,23,28
06/01/2016 03:00:00 PM,70,23,47
06/01/2016 04:00:00 PM,154,51,103
06/01/2016 05:00:00 PM,230,68,162
06/01/2016 06:00:00 PM,117,36,81
06/01/2016 07:00:00 PM,45,18,27
06/01/2016 08:00:00 PM,18,7,11
06/01/2016 09:00:00 PM,7,2,5
06/01/2016 10:00:00 PM,9,5,4
06/01/2016 11:00:00 PM,7,5,2
06/02/2016 12:00:00 AM,2,1,1
06/02/2016 01:00:00 AM,0,0,0
06/02/2016 02:00:00 AM,1,1,0
06/02/2016 03:00:00 AM,0,0,0
06/02/2016 04:00:00 AM,0,0,0
06/02/2016 05:00:00 AM,9,7,2
06/02/2016 06:00:00 AM,39,22,17
06/02/2016 07:00:00 AM,86,38,48
06/02/2016 08:00:00 AM,116,57,59
06/02/2016 09:00:00 AM,85,38,47
06/02/2016 10:00:00 AM,36,12,24
06/02/2016 11:00:00 AM,30,10,20
06/02/2016 12:00:00 PM,36,19,17
06/02/2016 01:00:00 PM,32,16,16
06/02/2016 02:00:00 PM,37,16,21
06/02/2016 03:00:00 PM,55,18,37
06/02/2016 04:00:00 PM,122,32,90
06/02/2016 05:00:00 PM,207,50,157
06/02/2016 06:00:00 PM,99,40,59
06/02/2016 07:00:00 PM,58,18,40
06/02/2016 08:00:00 PM,23,6,17
06/02/2016 09:00:00 PM,12,7,5
06/02/2016 10:00:00 PM,9,8,1
06/02/2016 11:00:00 PM,2,2,0
06/03/2016 12:00:00 AM,2,1,1
06/03/2016 01:00:00 AM,0,0,0
06/03/2016 02:00:00 AM,1,0,1
06/03/2016 03:00:00 AM,0,0,0
06/03/2016 04:00:00 AM,1,0,1
06/03/2016 05:00:00 AM,9,5,4
06/03/2016 06:00:00 AM,34,18,16
06/03/2016 07:00:00 AM,87,47,40
06/03/2016 08:00:00 AM,128,52,76
06/03/2016 09:00:00 AM,81,28,53
06/03/2016 10:00:00 AM,33,18,15
06/03/2016 11:00:00 AM,40,16,24
06/03/2016 12:00:00 PM,30,16,14
06/03/2016 01:00:00 PM,37,16,21
06/03/2016 02:00:00 PM,45,21,24
06/03/2016 03:00:00 PM,86,25,61
06/03/2016 04:00:00 PM,132,43,89
06/03/2016 05:00:00 PM,163,48,115
06/03/2016 06:00:00 PM,101,41,60
06/03/2016 07:00:00 PM,24,10,14
06/03/2016 08:00:00 PM,14,6,8
06/03/2016 09:00:00 PM,12,4,8
06/03/2016 10:00:00 PM,3,0,3
06/03/2016 11:00:00 PM,6,3,3
06/04/2016 12:00:00 AM,5,3,2
06/04/2016 01:00:00 AM,5,2,3
06/04/2016 02:00:00 AM,4,1,3
06/04/2016 03:00:00 AM,1,1,0
06/04/2016 04:00:00 AM,1,0,1
06/04/2016 05:00:00 AM,2,1,1
06/04/2016 06:00:00 AM,2,1,1
06/04/2016 07:00:00 AM,8,2,6
06/04/2016 08:00:00 AM,11,10,1
06/04/2016 09:00:00 AM,10,6,4
06/04/2016 10:00:00 AM,9,8,1
06/04/2016 11:00:00 AM,14,4,10
06/04/2016 12:00:00 PM,31,13,18
06/04/2016 01:00:00 PM,25,11,14
06/04/2016 02:00:00 PM,25,12,13
06/04/2016 03:00:00 PM,41,11,30
06/04/2016 04:00:00 PM,47,14,33
06/04/2016 05:00:00 PM,26,12,14
06/04/2016 06:00:00 PM,31,20,11
06/04/2016 07:00:00 PM,16,10,6
06/04/2016 08:00:00 PM,16,8,8
06/04/2016 09:00:00 PM,14,7,7
06/04/2016 10:00:00 PM,7,2,5
06/04/2016 11:00:00 PM,5,3,2
06/05/2016 12:00:00 AM,5,0,5
06/05/2016 01:00:00 AM,9,3,6
06/05/2016 02:00:00 AM,1,0,1
06/05/2016 03:00:00 AM,0,0,0
06/05/2016 04:00:00 AM,2,1,1
06/05/2016 05:00:00 AM,1,0,1
06/05/2016 06:00:00 AM,2,1,1
06/05/2016 07:00:00 AM,4,2,2
06/05/2016 08:00:00 AM,5,3,2
06/05/2016 09:00:00 AM,14,8,6
06/05/2016 10:00:00 AM,7,4,3
06/05/2016 11:00:00 AM,7,3,4
06/05/2016 12:00:00 PM,20,8,12
06/05/2016 01:00:00 PM,36,15,21
06/05/2016 02:00:00 PM,29,19,10
06/05/2016 03:00:00 PM,31,14,17
06/05/2016 04:00:00 PM,25,10,15
06/05/2016 05:00:00 PM,30,16,14
06/05/2016 06:00:00 PM,19,8,11
06/05/2016 07:00:00 PM,17,4,13
06/05/2016 08:00:00 PM,10,8,2
06/05/2016 09:00:00 PM,13,5,8
06/05/2016 10:00:00 PM,9,3,6
06/05/2016 11:00:00 PM,1,1,0
06/06/2016 12:00:00 AM,4,1,3
06/06/2016 01:00:00 AM,1,0,1
06/06/2016 02:00:00 AM,2,0,2
06/06/2016 03:00:00 AM,0,0,0
06/06/2016 04:00:00 AM,1,1,0
06/06/2016 05:00:00 AM,9,7,2
06/06/2016 06:00:00 AM,47,27,20
06/06/2016 07:00:00 AM,107,44,63
06/06/2016 08:00:00 AM,152,79,73
06/06/2016 09:00:00 AM,79,34,45
06/06/2016 10:00:00 AM,25,15,10
06/06/2016 11:00:00 AM,30,13,17
06/06/2016 12:00:00 PM,22,10,12
06/06/2016 01:00:00 PM,25,12,13
06/06/2016 02:00:00 PM,37,10,27
06/06/2016 03:00:00 PM,55,17,38
06/06/2016 04:00:00 PM,147,39,108
06/06/2016 05:00:00 PM,219,68,151
06/06/2016 06:00:00 PM,121,37,84
06/06/2016 07:00:00 PM,34,10,24
06/06/2016 08:00:00 PM,17,5,12
06/06/2016 09:00:00 PM,22,10,12
06/06/2016 10:00:00 PM,8,2,6
06/06/2016 11:00:00 PM,1,0,1
06/07/2016 12:00:00 AM,6,1,5
06/07/2016 01:00:00 AM,0,0,0
06/07/2016 02:00:00 AM,2,1,1
06/07/2016 03:00:00 AM,0,0,0
06/07/2016 04:00:00 AM,0,0,0
06/07/2016 05:00:00 AM,8,5,3
06/07/2016 06:00:00 AM,43,19,24
06/07/2016 07:00:00 AM,112,49,63
06/07/2016 08:00:00 AM,138,69,69
06/07/2016 09:00:00 AM,86,42,44
06/07/2016 10:00:00 AM,33,18,15
06/07/2016 11:00:00 AM,36,21,15
06/07/2016 12:00:00 PM,50,28,22
06/07/2016 01:00:00 PM,44,17,27
06/07/2016 02:00:00 PM,40,16,24
06/07/2016 03:00:00 PM,51,22,29
06/07/2016 04:00:00 PM,167,52,115
06/07/2016 05:00:00 PM,230,62,168
06/07/2016 06:00:00 PM,134,34,100
06/07/2016 07:00:00 PM,41,18,23
06/07/2016 08:00:00 PM,26,13,13
06/07/2016 09:00:00 PM,31,8,23
06/07/2016 10:00:00 PM,13,10,3
06/07/2016 11:00:00 PM,1,0,1
06/08/2016 12:00:00 AM,9,4,5
06/08/2016 01:00:00 AM,1,0,1
06/08/2016 02:00:00 AM,1,1,0
06/08/2016 03:00:00 AM,0,0,0
06/08/2016 04:00:00 AM,0,0,0
06/08/2016 05:00:00 AM,10,7,3
06/08/2016 06:00:00 AM,45,17,28
06/08/2016 07:00:00 AM,105,43,62
06/08/2016 08:00:00 AM,153,69,84
06/08/2016 09:00:00 AM,83,42,41
06/08/2016 10:00:00 AM,32,13,19
06/08/2016 11:00:00 AM,35,14,21
06/08/2016 12:00:00 PM,44,24,20
06/08/2016 01:00:00 PM,35,17,18
06/08/2016 02:00:00 PM,36,13,23
06/08/2016 03:00:00 PM,52,16,36
06/08/2016 04:00:00 PM,118,35,83
06/08/2016 05:00:00 PM,198,60,138
06/08/2016 06:00:00 PM,116,31,85
06/08/2016 07:00:00 PM,35,11,24
06/08/2016 08:00:00 PM,31,16,15
06/08/2016 09:00:00 PM,16,7,9
06/08/2016 10:00:00 PM,10,6,4
06/08/2016 11:00:00 PM,4,1,3
06/09/2016 12:00:00 AM,2,1,1
06/09/2016 01:00:00 AM,3,3,0
06/09/2016 02:00:00 AM,2,1,1
06/09/2016 03:00:00 AM,0,0,0
06/09/2016 04:00:00 AM,1,0,1
06/09/2016 05:00:00 AM,7,6,1
06/09/2016 06:00:00 AM,29,16,13
06/09/2016 07:00:00 AM,90,43,47
06/09/2016 08:00:00 AM,124,53,71
06/09/2016 09:00:00 AM,79,32,47
06/09/2016 10:00:00 AM,37,21,16
06/09/2016 11:00:00 AM,28,16,12
06/09/2016 12:00:00 PM,27,14,13
06/09/2016 01:00:00 PM,35,13,22
06/09/2016 02:00:00 PM,34,15,19
06/09/2016 03:00:00 PM,46,21,25
06/09/2016 04:00:00 PM,128,31,97
06/09/2016 05:00:00 PM,188,57,131
06/09/2016 06:00:00 PM,94,29,65
06/09/2016 07:00:00 PM,51,19,32
06/09/2016 08:00:00 PM,19,4,15
06/09/2016 09:00:00 PM,8,3,5
06/09/2016 10:00:00 PM,7,6,1
06/09/2016 11:00:00 PM,4,3,1
06/10/2016 12:00:00 AM,0,0,0
06/10/2016 01:00:00 AM,2,0,2
06/10/2016 02:00:00 AM,0,0,0
06/10/2016 03:00:00 AM,1,1,0
06/10/2016 04:00:00 AM,1,0,1
06/10/2016 05:00:00 AM,6,3,3
06/10/2016 06:00:00 AM,35,17,18
06/10/2016 07:00:00 AM,48,25,23
06/10/2016 08:00:00 AM,114,53,61
06/10/2016 09:00:00 AM,56,33,23
06/10/2016 10:00:00 AM,29,15,14
06/10/2016 11:00:00 AM,30,11,19
06/10/2016 12:00:00 PM,31,16,15
06/10/2016 01:00:00 PM,46,20,26
06/10/2016 02:00:00 PM,41,12,29
06/10/2016 03:00:00 PM,58,22,36
06/10/2016 04:00:00 PM,113,39,74
06/10/2016 05:00:00 PM,136,37,99
06/10/2016 06:00:00 PM,58,14,44
06/10/2016 07:00:00 PM,30,12,18
06/10/2016 08:00:00 PM,19,10,9
06/10/2016 09:00:00 PM,9,4,5
06/10/2016 10:00:00 PM,12,3,9
06/10/2016 11:00:00 PM,3,2,1
06/11/2016 12:00:00 AM,2,0,2
06/11/2016 01:00:00 AM,2,0,2
06/11/2016 02:00:00 AM,0,0,0
06/11/2016 03:00:00 AM,0,0,0
06/11/2016 04:00:00 AM,0,0,0
06/11/2016 05:00:00 AM,0,0,0
06/11/2016 06:00:00 AM,5,2,3
06/11/2016 07:00:00 AM,3,2,1
06/11/2016 08:00:00 AM,11,5,6
06/11/2016 09:00:00 AM,14,7,7
06/11/2016 10:00:00 AM,13,9,4
06/11/2016 11:00:00 AM,18,4,14
06/11/2016 12:00:00 PM,16,9,7
06/11/2016 01:00:00 PM,31,15,16
06/11/2016 02:00:00 PM,24,15,9
06/11/2016 03:00:00 PM,27,11,16
06/11/2016 04:00:00 PM,21,8,13
06/11/2016 05:00:00 PM,25,10,15
06/11/2016 06:00:00 PM,22,9,13
06/11/2016 07:00:00 PM,17,10,7
06/11/2016 08:00:00 PM,13,8,5
06/11/2016 09:00:00 PM,5,5,0
06/11/2016 10:00:00 PM,9,6,3
06/11/2016 11:00:00 PM,8,3,5
06/12/2016 12:00:00 AM,6,4,2
06/12/2016 01:00:00 AM,2,1,1
06/12/2016 02:00:00 AM,3,1,2
06/12/2016 03:00:00 AM,0,0,0
06/12/2016 04:00:00 AM,0,0,0
06/12/2016 05:00:00 AM,0,0,0
06/12/2016 06:00:00 AM,1,1,0
06/12/2016 07:00:00 AM,3,2,1
06/12/2016 08:00:00 AM,10,5,5
06/12/2016 09:00:00 AM,16,3,13
06/12/2016 10:00:00 AM,15,4,11
06/12/2016 11:00:00 AM,32,10,22
06/12/2016 12:00:00 PM,39,14,25
06/12/2016 01:00:00 PM,29,6,23
06/12/2016 02:00:00 PM,21,11,10
06/12/2016 03:00:00 PM,17,10,7
06/12/2016 04:00:00 PM,38,17,21
06/12/2016 05:00:00 PM,19,8,11
06/12/2016 06:00:00 PM,25,10,15
06/12/2016 07:00:00 PM,23,10,13
06/12/2016 08:00:00 PM,10,2,8
06/12/2016 09:00:00 PM,7,4,3
06/12/2016 10:00:00 PM,1,0,1
06/12/2016 11:00:00 PM,2,2,0
06/13/2016 12:00:00 AM,5,0,5
06/13/2016 01:00:00 AM,0,0,0
06/13/2016 02:00:00 AM,2,0,2
06/13/2016 03:00:00 AM,0,0,0
06/13/2016 04:00:00 AM,2,0,2
06/13/2016 05:00:00 AM,13,7,6
06/13/2016 06:00:00 AM,33,20,13
06/13/2016 07:00:00 AM,94,35,59
06/13/2016 08:00:00 AM,119,58,61
06/13/2016 09:00:00 AM,66,27,39
06/13/2016 10:00:00 AM,29,16,13
06/13/2016 11:00:00 AM,19,10,9
06/13/2016 12:00:00 PM,30,13,17
06/13/2016 01:00:00 PM,26,9,17
06/13/2016 02:00:00 PM,39,18,21
06/13/2016 03:00:00 PM,48,20,28
06/13/2016 04:00:00 PM,112,26,86
06/13/2016 05:00:00 PM,180,52,128
06/13/2016 06:00:00 PM,96,30,66
06/13/2016 07:00:00 PM,37,19,18
06/13/2016 08:00:00 PM,7,4,3
06/13/2016 09:00:00 PM,13,5,8
06/13/2016 10:00:00 PM,8,6,2
06/13/2016 11:00:00 PM,3,2,1
06/14/2016 12:00:00 AM,4,2,2
06/14/2016 01:00:00 AM,0,0,0
06/14/2016 02:00:00 AM,1,1,0
06/14/2016 03:00:00 AM,0,0,0
06/14/2016 04:00:00 AM,0,0,0
06/14/2016 05:00:00 AM,4,4,0
06/14/2016 06:00:00 AM,23,12,11
06/14/2016 07:00:00 AM,62,24,38
06/14/2016 08:00:00 AM,105,56,49
06/14/2016 09:00:00 AM,59,25,34
06/14/2016 10:00:00 AM,24,13,11
06/14/2016 11:00:00 AM,23,10,13
06/14/2016 12:00:00 PM,37,23,14
06/14/2016 01:00:00 PM,31,12,19
06/14/2016 02:00:00 PM,43,23,20
06/14/2016 03:00:00 PM,51,24,27
06/14/2016 04:00:00 PM,98,25,73
06/14/2016 05:00:00 PM,182,51,131
06/14/2016 06:00:00 PM,89,21,68
06/14/2016 07:00:00 PM,33,10,23
06/14/2016 08:00:00 PM,16,7,9
06/14/2016 09:00:00 PM,27,17,10
06/14/2016 10:00:00 PM,4,2,2
06/14/2016 11:00:00 PM,4,2,2
06/15/2016 12:00:00 AM,6,4,2
06/15/2016 01:00:00 AM,1,1,0
06/15/2016 02:00:00 AM,0,0,0
06/15/2016 03:00:00 AM,0,0,0
06/15/2016 04:00:00 AM,0,0,0
06/15/2016 05:00:00 AM,9,5,4
06/15/2016 06:00:00 AM,37,18,19
06/15/2016 07:00:00 AM,98,45,53
06/15/2016 08:00:00 AM,144,64,80
06/15/2016 09:00:00 AM,73,40,33
06/15/2016 10:00:00 AM,32,16,16
06/15/2016 11:00:00 AM,34,15,19
06/15/2016 12:00:00 PM,37,21,16
06/15/2016 01:00:00 PM,38,13,25
06/15/2016 02:00:00 PM,44,19,25
06/15/2016 03:00:00 PM,67,28,39
06/15/2016 04:00:00 PM,120,41,79
06/15/2016 05:00:00 PM,213,63,150
06/15/2016 06:00:00 PM,116,33,83
06/15/2016 07:00:00 PM,35,12,23
06/15/2016 08:00:00 PM,16,7,9
06/15/2016 09:00:00 PM,12,5,7
06/15/2016 10:00:00 PM,8,6,2
06/15/2016 11:00:00 PM,1,0,1
06/16/2016 12:00:00 AM,5,3,2
06/16/2016 01:00:00 AM,3,1,2
06/16/2016 02:00:00 AM,1,0,1
06/16/2016 03:00:00 AM,0,0,0
06/16/2016 04:00:00 AM,0,0,0
06/16/2016 05:00:00 AM,8,6,2
06/16/2016 06:00:00 AM,31,16,15
06/16/2016 07:00:00 AM,93,42,51
06/16/2016 08:00:00 AM,140,68,72
06/16/2016 09:00:00 AM,72,51,21
06/16/2016 10:00:00 AM,48,31,17
06/16/2016 11:00:00 AM,28,9,19
06/16/2016 12:00:00 PM,28,20,8
06/16/2016 01:00:00 PM,49,29,20
06/16/2016 02:00:00 PM,49,28,21
06/16/2016 03:00:00 PM,85,27,58
06/16/2016 04:00:00 PM,135,36,99
06/16/2016 05:00:00 PM,270,77,193
06/16/2016 06:00:00 PM,114,31,83
06/16/2016 07:00:00 PM,32,15,17
06/16/2016 08:00:00 PM,32,18,14
06/16/2016 09:00:00 PM,29,20,9
06/16/2016 10:00:00 PM,17,13,4
06/16/2016 11:00:00 PM,7,4,3
06/17/2016 12:00:00 AM,6,3,3
06/17/2016 01:00:00 AM,1,0,1
06/17/2016 02:00:00 AM,0,0,0
06/17/2016 03:00:00 AM,0,0,0
06/17/2016 04:00:00 AM,3,1,2
06/17/2016 05:00:00 AM,8,4,4
06/17/2016 06:00:00 AM,32,18,14
06/17/2016 07:00:00 AM,83,31,52
06/17/2016 08:00:00 AM,120,49,71
06/17/2016 09:00:00 AM,63,38,25
06/17/2016 10:00:00 AM,26,11,15
06/17/2016 11:00:00 AM,56,23,33
06/17/2016 12:00:00 PM,44,19,25
06/17/2016 01:00:00 PM,39,15,24
06/17/2016 02:00:00 PM,50,20,30
06/17/2016 03:00:00 PM,73,29,44
06/17/2016 04:00:00 PM,99,34,65
06/17/2016 05:00:00 PM,121,42,79
06/17/2016 06:00:00 PM,84,37,47
06/17/2016 07:00:00 PM,24,10,14
06/17/2016 08:00:00 PM,14,5,9
06/17/2016 09:00:00 PM,7,3,4
06/17/2016 10:00:00 PM,4,1,3
06/17/2016 11:00:00 PM,3,3,0
06/18/2016 12:00:00 AM,1,1,0
06/18/2016 01:00:00 AM,0,0,0
06/18/2016 02:00:00 AM,1,0,1
06/18/2016 03:00:00 AM,0,0,0
06/18/2016 04:00:00 AM,2,1,1
06/18/2016 05:00:00 AM,2,2,0
06/18/2016 06:00:00 AM,5,1,4
06/18/2016 07:00:00 AM,5,2,3
06/18/2016 08:00:00 AM,14,7,7
06/18/2016 09:00:00 AM,14,13,1
06/18/2016 10:00:00 AM,6,5,1
06/18/2016 11:00:00 AM,15,10,5
06/18/2016 12:00:00 PM,12,5,7
06/18/2016 01:00:00 PM,29,15,14
06/18/2016 02:00:00 PM,20,14,6
06/18/2016 03:00:00 PM,8,2,6
06/18/2016 04:00:00 PM,23,7,16
06/18/2016 05:00:00 PM,16,3,13
06/18/2016 06:00:00 PM,22,6,16
06/18/2016 07:00:00 PM,10,7,3
06/18/2016 08:00:00 PM,7,3,4
06/18/2016 09:00:00 PM,8,2,6
06/18/2016 10:00:00 PM,7,4,3
06/18/2016 11:00:00 PM,4,2,2
06/19/2016 12:00:00 AM,6,4,2
06/19/2016 01:00:00 AM,2,0,2
06/19/2016 02:00:00 AM,1,0,1
06/19/2016 03:00:00 AM,2,0,2
06/19/2016 04:00:00 AM,1,0,1
06/19/2016 05:00:00 AM,0,0,0
06/19/2016 06:00:00 AM,5,0,5
06/19/2016 07:00:00 AM,8,3,5
06/19/2016 08:00:00 AM,18,9,9
06/19/2016 09:00:00 AM,15,6,9
06/19/2016 10:00:00 AM,15,6,9
06/19/2016 11:00:00 AM,27,8,19
06/19/2016 12:00:00 PM,23,11,12
06/19/2016 01:00:00 PM,34,24,10
06/19/2016 02:00:00 PM,23,7,16
06/19/2016 03:00:00 PM,24,11,13
06/19/2016 04:00:00 PM,13,3,10
06/19/2016 05:00:00 PM,17,9,8
06/19/2016 06:00:00 PM,17,7,10
06/19/2016 07:00:00 PM,9,5,4
06/19/2016 08:00:00 PM,15,9,6
06/19/2016 09:00:00 PM,7,4,3
06/19/2016 10:00:00 PM,4,3,1
06/19/2016 11:00:00 PM,8,7,1
06/20/2016 12:00:00 AM,2,2,0
06/20/2016 01:00:00 AM,1,0,1
06/20/2016 02:00:00 AM,3,2,1
06/20/2016 03:00:00 AM,0,0,0
06/20/2016 04:00:00 AM,4,1,3
06/20/2016 05:00:00 AM,12,5,7
06/20/2016 06:00:00 AM,35,14,21
06/20/2016 07:00:00 AM,92,38,54
06/20/2016 08:00:00 AM,136,56,80
06/20/2016 09:00:00 AM,81,43,38
06/20/2016 10:00:00 AM,35,20,15
06/20/2016 11:00:00 AM,27,16,11
06/20/2016 12:00:00 PM,33,17,16
06/20/2016 01:00:00 PM,23,8,15
06/20/2016 02:00:00 PM,24,11,13
06/20/2016 03:00:00 PM,48,17,31
06/20/2016 04:00:00 PM,131,34,97
06/20/2016 05:00:00 PM,190,52,138
06/20/2016 06:00:00 PM,110,42,68
06/20/2016 07:00:00 PM,43,16,27
06/20/2016 08:00:00 PM,16,5,11
06/20/2016 09:00:00 PM,16,8,8
06/20/2016 10:00:00 PM,0,0,0
06/20/2016 11:00:00 PM,1,0,1
06/21/2016 12:00:00 AM,3,1,2
06/21/2016 01:00:00 AM,0,0,0
06/21/2016 02:00:00 AM,1,0,1
06/21/2016 03:00:00 AM,2,1,1
06/21/2016 04:00:00 AM,0,0,0
06/21/2016 05:00:00 AM,12,5,7
06/21/2016 06:00:00 AM,34,11,23
06/21/2016 07:00:00 AM,88,37,51
06/21/2016 08:00:00 AM,139,59,80
06/21/2016 09:00:00 AM,64,31,33
06/21/2016 10:00:00 AM,29,11,18
06/21/2016 11:00:00 AM,28,14,14
06/21/2016 12:00:00 PM,50,31,19
06/21/2016 01:00:00 PM,35,19,16
06/21/2016 02:00:00 PM,52,27,25
06/21/2016 03:00:00 PM,55,18,37
06/21/2016 04:00:00 PM,122,38,84
06/21/2016 05:00:00 PM,197,64,133
06/21/2016 06:00:00 PM,105,33,72
06/21/2016 07:00:00 PM,39,15,24
06/21/2016 08:00:00 PM,32,14,18
06/21/2016 09:00:00 PM,17,3,14
06/21/2016 10:00:00 PM,5,1,4
06/21/2016 11:00:00 PM,15,8,7
06/22/2016 12:00:00 AM,4,2,2
06/22/2016 01:00:00 AM,0,0,0
06/22/2016 02:00:00 AM,1,0,1
06/22/2016 03:00:00 AM,0,0,0
06/22/2016 04:00:00 AM,0,0,0
06/22/2016 05:00:00 AM,11,8,3
06/22/2016 06:00:00 AM,39,19,20
06/22/2016 07:00:00 AM,100,34,66
06/22/2016 08:00:00 AM,129,57,72
06/22/2016 09:00:00 AM,79,35,44
06/22/2016 10:00:00 AM,32,10,22
06/22/2016 11:00:00 AM,31,15,16
06/22/2016 12:00:00 PM,39,22,17
06/22/2016 01:00:00 PM,36,15,21
06/22/2016 02:00:00 PM,59,20,39
06/22/2016 03:00:00 PM,71,29,42
06/22/2016 04:00:00 PM,129,39,90
06/22/2016 05:00:00 PM,220,72,148
06/22/2016 06:00:00 PM,118,42,76
06/22/2016 07:00:00 PM,41,15,26
06/22/2016 08:00:00 PM,29,12,17
06/22/2016 09:00:00 PM,19,6,13
06/22/2016 10:00:00 PM,6,1,5
06/22/2016 11:00:00 PM,9,5,4
06/23/2016 12:00:00 AM,5,1,4
06/23/2016 01:00:00 AM,0,0,0
06/23/2016 02:00:00 AM,2,1,1
06/23/2016 03:00:00 AM,2,1,1
06/23/2016 04:00:00 AM,0,0,0
06/23/2016 05:00:00 AM,9,6,3
06/23/2016 06:00:00 AM,22,10,12
06/23/2016 07:00:00 AM,41,21,20
06/23/2016 08:00:00 AM,86,40,46
06/23/2016 09:00:00 AM,56,28,28
06/23/2016 10:00:00 AM,33,17,16
06/23/2016 11:00:00 AM,22,15,7
06/23/2016 12:00:00 PM,37,21,16
06/23/2016 01:00:00 PM,31,11,20
06/23/2016 02:00:00 PM,30,12,18
06/23/2016 03:00:00 PM,41,12,29
06/23/2016 04:00:00 PM,89,27,62
06/23/2016 05:00:00 PM,128,34,94
06/23/2016 06:00:00 PM,62,23,39
06/23/2016 07:00:00 PM,33,14,19
06/23/2016 08:00:00 PM,14,2,12
06/23/2016 09:00:00 PM,7,3,4
06/23/2016 10:00:00 PM,1,1,0
06/23/2016 11:00:00 PM,4,1,3
06/24/2016 12:00:00 AM,2,2,0
06/24/2016 01:00:00 AM,0,0,0
06/24/2016 02:00:00 AM,1,0,1
06/24/2016 03:00:00 AM,1,1,0
06/24/2016 04:00:00 AM,1,0,1
06/24/2016 05:00:00 AM,6,2,4
06/24/2016 06:00:00 AM,30,18,12
06/24/2016 07:00:00 AM,41,25,16
06/24/2016 08:00:00 AM,86,34,52
06/24/2016 09:00:00 AM,44,20,24
06/24/2016 10:00:00 AM,34,20,14
06/24/2016 11:00:00 AM,18,10,8
06/24/2016 12:00:00 PM,40,21,19
06/24/2016 01:00:00 PM,31,12,19
06/24/2016 02:00:00 PM,39,11,28
06/24/2016 03:00:00 PM,62,17,45
06/24/2016 04:00:00 PM,101,28,73
06/24/2016 05:00:00 PM,124,45,79
06/24/2016 06:00:00 PM,71,23,48
06/24/2016 07:00:00 PM,22,15,7
06/24/2016 08:00:00 PM,7,5,2
06/24/2016 09:00:00 PM,15,6,9
06/24/2016 10:00:00 PM,10,6,4
06/24/2016 11:00:00 PM,6,1,5
06/25/2016 12:00:00 AM,5,4,1
06/25/2016 01:00:00 AM,1,0,1
06/25/2016 02:00:00 AM,1,0,1
06/25/2016 03:00:00 AM,1,0,1
06/25/2016 04:00:00 AM,2,1,1
06/25/2016 05:00:00 AM,2,2,0
06/25/2016 06:00:00 AM,4,0,4
06/25/2016 07:00:00 AM,7,4,3
06/25/2016 08:00:00 AM,23,7,16
06/25/2016 09:00:00 AM,16,8,8
06/25/2016 10:00:00 AM,17,6,11
06/25/2016 11:00:00 AM,17,5,12
06/25/2016 12:00:00 PM,36,10,26
06/25/2016 01:00:00 PM,78,26,52
06/25/2016 02:00:00 PM,24,4,20
06/25/2016 03:00:00 PM,31,14,17
06/25/2016 04:00:00 PM,49,30,19
06/25/2016 05:00:00 PM,26,14,12
06/25/2016 06:00:00 PM,31,13,18
06/25/2016 07:00:00 PM,27,12,15
06/25/2016 08:00:00 PM,24,11,13
06/25/2016 09:00:00 PM,7,3,4
06/25/2016 10:00:00 PM,30,15,15
06/25/2016 11:00:00 PM,13,7,6
06/26/2016 12:00:00 AM,4,0,4
06/26/2016 01:00:00 AM,4,2,2
06/26/2016 02:00:00 AM,5,4,1
06/26/2016 03:00:00 AM,0,0,0
06/26/2016 04:00:00 AM,1,0,1
06/26/2016 05:00:00 AM,1,1,0
06/26/2016 06:00:00 AM,5,2,3
06/26/2016 07:00:00 AM,7,5,2
06/26/2016 08:00:00 AM,6,3,3
06/26/2016 09:00:00 AM,16,7,9
06/26/2016 10:00:00 AM,27,19,8
06/26/2016 11:00:00 AM,31,25,6
06/26/2016 12:00:00 PM,37,19,18
06/26/2016 01:00:00 PM,24,12,12
06/26/2016 02:00:00 PM,28,9,19
06/26/2016 03:00:00 PM,44,20,24
06/26/2016 04:00:00 PM,47,19,28
06/26/2016 05:00:00 PM,35,17,18
06/26/2016 06:00:00 PM,21,5,16
06/26/2016 07:00:00 PM,24,14,10
06/26/2016 08:00:00 PM,15,8,7
06/26/2016 09:00:00 PM,5,2,3
06/26/2016 10:00:00 PM,4,2,2
06/26/2016 11:00:00 PM,4,1,3
06/27/2016 12:00:00 AM,8,3,5
06/27/2016 01:00:00 AM,1,0,1
06/27/2016 02:00:00 AM,0,0,0
06/27/2016 03:00:00 AM,1,0,1
06/27/2016 04:00:00 AM,2,1,1
06/27/2016 05:00:00 AM,12,7,5
06/27/2016 06:00:00 AM,31,18,13
06/27/2016 07:00:00 AM,116,59,57
06/27/2016 08:00:00 AM,137,64,73
06/27/2016 09:00:00 AM,71,44,27
06/27/2016 10:00:00 AM,29,14,15
06/27/2016 11:00:00 AM,32,14,18
06/27/2016 12:00:00 PM,32,16,16
06/27/2016 01:00:00 PM,35,21,14
06/27/2016 02:00:00 PM,32,13,19
06/27/2016 03:00:00 PM,53,18,35
06/27/2016 04:00:00 PM,135,31,104
06/27/2016 05:00:00 PM,197,59,138
06/27/2016 06:00:00 PM,105,38,67
06/27/2016 07:00:00 PM,39,17,22
06/27/2016 08:00:00 PM,23,8,15
06/27/2016 09:00:00 PM,14,6,8
06/27/2016 10:00:00 PM,7,4,3
06/27/2016 11:00:00 PM,4,1,3
06/28/2016 12:00:00 AM,8,3,5
06/28/2016 01:00:00 AM,0,0,0
06/28/2016 02:00:00 AM,2,0,2
06/28/2016 03:00:00 AM,1,0,1
06/28/2016 04:00:00 AM,2,1,1
06/28/2016 05:00:00 AM,13,6,7
06/28/2016 06:00:00 AM,43,18,25
06/28/2016 07:00:00 AM,106,52,54
06/28/2016 08:00:00 AM,133,56,77
06/28/2016 09:00:00 AM,85,39,46
06/28/2016 10:00:00 AM,39,17,22
06/28/2016 11:00:00 AM,34,19,15
06/28/2016 12:00:00 PM,31,17,14
06/28/2016 01:00:00 PM,32,12,20
06/28/2016 02:00:00 PM,29,10,19
06/28/2016 03:00:00 PM,65,21,44
06/28/2016 04:00:00 PM,134,40,94
06/28/2016 05:00:00 PM,185,57,128
06/28/2016 06:00:00 PM,119,54,65
06/28/2016 07:00:00 PM,42,18,24
06/28/2016 08:00:00 PM,31,13,18
06/28/2016 09:00:00 PM,16,6,10
06/28/2016 10:00:00 PM,12,7,5
06/28/2016 11:00:00 PM,5,1,4
06/29/2016 12:00:00 AM,4,2,2
06/29/2016 01:00:00 AM,0,0,0
06/29/2016 02:00:00 AM,1,0,1
06/29/2016 03:00:00 AM,0,0,0
06/29/2016 04:00:00 AM,2,0,2
06/29/2016 05:00:00 AM,10,4,6
06/29/2016 06:00:00 AM,47,26,21
06/29/2016 07:00:00 AM,92,42,50
06/29/2016 08:00:00 AM,137,63,74
06/29/2016 09:00:00 AM,85,40,45
06/29/2016 10:00:00 AM,32,18,14
06/29/2016 11:00:00 AM,31,15,16
06/29/2016 12:00:00 PM,37,12,25
06/29/2016 01:00:00 PM,45,31,14
06/29/2016 02:00:00 PM,45,17,28
06/29/2016 03:00:00 PM,62,19,43
06/29/2016 04:00:00 PM,138,49,89
06/29/2016 05:00:00 PM,194,60,134
06/29/2016 06:00:00 PM,113,39,74
06/29/2016 07:00:00 PM,43,14,29
06/29/2016 08:00:00 PM,27,7,20
06/29/2016 09:00:00 PM,15,9,6
06/29/2016 10:00:00 PM,18,12,6
06/29/2016 11:00:00 PM,3,2,1
06/30/2016 12:00:00 AM,3,1,2
06/30/2016 01:00:00 AM,0,0,0
06/30/2016 02:00:00 AM,2,1,1
06/30/2016 03:00:00 AM,0,0,0
06/30/2016 04:00:00 AM,2,1,1
06/30/2016 05:00:00 AM,9,5,4
06/30/2016 06:00:00 AM,37,18,19
06/30/2016 07:00:00 AM,85,41,44
06/30/2016 08:00:00 AM,131,54,77
06/30/2016 09:00:00 AM,69,39,30
06/30/2016 10:00:00 AM,42,19,23
06/30/2016 11:00:00 AM,32,12,20
06/30/2016 12:00:00 PM,44,24,20
06/30/2016 01:00:00 PM,34,15,19
06/30/2016 02:00:00 PM,44,15,29
06/30/2016 03:00:00 PM,72,22,50
06/30/2016 04:00:00 PM,127,38,89
06/30/2016 05:00:00 PM,195,62,133
06/30/2016 06:00:00 PM,105,31,74
06/30/2016 07:00:00 PM,45,13,32
06/30/2016 08:00:00 PM,16,5,11
06/30/2016 09:00:00 PM,25,6,19
06/30/2016 10:00:00 PM,11,9,2
06/30/2016 11:00:00 PM,12,3,9
07/01/2016 12:00:00 AM,4,2,2
07/01/2016 01:00:00 AM,1,1,0
07/01/2016 02:00:00 AM,3,0,3
07/01/2016 03:00:00 AM,0,0,0
07/01/2016 04:00:00 AM,3,1,2
07/01/2016 05:00:00 AM,6,3,3
07/01/2016 06:00:00 AM,44,20,24
07/01/2016 07:00:00 AM,59,33,26
07/01/2016 08:00:00 AM,98,38,60
07/01/2016 09:00:00 AM,66,31,35
07/01/2016 10:00:00 AM,30,22,8
07/01/2016 11:00:00 AM,29,12,17
07/01/2016 12:00:00 PM,38,22,16
07/01/2016 01:00:00 PM,42,17,25
07/01/2016 02:00:00 PM,50,20,30
07/01/2016 03:00:00 PM,82,25,57
07/01/2016 04:00:00 PM,122,44,78
07/01/2016 05:00:00 PM,115,35,80
07/01/2016 06:00:00 PM,83,16,67
07/01/2016 07:00:00 PM,31,10,21
07/01/2016 08:00:00 PM,21,9,12
07/01/2016 09:00:00 PM,17,7,10
07/01/2016 10:00:00 PM,16,13,3
07/01/2016 11:00:00 PM,1,0,1
07/02/2016 12:00:00 AM,5,4,1
07/02/2016 01:00:00 AM,6,1,5
07/02/2016 02:00:00 AM,1,0,1
07/02/2016 03:00:00 AM,0,0,0
07/02/2016 04:00:00 AM,1,1,0
07/02/2016 05:00:00 AM,0,0,0
07/02/2016 06:00:00 AM,5,0,5
07/02/2016 07:00:00 AM,8,4,4
07/02/2016 08:00:00 AM,18,5,13
07/02/2016 09:00:00 AM,17,2,15
07/02/2016 10:00:00 AM,23,11,12
07/02/2016 11:00:00 AM,22,4,18
07/02/2016 12:00:00 PM,33,16,17
07/02/2016 01:00:00 PM,22,13,9
07/02/2016 02:00:00 PM,19,7,12
07/02/2016 03:00:00 PM,45,20,25
07/02/2016 04:00:00 PM,22,8,14
07/02/2016 05:00:00 PM,29,8,21
07/02/2016 06:00:00 PM,12,2,10
07/02/2016 07:00:00 PM,13,6,7
07/02/2016 08:00:00 PM,21,12,9
07/02/2016 09:00:00 PM,12,4,8
07/02/2016 10:00:00 PM,7,5,2
07/02/2016 11:00:00 PM,9,5,4
07/03/2016 12:00:00 AM,0,0,0
07/03/2016 01:00:00 AM,4,2,2
07/03/2016 02:00:00 AM,2,1,1
07/03/2016 03:00:00 AM,0,0,0
07/03/2016 04:00:00 AM,0,0,0
07/03/2016 05:00:00 AM,0,0,0
07/03/2016 06:00:00 AM,3,1,2
07/03/2016 07:00:00 AM,8,3,5
07/03/2016 08:00:00 AM,7,4,3
07/03/2016 09:00:00 AM,8,1,7
07/03/2016 10:00:00 AM,13,8,5
07/03/2016 11:00:00 AM,16,6,10
07/03/2016 12:00:00 PM,29,11,18
07/03/2016 01:00:00 PM,21,9,12
07/03/2016 02:00:00 PM,17,9,8
07/03/2016 03:00:00 PM,35,3,32
07/03/2016 04:00:00 PM,30,16,14
07/03/2016 05:00:00 PM,21,14,7
07/03/2016 06:00:00 PM,18,10,8
07/03/2016 07:00:00 PM,11,8,3
07/03/2016 08:00:00 PM,15,7,8
07/03/2016 09:00:00 PM,12,7,5
07/03/2016 10:00:00 PM,6,2,4
07/03/2016 11:00:00 PM,1,0,1
07/04/2016 12:00:00 AM,1,1,0
07/04/2016 01:00:00 AM,0,0,0
07/04/2016 02:00:00 AM,1,0,1
07/04/2016 03:00:00 AM,0,0,0
07/04/2016 04:00:00 AM,0,0,0
07/04/2016 05:00:00 AM,0,0,0
07/04/2016 06:00:00 AM,0,0,0
07/04/2016 07:00:00 AM,10,2,8
07/04/2016 08:00:00 AM,9,4,5
07/04/2016 09:00:00 AM,12,4,8
07/04/2016 10:00:00 AM,19,11,8
07/04/2016 11:00:00 AM,18,9,9
07/04/2016 12:00:00 PM,12,8,4
07/04/2016 01:00:00 PM,25,16,9
07/04/2016 02:00:00 PM,20,9,11
07/04/2016 03:00:00 PM,15,7,8
07/04/2016 04:00:00 PM,16,7,9
07/04/2016 05:00:00 PM,14,7,7
07/04/2016 06:00:00 PM,17,8,9
07/04/2016 07:00:00 PM,13,6,7
07/04/2016 08:00:00 PM,6,2,4
07/04/2016 09:00:00 PM,9,7,2
07/04/2016 10:00:00 PM,7,5,2
07/04/2016 11:00:00 PM,10,0,10
07/05/2016 12:00:00 AM,10,0,10
07/05/2016 01:00:00 AM,1,0,1
07/05/2016 02:00:00 AM,1,1,0
07/05/2016 03:00:00 AM,0,0,0
07/05/2016 04:00:00 AM,2,1,1
07/05/2016 05:00:00 AM,9,5,4
07/05/2016 06:00:00 AM,20,9,11
07/05/2016 07:00:00 AM,54,28,26
07/05/2016 08:00:00 AM,108,47,61
07/05/2016 09:00:00 AM,53,27,26
07/05/2016 10:00:00 AM,31,16,15
07/05/2016 11:00:00 AM,22,11,11
07/05/2016 12:00:00 PM,38,16,22
07/05/2016 01:00:00 PM,30,16,14
07/05/2016 02:00:00 PM,30,6,24
07/05/2016 03:00:00 PM,53,22,31
07/05/2016 04:00:00 PM,92,28,64
07/05/2016 05:00:00 PM,151,41,110
07/05/2016 06:00:00 PM,85,30,55
07/05/2016 07:00:00 PM,43,15,28
07/05/2016 08:00:00 PM,20,10,10
07/05/2016 09:00:00 PM,23,15,8
07/05/2016 10:00:00 PM,12,8,4
07/05/2016 11:00:00 PM,2,0,2
07/06/2016 12:00:00 AM,7,4,3
07/06/2016 01:00:00 AM,3,2,1
07/06/2016 02:00:00 AM,2,2,0
07/06/2016 03:00:00 AM,0,0,0
07/06/2016 04:00:00 AM,2,1,1
07/06/2016 05:00:00 AM,23,11,12
07/06/2016 06:00:00 AM,29,14,15
07/06/2016 07:00:00 AM,91,41,50
07/06/2016 08:00:00 AM,147,63,84
07/06/2016 09:00:00 AM,68,35,33
07/06/2016 10:00:00 AM,26,16,10
07/06/2016 11:00:00 AM,27,14,13
07/06/2016 12:00:00 PM,34,18,16
07/06/2016 01:00:00 PM,36,14,22
07/06/2016 02:00:00 PM,34,16,18
07/06/2016 03:00:00 PM,50,15,35
07/06/2016 04:00:00 PM,130,48,82
07/06/2016 05:00:00 PM,194,52,142
07/06/2016 06:00:00 PM,112,36,76
07/06/2016 07:00:00 PM,46,21,25
07/06/2016 08:00:00 PM,27,9,18
07/06/2016 09:00:00 PM,16,5,11
07/06/2016 10:00:00 PM,9,3,6
07/06/2016 11:00:00 PM,8,4,4
07/07/2016 12:00:00 AM,3,2,1
07/07/2016 01:00:00 AM,1,1,0
07/07/2016 02:00:00 AM,0,0,0
07/07/2016 03:00:00 AM,0,0,0
07/07/2016 04:00:00 AM,3,1,2
07/07/2016 05:00:00 AM,10,5,5
07/07/2016 06:00:00 AM,30,19,11
07/07/2016 07:00:00 AM,60,31,29
07/07/2016 08:00:00 AM,111,54,57
07/07/2016 09:00:00 AM,67,28,39
07/07/2016 10:00:00 AM,31,15,16
07/07/2016 11:00:00 AM,25,15,10
07/07/2016 12:00:00 PM,32,16,16
07/07/2016 01:00:00 PM,29,16,13
07/07/2016 02:00:00 PM,33,16,17
07/07/2016 03:00:00 PM,49,14,35
07/07/2016 04:00:00 PM,114,33,81
07/07/2016 05:00:00 PM,154,44,110
07/07/2016 06:00:00 PM,74,25,49
07/07/2016 07:00:00 PM,28,15,13
07/07/2016 08:00:00 PM,21,8,13
07/07/2016 09:00:00 PM,12,7,5
07/07/2016 10:00:00 PM,8,4,4
07/07/2016 11:00:00 PM,2,1,1
07/08/2016 12:00:00 AM,2,2,0
07/08/2016 01:00:00 AM,1,1,0
07/08/2016 02:00:00 AM,0,0,0
07/08/2016 03:00:00 AM,0,0,0
07/08/2016 04:00:00 AM,2,1,1
07/08/2016 05:00:00 AM,2,2,0
07/08/2016 06:00:00 AM,26,10,16
07/08/2016 07:00:00 AM,59,26,33
07/08/2016 08:00:00 AM,87,33,54
07/08/2016 09:00:00 AM,49,26,23
07/08/2016 10:00:00 AM,18,13,5
07/08/2016 11:00:00 AM,26,17,9
07/08/2016 12:00:00 PM,37,19,18
07/08/2016 01:00:00 PM,40,19,21
07/08/2016 02:00:00 PM,35,13,22
07/08/2016 03:00:00 PM,45,10,35
07/08/2016 04:00:00 PM,97,34,63
07/08/2016 05:00:00 PM,123,38,85
07/08/2016 06:00:00 PM,76,21,55
07/08/2016 07:00:00 PM,28,12,16
07/08/2016 08:00:00 PM,21,11,10
07/08/2016 09:00:00 PM,10,2,8
07/08/2016 10:00:00 PM,4,0,4
07/08/2016 11:00:00 PM,6,3,3
07/09/2016 12:00:00 AM,2,1,1
07/09/2016 01:00:00 AM,3,1,2
07/09/2016 02:00:00 AM,1,1,0
07/09/2016 03:00:00 AM,0,0,0
07/09/2016 04:00:00 AM,2,0,2
07/09/2016 05:00:00 AM,3,1,2
07/09/2016 06:00:00 AM,1,0,1
07/09/2016 07:00:00 AM,12,5,7
07/09/2016 08:00:00 AM,24,9,15
07/09/2016 09:00:00 AM,24,11,13
07/09/2016 10:00:00 AM,36,12,24
07/09/2016 11:00:00 AM,63,7,56
07/09/2016 12:00:00 PM,43,15,28
07/09/2016 01:00:00 PM,32,21,11
07/09/2016 02:00:00 PM,61,48,13
07/09/2016 03:00:00 PM,40,25,15
07/09/2016 04:00:00 PM,32,16,16
07/09/2016 05:00:00 PM,25,10,15
07/09/2016 06:00:00 PM,28,12,16
07/09/2016 07:00:00 PM,14,9,5
07/09/2016 08:00:00 PM,17,9,8
07/09/2016 09:00:00 PM,8,4,4
07/09/2016 10:00:00 PM,4,3,1
07/09/2016 11:00:00 PM,5,3,2
07/10/2016 12:00:00 AM,2,0,2
07/10/2016 01:00:00 AM,3,1,2
07/10/2016 02:00:00 AM,1,0,1
07/10/2016 03:00:00 AM,0,0,0
07/10/2016 04:00:00 AM,0,0,0
07/10/2016 05:00:00 AM,3,0,3
07/10/2016 06:00:00 AM,2,2,0
07/10/2016 07:00:00 AM,5,4,1
07/10/2016 08:00:00 AM,9,2,7
07/10/2016 09:00:00 AM,12,6,6
07/10/2016 10:00:00 AM,19,11,8
07/10/2016 11:00:00 AM,25,6,19
07/10/2016 12:00:00 PM,29,10,19
07/10/2016 01:00:00 PM,25,10,15
07/10/2016 02:00:00 PM,32,13,19
07/10/2016 03:00:00 PM,30,11,19
07/10/2016 04:00:00 PM,49,31,18
07/10/2016 05:00:00 PM,27,11,16
07/10/2016 06:00:00 PM,22,6,16
07/10/2016 07:00:00 PM,13,5,8
07/10/2016 08:00:00 PM,8,5,3
07/10/2016 09:00:00 PM,4,2,2
07/10/2016 10:00:00 PM,3,3,0
07/10/2016 11:00:00 PM,1,1,0
07/11/2016 12:00:00 AM,4,0,4
07/11/2016 01:00:00 AM,0,0,0
07/11/2016 02:00:00 AM,2,1,1
07/11/2016 03:00:00 AM,0,0,0
07/11/2016 04:00:00 AM,2,1,1
07/11/2016 05:00:00 AM,8,6,2
07/11/2016 06:00:00 AM,28,16,12
07/11/2016 07:00:00 AM,93,40,53
07/11/2016 08:00:00 AM,137,58,79
07/11/2016 09:00:00 AM,67,39,28
07/11/2016 10:00:00 AM,29,18,11
07/11/2016 11:00:00 AM,30,16,14
07/11/2016 12:00:00 PM,33,15,18
07/11/2016 01:00:00 PM,32,17,15
07/11/2016 02:00:00 PM,28,12,16
07/11/2016 03:00:00 PM,51,17,34
07/11/2016 04:00:00 PM,121,38,83
07/11/2016 05:00:00 PM,201,59,142
07/11/2016 06:00:00 PM,75,32,43
07/11/2016 07:00:00 PM,37,11,26
07/11/2016 08:00:00 PM,26,15,11
07/11/2016 09:00:00 PM,13,6,7
07/11/2016 10:00:00 PM,2,1,1
07/11/2016 11:00:00 PM,2,0,2
07/12/2016 12:00:00 AM,2,0,2
07/12/2016 01:00:00 AM,1,0,1
07/12/2016 02:00:00 AM,0,0,0
07/12/2016 03:00:00 AM,0,0,0
07/12/2016 04:00:00 AM,2,1,1
07/12/2016 05:00:00 AM,12,4,8
07/12/2016 06:00:00 AM,34,21,13
07/12/2016 07:00:00 AM,102,45,57
07/12/2016 08:00:00 AM,136,53,83
07/12/2016 09:00:00 AM,90,54,36
07/12/2016 10:00:00 AM,29,19,10
07/12/2016 11:00:00 AM,38,20,18
07/12/2016 12:00:00 PM,49,28,21
07/12/2016 01:00:00 PM,35,16,19
07/12/2016 02:00:00 PM,37,20,17
07/12/2016 03:00:00 PM,65,20,45
07/12/2016 04:00:00 PM,125,36,89
07/12/2016 05:00:00 PM,209,70,139
07/12/2016 06:00:00 PM,118,42,76
07/12/2016 07:00:00 PM,52,24,28
07/12/2016 08:00:00 PM,13,6,7
07/12/2016 09:00:00 PM,16,5,11
07/12/2016 10:00:00 PM,8,4,4
07/12/2016 11:00:00 PM,9,6,3
07/13/2016 12:00:00 AM,2,0,2
07/13/2016 01:00:00 AM,2,1,1
07/13/2016 02:00:00 AM,3,1,2
07/13/2016 03:00:00 AM,0,0,0
07/13/2016 04:00:00 AM,0,0,0
07/13/2016 05:00:00 AM,3,1,2
07/13/2016 06:00:00 AM,37,21,16
07/13/2016 07:00:00 AM,95,36,59
07/13/2016 08:00:00 AM,126,59,67
07/13/2016 09:00:00 AM,72,43,29
07/13/2016 10:00:00 AM,41,21,20
07/13/2016 11:00:00 AM,31,14,17
07/13/2016 12:00:00 PM,37,19,18
07/13/2016 01:00:00 PM,36,20,16
07/13/2016 02:00:00 PM,38,16,22
07/13/2016 03:00:00 PM,62,22,40
07/13/2016 04:00:00 PM,150,42,108
07/13/2016 05:00:00 PM,200,61,139
07/13/2016 06:00:00 PM,147,39,108
07/13/2016 07:00:00 PM,65,17,48
07/13/2016 08:00:00 PM,29,10,19
07/13/2016 09:00:00 PM,37,30,7
07/13/2016 10:00:00 PM,13,7,6
07/13/2016 11:00:00 PM,4,3,1
07/14/2016 12:00:00 AM,4,3,1
07/14/2016 01:00:00 AM,0,0,0
07/14/2016 02:00:00 AM,2,1,1
07/14/2016 03:00:00 AM,0,0,0
07/14/2016 04:00:00 AM,2,1,1
07/14/2016 05:00:00 AM,9,6,3
07/14/2016 06:00:00 AM,22,9,13
07/14/2016 07:00:00 AM,96,42,54
07/14/2016 08:00:00 AM,138,58,80
07/14/2016 09:00:00 AM,89,39,50
07/14/2016 10:00:00 AM,47,21,26
07/14/2016 11:00:00 AM,41,21,20
07/14/2016 12:00:00 PM,53,24,29
07/14/2016 01:00:00 PM,30,11,19
07/14/2016 02:00:00 PM,45,25,20
07/14/2016 03:00:00 PM,64,30,34
07/14/2016 04:00:00 PM,130,33,97
07/14/2016 05:00:00 PM,185,56,129
07/14/2016 06:00:00 PM,106,39,67
07/14/2016 07:00:00 PM,59,21,38
07/14/2016 08:00:00 PM,27,9,18
07/14/2016 09:00:00 PM,25,15,10
07/14/2016 10:00:00 PM,7,7,0
07/14/2016 11:00:00 PM,7,4,3
07/15/2016 12:00:00 AM,7,2,5
07/15/2016 01:00:00 AM,1,1,0
07/15/2016 02:00:00 AM,4,3,1
07/15/2016 03:00:00 AM,1,1,0
07/15/2016 04:00:00 AM,0,0,0
07/15/2016 05:00:00 AM,6,4,2
07/15/2016 06:00:00 AM,27,12,15
07/15/2016 07:00:00 AM,74,37,37
07/15/2016 08:00:00 AM,124,38,86
07/15/2016 09:00:00 AM,61,39,22
07/15/2016 10:00:00 AM,31,15,16
07/15/2016 11:00:00 AM,38,18,20
07/15/2016 12:00:00 PM,42,21,21
07/15/2016 01:00:00 PM,43,18,25
07/15/2016 02:00:00 PM,51,21,30
07/15/2016 03:00:00 PM,72,28,44
07/15/2016 04:00:00 PM,155,47,108
07/15/2016 05:00:00 PM,144,38,106
07/15/2016 06:00:00 PM,80,22,58
07/15/2016 07:00:00 PM,24,11,13
07/15/2016 08:00:00 PM,21,12,9
07/15/2016 09:00:00 PM,20,11,9
07/15/2016 10:00:00 PM,21,11,10
07/15/2016 11:00:00 PM,3,2,1
07/16/2016 12:00:00 AM,7,3,4
07/16/2016 01:00:00 AM,3,1,2
07/16/2016 02:00:00 AM,0,0,0
07/16/2016 03:00:00 AM,4,1,3
07/16/2016 04:00:00 AM,2,0,2
07/16/2016 05:00:00 AM,2,1,1
07/16/2016 06:00:00 AM,0,0,0
07/16/2016 07:00:00 AM,5,1,4
07/16/2016 08:00:00 AM,16,7,9
07/16/2016 09:00:00 AM,17,3,14
07/16/2016 10:00:00 AM,18,6,12
07/16/2016 11:00:00 AM,24,3,21
07/16/2016 12:00:00 PM,42,10,32
07/16/2016 01:00:00 PM,27,12,15
07/16/2016 02:00:00 PM,37,11,26
07/16/2016 03:00:00 PM,42,12,30
07/16/2016 04:00:00 PM,36,16,20
07/16/2016 05:00:00 PM,39,18,21
07/16/2016 06:00:00 PM,29,16,13
07/16/2016 07:00:00 PM,19,12,7
07/16/2016 08:00:00 PM,12,5,7
07/16/2016 09:00:00 PM,16,6,10
07/16/2016 10:00:00 PM,9,3,6
07/16/2016 11:00:00 PM,5,3,2
07/17/2016 12:00:00 AM,4,1,3
07/17/2016 01:00:00 AM,2,1,1
07/17/2016 02:00:00 AM,2,0,2
07/17/2016 03:00:00 AM,4,2,2
07/17/2016 04:00:00 AM,1,0,1
07/17/2016 05:00:00 AM,2,2,0
07/17/2016 06:00:00 AM,8,2,6
07/17/2016 07:00:00 AM,5,2,3
07/17/2016 08:00:00 AM,8,2,6
07/17/2016 09:00:00 AM,9,2,7
07/17/2016 10:00:00 AM,18,5,13
07/17/2016 11:00:00 AM,22,6,16
07/17/2016 12:00:00 PM,46,9,37
07/17/2016 01:00:00 PM,25,7,18
07/17/2016 02:00:00 PM,29,10,19
07/17/2016 03:00:00 PM,42,16,26
07/17/2016 04:00:00 PM,42,23,19
07/17/2016 05:00:00 PM,22,15,7
07/17/2016 06:00:00 PM,17,8,9
07/17/2016 07:00:00 PM,13,7,6
07/17/2016 08:00:00 PM,11,3,8
07/17/2016 09:00:00 PM,9,6,3
07/17/2016 10:00:00 PM,7,6,1
07/17/2016 11:00:00 PM,1,1,0
07/18/2016 12:00:00 AM,6,3,3
07/18/2016 01:00:00 AM,0,0,0
07/18/2016 02:00:00 AM,0,0,0
07/18/2016 03:00:00 AM,0,0,0
07/18/2016 04:00:00 AM,2,1,1
07/18/2016 05:00:00 AM,16,9,7
07/18/2016 06:00:00 AM,33,15,18
07/18/2016 07:00:00 AM,106,45,61
07/18/2016 08:00:00 AM,136,50,86
07/18/2016 09:00:00 AM,71,35,36
07/18/2016 10:00:00 AM,28,15,13
07/18/2016 11:00:00 AM,25,14,11
07/18/2016 12:00:00 PM,34,18,16
07/18/2016 01:00:00 PM,19,6,13
07/18/2016 02:00:00 PM,25,7,18
07/18/2016 03:00:00 PM,62,26,36
07/18/2016 04:00:00 PM,134,38,96
07/18/2016 05:00:00 PM,189,56,133
07/18/2016 06:00:00 PM,92,32,60
07/18/2016 07:00:00 PM,36,16,20
07/18/2016 08:00:00 PM,14,4,10
07/18/2016 09:00:00 PM,15,6,9
07/18/2016 10:00:00 PM,15,8,7
07/18/2016 11:00:00 PM,5,3,2
07/19/2016 12:00:00 AM,1,0,1
07/19/2016 01:00:00 AM,0,0,0
07/19/2016 02:00:00 AM,2,2,0
07/19/2016 03:00:00 AM,1,1,0
07/19/2016 04:00:00 AM,1,0,1
07/19/2016 05:00:00 AM,16,11,5
07/19/2016 06:00:00 AM,35,19,16
07/19/2016 07:00:00 AM,99,40,59
07/19/2016 08:00:00 AM,146,52,94
07/19/2016 09:00:00 AM,66,32,34
07/19/2016 10:00:00 AM,27,15,12
07/19/2016 11:00:00 AM,38,24,14
07/19/2016 12:00:00 PM,38,24,14
07/19/2016 01:00:00 PM,35,19,16
07/19/2016 02:00:00 PM,25,11,14
07/19/2016 03:00:00 PM,58,21,37
07/19/2016 04:00:00 PM,127,33,94
07/19/2016 05:00:00 PM,224,76,148
07/19/2016 06:00:00 PM,109,34,75
07/19/2016 07:00:00 PM,46,17,29
07/19/2016 08:00:00 PM,31,12,19
07/19/2016 09:00:00 PM,16,9,7
07/19/2016 10:00:00 PM,22,19,3
07/19/2016 11:00:00 PM,6,3,3
07/20/2016 12:00:00 AM,4,2,2
07/20/2016 01:00:00 AM,3,2,1
07/20/2016 02:00:00 AM,2,2,0
07/20/2016 03:00:00 AM,2,1,1
07/20/2016 04:00:00 AM,2,1,1
07/20/2016 05:00:00 AM,23,16,7
07/20/2016 06:00:00 AM,37,16,21
07/20/2016 07:00:00 AM,90,36,54
07/20/2016 08:00:00 AM,148,68,80
07/20/2016 09:00:00 AM,88,38,50
07/20/2016 10:00:00 AM,39,21,18
07/20/2016 11:00:00 AM,28,16,12
07/20/2016 12:00:00 PM,70,26,44
07/20/2016 01:00:00 PM,27,14,13
07/20/2016 02:00:00 PM,32,10,22
07/20/2016 03:00:00 PM,56,19,37
07/20/2016 04:00:00 PM,114,33,81
07/20/2016 05:00:00 PM,225,65,160
07/20/2016 06:00:00 PM,115,37,78
07/20/2016 07:00:00 PM,38,15,23
07/20/2016 08:00:00 PM,25,11,14
07/20/2016 09:00:00 PM,20,9,11
07/20/2016 10:00:00 PM,16,9,7
07/20/2016 11:00:00 PM,4,3,1
07/21/2016 12:00:00 AM,1,0,1
07/21/2016 01:00:00 AM,0,0,0
07/21/2016 02:00:00 AM,2,0,2
07/21/2016 03:00:00 AM,1,0,1
07/21/2016 04:00:00 AM,6,5,1
07/21/2016 05:00:00 AM,10,7,3
07/21/2016 06:00:00 AM,38,20,18
07/21/2016 07:00:00 AM,92,40,52
07/21/2016 08:00:00 AM,139,52,87
07/21/2016 09:00:00 AM,78,39,39
07/21/2016 10:00:00 AM,35,17,18
07/21/2016 11:00:00 AM,44,18,26
07/21/2016 12:00:00 PM,53,20,33
07/21/2016 01:00:00 PM,44,23,21
07/21/2016 02:00:00 PM,36,17,19
07/21/2016 03:00:00 PM,63,21,42
07/21/2016 04:00:00 PM,151,43,108
07/21/2016 05:00:00 PM,185,66,119
07/21/2016 06:00:00 PM,107,34,73
07/21/2016 07:00:00 PM,46,14,32
07/21/2016 08:00:00 PM,27,9,18
07/21/2016 09:00:00 PM,17,10,7
07/21/2016 10:00:00 PM,11,5,6
07/21/2016 11:00:00 PM,9,4,5
07/22/2016 12:00:00 AM,3,1,2
07/22/2016 01:00:00 AM,3,1,2
07/22/2016 02:00:00 AM,0,0,0
07/22/2016 03:00:00 AM,1,1,0
07/22/2016 04:00:00 AM,1,1,0
07/22/2016 05:00:00 AM,3,2,1
07/22/2016 06:00:00 AM,17,6,11
07/22/2016 07:00:00 AM,29,11,18
07/22/2016 08:00:00 AM,48,19,29
07/22/2016 09:00:00 AM,42,19,23
07/22/2016 10:00:00 AM,43,28,15
07/22/2016 11:00:00 AM,36,14,22
07/22/2016 12:00:00 PM,30,16,14
07/22/2016 01:00:00 PM,38,20,18
07/22/2016 02:00:00 PM,28,14,14
07/22/2016 03:00:00 PM,45,17,28
07/22/2016 04:00:00 PM,68,31,37
07/22/2016 05:00:00 PM,82,29,53
07/22/2016 06:00:00 PM,44,23,21
07/22/2016 07:00:00 PM,26,8,18
07/22/2016 08:00:00 PM,23,8,15
07/22/2016 09:00:00 PM,7,3,4
07/22/2016 10:00:00 PM,5,3,2
07/22/2016 11:00:00 PM,3,2,1
07/23/2016 12:00:00 AM,2,1,1
07/23/2016 01:00:00 AM,2,0,2
07/23/2016 02:00:00 AM,2,1,1
07/23/2016 03:00:00 AM,2,1,1
07/23/2016 04:00:00 AM,2,1,1
07/23/2016 05:00:00 AM,2,0,2
07/23/2016 06:00:00 AM,2,0,2
07/23/2016 07:00:00 AM,3,1,2
07/23/2016 08:00:00 AM,12,7,5
07/23/2016 09:00:00 AM,22,7,15
07/23/2016 10:00:00 AM,14,3,11
07/23/2016 11:00:00 AM,26,6,20
07/23/2016 12:00:00 PM,21,10,11
07/23/2016 01:00:00 PM,45,25,20
07/23/2016 02:00:00 PM,28,11,17
07/23/2016 03:00:00 PM,53,26,27
07/23/2016 04:00:00 PM,34,13,21
07/23/2016 05:00:00 PM,32,11,21
07/23/2016 06:00:00 PM,32,15,17
07/23/2016 07:00:00 PM,23,14,9
07/23/2016 08:00:00 PM,31,12,19
07/23/2016 09:00:00 PM,14,6,8
07/23/2016 10:00:00 PM,7,6,1
07/23/2016 11:00:00 PM,13,7,6
07/24/2016 12:00:00 AM,6,4,2
07/24/2016 01:00:00 AM,0,0,0
07/24/2016 02:00:00 AM,1,1,0
07/24/2016 03:00:00 AM,0,0,0
07/24/2016 04:00:00 AM,2,1,1
07/24/2016 05:00:00 AM,4,0,4
07/24/2016 06:00:00 AM,1,0,1
07/24/2016 07:00:00 AM,7,2,5
07/24/2016 08:00:00 AM,14,4,10
07/24/2016 09:00:00 AM,17,8,9
07/24/2016 10:00:00 AM,25,10,15
07/24/2016 11:00:00 AM,29,9,20
07/24/2016 12:00:00 PM,40,22,18
07/24/2016 01:00:00 PM,30,20,10
07/24/2016 02:00:00 PM,40,17,23
07/24/2016 03:00:00 PM,26,11,15
07/24/2016 04:00:00 PM,32,20,12
07/24/2016 05:00:00 PM,24,9,15
07/24/2016 06:00:00 PM,23,13,10
07/24/2016 07:00:00 PM,30,19,11
07/24/2016 08:00:00 PM,11,6,5
07/24/2016 09:00:00 PM,19,13,6
07/24/2016 10:00:00 PM,3,2,1
07/24/2016 11:00:00 PM,0,0,0
07/25/2016 12:00:00 AM,3,0,3
07/25/2016 01:00:00 AM,0,0,0
07/25/2016 02:00:00 AM,3,2,1
07/25/2016 03:00:00 AM,1,1,0
07/25/2016 04:00:00 AM,2,2,0
07/25/2016 05:00:00 AM,6,2,4
07/25/2016 06:00:00 AM,26,16,10
07/25/2016 07:00:00 AM,111,43,68
07/25/2016 08:00:00 AM,123,55,68
07/25/2016 09:00:00 AM,81,46,35
07/25/2016 10:00:00 AM,27,16,11
07/25/2016 11:00:00 AM,30,12,18
07/25/2016 12:00:00 PM,39,15,24
07/25/2016 01:00:00 PM,34,14,20
07/25/2016 02:00:00 PM,30,16,14
07/25/2016 03:00:00 PM,62,19,43
07/25/2016 04:00:00 PM,145,35,110
07/25/2016 05:00:00 PM,204,69,135
07/25/2016 06:00:00 PM,112,35,77
07/25/2016 07:00:00 PM,31,14,17
07/25/2016 08:00:00 PM,23,7,16
07/25/2016 09:00:00 PM,17,5,12
07/25/2016 10:00:00 PM,11,2,9
07/25/2016 11:00:00 PM,6,1,5
07/26/2016 12:00:00 AM,6,2,4
07/26/2016 01:00:00 AM,3,1,2
07/26/2016 02:00:00 AM,0,0,0
07/26/2016 03:00:00 AM,0,0,0
07/26/2016 04:00:00 AM,2,1,1
07/26/2016 05:00:00 AM,9,5,4
07/26/2016 06:00:00 AM,32,20,12
07/26/2016 07:00:00 AM,109,49,60
07/26/2016 08:00:00 AM,144,65,79
07/26/2016 09:00:00 AM,82,46,36
07/26/2016 10:00:00 AM,36,24,12
07/26/2016 11:00:00 AM,33,17,16
07/26/2016 12:00:00 PM,31,12,19
07/26/2016 01:00:00 PM,32,9,23
07/26/2016 02:00:00 PM,40,13,27
07/26/2016 03:00:00 PM,46,18,28
07/26/2016 04:00:00 PM,169,58,111
07/26/2016 05:00:00 PM,222,68,154
07/26/2016 06:00:00 PM,113,44,69
07/26/2016 07:00:00 PM,51,21,30
07/26/2016 08:00:00 PM,29,12,17
07/26/2016 09:00:00 PM,11,7,4
07/26/2016 10:00:00 PM,10,1,9
07/26/2016 11:00:00 PM,6,3,3
07/27/2016 12:00:00 AM,6,1,5
07/27/2016 01:00:00 AM,1,0,1
07/27/2016 02:00:00 AM,2,1,1
07/27/2016 03:00:00 AM,2,1,1
07/27/2016 04:00:00 AM,1,1,0
07/27/2016 05:00:00 AM,9,5,4
07/27/2016 06:00:00 AM,34,15,19
07/27/2016 07:00:00 AM,98,37,61
07/27/2016 08:00:00 AM,154,65,89
07/27/2016 09:00:00 AM,72,33,39
07/27/2016 10:00:00 AM,39,22,17
07/27/2016 11:00:00 AM,34,15,19
07/27/2016 12:00:00 PM,46,22,24
07/27/2016 01:00:00 PM,47,21,26
07/27/2016 02:00:00 PM,45,19,26
07/27/2016 03:00:00 PM,71,27,44
07/27/2016 04:00:00 PM,136,39,97
07/27/2016 05:00:00 PM,198,67,131
07/27/2016 06:00:00 PM,113,32,81
07/27/2016 07:00:00 PM,40,10,30
07/27/2016 08:00:00 PM,33,17,16
07/27/2016 09:00:00 PM,11,3,8
07/27/2016 10:00:00 PM,13,7,6
07/27/2016 11:00:00 PM,2,2,0
07/28/2016 12:00:00 AM,3,2,1
07/28/2016 01:00:00 AM,1,0,1
07/28/2016 02:00:00 AM,2,0,2
07/28/2016 03:00:00 AM,0,0,0
07/28/2016 04:00:00 AM,2,2,0
07/28/2016 05:00:00 AM,8,5,3
07/28/2016 06:00:00 AM,31,18,13
07/28/2016 07:00:00 AM,96,34,62
07/28/2016 08:00:00 AM,122,57,65
07/28/2016 09:00:00 AM,68,29,39
07/28/2016 10:00:00 AM,43,21,22
07/28/2016 11:00:00 AM,39,15,24
07/28/2016 12:00:00 PM,43,20,23
07/28/2016 01:00:00 PM,36,19,17
07/28/2016 02:00:00 PM,43,20,23
07/28/2016 03:00:00 PM,72,32,40
07/28/2016 04:00:00 PM,144,37,107
07/28/2016 05:00:00 PM,190,56,134
07/28/2016 06:00:00 PM,126,47,79
07/28/2016 07:00:00 PM,65,20,45
07/28/2016 08:00:00 PM,31,5,26
07/28/2016 09:00:00 PM,17,5,12
07/28/2016 10:00:00 PM,11,4,7
07/28/2016 11:00:00 PM,12,5,7
07/29/2016 12:00:00 AM,6,5,1
07/29/2016 01:00:00 AM,3,0,3
07/29/2016 02:00:00 AM,4,1,3
07/29/2016 03:00:00 AM,0,0,0
07/29/2016 04:00:00 AM,1,1,0
07/29/2016 05:00:00 AM,5,4,1
07/29/2016 06:00:00 AM,26,11,15
07/29/2016 07:00:00 AM,100,43,57
07/29/2016 08:00:00 AM,117,42,75
07/29/2016 09:00:00 AM,71,39,32
07/29/2016 10:00:00 AM,42,19,23
07/29/2016 11:00:00 AM,32,13,19
07/29/2016 12:00:00 PM,43,16,27
07/29/2016 01:00:00 PM,47,17,30
07/29/2016 02:00:00 PM,48,17,31
07/29/2016 03:00:00 PM,61,28,33
07/29/2016 04:00:00 PM,131,30,101
07/29/2016 05:00:00 PM,157,56,101
07/29/2016 06:00:00 PM,86,31,55
07/29/2016 07:00:00 PM,41,21,20
07/29/2016 08:00:00 PM,17,8,9
07/29/2016 09:00:00 PM,14,7,7
07/29/2016 10:00:00 PM,7,3,4
07/29/2016 11:00:00 PM,3,1,2
07/30/2016 12:00:00 AM,6,0,6
07/30/2016 01:00:00 AM,2,0,2
07/30/2016 02:00:00 AM,2,2,0
07/30/2016 03:00:00 AM,1,1,0
07/30/2016 04:00:00 AM,1,1,0
07/30/2016 05:00:00 AM,1,0,1
07/30/2016 06:00:00 AM,7,3,4
07/30/2016 07:00:00 AM,14,3,11
07/30/2016 08:00:00 AM,23,9,14
07/30/2016 09:00:00 AM,20,12,8
07/30/2016 10:00:00 AM,23,4,19
07/30/2016 11:00:00 AM,29,9,20
07/30/2016 12:00:00 PM,46,20,26
07/30/2016 01:00:00 PM,53,27,26
07/30/2016 02:00:00 PM,28,13,15
07/30/2016 03:00:00 PM,47,31,16
07/30/2016 04:00:00 PM,36,19,17
07/30/2016 05:00:00 PM,37,19,18
07/30/2016 06:00:00 PM,35,18,17
07/30/2016 07:00:00 PM,16,9,7
07/30/2016 08:00:00 PM,12,7,5
07/30/2016 09:00:00 PM,12,6,6
07/30/2016 10:00:00 PM,28,10,18
07/30/2016 11:00:00 PM,6,4,2
07/31/2016 12:00:00 AM,3,1,2
07/31/2016 01:00:00 AM,0,0,0
07/31/2016 02:00:00 AM,3,2,1
07/31/2016 03:00:00 AM,0,0,0
07/31/2016 04:00:00 AM,1,0,1
07/31/2016 05:00:00 AM,2,1,1
07/31/2016 06:00:00 AM,8,2,6
07/31/2016 07:00:00 AM,6,2,4
07/31/2016 08:00:00 AM,7,0,7
07/31/2016 09:00:00 AM,12,6,6
07/31/2016 10:00:00 AM,18,9,9
07/31/2016 11:00:00 AM,38,12,26
07/31/2016 12:00:00 PM,80,14,66
07/31/2016 01:00:00 PM,31,8,23
07/31/2016 02:00:00 PM,21,9,12
07/31/2016 03:00:00 PM,57,42,15
07/31/2016 04:00:00 PM,21,13,8
07/31/2016 05:00:00 PM,26,12,14
07/31/2016 06:00:00 PM,21,8,13
07/31/2016 07:00:00 PM,13,7,6
07/31/2016 08:00:00 PM,12,4,8
07/31/2016 09:00:00 PM,10,6,4
07/31/2016 10:00:00 PM,8,3,5
07/31/2016 11:00:00 PM,2,1,1
08/01/2016 12:00:00 AM,3,1,2
08/01/2016 01:00:00 AM,1,0,1
08/01/2016 02:00:00 AM,3,1,2
08/01/2016 03:00:00 AM,0,0,0
08/01/2016 04:00:00 AM,2,1,1
08/01/2016 05:00:00 AM,13,5,8
08/01/2016 06:00:00 AM,26,12,14
08/01/2016 07:00:00 AM,92,33,59
08/01/2016 08:00:00 AM,124,45,79
08/01/2016 09:00:00 AM,78,38,40
08/01/2016 10:00:00 AM,30,23,7
08/01/2016 11:00:00 AM,33,16,17
08/01/2016 12:00:00 PM,39,19,20
08/01/2016 01:00:00 PM,31,20,11
08/01/2016 02:00:00 PM,33,12,21
08/01/2016 03:00:00 PM,45,14,31
08/01/2016 04:00:00 PM,146,47,99
08/01/2016 05:00:00 PM,193,50,143
08/01/2016 06:00:00 PM,120,40,80
08/01/2016 07:00:00 PM,44,13,31
08/01/2016 08:00:00 PM,26,13,13
08/01/2016 09:00:00 PM,16,8,8
08/01/2016 10:00:00 PM,15,11,4
08/01/2016 11:00:00 PM,6,3,3
08/02/2016 12:00:00 AM,5,3,2
08/02/2016 01:00:00 AM,1,1,0
08/02/2016 02:00:00 AM,0,0,0
08/02/2016 03:00:00 AM,0,0,0
08/02/2016 04:00:00 AM,1,1,0
08/02/2016 05:00:00 AM,8,4,4
08/02/2016 06:00:00 AM,32,23,9
08/02/2016 07:00:00 AM,57,22,35
08/02/2016 08:00:00 AM,129,53,76
08/02/2016 09:00:00 AM,61,31,30
08/02/2016 10:00:00 AM,26,17,9
08/02/2016 11:00:00 AM,30,19,11
08/02/2016 12:00:00 PM,40,23,17
08/02/2016 01:00:00 PM,33,14,19
08/02/2016 02:00:00 PM,27,11,16
08/02/2016 03:00:00 PM,39,18,21
08/02/2016 04:00:00 PM,126,38,88
08/02/2016 05:00:00 PM,188,55,133
08/02/2016 06:00:00 PM,112,42,70
08/02/2016 07:00:00 PM,40,18,22
08/02/2016 08:00:00 PM,15,5,10
08/02/2016 09:00:00 PM,14,10,4
08/02/2016 10:00:00 PM,19,12,7
08/02/2016 11:00:00 PM,10,3,7
08/03/2016 12:00:00 AM,3,1,2
08/03/2016 01:00:00 AM,1,1,0
08/03/2016 02:00:00 AM,3,0,3
08/03/2016 03:00:00 AM,1,1,0
08/03/2016 04:00:00 AM,1,1,0
08/03/2016 05:00:00 AM,6,4,2
08/03/2016 06:00:00 AM,37,21,16
08/03/2016 07:00:00 AM,88,34,54
08/03/2016 08:00:00 AM,141,53,88
08/03/2016 09:00:00 AM,80,35,45
08/03/2016 10:00:00 AM,29,14,15
08/03/2016 11:00:00 AM,33,8,25
08/03/2016 12:00:00 PM,44,23,21
08/03/2016 01:00:00 PM,40,18,22
08/03/2016 02:00:00 PM,46,25,21
08/03/2016 03:00:00 PM,61,20,41
08/03/2016 04:00:00 PM,137,42,95
08/03/2016 05:00:00 PM,197,64,133
08/03/2016 06:00:00 PM,113,35,78
08/03/2016 07:00:00 PM,56,21,35
08/03/2016 08:00:00 PM,27,9,18
08/03/2016 09:00:00 PM,27,16,11
08/03/2016 10:00:00 PM,15,11,4
08/03/2016 11:00:00 PM,4,3,1
08/04/2016 12:00:00 AM,2,0,2
08/04/2016 01:00:00 AM,0,0,0
08/04/2016 02:00:00 AM,0,0,0
08/04/2016 03:00:00 AM,2,2,0
08/04/2016 04:00:00 AM,0,0,0
08/04/2016 05:00:00 AM,8,6,2
08/04/2016 06:00:00 AM,36,22,14
08/04/2016 07:00:00 AM,102,37,65
08/04/2016 08:00:00 AM,120,43,77
08/04/2016 09:00:00 AM,85,43,42
08/04/2016 10:00:00 AM,41,17,24
08/04/2016 11:00:00 AM,41,15,26
08/04/2016 12:00:00 PM,45,21,24
08/04/2016 01:00:00 PM,47,21,26
08/04/2016 02:00:00 PM,52,22,30
08/04/2016 03:00:00 PM,75,27,48
08/04/2016 04:00:00 PM,139,35,104
08/04/2016 05:00:00 PM,207,60,147
08/04/2016 06:00:00 PM,137,36,101
08/04/2016 07:00:00 PM,52,18,34
08/04/2016 08:00:00 PM,43,17,26
08/04/2016 09:00:00 PM,24,15,9
08/04/2016 10:00:00 PM,17,11,6
08/04/2016 11:00:00 PM,18,15,3
08/05/2016 12:00:00 AM,6,5,1
08/05/2016 01:00:00 AM,1,1,0
08/05/2016 02:00:00 AM,1,1,0
08/05/2016 03:00:00 AM,0,0,0
08/05/2016 04:00:00 AM,0,0,0
08/05/2016 05:00:00 AM,5,1,4
08/05/2016 06:00:00 AM,24,14,10
08/05/2016 07:00:00 AM,79,34,45
08/05/2016 08:00:00 AM,121,51,70
08/05/2016 09:00:00 AM,72,36,36
08/05/2016 10:00:00 AM,36,18,18
08/05/2016 11:00:00 AM,43,18,25
08/05/2016 12:00:00 PM,39,22,17
08/05/2016 01:00:00 PM,63,29,34
08/05/2016 02:00:00 PM,61,25,36
08/05/2016 03:00:00 PM,68,22,46
08/05/2016 04:00:00 PM,139,45,94
08/05/2016 05:00:00 PM,149,53,96
08/05/2016 06:00:00 PM,90,26,64
08/05/2016 07:00:00 PM,26,17,9
08/05/2016 08:00:00 PM,16,8,8
08/05/2016 09:00:00 PM,10,5,5
08/05/2016 10:00:00 PM,16,12,4
08/05/2016 11:00:00 PM,4,4,0
08/06/2016 12:00:00 AM,3,3,0
08/06/2016 01:00:00 AM,3,2,1
08/06/2016 02:00:00 AM,3,2,1
08/06/2016 03:00:00 AM,1,0,1
08/06/2016 04:00:00 AM,0,0,0
08/06/2016 05:00:00 AM,3,1,2
08/06/2016 06:00:00 AM,2,0,2
08/06/2016 07:00:00 AM,9,3,6
08/06/2016 08:00:00 AM,26,7,19
08/06/2016 09:00:00 AM,11,2,9
08/06/2016 10:00:00 AM,18,9,9
08/06/2016 11:00:00 AM,26,9,17
08/06/2016 12:00:00 PM,51,9,42
08/06/2016 01:00:00 PM,34,16,18
08/06/2016 02:00:00 PM,31,13,18
08/06/2016 03:00:00 PM,32,13,19
08/06/2016 04:00:00 PM,39,22,17
08/06/2016 05:00:00 PM,28,10,18
08/06/2016 06:00:00 PM,24,10,14
08/06/2016 07:00:00 PM,27,9,18
08/06/2016 08:00:00 PM,24,14,10
08/06/2016 09:00:00 PM,9,7,2
08/06/2016 10:00:00 PM,14,8,6
08/06/2016 11:00:00 PM,22,12,10
08/07/2016 12:00:00 AM,11,7,4
08/07/2016 01:00:00 AM,5,5,0
08/07/2016 02:00:00 AM,6,3,3
08/07/2016 03:00:00 AM,0,0,0
08/07/2016 04:00:00 AM,3,2,1
08/07/2016 05:00:00 AM,1,1,0
08/07/2016 06:00:00 AM,3,1,2
08/07/2016 07:00:00 AM,6,2,4
08/07/2016 08:00:00 AM,8,3,5
08/07/2016 09:00:00 AM,12,4,8
08/07/2016 10:00:00 AM,17,11,6
08/07/2016 11:00:00 AM,20,8,12
08/07/2016 12:00:00 PM,30,7,23
08/07/2016 01:00:00 PM,37,10,27
08/07/2016 02:00:00 PM,31,22,9
08/07/2016 03:00:00 PM,27,12,15
08/07/2016 04:00:00 PM,22,15,7
08/07/2016 05:00:00 PM,31,19,12
08/07/2016 06:00:00 PM,10,5,5
08/07/2016 07:00:00 PM,8,5,3
08/07/2016 08:00:00 PM,4,4,0
08/07/2016 09:00:00 PM,3,1,2
08/07/2016 10:00:00 PM,3,1,2
08/07/2016 11:00:00 PM,3,2,1
08/08/2016 12:00:00 AM,2,0,2
08/08/2016 01:00:00 AM,0,0,0
08/08/2016 02:00:00 AM,1,1,0
08/08/2016 03:00:00 AM,1,1,0
08/08/2016 04:00:00 AM,0,0,0
08/08/2016 05:00:00 AM,8,3,5
08/08/2016 06:00:00 AM,26,18,8
08/08/2016 07:00:00 AM,79,37,42
08/08/2016 08:00:00 AM,121,54,67
08/08/2016 09:00:00 AM,63,31,32
08/08/2016 10:00:00 AM,22,13,9
08/08/2016 11:00:00 AM,22,10,12
08/08/2016 12:00:00 PM,40,19,21
08/08/2016 01:00:00 PM,26,15,11
08/08/2016 02:00:00 PM,31,13,18
08/08/2016 03:00:00 PM,36,9,27
08/08/2016 04:00:00 PM,117,37,80
08/08/2016 05:00:00 PM,197,63,134
08/08/2016 06:00:00 PM,99,34,65
08/08/2016 07:00:00 PM,41,14,27
08/08/2016 08:00:00 PM,19,7,12
08/08/2016 09:00:00 PM,6,3,3
08/08/2016 10:00:00 PM,10,7,3
08/08/2016 11:00:00 PM,8,1,7
08/09/2016 12:00:00 AM,1,0,1
08/09/2016 01:00:00 AM,3,2,1
08/09/2016 02:00:00 AM,0,0,0
08/09/2016 03:00:00 AM,1,1,0
08/09/2016 04:00:00 AM,0,0,0
08/09/2016 05:00:00 AM,10,5,5
08/09/2016 06:00:00 AM,43,25,18
08/09/2016 07:00:00 AM,90,43,47
08/09/2016 08:00:00 AM,127,42,85
08/09/2016 09:00:00 AM,75,42,33
08/09/2016 10:00:00 AM,31,10,21
08/09/2016 11:00:00 AM,34,15,19
08/09/2016 12:00:00 PM,44,24,20
08/09/2016 01:00:00 PM,38,19,19
08/09/2016 02:00:00 PM,29,14,15
08/09/2016 03:00:00 PM,99,60,39
08/09/2016 04:00:00 PM,150,49,101
08/09/2016 05:00:00 PM,205,66,139
08/09/2016 06:00:00 PM,127,47,80
08/09/2016 07:00:00 PM,47,21,26
08/09/2016 08:00:00 PM,32,5,27
08/09/2016 09:00:00 PM,10,2,8
08/09/2016 10:00:00 PM,10,3,7
08/09/2016 11:00:00 PM,8,4,4
08/10/2016 12:00:00 AM,7,3,4
08/10/2016 01:00:00 AM,0,0,0
08/10/2016 02:00:00 AM,2,2,0
08/10/2016 03:00:00 AM,2,2,0
08/10/2016 04:00:00 AM,0,0,0
08/10/2016 05:00:00 AM,9,5,4
08/10/2016 06:00:00 AM,47,26,21
08/10/2016 07:00:00 AM,85,43,42
08/10/2016 08:00:00 AM,137,56,81
08/10/2016 09:00:00 AM,91,46,45
08/10/2016 10:00:00 AM,32,15,17
08/10/2016 11:00:00 AM,31,14,17
08/10/2016 12:00:00 PM,45,30,15
08/10/2016 01:00:00 PM,33,18,15
08/10/2016 02:00:00 PM,33,11,22
08/10/2016 03:00:00 PM,63,24,39
08/10/2016 04:00:00 PM,151,50,101
08/10/2016 05:00:00 PM,226,63,163
08/10/2016 06:00:00 PM,118,48,70
08/10/2016 07:00:00 PM,40,21,19
08/10/2016 08:00:00 PM,25,8,17
08/10/2016 09:00:00 PM,11,4,7
08/10/2016 10:00:00 PM,19,14,5
08/10/2016 11:00:00 PM,10,7,3
08/11/2016 12:00:00 AM,3,1,2
08/11/2016 01:00:00 AM,5,2,3
08/11/2016 02:00:00 AM,3,1,2
08/11/2016 03:00:00 AM,1,1,0
08/11/2016 04:00:00 AM,0,0,0
08/11/2016 05:00:00 AM,9,5,4
08/11/2016 06:00:00 AM,35,22,13
08/11/2016 07:00:00 AM,85,40,45
08/11/2016 08:00:00 AM,138,49,89
08/11/2016 09:00:00 AM,59,26,33
08/11/2016 10:00:00 AM,33,21,12
08/11/2016 11:00:00 AM,46,24,22
08/11/2016 12:00:00 PM,39,15,24
08/11/2016 01:00:00 PM,53,26,27
08/11/2016 02:00:00 PM,44,25,19
08/11/2016 03:00:00 PM,68,24,44
08/11/2016 04:00:00 PM,143,39,104
08/11/2016 05:00:00 PM,187,50,137
08/11/2016 06:00:00 PM,118,37,81
08/11/2016 07:00:00 PM,37,14,23
08/11/2016 08:00:00 PM,19,4,15
08/11/2016 09:00:00 PM,21,9,12
08/11/2016 10:00:00 PM,6,2,4
08/11/2016 11:00:00 PM,6,4,2
08/12/2016 12:00:00 AM,3,1,2
08/12/2016 01:00:00 AM,0,0,0
08/12/2016 02:00:00 AM,1,1,0
08/12/2016 03:00:00 AM,0,0,0
08/12/2016 04:00:00 AM,0,0,0
08/12/2016 05:00:00 AM,6,3,3
08/12/2016 06:00:00 AM,30,14,16
08/12/2016 07:00:00 AM,85,39,46
08/12/2016 08:00:00 AM,117,54,63
08/12/2016 09:00:00 AM,74,37,37
08/12/2016 10:00:00 AM,37,21,16
08/12/2016 11:00:00 AM,36,19,17
08/12/2016 12:00:00 PM,39,16,23
08/12/2016 01:00:00 PM,41,19,22
08/12/2016 02:00:00 PM,38,15,23
08/12/2016 03:00:00 PM,75,28,47
08/12/2016 04:00:00 PM,122,34,88
08/12/2016 05:00:00 PM,160,54,106
08/12/2016 06:00:00 PM,69,26,43
08/12/2016 07:00:00 PM,49,21,28
08/12/2016 08:00:00 PM,29,21,8
08/12/2016 09:00:00 PM,12,4,8
08/12/2016 10:00:00 PM,6,3,3
08/12/2016 11:00:00 PM,8,4,4
08/13/2016 12:00:00 AM,10,5,5
08/13/2016 01:00:00 AM,6,3,3
08/13/2016 02:00:00 AM,3,1,2
08/13/2016 03:00:00 AM,1,1,0
08/13/2016 04:00:00 AM,0,0,0
08/13/2016 05:00:00 AM,1,0,1
08/13/2016 06:00:00 AM,1,0,1
08/13/2016 07:00:00 AM,9,2,7
08/13/2016 08:00:00 AM,7,5,2
08/13/2016 09:00:00 AM,6,2,4
08/13/2016 10:00:00 AM,25,9,16
08/13/2016 11:00:00 AM,20,2,18
08/13/2016 12:00:00 PM,19,4,15
08/13/2016 01:00:00 PM,16,5,11
08/13/2016 02:00:00 PM,30,9,21
08/13/2016 03:00:00 PM,21,5,16
08/13/2016 04:00:00 PM,17,2,15
08/13/2016 05:00:00 PM,16,3,13
08/13/2016 06:00:00 PM,20,9,11
08/13/2016 07:00:00 PM,16,10,6
08/13/2016 08:00:00 PM,8,3,5
08/13/2016 09:00:00 PM,5,4,1
08/13/2016 10:00:00 PM,11,6,5
08/13/2016 11:00:00 PM,2,1,1
08/14/2016 12:00:00 AM,2,1,1
08/14/2016 01:00:00 AM,3,1,2
08/14/2016 02:00:00 AM,2,1,1
08/14/2016 03:00:00 AM,0,0,0
08/14/2016 04:00:00 AM,0,0,0
08/14/2016 05:00:00 AM,0,0,0
08/14/2016 06:00:00 AM,5,3,2
08/14/2016 07:00:00 AM,5,2,3
08/14/2016 08:00:00 AM,10,3,7
08/14/2016 09:00:00 AM,7,3,4
08/14/2016 10:00:00 AM,9,5,4
08/14/2016 11:00:00 AM,15,2,13
08/14/2016 12:00:00 PM,32,14,18
08/14/2016 01:00:00 PM,32,15,17
08/14/2016 02:00:00 PM,31,8,23
08/14/2016 03:00:00 PM,46,7,39
08/14/2016 04:00:00 PM,36,12,24
08/14/2016 05:00:00 PM,24,12,12
08/14/2016 06:00:00 PM,52,40,12
08/14/2016 07:00:00 PM,11,5,6
08/14/2016 08:00:00 PM,11,3,8
08/14/2016 09:00:00 PM,8,4,4
08/14/2016 10:00:00 PM,7,3,4
08/14/2016 11:00:00 PM,6,4,2
08/15/2016 12:00:00 AM,3,0,3
08/15/2016 01:00:00 AM,2,0,2
08/15/2016 02:00:00 AM,0,0,0
08/15/2016 03:00:00 AM,0,0,0
08/15/2016 04:00:00 AM,1,0,1
08/15/2016 05:00:00 AM,11,6,5
08/15/2016 06:00:00 AM,40,22,18
08/15/2016 07:00:00 AM,90,45,45
08/15/2016 08:00:00 AM,124,56,68
08/15/2016 09:00:00 AM,92,45,47
08/15/2016 10:00:00 AM,30,15,15
08/15/2016 11:00:00 AM,24,12,12
08/15/2016 12:00:00 PM,35,13,22
08/15/2016 01:00:00 PM,29,11,18
08/15/2016 02:00:00 PM,38,21,17
08/15/2016 03:00:00 PM,62,30,32
08/15/2016 04:00:00 PM,122,37,85
08/15/2016 05:00:00 PM,212,69,143
08/15/2016 06:00:00 PM,107,40,67
08/15/2016 07:00:00 PM,45,20,25
08/15/2016 08:00:00 PM,17,4,13
08/15/2016 09:00:00 PM,18,7,11
08/15/2016 10:00:00 PM,9,6,3
08/15/2016 11:00:00 PM,1,0,1
08/16/2016 12:00:00 AM,1,0,1
08/16/2016 01:00:00 AM,0,0,0
08/16/2016 02:00:00 AM,0,0,0
08/16/2016 03:00:00 AM,1,0,1
08/16/2016 04:00:00 AM,0,0,0
08/16/2016 05:00:00 AM,13,6,7
08/16/2016 06:00:00 AM,45,26,19
08/16/2016 07:00:00 AM,116,46,70
08/16/2016 08:00:00 AM,148,59,89
08/16/2016 09:00:00 AM,90,39,51
08/16/2016 10:00:00 AM,34,16,18
08/16/2016 11:00:00 AM,39,16,23
08/16/2016 12:00:00 PM,51,33,18
08/16/2016 01:00:00 PM,40,19,21
08/16/2016 02:00:00 PM,41,21,20
08/16/2016 03:00:00 PM,54,23,31
08/16/2016 04:00:00 PM,133,49,84
08/16/2016 05:00:00 PM,196,69,127
08/16/2016 06:00:00 PM,116,33,83
08/16/2016 07:00:00 PM,51,20,31
08/16/2016 08:00:00 PM,21,9,12
08/16/2016 09:00:00 PM,20,10,10
08/16/2016 10:00:00 PM,11,5,6
08/16/2016 11:00:00 PM,6,3,3
08/17/2016 12:00:00 AM,4,1,3
08/17/2016 01:00:00 AM,0,0,0
08/17/2016 02:00:00 AM,0,0,0
08/17/2016 03:00:00 AM,3,2,1
08/17/2016 04:00:00 AM,2,1,1
08/17/2016 05:00:00 AM,16,10,6
08/17/2016 06:00:00 AM,39,19,20
08/17/2016 07:00:00 AM,94,40,54
08/17/2016 08:00:00 AM,163,65,98
08/17/2016 09:00:00 AM,80,38,42
08/17/2016 10:00:00 AM,34,21,13
08/17/2016 11:00:00 AM,36,14,22
08/17/2016 12:00:00 PM,46,19,27
08/17/2016 01:00:00 PM,47,28,19
08/17/2016 02:00:00 PM,45,20,25
08/17/2016 03:00:00 PM,56,23,33
08/17/2016 04:00:00 PM,152,47,105
08/17/2016 05:00:00 PM,210,72,138
08/17/2016 06:00:00 PM,97,32,65
08/17/2016 07:00:00 PM,40,12,28
08/17/2016 08:00:00 PM,14,9,5
08/17/2016 09:00:00 PM,9,5,4
08/17/2016 10:00:00 PM,7,4,3
08/17/2016 11:00:00 PM,6,4,2
08/18/2016 12:00:00 AM,4,0,4
08/18/2016 01:00:00 AM,1,1,0
08/18/2016 02:00:00 AM,0,0,0
08/18/2016 03:00:00 AM,1,1,0
08/18/2016 04:00:00 AM,1,0,1
08/18/2016 05:00:00 AM,10,5,5
08/18/2016 06:00:00 AM,31,16,15
08/18/2016 07:00:00 AM,99,45,54
08/18/2016 08:00:00 AM,124,45,79
08/18/2016 09:00:00 AM,81,37,44
08/18/2016 10:00:00 AM,47,20,27
08/18/2016 11:00:00 AM,37,14,23
08/18/2016 12:00:00 PM,39,21,18
08/18/2016 01:00:00 PM,45,21,24
08/18/2016 02:00:00 PM,51,24,27
08/18/2016 03:00:00 PM,58,21,37
08/18/2016 04:00:00 PM,122,38,84
08/18/2016 05:00:00 PM,174,48,126
08/18/2016 06:00:00 PM,138,41,97
08/18/2016 07:00:00 PM,42,15,27
08/18/2016 08:00:00 PM,21,6,15
08/18/2016 09:00:00 PM,17,8,9
08/18/2016 10:00:00 PM,19,9,10
08/18/2016 11:00:00 PM,6,3,3
08/19/2016 12:00:00 AM,2,0,2
08/19/2016 01:00:00 AM,1,1,0
08/19/2016 02:00:00 AM,0,0,0
08/19/2016 03:00:00 AM,2,1,1
08/19/2016 04:00:00 AM,1,0,1
08/19/2016 05:00:00 AM,7,2,5
08/19/2016 06:00:00 AM,30,16,14
08/19/2016 07:00:00 AM,81,38,43
08/19/2016 08:00:00 AM,138,50,88
08/19/2016 09:00:00 AM,65,29,36
08/19/2016 10:00:00 AM,36,17,19
08/19/2016 11:00:00 AM,31,11,20
08/19/2016 12:00:00 PM,37,17,20
08/19/2016 01:00:00 PM,30,19,11
08/19/2016 02:00:00 PM,60,26,34
08/19/2016 03:00:00 PM,67,28,39
08/19/2016 04:00:00 PM,119,44,75
08/19/2016 05:00:00 PM,129,35,94
08/19/2016 06:00:00 PM,105,33,72
08/19/2016 07:00:00 PM,37,17,20
08/19/2016 08:00:00 PM,25,13,12
08/19/2016 09:00:00 PM,18,5,13
08/19/2016 10:00:00 PM,8,5,3
08/19/2016 11:00:00 PM,9,7,2
08/20/2016 12:00:00 AM,5,4,1
08/20/2016 01:00:00 AM,1,0,1
08/20/2016 02:00:00 AM,4,1,3
08/20/2016 03:00:00 AM,0,0,0
08/20/2016 04:00:00 AM,0,0,0
08/20/2016 05:00:00 AM,3,0,3
08/20/2016 06:00:00 AM,3,2,1
08/20/2016 07:00:00 AM,7,3,4
08/20/2016 08:00:00 AM,10,2,8
08/20/2016 09:00:00 AM,14,4,10
08/20/2016 10:00:00 AM,23,12,11
08/20/2016 11:00:00 AM,21,5,16
08/20/2016 12:00:00 PM,31,9,22
08/20/2016 01:00:00 PM,28,15,13
08/20/2016 02:00:00 PM,20,7,13
08/20/2016 03:00:00 PM,28,11,17
08/20/2016 04:00:00 PM,20,6,14
08/20/2016 05:00:00 PM,18,3,15
08/20/2016 06:00:00 PM,14,4,10
08/20/2016 07:00:00 PM,26,18,8
08/20/2016 08:00:00 PM,13,9,4
08/20/2016 09:00:00 PM,17,12,5
08/20/2016 10:00:00 PM,12,4,8
08/20/2016 11:00:00 PM,3,3,0
08/21/2016 12:00:00 AM,2,0,2
08/21/2016 01:00:00 AM,4,1,3
08/21/2016 02:00:00 AM,2,0,2
08/21/2016 03:00:00 AM,1,1,0
08/21/2016 04:00:00 AM,0,0,0
08/21/2016 05:00:00 AM,1,1,0
08/21/2016 06:00:00 AM,3,2,1
08/21/2016 07:00:00 AM,5,3,2
08/21/2016 08:00:00 AM,10,3,7
08/21/2016 09:00:00 AM,11,1,10
08/21/2016 10:00:00 AM,13,9,4
08/21/2016 11:00:00 AM,23,8,15
08/21/2016 12:00:00 PM,44,14,30
08/21/2016 01:00:00 PM,28,12,16
08/21/2016 02:00:00 PM,26,11,15
08/21/2016 03:00:00 PM,26,8,18
08/21/2016 04:00:00 PM,34,17,17
08/21/2016 05:00:00 PM,54,15,39
08/21/2016 06:00:00 PM,45,14,31
08/21/2016 07:00:00 PM,27,11,16
08/21/2016 08:00:00 PM,25,18,7
08/21/2016 09:00:00 PM,38,30,8
08/21/2016 10:00:00 PM,8,5,3
08/21/2016 11:00:00 PM,4,3,1
08/22/2016 12:00:00 AM,1,0,1
08/22/2016 01:00:00 AM,0,0,0
08/22/2016 02:00:00 AM,1,1,0
08/22/2016 03:00:00 AM,1,1,0
08/22/2016 04:00:00 AM,2,1,1
08/22/2016 05:00:00 AM,9,5,4
08/22/2016 06:00:00 AM,36,21,15
08/22/2016 07:00:00 AM,96,43,53
08/22/2016 08:00:00 AM,140,54,86
08/22/2016 09:00:00 AM,70,38,32
08/22/2016 10:00:00 AM,30,15,15
08/22/2016 11:00:00 AM,26,12,14
08/22/2016 12:00:00 PM,25,13,12
08/22/2016 01:00:00 PM,34,17,17
08/22/2016 02:00:00 PM,29,15,14
08/22/2016 03:00:00 PM,57,19,38
08/22/2016 04:00:00 PM,144,46,98
08/22/2016 05:00:00 PM,211,66,145
08/22/2016 06:00:00 PM,109,39,70
08/22/2016 07:00:00 PM,32,10,22
08/22/2016 08:00:00 PM,9,4,5
08/22/2016 09:00:00 PM,8,3,5
08/22/2016 10:00:00 PM,14,6,8
08/22/2016 11:00:00 PM,4,1,3
08/23/2016 12:00:00 AM,5,1,4
08/23/2016 01:00:00 AM,0,0,0
08/23/2016 02:00:00 AM,2,0,2
08/23/2016 03:00:00 AM,1,1,0
08/23/2016 04:00:00 AM,1,1,0
08/23/2016 05:00:00 AM,6,4,2
08/23/2016 06:00:00 AM,41,23,18
08/23/2016 07:00:00 AM,107,52,55
08/23/2016 08:00:00 AM,150,63,87
08/23/2016 09:00:00 AM,78,32,46
08/23/2016 10:00:00 AM,36,15,21
08/23/2016 11:00:00 AM,28,11,17
08/23/2016 12:00:00 PM,34,15,19
08/23/2016 01:00:00 PM,38,16,22
08/23/2016 02:00:00 PM,41,12,29
08/23/2016 03:00:00 PM,72,33,39
08/23/2016 04:00:00 PM,132,41,91
08/23/2016 05:00:00 PM,219,62,157
08/23/2016 06:00:00 PM,120,47,73
08/23/2016 07:00:00 PM,39,13,26
08/23/2016 08:00:00 PM,31,16,15
08/23/2016 09:00:00 PM,16,11,5
08/23/2016 10:00:00 PM,18,12,6
08/23/2016 11:00:00 PM,5,2,3
08/24/2016 12:00:00 AM,4,2,2
08/24/2016 01:00:00 AM,0,0,0
08/24/2016 02:00:00 AM,2,1,1
08/24/2016 03:00:00 AM,1,1,0
08/24/2016 04:00:00 AM,0,0,0
08/24/2016 05:00:00 AM,10,8,2
08/24/2016 06:00:00 AM,37,20,17
08/24/2016 07:00:00 AM,99,41,58
08/24/2016 08:00:00 AM,137,56,81
08/24/2016 09:00:00 AM,98,46,52
08/24/2016 10:00:00 AM,38,20,18
08/24/2016 11:00:00 AM,48,20,28
08/24/2016 12:00:00 PM,68,24,44
08/24/2016 01:00:00 PM,35,13,22
08/24/2016 02:00:00 PM,30,12,18
08/24/2016 03:00:00 PM,66,25,41
08/24/2016 04:00:00 PM,157,50,107
08/24/2016 05:00:00 PM,219,71,148
08/24/2016 06:00:00 PM,107,35,72
08/24/2016 07:00:00 PM,34,7,27
08/24/2016 08:00:00 PM,22,9,13
08/24/2016 09:00:00 PM,15,5,10
08/24/2016 10:00:00 PM,6,3,3
08/24/2016 11:00:00 PM,3,2,1
08/25/2016 12:00:00 AM,2,0,2
08/25/2016 01:00:00 AM,0,0,0
08/25/2016 02:00:00 AM,0,0,0
08/25/2016 03:00:00 AM,3,1,2
08/25/2016 04:00:00 AM,0,0,0
08/25/2016 05:00:00 AM,7,7,0
08/25/2016 06:00:00 AM,41,19,22
08/25/2016 07:00:00 AM,97,41,56
08/25/2016 08:00:00 AM,143,48,95
08/25/2016 09:00:00 AM,70,26,44
08/25/2016 10:00:00 AM,42,16,26
08/25/2016 11:00:00 AM,43,17,26
08/25/2016 12:00:00 PM,35,15,20
08/25/2016 01:00:00 PM,46,20,26
08/25/2016 02:00:00 PM,54,23,31
08/25/2016 03:00:00 PM,61,17,44
08/25/2016 04:00:00 PM,128,41,87
08/25/2016 05:00:00 PM,190,46,144
08/25/2016 06:00:00 PM,121,32,89
08/25/2016 07:00:00 PM,46,20,26
08/25/2016 08:00:00 PM,16,8,8
08/25/2016 09:00:00 PM,28,14,14
08/25/2016 10:00:00 PM,19,14,5
08/25/2016 11:00:00 PM,5,1,4
08/26/2016 12:00:00 AM,5,2,3
08/26/2016 01:00:00 AM,1,1,0
08/26/2016 02:00:00 AM,1,0,1
08/26/2016 03:00:00 AM,2,2,0
08/26/2016 04:00:00 AM,1,0,1
08/26/2016 05:00:00 AM,4,2,2
08/26/2016 06:00:00 AM,39,21,18
08/26/2016 07:00:00 AM,74,31,43
08/26/2016 08:00:00 AM,113,41,72
08/26/2016 09:00:00 AM,68,28,40
08/26/2016 10:00:00 AM,28,13,15
08/26/2016 11:00:00 AM,28,15,13
08/26/2016 12:00:00 PM,44,25,19
08/26/2016 01:00:00 PM,38,19,19
08/26/2016 02:00:00 PM,45,19,26
08/26/2016 03:00:00 PM,66,20,46
08/26/2016 04:00:00 PM,113,42,71
08/26/2016 05:00:00 PM,135,46,89
08/26/2016 06:00:00 PM,70,29,41
08/26/2016 07:00:00 PM,29,11,18
08/26/2016 08:00:00 PM,11,7,4
08/26/2016 09:00:00 PM,15,6,9
08/26/2016 10:00:00 PM,3,1,2
08/26/2016 11:00:00 PM,9,6,3
08/27/2016 12:00:00 AM,3,1,2
08/27/2016 01:00:00 AM,4,1,3
08/27/2016 02:00:00 AM,0,0,0
08/27/2016 03:00:00 AM,0,0,0
08/27/2016 04:00:00 AM,1,0,1
08/27/2016 05:00:00 AM,2,2,0
08/27/2016 06:00:00 AM,5,2,3
08/27/2016 07:00:00 AM,11,6,5
08/27/2016 08:00:00 AM,13,3,10
08/27/2016 09:00:00 AM,8,3,5
08/27/2016 10:00:00 AM,25,12,13
08/27/2016 11:00:00 AM,28,16,12
08/27/2016 12:00:00 PM,36,14,22
08/27/2016 01:00:00 PM,24,13,11
08/27/2016 02:00:00 PM,26,12,14
08/27/2016 03:00:00 PM,27,14,13
08/27/2016 04:00:00 PM,27,13,14
08/27/2016 05:00:00 PM,25,11,14
08/27/2016 06:00:00 PM,19,8,11
08/27/2016 07:00:00 PM,15,11,4
08/27/2016 08:00:00 PM,9,4,5
08/27/2016 09:00:00 PM,12,8,4
08/27/2016 10:00:00 PM,6,3,3
08/27/2016 11:00:00 PM,7,3,4
08/28/2016 12:00:00 AM,3,1,2
08/28/2016 01:00:00 AM,2,2,0
08/28/2016 02:00:00 AM,3,1,2
08/28/2016 03:00:00 AM,1,1,0
08/28/2016 04:00:00 AM,0,0,0
08/28/2016 05:00:00 AM,1,1,0
08/28/2016 06:00:00 AM,6,3,3
08/28/2016 07:00:00 AM,10,5,5
08/28/2016 08:00:00 AM,5,2,3
08/28/2016 09:00:00 AM,13,4,9
08/28/2016 10:00:00 AM,18,10,8
08/28/2016 11:00:00 AM,23,11,12
08/28/2016 12:00:00 PM,28,11,17
08/28/2016 01:00:00 PM,13,7,6
08/28/2016 02:00:00 PM,20,14,6
08/28/2016 03:00:00 PM,27,12,15
08/28/2016 04:00:00 PM,29,10,19
08/28/2016 05:00:00 PM,23,13,10
08/28/2016 06:00:00 PM,14,8,6
08/28/2016 07:00:00 PM,17,9,8
08/28/2016 08:00:00 PM,3,1,2
08/28/2016 09:00:00 PM,5,2,3
08/28/2016 10:00:00 PM,7,3,4
08/28/2016 11:00:00 PM,1,1,0
08/29/2016 12:00:00 AM,3,2,1
08/29/2016 01:00:00 AM,0,0,0
08/29/2016 02:00:00 AM,1,0,1
08/29/2016 03:00:00 AM,0,0,0
08/29/2016 04:00:00 AM,0,0,0
08/29/2016 05:00:00 AM,9,6,3
08/29/2016 06:00:00 AM,37,23,14
08/29/2016 07:00:00 AM,93,38,55
08/29/2016 08:00:00 AM,142,54,88
08/29/2016 09:00:00 AM,72,28,44
08/29/2016 10:00:00 AM,28,13,15
08/29/2016 11:00:00 AM,26,10,16
08/29/2016 12:00:00 PM,32,14,18
08/29/2016 01:00:00 PM,33,17,16
08/29/2016 02:00:00 PM,31,13,18
08/29/2016 03:00:00 PM,55,18,37
08/29/2016 04:00:00 PM,106,34,72
08/29/2016 05:00:00 PM,192,60,132
08/29/2016 06:00:00 PM,113,29,84
08/29/2016 07:00:00 PM,40,16,24
08/29/2016 08:00:00 PM,19,5,14
08/29/2016 09:00:00 PM,13,7,6
08/29/2016 10:00:00 PM,4,1,3
08/29/2016 11:00:00 PM,4,3,1
08/30/2016 12:00:00 AM,2,0,2
08/30/2016 01:00:00 AM,0,0,0
08/30/2016 02:00:00 AM,2,1,1
08/30/2016 03:00:00 AM,0,0,0
08/30/2016 04:00:00 AM,0,0,0
08/30/2016 05:00:00 AM,12,8,4
08/30/2016 06:00:00 AM,37,18,19
08/30/2016 07:00:00 AM,89,44,45
08/30/2016 08:00:00 AM,145,57,88
08/30/2016 09:00:00 AM,69,31,38
08/30/2016 10:00:00 AM,34,11,23
08/30/2016 11:00:00 AM,45,17,28
08/30/2016 12:00:00 PM,45,28,17
08/30/2016 01:00:00 PM,32,15,17
08/30/2016 02:00:00 PM,44,15,29
08/30/2016 03:00:00 PM,58,21,37
08/30/2016 04:00:00 PM,137,42,95
08/30/2016 05:00:00 PM,185,61,124
08/30/2016 06:00:00 PM,116,39,77
08/30/2016 07:00:00 PM,44,11,33
08/30/2016 08:00:00 PM,18,7,11
08/30/2016 09:00:00 PM,9,3,6
08/30/2016 10:00:00 PM,7,1,6
08/30/2016 11:00:00 PM,9,5,4
08/31/2016 12:00:00 AM,3,1,2
08/31/2016 01:00:00 AM,1,1,0
08/31/2016 02:00:00 AM,2,1,1
08/31/2016 03:00:00 AM,1,1,0
08/31/2016 04:00:00 AM,0,0,0
08/31/2016 05:00:00 AM,12,9,3
08/31/2016 06:00:00 AM,28,15,13
08/31/2016 07:00:00 AM,75,41,34
08/31/2016 08:00:00 AM,109,42,67
08/31/2016 09:00:00 AM,57,21,36
08/31/2016 10:00:00 AM,36,21,15
08/31/2016 11:00:00 AM,26,14,12
08/31/2016 12:00:00 PM,33,18,15
08/31/2016 01:00:00 PM,28,16,12
08/31/2016 02:00:00 PM,36,9,27
08/31/2016 03:00:00 PM,44,17,27
08/31/2016 04:00:00 PM,102,22,80
08/31/2016 05:00:00 PM,161,46,115
08/31/2016 06:00:00 PM,96,34,62
08/31/2016 07:00:00 PM,27,9,18
08/31/2016 08:00:00 PM,18,6,12
08/31/2016 09:00:00 PM,12,3,9
08/31/2016 10:00:00 PM,5,3,2
08/31/2016 11:00:00 PM,5,2,3
09/01/2016 12:00:00 AM,4,3,1
09/01/2016 01:00:00 AM,1,0,1
09/01/2016 02:00:00 AM,0,0,0
09/01/2016 03:00:00 AM,1,0,1
09/01/2016 04:00:00 AM,0,0,0
09/01/2016 05:00:00 AM,7,6,1
09/01/2016 06:00:00 AM,30,17,13
09/01/2016 07:00:00 AM,70,34,36
09/01/2016 08:00:00 AM,91,36,55
09/01/2016 09:00:00 AM,88,38,50
09/01/2016 10:00:00 AM,34,20,14
09/01/2016 11:00:00 AM,37,20,17
09/01/2016 12:00:00 PM,45,24,21
09/01/2016 01:00:00 PM,27,14,13
09/01/2016 02:00:00 PM,30,7,23
09/01/2016 03:00:00 PM,45,20,25
09/01/2016 04:00:00 PM,91,24,67
09/01/2016 05:00:00 PM,168,45,123
09/01/2016 06:00:00 PM,102,33,69
09/01/2016 07:00:00 PM,31,13,18
09/01/2016 08:00:00 PM,11,7,4
09/01/2016 09:00:00 PM,11,6,5
09/01/2016 10:00:00 PM,11,6,5
09/01/2016 11:00:00 PM,2,1,1
09/02/2016 12:00:00 AM,8,2,6
09/02/2016 01:00:00 AM,0,0,0
09/02/2016 02:00:00 AM,0,0,0
09/02/2016 03:00:00 AM,0,0,0
09/02/2016 04:00:00 AM,0,0,0
09/02/2016 05:00:00 AM,2,2,0
09/02/2016 06:00:00 AM,16,7,9
09/02/2016 07:00:00 AM,38,18,20
09/02/2016 08:00:00 AM,77,36,41
09/02/2016 09:00:00 AM,36,17,19
09/02/2016 10:00:00 AM,18,13,5
09/02/2016 11:00:00 AM,7,3,4
09/02/2016 12:00:00 PM,26,12,14
09/02/2016 01:00:00 PM,30,15,15
09/02/2016 02:00:00 PM,34,13,21
09/02/2016 03:00:00 PM,49,17,32
09/02/2016 04:00:00 PM,91,26,65
09/02/2016 05:00:00 PM,91,26,65
09/02/2016 06:00:00 PM,50,16,34
09/02/2016 07:00:00 PM,16,10,6
09/02/2016 08:00:00 PM,14,7,7
09/02/2016 09:00:00 PM,9,6,3
09/02/2016 10:00:00 PM,11,4,7
09/02/2016 11:00:00 PM,2,1,1
09/03/2016 12:00:00 AM,5,2,3
09/03/2016 01:00:00 AM,2,0,2
09/03/2016 02:00:00 AM,1,0,1
09/03/2016 03:00:00 AM,1,0,1
09/03/2016 04:00:00 AM,1,0,1
09/03/2016 05:00:00 AM,5,3,2
09/03/2016 06:00:00 AM,3,1,2
09/03/2016 07:00:00 AM,7,3,4
09/03/2016 08:00:00 AM,9,5,4
09/03/2016 09:00:00 AM,8,3,5
09/03/2016 10:00:00 AM,9,6,3
09/03/2016 11:00:00 AM,12,4,8
09/03/2016 12:00:00 PM,16,7,9
09/03/2016 01:00:00 PM,25,13,12
09/03/2016 02:00:00 PM,24,9,15
09/03/2016 03:00:00 PM,32,15,17
09/03/2016 04:00:00 PM,18,8,10
09/03/2016 05:00:00 PM,40,14,26
09/03/2016 06:00:00 PM,26,9,17
09/03/2016 07:00:00 PM,19,10,9
09/03/2016 08:00:00 PM,9,7,2
09/03/2016 09:00:00 PM,7,4,3
09/03/2016 10:00:00 PM,5,3,2
09/03/2016 11:00:00 PM,7,4,3
09/04/2016 12:00:00 AM,1,0,1
09/04/2016 01:00:00 AM,1,0,1
09/04/2016 02:00:00 AM,2,1,1
09/04/2016 03:00:00 AM,0,0,0
09/04/2016 04:00:00 AM,0,0,0
09/04/2016 05:00:00 AM,1,1,0
09/04/2016 06:00:00 AM,2,0,2
09/04/2016 07:00:00 AM,2,1,1
09/04/2016 08:00:00 AM,2,2,0
09/04/2016 09:00:00 AM,9,2,7
09/04/2016 10:00:00 AM,8,2,6
09/04/2016 11:00:00 AM,22,7,15
09/04/2016 12:00:00 PM,27,8,19
09/04/2016 01:00:00 PM,21,12,9
09/04/2016 02:00:00 PM,35,14,21
09/04/2016 03:00:00 PM,30,15,15
09/04/2016 04:00:00 PM,27,15,12
09/04/2016 05:00:00 PM,27,10,17
09/04/2016 06:00:00 PM,18,2,16
09/04/2016 07:00:00 PM,13,6,7
09/04/2016 08:00:00 PM,6,4,2
09/04/2016 09:00:00 PM,9,6,3
09/04/2016 10:00:00 PM,4,2,2
09/04/2016 11:00:00 PM,5,1,4
09/05/2016 12:00:00 AM,3,1,2
09/05/2016 01:00:00 AM,0,0,0
09/05/2016 02:00:00 AM,1,1,0
09/05/2016 03:00:00 AM,1,0,1
09/05/2016 04:00:00 AM,1,0,1
09/05/2016 05:00:00 AM,1,1,0
09/05/2016 06:00:00 AM,2,0,2
09/05/2016 07:00:00 AM,8,4,4
09/05/2016 08:00:00 AM,7,4,3
09/05/2016 09:00:00 AM,8,3,5
09/05/2016 10:00:00 AM,9,3,6
09/05/2016 11:00:00 AM,24,8,16
09/05/2016 12:00:00 PM,31,13,18
09/05/2016 01:00:00 PM,23,10,13
09/05/2016 02:00:00 PM,16,4,12
09/05/2016 03:00:00 PM,23,11,12
09/05/2016 04:00:00 PM,32,15,17
09/05/2016 05:00:00 PM,32,13,19
09/05/2016 06:00:00 PM,28,13,15
09/05/2016 07:00:00 PM,9,4,5
09/05/2016 08:00:00 PM,10,4,6
09/05/2016 09:00:00 PM,5,3,2
09/05/2016 10:00:00 PM,11,7,4
09/05/2016 11:00:00 PM,3,1,2
09/06/2016 12:00:00 AM,2,2,0
09/06/2016 01:00:00 AM,0,0,0
09/06/2016 02:00:00 AM,0,0,0
09/06/2016 03:00:00 AM,0,0,0
09/06/2016 04:00:00 AM,0,0,0
09/06/2016 05:00:00 AM,4,3,1
09/06/2016 06:00:00 AM,15,9,6
09/06/2016 07:00:00 AM,55,27,28
09/06/2016 08:00:00 AM,85,32,53
09/06/2016 09:00:00 AM,55,26,29
09/06/2016 10:00:00 AM,22,14,8
09/06/2016 11:00:00 AM,34,14,20
09/06/2016 12:00:00 PM,30,14,16
09/06/2016 01:00:00 PM,31,9,22
09/06/2016 02:00:00 PM,35,15,20
09/06/2016 03:00:00 PM,46,16,30
09/06/2016 04:00:00 PM,111,32,79
09/06/2016 05:00:00 PM,138,45,93
09/06/2016 06:00:00 PM,66,32,34
09/06/2016 07:00:00 PM,33,19,14
09/06/2016 08:00:00 PM,18,6,12
09/06/2016 09:00:00 PM,16,7,9
09/06/2016 10:00:00 PM,3,1,2
09/06/2016 11:00:00 PM,3,1,2
09/07/2016 12:00:00 AM,3,1,2
09/07/2016 01:00:00 AM,2,1,1
09/07/2016 02:00:00 AM,0,0,0
09/07/2016 03:00:00 AM,0,0,0
09/07/2016 04:00:00 AM,2,1,1
09/07/2016 05:00:00 AM,8,6,2
09/07/2016 06:00:00 AM,36,20,16
09/07/2016 07:00:00 AM,72,40,32
09/07/2016 08:00:00 AM,121,52,69
09/07/2016 09:00:00 AM,67,22,45
09/07/2016 10:00:00 AM,31,14,17
09/07/2016 11:00:00 AM,30,9,21
09/07/2016 12:00:00 PM,45,20,25
09/07/2016 01:00:00 PM,34,15,19
09/07/2016 02:00:00 PM,29,10,19
09/07/2016 03:00:00 PM,46,14,32
09/07/2016 04:00:00 PM,117,31,86
09/07/2016 05:00:00 PM,137,42,95
09/07/2016 06:00:00 PM,99,36,63
09/07/2016 07:00:00 PM,31,9,22
09/07/2016 08:00:00 PM,16,10,6
09/07/2016 09:00:00 PM,7,6,1
09/07/2016 10:00:00 PM,5,3,2
09/07/2016 11:00:00 PM,3,3,0
09/08/2016 12:00:00 AM,2,0,2
09/08/2016 01:00:00 AM,0,0,0
09/08/2016 02:00:00 AM,0,0,0
09/08/2016 03:00:00 AM,0,0,0
09/08/2016 04:00:00 AM,0,0,0
09/08/2016 05:00:00 AM,6,3,3
09/08/2016 06:00:00 AM,32,16,16
09/08/2016 07:00:00 AM,85,36,49
09/08/2016 08:00:00 AM,117,39,78
09/08/2016 09:00:00 AM,60,20,40
09/08/2016 10:00:00 AM,30,10,20
09/08/2016 11:00:00 AM,21,10,11
09/08/2016 12:00:00 PM,37,17,20
09/08/2016 01:00:00 PM,26,11,15
09/08/2016 02:00:00 PM,45,23,22
09/08/2016 03:00:00 PM,61,28,33
09/08/2016 04:00:00 PM,122,32,90
09/08/2016 05:00:00 PM,189,56,133
09/08/2016 06:00:00 PM,85,29,56
09/08/2016 07:00:00 PM,43,19,24
09/08/2016 08:00:00 PM,9,4,5
09/08/2016 09:00:00 PM,16,8,8
09/08/2016 10:00:00 PM,7,3,4
09/08/2016 11:00:00 PM,2,1,1
09/09/2016 12:00:00 AM,3,1,2
09/09/2016 01:00:00 AM,1,1,0
09/09/2016 02:00:00 AM,0,0,0
09/09/2016 03:00:00 AM,0,0,0
09/09/2016 04:00:00 AM,0,0,0
09/09/2016 05:00:00 AM,7,6,1
09/09/2016 06:00:00 AM,30,11,19
09/09/2016 07:00:00 AM,96,45,51
09/09/2016 08:00:00 AM,112,45,67
09/09/2016 09:00:00 AM,57,24,33
09/09/2016 10:00:00 AM,43,19,24
09/09/2016 11:00:00 AM,45,22,23
09/09/2016 12:00:00 PM,53,32,21
09/09/2016 01:00:00 PM,48,29,19
09/09/2016 02:00:00 PM,48,17,31
09/09/2016 03:00:00 PM,77,30,47
09/09/2016 04:00:00 PM,122,39,83
09/09/2016 05:00:00 PM,177,55,122
09/09/2016 06:00:00 PM,67,22,45
09/09/2016 07:00:00 PM,33,17,16
09/09/2016 08:00:00 PM,15,9,6
09/09/2016 09:00:00 PM,15,7,8
09/09/2016 10:00:00 PM,8,5,3
09/09/2016 11:00:00 PM,10,2,8
09/10/2016 12:00:00 AM,5,2,3
09/10/2016 01:00:00 AM,5,0,5
09/10/2016 02:00:00 AM,0,0,0
09/10/2016 03:00:00 AM,1,0,1
09/10/2016 04:00:00 AM,0,0,0
09/10/2016 05:00:00 AM,3,2,1
09/10/2016 06:00:00 AM,2,0,2
09/10/2016 07:00:00 AM,5,2,3
09/10/2016 08:00:00 AM,10,6,4
09/10/2016 09:00:00 AM,11,8,3
09/10/2016 10:00:00 AM,20,5,15
09/10/2016 11:00:00 AM,30,14,16
09/10/2016 12:00:00 PM,47,24,23
09/10/2016 01:00:00 PM,42,22,20
09/10/2016 02:00:00 PM,48,17,31
09/10/2016 03:00:00 PM,39,10,29
09/10/2016 04:00:00 PM,38,22,16
09/10/2016 05:00:00 PM,43,21,22
09/10/2016 06:00:00 PM,26,12,14
09/10/2016 07:00:00 PM,15,9,6
09/10/2016 08:00:00 PM,9,4,5
09/10/2016 09:00:00 PM,6,5,1
09/10/2016 10:00:00 PM,5,3,2
09/10/2016 11:00:00 PM,6,4,2
09/11/2016 12:00:00 AM,4,1,3
09/11/2016 01:00:00 AM,2,0,2
09/11/2016 02:00:00 AM,2,1,1
09/11/2016 03:00:00 AM,1,0,1
09/11/2016 04:00:00 AM,0,0,0
09/11/2016 05:00:00 AM,1,1,0
09/11/2016 06:00:00 AM,1,0,1
09/11/2016 07:00:00 AM,5,3,2
09/11/2016 08:00:00 AM,6,0,6
09/11/2016 09:00:00 AM,12,5,7
09/11/2016 10:00:00 AM,21,10,11
09/11/2016 11:00:00 AM,21,5,16
09/11/2016 12:00:00 PM,19,6,13
09/11/2016 01:00:00 PM,26,14,12
09/11/2016 02:00:00 PM,18,7,11
09/11/2016 03:00:00 PM,22,15,7
09/11/2016 04:00:00 PM,28,17,11
09/11/2016 05:00:00 PM,34,13,21
09/11/2016 06:00:00 PM,20,14,6
09/11/2016 07:00:00 PM,10,5,5
09/11/2016 08:00:00 PM,10,6,4
09/11/2016 09:00:00 PM,2,1,1
09/11/2016 10:00:00 PM,6,4,2
09/11/2016 11:00:00 PM,6,2,4
09/12/2016 12:00:00 AM,4,2,2
09/12/2016 01:00:00 AM,0,0,0
09/12/2016 02:00:00 AM,2,1,1
09/12/2016 03:00:00 AM,0,0,0
09/12/2016 04:00:00 AM,0,0,0
09/12/2016 05:00:00 AM,8,7,1
09/12/2016 06:00:00 AM,27,15,12
09/12/2016 07:00:00 AM,100,40,60
09/12/2016 08:00:00 AM,150,70,80
09/12/2016 09:00:00 AM,63,28,35
09/12/2016 10:00:00 AM,27,16,11
09/12/2016 11:00:00 AM,23,12,11
09/12/2016 12:00:00 PM,33,14,19
09/12/2016 01:00:00 PM,43,26,17
09/12/2016 02:00:00 PM,30,9,21
09/12/2016 03:00:00 PM,48,13,35
09/12/2016 04:00:00 PM,120,26,94
09/12/2016 05:00:00 PM,223,64,159
09/12/2016 06:00:00 PM,96,43,53
09/12/2016 07:00:00 PM,20,10,10
09/12/2016 08:00:00 PM,18,7,11
09/12/2016 09:00:00 PM,10,2,8
09/12/2016 10:00:00 PM,2,1,1
09/12/2016 11:00:00 PM,2,2,0
09/13/2016 12:00:00 AM,4,3,1
09/13/2016 01:00:00 AM,0,0,0
09/13/2016 02:00:00 AM,0,0,0
09/13/2016 03:00:00 AM,0,0,0
09/13/2016 04:00:00 AM,1,1,0
09/13/2016 05:00:00 AM,8,4,4
09/13/2016 06:00:00 AM,35,17,18
09/13/2016 07:00:00 AM,103,42,61
09/13/2016 08:00:00 AM,135,57,78
09/13/2016 09:00:00 AM,86,38,48
09/13/2016 10:00:00 AM,32,17,15
09/13/2016 11:00:00 AM,40,16,24
09/13/2016 12:00:00 PM,47,22,25
09/13/2016 01:00:00 PM,37,22,15
09/13/2016 02:00:00 PM,30,12,18
09/13/2016 03:00:00 PM,65,30,35
09/13/2016 04:00:00 PM,140,45,95
09/13/2016 05:00:00 PM,207,69,138
09/13/2016 06:00:00 PM,105,40,65
09/13/2016 07:00:00 PM,45,16,29
09/13/2016 08:00:00 PM,14,9,5
09/13/2016 09:00:00 PM,13,6,7
09/13/2016 10:00:00 PM,13,5,8
09/13/2016 11:00:00 PM,5,3,2
09/14/2016 12:00:00 AM,1,1,0
09/14/2016 01:00:00 AM,1,1,0
09/14/2016 02:00:00 AM,0,0,0
09/14/2016 03:00:00 AM,0,0,0
09/14/2016 04:00:00 AM,1,0,1
09/14/2016 05:00:00 AM,8,6,2
09/14/2016 06:00:00 AM,27,15,12
09/14/2016 07:00:00 AM,83,34,49
09/14/2016 08:00:00 AM,148,58,90
09/14/2016 09:00:00 AM,70,29,41
09/14/2016 10:00:00 AM,31,17,14
09/14/2016 11:00:00 AM,30,18,12
09/14/2016 12:00:00 PM,43,20,23
09/14/2016 01:00:00 PM,37,14,23
09/14/2016 02:00:00 PM,39,13,26
09/14/2016 03:00:00 PM,62,22,40
09/14/2016 04:00:00 PM,113,28,85
09/14/2016 05:00:00 PM,202,63,139
09/14/2016 06:00:00 PM,104,26,78
09/14/2016 07:00:00 PM,25,9,16
09/14/2016 08:00:00 PM,18,5,13
09/14/2016 09:00:00 PM,8,3,5
09/14/2016 10:00:00 PM,10,7,3
09/14/2016 11:00:00 PM,6,2,4
09/15/2016 12:00:00 AM,2,0,2
09/15/2016 01:00:00 AM,2,0,2
09/15/2016 02:00:00 AM,2,2,0
09/15/2016 03:00:00 AM,1,0,1
09/15/2016 04:00:00 AM,2,2,0
09/15/2016 05:00:00 AM,9,6,3
09/15/2016 06:00:00 AM,32,14,18
09/15/2016 07:00:00 AM,97,44,53
09/15/2016 08:00:00 AM,139,54,85
09/15/2016 09:00:00 AM,72,38,34
09/15/2016 10:00:00 AM,34,10,24
09/15/2016 11:00:00 AM,36,14,22
09/15/2016 12:00:00 PM,44,17,27
09/15/2016 01:00:00 PM,36,19,17
09/15/2016 02:00:00 PM,39,14,25
09/15/2016 03:00:00 PM,57,13,44
09/15/2016 04:00:00 PM,134,47,87
09/15/2016 05:00:00 PM,195,61,134
09/15/2016 06:00:00 PM,105,36,69
09/15/2016 07:00:00 PM,40,14,26
09/15/2016 08:00:00 PM,18,9,9
09/15/2016 09:00:00 PM,9,6,3
09/15/2016 10:00:00 PM,7,2,5
09/15/2016 11:00:00 PM,5,4,1
09/16/2016 12:00:00 AM,5,1,4
09/16/2016 01:00:00 AM,2,0,2
09/16/2016 02:00:00 AM,0,0,0
09/16/2016 03:00:00 AM,0,0,0
09/16/2016 04:00:00 AM,0,0,0
09/16/2016 05:00:00 AM,4,3,1
09/16/2016 06:00:00 AM,33,13,20
09/16/2016 07:00:00 AM,67,27,40
09/16/2016 08:00:00 AM,125,57,68
09/16/2016 09:00:00 AM,63,28,35
09/16/2016 10:00:00 AM,29,13,16
09/16/2016 11:00:00 AM,24,10,14
09/16/2016 12:00:00 PM,34,13,21
09/16/2016 01:00:00 PM,52,29,23
09/16/2016 02:00:00 PM,58,32,26
09/16/2016 03:00:00 PM,46,22,24
09/16/2016 04:00:00 PM,115,27,88
09/16/2016 05:00:00 PM,191,70,121
09/16/2016 06:00:00 PM,85,19,66
09/16/2016 07:00:00 PM,41,16,25
09/16/2016 08:00:00 PM,16,6,10
09/16/2016 09:00:00 PM,10,5,5
09/16/2016 10:00:00 PM,15,9,6
09/16/2016 11:00:00 PM,5,3,2
09/17/2016 12:00:00 AM,3,3,0
09/17/2016 01:00:00 AM,0,0,0
09/17/2016 02:00:00 AM,2,0,2
09/17/2016 03:00:00 AM,0,0,0
09/17/2016 04:00:00 AM,0,0,0
09/17/2016 05:00:00 AM,2,2,0
09/17/2016 06:00:00 AM,3,1,2
09/17/2016 07:00:00 AM,83,17,66
09/17/2016 08:00:00 AM,28,9,19
09/17/2016 09:00:00 AM,4,2,2
09/17/2016 10:00:00 AM,8,1,7
09/17/2016 11:00:00 AM,20,5,15
09/17/2016 12:00:00 PM,24,12,12
09/17/2016 01:00:00 PM,25,10,15
09/17/2016 02:00:00 PM,14,6,8
09/17/2016 03:00:00 PM,23,15,8
09/17/2016 04:00:00 PM,19,9,10
09/17/2016 05:00:00 PM,23,8,15
09/17/2016 06:00:00 PM,20,13,7
09/17/2016 07:00:00 PM,16,10,6
09/17/2016 08:00:00 PM,14,13,1
09/17/2016 09:00:00 PM,7,2,5
09/17/2016 10:00:00 PM,13,8,5
09/17/2016 11:00:00 PM,2,0,2
09/18/2016 12:00:00 AM,0,0,0
09/18/2016 01:00:00 AM,1,0,1
09/18/2016 02:00:00 AM,0,0,0
09/18/2016 03:00:00 AM,0,0,0
09/18/2016 04:00:00 AM,0,0,0
09/18/2016 05:00:00 AM,2,2,0
09/18/2016 06:00:00 AM,0,0,0
09/18/2016 07:00:00 AM,4,1,3
09/18/2016 08:00:00 AM,8,3,5
09/18/2016 09:00:00 AM,13,9,4
09/18/2016 10:00:00 AM,14,4,10
09/18/2016 11:00:00 AM,12,4,8
09/18/2016 12:00:00 PM,24,7,17
09/18/2016 01:00:00 PM,30,18,12
09/18/2016 02:00:00 PM,24,5,19
09/18/2016 03:00:00 PM,18,5,13
09/18/2016 04:00:00 PM,18,9,9
09/18/2016 05:00:00 PM,19,11,8
09/18/2016 06:00:00 PM,12,6,6
09/18/2016 07:00:00 PM,8,3,5
09/18/2016 08:00:00 PM,2,1,1
09/18/2016 09:00:00 PM,5,1,4
09/18/2016 10:00:00 PM,1,1,0
09/18/2016 11:00:00 PM,6,4,2
09/19/2016 12:00:00 AM,1,1,0
09/19/2016 01:00:00 AM,0,0,0
09/19/2016 02:00:00 AM,2,1,1
09/19/2016 03:00:00 AM,0,0,0
09/19/2016 04:00:00 AM,2,0,2
09/19/2016 05:00:00 AM,6,4,2
09/19/2016 06:00:00 AM,29,15,14
09/19/2016 07:00:00 AM,40,16,24
09/19/2016 08:00:00 AM,98,41,57
09/19/2016 09:00:00 AM,62,29,33
09/19/2016 10:00:00 AM,19,8,11
09/19/2016 11:00:00 AM,18,13,5
09/19/2016 12:00:00 PM,35,17,18
09/19/2016 01:00:00 PM,27,18,9
09/19/2016 02:00:00 PM,22,5,17
09/19/2016 03:00:00 PM,46,19,27
09/19/2016 04:00:00 PM,104,24,80
09/19/2016 05:00:00 PM,139,36,103
09/19/2016 06:00:00 PM,92,33,59
09/19/2016 07:00:00 PM,28,13,15
09/19/2016 08:00:00 PM,15,9,6
09/19/2016 09:00:00 PM,5,2,3
09/19/2016 10:00:00 PM,18,16,2
09/19/2016 11:00:00 PM,4,0,4
09/20/2016 12:00:00 AM,6,3,3
09/20/2016 01:00:00 AM,1,0,1
09/20/2016 02:00:00 AM,1,0,1
09/20/2016 03:00:00 AM,0,0,0
09/20/2016 04:00:00 AM,0,0,0
09/20/2016 05:00:00 AM,8,6,2
09/20/2016 06:00:00 AM,29,16,13
09/20/2016 07:00:00 AM,93,42,51
09/20/2016 08:00:00 AM,133,49,84
09/20/2016 09:00:00 AM,61,30,31
09/20/2016 10:00:00 AM,23,12,11
09/20/2016 11:00:00 AM,28,16,12
09/20/2016 12:00:00 PM,48,25,23
09/20/2016 01:00:00 PM,41,20,21
09/20/2016 02:00:00 PM,33,9,24
09/20/2016 03:00:00 PM,54,16,38
09/20/2016 04:00:00 PM,125,29,96
09/20/2016 05:00:00 PM,212,61,151
09/20/2016 06:00:00 PM,127,47,80
09/20/2016 07:00:00 PM,32,18,14
09/20/2016 08:00:00 PM,16,9,7
09/20/2016 09:00:00 PM,10,5,5
09/20/2016 10:00:00 PM,9,4,5
09/20/2016 11:00:00 PM,12,10,2
09/21/2016 12:00:00 AM,3,1,2
09/21/2016 01:00:00 AM,3,2,1
09/21/2016 02:00:00 AM,1,1,0
09/21/2016 03:00:00 AM,0,0,0
09/21/2016 04:00:00 AM,0,0,0
09/21/2016 05:00:00 AM,14,10,4
09/21/2016 06:00:00 AM,32,16,16
09/21/2016 07:00:00 AM,85,39,46
09/21/2016 08:00:00 AM,133,45,88
09/21/2016 09:00:00 AM,80,31,49
09/21/2016 10:00:00 AM,30,17,13
09/21/2016 11:00:00 AM,41,12,29
09/21/2016 12:00:00 PM,48,21,27
09/21/2016 01:00:00 PM,46,19,27
09/21/2016 02:00:00 PM,42,15,27
09/21/2016 03:00:00 PM,67,17,50
09/21/2016 04:00:00 PM,130,45,85
09/21/2016 05:00:00 PM,201,69,132
09/21/2016 06:00:00 PM,137,54,83
09/21/2016 07:00:00 PM,33,15,18
09/21/2016 08:00:00 PM,13,5,8
09/21/2016 09:00:00 PM,15,4,11
09/21/2016 10:00:00 PM,7,3,4
09/21/2016 11:00:00 PM,5,3,2
09/22/2016 12:00:00 AM,3,1,2
09/22/2016 01:00:00 AM,1,1,0
09/22/2016 02:00:00 AM,0,0,0
09/22/2016 03:00:00 AM,4,1,3
09/22/2016 04:00:00 AM,1,1,0
09/22/2016 05:00:00 AM,9,5,4
09/22/2016 06:00:00 AM,31,15,16
09/22/2016 07:00:00 AM,81,37,44
09/22/2016 08:00:00 AM,135,44,91
09/22/2016 09:00:00 AM,64,28,36
09/22/2016 10:00:00 AM,42,20,22
09/22/2016 11:00:00 AM,42,15,27
09/22/2016 12:00:00 PM,48,23,25
09/22/2016 01:00:00 PM,46,26,20
09/22/2016 02:00:00 PM,43,22,21
09/22/2016 03:00:00 PM,58,13,45
09/22/2016 04:00:00 PM,115,35,80
09/22/2016 05:00:00 PM,192,66,126
09/22/2016 06:00:00 PM,105,48,57
09/22/2016 07:00:00 PM,46,23,23
09/22/2016 08:00:00 PM,10,2,8
09/22/2016 09:00:00 PM,8,4,4
09/22/2016 10:00:00 PM,13,9,4
09/22/2016 11:00:00 PM,3,0,3
09/23/2016 12:00:00 AM,3,1,2
09/23/2016 01:00:00 AM,1,1,0
09/23/2016 02:00:00 AM,0,0,0
09/23/2016 03:00:00 AM,1,1,0
09/23/2016 04:00:00 AM,2,0,2
09/23/2016 05:00:00 AM,7,5,2
09/23/2016 06:00:00 AM,27,11,16
09/23/2016 07:00:00 AM,40,20,20
09/23/2016 08:00:00 AM,91,38,53
09/23/2016 09:00:00 AM,48,20,28
09/23/2016 10:00:00 AM,31,15,16
09/23/2016 11:00:00 AM,28,12,16
09/23/2016 12:00:00 PM,24,9,15
09/23/2016 01:00:00 PM,43,17,26
09/23/2016 02:00:00 PM,35,21,14
09/23/2016 03:00:00 PM,40,12,28
09/23/2016 04:00:00 PM,100,35,65
09/23/2016 05:00:00 PM,138,42,96
09/23/2016 06:00:00 PM,58,17,41
09/23/2016 07:00:00 PM,27,13,14
09/23/2016 08:00:00 PM,8,3,5
09/23/2016 09:00:00 PM,6,2,4
09/23/2016 10:00:00 PM,8,3,5
09/23/2016 11:00:00 PM,3,3,0
09/24/2016 12:00:00 AM,3,1,2
09/24/2016 01:00:00 AM,5,1,4
09/24/2016 02:00:00 AM,3,0,3
09/24/2016 03:00:00 AM,0,0,0
09/24/2016 04:00:00 AM,2,0,2
09/24/2016 05:00:00 AM,1,1,0
09/24/2016 06:00:00 AM,2,0,2
09/24/2016 07:00:00 AM,7,4,3
09/24/2016 08:00:00 AM,17,11,6
09/24/2016 09:00:00 AM,11,7,4
09/24/2016 10:00:00 AM,12,4,8
09/24/2016 11:00:00 AM,29,18,11
09/24/2016 12:00:00 PM,27,7,20
09/24/2016 01:00:00 PM,33,19,14
09/24/2016 02:00:00 PM,19,10,9
09/24/2016 03:00:00 PM,35,13,22
09/24/2016 04:00:00 PM,26,8,18
09/24/2016 05:00:00 PM,25,8,17
09/24/2016 06:00:00 PM,26,10,16
09/24/2016 07:00:00 PM,7,5,2
09/24/2016 08:00:00 PM,7,2,5
09/24/2016 09:00:00 PM,5,1,4
09/24/2016 10:00:00 PM,9,4,5
09/24/2016 11:00:00 PM,2,0,2
09/25/2016 12:00:00 AM,2,1,1
09/25/2016 01:00:00 AM,4,2,2
09/25/2016 02:00:00 AM,2,0,2
09/25/2016 03:00:00 AM,1,0,1
09/25/2016 04:00:00 AM,1,0,1
09/25/2016 05:00:00 AM,1,1,0
09/25/2016 06:00:00 AM,1,0,1
09/25/2016 07:00:00 AM,5,0,5
09/25/2016 08:00:00 AM,10,3,7
09/25/2016 09:00:00 AM,28,11,17
09/25/2016 10:00:00 AM,29,10,19
09/25/2016 11:00:00 AM,39,22,17
09/25/2016 12:00:00 PM,37,6,31
09/25/2016 01:00:00 PM,21,7,14
09/25/2016 02:00:00 PM,27,9,18
09/25/2016 03:00:00 PM,28,12,16
09/25/2016 04:00:00 PM,24,14,10
09/25/2016 05:00:00 PM,28,19,9
09/25/2016 06:00:00 PM,23,9,14
09/25/2016 07:00:00 PM,22,11,11
09/25/2016 08:00:00 PM,13,8,5
09/25/2016 09:00:00 PM,12,10,2
09/25/2016 10:00:00 PM,6,5,1
09/25/2016 11:00:00 PM,2,1,1
09/26/2016 12:00:00 AM,2,0,2
09/26/2016 01:00:00 AM,0,0,0
09/26/2016 02:00:00 AM,0,0,0
09/26/2016 03:00:00 AM,0,0,0
09/26/2016 04:00:00 AM,5,4,1
09/26/2016 05:00:00 AM,5,4,1
09/26/2016 06:00:00 AM,35,21,14
09/26/2016 07:00:00 AM,89,34,55
09/26/2016 08:00:00 AM,166,66,100
09/26/2016 09:00:00 AM,59,31,28
09/26/2016 10:00:00 AM,28,13,15
09/26/2016 11:00:00 AM,34,19,15
09/26/2016 12:00:00 PM,21,8,13
09/26/2016 01:00:00 PM,34,19,15
09/26/2016 02:00:00 PM,29,16,13
09/26/2016 03:00:00 PM,48,18,30
09/26/2016 04:00:00 PM,145,41,104
09/26/2016 05:00:00 PM,224,60,164
09/26/2016 06:00:00 PM,73,22,51
09/26/2016 07:00:00 PM,27,13,14
09/26/2016 08:00:00 PM,16,9,7
09/26/2016 09:00:00 PM,9,5,4
09/26/2016 10:00:00 PM,7,5,2
09/26/2016 11:00:00 PM,1,1,0
09/27/2016 12:00:00 AM,0,0,0
09/27/2016 01:00:00 AM,0,0,0
09/27/2016 02:00:00 AM,0,0,0
09/27/2016 03:00:00 AM,0,0,0
09/27/2016 04:00:00 AM,1,1,0
09/27/2016 05:00:00 AM,8,5,3
09/27/2016 06:00:00 AM,37,18,19
09/27/2016 07:00:00 AM,76,36,40
09/27/2016 08:00:00 AM,137,53,84
09/27/2016 09:00:00 AM,77,35,42
09/27/2016 10:00:00 AM,38,18,20
09/27/2016 11:00:00 AM,39,16,23
09/27/2016 12:00:00 PM,33,22,11
09/27/2016 01:00:00 PM,35,17,18
09/27/2016 02:00:00 PM,65,40,25
09/27/2016 03:00:00 PM,66,28,38
09/27/2016 04:00:00 PM,114,37,77
09/27/2016 05:00:00 PM,203,60,143
09/27/2016 06:00:00 PM,122,51,71
09/27/2016 07:00:00 PM,31,12,19
09/27/2016 08:00:00 PM,22,9,13
09/27/2016 09:00:00 PM,6,2,4
09/27/2016 10:00:00 PM,6,4,2
09/27/2016 11:00:00 PM,2,1,1
09/28/2016 12:00:00 AM,0,0,0
09/28/2016 01:00:00 AM,0,0,0
09/28/2016 02:00:00 AM,2,2,0
09/28/2016 03:00:00 AM,0,0,0
09/28/2016 04:00:00 AM,2,1,1
09/28/2016 05:00:00 AM,6,5,1
09/28/2016 06:00:00 AM,32,16,16
09/28/2016 07:00:00 AM,76,37,39
09/28/2016 08:00:00 AM,138,49,89
09/28/2016 09:00:00 AM,72,32,40
09/28/2016 10:00:00 AM,37,18,19
09/28/2016 11:00:00 AM,35,16,19
09/28/2016 12:00:00 PM,25,13,12
09/28/2016 01:00:00 PM,36,13,23
09/28/2016 02:00:00 PM,66,34,32
09/28/2016 03:00:00 PM,75,23,52
09/28/2016 04:00:00 PM,125,37,88
09/28/2016 05:00:00 PM,187,54,133
09/28/2016 06:00:00 PM,132,42,90
09/28/2016 07:00:00 PM,36,10,26
09/28/2016 08:00:00 PM,19,8,11
09/28/2016 09:00:00 PM,32,28,4
09/28/2016 10:00:00 PM,14,11,3
09/28/2016 11:00:00 PM,5,4,1
09/29/2016 12:00:00 AM,2,0,2
09/29/2016 01:00:00 AM,2,1,1
09/29/2016 02:00:00 AM,1,0,1
09/29/2016 03:00:00 AM,0,0,0
09/29/2016 04:00:00 AM,1,1,0
09/29/2016 05:00:00 AM,16,12,4
09/29/2016 06:00:00 AM,45,22,23
09/29/2016 07:00:00 AM,82,28,54
09/29/2016 08:00:00 AM,138,44,94
09/29/2016 09:00:00 AM,69,30,39
09/29/2016 10:00:00 AM,28,16,12
09/29/2016 11:00:00 AM,48,29,19
09/29/2016 12:00:00 PM,23,13,10
09/29/2016 01:00:00 PM,34,17,17
09/29/2016 02:00:00 PM,41,17,24
09/29/2016 03:00:00 PM,50,22,28
09/29/2016 04:00:00 PM,128,35,93
09/29/2016 05:00:00 PM,178,65,113
09/29/2016 06:00:00 PM,84,30,54
09/29/2016 07:00:00 PM,38,16,22
09/29/2016 08:00:00 PM,13,6,7
09/29/2016 09:00:00 PM,10,5,5
09/29/2016 10:00:00 PM,14,7,7
09/29/2016 11:00:00 PM,6,4,2
09/30/2016 12:00:00 AM,5,0,5
09/30/2016 01:00:00 AM,1,0,1
09/30/2016 02:00:00 AM,4,1,3
09/30/2016 03:00:00 AM,0,0,0
09/30/2016 04:00:00 AM,0,0,0
09/30/2016 05:00:00 AM,3,3,0
09/30/2016 06:00:00 AM,34,14,20
09/30/2016 07:00:00 AM,67,29,38
09/30/2016 08:00:00 AM,122,47,75
09/30/2016 09:00:00 AM,69,34,35
09/30/2016 10:00:00 AM,30,10,20
09/30/2016 11:00:00 AM,31,12,19
09/30/2016 12:00:00 PM,45,24,21
09/30/2016 01:00:00 PM,29,10,19
09/30/2016 02:00:00 PM,36,13,23
09/30/2016 03:00:00 PM,74,30,44
09/30/2016 04:00:00 PM,118,34,84
09/30/2016 05:00:00 PM,139,34,105
09/30/2016 06:00:00 PM,88,30,58
09/30/2016 07:00:00 PM,26,8,18
09/30/2016 08:00:00 PM,10,4,6
09/30/2016 09:00:00 PM,7,4,3
09/30/2016 10:00:00 PM,7,4,3
09/30/2016 11:00:00 PM,3,3,0
10/01/2016 12:00:00 AM,6,5,1
10/01/2016 01:00:00 AM,2,0,2
10/01/2016 02:00:00 AM,1,0,1
10/01/2016 03:00:00 AM,0,0,0
10/01/2016 04:00:00 AM,0,0,0
10/01/2016 05:00:00 AM,1,1,0
10/01/2016 06:00:00 AM,4,1,3
10/01/2016 07:00:00 AM,6,2,4
10/01/2016 08:00:00 AM,16,7,9
10/01/2016 09:00:00 AM,7,2,5
10/01/2016 10:00:00 AM,11,2,9
10/01/2016 11:00:00 AM,24,11,13
10/01/2016 12:00:00 PM,19,10,9
10/01/2016 01:00:00 PM,14,9,5
10/01/2016 02:00:00 PM,16,7,9
10/01/2016 03:00:00 PM,27,15,12
10/01/2016 04:00:00 PM,18,10,8
10/01/2016 05:00:00 PM,17,3,14
10/01/2016 06:00:00 PM,16,8,8
10/01/2016 07:00:00 PM,21,21,0
10/01/2016 08:00:00 PM,3,2,1
10/01/2016 09:00:00 PM,3,1,2
10/01/2016 10:00:00 PM,5,1,4
10/01/2016 11:00:00 PM,6,3,3
10/02/2016 12:00:00 AM,2,1,1
10/02/2016 01:00:00 AM,0,0,0
10/02/2016 02:00:00 AM,3,1,2
10/02/2016 03:00:00 AM,1,1,0
10/02/2016 04:00:00 AM,0,0,0
10/02/2016 05:00:00 AM,1,0,1
10/02/2016 06:00:00 AM,0,0,0
10/02/2016 07:00:00 AM,5,2,3
10/02/2016 08:00:00 AM,6,3,3
10/02/2016 09:00:00 AM,10,4,6
10/02/2016 10:00:00 AM,18,8,10
10/02/2016 11:00:00 AM,33,10,23
10/02/2016 12:00:00 PM,17,5,12
10/02/2016 01:00:00 PM,23,11,12
10/02/2016 02:00:00 PM,20,9,11
10/02/2016 03:00:00 PM,31,20,11
10/02/2016 04:00:00 PM,19,7,12
10/02/2016 05:00:00 PM,15,10,5
10/02/2016 06:00:00 PM,12,10,2
10/02/2016 07:00:00 PM,14,6,8
10/02/2016 08:00:00 PM,6,5,1
10/02/2016 09:00:00 PM,2,0,2
10/02/2016 10:00:00 PM,2,1,1
10/02/2016 11:00:00 PM,0,0,0
10/03/2016 12:00:00 AM,2,2,0
10/03/2016 01:00:00 AM,0,0,0
10/03/2016 02:00:00 AM,0,0,0
10/03/2016 03:00:00 AM,0,0,0
10/03/2016 04:00:00 AM,0,0,0
10/03/2016 05:00:00 AM,9,3,6
10/03/2016 06:00:00 AM,31,16,15
10/03/2016 07:00:00 AM,76,36,40
10/03/2016 08:00:00 AM,142,60,82
10/03/2016 09:00:00 AM,65,33,32
10/03/2016 10:00:00 AM,33,17,16
10/03/2016 11:00:00 AM,27,13,14
10/03/2016 12:00:00 PM,30,12,18
10/03/2016 01:00:00 PM,27,14,13
10/03/2016 02:00:00 PM,25,10,15
10/03/2016 03:00:00 PM,48,17,31
10/03/2016 04:00:00 PM,105,32,73
10/03/2016 05:00:00 PM,169,41,128
10/03/2016 06:00:00 PM,82,31,51
10/03/2016 07:00:00 PM,26,9,17
10/03/2016 08:00:00 PM,7,3,4
10/03/2016 09:00:00 PM,9,3,6
10/03/2016 10:00:00 PM,4,0,4
10/03/2016 11:00:00 PM,5,3,2
10/04/2016 12:00:00 AM,0,0,0
10/04/2016 01:00:00 AM,0,0,0
10/04/2016 02:00:00 AM,0,0,0
10/04/2016 03:00:00 AM,2,0,2
10/04/2016 04:00:00 AM,1,1,0
10/04/2016 05:00:00 AM,5,4,1
10/04/2016 06:00:00 AM,20,12,8
10/04/2016 07:00:00 AM,53,22,31
10/04/2016 08:00:00 AM,107,47,60
10/04/2016 09:00:00 AM,54,23,31
10/04/2016 10:00:00 AM,29,14,15
10/04/2016 11:00:00 AM,24,11,13
10/04/2016 12:00:00 PM,24,11,13
10/04/2016 01:00:00 PM,18,7,11
10/04/2016 02:00:00 PM,23,7,16
10/04/2016 03:00:00 PM,43,8,35
10/04/2016 04:00:00 PM,91,33,58
10/04/2016 05:00:00 PM,143,44,99
10/04/2016 06:00:00 PM,57,16,41
10/04/2016 07:00:00 PM,24,11,13
10/04/2016 08:00:00 PM,13,6,7
10/04/2016 09:00:00 PM,4,1,3
10/04/2016 10:00:00 PM,4,3,1
10/04/2016 11:00:00 PM,1,1,0
10/05/2016 12:00:00 AM,0,0,0
10/05/2016 01:00:00 AM,1,1,0
10/05/2016 02:00:00 AM,0,0,0
10/05/2016 03:00:00 AM,0,0,0
10/05/2016 04:00:00 AM,2,0,2
10/05/2016 05:00:00 AM,7,5,2
10/05/2016 06:00:00 AM,27,14,13
10/05/2016 07:00:00 AM,49,24,25
10/05/2016 08:00:00 AM,105,47,58
10/05/2016 09:00:00 AM,61,31,30
10/05/2016 10:00:00 AM,31,19,12
10/05/2016 11:00:00 AM,18,11,7
10/05/2016 12:00:00 PM,16,6,10
10/05/2016 01:00:00 PM,23,14,9
10/05/2016 02:00:00 PM,45,22,23
10/05/2016 03:00:00 PM,51,13,38
10/05/2016 04:00:00 PM,105,26,79
10/05/2016 05:00:00 PM,148,51,97
10/05/2016 06:00:00 PM,80,27,53
10/05/2016 07:00:00 PM,15,8,7
10/05/2016 08:00:00 PM,13,7,6
10/05/2016 09:00:00 PM,6,2,4
10/05/2016 10:00:00 PM,5,2,3
10/05/2016 11:00:00 PM,0,0,0
10/06/2016 12:00:00 AM,2,1,1
10/06/2016 01:00:00 AM,0,0,0
10/06/2016 02:00:00 AM,2,1,1
10/06/2016 03:00:00 AM,0,0,0
10/06/2016 04:00:00 AM,1,0,1
10/06/2016 05:00:00 AM,3,2,1
10/06/2016 06:00:00 AM,23,11,12
10/06/2016 07:00:00 AM,61,32,29
10/06/2016 08:00:00 AM,113,40,73
10/06/2016 09:00:00 AM,62,29,33
10/06/2016 10:00:00 AM,33,17,16
10/06/2016 11:00:00 AM,37,24,13
10/06/2016 12:00:00 PM,33,15,18
10/06/2016 01:00:00 PM,30,18,12
10/06/2016 02:00:00 PM,35,12,23
10/06/2016 03:00:00 PM,52,19,33
10/06/2016 04:00:00 PM,105,25,80
10/06/2016 05:00:00 PM,159,46,113
10/06/2016 06:00:00 PM,71,23,48
10/06/2016 07:00:00 PM,26,13,13
10/06/2016 08:00:00 PM,16,6,10
10/06/2016 09:00:00 PM,6,4,2
10/06/2016 10:00:00 PM,7,2,5
10/06/2016 11:00:00 PM,1,1,0
10/07/2016 12:00:00 AM,1,1,0
10/07/2016 01:00:00 AM,0,0,0
10/07/2016 02:00:00 AM,0,0,0
10/07/2016 03:00:00 AM,0,0,0
10/07/2016 04:00:00 AM,0,0,0
10/07/2016 05:00:00 AM,2,2,0
10/07/2016 06:00:00 AM,19,9,10
10/07/2016 07:00:00 AM,53,23,30
10/07/2016 08:00:00 AM,79,32,47
10/07/2016 09:00:00 AM,50,25,25
10/07/2016 10:00:00 AM,25,14,11
10/07/2016 11:00:00 AM,37,18,19
10/07/2016 12:00:00 PM,26,13,13
10/07/2016 01:00:00 PM,23,10,13
10/07/2016 02:00:00 PM,27,7,20
10/07/2016 03:00:00 PM,39,20,19
10/07/2016 04:00:00 PM,89,28,61
10/07/2016 05:00:00 PM,106,38,68
10/07/2016 06:00:00 PM,53,20,33
10/07/2016 07:00:00 PM,25,15,10
10/07/2016 08:00:00 PM,7,3,4
10/07/2016 09:00:00 PM,7,1,6
10/07/2016 10:00:00 PM,6,1,5
10/07/2016 11:00:00 PM,6,2,4
10/08/2016 12:00:00 AM,1,0,1
10/08/2016 01:00:00 AM,0,0,0
10/08/2016 02:00:00 AM,1,0,1
10/08/2016 03:00:00 AM,1,0,1
10/08/2016 04:00:00 AM,1,0,1
10/08/2016 05:00:00 AM,0,0,0
10/08/2016 06:00:00 AM,2,1,1
10/08/2016 07:00:00 AM,2,0,2
10/08/2016 08:00:00 AM,4,3,1
10/08/2016 09:00:00 AM,12,5,7
10/08/2016 10:00:00 AM,6,1,5
10/08/2016 11:00:00 AM,15,4,11
10/08/2016 12:00:00 PM,18,3,15
10/08/2016 01:00:00 PM,5,3,2
10/08/2016 02:00:00 PM,10,6,4
10/08/2016 03:00:00 PM,3,0,3
10/08/2016 04:00:00 PM,8,2,6
10/08/2016 05:00:00 PM,5,1,4
10/08/2016 06:00:00 PM,10,3,7
10/08/2016 07:00:00 PM,8,7,1
10/08/2016 08:00:00 PM,3,0,3
10/08/2016 09:00:00 PM,1,1,0
10/08/2016 10:00:00 PM,2,1,1
10/08/2016 11:00:00 PM,3,2,1
10/09/2016 12:00:00 AM,1,0,1
10/09/2016 01:00:00 AM,1,0,1
10/09/2016 02:00:00 AM,0,0,0
10/09/2016 03:00:00 AM,1,1,0
10/09/2016 04:00:00 AM,1,1,0
10/09/2016 05:00:00 AM,1,1,0
10/09/2016 06:00:00 AM,2,2,0
10/09/2016 07:00:00 AM,1,1,0
10/09/2016 08:00:00 AM,5,1,4
10/09/2016 09:00:00 AM,10,3,7
10/09/2016 10:00:00 AM,11,4,7
10/09/2016 11:00:00 AM,12,4,8
10/09/2016 12:00:00 PM,4,1,3
10/09/2016 01:00:00 PM,15,9,6
10/09/2016 02:00:00 PM,17,6,11
10/09/2016 03:00:00 PM,10,5,5
10/09/2016 04:00:00 PM,13,6,7
10/09/2016 05:00:00 PM,22,11,11
10/09/2016 06:00:00 PM,8,5,3
10/09/2016 07:00:00 PM,0,0,0
10/09/2016 08:00:00 PM,4,1,3
10/09/2016 09:00:00 PM,3,2,1
10/09/2016 10:00:00 PM,2,0,2
10/09/2016 11:00:00 PM,2,1,1
10/10/2016 12:00:00 AM,1,0,1
10/10/2016 01:00:00 AM,0,0,0
10/10/2016 02:00:00 AM,2,1,1
10/10/2016 03:00:00 AM,0,0,0
10/10/2016 04:00:00 AM,1,0,1
10/10/2016 05:00:00 AM,4,4,0
10/10/2016 06:00:00 AM,13,10,3
10/10/2016 07:00:00 AM,66,29,37
10/10/2016 08:00:00 AM,117,47,70
10/10/2016 09:00:00 AM,67,30,37
10/10/2016 10:00:00 AM,23,9,14
10/10/2016 11:00:00 AM,26,13,13
10/10/2016 12:00:00 PM,28,17,11
10/10/2016 01:00:00 PM,21,9,12
10/10/2016 02:00:00 PM,26,10,16
10/10/2016 03:00:00 PM,44,12,32
10/10/2016 04:00:00 PM,116,34,82
10/10/2016 05:00:00 PM,166,42,124
10/10/2016 06:00:00 PM,58,20,38
10/10/2016 07:00:00 PM,27,14,13
10/10/2016 08:00:00 PM,9,6,3
10/10/2016 09:00:00 PM,12,5,7
10/10/2016 10:00:00 PM,3,2,1
10/10/2016 11:00:00 PM,4,2,2
10/11/2016 12:00:00 AM,2,2,0
10/11/2016 01:00:00 AM,0,0,0
10/11/2016 02:00:00 AM,0,0,0
10/11/2016 03:00:00 AM,0,0,0
10/11/2016 04:00:00 AM,3,0,3
10/11/2016 05:00:00 AM,9,5,4
10/11/2016 06:00:00 AM,29,17,12
10/11/2016 07:00:00 AM,67,33,34
10/11/2016 08:00:00 AM,123,56,67
10/11/2016 09:00:00 AM,73,36,37
10/11/2016 10:00:00 AM,29,15,14
10/11/2016 11:00:00 AM,31,16,15
10/11/2016 12:00:00 PM,28,16,12
10/11/2016 01:00:00 PM,30,14,16
10/11/2016 02:00:00 PM,40,13,27
10/11/2016 03:00:00 PM,61,25,36
10/11/2016 04:00:00 PM,129,36,93
10/11/2016 05:00:00 PM,172,56,116
10/11/2016 06:00:00 PM,76,27,49
10/11/2016 07:00:00 PM,21,10,11
10/11/2016 08:00:00 PM,15,6,9
10/11/2016 09:00:00 PM,9,3,6
10/11/2016 10:00:00 PM,4,0,4
10/11/2016 11:00:00 PM,4,2,2
10/12/2016 12:00:00 AM,4,3,1
10/12/2016 01:00:00 AM,1,1,0
10/12/2016 02:00:00 AM,3,1,2
10/12/2016 03:00:00 AM,5,5,0
10/12/2016 04:00:00 AM,0,0,0
10/12/2016 05:00:00 AM,9,6,3
10/12/2016 06:00:00 AM,24,13,11
10/12/2016 07:00:00 AM,73,36,37
10/12/2016 08:00:00 AM,129,51,78
10/12/2016 09:00:00 AM,69,31,38
10/12/2016 10:00:00 AM,28,14,14
10/12/2016 11:00:00 AM,57,32,25
10/12/2016 12:00:00 PM,39,25,14
10/12/2016 01:00:00 PM,27,9,18
10/12/2016 02:00:00 PM,39,15,24
10/12/2016 03:00:00 PM,59,13,46
10/12/2016 04:00:00 PM,99,25,74
10/12/2016 05:00:00 PM,181,51,130
10/12/2016 06:00:00 PM,85,28,57
10/12/2016 07:00:00 PM,43,14,29
10/12/2016 08:00:00 PM,10,3,7
10/12/2016 09:00:00 PM,20,16,4
10/12/2016 10:00:00 PM,8,4,4
10/12/2016 11:00:00 PM,3,2,1
10/13/2016 12:00:00 AM,2,1,1
10/13/2016 01:00:00 AM,0,0,0
10/13/2016 02:00:00 AM,1,0,1
10/13/2016 03:00:00 AM,2,0,2
10/13/2016 04:00:00 AM,2,0,2
10/13/2016 05:00:00 AM,2,2,0
10/13/2016 06:00:00 AM,13,10,3
10/13/2016 07:00:00 AM,24,13,11
10/13/2016 08:00:00 AM,45,18,27
10/13/2016 09:00:00 AM,22,13,9
10/13/2016 10:00:00 AM,12,7,5
10/13/2016 11:00:00 AM,22,14,8
10/13/2016 12:00:00 PM,16,9,7
10/13/2016 01:00:00 PM,11,9,2
10/13/2016 02:00:00 PM,16,7,9
10/13/2016 03:00:00 PM,33,7,26
10/13/2016 04:00:00 PM,57,21,36
10/13/2016 05:00:00 PM,64,17,47
10/13/2016 06:00:00 PM,30,7,23
10/13/2016 07:00:00 PM,14,4,10
10/13/2016 08:00:00 PM,4,2,2
10/13/2016 09:00:00 PM,2,1,1
10/13/2016 10:00:00 PM,3,3,0
10/13/2016 11:00:00 PM,0,0,0
10/14/2016 12:00:00 AM,0,0,0
10/14/2016 01:00:00 AM,0,0,0
10/14/2016 02:00:00 AM,0,0,0
10/14/2016 03:00:00 AM,0,0,0
10/14/2016 04:00:00 AM,1,0,1
10/14/2016 05:00:00 AM,3,2,1
10/14/2016 06:00:00 AM,8,2,6
10/14/2016 07:00:00 AM,11,4,7
10/14/2016 08:00:00 AM,31,17,14
10/14/2016 09:00:00 AM,24,6,18
10/14/2016 10:00:00 AM,11,8,3
10/14/2016 11:00:00 AM,12,8,4
10/14/2016 12:00:00 PM,14,6,8
10/14/2016 01:00:00 PM,9,7,2
10/14/2016 02:00:00 PM,15,6,9
10/14/2016 03:00:00 PM,16,6,10
10/14/2016 04:00:00 PM,45,13,32
10/14/2016 05:00:00 PM,46,17,29
10/14/2016 06:00:00 PM,19,8,11
10/14/2016 07:00:00 PM,6,3,3
10/14/2016 08:00:00 PM,0,0,0
10/14/2016 09:00:00 PM,1,1,0
10/14/2016 10:00:00 PM,1,1,0
10/14/2016 11:00:00 PM,0,0,0
10/15/2016 12:00:00 AM,2,0,2
10/15/2016 01:00:00 AM,0,0,0
10/15/2016 02:00:00 AM,0,0,0
10/15/2016 03:00:00 AM,2,1,1
10/15/2016 04:00:00 AM,1,0,1
10/15/2016 05:00:00 AM,0,0,0
10/15/2016 06:00:00 AM,1,0,1
10/15/2016 07:00:00 AM,2,1,1
10/15/2016 08:00:00 AM,0,0,0
10/15/2016 09:00:00 AM,1,0,1
10/15/2016 10:00:00 AM,2,1,1
10/15/2016 11:00:00 AM,1,0,1
10/15/2016 12:00:00 PM,2,2,0
10/15/2016 01:00:00 PM,4,1,3
10/15/2016 02:00:00 PM,7,3,4
10/15/2016 03:00:00 PM,6,2,4
10/15/2016 04:00:00 PM,5,2,3
10/15/2016 05:00:00 PM,5,5,0
10/15/2016 06:00:00 PM,2,2,0
10/15/2016 07:00:00 PM,2,0,2
10/15/2016 08:00:00 PM,8,4,4
10/15/2016 09:00:00 PM,1,0,1
10/15/2016 10:00:00 PM,0,0,0
10/15/2016 11:00:00 PM,3,1,2
10/16/2016 12:00:00 AM,1,0,1
10/16/2016 01:00:00 AM,1,0,1
10/16/2016 02:00:00 AM,0,0,0
10/16/2016 03:00:00 AM,0,0,0
10/16/2016 04:00:00 AM,0,0,0
10/16/2016 05:00:00 AM,1,0,1
10/16/2016 06:00:00 AM,0,0,0
10/16/2016 07:00:00 AM,1,0,1
10/16/2016 08:00:00 AM,6,5,1
10/16/2016 09:00:00 AM,4,1,3
10/16/2016 10:00:00 AM,5,1,4
10/16/2016 11:00:00 AM,10,3,7
10/16/2016 12:00:00 PM,9,7,2
10/16/2016 01:00:00 PM,6,4,2
10/16/2016 02:00:00 PM,5,3,2
10/16/2016 03:00:00 PM,6,3,3
10/16/2016 04:00:00 PM,14,6,8
10/16/2016 05:00:00 PM,12,6,6
10/16/2016 06:00:00 PM,8,2,6
10/16/2016 07:00:00 PM,2,1,1
10/16/2016 08:00:00 PM,5,2,3
10/16/2016 09:00:00 PM,0,0,0
10/16/2016 10:00:00 PM,1,1,0
10/16/2016 11:00:00 PM,0,0,0
10/17/2016 12:00:00 AM,0,0,0
10/17/2016 01:00:00 AM,0,0,0
10/17/2016 02:00:00 AM,0,0,0
10/17/2016 03:00:00 AM,0,0,0
10/17/2016 04:00:00 AM,2,1,1
10/17/2016 05:00:00 AM,6,4,2
10/17/2016 06:00:00 AM,17,12,5
10/17/2016 07:00:00 AM,47,24,23
10/17/2016 08:00:00 AM,94,39,55
10/17/2016 09:00:00 AM,49,24,25
10/17/2016 10:00:00 AM,12,7,5
10/17/2016 11:00:00 AM,13,7,6
10/17/2016 12:00:00 PM,16,7,9
10/17/2016 01:00:00 PM,20,9,11
10/17/2016 02:00:00 PM,24,9,15
10/17/2016 03:00:00 PM,31,11,20
10/17/2016 04:00:00 PM,91,31,60
10/17/2016 05:00:00 PM,135,33,102
10/17/2016 06:00:00 PM,43,13,30
10/17/2016 07:00:00 PM,18,7,11
10/17/2016 08:00:00 PM,11,4,7
10/17/2016 09:00:00 PM,3,2,1
10/17/2016 10:00:00 PM,2,1,1
10/17/2016 11:00:00 PM,3,0,3
10/18/2016 12:00:00 AM,0,0,0
10/18/2016 01:00:00 AM,1,1,0
10/18/2016 02:00:00 AM,0,0,0
10/18/2016 03:00:00 AM,0,0,0
10/18/2016 04:00:00 AM,3,2,1
10/18/2016 05:00:00 AM,4,2,2
10/18/2016 06:00:00 AM,26,16,10
10/18/2016 07:00:00 AM,49,25,24
10/18/2016 08:00:00 AM,98,46,52
10/18/2016 09:00:00 AM,53,24,29
10/18/2016 10:00:00 AM,27,13,14
10/18/2016 11:00:00 AM,23,14,9
10/18/2016 12:00:00 PM,26,11,15
10/18/2016 01:00:00 PM,28,13,15
10/18/2016 02:00:00 PM,35,10,25
10/18/2016 03:00:00 PM,31,12,19
10/18/2016 04:00:00 PM,77,24,53
10/18/2016 05:00:00 PM,146,46,100
10/18/2016 06:00:00 PM,54,19,35
10/18/2016 07:00:00 PM,21,12,9
10/18/2016 08:00:00 PM,14,5,9
10/18/2016 09:00:00 PM,6,3,3
10/18/2016 10:00:00 PM,5,3,2
10/18/2016 11:00:00 PM,9,5,4
10/19/2016 12:00:00 AM,0,0,0
10/19/2016 01:00:00 AM,2,2,0
10/19/2016 02:00:00 AM,2,2,0
10/19/2016 03:00:00 AM,0,0,0
10/19/2016 04:00:00 AM,1,0,1
10/19/2016 05:00:00 AM,5,4,1
10/19/2016 06:00:00 AM,31,14,17
10/19/2016 07:00:00 AM,59,32,27
10/19/2016 08:00:00 AM,122,55,67
10/19/2016 09:00:00 AM,65,33,32
10/19/2016 10:00:00 AM,23,12,11
10/19/2016 11:00:00 AM,36,19,17
10/19/2016 12:00:00 PM,19,9,10
10/19/2016 01:00:00 PM,30,13,17
10/19/2016 02:00:00 PM,32,13,19
10/19/2016 03:00:00 PM,51,22,29
10/19/2016 04:00:00 PM,114,31,83
10/19/2016 05:00:00 PM,159,56,103
10/19/2016 06:00:00 PM,61,20,41
10/19/2016 07:00:00 PM,27,12,15
10/19/2016 08:00:00 PM,12,7,5
10/19/2016 09:00:00 PM,4,1,3
10/19/2016 10:00:00 PM,6,4,2
10/19/2016 11:00:00 PM,3,0,3
10/20/2016 12:00:00 AM,0,0,0
10/20/2016 01:00:00 AM,0,0,0
10/20/2016 02:00:00 AM,0,0,0
10/20/2016 03:00:00 AM,23,23,0
10/20/2016 04:00:00 AM,1,0,1
10/20/2016 05:00:00 AM,2,2,0
10/20/2016 06:00:00 AM,14,8,6
10/20/2016 07:00:00 AM,42,20,22
10/20/2016 08:00:00 AM,66,22,44
10/20/2016 09:00:00 AM,34,16,18
10/20/2016 10:00:00 AM,18,10,8
10/20/2016 11:00:00 AM,19,10,9
10/20/2016 12:00:00 PM,19,9,10
10/20/2016 01:00:00 PM,12,6,6
10/20/2016 02:00:00 PM,17,9,8
10/20/2016 03:00:00 PM,31,10,21
10/20/2016 04:00:00 PM,76,30,46
10/20/2016 05:00:00 PM,109,32,77
10/20/2016 06:00:00 PM,45,14,31
10/20/2016 07:00:00 PM,18,9,9
10/20/2016 08:00:00 PM,12,8,4
10/20/2016 09:00:00 PM,7,4,3
10/20/2016 10:00:00 PM,4,1,3
10/20/2016 11:00:00 PM,2,2,0
10/21/2016 12:00:00 AM,0,0,0
10/21/2016 01:00:00 AM,2,1,1
10/21/2016 02:00:00 AM,0,0,0
10/21/2016 03:00:00 AM,0,0,0
10/21/2016 04:00:00 AM,1,0,1
10/21/2016 05:00:00 AM,3,2,1
10/21/2016 06:00:00 AM,22,12,10
10/21/2016 07:00:00 AM,38,21,17
10/21/2016 08:00:00 AM,80,36,44
10/21/2016 09:00:00 AM,57,23,34
10/21/2016 10:00:00 AM,28,12,16
10/21/2016 11:00:00 AM,19,9,10
10/21/2016 12:00:00 PM,36,13,23
10/21/2016 01:00:00 PM,40,21,19
10/21/2016 02:00:00 PM,31,18,13
10/21/2016 03:00:00 PM,48,18,30
10/21/2016 04:00:00 PM,92,36,56
10/21/2016 05:00:00 PM,122,40,82
10/21/2016 06:00:00 PM,51,20,31
10/21/2016 07:00:00 PM,19,9,10
10/21/2016 08:00:00 PM,16,11,5
10/21/2016 09:00:00 PM,5,4,1
10/21/2016 10:00:00 PM,6,3,3
10/21/2016 11:00:00 PM,4,2,2
10/22/2016 12:00:00 AM,2,2,0
10/22/2016 01:00:00 AM,2,2,0
10/22/2016 02:00:00 AM,0,0,0
10/22/2016 03:00:00 AM,1,1,0
10/22/2016 04:00:00 AM,0,0,0
10/22/2016 05:00:00 AM,2,1,1
10/22/2016 06:00:00 AM,0,0,0
10/22/2016 07:00:00 AM,5,1,4
10/22/2016 08:00:00 AM,13,3,10
10/22/2016 09:00:00 AM,9,2,7
10/22/2016 10:00:00 AM,9,1,8
10/22/2016 11:00:00 AM,20,8,12
10/22/2016 12:00:00 PM,19,7,12
10/22/2016 01:00:00 PM,33,20,13
10/22/2016 02:00:00 PM,23,11,12
10/22/2016 03:00:00 PM,27,11,16
10/22/2016 04:00:00 PM,21,11,10
10/22/2016 05:00:00 PM,15,8,7
10/22/2016 06:00:00 PM,17,9,8
10/22/2016 07:00:00 PM,6,5,1
10/22/2016 08:00:00 PM,12,3,9
10/22/2016 09:00:00 PM,8,3,5
10/22/2016 10:00:00 PM,8,3,5
10/22/2016 11:00:00 PM,8,4,4
10/23/2016 12:00:00 AM,2,1,1
10/23/2016 01:00:00 AM,0,0,0
10/23/2016 02:00:00 AM,3,1,2
10/23/2016 03:00:00 AM,0,0,0
10/23/2016 04:00:00 AM,0,0,0
10/23/2016 05:00:00 AM,0,0,0
10/23/2016 06:00:00 AM,1,0,1
10/23/2016 07:00:00 AM,1,1,0
10/23/2016 08:00:00 AM,4,2,2
10/23/2016 09:00:00 AM,8,1,7
10/23/2016 10:00:00 AM,11,5,6
10/23/2016 11:00:00 AM,20,10,10
10/23/2016 12:00:00 PM,41,11,30
10/23/2016 01:00:00 PM,22,4,18
10/23/2016 02:00:00 PM,19,7,12
10/23/2016 03:00:00 PM,42,27,15
10/23/2016 04:00:00 PM,24,14,10
10/23/2016 05:00:00 PM,17,3,14
10/23/2016 06:00:00 PM,9,6,3
10/23/2016 07:00:00 PM,12,7,5
10/23/2016 08:00:00 PM,5,4,1
10/23/2016 09:00:00 PM,1,0,1
10/23/2016 10:00:00 PM,6,3,3
10/23/2016 11:00:00 PM,2,1,1
10/24/2016 12:00:00 AM,1,1,0
10/24/2016 01:00:00 AM,1,0,1
10/24/2016 02:00:00 AM,1,0,1
10/24/2016 03:00:00 AM,0,0,0
10/24/2016 04:00:00 AM,1,0,1
10/24/2016 05:00:00 AM,4,3,1
10/24/2016 06:00:00 AM,30,18,12
10/24/2016 07:00:00 AM,57,27,30
10/24/2016 08:00:00 AM,110,45,65
10/24/2016 09:00:00 AM,64,29,35
10/24/2016 10:00:00 AM,35,23,12
10/24/2016 11:00:00 AM,25,15,10
10/24/2016 12:00:00 PM,24,10,14
10/24/2016 01:00:00 PM,24,10,14
10/24/2016 02:00:00 PM,31,11,20
10/24/2016 03:00:00 PM,48,19,29
10/24/2016 04:00:00 PM,98,37,61
10/24/2016 05:00:00 PM,129,33,96
10/24/2016 06:00:00 PM,50,19,31
10/24/2016 07:00:00 PM,23,14,9
10/24/2016 08:00:00 PM,9,4,5
10/24/2016 09:00:00 PM,2,0,2
10/24/2016 10:00:00 PM,2,1,1
10/24/2016 11:00:00 PM,3,2,1
10/25/2016 12:00:00 AM,2,1,1
10/25/2016 01:00:00 AM,2,1,1
10/25/2016 02:00:00 AM,1,0,1
10/25/2016 03:00:00 AM,0,0,0
10/25/2016 04:00:00 AM,3,0,3
10/25/2016 05:00:00 AM,8,5,3
10/25/2016 06:00:00 AM,27,13,14
10/25/2016 07:00:00 AM,65,35,30
10/25/2016 08:00:00 AM,97,39,58
10/25/2016 09:00:00 AM,62,17,45
10/25/2016 10:00:00 AM,35,16,19
10/25/2016 11:00:00 AM,23,12,11
10/25/2016 12:00:00 PM,25,12,13
10/25/2016 01:00:00 PM,29,10,19
10/25/2016 02:00:00 PM,33,17,16
10/25/2016 03:00:00 PM,38,11,27
10/25/2016 04:00:00 PM,94,30,64
10/25/2016 05:00:00 PM,130,41,89
10/25/2016 06:00:00 PM,71,25,46
10/25/2016 07:00:00 PM,23,10,13
10/25/2016 08:00:00 PM,9,2,7
10/25/2016 09:00:00 PM,12,5,7
10/25/2016 10:00:00 PM,3,2,1
10/25/2016 11:00:00 PM,2,2,0
10/26/2016 12:00:00 AM,3,2,1
10/26/2016 01:00:00 AM,0,0,0
10/26/2016 02:00:00 AM,4,2,2
10/26/2016 03:00:00 AM,0,0,0
10/26/2016 04:00:00 AM,3,1,2
10/26/2016 05:00:00 AM,3,3,0
10/26/2016 06:00:00 AM,24,13,11
10/26/2016 07:00:00 AM,46,25,21
10/26/2016 08:00:00 AM,63,25,38
10/26/2016 09:00:00 AM,41,18,23
10/26/2016 10:00:00 AM,22,12,10
10/26/2016 11:00:00 AM,12,6,6
10/26/2016 12:00:00 PM,19,7,12
10/26/2016 01:00:00 PM,16,12,4
10/26/2016 02:00:00 PM,16,6,10
10/26/2016 03:00:00 PM,32,13,19
10/26/2016 04:00:00 PM,67,23,44
10/26/2016 05:00:00 PM,102,36,66
10/26/2016 06:00:00 PM,40,20,20
10/26/2016 07:00:00 PM,12,3,9
10/26/2016 08:00:00 PM,15,3,12
10/26/2016 09:00:00 PM,1,1,0
10/26/2016 10:00:00 PM,1,1,0
10/26/2016 11:00:00 PM,1,0,1
10/27/2016 12:00:00 AM,1,1,0
10/27/2016 01:00:00 AM,0,0,0
10/27/2016 02:00:00 AM,1,0,1
10/27/2016 03:00:00 AM,1,0,1
10/27/2016 04:00:00 AM,2,0,2
10/27/2016 05:00:00 AM,6,5,1
10/27/2016 06:00:00 AM,19,8,11
10/27/2016 07:00:00 AM,47,23,24
10/27/2016 08:00:00 AM,90,33,57
10/27/2016 09:00:00 AM,51,22,29
10/27/2016 10:00:00 AM,30,16,14
10/27/2016 11:00:00 AM,24,14,10
10/27/2016 12:00:00 PM,29,18,11
10/27/2016 01:00:00 PM,35,18,17
10/27/2016 02:00:00 PM,40,14,26
10/27/2016 03:00:00 PM,44,15,29
10/27/2016 04:00:00 PM,92,31,61
10/27/2016 05:00:00 PM,134,40,94
10/27/2016 06:00:00 PM,80,27,53
10/27/2016 07:00:00 PM,15,3,12
10/27/2016 08:00:00 PM,13,6,7
10/27/2016 09:00:00 PM,18,16,2
10/27/2016 10:00:00 PM,8,3,5
10/27/2016 11:00:00 PM,5,4,1
10/28/2016 12:00:00 AM,2,2,0
10/28/2016 01:00:00 AM,1,0,1
10/28/2016 02:00:00 AM,0,0,0
10/28/2016 03:00:00 AM,1,0,1
10/28/2016 04:00:00 AM,0,0,0
10/28/2016 05:00:00 AM,3,3,0
10/28/2016 06:00:00 AM,29,11,18
10/28/2016 07:00:00 AM,47,22,25
10/28/2016 08:00:00 AM,81,29,52
10/28/2016 09:00:00 AM,47,21,26
10/28/2016 10:00:00 AM,21,12,9
10/28/2016 11:00:00 AM,30,21,9
10/28/2016 12:00:00 PM,37,19,18
10/28/2016 01:00:00 PM,31,17,14
10/28/2016 02:00:00 PM,37,14,23
10/28/2016 03:00:00 PM,55,27,28
10/28/2016 04:00:00 PM,87,22,65
10/28/2016 05:00:00 PM,133,40,93
10/28/2016 06:00:00 PM,61,16,45
10/28/2016 07:00:00 PM,20,12,8
10/28/2016 08:00:00 PM,11,6,5
10/28/2016 09:00:00 PM,7,2,5
10/28/2016 10:00:00 PM,4,1,3
10/28/2016 11:00:00 PM,4,0,4
10/29/2016 12:00:00 AM,2,1,1
10/29/2016 01:00:00 AM,3,1,2
10/29/2016 02:00:00 AM,1,0,1
10/29/2016 03:00:00 AM,1,0,1
10/29/2016 04:00:00 AM,1,1,0
10/29/2016 05:00:00 AM,1,0,1
10/29/2016 06:00:00 AM,2,1,1
10/29/2016 07:00:00 AM,4,1,3
10/29/2016 08:00:00 AM,7,3,4
10/29/2016 09:00:00 AM,3,2,1
10/29/2016 10:00:00 AM,5,1,4
10/29/2016 11:00:00 AM,1,1,0
10/29/2016 12:00:00 PM,3,2,1
10/29/2016 01:00:00 PM,12,8,4
10/29/2016 02:00:00 PM,9,3,6
10/29/2016 03:00:00 PM,11,1,10
10/29/2016 04:00:00 PM,15,6,9
10/29/2016 05:00:00 PM,20,9,11
10/29/2016 06:00:00 PM,18,11,7
10/29/2016 07:00:00 PM,10,6,4
10/29/2016 08:00:00 PM,7,5,2
10/29/2016 09:00:00 PM,3,2,1
10/29/2016 10:00:00 PM,13,7,6
10/29/2016 11:00:00 PM,4,1,3
10/30/2016 12:00:00 AM,2,2,0
10/30/2016 01:00:00 AM,3,0,3
10/30/2016 02:00:00 AM,3,1,2
10/30/2016 03:00:00 AM,0,0,0
10/30/2016 04:00:00 AM,0,0,0
10/30/2016 05:00:00 AM,1,1,0
10/30/2016 06:00:00 AM,0,0,0
10/30/2016 07:00:00 AM,1,1,0
10/30/2016 08:00:00 AM,4,2,2
10/30/2016 09:00:00 AM,6,3,3
10/30/2016 10:00:00 AM,10,6,4
10/30/2016 11:00:00 AM,8,4,4
10/30/2016 12:00:00 PM,17,13,4
10/30/2016 01:00:00 PM,13,8,5
10/30/2016 02:00:00 PM,4,1,3
10/30/2016 03:00:00 PM,11,3,8
10/30/2016 04:00:00 PM,8,4,4
10/30/2016 05:00:00 PM,15,4,11
10/30/2016 06:00:00 PM,11,3,8
10/30/2016 07:00:00 PM,2,0,2
10/30/2016 08:00:00 PM,8,7,1
10/30/2016 09:00:00 PM,5,1,4
10/30/2016 10:00:00 PM,5,3,2
10/30/2016 11:00:00 PM,0,0,0
10/31/2016 12:00:00 AM,0,0,0
10/31/2016 01:00:00 AM,0,0,0
10/31/2016 02:00:00 AM,2,0,2
10/31/2016 03:00:00 AM,0,0,0
10/31/2016 04:00:00 AM,1,0,1
10/31/2016 05:00:00 AM,4,3,1
10/31/2016 06:00:00 AM,20,12,8
10/31/2016 07:00:00 AM,39,22,17
10/31/2016 08:00:00 AM,68,28,40
10/31/2016 09:00:00 AM,38,21,17
10/31/2016 10:00:00 AM,19,12,7
10/31/2016 11:00:00 AM,19,13,6
10/31/2016 12:00:00 PM,16,7,9
10/31/2016 01:00:00 PM,14,8,6
10/31/2016 02:00:00 PM,23,4,19
10/31/2016 03:00:00 PM,46,11,35
10/31/2016 04:00:00 PM,103,30,73
10/31/2016 05:00:00 PM,104,36,68
10/31/2016 06:00:00 PM,33,14,19
10/31/2016 07:00:00 PM,6,4,2
10/31/2016 08:00:00 PM,2,1,1
10/31/2016 09:00:00 PM,2,2,0
10/31/2016 10:00:00 PM,1,1,0
10/31/2016 11:00:00 PM,1,1,0
11/01/2016 12:00:00 AM,1,0,1
11/01/2016 01:00:00 AM,0,0,0
11/01/2016 02:00:00 AM,0,0,0
11/01/2016 03:00:00 AM,1,0,1
11/01/2016 04:00:00 AM,2,1,1
11/01/2016 05:00:00 AM,6,4,2
11/01/2016 06:00:00 AM,24,11,13
11/01/2016 07:00:00 AM,53,23,30
11/01/2016 08:00:00 AM,72,33,39
11/01/2016 09:00:00 AM,44,21,23
11/01/2016 10:00:00 AM,22,10,12
11/01/2016 11:00:00 AM,14,9,5
11/01/2016 12:00:00 PM,26,16,10
11/01/2016 01:00:00 PM,19,8,11
11/01/2016 02:00:00 PM,22,9,13
11/01/2016 03:00:00 PM,35,11,24
11/01/2016 04:00:00 PM,74,24,50
11/01/2016 05:00:00 PM,110,30,80
11/01/2016 06:00:00 PM,52,17,35
11/01/2016 07:00:00 PM,17,5,12
11/01/2016 08:00:00 PM,6,3,3
11/01/2016 09:00:00 PM,4,3,1
11/01/2016 10:00:00 PM,3,2,1
11/01/2016 11:00:00 PM,2,1,1
11/02/2016 12:00:00 AM,1,0,1
11/02/2016 01:00:00 AM,0,0,0
11/02/2016 02:00:00 AM,0,0,0
11/02/2016 03:00:00 AM,0,0,0
11/02/2016 04:00:00 AM,1,0,1
11/02/2016 05:00:00 AM,12,8,4
11/02/2016 06:00:00 AM,19,12,7
11/02/2016 07:00:00 AM,46,23,23
11/02/2016 08:00:00 AM,68,32,36
11/02/2016 09:00:00 AM,33,19,14
11/02/2016 10:00:00 AM,19,10,9
11/02/2016 11:00:00 AM,14,10,4
11/02/2016 12:00:00 PM,19,12,7
11/02/2016 01:00:00 PM,19,11,8
11/02/2016 02:00:00 PM,20,10,10
11/02/2016 03:00:00 PM,32,8,24
11/02/2016 04:00:00 PM,73,15,58
11/02/2016 05:00:00 PM,97,27,70
11/02/2016 06:00:00 PM,44,22,22
11/02/2016 07:00:00 PM,16,5,11
11/02/2016 08:00:00 PM,7,4,3
11/02/2016 09:00:00 PM,7,2,5
11/02/2016 10:00:00 PM,2,0,2
11/02/2016 11:00:00 PM,1,0,1
11/03/2016 12:00:00 AM,1,1,0
11/03/2016 01:00:00 AM,1,1,0
11/03/2016 02:00:00 AM,1,0,1
11/03/2016 03:00:00 AM,1,0,1
11/03/2016 04:00:00 AM,1,0,1
11/03/2016 05:00:00 AM,5,4,1
11/03/2016 06:00:00 AM,25,13,12
11/03/2016 07:00:00 AM,71,39,32
11/03/2016 08:00:00 AM,110,44,66
11/03/2016 09:00:00 AM,69,29,40
11/03/2016 10:00:00 AM,43,14,29
11/03/2016 11:00:00 AM,30,13,17
11/03/2016 12:00:00 PM,26,14,12
11/03/2016 01:00:00 PM,30,15,15
11/03/2016 02:00:00 PM,36,14,22
11/03/2016 03:00:00 PM,55,18,37
11/03/2016 04:00:00 PM,99,35,64
11/03/2016 05:00:00 PM,139,39,100
11/03/2016 06:00:00 PM,82,24,58
11/03/2016 07:00:00 PM,36,15,21
11/03/2016 08:00:00 PM,17,5,12
11/03/2016 09:00:00 PM,10,5,5
11/03/2016 10:00:00 PM,7,3,4
11/03/2016 11:00:00 PM,4,3,1
11/04/2016 12:00:00 AM,1,0,1
11/04/2016 01:00:00 AM,3,1,2
11/04/2016 02:00:00 AM,2,1,1
11/04/2016 03:00:00 AM,2,1,1
11/04/2016 04:00:00 AM,3,0,3
11/04/2016 05:00:00 AM,11,8,3
11/04/2016 06:00:00 AM,20,8,12
11/04/2016 07:00:00 AM,57,21,36
11/04/2016 08:00:00 AM,85,31,54
11/04/2016 09:00:00 AM,72,26,46
11/04/2016 10:00:00 AM,36,19,17
11/04/2016 11:00:00 AM,28,16,12
11/04/2016 12:00:00 PM,34,23,11
11/04/2016 01:00:00 PM,36,25,11
11/04/2016 02:00:00 PM,27,8,19
11/04/2016 03:00:00 PM,43,17,26
11/04/2016 04:00:00 PM,97,33,64
11/04/2016 05:00:00 PM,126,37,89
11/04/2016 06:00:00 PM,58,19,39
11/04/2016 07:00:00 PM,22,8,14
11/04/2016 08:00:00 PM,8,3,5
11/04/2016 09:00:00 PM,7,3,4
11/04/2016 10:00:00 PM,4,3,1
11/04/2016 11:00:00 PM,6,3,3
11/05/2016 12:00:00 AM,3,2,1
11/05/2016 01:00:00 AM,0,0,0
11/05/2016 02:00:00 AM,4,2,2
11/05/2016 03:00:00 AM,1,1,0
11/05/2016 04:00:00 AM,1,0,1
11/05/2016 05:00:00 AM,0,0,0
11/05/2016 06:00:00 AM,2,1,1
11/05/2016 07:00:00 AM,1,1,0
11/05/2016 08:00:00 AM,4,3,1
11/05/2016 09:00:00 AM,2,1,1
11/05/2016 10:00:00 AM,2,0,2
11/05/2016 11:00:00 AM,5,2,3
11/05/2016 12:00:00 PM,9,4,5
11/05/2016 01:00:00 PM,8,4,4
11/05/2016 02:00:00 PM,15,8,7
11/05/2016 03:00:00 PM,7,2,5
11/05/2016 04:00:00 PM,13,4,9
11/05/2016 05:00:00 PM,6,1,5
11/05/2016 06:00:00 PM,5,2,3
11/05/2016 07:00:00 PM,4,2,2
11/05/2016 08:00:00 PM,2,1,1
11/05/2016 09:00:00 PM,3,0,3
11/05/2016 10:00:00 PM,4,1,3
11/05/2016 11:00:00 PM,3,1,2
11/06/2016 12:00:00 AM,5,1,4
11/06/2016 01:00:00 AM,8,4,4
11/06/2016 02:00:00 AM,1,1,0
11/06/2016 03:00:00 AM,0,0,0
11/06/2016 04:00:00 AM,0,0,0
11/06/2016 05:00:00 AM,0,0,0
11/06/2016 06:00:00 AM,3,2,1
11/06/2016 07:00:00 AM,0,0,0
11/06/2016 08:00:00 AM,5,1,4
11/06/2016 09:00:00 AM,8,4,4
11/06/2016 10:00:00 AM,15,3,12
11/06/2016 11:00:00 AM,15,2,13
11/06/2016 12:00:00 PM,13,7,6
11/06/2016 01:00:00 PM,17,9,8
11/06/2016 02:00:00 PM,14,7,7
11/06/2016 03:00:00 PM,28,9,19
11/06/2016 04:00:00 PM,24,13,11
11/06/2016 05:00:00 PM,12,6,6
11/06/2016 06:00:00 PM,5,1,4
11/06/2016 07:00:00 PM,4,2,2
11/06/2016 08:00:00 PM,3,2,1
11/06/2016 09:00:00 PM,5,1,4
11/06/2016 10:00:00 PM,2,2,0
11/06/2016 11:00:00 PM,3,1,2
11/07/2016 12:00:00 AM,2,0,2
11/07/2016 01:00:00 AM,0,0,0
11/07/2016 02:00:00 AM,0,0,0
11/07/2016 03:00:00 AM,0,0,0
11/07/2016 04:00:00 AM,2,0,2
11/07/2016 05:00:00 AM,8,8,0
11/07/2016 06:00:00 AM,24,13,11
11/07/2016 07:00:00 AM,77,29,48
11/07/2016 08:00:00 AM,119,52,67
11/07/2016 09:00:00 AM,63,21,42
11/07/2016 10:00:00 AM,25,14,11
11/07/2016 11:00:00 AM,19,11,8
11/07/2016 12:00:00 PM,27,7,20
11/07/2016 01:00:00 PM,32,13,19
11/07/2016 02:00:00 PM,31,11,20
11/07/2016 03:00:00 PM,72,28,44
11/07/2016 04:00:00 PM,127,35,92
11/07/2016 05:00:00 PM,141,44,97
11/07/2016 06:00:00 PM,55,19,36
11/07/2016 07:00:00 PM,12,6,6
11/07/2016 08:00:00 PM,15,5,10
11/07/2016 09:00:00 PM,24,17,7
11/07/2016 10:00:00 PM,6,2,4
11/07/2016 11:00:00 PM,2,1,1
11/08/2016 12:00:00 AM,1,1,0
11/08/2016 01:00:00 AM,1,0,1
11/08/2016 02:00:00 AM,0,0,0
11/08/2016 03:00:00 AM,0,0,0
11/08/2016 04:00:00 AM,2,0,2
11/08/2016 05:00:00 AM,7,4,3
11/08/2016 06:00:00 AM,36,22,14
11/08/2016 07:00:00 AM,82,34,48
11/08/2016 08:00:00 AM,133,53,80
11/08/2016 09:00:00 AM,66,25,41
11/08/2016 10:00:00 AM,31,16,15
11/08/2016 11:00:00 AM,27,14,13
11/08/2016 12:00:00 PM,30,13,17
11/08/2016 01:00:00 PM,43,21,22
11/08/2016 02:00:00 PM,33,11,22
11/08/2016 03:00:00 PM,65,29,36
11/08/2016 04:00:00 PM,145,45,100
11/08/2016 05:00:00 PM,137,47,90
11/08/2016 06:00:00 PM,58,23,35
11/08/2016 07:00:00 PM,15,10,5
11/08/2016 08:00:00 PM,7,4,3
11/08/2016 09:00:00 PM,9,4,5
11/08/2016 10:00:00 PM,7,1,6
11/08/2016 11:00:00 PM,4,1,3
11/09/2016 12:00:00 AM,5,3,2
11/09/2016 01:00:00 AM,0,0,0
11/09/2016 02:00:00 AM,1,1,0
11/09/2016 03:00:00 AM,1,1,0
11/09/2016 04:00:00 AM,3,2,1
11/09/2016 05:00:00 AM,7,6,1
11/09/2016 06:00:00 AM,24,13,11
11/09/2016 07:00:00 AM,37,17,20
11/09/2016 08:00:00 AM,91,37,54
11/09/2016 09:00:00 AM,52,23,29
11/09/2016 10:00:00 AM,16,8,8
11/09/2016 11:00:00 AM,30,18,12
11/09/2016 12:00:00 PM,23,13,10
11/09/2016 01:00:00 PM,21,12,9
11/09/2016 02:00:00 PM,25,11,14
11/09/2016 03:00:00 PM,44,10,34
11/09/2016 04:00:00 PM,100,29,71
11/09/2016 05:00:00 PM,116,47,69
11/09/2016 06:00:00 PM,56,23,33
11/09/2016 07:00:00 PM,40,12,28
11/09/2016 08:00:00 PM,9,3,6
11/09/2016 09:00:00 PM,6,3,3
11/09/2016 10:00:00 PM,4,3,1
11/09/2016 11:00:00 PM,2,0,2
11/10/2016 12:00:00 AM,1,1,0
11/10/2016 01:00:00 AM,3,3,0
11/10/2016 02:00:00 AM,1,0,1
11/10/2016 03:00:00 AM,0,0,0
11/10/2016 04:00:00 AM,1,0,1
11/10/2016 05:00:00 AM,3,3,0
11/10/2016 06:00:00 AM,26,14,12
11/10/2016 07:00:00 AM,68,21,47
11/10/2016 08:00:00 AM,122,53,69
11/10/2016 09:00:00 AM,68,27,41
11/10/2016 10:00:00 AM,26,13,13
11/10/2016 11:00:00 AM,27,11,16
11/10/2016 12:00:00 PM,30,12,18
11/10/2016 01:00:00 PM,35,18,17
11/10/2016 02:00:00 PM,34,15,19
11/10/2016 03:00:00 PM,50,14,36
11/10/2016 04:00:00 PM,99,28,71
11/10/2016 05:00:00 PM,121,43,78
11/10/2016 06:00:00 PM,68,21,47
11/10/2016 07:00:00 PM,19,5,14
11/10/2016 08:00:00 PM,9,5,4
11/10/2016 09:00:00 PM,13,2,11
11/10/2016 10:00:00 PM,8,4,4
11/10/2016 11:00:00 PM,2,2,0
11/11/2016 12:00:00 AM,5,3,2
11/11/2016 01:00:00 AM,2,1,1
11/11/2016 02:00:00 AM,0,0,0
11/11/2016 03:00:00 AM,1,1,0
11/11/2016 04:00:00 AM,1,0,1
11/11/2016 05:00:00 AM,1,1,0
11/11/2016 06:00:00 AM,16,5,11
11/11/2016 07:00:00 AM,55,24,31
11/11/2016 08:00:00 AM,82,40,42
11/11/2016 09:00:00 AM,51,27,24
11/11/2016 10:00:00 AM,22,11,11
11/11/2016 11:00:00 AM,24,9,15
11/11/2016 12:00:00 PM,30,14,16
11/11/2016 01:00:00 PM,30,17,13
11/11/2016 02:00:00 PM,34,16,18
11/11/2016 03:00:00 PM,52,16,36
11/11/2016 04:00:00 PM,82,31,51
11/11/2016 05:00:00 PM,100,37,63
11/11/2016 06:00:00 PM,53,13,40
11/11/2016 07:00:00 PM,22,8,14
11/11/2016 08:00:00 PM,12,6,6
11/11/2016 09:00:00 PM,10,3,7
11/11/2016 10:00:00 PM,4,2,2
11/11/2016 11:00:00 PM,8,4,4
11/12/2016 12:00:00 AM,5,2,3
11/12/2016 01:00:00 AM,2,1,1
11/12/2016 02:00:00 AM,1,0,1
11/12/2016 03:00:00 AM,3,2,1
11/12/2016 04:00:00 AM,0,0,0
11/12/2016 05:00:00 AM,1,0,1
11/12/2016 06:00:00 AM,2,1,1
11/12/2016 07:00:00 AM,1,1,0
11/12/2016 08:00:00 AM,7,5,2
11/12/2016 09:00:00 AM,3,2,1
11/12/2016 10:00:00 AM,8,1,7
11/12/2016 11:00:00 AM,9,6,3
11/12/2016 12:00:00 PM,20,11,9
11/12/2016 01:00:00 PM,14,8,6
11/12/2016 02:00:00 PM,16,9,7
11/12/2016 03:00:00 PM,15,4,11
11/12/2016 04:00:00 PM,10,6,4
11/12/2016 05:00:00 PM,10,6,4
11/12/2016 06:00:00 PM,11,3,8
11/12/2016 07:00:00 PM,4,3,1
11/12/2016 08:00:00 PM,12,4,8
11/12/2016 09:00:00 PM,4,2,2
11/12/2016 10:00:00 PM,7,3,4
11/12/2016 11:00:00 PM,6,5,1
11/13/2016 12:00:00 AM,3,1,2
11/13/2016 01:00:00 AM,1,1,0
11/13/2016 02:00:00 AM,4,1,3
11/13/2016 03:00:00 AM,1,1,0
11/13/2016 04:00:00 AM,0,0,0
11/13/2016 05:00:00 AM,1,0,1
11/13/2016 06:00:00 AM,0,0,0
11/13/2016 07:00:00 AM,1,0,1
11/13/2016 08:00:00 AM,1,1,0
11/13/2016 09:00:00 AM,3,1,2
11/13/2016 10:00:00 AM,4,2,2
11/13/2016 11:00:00 AM,4,2,2
11/13/2016 12:00:00 PM,10,4,6
11/13/2016 01:00:00 PM,4,1,3
11/13/2016 02:00:00 PM,3,1,2
11/13/2016 03:00:00 PM,4,1,3
11/13/2016 04:00:00 PM,6,4,2
11/13/2016 05:00:00 PM,8,3,5
11/13/2016 06:00:00 PM,9,3,6
11/13/2016 07:00:00 PM,4,3,1
11/13/2016 08:00:00 PM,5,3,2
11/13/2016 09:00:00 PM,3,2,1
11/13/2016 10:00:00 PM,2,1,1
11/13/2016 11:00:00 PM,0,0,0
11/14/2016 12:00:00 AM,1,1,0
11/14/2016 01:00:00 AM,2,0,2
11/14/2016 02:00:00 AM,2,1,1
11/14/2016 03:00:00 AM,0,0,0
11/14/2016 04:00:00 AM,2,0,2
11/14/2016 05:00:00 AM,8,5,3
11/14/2016 06:00:00 AM,20,14,6
11/14/2016 07:00:00 AM,59,25,34
11/14/2016 08:00:00 AM,103,47,56
11/14/2016 09:00:00 AM,70,30,40
11/14/2016 10:00:00 AM,23,15,8
11/14/2016 11:00:00 AM,29,16,13
11/14/2016 12:00:00 PM,13,11,2
11/14/2016 01:00:00 PM,12,6,6
11/14/2016 02:00:00 PM,32,13,19
11/14/2016 03:00:00 PM,37,12,25
11/14/2016 04:00:00 PM,113,35,78
11/14/2016 05:00:00 PM,130,43,87
11/14/2016 06:00:00 PM,56,17,39
11/14/2016 07:00:00 PM,18,9,9
11/14/2016 08:00:00 PM,12,4,8
11/14/2016 09:00:00 PM,12,6,6
11/14/2016 10:00:00 PM,4,2,2
11/14/2016 11:00:00 PM,2,1,1
11/15/2016 12:00:00 AM,1,0,1
11/15/2016 01:00:00 AM,0,0,0
11/15/2016 02:00:00 AM,0,0,0
11/15/2016 03:00:00 AM,0,0,0
11/15/2016 04:00:00 AM,2,1,1
11/15/2016 05:00:00 AM,7,4,3
11/15/2016 06:00:00 AM,18,11,7
11/15/2016 07:00:00 AM,57,26,31
11/15/2016 08:00:00 AM,82,30,52
11/15/2016 09:00:00 AM,51,21,30
11/15/2016 10:00:00 AM,29,15,14
11/15/2016 11:00:00 AM,28,10,18
11/15/2016 12:00:00 PM,30,12,18
11/15/2016 01:00:00 PM,25,8,17
11/15/2016 02:00:00 PM,22,8,14
11/15/2016 03:00:00 PM,36,12,24
11/15/2016 04:00:00 PM,89,29,60
11/15/2016 05:00:00 PM,100,29,71
11/15/2016 06:00:00 PM,47,18,29
11/15/2016 07:00:00 PM,22,10,12
11/15/2016 08:00:00 PM,10,5,5
11/15/2016 09:00:00 PM,5,2,3
11/15/2016 10:00:00 PM,3,1,2
11/15/2016 11:00:00 PM,5,2,3
11/16/2016 12:00:00 AM,0,0,0
11/16/2016 01:00:00 AM,1,1,0
11/16/2016 02:00:00 AM,0,0,0
11/16/2016 03:00:00 AM,0,0,0
11/16/2016 04:00:00 AM,2,0,2
11/16/2016 05:00:00 AM,9,5,4
11/16/2016 06:00:00 AM,21,15,6
11/16/2016 07:00:00 AM,57,22,35
11/16/2016 08:00:00 AM,102,47,55
11/16/2016 09:00:00 AM,52,25,27
11/16/2016 10:00:00 AM,33,15,18
11/16/2016 11:00:00 AM,31,14,17
11/16/2016 12:00:00 PM,29,20,9
11/16/2016 01:00:00 PM,32,11,21
11/16/2016 02:00:00 PM,26,10,16
11/16/2016 03:00:00 PM,56,22,34
11/16/2016 04:00:00 PM,96,38,58
11/16/2016 05:00:00 PM,114,38,76
11/16/2016 06:00:00 PM,78,38,40
11/16/2016 07:00:00 PM,23,10,13
11/16/2016 08:00:00 PM,16,6,10
11/16/2016 09:00:00 PM,6,2,4
11/16/2016 10:00:00 PM,7,2,5
11/16/2016 11:00:00 PM,1,0,1
11/17/2016 12:00:00 AM,0,0,0
11/17/2016 01:00:00 AM,0,0,0
11/17/2016 02:00:00 AM,7,7,0
11/17/2016 03:00:00 AM,19,17,2
11/17/2016 04:00:00 AM,1,0,1
11/17/2016 05:00:00 AM,7,5,2
11/17/2016 06:00:00 AM,20,13,7
11/17/2016 07:00:00 AM,64,28,36
11/17/2016 08:00:00 AM,90,39,51
11/17/2016 09:00:00 AM,63,28,35
11/17/2016 10:00:00 AM,33,12,21
11/17/2016 11:00:00 AM,31,14,17
11/17/2016 12:00:00 PM,29,18,11
11/17/2016 01:00:00 PM,25,12,13
11/17/2016 02:00:00 PM,42,20,22
11/17/2016 03:00:00 PM,60,28,32
11/17/2016 04:00:00 PM,105,35,70
11/17/2016 05:00:00 PM,130,38,92
11/17/2016 06:00:00 PM,56,23,33
11/17/2016 07:00:00 PM,31,16,15
11/17/2016 08:00:00 PM,11,4,7
11/17/2016 09:00:00 PM,12,5,7
11/17/2016 10:00:00 PM,8,4,4
11/17/2016 11:00:00 PM,4,0,4
11/18/2016 12:00:00 AM,6,4,2
11/18/2016 01:00:00 AM,0,0,0
11/18/2016 02:00:00 AM,0,0,0
11/18/2016 03:00:00 AM,2,1,1
11/18/2016 04:00:00 AM,1,0,1
11/18/2016 05:00:00 AM,9,5,4
11/18/2016 06:00:00 AM,15,12,3
11/18/2016 07:00:00 AM,54,26,28
11/18/2016 08:00:00 AM,85,34,51
11/18/2016 09:00:00 AM,55,23,32
11/18/2016 10:00:00 AM,34,21,13
11/18/2016 11:00:00 AM,24,14,10
11/18/2016 12:00:00 PM,25,12,13
11/18/2016 01:00:00 PM,32,17,15
11/18/2016 02:00:00 PM,38,16,22
11/18/2016 03:00:00 PM,50,17,33
11/18/2016 04:00:00 PM,90,31,59
11/18/2016 05:00:00 PM,105,41,64
11/18/2016 06:00:00 PM,61,24,37
11/18/2016 07:00:00 PM,16,5,11
11/18/2016 08:00:00 PM,9,4,5
11/18/2016 09:00:00 PM,2,1,1
11/18/2016 10:00:00 PM,4,1,3
11/18/2016 11:00:00 PM,2,0,2
11/19/2016 12:00:00 AM,5,1,4
11/19/2016 01:00:00 AM,0,0,0
11/19/2016 02:00:00 AM,2,1,1
11/19/2016 03:00:00 AM,1,0,1
11/19/2016 04:00:00 AM,0,0,0
11/19/2016 05:00:00 AM,0,0,0
11/19/2016 06:00:00 AM,2,0,2
11/19/2016 07:00:00 AM,3,2,1
11/19/2016 08:00:00 AM,2,2,0
11/19/2016 09:00:00 AM,7,2,5
11/19/2016 10:00:00 AM,9,4,5
11/19/2016 11:00:00 AM,14,5,9
11/19/2016 12:00:00 PM,30,6,24
11/19/2016 01:00:00 PM,20,7,13
11/19/2016 02:00:00 PM,13,8,5
11/19/2016 03:00:00 PM,20,11,9
11/19/2016 04:00:00 PM,28,10,18
11/19/2016 05:00:00 PM,17,5,12
11/19/2016 06:00:00 PM,21,11,10
11/19/2016 07:00:00 PM,9,5,4
11/19/2016 08:00:00 PM,6,5,1
11/19/2016 09:00:00 PM,3,0,3
11/19/2016 10:00:00 PM,5,1,4
11/19/2016 11:00:00 PM,4,2,2
11/20/2016 12:00:00 AM,6,3,3
11/20/2016 01:00:00 AM,3,1,2
11/20/2016 02:00:00 AM,1,1,0
11/20/2016 03:00:00 AM,2,0,2
11/20/2016 04:00:00 AM,0,0,0
11/20/2016 05:00:00 AM,1,1,0
11/20/2016 06:00:00 AM,0,0,0
11/20/2016 07:00:00 AM,2,1,1
11/20/2016 08:00:00 AM,5,1,4
11/20/2016 09:00:00 AM,9,5,4
11/20/2016 10:00:00 AM,10,6,4
11/20/2016 11:00:00 AM,10,5,5
11/20/2016 12:00:00 PM,10,2,8
11/20/2016 01:00:00 PM,7,1,6
11/20/2016 02:00:00 PM,6,5,1
11/20/2016 03:00:00 PM,13,2,11
11/20/2016 04:00:00 PM,15,6,9
11/20/2016 05:00:00 PM,10,4,6
11/20/2016 06:00:00 PM,4,3,1
11/20/2016 07:00:00 PM,4,2,2
11/20/2016 08:00:00 PM,0,0,0
11/20/2016 09:00:00 PM,1,1,0
11/20/2016 10:00:00 PM,3,2,1
11/20/2016 11:00:00 PM,3,3,0
11/21/2016 12:00:00 AM,2,1,1
11/21/2016 01:00:00 AM,0,0,0
11/21/2016 02:00:00 AM,1,0,1
11/21/2016 03:00:00 AM,0,0,0
11/21/2016 04:00:00 AM,6,2,4
11/21/2016 05:00:00 AM,5,2,3
11/21/2016 06:00:00 AM,24,15,9
11/21/2016 07:00:00 AM,56,20,36
11/21/2016 08:00:00 AM,87,36,51
11/21/2016 09:00:00 AM,58,24,34
11/21/2016 10:00:00 AM,32,16,16
11/21/2016 11:00:00 AM,25,15,10
11/21/2016 12:00:00 PM,21,9,12
11/21/2016 01:00:00 PM,28,14,14
11/21/2016 02:00:00 PM,38,16,22
11/21/2016 03:00:00 PM,34,12,22
11/21/2016 04:00:00 PM,84,30,54
11/21/2016 05:00:00 PM,125,41,84
11/21/2016 06:00:00 PM,54,18,36
11/21/2016 07:00:00 PM,28,15,13
11/21/2016 08:00:00 PM,13,3,10
11/21/2016 09:00:00 PM,16,5,11
11/21/2016 10:00:00 PM,3,0,3
11/21/2016 11:00:00 PM,0,0,0
11/22/2016 12:00:00 AM,1,0,1
11/22/2016 01:00:00 AM,0,0,0
11/22/2016 02:00:00 AM,1,1,0
11/22/2016 03:00:00 AM,0,0,0
11/22/2016 04:00:00 AM,2,1,1
11/22/2016 05:00:00 AM,6,6,0
11/22/2016 06:00:00 AM,15,9,6
11/22/2016 07:00:00 AM,45,25,20
11/22/2016 08:00:00 AM,70,28,42
11/22/2016 09:00:00 AM,47,25,22
11/22/2016 10:00:00 AM,20,9,11
11/22/2016 11:00:00 AM,25,17,8
11/22/2016 12:00:00 PM,22,8,14
11/22/2016 01:00:00 PM,24,12,12
11/22/2016 02:00:00 PM,23,8,15
11/22/2016 03:00:00 PM,32,13,19
11/22/2016 04:00:00 PM,74,13,61
11/22/2016 05:00:00 PM,108,29,79
11/22/2016 06:00:00 PM,58,17,41
11/22/2016 07:00:00 PM,26,8,18
11/22/2016 08:00:00 PM,5,2,3
11/22/2016 09:00:00 PM,9,6,3
11/22/2016 10:00:00 PM,2,2,0
11/22/2016 11:00:00 PM,0,0,0
11/23/2016 12:00:00 AM,5,4,1
11/23/2016 01:00:00 AM,2,1,1
11/23/2016 02:00:00 AM,0,0,0
11/23/2016 03:00:00 AM,1,0,1
11/23/2016 04:00:00 AM,2,1,1
11/23/2016 05:00:00 AM,1,1,0
11/23/2016 06:00:00 AM,18,9,9
11/23/2016 07:00:00 AM,30,17,13
11/23/2016 08:00:00 AM,58,30,28
11/23/2016 09:00:00 AM,42,23,19
11/23/2016 10:00:00 AM,20,7,13
11/23/2016 11:00:00 AM,18,8,10
11/23/2016 12:00:00 PM,33,12,21
11/23/2016 01:00:00 PM,23,9,14
11/23/2016 02:00:00 PM,31,13,18
11/23/2016 03:00:00 PM,38,15,23
11/23/2016 04:00:00 PM,64,18,46
11/23/2016 05:00:00 PM,69,25,44
11/23/2016 06:00:00 PM,22,7,15
11/23/2016 07:00:00 PM,5,3,2
11/23/2016 08:00:00 PM,7,3,4
11/23/2016 09:00:00 PM,6,2,4
11/23/2016 10:00:00 PM,3,2,1
11/23/2016 11:00:00 PM,6,2,4
11/24/2016 12:00:00 AM,2,1,1
11/24/2016 01:00:00 AM,0,0,0
11/24/2016 02:00:00 AM,1,1,0
11/24/2016 03:00:00 AM,0,0,0
11/24/2016 04:00:00 AM,0,0,0
11/24/2016 05:00:00 AM,0,0,0
11/24/2016 06:00:00 AM,1,1,0
11/24/2016 07:00:00 AM,1,1,0
11/24/2016 08:00:00 AM,2,0,2
11/24/2016 09:00:00 AM,1,1,0
11/24/2016 10:00:00 AM,2,1,1
11/24/2016 11:00:00 AM,0,0,0
11/24/2016 12:00:00 PM,2,2,0
11/24/2016 01:00:00 PM,1,1,0
11/24/2016 02:00:00 PM,3,2,1
11/24/2016 03:00:00 PM,6,4,2
11/24/2016 04:00:00 PM,2,1,1
11/24/2016 05:00:00 PM,0,0,0
11/24/2016 06:00:00 PM,0,0,0
11/24/2016 07:00:00 PM,0,0,0
11/24/2016 08:00:00 PM,0,0,0
11/24/2016 09:00:00 PM,0,0,0
11/24/2016 10:00:00 PM,0,0,0
11/24/2016 11:00:00 PM,2,0,2
11/25/2016 12:00:00 AM,1,0,1
11/25/2016 01:00:00 AM,0,0,0
11/25/2016 02:00:00 AM,0,0,0
11/25/2016 03:00:00 AM,1,1,0
11/25/2016 04:00:00 AM,1,0,1
11/25/2016 05:00:00 AM,1,1,0
11/25/2016 06:00:00 AM,2,0,2
11/25/2016 07:00:00 AM,10,7,3
11/25/2016 08:00:00 AM,12,7,5
11/25/2016 09:00:00 AM,8,4,4
11/25/2016 10:00:00 AM,9,5,4
11/25/2016 11:00:00 AM,9,5,4
11/25/2016 12:00:00 PM,23,11,12
11/25/2016 01:00:00 PM,22,12,10
11/25/2016 02:00:00 PM,28,10,18
11/25/2016 03:00:00 PM,21,9,12
11/25/2016 04:00:00 PM,23,8,15
11/25/2016 05:00:00 PM,19,8,11
11/25/2016 06:00:00 PM,14,7,7
11/25/2016 07:00:00 PM,11,5,6
11/25/2016 08:00:00 PM,4,1,3
11/25/2016 09:00:00 PM,4,1,3
11/25/2016 10:00:00 PM,3,2,1
11/25/2016 11:00:00 PM,1,0,1
11/26/2016 12:00:00 AM,2,1,1
11/26/2016 01:00:00 AM,0,0,0
11/26/2016 02:00:00 AM,1,0,1
11/26/2016 03:00:00 AM,1,0,1
11/26/2016 04:00:00 AM,0,0,0
11/26/2016 05:00:00 AM,0,0,0
11/26/2016 06:00:00 AM,2,1,1
11/26/2016 07:00:00 AM,1,0,1
11/26/2016 08:00:00 AM,3,3,0
11/26/2016 09:00:00 AM,3,1,2
11/26/2016 10:00:00 AM,2,2,0
11/26/2016 11:00:00 AM,0,0,0
11/26/2016 12:00:00 PM,9,2,7
11/26/2016 01:00:00 PM,16,7,9
11/26/2016 02:00:00 PM,9,5,4
11/26/2016 03:00:00 PM,10,3,7
11/26/2016 04:00:00 PM,13,10,3
11/26/2016 05:00:00 PM,7,4,3
11/26/2016 06:00:00 PM,6,0,6
11/26/2016 07:00:00 PM,5,2,3
11/26/2016 08:00:00 PM,1,0,1
11/26/2016 09:00:00 PM,4,1,3
11/26/2016 10:00:00 PM,5,3,2
11/26/2016 11:00:00 PM,2,0,2
11/27/2016 12:00:00 AM,1,0,1
11/27/2016 01:00:00 AM,3,2,1
11/27/2016 02:00:00 AM,0,0,0
11/27/2016 03:00:00 AM,1,1,0
11/27/2016 04:00:00 AM,0,0,0
11/27/2016 05:00:00 AM,0,0,0
11/27/2016 06:00:00 AM,3,1,2
11/27/2016 07:00:00 AM,0,0,0
11/27/2016 08:00:00 AM,6,3,3
11/27/2016 09:00:00 AM,9,5,4
11/27/2016 10:00:00 AM,9,7,2
11/27/2016 11:00:00 AM,3,2,1
11/27/2016 12:00:00 PM,12,7,5
11/27/2016 01:00:00 PM,8,3,5
11/27/2016 02:00:00 PM,2,0,2
11/27/2016 03:00:00 PM,2,0,2
11/27/2016 04:00:00 PM,5,2,3
11/27/2016 05:00:00 PM,7,3,4
11/27/2016 06:00:00 PM,2,0,2
11/27/2016 07:00:00 PM,4,2,2
11/27/2016 08:00:00 PM,6,2,4
11/27/2016 09:00:00 PM,1,1,0
11/27/2016 10:00:00 PM,0,0,0
11/27/2016 11:00:00 PM,1,0,1
11/28/2016 12:00:00 AM,0,0,0
11/28/2016 01:00:00 AM,1,1,0
11/28/2016 02:00:00 AM,0,0,0
11/28/2016 03:00:00 AM,1,0,1
11/28/2016 04:00:00 AM,1,0,1
11/28/2016 05:00:00 AM,10,4,6
11/28/2016 06:00:00 AM,16,9,7
11/28/2016 07:00:00 AM,61,28,33
11/28/2016 08:00:00 AM,77,32,45
11/28/2016 09:00:00 AM,67,39,28
11/28/2016 10:00:00 AM,27,12,15
11/28/2016 11:00:00 AM,15,6,9
11/28/2016 12:00:00 PM,20,10,10
11/28/2016 01:00:00 PM,18,9,9
11/28/2016 02:00:00 PM,29,14,15
11/28/2016 03:00:00 PM,36,11,25
11/28/2016 04:00:00 PM,90,30,60
11/28/2016 05:00:00 PM,134,42,92
11/28/2016 06:00:00 PM,60,19,41
11/28/2016 07:00:00 PM,20,9,11
11/28/2016 08:00:00 PM,11,6,5
11/28/2016 09:00:00 PM,7,3,4
11/28/2016 10:00:00 PM,2,0,2
11/28/2016 11:00:00 PM,4,2,2
11/29/2016 12:00:00 AM,2,0,2
11/29/2016 01:00:00 AM,0,0,0
11/29/2016 02:00:00 AM,0,0,0
11/29/2016 03:00:00 AM,0,0,0
11/29/2016 04:00:00 AM,2,1,1
11/29/2016 05:00:00 AM,8,5,3
11/29/2016 06:00:00 AM,26,11,15
11/29/2016 07:00:00 AM,58,29,29
11/29/2016 08:00:00 AM,97,39,58
11/29/2016 09:00:00 AM,64,31,33
11/29/2016 10:00:00 AM,29,11,18
11/29/2016 11:00:00 AM,26,11,15
11/29/2016 12:00:00 PM,35,13,22
11/29/2016 01:00:00 PM,27,12,15
11/29/2016 02:00:00 PM,31,10,21
11/29/2016 03:00:00 PM,40,12,28
11/29/2016 04:00:00 PM,90,32,58
11/29/2016 05:00:00 PM,160,56,104
11/29/2016 06:00:00 PM,76,25,51
11/29/2016 07:00:00 PM,20,8,12
11/29/2016 08:00:00 PM,6,3,3
11/29/2016 09:00:00 PM,6,3,3
11/29/2016 10:00:00 PM,7,3,4
11/29/2016 11:00:00 PM,2,2,0
11/30/2016 12:00:00 AM,1,1,0
11/30/2016 01:00:00 AM,0,0,0
11/30/2016 02:00:00 AM,0,0,0
11/30/2016 03:00:00 AM,0,0,0
11/30/2016 04:00:00 AM,1,0,1
11/30/2016 05:00:00 AM,7,4,3
11/30/2016 06:00:00 AM,25,15,10
11/30/2016 07:00:00 AM,54,32,22
11/30/2016 08:00:00 AM,86,33,53
11/30/2016 09:00:00 AM,54,23,31
11/30/2016 10:00:00 AM,25,14,11
11/30/2016 11:00:00 AM,22,15,7
11/30/2016 12:00:00 PM,28,18,10
11/30/2016 01:00:00 PM,18,12,6
11/30/2016 02:00:00 PM,31,16,15
11/30/2016 03:00:00 PM,34,10,24
11/30/2016 04:00:00 PM,78,26,52
11/30/2016 05:00:00 PM,109,34,75
11/30/2016 06:00:00 PM,61,24,37
11/30/2016 07:00:00 PM,22,8,14
11/30/2016 08:00:00 PM,11,1,10
11/30/2016 09:00:00 PM,2,1,1
11/30/2016 10:00:00 PM,6,2,4
11/30/2016 11:00:00 PM,3,2,1
12/01/2016 12:00:00 AM,0,0,0
12/01/2016 01:00:00 AM,0,0,0
12/01/2016 02:00:00 AM,0,0,0
12/01/2016 03:00:00 AM,1,0,1
12/01/2016 04:00:00 AM,2,0,2
12/01/2016 05:00:00 AM,7,4,3
12/01/2016 06:00:00 AM,19,8,11
12/01/2016 07:00:00 AM,64,30,34
12/01/2016 08:00:00 AM,92,36,56
12/01/2016 09:00:00 AM,56,30,26
12/01/2016 10:00:00 AM,27,12,15
12/01/2016 11:00:00 AM,20,12,8
12/01/2016 12:00:00 PM,36,18,18
12/01/2016 01:00:00 PM,21,11,10
12/01/2016 02:00:00 PM,22,9,13
12/01/2016 03:00:00 PM,45,21,24
12/01/2016 04:00:00 PM,90,33,57
12/01/2016 05:00:00 PM,124,35,89
12/01/2016 06:00:00 PM,71,25,46
12/01/2016 07:00:00 PM,33,18,15
12/01/2016 08:00:00 PM,12,7,5
12/01/2016 09:00:00 PM,4,4,0
12/01/2016 10:00:00 PM,7,4,3
12/01/2016 11:00:00 PM,4,2,2
12/02/2016 12:00:00 AM,3,2,1
12/02/2016 01:00:00 AM,0,0,0
12/02/2016 02:00:00 AM,0,0,0
12/02/2016 03:00:00 AM,1,1,0
12/02/2016 04:00:00 AM,2,0,2
12/02/2016 05:00:00 AM,6,3,3
12/02/2016 06:00:00 AM,12,9,3
12/02/2016 07:00:00 AM,40,21,19
12/02/2016 08:00:00 AM,56,22,34
12/02/2016 09:00:00 AM,39,26,13
12/02/2016 10:00:00 AM,17,8,9
12/02/2016 11:00:00 AM,13,6,7
12/02/2016 12:00:00 PM,17,7,10
12/02/2016 01:00:00 PM,23,11,12
12/02/2016 02:00:00 PM,27,9,18
12/02/2016 03:00:00 PM,26,9,17
12/02/2016 04:00:00 PM,55,18,37
12/02/2016 05:00:00 PM,81,29,52
12/02/2016 06:00:00 PM,42,11,31
12/02/2016 07:00:00 PM,21,11,10
12/02/2016 08:00:00 PM,6,4,2
12/02/2016 09:00:00 PM,3,3,0
12/02/2016 10:00:00 PM,5,0,5
12/02/2016 11:00:00 PM,3,1,2
12/03/2016 12:00:00 AM,3,1,2
12/03/2016 01:00:00 AM,1,0,1
12/03/2016 02:00:00 AM,0,0,0
12/03/2016 03:00:00 AM,2,0,2
12/03/2016 04:00:00 AM,1,0,1
12/03/2016 05:00:00 AM,1,0,1
12/03/2016 06:00:00 AM,2,0,2
12/03/2016 07:00:00 AM,2,1,1
12/03/2016 08:00:00 AM,5,4,1
12/03/2016 09:00:00 AM,5,2,3
12/03/2016 10:00:00 AM,10,6,4
12/03/2016 11:00:00 AM,10,7,3
12/03/2016 12:00:00 PM,12,7,5
12/03/2016 01:00:00 PM,14,4,10
12/03/2016 02:00:00 PM,16,7,9
12/03/2016 03:00:00 PM,14,3,11
12/03/2016 04:00:00 PM,16,7,9
12/03/2016 05:00:00 PM,6,3,3
12/03/2016 06:00:00 PM,11,1,10
12/03/2016 07:00:00 PM,4,1,3
12/03/2016 08:00:00 PM,5,1,4
12/03/2016 09:00:00 PM,2,0,2
12/03/2016 10:00:00 PM,2,0,2
12/03/2016 11:00:00 PM,0,0,0
12/04/2016 12:00:00 AM,4,2,2
12/04/2016 01:00:00 AM,0,0,0
12/04/2016 02:00:00 AM,3,1,2
12/04/2016 03:00:00 AM,1,0,1
12/04/2016 04:00:00 AM,1,1,0
12/04/2016 05:00:00 AM,1,1,0
12/04/2016 06:00:00 AM,0,0,0
12/04/2016 07:00:00 AM,1,1,0
12/04/2016 08:00:00 AM,7,5,2
12/04/2016 09:00:00 AM,3,2,1
12/04/2016 10:00:00 AM,8,5,3
12/04/2016 11:00:00 AM,12,5,7
12/04/2016 12:00:00 PM,16,3,13
12/04/2016 01:00:00 PM,25,9,16
12/04/2016 02:00:00 PM,21,13,8
12/04/2016 03:00:00 PM,23,10,13
12/04/2016 04:00:00 PM,20,7,13
12/04/2016 05:00:00 PM,13,4,9
12/04/2016 06:00:00 PM,10,5,5
12/04/2016 07:00:00 PM,7,2,5
12/04/2016 08:00:00 PM,5,3,2
12/04/2016 09:00:00 PM,10,5,5
12/04/2016 10:00:00 PM,8,4,4
12/04/2016 11:00:00 PM,2,2,0
12/05/2016 12:00:00 AM,2,0,2
12/05/2016 01:00:00 AM,1,1,0
12/05/2016 02:00:00 AM,0,0,0
12/05/2016 03:00:00 AM,1,1,0
12/05/2016 04:00:00 AM,1,0,1
12/05/2016 05:00:00 AM,8,4,4
12/05/2016 06:00:00 AM,17,8,9
12/05/2016 07:00:00 AM,29,16,13
12/05/2016 08:00:00 AM,41,20,21
12/05/2016 09:00:00 AM,29,15,14
12/05/2016 10:00:00 AM,20,12,8
12/05/2016 11:00:00 AM,8,5,3
12/05/2016 12:00:00 PM,14,9,5
12/05/2016 01:00:00 PM,20,12,8
12/05/2016 02:00:00 PM,10,4,6
12/05/2016 03:00:00 PM,19,4,15
12/05/2016 04:00:00 PM,52,18,34
12/05/2016 05:00:00 PM,77,26,51
12/05/2016 06:00:00 PM,36,16,20
12/05/2016 07:00:00 PM,9,2,7
12/05/2016 08:00:00 PM,3,1,2
12/05/2016 09:00:00 PM,1,0,1
12/05/2016 10:00:00 PM,0,0,0
12/05/2016 11:00:00 PM,0,0,0
12/06/2016 12:00:00 AM,0,0,0
12/06/2016 01:00:00 AM,1,0,1
12/06/2016 02:00:00 AM,0,0,0
12/06/2016 03:00:00 AM,0,0,0
12/06/2016 04:00:00 AM,2,1,1
12/06/2016 05:00:00 AM,5,3,2
12/06/2016 06:00:00 AM,13,6,7
12/06/2016 07:00:00 AM,39,16,23
12/06/2016 08:00:00 AM,57,32,25
12/06/2016 09:00:00 AM,39,21,18
12/06/2016 10:00:00 AM,22,13,9
12/06/2016 11:00:00 AM,25,16,9
12/06/2016 12:00:00 PM,19,12,7
12/06/2016 01:00:00 PM,21,8,13
12/06/2016 02:00:00 PM,35,19,16
12/06/2016 03:00:00 PM,25,8,17
12/06/2016 04:00:00 PM,63,26,37
12/06/2016 05:00:00 PM,103,38,65
12/06/2016 06:00:00 PM,38,16,22
12/06/2016 07:00:00 PM,11,5,6
12/06/2016 08:00:00 PM,11,4,7
12/06/2016 09:00:00 PM,3,2,1
12/06/2016 10:00:00 PM,4,2,2
12/06/2016 11:00:00 PM,1,0,1
12/07/2016 12:00:00 AM,0,0,0
12/07/2016 01:00:00 AM,0,0,0
12/07/2016 02:00:00 AM,0,0,0
12/07/2016 03:00:00 AM,2,1,1
12/07/2016 04:00:00 AM,1,0,1
12/07/2016 05:00:00 AM,7,5,2
12/07/2016 06:00:00 AM,12,7,5
12/07/2016 07:00:00 AM,39,21,18
12/07/2016 08:00:00 AM,62,26,36
12/07/2016 09:00:00 AM,42,20,22
12/07/2016 10:00:00 AM,25,10,15
12/07/2016 11:00:00 AM,28,18,10
12/07/2016 12:00:00 PM,16,11,5
12/07/2016 01:00:00 PM,19,10,9
12/07/2016 02:00:00 PM,25,12,13
12/07/2016 03:00:00 PM,44,16,28
12/07/2016 04:00:00 PM,64,24,40
12/07/2016 05:00:00 PM,86,34,52
12/07/2016 06:00:00 PM,58,18,40
12/07/2016 07:00:00 PM,16,7,9
12/07/2016 08:00:00 PM,11,5,6
12/07/2016 09:00:00 PM,7,4,3
12/07/2016 10:00:00 PM,4,2,2
12/07/2016 11:00:00 PM,1,0,1
12/08/2016 12:00:00 AM,2,1,1
12/08/2016 01:00:00 AM,1,1,0
12/08/2016 02:00:00 AM,0,0,0
12/08/2016 03:00:00 AM,0,0,0
12/08/2016 04:00:00 AM,0,0,0
12/08/2016 05:00:00 AM,9,5,4
12/08/2016 06:00:00 AM,13,8,5
12/08/2016 07:00:00 AM,30,18,12
12/08/2016 08:00:00 AM,49,21,28
12/08/2016 09:00:00 AM,43,23,20
12/08/2016 10:00:00 AM,22,13,9
12/08/2016 11:00:00 AM,22,9,13
12/08/2016 12:00:00 PM,18,7,11
12/08/2016 01:00:00 PM,21,7,14
12/08/2016 02:00:00 PM,26,11,15
12/08/2016 03:00:00 PM,31,13,18
12/08/2016 04:00:00 PM,58,22,36
12/08/2016 05:00:00 PM,90,27,63
12/08/2016 06:00:00 PM,42,16,26
12/08/2016 07:00:00 PM,17,5,12
12/08/2016 08:00:00 PM,4,2,2
12/08/2016 09:00:00 PM,8,3,5
12/08/2016 10:00:00 PM,3,1,2
12/08/2016 11:00:00 PM,1,1,0
12/09/2016 12:00:00 AM,1,0,1
12/09/2016 01:00:00 AM,1,0,1
12/09/2016 02:00:00 AM,0,0,0
12/09/2016 03:00:00 AM,2,1,1
12/09/2016 04:00:00 AM,0,0,0
12/09/2016 05:00:00 AM,3,1,2
12/09/2016 06:00:00 AM,4,2,2
12/09/2016 07:00:00 AM,7,3,4
12/09/2016 08:00:00 AM,6,0,6
12/09/2016 09:00:00 AM,19,9,10
12/09/2016 10:00:00 AM,11,7,4
12/09/2016 11:00:00 AM,17,12,5
12/09/2016 12:00:00 PM,7,6,1
12/09/2016 01:00:00 PM,14,10,4
12/09/2016 02:00:00 PM,13,6,7
12/09/2016 03:00:00 PM,10,4,6
12/09/2016 04:00:00 PM,24,11,13
12/09/2016 05:00:00 PM,20,9,11
12/09/2016 06:00:00 PM,14,6,8
12/09/2016 07:00:00 PM,11,3,8
12/09/2016 08:00:00 PM,5,2,3
12/09/2016 09:00:00 PM,0,0,0
12/09/2016 10:00:00 PM,3,2,1
12/09/2016 11:00:00 PM,2,2,0
12/10/2016 12:00:00 AM,2,1,1
12/10/2016 01:00:00 AM,0,0,0
12/10/2016 02:00:00 AM,1,1,0
12/10/2016 03:00:00 AM,0,0,0
12/10/2016 04:00:00 AM,1,0,1
12/10/2016 05:00:00 AM,1,0,1
12/10/2016 06:00:00 AM,0,0,0
12/10/2016 07:00:00 AM,4,0,4
12/10/2016 08:00:00 AM,4,2,2
12/10/2016 09:00:00 AM,10,4,6
12/10/2016 10:00:00 AM,2,2,0
12/10/2016 11:00:00 AM,8,3,5
12/10/2016 12:00:00 PM,4,3,1
12/10/2016 01:00:00 PM,12,7,5
12/10/2016 02:00:00 PM,3,2,1
12/10/2016 03:00:00 PM,8,5,3
12/10/2016 04:00:00 PM,7,3,4
12/10/2016 05:00:00 PM,7,2,5
12/10/2016 06:00:00 PM,5,1,4
12/10/2016 07:00:00 PM,4,3,1
12/10/2016 08:00:00 PM,3,1,2
12/10/2016 09:00:00 PM,2,1,1
12/10/2016 10:00:00 PM,6,4,2
12/10/2016 11:00:00 PM,1,1,0
12/11/2016 12:00:00 AM,5,3,2
12/11/2016 01:00:00 AM,2,2,0
12/11/2016 02:00:00 AM,1,0,1
12/11/2016 03:00:00 AM,0,0,0
12/11/2016 04:00:00 AM,0,0,0
12/11/2016 05:00:00 AM,0,0,0
12/11/2016 06:00:00 AM,0,0,0
12/11/2016 07:00:00 AM,1,1,0
12/11/2016 08:00:00 AM,4,3,1
12/11/2016 09:00:00 AM,4,2,2
12/11/2016 10:00:00 AM,1,1,0
12/11/2016 11:00:00 AM,5,3,2
12/11/2016 12:00:00 PM,6,0,6
12/11/2016 01:00:00 PM,9,6,3
12/11/2016 02:00:00 PM,3,1,2
12/11/2016 03:00:00 PM,4,1,3
12/11/2016 04:00:00 PM,5,2,3
12/11/2016 05:00:00 PM,3,0,3
12/11/2016 06:00:00 PM,9,4,5
12/11/2016 07:00:00 PM,2,0,2
12/11/2016 08:00:00 PM,2,1,1
12/11/2016 09:00:00 PM,0,0,0
12/11/2016 10:00:00 PM,1,1,0
12/11/2016 11:00:00 PM,1,0,1
12/12/2016 12:00:00 AM,1,1,0
12/12/2016 01:00:00 AM,0,0,0
12/12/2016 02:00:00 AM,0,0,0
12/12/2016 03:00:00 AM,0,0,0
12/12/2016 04:00:00 AM,1,0,1
12/12/2016 05:00:00 AM,6,3,3
12/12/2016 06:00:00 AM,17,9,8
12/12/2016 07:00:00 AM,43,26,17
12/12/2016 08:00:00 AM,74,27,47
12/12/2016 09:00:00 AM,50,31,19
12/12/2016 10:00:00 AM,19,9,10
12/12/2016 11:00:00 AM,11,5,6
12/12/2016 12:00:00 PM,12,6,6
12/12/2016 01:00:00 PM,25,16,9
12/12/2016 02:00:00 PM,19,10,9
12/12/2016 03:00:00 PM,34,14,20
12/12/2016 04:00:00 PM,75,20,55
12/12/2016 05:00:00 PM,101,30,71
12/12/2016 06:00:00 PM,43,16,27
12/12/2016 07:00:00 PM,19,8,11
12/12/2016 08:00:00 PM,2,1,1
12/12/2016 09:00:00 PM,8,4,4
12/12/2016 10:00:00 PM,5,3,2
12/12/2016 11:00:00 PM,3,2,1
12/13/2016 12:00:00 AM,0,0,0
12/13/2016 01:00:00 AM,0,0,0
12/13/2016 02:00:00 AM,0,0,0
12/13/2016 03:00:00 AM,3,3,0
12/13/2016 04:00:00 AM,2,1,1
12/13/2016 05:00:00 AM,5,2,3
12/13/2016 06:00:00 AM,21,11,10
12/13/2016 07:00:00 AM,50,24,26
12/13/2016 08:00:00 AM,84,38,46
12/13/2016 09:00:00 AM,65,32,33
12/13/2016 10:00:00 AM,17,9,8
12/13/2016 11:00:00 AM,20,10,10
12/13/2016 12:00:00 PM,23,12,11
12/13/2016 01:00:00 PM,25,12,13
12/13/2016 02:00:00 PM,25,14,11
12/13/2016 03:00:00 PM,32,13,19
12/13/2016 04:00:00 PM,86,25,61
12/13/2016 05:00:00 PM,110,35,75
12/13/2016 06:00:00 PM,47,19,28
12/13/2016 07:00:00 PM,28,11,17
12/13/2016 08:00:00 PM,12,4,8
12/13/2016 09:00:00 PM,2,0,2
12/13/2016 10:00:00 PM,2,1,1
12/13/2016 11:00:00 PM,1,1,0
12/14/2016 12:00:00 AM,3,2,1
12/14/2016 01:00:00 AM,0,0,0
12/14/2016 02:00:00 AM,1,1,0
12/14/2016 03:00:00 AM,1,1,0
12/14/2016 04:00:00 AM,1,0,1
12/14/2016 05:00:00 AM,12,9,3
12/14/2016 06:00:00 AM,11,7,4
12/14/2016 07:00:00 AM,29,15,14
12/14/2016 08:00:00 AM,66,31,35
12/14/2016 09:00:00 AM,48,20,28
12/14/2016 10:00:00 AM,22,10,12
12/14/2016 11:00:00 AM,22,11,11
12/14/2016 12:00:00 PM,33,16,17
12/14/2016 01:00:00 PM,35,20,15
12/14/2016 02:00:00 PM,28,10,18
12/14/2016 03:00:00 PM,32,13,19
12/14/2016 04:00:00 PM,69,15,54
12/14/2016 05:00:00 PM,98,30,68
12/14/2016 06:00:00 PM,61,19,42
12/14/2016 07:00:00 PM,11,3,8
12/14/2016 08:00:00 PM,12,2,10
12/14/2016 09:00:00 PM,5,2,3
12/14/2016 10:00:00 PM,3,2,1
12/14/2016 11:00:00 PM,4,4,0
12/15/2016 12:00:00 AM,0,0,0
12/15/2016 01:00:00 AM,0,0,0
12/15/2016 02:00:00 AM,1,1,0
12/15/2016 03:00:00 AM,0,0,0
12/15/2016 04:00:00 AM,1,0,1
12/15/2016 05:00:00 AM,7,3,4
12/15/2016 06:00:00 AM,16,10,6
12/15/2016 07:00:00 AM,37,15,22
12/15/2016 08:00:00 AM,72,36,36
12/15/2016 09:00:00 AM,37,22,15
12/15/2016 10:00:00 AM,15,10,5
12/15/2016 11:00:00 AM,25,15,10
12/15/2016 12:00:00 PM,23,9,14
12/15/2016 01:00:00 PM,22,10,12
12/15/2016 02:00:00 PM,21,11,10
12/15/2016 03:00:00 PM,41,21,20
12/15/2016 04:00:00 PM,81,19,62
12/15/2016 05:00:00 PM,86,33,53
12/15/2016 06:00:00 PM,52,19,33
12/15/2016 07:00:00 PM,19,8,11
12/15/2016 08:00:00 PM,13,7,6
12/15/2016 09:00:00 PM,8,4,4
12/15/2016 10:00:00 PM,7,3,4
12/15/2016 11:00:00 PM,5,1,4
12/16/2016 12:00:00 AM,3,2,1
12/16/2016 01:00:00 AM,0,0,0
12/16/2016 02:00:00 AM,0,0,0
12/16/2016 03:00:00 AM,1,1,0
12/16/2016 04:00:00 AM,1,0,1
12/16/2016 05:00:00 AM,3,2,1
12/16/2016 06:00:00 AM,14,6,8
12/16/2016 07:00:00 AM,27,18,9
12/16/2016 08:00:00 AM,47,19,28
12/16/2016 09:00:00 AM,33,21,12
12/16/2016 10:00:00 AM,11,6,5
12/16/2016 11:00:00 AM,18,9,9
12/16/2016 12:00:00 PM,19,11,8
12/16/2016 01:00:00 PM,24,14,10
12/16/2016 02:00:00 PM,19,9,10
12/16/2016 03:00:00 PM,37,14,23
12/16/2016 04:00:00 PM,53,18,35
12/16/2016 05:00:00 PM,76,25,51
12/16/2016 06:00:00 PM,47,15,32
12/16/2016 07:00:00 PM,12,5,7
12/16/2016 08:00:00 PM,5,2,3
12/16/2016 09:00:00 PM,4,2,2
12/16/2016 10:00:00 PM,2,1,1
12/16/2016 11:00:00 PM,4,1,3
12/17/2016 12:00:00 AM,2,1,1
12/17/2016 01:00:00 AM,1,1,0
12/17/2016 02:00:00 AM,0,0,0
12/17/2016 03:00:00 AM,0,0,0
12/17/2016 04:00:00 AM,0,0,0
12/17/2016 05:00:00 AM,1,0,1
12/17/2016 06:00:00 AM,3,1,2
12/17/2016 07:00:00 AM,2,0,2
12/17/2016 08:00:00 AM,3,3,0
12/17/2016 09:00:00 AM,4,2,2
12/17/2016 10:00:00 AM,7,4,3
12/17/2016 11:00:00 AM,5,2,3
12/17/2016 12:00:00 PM,13,7,6
12/17/2016 01:00:00 PM,14,5,9
12/17/2016 02:00:00 PM,9,2,7
12/17/2016 03:00:00 PM,10,4,6
12/17/2016 04:00:00 PM,9,3,6
12/17/2016 05:00:00 PM,11,7,4
12/17/2016 06:00:00 PM,7,0,7
12/17/2016 07:00:00 PM,5,2,3
12/17/2016 08:00:00 PM,5,1,4
12/17/2016 09:00:00 PM,0,0,0
12/17/2016 10:00:00 PM,3,0,3
12/17/2016 11:00:00 PM,0,0,0
12/18/2016 12:00:00 AM,3,1,2
12/18/2016 01:00:00 AM,1,0,1
12/18/2016 02:00:00 AM,1,1,0
12/18/2016 03:00:00 AM,1,1,0
12/18/2016 04:00:00 AM,1,1,0
12/18/2016 05:00:00 AM,0,0,0
12/18/2016 06:00:00 AM,1,1,0
12/18/2016 07:00:00 AM,1,0,1
12/18/2016 08:00:00 AM,4,3,1
12/18/2016 09:00:00 AM,1,1,0
12/18/2016 10:00:00 AM,2,2,0
12/18/2016 11:00:00 AM,4,3,1
12/18/2016 12:00:00 PM,8,4,4
12/18/2016 01:00:00 PM,9,5,4
12/18/2016 02:00:00 PM,9,4,5
12/18/2016 03:00:00 PM,6,2,4
12/18/2016 04:00:00 PM,6,4,2
12/18/2016 05:00:00 PM,7,2,5
12/18/2016 06:00:00 PM,8,3,5
12/18/2016 07:00:00 PM,1,1,0
12/18/2016 08:00:00 PM,1,0,1
12/18/2016 09:00:00 PM,1,0,1
12/18/2016 10:00:00 PM,5,2,3
12/18/2016 11:00:00 PM,0,0,0
12/19/2016 12:00:00 AM,1,0,1
12/19/2016 01:00:00 AM,0,0,0
12/19/2016 02:00:00 AM,2,2,0
12/19/2016 03:00:00 AM,0,0,0
12/19/2016 04:00:00 AM,1,0,1
12/19/2016 05:00:00 AM,4,2,2
12/19/2016 06:00:00 AM,11,6,5
12/19/2016 07:00:00 AM,34,20,14
12/19/2016 08:00:00 AM,49,22,27
12/19/2016 09:00:00 AM,41,19,22
12/19/2016 10:00:00 AM,14,7,7
12/19/2016 11:00:00 AM,7,3,4
12/19/2016 12:00:00 PM,16,10,6
12/19/2016 01:00:00 PM,18,9,9
12/19/2016 02:00:00 PM,13,5,8
12/19/2016 03:00:00 PM,25,13,12
12/19/2016 04:00:00 PM,44,15,29
12/19/2016 05:00:00 PM,97,30,67
12/19/2016 06:00:00 PM,51,20,31
12/19/2016 07:00:00 PM,14,7,7
12/19/2016 08:00:00 PM,1,0,1
12/19/2016 09:00:00 PM,2,0,2
12/19/2016 10:00:00 PM,1,1,0
12/19/2016 11:00:00 PM,0,0,0
12/20/2016 12:00:00 AM,1,0,1
12/20/2016 01:00:00 AM,1,0,1
12/20/2016 02:00:00 AM,0,0,0
12/20/2016 03:00:00 AM,3,2,1
12/20/2016 04:00:00 AM,3,1,2
12/20/2016 05:00:00 AM,7,3,4
12/20/2016 06:00:00 AM,19,12,7
12/20/2016 07:00:00 AM,36,18,18
12/20/2016 08:00:00 AM,54,18,36
12/20/2016 09:00:00 AM,43,24,19
12/20/2016 10:00:00 AM,27,12,15
12/20/2016 11:00:00 AM,15,4,11
12/20/2016 12:00:00 PM,20,10,10
12/20/2016 01:00:00 PM,20,11,9
12/20/2016 02:00:00 PM,20,7,13
12/20/2016 03:00:00 PM,35,13,22
12/20/2016 04:00:00 PM,80,24,56
12/20/2016 05:00:00 PM,91,31,60
12/20/2016 06:00:00 PM,54,24,30
12/20/2016 07:00:00 PM,14,5,9
12/20/2016 08:00:00 PM,8,2,6
12/20/2016 09:00:00 PM,3,1,2
12/20/2016 10:00:00 PM,2,1,1
12/20/2016 11:00:00 PM,0,0,0
12/21/2016 12:00:00 AM,1,1,0
12/21/2016 01:00:00 AM,0,0,0
12/21/2016 02:00:00 AM,0,0,0
12/21/2016 03:00:00 AM,0,0,0
12/21/2016 04:00:00 AM,1,0,1
12/21/2016 05:00:00 AM,6,4,2
12/21/2016 06:00:00 AM,13,5,8
12/21/2016 07:00:00 AM,27,11,16
12/21/2016 08:00:00 AM,57,25,32
12/21/2016 09:00:00 AM,37,19,18
12/21/2016 10:00:00 AM,14,6,8
12/21/2016 11:00:00 AM,30,12,18
12/21/2016 12:00:00 PM,25,15,10
12/21/2016 01:00:00 PM,17,10,7
12/21/2016 02:00:00 PM,29,11,18
12/21/2016 03:00:00 PM,43,14,29
12/21/2016 04:00:00 PM,71,26,45
12/21/2016 05:00:00 PM,87,31,56
12/21/2016 06:00:00 PM,48,18,30
12/21/2016 07:00:00 PM,16,4,12
12/21/2016 08:00:00 PM,5,2,3
12/21/2016 09:00:00 PM,6,4,2
12/21/2016 10:00:00 PM,2,0,2
12/21/2016 11:00:00 PM,2,0,2
12/22/2016 12:00:00 AM,1,1,0
12/22/2016 01:00:00 AM,0,0,0
12/22/2016 02:00:00 AM,1,0,1
12/22/2016 03:00:00 AM,1,0,1
12/22/2016 04:00:00 AM,1,0,1
12/22/2016 05:00:00 AM,4,2,2
12/22/2016 06:00:00 AM,9,5,4
12/22/2016 07:00:00 AM,29,18,11
12/22/2016 08:00:00 AM,36,13,23
12/22/2016 09:00:00 AM,37,23,14
12/22/2016 10:00:00 AM,19,9,10
12/22/2016 11:00:00 AM,20,6,14
12/22/2016 12:00:00 PM,23,11,12
12/22/2016 01:00:00 PM,14,7,7
12/22/2016 02:00:00 PM,24,8,16
12/22/2016 03:00:00 PM,29,8,21
12/22/2016 04:00:00 PM,51,17,34
12/22/2016 05:00:00 PM,51,13,38
12/22/2016 06:00:00 PM,32,11,21
12/22/2016 07:00:00 PM,13,7,6
12/22/2016 08:00:00 PM,6,2,4
12/22/2016 09:00:00 PM,2,1,1
12/22/2016 10:00:00 PM,1,1,0
12/22/2016 11:00:00 PM,5,3,2
12/23/2016 12:00:00 AM,0,0,0
12/23/2016 01:00:00 AM,0,0,0
12/23/2016 02:00:00 AM,0,0,0
12/23/2016 03:00:00 AM,0,0,0
12/23/2016 04:00:00 AM,0,0,0
12/23/2016 05:00:00 AM,3,2,1
12/23/2016 06:00:00 AM,5,1,4
12/23/2016 07:00:00 AM,8,4,4
12/23/2016 08:00:00 AM,15,7,8
12/23/2016 09:00:00 AM,7,4,3
12/23/2016 10:00:00 AM,11,5,6
12/23/2016 11:00:00 AM,3,3,0
12/23/2016 12:00:00 PM,9,4,5
12/23/2016 01:00:00 PM,16,9,7
12/23/2016 02:00:00 PM,15,8,7
12/23/2016 03:00:00 PM,13,6,7
12/23/2016 04:00:00 PM,23,6,17
12/23/2016 05:00:00 PM,14,2,12
12/23/2016 06:00:00 PM,10,3,7
12/23/2016 07:00:00 PM,2,1,1
12/23/2016 08:00:00 PM,2,1,1
12/23/2016 09:00:00 PM,4,2,2
12/23/2016 10:00:00 PM,0,0,0
12/23/2016 11:00:00 PM,4,2,2
12/24/2016 12:00:00 AM,1,1,0
12/24/2016 01:00:00 AM,0,0,0
12/24/2016 02:00:00 AM,0,0,0
12/24/2016 03:00:00 AM,0,0,0
12/24/2016 04:00:00 AM,0,0,0
12/24/2016 05:00:00 AM,0,0,0
12/24/2016 06:00:00 AM,4,2,2
12/24/2016 07:00:00 AM,4,0,4
12/24/2016 08:00:00 AM,3,2,1
12/24/2016 09:00:00 AM,0,0,0
12/24/2016 10:00:00 AM,2,1,1
12/24/2016 11:00:00 AM,7,2,5
12/24/2016 12:00:00 PM,8,4,4
12/24/2016 01:00:00 PM,11,5,6
12/24/2016 02:00:00 PM,13,6,7
12/24/2016 03:00:00 PM,11,3,8
12/24/2016 04:00:00 PM,9,3,6
12/24/2016 05:00:00 PM,9,7,2
12/24/2016 06:00:00 PM,4,1,3
12/24/2016 07:00:00 PM,2,2,0
12/24/2016 08:00:00 PM,3,3,0
12/24/2016 09:00:00 PM,0,0,0
12/24/2016 10:00:00 PM,0,0,0
12/24/2016 11:00:00 PM,2,1,1
12/25/2016 12:00:00 AM,1,1,0
12/25/2016 01:00:00 AM,2,2,0
12/25/2016 02:00:00 AM,0,0,0
12/25/2016 03:00:00 AM,0,0,0
12/25/2016 04:00:00 AM,0,0,0
12/25/2016 05:00:00 AM,0,0,0
12/25/2016 06:00:00 AM,0,0,0
12/25/2016 07:00:00 AM,1,0,1
12/25/2016 08:00:00 AM,0,0,0
12/25/2016 09:00:00 AM,2,1,1
12/25/2016 10:00:00 AM,4,1,3
12/25/2016 11:00:00 AM,4,3,1
12/25/2016 12:00:00 PM,3,3,0
12/25/2016 01:00:00 PM,5,2,3
12/25/2016 02:00:00 PM,4,2,2
12/25/2016 03:00:00 PM,3,0,3
12/25/2016 04:00:00 PM,3,2,1
12/25/2016 05:00:00 PM,1,1,0
12/25/2016 06:00:00 PM,0,0,0
12/25/2016 07:00:00 PM,1,1,0
12/25/2016 08:00:00 PM,1,1,0
12/25/2016 09:00:00 PM,1,0,1
12/25/2016 10:00:00 PM,0,0,0
12/25/2016 11:00:00 PM,0,0,0
12/26/2016 12:00:00 AM,0,0,0
12/26/2016 01:00:00 AM,0,0,0
12/26/2016 02:00:00 AM,0,0,0
12/26/2016 03:00:00 AM,0,0,0
12/26/2016 04:00:00 AM,0,0,0
12/26/2016 05:00:00 AM,1,1,0
12/26/2016 06:00:00 AM,0,0,0
12/26/2016 07:00:00 AM,6,3,3
12/26/2016 08:00:00 AM,6,2,4
12/26/2016 09:00:00 AM,5,2,3
12/26/2016 10:00:00 AM,5,2,3
12/26/2016 11:00:00 AM,7,4,3
12/26/2016 12:00:00 PM,4,2,2
12/26/2016 01:00:00 PM,7,4,3
12/26/2016 02:00:00 PM,3,1,2
12/26/2016 03:00:00 PM,5,2,3
12/26/2016 04:00:00 PM,4,2,2
12/26/2016 05:00:00 PM,4,1,3
12/26/2016 06:00:00 PM,5,1,4
12/26/2016 07:00:00 PM,1,1,0
12/26/2016 08:00:00 PM,1,0,1
12/26/2016 09:00:00 PM,1,0,1
12/26/2016 10:00:00 PM,0,0,0
12/26/2016 11:00:00 PM,1,1,0
12/27/2016 12:00:00 AM,0,0,0
12/27/2016 01:00:00 AM,1,0,1
12/27/2016 02:00:00 AM,0,0,0
12/27/2016 03:00:00 AM,0,0,0
12/27/2016 04:00:00 AM,2,1,1
12/27/2016 05:00:00 AM,4,1,3
12/27/2016 06:00:00 AM,5,4,1
12/27/2016 07:00:00 AM,23,12,11
12/27/2016 08:00:00 AM,29,12,17
12/27/2016 09:00:00 AM,21,17,4
12/27/2016 10:00:00 AM,17,10,7
12/27/2016 11:00:00 AM,14,5,9
12/27/2016 12:00:00 PM,11,4,7
12/27/2016 01:00:00 PM,13,8,5
12/27/2016 02:00:00 PM,14,3,11
12/27/2016 03:00:00 PM,21,11,10
12/27/2016 04:00:00 PM,42,14,28
12/27/2016 05:00:00 PM,45,17,28
12/27/2016 06:00:00 PM,18,7,11
12/27/2016 07:00:00 PM,8,6,2
12/27/2016 08:00:00 PM,1,0,1
12/27/2016 09:00:00 PM,3,0,3
12/27/2016 10:00:00 PM,1,0,1
12/27/2016 11:00:00 PM,3,1,2
12/28/2016 12:00:00 AM,2,2,0
12/28/2016 01:00:00 AM,0,0,0
12/28/2016 02:00:00 AM,0,0,0
12/28/2016 03:00:00 AM,1,0,1
12/28/2016 04:00:00 AM,1,0,1
12/28/2016 05:00:00 AM,4,0,4
12/28/2016 06:00:00 AM,5,4,1
12/28/2016 07:00:00 AM,25,14,11
12/28/2016 08:00:00 AM,32,14,18
12/28/2016 09:00:00 AM,31,17,14
12/28/2016 10:00:00 AM,9,3,6
12/28/2016 11:00:00 AM,19,12,7
12/28/2016 12:00:00 PM,16,9,7
12/28/2016 01:00:00 PM,26,15,11
12/28/2016 02:00:00 PM,18,7,11
12/28/2016 03:00:00 PM,27,9,18
12/28/2016 04:00:00 PM,43,15,28
12/28/2016 05:00:00 PM,61,20,41
12/28/2016 06:00:00 PM,32,7,25
12/28/2016 07:00:00 PM,11,6,5
12/28/2016 08:00:00 PM,3,0,3
12/28/2016 09:00:00 PM,5,4,1
12/28/2016 10:00:00 PM,1,1,0
12/28/2016 11:00:00 PM,3,1,2
12/29/2016 12:00:00 AM,0,0,0
12/29/2016 01:00:00 AM,0,0,0
12/29/2016 02:00:00 AM,0,0,0
12/29/2016 03:00:00 AM,0,0,0
12/29/2016 04:00:00 AM,0,0,0
12/29/2016 05:00:00 AM,1,0,1
12/29/2016 06:00:00 AM,12,8,4
12/29/2016 07:00:00 AM,19,9,10
12/29/2016 08:00:00 AM,40,11,29
12/29/2016 09:00:00 AM,22,13,9
12/29/2016 10:00:00 AM,17,8,9
12/29/2016 11:00:00 AM,7,3,4
12/29/2016 12:00:00 PM,20,12,8
12/29/2016 01:00:00 PM,18,7,11
12/29/2016 02:00:00 PM,12,6,6
12/29/2016 03:00:00 PM,16,3,13
12/29/2016 04:00:00 PM,40,10,30
12/29/2016 05:00:00 PM,48,23,25
12/29/2016 06:00:00 PM,11,7,4
12/29/2016 07:00:00 PM,8,4,4
12/29/2016 08:00:00 PM,3,2,1
12/29/2016 09:00:00 PM,2,1,1
12/29/2016 10:00:00 PM,1,0,1
12/29/2016 11:00:00 PM,2,1,1
12/30/2016 12:00:00 AM,1,0,1
12/30/2016 01:00:00 AM,2,2,0
12/30/2016 02:00:00 AM,0,0,0
12/30/2016 03:00:00 AM,0,0,0
12/30/2016 04:00:00 AM,1,0,1
12/30/2016 05:00:00 AM,1,0,1
12/30/2016 06:00:00 AM,10,5,5
12/30/2016 07:00:00 AM,13,6,7
12/30/2016 08:00:00 AM,22,8,14
12/30/2016 09:00:00 AM,15,8,7
12/30/2016 10:00:00 AM,6,3,3
12/30/2016 11:00:00 AM,10,1,9
12/30/2016 12:00:00 PM,16,11,5
12/30/2016 01:00:00 PM,14,7,7
12/30/2016 02:00:00 PM,21,11,10
12/30/2016 03:00:00 PM,31,16,15
12/30/2016 04:00:00 PM,30,8,22
12/30/2016 05:00:00 PM,18,8,10
12/30/2016 06:00:00 PM,23,10,13
12/30/2016 07:00:00 PM,7,2,5
12/30/2016 08:00:00 PM,4,4,0
12/30/2016 09:00:00 PM,2,0,2
12/30/2016 10:00:00 PM,2,1,1
12/30/2016 11:00:00 PM,2,1,1
12/31/2016 12:00:00 AM,3,0,3
12/31/2016 01:00:00 AM,1,1,0
12/31/2016 02:00:00 AM,0,0,0
12/31/2016 03:00:00 AM,0,0,0
12/31/2016 04:00:00 AM,0,0,0
12/31/2016 05:00:00 AM,1,1,0
12/31/2016 06:00:00 AM,5,1,4
12/31/2016 07:00:00 AM,0,0,0
12/31/2016 08:00:00 AM,4,2,2
12/31/2016 09:00:00 AM,4,2,2
12/31/2016 10:00:00 AM,6,2,4
12/31/2016 11:00:00 AM,6,2,4
12/31/2016 12:00:00 PM,15,7,8
12/31/2016 01:00:00 PM,12,6,6
12/31/2016 02:00:00 PM,8,4,4
12/31/2016 03:00:00 PM,6,3,3
12/31/2016 04:00:00 PM,2,0,2
12/31/2016 05:00:00 PM,6,2,4
12/31/2016 06:00:00 PM,2,1,1
12/31/2016 07:00:00 PM,2,1,1
12/31/2016 08:00:00 PM,2,2,0
12/31/2016 09:00:00 PM,1,0,1
12/31/2016 10:00:00 PM,2,1,1
12/31/2016 11:00:00 PM,3,2,1
01/01/2017 12:00:00 AM,1,0,1
01/01/2017 01:00:00 AM,3,1,2
01/01/2017 02:00:00 AM,1,1,0
01/01/2017 03:00:00 AM,2,1,1
01/01/2017 04:00:00 AM,1,1,0
01/01/2017 05:00:00 AM,0,0,0
01/01/2017 06:00:00 AM,0,0,0
01/01/2017 07:00:00 AM,1,1,0
01/01/2017 08:00:00 AM,1,1,0
01/01/2017 09:00:00 AM,0,0,0
01/01/2017 10:00:00 AM,4,2,2
01/01/2017 11:00:00 AM,5,3,2
01/01/2017 12:00:00 PM,3,2,1
01/01/2017 01:00:00 PM,0,0,0
01/01/2017 02:00:00 PM,6,4,2
01/01/2017 03:00:00 PM,6,3,3
01/01/2017 04:00:00 PM,3,1,2
01/01/2017 05:00:00 PM,4,1,3
01/01/2017 06:00:00 PM,6,2,4
01/01/2017 07:00:00 PM,0,0,0
01/01/2017 08:00:00 PM,1,0,1
01/01/2017 09:00:00 PM,2,0,2
01/01/2017 10:00:00 PM,0,0,0
01/01/2017 11:00:00 PM,0,0,0
01/02/2017 12:00:00 AM,1,1,0
01/02/2017 01:00:00 AM,0,0,0
01/02/2017 02:00:00 AM,0,0,0
01/02/2017 03:00:00 AM,0,0,0
01/02/2017 04:00:00 AM,1,1,0
01/02/2017 05:00:00 AM,0,0,0
01/02/2017 06:00:00 AM,2,0,2
01/02/2017 07:00:00 AM,2,1,1
01/02/2017 08:00:00 AM,2,2,0
01/02/2017 09:00:00 AM,7,5,2
01/02/2017 10:00:00 AM,8,4,4
01/02/2017 11:00:00 AM,6,2,4
01/02/2017 12:00:00 PM,13,6,7
01/02/2017 01:00:00 PM,12,5,7
01/02/2017 02:00:00 PM,13,8,5
01/02/2017 03:00:00 PM,14,7,7
01/02/2017 04:00:00 PM,11,2,9
01/02/2017 05:00:00 PM,10,3,7
01/02/2017 06:00:00 PM,7,4,3
01/02/2017 07:00:00 PM,4,2,2
01/02/2017 08:00:00 PM,1,1,0
01/02/2017 09:00:00 PM,1,1,0
01/02/2017 10:00:00 PM,2,1,1
01/02/2017 11:00:00 PM,0,0,0
01/03/2017 12:00:00 AM,0,0,0
01/03/2017 01:00:00 AM,0,0,0
01/03/2017 02:00:00 AM,0,0,0
01/03/2017 03:00:00 AM,0,0,0
01/03/2017 04:00:00 AM,4,2,2
01/03/2017 05:00:00 AM,10,4,6
01/03/2017 06:00:00 AM,15,6,9
01/03/2017 07:00:00 AM,41,17,24
01/03/2017 08:00:00 AM,53,26,27
01/03/2017 09:00:00 AM,35,17,18
01/03/2017 10:00:00 AM,12,10,2
01/03/2017 11:00:00 AM,9,3,6
01/03/2017 12:00:00 PM,14,7,7
01/03/2017 01:00:00 PM,13,8,5
01/03/2017 02:00:00 PM,17,9,8
01/03/2017 03:00:00 PM,29,10,19
01/03/2017 04:00:00 PM,59,21,38
01/03/2017 05:00:00 PM,88,25,63
01/03/2017 06:00:00 PM,53,24,29
01/03/2017 07:00:00 PM,13,5,8
01/03/2017 08:00:00 PM,5,3,2
01/03/2017 09:00:00 PM,0,0,0
01/03/2017 10:00:00 PM,4,3,1
01/03/2017 11:00:00 PM,3,1,2
01/04/2017 12:00:00 AM,0,0,0
01/04/2017 01:00:00 AM,1,0,1
01/04/2017 02:00:00 AM,0,0,0
01/04/2017 03:00:00 AM,0,0,0
01/04/2017 04:00:00 AM,0,0,0
01/04/2017 05:00:00 AM,8,5,3
01/04/2017 06:00:00 AM,12,6,6
01/04/2017 07:00:00 AM,34,17,17
01/04/2017 08:00:00 AM,55,20,35
01/04/2017 09:00:00 AM,28,18,10
01/04/2017 10:00:00 AM,15,11,4
01/04/2017 11:00:00 AM,15,6,9
01/04/2017 12:00:00 PM,15,8,7
01/04/2017 01:00:00 PM,22,16,6
01/04/2017 02:00:00 PM,26,8,18
01/04/2017 03:00:00 PM,22,8,14
01/04/2017 04:00:00 PM,64,18,46
01/04/2017 05:00:00 PM,86,30,56
01/04/2017 06:00:00 PM,38,14,24
01/04/2017 07:00:00 PM,11,1,10
01/04/2017 08:00:00 PM,5,4,1
01/04/2017 09:00:00 PM,1,0,1
01/04/2017 10:00:00 PM,2,2,0
01/04/2017 11:00:00 PM,3,1,2
01/05/2017 12:00:00 AM,1,1,0
01/05/2017 01:00:00 AM,0,0,0
01/05/2017 02:00:00 AM,0,0,0
01/05/2017 03:00:00 AM,5,2,3
01/05/2017 04:00:00 AM,0,0,0
01/05/2017 05:00:00 AM,8,5,3
01/05/2017 06:00:00 AM,16,9,7
01/05/2017 07:00:00 AM,31,14,17
01/05/2017 08:00:00 AM,45,18,27
01/05/2017 09:00:00 AM,41,21,20
01/05/2017 10:00:00 AM,17,7,10
01/05/2017 11:00:00 AM,25,16,9
01/05/2017 12:00:00 PM,16,11,5
01/05/2017 01:00:00 PM,18,13,5
01/05/2017 02:00:00 PM,19,8,11
01/05/2017 03:00:00 PM,29,12,17
01/05/2017 04:00:00 PM,64,29,35
01/05/2017 05:00:00 PM,99,30,69
01/05/2017 06:00:00 PM,44,14,30
01/05/2017 07:00:00 PM,16,9,7
01/05/2017 08:00:00 PM,2,1,1
01/05/2017 09:00:00 PM,5,1,4
01/05/2017 10:00:00 PM,1,0,1
01/05/2017 11:00:00 PM,1,0,1
01/06/2017 12:00:00 AM,3,3,0
01/06/2017 01:00:00 AM,1,1,0
01/06/2017 02:00:00 AM,0,0,0
01/06/2017 03:00:00 AM,2,0,2
01/06/2017 04:00:00 AM,0,0,0
01/06/2017 05:00:00 AM,5,2,3
01/06/2017 06:00:00 AM,13,7,6
01/06/2017 07:00:00 AM,30,10,20
01/06/2017 08:00:00 AM,54,20,34
01/06/2017 09:00:00 AM,38,24,14
01/06/2017 10:00:00 AM,19,11,8
01/06/2017 11:00:00 AM,19,11,8
01/06/2017 12:00:00 PM,25,13,12
01/06/2017 01:00:00 PM,26,14,12
01/06/2017 02:00:00 PM,25,13,12
01/06/2017 03:00:00 PM,27,7,20
01/06/2017 04:00:00 PM,69,22,47
01/06/2017 05:00:00 PM,76,29,47
01/06/2017 06:00:00 PM,36,14,22
01/06/2017 07:00:00 PM,15,5,10
01/06/2017 08:00:00 PM,8,2,6
01/06/2017 09:00:00 PM,1,0,1
01/06/2017 10:00:00 PM,7,5,2
01/06/2017 11:00:00 PM,0,0,0
01/07/2017 12:00:00 AM,2,1,1
01/07/2017 01:00:00 AM,4,1,3
01/07/2017 02:00:00 AM,3,2,1
01/07/2017 03:00:00 AM,0,0,0
01/07/2017 04:00:00 AM,0,0,0
01/07/2017 05:00:00 AM,0,0,0
01/07/2017 06:00:00 AM,2,0,2
01/07/2017 07:00:00 AM,2,1,1
01/07/2017 08:00:00 AM,2,2,0
01/07/2017 09:00:00 AM,2,1,1
01/07/2017 10:00:00 AM,7,6,1
01/07/2017 11:00:00 AM,5,3,2
01/07/2017 12:00:00 PM,9,3,6
01/07/2017 01:00:00 PM,10,6,4
01/07/2017 02:00:00 PM,16,4,12
01/07/2017 03:00:00 PM,19,9,10
01/07/2017 04:00:00 PM,16,5,11
01/07/2017 05:00:00 PM,17,7,10
01/07/2017 06:00:00 PM,7,2,5
01/07/2017 07:00:00 PM,4,1,3
01/07/2017 08:00:00 PM,8,5,3
01/07/2017 09:00:00 PM,12,7,5
01/07/2017 10:00:00 PM,2,2,0
01/07/2017 11:00:00 PM,4,1,3
01/08/2017 12:00:00 AM,0,0,0
01/08/2017 01:00:00 AM,0,0,0
01/08/2017 02:00:00 AM,1,0,1
01/08/2017 03:00:00 AM,0,0,0
01/08/2017 04:00:00 AM,0,0,0
01/08/2017 05:00:00 AM,0,0,0
01/08/2017 06:00:00 AM,0,0,0
01/08/2017 07:00:00 AM,1,0,1
01/08/2017 08:00:00 AM,0,0,0
01/08/2017 09:00:00 AM,4,1,3
01/08/2017 10:00:00 AM,2,1,1
01/08/2017 11:00:00 AM,5,4,1
01/08/2017 12:00:00 PM,2,1,1
01/08/2017 01:00:00 PM,4,3,1
01/08/2017 02:00:00 PM,3,0,3
01/08/2017 03:00:00 PM,2,1,1
01/08/2017 04:00:00 PM,2,1,1
01/08/2017 05:00:00 PM,1,1,0
01/08/2017 06:00:00 PM,2,2,0
01/08/2017 07:00:00 PM,0,0,0
01/08/2017 08:00:00 PM,0,0,0
01/08/2017 09:00:00 PM,0,0,0
01/08/2017 10:00:00 PM,1,0,1
01/08/2017 11:00:00 PM,0,0,0
01/09/2017 12:00:00 AM,0,0,0
01/09/2017 01:00:00 AM,1,1,0
01/09/2017 02:00:00 AM,0,0,0
01/09/2017 03:00:00 AM,0,0,0
01/09/2017 04:00:00 AM,0,0,0
01/09/2017 05:00:00 AM,9,3,6
01/09/2017 06:00:00 AM,16,9,7
01/09/2017 07:00:00 AM,30,12,18
01/09/2017 08:00:00 AM,71,30,41
01/09/2017 09:00:00 AM,58,30,28
01/09/2017 10:00:00 AM,17,13,4
01/09/2017 11:00:00 AM,14,8,6
01/09/2017 12:00:00 PM,14,6,8
01/09/2017 01:00:00 PM,13,8,5
01/09/2017 02:00:00 PM,25,12,13
01/09/2017 03:00:00 PM,30,12,18
01/09/2017 04:00:00 PM,57,15,42
01/09/2017 05:00:00 PM,111,42,69
01/09/2017 06:00:00 PM,47,18,29
01/09/2017 07:00:00 PM,11,5,6
01/09/2017 08:00:00 PM,3,1,2
01/09/2017 09:00:00 PM,4,1,3
01/09/2017 10:00:00 PM,1,0,1
01/09/2017 11:00:00 PM,1,0,1
01/10/2017 12:00:00 AM,1,1,0
01/10/2017 01:00:00 AM,0,0,0
01/10/2017 02:00:00 AM,1,1,0
01/10/2017 03:00:00 AM,1,1,0
01/10/2017 04:00:00 AM,1,1,0
01/10/2017 05:00:00 AM,8,3,5
01/10/2017 06:00:00 AM,17,8,9
01/10/2017 07:00:00 AM,43,25,18
01/10/2017 08:00:00 AM,55,20,35
01/10/2017 09:00:00 AM,39,22,17
01/10/2017 10:00:00 AM,15,9,6
01/10/2017 11:00:00 AM,10,7,3
01/10/2017 12:00:00 PM,20,10,10
01/10/2017 01:00:00 PM,14,8,6
01/10/2017 02:00:00 PM,18,8,10
01/10/2017 03:00:00 PM,29,11,18
01/10/2017 04:00:00 PM,51,17,34
01/10/2017 05:00:00 PM,84,27,57
01/10/2017 06:00:00 PM,49,22,27
01/10/2017 07:00:00 PM,11,4,7
01/10/2017 08:00:00 PM,4,2,2
01/10/2017 09:00:00 PM,1,1,0
01/10/2017 10:00:00 PM,3,1,2
01/10/2017 11:00:00 PM,0,0,0
01/11/2017 12:00:00 AM,2,2,0
01/11/2017 01:00:00 AM,0,0,0
01/11/2017 02:00:00 AM,0,0,0
01/11/2017 03:00:00 AM,0,0,0
01/11/2017 04:00:00 AM,2,1,1
01/11/2017 05:00:00 AM,9,5,4
01/11/2017 06:00:00 AM,15,10,5
01/11/2017 07:00:00 AM,32,11,21
01/11/2017 08:00:00 AM,57,27,30
01/11/2017 09:00:00 AM,41,18,23
01/11/2017 10:00:00 AM,23,15,8
01/11/2017 11:00:00 AM,14,7,7
01/11/2017 12:00:00 PM,24,10,14
01/11/2017 01:00:00 PM,13,8,5
01/11/2017 02:00:00 PM,20,11,9
01/11/2017 03:00:00 PM,27,13,14
01/11/2017 04:00:00 PM,47,13,34
01/11/2017 05:00:00 PM,90,36,54
01/11/2017 06:00:00 PM,42,14,28
01/11/2017 07:00:00 PM,11,4,7
01/11/2017 08:00:00 PM,12,5,7
01/11/2017 09:00:00 PM,6,3,3
01/11/2017 10:00:00 PM,2,0,2
01/11/2017 11:00:00 PM,3,3,0
01/12/2017 12:00:00 AM,2,1,1
01/12/2017 01:00:00 AM,0,0,0
01/12/2017 02:00:00 AM,0,0,0
01/12/2017 03:00:00 AM,1,0,1
01/12/2017 04:00:00 AM,1,0,1
01/12/2017 05:00:00 AM,8,5,3
01/12/2017 06:00:00 AM,15,7,8
01/12/2017 07:00:00 AM,39,21,18
01/12/2017 08:00:00 AM,68,29,39
01/12/2017 09:00:00 AM,31,18,13
01/12/2017 10:00:00 AM,16,8,8
01/12/2017 11:00:00 AM,17,9,8
01/12/2017 12:00:00 PM,21,12,9
01/12/2017 01:00:00 PM,23,11,12
01/12/2017 02:00:00 PM,25,16,9
01/12/2017 03:00:00 PM,29,10,19
01/12/2017 04:00:00 PM,62,20,42
01/12/2017 05:00:00 PM,91,37,54
01/12/2017 06:00:00 PM,59,17,42
01/12/2017 07:00:00 PM,17,6,11
01/12/2017 08:00:00 PM,6,3,3
01/12/2017 09:00:00 PM,2,1,1
01/12/2017 10:00:00 PM,4,1,3
01/12/2017 11:00:00 PM,1,1,0
01/13/2017 12:00:00 AM,2,1,1
01/13/2017 01:00:00 AM,0,0,0
01/13/2017 02:00:00 AM,0,0,0
01/13/2017 03:00:00 AM,1,1,0
01/13/2017 04:00:00 AM,2,1,1
01/13/2017 05:00:00 AM,3,1,2
01/13/2017 06:00:00 AM,18,8,10
01/13/2017 07:00:00 AM,29,12,17
01/13/2017 08:00:00 AM,52,19,33
01/13/2017 09:00:00 AM,30,18,12
01/13/2017 10:00:00 AM,17,7,10
01/13/2017 11:00:00 AM,21,11,10
01/13/2017 12:00:00 PM,14,6,8
01/13/2017 01:00:00 PM,27,13,14
01/13/2017 02:00:00 PM,23,10,13
01/13/2017 03:00:00 PM,39,12,27
01/13/2017 04:00:00 PM,64,19,45
01/13/2017 05:00:00 PM,76,36,40
01/13/2017 06:00:00 PM,32,12,20
01/13/2017 07:00:00 PM,13,5,8
01/13/2017 08:00:00 PM,4,1,3
01/13/2017 09:00:00 PM,6,5,1
01/13/2017 10:00:00 PM,3,1,2
01/13/2017 11:00:00 PM,2,0,2
01/14/2017 12:00:00 AM,1,0,1
01/14/2017 01:00:00 AM,3,0,3
01/14/2017 02:00:00 AM,2,0,2
01/14/2017 03:00:00 AM,0,0,0
01/14/2017 04:00:00 AM,0,0,0
01/14/2017 05:00:00 AM,0,0,0
01/14/2017 06:00:00 AM,3,0,3
01/14/2017 07:00:00 AM,0,0,0
01/14/2017 08:00:00 AM,2,2,0
01/14/2017 09:00:00 AM,3,1,2
01/14/2017 10:00:00 AM,10,3,7
01/14/2017 11:00:00 AM,11,5,6
01/14/2017 12:00:00 PM,17,6,11
01/14/2017 01:00:00 PM,21,11,10
01/14/2017 02:00:00 PM,10,6,4
01/14/2017 03:00:00 PM,11,5,6
01/14/2017 04:00:00 PM,8,5,3
01/14/2017 05:00:00 PM,5,4,1
01/14/2017 06:00:00 PM,2,1,1
01/14/2017 07:00:00 PM,4,3,1
01/14/2017 08:00:00 PM,0,0,0
01/14/2017 09:00:00 PM,0,0,0
01/14/2017 10:00:00 PM,5,1,4
01/14/2017 11:00:00 PM,0,0,0
01/15/2017 12:00:00 AM,3,1,2
01/15/2017 01:00:00 AM,1,0,1
01/15/2017 02:00:00 AM,2,0,2
01/15/2017 03:00:00 AM,0,0,0
01/15/2017 04:00:00 AM,0,0,0
01/15/2017 05:00:00 AM,0,0,0
01/15/2017 06:00:00 AM,0,0,0
01/15/2017 07:00:00 AM,0,0,0
01/15/2017 08:00:00 AM,3,0,3
01/15/2017 09:00:00 AM,5,3,2
01/15/2017 10:00:00 AM,6,2,4
01/15/2017 11:00:00 AM,2,1,1
01/15/2017 12:00:00 PM,10,4,6
01/15/2017 01:00:00 PM,9,5,4
01/15/2017 02:00:00 PM,10,4,6
01/15/2017 03:00:00 PM,4,3,1
01/15/2017 04:00:00 PM,7,3,4
01/15/2017 05:00:00 PM,5,0,5
01/15/2017 06:00:00 PM,3,1,2
01/15/2017 07:00:00 PM,6,5,1
01/15/2017 08:00:00 PM,5,3,2
01/15/2017 09:00:00 PM,6,3,3
01/15/2017 10:00:00 PM,0,0,0
01/15/2017 11:00:00 PM,0,0,0
01/16/2017 12:00:00 AM,0,0,0
01/16/2017 01:00:00 AM,2,1,1
01/16/2017 02:00:00 AM,0,0,0
01/16/2017 03:00:00 AM,0,0,0
01/16/2017 04:00:00 AM,0,0,0
01/16/2017 05:00:00 AM,3,3,0
01/16/2017 06:00:00 AM,9,5,4
01/16/2017 07:00:00 AM,15,7,8
01/16/2017 08:00:00 AM,36,14,22
01/16/2017 09:00:00 AM,25,16,9
01/16/2017 10:00:00 AM,11,7,4
01/16/2017 11:00:00 AM,12,7,5
01/16/2017 12:00:00 PM,17,11,6
01/16/2017 01:00:00 PM,25,7,18
01/16/2017 02:00:00 PM,13,5,8
01/16/2017 03:00:00 PM,22,14,8
01/16/2017 04:00:00 PM,29,8,21
01/16/2017 05:00:00 PM,49,14,35
01/16/2017 06:00:00 PM,33,14,19
01/16/2017 07:00:00 PM,8,1,7
01/16/2017 08:00:00 PM,4,1,3
01/16/2017 09:00:00 PM,5,2,3
01/16/2017 10:00:00 PM,4,4,0
01/16/2017 11:00:00 PM,0,0,0
01/17/2017 12:00:00 AM,0,0,0
01/17/2017 01:00:00 AM,0,0,0
01/17/2017 02:00:00 AM,1,0,1
01/17/2017 03:00:00 AM,0,0,0
01/17/2017 04:00:00 AM,3,1,2
01/17/2017 05:00:00 AM,8,4,4
01/17/2017 06:00:00 AM,17,6,11
01/17/2017 07:00:00 AM,34,17,17
01/17/2017 08:00:00 AM,59,21,38
01/17/2017 09:00:00 AM,41,22,19
01/17/2017 10:00:00 AM,12,4,8
01/17/2017 11:00:00 AM,10,6,4
01/17/2017 12:00:00 PM,10,5,5
01/17/2017 01:00:00 PM,8,6,2
01/17/2017 02:00:00 PM,10,3,7
01/17/2017 03:00:00 PM,21,6,15
01/17/2017 04:00:00 PM,59,20,39
01/17/2017 05:00:00 PM,78,18,60
01/17/2017 06:00:00 PM,50,20,30
01/17/2017 07:00:00 PM,10,4,6
01/17/2017 08:00:00 PM,4,3,1
01/17/2017 09:00:00 PM,2,1,1
01/17/2017 10:00:00 PM,3,2,1
01/17/2017 11:00:00 PM,0,0,0
01/18/2017 12:00:00 AM,0,0,0
01/18/2017 01:00:00 AM,0,0,0
01/18/2017 02:00:00 AM,0,0,0
01/18/2017 03:00:00 AM,0,0,0
01/18/2017 04:00:00 AM,1,0,1
01/18/2017 05:00:00 AM,5,4,1
01/18/2017 06:00:00 AM,15,4,11
01/18/2017 07:00:00 AM,29,17,12
01/18/2017 08:00:00 AM,47,21,26
01/18/2017 09:00:00 AM,31,15,16
01/18/2017 10:00:00 AM,18,15,3
01/18/2017 11:00:00 AM,15,9,6
01/18/2017 12:00:00 PM,17,11,6
01/18/2017 01:00:00 PM,11,8,3
01/18/2017 02:00:00 PM,16,7,9
01/18/2017 03:00:00 PM,31,11,20
01/18/2017 04:00:00 PM,44,15,29
01/18/2017 05:00:00 PM,70,20,50
01/18/2017 06:00:00 PM,37,15,22
01/18/2017 07:00:00 PM,16,6,10
01/18/2017 08:00:00 PM,7,3,4
01/18/2017 09:00:00 PM,3,0,3
01/18/2017 10:00:00 PM,0,0,0
01/18/2017 11:00:00 PM,1,1,0
01/19/2017 12:00:00 AM,1,0,1
01/19/2017 01:00:00 AM,0,0,0
01/19/2017 02:00:00 AM,0,0,0
01/19/2017 03:00:00 AM,3,2,1
01/19/2017 04:00:00 AM,1,0,1
01/19/2017 05:00:00 AM,5,3,2
01/19/2017 06:00:00 AM,19,11,8
01/19/2017 07:00:00 AM,24,16,8
01/19/2017 08:00:00 AM,82,32,50
01/19/2017 09:00:00 AM,42,21,21
01/19/2017 10:00:00 AM,25,15,10
01/19/2017 11:00:00 AM,17,5,12
01/19/2017 12:00:00 PM,22,10,12
01/19/2017 01:00:00 PM,15,9,6
01/19/2017 02:00:00 PM,17,5,12
01/19/2017 03:00:00 PM,24,7,17
01/19/2017 04:00:00 PM,72,26,46
01/19/2017 05:00:00 PM,96,34,62
01/19/2017 06:00:00 PM,47,21,26
01/19/2017 07:00:00 PM,19,7,12
01/19/2017 08:00:00 PM,10,2,8
01/19/2017 09:00:00 PM,4,0,4
01/19/2017 10:00:00 PM,1,0,1
01/19/2017 11:00:00 PM,5,3,2
01/20/2017 12:00:00 AM,3,2,1
01/20/2017 01:00:00 AM,0,0,0
01/20/2017 02:00:00 AM,0,0,0
01/20/2017 03:00:00 AM,2,1,1
01/20/2017 04:00:00 AM,1,0,1
01/20/2017 05:00:00 AM,2,1,1
01/20/2017 06:00:00 AM,20,10,10
01/20/2017 07:00:00 AM,45,25,20
01/20/2017 08:00:00 AM,77,29,48
01/20/2017 09:00:00 AM,50,23,27
01/20/2017 10:00:00 AM,17,5,12
01/20/2017 11:00:00 AM,21,11,10
01/20/2017 12:00:00 PM,19,8,11
01/20/2017 01:00:00 PM,31,16,15
01/20/2017 02:00:00 PM,25,9,16
01/20/2017 03:00:00 PM,45,13,32
01/20/2017 04:00:00 PM,70,26,44
01/20/2017 05:00:00 PM,82,30,52
01/20/2017 06:00:00 PM,41,14,27
01/20/2017 07:00:00 PM,21,7,14
01/20/2017 08:00:00 PM,14,4,10
01/20/2017 09:00:00 PM,8,7,1
01/20/2017 10:00:00 PM,5,2,3
01/20/2017 11:00:00 PM,5,3,2
01/21/2017 12:00:00 AM,2,0,2
01/21/2017 01:00:00 AM,2,1,1
01/21/2017 02:00:00 AM,2,2,0
01/21/2017 03:00:00 AM,1,1,0
01/21/2017 04:00:00 AM,0,0,0
01/21/2017 05:00:00 AM,0,0,0
01/21/2017 06:00:00 AM,2,0,2
01/21/2017 07:00:00 AM,4,2,2
01/21/2017 08:00:00 AM,1,1,0
01/21/2017 09:00:00 AM,12,1,11
01/21/2017 10:00:00 AM,20,2,18
01/21/2017 11:00:00 AM,35,10,25
01/21/2017 12:00:00 PM,21,16,5
01/21/2017 01:00:00 PM,30,21,9
01/21/2017 02:00:00 PM,37,19,18
01/21/2017 03:00:00 PM,32,6,26
01/21/2017 04:00:00 PM,30,3,27
01/21/2017 05:00:00 PM,12,4,8
01/21/2017 06:00:00 PM,4,2,2
01/21/2017 07:00:00 PM,1,0,1
01/21/2017 08:00:00 PM,3,3,0
01/21/2017 09:00:00 PM,1,0,1
01/21/2017 10:00:00 PM,2,1,1
01/21/2017 11:00:00 PM,0,0,0
01/22/2017 12:00:00 AM,0,0,0
01/22/2017 01:00:00 AM,5,2,3
01/22/2017 02:00:00 AM,0,0,0
01/22/2017 03:00:00 AM,0,0,0
01/22/2017 04:00:00 AM,0,0,0
01/22/2017 05:00:00 AM,0,0,0
01/22/2017 06:00:00 AM,2,2,0
01/22/2017 07:00:00 AM,2,1,1
01/22/2017 08:00:00 AM,1,1,0
01/22/2017 09:00:00 AM,6,2,4
01/22/2017 10:00:00 AM,7,5,2
01/22/2017 11:00:00 AM,3,2,1
01/22/2017 12:00:00 PM,4,2,2
01/22/2017 01:00:00 PM,4,4,0
01/22/2017 02:00:00 PM,7,3,4
01/22/2017 03:00:00 PM,6,4,2
01/22/2017 04:00:00 PM,7,1,6
01/22/2017 05:00:00 PM,5,1,4
01/22/2017 06:00:00 PM,3,1,2
01/22/2017 07:00:00 PM,2,1,1
01/22/2017 08:00:00 PM,1,0,1
01/22/2017 09:00:00 PM,1,1,0
01/22/2017 10:00:00 PM,1,0,1
01/22/2017 11:00:00 PM,0,0,0
01/23/2017 12:00:00 AM,0,0,0
01/23/2017 01:00:00 AM,0,0,0
01/23/2017 02:00:00 AM,0,0,0
01/23/2017 03:00:00 AM,2,1,1
01/23/2017 04:00:00 AM,1,0,1
01/23/2017 05:00:00 AM,9,5,4
01/23/2017 06:00:00 AM,22,8,14
01/23/2017 07:00:00 AM,50,22,28
01/23/2017 08:00:00 AM,79,32,47
01/23/2017 09:00:00 AM,47,26,21
01/23/2017 10:00:00 AM,25,16,9
01/23/2017 11:00:00 AM,14,8,6
01/23/2017 12:00:00 PM,16,10,6
01/23/2017 01:00:00 PM,16,10,6
01/23/2017 02:00:00 PM,20,9,11
01/23/2017 03:00:00 PM,31,8,23
01/23/2017 04:00:00 PM,86,27,59
01/23/2017 05:00:00 PM,123,47,76
01/23/2017 06:00:00 PM,49,19,30
01/23/2017 07:00:00 PM,20,9,11
01/23/2017 08:00:00 PM,7,2,5
01/23/2017 09:00:00 PM,4,2,2
01/23/2017 10:00:00 PM,1,1,0
01/23/2017 11:00:00 PM,2,2,0
01/24/2017 12:00:00 AM,1,1,0
01/24/2017 01:00:00 AM,0,0,0
01/24/2017 02:00:00 AM,0,0,0
01/24/2017 03:00:00 AM,1,1,0
01/24/2017 04:00:00 AM,4,2,2
01/24/2017 05:00:00 AM,10,5,5
01/24/2017 06:00:00 AM,21,11,10
01/24/2017 07:00:00 AM,48,26,22
01/24/2017 08:00:00 AM,82,37,45
01/24/2017 09:00:00 AM,51,28,23
01/24/2017 10:00:00 AM,17,10,7
01/24/2017 11:00:00 AM,14,9,5
01/24/2017 12:00:00 PM,22,13,9
01/24/2017 01:00:00 PM,33,17,16
01/24/2017 02:00:00 PM,29,14,15
01/24/2017 03:00:00 PM,32,14,18
01/24/2017 04:00:00 PM,77,19,58
01/24/2017 05:00:00 PM,110,38,72
01/24/2017 06:00:00 PM,61,25,36
01/24/2017 07:00:00 PM,20,6,14
01/24/2017 08:00:00 PM,11,5,6
01/24/2017 09:00:00 PM,3,0,3
01/24/2017 10:00:00 PM,3,1,2
01/24/2017 11:00:00 PM,1,1,0
01/25/2017 12:00:00 AM,0,0,0
01/25/2017 01:00:00 AM,0,0,0
01/25/2017 02:00:00 AM,0,0,0
01/25/2017 03:00:00 AM,1,1,0
01/25/2017 04:00:00 AM,1,0,1
01/25/2017 05:00:00 AM,10,4,6
01/25/2017 06:00:00 AM,18,10,8
01/25/2017 07:00:00 AM,39,14,25
01/25/2017 08:00:00 AM,82,51,31
01/25/2017 09:00:00 AM,57,29,28
01/25/2017 10:00:00 AM,14,9,5
01/25/2017 11:00:00 AM,18,9,9
01/25/2017 12:00:00 PM,18,9,9
01/25/2017 01:00:00 PM,20,14,6
01/25/2017 02:00:00 PM,25,11,14
01/25/2017 03:00:00 PM,43,16,27
01/25/2017 04:00:00 PM,70,17,53
01/25/2017 05:00:00 PM,111,41,70
01/25/2017 06:00:00 PM,70,26,44
01/25/2017 07:00:00 PM,18,5,13
01/25/2017 08:00:00 PM,5,1,4
01/25/2017 09:00:00 PM,3,2,1
01/25/2017 10:00:00 PM,3,1,2
01/25/2017 11:00:00 PM,4,3,1
01/26/2017 12:00:00 AM,0,0,0
01/26/2017 01:00:00 AM,1,0,1
01/26/2017 02:00:00 AM,0,0,0
01/26/2017 03:00:00 AM,1,0,1
01/26/2017 04:00:00 AM,1,0,1
01/26/2017 05:00:00 AM,10,4,6
01/26/2017 06:00:00 AM,21,10,11
01/26/2017 07:00:00 AM,55,27,28
01/26/2017 08:00:00 AM,79,37,42
01/26/2017 09:00:00 AM,46,21,25
01/26/2017 10:00:00 AM,24,14,10
01/26/2017 11:00:00 AM,22,10,12
01/26/2017 12:00:00 PM,14,8,6
01/26/2017 01:00:00 PM,19,14,5
01/26/2017 02:00:00 PM,27,6,21
01/26/2017 03:00:00 PM,37,15,22
01/26/2017 04:00:00 PM,59,22,37
01/26/2017 05:00:00 PM,137,50,87
01/26/2017 06:00:00 PM,65,22,43
01/26/2017 07:00:00 PM,19,10,9
01/26/2017 08:00:00 PM,10,3,7
01/26/2017 09:00:00 PM,7,5,2
01/26/2017 10:00:00 PM,6,2,4
01/26/2017 11:00:00 PM,3,1,2
01/27/2017 12:00:00 AM,1,1,0
01/27/2017 01:00:00 AM,4,4,0
01/27/2017 02:00:00 AM,0,0,0
01/27/2017 03:00:00 AM,1,0,1
01/27/2017 04:00:00 AM,2,1,1
01/27/2017 05:00:00 AM,6,3,3
01/27/2017 06:00:00 AM,19,7,12
01/27/2017 07:00:00 AM,40,18,22
01/27/2017 08:00:00 AM,84,38,46
01/27/2017 09:00:00 AM,50,26,24
01/27/2017 10:00:00 AM,25,14,11
01/27/2017 11:00:00 AM,22,10,12
01/27/2017 12:00:00 PM,20,14,6
01/27/2017 01:00:00 PM,28,18,10
01/27/2017 02:00:00 PM,34,11,23
01/27/2017 03:00:00 PM,46,17,29
01/27/2017 04:00:00 PM,98,32,66
01/27/2017 05:00:00 PM,91,29,62
01/27/2017 06:00:00 PM,50,26,24
01/27/2017 07:00:00 PM,20,7,13
01/27/2017 08:00:00 PM,14,6,8
01/27/2017 09:00:00 PM,4,3,1
01/27/2017 10:00:00 PM,3,2,1
01/27/2017 11:00:00 PM,5,3,2
01/28/2017 12:00:00 AM,3,0,3
01/28/2017 01:00:00 AM,1,1,0
01/28/2017 02:00:00 AM,3,0,3
01/28/2017 03:00:00 AM,2,1,1
01/28/2017 04:00:00 AM,0,0,0
01/28/2017 05:00:00 AM,3,3,0
01/28/2017 06:00:00 AM,5,2,3
01/28/2017 07:00:00 AM,2,1,1
01/28/2017 08:00:00 AM,7,4,3
01/28/2017 09:00:00 AM,12,3,9
01/28/2017 10:00:00 AM,6,2,4
01/28/2017 11:00:00 AM,15,6,9
01/28/2017 12:00:00 PM,19,7,12
01/28/2017 01:00:00 PM,28,9,19
01/28/2017 02:00:00 PM,25,10,15
01/28/2017 03:00:00 PM,20,11,9
01/28/2017 04:00:00 PM,23,5,18
01/28/2017 05:00:00 PM,17,9,8
01/28/2017 06:00:00 PM,12,3,9
01/28/2017 07:00:00 PM,8,6,2
01/28/2017 08:00:00 PM,2,2,0
01/28/2017 09:00:00 PM,3,1,2
01/28/2017 10:00:00 PM,5,4,1
01/28/2017 11:00:00 PM,3,1,2
01/29/2017 12:00:00 AM,2,1,1
01/29/2017 01:00:00 AM,3,3,0
01/29/2017 02:00:00 AM,1,1,0
01/29/2017 03:00:00 AM,1,1,0
01/29/2017 04:00:00 AM,0,0,0
01/29/2017 05:00:00 AM,1,1,0
01/29/2017 06:00:00 AM,0,0,0
01/29/2017 07:00:00 AM,4,1,3
01/29/2017 08:00:00 AM,3,1,2
01/29/2017 09:00:00 AM,6,3,3
01/29/2017 10:00:00 AM,14,7,7
01/29/2017 11:00:00 AM,7,3,4
01/29/2017 12:00:00 PM,20,3,17
01/29/2017 01:00:00 PM,10,3,7
01/29/2017 02:00:00 PM,20,10,10
01/29/2017 03:00:00 PM,9,6,3
01/29/2017 04:00:00 PM,11,7,4
01/29/2017 05:00:00 PM,17,14,3
01/29/2017 06:00:00 PM,13,6,7
01/29/2017 07:00:00 PM,12,5,7
01/29/2017 08:00:00 PM,7,2,5
01/29/2017 09:00:00 PM,4,0,4
01/29/2017 10:00:00 PM,5,4,1
01/29/2017 11:00:00 PM,1,0,1
01/30/2017 12:00:00 AM,1,0,1
01/30/2017 01:00:00 AM,1,0,1
01/30/2017 02:00:00 AM,1,0,1
01/30/2017 03:00:00 AM,0,0,0
01/30/2017 04:00:00 AM,2,0,2
01/30/2017 05:00:00 AM,12,4,8
01/30/2017 06:00:00 AM,32,12,20
01/30/2017 07:00:00 AM,51,23,28
01/30/2017 08:00:00 AM,94,36,58
01/30/2017 09:00:00 AM,50,21,29
01/30/2017 10:00:00 AM,26,14,12
01/30/2017 11:00:00 AM,8,4,4
01/30/2017 12:00:00 PM,11,5,6
01/30/2017 01:00:00 PM,19,10,9
01/30/2017 02:00:00 PM,21,8,13
01/30/2017 03:00:00 PM,23,10,13
01/30/2017 04:00:00 PM,2,2,0
01/30/2017 05:00:00 PM,12,6,6
01/30/2017 06:00:00 PM,75,19,56
01/30/2017 07:00:00 PM,18,7,11
01/30/2017 08:00:00 PM,8,3,5
01/30/2017 09:00:00 PM,4,0,4
01/30/2017 10:00:00 PM,2,1,1
01/30/2017 11:00:00 PM,3,3,0
01/31/2017 12:00:00 AM,2,2,0
01/31/2017 01:00:00 AM,1,1,0
01/31/2017 02:00:00 AM,1,0,1
01/31/2017 03:00:00 AM,0,0,0
01/31/2017 04:00:00 AM,3,1,2
01/31/2017 05:00:00 AM,12,5,7
01/31/2017 06:00:00 AM,23,10,13
01/31/2017 07:00:00 AM,59,32,27
01/31/2017 08:00:00 AM,91,40,51
01/31/2017 09:00:00 AM,53,29,24
01/31/2017 10:00:00 AM,23,12,11
01/31/2017 11:00:00 AM,17,11,6
01/31/2017 12:00:00 PM,25,14,11
01/31/2017 01:00:00 PM,26,14,12
01/31/2017 02:00:00 PM,23,12,11
01/31/2017 03:00:00 PM,47,18,29
01/31/2017 04:00:00 PM,88,25,63
01/31/2017 05:00:00 PM,129,49,80
01/31/2017 06:00:00 PM,66,26,40
01/31/2017 07:00:00 PM,20,4,16
01/31/2017 08:00:00 PM,4,2,2
01/31/2017 09:00:00 PM,4,2,2
01/31/2017 10:00:00 PM,3,3,0
01/31/2017 11:00:00 PM,5,1,4
02/01/2017 12:00:00 AM,0,0,0
02/01/2017 01:00:00 AM,3,0,3
02/01/2017 02:00:00 AM,1,0,1
02/01/2017 03:00:00 AM,1,1,0
02/01/2017 04:00:00 AM,1,0,1
02/01/2017 05:00:00 AM,6,4,2
02/01/2017 06:00:00 AM,22,10,12
02/01/2017 07:00:00 AM,44,25,19
02/01/2017 08:00:00 AM,87,48,39
02/01/2017 09:00:00 AM,63,33,30
02/01/2017 10:00:00 AM,24,9,15
02/01/2017 11:00:00 AM,14,7,7
02/01/2017 12:00:00 PM,30,20,10
02/01/2017 01:00:00 PM,20,16,4
02/01/2017 02:00:00 PM,21,8,13
02/01/2017 03:00:00 PM,39,15,24
02/01/2017 04:00:00 PM,74,20,54
02/01/2017 05:00:00 PM,122,33,89
02/01/2017 06:00:00 PM,68,29,39
02/01/2017 07:00:00 PM,18,6,12
02/01/2017 08:00:00 PM,9,5,4
02/01/2017 09:00:00 PM,7,3,4
02/01/2017 10:00:00 PM,0,0,0
02/01/2017 11:00:00 PM,4,3,1
02/02/2017 12:00:00 AM,1,0,1
02/02/2017 01:00:00 AM,0,0,0
02/02/2017 02:00:00 AM,1,1,0
02/02/2017 03:00:00 AM,1,0,1
02/02/2017 04:00:00 AM,1,0,1
02/02/2017 05:00:00 AM,5,5,0
02/02/2017 06:00:00 AM,21,10,11
02/02/2017 07:00:00 AM,44,22,22
02/02/2017 08:00:00 AM,78,38,40
02/02/2017 09:00:00 AM,54,23,31
02/02/2017 10:00:00 AM,31,14,17
02/02/2017 11:00:00 AM,21,10,11
02/02/2017 12:00:00 PM,24,9,15
02/02/2017 01:00:00 PM,26,11,15
02/02/2017 02:00:00 PM,27,15,12
02/02/2017 03:00:00 PM,46,24,22
02/02/2017 04:00:00 PM,81,28,53
02/02/2017 05:00:00 PM,135,37,98
02/02/2017 06:00:00 PM,75,29,46
02/02/2017 07:00:00 PM,32,20,12
02/02/2017 08:00:00 PM,18,13,5
02/02/2017 09:00:00 PM,9,4,5
02/02/2017 10:00:00 PM,6,4,2
02/02/2017 11:00:00 PM,3,1,2
02/03/2017 12:00:00 AM,1,0,1
02/03/2017 01:00:00 AM,0,0,0
02/03/2017 02:00:00 AM,0,0,0
02/03/2017 03:00:00 AM,3,2,1
02/03/2017 04:00:00 AM,1,0,1
02/03/2017 05:00:00 AM,5,3,2
02/03/2017 06:00:00 AM,15,6,9
02/03/2017 07:00:00 AM,12,9,3
02/03/2017 08:00:00 AM,36,12,24
02/03/2017 09:00:00 AM,39,15,24
02/03/2017 10:00:00 AM,16,9,7
02/03/2017 11:00:00 AM,14,9,5
02/03/2017 12:00:00 PM,20,9,11
02/03/2017 01:00:00 PM,12,3,9
02/03/2017 02:00:00 PM,14,4,10
02/03/2017 03:00:00 PM,19,8,11
02/03/2017 04:00:00 PM,41,16,25
02/03/2017 05:00:00 PM,57,16,41
02/03/2017 06:00:00 PM,26,8,18
02/03/2017 07:00:00 PM,11,4,7
02/03/2017 08:00:00 PM,5,3,2
02/03/2017 09:00:00 PM,0,0,0
02/03/2017 10:00:00 PM,3,1,2
02/03/2017 11:00:00 PM,0,0,0
02/04/2017 12:00:00 AM,1,1,0
02/04/2017 01:00:00 AM,0,0,0
02/04/2017 02:00:00 AM,1,1,0
02/04/2017 03:00:00 AM,0,0,0
02/04/2017 04:00:00 AM,2,1,1
02/04/2017 05:00:00 AM,0,0,0
02/04/2017 06:00:00 AM,2,0,2
02/04/2017 07:00:00 AM,3,2,1
02/04/2017 08:00:00 AM,4,2,2
02/04/2017 09:00:00 AM,1,0,1
02/04/2017 10:00:00 AM,5,1,4
02/04/2017 11:00:00 AM,1,1,0
02/04/2017 12:00:00 PM,5,0,5
02/04/2017 01:00:00 PM,9,5,4
02/04/2017 02:00:00 PM,2,1,1
02/04/2017 03:00:00 PM,7,6,1
02/04/2017 04:00:00 PM,7,2,5
02/04/2017 05:00:00 PM,2,2,0
02/04/2017 06:00:00 PM,6,3,3
02/04/2017 07:00:00 PM,3,1,2
02/04/2017 08:00:00 PM,0,0,0
02/04/2017 09:00:00 PM,1,0,1
02/04/2017 10:00:00 PM,1,1,0
02/04/2017 11:00:00 PM,1,1,0
02/05/2017 12:00:00 AM,0,0,0
02/05/2017 01:00:00 AM,0,0,0
02/05/2017 02:00:00 AM,0,0,0
02/05/2017 03:00:00 AM,1,0,1
02/05/2017 04:00:00 AM,0,0,0
02/05/2017 05:00:00 AM,1,1,0
02/05/2017 06:00:00 AM,1,0,1
02/05/2017 07:00:00 AM,0,0,0
02/05/2017 08:00:00 AM,1,0,1
02/05/2017 09:00:00 AM,5,3,2
02/05/2017 10:00:00 AM,6,4,2
02/05/2017 11:00:00 AM,4,3,1
02/05/2017 12:00:00 PM,6,3,3
02/05/2017 01:00:00 PM,4,3,1
02/05/2017 02:00:00 PM,4,1,3
02/05/2017 03:00:00 PM,3,1,2
02/05/2017 04:00:00 PM,5,2,3
02/05/2017 05:00:00 PM,3,1,2
02/05/2017 06:00:00 PM,2,0,2
02/05/2017 07:00:00 PM,1,1,0
02/05/2017 08:00:00 PM,1,0,1
02/05/2017 09:00:00 PM,0,0,0
02/05/2017 10:00:00 PM,0,0,0
02/05/2017 11:00:00 PM,0,0,0
02/06/2017 12:00:00 AM,1,1,0
02/06/2017 01:00:00 AM,0,0,0
02/06/2017 02:00:00 AM,0,0,0
02/06/2017 03:00:00 AM,0,0,0
02/06/2017 04:00:00 AM,0,0,0
02/06/2017 05:00:00 AM,3,2,1
02/06/2017 06:00:00 AM,5,1,4
02/06/2017 07:00:00 AM,8,2,6
02/06/2017 08:00:00 AM,3,1,2
02/06/2017 09:00:00 AM,1,0,1
02/06/2017 10:00:00 AM,1,1,0
02/06/2017 11:00:00 AM,6,4,2
02/06/2017 12:00:00 PM,2,2,0
02/06/2017 01:00:00 PM,5,4,1
02/06/2017 02:00:00 PM,4,2,2
02/06/2017 03:00:00 PM,5,2,3
02/06/2017 04:00:00 PM,6,4,2
02/06/2017 05:00:00 PM,9,3,6
02/06/2017 06:00:00 PM,5,4,1
02/06/2017 07:00:00 PM,5,2,3
02/06/2017 08:00:00 PM,1,0,1
02/06/2017 09:00:00 PM,0,0,0
02/06/2017 10:00:00 PM,0,0,0
02/06/2017 11:00:00 PM,0,0,0
02/07/2017 12:00:00 AM,0,0,0
02/07/2017 01:00:00 AM,0,0,0
02/07/2017 02:00:00 AM,0,0,0
02/07/2017 03:00:00 AM,0,0,0
02/07/2017 04:00:00 AM,1,0,1
02/07/2017 05:00:00 AM,5,3,2
02/07/2017 06:00:00 AM,11,3,8
02/07/2017 07:00:00 AM,15,6,9
02/07/2017 08:00:00 AM,35,13,22
02/07/2017 09:00:00 AM,22,6,16
02/07/2017 10:00:00 AM,13,4,9
02/07/2017 11:00:00 AM,9,6,3
02/07/2017 12:00:00 PM,16,5,11
02/07/2017 01:00:00 PM,13,7,6
02/07/2017 02:00:00 PM,11,3,8
02/07/2017 03:00:00 PM,15,6,9
02/07/2017 04:00:00 PM,37,17,20
02/07/2017 05:00:00 PM,44,18,26
02/07/2017 06:00:00 PM,22,12,10
02/07/2017 07:00:00 PM,11,7,4
02/07/2017 08:00:00 PM,6,4,2
02/07/2017 09:00:00 PM,4,2,2
02/07/2017 10:00:00 PM,1,0,1
02/07/2017 11:00:00 PM,2,2,0
02/08/2017 12:00:00 AM,1,1,0
02/08/2017 01:00:00 AM,1,0,1
02/08/2017 02:00:00 AM,0,0,0
02/08/2017 03:00:00 AM,0,0,0
02/08/2017 04:00:00 AM,1,0,1
02/08/2017 05:00:00 AM,2,1,1
02/08/2017 06:00:00 AM,22,8,14
02/08/2017 07:00:00 AM,32,14,18
02/08/2017 08:00:00 AM,33,18,15
02/08/2017 09:00:00 AM,37,19,18
02/08/2017 10:00:00 AM,14,8,6
02/08/2017 11:00:00 AM,15,10,5
02/08/2017 12:00:00 PM,11,4,7
02/08/2017 01:00:00 PM,11,5,6
02/08/2017 02:00:00 PM,9,5,4
02/08/2017 03:00:00 PM,25,9,16
02/08/2017 04:00:00 PM,43,17,26
02/08/2017 05:00:00 PM,79,27,52
02/08/2017 06:00:00 PM,30,14,16
02/08/2017 07:00:00 PM,15,5,10
02/08/2017 08:00:00 PM,2,0,2
02/08/2017 09:00:00 PM,5,3,2
02/08/2017 10:00:00 PM,4,1,3
02/08/2017 11:00:00 PM,2,0,2
02/09/2017 12:00:00 AM,1,1,0
02/09/2017 01:00:00 AM,0,0,0
02/09/2017 02:00:00 AM,0,0,0
02/09/2017 03:00:00 AM,0,0,0
02/09/2017 04:00:00 AM,2,0,2
02/09/2017 05:00:00 AM,2,2,0
02/09/2017 06:00:00 AM,9,6,3
02/09/2017 07:00:00 AM,22,12,10
02/09/2017 08:00:00 AM,33,12,21
02/09/2017 09:00:00 AM,24,13,11
02/09/2017 10:00:00 AM,12,6,6
02/09/2017 11:00:00 AM,12,3,9
02/09/2017 12:00:00 PM,10,4,6
02/09/2017 01:00:00 PM,9,3,6
02/09/2017 02:00:00 PM,11,5,6
02/09/2017 03:00:00 PM,23,11,12
02/09/2017 04:00:00 PM,37,10,27
02/09/2017 05:00:00 PM,48,15,33
02/09/2017 06:00:00 PM,33,16,17
02/09/2017 07:00:00 PM,13,6,7
02/09/2017 08:00:00 PM,5,2,3
02/09/2017 09:00:00 PM,2,0,2
02/09/2017 10:00:00 PM,1,0,1
02/09/2017 11:00:00 PM,0,0,0
02/10/2017 12:00:00 AM,1,1,0
02/10/2017 01:00:00 AM,1,1,0
02/10/2017 02:00:00 AM,0,0,0
02/10/2017 03:00:00 AM,1,0,1
02/10/2017 04:00:00 AM,3,2,1
02/10/2017 05:00:00 AM,1,1,0
02/10/2017 06:00:00 AM,21,11,10
02/10/2017 07:00:00 AM,32,9,23
02/10/2017 08:00:00 AM,60,31,29
02/10/2017 09:00:00 AM,31,11,20
02/10/2017 10:00:00 AM,26,14,12
02/10/2017 11:00:00 AM,14,7,7
02/10/2017 12:00:00 PM,22,14,8
02/10/2017 01:00:00 PM,18,6,12
02/10/2017 02:00:00 PM,14,6,8
02/10/2017 03:00:00 PM,34,15,19
02/10/2017 04:00:00 PM,57,19,38
02/10/2017 05:00:00 PM,81,31,50
02/10/2017 06:00:00 PM,35,13,22
02/10/2017 07:00:00 PM,19,10,9
02/10/2017 08:00:00 PM,5,1,4
02/10/2017 09:00:00 PM,1,0,1
02/10/2017 10:00:00 PM,3,1,2
02/10/2017 11:00:00 PM,3,2,1
02/11/2017 12:00:00 AM,0,0,0
02/11/2017 01:00:00 AM,1,0,1
02/11/2017 02:00:00 AM,2,1,1
02/11/2017 03:00:00 AM,1,1,0
02/11/2017 04:00:00 AM,1,1,0
02/11/2017 05:00:00 AM,3,0,3
02/11/2017 06:00:00 AM,1,0,1
02/11/2017 07:00:00 AM,2,1,1
02/11/2017 08:00:00 AM,9,5,4
02/11/2017 09:00:00 AM,3,1,2
02/11/2017 10:00:00 AM,18,5,13
02/11/2017 11:00:00 AM,7,0,7
02/11/2017 12:00:00 PM,21,11,10
02/11/2017 01:00:00 PM,14,7,7
02/11/2017 02:00:00 PM,30,18,12
02/11/2017 03:00:00 PM,17,10,7
02/11/2017 04:00:00 PM,13,8,5
02/11/2017 05:00:00 PM,12,5,7
02/11/2017 06:00:00 PM,7,1,6
02/11/2017 07:00:00 PM,4,2,2
02/11/2017 08:00:00 PM,3,1,2
02/11/2017 09:00:00 PM,6,0,6
02/11/2017 10:00:00 PM,1,0,1
02/11/2017 11:00:00 PM,4,1,3
02/12/2017 12:00:00 AM,1,1,0
02/12/2017 01:00:00 AM,1,1,0
02/12/2017 02:00:00 AM,0,0,0
02/12/2017 03:00:00 AM,0,0,0
02/12/2017 04:00:00 AM,1,1,0
02/12/2017 05:00:00 AM,1,0,1
02/12/2017 06:00:00 AM,2,0,2
02/12/2017 07:00:00 AM,3,1,2
02/12/2017 08:00:00 AM,4,1,3
02/12/2017 09:00:00 AM,5,3,2
02/12/2017 10:00:00 AM,7,1,6
02/12/2017 11:00:00 AM,5,3,2
02/12/2017 12:00:00 PM,14,7,7
02/12/2017 01:00:00 PM,19,10,9
02/12/2017 02:00:00 PM,16,8,8
02/12/2017 03:00:00 PM,20,12,8
02/12/2017 04:00:00 PM,29,17,12
02/12/2017 05:00:00 PM,12,5,7
02/12/2017 06:00:00 PM,5,4,1
02/12/2017 07:00:00 PM,6,3,3
02/12/2017 08:00:00 PM,2,0,2
02/12/2017 09:00:00 PM,3,2,1
02/12/2017 10:00:00 PM,8,3,5
02/12/2017 11:00:00 PM,1,0,1
02/13/2017 12:00:00 AM,0,0,0
02/13/2017 01:00:00 AM,1,1,0
02/13/2017 02:00:00 AM,3,0,3
02/13/2017 03:00:00 AM,0,0,0
02/13/2017 04:00:00 AM,1,0,1
02/13/2017 05:00:00 AM,6,5,1
02/13/2017 06:00:00 AM,22,14,8
02/13/2017 07:00:00 AM,55,27,28
02/13/2017 08:00:00 AM,92,36,56
02/13/2017 09:00:00 AM,57,23,34
02/13/2017 10:00:00 AM,26,15,11
02/13/2017 11:00:00 AM,16,12,4
02/13/2017 12:00:00 PM,19,9,10
02/13/2017 01:00:00 PM,21,13,8
02/13/2017 02:00:00 PM,30,11,19
02/13/2017 03:00:00 PM,38,16,22
02/13/2017 04:00:00 PM,99,32,67
02/13/2017 05:00:00 PM,135,44,91
02/13/2017 06:00:00 PM,80,34,46
02/13/2017 07:00:00 PM,18,8,10
02/13/2017 08:00:00 PM,13,5,8
02/13/2017 09:00:00 PM,3,1,2
02/13/2017 10:00:00 PM,3,2,1
02/13/2017 11:00:00 PM,2,1,1
02/14/2017 12:00:00 AM,2,2,0
02/14/2017 01:00:00 AM,0,0,0
02/14/2017 02:00:00 AM,1,1,0
02/14/2017 03:00:00 AM,0,0,0
02/14/2017 04:00:00 AM,3,1,2
02/14/2017 05:00:00 AM,4,1,3
02/14/2017 06:00:00 AM,25,16,9
02/14/2017 07:00:00 AM,50,23,27
02/14/2017 08:00:00 AM,110,48,62
02/14/2017 09:00:00 AM,56,21,35
02/14/2017 10:00:00 AM,26,15,11
02/14/2017 11:00:00 AM,25,13,12
02/14/2017 12:00:00 PM,26,16,10
02/14/2017 01:00:00 PM,24,15,9
02/14/2017 02:00:00 PM,32,17,15
02/14/2017 03:00:00 PM,48,18,30
02/14/2017 04:00:00 PM,100,30,70
02/14/2017 05:00:00 PM,127,52,75
02/14/2017 06:00:00 PM,48,18,30
02/14/2017 07:00:00 PM,17,9,8
02/14/2017 08:00:00 PM,5,2,3
02/14/2017 09:00:00 PM,3,1,2
02/14/2017 10:00:00 PM,3,1,2
02/14/2017 11:00:00 PM,1,1,0
02/15/2017 12:00:00 AM,1,0,1
02/15/2017 01:00:00 AM,2,1,1
02/15/2017 02:00:00 AM,0,0,0
02/15/2017 03:00:00 AM,0,0,0
02/15/2017 04:00:00 AM,1,0,1
02/15/2017 05:00:00 AM,6,4,2
02/15/2017 06:00:00 AM,19,10,9
02/15/2017 07:00:00 AM,33,17,16
02/15/2017 08:00:00 AM,59,30,29
02/15/2017 09:00:00 AM,29,13,16
02/15/2017 10:00:00 AM,18,5,13
02/15/2017 11:00:00 AM,10,5,5
02/15/2017 12:00:00 PM,12,5,7
02/15/2017 01:00:00 PM,15,8,7
02/15/2017 02:00:00 PM,15,8,7
02/15/2017 03:00:00 PM,18,5,13
02/15/2017 04:00:00 PM,47,11,36
02/15/2017 05:00:00 PM,77,23,54
02/15/2017 06:00:00 PM,39,16,23
02/15/2017 07:00:00 PM,13,4,9
02/15/2017 08:00:00 PM,5,3,2
02/15/2017 09:00:00 PM,4,1,3
02/15/2017 10:00:00 PM,2,1,1
02/15/2017 11:00:00 PM,3,1,2
02/16/2017 12:00:00 AM,2,1,1
02/16/2017 01:00:00 AM,0,0,0
02/16/2017 02:00:00 AM,0,0,0
02/16/2017 03:00:00 AM,10,10,0
02/16/2017 04:00:00 AM,4,2,2
02/16/2017 05:00:00 AM,3,2,1
02/16/2017 06:00:00 AM,23,10,13
02/16/2017 07:00:00 AM,38,18,20
02/16/2017 08:00:00 AM,67,31,36
02/16/2017 09:00:00 AM,38,22,16
02/16/2017 10:00:00 AM,20,7,13
02/16/2017 11:00:00 AM,12,7,5
02/16/2017 12:00:00 PM,24,6,18
02/16/2017 01:00:00 PM,25,16,9
02/16/2017 02:00:00 PM,20,10,10
02/16/2017 03:00:00 PM,38,13,25
02/16/2017 04:00:00 PM,59,21,38
02/16/2017 05:00:00 PM,110,44,66
02/16/2017 06:00:00 PM,56,22,34
02/16/2017 07:00:00 PM,20,7,13
02/16/2017 08:00:00 PM,6,3,3
02/16/2017 09:00:00 PM,7,3,4
02/16/2017 10:00:00 PM,2,1,1
02/16/2017 11:00:00 PM,1,0,1
02/17/2017 12:00:00 AM,2,1,1
02/17/2017 01:00:00 AM,1,0,1
02/17/2017 02:00:00 AM,0,0,0
02/17/2017 03:00:00 AM,1,1,0
02/17/2017 04:00:00 AM,2,1,1
02/17/2017 05:00:00 AM,7,3,4
02/17/2017 06:00:00 AM,27,13,14
02/17/2017 07:00:00 AM,33,17,16
02/17/2017 08:00:00 AM,87,28,59
02/17/2017 09:00:00 AM,68,32,36
02/17/2017 10:00:00 AM,21,5,16
02/17/2017 11:00:00 AM,25,12,13
02/17/2017 12:00:00 PM,29,13,16
02/17/2017 01:00:00 PM,33,14,19
02/17/2017 02:00:00 PM,31,15,16
02/17/2017 03:00:00 PM,40,17,23
02/17/2017 04:00:00 PM,67,29,38
02/17/2017 05:00:00 PM,99,40,59
02/17/2017 06:00:00 PM,47,14,33
02/17/2017 07:00:00 PM,19,4,15
02/17/2017 08:00:00 PM,12,5,7
02/17/2017 09:00:00 PM,3,0,3
02/17/2017 10:00:00 PM,6,1,5
02/17/2017 11:00:00 PM,5,4,1
02/18/2017 12:00:00 AM,1,0,1
02/18/2017 01:00:00 AM,0,0,0
02/18/2017 02:00:00 AM,1,1,0
02/18/2017 03:00:00 AM,2,1,1
02/18/2017 04:00:00 AM,0,0,0
02/18/2017 05:00:00 AM,2,0,2
02/18/2017 06:00:00 AM,1,0,1
02/18/2017 07:00:00 AM,1,0,1
02/18/2017 08:00:00 AM,6,4,2
02/18/2017 09:00:00 AM,3,1,2
02/18/2017 10:00:00 AM,2,0,2
02/18/2017 11:00:00 AM,10,4,6
02/18/2017 12:00:00 PM,4,1,3
02/18/2017 01:00:00 PM,8,5,3
02/18/2017 02:00:00 PM,5,1,4
02/18/2017 03:00:00 PM,5,3,2
02/18/2017 04:00:00 PM,5,3,2
02/18/2017 05:00:00 PM,5,3,2
02/18/2017 06:00:00 PM,10,2,8
02/18/2017 07:00:00 PM,6,3,3
02/18/2017 08:00:00 PM,5,3,2
02/18/2017 09:00:00 PM,5,1,4
02/18/2017 10:00:00 PM,9,3,6
02/18/2017 11:00:00 PM,4,3,1
02/19/2017 12:00:00 AM,0,0,0
02/19/2017 01:00:00 AM,2,1,1
02/19/2017 02:00:00 AM,0,0,0
02/19/2017 03:00:00 AM,0,0,0
02/19/2017 04:00:00 AM,2,1,1
02/19/2017 05:00:00 AM,0,0,0
02/19/2017 06:00:00 AM,1,0,1
02/19/2017 07:00:00 AM,0,0,0
02/19/2017 08:00:00 AM,2,0,2
02/19/2017 09:00:00 AM,4,2,2
02/19/2017 10:00:00 AM,5,3,2
02/19/2017 11:00:00 AM,5,3,2
02/19/2017 12:00:00 PM,11,4,7
02/19/2017 01:00:00 PM,9,5,4
02/19/2017 02:00:00 PM,6,3,3
02/19/2017 03:00:00 PM,6,0,6
02/19/2017 04:00:00 PM,8,4,4
02/19/2017 05:00:00 PM,6,1,5
02/19/2017 06:00:00 PM,5,2,3
02/19/2017 07:00:00 PM,6,1,5
02/19/2017 08:00:00 PM,5,0,5
02/19/2017 09:00:00 PM,2,0,2
02/19/2017 10:00:00 PM,1,1,0
02/19/2017 11:00:00 PM,0,0,0
02/20/2017 12:00:00 AM,1,1,0
02/20/2017 01:00:00 AM,1,1,0
02/20/2017 02:00:00 AM,0,0,0
02/20/2017 03:00:00 AM,1,0,1
02/20/2017 04:00:00 AM,0,0,0
02/20/2017 05:00:00 AM,2,1,1
02/20/2017 06:00:00 AM,7,5,2
02/20/2017 07:00:00 AM,22,13,9
02/20/2017 08:00:00 AM,29,17,12
02/20/2017 09:00:00 AM,18,10,8
02/20/2017 10:00:00 AM,14,9,5
02/20/2017 11:00:00 AM,8,8,0
02/20/2017 12:00:00 PM,6,2,4
02/20/2017 01:00:00 PM,9,3,6
02/20/2017 02:00:00 PM,10,3,7
02/20/2017 03:00:00 PM,16,5,11
02/20/2017 04:00:00 PM,27,14,13
02/20/2017 05:00:00 PM,36,9,27
02/20/2017 06:00:00 PM,16,6,10
02/20/2017 07:00:00 PM,10,2,8
02/20/2017 08:00:00 PM,6,2,4
02/20/2017 09:00:00 PM,4,2,2
02/20/2017 10:00:00 PM,2,2,0
02/20/2017 11:00:00 PM,2,1,1
02/21/2017 12:00:00 AM,0,0,0
02/21/2017 01:00:00 AM,0,0,0
02/21/2017 02:00:00 AM,1,0,1
02/21/2017 03:00:00 AM,1,1,0
02/21/2017 04:00:00 AM,2,0,2
02/21/2017 05:00:00 AM,3,1,2
02/21/2017 06:00:00 AM,25,17,8
02/21/2017 07:00:00 AM,45,20,25
02/21/2017 08:00:00 AM,74,34,40
02/21/2017 09:00:00 AM,43,20,23
02/21/2017 10:00:00 AM,16,7,9
02/21/2017 11:00:00 AM,12,8,4
02/21/2017 12:00:00 PM,15,8,7
02/21/2017 01:00:00 PM,18,9,9
02/21/2017 02:00:00 PM,21,11,10
02/21/2017 03:00:00 PM,22,8,14
02/21/2017 04:00:00 PM,68,20,48
02/21/2017 05:00:00 PM,85,29,56
02/21/2017 06:00:00 PM,47,14,33
02/21/2017 07:00:00 PM,18,9,9
02/21/2017 08:00:00 PM,6,1,5
02/21/2017 09:00:00 PM,4,0,4
02/21/2017 10:00:00 PM,0,0,0
02/21/2017 11:00:00 PM,2,2,0
02/22/2017 12:00:00 AM,1,0,1
02/22/2017 01:00:00 AM,0,0,0
02/22/2017 02:00:00 AM,1,1,0
02/22/2017 03:00:00 AM,0,0,0
02/22/2017 04:00:00 AM,2,0,2
02/22/2017 05:00:00 AM,5,5,0
02/22/2017 06:00:00 AM,22,11,11
02/22/2017 07:00:00 AM,45,22,23
02/22/2017 08:00:00 AM,71,32,39
02/22/2017 09:00:00 AM,44,23,21
02/22/2017 10:00:00 AM,25,14,11
02/22/2017 11:00:00 AM,16,8,8
02/22/2017 12:00:00 PM,26,15,11
02/22/2017 01:00:00 PM,21,9,12
02/22/2017 02:00:00 PM,34,12,22
02/22/2017 03:00:00 PM,27,9,18
02/22/2017 04:00:00 PM,72,25,47
02/22/2017 05:00:00 PM,107,45,62
02/22/2017 06:00:00 PM,54,24,30
02/22/2017 07:00:00 PM,18,7,11
02/22/2017 08:00:00 PM,12,8,4
02/22/2017 09:00:00 PM,4,2,2
02/22/2017 10:00:00 PM,3,0,3
02/22/2017 11:00:00 PM,3,2,1
02/23/2017 12:00:00 AM,1,0,1
02/23/2017 01:00:00 AM,1,1,0
02/23/2017 02:00:00 AM,0,0,0
02/23/2017 03:00:00 AM,1,1,0
02/23/2017 04:00:00 AM,1,0,1
02/23/2017 05:00:00 AM,3,3,0
02/23/2017 06:00:00 AM,23,11,12
02/23/2017 07:00:00 AM,48,27,21
02/23/2017 08:00:00 AM,71,37,34
02/23/2017 09:00:00 AM,40,19,21
02/23/2017 10:00:00 AM,26,14,12
02/23/2017 11:00:00 AM,14,10,4
02/23/2017 12:00:00 PM,20,14,6
02/23/2017 01:00:00 PM,13,6,7
02/23/2017 02:00:00 PM,26,9,17
02/23/2017 03:00:00 PM,27,12,15
02/23/2017 04:00:00 PM,70,23,47
02/23/2017 05:00:00 PM,112,40,72
02/23/2017 06:00:00 PM,59,26,33
02/23/2017 07:00:00 PM,22,10,12
02/23/2017 08:00:00 PM,10,3,7
02/23/2017 09:00:00 PM,8,4,4
02/23/2017 10:00:00 PM,1,0,1
02/23/2017 11:00:00 PM,3,2,1
02/24/2017 12:00:00 AM,0,0,0
02/24/2017 01:00:00 AM,0,0,0
02/24/2017 02:00:00 AM,0,0,0
02/24/2017 03:00:00 AM,0,0,0
02/24/2017 04:00:00 AM,0,0,0
02/24/2017 05:00:00 AM,1,1,0
02/24/2017 06:00:00 AM,23,13,10
02/24/2017 07:00:00 AM,29,18,11
02/24/2017 08:00:00 AM,50,23,27
02/24/2017 09:00:00 AM,34,11,23
02/24/2017 10:00:00 AM,22,13,9
02/24/2017 11:00:00 AM,20,13,7
02/24/2017 12:00:00 PM,23,15,8
02/24/2017 01:00:00 PM,22,8,14
02/24/2017 02:00:00 PM,22,11,11
02/24/2017 03:00:00 PM,41,19,22
02/24/2017 04:00:00 PM,49,18,31
02/24/2017 05:00:00 PM,81,22,59
02/24/2017 06:00:00 PM,38,11,27
02/24/2017 07:00:00 PM,14,6,8
02/24/2017 08:00:00 PM,7,3,4
02/24/2017 09:00:00 PM,5,2,3
02/24/2017 10:00:00 PM,6,1,5
02/24/2017 11:00:00 PM,3,2,1
02/25/2017 12:00:00 AM,3,0,3
02/25/2017 01:00:00 AM,0,0,0
02/25/2017 02:00:00 AM,1,0,1
02/25/2017 03:00:00 AM,2,2,0
02/25/2017 04:00:00 AM,0,0,0
02/25/2017 05:00:00 AM,0,0,0
02/25/2017 06:00:00 AM,2,0,2
02/25/2017 07:00:00 AM,1,0,1
02/25/2017 08:00:00 AM,4,4,0
02/25/2017 09:00:00 AM,5,2,3
02/25/2017 10:00:00 AM,9,3,6
02/25/2017 11:00:00 AM,16,4,12
02/25/2017 12:00:00 PM,18,10,8
02/25/2017 01:00:00 PM,15,12,3
02/25/2017 02:00:00 PM,20,9,11
02/25/2017 03:00:00 PM,13,8,5
02/25/2017 04:00:00 PM,8,2,6
02/25/2017 05:00:00 PM,10,6,4
02/25/2017 06:00:00 PM,5,1,4
02/25/2017 07:00:00 PM,5,2,3
02/25/2017 08:00:00 PM,5,4,1
02/25/2017 09:00:00 PM,1,0,1
02/25/2017 10:00:00 PM,5,4,1
02/25/2017 11:00:00 PM,1,1,0
02/26/2017 12:00:00 AM,1,0,1
02/26/2017 01:00:00 AM,0,0,0
02/26/2017 02:00:00 AM,0,0,0
02/26/2017 03:00:00 AM,1,1,0
02/26/2017 04:00:00 AM,3,2,1
02/26/2017 05:00:00 AM,1,0,1
02/26/2017 06:00:00 AM,2,0,2
02/26/2017 07:00:00 AM,17,1,16
02/26/2017 08:00:00 AM,20,3,17
02/26/2017 09:00:00 AM,13,3,10
02/26/2017 10:00:00 AM,3,1,2
02/26/2017 11:00:00 AM,1,1,0
02/26/2017 12:00:00 PM,15,12,3
02/26/2017 01:00:00 PM,12,11,1
02/26/2017 02:00:00 PM,22,19,3
02/26/2017 03:00:00 PM,11,7,4
02/26/2017 04:00:00 PM,15,10,5
02/26/2017 05:00:00 PM,12,6,6
02/26/2017 06:00:00 PM,6,3,3
02/26/2017 07:00:00 PM,2,2,0
02/26/2017 08:00:00 PM,2,1,1
02/26/2017 09:00:00 PM,2,2,0
02/26/2017 10:00:00 PM,0,0,0
02/26/2017 11:00:00 PM,0,0,0
02/27/2017 12:00:00 AM,1,1,0
02/27/2017 01:00:00 AM,2,2,0
02/27/2017 02:00:00 AM,1,1,0
02/27/2017 03:00:00 AM,0,0,0
02/27/2017 04:00:00 AM,0,0,0
02/27/2017 05:00:00 AM,2,2,0
02/27/2017 06:00:00 AM,16,10,6
02/27/2017 07:00:00 AM,25,20,5
02/27/2017 08:00:00 AM,30,15,15
02/27/2017 09:00:00 AM,25,16,9
02/27/2017 10:00:00 AM,17,14,3
02/27/2017 11:00:00 AM,13,7,6
02/27/2017 12:00:00 PM,20,9,11
02/27/2017 01:00:00 PM,15,8,7
02/27/2017 02:00:00 PM,14,6,8
02/27/2017 03:00:00 PM,28,6,22
02/27/2017 04:00:00 PM,49,14,35
02/27/2017 05:00:00 PM,52,18,34
02/27/2017 06:00:00 PM,26,5,21
02/27/2017 07:00:00 PM,11,3,8
02/27/2017 08:00:00 PM,2,1,1
02/27/2017 09:00:00 PM,0,0,0
02/27/2017 10:00:00 PM,1,0,1
02/27/2017 11:00:00 PM,0,0,0
02/28/2017 12:00:00 AM,1,0,1
02/28/2017 01:00:00 AM,0,0,0
02/28/2017 02:00:00 AM,1,1,0
02/28/2017 03:00:00 AM,0,0,0
02/28/2017 04:00:00 AM,0,0,0
02/28/2017 05:00:00 AM,5,2,3
02/28/2017 06:00:00 AM,20,12,8
02/28/2017 07:00:00 AM,25,14,11
02/28/2017 08:00:00 AM,67,32,35
02/28/2017 09:00:00 AM,39,22,17
02/28/2017 10:00:00 AM,15,11,4
02/28/2017 11:00:00 AM,14,9,5
02/28/2017 12:00:00 PM,14,5,9
02/28/2017 01:00:00 PM,20,11,9
02/28/2017 02:00:00 PM,20,12,8
02/28/2017 03:00:00 PM,38,14,24
02/28/2017 04:00:00 PM,60,16,44
02/28/2017 05:00:00 PM,85,32,53
02/28/2017 06:00:00 PM,46,12,34
02/28/2017 07:00:00 PM,17,6,11
02/28/2017 08:00:00 PM,4,1,3
02/28/2017 09:00:00 PM,7,3,4
02/28/2017 10:00:00 PM,2,1,1
02/28/2017 11:00:00 PM,1,1,0
03/01/2017 12:00:00 AM,1,0,1
03/01/2017 01:00:00 AM,2,2,0
03/01/2017 02:00:00 AM,0,0,0
03/01/2017 03:00:00 AM,0,0,0
03/01/2017 04:00:00 AM,3,2,1
03/01/2017 05:00:00 AM,5,4,1
03/01/2017 06:00:00 AM,28,13,15
03/01/2017 07:00:00 AM,43,20,23
03/01/2017 08:00:00 AM,101,48,53
03/01/2017 09:00:00 AM,47,24,23
03/01/2017 10:00:00 AM,15,6,9
03/01/2017 11:00:00 AM,16,8,8
03/01/2017 12:00:00 PM,29,14,15
03/01/2017 01:00:00 PM,24,11,13
03/01/2017 02:00:00 PM,18,3,15
03/01/2017 03:00:00 PM,37,16,21
03/01/2017 04:00:00 PM,72,25,47
03/01/2017 05:00:00 PM,101,37,64
03/01/2017 06:00:00 PM,68,26,42
03/01/2017 07:00:00 PM,19,5,14
03/01/2017 08:00:00 PM,10,6,4
03/01/2017 09:00:00 PM,3,1,2
03/01/2017 10:00:00 PM,6,3,3
03/01/2017 11:00:00 PM,4,2,2
03/02/2017 12:00:00 AM,0,0,0
03/02/2017 01:00:00 AM,0,0,0
03/02/2017 02:00:00 AM,1,0,1
03/02/2017 03:00:00 AM,0,0,0
03/02/2017 04:00:00 AM,0,0,0
03/02/2017 05:00:00 AM,7,4,3
03/02/2017 06:00:00 AM,23,9,14
03/02/2017 07:00:00 AM,40,20,20
03/02/2017 08:00:00 AM,91,41,50
03/02/2017 09:00:00 AM,45,24,21
03/02/2017 10:00:00 AM,22,14,8
03/02/2017 11:00:00 AM,27,18,9
03/02/2017 12:00:00 PM,19,13,6
03/02/2017 01:00:00 PM,26,15,11
03/02/2017 02:00:00 PM,14,6,8
03/02/2017 03:00:00 PM,39,16,23
03/02/2017 04:00:00 PM,72,20,52
03/02/2017 05:00:00 PM,98,34,64
03/02/2017 06:00:00 PM,55,18,37
03/02/2017 07:00:00 PM,25,10,15
03/02/2017 08:00:00 PM,7,0,7
03/02/2017 09:00:00 PM,5,2,3
03/02/2017 10:00:00 PM,1,1,0
03/02/2017 11:00:00 PM,0,0,0
03/03/2017 12:00:00 AM,2,1,1
03/03/2017 01:00:00 AM,2,1,1
03/03/2017 02:00:00 AM,2,2,0
03/03/2017 03:00:00 AM,0,0,0
03/03/2017 04:00:00 AM,3,1,2
03/03/2017 05:00:00 AM,1,0,1
03/03/2017 06:00:00 AM,16,10,6
03/03/2017 07:00:00 AM,28,12,16
03/03/2017 08:00:00 AM,67,36,31
03/03/2017 09:00:00 AM,40,20,20
03/03/2017 10:00:00 AM,15,11,4
03/03/2017 11:00:00 AM,23,15,8
03/03/2017 12:00:00 PM,18,7,11
03/03/2017 01:00:00 PM,21,13,8
03/03/2017 02:00:00 PM,26,7,19
03/03/2017 03:00:00 PM,37,10,27
03/03/2017 04:00:00 PM,46,13,33
03/03/2017 05:00:00 PM,56,21,35
03/03/2017 06:00:00 PM,42,12,30
03/03/2017 07:00:00 PM,8,1,7
03/03/2017 08:00:00 PM,1,0,1
03/03/2017 09:00:00 PM,4,0,4
03/03/2017 10:00:00 PM,1,0,1
03/03/2017 11:00:00 PM,4,3,1
03/04/2017 12:00:00 AM,4,1,3
03/04/2017 01:00:00 AM,5,2,3
03/04/2017 02:00:00 AM,1,1,0
03/04/2017 03:00:00 AM,0,0,0
03/04/2017 04:00:00 AM,1,1,0
03/04/2017 05:00:00 AM,0,0,0
03/04/2017 06:00:00 AM,1,0,1
03/04/2017 07:00:00 AM,5,3,2
03/04/2017 08:00:00 AM,12,8,4
03/04/2017 09:00:00 AM,10,4,6
03/04/2017 10:00:00 AM,10,6,4
03/04/2017 11:00:00 AM,9,3,6
03/04/2017 12:00:00 PM,20,10,10
03/04/2017 01:00:00 PM,24,11,13
03/04/2017 02:00:00 PM,24,8,16
03/04/2017 03:00:00 PM,20,8,12
03/04/2017 04:00:00 PM,16,9,7
03/04/2017 05:00:00 PM,17,12,5
03/04/2017 06:00:00 PM,14,4,10
03/04/2017 07:00:00 PM,6,2,4
03/04/2017 08:00:00 PM,1,1,0
03/04/2017 09:00:00 PM,3,2,1
03/04/2017 10:00:00 PM,4,0,4
03/04/2017 11:00:00 PM,2,1,1
03/05/2017 12:00:00 AM,2,1,1
03/05/2017 01:00:00 AM,0,0,0
03/05/2017 02:00:00 AM,5,3,2
03/05/2017 03:00:00 AM,0,0,0
03/05/2017 04:00:00 AM,2,1,1
03/05/2017 05:00:00 AM,1,0,1
03/05/2017 06:00:00 AM,0,0,0
03/05/2017 07:00:00 AM,4,3,1
03/05/2017 08:00:00 AM,3,3,0
03/05/2017 09:00:00 AM,7,4,3
03/05/2017 10:00:00 AM,6,3,3
03/05/2017 11:00:00 AM,17,14,3
03/05/2017 12:00:00 PM,5,0,5
03/05/2017 01:00:00 PM,11,5,6
03/05/2017 02:00:00 PM,12,8,4
03/05/2017 03:00:00 PM,4,1,3
03/05/2017 04:00:00 PM,3,1,2
03/05/2017 05:00:00 PM,10,5,5
03/05/2017 06:00:00 PM,2,1,1
03/05/2017 07:00:00 PM,5,3,2
03/05/2017 08:00:00 PM,1,0,1
03/05/2017 09:00:00 PM,1,0,1
03/05/2017 10:00:00 PM,3,3,0
03/05/2017 11:00:00 PM,2,1,1
03/06/2017 12:00:00 AM,1,1,0
03/06/2017 01:00:00 AM,0,0,0
03/06/2017 02:00:00 AM,1,1,0
03/06/2017 03:00:00 AM,0,0,0
03/06/2017 04:00:00 AM,1,0,1
03/06/2017 05:00:00 AM,6,5,1
03/06/2017 06:00:00 AM,22,16,6
03/06/2017 07:00:00 AM,47,25,22
03/06/2017 08:00:00 AM,82,37,45
03/06/2017 09:00:00 AM,40,20,20
03/06/2017 10:00:00 AM,23,13,10
03/06/2017 11:00:00 AM,18,7,11
03/06/2017 12:00:00 PM,11,7,4
03/06/2017 01:00:00 PM,17,9,8
03/06/2017 02:00:00 PM,15,7,8
03/06/2017 03:00:00 PM,31,9,22
03/06/2017 04:00:00 PM,72,19,53
03/06/2017 05:00:00 PM,120,48,72
03/06/2017 06:00:00 PM,38,13,25
03/06/2017 07:00:00 PM,23,3,20
03/06/2017 08:00:00 PM,3,1,2
03/06/2017 09:00:00 PM,5,1,4
03/06/2017 10:00:00 PM,1,0,1
03/06/2017 11:00:00 PM,0,0,0
03/07/2017 12:00:00 AM,4,2,2
03/07/2017 01:00:00 AM,0,0,0
03/07/2017 02:00:00 AM,0,0,0
03/07/2017 03:00:00 AM,0,0,0
03/07/2017 04:00:00 AM,1,0,1
03/07/2017 05:00:00 AM,4,3,1
03/07/2017 06:00:00 AM,20,8,12
03/07/2017 07:00:00 AM,32,17,15
03/07/2017 08:00:00 AM,55,24,31
03/07/2017 09:00:00 AM,34,15,19
03/07/2017 10:00:00 AM,11,7,4
03/07/2017 11:00:00 AM,8,5,3
03/07/2017 12:00:00 PM,14,7,7
03/07/2017 01:00:00 PM,18,10,8
03/07/2017 02:00:00 PM,13,5,8
03/07/2017 03:00:00 PM,27,6,21
03/07/2017 04:00:00 PM,58,15,43
03/07/2017 05:00:00 PM,73,29,44
03/07/2017 06:00:00 PM,49,16,33
03/07/2017 07:00:00 PM,14,7,7
03/07/2017 08:00:00 PM,5,1,4
03/07/2017 09:00:00 PM,3,1,2
03/07/2017 10:00:00 PM,3,2,1
03/07/2017 11:00:00 PM,0,0,0
03/08/2017 12:00:00 AM,2,1,1
03/08/2017 01:00:00 AM,1,1,0
03/08/2017 02:00:00 AM,0,0,0
03/08/2017 03:00:00 AM,0,0,0
03/08/2017 04:00:00 AM,2,1,1
03/08/2017 05:00:00 AM,9,6,3
03/08/2017 06:00:00 AM,24,10,14
03/08/2017 07:00:00 AM,50,22,28
03/08/2017 08:00:00 AM,72,38,34
03/08/2017 09:00:00 AM,51,28,23
03/08/2017 10:00:00 AM,23,12,11
03/08/2017 11:00:00 AM,16,8,8
03/08/2017 12:00:00 PM,12,4,8
03/08/2017 01:00:00 PM,17,7,10
03/08/2017 02:00:00 PM,18,6,12
03/08/2017 03:00:00 PM,29,12,17
03/08/2017 04:00:00 PM,60,19,41
03/08/2017 05:00:00 PM,101,34,67
03/08/2017 06:00:00 PM,50,22,28
03/08/2017 07:00:00 PM,20,5,15
03/08/2017 08:00:00 PM,10,0,10
03/08/2017 09:00:00 PM,4,3,1
03/08/2017 10:00:00 PM,3,3,0
03/08/2017 11:00:00 PM,1,0,1
03/09/2017 12:00:00 AM,2,0,2
03/09/2017 01:00:00 AM,0,0,0
03/09/2017 02:00:00 AM,0,0,0
03/09/2017 03:00:00 AM,0,0,0
03/09/2017 04:00:00 AM,1,0,1
03/09/2017 05:00:00 AM,4,3,1
03/09/2017 06:00:00 AM,17,9,8
03/09/2017 07:00:00 AM,44,25,19
03/09/2017 08:00:00 AM,65,30,35
03/09/2017 09:00:00 AM,30,17,13
03/09/2017 10:00:00 AM,21,11,10
03/09/2017 11:00:00 AM,21,10,11
03/09/2017 12:00:00 PM,11,4,7
03/09/2017 01:00:00 PM,13,8,5
03/09/2017 02:00:00 PM,14,7,7
03/09/2017 03:00:00 PM,33,12,21
03/09/2017 04:00:00 PM,59,23,36
03/09/2017 05:00:00 PM,65,22,43
03/09/2017 06:00:00 PM,46,16,30
03/09/2017 07:00:00 PM,13,7,6
03/09/2017 08:00:00 PM,11,3,8
03/09/2017 09:00:00 PM,6,3,3
03/09/2017 10:00:00 PM,4,3,1
03/09/2017 11:00:00 PM,2,2,0
03/10/2017 12:00:00 AM,2,0,2
03/10/2017 01:00:00 AM,0,0,0
03/10/2017 02:00:00 AM,1,0,1
03/10/2017 03:00:00 AM,1,1,0
03/10/2017 04:00:00 AM,1,0,1
03/10/2017 05:00:00 AM,2,1,1
03/10/2017 06:00:00 AM,24,11,13
03/10/2017 07:00:00 AM,29,14,15
03/10/2017 08:00:00 AM,59,33,26
03/10/2017 09:00:00 AM,36,19,17
03/10/2017 10:00:00 AM,20,12,8
03/10/2017 11:00:00 AM,26,14,12
03/10/2017 12:00:00 PM,24,14,10
03/10/2017 01:00:00 PM,25,12,13
03/10/2017 02:00:00 PM,38,18,20
03/10/2017 03:00:00 PM,31,12,19
03/10/2017 04:00:00 PM,75,24,51
03/10/2017 05:00:00 PM,93,31,62
03/10/2017 06:00:00 PM,38,19,19
03/10/2017 07:00:00 PM,18,8,10
03/10/2017 08:00:00 PM,6,2,4
03/10/2017 09:00:00 PM,3,2,1
03/10/2017 10:00:00 PM,6,3,3
03/10/2017 11:00:00 PM,1,1,0
03/11/2017 12:00:00 AM,3,1,2
03/11/2017 01:00:00 AM,1,1,0
03/11/2017 02:00:00 AM,4,1,3
03/11/2017 03:00:00 AM,1,1,0
03/11/2017 04:00:00 AM,0,0,0
03/11/2017 05:00:00 AM,1,1,0
03/11/2017 06:00:00 AM,5,2,3
03/11/2017 07:00:00 AM,5,3,2
03/11/2017 08:00:00 AM,8,7,1
03/11/2017 09:00:00 AM,6,0,6
03/11/2017 10:00:00 AM,6,0,6
03/11/2017 11:00:00 AM,5,3,2
03/11/2017 12:00:00 PM,5,2,3
03/11/2017 01:00:00 PM,9,4,5
03/11/2017 02:00:00 PM,5,3,2
03/11/2017 03:00:00 PM,13,5,8
03/11/2017 04:00:00 PM,5,2,3
03/11/2017 05:00:00 PM,6,3,3
03/11/2017 06:00:00 PM,6,2,4
03/11/2017 07:00:00 PM,4,3,1
03/11/2017 08:00:00 PM,2,1,1
03/11/2017 09:00:00 PM,1,0,1
03/11/2017 10:00:00 PM,0,0,0
03/11/2017 11:00:00 PM,1,1,0
03/12/2017 12:00:00 AM,2,1,1
03/12/2017 01:00:00 AM,3,2,1
03/12/2017 02:00:00 AM,0,0,0
03/12/2017 03:00:00 AM,1,1,0
03/12/2017 04:00:00 AM,1,1,0
03/12/2017 05:00:00 AM,1,0,1
03/12/2017 06:00:00 AM,3,1,2
03/12/2017 07:00:00 AM,3,2,1
03/12/2017 08:00:00 AM,4,3,1
03/12/2017 09:00:00 AM,7,5,2
03/12/2017 10:00:00 AM,5,3,2
03/12/2017 11:00:00 AM,5,3,2
03/12/2017 12:00:00 PM,11,6,5
03/12/2017 01:00:00 PM,8,6,2
03/12/2017 02:00:00 PM,7,5,2
03/12/2017 03:00:00 PM,9,5,4
03/12/2017 04:00:00 PM,10,3,7
03/12/2017 05:00:00 PM,11,8,3
03/12/2017 06:00:00 PM,7,2,5
03/12/2017 07:00:00 PM,4,2,2
03/12/2017 08:00:00 PM,2,1,1
03/12/2017 09:00:00 PM,2,1,1
03/12/2017 10:00:00 PM,2,1,1
03/12/2017 11:00:00 PM,0,0,0
03/13/2017 12:00:00 AM,1,1,0
03/13/2017 01:00:00 AM,1,1,0
03/13/2017 02:00:00 AM,0,0,0
03/13/2017 03:00:00 AM,0,0,0
03/13/2017 04:00:00 AM,1,0,1
03/13/2017 05:00:00 AM,3,1,2
03/13/2017 06:00:00 AM,19,9,10
03/13/2017 07:00:00 AM,32,18,14
03/13/2017 08:00:00 AM,62,25,37
03/13/2017 09:00:00 AM,40,21,19
03/13/2017 10:00:00 AM,23,14,9
03/13/2017 11:00:00 AM,14,5,9
03/13/2017 12:00:00 PM,15,9,6
03/13/2017 01:00:00 PM,9,7,2
03/13/2017 02:00:00 PM,12,6,6
03/13/2017 03:00:00 PM,33,10,23
03/13/2017 04:00:00 PM,59,23,36
03/13/2017 05:00:00 PM,91,34,57
03/13/2017 06:00:00 PM,45,21,24
03/13/2017 07:00:00 PM,14,4,10
03/13/2017 08:00:00 PM,5,1,4
03/13/2017 09:00:00 PM,4,3,1
03/13/2017 10:00:00 PM,1,0,1
03/13/2017 11:00:00 PM,2,1,1
03/14/2017 12:00:00 AM,2,1,1
03/14/2017 01:00:00 AM,1,1,0
03/14/2017 02:00:00 AM,0,0,0
03/14/2017 03:00:00 AM,2,0,2
03/14/2017 04:00:00 AM,1,0,1
03/14/2017 05:00:00 AM,9,3,6
03/14/2017 06:00:00 AM,21,14,7
03/14/2017 07:00:00 AM,34,12,22
03/14/2017 08:00:00 AM,79,36,43
03/14/2017 09:00:00 AM,46,21,25
03/14/2017 10:00:00 AM,19,10,9
03/14/2017 11:00:00 AM,17,10,7
03/14/2017 12:00:00 PM,15,9,6
03/14/2017 01:00:00 PM,15,10,5
03/14/2017 02:00:00 PM,10,5,5
03/14/2017 03:00:00 PM,30,11,19
03/14/2017 04:00:00 PM,62,17,45
03/14/2017 05:00:00 PM,89,32,57
03/14/2017 06:00:00 PM,53,14,39
03/14/2017 07:00:00 PM,20,11,9
03/14/2017 08:00:00 PM,5,3,2
03/14/2017 09:00:00 PM,3,2,1
03/14/2017 10:00:00 PM,4,2,2
03/14/2017 11:00:00 PM,3,2,1
03/15/2017 12:00:00 AM,2,1,1
03/15/2017 01:00:00 AM,0,0,0
03/15/2017 02:00:00 AM,0,0,0
03/15/2017 03:00:00 AM,0,0,0
03/15/2017 04:00:00 AM,1,0,1
03/15/2017 05:00:00 AM,6,3,3
03/15/2017 06:00:00 AM,17,9,8
03/15/2017 07:00:00 AM,34,18,16
03/15/2017 08:00:00 AM,47,23,24
03/15/2017 09:00:00 AM,37,19,18
03/15/2017 10:00:00 AM,16,9,7
03/15/2017 11:00:00 AM,10,5,5
03/15/2017 12:00:00 PM,17,11,6
03/15/2017 01:00:00 PM,20,10,10
03/15/2017 02:00:00 PM,15,4,11
03/15/2017 03:00:00 PM,33,13,20
03/15/2017 04:00:00 PM,70,19,51
03/15/2017 05:00:00 PM,85,28,57
03/15/2017 06:00:00 PM,50,19,31
03/15/2017 07:00:00 PM,11,6,5
03/15/2017 08:00:00 PM,5,0,5
03/15/2017 09:00:00 PM,5,3,2
03/15/2017 10:00:00 PM,2,1,1
03/15/2017 11:00:00 PM,2,1,1
03/16/2017 12:00:00 AM,1,1,0
03/16/2017 01:00:00 AM,1,0,1
03/16/2017 02:00:00 AM,1,1,0
03/16/2017 03:00:00 AM,0,0,0
03/16/2017 04:00:00 AM,3,1,2
03/16/2017 05:00:00 AM,7,4,3
03/16/2017 06:00:00 AM,21,9,12
03/16/2017 07:00:00 AM,44,20,24
03/16/2017 08:00:00 AM,86,39,47
03/16/2017 09:00:00 AM,52,25,27
03/16/2017 10:00:00 AM,17,8,9
03/16/2017 11:00:00 AM,26,12,14
03/16/2017 12:00:00 PM,26,14,12
03/16/2017 01:00:00 PM,23,13,10
03/16/2017 02:00:00 PM,22,8,14
03/16/2017 03:00:00 PM,39,12,27
03/16/2017 04:00:00 PM,70,24,46
03/16/2017 05:00:00 PM,116,40,76
03/16/2017 06:00:00 PM,73,21,52
03/16/2017 07:00:00 PM,22,11,11
03/16/2017 08:00:00 PM,14,6,8
03/16/2017 09:00:00 PM,7,2,5
03/16/2017 10:00:00 PM,2,0,2
03/16/2017 11:00:00 PM,2,0,2
03/17/2017 12:00:00 AM,2,1,1
03/17/2017 01:00:00 AM,1,1,0
03/17/2017 02:00:00 AM,3,1,2
03/17/2017 03:00:00 AM,0,0,0
03/17/2017 04:00:00 AM,0,0,0
03/17/2017 05:00:00 AM,4,3,1
03/17/2017 06:00:00 AM,19,13,6
03/17/2017 07:00:00 AM,23,11,12
03/17/2017 08:00:00 AM,66,36,30
03/17/2017 09:00:00 AM,42,22,20
03/17/2017 10:00:00 AM,16,6,10
03/17/2017 11:00:00 AM,16,5,11
03/17/2017 12:00:00 PM,11,5,6
03/17/2017 01:00:00 PM,22,10,12
03/17/2017 02:00:00 PM,22,9,13
03/17/2017 03:00:00 PM,20,8,12
03/17/2017 04:00:00 PM,58,14,44
03/17/2017 05:00:00 PM,65,22,43
03/17/2017 06:00:00 PM,30,9,21
03/17/2017 07:00:00 PM,8,3,5
03/17/2017 08:00:00 PM,6,2,4
03/17/2017 09:00:00 PM,3,0,3
03/17/2017 10:00:00 PM,1,1,0
03/17/2017 11:00:00 PM,1,1,0
03/18/2017 12:00:00 AM,1,1,0
03/18/2017 01:00:00 AM,1,0,1
03/18/2017 02:00:00 AM,1,0,1
03/18/2017 03:00:00 AM,1,1,0
03/18/2017 04:00:00 AM,1,0,1
03/18/2017 05:00:00 AM,1,1,0
03/18/2017 06:00:00 AM,2,1,1
03/18/2017 07:00:00 AM,1,1,0
03/18/2017 08:00:00 AM,8,2,6
03/18/2017 09:00:00 AM,2,1,1
03/18/2017 10:00:00 AM,3,3,0
03/18/2017 11:00:00 AM,3,1,2
03/18/2017 12:00:00 PM,6,2,4
03/18/2017 01:00:00 PM,12,10,2
03/18/2017 02:00:00 PM,8,4,4
03/18/2017 03:00:00 PM,12,6,6
03/18/2017 04:00:00 PM,9,4,5
03/18/2017 05:00:00 PM,11,6,5
03/18/2017 06:00:00 PM,6,3,3
03/18/2017 07:00:00 PM,10,6,4
03/18/2017 08:00:00 PM,2,1,1
03/18/2017 09:00:00 PM,8,2,6
03/18/2017 10:00:00 PM,4,1,3
03/18/2017 11:00:00 PM,5,3,2
03/19/2017 12:00:00 AM,1,1,0
03/19/2017 01:00:00 AM,3,3,0
03/19/2017 02:00:00 AM,1,0,1
03/19/2017 03:00:00 AM,2,1,1
03/19/2017 04:00:00 AM,1,1,0
03/19/2017 05:00:00 AM,0,0,0
03/19/2017 06:00:00 AM,0,0,0
03/19/2017 07:00:00 AM,2,1,1
03/19/2017 08:00:00 AM,2,1,1
03/19/2017 09:00:00 AM,6,4,2
03/19/2017 10:00:00 AM,5,3,2
03/19/2017 11:00:00 AM,21,9,12
03/19/2017 12:00:00 PM,28,13,15
03/19/2017 01:00:00 PM,32,9,23
03/19/2017 02:00:00 PM,29,8,21
03/19/2017 03:00:00 PM,51,15,36
03/19/2017 04:00:00 PM,22,11,11
03/19/2017 05:00:00 PM,18,12,6
03/19/2017 06:00:00 PM,36,24,12
03/19/2017 07:00:00 PM,12,11,1
03/19/2017 08:00:00 PM,1,1,0
03/19/2017 09:00:00 PM,3,0,3
03/19/2017 10:00:00 PM,2,2,0
03/19/2017 11:00:00 PM,1,1,0
03/20/2017 12:00:00 AM,2,2,0
03/20/2017 01:00:00 AM,1,0,1
03/20/2017 02:00:00 AM,0,0,0
03/20/2017 03:00:00 AM,0,0,0
03/20/2017 04:00:00 AM,1,0,1
03/20/2017 05:00:00 AM,4,2,2
03/20/2017 06:00:00 AM,21,9,12
03/20/2017 07:00:00 AM,62,33,29
03/20/2017 08:00:00 AM,112,46,66
03/20/2017 09:00:00 AM,64,35,29
03/20/2017 10:00:00 AM,17,9,8
03/20/2017 11:00:00 AM,15,9,6
03/20/2017 12:00:00 PM,20,10,10
03/20/2017 01:00:00 PM,24,13,11
03/20/2017 02:00:00 PM,29,15,14
03/20/2017 03:00:00 PM,29,8,21
03/20/2017 04:00:00 PM,97,32,65
03/20/2017 05:00:00 PM,126,43,83
03/20/2017 06:00:00 PM,57,20,37
03/20/2017 07:00:00 PM,21,10,11
03/20/2017 08:00:00 PM,6,4,2
03/20/2017 09:00:00 PM,6,3,3
03/20/2017 10:00:00 PM,1,1,0
03/20/2017 11:00:00 PM,2,0,2
03/21/2017 12:00:00 AM,0,0,0
03/21/2017 01:00:00 AM,0,0,0
03/21/2017 02:00:00 AM,0,0,0
03/21/2017 03:00:00 AM,1,1,0
03/21/2017 04:00:00 AM,2,1,1
03/21/2017 05:00:00 AM,4,3,1
03/21/2017 06:00:00 AM,16,11,5
03/21/2017 07:00:00 AM,37,20,17
03/21/2017 08:00:00 AM,80,37,43
03/21/2017 09:00:00 AM,45,24,21
03/21/2017 10:00:00 AM,19,9,10
03/21/2017 11:00:00 AM,20,8,12
03/21/2017 12:00:00 PM,15,7,8
03/21/2017 01:00:00 PM,19,9,10
03/21/2017 02:00:00 PM,20,9,11
03/21/2017 03:00:00 PM,31,10,21
03/21/2017 04:00:00 PM,66,20,46
03/21/2017 05:00:00 PM,104,34,70
03/21/2017 06:00:00 PM,50,19,31
03/21/2017 07:00:00 PM,19,6,13
03/21/2017 08:00:00 PM,10,4,6
03/21/2017 09:00:00 PM,5,2,3
03/21/2017 10:00:00 PM,4,3,1
03/21/2017 11:00:00 PM,2,2,0
03/22/2017 12:00:00 AM,0,0,0
03/22/2017 01:00:00 AM,0,0,0
03/22/2017 02:00:00 AM,0,0,0
03/22/2017 03:00:00 AM,3,1,2
03/22/2017 04:00:00 AM,1,1,0
03/22/2017 05:00:00 AM,5,3,2
03/22/2017 06:00:00 AM,18,8,10
03/22/2017 07:00:00 AM,48,23,25
03/22/2017 08:00:00 AM,81,38,43
03/22/2017 09:00:00 AM,68,32,36
03/22/2017 10:00:00 AM,23,13,10
03/22/2017 11:00:00 AM,12,8,4
03/22/2017 12:00:00 PM,23,10,13
03/22/2017 01:00:00 PM,23,7,16
03/22/2017 02:00:00 PM,25,10,15
03/22/2017 03:00:00 PM,29,9,20
03/22/2017 04:00:00 PM,73,22,51
03/22/2017 05:00:00 PM,123,42,81
03/22/2017 06:00:00 PM,67,19,48
03/22/2017 07:00:00 PM,20,9,11
03/22/2017 08:00:00 PM,9,3,6
03/22/2017 09:00:00 PM,3,2,1
03/22/2017 10:00:00 PM,4,2,2
03/22/2017 11:00:00 PM,6,3,3
03/23/2017 12:00:00 AM,3,1,2
03/23/2017 01:00:00 AM,2,2,0
03/23/2017 02:00:00 AM,1,0,1
03/23/2017 03:00:00 AM,0,0,0
03/23/2017 04:00:00 AM,2,0,2
03/23/2017 05:00:00 AM,5,3,2
03/23/2017 06:00:00 AM,32,13,19
03/23/2017 07:00:00 AM,53,29,24
03/23/2017 08:00:00 AM,92,42,50
03/23/2017 09:00:00 AM,59,21,38
03/23/2017 10:00:00 AM,21,13,8
03/23/2017 11:00:00 AM,27,17,10
03/23/2017 12:00:00 PM,28,14,14
03/23/2017 01:00:00 PM,31,15,16
03/23/2017 02:00:00 PM,19,9,10
03/23/2017 03:00:00 PM,46,14,32
03/23/2017 04:00:00 PM,94,30,64
03/23/2017 05:00:00 PM,120,41,79
03/23/2017 06:00:00 PM,73,27,46
03/23/2017 07:00:00 PM,31,12,19
03/23/2017 08:00:00 PM,8,4,4
03/23/2017 09:00:00 PM,3,2,1
03/23/2017 10:00:00 PM,5,4,1
03/23/2017 11:00:00 PM,2,0,2
03/24/2017 12:00:00 AM,1,0,1
03/24/2017 01:00:00 AM,0,0,0
03/24/2017 02:00:00 AM,2,1,1
03/24/2017 03:00:00 AM,0,0,0
03/24/2017 04:00:00 AM,3,2,1
03/24/2017 05:00:00 AM,3,3,0
03/24/2017 06:00:00 AM,20,13,7
03/24/2017 07:00:00 AM,39,18,21
03/24/2017 08:00:00 AM,52,22,30
03/24/2017 09:00:00 AM,29,12,17
03/24/2017 10:00:00 AM,20,11,9
03/24/2017 11:00:00 AM,18,7,11
03/24/2017 12:00:00 PM,13,6,7
03/24/2017 01:00:00 PM,17,10,7
03/24/2017 02:00:00 PM,20,10,10
03/24/2017 03:00:00 PM,22,6,16
03/24/2017 04:00:00 PM,79,25,54
03/24/2017 05:00:00 PM,65,27,38
03/24/2017 06:00:00 PM,40,14,26
03/24/2017 07:00:00 PM,16,7,9
03/24/2017 08:00:00 PM,6,0,6
03/24/2017 09:00:00 PM,8,4,4
03/24/2017 10:00:00 PM,5,3,2
03/24/2017 11:00:00 PM,2,2,0
03/25/2017 12:00:00 AM,4,1,3
03/25/2017 01:00:00 AM,1,1,0
03/25/2017 02:00:00 AM,0,0,0
03/25/2017 03:00:00 AM,1,0,1
03/25/2017 04:00:00 AM,0,0,0
03/25/2017 05:00:00 AM,1,1,0
03/25/2017 06:00:00 AM,3,1,2
03/25/2017 07:00:00 AM,3,1,2
03/25/2017 08:00:00 AM,13,6,7
03/25/2017 09:00:00 AM,7,2,5
03/25/2017 10:00:00 AM,14,6,8
03/25/2017 11:00:00 AM,15,7,8
03/25/2017 12:00:00 PM,26,7,19
03/25/2017 01:00:00 PM,17,8,9
03/25/2017 02:00:00 PM,21,8,13
03/25/2017 03:00:00 PM,29,15,14
03/25/2017 04:00:00 PM,19,15,4
03/25/2017 05:00:00 PM,13,8,5
03/25/2017 06:00:00 PM,15,5,10
03/25/2017 07:00:00 PM,8,3,5
03/25/2017 08:00:00 PM,9,3,6
03/25/2017 09:00:00 PM,4,3,1
03/25/2017 10:00:00 PM,3,2,1
03/25/2017 11:00:00 PM,2,2,0
03/26/2017 12:00:00 AM,2,2,0
03/26/2017 01:00:00 AM,0,0,0
03/26/2017 02:00:00 AM,1,0,1
03/26/2017 03:00:00 AM,3,1,2
03/26/2017 04:00:00 AM,0,0,0
03/26/2017 05:00:00 AM,0,0,0
03/26/2017 06:00:00 AM,2,1,1
03/26/2017 07:00:00 AM,3,2,1
03/26/2017 08:00:00 AM,1,1,0
03/26/2017 09:00:00 AM,4,2,2
03/26/2017 10:00:00 AM,3,1,2
03/26/2017 11:00:00 AM,3,2,1
03/26/2017 12:00:00 PM,10,5,5
03/26/2017 01:00:00 PM,4,2,2
03/26/2017 02:00:00 PM,0,0,0
03/26/2017 03:00:00 PM,2,1,1
03/26/2017 04:00:00 PM,3,2,1
03/26/2017 05:00:00 PM,7,5,2
03/26/2017 06:00:00 PM,4,1,3
03/26/2017 07:00:00 PM,3,2,1
03/26/2017 08:00:00 PM,2,1,1
03/26/2017 09:00:00 PM,3,0,3
03/26/2017 10:00:00 PM,2,1,1
03/26/2017 11:00:00 PM,1,1,0
03/27/2017 12:00:00 AM,0,0,0
03/27/2017 01:00:00 AM,0,0,0
03/27/2017 02:00:00 AM,0,0,0
03/27/2017 03:00:00 AM,9,0,9
03/27/2017 04:00:00 AM,5,1,4
03/27/2017 05:00:00 AM,4,4,0
03/27/2017 06:00:00 AM,24,17,7
03/27/2017 07:00:00 AM,50,23,27
03/27/2017 08:00:00 AM,94,42,52
03/27/2017 09:00:00 AM,57,26,31
03/27/2017 10:00:00 AM,19,13,6
03/27/2017 11:00:00 AM,13,6,7
03/27/2017 12:00:00 PM,16,7,9
03/27/2017 01:00:00 PM,19,9,10
03/27/2017 02:00:00 PM,24,14,10
03/27/2017 03:00:00 PM,33,9,24
03/27/2017 04:00:00 PM,92,30,62
03/27/2017 05:00:00 PM,119,42,77
03/27/2017 06:00:00 PM,60,18,42
03/27/2017 07:00:00 PM,23,10,13
03/27/2017 08:00:00 PM,7,2,5
03/27/2017 09:00:00 PM,1,1,0
03/27/2017 10:00:00 PM,0,0,0
03/27/2017 11:00:00 PM,0,0,0
03/28/2017 12:00:00 AM,2,0,2
03/28/2017 01:00:00 AM,0,0,0
03/28/2017 02:00:00 AM,1,1,0
03/28/2017 03:00:00 AM,0,0,0
03/28/2017 04:00:00 AM,2,1,1
03/28/2017 05:00:00 AM,3,2,1
03/28/2017 06:00:00 AM,23,9,14
03/28/2017 07:00:00 AM,56,28,28
03/28/2017 08:00:00 AM,62,27,35
03/28/2017 09:00:00 AM,51,22,29
03/28/2017 10:00:00 AM,21,13,8
03/28/2017 11:00:00 AM,15,7,8
03/28/2017 12:00:00 PM,20,14,6
03/28/2017 01:00:00 PM,14,7,7
03/28/2017 02:00:00 PM,24,9,15
03/28/2017 03:00:00 PM,33,15,18
03/28/2017 04:00:00 PM,82,28,54
03/28/2017 05:00:00 PM,124,44,80
03/28/2017 06:00:00 PM,60,21,39
03/28/2017 07:00:00 PM,25,10,15
03/28/2017 08:00:00 PM,5,1,4
03/28/2017 09:00:00 PM,6,3,3
03/28/2017 10:00:00 PM,5,2,3
03/28/2017 11:00:00 PM,2,1,1
03/29/2017 12:00:00 AM,1,0,1
03/29/2017 01:00:00 AM,2,1,1
03/29/2017 02:00:00 AM,0,0,0
03/29/2017 03:00:00 AM,0,0,0
03/29/2017 04:00:00 AM,1,0,1
03/29/2017 05:00:00 AM,3,3,0
03/29/2017 06:00:00 AM,16,9,7
03/29/2017 07:00:00 AM,33,17,16
03/29/2017 08:00:00 AM,62,29,33
03/29/2017 09:00:00 AM,33,15,18
03/29/2017 10:00:00 AM,17,12,5
03/29/2017 11:00:00 AM,13,9,4
03/29/2017 12:00:00 PM,13,9,4
03/29/2017 01:00:00 PM,10,6,4
03/29/2017 02:00:00 PM,23,8,15
03/29/2017 03:00:00 PM,28,9,19
03/29/2017 04:00:00 PM,62,27,35
03/29/2017 05:00:00 PM,108,35,73
03/29/2017 06:00:00 PM,54,15,39
03/29/2017 07:00:00 PM,21,9,12
03/29/2017 08:00:00 PM,8,4,4
03/29/2017 09:00:00 PM,10,5,5
03/29/2017 10:00:00 PM,2,0,2
03/29/2017 11:00:00 PM,3,1,2
03/30/2017 12:00:00 AM,0,0,0
03/30/2017 01:00:00 AM,0,0,0
03/30/2017 02:00:00 AM,0,0,0
03/30/2017 03:00:00 AM,0,0,0
03/30/2017 04:00:00 AM,1,0,1
03/30/2017 05:00:00 AM,2,2,0
03/30/2017 06:00:00 AM,32,16,16
03/30/2017 07:00:00 AM,67,35,32
03/30/2017 08:00:00 AM,92,36,56
03/30/2017 09:00:00 AM,52,22,30
03/30/2017 10:00:00 AM,26,13,13
03/30/2017 11:00:00 AM,12,5,7
03/30/2017 12:00:00 PM,13,4,9
03/30/2017 01:00:00 PM,18,10,8
03/30/2017 02:00:00 PM,18,8,10
03/30/2017 03:00:00 PM,33,13,20
03/30/2017 04:00:00 PM,81,25,56
03/30/2017 05:00:00 PM,141,46,95
03/30/2017 06:00:00 PM,85,27,58
03/30/2017 07:00:00 PM,27,9,18
03/30/2017 08:00:00 PM,17,10,7
03/30/2017 09:00:00 PM,7,3,4
03/30/2017 10:00:00 PM,5,1,4
03/30/2017 11:00:00 PM,1,0,1
03/31/2017 12:00:00 AM,4,2,2
03/31/2017 01:00:00 AM,0,0,0
03/31/2017 02:00:00 AM,1,0,1
03/31/2017 03:00:00 AM,0,0,0
03/31/2017 04:00:00 AM,1,0,1
03/31/2017 05:00:00 AM,4,3,1
03/31/2017 06:00:00 AM,18,9,9
03/31/2017 07:00:00 AM,48,20,28
03/31/2017 08:00:00 AM,104,33,71
03/31/2017 09:00:00 AM,63,25,38
03/31/2017 10:00:00 AM,20,11,9
03/31/2017 11:00:00 AM,32,20,12
03/31/2017 12:00:00 PM,36,21,15
03/31/2017 01:00:00 PM,31,12,19
03/31/2017 02:00:00 PM,36,15,21
03/31/2017 03:00:00 PM,60,10,50
03/31/2017 04:00:00 PM,106,37,69
03/31/2017 05:00:00 PM,127,35,92
03/31/2017 06:00:00 PM,87,22,65
03/31/2017 07:00:00 PM,27,9,18
03/31/2017 08:00:00 PM,11,3,8
03/31/2017 09:00:00 PM,22,16,6
03/31/2017 10:00:00 PM,10,8,2
03/31/2017 11:00:00 PM,9,5,4
04/01/2017 12:00:00 AM,5,2,3
04/01/2017 01:00:00 AM,2,0,2
04/01/2017 02:00:00 AM,1,1,0
04/01/2017 03:00:00 AM,1,0,1
04/01/2017 04:00:00 AM,1,1,0
04/01/2017 05:00:00 AM,3,1,2
04/01/2017 06:00:00 AM,6,3,3
04/01/2017 07:00:00 AM,2,1,1
04/01/2017 08:00:00 AM,7,2,5
04/01/2017 09:00:00 AM,4,2,2
04/01/2017 10:00:00 AM,9,4,5
04/01/2017 11:00:00 AM,18,5,13
04/01/2017 12:00:00 PM,10,5,5
04/01/2017 01:00:00 PM,16,5,11
04/01/2017 02:00:00 PM,23,6,17
04/01/2017 03:00:00 PM,17,5,12
04/01/2017 04:00:00 PM,16,10,6
04/01/2017 05:00:00 PM,15,12,3
04/01/2017 06:00:00 PM,17,8,9
04/01/2017 07:00:00 PM,5,4,1
04/01/2017 08:00:00 PM,11,3,8
04/01/2017 09:00:00 PM,2,2,0
04/01/2017 10:00:00 PM,4,0,4
04/01/2017 11:00:00 PM,4,4,0
04/02/2017 12:00:00 AM,4,1,3
04/02/2017 01:00:00 AM,3,2,1
04/02/2017 02:00:00 AM,1,0,1
04/02/2017 03:00:00 AM,0,0,0
04/02/2017 04:00:00 AM,1,0,1
04/02/2017 05:00:00 AM,1,0,1
04/02/2017 06:00:00 AM,2,1,1
04/02/2017 07:00:00 AM,5,1,4
04/02/2017 08:00:00 AM,1,0,1
04/02/2017 09:00:00 AM,8,6,2
04/02/2017 10:00:00 AM,5,3,2
04/02/2017 11:00:00 AM,14,8,6
04/02/2017 12:00:00 PM,28,9,19
04/02/2017 01:00:00 PM,18,9,9
04/02/2017 02:00:00 PM,9,5,4
04/02/2017 03:00:00 PM,22,10,12
04/02/2017 04:00:00 PM,14,5,9
04/02/2017 05:00:00 PM,14,4,10
04/02/2017 06:00:00 PM,17,6,11
04/02/2017 07:00:00 PM,9,4,5
04/02/2017 08:00:00 PM,2,1,1
04/02/2017 09:00:00 PM,2,0,2
04/02/2017 10:00:00 PM,1,1,0
04/02/2017 11:00:00 PM,0,0,0
04/03/2017 12:00:00 AM,0,0,0
04/03/2017 01:00:00 AM,0,0,0
04/03/2017 02:00:00 AM,0,0,0
04/03/2017 03:00:00 AM,0,0,0
04/03/2017 04:00:00 AM,2,1,1
04/03/2017 05:00:00 AM,9,8,1
04/03/2017 06:00:00 AM,29,18,11
04/03/2017 07:00:00 AM,74,38,36
04/03/2017 08:00:00 AM,118,48,70
04/03/2017 09:00:00 AM,75,38,37
04/03/2017 10:00:00 AM,27,8,19
04/03/2017 11:00:00 AM,19,12,7
04/03/2017 12:00:00 PM,20,8,12
04/03/2017 01:00:00 PM,24,12,12
04/03/2017 02:00:00 PM,19,10,9
04/03/2017 03:00:00 PM,37,8,29
04/03/2017 04:00:00 PM,117,34,83
04/03/2017 05:00:00 PM,179,59,120
04/03/2017 06:00:00 PM,71,23,48
04/03/2017 07:00:00 PM,31,11,20
04/03/2017 08:00:00 PM,5,1,4
04/03/2017 09:00:00 PM,6,3,3
04/03/2017 10:00:00 PM,4,2,2
04/03/2017 11:00:00 PM,2,2,0
04/04/2017 12:00:00 AM,2,1,1
04/04/2017 01:00:00 AM,0,0,0
04/04/2017 02:00:00 AM,0,0,0
04/04/2017 03:00:00 AM,0,0,0
04/04/2017 04:00:00 AM,2,1,1
04/04/2017 05:00:00 AM,3,2,1
04/04/2017 06:00:00 AM,28,13,15
04/04/2017 07:00:00 AM,84,42,42
04/04/2017 08:00:00 AM,118,56,62
04/04/2017 09:00:00 AM,54,32,22
04/04/2017 10:00:00 AM,23,10,13
04/04/2017 11:00:00 AM,34,12,22
04/04/2017 12:00:00 PM,17,7,10
04/04/2017 01:00:00 PM,30,12,18
04/04/2017 02:00:00 PM,24,9,15
04/04/2017 03:00:00 PM,39,13,26
04/04/2017 04:00:00 PM,103,31,72
04/04/2017 05:00:00 PM,176,66,110
04/04/2017 06:00:00 PM,66,17,49
04/04/2017 07:00:00 PM,24,4,20
04/04/2017 08:00:00 PM,10,4,6
04/04/2017 09:00:00 PM,3,0,3
04/04/2017 10:00:00 PM,7,5,2
04/04/2017 11:00:00 PM,3,0,3
04/05/2017 12:00:00 AM,1,1,0
04/05/2017 01:00:00 AM,1,0,1
04/05/2017 02:00:00 AM,0,0,0
04/05/2017 03:00:00 AM,0,0,0
04/05/2017 04:00:00 AM,1,0,1
04/05/2017 05:00:00 AM,8,7,1
04/05/2017 06:00:00 AM,17,8,9
04/05/2017 07:00:00 AM,32,20,12
04/05/2017 08:00:00 AM,54,28,26
04/05/2017 09:00:00 AM,35,21,14
04/05/2017 10:00:00 AM,14,7,7
04/05/2017 11:00:00 AM,12,5,7
04/05/2017 12:00:00 PM,9,4,5
04/05/2017 01:00:00 PM,15,8,7
04/05/2017 02:00:00 PM,15,8,7
04/05/2017 03:00:00 PM,25,9,16
04/05/2017 04:00:00 PM,62,15,47
04/05/2017 05:00:00 PM,93,30,63
04/05/2017 06:00:00 PM,50,15,35
04/05/2017 07:00:00 PM,18,4,14
04/05/2017 08:00:00 PM,7,3,4
04/05/2017 09:00:00 PM,5,2,3
04/05/2017 10:00:00 PM,9,4,5
04/05/2017 11:00:00 PM,2,1,1
04/06/2017 12:00:00 AM,0,0,0
04/06/2017 01:00:00 AM,0,0,0
04/06/2017 02:00:00 AM,0,0,0
04/06/2017 03:00:00 AM,0,0,0
04/06/2017 04:00:00 AM,1,0,1
04/06/2017 05:00:00 AM,5,5,0
04/06/2017 06:00:00 AM,25,11,14
04/06/2017 07:00:00 AM,40,23,17
04/06/2017 08:00:00 AM,59,25,34
04/06/2017 09:00:00 AM,29,12,17
04/06/2017 10:00:00 AM,15,9,6
04/06/2017 11:00:00 AM,15,8,7
04/06/2017 12:00:00 PM,28,14,14
04/06/2017 01:00:00 PM,23,11,12
04/06/2017 02:00:00 PM,20,5,15
04/06/2017 03:00:00 PM,35,8,27
04/06/2017 04:00:00 PM,70,19,51
04/06/2017 05:00:00 PM,102,33,69
04/06/2017 06:00:00 PM,59,18,41
04/06/2017 07:00:00 PM,54,19,35
04/06/2017 08:00:00 PM,13,8,5
04/06/2017 09:00:00 PM,7,5,2
04/06/2017 10:00:00 PM,4,3,1
04/06/2017 11:00:00 PM,1,0,1
04/07/2017 12:00:00 AM,1,1,0
04/07/2017 01:00:00 AM,1,0,1
04/07/2017 02:00:00 AM,2,2,0
04/07/2017 03:00:00 AM,0,0,0
04/07/2017 04:00:00 AM,1,1,0
04/07/2017 05:00:00 AM,4,4,0
04/07/2017 06:00:00 AM,21,13,8
04/07/2017 07:00:00 AM,41,22,19
04/07/2017 08:00:00 AM,66,26,40
04/07/2017 09:00:00 AM,31,18,13
04/07/2017 10:00:00 AM,19,11,8
04/07/2017 11:00:00 AM,16,7,9
04/07/2017 12:00:00 PM,17,6,11
04/07/2017 01:00:00 PM,19,7,12
04/07/2017 02:00:00 PM,24,16,8
04/07/2017 03:00:00 PM,28,11,17
04/07/2017 04:00:00 PM,47,12,35
04/07/2017 05:00:00 PM,80,28,52
04/07/2017 06:00:00 PM,32,11,21
04/07/2017 07:00:00 PM,9,4,5
04/07/2017 08:00:00 PM,2,0,2
04/07/2017 09:00:00 PM,4,1,3
04/07/2017 10:00:00 PM,3,1,2
04/07/2017 11:00:00 PM,2,1,1
04/08/2017 12:00:00 AM,2,1,1
04/08/2017 01:00:00 AM,1,1,0
04/08/2017 02:00:00 AM,0,0,0
04/08/2017 03:00:00 AM,2,2,0
04/08/2017 04:00:00 AM,1,0,1
04/08/2017 05:00:00 AM,2,2,0
04/08/2017 06:00:00 AM,3,2,1
04/08/2017 07:00:00 AM,7,3,4
04/08/2017 08:00:00 AM,7,6,1
04/08/2017 09:00:00 AM,9,4,5
04/08/2017 10:00:00 AM,14,10,4
04/08/2017 11:00:00 AM,18,6,12
04/08/2017 12:00:00 PM,7,4,3
04/08/2017 01:00:00 PM,13,8,5
04/08/2017 02:00:00 PM,8,1,7
04/08/2017 03:00:00 PM,13,8,5
04/08/2017 04:00:00 PM,18,11,7
04/08/2017 05:00:00 PM,15,9,6
04/08/2017 06:00:00 PM,7,1,6
04/08/2017 07:00:00 PM,5,4,1
04/08/2017 08:00:00 PM,5,3,2
04/08/2017 09:00:00 PM,7,3,4
04/08/2017 10:00:00 PM,5,2,3
04/08/2017 11:00:00 PM,9,2,7
04/09/2017 12:00:00 AM,4,3,1
04/09/2017 01:00:00 AM,1,1,0
04/09/2017 02:00:00 AM,3,2,1
04/09/2017 03:00:00 AM,0,0,0
04/09/2017 04:00:00 AM,0,0,0
04/09/2017 05:00:00 AM,1,1,0
04/09/2017 06:00:00 AM,3,2,1
04/09/2017 07:00:00 AM,4,1,3
04/09/2017 08:00:00 AM,6,2,4
04/09/2017 09:00:00 AM,16,5,11
04/09/2017 10:00:00 AM,17,8,9
04/09/2017 11:00:00 AM,15,8,7
04/09/2017 12:00:00 PM,15,7,8
04/09/2017 01:00:00 PM,15,7,8
04/09/2017 02:00:00 PM,19,11,8
04/09/2017 03:00:00 PM,16,9,7
04/09/2017 04:00:00 PM,18,9,9
04/09/2017 05:00:00 PM,19,12,7
04/09/2017 06:00:00 PM,8,5,3
04/09/2017 07:00:00 PM,12,6,6
04/09/2017 08:00:00 PM,3,2,1
04/09/2017 09:00:00 PM,1,0,1
04/09/2017 10:00:00 PM,1,1,0
04/09/2017 11:00:00 PM,1,0,1
04/10/2017 12:00:00 AM,1,0,1
04/10/2017 01:00:00 AM,0,0,0
04/10/2017 02:00:00 AM,0,0,0
04/10/2017 03:00:00 AM,0,0,0
04/10/2017 04:00:00 AM,1,0,1
04/10/2017 05:00:00 AM,4,3,1
04/10/2017 06:00:00 AM,13,8,5
04/10/2017 07:00:00 AM,44,19,25
04/10/2017 08:00:00 AM,95,39,56
04/10/2017 09:00:00 AM,64,30,34
04/10/2017 10:00:00 AM,22,11,11
04/10/2017 11:00:00 AM,19,9,10
04/10/2017 12:00:00 PM,18,8,10
04/10/2017 01:00:00 PM,12,7,5
04/10/2017 02:00:00 PM,15,5,10
04/10/2017 03:00:00 PM,23,4,19
04/10/2017 04:00:00 PM,74,17,57
04/10/2017 05:00:00 PM,116,39,77
04/10/2017 06:00:00 PM,50,16,34
04/10/2017 07:00:00 PM,18,9,9
04/10/2017 08:00:00 PM,13,4,9
04/10/2017 09:00:00 PM,0,0,0
04/10/2017 10:00:00 PM,4,3,1
04/10/2017 11:00:00 PM,2,1,1
04/11/2017 12:00:00 AM,1,0,1
04/11/2017 01:00:00 AM,0,0,0
04/11/2017 02:00:00 AM,0,0,0
04/11/2017 03:00:00 AM,0,0,0
04/11/2017 04:00:00 AM,3,1,2
04/11/2017 05:00:00 AM,7,6,1
04/11/2017 06:00:00 AM,21,10,11
04/11/2017 07:00:00 AM,78,39,39
04/11/2017 08:00:00 AM,104,47,57
04/11/2017 09:00:00 AM,79,36,43
04/11/2017 10:00:00 AM,27,12,15
04/11/2017 11:00:00 AM,27,12,15
04/11/2017 12:00:00 PM,23,12,11
04/11/2017 01:00:00 PM,19,10,9
04/11/2017 02:00:00 PM,18,7,11
04/11/2017 03:00:00 PM,43,14,29
04/11/2017 04:00:00 PM,111,35,76
04/11/2017 05:00:00 PM,162,56,106
04/11/2017 06:00:00 PM,74,26,48
04/11/2017 07:00:00 PM,30,8,22
04/11/2017 08:00:00 PM,13,8,5
04/11/2017 09:00:00 PM,7,0,7
04/11/2017 10:00:00 PM,11,6,5
04/11/2017 11:00:00 PM,6,4,2
04/12/2017 12:00:00 AM,1,1,0
04/12/2017 01:00:00 AM,0,0,0
04/12/2017 02:00:00 AM,0,0,0
04/12/2017 03:00:00 AM,0,0,0
04/12/2017 04:00:00 AM,1,0,1
04/12/2017 05:00:00 AM,2,2,0
04/12/2017 06:00:00 AM,17,10,7
04/12/2017 07:00:00 AM,31,18,13
04/12/2017 08:00:00 AM,53,22,31
04/12/2017 09:00:00 AM,29,14,15
04/12/2017 10:00:00 AM,15,8,7
04/12/2017 11:00:00 AM,10,2,8
04/12/2017 12:00:00 PM,14,8,6
04/12/2017 01:00:00 PM,19,9,10
04/12/2017 02:00:00 PM,22,11,11
04/12/2017 03:00:00 PM,34,8,26
04/12/2017 04:00:00 PM,53,10,43
04/12/2017 05:00:00 PM,100,40,60
04/12/2017 06:00:00 PM,45,11,34
04/12/2017 07:00:00 PM,18,5,13
04/12/2017 08:00:00 PM,3,0,3
04/12/2017 09:00:00 PM,5,3,2
04/12/2017 10:00:00 PM,6,4,2
04/12/2017 11:00:00 PM,3,3,0
04/13/2017 12:00:00 AM,0,0,0
04/13/2017 01:00:00 AM,0,0,0
04/13/2017 02:00:00 AM,0,0,0
04/13/2017 03:00:00 AM,0,0,0
04/13/2017 04:00:00 AM,1,0,1
04/13/2017 05:00:00 AM,3,3,0
04/13/2017 06:00:00 AM,17,7,10
04/13/2017 07:00:00 AM,57,31,26
04/13/2017 08:00:00 AM,102,44,58
04/13/2017 09:00:00 AM,61,31,30
04/13/2017 10:00:00 AM,24,12,12
04/13/2017 11:00:00 AM,24,12,12
04/13/2017 12:00:00 PM,21,11,10
04/13/2017 01:00:00 PM,26,15,11
04/13/2017 02:00:00 PM,13,7,6
04/13/2017 03:00:00 PM,31,14,17
04/13/2017 04:00:00 PM,78,28,50
04/13/2017 05:00:00 PM,133,49,84
04/13/2017 06:00:00 PM,55,19,36
04/13/2017 07:00:00 PM,34,17,17
04/13/2017 08:00:00 PM,14,6,8
04/13/2017 09:00:00 PM,2,2,0
04/13/2017 10:00:00 PM,4,2,2
04/13/2017 11:00:00 PM,2,2,0
04/14/2017 12:00:00 AM,2,1,1
04/14/2017 01:00:00 AM,0,0,0
04/14/2017 02:00:00 AM,2,1,1
04/14/2017 03:00:00 AM,1,0,1
04/14/2017 04:00:00 AM,1,1,0
04/14/2017 05:00:00 AM,3,0,3
04/14/2017 06:00:00 AM,16,7,9
04/14/2017 07:00:00 AM,39,19,20
04/14/2017 08:00:00 AM,71,28,43
04/14/2017 09:00:00 AM,45,26,19
04/14/2017 10:00:00 AM,24,7,17
04/14/2017 11:00:00 AM,13,6,7
04/14/2017 12:00:00 PM,22,13,9
04/14/2017 01:00:00 PM,31,14,17
04/14/2017 02:00:00 PM,23,12,11
04/14/2017 03:00:00 PM,41,19,22
04/14/2017 04:00:00 PM,73,21,52
04/14/2017 05:00:00 PM,78,27,51
04/14/2017 06:00:00 PM,45,16,29
04/14/2017 07:00:00 PM,20,14,6
04/14/2017 08:00:00 PM,7,2,5
04/14/2017 09:00:00 PM,4,0,4
04/14/2017 10:00:00 PM,10,8,2
04/14/2017 11:00:00 PM,3,3,0
04/15/2017 12:00:00 AM,2,0,2
04/15/2017 01:00:00 AM,2,2,0
04/15/2017 02:00:00 AM,1,0,1
04/15/2017 03:00:00 AM,0,0,0
04/15/2017 04:00:00 AM,0,0,0
04/15/2017 05:00:00 AM,2,0,2
04/15/2017 06:00:00 AM,6,5,1
04/15/2017 07:00:00 AM,9,6,3
04/15/2017 08:00:00 AM,16,8,8
04/15/2017 09:00:00 AM,18,12,6
04/15/2017 10:00:00 AM,10,9,1
04/15/2017 11:00:00 AM,14,8,6
04/15/2017 12:00:00 PM,16,11,5
04/15/2017 01:00:00 PM,30,19,11
04/15/2017 02:00:00 PM,33,21,12
04/15/2017 03:00:00 PM,22,9,13
04/15/2017 04:00:00 PM,27,10,17
04/15/2017 05:00:00 PM,17,7,10
04/15/2017 06:00:00 PM,23,16,7
04/15/2017 07:00:00 PM,8,4,4
04/15/2017 08:00:00 PM,19,12,7
04/15/2017 09:00:00 PM,12,8,4
04/15/2017 10:00:00 PM,10,5,5
04/15/2017 11:00:00 PM,6,6,0
04/16/2017 12:00:00 AM,4,3,1
04/16/2017 01:00:00 AM,1,1,0
04/16/2017 02:00:00 AM,1,0,1
04/16/2017 03:00:00 AM,1,1,0
04/16/2017 04:00:00 AM,1,0,1
04/16/2017 05:00:00 AM,1,0,1
04/16/2017 06:00:00 AM,3,3,0
04/16/2017 07:00:00 AM,4,3,1
04/16/2017 08:00:00 AM,4,3,1
04/16/2017 09:00:00 AM,8,6,2
04/16/2017 10:00:00 AM,12,8,4
04/16/2017 11:00:00 AM,11,4,7
04/16/2017 12:00:00 PM,17,8,9
04/16/2017 01:00:00 PM,24,14,10
04/16/2017 02:00:00 PM,26,19,7
04/16/2017 03:00:00 PM,16,14,2
04/16/2017 04:00:00 PM,23,13,10
04/16/2017 05:00:00 PM,22,12,10
04/16/2017 06:00:00 PM,16,12,4
04/16/2017 07:00:00 PM,4,2,2
04/16/2017 08:00:00 PM,7,5,2
04/16/2017 09:00:00 PM,3,3,0
04/16/2017 10:00:00 PM,0,0,0
04/16/2017 11:00:00 PM,4,1,3
04/17/2017 12:00:00 AM,0,0,0
04/17/2017 01:00:00 AM,0,0,0
04/17/2017 02:00:00 AM,1,0,1
04/17/2017 03:00:00 AM,0,0,0
04/17/2017 04:00:00 AM,1,0,1
04/17/2017 05:00:00 AM,7,7,0
04/17/2017 06:00:00 AM,19,12,7
04/17/2017 07:00:00 AM,58,39,19
04/17/2017 08:00:00 AM,89,48,41
04/17/2017 09:00:00 AM,75,45,30
04/17/2017 10:00:00 AM,24,17,7
04/17/2017 11:00:00 AM,26,18,8
04/17/2017 12:00:00 PM,19,9,10
04/17/2017 01:00:00 PM,14,7,7
04/17/2017 02:00:00 PM,22,9,13
04/17/2017 03:00:00 PM,39,16,23
04/17/2017 04:00:00 PM,90,29,61
04/17/2017 05:00:00 PM,120,39,81
04/17/2017 06:00:00 PM,67,19,48
04/17/2017 07:00:00 PM,17,10,7
04/17/2017 08:00:00 PM,9,3,6
04/17/2017 09:00:00 PM,3,2,1
04/17/2017 10:00:00 PM,5,3,2
04/17/2017 11:00:00 PM,1,1,0
04/18/2017 12:00:00 AM,1,0,1
04/18/2017 01:00:00 AM,1,0,1
04/18/2017 02:00:00 AM,1,0,1
04/18/2017 03:00:00 AM,1,0,1
04/18/2017 04:00:00 AM,2,1,1
04/18/2017 05:00:00 AM,6,5,1
04/18/2017 06:00:00 AM,31,17,14
04/18/2017 07:00:00 AM,55,29,26
04/18/2017 08:00:00 AM,88,41,47
04/18/2017 09:00:00 AM,56,34,22
04/18/2017 10:00:00 AM,21,7,14
04/18/2017 11:00:00 AM,28,17,11
04/18/2017 12:00:00 PM,19,8,11
04/18/2017 01:00:00 PM,20,11,9
04/18/2017 02:00:00 PM,17,9,8
04/18/2017 03:00:00 PM,37,18,19
04/18/2017 04:00:00 PM,79,21,58
04/18/2017 05:00:00 PM,126,43,83
04/18/2017 06:00:00 PM,76,21,55
04/18/2017 07:00:00 PM,27,13,14
04/18/2017 08:00:00 PM,13,6,7
04/18/2017 09:00:00 PM,7,4,3
04/18/2017 10:00:00 PM,7,2,5
04/18/2017 11:00:00 PM,5,3,2
04/19/2017 12:00:00 AM,3,2,1
04/19/2017 01:00:00 AM,3,0,3
04/19/2017 02:00:00 AM,1,1,0
04/19/2017 03:00:00 AM,0,0,0
04/19/2017 04:00:00 AM,2,2,0
04/19/2017 05:00:00 AM,5,5,0
04/19/2017 06:00:00 AM,27,14,13
04/19/2017 07:00:00 AM,63,39,24
04/19/2017 08:00:00 AM,87,39,48
04/19/2017 09:00:00 AM,66,31,35
04/19/2017 10:00:00 AM,18,9,9
04/19/2017 11:00:00 AM,20,12,8
04/19/2017 12:00:00 PM,19,7,12
04/19/2017 01:00:00 PM,19,12,7
04/19/2017 02:00:00 PM,18,6,12
04/19/2017 03:00:00 PM,40,18,22
04/19/2017 04:00:00 PM,82,22,60
04/19/2017 05:00:00 PM,142,49,93
04/19/2017 06:00:00 PM,71,19,52
04/19/2017 07:00:00 PM,17,7,10
04/19/2017 08:00:00 PM,15,7,8
04/19/2017 09:00:00 PM,4,2,2
04/19/2017 10:00:00 PM,3,2,1
04/19/2017 11:00:00 PM,2,0,2
04/20/2017 12:00:00 AM,1,1,0
04/20/2017 01:00:00 AM,0,0,0
04/20/2017 02:00:00 AM,0,0,0
04/20/2017 03:00:00 AM,1,0,1
04/20/2017 04:00:00 AM,2,0,2
04/20/2017 05:00:00 AM,4,4,0
04/20/2017 06:00:00 AM,27,15,12
04/20/2017 07:00:00 AM,55,28,27
04/20/2017 08:00:00 AM,108,42,66
04/20/2017 09:00:00 AM,66,32,34
04/20/2017 10:00:00 AM,28,15,13
04/20/2017 11:00:00 AM,22,12,10
04/20/2017 12:00:00 PM,22,8,14
04/20/2017 01:00:00 PM,18,11,7
04/20/2017 02:00:00 PM,10,9,1
04/20/2017 03:00:00 PM,43,19,24
04/20/2017 04:00:00 PM,86,27,59
04/20/2017 05:00:00 PM,143,44,99
04/20/2017 06:00:00 PM,77,24,53
04/20/2017 07:00:00 PM,18,11,7
04/20/2017 08:00:00 PM,15,8,7
04/20/2017 09:00:00 PM,10,1,9
04/20/2017 10:00:00 PM,7,3,4
04/20/2017 11:00:00 PM,3,2,1
04/21/2017 12:00:00 AM,1,1,0
04/21/2017 01:00:00 AM,0,0,0
04/21/2017 02:00:00 AM,0,0,0
04/21/2017 03:00:00 AM,1,0,1
04/21/2017 04:00:00 AM,0,0,0
04/21/2017 05:00:00 AM,4,4,0
04/21/2017 06:00:00 AM,53,23,30
04/21/2017 07:00:00 AM,86,49,37
04/21/2017 08:00:00 AM,108,45,63
04/21/2017 09:00:00 AM,75,32,43
04/21/2017 10:00:00 AM,30,15,15
04/21/2017 11:00:00 AM,34,15,19
04/21/2017 12:00:00 PM,38,17,21
04/21/2017 01:00:00 PM,40,23,17
04/21/2017 02:00:00 PM,50,22,28
04/21/2017 03:00:00 PM,86,26,60
04/21/2017 04:00:00 PM,123,35,88
04/21/2017 05:00:00 PM,119,44,75
04/21/2017 06:00:00 PM,67,27,40
04/21/2017 07:00:00 PM,30,17,13
04/21/2017 08:00:00 PM,16,9,7
04/21/2017 09:00:00 PM,5,2,3
04/21/2017 10:00:00 PM,6,4,2
04/21/2017 11:00:00 PM,2,0,2
04/22/2017 12:00:00 AM,3,2,1
04/22/2017 01:00:00 AM,3,0,3
04/22/2017 02:00:00 AM,3,1,2
04/22/2017 03:00:00 AM,0,0,0
04/22/2017 04:00:00 AM,2,1,1
04/22/2017 05:00:00 AM,1,1,0
04/22/2017 06:00:00 AM,5,3,2
04/22/2017 07:00:00 AM,14,11,3
04/22/2017 08:00:00 AM,6,4,2
04/22/2017 09:00:00 AM,8,5,3
04/22/2017 10:00:00 AM,11,4,7
04/22/2017 11:00:00 AM,9,5,4
04/22/2017 12:00:00 PM,15,10,5
04/22/2017 01:00:00 PM,18,8,10
04/22/2017 02:00:00 PM,13,2,11
04/22/2017 03:00:00 PM,13,5,8
04/22/2017 04:00:00 PM,9,4,5
04/22/2017 05:00:00 PM,16,8,8
04/22/2017 06:00:00 PM,11,4,7
04/22/2017 07:00:00 PM,8,4,4
04/22/2017 08:00:00 PM,7,5,2
04/22/2017 09:00:00 PM,4,2,2
04/22/2017 10:00:00 PM,5,2,3
04/22/2017 11:00:00 PM,8,5,3
04/23/2017 12:00:00 AM,5,3,2
04/23/2017 01:00:00 AM,0,0,0
04/23/2017 02:00:00 AM,3,2,1
04/23/2017 03:00:00 AM,0,0,0
04/23/2017 04:00:00 AM,0,0,0
04/23/2017 05:00:00 AM,0,0,0
04/23/2017 06:00:00 AM,2,1,1
04/23/2017 07:00:00 AM,5,3,2
04/23/2017 08:00:00 AM,4,2,2
04/23/2017 09:00:00 AM,6,2,4
04/23/2017 10:00:00 AM,7,2,5
04/23/2017 11:00:00 AM,7,4,3
04/23/2017 12:00:00 PM,9,5,4
04/23/2017 01:00:00 PM,6,3,3
04/23/2017 02:00:00 PM,6,5,1
04/23/2017 03:00:00 PM,7,5,2
04/23/2017 04:00:00 PM,7,4,3
04/23/2017 05:00:00 PM,5,2,3
04/23/2017 06:00:00 PM,8,2,6
04/23/2017 07:00:00 PM,8,4,4
04/23/2017 08:00:00 PM,0,0,0
04/23/2017 09:00:00 PM,2,2,0
04/23/2017 10:00:00 PM,3,1,2
04/23/2017 11:00:00 PM,5,1,4
04/24/2017 12:00:00 AM,5,2,3
04/24/2017 01:00:00 AM,1,1,0
04/24/2017 02:00:00 AM,2,0,2
04/24/2017 03:00:00 AM,0,0,0
04/24/2017 04:00:00 AM,0,0,0
04/24/2017 05:00:00 AM,8,7,1
04/24/2017 06:00:00 AM,22,13,9
04/24/2017 07:00:00 AM,51,28,23
04/24/2017 08:00:00 AM,105,49,56
04/24/2017 09:00:00 AM,48,22,26
04/24/2017 10:00:00 AM,18,9,9
04/24/2017 11:00:00 AM,20,12,8
04/24/2017 12:00:00 PM,10,5,5
04/24/2017 01:00:00 PM,10,6,4
04/24/2017 02:00:00 PM,19,8,11
04/24/2017 03:00:00 PM,32,10,22
04/24/2017 04:00:00 PM,104,27,77
04/24/2017 05:00:00 PM,160,53,107
04/24/2017 06:00:00 PM,61,22,39
04/24/2017 07:00:00 PM,23,6,17
04/24/2017 08:00:00 PM,9,3,6
04/24/2017 09:00:00 PM,8,2,6
04/24/2017 10:00:00 PM,7,4,3
04/24/2017 11:00:00 PM,10,6,4
04/25/2017 12:00:00 AM,1,0,1
04/25/2017 01:00:00 AM,0,0,0
04/25/2017 02:00:00 AM,0,0,0
04/25/2017 03:00:00 AM,0,0,0
04/25/2017 04:00:00 AM,3,2,1
04/25/2017 05:00:00 AM,8,6,2
04/25/2017 06:00:00 AM,39,25,14
04/25/2017 07:00:00 AM,77,45,32
04/25/2017 08:00:00 AM,122,47,75
04/25/2017 09:00:00 AM,88,38,50
04/25/2017 10:00:00 AM,32,13,19
04/25/2017 11:00:00 AM,14,7,7
04/25/2017 12:00:00 PM,29,13,16
04/25/2017 01:00:00 PM,19,10,9
04/25/2017 02:00:00 PM,27,13,14
04/25/2017 03:00:00 PM,42,10,32
04/25/2017 04:00:00 PM,112,32,80
04/25/2017 05:00:00 PM,139,37,102
04/25/2017 06:00:00 PM,70,19,51
04/25/2017 07:00:00 PM,17,3,14
04/25/2017 08:00:00 PM,13,3,10
04/25/2017 09:00:00 PM,5,2,3
04/25/2017 10:00:00 PM,4,2,2
04/25/2017 11:00:00 PM,1,1,0
04/26/2017 12:00:00 AM,1,1,0
04/26/2017 01:00:00 AM,1,0,1
04/26/2017 02:00:00 AM,1,0,1
04/26/2017 03:00:00 AM,1,1,0
04/26/2017 04:00:00 AM,2,1,1
04/26/2017 05:00:00 AM,5,5,0
04/26/2017 06:00:00 AM,28,15,13
04/26/2017 07:00:00 AM,54,30,24
04/26/2017 08:00:00 AM,92,44,48
04/26/2017 09:00:00 AM,46,19,27
04/26/2017 10:00:00 AM,19,10,9
04/26/2017 11:00:00 AM,14,10,4
04/26/2017 12:00:00 PM,17,11,6
04/26/2017 01:00:00 PM,17,9,8
04/26/2017 02:00:00 PM,15,4,11
04/26/2017 03:00:00 PM,33,6,27
04/26/2017 04:00:00 PM,77,21,56
04/26/2017 05:00:00 PM,124,37,87
04/26/2017 06:00:00 PM,49,16,33
04/26/2017 07:00:00 PM,27,10,17
04/26/2017 08:00:00 PM,11,3,8
04/26/2017 09:00:00 PM,6,3,3
04/26/2017 10:00:00 PM,3,1,2
04/26/2017 11:00:00 PM,3,1,2
04/27/2017 12:00:00 AM,0,0,0
04/27/2017 01:00:00 AM,0,0,0
04/27/2017 02:00:00 AM,2,2,0
04/27/2017 03:00:00 AM,1,0,1
04/27/2017 04:00:00 AM,1,0,1
04/27/2017 05:00:00 AM,9,6,3
04/27/2017 06:00:00 AM,26,13,13
04/27/2017 07:00:00 AM,48,23,25
04/27/2017 08:00:00 AM,91,45,46
04/27/2017 09:00:00 AM,67,26,41
04/27/2017 10:00:00 AM,21,13,8
04/27/2017 11:00:00 AM,23,12,11
04/27/2017 12:00:00 PM,22,11,11
04/27/2017 01:00:00 PM,21,15,6
04/27/2017 02:00:00 PM,21,3,18
04/27/2017 03:00:00 PM,52,18,34
04/27/2017 04:00:00 PM,103,26,77
04/27/2017 05:00:00 PM,134,48,86
04/27/2017 06:00:00 PM,68,17,51
04/27/2017 07:00:00 PM,21,10,11
04/27/2017 08:00:00 PM,14,4,10
04/27/2017 09:00:00 PM,13,8,5
04/27/2017 10:00:00 PM,5,3,2
04/27/2017 11:00:00 PM,3,2,1
04/28/2017 12:00:00 AM,1,0,1
04/28/2017 01:00:00 AM,0,0,0
04/28/2017 02:00:00 AM,1,0,1
04/28/2017 03:00:00 AM,0,0,0
04/28/2017 04:00:00 AM,3,0,3
04/28/2017 05:00:00 AM,8,5,3
04/28/2017 06:00:00 AM,30,19,11
04/28/2017 07:00:00 AM,68,38,30
04/28/2017 08:00:00 AM,113,56,57
04/28/2017 09:00:00 AM,68,30,38
04/28/2017 10:00:00 AM,24,11,13
04/28/2017 11:00:00 AM,30,13,17
04/28/2017 12:00:00 PM,32,18,14
04/28/2017 01:00:00 PM,26,8,18
04/28/2017 02:00:00 PM,32,15,17
04/28/2017 03:00:00 PM,69,30,39
04/28/2017 04:00:00 PM,124,40,84
04/28/2017 05:00:00 PM,145,49,96
04/28/2017 06:00:00 PM,83,27,56
04/28/2017 07:00:00 PM,31,13,18
04/28/2017 08:00:00 PM,8,2,6
04/28/2017 09:00:00 PM,9,2,7
04/28/2017 10:00:00 PM,2,0,2
04/28/2017 11:00:00 PM,6,2,4
04/29/2017 12:00:00 AM,4,1,3
04/29/2017 01:00:00 AM,2,2,0
04/29/2017 02:00:00 AM,1,0,1
04/29/2017 03:00:00 AM,1,0,1
04/29/2017 04:00:00 AM,3,0,3
04/29/2017 05:00:00 AM,1,1,0
04/29/2017 06:00:00 AM,5,2,3
04/29/2017 07:00:00 AM,7,5,2
04/29/2017 08:00:00 AM,18,5,13
04/29/2017 09:00:00 AM,21,6,15
04/29/2017 10:00:00 AM,24,9,15
04/29/2017 11:00:00 AM,24,15,9
04/29/2017 12:00:00 PM,22,8,14
04/29/2017 01:00:00 PM,26,10,16
04/29/2017 02:00:00 PM,16,6,10
04/29/2017 03:00:00 PM,23,11,12
04/29/2017 04:00:00 PM,17,6,11
04/29/2017 05:00:00 PM,15,6,9
04/29/2017 06:00:00 PM,27,8,19
04/29/2017 07:00:00 PM,7,3,4
04/29/2017 08:00:00 PM,1,1,0
04/29/2017 09:00:00 PM,10,6,4
04/29/2017 10:00:00 PM,3,0,3
04/29/2017 11:00:00 PM,4,1,3
04/30/2017 12:00:00 AM,0,0,0
04/30/2017 01:00:00 AM,0,0,0
04/30/2017 02:00:00 AM,3,0,3
04/30/2017 03:00:00 AM,1,0,1
04/30/2017 04:00:00 AM,0,0,0
04/30/2017 05:00:00 AM,1,1,0
04/30/2017 06:00:00 AM,0,0,0
04/30/2017 07:00:00 AM,5,4,1
04/30/2017 08:00:00 AM,7,3,4
04/30/2017 09:00:00 AM,16,9,7
04/30/2017 10:00:00 AM,8,4,4
04/30/2017 11:00:00 AM,18,10,8
04/30/2017 12:00:00 PM,14,2,12
04/30/2017 01:00:00 PM,13,8,5
04/30/2017 02:00:00 PM,15,6,9
04/30/2017 03:00:00 PM,15,9,6
04/30/2017 04:00:00 PM,16,5,11
04/30/2017 05:00:00 PM,11,6,5
04/30/2017 06:00:00 PM,11,5,6
04/30/2017 07:00:00 PM,10,3,7
04/30/2017 08:00:00 PM,8,7,1
04/30/2017 09:00:00 PM,4,1,3
04/30/2017 10:00:00 PM,5,2,3
04/30/2017 11:00:00 PM,1,1,0
05/01/2017 12:00:00 AM,0,0,0
05/01/2017 01:00:00 AM,1,0,1
05/01/2017 02:00:00 AM,0,0,0
05/01/2017 03:00:00 AM,0,0,0
05/01/2017 04:00:00 AM,2,1,1
05/01/2017 05:00:00 AM,8,6,2
05/01/2017 06:00:00 AM,40,23,17
05/01/2017 07:00:00 AM,85,41,44
05/01/2017 08:00:00 AM,121,39,82
05/01/2017 09:00:00 AM,66,37,29
05/01/2017 10:00:00 AM,26,15,11
05/01/2017 11:00:00 AM,19,8,11
05/01/2017 12:00:00 PM,25,13,12
05/01/2017 01:00:00 PM,29,9,20
05/01/2017 02:00:00 PM,31,13,18
05/01/2017 03:00:00 PM,55,19,36
05/01/2017 04:00:00 PM,104,30,74
05/01/2017 05:00:00 PM,142,57,85
05/01/2017 06:00:00 PM,79,36,43
05/01/2017 07:00:00 PM,17,6,11
05/01/2017 08:00:00 PM,15,6,9
05/01/2017 09:00:00 PM,5,0,5
05/01/2017 10:00:00 PM,2,2,0
05/01/2017 11:00:00 PM,4,2,2
05/02/2017 12:00:00 AM,0,0,0
05/02/2017 01:00:00 AM,1,1,0
05/02/2017 02:00:00 AM,0,0,0
05/02/2017 03:00:00 AM,3,3,0
05/02/2017 04:00:00 AM,3,1,2
05/02/2017 05:00:00 AM,9,6,3
05/02/2017 06:00:00 AM,46,24,22
05/02/2017 07:00:00 AM,100,52,48
05/02/2017 08:00:00 AM,135,57,78
05/02/2017 09:00:00 AM,73,33,40
05/02/2017 10:00:00 AM,21,11,10
05/02/2017 11:00:00 AM,26,9,17
05/02/2017 12:00:00 PM,29,12,17
05/02/2017 01:00:00 PM,20,9,11
05/02/2017 02:00:00 PM,37,17,20
05/02/2017 03:00:00 PM,57,24,33
05/02/2017 04:00:00 PM,110,36,74
05/02/2017 05:00:00 PM,192,58,134
05/02/2017 06:00:00 PM,79,31,48
05/02/2017 07:00:00 PM,26,8,18
05/02/2017 08:00:00 PM,16,8,8
05/02/2017 09:00:00 PM,7,3,4
05/02/2017 10:00:00 PM,10,0,10
05/02/2017 11:00:00 PM,3,2,1
05/03/2017 12:00:00 AM,0,0,0
05/03/2017 01:00:00 AM,1,1,0
05/03/2017 02:00:00 AM,1,1,0
05/03/2017 03:00:00 AM,0,0,0
05/03/2017 04:00:00 AM,2,1,1
05/03/2017 05:00:00 AM,6,6,0
05/03/2017 06:00:00 AM,42,19,23
05/03/2017 07:00:00 AM,122,55,67
05/03/2017 08:00:00 AM,152,70,82
05/03/2017 09:00:00 AM,92,38,54
05/03/2017 10:00:00 AM,39,18,21
05/03/2017 11:00:00 AM,26,11,15
05/03/2017 12:00:00 PM,43,21,22
05/03/2017 01:00:00 PM,47,28,19
05/03/2017 02:00:00 PM,33,14,19
05/03/2017 03:00:00 PM,52,23,29
05/03/2017 04:00:00 PM,163,57,106
05/03/2017 05:00:00 PM,213,71,142
05/03/2017 06:00:00 PM,92,34,58
05/03/2017 07:00:00 PM,55,22,33
05/03/2017 08:00:00 PM,19,8,11
05/03/2017 09:00:00 PM,14,3,11
05/03/2017 10:00:00 PM,13,6,7
05/03/2017 11:00:00 PM,14,4,10
05/04/2017 12:00:00 AM,0,0,0
05/04/2017 01:00:00 AM,1,1,0
05/04/2017 02:00:00 AM,0,0,0
05/04/2017 03:00:00 AM,0,0,0
05/04/2017 04:00:00 AM,1,0,1
05/04/2017 05:00:00 AM,10,7,3
05/04/2017 06:00:00 AM,46,25,21
05/04/2017 07:00:00 AM,73,37,36
05/04/2017 08:00:00 AM,138,58,80
05/04/2017 09:00:00 AM,78,28,50
05/04/2017 10:00:00 AM,32,17,15
05/04/2017 11:00:00 AM,30,16,14
05/04/2017 12:00:00 PM,33,16,17
05/04/2017 01:00:00 PM,35,22,13
05/04/2017 02:00:00 PM,28,6,22
05/04/2017 03:00:00 PM,78,25,53
05/04/2017 04:00:00 PM,125,31,94
05/04/2017 05:00:00 PM,112,37,75
05/04/2017 06:00:00 PM,64,19,45
05/04/2017 07:00:00 PM,30,11,19
05/04/2017 08:00:00 PM,11,7,4
05/04/2017 09:00:00 PM,6,3,3
05/04/2017 10:00:00 PM,4,3,1
05/04/2017 11:00:00 PM,1,1,0
05/05/2017 12:00:00 AM,2,1,1
05/05/2017 01:00:00 AM,4,2,2
05/05/2017 02:00:00 AM,2,1,1
05/05/2017 03:00:00 AM,0,0,0
05/05/2017 04:00:00 AM,2,1,1
05/05/2017 05:00:00 AM,7,5,2
05/05/2017 06:00:00 AM,31,23,8
05/05/2017 07:00:00 AM,65,34,31
05/05/2017 08:00:00 AM,83,38,45
05/05/2017 09:00:00 AM,69,36,33
05/05/2017 10:00:00 AM,44,14,30
05/05/2017 11:00:00 AM,23,12,11
05/05/2017 12:00:00 PM,28,13,15
05/05/2017 01:00:00 PM,35,19,16
05/05/2017 02:00:00 PM,27,12,15
05/05/2017 03:00:00 PM,50,19,31
05/05/2017 04:00:00 PM,115,34,81
05/05/2017 05:00:00 PM,148,62,86
05/05/2017 06:00:00 PM,55,20,35
05/05/2017 07:00:00 PM,33,11,22
05/05/2017 08:00:00 PM,7,3,4
05/05/2017 09:00:00 PM,9,3,6
05/05/2017 10:00:00 PM,11,5,6
05/05/2017 11:00:00 PM,4,3,1
05/06/2017 12:00:00 AM,3,2,1
05/06/2017 01:00:00 AM,1,1,0
05/06/2017 02:00:00 AM,2,0,2
05/06/2017 03:00:00 AM,1,1,0
05/06/2017 04:00:00 AM,1,1,0
05/06/2017 05:00:00 AM,2,1,1
05/06/2017 06:00:00 AM,7,5,2
05/06/2017 07:00:00 AM,9,6,3
05/06/2017 08:00:00 AM,15,6,9
05/06/2017 09:00:00 AM,12,6,6
05/06/2017 10:00:00 AM,19,6,13
05/06/2017 11:00:00 AM,40,14,26
05/06/2017 12:00:00 PM,30,12,18
05/06/2017 01:00:00 PM,39,21,18
05/06/2017 02:00:00 PM,39,20,19
05/06/2017 03:00:00 PM,24,10,14
05/06/2017 04:00:00 PM,40,24,16
05/06/2017 05:00:00 PM,28,16,12
05/06/2017 06:00:00 PM,37,20,17
05/06/2017 07:00:00 PM,8,5,3
05/06/2017 08:00:00 PM,5,2,3
05/06/2017 09:00:00 PM,5,2,3
05/06/2017 10:00:00 PM,6,2,4
05/06/2017 11:00:00 PM,5,1,4
05/07/2017 12:00:00 AM,4,1,3
05/07/2017 01:00:00 AM,2,0,2
05/07/2017 02:00:00 AM,1,1,0
05/07/2017 03:00:00 AM,1,0,1
05/07/2017 04:00:00 AM,2,0,2
05/07/2017 05:00:00 AM,0,0,0
05/07/2017 06:00:00 AM,2,2,0
05/07/2017 07:00:00 AM,7,4,3
05/07/2017 08:00:00 AM,13,4,9
05/07/2017 09:00:00 AM,12,7,5
05/07/2017 10:00:00 AM,15,8,7
05/07/2017 11:00:00 AM,21,7,14
05/07/2017 12:00:00 PM,31,6,25
05/07/2017 01:00:00 PM,19,9,10
05/07/2017 02:00:00 PM,21,12,9
05/07/2017 03:00:00 PM,30,13,17
05/07/2017 04:00:00 PM,27,14,13
05/07/2017 05:00:00 PM,29,16,13
05/07/2017 06:00:00 PM,16,11,5
05/07/2017 07:00:00 PM,7,4,3
05/07/2017 08:00:00 PM,10,5,5
05/07/2017 09:00:00 PM,2,2,0
05/07/2017 10:00:00 PM,4,3,1
05/07/2017 11:00:00 PM,1,0,1
05/08/2017 12:00:00 AM,0,0,0
05/08/2017 01:00:00 AM,0,0,0
05/08/2017 02:00:00 AM,1,0,1
05/08/2017 03:00:00 AM,2,2,0
05/08/2017 04:00:00 AM,4,0,4
05/08/2017 05:00:00 AM,14,10,4
05/08/2017 06:00:00 AM,41,25,16
05/08/2017 07:00:00 AM,109,54,55
05/08/2017 08:00:00 AM,140,66,74
05/08/2017 09:00:00 AM,85,34,51
05/08/2017 10:00:00 AM,21,10,11
05/08/2017 11:00:00 AM,23,9,14
05/08/2017 12:00:00 PM,27,16,11
05/08/2017 01:00:00 PM,30,15,15
05/08/2017 02:00:00 PM,26,9,17
05/08/2017 03:00:00 PM,64,22,42
05/08/2017 04:00:00 PM,141,46,95
05/08/2017 05:00:00 PM,213,68,145
05/08/2017 06:00:00 PM,92,35,57
05/08/2017 07:00:00 PM,50,25,25
05/08/2017 08:00:00 PM,17,7,10
05/08/2017 09:00:00 PM,7,2,5
05/08/2017 10:00:00 PM,8,4,4
05/08/2017 11:00:00 PM,0,0,0
05/09/2017 12:00:00 AM,0,0,0
05/09/2017 01:00:00 AM,0,0,0
05/09/2017 02:00:00 AM,1,0,1
05/09/2017 03:00:00 AM,1,0,1
05/09/2017 04:00:00 AM,1,0,1
05/09/2017 05:00:00 AM,11,8,3
05/09/2017 06:00:00 AM,47,24,23
05/09/2017 07:00:00 AM,135,67,68
05/09/2017 08:00:00 AM,154,69,85
05/09/2017 09:00:00 AM,102,43,59
05/09/2017 10:00:00 AM,35,14,21
05/09/2017 11:00:00 AM,27,17,10
05/09/2017 12:00:00 PM,33,16,17
05/09/2017 01:00:00 PM,38,19,19
05/09/2017 02:00:00 PM,41,18,23
05/09/2017 03:00:00 PM,60,23,37
05/09/2017 04:00:00 PM,151,43,108
05/09/2017 05:00:00 PM,240,78,162
05/09/2017 06:00:00 PM,109,31,78
05/09/2017 07:00:00 PM,42,16,26
05/09/2017 08:00:00 PM,24,13,11
05/09/2017 09:00:00 PM,10,5,5
05/09/2017 10:00:00 PM,7,3,4
05/09/2017 11:00:00 PM,7,4,3
05/10/2017 12:00:00 AM,3,2,1
05/10/2017 01:00:00 AM,1,0,1
05/10/2017 02:00:00 AM,1,0,1
05/10/2017 03:00:00 AM,0,0,0
05/10/2017 04:00:00 AM,1,1,0
05/10/2017 05:00:00 AM,10,8,2
05/10/2017 06:00:00 AM,50,29,21
05/10/2017 07:00:00 AM,93,57,36
05/10/2017 08:00:00 AM,159,68,91
05/10/2017 09:00:00 AM,97,45,52
05/10/2017 10:00:00 AM,36,20,16
05/10/2017 11:00:00 AM,35,20,15
05/10/2017 12:00:00 PM,31,17,14
05/10/2017 01:00:00 PM,26,9,17
05/10/2017 02:00:00 PM,41,14,27
05/10/2017 03:00:00 PM,65,22,43
05/10/2017 04:00:00 PM,164,54,110
05/10/2017 05:00:00 PM,235,80,155
05/10/2017 06:00:00 PM,113,40,73
05/10/2017 07:00:00 PM,37,12,25
05/10/2017 08:00:00 PM,26,14,12
05/10/2017 09:00:00 PM,19,8,11
05/10/2017 10:00:00 PM,8,3,5
05/10/2017 11:00:00 PM,5,1,4
05/11/2017 12:00:00 AM,3,2,1
05/11/2017 01:00:00 AM,2,2,0
05/11/2017 02:00:00 AM,3,2,1
05/11/2017 03:00:00 AM,4,2,2
05/11/2017 04:00:00 AM,1,0,1
05/11/2017 05:00:00 AM,7,4,3
05/11/2017 06:00:00 AM,33,25,8
05/11/2017 07:00:00 AM,68,39,29
05/11/2017 08:00:00 AM,108,41,67
05/11/2017 09:00:00 AM,68,30,38
05/11/2017 10:00:00 AM,28,19,9
05/11/2017 11:00:00 AM,14,6,8
05/11/2017 12:00:00 PM,14,9,5
05/11/2017 01:00:00 PM,22,10,12
05/11/2017 02:00:00 PM,14,9,5
05/11/2017 03:00:00 PM,41,12,29
05/11/2017 04:00:00 PM,107,35,72
05/11/2017 05:00:00 PM,158,53,105
05/11/2017 06:00:00 PM,50,13,37
05/11/2017 07:00:00 PM,30,11,19
05/11/2017 08:00:00 PM,11,4,7
05/11/2017 09:00:00 PM,14,2,12
05/11/2017 10:00:00 PM,6,4,2
05/11/2017 11:00:00 PM,6,2,4
05/12/2017 12:00:00 AM,2,2,0
05/12/2017 01:00:00 AM,0,0,0
05/12/2017 02:00:00 AM,4,2,2
05/12/2017 03:00:00 AM,1,0,1
05/12/2017 04:00:00 AM,0,0,0
05/12/2017 05:00:00 AM,4,3,1
05/12/2017 06:00:00 AM,37,25,12
05/12/2017 07:00:00 AM,87,32,55
05/12/2017 08:00:00 AM,122,64,58
05/12/2017 09:00:00 AM,63,34,29
05/12/2017 10:00:00 AM,22,11,11
05/12/2017 11:00:00 AM,20,7,13
05/12/2017 12:00:00 PM,23,12,11
05/12/2017 01:00:00 PM,28,12,16
05/12/2017 02:00:00 PM,26,13,13
05/12/2017 03:00:00 PM,55,20,35
05/12/2017 04:00:00 PM,99,41,58
05/12/2017 05:00:00 PM,139,41,98
05/12/2017 06:00:00 PM,58,22,36
05/12/2017 07:00:00 PM,31,13,18
05/12/2017 08:00:00 PM,9,4,5
05/12/2017 09:00:00 PM,5,2,3
05/12/2017 10:00:00 PM,9,6,3
05/12/2017 11:00:00 PM,6,4,2
05/13/2017 12:00:00 AM,5,3,2
05/13/2017 01:00:00 AM,6,4,2
05/13/2017 02:00:00 AM,3,1,2
05/13/2017 03:00:00 AM,0,0,0
05/13/2017 04:00:00 AM,1,0,1
05/13/2017 05:00:00 AM,1,0,1
05/13/2017 06:00:00 AM,4,2,2
05/13/2017 07:00:00 AM,7,5,2
05/13/2017 08:00:00 AM,4,3,1
05/13/2017 09:00:00 AM,9,4,5
05/13/2017 10:00:00 AM,13,2,11
05/13/2017 11:00:00 AM,20,5,15
05/13/2017 12:00:00 PM,11,4,7
05/13/2017 01:00:00 PM,14,5,9
05/13/2017 02:00:00 PM,17,7,10
05/13/2017 03:00:00 PM,16,6,10
05/13/2017 04:00:00 PM,29,15,14
05/13/2017 05:00:00 PM,23,14,9
05/13/2017 06:00:00 PM,16,7,9
05/13/2017 07:00:00 PM,6,4,2
05/13/2017 08:00:00 PM,8,7,1
05/13/2017 09:00:00 PM,3,1,2
05/13/2017 10:00:00 PM,6,5,1
05/13/2017 11:00:00 PM,3,3,0
05/14/2017 12:00:00 AM,1,1,0
05/14/2017 01:00:00 AM,5,2,3
05/14/2017 02:00:00 AM,0,0,0
05/14/2017 03:00:00 AM,0,0,0
05/14/2017 04:00:00 AM,0,0,0
05/14/2017 05:00:00 AM,3,1,2
05/14/2017 06:00:00 AM,2,2,0
05/14/2017 07:00:00 AM,3,2,1
05/14/2017 08:00:00 AM,7,4,3
05/14/2017 09:00:00 AM,7,2,5
05/14/2017 10:00:00 AM,13,7,6
05/14/2017 11:00:00 AM,10,2,8
05/14/2017 12:00:00 PM,18,12,6
05/14/2017 01:00:00 PM,16,7,9
05/14/2017 02:00:00 PM,17,12,5
05/14/2017 03:00:00 PM,14,5,9
05/14/2017 04:00:00 PM,17,10,7
05/14/2017 05:00:00 PM,12,5,7
05/14/2017 06:00:00 PM,16,4,12
05/14/2017 07:00:00 PM,15,9,6
05/14/2017 08:00:00 PM,3,2,1
05/14/2017 09:00:00 PM,5,1,4
05/14/2017 10:00:00 PM,9,4,5
05/14/2017 11:00:00 PM,11,7,4
05/15/2017 12:00:00 AM,3,1,2
05/15/2017 01:00:00 AM,0,0,0
05/15/2017 02:00:00 AM,3,0,3
05/15/2017 03:00:00 AM,2,2,0
05/15/2017 04:00:00 AM,2,0,2
05/15/2017 05:00:00 AM,5,4,1
05/15/2017 06:00:00 AM,38,23,15
05/15/2017 07:00:00 AM,87,47,40
05/15/2017 08:00:00 AM,126,52,74
05/15/2017 09:00:00 AM,60,23,37
05/15/2017 10:00:00 AM,26,11,15
05/15/2017 11:00:00 AM,21,8,13
05/15/2017 12:00:00 PM,14,8,6
05/15/2017 01:00:00 PM,17,11,6
05/15/2017 02:00:00 PM,15,7,8
05/15/2017 03:00:00 PM,45,14,31
05/15/2017 04:00:00 PM,93,27,66
05/15/2017 05:00:00 PM,142,51,91
05/15/2017 06:00:00 PM,65,13,52
05/15/2017 07:00:00 PM,26,10,16
05/15/2017 08:00:00 PM,10,3,7
05/15/2017 09:00:00 PM,5,1,4
05/15/2017 10:00:00 PM,2,1,1
05/15/2017 11:00:00 PM,1,0,1
05/16/2017 12:00:00 AM,1,1,0
05/16/2017 01:00:00 AM,0,0,0
05/16/2017 02:00:00 AM,0,0,0
05/16/2017 03:00:00 AM,3,3,0
05/16/2017 04:00:00 AM,3,1,2
05/16/2017 05:00:00 AM,5,4,1
05/16/2017 06:00:00 AM,29,17,12
05/16/2017 07:00:00 AM,59,38,21
05/16/2017 08:00:00 AM,79,33,46
05/16/2017 09:00:00 AM,46,24,22
05/16/2017 10:00:00 AM,20,12,8
05/16/2017 11:00:00 AM,11,5,6
05/16/2017 12:00:00 PM,23,10,13
05/16/2017 01:00:00 PM,21,8,13
05/16/2017 02:00:00 PM,15,6,9
05/16/2017 03:00:00 PM,43,13,30
05/16/2017 04:00:00 PM,93,24,69
05/16/2017 05:00:00 PM,142,42,100
05/16/2017 06:00:00 PM,65,27,38
05/16/2017 07:00:00 PM,29,8,21
05/16/2017 08:00:00 PM,18,8,10
05/16/2017 09:00:00 PM,10,4,6
05/16/2017 10:00:00 PM,11,6,5
05/16/2017 11:00:00 PM,6,5,1
05/17/2017 12:00:00 AM,0,0,0
05/17/2017 01:00:00 AM,2,0,2
05/17/2017 02:00:00 AM,1,1,0
05/17/2017 03:00:00 AM,1,0,1
05/17/2017 04:00:00 AM,1,1,0
05/17/2017 05:00:00 AM,11,9,2
05/17/2017 06:00:00 AM,49,32,17
05/17/2017 07:00:00 AM,103,53,50
05/17/2017 08:00:00 AM,152,65,87
05/17/2017 09:00:00 AM,64,28,36
05/17/2017 10:00:00 AM,33,22,11
05/17/2017 11:00:00 AM,22,11,11
05/17/2017 12:00:00 PM,31,21,10
05/17/2017 01:00:00 PM,26,10,16
05/17/2017 02:00:00 PM,28,13,15
05/17/2017 03:00:00 PM,49,17,32
05/17/2017 04:00:00 PM,121,41,80
05/17/2017 05:00:00 PM,215,76,139
05/17/2017 06:00:00 PM,97,34,63
05/17/2017 07:00:00 PM,31,14,17
05/17/2017 08:00:00 PM,23,10,13
05/17/2017 09:00:00 PM,16,7,9
05/17/2017 10:00:00 PM,8,3,5
05/17/2017 11:00:00 PM,7,5,2
05/18/2017 12:00:00 AM,0,0,0
05/18/2017 01:00:00 AM,1,0,1
05/18/2017 02:00:00 AM,1,0,1
05/18/2017 03:00:00 AM,0,0,0
05/18/2017 04:00:00 AM,1,0,1
05/18/2017 05:00:00 AM,4,2,2
05/18/2017 06:00:00 AM,54,25,29
05/18/2017 07:00:00 AM,106,59,47
05/18/2017 08:00:00 AM,161,73,88
05/18/2017 09:00:00 AM,72,20,52
05/18/2017 10:00:00 AM,27,16,11
05/18/2017 11:00:00 AM,33,17,16
05/18/2017 12:00:00 PM,30,14,16
05/18/2017 01:00:00 PM,35,21,14
05/18/2017 02:00:00 PM,37,15,22
05/18/2017 03:00:00 PM,66,26,40
05/18/2017 04:00:00 PM,140,36,104
05/18/2017 05:00:00 PM,199,65,134
05/18/2017 06:00:00 PM,93,35,58
05/18/2017 07:00:00 PM,50,26,24
05/18/2017 08:00:00 PM,12,6,6
05/18/2017 09:00:00 PM,14,8,6
05/18/2017 10:00:00 PM,8,3,5
05/18/2017 11:00:00 PM,6,3,3
05/19/2017 12:00:00 AM,2,2,0
05/19/2017 01:00:00 AM,0,0,0
05/19/2017 02:00:00 AM,3,0,3
05/19/2017 03:00:00 AM,2,1,1
05/19/2017 04:00:00 AM,1,0,1
05/19/2017 05:00:00 AM,7,4,3
05/19/2017 06:00:00 AM,63,27,36
05/19/2017 07:00:00 AM,165,78,87
05/19/2017 08:00:00 AM,273,88,185
05/19/2017 09:00:00 AM,106,40,66
05/19/2017 10:00:00 AM,40,17,23
05/19/2017 11:00:00 AM,46,21,25
05/19/2017 12:00:00 PM,40,13,27
05/19/2017 01:00:00 PM,50,16,34
05/19/2017 02:00:00 PM,59,22,37
05/19/2017 03:00:00 PM,94,34,60
05/19/2017 04:00:00 PM,175,59,116
05/19/2017 05:00:00 PM,222,83,139
05/19/2017 06:00:00 PM,91,28,63
05/19/2017 07:00:00 PM,31,13,18
05/19/2017 08:00:00 PM,16,6,10
05/19/2017 09:00:00 PM,15,5,10
05/19/2017 10:00:00 PM,13,5,8
05/19/2017 11:00:00 PM,7,4,3
05/20/2017 12:00:00 AM,4,1,3
05/20/2017 01:00:00 AM,3,2,1
05/20/2017 02:00:00 AM,0,0,0
05/20/2017 03:00:00 AM,0,0,0
05/20/2017 04:00:00 AM,2,2,0
05/20/2017 05:00:00 AM,2,1,1
05/20/2017 06:00:00 AM,6,4,2
05/20/2017 07:00:00 AM,13,7,6
05/20/2017 08:00:00 AM,20,12,8
05/20/2017 09:00:00 AM,18,8,10
05/20/2017 10:00:00 AM,26,9,17
05/20/2017 11:00:00 AM,24,10,14
05/20/2017 12:00:00 PM,32,9,23
05/20/2017 01:00:00 PM,61,15,46
05/20/2017 02:00:00 PM,38,9,29
05/20/2017 03:00:00 PM,28,12,16
05/20/2017 04:00:00 PM,56,42,14
05/20/2017 05:00:00 PM,18,12,6
05/20/2017 06:00:00 PM,19,7,12
05/20/2017 07:00:00 PM,9,8,1
05/20/2017 08:00:00 PM,8,1,7
05/20/2017 09:00:00 PM,9,4,5
05/20/2017 10:00:00 PM,14,11,3
05/20/2017 11:00:00 PM,7,4,3
05/21/2017 12:00:00 AM,4,0,4
05/21/2017 01:00:00 AM,2,1,1
05/21/2017 02:00:00 AM,3,1,2
05/21/2017 03:00:00 AM,0,0,0
05/21/2017 04:00:00 AM,1,0,1
05/21/2017 05:00:00 AM,2,2,0
05/21/2017 06:00:00 AM,2,0,2
05/21/2017 07:00:00 AM,7,3,4
05/21/2017 08:00:00 AM,13,7,6
05/21/2017 09:00:00 AM,11,3,8
05/21/2017 10:00:00 AM,18,9,9
05/21/2017 11:00:00 AM,26,8,18
05/21/2017 12:00:00 PM,35,14,21
05/21/2017 01:00:00 PM,26,13,13
05/21/2017 02:00:00 PM,35,10,25
05/21/2017 03:00:00 PM,26,15,11
05/21/2017 04:00:00 PM,23,13,10
05/21/2017 05:00:00 PM,24,12,12
05/21/2017 06:00:00 PM,8,4,4
05/21/2017 07:00:00 PM,14,5,9
05/21/2017 08:00:00 PM,6,4,2
05/21/2017 09:00:00 PM,5,3,2
05/21/2017 10:00:00 PM,2,1,1
05/21/2017 11:00:00 PM,3,1,2
05/22/2017 12:00:00 AM,2,1,1
05/22/2017 01:00:00 AM,0,0,0
05/22/2017 02:00:00 AM,0,0,0
05/22/2017 03:00:00 AM,13,1,12
05/22/2017 04:00:00 AM,1,0,1
05/22/2017 05:00:00 AM,11,7,4
05/22/2017 06:00:00 AM,55,27,28
05/22/2017 07:00:00 AM,120,51,69
05/22/2017 08:00:00 AM,169,65,104
05/22/2017 09:00:00 AM,96,42,54
05/22/2017 10:00:00 AM,26,14,12
05/22/2017 11:00:00 AM,26,8,18
05/22/2017 12:00:00 PM,44,28,16
05/22/2017 01:00:00 PM,36,16,20
05/22/2017 02:00:00 PM,29,15,14
05/22/2017 03:00:00 PM,77,32,45
05/22/2017 04:00:00 PM,152,45,107
05/22/2017 05:00:00 PM,241,77,164
05/22/2017 06:00:00 PM,103,39,64
05/22/2017 07:00:00 PM,47,20,27
05/22/2017 08:00:00 PM,21,9,12
05/22/2017 09:00:00 PM,13,8,5
05/22/2017 10:00:00 PM,9,3,6
05/22/2017 11:00:00 PM,5,0,5
05/23/2017 12:00:00 AM,2,1,1
05/23/2017 01:00:00 AM,0,0,0
05/23/2017 02:00:00 AM,1,0,1
05/23/2017 03:00:00 AM,2,1,1
05/23/2017 04:00:00 AM,5,2,3
05/23/2017 05:00:00 AM,16,10,6
05/23/2017 06:00:00 AM,46,25,21
05/23/2017 07:00:00 AM,147,57,90
05/23/2017 08:00:00 AM,185,68,117
05/23/2017 09:00:00 AM,89,42,47
05/23/2017 10:00:00 AM,33,18,15
05/23/2017 11:00:00 AM,28,11,17
05/23/2017 12:00:00 PM,41,19,22
05/23/2017 01:00:00 PM,33,18,15
05/23/2017 02:00:00 PM,40,16,24
05/23/2017 03:00:00 PM,79,32,47
05/23/2017 04:00:00 PM,186,55,131
05/23/2017 05:00:00 PM,263,103,160
05/23/2017 06:00:00 PM,122,42,80
05/23/2017 07:00:00 PM,41,21,20
05/23/2017 08:00:00 PM,16,2,14
05/23/2017 09:00:00 PM,14,9,5
05/23/2017 10:00:00 PM,3,0,3
05/23/2017 11:00:00 PM,6,5,1
05/24/2017 12:00:00 AM,1,0,1
05/24/2017 01:00:00 AM,0,0,0
05/24/2017 02:00:00 AM,1,1,0
05/24/2017 03:00:00 AM,0,0,0
05/24/2017 04:00:00 AM,1,1,0
05/24/2017 05:00:00 AM,8,8,0
05/24/2017 06:00:00 AM,51,27,24
05/24/2017 07:00:00 AM,106,47,59
05/24/2017 08:00:00 AM,171,72,99
05/24/2017 09:00:00 AM,85,39,46
05/24/2017 10:00:00 AM,38,16,22
05/24/2017 11:00:00 AM,34,21,13
05/24/2017 12:00:00 PM,62,38,24
05/24/2017 01:00:00 PM,22,12,10
05/24/2017 02:00:00 PM,31,10,21
05/24/2017 03:00:00 PM,63,22,41
05/24/2017 04:00:00 PM,141,44,97
05/24/2017 05:00:00 PM,203,64,139
05/24/2017 06:00:00 PM,101,36,65
05/24/2017 07:00:00 PM,34,14,20
05/24/2017 08:00:00 PM,20,6,14
05/24/2017 09:00:00 PM,16,6,10
05/24/2017 10:00:00 PM,12,6,6
05/24/2017 11:00:00 PM,7,3,4
05/25/2017 12:00:00 AM,3,1,2
05/25/2017 01:00:00 AM,0,0,0
05/25/2017 02:00:00 AM,0,0,0
05/25/2017 03:00:00 AM,0,0,0
05/25/2017 04:00:00 AM,4,1,3
05/25/2017 05:00:00 AM,11,9,2
05/25/2017 06:00:00 AM,44,21,23
05/25/2017 07:00:00 AM,85,40,45
05/25/2017 08:00:00 AM,170,69,101
05/25/2017 09:00:00 AM,92,39,53
05/25/2017 10:00:00 AM,32,16,16
05/25/2017 11:00:00 AM,26,9,17
05/25/2017 12:00:00 PM,34,22,12
05/25/2017 01:00:00 PM,29,16,13
05/25/2017 02:00:00 PM,35,12,23
05/25/2017 03:00:00 PM,69,27,42
05/25/2017 04:00:00 PM,144,52,92
05/25/2017 05:00:00 PM,187,70,117
05/25/2017 06:00:00 PM,112,38,74
05/25/2017 07:00:00 PM,42,16,26
05/25/2017 08:00:00 PM,17,10,7
05/25/2017 09:00:00 PM,17,9,8
05/25/2017 10:00:00 PM,10,4,6
05/25/2017 11:00:00 PM,5,3,2
05/26/2017 12:00:00 AM,2,1,1
05/26/2017 01:00:00 AM,0,0,0
05/26/2017 02:00:00 AM,1,0,1
05/26/2017 03:00:00 AM,0,0,0
05/26/2017 04:00:00 AM,2,0,2
05/26/2017 05:00:00 AM,7,6,1
05/26/2017 06:00:00 AM,40,26,14
05/26/2017 07:00:00 AM,94,41,53
05/26/2017 08:00:00 AM,138,61,77
05/26/2017 09:00:00 AM,75,30,45
05/26/2017 10:00:00 AM,32,20,12
05/26/2017 11:00:00 AM,34,13,21
05/26/2017 12:00:00 PM,39,24,15
05/26/2017 01:00:00 PM,57,34,23
05/26/2017 02:00:00 PM,67,25,42
05/26/2017 03:00:00 PM,90,43,47
05/26/2017 04:00:00 PM,129,47,82
05/26/2017 05:00:00 PM,141,59,82
05/26/2017 06:00:00 PM,61,24,37
05/26/2017 07:00:00 PM,22,12,10
05/26/2017 08:00:00 PM,21,8,13
05/26/2017 09:00:00 PM,10,2,8
05/26/2017 10:00:00 PM,9,4,5
05/26/2017 11:00:00 PM,7,4,3
05/27/2017 12:00:00 AM,5,3,2
05/27/2017 01:00:00 AM,1,0,1
05/27/2017 02:00:00 AM,1,1,0
05/27/2017 03:00:00 AM,0,0,0
05/27/2017 04:00:00 AM,0,0,0
05/27/2017 05:00:00 AM,1,0,1
05/27/2017 06:00:00 AM,7,3,4
05/27/2017 07:00:00 AM,5,4,1
05/27/2017 08:00:00 AM,16,8,8
05/27/2017 09:00:00 AM,14,6,8
05/27/2017 10:00:00 AM,47,17,30
05/27/2017 11:00:00 AM,74,11,63
05/27/2017 12:00:00 PM,39,13,26
05/27/2017 01:00:00 PM,29,20,9
05/27/2017 02:00:00 PM,72,53,19
05/27/2017 03:00:00 PM,25,8,17
05/27/2017 04:00:00 PM,26,15,11
05/27/2017 05:00:00 PM,28,12,16
05/27/2017 06:00:00 PM,27,14,13
05/27/2017 07:00:00 PM,17,2,15
05/27/2017 08:00:00 PM,10,3,7
05/27/2017 09:00:00 PM,10,3,7
05/27/2017 10:00:00 PM,6,2,4
05/27/2017 11:00:00 PM,4,2,2
05/28/2017 12:00:00 AM,2,2,0
05/28/2017 01:00:00 AM,2,1,1
05/28/2017 02:00:00 AM,0,0,0
05/28/2017 03:00:00 AM,3,1,2
05/28/2017 04:00:00 AM,3,0,3
05/28/2017 05:00:00 AM,66,9,57
05/28/2017 06:00:00 AM,236,33,203
05/28/2017 07:00:00 AM,77,15,62
05/28/2017 08:00:00 AM,47,42,5
05/28/2017 09:00:00 AM,98,82,16
05/28/2017 10:00:00 AM,113,105,8
05/28/2017 11:00:00 AM,55,40,15
05/28/2017 12:00:00 PM,41,27,14
05/28/2017 01:00:00 PM,27,7,20
05/28/2017 02:00:00 PM,33,17,16
05/28/2017 03:00:00 PM,23,12,11
05/28/2017 04:00:00 PM,10,7,3
05/28/2017 05:00:00 PM,28,13,15
05/28/2017 06:00:00 PM,18,8,10
05/28/2017 07:00:00 PM,15,4,11
05/28/2017 08:00:00 PM,11,5,6
05/28/2017 09:00:00 PM,4,3,1
05/28/2017 10:00:00 PM,8,4,4
05/28/2017 11:00:00 PM,3,0,3
05/29/2017 12:00:00 AM,1,0,1
05/29/2017 01:00:00 AM,2,1,1
05/29/2017 02:00:00 AM,0,0,0
05/29/2017 03:00:00 AM,0,0,0
05/29/2017 04:00:00 AM,0,0,0
05/29/2017 05:00:00 AM,0,0,0
05/29/2017 06:00:00 AM,2,1,1
05/29/2017 07:00:00 AM,8,4,4
05/29/2017 08:00:00 AM,11,5,6
05/29/2017 09:00:00 AM,11,6,5
05/29/2017 10:00:00 AM,6,1,5
05/29/2017 11:00:00 AM,17,11,6
05/29/2017 12:00:00 PM,23,12,11
05/29/2017 01:00:00 PM,21,8,13
05/29/2017 02:00:00 PM,31,18,13
05/29/2017 03:00:00 PM,43,22,21
05/29/2017 04:00:00 PM,20,14,6
05/29/2017 05:00:00 PM,22,11,11
05/29/2017 06:00:00 PM,16,11,5
05/29/2017 07:00:00 PM,20,10,10
05/29/2017 08:00:00 PM,11,6,5
05/29/2017 09:00:00 PM,7,4,3
05/29/2017 10:00:00 PM,6,4,2
05/29/2017 11:00:00 PM,9,6,3
05/30/2017 12:00:00 AM,1,1,0
05/30/2017 01:00:00 AM,1,0,1
05/30/2017 02:00:00 AM,0,0,0
05/30/2017 03:00:00 AM,1,1,0
05/30/2017 04:00:00 AM,3,2,1
05/30/2017 05:00:00 AM,5,3,2
05/30/2017 06:00:00 AM,43,23,20
05/30/2017 07:00:00 AM,89,50,39
05/30/2017 08:00:00 AM,126,53,73
05/30/2017 09:00:00 AM,68,29,39
05/30/2017 10:00:00 AM,27,17,10
05/30/2017 11:00:00 AM,19,10,9
05/30/2017 12:00:00 PM,26,15,11
05/30/2017 01:00:00 PM,32,15,17
05/30/2017 02:00:00 PM,27,16,11
05/30/2017 03:00:00 PM,43,15,28
05/30/2017 04:00:00 PM,111,32,79
05/30/2017 05:00:00 PM,179,58,121
05/30/2017 06:00:00 PM,89,36,53
05/30/2017 07:00:00 PM,34,16,18
05/30/2017 08:00:00 PM,11,3,8
05/30/2017 09:00:00 PM,8,5,3
05/30/2017 10:00:00 PM,8,3,5
05/30/2017 11:00:00 PM,3,0,3
05/31/2017 12:00:00 AM,2,1,1
05/31/2017 01:00:00 AM,0,0,0
05/31/2017 02:00:00 AM,0,0,0
05/31/2017 03:00:00 AM,0,0,0
05/31/2017 04:00:00 AM,1,0,1
05/31/2017 05:00:00 AM,8,6,2
05/31/2017 06:00:00 AM,53,29,24
05/31/2017 07:00:00 AM,103,53,50
05/31/2017 08:00:00 AM,152,67,85
05/31/2017 09:00:00 AM,90,45,45
05/31/2017 10:00:00 AM,35,20,15
05/31/2017 11:00:00 AM,26,15,11
05/31/2017 12:00:00 PM,23,11,12
05/31/2017 01:00:00 PM,26,16,10
05/31/2017 02:00:00 PM,38,21,17
05/31/2017 03:00:00 PM,72,24,48
05/31/2017 04:00:00 PM,149,35,114
05/31/2017 05:00:00 PM,187,67,120
05/31/2017 06:00:00 PM,121,42,79
05/31/2017 07:00:00 PM,52,23,29
05/31/2017 08:00:00 PM,24,8,16
05/31/2017 09:00:00 PM,7,3,4
05/31/2017 10:00:00 PM,11,6,5
05/31/2017 11:00:00 PM,4,2,2
06/01/2017 12:00:00 AM,3,1,2
06/01/2017 01:00:00 AM,0,0,0
06/01/2017 02:00:00 AM,0,0,0
06/01/2017 03:00:00 AM,0,0,0
06/01/2017 04:00:00 AM,0,0,0
06/01/2017 05:00:00 AM,11,7,4
06/01/2017 06:00:00 AM,45,28,17
06/01/2017 07:00:00 AM,90,48,42
06/01/2017 08:00:00 AM,122,51,71
06/01/2017 09:00:00 AM,65,32,33
06/01/2017 10:00:00 AM,36,10,26
06/01/2017 11:00:00 AM,29,18,11
06/01/2017 12:00:00 PM,41,20,21
06/01/2017 01:00:00 PM,24,9,15
06/01/2017 02:00:00 PM,23,7,16
06/01/2017 03:00:00 PM,65,26,39
06/01/2017 04:00:00 PM,105,30,75
06/01/2017 05:00:00 PM,175,57,118
06/01/2017 06:00:00 PM,91,31,60
06/01/2017 07:00:00 PM,36,17,19
06/01/2017 08:00:00 PM,31,13,18
06/01/2017 09:00:00 PM,25,16,9
06/01/2017 10:00:00 PM,8,4,4
06/01/2017 11:00:00 PM,6,2,4
06/02/2017 12:00:00 AM,1,1,0
06/02/2017 01:00:00 AM,2,1,1
06/02/2017 02:00:00 AM,0,0,0
06/02/2017 03:00:00 AM,1,0,1
06/02/2017 04:00:00 AM,1,1,0
06/02/2017 05:00:00 AM,7,3,4
06/02/2017 06:00:00 AM,34,20,14
06/02/2017 07:00:00 AM,81,42,39
06/02/2017 08:00:00 AM,119,51,68
06/02/2017 09:00:00 AM,76,39,37
06/02/2017 10:00:00 AM,25,10,15
06/02/2017 11:00:00 AM,28,17,11
06/02/2017 12:00:00 PM,28,14,14
06/02/2017 01:00:00 PM,40,20,20
06/02/2017 02:00:00 PM,32,13,19
06/02/2017 03:00:00 PM,68,24,44
06/02/2017 04:00:00 PM,136,45,91
06/02/2017 05:00:00 PM,164,60,104
06/02/2017 06:00:00 PM,91,25,66
06/02/2017 07:00:00 PM,46,22,24
06/02/2017 08:00:00 PM,19,7,12
06/02/2017 09:00:00 PM,12,7,5
06/02/2017 10:00:00 PM,8,6,2
06/02/2017 11:00:00 PM,7,3,4
06/03/2017 12:00:00 AM,2,2,0
06/03/2017 01:00:00 AM,3,2,1
06/03/2017 02:00:00 AM,9,6,3
06/03/2017 03:00:00 AM,1,1,0
06/03/2017 04:00:00 AM,0,0,0
06/03/2017 05:00:00 AM,5,2,3
06/03/2017 06:00:00 AM,3,2,1
06/03/2017 07:00:00 AM,6,5,1
06/03/2017 08:00:00 AM,11,2,9
06/03/2017 09:00:00 AM,13,5,8
06/03/2017 10:00:00 AM,21,8,13
06/03/2017 11:00:00 AM,26,13,13
06/03/2017 12:00:00 PM,19,8,11
06/03/2017 01:00:00 PM,27,13,14
06/03/2017 02:00:00 PM,24,11,13
06/03/2017 03:00:00 PM,27,14,13
06/03/2017 04:00:00 PM,30,8,22
06/03/2017 05:00:00 PM,19,8,11
06/03/2017 06:00:00 PM,19,8,11
06/03/2017 07:00:00 PM,16,6,10
06/03/2017 08:00:00 PM,9,6,3
06/03/2017 09:00:00 PM,9,6,3
06/03/2017 10:00:00 PM,5,2,3
06/03/2017 11:00:00 PM,6,5,1
06/04/2017 12:00:00 AM,7,3,4
06/04/2017 01:00:00 AM,2,1,1
06/04/2017 02:00:00 AM,6,3,3
06/04/2017 03:00:00 AM,3,2,1
06/04/2017 04:00:00 AM,0,0,0
06/04/2017 05:00:00 AM,0,0,0
06/04/2017 06:00:00 AM,2,0,2
06/04/2017 07:00:00 AM,10,7,3
06/04/2017 08:00:00 AM,12,4,8
06/04/2017 09:00:00 AM,23,11,12
06/04/2017 10:00:00 AM,13,7,6
06/04/2017 11:00:00 AM,18,11,7
06/04/2017 12:00:00 PM,32,18,14
06/04/2017 01:00:00 PM,37,19,18
06/04/2017 02:00:00 PM,25,10,15
06/04/2017 03:00:00 PM,35,22,13
06/04/2017 04:00:00 PM,31,16,15
06/04/2017 05:00:00 PM,23,11,12
06/04/2017 06:00:00 PM,31,13,18
06/04/2017 07:00:00 PM,16,10,6
06/04/2017 08:00:00 PM,8,8,0
06/04/2017 09:00:00 PM,22,15,7
06/04/2017 10:00:00 PM,8,5,3
06/04/2017 11:00:00 PM,2,2,0
06/05/2017 12:00:00 AM,2,1,1
06/05/2017 01:00:00 AM,0,0,0
06/05/2017 02:00:00 AM,0,0,0
06/05/2017 03:00:00 AM,1,0,1
06/05/2017 04:00:00 AM,3,1,2
06/05/2017 05:00:00 AM,15,11,4
06/05/2017 06:00:00 AM,48,28,20
06/05/2017 07:00:00 AM,90,44,46
06/05/2017 08:00:00 AM,160,75,85
06/05/2017 09:00:00 AM,100,48,52
06/05/2017 10:00:00 AM,27,12,15
06/05/2017 11:00:00 AM,21,11,10
06/05/2017 12:00:00 PM,36,22,14
06/05/2017 01:00:00 PM,37,18,19
06/05/2017 02:00:00 PM,28,13,15
06/05/2017 03:00:00 PM,52,13,39
06/05/2017 04:00:00 PM,150,53,97
06/05/2017 05:00:00 PM,215,58,157
06/05/2017 06:00:00 PM,125,42,83
06/05/2017 07:00:00 PM,45,16,29
06/05/2017 08:00:00 PM,21,7,14
06/05/2017 09:00:00 PM,8,5,3
06/05/2017 10:00:00 PM,9,4,5
06/05/2017 11:00:00 PM,5,1,4
06/06/2017 12:00:00 AM,4,1,3
06/06/2017 01:00:00 AM,0,0,0
06/06/2017 02:00:00 AM,2,1,1
06/06/2017 03:00:00 AM,4,3,1
06/06/2017 04:00:00 AM,2,0,2
06/06/2017 05:00:00 AM,20,12,8
06/06/2017 06:00:00 AM,57,29,28
06/06/2017 07:00:00 AM,114,63,51
06/06/2017 08:00:00 AM,169,71,98
06/06/2017 09:00:00 AM,108,44,64
06/06/2017 10:00:00 AM,40,16,24
06/06/2017 11:00:00 AM,25,10,15
06/06/2017 12:00:00 PM,37,17,20
06/06/2017 01:00:00 PM,29,14,15
06/06/2017 02:00:00 PM,45,23,22
06/06/2017 03:00:00 PM,71,33,38
06/06/2017 04:00:00 PM,152,47,105
06/06/2017 05:00:00 PM,244,61,183
06/06/2017 06:00:00 PM,139,51,88
06/06/2017 07:00:00 PM,54,16,38
06/06/2017 08:00:00 PM,28,12,16
06/06/2017 09:00:00 PM,8,2,6
06/06/2017 10:00:00 PM,22,17,5
06/06/2017 11:00:00 PM,6,4,2
06/07/2017 12:00:00 AM,1,1,0
06/07/2017 01:00:00 AM,2,2,0
06/07/2017 02:00:00 AM,3,2,1
06/07/2017 03:00:00 AM,0,0,0
06/07/2017 04:00:00 AM,1,1,0
06/07/2017 05:00:00 AM,16,12,4
06/07/2017 06:00:00 AM,51,28,23
06/07/2017 07:00:00 AM,96,59,37
06/07/2017 08:00:00 AM,187,84,103
06/07/2017 09:00:00 AM,98,35,63
06/07/2017 10:00:00 AM,69,19,50
06/07/2017 11:00:00 AM,28,12,16
06/07/2017 12:00:00 PM,38,21,17
06/07/2017 01:00:00 PM,37,22,15
06/07/2017 02:00:00 PM,32,13,19
06/07/2017 03:00:00 PM,63,17,46
06/07/2017 04:00:00 PM,154,42,112
06/07/2017 05:00:00 PM,259,84,175
06/07/2017 06:00:00 PM,134,47,87
06/07/2017 07:00:00 PM,41,19,22
06/07/2017 08:00:00 PM,24,11,13
06/07/2017 09:00:00 PM,12,5,7
06/07/2017 10:00:00 PM,22,16,6
06/07/2017 11:00:00 PM,8,6,2
06/08/2017 12:00:00 AM,2,1,1
06/08/2017 01:00:00 AM,0,0,0
06/08/2017 02:00:00 AM,0,0,0
06/08/2017 03:00:00 AM,0,0,0
06/08/2017 04:00:00 AM,1,0,1
06/08/2017 05:00:00 AM,9,8,1
06/08/2017 06:00:00 AM,29,17,12
06/08/2017 07:00:00 AM,60,31,29
06/08/2017 08:00:00 AM,65,19,46
06/08/2017 09:00:00 AM,40,14,26
06/08/2017 10:00:00 AM,19,11,8
06/08/2017 11:00:00 AM,12,8,4
06/08/2017 12:00:00 PM,16,13,3
06/08/2017 01:00:00 PM,19,10,9
06/08/2017 02:00:00 PM,16,8,8
06/08/2017 03:00:00 PM,45,14,31
06/08/2017 04:00:00 PM,75,19,56
06/08/2017 05:00:00 PM,125,36,89
06/08/2017 06:00:00 PM,69,26,43
06/08/2017 07:00:00 PM,29,11,18
06/08/2017 08:00:00 PM,15,7,8
06/08/2017 09:00:00 PM,17,6,11
06/08/2017 10:00:00 PM,15,11,4
06/08/2017 11:00:00 PM,5,3,2
06/09/2017 12:00:00 AM,4,2,2
06/09/2017 01:00:00 AM,0,0,0
06/09/2017 02:00:00 AM,0,0,0
06/09/2017 03:00:00 AM,1,0,1
06/09/2017 04:00:00 AM,2,1,1
06/09/2017 05:00:00 AM,9,6,3
06/09/2017 06:00:00 AM,39,27,12
06/09/2017 07:00:00 AM,78,41,37
06/09/2017 08:00:00 AM,110,44,66
06/09/2017 09:00:00 AM,66,29,37
06/09/2017 10:00:00 AM,23,10,13
06/09/2017 11:00:00 AM,36,23,13
06/09/2017 12:00:00 PM,29,9,20
06/09/2017 01:00:00 PM,31,16,15
06/09/2017 02:00:00 PM,36,16,20
06/09/2017 03:00:00 PM,58,16,42
06/09/2017 04:00:00 PM,122,43,79
06/09/2017 05:00:00 PM,146,52,94
06/09/2017 06:00:00 PM,80,25,55
06/09/2017 07:00:00 PM,33,15,18
06/09/2017 08:00:00 PM,17,8,9
06/09/2017 09:00:00 PM,9,5,4
06/09/2017 10:00:00 PM,14,9,5
06/09/2017 11:00:00 PM,9,4,5
06/10/2017 12:00:00 AM,2,1,1
06/10/2017 01:00:00 AM,2,0,2
06/10/2017 02:00:00 AM,3,0,3
06/10/2017 03:00:00 AM,0,0,0
06/10/2017 04:00:00 AM,0,0,0
06/10/2017 05:00:00 AM,0,0,0
06/10/2017 06:00:00 AM,3,3,0
06/10/2017 07:00:00 AM,9,4,5
06/10/2017 08:00:00 AM,16,8,8
06/10/2017 09:00:00 AM,12,3,9
06/10/2017 10:00:00 AM,16,4,12
06/10/2017 11:00:00 AM,33,21,12
06/10/2017 12:00:00 PM,29,19,10
06/10/2017 01:00:00 PM,45,31,14
06/10/2017 02:00:00 PM,30,13,17
06/10/2017 03:00:00 PM,34,14,20
06/10/2017 04:00:00 PM,47,25,22
06/10/2017 05:00:00 PM,30,14,16
06/10/2017 06:00:00 PM,30,12,18
06/10/2017 07:00:00 PM,20,8,12
06/10/2017 08:00:00 PM,11,6,5
06/10/2017 09:00:00 PM,6,4,2
06/10/2017 10:00:00 PM,17,9,8
06/10/2017 11:00:00 PM,9,6,3
06/11/2017 12:00:00 AM,2,2,0
06/11/2017 01:00:00 AM,1,1,0
06/11/2017 02:00:00 AM,1,1,0
06/11/2017 03:00:00 AM,0,0,0
06/11/2017 04:00:00 AM,0,0,0
06/11/2017 05:00:00 AM,1,1,0
06/11/2017 06:00:00 AM,4,1,3
06/11/2017 07:00:00 AM,7,3,4
06/11/2017 08:00:00 AM,11,7,4
06/11/2017 09:00:00 AM,18,3,15
06/11/2017 10:00:00 AM,25,11,14
06/11/2017 11:00:00 AM,18,7,11
06/11/2017 12:00:00 PM,29,12,17
06/11/2017 01:00:00 PM,25,9,16
06/11/2017 02:00:00 PM,20,12,8
06/11/2017 03:00:00 PM,41,28,13
06/11/2017 04:00:00 PM,33,16,17
06/11/2017 05:00:00 PM,20,14,6
06/11/2017 06:00:00 PM,22,13,9
06/11/2017 07:00:00 PM,11,7,4
06/11/2017 08:00:00 PM,8,6,2
06/11/2017 09:00:00 PM,7,6,1
06/11/2017 10:00:00 PM,5,2,3
06/11/2017 11:00:00 PM,3,1,2
06/12/2017 12:00:00 AM,4,2,2
06/12/2017 01:00:00 AM,1,1,0
06/12/2017 02:00:00 AM,1,0,1
06/12/2017 03:00:00 AM,0,0,0
06/12/2017 04:00:00 AM,0,0,0
06/12/2017 05:00:00 AM,14,8,6
06/12/2017 06:00:00 AM,31,16,15
06/12/2017 07:00:00 AM,102,45,57
06/12/2017 08:00:00 AM,140,66,74
06/12/2017 09:00:00 AM,87,47,40
06/12/2017 10:00:00 AM,31,20,11
06/12/2017 11:00:00 AM,28,16,12
06/12/2017 12:00:00 PM,39,20,19
06/12/2017 01:00:00 PM,17,9,8
06/12/2017 02:00:00 PM,30,12,18
06/12/2017 03:00:00 PM,50,12,38
06/12/2017 04:00:00 PM,128,33,95
06/12/2017 05:00:00 PM,188,64,124
06/12/2017 06:00:00 PM,101,36,65
06/12/2017 07:00:00 PM,27,13,14
06/12/2017 08:00:00 PM,17,9,8
06/12/2017 09:00:00 PM,8,4,4
06/12/2017 10:00:00 PM,1,0,1
06/12/2017 11:00:00 PM,3,0,3
06/13/2017 12:00:00 AM,1,0,1
06/13/2017 01:00:00 AM,1,1,0
06/13/2017 02:00:00 AM,0,0,0
06/13/2017 03:00:00 AM,0,0,0
06/13/2017 04:00:00 AM,3,1,2
06/13/2017 05:00:00 AM,15,12,3
06/13/2017 06:00:00 AM,31,17,14
06/13/2017 07:00:00 AM,92,47,45
06/13/2017 08:00:00 AM,116,50,66
06/13/2017 09:00:00 AM,70,34,36
06/13/2017 10:00:00 AM,27,14,13
06/13/2017 11:00:00 AM,25,15,10
06/13/2017 12:00:00 PM,31,18,13
06/13/2017 01:00:00 PM,32,12,20
06/13/2017 02:00:00 PM,34,11,23
06/13/2017 03:00:00 PM,47,18,29
06/13/2017 04:00:00 PM,134,50,84
06/13/2017 05:00:00 PM,172,52,120
06/13/2017 06:00:00 PM,76,29,47
06/13/2017 07:00:00 PM,39,18,21
06/13/2017 08:00:00 PM,12,6,6
06/13/2017 09:00:00 PM,8,5,3
06/13/2017 10:00:00 PM,7,2,5
06/13/2017 11:00:00 PM,2,0,2
06/14/2017 12:00:00 AM,1,1,0
06/14/2017 01:00:00 AM,5,4,1
06/14/2017 02:00:00 AM,1,0,1
06/14/2017 03:00:00 AM,1,1,0
06/14/2017 04:00:00 AM,2,1,1
06/14/2017 05:00:00 AM,14,11,3
06/14/2017 06:00:00 AM,44,28,16
06/14/2017 07:00:00 AM,124,61,63
06/14/2017 08:00:00 AM,140,64,76
06/14/2017 09:00:00 AM,78,41,37
06/14/2017 10:00:00 AM,37,21,16
06/14/2017 11:00:00 AM,22,10,12
06/14/2017 12:00:00 PM,22,13,9
06/14/2017 01:00:00 PM,28,14,14
06/14/2017 02:00:00 PM,42,21,21
06/14/2017 03:00:00 PM,68,19,49
06/14/2017 04:00:00 PM,150,41,109
06/14/2017 05:00:00 PM,183,62,121
06/14/2017 06:00:00 PM,115,48,67
06/14/2017 07:00:00 PM,42,14,28
06/14/2017 08:00:00 PM,24,7,17
06/14/2017 09:00:00 PM,22,8,14
06/14/2017 10:00:00 PM,8,7,1
06/14/2017 11:00:00 PM,1,0,1
06/15/2017 12:00:00 AM,3,0,3
06/15/2017 01:00:00 AM,3,2,1
06/15/2017 02:00:00 AM,0,0,0
06/15/2017 03:00:00 AM,1,0,1
06/15/2017 04:00:00 AM,1,0,1
06/15/2017 05:00:00 AM,7,5,2
06/15/2017 06:00:00 AM,29,18,11
06/15/2017 07:00:00 AM,57,36,21
06/15/2017 08:00:00 AM,73,36,37
06/15/2017 09:00:00 AM,48,21,27
06/15/2017 10:00:00 AM,16,10,6
06/15/2017 11:00:00 AM,12,5,7
06/15/2017 12:00:00 PM,9,6,3
06/15/2017 01:00:00 PM,19,8,11
06/15/2017 02:00:00 PM,24,15,9
06/15/2017 03:00:00 PM,38,16,22
06/15/2017 04:00:00 PM,77,24,53
06/15/2017 05:00:00 PM,99,33,66
06/15/2017 06:00:00 PM,60,14,46
06/15/2017 07:00:00 PM,17,6,11
06/15/2017 08:00:00 PM,5,1,4
06/15/2017 09:00:00 PM,5,1,4
06/15/2017 10:00:00 PM,3,1,2
06/15/2017 11:00:00 PM,1,1,0
06/16/2017 12:00:00 AM,0,0,0
06/16/2017 01:00:00 AM,2,1,1
06/16/2017 02:00:00 AM,0,0,0
06/16/2017 03:00:00 AM,1,1,0
06/16/2017 04:00:00 AM,0,0,0
06/16/2017 05:00:00 AM,6,6,0
06/16/2017 06:00:00 AM,34,21,13
06/16/2017 07:00:00 AM,70,33,37
06/16/2017 08:00:00 AM,99,43,56
06/16/2017 09:00:00 AM,66,28,38
06/16/2017 10:00:00 AM,24,10,14
06/16/2017 11:00:00 AM,37,25,12
06/16/2017 12:00:00 PM,27,8,19
06/16/2017 01:00:00 PM,44,25,19
06/16/2017 02:00:00 PM,41,18,23
06/16/2017 03:00:00 PM,68,14,54
06/16/2017 04:00:00 PM,116,37,79
06/16/2017 05:00:00 PM,161,52,109
06/16/2017 06:00:00 PM,66,31,35
06/16/2017 07:00:00 PM,28,14,14
06/16/2017 08:00:00 PM,15,4,11
06/16/2017 09:00:00 PM,10,5,5
06/16/2017 10:00:00 PM,7,1,6
06/16/2017 11:00:00 PM,5,3,2
06/17/2017 12:00:00 AM,0,0,0
06/17/2017 01:00:00 AM,3,2,1
06/17/2017 02:00:00 AM,0,0,0
06/17/2017 03:00:00 AM,1,1,0
06/17/2017 04:00:00 AM,1,0,1
06/17/2017 05:00:00 AM,0,0,0
06/17/2017 06:00:00 AM,2,2,0
06/17/2017 07:00:00 AM,9,6,3
06/17/2017 08:00:00 AM,36,10,26
06/17/2017 09:00:00 AM,12,0,12
06/17/2017 10:00:00 AM,23,15,8
06/17/2017 11:00:00 AM,45,31,14
06/17/2017 12:00:00 PM,28,16,12
06/17/2017 01:00:00 PM,50,41,9
06/17/2017 02:00:00 PM,33,10,23
06/17/2017 03:00:00 PM,20,7,13
06/17/2017 04:00:00 PM,32,15,17
06/17/2017 05:00:00 PM,23,9,14
06/17/2017 06:00:00 PM,21,11,10
06/17/2017 07:00:00 PM,12,4,8
06/17/2017 08:00:00 PM,10,5,5
06/17/2017 09:00:00 PM,7,3,4
06/17/2017 10:00:00 PM,6,5,1
06/17/2017 11:00:00 PM,2,2,0
06/18/2017 12:00:00 AM,4,1,3
06/18/2017 01:00:00 AM,0,0,0
06/18/2017 02:00:00 AM,1,1,0
06/18/2017 03:00:00 AM,1,0,1
06/18/2017 04:00:00 AM,0,0,0
06/18/2017 05:00:00 AM,2,1,1
06/18/2017 06:00:00 AM,3,0,3
06/18/2017 07:00:00 AM,7,5,2
06/18/2017 08:00:00 AM,17,6,11
06/18/2017 09:00:00 AM,13,5,8
06/18/2017 10:00:00 AM,16,6,10
06/18/2017 11:00:00 AM,22,13,9
06/18/2017 12:00:00 PM,22,15,7
06/18/2017 01:00:00 PM,19,8,11
06/18/2017 02:00:00 PM,24,10,14
06/18/2017 03:00:00 PM,15,5,10
06/18/2017 04:00:00 PM,9,4,5
06/18/2017 05:00:00 PM,19,10,9
06/18/2017 06:00:00 PM,22,9,13
06/18/2017 07:00:00 PM,18,9,9
06/18/2017 08:00:00 PM,7,2,5
06/18/2017 09:00:00 PM,12,6,6
06/18/2017 10:00:00 PM,7,6,1
06/18/2017 11:00:00 PM,2,0,2
06/19/2017 12:00:00 AM,0,0,0
06/19/2017 01:00:00 AM,0,0,0
06/19/2017 02:00:00 AM,0,0,0
06/19/2017 03:00:00 AM,1,0,1
06/19/2017 04:00:00 AM,1,0,1
06/19/2017 05:00:00 AM,15,11,4
06/19/2017 06:00:00 AM,35,17,18
06/19/2017 07:00:00 AM,89,43,46
06/19/2017 08:00:00 AM,128,68,60
06/19/2017 09:00:00 AM,80,36,44
06/19/2017 10:00:00 AM,24,14,10
06/19/2017 11:00:00 AM,26,15,11
06/19/2017 12:00:00 PM,23,11,12
06/19/2017 01:00:00 PM,32,19,13
06/19/2017 02:00:00 PM,24,8,16
06/19/2017 03:00:00 PM,57,17,40
06/19/2017 04:00:00 PM,135,35,100
06/19/2017 05:00:00 PM,220,68,152
06/19/2017 06:00:00 PM,102,32,70
06/19/2017 07:00:00 PM,34,11,23
06/19/2017 08:00:00 PM,11,5,6
06/19/2017 09:00:00 PM,6,3,3
06/19/2017 10:00:00 PM,8,5,3
06/19/2017 11:00:00 PM,6,3,3
06/20/2017 12:00:00 AM,2,2,0
06/20/2017 01:00:00 AM,2,2,0
06/20/2017 02:00:00 AM,0,0,0
06/20/2017 03:00:00 AM,0,0,0
06/20/2017 04:00:00 AM,3,0,3
06/20/2017 05:00:00 AM,11,9,2
06/20/2017 06:00:00 AM,51,29,22
06/20/2017 07:00:00 AM,89,52,37
06/20/2017 08:00:00 AM,103,42,61
06/20/2017 09:00:00 AM,78,30,48
06/20/2017 10:00:00 AM,26,11,15
06/20/2017 11:00:00 AM,27,16,11
06/20/2017 12:00:00 PM,27,15,12
06/20/2017 01:00:00 PM,21,8,13
06/20/2017 02:00:00 PM,34,11,23
06/20/2017 03:00:00 PM,57,14,43
06/20/2017 04:00:00 PM,131,50,81
06/20/2017 05:00:00 PM,175,48,127
06/20/2017 06:00:00 PM,83,35,48
06/20/2017 07:00:00 PM,39,15,24
06/20/2017 08:00:00 PM,9,2,7
06/20/2017 09:00:00 PM,8,2,6
06/20/2017 10:00:00 PM,9,2,7
06/20/2017 11:00:00 PM,4,1,3
06/21/2017 12:00:00 AM,0,0,0
06/21/2017 01:00:00 AM,0,0,0
06/21/2017 02:00:00 AM,0,0,0
06/21/2017 03:00:00 AM,1,0,1
06/21/2017 04:00:00 AM,1,0,1
06/21/2017 05:00:00 AM,13,11,2
06/21/2017 06:00:00 AM,49,29,20
06/21/2017 07:00:00 AM,92,43,49
06/21/2017 08:00:00 AM,131,67,64
06/21/2017 09:00:00 AM,93,39,54
06/21/2017 10:00:00 AM,48,26,22
06/21/2017 11:00:00 AM,26,13,13
06/21/2017 12:00:00 PM,34,13,21
06/21/2017 01:00:00 PM,31,15,16
06/21/2017 02:00:00 PM,38,15,23
06/21/2017 03:00:00 PM,81,17,64
06/21/2017 04:00:00 PM,149,44,105
06/21/2017 05:00:00 PM,236,68,168
06/21/2017 06:00:00 PM,123,36,87
06/21/2017 07:00:00 PM,60,16,44
06/21/2017 08:00:00 PM,13,8,5
06/21/2017 09:00:00 PM,34,25,9
06/21/2017 10:00:00 PM,15,11,4
06/21/2017 11:00:00 PM,5,2,3
06/22/2017 12:00:00 AM,2,1,1
06/22/2017 01:00:00 AM,0,0,0
06/22/2017 02:00:00 AM,0,0,0
06/22/2017 03:00:00 AM,1,1,0
06/22/2017 04:00:00 AM,1,0,1
06/22/2017 05:00:00 AM,11,8,3
06/22/2017 06:00:00 AM,50,29,21
06/22/2017 07:00:00 AM,107,48,59
06/22/2017 08:00:00 AM,148,58,90
06/22/2017 09:00:00 AM,95,42,53
06/22/2017 10:00:00 AM,26,11,15
06/22/2017 11:00:00 AM,26,12,14
06/22/2017 12:00:00 PM,52,29,23
06/22/2017 01:00:00 PM,38,17,21
06/22/2017 02:00:00 PM,39,15,24
06/22/2017 03:00:00 PM,74,24,50
06/22/2017 04:00:00 PM,147,44,103
06/22/2017 05:00:00 PM,191,67,124
06/22/2017 06:00:00 PM,103,34,69
06/22/2017 07:00:00 PM,53,23,30
06/22/2017 08:00:00 PM,32,18,14
06/22/2017 09:00:00 PM,10,3,7
06/22/2017 10:00:00 PM,17,12,5
06/22/2017 11:00:00 PM,3,3,0
06/23/2017 12:00:00 AM,1,0,1
06/23/2017 01:00:00 AM,2,2,0
06/23/2017 02:00:00 AM,1,0,1
06/23/2017 03:00:00 AM,0,0,0
06/23/2017 04:00:00 AM,2,0,2
06/23/2017 05:00:00 AM,13,9,4
06/23/2017 06:00:00 AM,33,21,12
06/23/2017 07:00:00 AM,92,43,49
06/23/2017 08:00:00 AM,108,42,66
06/23/2017 09:00:00 AM,66,34,32
06/23/2017 10:00:00 AM,34,18,16
06/23/2017 11:00:00 AM,37,18,19
06/23/2017 12:00:00 PM,35,16,19
06/23/2017 01:00:00 PM,36,14,22
06/23/2017 02:00:00 PM,48,12,36
06/23/2017 03:00:00 PM,99,43,56
06/23/2017 04:00:00 PM,130,44,86
06/23/2017 05:00:00 PM,169,57,112
06/23/2017 06:00:00 PM,69,11,58
06/23/2017 07:00:00 PM,48,21,27
06/23/2017 08:00:00 PM,12,8,4
06/23/2017 09:00:00 PM,14,7,7
06/23/2017 10:00:00 PM,8,2,6
06/23/2017 11:00:00 PM,6,3,3
06/24/2017 12:00:00 AM,4,3,1
06/24/2017 01:00:00 AM,3,1,2
06/24/2017 02:00:00 AM,2,2,0
06/24/2017 03:00:00 AM,2,1,1
06/24/2017 04:00:00 AM,0,0,0
06/24/2017 05:00:00 AM,0,0,0
06/24/2017 06:00:00 AM,6,3,3
06/24/2017 07:00:00 AM,11,3,8
06/24/2017 08:00:00 AM,16,3,13
06/24/2017 09:00:00 AM,26,7,19
06/24/2017 10:00:00 AM,44,11,33
06/24/2017 11:00:00 AM,32,11,21
06/24/2017 12:00:00 PM,38,16,22
06/24/2017 01:00:00 PM,31,19,12
06/24/2017 02:00:00 PM,38,15,23
06/24/2017 03:00:00 PM,24,11,13
06/24/2017 04:00:00 PM,35,15,20
06/24/2017 05:00:00 PM,23,10,13
06/24/2017 06:00:00 PM,21,8,13
06/24/2017 07:00:00 PM,16,8,8
06/24/2017 08:00:00 PM,8,4,4
06/24/2017 09:00:00 PM,6,4,2
06/24/2017 10:00:00 PM,10,7,3
06/24/2017 11:00:00 PM,9,6,3
06/25/2017 12:00:00 AM,3,2,1
06/25/2017 01:00:00 AM,3,2,1
06/25/2017 02:00:00 AM,2,2,0
06/25/2017 03:00:00 AM,0,0,0
06/25/2017 04:00:00 AM,1,1,0
06/25/2017 05:00:00 AM,1,1,0
06/25/2017 06:00:00 AM,2,0,2
06/25/2017 07:00:00 AM,9,4,5
06/25/2017 08:00:00 AM,11,6,5
06/25/2017 09:00:00 AM,12,4,8
06/25/2017 10:00:00 AM,19,10,9
06/25/2017 11:00:00 AM,21,13,8
06/25/2017 12:00:00 PM,20,14,6
06/25/2017 01:00:00 PM,36,21,15
06/25/2017 02:00:00 PM,28,13,15
06/25/2017 03:00:00 PM,10,5,5
06/25/2017 04:00:00 PM,21,10,11
06/25/2017 05:00:00 PM,39,23,16
06/25/2017 06:00:00 PM,22,14,8
06/25/2017 07:00:00 PM,9,4,5
06/25/2017 08:00:00 PM,12,7,5
06/25/2017 09:00:00 PM,11,8,3
06/25/2017 10:00:00 PM,17,13,4
06/25/2017 11:00:00 PM,5,2,3
06/26/2017 12:00:00 AM,2,0,2
06/26/2017 01:00:00 AM,0,0,0
06/26/2017 02:00:00 AM,1,1,0
06/26/2017 03:00:00 AM,0,0,0
06/26/2017 04:00:00 AM,2,1,1
06/26/2017 05:00:00 AM,14,11,3
06/26/2017 06:00:00 AM,49,27,22
06/26/2017 07:00:00 AM,96,39,57
06/26/2017 08:00:00 AM,140,63,77
06/26/2017 09:00:00 AM,85,31,54
06/26/2017 10:00:00 AM,19,8,11
06/26/2017 11:00:00 AM,30,18,12
06/26/2017 12:00:00 PM,26,13,13
06/26/2017 01:00:00 PM,28,11,17
06/26/2017 02:00:00 PM,41,19,22
06/26/2017 03:00:00 PM,67,23,44
06/26/2017 04:00:00 PM,144,38,106
06/26/2017 05:00:00 PM,195,67,128
06/26/2017 06:00:00 PM,89,32,57
06/26/2017 07:00:00 PM,31,16,15
06/26/2017 08:00:00 PM,16,7,9
06/26/2017 09:00:00 PM,8,2,6
06/26/2017 10:00:00 PM,3,1,2
06/26/2017 11:00:00 PM,5,3,2
06/27/2017 12:00:00 AM,1,1,0
06/27/2017 01:00:00 AM,0,0,0
06/27/2017 02:00:00 AM,0,0,0
06/27/2017 03:00:00 AM,1,0,1
06/27/2017 04:00:00 AM,1,0,1
06/27/2017 05:00:00 AM,10,8,2
06/27/2017 06:00:00 AM,45,26,19
06/27/2017 07:00:00 AM,107,48,59
06/27/2017 08:00:00 AM,152,66,86
06/27/2017 09:00:00 AM,89,45,44
06/27/2017 10:00:00 AM,26,12,14
06/27/2017 11:00:00 AM,40,23,17
06/27/2017 12:00:00 PM,23,12,11
06/27/2017 01:00:00 PM,24,6,18
06/27/2017 02:00:00 PM,35,13,22
06/27/2017 03:00:00 PM,72,17,55
06/27/2017 04:00:00 PM,129,35,94
06/27/2017 05:00:00 PM,223,67,156
06/27/2017 06:00:00 PM,125,44,81
06/27/2017 07:00:00 PM,56,12,44
06/27/2017 08:00:00 PM,30,19,11
06/27/2017 09:00:00 PM,13,6,7
06/27/2017 10:00:00 PM,12,9,3
06/27/2017 11:00:00 PM,5,5,0
06/28/2017 12:00:00 AM,2,0,2
06/28/2017 01:00:00 AM,3,2,1
06/28/2017 02:00:00 AM,1,0,1
06/28/2017 03:00:00 AM,0,0,0
06/28/2017 04:00:00 AM,3,2,1
06/28/2017 05:00:00 AM,15,10,5
06/28/2017 06:00:00 AM,42,23,19
06/28/2017 07:00:00 AM,86,39,47
06/28/2017 08:00:00 AM,124,50,74
06/28/2017 09:00:00 AM,88,40,48
06/28/2017 10:00:00 AM,41,22,19
06/28/2017 11:00:00 AM,31,16,15
06/28/2017 12:00:00 PM,62,24,38
06/28/2017 01:00:00 PM,33,17,16
06/28/2017 02:00:00 PM,37,17,20
06/28/2017 03:00:00 PM,77,30,47
06/28/2017 04:00:00 PM,132,42,90
06/28/2017 05:00:00 PM,211,62,149
06/28/2017 06:00:00 PM,139,49,90
06/28/2017 07:00:00 PM,33,16,17
06/28/2017 08:00:00 PM,26,12,14
06/28/2017 09:00:00 PM,9,6,3
06/28/2017 10:00:00 PM,6,3,3
06/28/2017 11:00:00 PM,5,4,1
06/29/2017 12:00:00 AM,0,0,0
06/29/2017 01:00:00 AM,1,0,1
06/29/2017 02:00:00 AM,4,2,2
06/29/2017 03:00:00 AM,1,0,1
06/29/2017 04:00:00 AM,2,1,1
06/29/2017 05:00:00 AM,11,6,5
06/29/2017 06:00:00 AM,35,20,15
06/29/2017 07:00:00 AM,92,40,52
06/29/2017 08:00:00 AM,123,57,66
06/29/2017 09:00:00 AM,80,36,44
06/29/2017 10:00:00 AM,35,16,19
06/29/2017 11:00:00 AM,41,22,19
06/29/2017 12:00:00 PM,39,19,20
06/29/2017 01:00:00 PM,35,17,18
06/29/2017 02:00:00 PM,47,19,28
06/29/2017 03:00:00 PM,67,19,48
06/29/2017 04:00:00 PM,156,47,109
06/29/2017 05:00:00 PM,198,78,120
06/29/2017 06:00:00 PM,96,28,68
06/29/2017 07:00:00 PM,43,17,26
06/29/2017 08:00:00 PM,21,10,11
06/29/2017 09:00:00 PM,14,6,8
06/29/2017 10:00:00 PM,5,1,4
06/29/2017 11:00:00 PM,8,2,6
06/30/2017 12:00:00 AM,2,1,1
06/30/2017 01:00:00 AM,0,0,0
06/30/2017 02:00:00 AM,1,0,1
06/30/2017 03:00:00 AM,0,0,0
06/30/2017 04:00:00 AM,1,1,0
06/30/2017 05:00:00 AM,12,6,6
06/30/2017 06:00:00 AM,28,18,10
06/30/2017 07:00:00 AM,76,43,33
06/30/2017 08:00:00 AM,130,54,76
06/30/2017 09:00:00 AM,75,32,43
06/30/2017 10:00:00 AM,32,21,11
06/30/2017 11:00:00 AM,44,22,22
06/30/2017 12:00:00 PM,42,19,23
06/30/2017 01:00:00 PM,52,21,31
06/30/2017 02:00:00 PM,60,29,31
06/30/2017 03:00:00 PM,91,32,59
06/30/2017 04:00:00 PM,116,32,84
06/30/2017 05:00:00 PM,147,58,89
06/30/2017 06:00:00 PM,74,30,44
06/30/2017 07:00:00 PM,35,14,21
06/30/2017 08:00:00 PM,15,6,9
06/30/2017 09:00:00 PM,17,9,8
06/30/2017 10:00:00 PM,4,2,2
06/30/2017 11:00:00 PM,3,1,2
07/01/2017 12:00:00 AM,5,4,1
07/01/2017 01:00:00 AM,7,3,4
07/01/2017 02:00:00 AM,3,2,1
07/01/2017 03:00:00 AM,0,0,0
07/01/2017 04:00:00 AM,0,0,0
07/01/2017 05:00:00 AM,1,1,0
07/01/2017 06:00:00 AM,8,5,3
07/01/2017 07:00:00 AM,11,9,2
07/01/2017 08:00:00 AM,17,4,13
07/01/2017 09:00:00 AM,15,10,5
07/01/2017 10:00:00 AM,18,5,13
07/01/2017 11:00:00 AM,17,7,10
07/01/2017 12:00:00 PM,27,15,12
07/01/2017 01:00:00 PM,39,19,20
07/01/2017 02:00:00 PM,20,11,9
07/01/2017 03:00:00 PM,32,15,17
07/01/2017 04:00:00 PM,40,25,15
07/01/2017 05:00:00 PM,27,15,12
07/01/2017 06:00:00 PM,18,7,11
07/01/2017 07:00:00 PM,13,7,6
07/01/2017 08:00:00 PM,13,9,4
07/01/2017 09:00:00 PM,11,6,5
07/01/2017 10:00:00 PM,6,3,3
07/01/2017 11:00:00 PM,6,2,4
07/02/2017 12:00:00 AM,4,3,1
07/02/2017 01:00:00 AM,1,1,0
07/02/2017 02:00:00 AM,0,0,0
07/02/2017 03:00:00 AM,0,0,0
07/02/2017 04:00:00 AM,1,1,0
07/02/2017 05:00:00 AM,1,0,1
07/02/2017 06:00:00 AM,1,1,0
07/02/2017 07:00:00 AM,5,3,2
07/02/2017 08:00:00 AM,6,1,5
07/02/2017 09:00:00 AM,10,2,8
07/02/2017 10:00:00 AM,17,8,9
07/02/2017 11:00:00 AM,24,11,13
07/02/2017 12:00:00 PM,20,14,6
07/02/2017 01:00:00 PM,17,10,7
07/02/2017 02:00:00 PM,22,11,11
07/02/2017 03:00:00 PM,27,12,15
07/02/2017 04:00:00 PM,25,11,14
07/02/2017 05:00:00 PM,20,11,9
07/02/2017 06:00:00 PM,19,12,7
07/02/2017 07:00:00 PM,17,7,10
07/02/2017 08:00:00 PM,8,2,6
07/02/2017 09:00:00 PM,8,6,2
07/02/2017 10:00:00 PM,7,4,3
07/02/2017 11:00:00 PM,7,4,3
07/03/2017 12:00:00 AM,4,4,0
07/03/2017 01:00:00 AM,2,1,1
07/03/2017 02:00:00 AM,0,0,0
07/03/2017 03:00:00 AM,1,0,1
07/03/2017 04:00:00 AM,0,0,0
07/03/2017 05:00:00 AM,6,6,0
07/03/2017 06:00:00 AM,10,5,5
07/03/2017 07:00:00 AM,39,22,17
07/03/2017 08:00:00 AM,65,25,40
07/03/2017 09:00:00 AM,42,16,26
07/03/2017 10:00:00 AM,31,11,20
07/03/2017 11:00:00 AM,17,11,6
07/03/2017 12:00:00 PM,27,9,18
07/03/2017 01:00:00 PM,31,11,20
07/03/2017 02:00:00 PM,49,18,31
07/03/2017 03:00:00 PM,53,17,36
07/03/2017 04:00:00 PM,65,19,46
07/03/2017 05:00:00 PM,76,29,47
07/03/2017 06:00:00 PM,48,18,30
07/03/2017 07:00:00 PM,17,5,12
07/03/2017 08:00:00 PM,28,16,12
07/03/2017 09:00:00 PM,7,2,5
07/03/2017 10:00:00 PM,16,10,6
07/03/2017 11:00:00 PM,5,3,2
07/04/2017 12:00:00 AM,7,1,6
07/04/2017 01:00:00 AM,1,0,1
07/04/2017 02:00:00 AM,0,0,0
07/04/2017 03:00:00 AM,0,0,0
07/04/2017 04:00:00 AM,1,1,0
07/04/2017 05:00:00 AM,1,0,1
07/04/2017 06:00:00 AM,7,5,2
07/04/2017 07:00:00 AM,4,2,2
07/04/2017 08:00:00 AM,14,6,8
07/04/2017 09:00:00 AM,11,5,6
07/04/2017 10:00:00 AM,28,12,16
07/04/2017 11:00:00 AM,16,5,11
07/04/2017 12:00:00 PM,24,8,16
07/04/2017 01:00:00 PM,35,12,23
07/04/2017 02:00:00 PM,39,11,28
07/04/2017 03:00:00 PM,32,14,18
07/04/2017 04:00:00 PM,18,7,11
07/04/2017 05:00:00 PM,10,5,5
07/04/2017 06:00:00 PM,18,11,7
07/04/2017 07:00:00 PM,18,13,5
07/04/2017 08:00:00 PM,16,10,6
07/04/2017 09:00:00 PM,6,4,2
07/04/2017 10:00:00 PM,7,4,3
07/04/2017 11:00:00 PM,13,1,12
07/05/2017 12:00:00 AM,7,2,5
07/05/2017 01:00:00 AM,1,0,1
07/05/2017 02:00:00 AM,0,0,0
07/05/2017 03:00:00 AM,2,1,1
07/05/2017 04:00:00 AM,2,1,1
07/05/2017 05:00:00 AM,14,10,4
07/05/2017 06:00:00 AM,26,13,13
07/05/2017 07:00:00 AM,76,40,36
07/05/2017 08:00:00 AM,124,52,72
07/05/2017 09:00:00 AM,69,26,43
07/05/2017 10:00:00 AM,26,14,12
07/05/2017 11:00:00 AM,28,11,17
07/05/2017 12:00:00 PM,33,13,20
07/05/2017 01:00:00 PM,33,19,14
07/05/2017 02:00:00 PM,38,18,20
07/05/2017 03:00:00 PM,47,18,29
07/05/2017 04:00:00 PM,127,44,83
07/05/2017 05:00:00 PM,167,58,109
07/05/2017 06:00:00 PM,105,40,65
07/05/2017 07:00:00 PM,29,16,13
07/05/2017 08:00:00 PM,20,9,11
07/05/2017 09:00:00 PM,10,7,3
07/05/2017 10:00:00 PM,9,7,2
07/05/2017 11:00:00 PM,6,5,1
07/06/2017 12:00:00 AM,3,2,1
07/06/2017 01:00:00 AM,0,0,0
07/06/2017 02:00:00 AM,1,1,0
07/06/2017 03:00:00 AM,0,0,0
07/06/2017 04:00:00 AM,1,0,1
07/06/2017 05:00:00 AM,10,6,4
07/06/2017 06:00:00 AM,40,25,15
07/06/2017 07:00:00 AM,88,47,41
07/06/2017 08:00:00 AM,151,69,82
07/06/2017 09:00:00 AM,81,35,46
07/06/2017 10:00:00 AM,29,13,16
07/06/2017 11:00:00 AM,38,20,18
07/06/2017 12:00:00 PM,24,9,15
07/06/2017 01:00:00 PM,38,16,22
07/06/2017 02:00:00 PM,40,19,21
07/06/2017 03:00:00 PM,79,24,55
07/06/2017 04:00:00 PM,137,44,93
07/06/2017 05:00:00 PM,205,66,139
07/06/2017 06:00:00 PM,134,47,87
07/06/2017 07:00:00 PM,51,22,29
07/06/2017 08:00:00 PM,21,11,10
07/06/2017 09:00:00 PM,14,4,10
07/06/2017 10:00:00 PM,15,9,6
07/06/2017 11:00:00 PM,2,1,1
07/07/2017 12:00:00 AM,6,1,5
07/07/2017 01:00:00 AM,3,2,1
07/07/2017 02:00:00 AM,2,0,2
07/07/2017 03:00:00 AM,0,0,0
07/07/2017 04:00:00 AM,2,1,1
07/07/2017 05:00:00 AM,8,4,4
07/07/2017 06:00:00 AM,41,22,19
07/07/2017 07:00:00 AM,75,48,27
07/07/2017 08:00:00 AM,123,43,80
07/07/2017 09:00:00 AM,80,42,38
07/07/2017 10:00:00 AM,23,13,10
07/07/2017 11:00:00 AM,37,12,25
07/07/2017 12:00:00 PM,40,21,19
07/07/2017 01:00:00 PM,43,21,22
07/07/2017 02:00:00 PM,37,14,23
07/07/2017 03:00:00 PM,75,28,47
07/07/2017 04:00:00 PM,129,42,87
07/07/2017 05:00:00 PM,159,52,107
07/07/2017 06:00:00 PM,113,44,69
07/07/2017 07:00:00 PM,35,17,18
07/07/2017 08:00:00 PM,28,13,15
07/07/2017 09:00:00 PM,13,9,4
07/07/2017 10:00:00 PM,11,10,1
07/07/2017 11:00:00 PM,5,5,0
07/08/2017 12:00:00 AM,1,0,1
07/08/2017 01:00:00 AM,2,1,1
07/08/2017 02:00:00 AM,1,0,1
07/08/2017 03:00:00 AM,0,0,0
07/08/2017 04:00:00 AM,0,0,0
07/08/2017 05:00:00 AM,0,0,0
07/08/2017 06:00:00 AM,1,1,0
07/08/2017 07:00:00 AM,20,9,11
07/08/2017 08:00:00 AM,10,5,5
07/08/2017 09:00:00 AM,14,5,9
07/08/2017 10:00:00 AM,27,3,24
07/08/2017 11:00:00 AM,43,6,37
07/08/2017 12:00:00 PM,33,11,22
07/08/2017 01:00:00 PM,33,15,18
07/08/2017 02:00:00 PM,45,30,15
07/08/2017 03:00:00 PM,48,31,17
07/08/2017 04:00:00 PM,44,28,16
07/08/2017 05:00:00 PM,29,17,12
07/08/2017 06:00:00 PM,25,12,13
07/08/2017 07:00:00 PM,15,9,6
07/08/2017 08:00:00 PM,24,15,9
07/08/2017 09:00:00 PM,14,5,9
07/08/2017 10:00:00 PM,6,4,2
07/08/2017 11:00:00 PM,6,2,4
07/09/2017 12:00:00 AM,2,1,1
07/09/2017 01:00:00 AM,0,0,0
07/09/2017 02:00:00 AM,0,0,0
07/09/2017 03:00:00 AM,1,0,1
07/09/2017 04:00:00 AM,0,0,0
07/09/2017 05:00:00 AM,0,0,0
07/09/2017 06:00:00 AM,3,0,3
07/09/2017 07:00:00 AM,7,4,3
07/09/2017 08:00:00 AM,10,7,3
07/09/2017 09:00:00 AM,18,6,12
07/09/2017 10:00:00 AM,12,4,8
07/09/2017 11:00:00 AM,25,8,17
07/09/2017 12:00:00 PM,27,9,18
07/09/2017 01:00:00 PM,31,15,16
07/09/2017 02:00:00 PM,25,10,15
07/09/2017 03:00:00 PM,22,6,16
07/09/2017 04:00:00 PM,33,23,10
07/09/2017 05:00:00 PM,25,15,10
07/09/2017 06:00:00 PM,18,10,8
07/09/2017 07:00:00 PM,16,12,4
07/09/2017 08:00:00 PM,8,4,4
07/09/2017 09:00:00 PM,8,8,0
07/09/2017 10:00:00 PM,6,2,4
07/09/2017 11:00:00 PM,3,3,0
07/10/2017 12:00:00 AM,3,1,2
07/10/2017 01:00:00 AM,0,0,0
07/10/2017 02:00:00 AM,0,0,0
07/10/2017 03:00:00 AM,2,0,2
07/10/2017 04:00:00 AM,2,0,2
07/10/2017 05:00:00 AM,9,6,3
07/10/2017 06:00:00 AM,44,31,13
07/10/2017 07:00:00 AM,91,41,50
07/10/2017 08:00:00 AM,149,66,83
07/10/2017 09:00:00 AM,90,51,39
07/10/2017 10:00:00 AM,25,12,13
07/10/2017 11:00:00 AM,44,20,24
07/10/2017 12:00:00 PM,16,13,3
07/10/2017 01:00:00 PM,34,16,18
07/10/2017 02:00:00 PM,31,11,20
07/10/2017 03:00:00 PM,51,18,33
07/10/2017 04:00:00 PM,156,55,101
07/10/2017 05:00:00 PM,225,69,156
07/10/2017 06:00:00 PM,102,37,65
07/10/2017 07:00:00 PM,38,16,22
07/10/2017 08:00:00 PM,25,14,11
07/10/2017 09:00:00 PM,11,4,7
07/10/2017 10:00:00 PM,2,0,2
07/10/2017 11:00:00 PM,3,3,0
07/11/2017 12:00:00 AM,2,1,1
07/11/2017 01:00:00 AM,2,2,0
07/11/2017 02:00:00 AM,0,0,0
07/11/2017 03:00:00 AM,2,1,1
07/11/2017 04:00:00 AM,2,1,1
07/11/2017 05:00:00 AM,12,10,2
07/11/2017 06:00:00 AM,40,19,21
07/11/2017 07:00:00 AM,103,66,37
07/11/2017 08:00:00 AM,168,68,100
07/11/2017 09:00:00 AM,88,36,52
07/11/2017 10:00:00 AM,19,8,11
07/11/2017 11:00:00 AM,29,11,18
07/11/2017 12:00:00 PM,44,25,19
07/11/2017 01:00:00 PM,27,15,12
07/11/2017 02:00:00 PM,47,24,23
07/11/2017 03:00:00 PM,75,29,46
07/11/2017 04:00:00 PM,151,39,112
07/11/2017 05:00:00 PM,226,72,154
07/11/2017 06:00:00 PM,109,36,73
07/11/2017 07:00:00 PM,52,17,35
07/11/2017 08:00:00 PM,26,11,15
07/11/2017 09:00:00 PM,10,3,7
07/11/2017 10:00:00 PM,15,6,9
07/11/2017 11:00:00 PM,2,0,2
07/12/2017 12:00:00 AM,4,2,2
07/12/2017 01:00:00 AM,2,2,0
07/12/2017 02:00:00 AM,0,0,0
07/12/2017 03:00:00 AM,1,0,1
07/12/2017 04:00:00 AM,1,0,1
07/12/2017 05:00:00 AM,13,7,6
07/12/2017 06:00:00 AM,49,26,23
07/12/2017 07:00:00 AM,96,51,45
07/12/2017 08:00:00 AM,176,78,98
07/12/2017 09:00:00 AM,91,44,47
07/12/2017 10:00:00 AM,35,20,15
07/12/2017 11:00:00 AM,33,12,21
07/12/2017 12:00:00 PM,36,16,20
07/12/2017 01:00:00 PM,44,19,25
07/12/2017 02:00:00 PM,43,21,22
07/12/2017 03:00:00 PM,82,35,47
07/12/2017 04:00:00 PM,182,48,134
07/12/2017 05:00:00 PM,214,67,147
07/12/2017 06:00:00 PM,122,38,84
07/12/2017 07:00:00 PM,59,15,44
07/12/2017 08:00:00 PM,30,11,19
07/12/2017 09:00:00 PM,12,5,7
07/12/2017 10:00:00 PM,11,8,3
07/12/2017 11:00:00 PM,5,2,3
07/13/2017 12:00:00 AM,1,1,0
07/13/2017 01:00:00 AM,1,0,1
07/13/2017 02:00:00 AM,0,0,0
07/13/2017 03:00:00 AM,0,0,0
07/13/2017 04:00:00 AM,1,1,0
07/13/2017 05:00:00 AM,10,6,4
07/13/2017 06:00:00 AM,41,21,20
07/13/2017 07:00:00 AM,98,48,50
07/13/2017 08:00:00 AM,153,70,83
07/13/2017 09:00:00 AM,70,27,43
07/13/2017 10:00:00 AM,45,17,28
07/13/2017 11:00:00 AM,32,17,15
07/13/2017 12:00:00 PM,51,26,25
07/13/2017 01:00:00 PM,43,22,21
07/13/2017 02:00:00 PM,30,12,18
07/13/2017 03:00:00 PM,71,16,55
07/13/2017 04:00:00 PM,133,46,87
07/13/2017 05:00:00 PM,170,56,114
07/13/2017 06:00:00 PM,115,34,81
07/13/2017 07:00:00 PM,47,19,28
07/13/2017 08:00:00 PM,31,9,22
07/13/2017 09:00:00 PM,17,9,8
07/13/2017 10:00:00 PM,10,6,4
07/13/2017 11:00:00 PM,5,1,4
07/14/2017 12:00:00 AM,2,2,0
07/14/2017 01:00:00 AM,0,0,0
07/14/2017 02:00:00 AM,0,0,0
07/14/2017 03:00:00 AM,1,0,1
07/14/2017 04:00:00 AM,2,1,1
07/14/2017 05:00:00 AM,10,7,3
07/14/2017 06:00:00 AM,36,22,14
07/14/2017 07:00:00 AM,91,40,51
07/14/2017 08:00:00 AM,125,63,62
07/14/2017 09:00:00 AM,80,36,44
07/14/2017 10:00:00 AM,30,14,16
07/14/2017 11:00:00 AM,38,18,20
07/14/2017 12:00:00 PM,46,21,25
07/14/2017 01:00:00 PM,42,14,28
07/14/2017 02:00:00 PM,50,21,29
07/14/2017 03:00:00 PM,79,23,56
07/14/2017 04:00:00 PM,151,55,96
07/14/2017 05:00:00 PM,144,47,97
07/14/2017 06:00:00 PM,92,28,64
07/14/2017 07:00:00 PM,29,13,16
07/14/2017 08:00:00 PM,17,8,9
07/14/2017 09:00:00 PM,10,6,4
07/14/2017 10:00:00 PM,13,6,7
07/14/2017 11:00:00 PM,3,3,0
07/15/2017 12:00:00 AM,3,1,2
07/15/2017 01:00:00 AM,2,2,0
07/15/2017 02:00:00 AM,2,2,0
07/15/2017 03:00:00 AM,1,0,1
07/15/2017 04:00:00 AM,0,0,0
07/15/2017 05:00:00 AM,0,0,0
07/15/2017 06:00:00 AM,3,1,2
07/15/2017 07:00:00 AM,19,9,10
07/15/2017 08:00:00 AM,26,6,20
07/15/2017 09:00:00 AM,18,11,7
07/15/2017 10:00:00 AM,13,4,9
07/15/2017 11:00:00 AM,29,4,25
07/15/2017 12:00:00 PM,36,19,17
07/15/2017 01:00:00 PM,32,17,15
07/15/2017 02:00:00 PM,23,11,12
07/15/2017 03:00:00 PM,40,17,23
07/15/2017 04:00:00 PM,51,31,20
07/15/2017 05:00:00 PM,31,21,10
07/15/2017 06:00:00 PM,16,6,10
07/15/2017 07:00:00 PM,19,13,6
07/15/2017 08:00:00 PM,10,3,7
07/15/2017 09:00:00 PM,4,2,2
07/15/2017 10:00:00 PM,5,0,5
07/15/2017 11:00:00 PM,6,1,5
07/16/2017 12:00:00 AM,2,1,1
07/16/2017 01:00:00 AM,3,2,1
07/16/2017 02:00:00 AM,6,5,1
07/16/2017 03:00:00 AM,0,0,0
07/16/2017 04:00:00 AM,2,1,1
07/16/2017 05:00:00 AM,0,0,0
07/16/2017 06:00:00 AM,2,0,2
07/16/2017 07:00:00 AM,4,3,1
07/16/2017 08:00:00 AM,7,4,3
07/16/2017 09:00:00 AM,11,5,6
07/16/2017 10:00:00 AM,15,7,8
07/16/2017 11:00:00 AM,30,11,19
07/16/2017 12:00:00 PM,27,6,21
07/16/2017 01:00:00 PM,25,9,16
07/16/2017 02:00:00 PM,22,17,5
07/16/2017 03:00:00 PM,25,14,11
07/16/2017 04:00:00 PM,30,12,18
07/16/2017 05:00:00 PM,16,9,7
07/16/2017 06:00:00 PM,22,12,10
07/16/2017 07:00:00 PM,17,10,7
07/16/2017 08:00:00 PM,8,5,3
07/16/2017 09:00:00 PM,9,4,5
07/16/2017 10:00:00 PM,5,3,2
07/16/2017 11:00:00 PM,0,0,0
07/17/2017 12:00:00 AM,6,3,3
07/17/2017 01:00:00 AM,1,1,0
07/17/2017 02:00:00 AM,0,0,0
07/17/2017 03:00:00 AM,2,1,1
07/17/2017 04:00:00 AM,1,0,1
07/17/2017 05:00:00 AM,12,10,2
07/17/2017 06:00:00 AM,37,21,16
07/17/2017 07:00:00 AM,104,54,50
07/17/2017 08:00:00 AM,138,61,77
07/17/2017 09:00:00 AM,89,42,47
07/17/2017 10:00:00 AM,32,16,16
07/17/2017 11:00:00 AM,38,19,19
07/17/2017 12:00:00 PM,39,21,18
07/17/2017 01:00:00 PM,42,21,21
07/17/2017 02:00:00 PM,18,10,8
07/17/2017 03:00:00 PM,61,18,43
07/17/2017 04:00:00 PM,152,45,107
07/17/2017 05:00:00 PM,221,67,154
07/17/2017 06:00:00 PM,119,44,75
07/17/2017 07:00:00 PM,40,17,23
07/17/2017 08:00:00 PM,21,12,9
07/17/2017 09:00:00 PM,12,2,10
07/17/2017 10:00:00 PM,9,3,6
07/17/2017 11:00:00 PM,5,1,4
07/18/2017 12:00:00 AM,2,1,1
07/18/2017 01:00:00 AM,0,0,0
07/18/2017 02:00:00 AM,4,0,4
07/18/2017 03:00:00 AM,1,0,1
07/18/2017 04:00:00 AM,3,3,0
07/18/2017 05:00:00 AM,16,13,3
07/18/2017 06:00:00 AM,43,24,19
07/18/2017 07:00:00 AM,112,57,55
07/18/2017 08:00:00 AM,148,60,88
07/18/2017 09:00:00 AM,103,38,65
07/18/2017 10:00:00 AM,39,23,16
07/18/2017 11:00:00 AM,32,15,17
07/18/2017 12:00:00 PM,31,18,13
07/18/2017 01:00:00 PM,34,15,19
07/18/2017 02:00:00 PM,38,22,16
07/18/2017 03:00:00 PM,70,15,55
07/18/2017 04:00:00 PM,164,44,120
07/18/2017 05:00:00 PM,248,82,166
07/18/2017 06:00:00 PM,139,46,93
07/18/2017 07:00:00 PM,45,18,27
07/18/2017 08:00:00 PM,35,19,16
07/18/2017 09:00:00 PM,19,12,7
07/18/2017 10:00:00 PM,12,6,6
07/18/2017 11:00:00 PM,4,1,3
07/19/2017 12:00:00 AM,4,2,2
07/19/2017 01:00:00 AM,0,0,0
07/19/2017 02:00:00 AM,2,2,0
07/19/2017 03:00:00 AM,0,0,0
07/19/2017 04:00:00 AM,1,0,1
07/19/2017 05:00:00 AM,18,11,7
07/19/2017 06:00:00 AM,36,25,11
07/19/2017 07:00:00 AM,95,46,49
07/19/2017 08:00:00 AM,138,68,70
07/19/2017 09:00:00 AM,95,47,48
07/19/2017 10:00:00 AM,34,18,16
07/19/2017 11:00:00 AM,27,12,15
07/19/2017 12:00:00 PM,47,23,24
07/19/2017 01:00:00 PM,23,10,13
07/19/2017 02:00:00 PM,41,16,25
07/19/2017 03:00:00 PM,67,18,49
07/19/2017 04:00:00 PM,161,46,115
07/19/2017 05:00:00 PM,237,73,164
07/19/2017 06:00:00 PM,157,47,110
07/19/2017 07:00:00 PM,69,14,55
07/19/2017 08:00:00 PM,22,14,8
07/19/2017 09:00:00 PM,37,28,9
07/19/2017 10:00:00 PM,19,16,3
07/19/2017 11:00:00 PM,7,4,3
07/20/2017 12:00:00 AM,1,0,1
07/20/2017 01:00:00 AM,0,0,0
07/20/2017 02:00:00 AM,2,1,1
07/20/2017 03:00:00 AM,1,1,0
07/20/2017 04:00:00 AM,2,0,2
07/20/2017 05:00:00 AM,7,5,2
07/20/2017 06:00:00 AM,36,20,16
07/20/2017 07:00:00 AM,105,58,47
07/20/2017 08:00:00 AM,133,64,69
07/20/2017 09:00:00 AM,79,38,41
07/20/2017 10:00:00 AM,36,15,21
07/20/2017 11:00:00 AM,30,16,14
07/20/2017 12:00:00 PM,42,19,23
07/20/2017 01:00:00 PM,35,22,13
07/20/2017 02:00:00 PM,33,13,20
07/20/2017 03:00:00 PM,54,21,33
07/20/2017 04:00:00 PM,129,31,98
07/20/2017 05:00:00 PM,217,72,145
07/20/2017 06:00:00 PM,108,30,78
07/20/2017 07:00:00 PM,43,16,27
07/20/2017 08:00:00 PM,45,22,23
07/20/2017 09:00:00 PM,17,10,7
07/20/2017 10:00:00 PM,17,7,10
07/20/2017 11:00:00 PM,13,9,4
07/21/2017 12:00:00 AM,4,3,1
07/21/2017 01:00:00 AM,0,0,0
07/21/2017 02:00:00 AM,0,0,0
07/21/2017 03:00:00 AM,0,0,0
07/21/2017 04:00:00 AM,2,1,1
07/21/2017 05:00:00 AM,7,5,2
07/21/2017 06:00:00 AM,37,21,16
07/21/2017 07:00:00 AM,76,32,44
07/21/2017 08:00:00 AM,111,54,57
07/21/2017 09:00:00 AM,95,43,52
07/21/2017 10:00:00 AM,30,14,16
07/21/2017 11:00:00 AM,79,66,13
07/21/2017 12:00:00 PM,42,18,24
07/21/2017 01:00:00 PM,47,29,18
07/21/2017 02:00:00 PM,51,18,33
07/21/2017 03:00:00 PM,74,27,47
07/21/2017 04:00:00 PM,143,52,91
07/21/2017 05:00:00 PM,144,55,89
07/21/2017 06:00:00 PM,81,19,62
07/21/2017 07:00:00 PM,39,12,27
07/21/2017 08:00:00 PM,26,7,19
07/21/2017 09:00:00 PM,14,5,9
07/21/2017 10:00:00 PM,13,8,5
07/21/2017 11:00:00 PM,3,2,1
07/22/2017 12:00:00 AM,5,2,3
07/22/2017 01:00:00 AM,4,1,3
07/22/2017 02:00:00 AM,4,3,1
07/22/2017 03:00:00 AM,0,0,0
07/22/2017 04:00:00 AM,0,0,0
07/22/2017 05:00:00 AM,2,2,0
07/22/2017 06:00:00 AM,6,3,3
07/22/2017 07:00:00 AM,17,9,8
07/22/2017 08:00:00 AM,21,9,12
07/22/2017 09:00:00 AM,12,6,6
07/22/2017 10:00:00 AM,14,5,9
07/22/2017 11:00:00 AM,22,8,14
07/22/2017 12:00:00 PM,30,8,22
07/22/2017 01:00:00 PM,36,22,14
07/22/2017 02:00:00 PM,41,15,26
07/22/2017 03:00:00 PM,34,17,17
07/22/2017 04:00:00 PM,33,12,21
07/22/2017 05:00:00 PM,27,8,19
07/22/2017 06:00:00 PM,24,12,12
07/22/2017 07:00:00 PM,15,9,6
07/22/2017 08:00:00 PM,17,11,6
07/22/2017 09:00:00 PM,16,9,7
07/22/2017 10:00:00 PM,12,10,2
07/22/2017 11:00:00 PM,5,3,2
07/23/2017 12:00:00 AM,12,9,3
07/23/2017 01:00:00 AM,1,1,0
07/23/2017 02:00:00 AM,6,3,3
07/23/2017 03:00:00 AM,2,1,1
07/23/2017 04:00:00 AM,5,3,2
07/23/2017 05:00:00 AM,1,1,0
07/23/2017 06:00:00 AM,2,1,1
07/23/2017 07:00:00 AM,7,5,2
07/23/2017 08:00:00 AM,11,6,5
07/23/2017 09:00:00 AM,11,3,8
07/23/2017 10:00:00 AM,19,9,10
07/23/2017 11:00:00 AM,24,9,15
07/23/2017 12:00:00 PM,25,6,19
07/23/2017 01:00:00 PM,35,13,22
07/23/2017 02:00:00 PM,35,20,15
07/23/2017 03:00:00 PM,26,10,16
07/23/2017 04:00:00 PM,42,17,25
07/23/2017 05:00:00 PM,28,16,12
07/23/2017 06:00:00 PM,27,4,23
07/23/2017 07:00:00 PM,31,12,19
07/23/2017 08:00:00 PM,8,6,2
07/23/2017 09:00:00 PM,25,22,3
07/23/2017 10:00:00 PM,8,7,1
07/23/2017 11:00:00 PM,6,3,3
07/24/2017 12:00:00 AM,3,3,0
07/24/2017 01:00:00 AM,0,0,0
07/24/2017 02:00:00 AM,0,0,0
07/24/2017 03:00:00 AM,0,0,0
07/24/2017 04:00:00 AM,3,2,1
07/24/2017 05:00:00 AM,12,8,4
07/24/2017 06:00:00 AM,53,33,20
07/24/2017 07:00:00 AM,112,53,59
07/24/2017 08:00:00 AM,121,58,63
07/24/2017 09:00:00 AM,98,54,44
07/24/2017 10:00:00 AM,45,22,23
07/24/2017 11:00:00 AM,28,17,11
07/24/2017 12:00:00 PM,53,22,31
07/24/2017 01:00:00 PM,22,9,13
07/24/2017 02:00:00 PM,32,16,16
07/24/2017 03:00:00 PM,64,23,41
07/24/2017 04:00:00 PM,187,54,133
07/24/2017 05:00:00 PM,221,57,164
07/24/2017 06:00:00 PM,115,30,85
07/24/2017 07:00:00 PM,44,17,27
07/24/2017 08:00:00 PM,20,11,9
07/24/2017 09:00:00 PM,8,4,4
07/24/2017 10:00:00 PM,13,10,3
07/24/2017 11:00:00 PM,6,3,3
07/25/2017 12:00:00 AM,2,1,1
07/25/2017 01:00:00 AM,1,0,1
07/25/2017 02:00:00 AM,1,1,0
07/25/2017 03:00:00 AM,1,0,1
07/25/2017 04:00:00 AM,1,0,1
07/25/2017 05:00:00 AM,15,11,4
07/25/2017 06:00:00 AM,47,25,22
07/25/2017 07:00:00 AM,117,66,51
07/25/2017 08:00:00 AM,165,67,98
07/25/2017 09:00:00 AM,99,48,51
07/25/2017 10:00:00 AM,25,14,11
07/25/2017 11:00:00 AM,38,15,23
07/25/2017 12:00:00 PM,22,7,15
07/25/2017 01:00:00 PM,34,16,18
07/25/2017 02:00:00 PM,38,16,22
07/25/2017 03:00:00 PM,79,23,56
07/25/2017 04:00:00 PM,195,61,134
07/25/2017 05:00:00 PM,232,71,161
07/25/2017 06:00:00 PM,158,36,122
07/25/2017 07:00:00 PM,50,21,29
07/25/2017 08:00:00 PM,18,9,9
07/25/2017 09:00:00 PM,12,7,5
07/25/2017 10:00:00 PM,10,7,3
07/25/2017 11:00:00 PM,4,0,4
07/26/2017 12:00:00 AM,8,6,2
07/26/2017 01:00:00 AM,1,1,0
07/26/2017 02:00:00 AM,1,1,0
07/26/2017 03:00:00 AM,0,0,0
07/26/2017 04:00:00 AM,6,5,1
07/26/2017 05:00:00 AM,10,6,4
07/26/2017 06:00:00 AM,57,33,24
07/26/2017 07:00:00 AM,103,50,53
07/26/2017 08:00:00 AM,120,69,51
07/26/2017 09:00:00 AM,70,44,26
07/26/2017 10:00:00 AM,38,20,18
07/26/2017 11:00:00 AM,42,20,22
07/26/2017 12:00:00 PM,57,27,30
07/26/2017 01:00:00 PM,33,15,18
07/26/2017 02:00:00 PM,45,17,28
07/26/2017 03:00:00 PM,75,30,45
07/26/2017 04:00:00 PM,171,67,104
07/26/2017 05:00:00 PM,234,78,156
07/26/2017 06:00:00 PM,110,35,75
07/26/2017 07:00:00 PM,56,27,29
07/26/2017 08:00:00 PM,22,10,12
07/26/2017 09:00:00 PM,22,11,11
07/26/2017 10:00:00 PM,8,5,3
07/26/2017 11:00:00 PM,6,2,4
07/27/2017 12:00:00 AM,2,2,0
07/27/2017 01:00:00 AM,1,1,0
07/27/2017 02:00:00 AM,0,0,0
07/27/2017 03:00:00 AM,0,0,0
07/27/2017 04:00:00 AM,2,1,1
07/27/2017 05:00:00 AM,11,7,4
07/27/2017 06:00:00 AM,43,21,22
07/27/2017 07:00:00 AM,83,50,33
07/27/2017 08:00:00 AM,108,52,56
07/27/2017 09:00:00 AM,75,38,37
07/27/2017 10:00:00 AM,41,21,20
07/27/2017 11:00:00 AM,32,22,10
07/27/2017 12:00:00 PM,38,25,13
07/27/2017 01:00:00 PM,29,18,11
07/27/2017 02:00:00 PM,43,17,26
07/27/2017 03:00:00 PM,79,20,59
07/27/2017 04:00:00 PM,156,41,115
07/27/2017 05:00:00 PM,199,64,135
07/27/2017 06:00:00 PM,100,25,75
07/27/2017 07:00:00 PM,51,19,32
07/27/2017 08:00:00 PM,17,8,9
07/27/2017 09:00:00 PM,26,15,11
07/27/2017 10:00:00 PM,11,7,4
07/27/2017 11:00:00 PM,0,0,0
07/28/2017 12:00:00 AM,3,1,2
07/28/2017 01:00:00 AM,0,0,0
07/28/2017 02:00:00 AM,1,1,0
07/28/2017 03:00:00 AM,1,1,0
07/28/2017 04:00:00 AM,4,2,2
07/28/2017 05:00:00 AM,12,10,2
07/28/2017 06:00:00 AM,40,22,18
07/28/2017 07:00:00 AM,88,41,47
07/28/2017 08:00:00 AM,120,62,58
07/28/2017 09:00:00 AM,82,40,42
07/28/2017 10:00:00 AM,43,24,19
07/28/2017 11:00:00 AM,36,21,15
07/28/2017 12:00:00 PM,42,23,19
07/28/2017 01:00:00 PM,45,18,27
07/28/2017 02:00:00 PM,46,18,28
07/28/2017 03:00:00 PM,69,24,45
07/28/2017 04:00:00 PM,128,44,84
07/28/2017 05:00:00 PM,177,61,116
07/28/2017 06:00:00 PM,102,30,72
07/28/2017 07:00:00 PM,28,12,16
07/28/2017 08:00:00 PM,23,8,15
07/28/2017 09:00:00 PM,21,8,13
07/28/2017 10:00:00 PM,4,4,0
07/28/2017 11:00:00 PM,9,6,3
07/29/2017 12:00:00 AM,4,2,2
07/29/2017 01:00:00 AM,4,1,3
07/29/2017 02:00:00 AM,4,0,4
07/29/2017 03:00:00 AM,2,0,2
07/29/2017 04:00:00 AM,0,0,0
07/29/2017 05:00:00 AM,2,2,0
07/29/2017 06:00:00 AM,4,1,3
07/29/2017 07:00:00 AM,19,8,11
07/29/2017 08:00:00 AM,17,8,9
07/29/2017 09:00:00 AM,21,8,13
07/29/2017 10:00:00 AM,21,6,15
07/29/2017 11:00:00 AM,32,15,17
07/29/2017 12:00:00 PM,41,10,31
07/29/2017 01:00:00 PM,35,17,18
07/29/2017 02:00:00 PM,36,11,25
07/29/2017 03:00:00 PM,25,8,17
07/29/2017 04:00:00 PM,57,33,24
07/29/2017 05:00:00 PM,22,16,6
07/29/2017 06:00:00 PM,28,10,18
07/29/2017 07:00:00 PM,11,4,7
07/29/2017 08:00:00 PM,8,5,3
07/29/2017 09:00:00 PM,15,12,3
07/29/2017 10:00:00 PM,17,3,14
07/29/2017 11:00:00 PM,5,2,3
07/30/2017 12:00:00 AM,7,3,4
07/30/2017 01:00:00 AM,1,1,0
07/30/2017 02:00:00 AM,1,0,1
07/30/2017 03:00:00 AM,1,1,0
07/30/2017 04:00:00 AM,0,0,0
07/30/2017 05:00:00 AM,0,0,0
07/30/2017 06:00:00 AM,3,1,2
07/30/2017 07:00:00 AM,11,7,4
07/30/2017 08:00:00 AM,15,7,8
07/30/2017 09:00:00 AM,16,6,10
07/30/2017 10:00:00 AM,19,10,9
07/30/2017 11:00:00 AM,26,9,17
07/30/2017 12:00:00 PM,48,20,28
07/30/2017 01:00:00 PM,33,12,21
07/30/2017 02:00:00 PM,28,19,9
07/30/2017 03:00:00 PM,27,11,16
07/30/2017 04:00:00 PM,41,30,11
07/30/2017 05:00:00 PM,33,14,19
07/30/2017 06:00:00 PM,17,9,8
07/30/2017 07:00:00 PM,12,4,8
07/30/2017 08:00:00 PM,8,5,3
07/30/2017 09:00:00 PM,10,5,5
07/30/2017 10:00:00 PM,10,6,4
07/30/2017 11:00:00 PM,3,3,0
07/31/2017 12:00:00 AM,2,1,1
07/31/2017 01:00:00 AM,0,0,0
07/31/2017 02:00:00 AM,0,0,0
07/31/2017 03:00:00 AM,1,0,1
07/31/2017 04:00:00 AM,1,0,1
07/31/2017 05:00:00 AM,14,11,3
07/31/2017 06:00:00 AM,36,21,15
07/31/2017 07:00:00 AM,109,61,48
07/31/2017 08:00:00 AM,151,65,86
07/31/2017 09:00:00 AM,92,40,52
07/31/2017 10:00:00 AM,38,17,21
07/31/2017 11:00:00 AM,44,23,21
07/31/2017 12:00:00 PM,24,14,10
07/31/2017 01:00:00 PM,45,19,26
07/31/2017 02:00:00 PM,37,15,22
07/31/2017 03:00:00 PM,74,13,61
07/31/2017 04:00:00 PM,156,48,108
07/31/2017 05:00:00 PM,215,67,148
07/31/2017 06:00:00 PM,131,45,86
07/31/2017 07:00:00 PM,36,12,24
07/31/2017 08:00:00 PM,19,13,6
07/31/2017 09:00:00 PM,5,1,4
07/31/2017 10:00:00 PM,8,7,1
07/31/2017 11:00:00 PM,1,0,1
08/01/2017 12:00:00 AM,1,0,1
08/01/2017 01:00:00 AM,0,0,0
08/01/2017 02:00:00 AM,2,2,0
08/01/2017 03:00:00 AM,1,0,1
08/01/2017 04:00:00 AM,0,0,0
08/01/2017 05:00:00 AM,6,6,0
08/01/2017 06:00:00 AM,51,31,20
08/01/2017 07:00:00 AM,124,63,61
08/01/2017 08:00:00 AM,164,72,92
08/01/2017 09:00:00 AM,94,50,44
08/01/2017 10:00:00 AM,40,15,25
08/01/2017 11:00:00 AM,36,18,18
08/01/2017 12:00:00 PM,35,16,19
08/01/2017 01:00:00 PM,27,17,10
08/01/2017 02:00:00 PM,22,4,18
08/01/2017 03:00:00 PM,74,24,50
08/01/2017 04:00:00 PM,172,42,130
08/01/2017 05:00:00 PM,227,85,142
08/01/2017 06:00:00 PM,114,37,77
08/01/2017 07:00:00 PM,39,16,23
08/01/2017 08:00:00 PM,28,12,16
08/01/2017 09:00:00 PM,7,2,5
08/01/2017 10:00:00 PM,6,3,3
08/01/2017 11:00:00 PM,5,3,2
08/02/2017 12:00:00 AM,2,1,1
08/02/2017 01:00:00 AM,2,0,2
08/02/2017 02:00:00 AM,1,0,1
08/02/2017 03:00:00 AM,3,2,1
08/02/2017 04:00:00 AM,1,0,1
08/02/2017 05:00:00 AM,14,12,2
08/02/2017 06:00:00 AM,46,25,21
08/02/2017 07:00:00 AM,116,58,58
08/02/2017 08:00:00 AM,147,64,83
08/02/2017 09:00:00 AM,92,46,46
08/02/2017 10:00:00 AM,41,21,20
08/02/2017 11:00:00 AM,42,26,16
08/02/2017 12:00:00 PM,33,15,18
08/02/2017 01:00:00 PM,52,24,28
08/02/2017 02:00:00 PM,43,20,23
08/02/2017 03:00:00 PM,74,25,49
08/02/2017 04:00:00 PM,164,58,106
08/02/2017 05:00:00 PM,221,67,154
08/02/2017 06:00:00 PM,110,38,72
08/02/2017 07:00:00 PM,40,22,18
08/02/2017 08:00:00 PM,22,11,11
08/02/2017 09:00:00 PM,14,7,7
08/02/2017 10:00:00 PM,9,5,4
08/02/2017 11:00:00 PM,5,4,1
08/03/2017 12:00:00 AM,0,0,0
08/03/2017 01:00:00 AM,1,1,0
08/03/2017 02:00:00 AM,1,0,1
08/03/2017 03:00:00 AM,0,0,0
08/03/2017 04:00:00 AM,2,1,1
08/03/2017 05:00:00 AM,12,9,3
08/03/2017 06:00:00 AM,29,15,14
08/03/2017 07:00:00 AM,104,50,54
08/03/2017 08:00:00 AM,115,49,66
08/03/2017 09:00:00 AM,92,40,52
08/03/2017 10:00:00 AM,44,18,26
08/03/2017 11:00:00 AM,28,8,20
08/03/2017 12:00:00 PM,49,34,15
08/03/2017 01:00:00 PM,47,18,29
08/03/2017 02:00:00 PM,42,14,28
08/03/2017 03:00:00 PM,67,16,51
08/03/2017 04:00:00 PM,131,46,85
08/03/2017 05:00:00 PM,194,61,133
08/03/2017 06:00:00 PM,106,33,73
08/03/2017 07:00:00 PM,67,32,35
08/03/2017 08:00:00 PM,32,19,13
08/03/2017 09:00:00 PM,22,13,9
08/03/2017 10:00:00 PM,15,9,6
08/03/2017 11:00:00 PM,8,7,1
08/04/2017 12:00:00 AM,3,0,3
08/04/2017 01:00:00 AM,1,0,1
08/04/2017 02:00:00 AM,0,0,0
08/04/2017 03:00:00 AM,0,0,0
08/04/2017 04:00:00 AM,2,2,0
08/04/2017 05:00:00 AM,13,10,3
08/04/2017 06:00:00 AM,20,10,10
08/04/2017 07:00:00 AM,71,30,41
08/04/2017 08:00:00 AM,94,46,48
08/04/2017 09:00:00 AM,79,28,51
08/04/2017 10:00:00 AM,43,19,24
08/04/2017 11:00:00 AM,56,24,32
08/04/2017 12:00:00 PM,37,17,20
08/04/2017 01:00:00 PM,36,16,20
08/04/2017 02:00:00 PM,29,10,19
08/04/2017 03:00:00 PM,74,32,42
08/04/2017 04:00:00 PM,111,38,73
08/04/2017 05:00:00 PM,130,47,83
08/04/2017 06:00:00 PM,84,40,44
08/04/2017 07:00:00 PM,29,13,16
08/04/2017 08:00:00 PM,21,8,13
08/04/2017 09:00:00 PM,14,7,7
08/04/2017 10:00:00 PM,11,8,3
08/04/2017 11:00:00 PM,4,2,2
08/05/2017 12:00:00 AM,4,3,1
08/05/2017 01:00:00 AM,0,0,0
08/05/2017 02:00:00 AM,2,0,2
08/05/2017 03:00:00 AM,0,0,0
08/05/2017 04:00:00 AM,0,0,0
08/05/2017 05:00:00 AM,1,1,0
08/05/2017 06:00:00 AM,3,2,1
08/05/2017 07:00:00 AM,6,5,1
08/05/2017 08:00:00 AM,14,7,7
08/05/2017 09:00:00 AM,13,6,7
08/05/2017 10:00:00 AM,18,6,12
08/05/2017 11:00:00 AM,26,8,18
08/05/2017 12:00:00 PM,27,9,18
08/05/2017 01:00:00 PM,51,29,22
08/05/2017 02:00:00 PM,39,22,17
08/05/2017 03:00:00 PM,41,25,16
08/05/2017 04:00:00 PM,56,39,17
08/05/2017 05:00:00 PM,60,33,27
08/05/2017 06:00:00 PM,80,26,54
08/05/2017 07:00:00 PM,18,6,12
08/05/2017 08:00:00 PM,23,15,8
08/05/2017 09:00:00 PM,25,15,10
08/05/2017 10:00:00 PM,5,4,1
08/05/2017 11:00:00 PM,11,7,4
08/06/2017 12:00:00 AM,3,2,1
08/06/2017 01:00:00 AM,8,8,0
08/06/2017 02:00:00 AM,6,3,3
08/06/2017 03:00:00 AM,1,1,0
08/06/2017 04:00:00 AM,1,1,0
08/06/2017 05:00:00 AM,1,1,0
08/06/2017 06:00:00 AM,1,1,0
08/06/2017 07:00:00 AM,5,2,3
08/06/2017 08:00:00 AM,7,4,3
08/06/2017 09:00:00 AM,20,4,16
08/06/2017 10:00:00 AM,13,10,3
08/06/2017 11:00:00 AM,33,8,25
08/06/2017 12:00:00 PM,48,12,36
08/06/2017 01:00:00 PM,33,15,18
08/06/2017 02:00:00 PM,19,8,11
08/06/2017 03:00:00 PM,32,19,13
08/06/2017 04:00:00 PM,29,14,15
08/06/2017 05:00:00 PM,23,10,13
08/06/2017 06:00:00 PM,24,11,13
08/06/2017 07:00:00 PM,19,10,9
08/06/2017 08:00:00 PM,15,9,6
08/06/2017 09:00:00 PM,3,2,1
08/06/2017 10:00:00 PM,7,4,3
08/06/2017 11:00:00 PM,1,1,0
08/07/2017 12:00:00 AM,0,0,0
08/07/2017 01:00:00 AM,3,0,3
08/07/2017 02:00:00 AM,1,1,0
08/07/2017 03:00:00 AM,1,0,1
08/07/2017 04:00:00 AM,2,2,0
08/07/2017 05:00:00 AM,18,13,5
08/07/2017 06:00:00 AM,38,21,17
08/07/2017 07:00:00 AM,98,43,55
08/07/2017 08:00:00 AM,126,60,66
08/07/2017 09:00:00 AM,98,49,49
08/07/2017 10:00:00 AM,33,18,15
08/07/2017 11:00:00 AM,46,27,19
08/07/2017 12:00:00 PM,36,20,16
08/07/2017 01:00:00 PM,32,15,17
08/07/2017 02:00:00 PM,39,12,27
08/07/2017 03:00:00 PM,71,17,54
08/07/2017 04:00:00 PM,152,50,102
08/07/2017 05:00:00 PM,213,69,144
08/07/2017 06:00:00 PM,105,34,71
08/07/2017 07:00:00 PM,32,16,16
08/07/2017 08:00:00 PM,19,7,12
08/07/2017 09:00:00 PM,7,2,5
08/07/2017 10:00:00 PM,8,3,5
08/07/2017 11:00:00 PM,6,3,3
08/08/2017 12:00:00 AM,5,2,3
08/08/2017 01:00:00 AM,1,1,0
08/08/2017 02:00:00 AM,1,1,0
08/08/2017 03:00:00 AM,1,0,1
08/08/2017 04:00:00 AM,1,0,1
08/08/2017 05:00:00 AM,13,8,5
08/08/2017 06:00:00 AM,50,26,24
08/08/2017 07:00:00 AM,92,42,50
08/08/2017 08:00:00 AM,147,65,82
08/08/2017 09:00:00 AM,88,38,50
08/08/2017 10:00:00 AM,35,17,18
08/08/2017 11:00:00 AM,35,20,15
08/08/2017 12:00:00 PM,46,22,24
08/08/2017 01:00:00 PM,38,16,22
08/08/2017 02:00:00 PM,50,18,32
08/08/2017 03:00:00 PM,72,29,43
08/08/2017 04:00:00 PM,176,58,118
08/08/2017 05:00:00 PM,213,74,139
08/08/2017 06:00:00 PM,113,41,72
08/08/2017 07:00:00 PM,36,19,17
08/08/2017 08:00:00 PM,36,18,18
08/08/2017 09:00:00 PM,14,4,10
08/08/2017 10:00:00 PM,10,3,7
08/08/2017 11:00:00 PM,8,2,6
08/09/2017 12:00:00 AM,1,1,0
08/09/2017 01:00:00 AM,0,0,0
08/09/2017 02:00:00 AM,2,2,0
08/09/2017 03:00:00 AM,2,0,2
08/09/2017 04:00:00 AM,3,1,2
08/09/2017 05:00:00 AM,8,7,1
08/09/2017 06:00:00 AM,43,22,21
08/09/2017 07:00:00 AM,94,47,47
08/09/2017 08:00:00 AM,134,49,85
08/09/2017 09:00:00 AM,102,48,54
08/09/2017 10:00:00 AM,31,16,15
08/09/2017 11:00:00 AM,34,12,22
08/09/2017 12:00:00 PM,46,20,26
08/09/2017 01:00:00 PM,39,21,18
08/09/2017 02:00:00 PM,44,17,27
08/09/2017 03:00:00 PM,57,20,37
08/09/2017 04:00:00 PM,136,46,90
08/09/2017 05:00:00 PM,220,72,148
08/09/2017 06:00:00 PM,131,42,89
08/09/2017 07:00:00 PM,50,19,31
08/09/2017 08:00:00 PM,29,13,16
08/09/2017 09:00:00 PM,12,2,10
08/09/2017 10:00:00 PM,14,3,11
08/09/2017 11:00:00 PM,13,10,3
08/10/2017 12:00:00 AM,14,8,6
08/10/2017 01:00:00 AM,1,0,1
08/10/2017 02:00:00 AM,1,1,0
08/10/2017 03:00:00 AM,1,1,0
08/10/2017 04:00:00 AM,2,1,1
08/10/2017 05:00:00 AM,12,8,4
08/10/2017 06:00:00 AM,37,21,16
08/10/2017 07:00:00 AM,89,40,49
08/10/2017 08:00:00 AM,117,44,73
08/10/2017 09:00:00 AM,84,40,44
08/10/2017 10:00:00 AM,29,13,16
08/10/2017 11:00:00 AM,36,22,14
08/10/2017 12:00:00 PM,46,27,19
08/10/2017 01:00:00 PM,40,19,21
08/10/2017 02:00:00 PM,47,19,28
08/10/2017 03:00:00 PM,70,26,44
08/10/2017 04:00:00 PM,134,35,99
08/10/2017 05:00:00 PM,172,51,121
08/10/2017 06:00:00 PM,117,33,84
08/10/2017 07:00:00 PM,42,20,22
08/10/2017 08:00:00 PM,19,9,10
08/10/2017 09:00:00 PM,20,10,10
08/10/2017 10:00:00 PM,17,10,7
08/10/2017 11:00:00 PM,5,3,2
08/11/2017 12:00:00 AM,6,2,4
08/11/2017 01:00:00 AM,1,1,0
08/11/2017 02:00:00 AM,3,1,2
08/11/2017 03:00:00 AM,0,0,0
08/11/2017 04:00:00 AM,2,1,1
08/11/2017 05:00:00 AM,11,7,4
08/11/2017 06:00:00 AM,31,19,12
08/11/2017 07:00:00 AM,74,36,38
08/11/2017 08:00:00 AM,92,33,59
08/11/2017 09:00:00 AM,82,37,45
08/11/2017 10:00:00 AM,27,6,21
08/11/2017 11:00:00 AM,43,26,17
08/11/2017 12:00:00 PM,34,14,20
08/11/2017 01:00:00 PM,49,22,27
08/11/2017 02:00:00 PM,60,29,31
08/11/2017 03:00:00 PM,71,25,46
08/11/2017 04:00:00 PM,136,42,94
08/11/2017 05:00:00 PM,147,62,85
08/11/2017 06:00:00 PM,81,28,53
08/11/2017 07:00:00 PM,37,12,25
08/11/2017 08:00:00 PM,19,4,15
08/11/2017 09:00:00 PM,11,3,8
08/11/2017 10:00:00 PM,16,12,4
08/11/2017 11:00:00 PM,6,4,2
08/12/2017 12:00:00 AM,8,5,3
08/12/2017 01:00:00 AM,6,5,1
08/12/2017 02:00:00 AM,3,0,3
08/12/2017 03:00:00 AM,0,0,0
08/12/2017 04:00:00 AM,1,1,0
08/12/2017 05:00:00 AM,2,1,1
08/12/2017 06:00:00 AM,6,6,0
08/12/2017 07:00:00 AM,13,5,8
08/12/2017 08:00:00 AM,18,6,12
08/12/2017 09:00:00 AM,20,4,16
08/12/2017 10:00:00 AM,21,6,15
08/12/2017 11:00:00 AM,38,18,20
08/12/2017 12:00:00 PM,58,8,50
08/12/2017 01:00:00 PM,41,17,24
08/12/2017 02:00:00 PM,31,11,20
08/12/2017 03:00:00 PM,57,48,9
08/12/2017 04:00:00 PM,54,33,21
08/12/2017 05:00:00 PM,23,12,11
08/12/2017 06:00:00 PM,20,12,8
08/12/2017 07:00:00 PM,25,10,15
08/12/2017 08:00:00 PM,14,2,12
08/12/2017 09:00:00 PM,9,6,3
08/12/2017 10:00:00 PM,11,7,4
08/12/2017 11:00:00 PM,2,2,0
08/13/2017 12:00:00 AM,3,2,1
08/13/2017 01:00:00 AM,0,0,0
08/13/2017 02:00:00 AM,2,1,1
08/13/2017 03:00:00 AM,2,2,0
08/13/2017 04:00:00 AM,2,2,0
08/13/2017 05:00:00 AM,2,1,1
08/13/2017 06:00:00 AM,2,0,2
08/13/2017 07:00:00 AM,7,6,1
08/13/2017 08:00:00 AM,7,4,3
08/13/2017 09:00:00 AM,10,3,7
08/13/2017 10:00:00 AM,13,6,7
08/13/2017 11:00:00 AM,31,11,20
08/13/2017 12:00:00 PM,34,10,24
08/13/2017 01:00:00 PM,33,15,18
08/13/2017 02:00:00 PM,18,7,11
08/13/2017 03:00:00 PM,25,13,12
08/13/2017 04:00:00 PM,26,10,16
08/13/2017 05:00:00 PM,33,20,13
08/13/2017 06:00:00 PM,18,5,13
08/13/2017 07:00:00 PM,13,9,4
08/13/2017 08:00:00 PM,8,1,7
08/13/2017 09:00:00 PM,3,1,2
08/13/2017 10:00:00 PM,8,5,3
08/13/2017 11:00:00 PM,5,1,4
08/14/2017 12:00:00 AM,0,0,0
08/14/2017 01:00:00 AM,1,0,1
08/14/2017 02:00:00 AM,1,0,1
08/14/2017 03:00:00 AM,0,0,0
08/14/2017 04:00:00 AM,3,2,1
08/14/2017 05:00:00 AM,10,7,3
08/14/2017 06:00:00 AM,36,19,17
08/14/2017 07:00:00 AM,73,33,40
08/14/2017 08:00:00 AM,157,67,90
08/14/2017 09:00:00 AM,102,55,47
08/14/2017 10:00:00 AM,36,16,20
08/14/2017 11:00:00 AM,25,10,15
08/14/2017 12:00:00 PM,33,12,21
08/14/2017 01:00:00 PM,36,17,19
08/14/2017 02:00:00 PM,32,14,18
08/14/2017 03:00:00 PM,69,20,49
08/14/2017 04:00:00 PM,150,46,104
08/14/2017 05:00:00 PM,221,65,156
08/14/2017 06:00:00 PM,113,40,73
08/14/2017 07:00:00 PM,44,15,29
08/14/2017 08:00:00 PM,22,7,15
08/14/2017 09:00:00 PM,15,8,7
08/14/2017 10:00:00 PM,17,13,4
08/14/2017 11:00:00 PM,4,1,3
08/15/2017 12:00:00 AM,1,1,0
08/15/2017 01:00:00 AM,0,0,0
08/15/2017 02:00:00 AM,0,0,0
08/15/2017 03:00:00 AM,0,0,0
08/15/2017 04:00:00 AM,3,3,0
08/15/2017 05:00:00 AM,12,8,4
08/15/2017 06:00:00 AM,49,22,27
08/15/2017 07:00:00 AM,96,43,53
08/15/2017 08:00:00 AM,158,66,92
08/15/2017 09:00:00 AM,97,36,61
08/15/2017 10:00:00 AM,37,14,23
08/15/2017 11:00:00 AM,23,10,13
08/15/2017 12:00:00 PM,37,20,17
08/15/2017 01:00:00 PM,33,16,17
08/15/2017 02:00:00 PM,40,12,28
08/15/2017 03:00:00 PM,74,21,53
08/15/2017 04:00:00 PM,145,47,98
08/15/2017 05:00:00 PM,224,78,146
08/15/2017 06:00:00 PM,133,41,92
08/15/2017 07:00:00 PM,42,22,20
08/15/2017 08:00:00 PM,20,7,13
08/15/2017 09:00:00 PM,19,12,7
08/15/2017 10:00:00 PM,19,11,8
08/15/2017 11:00:00 PM,3,1,2
08/16/2017 12:00:00 AM,1,0,1
08/16/2017 01:00:00 AM,0,0,0
08/16/2017 02:00:00 AM,1,0,1
08/16/2017 03:00:00 AM,1,0,1
08/16/2017 04:00:00 AM,1,0,1
08/16/2017 05:00:00 AM,12,12,0
08/16/2017 06:00:00 AM,36,15,21
08/16/2017 07:00:00 AM,96,43,53
08/16/2017 08:00:00 AM,177,86,91
08/16/2017 09:00:00 AM,101,46,55
08/16/2017 10:00:00 AM,40,19,21
08/16/2017 11:00:00 AM,46,15,31
08/16/2017 12:00:00 PM,56,16,40
08/16/2017 01:00:00 PM,53,22,31
08/16/2017 02:00:00 PM,35,13,22
08/16/2017 03:00:00 PM,69,23,46
08/16/2017 04:00:00 PM,153,68,85
08/16/2017 05:00:00 PM,226,69,157
08/16/2017 06:00:00 PM,119,42,77
08/16/2017 07:00:00 PM,41,18,23
08/16/2017 08:00:00 PM,29,10,19
08/16/2017 09:00:00 PM,12,3,9
08/16/2017 10:00:00 PM,6,4,2
08/16/2017 11:00:00 PM,5,3,2
08/17/2017 12:00:00 AM,2,2,0
08/17/2017 01:00:00 AM,2,2,0
08/17/2017 02:00:00 AM,1,1,0
08/17/2017 03:00:00 AM,3,1,2
08/17/2017 04:00:00 AM,1,0,1
08/17/2017 05:00:00 AM,9,8,1
08/17/2017 06:00:00 AM,41,19,22
08/17/2017 07:00:00 AM,92,40,52
08/17/2017 08:00:00 AM,151,59,92
08/17/2017 09:00:00 AM,86,42,44
08/17/2017 10:00:00 AM,33,16,17
08/17/2017 11:00:00 AM,32,19,13
08/17/2017 12:00:00 PM,47,29,18
08/17/2017 01:00:00 PM,40,20,20
08/17/2017 02:00:00 PM,40,18,22
08/17/2017 03:00:00 PM,68,23,45
08/17/2017 04:00:00 PM,133,50,83
08/17/2017 05:00:00 PM,206,65,141
08/17/2017 06:00:00 PM,116,40,76
08/17/2017 07:00:00 PM,42,18,24
08/17/2017 08:00:00 PM,24,12,12
08/17/2017 09:00:00 PM,12,4,8
08/17/2017 10:00:00 PM,16,9,7
08/17/2017 11:00:00 PM,3,2,1
08/18/2017 12:00:00 AM,5,5,0
08/18/2017 01:00:00 AM,1,0,1
08/18/2017 02:00:00 AM,1,1,0
08/18/2017 03:00:00 AM,0,0,0
08/18/2017 04:00:00 AM,1,1,0
08/18/2017 05:00:00 AM,11,7,4
08/18/2017 06:00:00 AM,27,18,9
08/18/2017 07:00:00 AM,72,33,39
08/18/2017 08:00:00 AM,114,50,64
08/18/2017 09:00:00 AM,82,35,47
08/18/2017 10:00:00 AM,32,11,21
08/18/2017 11:00:00 AM,31,17,14
08/18/2017 12:00:00 PM,50,32,18
08/18/2017 01:00:00 PM,44,17,27
08/18/2017 02:00:00 PM,55,22,33
08/18/2017 03:00:00 PM,69,23,46
08/18/2017 04:00:00 PM,142,53,89
08/18/2017 05:00:00 PM,165,53,112
08/18/2017 06:00:00 PM,87,33,54
08/18/2017 07:00:00 PM,49,23,26
08/18/2017 08:00:00 PM,17,8,9
08/18/2017 09:00:00 PM,20,12,8
08/18/2017 10:00:00 PM,19,10,9
08/18/2017 11:00:00 PM,16,11,5
08/19/2017 12:00:00 AM,6,4,2
08/19/2017 01:00:00 AM,0,0,0
08/19/2017 02:00:00 AM,1,1,0
08/19/2017 03:00:00 AM,0,0,0
08/19/2017 04:00:00 AM,0,0,0
08/19/2017 05:00:00 AM,1,0,1
08/19/2017 06:00:00 AM,4,2,2
08/19/2017 07:00:00 AM,12,9,3
08/19/2017 08:00:00 AM,9,4,5
08/19/2017 09:00:00 AM,15,11,4
08/19/2017 10:00:00 AM,16,5,11
08/19/2017 11:00:00 AM,21,10,11
08/19/2017 12:00:00 PM,15,6,9
08/19/2017 01:00:00 PM,44,18,26
08/19/2017 02:00:00 PM,27,17,10
08/19/2017 03:00:00 PM,32,17,15
08/19/2017 04:00:00 PM,31,18,13
08/19/2017 05:00:00 PM,27,16,11
08/19/2017 06:00:00 PM,32,8,24
08/19/2017 07:00:00 PM,16,9,7
08/19/2017 08:00:00 PM,17,7,10
08/19/2017 09:00:00 PM,8,6,2
08/19/2017 10:00:00 PM,6,5,1
08/19/2017 11:00:00 PM,10,10,0
08/20/2017 12:00:00 AM,11,5,6
08/20/2017 01:00:00 AM,4,4,0
08/20/2017 02:00:00 AM,0,0,0
08/20/2017 03:00:00 AM,2,0,2
08/20/2017 04:00:00 AM,0,0,0
08/20/2017 05:00:00 AM,0,0,0
08/20/2017 06:00:00 AM,1,0,1
08/20/2017 07:00:00 AM,10,7,3
08/20/2017 08:00:00 AM,10,5,5
08/20/2017 09:00:00 AM,16,12,4
08/20/2017 10:00:00 AM,12,6,6
08/20/2017 11:00:00 AM,18,4,14
08/20/2017 12:00:00 PM,21,11,10
08/20/2017 01:00:00 PM,23,12,11
08/20/2017 02:00:00 PM,33,14,19
08/20/2017 03:00:00 PM,25,9,16
08/20/2017 04:00:00 PM,27,15,12
08/20/2017 05:00:00 PM,42,19,23
08/20/2017 06:00:00 PM,41,12,29
08/20/2017 07:00:00 PM,19,3,16
08/20/2017 08:00:00 PM,13,6,7
08/20/2017 09:00:00 PM,38,35,3
08/20/2017 10:00:00 PM,5,5,0
08/20/2017 11:00:00 PM,5,3,2
08/21/2017 12:00:00 AM,0,0,0
08/21/2017 01:00:00 AM,1,1,0
08/21/2017 02:00:00 AM,4,0,4
08/21/2017 03:00:00 AM,2,2,0
08/21/2017 04:00:00 AM,1,0,1
08/21/2017 05:00:00 AM,10,8,2
08/21/2017 06:00:00 AM,39,17,22
08/21/2017 07:00:00 AM,85,37,48
08/21/2017 08:00:00 AM,93,37,56
08/21/2017 09:00:00 AM,57,27,30
08/21/2017 10:00:00 AM,32,15,17
08/21/2017 11:00:00 AM,39,19,20
08/21/2017 12:00:00 PM,40,18,22
08/21/2017 01:00:00 PM,26,14,12
08/21/2017 02:00:00 PM,36,19,17
08/21/2017 03:00:00 PM,59,19,40
08/21/2017 04:00:00 PM,106,34,72
08/21/2017 05:00:00 PM,155,55,100
08/21/2017 06:00:00 PM,84,29,55
08/21/2017 07:00:00 PM,23,12,11
08/21/2017 08:00:00 PM,14,8,6
08/21/2017 09:00:00 PM,7,3,4
08/21/2017 10:00:00 PM,4,1,3
08/21/2017 11:00:00 PM,0,0,0
08/22/2017 12:00:00 AM,2,1,1
08/22/2017 01:00:00 AM,0,0,0
08/22/2017 02:00:00 AM,1,0,1
08/22/2017 03:00:00 AM,1,1,0
08/22/2017 04:00:00 AM,1,0,1
08/22/2017 05:00:00 AM,10,8,2
08/22/2017 06:00:00 AM,44,22,22
08/22/2017 07:00:00 AM,98,42,56
08/22/2017 08:00:00 AM,150,56,94
08/22/2017 09:00:00 AM,86,36,50
08/22/2017 10:00:00 AM,38,14,24
08/22/2017 11:00:00 AM,31,12,19
08/22/2017 12:00:00 PM,41,16,25
08/22/2017 01:00:00 PM,46,27,19
08/22/2017 02:00:00 PM,30,14,16
08/22/2017 03:00:00 PM,42,11,31
08/22/2017 04:00:00 PM,152,39,113
08/22/2017 05:00:00 PM,197,70,127
08/22/2017 06:00:00 PM,101,40,61
08/22/2017 07:00:00 PM,49,20,29
08/22/2017 08:00:00 PM,21,11,10
08/22/2017 09:00:00 PM,12,4,8
08/22/2017 10:00:00 PM,9,7,2
08/22/2017 11:00:00 PM,4,2,2
08/23/2017 12:00:00 AM,1,1,0
08/23/2017 01:00:00 AM,1,0,1
08/23/2017 02:00:00 AM,1,0,1
08/23/2017 03:00:00 AM,0,0,0
08/23/2017 04:00:00 AM,5,4,1
08/23/2017 05:00:00 AM,10,7,3
08/23/2017 06:00:00 AM,44,25,19
08/23/2017 07:00:00 AM,97,41,56
08/23/2017 08:00:00 AM,134,53,81
08/23/2017 09:00:00 AM,92,45,47
08/23/2017 10:00:00 AM,27,9,18
08/23/2017 11:00:00 AM,28,12,16
08/23/2017 12:00:00 PM,50,24,26
08/23/2017 01:00:00 PM,28,18,10
08/23/2017 02:00:00 PM,30,15,15
08/23/2017 03:00:00 PM,64,18,46
08/23/2017 04:00:00 PM,152,50,102
08/23/2017 05:00:00 PM,191,73,118
08/23/2017 06:00:00 PM,121,51,70
08/23/2017 07:00:00 PM,40,18,22
08/23/2017 08:00:00 PM,21,6,15
08/23/2017 09:00:00 PM,7,4,3
08/23/2017 10:00:00 PM,14,6,8
08/23/2017 11:00:00 PM,4,1,3
08/24/2017 12:00:00 AM,5,3,2
08/24/2017 01:00:00 AM,0,0,0
08/24/2017 02:00:00 AM,2,1,1
08/24/2017 03:00:00 AM,0,0,0
08/24/2017 04:00:00 AM,3,2,1
08/24/2017 05:00:00 AM,6,4,2
08/24/2017 06:00:00 AM,41,22,19
08/24/2017 07:00:00 AM,83,43,40
08/24/2017 08:00:00 AM,134,53,81
08/24/2017 09:00:00 AM,82,45,37
08/24/2017 10:00:00 AM,33,13,20
08/24/2017 11:00:00 AM,35,19,16
08/24/2017 12:00:00 PM,45,25,20
08/24/2017 01:00:00 PM,37,17,20
08/24/2017 02:00:00 PM,26,14,12
08/24/2017 03:00:00 PM,57,21,36
08/24/2017 04:00:00 PM,133,47,86
08/24/2017 05:00:00 PM,164,51,113
08/24/2017 06:00:00 PM,117,40,77
08/24/2017 07:00:00 PM,55,23,32
08/24/2017 08:00:00 PM,23,14,9
08/24/2017 09:00:00 PM,11,3,8
08/24/2017 10:00:00 PM,6,2,4
08/24/2017 11:00:00 PM,5,2,3
08/25/2017 12:00:00 AM,2,1,1
08/25/2017 01:00:00 AM,0,0,0
08/25/2017 02:00:00 AM,1,0,1
08/25/2017 03:00:00 AM,0,0,0
08/25/2017 04:00:00 AM,3,1,2
08/25/2017 05:00:00 AM,7,7,0
08/25/2017 06:00:00 AM,24,11,13
08/25/2017 07:00:00 AM,86,39,47
08/25/2017 08:00:00 AM,100,35,65
08/25/2017 09:00:00 AM,94,45,49
08/25/2017 10:00:00 AM,35,18,17
08/25/2017 11:00:00 AM,52,25,27
08/25/2017 12:00:00 PM,42,22,20
08/25/2017 01:00:00 PM,49,22,27
08/25/2017 02:00:00 PM,37,12,25
08/25/2017 03:00:00 PM,77,27,50
08/25/2017 04:00:00 PM,160,50,110
08/25/2017 05:00:00 PM,147,53,94
08/25/2017 06:00:00 PM,87,29,58
08/25/2017 07:00:00 PM,42,21,21
08/25/2017 08:00:00 PM,43,29,14
08/25/2017 09:00:00 PM,19,11,8
08/25/2017 10:00:00 PM,13,2,11
08/25/2017 11:00:00 PM,11,4,7
08/26/2017 12:00:00 AM,4,2,2
08/26/2017 01:00:00 AM,2,1,1
08/26/2017 02:00:00 AM,4,4,0
08/26/2017 03:00:00 AM,3,0,3
08/26/2017 04:00:00 AM,0,0,0
08/26/2017 05:00:00 AM,2,2,0
08/26/2017 06:00:00 AM,6,3,3
08/26/2017 07:00:00 AM,10,5,5
08/26/2017 08:00:00 AM,14,7,7
08/26/2017 09:00:00 AM,18,6,12
08/26/2017 10:00:00 AM,21,11,10
08/26/2017 11:00:00 AM,32,18,14
08/26/2017 12:00:00 PM,29,12,17
08/26/2017 01:00:00 PM,40,22,18
08/26/2017 02:00:00 PM,20,9,11
08/26/2017 03:00:00 PM,27,18,9
08/26/2017 04:00:00 PM,25,17,8
08/26/2017 05:00:00 PM,20,5,15
08/26/2017 06:00:00 PM,23,10,13
08/26/2017 07:00:00 PM,15,10,5
08/26/2017 08:00:00 PM,11,7,4
08/26/2017 09:00:00 PM,6,3,3
08/26/2017 10:00:00 PM,9,4,5
08/26/2017 11:00:00 PM,5,3,2
08/27/2017 12:00:00 AM,1,0,1
08/27/2017 01:00:00 AM,1,1,0
08/27/2017 02:00:00 AM,5,2,3
08/27/2017 03:00:00 AM,2,2,0
08/27/2017 04:00:00 AM,2,1,1
08/27/2017 05:00:00 AM,0,0,0
08/27/2017 06:00:00 AM,7,1,6
08/27/2017 07:00:00 AM,4,1,3
08/27/2017 08:00:00 AM,9,6,3
08/27/2017 09:00:00 AM,10,5,5
08/27/2017 10:00:00 AM,29,10,19
08/27/2017 11:00:00 AM,26,14,12
08/27/2017 12:00:00 PM,28,15,13
08/27/2017 01:00:00 PM,23,14,9
08/27/2017 02:00:00 PM,35,25,10
08/27/2017 03:00:00 PM,25,12,13
08/27/2017 04:00:00 PM,34,11,23
08/27/2017 05:00:00 PM,51,15,36
08/27/2017 06:00:00 PM,42,15,27
08/27/2017 07:00:00 PM,8,5,3
08/27/2017 08:00:00 PM,33,32,1
08/27/2017 09:00:00 PM,32,23,9
08/27/2017 10:00:00 PM,8,6,2
08/27/2017 11:00:00 PM,5,3,2
08/28/2017 12:00:00 AM,1,0,1
08/28/2017 01:00:00 AM,0,0,0
08/28/2017 02:00:00 AM,3,1,2
08/28/2017 03:00:00 AM,1,1,0
08/28/2017 04:00:00 AM,1,0,1
08/28/2017 05:00:00 AM,7,4,3
08/28/2017 06:00:00 AM,32,18,14
08/28/2017 07:00:00 AM,100,48,52
08/28/2017 08:00:00 AM,152,69,83
08/28/2017 09:00:00 AM,84,49,35
08/28/2017 10:00:00 AM,27,14,13
08/28/2017 11:00:00 AM,34,13,21
08/28/2017 12:00:00 PM,33,15,18
08/28/2017 01:00:00 PM,36,17,19
08/28/2017 02:00:00 PM,34,12,22
08/28/2017 03:00:00 PM,53,19,34
08/28/2017 04:00:00 PM,119,47,72
08/28/2017 05:00:00 PM,187,58,129
08/28/2017 06:00:00 PM,124,49,75
08/28/2017 07:00:00 PM,44,13,31
08/28/2017 08:00:00 PM,16,8,8
08/28/2017 09:00:00 PM,13,6,7
08/28/2017 10:00:00 PM,7,3,4
08/28/2017 11:00:00 PM,3,2,1
08/29/2017 12:00:00 AM,1,1,0
08/29/2017 01:00:00 AM,1,1,0
08/29/2017 02:00:00 AM,2,2,0
08/29/2017 03:00:00 AM,1,0,1
08/29/2017 04:00:00 AM,2,1,1
08/29/2017 05:00:00 AM,8,5,3
08/29/2017 06:00:00 AM,38,21,17
08/29/2017 07:00:00 AM,105,50,55
08/29/2017 08:00:00 AM,153,63,90
08/29/2017 09:00:00 AM,85,30,55
08/29/2017 10:00:00 AM,33,22,11
08/29/2017 11:00:00 AM,33,15,18
08/29/2017 12:00:00 PM,43,25,18
08/29/2017 01:00:00 PM,18,6,12
08/29/2017 02:00:00 PM,28,19,9
08/29/2017 03:00:00 PM,64,15,49
08/29/2017 04:00:00 PM,136,43,93
08/29/2017 05:00:00 PM,205,73,132
08/29/2017 06:00:00 PM,88,36,52
08/29/2017 07:00:00 PM,43,17,26
08/29/2017 08:00:00 PM,21,11,10
08/29/2017 09:00:00 PM,9,4,5
08/29/2017 10:00:00 PM,10,4,6
08/29/2017 11:00:00 PM,4,1,3
08/30/2017 12:00:00 AM,1,0,1
08/30/2017 01:00:00 AM,5,2,3
08/30/2017 02:00:00 AM,1,0,1
08/30/2017 03:00:00 AM,2,1,1
08/30/2017 04:00:00 AM,1,0,1
08/30/2017 05:00:00 AM,11,7,4
08/30/2017 06:00:00 AM,29,15,14
08/30/2017 07:00:00 AM,97,40,57
08/30/2017 08:00:00 AM,139,64,75
08/30/2017 09:00:00 AM,78,33,45
08/30/2017 10:00:00 AM,38,12,26
08/30/2017 11:00:00 AM,32,15,17
08/30/2017 12:00:00 PM,33,17,16
08/30/2017 01:00:00 PM,36,17,19
08/30/2017 02:00:00 PM,39,24,15
08/30/2017 03:00:00 PM,66,15,51
08/30/2017 04:00:00 PM,134,39,95
08/30/2017 05:00:00 PM,199,60,139
08/30/2017 06:00:00 PM,108,31,77
08/30/2017 07:00:00 PM,36,17,19
08/30/2017 08:00:00 PM,20,5,15
08/30/2017 09:00:00 PM,15,5,10
08/30/2017 10:00:00 PM,11,5,6
08/30/2017 11:00:00 PM,6,3,3
08/31/2017 12:00:00 AM,1,1,0
08/31/2017 01:00:00 AM,1,1,0
08/31/2017 02:00:00 AM,1,0,1
08/31/2017 03:00:00 AM,3,0,3
08/31/2017 04:00:00 AM,1,0,1
08/31/2017 05:00:00 AM,11,7,4
08/31/2017 06:00:00 AM,36,16,20
08/31/2017 07:00:00 AM,81,39,42
08/31/2017 08:00:00 AM,142,60,82
08/31/2017 09:00:00 AM,60,34,26
08/31/2017 10:00:00 AM,37,18,19
08/31/2017 11:00:00 AM,28,18,10
08/31/2017 12:00:00 PM,34,22,12
08/31/2017 01:00:00 PM,23,8,15
08/31/2017 02:00:00 PM,24,12,12
08/31/2017 03:00:00 PM,46,18,28
08/31/2017 04:00:00 PM,134,34,100
08/31/2017 05:00:00 PM,164,60,104
08/31/2017 06:00:00 PM,116,35,81
08/31/2017 07:00:00 PM,46,23,23
08/31/2017 08:00:00 PM,25,9,16
08/31/2017 09:00:00 PM,18,7,11
08/31/2017 10:00:00 PM,10,7,3
08/31/2017 11:00:00 PM,2,0,2
09/01/2017 12:00:00 AM,3,1,2
09/01/2017 01:00:00 AM,2,0,2
09/01/2017 02:00:00 AM,1,0,1
09/01/2017 03:00:00 AM,0,0,0
09/01/2017 04:00:00 AM,2,1,1
09/01/2017 05:00:00 AM,11,4,7
09/01/2017 06:00:00 AM,31,16,15
09/01/2017 07:00:00 AM,74,36,38
09/01/2017 08:00:00 AM,96,46,50
09/01/2017 09:00:00 AM,85,36,49
09/01/2017 10:00:00 AM,44,20,24
09/01/2017 11:00:00 AM,40,20,20
09/01/2017 12:00:00 PM,37,12,25
09/01/2017 01:00:00 PM,30,18,12
09/01/2017 02:00:00 PM,64,29,35
09/01/2017 03:00:00 PM,70,26,44
09/01/2017 04:00:00 PM,141,49,92
09/01/2017 05:00:00 PM,129,39,90
09/01/2017 06:00:00 PM,78,25,53
09/01/2017 07:00:00 PM,47,21,26
09/01/2017 08:00:00 PM,27,11,16
09/01/2017 09:00:00 PM,14,6,8
09/01/2017 10:00:00 PM,8,7,1
09/01/2017 11:00:00 PM,13,4,9
09/02/2017 12:00:00 AM,3,1,2
09/02/2017 01:00:00 AM,6,1,5
09/02/2017 02:00:00 AM,2,2,0
09/02/2017 03:00:00 AM,3,2,1
09/02/2017 04:00:00 AM,0,0,0
09/02/2017 05:00:00 AM,1,0,1
09/02/2017 06:00:00 AM,2,1,1
09/02/2017 07:00:00 AM,7,6,1
09/02/2017 08:00:00 AM,18,6,12
09/02/2017 09:00:00 AM,20,11,9
09/02/2017 10:00:00 AM,17,7,10
09/02/2017 11:00:00 AM,23,10,13
09/02/2017 12:00:00 PM,23,8,15
09/02/2017 01:00:00 PM,27,14,13
09/02/2017 02:00:00 PM,26,12,14
09/02/2017 03:00:00 PM,25,10,15
09/02/2017 04:00:00 PM,21,9,12
09/02/2017 05:00:00 PM,20,7,13
09/02/2017 06:00:00 PM,25,10,15
09/02/2017 07:00:00 PM,15,8,7
09/02/2017 08:00:00 PM,8,3,5
09/02/2017 09:00:00 PM,13,9,4
09/02/2017 10:00:00 PM,13,8,5
09/02/2017 11:00:00 PM,6,3,3
09/03/2017 12:00:00 AM,2,0,2
09/03/2017 01:00:00 AM,5,3,2
09/03/2017 02:00:00 AM,3,1,2
09/03/2017 03:00:00 AM,2,1,1
09/03/2017 04:00:00 AM,0,0,0
09/03/2017 05:00:00 AM,0,0,0
09/03/2017 06:00:00 AM,3,1,2
09/03/2017 07:00:00 AM,3,2,1
09/03/2017 08:00:00 AM,9,3,6
09/03/2017 09:00:00 AM,16,3,13
09/03/2017 10:00:00 AM,23,10,13
09/03/2017 11:00:00 AM,24,4,20
09/03/2017 12:00:00 PM,26,11,15
09/03/2017 01:00:00 PM,24,15,9
09/03/2017 02:00:00 PM,34,10,24
09/03/2017 03:00:00 PM,15,6,9
09/03/2017 04:00:00 PM,32,21,11
09/03/2017 05:00:00 PM,30,13,17
09/03/2017 06:00:00 PM,16,5,11
09/03/2017 07:00:00 PM,17,10,7
09/03/2017 08:00:00 PM,15,11,4
09/03/2017 09:00:00 PM,4,0,4
09/03/2017 10:00:00 PM,3,2,1
09/03/2017 11:00:00 PM,5,0,5
09/04/2017 12:00:00 AM,6,2,4
09/04/2017 01:00:00 AM,1,0,1
09/04/2017 02:00:00 AM,1,1,0
09/04/2017 03:00:00 AM,2,0,2
09/04/2017 04:00:00 AM,0,0,0
09/04/2017 05:00:00 AM,1,0,1
09/04/2017 06:00:00 AM,4,2,2
09/04/2017 07:00:00 AM,10,3,7
09/04/2017 08:00:00 AM,16,8,8
09/04/2017 09:00:00 AM,11,7,4
09/04/2017 10:00:00 AM,16,6,10
09/04/2017 11:00:00 AM,20,5,15
09/04/2017 12:00:00 PM,33,13,20
09/04/2017 01:00:00 PM,31,14,17
09/04/2017 02:00:00 PM,32,14,18
09/04/2017 03:00:00 PM,36,15,21
09/04/2017 04:00:00 PM,28,14,14
09/04/2017 05:00:00 PM,21,4,17
09/04/2017 06:00:00 PM,27,13,14
09/04/2017 07:00:00 PM,15,12,3
09/04/2017 08:00:00 PM,17,10,7
09/04/2017 09:00:00 PM,14,7,7
09/04/2017 10:00:00 PM,7,5,2
09/04/2017 11:00:00 PM,3,0,3
09/05/2017 12:00:00 AM,4,2,2
09/05/2017 01:00:00 AM,1,1,0
09/05/2017 02:00:00 AM,1,0,1
09/05/2017 03:00:00 AM,1,0,1
09/05/2017 04:00:00 AM,1,0,1
09/05/2017 05:00:00 AM,10,8,2
09/05/2017 06:00:00 AM,40,22,18
09/05/2017 07:00:00 AM,84,39,45
09/05/2017 08:00:00 AM,136,55,81
09/05/2017 09:00:00 AM,65,28,37
09/05/2017 10:00:00 AM,33,17,16
09/05/2017 11:00:00 AM,46,25,21
09/05/2017 12:00:00 PM,19,6,13
09/05/2017 01:00:00 PM,20,12,8
09/05/2017 02:00:00 PM,27,12,15
09/05/2017 03:00:00 PM,53,14,39
09/05/2017 04:00:00 PM,129,31,98
09/05/2017 05:00:00 PM,187,65,122
09/05/2017 06:00:00 PM,92,27,65
09/05/2017 07:00:00 PM,19,8,11
09/05/2017 08:00:00 PM,20,6,14
09/05/2017 09:00:00 PM,10,6,4
09/05/2017 10:00:00 PM,21,15,6
09/05/2017 11:00:00 PM,4,1,3
09/06/2017 12:00:00 AM,0,0,0
09/06/2017 01:00:00 AM,1,1,0
09/06/2017 02:00:00 AM,1,1,0
09/06/2017 03:00:00 AM,0,0,0
09/06/2017 04:00:00 AM,2,1,1
09/06/2017 05:00:00 AM,9,8,1
09/06/2017 06:00:00 AM,33,16,17
09/06/2017 07:00:00 AM,77,33,44
09/06/2017 08:00:00 AM,101,51,50
09/06/2017 09:00:00 AM,83,39,44
09/06/2017 10:00:00 AM,28,13,15
09/06/2017 11:00:00 AM,21,6,15
09/06/2017 12:00:00 PM,36,16,20
09/06/2017 01:00:00 PM,21,10,11
09/06/2017 02:00:00 PM,40,22,18
09/06/2017 03:00:00 PM,47,13,34
09/06/2017 04:00:00 PM,107,37,70
09/06/2017 05:00:00 PM,186,58,128
09/06/2017 06:00:00 PM,96,29,67
09/06/2017 07:00:00 PM,36,13,23
09/06/2017 08:00:00 PM,27,12,15
09/06/2017 09:00:00 PM,7,5,2
09/06/2017 10:00:00 PM,10,6,4
09/06/2017 11:00:00 PM,2,2,0
09/07/2017 12:00:00 AM,5,1,4
09/07/2017 01:00:00 AM,3,2,1
09/07/2017 02:00:00 AM,0,0,0
09/07/2017 03:00:00 AM,0,0,0
09/07/2017 04:00:00 AM,5,2,3
09/07/2017 05:00:00 AM,12,10,2
09/07/2017 06:00:00 AM,37,17,20
09/07/2017 07:00:00 AM,74,41,33
09/07/2017 08:00:00 AM,117,43,74
09/07/2017 09:00:00 AM,74,28,46
09/07/2017 10:00:00 AM,32,8,24
09/07/2017 11:00:00 AM,37,21,16
09/07/2017 12:00:00 PM,40,19,21
09/07/2017 01:00:00 PM,30,15,15
09/07/2017 02:00:00 PM,33,15,18
09/07/2017 03:00:00 PM,61,19,42
09/07/2017 04:00:00 PM,118,34,84
09/07/2017 05:00:00 PM,177,56,121
09/07/2017 06:00:00 PM,111,27,84
09/07/2017 07:00:00 PM,46,19,27
09/07/2017 08:00:00 PM,24,12,12
09/07/2017 09:00:00 PM,19,8,11
09/07/2017 10:00:00 PM,8,3,5
09/07/2017 11:00:00 PM,5,3,2
09/08/2017 12:00:00 AM,3,1,2
09/08/2017 01:00:00 AM,1,1,0
09/08/2017 02:00:00 AM,3,1,2
09/08/2017 03:00:00 AM,2,0,2
09/08/2017 04:00:00 AM,3,2,1
09/08/2017 05:00:00 AM,10,6,4
09/08/2017 06:00:00 AM,25,13,12
09/08/2017 07:00:00 AM,61,28,33
09/08/2017 08:00:00 AM,85,39,46
09/08/2017 09:00:00 AM,83,34,49
09/08/2017 10:00:00 AM,25,10,15
09/08/2017 11:00:00 AM,38,18,20
09/08/2017 12:00:00 PM,44,23,21
09/08/2017 01:00:00 PM,34,15,19
09/08/2017 02:00:00 PM,47,20,27
09/08/2017 03:00:00 PM,66,24,42
09/08/2017 04:00:00 PM,118,36,82
09/08/2017 05:00:00 PM,163,45,118
09/08/2017 06:00:00 PM,79,27,52
09/08/2017 07:00:00 PM,35,14,21
09/08/2017 08:00:00 PM,11,4,7
09/08/2017 09:00:00 PM,10,3,7
09/08/2017 10:00:00 PM,9,6,3
09/08/2017 11:00:00 PM,7,4,3
09/09/2017 12:00:00 AM,5,3,2
09/09/2017 01:00:00 AM,2,2,0
09/09/2017 02:00:00 AM,0,0,0
09/09/2017 03:00:00 AM,0,0,0
09/09/2017 04:00:00 AM,0,0,0
09/09/2017 05:00:00 AM,1,1,0
09/09/2017 06:00:00 AM,7,2,5
09/09/2017 07:00:00 AM,7,3,4
09/09/2017 08:00:00 AM,14,5,9
09/09/2017 09:00:00 AM,7,4,3
09/09/2017 10:00:00 AM,15,6,9
09/09/2017 11:00:00 AM,18,7,11
09/09/2017 12:00:00 PM,27,10,17
09/09/2017 01:00:00 PM,30,18,12
09/09/2017 02:00:00 PM,36,20,16
09/09/2017 03:00:00 PM,43,21,22
09/09/2017 04:00:00 PM,30,12,18
09/09/2017 05:00:00 PM,29,9,20
09/09/2017 06:00:00 PM,16,10,6
09/09/2017 07:00:00 PM,16,10,6
09/09/2017 08:00:00 PM,4,2,2
09/09/2017 09:00:00 PM,7,4,3
09/09/2017 10:00:00 PM,7,2,5
09/09/2017 11:00:00 PM,3,2,1
09/10/2017 12:00:00 AM,0,0,0
09/10/2017 01:00:00 AM,0,0,0
09/10/2017 02:00:00 AM,1,0,1
09/10/2017 03:00:00 AM,1,1,0
09/10/2017 04:00:00 AM,3,2,1
09/10/2017 05:00:00 AM,0,0,0
09/10/2017 06:00:00 AM,3,2,1
09/10/2017 07:00:00 AM,0,0,0
09/10/2017 08:00:00 AM,10,6,4
09/10/2017 09:00:00 AM,11,5,6
09/10/2017 10:00:00 AM,21,6,15
09/10/2017 11:00:00 AM,20,7,13
09/10/2017 12:00:00 PM,31,11,20
09/10/2017 01:00:00 PM,17,5,12
09/10/2017 02:00:00 PM,23,12,11
09/10/2017 03:00:00 PM,18,7,11
09/10/2017 04:00:00 PM,21,10,11
09/10/2017 05:00:00 PM,35,16,19
09/10/2017 06:00:00 PM,32,12,20
09/10/2017 07:00:00 PM,16,11,5
09/10/2017 08:00:00 PM,39,36,3
09/10/2017 09:00:00 PM,4,2,2
09/10/2017 10:00:00 PM,6,3,3
09/10/2017 11:00:00 PM,2,1,1
09/11/2017 12:00:00 AM,0,0,0
09/11/2017 01:00:00 AM,3,1,2
09/11/2017 02:00:00 AM,2,1,1
09/11/2017 03:00:00 AM,1,0,1
09/11/2017 04:00:00 AM,2,0,2
09/11/2017 05:00:00 AM,11,11,0
09/11/2017 06:00:00 AM,36,21,15
09/11/2017 07:00:00 AM,107,57,50
09/11/2017 08:00:00 AM,125,53,72
09/11/2017 09:00:00 AM,83,39,44
09/11/2017 10:00:00 AM,30,17,13
09/11/2017 11:00:00 AM,18,7,11
09/11/2017 12:00:00 PM,37,21,16
09/11/2017 01:00:00 PM,23,11,12
09/11/2017 02:00:00 PM,29,7,22
09/11/2017 03:00:00 PM,57,13,44
09/11/2017 04:00:00 PM,144,43,101
09/11/2017 05:00:00 PM,205,74,131
09/11/2017 06:00:00 PM,103,31,72
09/11/2017 07:00:00 PM,36,18,18
09/11/2017 08:00:00 PM,19,10,9
09/11/2017 09:00:00 PM,7,4,3
09/11/2017 10:00:00 PM,6,2,4
09/11/2017 11:00:00 PM,2,0,2
09/12/2017 12:00:00 AM,0,0,0
09/12/2017 01:00:00 AM,0,0,0
09/12/2017 02:00:00 AM,3,1,2
09/12/2017 03:00:00 AM,0,0,0
09/12/2017 04:00:00 AM,3,0,3
09/12/2017 05:00:00 AM,10,9,1
09/12/2017 06:00:00 AM,33,20,13
09/12/2017 07:00:00 AM,116,57,59
09/12/2017 08:00:00 AM,148,57,91
09/12/2017 09:00:00 AM,72,31,41
09/12/2017 10:00:00 AM,33,15,18
09/12/2017 11:00:00 AM,31,20,11
09/12/2017 12:00:00 PM,37,17,20
09/12/2017 01:00:00 PM,42,20,22
09/12/2017 02:00:00 PM,50,18,32
09/12/2017 03:00:00 PM,75,24,51
09/12/2017 04:00:00 PM,149,48,101
09/12/2017 05:00:00 PM,214,66,148
09/12/2017 06:00:00 PM,109,32,77
09/12/2017 07:00:00 PM,40,20,20
09/12/2017 08:00:00 PM,17,3,14
09/12/2017 09:00:00 PM,7,4,3
09/12/2017 10:00:00 PM,3,1,2
09/12/2017 11:00:00 PM,7,0,7
09/13/2017 12:00:00 AM,4,2,2
09/13/2017 01:00:00 AM,0,0,0
09/13/2017 02:00:00 AM,0,0,0
09/13/2017 03:00:00 AM,1,0,1
09/13/2017 04:00:00 AM,1,0,1
09/13/2017 05:00:00 AM,8,6,2
09/13/2017 06:00:00 AM,42,22,20
09/13/2017 07:00:00 AM,99,46,53
09/13/2017 08:00:00 AM,133,53,80
09/13/2017 09:00:00 AM,71,38,33
09/13/2017 10:00:00 AM,35,17,18
09/13/2017 11:00:00 AM,38,17,21
09/13/2017 12:00:00 PM,36,21,15
09/13/2017 01:00:00 PM,37,14,23
09/13/2017 02:00:00 PM,37,15,22
09/13/2017 03:00:00 PM,72,15,57
09/13/2017 04:00:00 PM,130,32,98
09/13/2017 05:00:00 PM,195,62,133
09/13/2017 06:00:00 PM,110,36,74
09/13/2017 07:00:00 PM,51,23,28
09/13/2017 08:00:00 PM,27,10,17
09/13/2017 09:00:00 PM,11,5,6
09/13/2017 10:00:00 PM,14,5,9
09/13/2017 11:00:00 PM,2,0,2
09/14/2017 12:00:00 AM,5,2,3
09/14/2017 01:00:00 AM,3,2,1
09/14/2017 02:00:00 AM,0,0,0
09/14/2017 03:00:00 AM,0,0,0
09/14/2017 04:00:00 AM,2,0,2
09/14/2017 05:00:00 AM,10,7,3
09/14/2017 06:00:00 AM,46,22,24
09/14/2017 07:00:00 AM,79,44,35
09/14/2017 08:00:00 AM,138,62,76
09/14/2017 09:00:00 AM,72,31,41
09/14/2017 10:00:00 AM,33,15,18
09/14/2017 11:00:00 AM,23,10,13
09/14/2017 12:00:00 PM,38,18,20
09/14/2017 01:00:00 PM,33,13,20
09/14/2017 02:00:00 PM,27,12,15
09/14/2017 03:00:00 PM,63,18,45
09/14/2017 04:00:00 PM,128,34,94
09/14/2017 05:00:00 PM,175,60,115
09/14/2017 06:00:00 PM,106,36,70
09/14/2017 07:00:00 PM,42,24,18
09/14/2017 08:00:00 PM,26,16,10
09/14/2017 09:00:00 PM,9,3,6
09/14/2017 10:00:00 PM,5,3,2
09/14/2017 11:00:00 PM,4,2,2
09/15/2017 12:00:00 AM,2,0,2
09/15/2017 01:00:00 AM,0,0,0
09/15/2017 02:00:00 AM,2,1,1
09/15/2017 03:00:00 AM,1,1,0
09/15/2017 04:00:00 AM,1,1,0
09/15/2017 05:00:00 AM,6,4,2
09/15/2017 06:00:00 AM,25,15,10
09/15/2017 07:00:00 AM,69,41,28
09/15/2017 08:00:00 AM,99,48,51
09/15/2017 09:00:00 AM,71,35,36
09/15/2017 10:00:00 AM,26,13,13
09/15/2017 11:00:00 AM,32,16,16
09/15/2017 12:00:00 PM,26,15,11
09/15/2017 01:00:00 PM,47,22,25
09/15/2017 02:00:00 PM,47,16,31
09/15/2017 03:00:00 PM,80,25,55
09/15/2017 04:00:00 PM,147,55,92
09/15/2017 05:00:00 PM,177,61,116
09/15/2017 06:00:00 PM,76,29,47
09/15/2017 07:00:00 PM,31,13,18
09/15/2017 08:00:00 PM,11,5,6
09/15/2017 09:00:00 PM,4,0,4
09/15/2017 10:00:00 PM,5,2,3
09/15/2017 11:00:00 PM,4,2,2
09/16/2017 12:00:00 AM,6,3,3
09/16/2017 01:00:00 AM,4,2,2
09/16/2017 02:00:00 AM,3,2,1
09/16/2017 03:00:00 AM,0,0,0
09/16/2017 04:00:00 AM,1,0,1
09/16/2017 05:00:00 AM,1,1,0
09/16/2017 06:00:00 AM,6,3,3
09/16/2017 07:00:00 AM,9,3,6
09/16/2017 08:00:00 AM,6,3,3
09/16/2017 09:00:00 AM,18,4,14
09/16/2017 10:00:00 AM,17,6,11
09/16/2017 11:00:00 AM,22,14,8
09/16/2017 12:00:00 PM,25,12,13
09/16/2017 01:00:00 PM,31,19,12
09/16/2017 02:00:00 PM,43,16,27
09/16/2017 03:00:00 PM,21,9,12
09/16/2017 04:00:00 PM,32,19,13
09/16/2017 05:00:00 PM,28,13,15
09/16/2017 06:00:00 PM,20,5,15
09/16/2017 07:00:00 PM,19,7,12
09/16/2017 08:00:00 PM,6,4,2
09/16/2017 09:00:00 PM,15,8,7
09/16/2017 10:00:00 PM,6,3,3
09/16/2017 11:00:00 PM,12,8,4
09/17/2017 12:00:00 AM,3,2,1
09/17/2017 01:00:00 AM,2,2,0
09/17/2017 02:00:00 AM,2,1,1
09/17/2017 03:00:00 AM,0,0,0
09/17/2017 04:00:00 AM,0,0,0
09/17/2017 05:00:00 AM,1,0,1
09/17/2017 06:00:00 AM,2,0,2
09/17/2017 07:00:00 AM,13,6,7
09/17/2017 08:00:00 AM,11,4,7
09/17/2017 09:00:00 AM,9,5,4
09/17/2017 10:00:00 AM,27,7,20
09/17/2017 11:00:00 AM,17,6,11
09/17/2017 12:00:00 PM,31,12,19
09/17/2017 01:00:00 PM,9,1,8
09/17/2017 02:00:00 PM,7,7,0
09/17/2017 03:00:00 PM,10,4,6
09/17/2017 04:00:00 PM,18,16,2
09/17/2017 05:00:00 PM,15,9,6
09/17/2017 06:00:00 PM,7,3,4
09/17/2017 07:00:00 PM,11,9,2
09/17/2017 08:00:00 PM,2,2,0
09/17/2017 09:00:00 PM,3,1,2
09/17/2017 10:00:00 PM,15,7,8
09/17/2017 11:00:00 PM,1,1,0
09/18/2017 12:00:00 AM,4,2,2
09/18/2017 01:00:00 AM,1,1,0
09/18/2017 02:00:00 AM,2,1,1
09/18/2017 03:00:00 AM,1,1,0
09/18/2017 04:00:00 AM,1,0,1
09/18/2017 05:00:00 AM,7,7,0
09/18/2017 06:00:00 AM,29,14,15
09/18/2017 07:00:00 AM,66,32,34
09/18/2017 08:00:00 AM,96,45,51
09/18/2017 09:00:00 AM,59,24,35
09/18/2017 10:00:00 AM,37,22,15
09/18/2017 11:00:00 AM,34,18,16
09/18/2017 12:00:00 PM,35,23,12
09/18/2017 01:00:00 PM,23,9,14
09/18/2017 02:00:00 PM,28,11,17
09/18/2017 03:00:00 PM,44,10,34
09/18/2017 04:00:00 PM,76,20,56
09/18/2017 05:00:00 PM,143,37,106
09/18/2017 06:00:00 PM,72,22,50
09/18/2017 07:00:00 PM,17,7,10
09/18/2017 08:00:00 PM,13,7,6
09/18/2017 09:00:00 PM,7,6,1
09/18/2017 10:00:00 PM,4,0,4
09/18/2017 11:00:00 PM,1,1,0
09/19/2017 12:00:00 AM,1,1,0
09/19/2017 01:00:00 AM,0,0,0
09/19/2017 02:00:00 AM,2,2,0
09/19/2017 03:00:00 AM,0,0,0
09/19/2017 04:00:00 AM,1,0,1
09/19/2017 05:00:00 AM,5,4,1
09/19/2017 06:00:00 AM,27,19,8
09/19/2017 07:00:00 AM,50,25,25
09/19/2017 08:00:00 AM,89,39,50
09/19/2017 09:00:00 AM,43,22,21
09/19/2017 10:00:00 AM,28,19,9
09/19/2017 11:00:00 AM,23,12,11
09/19/2017 12:00:00 PM,32,17,15
09/19/2017 01:00:00 PM,17,11,6
09/19/2017 02:00:00 PM,19,10,9
09/19/2017 03:00:00 PM,45,18,27
09/19/2017 04:00:00 PM,84,23,61
09/19/2017 05:00:00 PM,125,32,93
09/19/2017 06:00:00 PM,47,16,31
09/19/2017 07:00:00 PM,27,19,8
09/19/2017 08:00:00 PM,10,4,6
09/19/2017 09:00:00 PM,5,3,2
09/19/2017 10:00:00 PM,5,3,2
09/19/2017 11:00:00 PM,5,3,2
09/20/2017 12:00:00 AM,0,0,0
09/20/2017 01:00:00 AM,1,0,1
09/20/2017 02:00:00 AM,0,0,0
09/20/2017 03:00:00 AM,1,0,1
09/20/2017 04:00:00 AM,1,0,1
09/20/2017 05:00:00 AM,7,5,2
09/20/2017 06:00:00 AM,29,18,11
09/20/2017 07:00:00 AM,69,41,28
09/20/2017 08:00:00 AM,81,35,46
09/20/2017 09:00:00 AM,7,3,4
09/20/2017 10:00:00 AM,26,13,13
09/20/2017 11:00:00 AM,25,18,7
09/20/2017 12:00:00 PM,42,18,24
09/20/2017 01:00:00 PM,34,17,17
09/20/2017 02:00:00 PM,38,20,18
09/20/2017 03:00:00 PM,46,12,34
09/20/2017 04:00:00 PM,98,29,69
09/20/2017 05:00:00 PM,144,48,96
09/20/2017 06:00:00 PM,85,33,52
09/20/2017 07:00:00 PM,20,7,13
09/20/2017 08:00:00 PM,15,8,7
09/20/2017 09:00:00 PM,14,8,6
09/20/2017 10:00:00 PM,10,6,4
09/20/2017 11:00:00 PM,4,3,1
09/21/2017 12:00:00 AM,1,1,0
09/21/2017 01:00:00 AM,1,0,1
09/21/2017 02:00:00 AM,1,1,0
09/21/2017 03:00:00 AM,0,0,0
09/21/2017 04:00:00 AM,1,1,0
09/21/2017 05:00:00 AM,7,5,2
09/21/2017 06:00:00 AM,25,14,11
09/21/2017 07:00:00 AM,58,32,26
09/21/2017 08:00:00 AM,97,47,50
09/21/2017 09:00:00 AM,57,25,32
09/21/2017 10:00:00 AM,18,10,8
09/21/2017 11:00:00 AM,26,15,11
09/21/2017 12:00:00 PM,25,16,9
09/21/2017 01:00:00 PM,36,18,18
09/21/2017 02:00:00 PM,34,7,27
09/21/2017 03:00:00 PM,45,13,32
09/21/2017 04:00:00 PM,114,30,84
09/21/2017 05:00:00 PM,150,56,94
09/21/2017 06:00:00 PM,80,31,49
09/21/2017 07:00:00 PM,26,14,12
09/21/2017 08:00:00 PM,16,8,8
09/21/2017 09:00:00 PM,12,4,8
09/21/2017 10:00:00 PM,7,5,2
09/21/2017 11:00:00 PM,7,2,5
09/22/2017 12:00:00 AM,1,1,0
09/22/2017 01:00:00 AM,0,0,0
09/22/2017 02:00:00 AM,2,0,2
09/22/2017 03:00:00 AM,0,0,0
09/22/2017 04:00:00 AM,0,0,0
09/22/2017 05:00:00 AM,4,3,1
09/22/2017 06:00:00 AM,25,17,8
09/22/2017 07:00:00 AM,69,34,35
09/22/2017 08:00:00 AM,99,45,54
09/22/2017 09:00:00 AM,66,27,39
09/22/2017 10:00:00 AM,35,17,18
09/22/2017 11:00:00 AM,28,12,16
09/22/2017 12:00:00 PM,35,17,18
09/22/2017 01:00:00 PM,60,27,33
09/22/2017 02:00:00 PM,62,31,31
09/22/2017 03:00:00 PM,71,29,42
09/22/2017 04:00:00 PM,131,44,87
09/22/2017 05:00:00 PM,125,33,92
09/22/2017 06:00:00 PM,89,39,50
09/22/2017 07:00:00 PM,33,11,22
09/22/2017 08:00:00 PM,14,5,9
09/22/2017 09:00:00 PM,12,6,6
09/22/2017 10:00:00 PM,17,14,3
09/22/2017 11:00:00 PM,3,2,1
09/23/2017 12:00:00 AM,3,2,1
09/23/2017 01:00:00 AM,1,0,1
09/23/2017 02:00:00 AM,6,4,2
09/23/2017 03:00:00 AM,1,1,0
09/23/2017 04:00:00 AM,0,0,0
09/23/2017 05:00:00 AM,2,2,0
09/23/2017 06:00:00 AM,2,1,1
09/23/2017 07:00:00 AM,9,5,4
09/23/2017 08:00:00 AM,12,6,6
09/23/2017 09:00:00 AM,15,6,9
09/23/2017 10:00:00 AM,17,10,7
09/23/2017 11:00:00 AM,20,8,12
09/23/2017 12:00:00 PM,29,13,16
09/23/2017 01:00:00 PM,42,18,24
09/23/2017 02:00:00 PM,39,19,20
09/23/2017 03:00:00 PM,20,9,11
09/23/2017 04:00:00 PM,32,17,15
09/23/2017 05:00:00 PM,37,16,21
09/23/2017 06:00:00 PM,29,6,23
09/23/2017 07:00:00 PM,22,9,13
09/23/2017 08:00:00 PM,11,2,9
09/23/2017 09:00:00 PM,13,9,4
09/23/2017 10:00:00 PM,7,3,4
09/23/2017 11:00:00 PM,31,24,7
09/24/2017 12:00:00 AM,10,7,3
09/24/2017 01:00:00 AM,0,0,0
09/24/2017 02:00:00 AM,6,5,1
09/24/2017 03:00:00 AM,1,1,0
09/24/2017 04:00:00 AM,2,2,0
09/24/2017 05:00:00 AM,3,1,2
09/24/2017 06:00:00 AM,1,1,0
09/24/2017 07:00:00 AM,4,3,1
09/24/2017 08:00:00 AM,5,2,3
09/24/2017 09:00:00 AM,13,6,7
09/24/2017 10:00:00 AM,16,10,6
09/24/2017 11:00:00 AM,19,6,13
09/24/2017 12:00:00 PM,27,18,9
09/24/2017 01:00:00 PM,33,17,16
09/24/2017 02:00:00 PM,22,9,13
09/24/2017 03:00:00 PM,17,8,9
09/24/2017 04:00:00 PM,29,13,16
09/24/2017 05:00:00 PM,24,10,14
09/24/2017 06:00:00 PM,13,5,8
09/24/2017 07:00:00 PM,11,9,2
09/24/2017 08:00:00 PM,7,3,4
09/24/2017 09:00:00 PM,4,1,3
09/24/2017 10:00:00 PM,5,4,1
09/24/2017 11:00:00 PM,1,1,0
09/25/2017 12:00:00 AM,4,2,2
09/25/2017 01:00:00 AM,0,0,0
09/25/2017 02:00:00 AM,2,1,1
09/25/2017 03:00:00 AM,0,0,0
09/25/2017 04:00:00 AM,2,0,2
09/25/2017 05:00:00 AM,9,6,3
09/25/2017 06:00:00 AM,38,25,13
09/25/2017 07:00:00 AM,67,32,35
09/25/2017 08:00:00 AM,88,41,47
09/25/2017 09:00:00 AM,59,35,24
09/25/2017 10:00:00 AM,22,13,9
09/25/2017 11:00:00 AM,28,15,13
09/25/2017 12:00:00 PM,21,11,10
09/25/2017 01:00:00 PM,15,6,9
09/25/2017 02:00:00 PM,24,10,14
09/25/2017 03:00:00 PM,46,12,34
09/25/2017 04:00:00 PM,113,30,83
09/25/2017 05:00:00 PM,155,52,103
09/25/2017 06:00:00 PM,71,24,47
09/25/2017 07:00:00 PM,28,15,13
09/25/2017 08:00:00 PM,14,5,9
09/25/2017 09:00:00 PM,6,4,2
09/25/2017 10:00:00 PM,6,4,2
09/25/2017 11:00:00 PM,1,1,0
09/26/2017 12:00:00 AM,0,0,0
09/26/2017 01:00:00 AM,1,0,1
09/26/2017 02:00:00 AM,0,0,0
09/26/2017 03:00:00 AM,1,0,1
09/26/2017 04:00:00 AM,1,0,1
09/26/2017 05:00:00 AM,4,4,0
09/26/2017 06:00:00 AM,37,22,15
09/26/2017 07:00:00 AM,95,45,50
09/26/2017 08:00:00 AM,126,62,64
09/26/2017 09:00:00 AM,69,37,32
09/26/2017 10:00:00 AM,32,12,20
09/26/2017 11:00:00 AM,34,22,12
09/26/2017 12:00:00 PM,43,22,21
09/26/2017 01:00:00 PM,40,22,18
09/26/2017 02:00:00 PM,31,9,22
09/26/2017 03:00:00 PM,68,19,49
09/26/2017 04:00:00 PM,143,55,88
09/26/2017 05:00:00 PM,202,71,131
09/26/2017 06:00:00 PM,101,37,64
09/26/2017 07:00:00 PM,39,15,24
09/26/2017 08:00:00 PM,19,10,9
09/26/2017 09:00:00 PM,13,7,6
09/26/2017 10:00:00 PM,10,7,3
09/26/2017 11:00:00 PM,8,2,6
09/27/2017 12:00:00 AM,1,1,0
09/27/2017 01:00:00 AM,0,0,0
09/27/2017 02:00:00 AM,0,0,0
09/27/2017 03:00:00 AM,0,0,0
09/27/2017 04:00:00 AM,0,0,0
09/27/2017 05:00:00 AM,5,5,0
09/27/2017 06:00:00 AM,30,16,14
09/27/2017 07:00:00 AM,84,38,46
09/27/2017 08:00:00 AM,105,55,50
09/27/2017 09:00:00 AM,93,45,48
09/27/2017 10:00:00 AM,35,18,17
09/27/2017 11:00:00 AM,39,23,16
09/27/2017 12:00:00 PM,38,15,23
09/27/2017 01:00:00 PM,37,14,23
09/27/2017 02:00:00 PM,45,24,21
09/27/2017 03:00:00 PM,73,20,53
09/27/2017 04:00:00 PM,147,37,110
09/27/2017 05:00:00 PM,208,66,142
09/27/2017 06:00:00 PM,137,30,107
09/27/2017 07:00:00 PM,66,32,34
09/27/2017 08:00:00 PM,34,18,16
09/27/2017 09:00:00 PM,48,43,5
09/27/2017 10:00:00 PM,32,24,8
09/27/2017 11:00:00 PM,3,3,0
09/28/2017 12:00:00 AM,5,2,3
09/28/2017 01:00:00 AM,2,2,0
09/28/2017 02:00:00 AM,0,0,0
09/28/2017 03:00:00 AM,2,1,1
09/28/2017 04:00:00 AM,1,0,1
09/28/2017 05:00:00 AM,7,5,2
09/28/2017 06:00:00 AM,41,18,23
09/28/2017 07:00:00 AM,95,45,50
09/28/2017 08:00:00 AM,125,54,71
09/28/2017 09:00:00 AM,77,30,47
09/28/2017 10:00:00 AM,35,17,18
09/28/2017 11:00:00 AM,31,12,19
09/28/2017 12:00:00 PM,27,13,14
09/28/2017 01:00:00 PM,48,28,20
09/28/2017 02:00:00 PM,46,20,26
09/28/2017 03:00:00 PM,77,24,53
09/28/2017 04:00:00 PM,126,50,76
09/28/2017 05:00:00 PM,221,77,144
09/28/2017 06:00:00 PM,77,25,52
09/28/2017 07:00:00 PM,40,19,21
09/28/2017 08:00:00 PM,23,10,13
09/28/2017 09:00:00 PM,16,8,8
09/28/2017 10:00:00 PM,8,5,3
09/28/2017 11:00:00 PM,3,1,2
09/29/2017 12:00:00 AM,2,1,1
09/29/2017 01:00:00 AM,0,0,0
09/29/2017 02:00:00 AM,0,0,0
09/29/2017 03:00:00 AM,1,1,0
09/29/2017 04:00:00 AM,0,0,0
09/29/2017 05:00:00 AM,4,4,0
09/29/2017 06:00:00 AM,18,12,6
09/29/2017 07:00:00 AM,55,27,28
09/29/2017 08:00:00 AM,76,34,42
09/29/2017 09:00:00 AM,56,28,28
09/29/2017 10:00:00 AM,23,15,8
09/29/2017 11:00:00 AM,26,17,9
09/29/2017 12:00:00 PM,27,14,13
09/29/2017 01:00:00 PM,39,17,22
09/29/2017 02:00:00 PM,33,16,17
09/29/2017 03:00:00 PM,58,14,44
09/29/2017 04:00:00 PM,82,25,57
09/29/2017 05:00:00 PM,129,49,80
09/29/2017 06:00:00 PM,56,22,34
09/29/2017 07:00:00 PM,22,9,13
09/29/2017 08:00:00 PM,12,7,5
09/29/2017 09:00:00 PM,6,3,3
09/29/2017 10:00:00 PM,11,4,7
09/29/2017 11:00:00 PM,3,2,1
09/30/2017 12:00:00 AM,2,1,1
09/30/2017 01:00:00 AM,2,2,0
09/30/2017 02:00:00 AM,3,2,1
09/30/2017 03:00:00 AM,1,1,0
09/30/2017 04:00:00 AM,1,0,1
09/30/2017 05:00:00 AM,0,0,0
09/30/2017 06:00:00 AM,1,0,1
09/30/2017 07:00:00 AM,5,2,3
09/30/2017 08:00:00 AM,16,10,6
09/30/2017 09:00:00 AM,7,1,6
09/30/2017 10:00:00 AM,14,6,8
09/30/2017 11:00:00 AM,17,12,5
09/30/2017 12:00:00 PM,29,15,14
09/30/2017 01:00:00 PM,26,17,9
09/30/2017 02:00:00 PM,10,5,5
09/30/2017 03:00:00 PM,16,8,8
09/30/2017 04:00:00 PM,17,5,12
09/30/2017 05:00:00 PM,16,9,7
09/30/2017 06:00:00 PM,9,2,7
09/30/2017 07:00:00 PM,14,9,5
09/30/2017 08:00:00 PM,9,2,7
09/30/2017 09:00:00 PM,8,3,5
09/30/2017 10:00:00 PM,8,3,5
09/30/2017 11:00:00 PM,11,8,3
10/01/2017 12:00:00 AM,6,3,3
10/01/2017 01:00:00 AM,0,0,0
10/01/2017 02:00:00 AM,6,4,2
10/01/2017 03:00:00 AM,1,1,0
10/01/2017 04:00:00 AM,1,0,1
10/01/2017 05:00:00 AM,1,1,0
10/01/2017 06:00:00 AM,1,1,0
10/01/2017 07:00:00 AM,1,1,0
10/01/2017 08:00:00 AM,7,5,2
10/01/2017 09:00:00 AM,8,4,4
10/01/2017 10:00:00 AM,12,8,4
10/01/2017 11:00:00 AM,5,2,3
10/01/2017 12:00:00 PM,17,10,7
10/01/2017 01:00:00 PM,14,8,6
10/01/2017 02:00:00 PM,22,4,18
10/01/2017 03:00:00 PM,36,16,20
10/01/2017 04:00:00 PM,24,7,17
10/01/2017 05:00:00 PM,23,9,14
10/01/2017 06:00:00 PM,10,7,3
10/01/2017 07:00:00 PM,15,5,10
10/01/2017 08:00:00 PM,18,13,5
10/01/2017 09:00:00 PM,27,18,9
10/01/2017 10:00:00 PM,6,2,4
10/01/2017 11:00:00 PM,4,3,1
10/02/2017 12:00:00 AM,4,3,1
10/02/2017 01:00:00 AM,1,0,1
10/02/2017 02:00:00 AM,2,1,1
10/02/2017 03:00:00 AM,1,1,0
10/02/2017 04:00:00 AM,1,1,0
10/02/2017 05:00:00 AM,8,6,2
10/02/2017 06:00:00 AM,33,21,12
10/02/2017 07:00:00 AM,69,39,30
10/02/2017 08:00:00 AM,130,65,65
10/02/2017 09:00:00 AM,61,36,25
10/02/2017 10:00:00 AM,28,14,14
10/02/2017 11:00:00 AM,32,16,16
10/02/2017 12:00:00 PM,33,17,16
10/02/2017 01:00:00 PM,24,10,14
10/02/2017 02:00:00 PM,23,9,14
10/02/2017 03:00:00 PM,45,11,34
10/02/2017 04:00:00 PM,141,44,97
10/02/2017 05:00:00 PM,158,50,108
10/02/2017 06:00:00 PM,83,35,48
10/02/2017 07:00:00 PM,33,11,22
10/02/2017 08:00:00 PM,15,6,9
10/02/2017 09:00:00 PM,6,4,2
10/02/2017 10:00:00 PM,6,3,3
10/02/2017 11:00:00 PM,2,2,0
10/03/2017 12:00:00 AM,4,3,1
10/03/2017 01:00:00 AM,2,0,2
10/03/2017 02:00:00 AM,1,1,0
10/03/2017 03:00:00 AM,1,1,0
10/03/2017 04:00:00 AM,2,1,1
10/03/2017 05:00:00 AM,7,4,3
10/03/2017 06:00:00 AM,29,14,15
10/03/2017 07:00:00 AM,93,53,40
10/03/2017 08:00:00 AM,136,60,76
10/03/2017 09:00:00 AM,69,35,34
10/03/2017 10:00:00 AM,39,23,16
10/03/2017 11:00:00 AM,40,22,18
10/03/2017 12:00:00 PM,46,22,24
10/03/2017 01:00:00 PM,39,18,21
10/03/2017 02:00:00 PM,32,14,18
10/03/2017 03:00:00 PM,72,21,51
10/03/2017 04:00:00 PM,130,47,83
10/03/2017 05:00:00 PM,212,66,146
10/03/2017 06:00:00 PM,88,40,48
10/03/2017 07:00:00 PM,38,14,24
10/03/2017 08:00:00 PM,12,5,7
10/03/2017 09:00:00 PM,12,3,9
10/03/2017 10:00:00 PM,6,3,3
10/03/2017 11:00:00 PM,6,2,4
10/04/2017 12:00:00 AM,4,4,0
10/04/2017 01:00:00 AM,0,0,0
10/04/2017 02:00:00 AM,3,2,1
10/04/2017 03:00:00 AM,1,1,0
10/04/2017 04:00:00 AM,2,0,2
10/04/2017 05:00:00 AM,7,6,1
10/04/2017 06:00:00 AM,30,16,14
10/04/2017 07:00:00 AM,87,46,41
10/04/2017 08:00:00 AM,132,59,73
10/04/2017 09:00:00 AM,75,35,40
10/04/2017 10:00:00 AM,28,14,14
10/04/2017 11:00:00 AM,29,16,13
10/04/2017 12:00:00 PM,31,14,17
10/04/2017 01:00:00 PM,24,8,16
10/04/2017 02:00:00 PM,44,16,28
10/04/2017 03:00:00 PM,56,15,41
10/04/2017 04:00:00 PM,116,29,87
10/04/2017 05:00:00 PM,179,66,113
10/04/2017 06:00:00 PM,86,34,52
10/04/2017 07:00:00 PM,34,19,15
10/04/2017 08:00:00 PM,14,11,3
10/04/2017 09:00:00 PM,10,5,5
10/04/2017 10:00:00 PM,13,7,6
10/04/2017 11:00:00 PM,4,1,3
10/05/2017 12:00:00 AM,4,2,2
10/05/2017 01:00:00 AM,1,1,0
10/05/2017 02:00:00 AM,0,0,0
10/05/2017 03:00:00 AM,0,0,0
10/05/2017 04:00:00 AM,2,1,1
10/05/2017 05:00:00 AM,10,9,1
10/05/2017 06:00:00 AM,33,16,17
10/05/2017 07:00:00 AM,69,35,34
10/05/2017 08:00:00 AM,111,54,57
10/05/2017 09:00:00 AM,77,31,46
10/05/2017 10:00:00 AM,26,9,17
10/05/2017 11:00:00 AM,29,16,13
10/05/2017 12:00:00 PM,34,18,16
10/05/2017 01:00:00 PM,29,16,13
10/05/2017 02:00:00 PM,32,11,21
10/05/2017 03:00:00 PM,53,19,34
10/05/2017 04:00:00 PM,118,36,82
10/05/2017 05:00:00 PM,167,58,109
10/05/2017 06:00:00 PM,101,30,71
10/05/2017 07:00:00 PM,39,20,19
10/05/2017 08:00:00 PM,18,12,6
10/05/2017 09:00:00 PM,20,13,7
10/05/2017 10:00:00 PM,9,4,5
10/05/2017 11:00:00 PM,5,2,3
10/06/2017 12:00:00 AM,4,1,3
10/06/2017 01:00:00 AM,0,0,0
10/06/2017 02:00:00 AM,1,0,1
10/06/2017 03:00:00 AM,0,0,0
10/06/2017 04:00:00 AM,1,0,1
10/06/2017 05:00:00 AM,7,5,2
10/06/2017 06:00:00 AM,18,10,8
10/06/2017 07:00:00 AM,66,39,27
10/06/2017 08:00:00 AM,115,52,63
10/06/2017 09:00:00 AM,56,30,26
10/06/2017 10:00:00 AM,30,15,15
10/06/2017 11:00:00 AM,33,20,13
10/06/2017 12:00:00 PM,43,19,24
10/06/2017 01:00:00 PM,35,13,22
10/06/2017 02:00:00 PM,40,13,27
10/06/2017 03:00:00 PM,74,29,45
10/06/2017 04:00:00 PM,110,31,79
10/06/2017 05:00:00 PM,125,45,80
10/06/2017 06:00:00 PM,64,25,39
10/06/2017 07:00:00 PM,29,12,17
10/06/2017 08:00:00 PM,13,5,8
10/06/2017 09:00:00 PM,6,3,3
10/06/2017 10:00:00 PM,7,4,3
10/06/2017 11:00:00 PM,3,1,2
10/07/2017 12:00:00 AM,3,0,3
10/07/2017 01:00:00 AM,6,1,5
10/07/2017 02:00:00 AM,2,2,0
10/07/2017 03:00:00 AM,0,0,0
10/07/2017 04:00:00 AM,0,0,0
10/07/2017 05:00:00 AM,2,1,1
10/07/2017 06:00:00 AM,1,0,1
10/07/2017 07:00:00 AM,2,2,0
10/07/2017 08:00:00 AM,8,4,4
10/07/2017 09:00:00 AM,9,4,5
10/07/2017 10:00:00 AM,12,4,8
10/07/2017 11:00:00 AM,15,9,6
10/07/2017 12:00:00 PM,18,10,8
10/07/2017 01:00:00 PM,18,11,7
10/07/2017 02:00:00 PM,20,10,10
10/07/2017 03:00:00 PM,16,6,10
10/07/2017 04:00:00 PM,20,12,8
10/07/2017 05:00:00 PM,16,12,4
10/07/2017 06:00:00 PM,20,8,12
10/07/2017 07:00:00 PM,5,3,2
10/07/2017 08:00:00 PM,10,4,6
10/07/2017 09:00:00 PM,1,1,0
10/07/2017 10:00:00 PM,6,1,5
10/07/2017 11:00:00 PM,3,2,1
10/08/2017 12:00:00 AM,2,0,2
10/08/2017 01:00:00 AM,2,1,1
10/08/2017 02:00:00 AM,8,6,2
10/08/2017 03:00:00 AM,0,0,0
10/08/2017 04:00:00 AM,0,0,0
10/08/2017 05:00:00 AM,1,0,1
10/08/2017 06:00:00 AM,3,1,2
10/08/2017 07:00:00 AM,4,2,2
10/08/2017 08:00:00 AM,4,3,1
10/08/2017 09:00:00 AM,5,1,4
10/08/2017 10:00:00 AM,13,8,5
10/08/2017 11:00:00 AM,15,5,10
10/08/2017 12:00:00 PM,24,13,11
10/08/2017 01:00:00 PM,7,3,4
10/08/2017 02:00:00 PM,21,6,15
10/08/2017 03:00:00 PM,19,10,9
10/08/2017 04:00:00 PM,19,11,8
10/08/2017 05:00:00 PM,21,8,13
10/08/2017 06:00:00 PM,8,2,6
10/08/2017 07:00:00 PM,11,5,6
10/08/2017 08:00:00 PM,9,3,6
10/08/2017 09:00:00 PM,2,1,1
10/08/2017 10:00:00 PM,5,2,3
10/08/2017 11:00:00 PM,0,0,0
10/09/2017 12:00:00 AM,2,0,2
10/09/2017 01:00:00 AM,2,1,1
10/09/2017 02:00:00 AM,2,0,2
10/09/2017 03:00:00 AM,1,1,0
10/09/2017 04:00:00 AM,1,0,1
10/09/2017 05:00:00 AM,10,7,3
10/09/2017 06:00:00 AM,30,18,12
10/09/2017 07:00:00 AM,73,45,28
10/09/2017 08:00:00 AM,120,49,71
10/09/2017 09:00:00 AM,81,41,40
10/09/2017 10:00:00 AM,25,9,16
10/09/2017 11:00:00 AM,33,21,12
10/09/2017 12:00:00 PM,37,13,24
10/09/2017 01:00:00 PM,28,18,10
10/09/2017 02:00:00 PM,31,12,19
10/09/2017 03:00:00 PM,47,12,35
10/09/2017 04:00:00 PM,120,36,84
10/09/2017 05:00:00 PM,192,69,123
10/09/2017 06:00:00 PM,85,31,54
10/09/2017 07:00:00 PM,24,10,14
10/09/2017 08:00:00 PM,19,4,15
10/09/2017 09:00:00 PM,7,3,4
10/09/2017 10:00:00 PM,5,2,3
10/09/2017 11:00:00 PM,1,0,1
10/10/2017 12:00:00 AM,1,0,1
10/10/2017 01:00:00 AM,3,1,2
10/10/2017 02:00:00 AM,1,1,0
10/10/2017 03:00:00 AM,0,0,0
10/10/2017 04:00:00 AM,1,1,0
10/10/2017 05:00:00 AM,9,7,2
10/10/2017 06:00:00 AM,35,17,18
10/10/2017 07:00:00 AM,60,34,26
10/10/2017 08:00:00 AM,108,42,66
10/10/2017 09:00:00 AM,64,28,36
10/10/2017 10:00:00 AM,24,13,11
10/10/2017 11:00:00 AM,18,13,5
10/10/2017 12:00:00 PM,29,17,12
10/10/2017 01:00:00 PM,25,13,12
10/10/2017 02:00:00 PM,21,8,13
10/10/2017 03:00:00 PM,42,12,30
10/10/2017 04:00:00 PM,110,33,77
10/10/2017 05:00:00 PM,144,46,98
10/10/2017 06:00:00 PM,71,24,47
10/10/2017 07:00:00 PM,27,13,14
10/10/2017 08:00:00 PM,12,4,8
10/10/2017 09:00:00 PM,6,2,4
10/10/2017 10:00:00 PM,7,4,3
10/10/2017 11:00:00 PM,3,1,2
10/11/2017 12:00:00 AM,1,1,0
10/11/2017 01:00:00 AM,0,0,0
10/11/2017 02:00:00 AM,0,0,0
10/11/2017 03:00:00 AM,0,0,0
10/11/2017 04:00:00 AM,3,2,1
10/11/2017 05:00:00 AM,10,8,2
10/11/2017 06:00:00 AM,26,18,8
10/11/2017 07:00:00 AM,60,33,27
10/11/2017 08:00:00 AM,92,43,49
10/11/2017 09:00:00 AM,71,36,35
10/11/2017 10:00:00 AM,32,12,20
10/11/2017 11:00:00 AM,23,14,9
10/11/2017 12:00:00 PM,31,15,16
10/11/2017 01:00:00 PM,31,15,16
10/11/2017 02:00:00 PM,35,15,20
10/11/2017 03:00:00 PM,50,13,37
10/11/2017 04:00:00 PM,111,36,75
10/11/2017 05:00:00 PM,144,52,92
10/11/2017 06:00:00 PM,80,28,52
10/11/2017 07:00:00 PM,27,12,15
10/11/2017 08:00:00 PM,17,9,8
10/11/2017 09:00:00 PM,8,5,3
10/11/2017 10:00:00 PM,10,6,4
10/11/2017 11:00:00 PM,3,0,3
10/12/2017 12:00:00 AM,0,0,0
10/12/2017 01:00:00 AM,0,0,0
10/12/2017 02:00:00 AM,1,0,1
10/12/2017 03:00:00 AM,0,0,0
10/12/2017 04:00:00 AM,1,0,1
10/12/2017 05:00:00 AM,9,8,1
10/12/2017 06:00:00 AM,21,12,9
10/12/2017 07:00:00 AM,49,28,21
10/12/2017 08:00:00 AM,85,41,44
10/12/2017 09:00:00 AM,51,24,27
10/12/2017 10:00:00 AM,22,11,11
10/12/2017 11:00:00 AM,24,14,10
10/12/2017 12:00:00 PM,9,7,2
10/12/2017 01:00:00 PM,24,14,10
10/12/2017 02:00:00 PM,21,8,13
10/12/2017 03:00:00 PM,36,11,25
10/12/2017 04:00:00 PM,93,30,63
10/12/2017 05:00:00 PM,112,29,83
10/12/2017 06:00:00 PM,49,19,30
10/12/2017 07:00:00 PM,26,9,17
10/12/2017 08:00:00 PM,10,5,5
10/12/2017 09:00:00 PM,7,4,3
10/12/2017 10:00:00 PM,17,11,6
10/12/2017 11:00:00 PM,3,2,1
10/13/2017 12:00:00 AM,1,1,0
10/13/2017 01:00:00 AM,3,2,1
10/13/2017 02:00:00 AM,0,0,0
10/13/2017 03:00:00 AM,0,0,0
10/13/2017 04:00:00 AM,0,0,0
10/13/2017 05:00:00 AM,12,9,3
10/13/2017 06:00:00 AM,23,11,12
10/13/2017 07:00:00 AM,57,32,25
10/13/2017 08:00:00 AM,79,35,44
10/13/2017 09:00:00 AM,51,23,28
10/13/2017 10:00:00 AM,26,13,13
10/13/2017 11:00:00 AM,24,15,9
10/13/2017 12:00:00 PM,35,11,24
10/13/2017 01:00:00 PM,29,11,18
10/13/2017 02:00:00 PM,36,19,17
10/13/2017 03:00:00 PM,59,12,47
10/13/2017 04:00:00 PM,103,30,73
10/13/2017 05:00:00 PM,114,42,72
10/13/2017 06:00:00 PM,56,22,34
10/13/2017 07:00:00 PM,16,7,9
10/13/2017 08:00:00 PM,12,4,8
10/13/2017 09:00:00 PM,5,3,2
10/13/2017 10:00:00 PM,4,1,3
10/13/2017 11:00:00 PM,3,2,1
10/14/2017 12:00:00 AM,1,1,0
10/14/2017 01:00:00 AM,4,3,1
10/14/2017 02:00:00 AM,1,0,1
10/14/2017 03:00:00 AM,1,1,0
10/14/2017 04:00:00 AM,0,0,0
10/14/2017 05:00:00 AM,2,1,1
10/14/2017 06:00:00 AM,7,1,6
10/14/2017 07:00:00 AM,7,3,4
10/14/2017 08:00:00 AM,11,6,5
10/14/2017 09:00:00 AM,20,8,12
10/14/2017 10:00:00 AM,12,4,8
10/14/2017 11:00:00 AM,27,16,11
10/14/2017 12:00:00 PM,22,11,11
10/14/2017 01:00:00 PM,19,10,9
10/14/2017 02:00:00 PM,18,10,8
10/14/2017 03:00:00 PM,26,11,15
10/14/2017 04:00:00 PM,21,8,13
10/14/2017 05:00:00 PM,12,4,8
10/14/2017 06:00:00 PM,13,5,8
10/14/2017 07:00:00 PM,7,4,3
10/14/2017 08:00:00 PM,12,7,5
10/14/2017 09:00:00 PM,5,4,1
10/14/2017 10:00:00 PM,4,2,2
10/14/2017 11:00:00 PM,3,1,2
10/15/2017 12:00:00 AM,1,0,1
10/15/2017 01:00:00 AM,2,0,2
10/15/2017 02:00:00 AM,2,1,1
10/15/2017 03:00:00 AM,0,0,0
10/15/2017 04:00:00 AM,0,0,0
10/15/2017 05:00:00 AM,2,1,1
10/15/2017 06:00:00 AM,0,0,0
10/15/2017 07:00:00 AM,1,1,0
10/15/2017 08:00:00 AM,11,7,4
10/15/2017 09:00:00 AM,9,7,2
10/15/2017 10:00:00 AM,13,8,5
10/15/2017 11:00:00 AM,14,6,8
10/15/2017 12:00:00 PM,16,2,14
10/15/2017 01:00:00 PM,25,9,16
10/15/2017 02:00:00 PM,27,13,14
10/15/2017 03:00:00 PM,41,18,23
10/15/2017 04:00:00 PM,58,11,47
10/15/2017 05:00:00 PM,19,9,10
10/15/2017 06:00:00 PM,45,32,13
10/15/2017 07:00:00 PM,12,9,3
10/15/2017 08:00:00 PM,14,8,6
10/15/2017 09:00:00 PM,6,5,1
10/15/2017 10:00:00 PM,0,0,0
10/15/2017 11:00:00 PM,1,1,0
10/16/2017 12:00:00 AM,0,0,0
10/16/2017 01:00:00 AM,0,0,0
10/16/2017 02:00:00 AM,2,1,1
10/16/2017 03:00:00 AM,0,0,0
10/16/2017 04:00:00 AM,3,3,0
10/16/2017 05:00:00 AM,10,8,2
10/16/2017 06:00:00 AM,33,17,16
10/16/2017 07:00:00 AM,80,45,35
10/16/2017 08:00:00 AM,120,65,55
10/16/2017 09:00:00 AM,73,41,32
10/16/2017 10:00:00 AM,39,18,21
10/16/2017 11:00:00 AM,24,14,10
10/16/2017 12:00:00 PM,30,13,17
10/16/2017 01:00:00 PM,22,10,12
10/16/2017 02:00:00 PM,27,9,18
10/16/2017 03:00:00 PM,69,24,45
10/16/2017 04:00:00 PM,125,38,87
10/16/2017 05:00:00 PM,175,50,125
10/16/2017 06:00:00 PM,77,29,48
10/16/2017 07:00:00 PM,29,16,13
10/16/2017 08:00:00 PM,18,8,10
10/16/2017 09:00:00 PM,9,4,5
10/16/2017 10:00:00 PM,7,5,2
10/16/2017 11:00:00 PM,1,1,0
10/17/2017 12:00:00 AM,2,1,1
10/17/2017 01:00:00 AM,1,1,0
10/17/2017 02:00:00 AM,1,0,1
10/17/2017 03:00:00 AM,0,0,0
10/17/2017 04:00:00 AM,1,0,1
10/17/2017 05:00:00 AM,10,6,4
10/17/2017 06:00:00 AM,23,13,10
10/17/2017 07:00:00 AM,66,37,29
10/17/2017 08:00:00 AM,86,44,42
10/17/2017 09:00:00 AM,44,17,27
10/17/2017 10:00:00 AM,17,8,9
10/17/2017 11:00:00 AM,23,14,9
10/17/2017 12:00:00 PM,23,14,9
10/17/2017 01:00:00 PM,14,8,6
10/17/2017 02:00:00 PM,19,12,7
10/17/2017 03:00:00 PM,42,15,27
10/17/2017 04:00:00 PM,98,25,73
10/17/2017 05:00:00 PM,115,29,86
10/17/2017 06:00:00 PM,68,23,45
10/17/2017 07:00:00 PM,23,13,10
10/17/2017 08:00:00 PM,17,6,11
10/17/2017 09:00:00 PM,10,7,3
10/17/2017 10:00:00 PM,6,2,4
10/17/2017 11:00:00 PM,3,2,1
10/18/2017 12:00:00 AM,4,2,2
10/18/2017 01:00:00 AM,1,0,1
10/18/2017 02:00:00 AM,2,1,1
10/18/2017 03:00:00 AM,0,0,0
10/18/2017 04:00:00 AM,1,1,0
10/18/2017 05:00:00 AM,8,7,1
10/18/2017 06:00:00 AM,15,6,9
10/18/2017 07:00:00 AM,55,34,21
10/18/2017 08:00:00 AM,74,35,39
10/18/2017 09:00:00 AM,48,20,28
10/18/2017 10:00:00 AM,19,11,8
10/18/2017 11:00:00 AM,15,9,6
10/18/2017 12:00:00 PM,14,7,7
10/18/2017 01:00:00 PM,22,8,14
10/18/2017 02:00:00 PM,23,12,11
10/18/2017 03:00:00 PM,31,5,26
10/18/2017 04:00:00 PM,85,27,58
10/18/2017 05:00:00 PM,95,36,59
10/18/2017 06:00:00 PM,40,16,24
10/18/2017 07:00:00 PM,16,6,10
10/18/2017 08:00:00 PM,7,4,3
10/18/2017 09:00:00 PM,3,1,2
10/18/2017 10:00:00 PM,4,1,3
10/18/2017 11:00:00 PM,1,1,0
10/19/2017 12:00:00 AM,1,0,1
10/19/2017 01:00:00 AM,0,0,0
10/19/2017 02:00:00 AM,1,1,0
10/19/2017 03:00:00 AM,0,0,0
10/19/2017 04:00:00 AM,3,2,1
10/19/2017 05:00:00 AM,6,4,2
10/19/2017 06:00:00 AM,26,14,12
10/19/2017 07:00:00 AM,34,15,19
10/19/2017 08:00:00 AM,70,33,37
10/19/2017 09:00:00 AM,39,17,22
10/19/2017 10:00:00 AM,11,10,1
10/19/2017 11:00:00 AM,24,13,11
10/19/2017 12:00:00 PM,19,13,6
10/19/2017 01:00:00 PM,22,14,8
10/19/2017 02:00:00 PM,17,7,10
10/19/2017 03:00:00 PM,27,5,22
10/19/2017 04:00:00 PM,65,18,47
10/19/2017 05:00:00 PM,75,31,44
10/19/2017 06:00:00 PM,44,10,34
10/19/2017 07:00:00 PM,21,7,14
10/19/2017 08:00:00 PM,9,4,5
10/19/2017 09:00:00 PM,5,2,3
10/19/2017 10:00:00 PM,3,0,3
10/19/2017 11:00:00 PM,3,3,0
10/20/2017 12:00:00 AM,0,0,0
10/20/2017 01:00:00 AM,2,2,0
10/20/2017 02:00:00 AM,1,0,1
10/20/2017 03:00:00 AM,0,0,0
10/20/2017 04:00:00 AM,1,1,0
10/20/2017 05:00:00 AM,6,4,2
10/20/2017 06:00:00 AM,17,11,6
10/20/2017 07:00:00 AM,36,21,15
10/20/2017 08:00:00 AM,76,30,46
10/20/2017 09:00:00 AM,36,17,19
10/20/2017 10:00:00 AM,20,10,10
10/20/2017 11:00:00 AM,31,16,15
10/20/2017 12:00:00 PM,25,17,8
10/20/2017 01:00:00 PM,20,9,11
10/20/2017 02:00:00 PM,21,14,7
10/20/2017 03:00:00 PM,49,18,31
10/20/2017 04:00:00 PM,84,26,58
10/20/2017 05:00:00 PM,81,26,55
10/20/2017 06:00:00 PM,52,20,32
10/20/2017 07:00:00 PM,28,9,19
10/20/2017 08:00:00 PM,8,2,6
10/20/2017 09:00:00 PM,4,1,3
10/20/2017 10:00:00 PM,5,2,3
10/20/2017 11:00:00 PM,5,3,2
10/21/2017 12:00:00 AM,1,1,0
10/21/2017 01:00:00 AM,2,2,0
10/21/2017 02:00:00 AM,2,0,2
10/21/2017 03:00:00 AM,2,0,2
10/21/2017 04:00:00 AM,1,0,1
10/21/2017 05:00:00 AM,2,2,0
10/21/2017 06:00:00 AM,1,0,1
10/21/2017 07:00:00 AM,3,2,1
10/21/2017 08:00:00 AM,4,4,0
10/21/2017 09:00:00 AM,8,3,5
10/21/2017 10:00:00 AM,6,3,3
10/21/2017 11:00:00 AM,10,6,4
10/21/2017 12:00:00 PM,6,3,3
10/21/2017 01:00:00 PM,4,2,2
10/21/2017 02:00:00 PM,5,3,2
10/21/2017 03:00:00 PM,9,6,3
10/21/2017 04:00:00 PM,5,2,3
10/21/2017 05:00:00 PM,4,2,2
10/21/2017 06:00:00 PM,9,3,6
10/21/2017 07:00:00 PM,8,2,6
10/21/2017 08:00:00 PM,3,1,2
10/21/2017 09:00:00 PM,3,3,0
10/21/2017 10:00:00 PM,4,1,3
10/21/2017 11:00:00 PM,1,0,1
10/22/2017 12:00:00 AM,1,1,0
10/22/2017 01:00:00 AM,0,0,0
10/22/2017 02:00:00 AM,0,0,0
10/22/2017 03:00:00 AM,2,1,1
10/22/2017 04:00:00 AM,0,0,0
10/22/2017 05:00:00 AM,2,1,1
10/22/2017 06:00:00 AM,2,1,1
10/22/2017 07:00:00 AM,2,1,1
10/22/2017 08:00:00 AM,8,3,5
10/22/2017 09:00:00 AM,5,0,5
10/22/2017 10:00:00 AM,12,7,5
10/22/2017 11:00:00 AM,19,9,10
10/22/2017 12:00:00 PM,40,11,29
10/22/2017 01:00:00 PM,24,4,20
10/22/2017 02:00:00 PM,19,11,8
10/22/2017 03:00:00 PM,30,16,14
10/22/2017 04:00:00 PM,13,6,7
10/22/2017 05:00:00 PM,24,14,10
10/22/2017 06:00:00 PM,9,6,3
10/22/2017 07:00:00 PM,7,4,3
10/22/2017 08:00:00 PM,6,2,4
10/22/2017 09:00:00 PM,9,5,4
10/22/2017 10:00:00 PM,1,1,0
10/22/2017 11:00:00 PM,7,2,5
10/23/2017 12:00:00 AM,2,1,1
10/23/2017 01:00:00 AM,1,1,0
10/23/2017 02:00:00 AM,0,0,0
10/23/2017 03:00:00 AM,0,0,0
10/23/2017 04:00:00 AM,1,1,0
10/23/2017 05:00:00 AM,9,8,1
10/23/2017 06:00:00 AM,34,17,17
10/23/2017 07:00:00 AM,69,31,38
10/23/2017 08:00:00 AM,126,55,71
10/23/2017 09:00:00 AM,67,29,38
10/23/2017 10:00:00 AM,32,19,13
10/23/2017 11:00:00 AM,26,19,7
10/23/2017 12:00:00 PM,33,16,17
10/23/2017 01:00:00 PM,31,19,12
10/23/2017 02:00:00 PM,31,12,19
10/23/2017 03:00:00 PM,53,20,33
10/23/2017 04:00:00 PM,130,40,90
10/23/2017 05:00:00 PM,163,48,115
10/23/2017 06:00:00 PM,77,30,47
10/23/2017 07:00:00 PM,25,10,15
10/23/2017 08:00:00 PM,16,8,8
10/23/2017 09:00:00 PM,10,3,7
10/23/2017 10:00:00 PM,3,0,3
10/23/2017 11:00:00 PM,5,4,1
10/24/2017 12:00:00 AM,3,2,1
10/24/2017 01:00:00 AM,1,1,0
10/24/2017 02:00:00 AM,0,0,0
10/24/2017 03:00:00 AM,1,1,0
10/24/2017 04:00:00 AM,1,0,1
10/24/2017 05:00:00 AM,9,8,1
10/24/2017 06:00:00 AM,41,23,18
10/24/2017 07:00:00 AM,80,44,36
10/24/2017 08:00:00 AM,146,56,90
10/24/2017 09:00:00 AM,81,33,48
10/24/2017 10:00:00 AM,26,15,11
10/24/2017 11:00:00 AM,36,16,20
10/24/2017 12:00:00 PM,33,15,18
10/24/2017 01:00:00 PM,32,13,19
10/24/2017 02:00:00 PM,31,14,17
10/24/2017 03:00:00 PM,60,26,34
10/24/2017 04:00:00 PM,138,41,97
10/24/2017 05:00:00 PM,189,62,127
10/24/2017 06:00:00 PM,76,27,49
10/24/2017 07:00:00 PM,38,14,24
10/24/2017 08:00:00 PM,15,4,11
10/24/2017 09:00:00 PM,10,2,8
10/24/2017 10:00:00 PM,5,5,0
10/24/2017 11:00:00 PM,4,3,1
10/25/2017 12:00:00 AM,2,0,2
10/25/2017 01:00:00 AM,1,1,0
10/25/2017 02:00:00 AM,0,0,0
10/25/2017 03:00:00 AM,1,1,0
10/25/2017 04:00:00 AM,1,1,0
10/25/2017 05:00:00 AM,12,9,3
10/25/2017 06:00:00 AM,39,19,20
10/25/2017 07:00:00 AM,69,40,29
10/25/2017 08:00:00 AM,125,54,71
10/25/2017 09:00:00 AM,67,26,41
10/25/2017 10:00:00 AM,30,13,17
10/25/2017 11:00:00 AM,24,15,9
10/25/2017 12:00:00 PM,28,12,16
10/25/2017 01:00:00 PM,29,13,16
10/25/2017 02:00:00 PM,41,22,19
10/25/2017 03:00:00 PM,65,18,47
10/25/2017 04:00:00 PM,125,44,81
10/25/2017 05:00:00 PM,161,49,112
10/25/2017 06:00:00 PM,75,30,45
10/25/2017 07:00:00 PM,22,8,14
10/25/2017 08:00:00 PM,12,4,8
10/25/2017 09:00:00 PM,15,3,12
10/25/2017 10:00:00 PM,3,3,0
10/25/2017 11:00:00 PM,6,3,3
10/26/2017 12:00:00 AM,3,1,2
10/26/2017 01:00:00 AM,2,1,1
10/26/2017 02:00:00 AM,0,0,0
10/26/2017 03:00:00 AM,1,1,0
10/26/2017 04:00:00 AM,2,0,2
10/26/2017 05:00:00 AM,10,6,4
10/26/2017 06:00:00 AM,44,26,18
10/26/2017 07:00:00 AM,73,38,35
10/26/2017 08:00:00 AM,113,52,61
10/26/2017 09:00:00 AM,65,26,39
10/26/2017 10:00:00 AM,31,18,13
10/26/2017 11:00:00 AM,25,15,10
10/26/2017 12:00:00 PM,37,21,16
10/26/2017 01:00:00 PM,30,14,16
10/26/2017 02:00:00 PM,36,20,16
10/26/2017 03:00:00 PM,47,13,34
10/26/2017 04:00:00 PM,125,31,94
10/26/2017 05:00:00 PM,150,53,97
10/26/2017 06:00:00 PM,97,34,63
10/26/2017 07:00:00 PM,28,14,14
10/26/2017 08:00:00 PM,25,14,11
10/26/2017 09:00:00 PM,12,4,8
10/26/2017 10:00:00 PM,6,1,5
10/26/2017 11:00:00 PM,2,1,1
10/27/2017 12:00:00 AM,0,0,0
10/27/2017 01:00:00 AM,3,2,1
10/27/2017 02:00:00 AM,0,0,0
10/27/2017 03:00:00 AM,2,1,1
10/27/2017 04:00:00 AM,0,0,0
10/27/2017 05:00:00 AM,13,10,3
10/27/2017 06:00:00 AM,28,19,9
10/27/2017 07:00:00 AM,58,31,27
10/27/2017 08:00:00 AM,92,42,50
10/27/2017 09:00:00 AM,64,33,31
10/27/2017 10:00:00 AM,28,14,14
10/27/2017 11:00:00 AM,36,19,17
10/27/2017 12:00:00 PM,41,21,20
10/27/2017 01:00:00 PM,38,15,23
10/27/2017 02:00:00 PM,43,15,28
10/27/2017 03:00:00 PM,87,31,56
10/27/2017 04:00:00 PM,116,32,84
10/27/2017 05:00:00 PM,136,54,82
10/27/2017 06:00:00 PM,71,26,45
10/27/2017 07:00:00 PM,22,10,12
10/27/2017 08:00:00 PM,16,7,9
10/27/2017 09:00:00 PM,10,4,6
10/27/2017 10:00:00 PM,7,3,4
10/27/2017 11:00:00 PM,4,2,2
10/28/2017 12:00:00 AM,1,0,1
10/28/2017 01:00:00 AM,2,1,1
10/28/2017 02:00:00 AM,9,7,2
10/28/2017 03:00:00 AM,1,1,0
10/28/2017 04:00:00 AM,1,0,1
10/28/2017 05:00:00 AM,5,2,3
10/28/2017 06:00:00 AM,2,1,1
10/28/2017 07:00:00 AM,6,5,1
10/28/2017 08:00:00 AM,13,10,3
10/28/2017 09:00:00 AM,7,2,5
10/28/2017 10:00:00 AM,22,9,13
10/28/2017 11:00:00 AM,17,9,8
10/28/2017 12:00:00 PM,26,16,10
10/28/2017 01:00:00 PM,21,11,10
10/28/2017 02:00:00 PM,29,12,17
10/28/2017 03:00:00 PM,20,10,10
10/28/2017 04:00:00 PM,21,12,9
10/28/2017 05:00:00 PM,15,7,8
10/28/2017 06:00:00 PM,14,9,5
10/28/2017 07:00:00 PM,12,5,7
10/28/2017 08:00:00 PM,4,2,2
10/28/2017 09:00:00 PM,12,6,6
10/28/2017 10:00:00 PM,5,2,3
10/28/2017 11:00:00 PM,9,3,6
10/29/2017 12:00:00 AM,2,0,2
10/29/2017 01:00:00 AM,3,1,2
10/29/2017 02:00:00 AM,1,1,0
10/29/2017 03:00:00 AM,1,1,0
10/29/2017 04:00:00 AM,1,1,0
10/29/2017 05:00:00 AM,2,1,1
10/29/2017 06:00:00 AM,3,3,0
10/29/2017 07:00:00 AM,5,1,4
10/29/2017 08:00:00 AM,8,5,3
10/29/2017 09:00:00 AM,4,1,3
10/29/2017 10:00:00 AM,12,9,3
10/29/2017 11:00:00 AM,16,4,12
10/29/2017 12:00:00 PM,27,5,22
10/29/2017 01:00:00 PM,16,7,9
10/29/2017 02:00:00 PM,10,4,6
10/29/2017 03:00:00 PM,13,5,8
10/29/2017 04:00:00 PM,35,24,11
10/29/2017 05:00:00 PM,28,14,14
10/29/2017 06:00:00 PM,10,6,4
10/29/2017 07:00:00 PM,11,7,4
10/29/2017 08:00:00 PM,7,3,4
10/29/2017 09:00:00 PM,6,3,3
10/29/2017 10:00:00 PM,0,0,0
10/29/2017 11:00:00 PM,0,0,0
10/30/2017 12:00:00 AM,3,0,3
10/30/2017 01:00:00 AM,1,0,1
10/30/2017 02:00:00 AM,2,0,2
10/30/2017 03:00:00 AM,1,1,0
10/30/2017 04:00:00 AM,3,2,1
10/30/2017 05:00:00 AM,12,8,4
10/30/2017 06:00:00 AM,26,14,12
10/30/2017 07:00:00 AM,79,37,42
10/30/2017 08:00:00 AM,122,65,57
10/30/2017 09:00:00 AM,77,35,42
10/30/2017 10:00:00 AM,28,14,14
10/30/2017 11:00:00 AM,26,16,10
10/30/2017 12:00:00 PM,9,6,3
10/30/2017 01:00:00 PM,19,7,12
10/30/2017 02:00:00 PM,28,13,15
10/30/2017 03:00:00 PM,71,17,54
10/30/2017 04:00:00 PM,117,35,82
10/30/2017 05:00:00 PM,164,60,104
10/30/2017 06:00:00 PM,69,20,49
10/30/2017 07:00:00 PM,28,11,17
10/30/2017 08:00:00 PM,17,9,8
10/30/2017 09:00:00 PM,7,3,4
10/30/2017 10:00:00 PM,5,1,4
10/30/2017 11:00:00 PM,2,0,2
10/31/2017 12:00:00 AM,1,0,1
10/31/2017 01:00:00 AM,2,1,1
10/31/2017 02:00:00 AM,0,0,0
10/31/2017 03:00:00 AM,1,1,0
10/31/2017 04:00:00 AM,2,1,1
10/31/2017 05:00:00 AM,15,9,6
10/31/2017 06:00:00 AM,33,21,12
10/31/2017 07:00:00 AM,78,41,37
10/31/2017 08:00:00 AM,126,54,72
10/31/2017 09:00:00 AM,65,32,33
10/31/2017 10:00:00 AM,29,18,11
10/31/2017 11:00:00 AM,16,10,6
10/31/2017 12:00:00 PM,16,11,5
10/31/2017 01:00:00 PM,15,5,10
10/31/2017 02:00:00 PM,36,18,18
10/31/2017 03:00:00 PM,63,18,45
10/31/2017 04:00:00 PM,159,54,105
10/31/2017 05:00:00 PM,158,52,106
10/31/2017 06:00:00 PM,51,19,32
10/31/2017 07:00:00 PM,25,8,17
10/31/2017 08:00:00 PM,9,4,5
10/31/2017 09:00:00 PM,7,7,0
10/31/2017 10:00:00 PM,9,3,6
10/31/2017 11:00:00 PM,3,1,2
11/01/2017 12:00:00 AM,3,3,0
11/01/2017 01:00:00 AM,4,2,2
11/01/2017 02:00:00 AM,3,1,2
11/01/2017 03:00:00 AM,2,1,1
11/01/2017 04:00:00 AM,2,1,1
11/01/2017 05:00:00 AM,9,7,2
11/01/2017 06:00:00 AM,33,20,13
11/01/2017 07:00:00 AM,58,28,30
11/01/2017 08:00:00 AM,99,56,43
11/01/2017 09:00:00 AM,65,28,37
11/01/2017 10:00:00 AM,23,7,16
11/01/2017 11:00:00 AM,31,17,14
11/01/2017 12:00:00 PM,17,8,9
11/01/2017 01:00:00 PM,16,11,5
11/01/2017 02:00:00 PM,33,16,17
11/01/2017 03:00:00 PM,48,13,35
11/01/2017 04:00:00 PM,76,21,55
11/01/2017 05:00:00 PM,144,46,98
11/01/2017 06:00:00 PM,61,19,42
11/01/2017 07:00:00 PM,28,14,14
11/01/2017 08:00:00 PM,13,4,9
11/01/2017 09:00:00 PM,6,5,1
11/01/2017 10:00:00 PM,4,0,4
11/01/2017 11:00:00 PM,7,3,4
11/02/2017 12:00:00 AM,2,2,0
11/02/2017 01:00:00 AM,0,0,0
11/02/2017 02:00:00 AM,0,0,0
11/02/2017 03:00:00 AM,3,1,2
11/02/2017 04:00:00 AM,1,0,1
11/02/2017 05:00:00 AM,9,5,4
11/02/2017 06:00:00 AM,25,17,8
11/02/2017 07:00:00 AM,45,21,24
11/02/2017 08:00:00 AM,89,39,50
11/02/2017 09:00:00 AM,52,24,28
11/02/2017 10:00:00 AM,24,9,15
11/02/2017 11:00:00 AM,27,18,9
11/02/2017 12:00:00 PM,21,11,10
11/02/2017 01:00:00 PM,23,8,15
11/02/2017 02:00:00 PM,34,11,23
11/02/2017 03:00:00 PM,33,10,23
11/02/2017 04:00:00 PM,77,24,53
11/02/2017 05:00:00 PM,148,33,115
11/02/2017 06:00:00 PM,77,16,61
11/02/2017 07:00:00 PM,42,11,31
11/02/2017 08:00:00 PM,17,12,5
11/02/2017 09:00:00 PM,20,11,9
11/02/2017 10:00:00 PM,14,12,2
11/02/2017 11:00:00 PM,7,3,4
11/03/2017 12:00:00 AM,4,2,2
11/03/2017 01:00:00 AM,1,1,0
11/03/2017 02:00:00 AM,1,1,0
11/03/2017 03:00:00 AM,1,0,1
11/03/2017 04:00:00 AM,1,1,0
11/03/2017 05:00:00 AM,4,3,1
11/03/2017 06:00:00 AM,19,11,8
11/03/2017 07:00:00 AM,41,22,19
11/03/2017 08:00:00 AM,66,29,37
11/03/2017 09:00:00 AM,42,19,23
11/03/2017 10:00:00 AM,21,10,11
11/03/2017 11:00:00 AM,21,10,11
11/03/2017 12:00:00 PM,19,9,10
11/03/2017 01:00:00 PM,16,9,7
11/03/2017 02:00:00 PM,17,5,12
11/03/2017 03:00:00 PM,35,14,21
11/03/2017 04:00:00 PM,63,20,43
11/03/2017 05:00:00 PM,82,24,58
11/03/2017 06:00:00 PM,36,12,24
11/03/2017 07:00:00 PM,15,7,8
11/03/2017 08:00:00 PM,1,0,1
11/03/2017 09:00:00 PM,2,0,2
11/03/2017 10:00:00 PM,2,0,2
11/03/2017 11:00:00 PM,1,0,1
11/04/2017 12:00:00 AM,2,0,2
11/04/2017 01:00:00 AM,3,2,1
11/04/2017 02:00:00 AM,1,0,1
11/04/2017 03:00:00 AM,1,0,1
11/04/2017 04:00:00 AM,0,0,0
11/04/2017 05:00:00 AM,2,1,1
11/04/2017 06:00:00 AM,2,0,2
11/04/2017 07:00:00 AM,2,1,1
11/04/2017 08:00:00 AM,5,4,1
11/04/2017 09:00:00 AM,6,4,2
11/04/2017 10:00:00 AM,7,3,4
11/04/2017 11:00:00 AM,13,4,9
11/04/2017 12:00:00 PM,10,8,2
11/04/2017 01:00:00 PM,14,5,9
11/04/2017 02:00:00 PM,18,15,3
11/04/2017 03:00:00 PM,19,8,11
11/04/2017 04:00:00 PM,11,3,8
11/04/2017 05:00:00 PM,9,5,4
11/04/2017 06:00:00 PM,11,5,6
11/04/2017 07:00:00 PM,4,2,2
11/04/2017 08:00:00 PM,2,1,1
11/04/2017 09:00:00 PM,3,1,2
11/04/2017 10:00:00 PM,5,2,3
11/04/2017 11:00:00 PM,3,0,3
11/05/2017 12:00:00 AM,3,0,3
11/05/2017 01:00:00 AM,2,2,0
11/05/2017 02:00:00 AM,0,0,0
11/05/2017 03:00:00 AM,0,0,0
11/05/2017 04:00:00 AM,0,0,0
11/05/2017 05:00:00 AM,1,0,1
11/05/2017 06:00:00 AM,2,1,1
11/05/2017 07:00:00 AM,3,1,2
11/05/2017 08:00:00 AM,6,4,2
11/05/2017 09:00:00 AM,2,1,1
11/05/2017 10:00:00 AM,13,7,6
11/05/2017 11:00:00 AM,8,1,7
11/05/2017 12:00:00 PM,12,4,8
11/05/2017 01:00:00 PM,12,4,8
11/05/2017 02:00:00 PM,3,2,1
11/05/2017 03:00:00 PM,7,2,5
11/05/2017 04:00:00 PM,12,10,2
11/05/2017 05:00:00 PM,21,15,6
11/05/2017 06:00:00 PM,6,3,3
11/05/2017 07:00:00 PM,4,1,3
11/05/2017 08:00:00 PM,5,4,1
11/05/2017 09:00:00 PM,5,0,5
11/05/2017 10:00:00 PM,0,0,0
11/05/2017 11:00:00 PM,0,0,0
11/06/2017 12:00:00 AM,4,2,2
11/06/2017 01:00:00 AM,0,0,0
11/06/2017 02:00:00 AM,0,0,0
11/06/2017 03:00:00 AM,1,1,0
11/06/2017 04:00:00 AM,1,0,1
11/06/2017 05:00:00 AM,14,8,6
11/06/2017 06:00:00 AM,28,16,12
11/06/2017 07:00:00 AM,62,29,33
11/06/2017 08:00:00 AM,96,46,50
11/06/2017 09:00:00 AM,44,22,22
11/06/2017 10:00:00 AM,23,14,9
11/06/2017 11:00:00 AM,26,16,10
11/06/2017 12:00:00 PM,28,19,9
11/06/2017 01:00:00 PM,30,15,15
11/06/2017 02:00:00 PM,32,14,18
11/06/2017 03:00:00 PM,41,12,29
11/06/2017 04:00:00 PM,98,30,68
11/06/2017 05:00:00 PM,128,33,95
11/06/2017 06:00:00 PM,59,18,41
11/06/2017 07:00:00 PM,18,8,10
11/06/2017 08:00:00 PM,11,6,5
11/06/2017 09:00:00 PM,5,3,2
11/06/2017 10:00:00 PM,6,4,2
11/06/2017 11:00:00 PM,3,1,2
11/07/2017 12:00:00 AM,0,0,0
11/07/2017 01:00:00 AM,0,0,0
11/07/2017 02:00:00 AM,2,2,0
11/07/2017 03:00:00 AM,0,0,0
11/07/2017 04:00:00 AM,0,0,0
11/07/2017 05:00:00 AM,1,1,0
11/07/2017 06:00:00 AM,48,26,22
11/07/2017 07:00:00 AM,75,34,41
11/07/2017 08:00:00 AM,83,33,50
11/07/2017 09:00:00 AM,61,28,33
11/07/2017 10:00:00 AM,23,14,9
11/07/2017 11:00:00 AM,16,9,7
11/07/2017 12:00:00 PM,19,9,10
11/07/2017 01:00:00 PM,27,16,11
11/07/2017 02:00:00 PM,22,9,13
11/07/2017 03:00:00 PM,46,14,32
11/07/2017 04:00:00 PM,111,29,82
11/07/2017 05:00:00 PM,145,46,99
11/07/2017 06:00:00 PM,64,23,41
11/07/2017 07:00:00 PM,23,11,12
11/07/2017 08:00:00 PM,7,4,3
11/07/2017 09:00:00 PM,13,7,6
11/07/2017 10:00:00 PM,3,3,0
11/07/2017 11:00:00 PM,7,4,3
11/08/2017 12:00:00 AM,3,1,2
11/08/2017 01:00:00 AM,1,0,1
11/08/2017 02:00:00 AM,1,0,1
11/08/2017 03:00:00 AM,1,1,0
11/08/2017 04:00:00 AM,3,0,3
11/08/2017 05:00:00 AM,9,5,4
11/08/2017 06:00:00 AM,27,13,14
11/08/2017 07:00:00 AM,63,32,31
11/08/2017 08:00:00 AM,94,48,46
11/08/2017 09:00:00 AM,67,34,33
11/08/2017 10:00:00 AM,29,17,12
11/08/2017 11:00:00 AM,24,15,9
11/08/2017 12:00:00 PM,25,11,14
11/08/2017 01:00:00 PM,26,13,13
11/08/2017 02:00:00 PM,28,11,17
11/08/2017 03:00:00 PM,37,9,28
11/08/2017 04:00:00 PM,90,24,66
11/08/2017 05:00:00 PM,102,31,71
11/08/2017 06:00:00 PM,50,18,32
11/08/2017 07:00:00 PM,15,5,10
11/08/2017 08:00:00 PM,8,2,6
11/08/2017 09:00:00 PM,7,3,4
11/08/2017 10:00:00 PM,2,0,2
11/08/2017 11:00:00 PM,0,0,0
11/09/2017 12:00:00 AM,5,2,3
11/09/2017 01:00:00 AM,1,1,0
11/09/2017 02:00:00 AM,1,1,0
11/09/2017 03:00:00 AM,0,0,0
11/09/2017 04:00:00 AM,1,0,1
11/09/2017 05:00:00 AM,10,5,5
11/09/2017 06:00:00 AM,20,10,10
11/09/2017 07:00:00 AM,38,22,16
11/09/2017 08:00:00 AM,64,27,37
11/09/2017 09:00:00 AM,41,20,21
11/09/2017 10:00:00 AM,16,9,7
11/09/2017 11:00:00 AM,17,11,6
11/09/2017 12:00:00 PM,10,4,6
11/09/2017 01:00:00 PM,17,6,11
11/09/2017 02:00:00 PM,16,7,9
11/09/2017 03:00:00 PM,38,8,30
11/09/2017 04:00:00 PM,70,23,47
11/09/2017 05:00:00 PM,80,30,50
11/09/2017 06:00:00 PM,44,12,32
11/09/2017 07:00:00 PM,12,5,7
11/09/2017 08:00:00 PM,10,7,3
11/09/2017 09:00:00 PM,9,6,3
11/09/2017 10:00:00 PM,3,1,2
11/09/2017 11:00:00 PM,6,2,4
11/10/2017 12:00:00 AM,1,0,1
11/10/2017 01:00:00 AM,0,0,0
11/10/2017 02:00:00 AM,1,0,1
11/10/2017 03:00:00 AM,0,0,0
11/10/2017 04:00:00 AM,1,0,1
11/10/2017 05:00:00 AM,12,5,7
11/10/2017 06:00:00 AM,29,19,10
11/10/2017 07:00:00 AM,51,31,20
11/10/2017 08:00:00 AM,60,32,28
11/10/2017 09:00:00 AM,47,25,22
11/10/2017 10:00:00 AM,33,15,18
11/10/2017 11:00:00 AM,29,18,11
11/10/2017 12:00:00 PM,22,10,12
11/10/2017 01:00:00 PM,44,23,21
11/10/2017 02:00:00 PM,34,13,21
11/10/2017 03:00:00 PM,53,20,33
11/10/2017 04:00:00 PM,83,25,58
11/10/2017 05:00:00 PM,97,29,68
11/10/2017 06:00:00 PM,60,22,38
11/10/2017 07:00:00 PM,21,5,16
11/10/2017 08:00:00 PM,7,2,5
11/10/2017 09:00:00 PM,5,1,4
11/10/2017 10:00:00 PM,3,1,2
11/10/2017 11:00:00 PM,6,2,4
11/11/2017 12:00:00 AM,1,1,0
11/11/2017 01:00:00 AM,1,0,1
11/11/2017 02:00:00 AM,0,0,0
11/11/2017 03:00:00 AM,0,0,0
11/11/2017 04:00:00 AM,0,0,0
11/11/2017 05:00:00 AM,3,2,1
11/11/2017 06:00:00 AM,3,2,1
11/11/2017 07:00:00 AM,4,3,1
11/11/2017 08:00:00 AM,6,4,2
11/11/2017 09:00:00 AM,5,3,2
11/11/2017 10:00:00 AM,8,4,4
11/11/2017 11:00:00 AM,5,2,3
11/11/2017 12:00:00 PM,4,3,1
11/11/2017 01:00:00 PM,7,3,4
11/11/2017 02:00:00 PM,15,4,11
11/11/2017 03:00:00 PM,6,1,5
11/11/2017 04:00:00 PM,1,0,1
11/11/2017 05:00:00 PM,6,3,3
11/11/2017 06:00:00 PM,5,2,3
11/11/2017 07:00:00 PM,1,1,0
11/11/2017 08:00:00 PM,1,1,0
11/11/2017 09:00:00 PM,0,0,0
11/11/2017 10:00:00 PM,4,2,2
11/11/2017 11:00:00 PM,1,0,1
11/12/2017 12:00:00 AM,0,0,0
11/12/2017 01:00:00 AM,0,0,0
11/12/2017 02:00:00 AM,2,1,1
11/12/2017 03:00:00 AM,1,1,0
11/12/2017 04:00:00 AM,1,0,1
11/12/2017 05:00:00 AM,1,0,1
11/12/2017 06:00:00 AM,2,0,2
11/12/2017 07:00:00 AM,3,2,1
11/12/2017 08:00:00 AM,6,4,2
11/12/2017 09:00:00 AM,7,3,4
11/12/2017 10:00:00 AM,10,6,4
11/12/2017 11:00:00 AM,12,6,6
11/12/2017 12:00:00 PM,6,4,2
11/12/2017 01:00:00 PM,17,11,6
11/12/2017 02:00:00 PM,6,4,2
11/12/2017 03:00:00 PM,7,3,4
11/12/2017 04:00:00 PM,6,2,4
11/12/2017 05:00:00 PM,6,4,2
11/12/2017 06:00:00 PM,5,1,4
11/12/2017 07:00:00 PM,6,2,4
11/12/2017 08:00:00 PM,0,0,0
11/12/2017 09:00:00 PM,3,2,1
11/12/2017 10:00:00 PM,4,1,3
11/12/2017 11:00:00 PM,0,0,0
11/13/2017 12:00:00 AM,2,0,2
11/13/2017 01:00:00 AM,2,1,1
11/13/2017 02:00:00 AM,1,1,0
11/13/2017 03:00:00 AM,0,0,0
11/13/2017 04:00:00 AM,3,2,1
11/13/2017 05:00:00 AM,5,4,1
11/13/2017 06:00:00 AM,16,7,9
11/13/2017 07:00:00 AM,32,19,13
11/13/2017 08:00:00 AM,72,35,37
11/13/2017 09:00:00 AM,41,20,21
11/13/2017 10:00:00 AM,28,10,18
11/13/2017 11:00:00 AM,16,11,5
11/13/2017 12:00:00 PM,21,14,7
11/13/2017 01:00:00 PM,16,9,7
11/13/2017 02:00:00 PM,21,11,10
11/13/2017 03:00:00 PM,28,7,21
11/13/2017 04:00:00 PM,35,12,23
11/13/2017 05:00:00 PM,57,19,38
11/13/2017 06:00:00 PM,42,15,27
11/13/2017 07:00:00 PM,6,3,3
11/13/2017 08:00:00 PM,6,3,3
11/13/2017 09:00:00 PM,2,1,1
11/13/2017 10:00:00 PM,5,0,5
11/13/2017 11:00:00 PM,3,1,2
11/14/2017 12:00:00 AM,1,1,0
11/14/2017 01:00:00 AM,1,1,0
11/14/2017 02:00:00 AM,3,2,1
11/14/2017 03:00:00 AM,0,0,0
11/14/2017 04:00:00 AM,1,0,1
11/14/2017 05:00:00 AM,10,5,5
11/14/2017 06:00:00 AM,20,10,10
11/14/2017 07:00:00 AM,40,24,16
11/14/2017 08:00:00 AM,75,30,45
11/14/2017 09:00:00 AM,38,20,18
11/14/2017 10:00:00 AM,20,6,14
11/14/2017 11:00:00 AM,25,16,9
11/14/2017 12:00:00 PM,23,11,12
11/14/2017 01:00:00 PM,20,11,9
11/14/2017 02:00:00 PM,25,10,15
11/14/2017 03:00:00 PM,36,12,24
11/14/2017 04:00:00 PM,72,27,45
11/14/2017 05:00:00 PM,109,34,75
11/14/2017 06:00:00 PM,46,19,27
11/14/2017 07:00:00 PM,34,17,17
11/14/2017 08:00:00 PM,2,0,2
11/14/2017 09:00:00 PM,5,2,3
11/14/2017 10:00:00 PM,8,3,5
11/14/2017 11:00:00 PM,1,1,0
11/15/2017 12:00:00 AM,2,2,0
11/15/2017 01:00:00 AM,0,0,0
11/15/2017 02:00:00 AM,1,1,0
11/15/2017 03:00:00 AM,0,0,0
11/15/2017 04:00:00 AM,2,1,1
11/15/2017 05:00:00 AM,9,6,3
11/15/2017 06:00:00 AM,25,13,12
11/15/2017 07:00:00 AM,43,21,22
11/15/2017 08:00:00 AM,63,27,36
11/15/2017 09:00:00 AM,39,21,18
11/15/2017 10:00:00 AM,13,6,7
11/15/2017 11:00:00 AM,19,7,12
11/15/2017 12:00:00 PM,19,12,7
11/15/2017 01:00:00 PM,23,9,14
11/15/2017 02:00:00 PM,18,6,12
11/15/2017 03:00:00 PM,38,10,28
11/15/2017 04:00:00 PM,71,17,54
11/15/2017 05:00:00 PM,99,34,65
11/15/2017 06:00:00 PM,55,24,31
11/15/2017 07:00:00 PM,19,12,7
11/15/2017 08:00:00 PM,8,5,3
11/15/2017 09:00:00 PM,5,2,3
11/15/2017 10:00:00 PM,7,3,4
11/15/2017 11:00:00 PM,2,1,1
11/16/2017 12:00:00 AM,3,1,2
11/16/2017 01:00:00 AM,0,0,0
11/16/2017 02:00:00 AM,0,0,0
11/16/2017 03:00:00 AM,1,1,0
11/16/2017 04:00:00 AM,2,1,1
11/16/2017 05:00:00 AM,12,7,5
11/16/2017 06:00:00 AM,21,12,9
11/16/2017 07:00:00 AM,36,17,19
11/16/2017 08:00:00 AM,87,40,47
11/16/2017 09:00:00 AM,50,19,31
11/16/2017 10:00:00 AM,31,15,16
11/16/2017 11:00:00 AM,30,17,13
11/16/2017 12:00:00 PM,17,9,8
11/16/2017 01:00:00 PM,15,11,4
11/16/2017 02:00:00 PM,14,9,5
11/16/2017 03:00:00 PM,43,15,28
11/16/2017 04:00:00 PM,72,23,49
11/16/2017 05:00:00 PM,117,37,80
11/16/2017 06:00:00 PM,67,21,46
11/16/2017 07:00:00 PM,26,13,13
11/16/2017 08:00:00 PM,5,3,2
11/16/2017 09:00:00 PM,6,3,3
11/16/2017 10:00:00 PM,4,3,1
11/16/2017 11:00:00 PM,2,1,1
11/17/2017 12:00:00 AM,2,2,0
11/17/2017 01:00:00 AM,1,1,0
11/17/2017 02:00:00 AM,1,0,1
11/17/2017 03:00:00 AM,0,0,0
11/17/2017 04:00:00 AM,1,1,0
11/17/2017 05:00:00 AM,12,6,6
11/17/2017 06:00:00 AM,20,12,8
11/17/2017 07:00:00 AM,47,25,22
11/17/2017 08:00:00 AM,95,44,51
11/17/2017 09:00:00 AM,47,23,24
11/17/2017 10:00:00 AM,30,18,12
11/17/2017 11:00:00 AM,25,14,11
11/17/2017 12:00:00 PM,27,15,12
11/17/2017 01:00:00 PM,27,9,18
11/17/2017 02:00:00 PM,38,17,21
11/17/2017 03:00:00 PM,58,16,42
11/17/2017 04:00:00 PM,87,29,58
11/17/2017 05:00:00 PM,104,43,61
11/17/2017 06:00:00 PM,43,15,28
11/17/2017 07:00:00 PM,27,11,16
11/17/2017 08:00:00 PM,11,8,3
11/17/2017 09:00:00 PM,5,3,2
11/17/2017 10:00:00 PM,5,0,5
11/17/2017 11:00:00 PM,7,2,5
11/18/2017 12:00:00 AM,1,1,0
11/18/2017 01:00:00 AM,0,0,0
11/18/2017 02:00:00 AM,1,1,0
11/18/2017 03:00:00 AM,1,0,1
11/18/2017 04:00:00 AM,0,0,0
11/18/2017 05:00:00 AM,4,2,2
11/18/2017 06:00:00 AM,3,1,2
11/18/2017 07:00:00 AM,6,3,3
11/18/2017 08:00:00 AM,10,6,4
11/18/2017 09:00:00 AM,18,7,11
11/18/2017 10:00:00 AM,32,5,27
11/18/2017 11:00:00 AM,39,26,13
11/18/2017 12:00:00 PM,26,10,16
11/18/2017 01:00:00 PM,26,9,17
11/18/2017 02:00:00 PM,26,13,13
11/18/2017 03:00:00 PM,27,13,14
11/18/2017 04:00:00 PM,22,14,8
11/18/2017 05:00:00 PM,14,9,5
11/18/2017 06:00:00 PM,15,5,10
11/18/2017 07:00:00 PM,10,2,8
11/18/2017 08:00:00 PM,8,4,4
11/18/2017 09:00:00 PM,2,1,1
11/18/2017 10:00:00 PM,4,2,2
11/18/2017 11:00:00 PM,2,2,0
11/19/2017 12:00:00 AM,3,1,2
11/19/2017 01:00:00 AM,6,3,3
11/19/2017 02:00:00 AM,1,0,1
11/19/2017 03:00:00 AM,0,0,0
11/19/2017 04:00:00 AM,0,0,0
11/19/2017 05:00:00 AM,2,0,2
11/19/2017 06:00:00 AM,1,0,1
11/19/2017 07:00:00 AM,3,1,2
11/19/2017 08:00:00 AM,6,2,4
11/19/2017 09:00:00 AM,6,2,4
11/19/2017 10:00:00 AM,5,4,1
11/19/2017 11:00:00 AM,8,5,3
11/19/2017 12:00:00 PM,4,3,1
11/19/2017 01:00:00 PM,10,8,2
11/19/2017 02:00:00 PM,5,3,2
11/19/2017 03:00:00 PM,8,4,4
11/19/2017 04:00:00 PM,8,3,5
11/19/2017 05:00:00 PM,2,1,1
11/19/2017 06:00:00 PM,4,2,2
11/19/2017 07:00:00 PM,2,1,1
11/19/2017 08:00:00 PM,1,1,0
11/19/2017 09:00:00 PM,0,0,0
11/19/2017 10:00:00 PM,0,0,0
11/19/2017 11:00:00 PM,0,0,0
11/20/2017 12:00:00 AM,1,1,0
11/20/2017 01:00:00 AM,0,0,0
11/20/2017 02:00:00 AM,1,1,0
11/20/2017 03:00:00 AM,0,0,0
11/20/2017 04:00:00 AM,2,1,1
11/20/2017 05:00:00 AM,10,7,3
11/20/2017 06:00:00 AM,23,13,10
11/20/2017 07:00:00 AM,27,16,11
11/20/2017 08:00:00 AM,47,21,26
11/20/2017 09:00:00 AM,34,23,11
11/20/2017 10:00:00 AM,24,9,15
11/20/2017 11:00:00 AM,17,10,7
11/20/2017 12:00:00 PM,18,9,9
11/20/2017 01:00:00 PM,19,13,6
11/20/2017 02:00:00 PM,30,8,22
11/20/2017 03:00:00 PM,39,13,26
11/20/2017 04:00:00 PM,105,30,75
11/20/2017 05:00:00 PM,95,24,71
11/20/2017 06:00:00 PM,46,16,30
11/20/2017 07:00:00 PM,16,6,10
11/20/2017 08:00:00 PM,15,5,10
11/20/2017 09:00:00 PM,35,21,14
11/20/2017 10:00:00 PM,3,1,2
11/20/2017 11:00:00 PM,3,2,1
11/21/2017 12:00:00 AM,1,1,0
11/21/2017 01:00:00 AM,2,2,0
11/21/2017 02:00:00 AM,1,1,0
11/21/2017 03:00:00 AM,0,0,0
11/21/2017 04:00:00 AM,1,1,0
11/21/2017 05:00:00 AM,8,5,3
11/21/2017 06:00:00 AM,18,11,7
11/21/2017 07:00:00 AM,30,16,14
11/21/2017 08:00:00 AM,51,23,28
11/21/2017 09:00:00 AM,35,17,18
11/21/2017 10:00:00 AM,18,9,9
11/21/2017 11:00:00 AM,13,5,8
11/21/2017 12:00:00 PM,11,5,6
11/21/2017 01:00:00 PM,15,8,7
11/21/2017 02:00:00 PM,18,6,12
11/21/2017 03:00:00 PM,33,9,24
11/21/2017 04:00:00 PM,53,16,37
11/21/2017 05:00:00 PM,84,27,57
11/21/2017 06:00:00 PM,27,13,14
11/21/2017 07:00:00 PM,10,5,5
11/21/2017 08:00:00 PM,4,2,2
11/21/2017 09:00:00 PM,2,1,1
11/21/2017 10:00:00 PM,3,2,1
11/21/2017 11:00:00 PM,2,2,0
11/22/2017 12:00:00 AM,2,0,2
11/22/2017 01:00:00 AM,1,1,0
11/22/2017 02:00:00 AM,2,1,1
11/22/2017 03:00:00 AM,1,0,1
11/22/2017 04:00:00 AM,2,1,1
11/22/2017 05:00:00 AM,6,4,2
11/22/2017 06:00:00 AM,20,12,8
11/22/2017 07:00:00 AM,30,17,13
11/22/2017 08:00:00 AM,48,24,24
11/22/2017 09:00:00 AM,31,15,16
11/22/2017 10:00:00 AM,17,9,8
11/22/2017 11:00:00 AM,20,10,10
11/22/2017 12:00:00 PM,20,8,12
11/22/2017 01:00:00 PM,21,14,7
11/22/2017 02:00:00 PM,36,12,24
11/22/2017 03:00:00 PM,53,16,37
11/22/2017 04:00:00 PM,69,22,47
11/22/2017 05:00:00 PM,51,23,28
11/22/2017 06:00:00 PM,31,14,17
11/22/2017 07:00:00 PM,16,3,13
11/22/2017 08:00:00 PM,13,6,7
11/22/2017 09:00:00 PM,2,2,0
11/22/2017 10:00:00 PM,1,0,1
11/22/2017 11:00:00 PM,3,1,2
11/23/2017 12:00:00 AM,0,0,0
11/23/2017 01:00:00 AM,3,2,1
11/23/2017 02:00:00 AM,2,2,0
11/23/2017 03:00:00 AM,3,2,1
11/23/2017 04:00:00 AM,0,0,0
11/23/2017 05:00:00 AM,0,0,0
11/23/2017 06:00:00 AM,2,1,1
11/23/2017 07:00:00 AM,3,3,0
11/23/2017 08:00:00 AM,6,3,3
11/23/2017 09:00:00 AM,1,1,0
11/23/2017 10:00:00 AM,5,1,4
11/23/2017 11:00:00 AM,3,3,0
11/23/2017 12:00:00 PM,8,3,5
11/23/2017 01:00:00 PM,4,3,1
11/23/2017 02:00:00 PM,1,1,0
11/23/2017 03:00:00 PM,8,5,3
11/23/2017 04:00:00 PM,3,2,1
11/23/2017 05:00:00 PM,5,5,0
11/23/2017 06:00:00 PM,1,1,0
11/23/2017 07:00:00 PM,1,1,0
11/23/2017 08:00:00 PM,4,3,1
11/23/2017 09:00:00 PM,10,4,6
11/23/2017 10:00:00 PM,0,0,0
11/23/2017 11:00:00 PM,3,2,1
11/24/2017 12:00:00 AM,0,0,0
11/24/2017 01:00:00 AM,3,1,2
11/24/2017 02:00:00 AM,3,2,1
11/24/2017 03:00:00 AM,0,0,0
11/24/2017 04:00:00 AM,1,1,0
11/24/2017 05:00:00 AM,1,1,0
11/24/2017 06:00:00 AM,4,1,3
11/24/2017 07:00:00 AM,9,5,4
11/24/2017 08:00:00 AM,12,7,5
11/24/2017 09:00:00 AM,8,6,2
11/24/2017 10:00:00 AM,11,9,2
11/24/2017 11:00:00 AM,15,11,4
11/24/2017 12:00:00 PM,15,7,8
11/24/2017 01:00:00 PM,13,8,5
11/24/2017 02:00:00 PM,22,14,8
11/24/2017 03:00:00 PM,16,6,10
11/24/2017 04:00:00 PM,15,7,8
11/24/2017 05:00:00 PM,14,4,10
11/24/2017 06:00:00 PM,6,4,2
11/24/2017 07:00:00 PM,9,4,5
11/24/2017 08:00:00 PM,4,2,2
11/24/2017 09:00:00 PM,5,1,4
11/24/2017 10:00:00 PM,6,3,3
11/24/2017 11:00:00 PM,7,2,5
11/25/2017 12:00:00 AM,0,0,0
11/25/2017 01:00:00 AM,3,1,2
11/25/2017 02:00:00 AM,0,0,0
11/25/2017 03:00:00 AM,1,1,0
11/25/2017 04:00:00 AM,0,0,0
11/25/2017 05:00:00 AM,3,0,3
11/25/2017 06:00:00 AM,0,0,0
11/25/2017 07:00:00 AM,5,3,2
11/25/2017 08:00:00 AM,9,6,3
11/25/2017 09:00:00 AM,10,3,7
11/25/2017 10:00:00 AM,15,10,5
11/25/2017 11:00:00 AM,8,1,7
11/25/2017 12:00:00 PM,13,6,7
11/25/2017 01:00:00 PM,25,13,12
11/25/2017 02:00:00 PM,12,8,4
11/25/2017 03:00:00 PM,15,4,11
11/25/2017 04:00:00 PM,13,9,4
11/25/2017 05:00:00 PM,2,1,1
11/25/2017 06:00:00 PM,10,5,5
11/25/2017 07:00:00 PM,5,1,4
11/25/2017 08:00:00 PM,0,0,0
11/25/2017 09:00:00 PM,1,0,1
11/25/2017 10:00:00 PM,2,0,2
11/25/2017 11:00:00 PM,1,0,1
11/26/2017 12:00:00 AM,1,1,0
11/26/2017 01:00:00 AM,1,0,1
11/26/2017 02:00:00 AM,1,0,1
11/26/2017 03:00:00 AM,2,1,1
11/26/2017 04:00:00 AM,1,0,1
11/26/2017 05:00:00 AM,1,0,1
11/26/2017 06:00:00 AM,0,0,0
11/26/2017 07:00:00 AM,2,1,1
11/26/2017 08:00:00 AM,3,2,1
11/26/2017 09:00:00 AM,3,1,2
11/26/2017 10:00:00 AM,12,10,2
11/26/2017 11:00:00 AM,2,0,2
11/26/2017 12:00:00 PM,3,1,2
11/26/2017 01:00:00 PM,2,2,0
11/26/2017 02:00:00 PM,7,4,3
11/26/2017 03:00:00 PM,4,1,3
11/26/2017 04:00:00 PM,10,7,3
11/26/2017 05:00:00 PM,8,4,4
11/26/2017 06:00:00 PM,6,1,5
11/26/2017 07:00:00 PM,3,1,2
11/26/2017 08:00:00 PM,3,1,2
11/26/2017 09:00:00 PM,3,2,1
11/26/2017 10:00:00 PM,0,0,0
11/26/2017 11:00:00 PM,2,0,2
11/27/2017 12:00:00 AM,0,0,0
11/27/2017 01:00:00 AM,0,0,0
11/27/2017 02:00:00 AM,0,0,0
11/27/2017 03:00:00 AM,1,0,1
11/27/2017 04:00:00 AM,1,1,0
11/27/2017 05:00:00 AM,7,4,3
11/27/2017 06:00:00 AM,35,22,13
11/27/2017 07:00:00 AM,58,30,28
11/27/2017 08:00:00 AM,108,51,57
11/27/2017 09:00:00 AM,61,32,29
11/27/2017 10:00:00 AM,21,10,11
11/27/2017 11:00:00 AM,21,10,11
11/27/2017 12:00:00 PM,22,10,12
11/27/2017 01:00:00 PM,21,13,8
11/27/2017 02:00:00 PM,30,14,16
11/27/2017 03:00:00 PM,49,16,33
11/27/2017 04:00:00 PM,115,31,84
11/27/2017 05:00:00 PM,131,35,96
11/27/2017 06:00:00 PM,68,27,41
11/27/2017 07:00:00 PM,29,8,21
11/27/2017 08:00:00 PM,14,6,8
11/27/2017 09:00:00 PM,2,1,1
11/27/2017 10:00:00 PM,2,1,1
11/27/2017 11:00:00 PM,1,1,0
11/28/2017 12:00:00 AM,1,0,1
11/28/2017 01:00:00 AM,1,0,1
11/28/2017 02:00:00 AM,2,1,1
11/28/2017 03:00:00 AM,0,0,0
11/28/2017 04:00:00 AM,3,2,1
11/28/2017 05:00:00 AM,10,7,3
11/28/2017 06:00:00 AM,26,11,15
11/28/2017 07:00:00 AM,38,18,20
11/28/2017 08:00:00 AM,83,35,48
11/28/2017 09:00:00 AM,46,26,20
11/28/2017 10:00:00 AM,12,7,5
11/28/2017 11:00:00 AM,15,5,10
11/28/2017 12:00:00 PM,10,6,4
11/28/2017 01:00:00 PM,8,6,2
11/28/2017 02:00:00 PM,16,4,12
11/28/2017 03:00:00 PM,25,8,17
11/28/2017 04:00:00 PM,76,20,56
11/28/2017 05:00:00 PM,103,30,73
11/28/2017 06:00:00 PM,60,26,34
11/28/2017 07:00:00 PM,21,6,15
11/28/2017 08:00:00 PM,10,5,5
11/28/2017 09:00:00 PM,5,3,2
11/28/2017 10:00:00 PM,5,3,2
11/28/2017 11:00:00 PM,2,2,0
11/29/2017 12:00:00 AM,3,2,1
11/29/2017 01:00:00 AM,3,2,1
11/29/2017 02:00:00 AM,1,1,0
11/29/2017 03:00:00 AM,1,0,1
11/29/2017 04:00:00 AM,2,1,1
11/29/2017 05:00:00 AM,9,6,3
11/29/2017 06:00:00 AM,36,22,14
11/29/2017 07:00:00 AM,46,23,23
11/29/2017 08:00:00 AM,88,43,45
11/29/2017 09:00:00 AM,62,28,34
11/29/2017 10:00:00 AM,25,8,17
11/29/2017 11:00:00 AM,15,9,6
11/29/2017 12:00:00 PM,31,15,16
11/29/2017 01:00:00 PM,39,26,13
11/29/2017 02:00:00 PM,37,21,16
11/29/2017 03:00:00 PM,49,11,38
11/29/2017 04:00:00 PM,102,33,69
11/29/2017 05:00:00 PM,118,43,75
11/29/2017 06:00:00 PM,83,31,52
11/29/2017 07:00:00 PM,31,10,21
11/29/2017 08:00:00 PM,13,1,12
11/29/2017 09:00:00 PM,16,10,6
11/29/2017 10:00:00 PM,6,2,4
11/29/2017 11:00:00 PM,5,4,1
11/30/2017 12:00:00 AM,2,2,0
11/30/2017 01:00:00 AM,1,1,0
11/30/2017 02:00:00 AM,0,0,0
11/30/2017 03:00:00 AM,1,1,0
11/30/2017 04:00:00 AM,3,1,2
11/30/2017 05:00:00 AM,10,6,4
11/30/2017 06:00:00 AM,21,14,7
11/30/2017 07:00:00 AM,37,24,13
11/30/2017 08:00:00 AM,58,21,37
11/30/2017 09:00:00 AM,35,17,18
11/30/2017 10:00:00 AM,17,10,7
11/30/2017 11:00:00 AM,27,15,12
11/30/2017 12:00:00 PM,17,8,9
11/30/2017 01:00:00 PM,18,9,9
11/30/2017 02:00:00 PM,19,11,8
11/30/2017 03:00:00 PM,39,13,26
11/30/2017 04:00:00 PM,94,32,62
11/30/2017 05:00:00 PM,108,30,78
11/30/2017 06:00:00 PM,83,19,64
11/30/2017 07:00:00 PM,41,12,29
11/30/2017 08:00:00 PM,10,2,8
11/30/2017 09:00:00 PM,13,12,1
11/30/2017 10:00:00 PM,32,22,10
11/30/2017 11:00:00 PM,4,2,2
12/01/2017 12:00:00 AM,4,2,2
12/01/2017 01:00:00 AM,1,1,0
12/01/2017 02:00:00 AM,2,1,1
12/01/2017 03:00:00 AM,1,1,0
12/01/2017 04:00:00 AM,3,3,0
12/01/2017 05:00:00 AM,7,4,3
12/01/2017 06:00:00 AM,25,15,10
12/01/2017 07:00:00 AM,40,18,22
12/01/2017 08:00:00 AM,72,32,40
12/01/2017 09:00:00 AM,42,22,20
12/01/2017 10:00:00 AM,21,6,15
12/01/2017 11:00:00 AM,31,18,13
12/01/2017 12:00:00 PM,31,19,12
12/01/2017 01:00:00 PM,24,11,13
12/01/2017 02:00:00 PM,22,12,10
12/01/2017 03:00:00 PM,37,13,24
12/01/2017 04:00:00 PM,74,27,47
12/01/2017 05:00:00 PM,79,23,56
12/01/2017 06:00:00 PM,47,23,24
12/01/2017 07:00:00 PM,18,5,13
12/01/2017 08:00:00 PM,12,9,3
12/01/2017 09:00:00 PM,6,2,4
12/01/2017 10:00:00 PM,1,1,0
12/01/2017 11:00:00 PM,3,0,3
12/02/2017 12:00:00 AM,4,1,3
12/02/2017 01:00:00 AM,1,0,1
12/02/2017 02:00:00 AM,2,0,2
12/02/2017 03:00:00 AM,0,0,0
12/02/2017 04:00:00 AM,0,0,0
12/02/2017 05:00:00 AM,2,1,1
12/02/2017 06:00:00 AM,1,0,1
12/02/2017 07:00:00 AM,2,2,0
12/02/2017 08:00:00 AM,5,5,0
12/02/2017 09:00:00 AM,6,3,3
12/02/2017 10:00:00 AM,7,3,4
12/02/2017 11:00:00 AM,1,0,1
12/02/2017 12:00:00 PM,6,3,3
12/02/2017 01:00:00 PM,2,2,0
12/02/2017 02:00:00 PM,15,10,5
12/02/2017 03:00:00 PM,7,2,5
12/02/2017 04:00:00 PM,6,3,3
12/02/2017 05:00:00 PM,3,1,2
12/02/2017 06:00:00 PM,8,2,6
12/02/2017 07:00:00 PM,1,0,1
12/02/2017 08:00:00 PM,0,0,0
12/02/2017 09:00:00 PM,1,1,0
12/02/2017 10:00:00 PM,2,1,1
12/02/2017 11:00:00 PM,4,2,2
12/03/2017 12:00:00 AM,0,0,0
12/03/2017 01:00:00 AM,0,0,0
12/03/2017 02:00:00 AM,2,1,1
12/03/2017 03:00:00 AM,1,0,1
12/03/2017 04:00:00 AM,0,0,0
12/03/2017 05:00:00 AM,1,0,1
12/03/2017 06:00:00 AM,0,0,0
12/03/2017 07:00:00 AM,3,2,1
12/03/2017 08:00:00 AM,6,3,3
12/03/2017 09:00:00 AM,12,4,8
12/03/2017 10:00:00 AM,14,9,5
12/03/2017 11:00:00 AM,24,8,16
12/03/2017 12:00:00 PM,19,10,9
12/03/2017 01:00:00 PM,28,13,15
12/03/2017 02:00:00 PM,20,8,12
12/03/2017 03:00:00 PM,22,8,14
12/03/2017 04:00:00 PM,27,9,18
12/03/2017 05:00:00 PM,12,4,8
12/03/2017 06:00:00 PM,13,4,9
12/03/2017 07:00:00 PM,6,3,3
12/03/2017 08:00:00 PM,12,9,3
12/03/2017 09:00:00 PM,19,10,9
12/03/2017 10:00:00 PM,4,2,2
12/03/2017 11:00:00 PM,8,3,5
12/04/2017 12:00:00 AM,2,1,1
12/04/2017 01:00:00 AM,0,0,0
12/04/2017 02:00:00 AM,1,1,0
12/04/2017 03:00:00 AM,0,0,0
12/04/2017 04:00:00 AM,2,2,0
12/04/2017 05:00:00 AM,8,4,4
12/04/2017 06:00:00 AM,40,23,17
12/04/2017 07:00:00 AM,56,32,24
12/04/2017 08:00:00 AM,101,50,51
12/04/2017 09:00:00 AM,49,24,25
12/04/2017 10:00:00 AM,18,6,12
12/04/2017 11:00:00 AM,14,9,5
12/04/2017 12:00:00 PM,23,15,8
12/04/2017 01:00:00 PM,17,7,10
12/04/2017 02:00:00 PM,21,9,12
12/04/2017 03:00:00 PM,52,15,37
12/04/2017 04:00:00 PM,93,33,60
12/04/2017 05:00:00 PM,128,35,93
12/04/2017 06:00:00 PM,59,21,38
12/04/2017 07:00:00 PM,31,13,18
12/04/2017 08:00:00 PM,10,3,7
12/04/2017 09:00:00 PM,4,2,2
12/04/2017 10:00:00 PM,5,1,4
12/04/2017 11:00:00 PM,4,3,1
12/05/2017 12:00:00 AM,1,1,0
12/05/2017 01:00:00 AM,0,0,0
12/05/2017 02:00:00 AM,1,1,0
12/05/2017 03:00:00 AM,0,0,0
12/05/2017 04:00:00 AM,2,1,1
12/05/2017 05:00:00 AM,17,11,6
12/05/2017 06:00:00 AM,26,15,11
12/05/2017 07:00:00 AM,55,25,30
12/05/2017 08:00:00 AM,94,33,61
12/05/2017 09:00:00 AM,67,33,34
12/05/2017 10:00:00 AM,22,12,10
12/05/2017 11:00:00 AM,19,9,10
12/05/2017 12:00:00 PM,20,14,6
12/05/2017 01:00:00 PM,24,9,15
12/05/2017 02:00:00 PM,35,16,19
12/05/2017 03:00:00 PM,53,16,37
12/05/2017 04:00:00 PM,95,28,67
12/05/2017 05:00:00 PM,131,42,89
12/05/2017 06:00:00 PM,73,26,47
12/05/2017 07:00:00 PM,24,13,11
12/05/2017 08:00:00 PM,10,5,5
12/05/2017 09:00:00 PM,6,4,2
12/05/2017 10:00:00 PM,8,1,7
12/05/2017 11:00:00 PM,1,1,0
12/06/2017 12:00:00 AM,1,0,1
12/06/2017 01:00:00 AM,0,0,0
12/06/2017 02:00:00 AM,1,1,0
12/06/2017 03:00:00 AM,0,0,0
12/06/2017 04:00:00 AM,2,2,0
12/06/2017 05:00:00 AM,10,7,3
12/06/2017 06:00:00 AM,32,21,11
12/06/2017 07:00:00 AM,52,25,27
12/06/2017 08:00:00 AM,82,36,46
12/06/2017 09:00:00 AM,62,30,32
12/06/2017 10:00:00 AM,31,18,13
12/06/2017 11:00:00 AM,15,8,7
12/06/2017 12:00:00 PM,32,18,14
12/06/2017 01:00:00 PM,28,11,17
12/06/2017 02:00:00 PM,21,10,11
12/06/2017 03:00:00 PM,45,15,30
12/06/2017 04:00:00 PM,85,29,56
12/06/2017 05:00:00 PM,116,39,77
12/06/2017 06:00:00 PM,71,22,49
12/06/2017 07:00:00 PM,22,5,17
12/06/2017 08:00:00 PM,10,4,6
12/06/2017 09:00:00 PM,11,5,6
12/06/2017 10:00:00 PM,17,7,10
12/06/2017 11:00:00 PM,2,1,1
12/07/2017 12:00:00 AM,1,0,1
12/07/2017 01:00:00 AM,0,0,0
12/07/2017 02:00:00 AM,0,0,0
12/07/2017 03:00:00 AM,0,0,0
12/07/2017 04:00:00 AM,1,1,0
12/07/2017 05:00:00 AM,11,6,5
12/07/2017 06:00:00 AM,22,9,13
12/07/2017 07:00:00 AM,50,24,26
12/07/2017 08:00:00 AM,83,30,53
12/07/2017 09:00:00 AM,51,22,29
12/07/2017 10:00:00 AM,20,8,12
12/07/2017 11:00:00 AM,34,16,18
12/07/2017 12:00:00 PM,21,11,10
12/07/2017 01:00:00 PM,24,15,9
12/07/2017 02:00:00 PM,29,15,14
12/07/2017 03:00:00 PM,50,15,35
12/07/2017 04:00:00 PM,83,30,53
12/07/2017 05:00:00 PM,106,35,71
12/07/2017 06:00:00 PM,77,25,52
12/07/2017 07:00:00 PM,41,18,23
12/07/2017 08:00:00 PM,10,9,1
12/07/2017 09:00:00 PM,16,7,9
12/07/2017 10:00:00 PM,11,5,6
12/07/2017 11:00:00 PM,6,3,3
12/08/2017 12:00:00 AM,2,1,1
12/08/2017 01:00:00 AM,2,0,2
12/08/2017 02:00:00 AM,1,0,1
12/08/2017 03:00:00 AM,1,0,1
12/08/2017 04:00:00 AM,0,0,0
12/08/2017 05:00:00 AM,4,3,1
12/08/2017 06:00:00 AM,22,13,9
12/08/2017 07:00:00 AM,30,16,14
12/08/2017 08:00:00 AM,54,20,34
12/08/2017 09:00:00 AM,50,18,32
12/08/2017 10:00:00 AM,24,12,12
12/08/2017 11:00:00 AM,28,16,12
12/08/2017 12:00:00 PM,41,18,23
12/08/2017 01:00:00 PM,40,22,18
12/08/2017 02:00:00 PM,32,20,12
12/08/2017 03:00:00 PM,53,19,34
12/08/2017 04:00:00 PM,92,38,54
12/08/2017 05:00:00 PM,69,19,50
12/08/2017 06:00:00 PM,48,26,22
12/08/2017 07:00:00 PM,19,10,9
12/08/2017 08:00:00 PM,11,4,7
12/08/2017 09:00:00 PM,7,4,3
12/08/2017 10:00:00 PM,7,0,7
12/08/2017 11:00:00 PM,5,2,3
12/09/2017 12:00:00 AM,0,0,0
12/09/2017 01:00:00 AM,2,0,2
12/09/2017 02:00:00 AM,0,0,0
12/09/2017 03:00:00 AM,1,1,0
12/09/2017 04:00:00 AM,0,0,0
12/09/2017 05:00:00 AM,1,1,0
12/09/2017 06:00:00 AM,3,0,3
12/09/2017 07:00:00 AM,2,2,0
12/09/2017 08:00:00 AM,3,3,0
12/09/2017 09:00:00 AM,4,3,1
12/09/2017 10:00:00 AM,15,11,4
12/09/2017 11:00:00 AM,13,3,10
12/09/2017 12:00:00 PM,27,11,16
12/09/2017 01:00:00 PM,22,9,13
12/09/2017 02:00:00 PM,16,6,10
12/09/2017 03:00:00 PM,15,11,4
12/09/2017 04:00:00 PM,16,10,6
12/09/2017 05:00:00 PM,9,2,7
12/09/2017 06:00:00 PM,12,2,10
12/09/2017 07:00:00 PM,18,8,10
12/09/2017 08:00:00 PM,2,0,2
12/09/2017 09:00:00 PM,3,1,2
12/09/2017 10:00:00 PM,0,0,0
12/09/2017 11:00:00 PM,0,0,0
12/10/2017 12:00:00 AM,0,0,0
12/10/2017 01:00:00 AM,3,0,3
12/10/2017 02:00:00 AM,0,0,0
12/10/2017 03:00:00 AM,2,1,1
12/10/2017 04:00:00 AM,0,0,0
12/10/2017 05:00:00 AM,1,0,1
12/10/2017 06:00:00 AM,1,1,0
12/10/2017 07:00:00 AM,1,1,0
12/10/2017 08:00:00 AM,4,3,1
12/10/2017 09:00:00 AM,4,4,0
12/10/2017 10:00:00 AM,8,6,2
12/10/2017 11:00:00 AM,7,4,3
12/10/2017 12:00:00 PM,13,6,7
12/10/2017 01:00:00 PM,15,10,5
12/10/2017 02:00:00 PM,10,4,6
12/10/2017 03:00:00 PM,7,2,5
12/10/2017 04:00:00 PM,11,5,6
12/10/2017 05:00:00 PM,7,4,3
12/10/2017 06:00:00 PM,7,5,2
12/10/2017 07:00:00 PM,6,2,4
12/10/2017 08:00:00 PM,6,4,2
12/10/2017 09:00:00 PM,5,2,3
12/10/2017 10:00:00 PM,0,0,0
12/10/2017 11:00:00 PM,3,1,2
12/11/2017 12:00:00 AM,4,3,1
12/11/2017 01:00:00 AM,6,3,3
12/11/2017 02:00:00 AM,2,2,0
12/11/2017 03:00:00 AM,1,1,0
12/11/2017 04:00:00 AM,1,0,1
12/11/2017 05:00:00 AM,10,5,5
12/11/2017 06:00:00 AM,21,11,10
12/11/2017 07:00:00 AM,53,33,20
12/11/2017 08:00:00 AM,72,31,41
12/11/2017 09:00:00 AM,50,17,33
12/11/2017 10:00:00 AM,26,9,17
12/11/2017 11:00:00 AM,21,12,9
12/11/2017 12:00:00 PM,16,9,7
12/11/2017 01:00:00 PM,17,10,7
12/11/2017 02:00:00 PM,25,9,16
12/11/2017 03:00:00 PM,54,17,37
12/11/2017 04:00:00 PM,79,29,50
12/11/2017 05:00:00 PM,101,41,60
12/11/2017 06:00:00 PM,55,26,29
12/11/2017 07:00:00 PM,24,12,12
12/11/2017 08:00:00 PM,9,2,7
12/11/2017 09:00:00 PM,9,4,5
12/11/2017 10:00:00 PM,2,0,2
12/11/2017 11:00:00 PM,0,0,0
12/12/2017 12:00:00 AM,1,0,1
12/12/2017 01:00:00 AM,1,1,0
12/12/2017 02:00:00 AM,2,1,1
12/12/2017 03:00:00 AM,0,0,0
12/12/2017 04:00:00 AM,2,2,0
12/12/2017 05:00:00 AM,11,8,3
12/12/2017 06:00:00 AM,27,11,16
12/12/2017 07:00:00 AM,56,31,25
12/12/2017 08:00:00 AM,84,36,48
12/12/2017 09:00:00 AM,52,24,28
12/12/2017 10:00:00 AM,24,8,16
12/12/2017 11:00:00 AM,15,9,6
12/12/2017 12:00:00 PM,23,11,12
12/12/2017 01:00:00 PM,25,13,12
12/12/2017 02:00:00 PM,33,18,15
12/12/2017 03:00:00 PM,50,19,31
12/12/2017 04:00:00 PM,100,33,67
12/12/2017 05:00:00 PM,122,44,78
12/12/2017 06:00:00 PM,58,17,41
12/12/2017 07:00:00 PM,26,14,12
12/12/2017 08:00:00 PM,5,3,2
12/12/2017 09:00:00 PM,7,2,5
12/12/2017 10:00:00 PM,6,1,5
12/12/2017 11:00:00 PM,0,0,0
12/13/2017 12:00:00 AM,0,0,0
12/13/2017 01:00:00 AM,2,2,0
12/13/2017 02:00:00 AM,0,0,0
12/13/2017 03:00:00 AM,0,0,0
12/13/2017 04:00:00 AM,1,0,1
12/13/2017 05:00:00 AM,12,7,5
12/13/2017 06:00:00 AM,26,14,12
12/13/2017 07:00:00 AM,49,26,23
12/13/2017 08:00:00 AM,101,47,54
12/13/2017 09:00:00 AM,53,23,30
12/13/2017 10:00:00 AM,25,14,11
12/13/2017 11:00:00 AM,28,10,18
12/13/2017 12:00:00 PM,38,18,20
12/13/2017 01:00:00 PM,28,16,12
12/13/2017 02:00:00 PM,33,17,16
12/13/2017 03:00:00 PM,47,17,30
12/13/2017 04:00:00 PM,105,33,72
12/13/2017 05:00:00 PM,128,50,78
12/13/2017 06:00:00 PM,65,24,41
12/13/2017 07:00:00 PM,27,9,18
12/13/2017 08:00:00 PM,22,8,14
12/13/2017 09:00:00 PM,6,3,3
12/13/2017 10:00:00 PM,4,2,2
12/13/2017 11:00:00 PM,6,1,5
12/14/2017 12:00:00 AM,2,2,0
12/14/2017 01:00:00 AM,0,0,0
12/14/2017 02:00:00 AM,1,1,0
12/14/2017 03:00:00 AM,1,1,0
12/14/2017 04:00:00 AM,3,2,1
12/14/2017 05:00:00 AM,11,6,5
12/14/2017 06:00:00 AM,27,14,13
12/14/2017 07:00:00 AM,42,23,19
12/14/2017 08:00:00 AM,80,37,43
12/14/2017 09:00:00 AM,47,16,31
12/14/2017 10:00:00 AM,21,11,10
12/14/2017 11:00:00 AM,30,18,12
12/14/2017 12:00:00 PM,32,17,15
12/14/2017 01:00:00 PM,29,11,18
12/14/2017 02:00:00 PM,32,14,18
12/14/2017 03:00:00 PM,59,16,43
12/14/2017 04:00:00 PM,75,31,44
12/14/2017 05:00:00 PM,111,32,79
12/14/2017 06:00:00 PM,57,24,33
12/14/2017 07:00:00 PM,30,14,16
12/14/2017 08:00:00 PM,18,9,9
12/14/2017 09:00:00 PM,10,4,6
12/14/2017 10:00:00 PM,5,2,3
12/14/2017 11:00:00 PM,1,0,1
12/15/2017 12:00:00 AM,2,1,1
12/15/2017 01:00:00 AM,2,0,2
12/15/2017 02:00:00 AM,2,2,0
12/15/2017 03:00:00 AM,0,0,0
12/15/2017 04:00:00 AM,3,1,2
12/15/2017 05:00:00 AM,8,5,3
12/15/2017 06:00:00 AM,21,16,5
12/15/2017 07:00:00 AM,34,15,19
12/15/2017 08:00:00 AM,65,22,43
12/15/2017 09:00:00 AM,45,21,24
12/15/2017 10:00:00 AM,27,16,11
12/15/2017 11:00:00 AM,21,11,10
12/15/2017 12:00:00 PM,34,12,22
12/15/2017 01:00:00 PM,21,14,7
12/15/2017 02:00:00 PM,34,21,13
12/15/2017 03:00:00 PM,57,25,32
12/15/2017 04:00:00 PM,72,29,43
12/15/2017 05:00:00 PM,91,36,55
12/15/2017 06:00:00 PM,37,19,18
12/15/2017 07:00:00 PM,24,9,15
12/15/2017 08:00:00 PM,10,5,5
12/15/2017 09:00:00 PM,4,1,3
12/15/2017 10:00:00 PM,4,1,3
12/15/2017 11:00:00 PM,3,1,2
12/16/2017 12:00:00 AM,2,1,1
12/16/2017 01:00:00 AM,4,1,3
12/16/2017 02:00:00 AM,1,1,0
12/16/2017 03:00:00 AM,0,0,0
12/16/2017 04:00:00 AM,0,0,0
12/16/2017 05:00:00 AM,1,0,1
12/16/2017 06:00:00 AM,0,0,0
12/16/2017 07:00:00 AM,9,7,2
12/16/2017 08:00:00 AM,4,3,1
12/16/2017 09:00:00 AM,6,5,1
12/16/2017 10:00:00 AM,7,5,2
12/16/2017 11:00:00 AM,16,9,7
12/16/2017 12:00:00 PM,15,8,7
12/16/2017 01:00:00 PM,20,11,9
12/16/2017 02:00:00 PM,21,11,10
12/16/2017 03:00:00 PM,9,4,5
12/16/2017 04:00:00 PM,13,10,3
12/16/2017 05:00:00 PM,17,6,11
12/16/2017 06:00:00 PM,12,7,5
12/16/2017 07:00:00 PM,11,2,9
12/16/2017 08:00:00 PM,8,4,4
12/16/2017 09:00:00 PM,5,3,2
12/16/2017 10:00:00 PM,3,1,2
12/16/2017 11:00:00 PM,1,0,1
12/17/2017 12:00:00 AM,4,2,2
12/17/2017 01:00:00 AM,0,0,0
12/17/2017 02:00:00 AM,2,2,0
12/17/2017 03:00:00 AM,2,2,0
12/17/2017 04:00:00 AM,0,0,0
12/17/2017 05:00:00 AM,1,0,1
12/17/2017 06:00:00 AM,0,0,0
12/17/2017 07:00:00 AM,5,2,3
12/17/2017 08:00:00 AM,5,2,3
12/17/2017 09:00:00 AM,5,2,3
12/17/2017 10:00:00 AM,8,1,7
12/17/2017 11:00:00 AM,18,6,12
12/17/2017 12:00:00 PM,43,15,28
12/17/2017 01:00:00 PM,7,3,4
12/17/2017 02:00:00 PM,7,4,3
12/17/2017 03:00:00 PM,15,9,6
12/17/2017 04:00:00 PM,25,19,6
12/17/2017 05:00:00 PM,18,12,6
12/17/2017 06:00:00 PM,5,1,4
12/17/2017 07:00:00 PM,2,1,1
12/17/2017 08:00:00 PM,2,1,1
12/17/2017 09:00:00 PM,3,2,1
12/17/2017 10:00:00 PM,1,1,0
12/17/2017 11:00:00 PM,4,2,2
12/18/2017 12:00:00 AM,2,2,0
12/18/2017 01:00:00 AM,0,0,0
12/18/2017 02:00:00 AM,2,0,2
12/18/2017 03:00:00 AM,0,0,0
12/18/2017 04:00:00 AM,0,0,0
12/18/2017 05:00:00 AM,9,6,3
12/18/2017 06:00:00 AM,21,13,8
12/18/2017 07:00:00 AM,31,17,14
12/18/2017 08:00:00 AM,56,30,26
12/18/2017 09:00:00 AM,25,12,13
12/18/2017 10:00:00 AM,18,8,10
12/18/2017 11:00:00 AM,14,8,6
12/18/2017 12:00:00 PM,15,10,5
12/18/2017 01:00:00 PM,23,11,12
12/18/2017 02:00:00 PM,22,9,13
12/18/2017 03:00:00 PM,33,6,27
12/18/2017 04:00:00 PM,52,21,31
12/18/2017 05:00:00 PM,71,18,53
12/18/2017 06:00:00 PM,41,10,31
12/18/2017 07:00:00 PM,17,7,10
12/18/2017 08:00:00 PM,8,5,3
12/18/2017 09:00:00 PM,1,0,1
12/18/2017 10:00:00 PM,3,2,1
12/18/2017 11:00:00 PM,0,0,0
12/19/2017 12:00:00 AM,0,0,0
12/19/2017 01:00:00 AM,2,1,1
12/19/2017 02:00:00 AM,1,1,0
12/19/2017 03:00:00 AM,0,0,0
12/19/2017 04:00:00 AM,0,0,0
12/19/2017 05:00:00 AM,7,5,2
12/19/2017 06:00:00 AM,18,11,7
12/19/2017 07:00:00 AM,26,13,13
12/19/2017 08:00:00 AM,31,13,18
12/19/2017 09:00:00 AM,29,15,14
12/19/2017 10:00:00 AM,13,6,7
12/19/2017 11:00:00 AM,10,7,3
12/19/2017 12:00:00 PM,23,12,11
12/19/2017 01:00:00 PM,9,5,4
12/19/2017 02:00:00 PM,25,13,12
12/19/2017 03:00:00 PM,33,10,23
12/19/2017 04:00:00 PM,61,18,43
12/19/2017 05:00:00 PM,88,36,52
12/19/2017 06:00:00 PM,30,12,18
12/19/2017 07:00:00 PM,12,8,4
12/19/2017 08:00:00 PM,9,3,6
12/19/2017 09:00:00 PM,8,3,5
12/19/2017 10:00:00 PM,8,3,5
12/19/2017 11:00:00 PM,0,0,0
12/20/2017 12:00:00 AM,2,1,1
12/20/2017 01:00:00 AM,0,0,0
12/20/2017 02:00:00 AM,1,1,0
12/20/2017 03:00:00 AM,0,0,0
12/20/2017 04:00:00 AM,1,1,0
12/20/2017 05:00:00 AM,10,5,5
12/20/2017 06:00:00 AM,22,12,10
12/20/2017 07:00:00 AM,38,23,15
12/20/2017 08:00:00 AM,69,29,40
12/20/2017 09:00:00 AM,46,25,21
12/20/2017 10:00:00 AM,29,16,13
12/20/2017 11:00:00 AM,23,11,12
12/20/2017 12:00:00 PM,29,16,13
12/20/2017 01:00:00 PM,29,15,14
12/20/2017 02:00:00 PM,33,17,16
12/20/2017 03:00:00 PM,46,15,31
12/20/2017 04:00:00 PM,86,28,58
12/20/2017 05:00:00 PM,80,32,48
12/20/2017 06:00:00 PM,50,16,34
12/20/2017 07:00:00 PM,22,8,14
12/20/2017 08:00:00 PM,6,5,1
12/20/2017 09:00:00 PM,7,7,0
12/20/2017 10:00:00 PM,7,4,3
12/20/2017 11:00:00 PM,3,1,2
12/21/2017 12:00:00 AM,3,3,0
12/21/2017 01:00:00 AM,0,0,0
12/21/2017 02:00:00 AM,1,1,0
12/21/2017 03:00:00 AM,0,0,0
12/21/2017 04:00:00 AM,1,1,0
12/21/2017 05:00:00 AM,10,6,4
12/21/2017 06:00:00 AM,24,11,13
12/21/2017 07:00:00 AM,26,11,15
12/21/2017 08:00:00 AM,39,14,25
12/21/2017 09:00:00 AM,33,15,18
12/21/2017 10:00:00 AM,23,12,11
12/21/2017 11:00:00 AM,22,11,11
12/21/2017 12:00:00 PM,29,17,12
12/21/2017 01:00:00 PM,26,14,12
12/21/2017 02:00:00 PM,17,6,11
12/21/2017 03:00:00 PM,44,20,24
12/21/2017 04:00:00 PM,75,25,50
12/21/2017 05:00:00 PM,70,26,44
12/21/2017 06:00:00 PM,42,13,29
12/21/2017 07:00:00 PM,12,8,4
12/21/2017 08:00:00 PM,9,5,4
12/21/2017 09:00:00 PM,8,6,2
12/21/2017 10:00:00 PM,3,1,2
12/21/2017 11:00:00 PM,2,1,1
12/22/2017 12:00:00 AM,1,1,0
12/22/2017 01:00:00 AM,0,0,0
12/22/2017 02:00:00 AM,0,0,0
12/22/2017 03:00:00 AM,0,0,0
12/22/2017 04:00:00 AM,1,0,1
12/22/2017 05:00:00 AM,6,4,2
12/22/2017 06:00:00 AM,15,7,8
12/22/2017 07:00:00 AM,18,8,10
12/22/2017 08:00:00 AM,25,13,12
12/22/2017 09:00:00 AM,21,8,13
12/22/2017 10:00:00 AM,12,6,6
12/22/2017 11:00:00 AM,11,5,6
12/22/2017 12:00:00 PM,27,17,10
12/22/2017 01:00:00 PM,25,14,11
12/22/2017 02:00:00 PM,29,14,15
12/22/2017 03:00:00 PM,31,11,20
12/22/2017 04:00:00 PM,32,7,25
12/22/2017 05:00:00 PM,39,19,20
12/22/2017 06:00:00 PM,20,9,11
12/22/2017 07:00:00 PM,9,3,6
12/22/2017 08:00:00 PM,6,0,6
12/22/2017 09:00:00 PM,7,4,3
12/22/2017 10:00:00 PM,4,1,3
12/22/2017 11:00:00 PM,3,1,2
12/23/2017 12:00:00 AM,2,0,2
12/23/2017 01:00:00 AM,0,0,0
12/23/2017 02:00:00 AM,2,1,1
12/23/2017 03:00:00 AM,0,0,0
12/23/2017 04:00:00 AM,0,0,0
12/23/2017 05:00:00 AM,3,1,2
12/23/2017 06:00:00 AM,2,1,1
12/23/2017 07:00:00 AM,3,3,0
12/23/2017 08:00:00 AM,5,4,1
12/23/2017 09:00:00 AM,6,5,1
12/23/2017 10:00:00 AM,5,2,3
12/23/2017 11:00:00 AM,4,3,1
12/23/2017 12:00:00 PM,13,6,7
12/23/2017 01:00:00 PM,12,5,7
12/23/2017 02:00:00 PM,14,6,8
12/23/2017 03:00:00 PM,11,4,7
12/23/2017 04:00:00 PM,19,11,8
12/23/2017 05:00:00 PM,11,5,6
12/23/2017 06:00:00 PM,10,5,5
12/23/2017 07:00:00 PM,5,2,3
12/23/2017 08:00:00 PM,1,0,1
12/23/2017 09:00:00 PM,2,0,2
12/23/2017 10:00:00 PM,2,1,1
12/23/2017 11:00:00 PM,9,2,7
12/24/2017 12:00:00 AM,1,1,0
12/24/2017 01:00:00 AM,2,0,2
12/24/2017 02:00:00 AM,1,0,1
12/24/2017 03:00:00 AM,1,1,0
12/24/2017 04:00:00 AM,1,1,0
12/24/2017 05:00:00 AM,1,0,1
12/24/2017 06:00:00 AM,2,2,0
12/24/2017 07:00:00 AM,0,0,0
12/24/2017 08:00:00 AM,0,0,0
12/24/2017 09:00:00 AM,2,0,2
12/24/2017 10:00:00 AM,11,8,3
12/24/2017 11:00:00 AM,4,3,1
12/24/2017 12:00:00 PM,9,4,5
12/24/2017 01:00:00 PM,4,1,3
12/24/2017 02:00:00 PM,5,1,4
12/24/2017 03:00:00 PM,10,4,6
12/24/2017 04:00:00 PM,3,0,3
12/24/2017 05:00:00 PM,2,1,1
12/24/2017 06:00:00 PM,3,2,1
12/24/2017 07:00:00 PM,1,1,0
12/24/2017 08:00:00 PM,0,0,0
12/24/2017 09:00:00 PM,0,0,0
12/24/2017 10:00:00 PM,0,0,0
12/24/2017 11:00:00 PM,1,0,1
12/25/2017 12:00:00 AM,0,0,0
12/25/2017 01:00:00 AM,0,0,0
12/25/2017 02:00:00 AM,0,0,0
12/25/2017 03:00:00 AM,0,0,0
12/25/2017 04:00:00 AM,0,0,0
12/25/2017 05:00:00 AM,1,0,1
12/25/2017 06:00:00 AM,0,0,0
12/25/2017 07:00:00 AM,0,0,0
12/25/2017 08:00:00 AM,0,0,0
12/25/2017 09:00:00 AM,1,1,0
12/25/2017 10:00:00 AM,4,3,1
12/25/2017 11:00:00 AM,4,4,0
12/25/2017 12:00:00 PM,1,0,1
12/25/2017 01:00:00 PM,1,1,0
12/25/2017 02:00:00 PM,2,1,1
12/25/2017 03:00:00 PM,4,0,4
12/25/2017 04:00:00 PM,2,2,0
12/25/2017 05:00:00 PM,1,0,1
12/25/2017 06:00:00 PM,0,0,0
12/25/2017 07:00:00 PM,1,1,0
12/25/2017 08:00:00 PM,0,0,0
12/25/2017 09:00:00 PM,0,0,0
12/25/2017 10:00:00 PM,1,1,0
12/25/2017 11:00:00 PM,2,1,1
12/26/2017 12:00:00 AM,1,1,0
12/26/2017 01:00:00 AM,0,0,0
12/26/2017 02:00:00 AM,0,0,0
12/26/2017 03:00:00 AM,1,1,0
12/26/2017 04:00:00 AM,0,0,0
12/26/2017 05:00:00 AM,6,4,2
12/26/2017 06:00:00 AM,10,6,4
12/26/2017 07:00:00 AM,3,3,0
12/26/2017 08:00:00 AM,4,2,2
12/26/2017 09:00:00 AM,8,4,4
12/26/2017 10:00:00 AM,8,5,3
12/26/2017 11:00:00 AM,7,5,2
12/26/2017 12:00:00 PM,10,6,4
12/26/2017 01:00:00 PM,15,6,9
12/26/2017 02:00:00 PM,13,6,7
12/26/2017 03:00:00 PM,19,7,12
12/26/2017 04:00:00 PM,31,14,17
12/26/2017 05:00:00 PM,17,9,8
12/26/2017 06:00:00 PM,11,3,8
12/26/2017 07:00:00 PM,15,7,8
12/26/2017 08:00:00 PM,6,2,4
12/26/2017 09:00:00 PM,2,1,1
12/26/2017 10:00:00 PM,1,1,0
12/26/2017 11:00:00 PM,2,2,0
12/27/2017 12:00:00 AM,0,0,0
12/27/2017 01:00:00 AM,0,0,0
12/27/2017 02:00:00 AM,2,1,1
12/27/2017 03:00:00 AM,0,0,0
12/27/2017 04:00:00 AM,0,0,0
12/27/2017 05:00:00 AM,7,3,4
12/27/2017 06:00:00 AM,13,5,8
12/27/2017 07:00:00 AM,8,4,4
12/27/2017 08:00:00 AM,28,13,15
12/27/2017 09:00:00 AM,18,5,13
12/27/2017 10:00:00 AM,19,7,12
12/27/2017 11:00:00 AM,42,16,26
12/27/2017 12:00:00 PM,13,8,5
12/27/2017 01:00:00 PM,14,4,10
12/27/2017 02:00:00 PM,15,6,9
12/27/2017 03:00:00 PM,29,10,19
12/27/2017 04:00:00 PM,31,11,20
12/27/2017 05:00:00 PM,44,19,25
12/27/2017 06:00:00 PM,19,4,15
12/27/2017 07:00:00 PM,5,0,5
12/27/2017 08:00:00 PM,12,7,5
12/27/2017 09:00:00 PM,5,4,1
12/27/2017 10:00:00 PM,3,0,3
12/27/2017 11:00:00 PM,5,2,3
12/28/2017 12:00:00 AM,1,0,1
12/28/2017 01:00:00 AM,0,0,0
12/28/2017 02:00:00 AM,2,1,1
12/28/2017 03:00:00 AM,1,1,0
12/28/2017 04:00:00 AM,1,0,1
12/28/2017 05:00:00 AM,10,5,5
12/28/2017 06:00:00 AM,11,8,3
12/28/2017 07:00:00 AM,13,7,6
12/28/2017 08:00:00 AM,31,16,15
12/28/2017 09:00:00 AM,31,11,20
12/28/2017 10:00:00 AM,9,5,4
12/28/2017 11:00:00 AM,9,7,2
12/28/2017 12:00:00 PM,23,11,12
12/28/2017 01:00:00 PM,22,14,8
12/28/2017 02:00:00 PM,18,6,12
12/28/2017 03:00:00 PM,25,6,19
12/28/2017 04:00:00 PM,43,17,26
12/28/2017 05:00:00 PM,37,15,22
12/28/2017 06:00:00 PM,17,7,10
12/28/2017 07:00:00 PM,9,7,2
12/28/2017 08:00:00 PM,3,1,2
12/28/2017 09:00:00 PM,5,1,4
12/28/2017 10:00:00 PM,6,3,3
12/28/2017 11:00:00 PM,2,0,2
12/29/2017 12:00:00 AM,0,0,0
12/29/2017 01:00:00 AM,1,1,0
12/29/2017 02:00:00 AM,0,0,0
12/29/2017 03:00:00 AM,0,0,0
12/29/2017 04:00:00 AM,0,0,0
12/29/2017 05:00:00 AM,6,5,1
12/29/2017 06:00:00 AM,10,5,5
12/29/2017 07:00:00 AM,11,7,4
12/29/2017 08:00:00 AM,17,6,11
12/29/2017 09:00:00 AM,10,3,7
12/29/2017 10:00:00 AM,9,5,4
12/29/2017 11:00:00 AM,4,3,1
12/29/2017 12:00:00 PM,10,5,5
12/29/2017 01:00:00 PM,11,6,5
12/29/2017 02:00:00 PM,13,5,8
12/29/2017 03:00:00 PM,15,4,11
12/29/2017 04:00:00 PM,30,13,17
12/29/2017 05:00:00 PM,18,5,13
12/29/2017 06:00:00 PM,17,6,11
12/29/2017 07:00:00 PM,12,6,6
12/29/2017 08:00:00 PM,5,1,4
12/29/2017 09:00:00 PM,5,2,3
12/29/2017 10:00:00 PM,2,1,1
12/29/2017 11:00:00 PM,0,0,0
12/30/2017 12:00:00 AM,2,1,1
12/30/2017 01:00:00 AM,4,2,2
12/30/2017 02:00:00 AM,6,4,2
12/30/2017 03:00:00 AM,0,0,0
12/30/2017 04:00:00 AM,1,0,1
12/30/2017 05:00:00 AM,1,0,1
12/30/2017 06:00:00 AM,3,1,2
12/30/2017 07:00:00 AM,3,2,1
12/30/2017 08:00:00 AM,8,5,3
12/30/2017 09:00:00 AM,3,2,1
12/30/2017 10:00:00 AM,12,7,5
12/30/2017 11:00:00 AM,7,4,3
12/30/2017 12:00:00 PM,13,10,3
12/30/2017 01:00:00 PM,19,10,9
12/30/2017 02:00:00 PM,10,4,6
12/30/2017 03:00:00 PM,19,7,12
12/30/2017 04:00:00 PM,18,9,9
12/30/2017 05:00:00 PM,7,4,3
12/30/2017 06:00:00 PM,5,0,5
12/30/2017 07:00:00 PM,2,0,2
12/30/2017 08:00:00 PM,6,4,2
12/30/2017 09:00:00 PM,3,1,2
12/30/2017 10:00:00 PM,7,0,7
12/30/2017 11:00:00 PM,2,1,1
12/31/2017 12:00:00 AM,2,0,2
12/31/2017 01:00:00 AM,3,1,2
12/31/2017 02:00:00 AM,3,1,2
12/31/2017 03:00:00 AM,2,0,2
12/31/2017 04:00:00 AM,0,0,0
12/31/2017 05:00:00 AM,1,0,1
12/31/2017 06:00:00 AM,0,0,0
12/31/2017 07:00:00 AM,4,1,3
12/31/2017 08:00:00 AM,2,2,0
12/31/2017 09:00:00 AM,7,1,6
12/31/2017 10:00:00 AM,16,7,9
12/31/2017 11:00:00 AM,10,7,3
12/31/2017 12:00:00 PM,31,12,19
12/31/2017 01:00:00 PM,23,8,15
12/31/2017 02:00:00 PM,10,7,3
12/31/2017 03:00:00 PM,10,4,6
12/31/2017 04:00:00 PM,13,11,2
12/31/2017 05:00:00 PM,27,14,13
12/31/2017 06:00:00 PM,10,4,6
12/31/2017 07:00:00 PM,7,1,6
12/31/2017 08:00:00 PM,4,4,0
12/31/2017 09:00:00 PM,10,7,3
12/31/2017 10:00:00 PM,5,2,3
12/31/2017 11:00:00 PM,2,1,1
01/01/2018 12:00:00 AM,3,1,2
01/01/2018 01:00:00 AM,9,4,5
01/01/2018 02:00:00 AM,2,0,2
01/01/2018 03:00:00 AM,3,2,1
01/01/2018 04:00:00 AM,1,1,0
01/01/2018 05:00:00 AM,0,0,0
01/01/2018 06:00:00 AM,0,0,0
01/01/2018 07:00:00 AM,3,1,2
01/01/2018 08:00:00 AM,3,0,3
01/01/2018 09:00:00 AM,6,3,3
01/01/2018 10:00:00 AM,2,2,0
01/01/2018 11:00:00 AM,12,4,8
01/01/2018 12:00:00 PM,10,8,2
01/01/2018 01:00:00 PM,9,4,5
01/01/2018 02:00:00 PM,29,16,13
01/01/2018 03:00:00 PM,15,3,12
01/01/2018 04:00:00 PM,13,7,6
01/01/2018 05:00:00 PM,12,6,6
01/01/2018 06:00:00 PM,5,4,1
01/01/2018 07:00:00 PM,6,3,3
01/01/2018 08:00:00 PM,0,0,0
01/01/2018 09:00:00 PM,4,3,1
01/01/2018 10:00:00 PM,2,0,2
01/01/2018 11:00:00 PM,0,0,0
01/02/2018 12:00:00 AM,0,0,0
01/02/2018 01:00:00 AM,1,1,0
01/02/2018 02:00:00 AM,0,0,0
01/02/2018 03:00:00 AM,2,2,0
01/02/2018 04:00:00 AM,1,0,1
01/02/2018 05:00:00 AM,8,5,3
01/02/2018 06:00:00 AM,33,14,19
01/02/2018 07:00:00 AM,56,31,25
01/02/2018 08:00:00 AM,85,41,44
01/02/2018 09:00:00 AM,52,24,28
01/02/2018 10:00:00 AM,18,9,9
01/02/2018 11:00:00 AM,13,5,8
01/02/2018 12:00:00 PM,22,7,15
01/02/2018 01:00:00 PM,26,18,8
01/02/2018 02:00:00 PM,24,13,11
01/02/2018 03:00:00 PM,40,8,32
01/02/2018 04:00:00 PM,109,28,81
01/02/2018 05:00:00 PM,123,47,76
01/02/2018 06:00:00 PM,50,18,32
01/02/2018 07:00:00 PM,20,11,9
01/02/2018 08:00:00 PM,10,2,8
01/02/2018 09:00:00 PM,8,3,5
01/02/2018 10:00:00 PM,3,1,2
01/02/2018 11:00:00 PM,2,1,1
01/03/2018 12:00:00 AM,1,1,0
01/03/2018 01:00:00 AM,0,0,0
01/03/2018 02:00:00 AM,0,0,0
01/03/2018 03:00:00 AM,0,0,0
01/03/2018 04:00:00 AM,0,0,0
01/03/2018 05:00:00 AM,9,3,6
01/03/2018 06:00:00 AM,30,15,15
01/03/2018 07:00:00 AM,46,25,21
01/03/2018 08:00:00 AM,86,36,50
01/03/2018 09:00:00 AM,71,39,32
01/03/2018 10:00:00 AM,19,8,11
01/03/2018 11:00:00 AM,23,16,7
01/03/2018 12:00:00 PM,33,22,11
01/03/2018 01:00:00 PM,13,8,5
01/03/2018 02:00:00 PM,17,4,13
01/03/2018 03:00:00 PM,43,7,36
01/03/2018 04:00:00 PM,94,34,60
01/03/2018 05:00:00 PM,131,46,85
01/03/2018 06:00:00 PM,53,17,36
01/03/2018 07:00:00 PM,28,16,12
01/03/2018 08:00:00 PM,22,10,12
01/03/2018 09:00:00 PM,5,2,3
01/03/2018 10:00:00 PM,6,1,5
01/03/2018 11:00:00 PM,0,0,0
01/04/2018 12:00:00 AM,1,1,0
01/04/2018 01:00:00 AM,1,1,0
01/04/2018 02:00:00 AM,1,1,0
01/04/2018 03:00:00 AM,0,0,0
01/04/2018 04:00:00 AM,2,1,1
01/04/2018 05:00:00 AM,13,9,4
01/04/2018 06:00:00 AM,24,14,10
01/04/2018 07:00:00 AM,35,21,14
01/04/2018 08:00:00 AM,96,41,55
01/04/2018 09:00:00 AM,66,27,39
01/04/2018 10:00:00 AM,26,14,12
01/04/2018 11:00:00 AM,26,13,13
01/04/2018 12:00:00 PM,18,7,11
01/04/2018 01:00:00 PM,21,12,9
01/04/2018 02:00:00 PM,27,10,17
01/04/2018 03:00:00 PM,30,12,18
01/04/2018 04:00:00 PM,71,20,51
01/04/2018 05:00:00 PM,130,46,84
01/04/2018 06:00:00 PM,64,24,40
01/04/2018 07:00:00 PM,21,10,11
01/04/2018 08:00:00 PM,15,8,7
01/04/2018 09:00:00 PM,13,6,7
01/04/2018 10:00:00 PM,4,3,1
01/04/2018 11:00:00 PM,2,0,2
01/05/2018 12:00:00 AM,1,1,0
01/05/2018 01:00:00 AM,1,0,1
01/05/2018 02:00:00 AM,0,0,0
01/05/2018 03:00:00 AM,0,0,0
01/05/2018 04:00:00 AM,0,0,0
01/05/2018 05:00:00 AM,5,3,2
01/05/2018 06:00:00 AM,20,8,12
01/05/2018 07:00:00 AM,28,12,16
01/05/2018 08:00:00 AM,57,33,24
01/05/2018 09:00:00 AM,40,16,24
01/05/2018 10:00:00 AM,15,11,4
01/05/2018 11:00:00 AM,17,8,9
01/05/2018 12:00:00 PM,16,6,10
01/05/2018 01:00:00 PM,26,12,14
01/05/2018 02:00:00 PM,18,8,10
01/05/2018 03:00:00 PM,36,16,20
01/05/2018 04:00:00 PM,66,17,49
01/05/2018 05:00:00 PM,97,41,56
01/05/2018 06:00:00 PM,36,13,23
01/05/2018 07:00:00 PM,17,6,11
01/05/2018 08:00:00 PM,14,3,11
01/05/2018 09:00:00 PM,5,1,4
01/05/2018 10:00:00 PM,5,1,4
01/05/2018 11:00:00 PM,3,2,1
01/06/2018 12:00:00 AM,2,1,1
01/06/2018 01:00:00 AM,0,0,0
01/06/2018 02:00:00 AM,0,0,0
01/06/2018 03:00:00 AM,0,0,0
01/06/2018 04:00:00 AM,0,0,0
01/06/2018 05:00:00 AM,1,1,0
01/06/2018 06:00:00 AM,1,1,0
01/06/2018 07:00:00 AM,2,1,1
01/06/2018 08:00:00 AM,2,1,1
01/06/2018 09:00:00 AM,5,3,2
01/06/2018 10:00:00 AM,4,4,0
01/06/2018 11:00:00 AM,5,2,3
01/06/2018 12:00:00 PM,7,4,3
01/06/2018 01:00:00 PM,15,8,7
01/06/2018 02:00:00 PM,10,5,5
01/06/2018 03:00:00 PM,11,3,8
01/06/2018 04:00:00 PM,8,5,3
01/06/2018 05:00:00 PM,14,7,7
01/06/2018 06:00:00 PM,8,3,5
01/06/2018 07:00:00 PM,2,0,2
01/06/2018 08:00:00 PM,3,0,3
01/06/2018 09:00:00 PM,3,1,2
01/06/2018 10:00:00 PM,0,0,0
01/06/2018 11:00:00 PM,0,0,0
01/07/2018 12:00:00 AM,5,1,4
01/07/2018 01:00:00 AM,4,1,3
01/07/2018 02:00:00 AM,0,0,0
01/07/2018 03:00:00 AM,1,1,0
01/07/2018 04:00:00 AM,0,0,0
01/07/2018 05:00:00 AM,2,0,2
01/07/2018 06:00:00 AM,3,0,3
01/07/2018 07:00:00 AM,3,3,0
01/07/2018 08:00:00 AM,4,4,0
01/07/2018 09:00:00 AM,7,4,3
01/07/2018 10:00:00 AM,11,6,5
01/07/2018 11:00:00 AM,9,5,4
01/07/2018 12:00:00 PM,8,4,4
01/07/2018 01:00:00 PM,14,7,7
01/07/2018 02:00:00 PM,5,3,2
01/07/2018 03:00:00 PM,3,3,0
01/07/2018 04:00:00 PM,12,4,8
01/07/2018 05:00:00 PM,10,6,4
01/07/2018 06:00:00 PM,9,6,3
01/07/2018 07:00:00 PM,3,2,1
01/07/2018 08:00:00 PM,1,0,1
01/07/2018 09:00:00 PM,5,2,3
01/07/2018 10:00:00 PM,2,1,1
01/07/2018 11:00:00 PM,1,1,0
01/08/2018 12:00:00 AM,0,0,0
01/08/2018 01:00:00 AM,0,0,0
01/08/2018 02:00:00 AM,1,1,0
01/08/2018 03:00:00 AM,0,0,0
01/08/2018 04:00:00 AM,2,0,2
01/08/2018 05:00:00 AM,11,7,4
01/08/2018 06:00:00 AM,26,11,15
01/08/2018 07:00:00 AM,58,31,27
01/08/2018 08:00:00 AM,86,38,48
01/08/2018 09:00:00 AM,58,20,38
01/08/2018 10:00:00 AM,26,14,12
01/08/2018 11:00:00 AM,18,11,7
01/08/2018 12:00:00 PM,21,5,16
01/08/2018 01:00:00 PM,21,10,11
01/08/2018 02:00:00 PM,25,9,16
01/08/2018 03:00:00 PM,40,8,32
01/08/2018 04:00:00 PM,97,37,60
01/08/2018 05:00:00 PM,129,50,79
01/08/2018 06:00:00 PM,50,22,28
01/08/2018 07:00:00 PM,32,14,18
01/08/2018 08:00:00 PM,17,8,9
01/08/2018 09:00:00 PM,7,4,3
01/08/2018 10:00:00 PM,3,1,2
01/08/2018 11:00:00 PM,2,1,1
01/09/2018 12:00:00 AM,2,1,1
01/09/2018 01:00:00 AM,1,0,1
01/09/2018 02:00:00 AM,0,0,0
01/09/2018 03:00:00 AM,1,1,0
01/09/2018 04:00:00 AM,2,1,1
01/09/2018 05:00:00 AM,11,8,3
01/09/2018 06:00:00 AM,33,19,14
01/09/2018 07:00:00 AM,48,27,21
01/09/2018 08:00:00 AM,74,34,40
01/09/2018 09:00:00 AM,42,19,23
01/09/2018 10:00:00 AM,14,9,5
01/09/2018 11:00:00 AM,14,10,4
01/09/2018 12:00:00 PM,13,6,7
01/09/2018 01:00:00 PM,12,8,4
01/09/2018 02:00:00 PM,19,8,11
01/09/2018 03:00:00 PM,41,10,31
01/09/2018 04:00:00 PM,75,16,59
01/09/2018 05:00:00 PM,93,32,61
01/09/2018 06:00:00 PM,56,30,26
01/09/2018 07:00:00 PM,27,11,16
01/09/2018 08:00:00 PM,10,4,6
01/09/2018 09:00:00 PM,5,3,2
01/09/2018 10:00:00 PM,3,2,1
01/09/2018 11:00:00 PM,1,1,0
01/10/2018 12:00:00 AM,0,0,0
01/10/2018 01:00:00 AM,1,1,0
01/10/2018 02:00:00 AM,0,0,0
01/10/2018 03:00:00 AM,1,0,1
01/10/2018 04:00:00 AM,2,1,1
01/10/2018 05:00:00 AM,10,6,4
01/10/2018 06:00:00 AM,32,16,16
01/10/2018 07:00:00 AM,49,26,23
01/10/2018 08:00:00 AM,83,43,40
01/10/2018 09:00:00 AM,52,24,28
01/10/2018 10:00:00 AM,17,7,10
01/10/2018 11:00:00 AM,21,14,7
01/10/2018 12:00:00 PM,21,10,11
01/10/2018 01:00:00 PM,20,6,14
01/10/2018 02:00:00 PM,25,8,17
01/10/2018 03:00:00 PM,41,18,23
01/10/2018 04:00:00 PM,88,37,51
01/10/2018 05:00:00 PM,102,40,62
01/10/2018 06:00:00 PM,52,21,31
01/10/2018 07:00:00 PM,19,7,12
01/10/2018 08:00:00 PM,8,4,4
01/10/2018 09:00:00 PM,6,4,2
01/10/2018 10:00:00 PM,5,3,2
01/10/2018 11:00:00 PM,1,1,0
01/11/2018 12:00:00 AM,0,0,0
01/11/2018 01:00:00 AM,1,1,0
01/11/2018 02:00:00 AM,0,0,0
01/11/2018 03:00:00 AM,1,1,0
01/11/2018 04:00:00 AM,1,0,1
01/11/2018 05:00:00 AM,6,6,0
01/11/2018 06:00:00 AM,16,6,10
01/11/2018 07:00:00 AM,26,10,16
01/11/2018 08:00:00 AM,42,17,25
01/11/2018 09:00:00 AM,30,15,15
01/11/2018 10:00:00 AM,16,11,5
01/11/2018 11:00:00 AM,14,6,8
01/11/2018 12:00:00 PM,11,6,5
01/11/2018 01:00:00 PM,11,5,6
01/11/2018 02:00:00 PM,20,6,14
01/11/2018 03:00:00 PM,28,11,17
01/11/2018 04:00:00 PM,56,14,42
01/11/2018 05:00:00 PM,86,36,50
01/11/2018 06:00:00 PM,52,24,28
01/11/2018 07:00:00 PM,21,10,11
01/11/2018 08:00:00 PM,9,5,4
01/11/2018 09:00:00 PM,4,1,3
01/11/2018 10:00:00 PM,4,0,4
01/11/2018 11:00:00 PM,5,5,0
01/12/2018 12:00:00 AM,0,0,0
01/12/2018 01:00:00 AM,0,0,0
01/12/2018 02:00:00 AM,1,0,1
01/12/2018 03:00:00 AM,0,0,0
01/12/2018 04:00:00 AM,2,0,2
01/12/2018 05:00:00 AM,11,4,7
01/12/2018 06:00:00 AM,18,11,7
01/12/2018 07:00:00 AM,31,17,14
01/12/2018 08:00:00 AM,68,28,40
01/12/2018 09:00:00 AM,41,17,24
01/12/2018 10:00:00 AM,32,19,13
01/12/2018 11:00:00 AM,24,9,15
01/12/2018 12:00:00 PM,23,14,9
01/12/2018 01:00:00 PM,27,12,15
01/12/2018 02:00:00 PM,34,16,18
01/12/2018 03:00:00 PM,43,17,26
01/12/2018 04:00:00 PM,82,25,57
01/12/2018 05:00:00 PM,83,28,55
01/12/2018 06:00:00 PM,51,26,25
01/12/2018 07:00:00 PM,18,10,8
01/12/2018 08:00:00 PM,8,2,6
01/12/2018 09:00:00 PM,6,1,5
01/12/2018 10:00:00 PM,1,0,1
01/12/2018 11:00:00 PM,3,3,0
01/13/2018 12:00:00 AM,3,1,2
01/13/2018 01:00:00 AM,0,0,0
01/13/2018 02:00:00 AM,3,1,2
01/13/2018 03:00:00 AM,0,0,0
01/13/2018 04:00:00 AM,0,0,0
01/13/2018 05:00:00 AM,2,1,1
01/13/2018 06:00:00 AM,2,0,2
01/13/2018 07:00:00 AM,5,2,3
01/13/2018 08:00:00 AM,3,2,1
01/13/2018 09:00:00 AM,17,10,7
01/13/2018 10:00:00 AM,17,10,7
01/13/2018 11:00:00 AM,16,6,10
01/13/2018 12:00:00 PM,19,9,10
01/13/2018 01:00:00 PM,21,11,10
01/13/2018 02:00:00 PM,16,8,8
01/13/2018 03:00:00 PM,18,6,12
01/13/2018 04:00:00 PM,15,8,7
01/13/2018 05:00:00 PM,14,8,6
01/13/2018 06:00:00 PM,13,7,6
01/13/2018 07:00:00 PM,11,2,9
01/13/2018 08:00:00 PM,11,6,5
01/13/2018 09:00:00 PM,4,3,1
01/13/2018 10:00:00 PM,4,0,4
01/13/2018 11:00:00 PM,8,4,4
01/14/2018 12:00:00 AM,3,1,2
01/14/2018 01:00:00 AM,0,0,0
01/14/2018 02:00:00 AM,0,0,0
01/14/2018 03:00:00 AM,2,2,0
01/14/2018 04:00:00 AM,0,0,0
01/14/2018 05:00:00 AM,1,0,1
01/14/2018 06:00:00 AM,2,2,0
01/14/2018 07:00:00 AM,6,1,5
01/14/2018 08:00:00 AM,4,2,2
01/14/2018 09:00:00 AM,9,3,6
01/14/2018 10:00:00 AM,12,5,7
01/14/2018 11:00:00 AM,14,5,9
01/14/2018 12:00:00 PM,27,14,13
01/14/2018 01:00:00 PM,26,9,17
01/14/2018 02:00:00 PM,24,9,15
01/14/2018 03:00:00 PM,18,14,4
01/14/2018 04:00:00 PM,22,7,15
01/14/2018 05:00:00 PM,10,5,5
01/14/2018 06:00:00 PM,16,9,7
01/14/2018 07:00:00 PM,10,5,5
01/14/2018 08:00:00 PM,2,0,2
01/14/2018 09:00:00 PM,2,0,2
01/14/2018 10:00:00 PM,3,1,2
01/14/2018 11:00:00 PM,2,0,2
01/15/2018 12:00:00 AM,0,0,0
01/15/2018 01:00:00 AM,1,1,0
01/15/2018 02:00:00 AM,1,0,1
01/15/2018 03:00:00 AM,1,0,1
01/15/2018 04:00:00 AM,0,0,0
01/15/2018 05:00:00 AM,8,7,1
01/15/2018 06:00:00 AM,17,10,7
01/15/2018 07:00:00 AM,38,25,13
01/15/2018 08:00:00 AM,55,22,33
01/15/2018 09:00:00 AM,41,15,26
01/15/2018 10:00:00 AM,17,7,10
01/15/2018 11:00:00 AM,25,12,13
01/15/2018 12:00:00 PM,25,11,14
01/15/2018 01:00:00 PM,23,12,11
01/15/2018 02:00:00 PM,27,12,15
01/15/2018 03:00:00 PM,51,14,37
01/15/2018 04:00:00 PM,54,16,38
01/15/2018 05:00:00 PM,102,34,68
01/15/2018 06:00:00 PM,32,15,17
01/15/2018 07:00:00 PM,24,15,9
01/15/2018 08:00:00 PM,8,3,5
01/15/2018 09:00:00 PM,11,5,6
01/15/2018 10:00:00 PM,3,3,0
01/15/2018 11:00:00 PM,4,4,0
01/16/2018 12:00:00 AM,4,3,1
01/16/2018 01:00:00 AM,1,1,0
01/16/2018 02:00:00 AM,1,1,0
01/16/2018 03:00:00 AM,0,0,0
01/16/2018 04:00:00 AM,1,0,1
01/16/2018 05:00:00 AM,14,9,5
01/16/2018 06:00:00 AM,27,15,12
01/16/2018 07:00:00 AM,53,27,26
01/16/2018 08:00:00 AM,88,38,50
01/16/2018 09:00:00 AM,46,20,26
01/16/2018 10:00:00 AM,21,9,12
01/16/2018 11:00:00 AM,17,8,9
01/16/2018 12:00:00 PM,37,21,16
01/16/2018 01:00:00 PM,19,9,10
01/16/2018 02:00:00 PM,22,10,12
01/16/2018 03:00:00 PM,49,20,29
01/16/2018 04:00:00 PM,82,30,52
01/16/2018 05:00:00 PM,113,36,77
01/16/2018 06:00:00 PM,59,24,35
01/16/2018 07:00:00 PM,23,12,11
01/16/2018 08:00:00 PM,10,5,5
01/16/2018 09:00:00 PM,10,3,7
01/16/2018 10:00:00 PM,3,1,2
01/16/2018 11:00:00 PM,1,1,0
01/17/2018 12:00:00 AM,1,1,0
01/17/2018 01:00:00 AM,0,0,0
01/17/2018 02:00:00 AM,1,1,0
01/17/2018 03:00:00 AM,3,1,2
01/17/2018 04:00:00 AM,2,1,1
01/17/2018 05:00:00 AM,12,9,3
01/17/2018 06:00:00 AM,32,16,16
01/17/2018 07:00:00 AM,45,21,24
01/17/2018 08:00:00 AM,93,42,51
01/17/2018 09:00:00 AM,48,20,28
01/17/2018 10:00:00 AM,32,16,16
01/17/2018 11:00:00 AM,26,18,8
01/17/2018 12:00:00 PM,34,15,19
01/17/2018 01:00:00 PM,24,10,14
01/17/2018 02:00:00 PM,26,13,13
01/17/2018 03:00:00 PM,33,8,25
01/17/2018 04:00:00 PM,73,23,50
01/17/2018 05:00:00 PM,94,38,56
01/17/2018 06:00:00 PM,59,18,41
01/17/2018 07:00:00 PM,15,6,9
01/17/2018 08:00:00 PM,16,7,9
01/17/2018 09:00:00 PM,9,4,5
01/17/2018 10:00:00 PM,4,2,2
01/17/2018 11:00:00 PM,3,2,1
01/18/2018 12:00:00 AM,0,0,0
01/18/2018 01:00:00 AM,0,0,0
01/18/2018 02:00:00 AM,1,1,0
01/18/2018 03:00:00 AM,0,0,0
01/18/2018 04:00:00 AM,1,0,1
01/18/2018 05:00:00 AM,11,7,4
01/18/2018 06:00:00 AM,26,15,11
01/18/2018 07:00:00 AM,36,24,12
01/18/2018 08:00:00 AM,86,43,43
01/18/2018 09:00:00 AM,43,20,23
01/18/2018 10:00:00 AM,25,12,13
01/18/2018 11:00:00 AM,28,13,15
01/18/2018 12:00:00 PM,24,11,13
01/18/2018 01:00:00 PM,21,8,13
01/18/2018 02:00:00 PM,17,7,10
01/18/2018 03:00:00 PM,39,10,29
01/18/2018 04:00:00 PM,60,27,33
01/18/2018 05:00:00 PM,104,36,68
01/18/2018 06:00:00 PM,59,23,36
01/18/2018 07:00:00 PM,40,17,23
01/18/2018 08:00:00 PM,12,5,7
01/18/2018 09:00:00 PM,6,1,5
01/18/2018 10:00:00 PM,5,3,2
01/18/2018 11:00:00 PM,5,2,3
01/19/2018 12:00:00 AM,4,2,2
01/19/2018 01:00:00 AM,0,0,0
01/19/2018 02:00:00 AM,0,0,0
01/19/2018 03:00:00 AM,1,1,0
01/19/2018 04:00:00 AM,2,2,0
01/19/2018 05:00:00 AM,13,6,7
01/19/2018 06:00:00 AM,15,9,6
01/19/2018 07:00:00 AM,47,22,25
01/19/2018 08:00:00 AM,79,36,43
01/19/2018 09:00:00 AM,56,28,28
01/19/2018 10:00:00 AM,24,10,14
01/19/2018 11:00:00 AM,29,16,13
01/19/2018 12:00:00 PM,24,14,10
01/19/2018 01:00:00 PM,27,14,13
01/19/2018 02:00:00 PM,27,8,19
01/19/2018 03:00:00 PM,41,12,29
01/19/2018 04:00:00 PM,73,27,46
01/19/2018 05:00:00 PM,112,45,67
01/19/2018 06:00:00 PM,41,19,22
01/19/2018 07:00:00 PM,26,5,21
01/19/2018 08:00:00 PM,24,3,21
01/19/2018 09:00:00 PM,5,4,1
01/19/2018 10:00:00 PM,8,4,4
01/19/2018 11:00:00 PM,17,14,3
01/20/2018 12:00:00 AM,22,20,2
01/20/2018 01:00:00 AM,5,4,1
01/20/2018 02:00:00 AM,1,1,0
01/20/2018 03:00:00 AM,1,1,0
01/20/2018 04:00:00 AM,0,0,0
01/20/2018 05:00:00 AM,2,1,1
01/20/2018 06:00:00 AM,0,0,0
01/20/2018 07:00:00 AM,6,2,4
01/20/2018 08:00:00 AM,9,2,7
01/20/2018 09:00:00 AM,10,7,3
01/20/2018 10:00:00 AM,9,4,5
01/20/2018 11:00:00 AM,8,7,1
01/20/2018 12:00:00 PM,18,10,8
01/20/2018 01:00:00 PM,24,16,8
01/20/2018 02:00:00 PM,25,10,15
01/20/2018 03:00:00 PM,13,6,7
01/20/2018 04:00:00 PM,6,2,4
01/20/2018 05:00:00 PM,13,8,5
01/20/2018 06:00:00 PM,5,1,4
01/20/2018 07:00:00 PM,13,6,7
01/20/2018 08:00:00 PM,9,5,4
01/20/2018 09:00:00 PM,4,2,2
01/20/2018 10:00:00 PM,4,0,4
01/20/2018 11:00:00 PM,7,1,6
01/21/2018 12:00:00 AM,5,2,3
01/21/2018 01:00:00 AM,1,1,0
01/21/2018 02:00:00 AM,2,2,0
01/21/2018 03:00:00 AM,1,1,0
01/21/2018 04:00:00 AM,0,0,0
01/21/2018 05:00:00 AM,2,1,1
01/21/2018 06:00:00 AM,0,0,0
01/21/2018 07:00:00 AM,2,0,2
01/21/2018 08:00:00 AM,4,2,2
01/21/2018 09:00:00 AM,7,3,4
01/21/2018 10:00:00 AM,6,5,1
01/21/2018 11:00:00 AM,3,0,3
01/21/2018 12:00:00 PM,2,1,1
01/21/2018 01:00:00 PM,11,7,4
01/21/2018 02:00:00 PM,5,3,2
01/21/2018 03:00:00 PM,7,2,5
01/21/2018 04:00:00 PM,4,3,1
01/21/2018 05:00:00 PM,3,1,2
01/21/2018 06:00:00 PM,7,6,1
01/21/2018 07:00:00 PM,4,1,3
01/21/2018 08:00:00 PM,2,1,1
01/21/2018 09:00:00 PM,3,1,2
01/21/2018 10:00:00 PM,3,2,1
01/21/2018 11:00:00 PM,0,0,0
01/22/2018 12:00:00 AM,1,0,1
01/22/2018 01:00:00 AM,0,0,0
01/22/2018 02:00:00 AM,0,0,0
01/22/2018 03:00:00 AM,0,0,0
01/22/2018 04:00:00 AM,1,0,1
01/22/2018 05:00:00 AM,13,11,2
01/22/2018 06:00:00 AM,27,13,14
01/22/2018 07:00:00 AM,50,27,23
01/22/2018 08:00:00 AM,86,35,51
01/22/2018 09:00:00 AM,63,22,41
01/22/2018 10:00:00 AM,16,9,7
01/22/2018 11:00:00 AM,16,10,6
01/22/2018 12:00:00 PM,27,15,12
01/22/2018 01:00:00 PM,22,11,11
01/22/2018 02:00:00 PM,27,13,14
01/22/2018 03:00:00 PM,42,14,28
01/22/2018 04:00:00 PM,87,37,50
01/22/2018 05:00:00 PM,139,49,90
01/22/2018 06:00:00 PM,65,25,40
01/22/2018 07:00:00 PM,21,9,12
01/22/2018 08:00:00 PM,24,11,13
01/22/2018 09:00:00 PM,5,4,1
01/22/2018 10:00:00 PM,4,0,4
01/22/2018 11:00:00 PM,1,0,1
01/23/2018 12:00:00 AM,1,0,1
01/23/2018 01:00:00 AM,1,1,0
01/23/2018 02:00:00 AM,1,1,0
01/23/2018 03:00:00 AM,1,0,1
01/23/2018 04:00:00 AM,2,1,1
01/23/2018 05:00:00 AM,10,7,3
01/23/2018 06:00:00 AM,29,16,13
01/23/2018 07:00:00 AM,50,24,26
01/23/2018 08:00:00 AM,69,31,38
01/23/2018 09:00:00 AM,38,20,18
01/23/2018 10:00:00 AM,12,8,4
01/23/2018 11:00:00 AM,12,5,7
01/23/2018 12:00:00 PM,10,2,8
01/23/2018 01:00:00 PM,16,9,7
01/23/2018 02:00:00 PM,17,9,8
01/23/2018 03:00:00 PM,24,3,21
01/23/2018 04:00:00 PM,56,21,35
01/23/2018 05:00:00 PM,104,35,69
01/23/2018 06:00:00 PM,48,19,29
01/23/2018 07:00:00 PM,27,12,15
01/23/2018 08:00:00 PM,4,1,3
01/23/2018 09:00:00 PM,3,1,2
01/23/2018 10:00:00 PM,5,3,2
01/23/2018 11:00:00 PM,1,0,1
01/24/2018 12:00:00 AM,2,2,0
01/24/2018 01:00:00 AM,0,0,0
01/24/2018 02:00:00 AM,0,0,0
01/24/2018 03:00:00 AM,1,0,1
01/24/2018 04:00:00 AM,1,0,1
01/24/2018 05:00:00 AM,13,10,3
01/24/2018 06:00:00 AM,29,19,10
01/24/2018 07:00:00 AM,35,17,18
01/24/2018 08:00:00 AM,54,26,28
01/24/2018 09:00:00 AM,52,20,32
01/24/2018 10:00:00 AM,11,6,5
01/24/2018 11:00:00 AM,17,11,6
01/24/2018 12:00:00 PM,19,7,12
01/24/2018 01:00:00 PM,15,7,8
01/24/2018 02:00:00 PM,13,5,8
01/24/2018 03:00:00 PM,28,8,20
01/24/2018 04:00:00 PM,48,15,33
01/24/2018 05:00:00 PM,99,43,56
01/24/2018 06:00:00 PM,41,11,30
01/24/2018 07:00:00 PM,26,15,11
01/24/2018 08:00:00 PM,17,7,10
01/24/2018 09:00:00 PM,4,1,3
01/24/2018 10:00:00 PM,6,1,5
01/24/2018 11:00:00 PM,1,0,1
01/25/2018 12:00:00 AM,2,1,1
01/25/2018 01:00:00 AM,0,0,0
01/25/2018 02:00:00 AM,4,4,0
01/25/2018 03:00:00 AM,0,0,0
01/25/2018 04:00:00 AM,1,0,1
01/25/2018 05:00:00 AM,14,9,5
01/25/2018 06:00:00 AM,25,11,14
01/25/2018 07:00:00 AM,36,22,14
01/25/2018 08:00:00 AM,87,35,52
01/25/2018 09:00:00 AM,44,17,27
01/25/2018 10:00:00 AM,14,8,6
01/25/2018 11:00:00 AM,15,9,6
01/25/2018 12:00:00 PM,14,8,6
01/25/2018 01:00:00 PM,11,6,5
01/25/2018 02:00:00 PM,17,6,11
01/25/2018 03:00:00 PM,36,10,26
01/25/2018 04:00:00 PM,68,21,47
01/25/2018 05:00:00 PM,141,40,101
01/25/2018 06:00:00 PM,66,23,43
01/25/2018 07:00:00 PM,22,11,11
01/25/2018 08:00:00 PM,13,5,8
01/25/2018 09:00:00 PM,8,3,5
01/25/2018 10:00:00 PM,5,2,3
01/25/2018 11:00:00 PM,3,1,2
01/26/2018 12:00:00 AM,4,4,0
01/26/2018 01:00:00 AM,2,1,1
01/26/2018 02:00:00 AM,0,0,0
01/26/2018 03:00:00 AM,0,0,0
01/26/2018 04:00:00 AM,2,1,1
01/26/2018 05:00:00 AM,10,8,2
01/26/2018 06:00:00 AM,25,14,11
01/26/2018 07:00:00 AM,30,11,19
01/26/2018 08:00:00 AM,57,25,32
01/26/2018 09:00:00 AM,49,20,29
01/26/2018 10:00:00 AM,19,10,9
01/26/2018 11:00:00 AM,27,13,14
01/26/2018 12:00:00 PM,15,8,7
01/26/2018 01:00:00 PM,25,9,16
01/26/2018 02:00:00 PM,22,10,12
01/26/2018 03:00:00 PM,35,9,26
01/26/2018 04:00:00 PM,65,23,42
01/26/2018 05:00:00 PM,92,33,59
01/26/2018 06:00:00 PM,35,15,20
01/26/2018 07:00:00 PM,16,7,9
01/26/2018 08:00:00 PM,11,6,5
01/26/2018 09:00:00 PM,5,3,2
01/26/2018 10:00:00 PM,7,5,2
01/26/2018 11:00:00 PM,5,2,3
01/27/2018 12:00:00 AM,1,0,1
01/27/2018 01:00:00 AM,2,1,1
01/27/2018 02:00:00 AM,1,1,0
01/27/2018 03:00:00 AM,1,1,0
01/27/2018 04:00:00 AM,0,0,0
01/27/2018 05:00:00 AM,3,1,2
01/27/2018 06:00:00 AM,0,0,0
01/27/2018 07:00:00 AM,4,2,2
01/27/2018 08:00:00 AM,7,7,0
01/27/2018 09:00:00 AM,4,1,3
01/27/2018 10:00:00 AM,8,3,5
01/27/2018 11:00:00 AM,7,2,5
01/27/2018 12:00:00 PM,13,8,5
01/27/2018 01:00:00 PM,11,6,5
01/27/2018 02:00:00 PM,5,2,3
01/27/2018 03:00:00 PM,6,2,4
01/27/2018 04:00:00 PM,12,10,2
01/27/2018 05:00:00 PM,12,9,3
01/27/2018 06:00:00 PM,11,4,7
01/27/2018 07:00:00 PM,9,5,4
01/27/2018 08:00:00 PM,9,6,3
01/27/2018 09:00:00 PM,4,2,2
01/27/2018 10:00:00 PM,5,1,4
01/27/2018 11:00:00 PM,1,0,1
01/28/2018 12:00:00 AM,2,1,1
01/28/2018 01:00:00 AM,0,0,0
01/28/2018 02:00:00 AM,2,1,1
01/28/2018 03:00:00 AM,1,1,0
01/28/2018 04:00:00 AM,0,0,0
01/28/2018 05:00:00 AM,1,0,1
01/28/2018 06:00:00 AM,2,1,1
01/28/2018 07:00:00 AM,2,1,1
01/28/2018 08:00:00 AM,5,1,4
01/28/2018 09:00:00 AM,8,3,5
01/28/2018 10:00:00 AM,10,8,2
01/28/2018 11:00:00 AM,6,2,4
01/28/2018 12:00:00 PM,7,3,4
01/28/2018 01:00:00 PM,11,4,7
01/28/2018 02:00:00 PM,9,6,3
01/28/2018 03:00:00 PM,11,5,6
01/28/2018 04:00:00 PM,12,8,4
01/28/2018 05:00:00 PM,5,0,5
01/28/2018 06:00:00 PM,14,8,6
01/28/2018 07:00:00 PM,8,6,2
01/28/2018 08:00:00 PM,10,6,4
01/28/2018 09:00:00 PM,6,4,2
01/28/2018 10:00:00 PM,5,2,3
01/28/2018 11:00:00 PM,0,0,0
01/29/2018 12:00:00 AM,5,2,3
01/29/2018 01:00:00 AM,1,1,0
01/29/2018 02:00:00 AM,2,2,0
01/29/2018 03:00:00 AM,2,1,1
01/29/2018 04:00:00 AM,3,1,2
01/29/2018 05:00:00 AM,14,8,6
01/29/2018 06:00:00 AM,32,17,15
01/29/2018 07:00:00 AM,31,16,15
01/29/2018 08:00:00 AM,67,27,40
01/29/2018 09:00:00 AM,45,23,22
01/29/2018 10:00:00 AM,17,12,5
01/29/2018 11:00:00 AM,18,13,5
01/29/2018 12:00:00 PM,14,6,8
01/29/2018 01:00:00 PM,5,3,2
01/29/2018 02:00:00 PM,15,7,8
01/29/2018 03:00:00 PM,23,5,18
01/29/2018 04:00:00 PM,47,16,31
01/29/2018 05:00:00 PM,101,29,72
01/29/2018 06:00:00 PM,49,16,33
01/29/2018 07:00:00 PM,16,10,6
01/29/2018 08:00:00 PM,5,1,4
01/29/2018 09:00:00 PM,5,2,3
01/29/2018 10:00:00 PM,2,0,2
01/29/2018 11:00:00 PM,1,1,0
01/30/2018 12:00:00 AM,3,1,2
01/30/2018 01:00:00 AM,1,1,0
01/30/2018 02:00:00 AM,1,1,0
01/30/2018 03:00:00 AM,0,0,0
01/30/2018 04:00:00 AM,1,0,1
01/30/2018 05:00:00 AM,15,11,4
01/30/2018 06:00:00 AM,27,14,13
01/30/2018 07:00:00 AM,51,21,30
01/30/2018 08:00:00 AM,95,45,50
01/30/2018 09:00:00 AM,62,23,39
01/30/2018 10:00:00 AM,33,18,15
01/30/2018 11:00:00 AM,24,14,10
01/30/2018 12:00:00 PM,25,10,15
01/30/2018 01:00:00 PM,20,12,8
01/30/2018 02:00:00 PM,25,8,17
01/30/2018 03:00:00 PM,41,16,25
01/30/2018 04:00:00 PM,99,35,64
01/30/2018 05:00:00 PM,136,44,92
01/30/2018 06:00:00 PM,61,30,31
01/30/2018 07:00:00 PM,23,10,13
01/30/2018 08:00:00 PM,16,6,10
01/30/2018 09:00:00 PM,2,1,1
01/30/2018 10:00:00 PM,4,0,4
01/30/2018 11:00:00 PM,4,1,3
01/31/2018 12:00:00 AM,1,1,0
01/31/2018 01:00:00 AM,2,1,1
01/31/2018 02:00:00 AM,0,0,0
01/31/2018 03:00:00 AM,1,1,0
01/31/2018 04:00:00 AM,1,0,1
01/31/2018 05:00:00 AM,12,9,3
01/31/2018 06:00:00 AM,26,16,10
01/31/2018 07:00:00 AM,57,34,23
01/31/2018 08:00:00 AM,67,28,39
01/31/2018 09:00:00 AM,61,32,29
01/31/2018 10:00:00 AM,24,15,9
01/31/2018 11:00:00 AM,23,12,11
01/31/2018 12:00:00 PM,20,12,8
01/31/2018 01:00:00 PM,27,11,16
01/31/2018 02:00:00 PM,21,10,11
01/31/2018 03:00:00 PM,37,8,29
01/31/2018 04:00:00 PM,84,28,56
01/31/2018 05:00:00 PM,115,42,73
01/31/2018 06:00:00 PM,68,22,46
01/31/2018 07:00:00 PM,30,14,16
01/31/2018 08:00:00 PM,21,13,8
01/31/2018 09:00:00 PM,15,6,9
01/31/2018 10:00:00 PM,6,4,2
01/31/2018 11:00:00 PM,4,1,3
02/01/2018 12:00:00 AM,3,2,1
02/01/2018 01:00:00 AM,0,0,0
02/01/2018 02:00:00 AM,1,1,0
02/01/2018 03:00:00 AM,2,1,1
02/01/2018 04:00:00 AM,1,0,1
02/01/2018 05:00:00 AM,10,8,2
02/01/2018 06:00:00 AM,26,15,11
02/01/2018 07:00:00 AM,44,20,24
02/01/2018 08:00:00 AM,86,40,46
02/01/2018 09:00:00 AM,42,19,23
02/01/2018 10:00:00 AM,16,5,11
02/01/2018 11:00:00 AM,11,5,6
02/01/2018 12:00:00 PM,26,15,11
02/01/2018 01:00:00 PM,17,10,7
02/01/2018 02:00:00 PM,26,9,17
02/01/2018 03:00:00 PM,31,9,22
02/01/2018 04:00:00 PM,67,22,45
02/01/2018 05:00:00 PM,88,29,59
02/01/2018 06:00:00 PM,41,16,25
02/01/2018 07:00:00 PM,22,9,13
02/01/2018 08:00:00 PM,13,8,5
02/01/2018 09:00:00 PM,7,2,5
02/01/2018 10:00:00 PM,8,2,6
02/01/2018 11:00:00 PM,9,7,2
02/02/2018 12:00:00 AM,4,1,3
02/02/2018 01:00:00 AM,1,1,0
02/02/2018 02:00:00 AM,1,1,0
02/02/2018 03:00:00 AM,1,1,0
02/02/2018 04:00:00 AM,2,1,1
02/02/2018 05:00:00 AM,8,5,3
02/02/2018 06:00:00 AM,23,10,13
02/02/2018 07:00:00 AM,38,16,22
02/02/2018 08:00:00 AM,68,27,41
02/02/2018 09:00:00 AM,47,20,27
02/02/2018 10:00:00 AM,21,9,12
02/02/2018 11:00:00 AM,25,15,10
02/02/2018 12:00:00 PM,30,11,19
02/02/2018 01:00:00 PM,28,11,17
02/02/2018 02:00:00 PM,19,8,11
02/02/2018 03:00:00 PM,45,13,32
02/02/2018 04:00:00 PM,83,30,53
02/02/2018 05:00:00 PM,106,36,70
02/02/2018 06:00:00 PM,43,15,28
02/02/2018 07:00:00 PM,19,6,13
02/02/2018 08:00:00 PM,15,8,7
02/02/2018 09:00:00 PM,9,5,4
02/02/2018 10:00:00 PM,3,0,3
02/02/2018 11:00:00 PM,4,1,3
02/03/2018 12:00:00 AM,3,1,2
02/03/2018 01:00:00 AM,1,0,1
02/03/2018 02:00:00 AM,1,1,0
02/03/2018 03:00:00 AM,0,0,0
02/03/2018 04:00:00 AM,2,0,2
02/03/2018 05:00:00 AM,5,2,3
02/03/2018 06:00:00 AM,5,0,5
02/03/2018 07:00:00 AM,5,5,0
02/03/2018 08:00:00 AM,8,3,5
02/03/2018 09:00:00 AM,10,1,9
02/03/2018 10:00:00 AM,11,8,3
02/03/2018 11:00:00 AM,9,6,3
02/03/2018 12:00:00 PM,18,4,14
02/03/2018 01:00:00 PM,21,11,10
02/03/2018 02:00:00 PM,21,12,9
02/03/2018 03:00:00 PM,13,6,7
02/03/2018 04:00:00 PM,14,6,8
02/03/2018 05:00:00 PM,12,6,6
02/03/2018 06:00:00 PM,5,2,3
02/03/2018 07:00:00 PM,3,2,1
02/03/2018 08:00:00 PM,13,6,7
02/03/2018 09:00:00 PM,3,2,1
02/03/2018 10:00:00 PM,2,2,0
02/03/2018 11:00:00 PM,3,1,2
02/04/2018 12:00:00 AM,1,1,0
02/04/2018 01:00:00 AM,1,0,1
02/04/2018 02:00:00 AM,0,0,0
02/04/2018 03:00:00 AM,2,1,1
02/04/2018 04:00:00 AM,0,0,0
02/04/2018 05:00:00 AM,1,0,1
02/04/2018 06:00:00 AM,0,0,0
02/04/2018 07:00:00 AM,7,3,4
02/04/2018 08:00:00 AM,7,4,3
02/04/2018 09:00:00 AM,6,3,3
02/04/2018 10:00:00 AM,6,2,4
02/04/2018 11:00:00 AM,6,4,2
02/04/2018 12:00:00 PM,13,6,7
02/04/2018 01:00:00 PM,18,9,9
02/04/2018 02:00:00 PM,17,6,11
02/04/2018 03:00:00 PM,19,10,9
02/04/2018 04:00:00 PM,13,4,9
02/04/2018 05:00:00 PM,8,3,5
02/04/2018 06:00:00 PM,3,1,2
02/04/2018 07:00:00 PM,11,5,6
02/04/2018 08:00:00 PM,5,1,4
02/04/2018 09:00:00 PM,4,1,3
02/04/2018 10:00:00 PM,5,3,2
02/04/2018 11:00:00 PM,3,2,1
02/05/2018 12:00:00 AM,3,1,2
02/05/2018 01:00:00 AM,0,0,0
02/05/2018 02:00:00 AM,1,1,0
02/05/2018 03:00:00 AM,0,0,0
02/05/2018 04:00:00 AM,3,1,2
02/05/2018 05:00:00 AM,15,10,5
02/05/2018 06:00:00 AM,35,22,13
02/05/2018 07:00:00 AM,52,32,20
02/05/2018 08:00:00 AM,110,52,58
02/05/2018 09:00:00 AM,65,32,33
02/05/2018 10:00:00 AM,18,7,11
02/05/2018 11:00:00 AM,28,13,15
02/05/2018 12:00:00 PM,15,10,5
02/05/2018 01:00:00 PM,24,12,12
02/05/2018 02:00:00 PM,23,7,16
02/05/2018 03:00:00 PM,48,14,34
02/05/2018 04:00:00 PM,87,23,64
02/05/2018 05:00:00 PM,141,60,81
02/05/2018 06:00:00 PM,67,18,49
02/05/2018 07:00:00 PM,22,9,13
02/05/2018 08:00:00 PM,7,2,5
02/05/2018 09:00:00 PM,10,4,6
02/05/2018 10:00:00 PM,2,1,1
02/05/2018 11:00:00 PM,0,0,0
02/06/2018 12:00:00 AM,2,1,1
02/06/2018 01:00:00 AM,2,2,0
02/06/2018 02:00:00 AM,2,1,1
02/06/2018 03:00:00 AM,0,0,0
02/06/2018 04:00:00 AM,3,2,1
02/06/2018 05:00:00 AM,14,8,6
02/06/2018 06:00:00 AM,40,26,14
02/06/2018 07:00:00 AM,62,34,28
02/06/2018 08:00:00 AM,97,52,45
02/06/2018 09:00:00 AM,60,27,33
02/06/2018 10:00:00 AM,21,12,9
02/06/2018 11:00:00 AM,29,16,13
02/06/2018 12:00:00 PM,26,19,7
02/06/2018 01:00:00 PM,32,17,15
02/06/2018 02:00:00 PM,25,12,13
02/06/2018 03:00:00 PM,41,10,31
02/06/2018 04:00:00 PM,105,33,72
02/06/2018 05:00:00 PM,119,38,81
02/06/2018 06:00:00 PM,72,29,43
02/06/2018 07:00:00 PM,22,10,12
02/06/2018 08:00:00 PM,14,6,8
02/06/2018 09:00:00 PM,8,4,4
02/06/2018 10:00:00 PM,6,1,5
02/06/2018 11:00:00 PM,4,2,2
02/07/2018 12:00:00 AM,0,0,0
02/07/2018 01:00:00 AM,2,1,1
02/07/2018 02:00:00 AM,0,0,0
02/07/2018 03:00:00 AM,1,1,0
02/07/2018 04:00:00 AM,2,1,1
02/07/2018 05:00:00 AM,13,10,3
02/07/2018 06:00:00 AM,36,25,11
02/07/2018 07:00:00 AM,54,34,20
02/07/2018 08:00:00 AM,95,45,50
02/07/2018 09:00:00 AM,73,37,36
02/07/2018 10:00:00 AM,19,8,11
02/07/2018 11:00:00 AM,19,5,14
02/07/2018 12:00:00 PM,31,17,14
02/07/2018 01:00:00 PM,27,10,17
02/07/2018 02:00:00 PM,27,10,17
02/07/2018 03:00:00 PM,44,10,34
02/07/2018 04:00:00 PM,87,26,61
02/07/2018 05:00:00 PM,153,48,105
02/07/2018 06:00:00 PM,71,19,52
02/07/2018 07:00:00 PM,32,11,21
02/07/2018 08:00:00 PM,15,8,7
02/07/2018 09:00:00 PM,14,10,4
02/07/2018 10:00:00 PM,4,3,1
02/07/2018 11:00:00 PM,1,1,0
02/08/2018 12:00:00 AM,1,1,0
02/08/2018 01:00:00 AM,1,0,1
02/08/2018 02:00:00 AM,2,1,1
02/08/2018 03:00:00 AM,0,0,0
02/08/2018 04:00:00 AM,1,0,1
02/08/2018 05:00:00 AM,12,10,2
02/08/2018 06:00:00 AM,34,19,15
02/08/2018 07:00:00 AM,58,27,31
02/08/2018 08:00:00 AM,88,37,51
02/08/2018 09:00:00 AM,54,25,29
02/08/2018 10:00:00 AM,19,13,6
02/08/2018 11:00:00 AM,32,13,19
02/08/2018 12:00:00 PM,28,13,15
02/08/2018 01:00:00 PM,12,6,6
02/08/2018 02:00:00 PM,27,12,15
02/08/2018 03:00:00 PM,49,18,31
02/08/2018 04:00:00 PM,85,30,55
02/08/2018 05:00:00 PM,110,33,77
02/08/2018 06:00:00 PM,56,14,42
02/08/2018 07:00:00 PM,26,6,20
02/08/2018 08:00:00 PM,12,8,4
02/08/2018 09:00:00 PM,8,3,5
02/08/2018 10:00:00 PM,3,0,3
02/08/2018 11:00:00 PM,4,2,2
02/09/2018 12:00:00 AM,3,2,1
02/09/2018 01:00:00 AM,0,0,0
02/09/2018 02:00:00 AM,0,0,0
02/09/2018 03:00:00 AM,0,0,0
02/09/2018 04:00:00 AM,4,1,3
02/09/2018 05:00:00 AM,17,11,6
02/09/2018 06:00:00 AM,27,15,12
02/09/2018 07:00:00 AM,47,21,26
02/09/2018 08:00:00 AM,86,42,44
02/09/2018 09:00:00 AM,48,24,24
02/09/2018 10:00:00 AM,24,13,11
02/09/2018 11:00:00 AM,35,16,19
02/09/2018 12:00:00 PM,35,15,20
02/09/2018 01:00:00 PM,27,12,15
02/09/2018 02:00:00 PM,28,12,16
02/09/2018 03:00:00 PM,56,22,34
02/09/2018 04:00:00 PM,92,36,56
02/09/2018 05:00:00 PM,115,42,73
02/09/2018 06:00:00 PM,60,18,42
02/09/2018 07:00:00 PM,20,9,11
02/09/2018 08:00:00 PM,10,4,6
02/09/2018 09:00:00 PM,4,1,3
02/09/2018 10:00:00 PM,6,2,4
02/09/2018 11:00:00 PM,4,1,3
02/10/2018 12:00:00 AM,1,0,1
02/10/2018 01:00:00 AM,0,0,0
02/10/2018 02:00:00 AM,2,2,0
02/10/2018 03:00:00 AM,0,0,0
02/10/2018 04:00:00 AM,0,0,0
02/10/2018 05:00:00 AM,1,1,0
02/10/2018 06:00:00 AM,2,0,2
02/10/2018 07:00:00 AM,5,3,2
02/10/2018 08:00:00 AM,8,6,2
02/10/2018 09:00:00 AM,13,3,10
02/10/2018 10:00:00 AM,17,11,6
02/10/2018 11:00:00 AM,21,7,14
02/10/2018 12:00:00 PM,30,11,19
02/10/2018 01:00:00 PM,36,13,23
02/10/2018 02:00:00 PM,26,17,9
02/10/2018 03:00:00 PM,22,11,11
02/10/2018 04:00:00 PM,29,16,13
02/10/2018 05:00:00 PM,27,12,15
02/10/2018 06:00:00 PM,15,8,7
02/10/2018 07:00:00 PM,4,1,3
02/10/2018 08:00:00 PM,7,2,5
02/10/2018 09:00:00 PM,5,2,3
02/10/2018 10:00:00 PM,11,6,5
02/10/2018 11:00:00 PM,6,2,4
02/11/2018 12:00:00 AM,1,0,1
02/11/2018 01:00:00 AM,3,1,2
02/11/2018 02:00:00 AM,1,1,0
02/11/2018 03:00:00 AM,0,0,0
02/11/2018 04:00:00 AM,0,0,0
02/11/2018 05:00:00 AM,2,0,2
02/11/2018 06:00:00 AM,0,0,0
02/11/2018 07:00:00 AM,2,1,1
02/11/2018 08:00:00 AM,7,4,3
02/11/2018 09:00:00 AM,7,6,1
02/11/2018 10:00:00 AM,10,3,7
02/11/2018 11:00:00 AM,26,8,18
02/11/2018 12:00:00 PM,24,11,13
02/11/2018 01:00:00 PM,18,10,8
02/11/2018 02:00:00 PM,20,9,11
02/11/2018 03:00:00 PM,22,13,9
02/11/2018 04:00:00 PM,23,15,8
02/11/2018 05:00:00 PM,13,7,6
02/11/2018 06:00:00 PM,13,11,2
02/11/2018 07:00:00 PM,5,4,1
02/11/2018 08:00:00 PM,7,5,2
02/11/2018 09:00:00 PM,4,1,3
02/11/2018 10:00:00 PM,5,2,3
02/11/2018 11:00:00 PM,2,1,1
02/12/2018 12:00:00 AM,1,1,0
02/12/2018 01:00:00 AM,0,0,0
02/12/2018 02:00:00 AM,1,1,0
02/12/2018 03:00:00 AM,0,0,0
02/12/2018 04:00:00 AM,3,0,3
02/12/2018 05:00:00 AM,17,10,7
02/12/2018 06:00:00 AM,31,17,14
02/12/2018 07:00:00 AM,58,28,30
02/12/2018 08:00:00 AM,110,53,57
02/12/2018 09:00:00 AM,74,34,40
02/12/2018 10:00:00 AM,32,20,12
02/12/2018 11:00:00 AM,28,17,11
02/12/2018 12:00:00 PM,33,18,15
02/12/2018 01:00:00 PM,25,14,11
02/12/2018 02:00:00 PM,30,13,17
02/12/2018 03:00:00 PM,41,10,31
02/12/2018 04:00:00 PM,89,34,55
02/12/2018 05:00:00 PM,131,43,88
02/12/2018 06:00:00 PM,69,20,49
02/12/2018 07:00:00 PM,33,16,17
02/12/2018 08:00:00 PM,16,4,12
02/12/2018 09:00:00 PM,7,2,5
02/12/2018 10:00:00 PM,8,4,4
02/12/2018 11:00:00 PM,2,1,1
02/13/2018 12:00:00 AM,1,1,0
02/13/2018 01:00:00 AM,3,2,1
02/13/2018 02:00:00 AM,3,2,1
02/13/2018 03:00:00 AM,2,1,1
02/13/2018 04:00:00 AM,2,1,1
02/13/2018 05:00:00 AM,9,7,2
02/13/2018 06:00:00 AM,33,15,18
02/13/2018 07:00:00 AM,55,27,28
02/13/2018 08:00:00 AM,106,47,59
02/13/2018 09:00:00 AM,49,25,24
02/13/2018 10:00:00 AM,28,12,16
02/13/2018 11:00:00 AM,23,12,11
02/13/2018 12:00:00 PM,43,21,22
02/13/2018 01:00:00 PM,28,16,12
02/13/2018 02:00:00 PM,30,13,17
02/13/2018 03:00:00 PM,48,11,37
02/13/2018 04:00:00 PM,103,25,78
02/13/2018 05:00:00 PM,122,50,72
02/13/2018 06:00:00 PM,65,25,40
02/13/2018 07:00:00 PM,20,6,14
02/13/2018 08:00:00 PM,5,4,1
02/13/2018 09:00:00 PM,15,7,8
02/13/2018 10:00:00 PM,1,1,0
02/13/2018 11:00:00 PM,3,1,2
02/14/2018 12:00:00 AM,1,0,1
02/14/2018 01:00:00 AM,0,0,0
02/14/2018 02:00:00 AM,2,1,1
02/14/2018 03:00:00 AM,0,0,0
02/14/2018 04:00:00 AM,2,1,1
02/14/2018 05:00:00 AM,12,9,3
02/14/2018 06:00:00 AM,29,16,13
02/14/2018 07:00:00 AM,37,20,17
02/14/2018 08:00:00 AM,82,37,45
02/14/2018 09:00:00 AM,42,20,22
02/14/2018 10:00:00 AM,20,9,11
02/14/2018 11:00:00 AM,33,17,16
02/14/2018 12:00:00 PM,31,19,12
02/14/2018 01:00:00 PM,18,11,7
02/14/2018 02:00:00 PM,26,11,15
02/14/2018 03:00:00 PM,33,9,24
02/14/2018 04:00:00 PM,92,38,54
02/14/2018 05:00:00 PM,111,37,74
02/14/2018 06:00:00 PM,65,23,42
02/14/2018 07:00:00 PM,21,8,13
02/14/2018 08:00:00 PM,10,2,8
02/14/2018 09:00:00 PM,3,1,2
02/14/2018 10:00:00 PM,4,1,3
02/14/2018 11:00:00 PM,2,0,2
02/15/2018 12:00:00 AM,1,0,1
02/15/2018 01:00:00 AM,2,2,0
02/15/2018 02:00:00 AM,0,0,0
02/15/2018 03:00:00 AM,1,1,0
02/15/2018 04:00:00 AM,2,1,1
02/15/2018 05:00:00 AM,12,9,3
02/15/2018 06:00:00 AM,29,14,15
02/15/2018 07:00:00 AM,55,29,26
02/15/2018 08:00:00 AM,100,44,56
02/15/2018 09:00:00 AM,56,22,34
02/15/2018 10:00:00 AM,29,18,11
02/15/2018 11:00:00 AM,32,14,18
02/15/2018 12:00:00 PM,28,13,15
02/15/2018 01:00:00 PM,22,9,13
02/15/2018 02:00:00 PM,25,16,9
02/15/2018 03:00:00 PM,41,6,35
02/15/2018 04:00:00 PM,93,25,68
02/15/2018 05:00:00 PM,133,50,83
02/15/2018 06:00:00 PM,59,23,36
02/15/2018 07:00:00 PM,27,8,19
02/15/2018 08:00:00 PM,15,7,8
02/15/2018 09:00:00 PM,6,2,4
02/15/2018 10:00:00 PM,7,6,1
02/15/2018 11:00:00 PM,1,0,1
02/16/2018 12:00:00 AM,4,2,2
02/16/2018 01:00:00 AM,1,0,1
02/16/2018 02:00:00 AM,0,0,0
02/16/2018 03:00:00 AM,0,0,0
02/16/2018 04:00:00 AM,2,0,2
02/16/2018 05:00:00 AM,11,10,1
02/16/2018 06:00:00 AM,18,10,8
02/16/2018 07:00:00 AM,37,20,17
02/16/2018 08:00:00 AM,67,30,37
02/16/2018 09:00:00 AM,47,30,17
02/16/2018 10:00:00 AM,24,11,13
02/16/2018 11:00:00 AM,22,11,11
02/16/2018 12:00:00 PM,33,18,15
02/16/2018 01:00:00 PM,28,7,21
02/16/2018 02:00:00 PM,22,10,12
02/16/2018 03:00:00 PM,48,16,32
02/16/2018 04:00:00 PM,75,36,39
02/16/2018 05:00:00 PM,108,38,70
02/16/2018 06:00:00 PM,41,17,24
02/16/2018 07:00:00 PM,23,9,14
02/16/2018 08:00:00 PM,13,5,8
02/16/2018 09:00:00 PM,7,4,3
02/16/2018 10:00:00 PM,7,5,2
02/16/2018 11:00:00 PM,1,0,1
02/17/2018 12:00:00 AM,3,2,1
02/17/2018 01:00:00 AM,4,1,3
02/17/2018 02:00:00 AM,2,0,2
02/17/2018 03:00:00 AM,3,2,1
02/17/2018 04:00:00 AM,0,0,0
02/17/2018 05:00:00 AM,0,0,0
02/17/2018 06:00:00 AM,4,1,3
02/17/2018 07:00:00 AM,4,3,1
02/17/2018 08:00:00 AM,4,4,0
02/17/2018 09:00:00 AM,2,1,1
02/17/2018 10:00:00 AM,7,2,5
02/17/2018 11:00:00 AM,14,7,7
02/17/2018 12:00:00 PM,8,4,4
02/17/2018 01:00:00 PM,14,7,7
02/17/2018 02:00:00 PM,15,10,5
02/17/2018 03:00:00 PM,18,7,11
02/17/2018 04:00:00 PM,12,10,2
02/17/2018 05:00:00 PM,15,11,4
02/17/2018 06:00:00 PM,11,5,6
02/17/2018 07:00:00 PM,6,2,4
02/17/2018 08:00:00 PM,5,2,3
02/17/2018 09:00:00 PM,7,3,4
02/17/2018 10:00:00 PM,3,2,1
02/17/2018 11:00:00 PM,4,1,3
02/18/2018 12:00:00 AM,1,0,1
02/18/2018 01:00:00 AM,0,0,0
02/18/2018 02:00:00 AM,0,0,0
02/18/2018 03:00:00 AM,2,1,1
02/18/2018 04:00:00 AM,0,0,0
02/18/2018 05:00:00 AM,0,0,0
02/18/2018 06:00:00 AM,3,0,3
02/18/2018 07:00:00 AM,1,1,0
02/18/2018 08:00:00 AM,1,0,1
02/18/2018 09:00:00 AM,7,4,3
02/18/2018 10:00:00 AM,4,3,1
02/18/2018 11:00:00 AM,11,6,5
02/18/2018 12:00:00 PM,10,6,4
02/18/2018 01:00:00 PM,5,3,2
02/18/2018 02:00:00 PM,4,1,3
02/18/2018 03:00:00 PM,7,4,3
02/18/2018 04:00:00 PM,7,2,5
02/18/2018 05:00:00 PM,8,4,4
02/18/2018 06:00:00 PM,4,0,4
02/18/2018 07:00:00 PM,5,2,3
02/18/2018 08:00:00 PM,4,2,2
02/18/2018 09:00:00 PM,2,2,0
02/18/2018 10:00:00 PM,1,1,0
02/18/2018 11:00:00 PM,4,3,1
02/19/2018 12:00:00 AM,1,1,0
02/19/2018 01:00:00 AM,1,1,0
02/19/2018 02:00:00 AM,0,0,0
02/19/2018 03:00:00 AM,0,0,0
02/19/2018 04:00:00 AM,0,0,0
02/19/2018 05:00:00 AM,4,3,1
02/19/2018 06:00:00 AM,13,7,6
02/19/2018 07:00:00 AM,17,10,7
02/19/2018 08:00:00 AM,20,14,6
02/19/2018 09:00:00 AM,23,13,10
02/19/2018 10:00:00 AM,27,10,17
02/19/2018 11:00:00 AM,15,9,6
02/19/2018 12:00:00 PM,15,8,7
02/19/2018 01:00:00 PM,17,9,8
02/19/2018 02:00:00 PM,16,6,10
02/19/2018 03:00:00 PM,23,10,13
02/19/2018 04:00:00 PM,27,6,21
02/19/2018 05:00:00 PM,37,17,20
02/19/2018 06:00:00 PM,18,2,16
02/19/2018 07:00:00 PM,14,7,7
02/19/2018 08:00:00 PM,8,3,5
02/19/2018 09:00:00 PM,5,1,4
02/19/2018 10:00:00 PM,3,0,3
02/19/2018 11:00:00 PM,1,0,1
02/20/2018 12:00:00 AM,3,2,1
02/20/2018 01:00:00 AM,1,1,0
02/20/2018 02:00:00 AM,1,1,0
02/20/2018 03:00:00 AM,0,0,0
02/20/2018 04:00:00 AM,1,0,1
02/20/2018 05:00:00 AM,5,5,0
02/20/2018 06:00:00 AM,25,12,13
02/20/2018 07:00:00 AM,43,23,20
02/20/2018 08:00:00 AM,66,26,40
02/20/2018 09:00:00 AM,34,12,22
02/20/2018 10:00:00 AM,19,11,8
02/20/2018 11:00:00 AM,21,12,9
02/20/2018 12:00:00 PM,24,17,7
02/20/2018 01:00:00 PM,20,13,7
02/20/2018 02:00:00 PM,20,7,13
02/20/2018 03:00:00 PM,26,9,17
02/20/2018 04:00:00 PM,59,22,37
02/20/2018 05:00:00 PM,81,29,52
02/20/2018 06:00:00 PM,56,17,39
02/20/2018 07:00:00 PM,17,9,8
02/20/2018 08:00:00 PM,10,6,4
02/20/2018 09:00:00 PM,7,2,5
02/20/2018 10:00:00 PM,6,3,3
02/20/2018 11:00:00 PM,1,1,0
02/21/2018 12:00:00 AM,0,0,0
02/21/2018 01:00:00 AM,1,0,1
02/21/2018 02:00:00 AM,1,0,1
02/21/2018 03:00:00 AM,0,0,0
02/21/2018 04:00:00 AM,0,0,0
02/21/2018 05:00:00 AM,8,5,3
02/21/2018 06:00:00 AM,25,14,11
02/21/2018 07:00:00 AM,43,19,24
02/21/2018 08:00:00 AM,66,28,38
02/21/2018 09:00:00 AM,49,19,30
02/21/2018 10:00:00 AM,30,17,13
02/21/2018 11:00:00 AM,28,15,13
02/21/2018 12:00:00 PM,13,9,4
02/21/2018 01:00:00 PM,21,10,11
02/21/2018 02:00:00 PM,21,10,11
02/21/2018 03:00:00 PM,32,12,20
02/21/2018 04:00:00 PM,62,19,43
02/21/2018 05:00:00 PM,92,36,56
02/21/2018 06:00:00 PM,47,21,26
02/21/2018 07:00:00 PM,23,8,15
02/21/2018 08:00:00 PM,13,5,8
02/21/2018 09:00:00 PM,3,1,2
02/21/2018 10:00:00 PM,2,0,2
02/21/2018 11:00:00 PM,2,2,0
02/22/2018 12:00:00 AM,1,1,0
02/22/2018 01:00:00 AM,0,0,0
02/22/2018 02:00:00 AM,0,0,0
02/22/2018 03:00:00 AM,0,0,0
02/22/2018 04:00:00 AM,0,0,0
02/22/2018 05:00:00 AM,7,5,2
02/22/2018 06:00:00 AM,14,8,6
02/22/2018 07:00:00 AM,14,9,5
02/22/2018 08:00:00 AM,29,17,12
02/22/2018 09:00:00 AM,14,3,11
02/22/2018 10:00:00 AM,15,8,7
02/22/2018 11:00:00 AM,14,6,8
02/22/2018 12:00:00 PM,18,10,8
02/22/2018 01:00:00 PM,18,10,8
02/22/2018 02:00:00 PM,13,6,7
02/22/2018 03:00:00 PM,21,5,16
02/22/2018 04:00:00 PM,36,8,28
02/22/2018 05:00:00 PM,44,21,23
02/22/2018 06:00:00 PM,25,11,14
02/22/2018 07:00:00 PM,16,5,11
02/22/2018 08:00:00 PM,7,4,3
02/22/2018 09:00:00 PM,6,3,3
02/22/2018 10:00:00 PM,7,2,5
02/22/2018 11:00:00 PM,3,2,1
02/23/2018 12:00:00 AM,1,1,0
02/23/2018 01:00:00 AM,1,0,1
02/23/2018 02:00:00 AM,0,0,0
02/23/2018 03:00:00 AM,0,0,0
02/23/2018 04:00:00 AM,2,1,1
02/23/2018 05:00:00 AM,5,3,2
02/23/2018 06:00:00 AM,14,10,4
02/23/2018 07:00:00 AM,30,16,14
02/23/2018 08:00:00 AM,42,14,28
02/23/2018 09:00:00 AM,27,12,15
02/23/2018 10:00:00 AM,19,9,10
02/23/2018 11:00:00 AM,21,11,10
02/23/2018 12:00:00 PM,20,12,8
02/23/2018 01:00:00 PM,17,5,12
02/23/2018 02:00:00 PM,19,10,9
02/23/2018 03:00:00 PM,37,11,26
02/23/2018 04:00:00 PM,51,13,38
02/23/2018 05:00:00 PM,56,24,32
02/23/2018 06:00:00 PM,18,10,8
02/23/2018 07:00:00 PM,9,3,6
02/23/2018 08:00:00 PM,8,4,4
02/23/2018 09:00:00 PM,4,2,2
02/23/2018 10:00:00 PM,3,0,3
02/23/2018 11:00:00 PM,3,1,2
02/24/2018 12:00:00 AM,1,1,0
02/24/2018 01:00:00 AM,0,0,0
02/24/2018 02:00:00 AM,2,0,2
02/24/2018 03:00:00 AM,1,1,0
02/24/2018 04:00:00 AM,0,0,0
02/24/2018 05:00:00 AM,1,0,1
02/24/2018 06:00:00 AM,2,0,2
02/24/2018 07:00:00 AM,2,2,0
02/24/2018 08:00:00 AM,5,4,1
02/24/2018 09:00:00 AM,7,4,3
02/24/2018 10:00:00 AM,8,6,2
02/24/2018 11:00:00 AM,4,3,1
02/24/2018 12:00:00 PM,10,4,6
02/24/2018 01:00:00 PM,12,6,6
02/24/2018 02:00:00 PM,16,4,12
02/24/2018 03:00:00 PM,14,3,11
02/24/2018 04:00:00 PM,23,8,15
02/24/2018 05:00:00 PM,19,2,17
02/24/2018 06:00:00 PM,11,6,5
02/24/2018 07:00:00 PM,13,5,8
02/24/2018 08:00:00 PM,9,5,4
02/24/2018 09:00:00 PM,5,0,5
02/24/2018 10:00:00 PM,3,2,1
02/24/2018 11:00:00 PM,5,3,2
02/25/2018 12:00:00 AM,0,0,0
02/25/2018 01:00:00 AM,3,1,2
02/25/2018 02:00:00 AM,1,0,1
02/25/2018 03:00:00 AM,1,1,0
02/25/2018 04:00:00 AM,0,0,0
02/25/2018 05:00:00 AM,0,0,0
02/25/2018 06:00:00 AM,4,2,2
02/25/2018 07:00:00 AM,15,3,12
02/25/2018 08:00:00 AM,25,5,20
02/25/2018 09:00:00 AM,13,5,8
02/25/2018 10:00:00 AM,8,6,2
02/25/2018 11:00:00 AM,9,2,7
02/25/2018 12:00:00 PM,16,7,9
02/25/2018 01:00:00 PM,28,19,9
02/25/2018 02:00:00 PM,48,38,10
02/25/2018 03:00:00 PM,21,15,6
02/25/2018 04:00:00 PM,16,13,3
02/25/2018 05:00:00 PM,17,9,8
02/25/2018 06:00:00 PM,8,5,3
02/25/2018 07:00:00 PM,14,8,6
02/25/2018 08:00:00 PM,2,0,2
02/25/2018 09:00:00 PM,7,2,5
02/25/2018 10:00:00 PM,2,1,1
02/25/2018 11:00:00 PM,1,0,1
02/26/2018 12:00:00 AM,1,1,0
02/26/2018 01:00:00 AM,0,0,0
02/26/2018 02:00:00 AM,2,1,1
02/26/2018 03:00:00 AM,1,1,0
02/26/2018 04:00:00 AM,1,1,0
02/26/2018 05:00:00 AM,14,11,3
02/26/2018 06:00:00 AM,26,16,10
02/26/2018 07:00:00 AM,61,29,32
02/26/2018 08:00:00 AM,93,47,46
02/26/2018 09:00:00 AM,54,25,29
02/26/2018 10:00:00 AM,20,8,12
02/26/2018 11:00:00 AM,14,7,7
02/26/2018 12:00:00 PM,28,17,11
02/26/2018 01:00:00 PM,31,17,14
02/26/2018 02:00:00 PM,34,18,16
02/26/2018 03:00:00 PM,35,9,26
02/26/2018 04:00:00 PM,88,28,60
02/26/2018 05:00:00 PM,127,50,77
02/26/2018 06:00:00 PM,57,25,32
02/26/2018 07:00:00 PM,29,12,17
02/26/2018 08:00:00 PM,12,5,7
02/26/2018 09:00:00 PM,5,1,4
02/26/2018 10:00:00 PM,6,3,3
02/26/2018 11:00:00 PM,5,1,4
02/27/2018 12:00:00 AM,3,3,0
02/27/2018 01:00:00 AM,0,0,0
02/27/2018 02:00:00 AM,3,2,1
02/27/2018 03:00:00 AM,1,1,0
02/27/2018 04:00:00 AM,1,0,1
02/27/2018 05:00:00 AM,16,10,6
02/27/2018 06:00:00 AM,29,14,15
02/27/2018 07:00:00 AM,62,31,31
02/27/2018 08:00:00 AM,113,55,58
02/27/2018 09:00:00 AM,52,24,28
02/27/2018 10:00:00 AM,25,13,12
02/27/2018 11:00:00 AM,26,14,12
02/27/2018 12:00:00 PM,17,9,8
02/27/2018 01:00:00 PM,26,14,12
02/27/2018 02:00:00 PM,19,12,7
02/27/2018 03:00:00 PM,46,12,34
02/27/2018 04:00:00 PM,70,23,47
02/27/2018 05:00:00 PM,106,41,65
02/27/2018 06:00:00 PM,62,26,36
02/27/2018 07:00:00 PM,28,9,19
02/27/2018 08:00:00 PM,4,2,2
02/27/2018 09:00:00 PM,7,3,4
02/27/2018 10:00:00 PM,4,3,1
02/27/2018 11:00:00 PM,4,2,2
02/28/2018 12:00:00 AM,3,1,2
02/28/2018 01:00:00 AM,2,1,1
02/28/2018 02:00:00 AM,0,0,0
02/28/2018 03:00:00 AM,1,1,0
02/28/2018 04:00:00 AM,1,1,0
02/28/2018 05:00:00 AM,8,7,1
02/28/2018 06:00:00 AM,35,21,14
02/28/2018 07:00:00 AM,48,19,29
02/28/2018 08:00:00 AM,88,40,48
02/28/2018 09:00:00 AM,51,22,29
02/28/2018 10:00:00 AM,16,6,10
02/28/2018 11:00:00 AM,28,8,20
02/28/2018 12:00:00 PM,20,9,11
02/28/2018 01:00:00 PM,15,9,6
02/28/2018 02:00:00 PM,19,11,8
02/28/2018 03:00:00 PM,31,10,21
02/28/2018 04:00:00 PM,63,26,37
02/28/2018 05:00:00 PM,97,29,68
02/28/2018 06:00:00 PM,45,17,28
02/28/2018 07:00:00 PM,18,7,11
02/28/2018 08:00:00 PM,16,5,11
02/28/2018 09:00:00 PM,2,1,1
02/28/2018 10:00:00 PM,3,2,1
02/28/2018 11:00:00 PM,2,1,1
03/01/2018 12:00:00 AM,1,1,0
03/01/2018 01:00:00 AM,2,2,0
03/01/2018 02:00:00 AM,1,1,0
03/01/2018 03:00:00 AM,0,0,0
03/01/2018 04:00:00 AM,0,0,0
03/01/2018 05:00:00 AM,13,8,5
03/01/2018 06:00:00 AM,34,21,13
03/01/2018 07:00:00 AM,55,25,30
03/01/2018 08:00:00 AM,98,37,61
03/01/2018 09:00:00 AM,60,27,33
03/01/2018 10:00:00 AM,30,16,14
03/01/2018 11:00:00 AM,17,8,9
03/01/2018 12:00:00 PM,34,15,19
03/01/2018 01:00:00 PM,19,11,8
03/01/2018 02:00:00 PM,36,16,20
03/01/2018 03:00:00 PM,55,12,43
03/01/2018 04:00:00 PM,122,38,84
03/01/2018 05:00:00 PM,143,45,98
03/01/2018 06:00:00 PM,100,34,66
03/01/2018 07:00:00 PM,34,15,19
03/01/2018 08:00:00 PM,26,12,14
03/01/2018 09:00:00 PM,27,16,11
03/01/2018 10:00:00 PM,9,6,3
03/01/2018 11:00:00 PM,2,1,1
03/02/2018 12:00:00 AM,1,1,0
03/02/2018 01:00:00 AM,2,1,1
03/02/2018 02:00:00 AM,1,1,0
03/02/2018 03:00:00 AM,0,0,0
03/02/2018 04:00:00 AM,2,0,2
03/02/2018 05:00:00 AM,9,6,3
03/02/2018 06:00:00 AM,32,16,16
03/02/2018 07:00:00 AM,46,24,22
03/02/2018 08:00:00 AM,79,39,40
03/02/2018 09:00:00 AM,54,24,30
03/02/2018 10:00:00 AM,22,11,11
03/02/2018 11:00:00 AM,26,11,15
03/02/2018 12:00:00 PM,31,13,18
03/02/2018 01:00:00 PM,38,21,17
03/02/2018 02:00:00 PM,27,13,14
03/02/2018 03:00:00 PM,43,16,27
03/02/2018 04:00:00 PM,88,27,61
03/02/2018 05:00:00 PM,113,49,64
03/02/2018 06:00:00 PM,46,15,31
03/02/2018 07:00:00 PM,24,11,13
03/02/2018 08:00:00 PM,11,5,6
03/02/2018 09:00:00 PM,9,3,6
03/02/2018 10:00:00 PM,12,5,7
03/02/2018 11:00:00 PM,5,0,5
03/03/2018 12:00:00 AM,6,5,1
03/03/2018 01:00:00 AM,0,0,0
03/03/2018 02:00:00 AM,2,2,0
03/03/2018 03:00:00 AM,1,0,1
03/03/2018 04:00:00 AM,0,0,0
03/03/2018 05:00:00 AM,0,0,0
03/03/2018 06:00:00 AM,8,3,5
03/03/2018 07:00:00 AM,6,4,2
03/03/2018 08:00:00 AM,10,7,3
03/03/2018 09:00:00 AM,10,2,8
03/03/2018 10:00:00 AM,24,15,9
03/03/2018 11:00:00 AM,29,17,12
03/03/2018 12:00:00 PM,33,11,22
03/03/2018 01:00:00 PM,44,18,26
03/03/2018 02:00:00 PM,28,15,13
03/03/2018 03:00:00 PM,25,7,18
03/03/2018 04:00:00 PM,40,19,21
03/03/2018 05:00:00 PM,21,12,9
03/03/2018 06:00:00 PM,20,8,12
03/03/2018 07:00:00 PM,15,4,11
03/03/2018 08:00:00 PM,7,1,6
03/03/2018 09:00:00 PM,6,2,4
03/03/2018 10:00:00 PM,2,0,2
03/03/2018 11:00:00 PM,4,1,3
03/04/2018 12:00:00 AM,6,2,4
03/04/2018 01:00:00 AM,1,0,1
03/04/2018 02:00:00 AM,3,1,2
03/04/2018 03:00:00 AM,2,2,0
03/04/2018 04:00:00 AM,0,0,0
03/04/2018 05:00:00 AM,1,0,1
03/04/2018 06:00:00 AM,2,0,2
03/04/2018 07:00:00 AM,3,1,2
03/04/2018 08:00:00 AM,7,1,6
03/04/2018 09:00:00 AM,12,3,9
03/04/2018 10:00:00 AM,10,5,5
03/04/2018 11:00:00 AM,22,11,11
03/04/2018 12:00:00 PM,30,8,22
03/04/2018 01:00:00 PM,31,6,25
03/04/2018 02:00:00 PM,23,11,12
03/04/2018 03:00:00 PM,24,15,9
03/04/2018 04:00:00 PM,29,22,7
03/04/2018 05:00:00 PM,8,3,5
03/04/2018 06:00:00 PM,9,2,7
03/04/2018 07:00:00 PM,10,5,5
03/04/2018 08:00:00 PM,5,3,2
03/04/2018 09:00:00 PM,5,3,2
03/04/2018 10:00:00 PM,1,1,0
03/04/2018 11:00:00 PM,2,1,1
03/05/2018 12:00:00 AM,3,2,1
03/05/2018 01:00:00 AM,0,0,0
03/05/2018 02:00:00 AM,1,1,0
03/05/2018 03:00:00 AM,0,0,0
03/05/2018 04:00:00 AM,1,0,1
03/05/2018 05:00:00 AM,15,9,6
03/05/2018 06:00:00 AM,47,27,20
03/05/2018 07:00:00 AM,64,29,35
03/05/2018 08:00:00 AM,101,44,57
03/05/2018 09:00:00 AM,57,35,22
03/05/2018 10:00:00 AM,25,15,10
03/05/2018 11:00:00 AM,20,5,15
03/05/2018 12:00:00 PM,27,14,13
03/05/2018 01:00:00 PM,27,14,13
03/05/2018 02:00:00 PM,23,9,14
03/05/2018 03:00:00 PM,53,19,34
03/05/2018 04:00:00 PM,87,32,55
03/05/2018 05:00:00 PM,137,48,89
03/05/2018 06:00:00 PM,69,34,35
03/05/2018 07:00:00 PM,23,12,11
03/05/2018 08:00:00 PM,8,2,6
03/05/2018 09:00:00 PM,11,3,8
03/05/2018 10:00:00 PM,8,3,5
03/05/2018 11:00:00 PM,1,0,1
03/06/2018 12:00:00 AM,2,1,1
03/06/2018 01:00:00 AM,3,2,1
03/06/2018 02:00:00 AM,1,1,0
03/06/2018 03:00:00 AM,0,0,0
03/06/2018 04:00:00 AM,0,0,0
03/06/2018 05:00:00 AM,10,7,3
03/06/2018 06:00:00 AM,45,27,18
03/06/2018 07:00:00 AM,78,37,41
03/06/2018 08:00:00 AM,121,48,73
03/06/2018 09:00:00 AM,79,40,39
03/06/2018 10:00:00 AM,21,8,13
03/06/2018 11:00:00 AM,32,14,18
03/06/2018 12:00:00 PM,37,18,19
03/06/2018 01:00:00 PM,46,23,23
03/06/2018 02:00:00 PM,31,17,14
03/06/2018 03:00:00 PM,53,11,42
03/06/2018 04:00:00 PM,115,34,81
03/06/2018 05:00:00 PM,161,63,98
03/06/2018 06:00:00 PM,67,28,39
03/06/2018 07:00:00 PM,32,16,16
03/06/2018 08:00:00 PM,23,11,12
03/06/2018 09:00:00 PM,9,2,7
03/06/2018 10:00:00 PM,5,2,3
03/06/2018 11:00:00 PM,5,1,4
03/07/2018 12:00:00 AM,4,1,3
03/07/2018 01:00:00 AM,1,1,0
03/07/2018 02:00:00 AM,1,1,0
03/07/2018 03:00:00 AM,0,0,0
03/07/2018 04:00:00 AM,0,0,0
03/07/2018 05:00:00 AM,10,5,5
03/07/2018 06:00:00 AM,33,19,14
03/07/2018 07:00:00 AM,56,29,27
03/07/2018 08:00:00 AM,111,45,66
03/07/2018 09:00:00 AM,61,28,33
03/07/2018 10:00:00 AM,28,16,12
03/07/2018 11:00:00 AM,23,12,11
03/07/2018 12:00:00 PM,24,12,12
03/07/2018 01:00:00 PM,27,13,14
03/07/2018 02:00:00 PM,32,17,15
03/07/2018 03:00:00 PM,58,19,39
03/07/2018 04:00:00 PM,98,26,72
03/07/2018 05:00:00 PM,166,50,116
03/07/2018 06:00:00 PM,81,27,54
03/07/2018 07:00:00 PM,34,18,16
03/07/2018 08:00:00 PM,17,7,10
03/07/2018 09:00:00 PM,27,19,8
03/07/2018 10:00:00 PM,12,5,7
03/07/2018 11:00:00 PM,0,0,0
03/08/2018 12:00:00 AM,2,1,1
03/08/2018 01:00:00 AM,2,2,0
03/08/2018 02:00:00 AM,0,0,0
03/08/2018 03:00:00 AM,0,0,0
03/08/2018 04:00:00 AM,0,0,0
03/08/2018 05:00:00 AM,10,6,4
03/08/2018 06:00:00 AM,31,20,11
03/08/2018 07:00:00 AM,37,20,17
03/08/2018 08:00:00 AM,70,30,40
03/08/2018 09:00:00 AM,32,16,16
03/08/2018 10:00:00 AM,27,16,11
03/08/2018 11:00:00 AM,20,10,10
03/08/2018 12:00:00 PM,13,5,8
03/08/2018 01:00:00 PM,10,9,1
03/08/2018 02:00:00 PM,22,11,11
03/08/2018 03:00:00 PM,24,11,13
03/08/2018 04:00:00 PM,70,22,48
03/08/2018 05:00:00 PM,78,25,53
03/08/2018 06:00:00 PM,44,15,29
03/08/2018 07:00:00 PM,19,8,11
03/08/2018 08:00:00 PM,23,13,10
03/08/2018 09:00:00 PM,11,5,6
03/08/2018 10:00:00 PM,4,1,3
03/08/2018 11:00:00 PM,0,0,0
03/09/2018 12:00:00 AM,1,1,0
03/09/2018 01:00:00 AM,0,0,0
03/09/2018 02:00:00 AM,0,0,0
03/09/2018 03:00:00 AM,0,0,0
03/09/2018 04:00:00 AM,2,1,1
03/09/2018 05:00:00 AM,11,8,3
03/09/2018 06:00:00 AM,28,17,11
03/09/2018 07:00:00 AM,53,27,26
03/09/2018 08:00:00 AM,94,39,55
03/09/2018 09:00:00 AM,46,23,23
03/09/2018 10:00:00 AM,29,13,16
03/09/2018 11:00:00 AM,38,23,15
03/09/2018 12:00:00 PM,30,17,13
03/09/2018 01:00:00 PM,32,16,16
03/09/2018 02:00:00 PM,37,18,19
03/09/2018 03:00:00 PM,54,17,37
03/09/2018 04:00:00 PM,94,29,65
03/09/2018 05:00:00 PM,119,50,69
03/09/2018 06:00:00 PM,54,20,34
03/09/2018 07:00:00 PM,26,12,14
03/09/2018 08:00:00 PM,11,5,6
03/09/2018 09:00:00 PM,18,13,5
03/09/2018 10:00:00 PM,7,2,5
03/09/2018 11:00:00 PM,5,3,2
03/10/2018 12:00:00 AM,3,1,2
03/10/2018 01:00:00 AM,0,0,0
03/10/2018 02:00:00 AM,3,1,2
03/10/2018 03:00:00 AM,0,0,0
03/10/2018 04:00:00 AM,0,0,0
03/10/2018 05:00:00 AM,0,0,0
03/10/2018 06:00:00 AM,4,3,1
03/10/2018 07:00:00 AM,2,1,1
03/10/2018 08:00:00 AM,14,7,7
03/10/2018 09:00:00 AM,12,3,9
03/10/2018 10:00:00 AM,21,11,10
03/10/2018 11:00:00 AM,23,8,15
03/10/2018 12:00:00 PM,36,15,21
03/10/2018 01:00:00 PM,44,21,23
03/10/2018 02:00:00 PM,26,8,18
03/10/2018 03:00:00 PM,20,12,8
03/10/2018 04:00:00 PM,41,21,20
03/10/2018 05:00:00 PM,28,9,19
03/10/2018 06:00:00 PM,20,11,9
03/10/2018 07:00:00 PM,11,7,4
03/10/2018 08:00:00 PM,14,7,7
03/10/2018 09:00:00 PM,8,4,4
03/10/2018 10:00:00 PM,1,1,0
03/10/2018 11:00:00 PM,1,0,1
03/11/2018 12:00:00 AM,2,0,2
03/11/2018 01:00:00 AM,3,1,2
03/11/2018 02:00:00 AM,0,0,0
03/11/2018 03:00:00 AM,3,2,1
03/11/2018 04:00:00 AM,0,0,0
03/11/2018 05:00:00 AM,0,0,0
03/11/2018 06:00:00 AM,1,0,1
03/11/2018 07:00:00 AM,1,0,1
03/11/2018 08:00:00 AM,4,2,2
03/11/2018 09:00:00 AM,13,8,5
03/11/2018 10:00:00 AM,14,8,6
03/11/2018 11:00:00 AM,19,7,12
03/11/2018 12:00:00 PM,26,12,14
03/11/2018 01:00:00 PM,38,14,24
03/11/2018 02:00:00 PM,35,12,23
03/11/2018 03:00:00 PM,29,15,14
03/11/2018 04:00:00 PM,22,12,10
03/11/2018 05:00:00 PM,34,16,18
03/11/2018 06:00:00 PM,29,20,9
03/11/2018 07:00:00 PM,14,11,3
03/11/2018 08:00:00 PM,4,2,2
03/11/2018 09:00:00 PM,9,4,5
03/11/2018 10:00:00 PM,14,9,5
03/11/2018 11:00:00 PM,2,1,1
03/12/2018 12:00:00 AM,1,1,0
03/12/2018 01:00:00 AM,1,1,0
03/12/2018 02:00:00 AM,1,1,0
03/12/2018 03:00:00 AM,0,0,0
03/12/2018 04:00:00 AM,3,1,2
03/12/2018 05:00:00 AM,11,7,4
03/12/2018 06:00:00 AM,42,16,26
03/12/2018 07:00:00 AM,71,30,41
03/12/2018 08:00:00 AM,140,56,84
03/12/2018 09:00:00 AM,89,39,50
03/12/2018 10:00:00 AM,41,16,25
03/12/2018 11:00:00 AM,42,27,15
03/12/2018 12:00:00 PM,40,18,22
03/12/2018 01:00:00 PM,53,29,24
03/12/2018 02:00:00 PM,37,19,18
03/12/2018 03:00:00 PM,60,13,47
03/12/2018 04:00:00 PM,143,53,90
03/12/2018 05:00:00 PM,180,67,113
03/12/2018 06:00:00 PM,85,37,48
03/12/2018 07:00:00 PM,36,16,20
03/12/2018 08:00:00 PM,29,15,14
03/12/2018 09:00:00 PM,14,5,9
03/12/2018 10:00:00 PM,12,5,7
03/12/2018 11:00:00 PM,1,1,0
03/13/2018 12:00:00 AM,3,1,2
03/13/2018 01:00:00 AM,0,0,0
03/13/2018 02:00:00 AM,1,1,0
03/13/2018 03:00:00 AM,0,0,0
03/13/2018 04:00:00 AM,0,0,0
03/13/2018 05:00:00 AM,13,9,4
03/13/2018 06:00:00 AM,41,19,22
03/13/2018 07:00:00 AM,64,31,33
03/13/2018 08:00:00 AM,93,48,45
03/13/2018 09:00:00 AM,56,27,29
03/13/2018 10:00:00 AM,30,12,18
03/13/2018 11:00:00 AM,40,20,20
03/13/2018 12:00:00 PM,25,16,9
03/13/2018 01:00:00 PM,33,14,19
03/13/2018 02:00:00 PM,30,11,19
03/13/2018 03:00:00 PM,47,17,30
03/13/2018 04:00:00 PM,85,28,57
03/13/2018 05:00:00 PM,117,40,77
03/13/2018 06:00:00 PM,58,22,36
03/13/2018 07:00:00 PM,16,5,11
03/13/2018 08:00:00 PM,9,5,4
03/13/2018 09:00:00 PM,7,2,5
03/13/2018 10:00:00 PM,4,1,3
03/13/2018 11:00:00 PM,1,1,0
03/14/2018 12:00:00 AM,0,0,0
03/14/2018 01:00:00 AM,3,2,1
03/14/2018 02:00:00 AM,0,0,0
03/14/2018 03:00:00 AM,0,0,0
03/14/2018 04:00:00 AM,2,2,0
03/14/2018 05:00:00 AM,12,9,3
03/14/2018 06:00:00 AM,35,12,23
03/14/2018 07:00:00 AM,52,24,28
03/14/2018 08:00:00 AM,98,42,56
03/14/2018 09:00:00 AM,62,23,39
03/14/2018 10:00:00 AM,25,9,16
03/14/2018 11:00:00 AM,34,13,21
03/14/2018 12:00:00 PM,34,18,16
03/14/2018 01:00:00 PM,34,17,17
03/14/2018 02:00:00 PM,27,9,18
03/14/2018 03:00:00 PM,60,18,42
03/14/2018 04:00:00 PM,107,49,58
03/14/2018 05:00:00 PM,138,42,96
03/14/2018 06:00:00 PM,73,32,41
03/14/2018 07:00:00 PM,35,17,18
03/14/2018 08:00:00 PM,10,6,4
03/14/2018 09:00:00 PM,17,9,8
03/14/2018 10:00:00 PM,5,2,3
03/14/2018 11:00:00 PM,3,1,2
03/15/2018 12:00:00 AM,1,0,1
03/15/2018 01:00:00 AM,1,1,0
03/15/2018 02:00:00 AM,2,1,1
03/15/2018 03:00:00 AM,0,0,0
03/15/2018 04:00:00 AM,1,1,0
03/15/2018 05:00:00 AM,10,6,4
03/15/2018 06:00:00 AM,43,18,25
03/15/2018 07:00:00 AM,65,31,34
03/15/2018 08:00:00 AM,127,52,75
03/15/2018 09:00:00 AM,89,43,46
03/15/2018 10:00:00 AM,33,15,18
03/15/2018 11:00:00 AM,37,21,16
03/15/2018 12:00:00 PM,43,23,20
03/15/2018 01:00:00 PM,40,18,22
03/15/2018 02:00:00 PM,36,18,18
03/15/2018 03:00:00 PM,70,21,49
03/15/2018 04:00:00 PM,123,56,67
03/15/2018 05:00:00 PM,167,70,97
03/15/2018 06:00:00 PM,83,28,55
03/15/2018 07:00:00 PM,36,13,23
03/15/2018 08:00:00 PM,16,11,5
03/15/2018 09:00:00 PM,9,5,4
03/15/2018 10:00:00 PM,5,0,5
03/15/2018 11:00:00 PM,1,1,0
03/16/2018 12:00:00 AM,2,1,1
03/16/2018 01:00:00 AM,3,1,2
03/16/2018 02:00:00 AM,0,0,0
03/16/2018 03:00:00 AM,1,0,1
03/16/2018 04:00:00 AM,2,1,1
03/16/2018 05:00:00 AM,9,6,3
03/16/2018 06:00:00 AM,36,17,19
03/16/2018 07:00:00 AM,55,22,33
03/16/2018 08:00:00 AM,106,47,59
03/16/2018 09:00:00 AM,66,25,41
03/16/2018 10:00:00 AM,30,14,16
03/16/2018 11:00:00 AM,28,16,12
03/16/2018 12:00:00 PM,42,18,24
03/16/2018 01:00:00 PM,37,18,19
03/16/2018 02:00:00 PM,41,14,27
03/16/2018 03:00:00 PM,62,23,39
03/16/2018 04:00:00 PM,109,31,78
03/16/2018 05:00:00 PM,125,51,74
03/16/2018 06:00:00 PM,67,26,41
03/16/2018 07:00:00 PM,33,17,16
03/16/2018 08:00:00 PM,28,11,17
03/16/2018 09:00:00 PM,19,6,13
03/16/2018 10:00:00 PM,8,4,4
03/16/2018 11:00:00 PM,6,3,3
03/17/2018 12:00:00 AM,1,0,1
03/17/2018 01:00:00 AM,2,2,0
03/17/2018 02:00:00 AM,2,2,0
03/17/2018 03:00:00 AM,3,2,1
03/17/2018 04:00:00 AM,0,0,0
03/17/2018 05:00:00 AM,0,0,0
03/17/2018 06:00:00 AM,2,1,1
03/17/2018 07:00:00 AM,7,6,1
03/17/2018 08:00:00 AM,11,5,6
03/17/2018 09:00:00 AM,26,16,10
03/17/2018 10:00:00 AM,26,12,14
03/17/2018 11:00:00 AM,13,5,8
03/17/2018 12:00:00 PM,27,12,15
03/17/2018 01:00:00 PM,38,19,19
03/17/2018 02:00:00 PM,36,16,20
03/17/2018 03:00:00 PM,33,21,12
03/17/2018 04:00:00 PM,29,12,17
03/17/2018 05:00:00 PM,24,10,14
03/17/2018 06:00:00 PM,24,11,13
03/17/2018 07:00:00 PM,34,17,17
03/17/2018 08:00:00 PM,12,6,6
03/17/2018 09:00:00 PM,6,2,4
03/17/2018 10:00:00 PM,3,1,2
03/17/2018 11:00:00 PM,6,4,2
03/18/2018 12:00:00 AM,2,1,1
03/18/2018 01:00:00 AM,2,1,1
03/18/2018 02:00:00 AM,2,2,0
03/18/2018 03:00:00 AM,0,0,0
03/18/2018 04:00:00 AM,1,1,0
03/18/2018 05:00:00 AM,0,0,0
03/18/2018 06:00:00 AM,1,0,1
03/18/2018 07:00:00 AM,3,2,1
03/18/2018 08:00:00 AM,11,7,4
03/18/2018 09:00:00 AM,10,4,6
03/18/2018 10:00:00 AM,22,12,10
03/18/2018 11:00:00 AM,16,7,9
03/18/2018 12:00:00 PM,17,5,12
03/18/2018 01:00:00 PM,25,15,10
03/18/2018 02:00:00 PM,22,9,13
03/18/2018 03:00:00 PM,45,20,25
03/18/2018 04:00:00 PM,23,11,12
03/18/2018 05:00:00 PM,30,16,14
03/18/2018 06:00:00 PM,27,13,14
03/18/2018 07:00:00 PM,15,8,7
03/18/2018 08:00:00 PM,9,5,4
03/18/2018 09:00:00 PM,16,5,11
03/18/2018 10:00:00 PM,5,3,2
03/18/2018 11:00:00 PM,1,1,0
03/19/2018 12:00:00 AM,0,0,0
03/19/2018 01:00:00 AM,1,0,1
03/19/2018 02:00:00 AM,4,4,0
03/19/2018 03:00:00 AM,0,0,0
03/19/2018 04:00:00 AM,2,1,1
03/19/2018 05:00:00 AM,14,8,6
03/19/2018 06:00:00 AM,39,20,19
03/19/2018 07:00:00 AM,90,44,46
03/19/2018 08:00:00 AM,134,55,79
03/19/2018 09:00:00 AM,79,38,41
03/19/2018 10:00:00 AM,42,14,28
03/19/2018 11:00:00 AM,30,13,17
03/19/2018 12:00:00 PM,37,20,17
03/19/2018 01:00:00 PM,45,25,20
03/19/2018 02:00:00 PM,53,22,31
03/19/2018 03:00:00 PM,43,13,30
03/19/2018 04:00:00 PM,118,36,82
03/19/2018 05:00:00 PM,162,73,89
03/19/2018 06:00:00 PM,107,43,64
03/19/2018 07:00:00 PM,41,9,32
03/19/2018 08:00:00 PM,17,7,10
03/19/2018 09:00:00 PM,10,4,6
03/19/2018 10:00:00 PM,6,1,5
03/19/2018 11:00:00 PM,3,2,1
03/20/2018 12:00:00 AM,1,1,0
03/20/2018 01:00:00 AM,2,1,1
03/20/2018 02:00:00 AM,1,1,0
03/20/2018 03:00:00 AM,1,1,0
03/20/2018 04:00:00 AM,2,1,1
03/20/2018 05:00:00 AM,12,10,2
03/20/2018 06:00:00 AM,34,18,16
03/20/2018 07:00:00 AM,94,38,56
03/20/2018 08:00:00 AM,127,49,78
03/20/2018 09:00:00 AM,72,33,39
03/20/2018 10:00:00 AM,28,9,19
03/20/2018 11:00:00 AM,41,22,19
03/20/2018 12:00:00 PM,37,22,15
03/20/2018 01:00:00 PM,39,21,18
03/20/2018 02:00:00 PM,35,13,22
03/20/2018 03:00:00 PM,68,22,46
03/20/2018 04:00:00 PM,127,45,82
03/20/2018 05:00:00 PM,189,68,121
03/20/2018 06:00:00 PM,97,41,56
03/20/2018 07:00:00 PM,43,23,20
03/20/2018 08:00:00 PM,20,5,15
03/20/2018 09:00:00 PM,15,6,9
03/20/2018 10:00:00 PM,8,4,4
03/20/2018 11:00:00 PM,3,1,2
03/21/2018 12:00:00 AM,4,3,1
03/21/2018 01:00:00 AM,3,2,1
03/21/2018 02:00:00 AM,1,1,0
03/21/2018 03:00:00 AM,2,0,2
03/21/2018 04:00:00 AM,1,1,0
03/21/2018 05:00:00 AM,9,7,2
03/21/2018 06:00:00 AM,37,18,19
03/21/2018 07:00:00 AM,81,39,42
03/21/2018 08:00:00 AM,116,47,69
03/21/2018 09:00:00 AM,77,31,46
03/21/2018 10:00:00 AM,36,19,17
03/21/2018 11:00:00 AM,35,19,16
03/21/2018 12:00:00 PM,46,21,25
03/21/2018 01:00:00 PM,31,20,11
03/21/2018 02:00:00 PM,40,17,23
03/21/2018 03:00:00 PM,61,19,42
03/21/2018 04:00:00 PM,130,47,83
03/21/2018 05:00:00 PM,161,49,112
03/21/2018 06:00:00 PM,73,36,37
03/21/2018 07:00:00 PM,32,12,20
03/21/2018 08:00:00 PM,12,6,6
03/21/2018 09:00:00 PM,6,2,4
03/21/2018 10:00:00 PM,3,0,3
03/21/2018 11:00:00 PM,1,0,1
03/22/2018 12:00:00 AM,1,1,0
03/22/2018 01:00:00 AM,1,1,0
03/22/2018 02:00:00 AM,0,0,0
03/22/2018 03:00:00 AM,0,0,0
03/22/2018 04:00:00 AM,0,0,0
03/22/2018 05:00:00 AM,9,8,1
03/22/2018 06:00:00 AM,24,12,12
03/22/2018 07:00:00 AM,37,16,21
03/22/2018 08:00:00 AM,71,32,39
03/22/2018 09:00:00 AM,31,16,15
03/22/2018 10:00:00 AM,15,10,5
03/22/2018 11:00:00 AM,14,9,5
03/22/2018 12:00:00 PM,21,14,7
03/22/2018 01:00:00 PM,12,6,6
03/22/2018 02:00:00 PM,19,14,5
03/22/2018 03:00:00 PM,29,10,19
03/22/2018 04:00:00 PM,62,23,39
03/22/2018 05:00:00 PM,90,30,60
03/22/2018 06:00:00 PM,53,14,39
03/22/2018 07:00:00 PM,19,11,8
03/22/2018 08:00:00 PM,9,6,3
03/22/2018 09:00:00 PM,6,6,0
03/22/2018 10:00:00 PM,7,3,4
03/22/2018 11:00:00 PM,2,1,1
03/23/2018 12:00:00 AM,3,1,2
03/23/2018 01:00:00 AM,2,1,1
03/23/2018 02:00:00 AM,0,0,0
03/23/2018 03:00:00 AM,1,1,0
03/23/2018 04:00:00 AM,2,1,1
03/23/2018 05:00:00 AM,8,4,4
03/23/2018 06:00:00 AM,22,12,10
03/23/2018 07:00:00 AM,46,20,26
03/23/2018 08:00:00 AM,61,24,37
03/23/2018 09:00:00 AM,30,16,14
03/23/2018 10:00:00 AM,20,10,10
03/23/2018 11:00:00 AM,15,7,8
03/23/2018 12:00:00 PM,18,14,4
03/23/2018 01:00:00 PM,24,15,9
03/23/2018 02:00:00 PM,19,7,12
03/23/2018 03:00:00 PM,52,18,34
03/23/2018 04:00:00 PM,78,21,57
03/23/2018 05:00:00 PM,89,34,55
03/23/2018 06:00:00 PM,44,17,27
03/23/2018 07:00:00 PM,20,8,12
03/23/2018 08:00:00 PM,10,5,5
03/23/2018 09:00:00 PM,4,1,3
03/23/2018 10:00:00 PM,5,1,4
03/23/2018 11:00:00 PM,3,0,3
03/24/2018 12:00:00 AM,1,1,0
03/24/2018 01:00:00 AM,2,2,0
03/24/2018 02:00:00 AM,0,0,0
03/24/2018 03:00:00 AM,0,0,0
03/24/2018 04:00:00 AM,0,0,0
03/24/2018 05:00:00 AM,0,0,0
03/24/2018 06:00:00 AM,0,0,0
03/24/2018 07:00:00 AM,3,3,0
03/24/2018 08:00:00 AM,9,6,3
03/24/2018 09:00:00 AM,16,6,10
03/24/2018 10:00:00 AM,18,11,7
03/24/2018 11:00:00 AM,23,9,14
03/24/2018 12:00:00 PM,26,9,17
03/24/2018 01:00:00 PM,31,11,20
03/24/2018 02:00:00 PM,16,6,10
03/24/2018 03:00:00 PM,22,6,16
03/24/2018 04:00:00 PM,39,9,30
03/24/2018 05:00:00 PM,18,8,10
03/24/2018 06:00:00 PM,18,7,11
03/24/2018 07:00:00 PM,15,7,8
03/24/2018 08:00:00 PM,6,3,3
03/24/2018 09:00:00 PM,19,11,8
03/24/2018 10:00:00 PM,3,1,2
03/24/2018 11:00:00 PM,4,1,3
03/25/2018 12:00:00 AM,5,1,4
03/25/2018 01:00:00 AM,0,0,0
03/25/2018 02:00:00 AM,2,0,2
03/25/2018 03:00:00 AM,0,0,0
03/25/2018 04:00:00 AM,0,0,0
03/25/2018 05:00:00 AM,0,0,0
03/25/2018 06:00:00 AM,2,1,1
03/25/2018 07:00:00 AM,3,1,2
03/25/2018 08:00:00 AM,4,1,3
03/25/2018 09:00:00 AM,9,4,5
03/25/2018 10:00:00 AM,10,5,5
03/25/2018 11:00:00 AM,14,3,11
03/25/2018 12:00:00 PM,34,16,18
03/25/2018 01:00:00 PM,24,9,15
03/25/2018 02:00:00 PM,21,9,12
03/25/2018 03:00:00 PM,27,12,15
03/25/2018 04:00:00 PM,18,8,10
03/25/2018 05:00:00 PM,19,8,11
03/25/2018 06:00:00 PM,14,3,11
03/25/2018 07:00:00 PM,12,6,6
03/25/2018 08:00:00 PM,9,4,5
03/25/2018 09:00:00 PM,7,2,5
03/25/2018 10:00:00 PM,2,1,1
03/25/2018 11:00:00 PM,1,1,0
03/26/2018 12:00:00 AM,1,1,0
03/26/2018 01:00:00 AM,1,1,0
03/26/2018 02:00:00 AM,0,0,0
03/26/2018 03:00:00 AM,0,0,0
03/26/2018 04:00:00 AM,0,0,0
03/26/2018 05:00:00 AM,7,4,3
03/26/2018 06:00:00 AM,28,15,13
03/26/2018 07:00:00 AM,48,21,27
03/26/2018 08:00:00 AM,89,36,53
03/26/2018 09:00:00 AM,62,25,37
03/26/2018 10:00:00 AM,19,7,12
03/26/2018 11:00:00 AM,23,10,13
03/26/2018 12:00:00 PM,11,6,5
03/26/2018 01:00:00 PM,23,14,9
03/26/2018 02:00:00 PM,20,8,12
03/26/2018 03:00:00 PM,37,15,22
03/26/2018 04:00:00 PM,73,28,45
03/26/2018 05:00:00 PM,133,49,84
03/26/2018 06:00:00 PM,68,24,44
03/26/2018 07:00:00 PM,21,7,14
03/26/2018 08:00:00 PM,6,4,2
03/26/2018 09:00:00 PM,8,3,5
03/26/2018 10:00:00 PM,7,5,2
03/26/2018 11:00:00 PM,0,0,0
03/27/2018 12:00:00 AM,0,0,0
03/27/2018 01:00:00 AM,1,1,0
03/27/2018 02:00:00 AM,0,0,0
03/27/2018 03:00:00 AM,0,0,0
03/27/2018 04:00:00 AM,1,0,1
03/27/2018 05:00:00 AM,12,9,3
03/27/2018 06:00:00 AM,28,13,15
03/27/2018 07:00:00 AM,61,31,30
03/27/2018 08:00:00 AM,95,39,56
03/27/2018 09:00:00 AM,63,22,41
03/27/2018 10:00:00 AM,27,17,10
03/27/2018 11:00:00 AM,24,7,17
03/27/2018 12:00:00 PM,34,12,22
03/27/2018 01:00:00 PM,28,16,12
03/27/2018 02:00:00 PM,31,15,16
03/27/2018 03:00:00 PM,54,19,35
03/27/2018 04:00:00 PM,100,33,67
03/27/2018 05:00:00 PM,125,57,68
03/27/2018 06:00:00 PM,65,31,34
03/27/2018 07:00:00 PM,25,11,14
03/27/2018 08:00:00 PM,12,7,5
03/27/2018 09:00:00 PM,14,4,10
03/27/2018 10:00:00 PM,4,2,2
03/27/2018 11:00:00 PM,4,2,2
03/28/2018 12:00:00 AM,5,2,3
03/28/2018 01:00:00 AM,0,0,0
03/28/2018 02:00:00 AM,0,0,0
03/28/2018 03:00:00 AM,0,0,0
03/28/2018 04:00:00 AM,0,0,0
03/28/2018 05:00:00 AM,15,10,5
03/28/2018 06:00:00 AM,41,19,22
03/28/2018 07:00:00 AM,85,40,45
03/28/2018 08:00:00 AM,119,49,70
03/28/2018 09:00:00 AM,64,28,36
03/28/2018 10:00:00 AM,46,20,26
03/28/2018 11:00:00 AM,49,23,26
03/28/2018 12:00:00 PM,27,20,7
03/28/2018 01:00:00 PM,38,23,15
03/28/2018 02:00:00 PM,36,13,23
03/28/2018 03:00:00 PM,73,19,54
03/28/2018 04:00:00 PM,119,33,86
03/28/2018 05:00:00 PM,168,79,89
03/28/2018 06:00:00 PM,92,33,59
03/28/2018 07:00:00 PM,29,12,17
03/28/2018 08:00:00 PM,15,8,7
03/28/2018 09:00:00 PM,10,3,7
03/28/2018 10:00:00 PM,8,4,4
03/28/2018 11:00:00 PM,2,0,2
03/29/2018 12:00:00 AM,2,1,1
03/29/2018 01:00:00 AM,2,2,0
03/29/2018 02:00:00 AM,2,1,1
03/29/2018 03:00:00 AM,1,1,0
03/29/2018 04:00:00 AM,1,1,0
03/29/2018 05:00:00 AM,14,7,7
03/29/2018 06:00:00 AM,35,17,18
03/29/2018 07:00:00 AM,67,38,29
03/29/2018 08:00:00 AM,126,54,72
03/29/2018 09:00:00 AM,69,22,47
03/29/2018 10:00:00 AM,34,18,16
03/29/2018 11:00:00 AM,39,15,24
03/29/2018 12:00:00 PM,25,14,11
03/29/2018 01:00:00 PM,38,16,22
03/29/2018 02:00:00 PM,63,26,37
03/29/2018 03:00:00 PM,58,17,41
03/29/2018 04:00:00 PM,125,41,84
03/29/2018 05:00:00 PM,193,58,135
03/29/2018 06:00:00 PM,132,36,96
03/29/2018 07:00:00 PM,47,20,27
03/29/2018 08:00:00 PM,21,16,5
03/29/2018 09:00:00 PM,19,11,8
03/29/2018 10:00:00 PM,37,25,12
03/29/2018 11:00:00 PM,14,10,4
03/30/2018 12:00:00 AM,3,3,0
03/30/2018 01:00:00 AM,1,1,0
03/30/2018 02:00:00 AM,0,0,0
03/30/2018 03:00:00 AM,2,1,1
03/30/2018 04:00:00 AM,2,1,1
03/30/2018 05:00:00 AM,12,10,2
03/30/2018 06:00:00 AM,32,10,22
03/30/2018 07:00:00 AM,52,31,21
03/30/2018 08:00:00 AM,100,41,59
03/30/2018 09:00:00 AM,59,21,38
03/30/2018 10:00:00 AM,32,13,19
03/30/2018 11:00:00 AM,35,13,22
03/30/2018 12:00:00 PM,49,26,23
03/30/2018 01:00:00 PM,38,21,17
03/30/2018 02:00:00 PM,48,25,23
03/30/2018 03:00:00 PM,67,24,43
03/30/2018 04:00:00 PM,113,33,80
03/30/2018 05:00:00 PM,111,49,62
03/30/2018 06:00:00 PM,68,19,49
03/30/2018 07:00:00 PM,28,14,14
03/30/2018 08:00:00 PM,15,11,4
03/30/2018 09:00:00 PM,7,3,4
03/30/2018 10:00:00 PM,17,7,10
03/30/2018 11:00:00 PM,20,12,8
03/31/2018 12:00:00 AM,9,5,4
03/31/2018 01:00:00 AM,4,2,2
03/31/2018 02:00:00 AM,3,2,1
03/31/2018 03:00:00 AM,4,0,4
03/31/2018 04:00:00 AM,0,0,0
03/31/2018 05:00:00 AM,1,1,0
03/31/2018 06:00:00 AM,2,1,1
03/31/2018 07:00:00 AM,5,3,2
03/31/2018 08:00:00 AM,8,5,3
03/31/2018 09:00:00 AM,10,5,5
03/31/2018 10:00:00 AM,22,8,14
03/31/2018 11:00:00 AM,36,9,27
03/31/2018 12:00:00 PM,67,15,52
03/31/2018 01:00:00 PM,45,19,26
03/31/2018 02:00:00 PM,36,23,13
03/31/2018 03:00:00 PM,47,16,31
03/31/2018 04:00:00 PM,66,43,23
03/31/2018 05:00:00 PM,65,26,39
03/31/2018 06:00:00 PM,64,16,48
03/31/2018 07:00:00 PM,25,8,17
03/31/2018 08:00:00 PM,16,10,6
03/31/2018 09:00:00 PM,39,29,10
03/31/2018 10:00:00 PM,15,8,7
03/31/2018 11:00:00 PM,10,5,5
04/01/2018 12:00:00 AM,9,8,1
04/01/2018 01:00:00 AM,2,2,0
04/01/2018 02:00:00 AM,2,1,1
04/01/2018 03:00:00 AM,0,0,0
04/01/2018 04:00:00 AM,0,0,0
04/01/2018 05:00:00 AM,1,0,1
04/01/2018 06:00:00 AM,4,2,2
04/01/2018 07:00:00 AM,4,3,1
04/01/2018 08:00:00 AM,4,2,2
04/01/2018 09:00:00 AM,7,3,4
04/01/2018 10:00:00 AM,11,4,7
04/01/2018 11:00:00 AM,9,6,3
04/01/2018 12:00:00 PM,19,6,13
04/01/2018 01:00:00 PM,10,4,6
04/01/2018 02:00:00 PM,19,5,14
04/01/2018 03:00:00 PM,12,7,5
04/01/2018 04:00:00 PM,7,4,3
04/01/2018 05:00:00 PM,19,11,8
04/01/2018 06:00:00 PM,9,6,3
04/01/2018 07:00:00 PM,7,2,5
04/01/2018 08:00:00 PM,2,0,2
04/01/2018 09:00:00 PM,1,0,1
04/01/2018 10:00:00 PM,4,2,2
04/01/2018 11:00:00 PM,0,0,0
04/02/2018 12:00:00 AM,0,0,0
04/02/2018 01:00:00 AM,1,1,0
04/02/2018 02:00:00 AM,1,0,1
04/02/2018 03:00:00 AM,0,0,0
04/02/2018 04:00:00 AM,1,1,0
04/02/2018 05:00:00 AM,16,10,6
04/02/2018 06:00:00 AM,36,18,18
04/02/2018 07:00:00 AM,75,39,36
04/02/2018 08:00:00 AM,128,60,68
04/02/2018 09:00:00 AM,86,44,42
04/02/2018 10:00:00 AM,31,13,18
04/02/2018 11:00:00 AM,24,13,11
04/02/2018 12:00:00 PM,44,13,31
04/02/2018 01:00:00 PM,22,16,6
04/02/2018 02:00:00 PM,33,23,10
04/02/2018 03:00:00 PM,58,17,41
04/02/2018 04:00:00 PM,122,39,83
04/02/2018 05:00:00 PM,166,64,102
04/02/2018 06:00:00 PM,81,34,47
04/02/2018 07:00:00 PM,25,10,15
04/02/2018 08:00:00 PM,16,5,11
04/02/2018 09:00:00 PM,7,3,4
04/02/2018 10:00:00 PM,11,7,4
04/02/2018 11:00:00 PM,3,2,1
04/03/2018 12:00:00 AM,1,0,1
04/03/2018 01:00:00 AM,1,1,0
04/03/2018 02:00:00 AM,0,0,0
04/03/2018 03:00:00 AM,1,1,0
04/03/2018 04:00:00 AM,0,0,0
04/03/2018 05:00:00 AM,11,6,5
04/03/2018 06:00:00 AM,48,18,30
04/03/2018 07:00:00 AM,75,42,33
04/03/2018 08:00:00 AM,122,52,70
04/03/2018 09:00:00 AM,73,30,43
04/03/2018 10:00:00 AM,36,10,26
04/03/2018 11:00:00 AM,30,14,16
04/03/2018 12:00:00 PM,26,16,10
04/03/2018 01:00:00 PM,26,12,14
04/03/2018 02:00:00 PM,32,19,13
04/03/2018 03:00:00 PM,58,20,38
04/03/2018 04:00:00 PM,117,36,81
04/03/2018 05:00:00 PM,147,59,88
04/03/2018 06:00:00 PM,90,37,53
04/03/2018 07:00:00 PM,29,14,15
04/03/2018 08:00:00 PM,8,3,5
04/03/2018 09:00:00 PM,7,3,4
04/03/2018 10:00:00 PM,7,2,5
04/03/2018 11:00:00 PM,3,2,1
04/04/2018 12:00:00 AM,4,1,3
04/04/2018 01:00:00 AM,1,1,0
04/04/2018 02:00:00 AM,0,0,0
04/04/2018 03:00:00 AM,2,2,0
04/04/2018 04:00:00 AM,2,1,1
04/04/2018 05:00:00 AM,11,7,4
04/04/2018 06:00:00 AM,36,20,16
04/04/2018 07:00:00 AM,44,30,14
04/04/2018 08:00:00 AM,70,38,32
04/04/2018 09:00:00 AM,54,18,36
04/04/2018 10:00:00 AM,19,9,10
04/04/2018 11:00:00 AM,18,10,8
04/04/2018 12:00:00 PM,21,9,12
04/04/2018 01:00:00 PM,22,13,9
04/04/2018 02:00:00 PM,19,11,8
04/04/2018 03:00:00 PM,30,7,23
04/04/2018 04:00:00 PM,69,20,49
04/04/2018 05:00:00 PM,98,34,64
04/04/2018 06:00:00 PM,60,20,40
04/04/2018 07:00:00 PM,33,12,21
04/04/2018 08:00:00 PM,6,3,3
04/04/2018 09:00:00 PM,10,2,8
04/04/2018 10:00:00 PM,6,2,4
04/04/2018 11:00:00 PM,6,3,3
04/05/2018 12:00:00 AM,2,2,0
04/05/2018 01:00:00 AM,0,0,0
04/05/2018 02:00:00 AM,0,0,0
04/05/2018 03:00:00 AM,0,0,0
04/05/2018 04:00:00 AM,1,1,0
04/05/2018 05:00:00 AM,12,6,6
04/05/2018 06:00:00 AM,29,11,18
04/05/2018 07:00:00 AM,47,25,22
04/05/2018 08:00:00 AM,72,31,41
04/05/2018 09:00:00 AM,55,25,30
04/05/2018 10:00:00 AM,26,12,14
04/05/2018 11:00:00 AM,21,9,12
04/05/2018 12:00:00 PM,14,7,7
04/05/2018 01:00:00 PM,18,8,10
04/05/2018 02:00:00 PM,25,13,12
04/05/2018 03:00:00 PM,36,14,22
04/05/2018 04:00:00 PM,80,21,59
04/05/2018 05:00:00 PM,94,37,57
04/05/2018 06:00:00 PM,53,10,43
04/05/2018 07:00:00 PM,30,11,19
04/05/2018 08:00:00 PM,12,9,3
04/05/2018 09:00:00 PM,14,9,5
04/05/2018 10:00:00 PM,10,3,7
04/05/2018 11:00:00 PM,6,2,4
04/06/2018 12:00:00 AM,1,1,0
04/06/2018 01:00:00 AM,0,0,0
04/06/2018 02:00:00 AM,1,1,0
04/06/2018 03:00:00 AM,0,0,0
04/06/2018 04:00:00 AM,1,1,0
04/06/2018 05:00:00 AM,14,10,4
04/06/2018 06:00:00 AM,25,12,13
04/06/2018 07:00:00 AM,59,25,34
04/06/2018 08:00:00 AM,92,46,46
04/06/2018 09:00:00 AM,65,27,38
04/06/2018 10:00:00 AM,43,23,20
04/06/2018 11:00:00 AM,22,8,14
04/06/2018 12:00:00 PM,31,10,21
04/06/2018 01:00:00 PM,38,11,27
04/06/2018 02:00:00 PM,41,15,26
04/06/2018 03:00:00 PM,65,22,43
04/06/2018 04:00:00 PM,110,41,69
04/06/2018 05:00:00 PM,135,43,92
04/06/2018 06:00:00 PM,75,34,41
04/06/2018 07:00:00 PM,32,16,16
04/06/2018 08:00:00 PM,13,7,6
04/06/2018 09:00:00 PM,6,2,4
04/06/2018 10:00:00 PM,9,3,6
04/06/2018 11:00:00 PM,8,4,4
04/07/2018 12:00:00 AM,11,6,5
04/07/2018 01:00:00 AM,1,1,0
04/07/2018 02:00:00 AM,0,0,0
04/07/2018 03:00:00 AM,1,1,0
04/07/2018 04:00:00 AM,0,0,0
04/07/2018 05:00:00 AM,0,0,0
04/07/2018 06:00:00 AM,0,0,0
04/07/2018 07:00:00 AM,3,3,0
04/07/2018 08:00:00 AM,8,3,5
04/07/2018 09:00:00 AM,2,2,0
04/07/2018 10:00:00 AM,11,3,8
04/07/2018 11:00:00 AM,18,7,11
04/07/2018 12:00:00 PM,23,12,11
04/07/2018 01:00:00 PM,19,10,9
04/07/2018 02:00:00 PM,10,4,6
04/07/2018 03:00:00 PM,19,5,14
04/07/2018 04:00:00 PM,12,5,7
04/07/2018 05:00:00 PM,7,1,6
04/07/2018 06:00:00 PM,10,2,8
04/07/2018 07:00:00 PM,6,2,4
04/07/2018 08:00:00 PM,3,1,2
04/07/2018 09:00:00 PM,4,1,3
04/07/2018 10:00:00 PM,13,11,2
04/07/2018 11:00:00 PM,6,3,3
04/08/2018 12:00:00 AM,3,1,2
04/08/2018 01:00:00 AM,3,2,1
04/08/2018 02:00:00 AM,0,0,0
04/08/2018 03:00:00 AM,1,1,0
04/08/2018 04:00:00 AM,0,0,0
04/08/2018 05:00:00 AM,2,0,2
04/08/2018 06:00:00 AM,99,10,89
04/08/2018 07:00:00 AM,299,32,267
04/08/2018 08:00:00 AM,102,33,69
04/08/2018 09:00:00 AM,116,97,19
04/08/2018 10:00:00 AM,180,133,47
04/08/2018 11:00:00 AM,48,31,17
04/08/2018 12:00:00 PM,10,7,3
04/08/2018 01:00:00 PM,15,8,7
04/08/2018 02:00:00 PM,5,2,3
04/08/2018 03:00:00 PM,12,6,6
04/08/2018 04:00:00 PM,12,3,9
04/08/2018 05:00:00 PM,16,5,11
04/08/2018 06:00:00 PM,6,2,4
04/08/2018 07:00:00 PM,8,2,6
04/08/2018 08:00:00 PM,10,4,6
04/08/2018 09:00:00 PM,3,1,2
04/08/2018 10:00:00 PM,4,1,3
04/08/2018 11:00:00 PM,3,1,2
04/09/2018 12:00:00 AM,0,0,0
04/09/2018 01:00:00 AM,2,2,0
04/09/2018 02:00:00 AM,1,1,0
04/09/2018 03:00:00 AM,0,0,0
04/09/2018 04:00:00 AM,0,0,0
04/09/2018 05:00:00 AM,18,11,7
04/09/2018 06:00:00 AM,40,20,20
04/09/2018 07:00:00 AM,88,47,41
04/09/2018 08:00:00 AM,123,55,68
04/09/2018 09:00:00 AM,75,29,46
04/09/2018 10:00:00 AM,29,15,14
04/09/2018 11:00:00 AM,29,13,16
04/09/2018 12:00:00 PM,31,14,17
04/09/2018 01:00:00 PM,43,22,21
04/09/2018 02:00:00 PM,35,14,21
04/09/2018 03:00:00 PM,51,19,32
04/09/2018 04:00:00 PM,126,32,94
04/09/2018 05:00:00 PM,152,61,91
04/09/2018 06:00:00 PM,99,46,53
04/09/2018 07:00:00 PM,39,15,24
04/09/2018 08:00:00 PM,25,11,14
04/09/2018 09:00:00 PM,12,5,7
04/09/2018 10:00:00 PM,6,3,3
04/09/2018 11:00:00 PM,1,1,0
04/10/2018 12:00:00 AM,1,0,1
04/10/2018 01:00:00 AM,2,2,0
04/10/2018 02:00:00 AM,0,0,0
04/10/2018 03:00:00 AM,1,0,1
04/10/2018 04:00:00 AM,1,0,1
04/10/2018 05:00:00 AM,13,10,3
04/10/2018 06:00:00 AM,24,12,12
04/10/2018 07:00:00 AM,47,21,26
04/10/2018 08:00:00 AM,62,31,31
04/10/2018 09:00:00 AM,45,19,26
04/10/2018 10:00:00 AM,22,11,11
04/10/2018 11:00:00 AM,16,8,8
04/10/2018 12:00:00 PM,22,14,8
04/10/2018 01:00:00 PM,26,18,8
04/10/2018 02:00:00 PM,23,8,15
04/10/2018 03:00:00 PM,45,9,36
04/10/2018 04:00:00 PM,72,28,44
04/10/2018 05:00:00 PM,111,40,71
04/10/2018 06:00:00 PM,68,31,37
04/10/2018 07:00:00 PM,33,18,15
04/10/2018 08:00:00 PM,12,4,8
04/10/2018 09:00:00 PM,24,10,14
04/10/2018 10:00:00 PM,3,2,1
04/10/2018 11:00:00 PM,6,3,3
04/11/2018 12:00:00 AM,2,1,1
04/11/2018 01:00:00 AM,2,1,1
04/11/2018 02:00:00 AM,1,1,0
04/11/2018 03:00:00 AM,0,0,0
04/11/2018 04:00:00 AM,0,0,0
04/11/2018 05:00:00 AM,15,10,5
04/11/2018 06:00:00 AM,32,16,16
04/11/2018 07:00:00 AM,50,25,25
04/11/2018 08:00:00 AM,99,55,44
04/11/2018 09:00:00 AM,51,21,30
04/11/2018 10:00:00 AM,38,18,20
04/11/2018 11:00:00 AM,15,6,9
04/11/2018 12:00:00 PM,15,8,7
04/11/2018 01:00:00 PM,14,7,7
04/11/2018 02:00:00 PM,19,7,12
04/11/2018 03:00:00 PM,36,6,30
04/11/2018 04:00:00 PM,69,21,48
04/11/2018 05:00:00 PM,111,34,77
04/11/2018 06:00:00 PM,63,29,34
04/11/2018 07:00:00 PM,26,10,16
04/11/2018 08:00:00 PM,8,1,7
04/11/2018 09:00:00 PM,11,5,6
04/11/2018 10:00:00 PM,3,1,2
04/11/2018 11:00:00 PM,1,0,1
04/12/2018 12:00:00 AM,0,0,0
04/12/2018 01:00:00 AM,0,0,0
04/12/2018 02:00:00 AM,0,0,0
04/12/2018 03:00:00 AM,0,0,0
04/12/2018 04:00:00 AM,1,0,1
04/12/2018 05:00:00 AM,11,8,3
04/12/2018 06:00:00 AM,32,18,14
04/12/2018 07:00:00 AM,53,32,21
04/12/2018 08:00:00 AM,89,38,51
04/12/2018 09:00:00 AM,53,23,30
04/12/2018 10:00:00 AM,20,9,11
04/12/2018 11:00:00 AM,17,9,8
04/12/2018 12:00:00 PM,21,12,9
04/12/2018 01:00:00 PM,15,7,8
04/12/2018 02:00:00 PM,24,11,13
04/12/2018 03:00:00 PM,45,16,29
04/12/2018 04:00:00 PM,87,25,62
04/12/2018 05:00:00 PM,127,41,86
04/12/2018 06:00:00 PM,71,29,42
04/12/2018 07:00:00 PM,33,18,15
04/12/2018 08:00:00 PM,16,8,8
04/12/2018 09:00:00 PM,14,5,9
04/12/2018 10:00:00 PM,7,3,4
04/12/2018 11:00:00 PM,0,0,0
04/13/2018 12:00:00 AM,1,1,0
04/13/2018 01:00:00 AM,0,0,0
04/13/2018 02:00:00 AM,1,1,0
04/13/2018 03:00:00 AM,0,0,0
04/13/2018 04:00:00 AM,1,1,0
04/13/2018 05:00:00 AM,8,6,2
04/13/2018 06:00:00 AM,21,11,10
04/13/2018 07:00:00 AM,39,29,10
04/13/2018 08:00:00 AM,70,36,34
04/13/2018 09:00:00 AM,38,16,22
04/13/2018 10:00:00 AM,20,7,13
04/13/2018 11:00:00 AM,27,11,16
04/13/2018 12:00:00 PM,15,6,9
04/13/2018 01:00:00 PM,27,15,12
04/13/2018 02:00:00 PM,16,7,9
04/13/2018 03:00:00 PM,34,13,21
04/13/2018 04:00:00 PM,56,15,41
04/13/2018 05:00:00 PM,73,25,48
04/13/2018 06:00:00 PM,51,12,39
04/13/2018 07:00:00 PM,10,4,6
04/13/2018 08:00:00 PM,13,6,7
04/13/2018 09:00:00 PM,4,3,1
04/13/2018 10:00:00 PM,2,1,1
04/13/2018 11:00:00 PM,0,0,0
04/14/2018 12:00:00 AM,3,2,1
04/14/2018 01:00:00 AM,0,0,0
04/14/2018 02:00:00 AM,3,3,0
04/14/2018 03:00:00 AM,0,0,0
04/14/2018 04:00:00 AM,0,0,0
04/14/2018 05:00:00 AM,0,0,0
04/14/2018 06:00:00 AM,2,1,1
04/14/2018 07:00:00 AM,3,3,0
04/14/2018 08:00:00 AM,5,4,1
04/14/2018 09:00:00 AM,12,5,7
04/14/2018 10:00:00 AM,9,4,5
04/14/2018 11:00:00 AM,5,0,5
04/14/2018 12:00:00 PM,16,8,8
04/14/2018 01:00:00 PM,9,9,0
04/14/2018 02:00:00 PM,4,3,1
04/14/2018 03:00:00 PM,4,3,1
04/14/2018 04:00:00 PM,8,2,6
04/14/2018 05:00:00 PM,2,2,0
04/14/2018 06:00:00 PM,3,0,3
04/14/2018 07:00:00 PM,3,2,1
04/14/2018 08:00:00 PM,5,2,3
04/14/2018 09:00:00 PM,1,0,1
04/14/2018 10:00:00 PM,5,3,2
04/14/2018 11:00:00 PM,1,1,0
04/15/2018 12:00:00 AM,1,0,1
04/15/2018 01:00:00 AM,0,0,0
04/15/2018 02:00:00 AM,0,0,0
04/15/2018 03:00:00 AM,1,1,0
04/15/2018 04:00:00 AM,0,0,0
04/15/2018 05:00:00 AM,0,0,0
04/15/2018 06:00:00 AM,2,0,2
04/15/2018 07:00:00 AM,4,4,0
04/15/2018 08:00:00 AM,2,1,1
04/15/2018 09:00:00 AM,5,4,1
04/15/2018 10:00:00 AM,7,4,3
04/15/2018 11:00:00 AM,21,10,11
04/15/2018 12:00:00 PM,17,9,8
04/15/2018 01:00:00 PM,26,9,17
04/15/2018 02:00:00 PM,14,7,7
04/15/2018 03:00:00 PM,14,5,9
04/15/2018 04:00:00 PM,23,16,7
04/15/2018 05:00:00 PM,15,8,7
04/15/2018 06:00:00 PM,8,4,4
04/15/2018 07:00:00 PM,8,4,4
04/15/2018 08:00:00 PM,3,1,2
04/15/2018 09:00:00 PM,5,2,3
04/15/2018 10:00:00 PM,8,5,3
04/15/2018 11:00:00 PM,2,1,1
04/16/2018 12:00:00 AM,1,1,0
04/16/2018 01:00:00 AM,1,0,1
04/16/2018 02:00:00 AM,1,0,1
04/16/2018 03:00:00 AM,1,1,0
04/16/2018 04:00:00 AM,1,0,1
04/16/2018 05:00:00 AM,12,8,4
04/16/2018 06:00:00 AM,39,23,16
04/16/2018 07:00:00 AM,57,26,31
04/16/2018 08:00:00 AM,96,43,53
04/16/2018 09:00:00 AM,44,19,25
04/16/2018 10:00:00 AM,16,10,6
04/16/2018 11:00:00 AM,19,8,11
04/16/2018 12:00:00 PM,29,10,19
04/16/2018 01:00:00 PM,21,9,12
04/16/2018 02:00:00 PM,21,8,13
04/16/2018 03:00:00 PM,37,14,23
04/16/2018 04:00:00 PM,77,29,48
04/16/2018 05:00:00 PM,101,34,67
04/16/2018 06:00:00 PM,69,29,40
04/16/2018 07:00:00 PM,26,12,14
04/16/2018 08:00:00 PM,8,4,4
04/16/2018 09:00:00 PM,7,5,2
04/16/2018 10:00:00 PM,5,3,2
04/16/2018 11:00:00 PM,4,2,2
04/17/2018 12:00:00 AM,1,1,0
04/17/2018 01:00:00 AM,1,0,1
04/17/2018 02:00:00 AM,1,0,1
04/17/2018 03:00:00 AM,1,1,0
04/17/2018 04:00:00 AM,1,0,1
04/17/2018 05:00:00 AM,14,8,6
04/17/2018 06:00:00 AM,39,22,17
04/17/2018 07:00:00 AM,63,33,30
04/17/2018 08:00:00 AM,116,52,64
04/17/2018 09:00:00 AM,74,38,36
04/17/2018 10:00:00 AM,32,15,17
04/17/2018 11:00:00 AM,37,17,20
04/17/2018 12:00:00 PM,50,23,27
04/17/2018 01:00:00 PM,34,15,19
04/17/2018 02:00:00 PM,30,13,17
04/17/2018 03:00:00 PM,57,16,41
04/17/2018 04:00:00 PM,121,46,75
04/17/2018 05:00:00 PM,178,68,110
04/17/2018 06:00:00 PM,76,27,49
04/17/2018 07:00:00 PM,42,13,29
04/17/2018 08:00:00 PM,15,8,7
04/17/2018 09:00:00 PM,7,4,3
04/17/2018 10:00:00 PM,22,16,6
04/17/2018 11:00:00 PM,2,1,1
04/18/2018 12:00:00 AM,1,1,0
04/18/2018 01:00:00 AM,1,1,0
04/18/2018 02:00:00 AM,1,1,0
04/18/2018 03:00:00 AM,1,0,1
04/18/2018 04:00:00 AM,3,2,1
04/18/2018 05:00:00 AM,11,9,2
04/18/2018 06:00:00 AM,47,31,16
04/18/2018 07:00:00 AM,83,41,42
04/18/2018 08:00:00 AM,140,61,79
04/18/2018 09:00:00 AM,76,34,42
04/18/2018 10:00:00 AM,23,15,8
04/18/2018 11:00:00 AM,23,14,9
04/18/2018 12:00:00 PM,36,14,22
04/18/2018 01:00:00 PM,30,12,18
04/18/2018 02:00:00 PM,37,12,25
04/18/2018 03:00:00 PM,61,20,41
04/18/2018 04:00:00 PM,119,38,81
04/18/2018 05:00:00 PM,175,59,116
04/18/2018 06:00:00 PM,91,44,47
04/18/2018 07:00:00 PM,51,18,33
04/18/2018 08:00:00 PM,18,9,9
04/18/2018 09:00:00 PM,23,11,12
04/18/2018 10:00:00 PM,10,6,4
04/18/2018 11:00:00 PM,6,2,4
04/19/2018 12:00:00 AM,0,0,0
04/19/2018 01:00:00 AM,1,0,1
04/19/2018 02:00:00 AM,3,2,1
04/19/2018 03:00:00 AM,2,1,1
04/19/2018 04:00:00 AM,3,2,1
04/19/2018 05:00:00 AM,17,10,7
04/19/2018 06:00:00 AM,49,22,27
04/19/2018 07:00:00 AM,93,45,48
04/19/2018 08:00:00 AM,137,67,70
04/19/2018 09:00:00 AM,77,29,48
04/19/2018 10:00:00 AM,37,17,20
04/19/2018 11:00:00 AM,48,19,29
04/19/2018 12:00:00 PM,63,23,40
04/19/2018 01:00:00 PM,42,16,26
04/19/2018 02:00:00 PM,55,26,29
04/19/2018 03:00:00 PM,67,25,42
04/19/2018 04:00:00 PM,127,43,84
04/19/2018 05:00:00 PM,183,68,115
04/19/2018 06:00:00 PM,98,39,59
04/19/2018 07:00:00 PM,55,28,27
04/19/2018 08:00:00 PM,22,11,11
04/19/2018 09:00:00 PM,14,6,8
04/19/2018 10:00:00 PM,6,5,1
04/19/2018 11:00:00 PM,6,1,5
04/20/2018 12:00:00 AM,6,3,3
04/20/2018 01:00:00 AM,4,2,2
04/20/2018 02:00:00 AM,0,0,0
04/20/2018 03:00:00 AM,3,2,1
04/20/2018 04:00:00 AM,1,0,1
04/20/2018 05:00:00 AM,16,12,4
04/20/2018 06:00:00 AM,41,16,25
04/20/2018 07:00:00 AM,80,40,40
04/20/2018 08:00:00 AM,135,68,67
04/20/2018 09:00:00 AM,74,26,48
04/20/2018 10:00:00 AM,29,14,15
04/20/2018 11:00:00 AM,49,19,30
04/20/2018 12:00:00 PM,43,20,23
04/20/2018 01:00:00 PM,33,12,21
04/20/2018 02:00:00 PM,51,20,31
04/20/2018 03:00:00 PM,76,30,46
04/20/2018 04:00:00 PM,131,54,77
04/20/2018 05:00:00 PM,130,56,74
04/20/2018 06:00:00 PM,84,29,55
04/20/2018 07:00:00 PM,27,16,11
04/20/2018 08:00:00 PM,21,13,8
04/20/2018 09:00:00 PM,14,6,8
04/20/2018 10:00:00 PM,5,4,1
04/20/2018 11:00:00 PM,5,1,4
04/21/2018 12:00:00 AM,1,0,1
04/21/2018 01:00:00 AM,2,2,0
04/21/2018 02:00:00 AM,1,1,0
04/21/2018 03:00:00 AM,0,0,0
04/21/2018 04:00:00 AM,0,0,0
04/21/2018 05:00:00 AM,1,0,1
04/21/2018 06:00:00 AM,4,1,3
04/21/2018 07:00:00 AM,5,3,2
04/21/2018 08:00:00 AM,12,7,5
04/21/2018 09:00:00 AM,14,7,7
04/21/2018 10:00:00 AM,22,10,12
04/21/2018 11:00:00 AM,19,4,15
04/21/2018 12:00:00 PM,40,15,25
04/21/2018 01:00:00 PM,36,10,26
04/21/2018 02:00:00 PM,29,9,20
04/21/2018 03:00:00 PM,22,14,8
04/21/2018 04:00:00 PM,30,19,11
04/21/2018 05:00:00 PM,26,14,12
04/21/2018 06:00:00 PM,31,12,19
04/21/2018 07:00:00 PM,30,14,16
04/21/2018 08:00:00 PM,11,7,4
04/21/2018 09:00:00 PM,10,3,7
04/21/2018 10:00:00 PM,8,6,2
04/21/2018 11:00:00 PM,4,1,3
04/22/2018 12:00:00 AM,7,2,5
04/22/2018 01:00:00 AM,1,1,0
04/22/2018 02:00:00 AM,7,5,2
04/22/2018 03:00:00 AM,0,0,0
04/22/2018 04:00:00 AM,1,0,1
04/22/2018 05:00:00 AM,1,0,1
04/22/2018 06:00:00 AM,4,3,1
04/22/2018 07:00:00 AM,11,4,7
04/22/2018 08:00:00 AM,18,7,11
04/22/2018 09:00:00 AM,24,11,13
04/22/2018 10:00:00 AM,15,7,8
04/22/2018 11:00:00 AM,44,14,30
04/22/2018 12:00:00 PM,68,11,57
04/22/2018 01:00:00 PM,37,14,23
04/22/2018 02:00:00 PM,42,17,25
04/22/2018 03:00:00 PM,64,45,19
04/22/2018 04:00:00 PM,42,23,19
04/22/2018 05:00:00 PM,37,21,16
04/22/2018 06:00:00 PM,21,11,10
04/22/2018 07:00:00 PM,15,8,7
04/22/2018 08:00:00 PM,9,3,6
04/22/2018 09:00:00 PM,14,5,9
04/22/2018 10:00:00 PM,1,1,0
04/22/2018 11:00:00 PM,2,1,1
04/23/2018 12:00:00 AM,1,0,1
04/23/2018 01:00:00 AM,1,0,1
04/23/2018 02:00:00 AM,1,1,0
04/23/2018 03:00:00 AM,1,1,0
04/23/2018 04:00:00 AM,7,3,4
04/23/2018 05:00:00 AM,22,14,8
04/23/2018 06:00:00 AM,50,23,27
04/23/2018 07:00:00 AM,109,62,47
04/23/2018 08:00:00 AM,151,63,88
04/23/2018 09:00:00 AM,79,37,42
04/23/2018 10:00:00 AM,29,14,15
04/23/2018 11:00:00 AM,40,17,23
04/23/2018 12:00:00 PM,27,12,15
04/23/2018 01:00:00 PM,43,22,21
04/23/2018 02:00:00 PM,40,21,19
04/23/2018 03:00:00 PM,82,32,50
04/23/2018 04:00:00 PM,143,52,91
04/23/2018 05:00:00 PM,237,85,152
04/23/2018 06:00:00 PM,104,42,62
04/23/2018 07:00:00 PM,27,11,16
04/23/2018 08:00:00 PM,15,6,9
04/23/2018 09:00:00 PM,20,10,10
04/23/2018 10:00:00 PM,7,3,4
04/23/2018 11:00:00 PM,2,1,1
04/24/2018 12:00:00 AM,6,3,3
04/24/2018 01:00:00 AM,1,1,0
04/24/2018 02:00:00 AM,1,1,0
04/24/2018 03:00:00 AM,0,0,0
04/24/2018 04:00:00 AM,2,2,0
04/24/2018 05:00:00 AM,21,14,7
04/24/2018 06:00:00 AM,60,31,29
04/24/2018 07:00:00 AM,117,69,48
04/24/2018 08:00:00 AM,209,83,126
04/24/2018 09:00:00 AM,103,41,62
04/24/2018 10:00:00 AM,34,20,14
04/24/2018 11:00:00 AM,57,24,33
04/24/2018 12:00:00 PM,52,26,26
04/24/2018 01:00:00 PM,46,25,21
04/24/2018 02:00:00 PM,51,30,21
04/24/2018 03:00:00 PM,89,27,62
04/24/2018 04:00:00 PM,182,62,120
04/24/2018 05:00:00 PM,242,102,140
04/24/2018 06:00:00 PM,122,42,80
04/24/2018 07:00:00 PM,54,23,31
04/24/2018 08:00:00 PM,25,12,13
04/24/2018 09:00:00 PM,11,5,6
04/24/2018 10:00:00 PM,9,4,5
04/24/2018 11:00:00 PM,8,2,6
04/25/2018 12:00:00 AM,2,0,2
04/25/2018 01:00:00 AM,2,1,1
04/25/2018 02:00:00 AM,1,0,1
04/25/2018 03:00:00 AM,0,0,0
04/25/2018 04:00:00 AM,0,0,0
04/25/2018 05:00:00 AM,22,12,10
04/25/2018 06:00:00 AM,54,27,27
04/25/2018 07:00:00 AM,124,56,68
04/01/2020 12:00:00 AM,0,0,0
04/01/2020 01:00:00 AM,1,0,1
04/01/2020 02:00:00 AM,1,0,1
04/01/2020 03:00:00 AM,0,0,0
04/01/2020 04:00:00 AM,1,1,0
04/01/2020 05:00:00 AM,4,1,3
04/01/2020 06:00:00 AM,4,1,3
04/01/2020 07:00:00 AM,11,7,4
04/01/2020 08:00:00 AM,13,9,4
04/01/2020 09:00:00 AM,7,3,4
04/01/2020 10:00:00 AM,5,4,1
04/01/2020 11:00:00 AM,13,11,2
04/01/2020 12:00:00 PM,14,6,8
04/01/2020 01:00:00 PM,16,6,10
04/01/2020 02:00:00 PM,19,8,11
04/01/2020 03:00:00 PM,30,18,12
04/01/2020 04:00:00 PM,28,16,12
04/01/2020 05:00:00 PM,27,16,11
04/01/2020 06:00:00 PM,33,14,19
04/01/2020 07:00:00 PM,18,7,11
04/01/2020 08:00:00 PM,7,4,3
04/01/2020 09:00:00 PM,3,3,0
04/01/2020 10:00:00 PM,6,4,2
04/01/2020 11:00:00 PM,0,0,0
04/02/2020 12:00:00 AM,0,0,0
04/02/2020 01:00:00 AM,1,0,1
04/02/2020 02:00:00 AM,0,0,0
04/02/2020 03:00:00 AM,0,0,0
04/02/2020 04:00:00 AM,0,0,0
04/02/2020 05:00:00 AM,2,0,2
04/02/2020 06:00:00 AM,10,2,8
04/02/2020 07:00:00 AM,11,4,7
04/02/2020 08:00:00 AM,10,6,4
04/02/2020 09:00:00 AM,8,5,3
04/02/2020 10:00:00 AM,17,9,8
04/02/2020 11:00:00 AM,11,7,4
04/02/2020 12:00:00 PM,14,10,4
04/02/2020 01:00:00 PM,20,7,13
04/02/2020 02:00:00 PM,12,5,7
04/02/2020 03:00:00 PM,22,11,11
04/02/2020 04:00:00 PM,25,13,12
04/02/2020 05:00:00 PM,23,13,10
04/02/2020 06:00:00 PM,24,15,9
04/02/2020 07:00:00 PM,9,3,6
04/02/2020 08:00:00 PM,5,1,4
04/02/2020 09:00:00 PM,2,2,0
04/02/2020 10:00:00 PM,2,1,1
04/02/2020 11:00:00 PM,2,0,2
04/03/2020 12:00:00 AM,0,0,0
04/03/2020 01:00:00 AM,3,2,1
04/03/2020 02:00:00 AM,1,0,1
04/03/2020 03:00:00 AM,1,0,1
04/25/2018 08:00:00 AM,167,74,93
04/25/2018 09:00:00 AM,84,33,51
04/25/2018 10:00:00 AM,43,18,25
04/25/2018 11:00:00 AM,41,20,21
04/25/2018 12:00:00 PM,53,25,28
04/25/2018 01:00:00 PM,43,21,22
04/25/2018 02:00:00 PM,47,18,29
04/25/2018 03:00:00 PM,82,25,57
04/25/2018 04:00:00 PM,170,64,106
04/25/2018 05:00:00 PM,247,91,156
04/25/2018 06:00:00 PM,117,46,71
04/25/2018 07:00:00 PM,41,16,25
04/25/2018 08:00:00 PM,34,18,16
04/25/2018 09:00:00 PM,13,4,9
04/25/2018 10:00:00 PM,11,8,3
04/25/2018 11:00:00 PM,6,3,3
04/26/2018 12:00:00 AM,2,1,1
04/26/2018 01:00:00 AM,1,0,1
04/26/2018 02:00:00 AM,2,2,0
04/26/2018 03:00:00 AM,3,1,2
04/26/2018 04:00:00 AM,1,1,0
04/26/2018 05:00:00 AM,21,13,8
04/26/2018 06:00:00 AM,62,31,31
04/26/2018 07:00:00 AM,109,49,60
04/26/2018 08:00:00 AM,170,72,98
04/26/2018 09:00:00 AM,104,42,62
04/26/2018 10:00:00 AM,43,18,25
04/26/2018 11:00:00 AM,43,17,26
04/26/2018 12:00:00 PM,43,16,27
04/26/2018 01:00:00 PM,54,25,29
04/26/2018 02:00:00 PM,44,17,27
04/26/2018 03:00:00 PM,116,37,79
04/26/2018 04:00:00 PM,185,69,116
04/26/2018 05:00:00 PM,214,74,140
04/26/2018 06:00:00 PM,127,54,73
04/26/2018 07:00:00 PM,62,26,36
04/26/2018 08:00:00 PM,23,11,12
04/26/2018 09:00:00 PM,15,5,10
04/26/2018 10:00:00 PM,11,6,5
04/26/2018 11:00:00 PM,5,4,1
04/27/2018 12:00:00 AM,2,0,2
04/27/2018 01:00:00 AM,3,1,2
04/27/2018 02:00:00 AM,2,0,2
04/27/2018 03:00:00 AM,1,0,1
04/27/2018 04:00:00 AM,2,2,0
04/27/2018 05:00:00 AM,12,7,5
04/27/2018 06:00:00 AM,36,14,22
04/27/2018 07:00:00 AM,78,46,32
04/27/2018 08:00:00 AM,127,48,79
04/27/2018 09:00:00 AM,82,33,49
04/27/2018 10:00:00 AM,25,9,16
04/27/2018 11:00:00 AM,40,20,20
04/27/2018 12:00:00 PM,50,25,25
04/27/2018 01:00:00 PM,31,9,22
04/27/2018 02:00:00 PM,48,21,27
04/27/2018 03:00:00 PM,78,30,48
04/27/2018 04:00:00 PM,114,30,84
04/27/2018 05:00:00 PM,153,64,89
04/27/2018 06:00:00 PM,72,26,46
04/27/2018 07:00:00 PM,41,14,27
04/27/2018 08:00:00 PM,15,9,6
04/27/2018 09:00:00 PM,8,2,6
04/27/2018 10:00:00 PM,9,6,3
04/27/2018 11:00:00 PM,8,5,3
04/28/2018 12:00:00 AM,4,1,3
04/28/2018 01:00:00 AM,8,1,7
04/28/2018 02:00:00 AM,0,0,0
04/28/2018 03:00:00 AM,0,0,0
04/28/2018 04:00:00 AM,0,0,0
04/28/2018 05:00:00 AM,1,0,1
04/28/2018 06:00:00 AM,1,0,1
04/28/2018 07:00:00 AM,5,4,1
04/28/2018 08:00:00 AM,1,1,0
04/28/2018 09:00:00 AM,4,2,2
04/28/2018 10:00:00 AM,6,5,1
04/28/2018 11:00:00 AM,10,2,8
04/28/2018 12:00:00 PM,2,0,2
04/28/2018 01:00:00 PM,14,8,6
04/28/2018 02:00:00 PM,13,4,9
04/28/2018 03:00:00 PM,21,8,13
04/28/2018 04:00:00 PM,12,7,5
04/28/2018 05:00:00 PM,20,10,10
04/28/2018 06:00:00 PM,14,6,8
04/28/2018 07:00:00 PM,7,5,2
04/28/2018 08:00:00 PM,6,3,3
04/28/2018 09:00:00 PM,7,4,3
04/28/2018 10:00:00 PM,4,3,1
04/28/2018 11:00:00 PM,4,3,1
04/29/2018 12:00:00 AM,2,1,1
04/29/2018 01:00:00 AM,0,0,0
04/29/2018 02:00:00 AM,1,1,0
04/29/2018 03:00:00 AM,0,0,0
04/29/2018 04:00:00 AM,1,0,1
04/29/2018 05:00:00 AM,0,0,0
04/29/2018 06:00:00 AM,0,0,0
04/29/2018 07:00:00 AM,2,2,0
04/29/2018 08:00:00 AM,7,4,3
04/29/2018 09:00:00 AM,13,5,8
04/29/2018 10:00:00 AM,15,6,9
04/29/2018 11:00:00 AM,16,7,9
04/29/2018 12:00:00 PM,22,15,7
04/29/2018 01:00:00 PM,30,11,19
04/29/2018 02:00:00 PM,24,11,13
04/29/2018 03:00:00 PM,22,8,14
04/29/2018 04:00:00 PM,24,5,19
04/29/2018 05:00:00 PM,35,15,20
04/29/2018 06:00:00 PM,22,11,11
04/29/2018 07:00:00 PM,17,7,10
04/29/2018 08:00:00 PM,15,9,6
04/29/2018 09:00:00 PM,3,2,1
04/29/2018 10:00:00 PM,5,3,2
04/29/2018 11:00:00 PM,3,0,3
04/30/2018 12:00:00 AM,4,2,2
04/30/2018 01:00:00 AM,0,0,0
04/30/2018 02:00:00 AM,1,1,0
04/30/2018 03:00:00 AM,2,1,1
04/30/2018 04:00:00 AM,2,2,0
04/30/2018 05:00:00 AM,24,16,8
04/30/2018 06:00:00 AM,54,24,30
04/30/2018 07:00:00 AM,100,48,52
04/30/2018 08:00:00 AM,117,54,63
04/30/2018 09:00:00 AM,65,31,34
04/30/2018 10:00:00 AM,21,8,13
04/30/2018 11:00:00 AM,32,13,19
04/30/2018 12:00:00 PM,33,16,17
04/30/2018 01:00:00 PM,38,21,17
04/30/2018 02:00:00 PM,25,12,13
04/30/2018 03:00:00 PM,54,13,41
04/30/2018 04:00:00 PM,125,38,87
04/30/2018 05:00:00 PM,187,69,118
04/30/2018 06:00:00 PM,90,32,58
04/30/2018 07:00:00 PM,33,16,17
04/30/2018 08:00:00 PM,10,5,5
04/30/2018 09:00:00 PM,11,5,6
04/30/2018 10:00:00 PM,5,2,3
04/30/2018 11:00:00 PM,4,2,2
05/01/2018 12:00:00 AM,1,1,0
05/01/2018 01:00:00 AM,5,3,2
05/01/2018 02:00:00 AM,3,2,1
05/01/2018 03:00:00 AM,0,0,0
05/01/2018 04:00:00 AM,2,1,1
05/01/2018 05:00:00 AM,18,12,6
05/01/2018 06:00:00 AM,57,29,28
05/01/2018 07:00:00 AM,123,63,60
05/01/2018 08:00:00 AM,180,73,107
05/01/2018 09:00:00 AM,87,38,49
05/01/2018 10:00:00 AM,39,20,19
05/01/2018 11:00:00 AM,39,23,16
05/01/2018 12:00:00 PM,59,32,27
05/01/2018 01:00:00 PM,39,18,21
05/01/2018 02:00:00 PM,65,22,43
05/01/2018 03:00:00 PM,82,27,55
05/01/2018 04:00:00 PM,156,62,94
05/01/2018 05:00:00 PM,140,67,73
05/01/2018 06:00:00 PM,137,52,85
05/01/2018 07:00:00 PM,57,22,35
05/01/2018 08:00:00 PM,20,10,10
05/01/2018 09:00:00 PM,16,8,8
05/01/2018 10:00:00 PM,15,10,5
05/01/2018 11:00:00 PM,5,2,3
05/02/2018 12:00:00 AM,3,2,1
05/02/2018 01:00:00 AM,1,1,0
05/02/2018 02:00:00 AM,2,0,2
05/02/2018 03:00:00 AM,2,2,0
05/02/2018 04:00:00 AM,2,2,0
05/02/2018 05:00:00 AM,19,12,7
05/02/2018 06:00:00 AM,61,30,31
05/02/2018 07:00:00 AM,139,61,78
05/02/2018 08:00:00 AM,195,90,105
05/02/2018 09:00:00 AM,96,41,55
05/02/2018 10:00:00 AM,35,18,17
05/02/2018 11:00:00 AM,56,23,33
05/02/2018 12:00:00 PM,56,27,29
05/02/2018 01:00:00 PM,57,25,32
05/02/2018 02:00:00 PM,42,19,23
05/02/2018 03:00:00 PM,81,33,48
05/02/2018 04:00:00 PM,154,50,104
05/02/2018 05:00:00 PM,276,103,173
05/02/2018 06:00:00 PM,132,47,85
05/02/2018 07:00:00 PM,49,17,32
05/02/2018 08:00:00 PM,32,16,16
05/02/2018 09:00:00 PM,22,8,14
05/02/2018 10:00:00 PM,10,5,5
05/02/2018 11:00:00 PM,8,5,3
05/03/2018 12:00:00 AM,5,4,1
05/03/2018 01:00:00 AM,0,0,0
05/03/2018 02:00:00 AM,1,1,0
05/03/2018 03:00:00 AM,0,0,0
05/03/2018 04:00:00 AM,2,1,1
05/03/2018 05:00:00 AM,22,17,5
05/03/2018 06:00:00 AM,59,26,33
05/03/2018 07:00:00 AM,114,58,56
05/03/2018 08:00:00 AM,168,68,100
05/03/2018 09:00:00 AM,106,51,55
05/03/2018 10:00:00 AM,34,12,22
05/03/2018 11:00:00 AM,44,18,26
05/03/2018 12:00:00 PM,48,24,24
05/03/2018 01:00:00 PM,47,26,21
05/03/2018 02:00:00 PM,57,16,41
05/03/2018 03:00:00 PM,82,37,45
05/03/2018 04:00:00 PM,182,60,122
05/03/2018 05:00:00 PM,271,80,191
05/03/2018 06:00:00 PM,169,63,106
05/03/2018 07:00:00 PM,49,18,31
05/03/2018 08:00:00 PM,28,16,12
05/03/2018 09:00:00 PM,22,13,9
05/03/2018 10:00:00 PM,16,10,6
05/03/2018 11:00:00 PM,14,7,7
05/04/2018 12:00:00 AM,4,3,1
05/04/2018 01:00:00 AM,1,0,1
05/04/2018 02:00:00 AM,0,0,0
05/04/2018 03:00:00 AM,0,0,0
05/04/2018 04:00:00 AM,1,0,1
05/04/2018 05:00:00 AM,15,11,4
05/04/2018 06:00:00 AM,46,24,22
05/04/2018 07:00:00 AM,89,44,45
05/04/2018 08:00:00 AM,154,72,82
05/04/2018 09:00:00 AM,83,35,48
05/04/2018 10:00:00 AM,29,8,21
05/04/2018 11:00:00 AM,52,23,29
05/04/2018 12:00:00 PM,56,25,31
05/04/2018 01:00:00 PM,40,20,20
05/04/2018 02:00:00 PM,38,14,24
05/04/2018 03:00:00 PM,84,26,58
05/04/2018 04:00:00 PM,159,61,98
05/04/2018 05:00:00 PM,184,63,121
05/04/2018 06:00:00 PM,129,47,82
05/04/2018 07:00:00 PM,47,15,32
05/04/2018 08:00:00 PM,12,4,8
05/04/2018 09:00:00 PM,18,5,13
05/04/2018 10:00:00 PM,31,20,11
05/04/2018 11:00:00 PM,12,7,5
05/05/2018 12:00:00 AM,14,12,2
05/05/2018 01:00:00 AM,4,3,1
05/05/2018 02:00:00 AM,0,0,0
05/05/2018 03:00:00 AM,0,0,0
05/05/2018 04:00:00 AM,0,0,0
05/05/2018 05:00:00 AM,1,0,1
05/05/2018 06:00:00 AM,7,3,4
05/05/2018 07:00:00 AM,13,8,5
05/05/2018 08:00:00 AM,25,10,15
05/05/2018 09:00:00 AM,18,4,14
05/05/2018 10:00:00 AM,29,10,19
05/05/2018 11:00:00 AM,60,20,40
05/05/2018 12:00:00 PM,76,13,63
05/05/2018 01:00:00 PM,49,16,33
05/05/2018 02:00:00 PM,36,9,27
05/05/2018 03:00:00 PM,77,53,24
05/05/2018 04:00:00 PM,45,21,24
05/05/2018 05:00:00 PM,49,24,25
05/05/2018 06:00:00 PM,47,22,25
05/05/2018 07:00:00 PM,5,2,3
05/05/2018 08:00:00 PM,15,7,8
05/05/2018 09:00:00 PM,8,3,5
05/05/2018 10:00:00 PM,12,12,0
05/05/2018 11:00:00 PM,14,10,4
05/06/2018 12:00:00 AM,5,1,4
05/06/2018 01:00:00 AM,5,1,4
05/06/2018 02:00:00 AM,10,4,6
05/06/2018 03:00:00 AM,0,0,0
05/06/2018 04:00:00 AM,0,0,0
05/06/2018 05:00:00 AM,0,0,0
05/06/2018 06:00:00 AM,3,1,2
05/06/2018 07:00:00 AM,12,6,6
05/06/2018 08:00:00 AM,27,4,23
05/06/2018 09:00:00 AM,22,12,10
05/06/2018 10:00:00 AM,24,12,12
05/06/2018 11:00:00 AM,39,14,25
05/06/2018 12:00:00 PM,59,14,45
05/06/2018 01:00:00 PM,47,23,24
05/06/2018 02:00:00 PM,42,17,25
05/06/2018 03:00:00 PM,56,45,11
05/06/2018 04:00:00 PM,46,37,9
05/06/2018 05:00:00 PM,30,9,21
05/06/2018 06:00:00 PM,29,19,10
05/06/2018 07:00:00 PM,14,8,6
05/06/2018 08:00:00 PM,7,4,3
05/06/2018 09:00:00 PM,6,2,4
05/06/2018 10:00:00 PM,10,4,6
05/06/2018 11:00:00 PM,3,2,1
05/07/2018 12:00:00 AM,4,1,3
05/07/2018 01:00:00 AM,2,2,0
05/07/2018 02:00:00 AM,0,0,0
05/07/2018 03:00:00 AM,1,1,0
05/07/2018 04:00:00 AM,2,2,0
05/07/2018 05:00:00 AM,22,16,6
05/07/2018 06:00:00 AM,59,30,29
05/07/2018 07:00:00 AM,122,59,63
05/07/2018 08:00:00 AM,215,90,125
05/07/2018 09:00:00 AM,116,41,75
05/07/2018 10:00:00 AM,34,15,19
05/07/2018 11:00:00 AM,28,15,13
05/07/2018 12:00:00 PM,30,17,13
05/07/2018 01:00:00 PM,31,20,11
05/07/2018 02:00:00 PM,52,24,28
05/07/2018 03:00:00 PM,66,16,50
05/07/2018 04:00:00 PM,179,57,122
05/07/2018 05:00:00 PM,257,100,157
05/07/2018 06:00:00 PM,120,46,74
05/07/2018 07:00:00 PM,62,26,36
05/07/2018 08:00:00 PM,22,12,10
05/07/2018 09:00:00 PM,12,3,9
05/07/2018 10:00:00 PM,15,7,8
05/07/2018 11:00:00 PM,4,2,2
05/08/2018 12:00:00 AM,2,1,1
05/08/2018 01:00:00 AM,2,2,0
05/08/2018 02:00:00 AM,0,0,0
05/08/2018 03:00:00 AM,1,1,0
05/08/2018 04:00:00 AM,0,0,0
05/08/2018 05:00:00 AM,20,15,5
05/08/2018 06:00:00 AM,73,37,36
05/08/2018 07:00:00 AM,138,73,65
05/08/2018 08:00:00 AM,189,76,113
05/08/2018 09:00:00 AM,98,42,56
05/08/2018 10:00:00 AM,31,14,17
05/08/2018 11:00:00 AM,38,17,21
05/08/2018 12:00:00 PM,49,22,27
05/08/2018 01:00:00 PM,51,25,26
05/08/2018 02:00:00 PM,61,23,38
05/08/2018 03:00:00 PM,65,13,52
05/08/2018 04:00:00 PM,203,70,133
05/08/2018 05:00:00 PM,229,97,132
05/08/2018 06:00:00 PM,106,40,66
05/08/2018 07:00:00 PM,53,18,35
05/08/2018 08:00:00 PM,15,5,10
05/08/2018 09:00:00 PM,14,6,8
05/08/2018 10:00:00 PM,9,7,2
05/08/2018 11:00:00 PM,4,0,4
05/09/2018 12:00:00 AM,2,2,0
05/09/2018 01:00:00 AM,0,0,0
05/09/2018 02:00:00 AM,0,0,0
05/09/2018 03:00:00 AM,0,0,0
05/09/2018 04:00:00 AM,2,1,1
05/09/2018 05:00:00 AM,15,7,8
05/09/2018 06:00:00 AM,49,29,20
05/09/2018 07:00:00 AM,120,52,68
05/09/2018 08:00:00 AM,171,75,96
05/09/2018 09:00:00 AM,104,45,59
05/09/2018 10:00:00 AM,49,17,32
05/09/2018 11:00:00 AM,34,16,18
05/09/2018 12:00:00 PM,38,17,21
05/09/2018 01:00:00 PM,34,16,18
05/09/2018 02:00:00 PM,56,20,36
05/09/2018 03:00:00 PM,70,19,51
05/09/2018 04:00:00 PM,178,53,125
05/09/2018 05:00:00 PM,212,93,119
05/09/2018 06:00:00 PM,116,38,78
05/09/2018 07:00:00 PM,53,26,27
05/09/2018 08:00:00 PM,22,9,13
05/09/2018 09:00:00 PM,15,8,7
05/09/2018 10:00:00 PM,7,4,3
05/09/2018 11:00:00 PM,4,3,1
05/10/2018 12:00:00 AM,1,1,0
05/10/2018 01:00:00 AM,1,1,0
05/10/2018 02:00:00 AM,1,0,1
05/10/2018 03:00:00 AM,1,1,0
05/10/2018 04:00:00 AM,4,1,3
05/10/2018 05:00:00 AM,12,9,3
05/10/2018 06:00:00 AM,37,19,18
05/10/2018 07:00:00 AM,93,46,47
05/10/2018 08:00:00 AM,144,57,87
05/10/2018 09:00:00 AM,87,32,55
05/10/2018 10:00:00 AM,37,14,23
05/10/2018 11:00:00 AM,42,19,23
05/10/2018 12:00:00 PM,42,21,21
05/10/2018 01:00:00 PM,39,14,25
05/10/2018 02:00:00 PM,34,15,19
05/10/2018 03:00:00 PM,75,21,54
05/10/2018 04:00:00 PM,133,42,91
05/10/2018 05:00:00 PM,159,59,100
05/10/2018 06:00:00 PM,109,43,66
05/10/2018 07:00:00 PM,31,11,20
05/10/2018 08:00:00 PM,17,9,8
05/10/2018 09:00:00 PM,15,6,9
05/10/2018 10:00:00 PM,10,4,6
05/10/2018 11:00:00 PM,5,2,3
05/11/2018 12:00:00 AM,1,0,1
05/11/2018 01:00:00 AM,3,2,1
05/11/2018 02:00:00 AM,0,0,0
05/11/2018 03:00:00 AM,0,0,0
05/11/2018 04:00:00 AM,1,1,0
05/11/2018 05:00:00 AM,17,13,4
05/11/2018 06:00:00 AM,47,27,20
05/11/2018 07:00:00 AM,121,49,72
05/11/2018 08:00:00 AM,147,62,85
05/11/2018 09:00:00 AM,89,39,50
05/11/2018 10:00:00 AM,41,17,24
05/11/2018 11:00:00 AM,49,28,21
05/11/2018 12:00:00 PM,39,16,23
05/11/2018 01:00:00 PM,52,25,27
05/11/2018 02:00:00 PM,60,23,37
05/11/2018 03:00:00 PM,117,51,66
05/11/2018 04:00:00 PM,168,75,93
05/11/2018 05:00:00 PM,204,67,137
05/11/2018 06:00:00 PM,77,29,48
05/11/2018 07:00:00 PM,45,14,31
05/11/2018 08:00:00 PM,19,6,13
05/11/2018 09:00:00 PM,11,6,5
05/11/2018 10:00:00 PM,8,3,5
05/11/2018 11:00:00 PM,5,1,4
05/12/2018 12:00:00 AM,4,1,3
05/12/2018 01:00:00 AM,8,6,2
05/12/2018 02:00:00 AM,0,0,0
05/12/2018 03:00:00 AM,2,1,1
05/12/2018 04:00:00 AM,0,0,0
05/12/2018 05:00:00 AM,0,0,0
05/12/2018 06:00:00 AM,4,1,3
05/12/2018 07:00:00 AM,13,7,6
05/12/2018 08:00:00 AM,10,6,4
05/12/2018 09:00:00 AM,25,13,12
05/12/2018 10:00:00 AM,32,10,22
05/12/2018 11:00:00 AM,34,10,24
05/12/2018 12:00:00 PM,55,29,26
05/12/2018 01:00:00 PM,41,15,26
05/12/2018 02:00:00 PM,33,12,21
05/12/2018 03:00:00 PM,40,7,33
05/12/2018 04:00:00 PM,52,27,25
05/12/2018 05:00:00 PM,39,18,21
05/12/2018 06:00:00 PM,56,22,34
05/12/2018 07:00:00 PM,33,18,15
05/12/2018 08:00:00 PM,16,12,4
05/12/2018 09:00:00 PM,7,4,3
05/12/2018 10:00:00 PM,12,4,8
05/12/2018 11:00:00 PM,5,1,4
05/13/2018 12:00:00 AM,5,2,3
05/13/2018 01:00:00 AM,6,3,3
05/13/2018 02:00:00 AM,6,5,1
05/13/2018 03:00:00 AM,0,0,0
05/13/2018 04:00:00 AM,0,0,0
05/13/2018 05:00:00 AM,5,0,5
05/13/2018 06:00:00 AM,3,0,3
05/13/2018 07:00:00 AM,4,3,1
05/13/2018 08:00:00 AM,7,5,2
05/13/2018 09:00:00 AM,23,12,11
05/13/2018 10:00:00 AM,37,16,21
05/13/2018 11:00:00 AM,38,13,25
05/13/2018 12:00:00 PM,39,17,22
05/13/2018 01:00:00 PM,33,16,17
05/13/2018 02:00:00 PM,36,16,20
05/13/2018 03:00:00 PM,42,21,21
05/13/2018 04:00:00 PM,47,25,22
05/13/2018 05:00:00 PM,29,5,24
05/13/2018 06:00:00 PM,22,9,13
05/13/2018 07:00:00 PM,16,5,11
05/13/2018 08:00:00 PM,16,8,8
05/13/2018 09:00:00 PM,8,4,4
05/13/2018 10:00:00 PM,14,8,6
05/13/2018 11:00:00 PM,6,3,3
05/14/2018 12:00:00 AM,4,1,3
05/14/2018 01:00:00 AM,3,3,0
05/14/2018 02:00:00 AM,2,2,0
05/14/2018 03:00:00 AM,1,1,0
05/14/2018 04:00:00 AM,2,2,0
05/14/2018 05:00:00 AM,17,10,7
05/14/2018 06:00:00 AM,64,37,27
05/14/2018 07:00:00 AM,149,70,79
05/14/2018 08:00:00 AM,208,82,126
05/14/2018 09:00:00 AM,101,46,55
05/14/2018 10:00:00 AM,28,16,12
05/14/2018 11:00:00 AM,34,9,25
05/14/2018 12:00:00 PM,41,18,23
05/14/2018 01:00:00 PM,45,22,23
05/14/2018 02:00:00 PM,48,15,33
05/14/2018 03:00:00 PM,73,20,53
05/14/2018 04:00:00 PM,182,72,110
05/14/2018 05:00:00 PM,270,102,168
05/14/2018 06:00:00 PM,134,53,81
05/14/2018 07:00:00 PM,56,21,35
05/14/2018 08:00:00 PM,24,13,11
05/14/2018 09:00:00 PM,14,6,8
05/14/2018 10:00:00 PM,9,4,5
05/14/2018 11:00:00 PM,6,2,4
05/15/2018 12:00:00 AM,0,0,0
05/15/2018 01:00:00 AM,3,2,1
05/15/2018 02:00:00 AM,1,1,0
05/15/2018 03:00:00 AM,0,0,0
05/15/2018 04:00:00 AM,2,2,0
05/15/2018 05:00:00 AM,19,11,8
05/15/2018 06:00:00 AM,63,30,33
05/15/2018 07:00:00 AM,149,67,82
05/15/2018 08:00:00 AM,192,89,103
05/15/2018 09:00:00 AM,111,49,62
05/15/2018 10:00:00 AM,38,13,25
05/15/2018 11:00:00 AM,28,15,13
05/15/2018 12:00:00 PM,39,21,18
05/15/2018 01:00:00 PM,38,14,24
05/15/2018 02:00:00 PM,43,15,28
05/15/2018 03:00:00 PM,84,31,53
05/15/2018 04:00:00 PM,202,67,135
05/15/2018 05:00:00 PM,277,105,172
05/15/2018 06:00:00 PM,153,53,100
05/15/2018 07:00:00 PM,62,24,38
05/15/2018 08:00:00 PM,27,10,17
05/15/2018 09:00:00 PM,27,15,12
05/15/2018 10:00:00 PM,9,4,5
05/15/2018 11:00:00 PM,9,5,4
05/16/2018 12:00:00 AM,5,3,2
05/16/2018 01:00:00 AM,4,3,1
05/16/2018 02:00:00 AM,0,0,0
05/16/2018 03:00:00 AM,0,0,0
05/16/2018 04:00:00 AM,2,2,0
05/16/2018 05:00:00 AM,25,16,9
05/16/2018 06:00:00 AM,64,31,33
05/16/2018 07:00:00 AM,140,61,79
05/16/2018 08:00:00 AM,186,81,105
05/16/2018 09:00:00 AM,102,44,58
05/16/2018 10:00:00 AM,33,14,19
05/16/2018 11:00:00 AM,41,12,29
05/16/2018 12:00:00 PM,55,23,32
05/16/2018 01:00:00 PM,42,22,20
05/16/2018 02:00:00 PM,53,29,24
05/16/2018 03:00:00 PM,107,37,70
05/16/2018 04:00:00 PM,189,76,113
05/16/2018 05:00:00 PM,233,104,129
05/16/2018 06:00:00 PM,125,52,73
05/16/2018 07:00:00 PM,52,18,34
05/16/2018 08:00:00 PM,29,9,20
05/16/2018 09:00:00 PM,16,5,11
05/16/2018 10:00:00 PM,8,5,3
05/16/2018 11:00:00 PM,10,4,6
05/17/2018 12:00:00 AM,4,2,2
05/17/2018 01:00:00 AM,2,2,0
05/17/2018 02:00:00 AM,0,0,0
05/17/2018 03:00:00 AM,2,2,0
05/17/2018 04:00:00 AM,2,2,0
05/17/2018 05:00:00 AM,21,13,8
05/17/2018 06:00:00 AM,55,26,29
05/17/2018 07:00:00 AM,131,66,65
05/17/2018 08:00:00 AM,191,82,109
05/17/2018 09:00:00 AM,102,49,53
05/17/2018 10:00:00 AM,56,20,36
05/17/2018 11:00:00 AM,32,14,18
05/17/2018 12:00:00 PM,41,19,22
05/17/2018 01:00:00 PM,62,35,27
05/17/2018 02:00:00 PM,55,19,36
05/17/2018 03:00:00 PM,103,37,66
05/17/2018 04:00:00 PM,172,59,113
05/17/2018 05:00:00 PM,253,105,148
05/17/2018 06:00:00 PM,130,39,91
05/17/2018 07:00:00 PM,45,14,31
05/17/2018 08:00:00 PM,26,18,8
05/17/2018 09:00:00 PM,24,9,15
05/17/2018 10:00:00 PM,13,8,5
05/17/2018 11:00:00 PM,11,5,6
05/18/2018 12:00:00 AM,8,5,3
05/18/2018 01:00:00 AM,2,0,2
05/18/2018 02:00:00 AM,0,0,0
05/18/2018 03:00:00 AM,0,0,0
05/18/2018 04:00:00 AM,3,1,2
05/18/2018 05:00:00 AM,16,11,5
05/18/2018 06:00:00 AM,65,31,34
05/18/2018 07:00:00 AM,198,84,114
05/18/2018 08:00:00 AM,280,122,158
05/18/2018 09:00:00 AM,126,61,65
05/18/2018 10:00:00 AM,43,24,19
05/18/2018 11:00:00 AM,36,18,18
05/18/2018 12:00:00 PM,48,28,20
05/18/2018 01:00:00 PM,57,23,34
05/18/2018 02:00:00 PM,40,23,17
05/18/2018 03:00:00 PM,107,43,64
05/18/2018 04:00:00 PM,177,65,112
05/18/2018 05:00:00 PM,246,83,163
05/18/2018 06:00:00 PM,124,31,93
05/18/2018 07:00:00 PM,55,23,32
05/18/2018 08:00:00 PM,18,12,6
05/18/2018 09:00:00 PM,28,21,7
05/18/2018 10:00:00 PM,36,24,12
05/18/2018 11:00:00 PM,13,5,8
05/19/2018 12:00:00 AM,5,2,3
05/19/2018 01:00:00 AM,7,6,1
05/19/2018 02:00:00 AM,5,2,3
05/19/2018 03:00:00 AM,1,1,0
05/19/2018 04:00:00 AM,0,0,0
05/19/2018 05:00:00 AM,4,2,2
05/19/2018 06:00:00 AM,4,3,1
05/19/2018 07:00:00 AM,7,6,1
05/19/2018 08:00:00 AM,13,5,8
05/19/2018 09:00:00 AM,19,7,12
05/19/2018 10:00:00 AM,19,12,7
05/19/2018 11:00:00 AM,37,16,21
05/19/2018 12:00:00 PM,52,18,34
05/19/2018 01:00:00 PM,49,19,30
05/19/2018 02:00:00 PM,42,12,30
05/19/2018 03:00:00 PM,41,13,28
05/19/2018 04:00:00 PM,64,23,41
05/19/2018 05:00:00 PM,41,13,28
05/19/2018 06:00:00 PM,34,16,18
05/19/2018 07:00:00 PM,14,7,7
05/19/2018 08:00:00 PM,6,6,0
05/19/2018 09:00:00 PM,29,21,8
05/19/2018 10:00:00 PM,11,4,7
05/19/2018 11:00:00 PM,10,6,4
05/20/2018 12:00:00 AM,6,4,2
05/20/2018 01:00:00 AM,1,1,0
05/20/2018 02:00:00 AM,1,1,0
05/20/2018 03:00:00 AM,2,2,0
05/20/2018 04:00:00 AM,1,1,0
05/20/2018 05:00:00 AM,0,0,0
05/20/2018 06:00:00 AM,0,0,0
05/20/2018 07:00:00 AM,14,7,7
05/20/2018 08:00:00 AM,11,6,5
05/20/2018 09:00:00 AM,14,8,6
05/20/2018 10:00:00 AM,26,14,12
05/20/2018 11:00:00 AM,26,17,9
05/20/2018 12:00:00 PM,38,13,25
05/20/2018 01:00:00 PM,29,10,19
05/20/2018 02:00:00 PM,56,31,25
05/20/2018 03:00:00 PM,33,14,19
05/20/2018 04:00:00 PM,38,20,18
05/20/2018 05:00:00 PM,42,30,12
05/20/2018 06:00:00 PM,30,12,18
05/20/2018 07:00:00 PM,14,6,8
05/20/2018 08:00:00 PM,14,9,5
05/20/2018 09:00:00 PM,3,1,2
05/20/2018 10:00:00 PM,7,1,6
05/20/2018 11:00:00 PM,8,4,4
05/21/2018 12:00:00 AM,1,0,1
05/21/2018 01:00:00 AM,0,0,0
05/21/2018 02:00:00 AM,2,2,0
05/21/2018 03:00:00 AM,1,1,0
05/21/2018 04:00:00 AM,1,1,0
05/21/2018 05:00:00 AM,16,12,4
05/21/2018 06:00:00 AM,62,32,30
05/21/2018 07:00:00 AM,122,62,60
05/21/2018 08:00:00 AM,210,100,110
05/21/2018 09:00:00 AM,105,41,64
05/21/2018 10:00:00 AM,33,16,17
05/21/2018 11:00:00 AM,31,16,15
05/21/2018 12:00:00 PM,37,23,14
05/21/2018 01:00:00 PM,40,20,20
05/21/2018 02:00:00 PM,46,21,25
05/21/2018 03:00:00 PM,85,34,51
05/21/2018 04:00:00 PM,177,62,115
05/21/2018 05:00:00 PM,262,96,166
05/21/2018 06:00:00 PM,121,39,82
05/21/2018 07:00:00 PM,43,18,25
05/21/2018 08:00:00 PM,25,13,12
05/21/2018 09:00:00 PM,19,6,13
05/21/2018 10:00:00 PM,13,5,8
05/21/2018 11:00:00 PM,10,3,7
05/22/2018 12:00:00 AM,8,4,4
05/22/2018 01:00:00 AM,2,1,1
05/22/2018 02:00:00 AM,1,0,1
05/22/2018 03:00:00 AM,0,0,0
05/22/2018 04:00:00 AM,2,2,0
05/22/2018 05:00:00 AM,15,11,4
05/22/2018 06:00:00 AM,62,28,34
05/22/2018 07:00:00 AM,147,72,75
05/22/2018 08:00:00 AM,209,87,122
05/22/2018 09:00:00 AM,102,35,67
05/22/2018 10:00:00 AM,36,16,20
05/22/2018 11:00:00 AM,60,31,29
05/22/2018 12:00:00 PM,64,36,28
05/22/2018 01:00:00 PM,51,29,22
05/22/2018 02:00:00 PM,50,28,22
05/22/2018 03:00:00 PM,110,32,78
05/22/2018 04:00:00 PM,208,80,128
05/22/2018 05:00:00 PM,282,111,171
05/22/2018 06:00:00 PM,175,61,114
05/22/2018 07:00:00 PM,65,24,41
05/22/2018 08:00:00 PM,28,11,17
05/22/2018 09:00:00 PM,19,10,9
05/22/2018 10:00:00 PM,23,16,7
05/22/2018 11:00:00 PM,37,26,11
05/23/2018 12:00:00 AM,6,4,2
05/23/2018 01:00:00 AM,3,2,1
05/23/2018 02:00:00 AM,2,0,2
05/23/2018 03:00:00 AM,0,0,0
05/23/2018 04:00:00 AM,7,3,4
05/23/2018 05:00:00 AM,20,12,8
05/23/2018 06:00:00 AM,59,31,28
05/23/2018 07:00:00 AM,129,66,63
05/23/2018 08:00:00 AM,190,91,99
05/23/2018 09:00:00 AM,100,35,65
05/23/2018 10:00:00 AM,32,12,20
05/23/2018 11:00:00 AM,51,26,25
05/23/2018 12:00:00 PM,48,25,23
05/23/2018 01:00:00 PM,61,21,40
05/23/2018 02:00:00 PM,56,19,37
05/23/2018 03:00:00 PM,87,34,53
05/23/2018 04:00:00 PM,182,76,106
05/23/2018 05:00:00 PM,295,110,185
05/23/2018 06:00:00 PM,134,44,90
05/23/2018 07:00:00 PM,50,21,29
05/23/2018 08:00:00 PM,32,17,15
05/23/2018 09:00:00 PM,21,5,16
05/23/2018 10:00:00 PM,13,3,10
05/23/2018 11:00:00 PM,13,5,8
05/24/2018 12:00:00 AM,4,2,2
05/24/2018 01:00:00 AM,3,1,2
05/24/2018 02:00:00 AM,2,1,1
05/24/2018 03:00:00 AM,1,0,1
05/24/2018 04:00:00 AM,3,3,0
05/24/2018 05:00:00 AM,20,11,9
05/24/2018 06:00:00 AM,59,28,31
05/24/2018 07:00:00 AM,103,57,46
05/24/2018 08:00:00 AM,200,91,109
05/24/2018 09:00:00 AM,87,35,52
05/24/2018 10:00:00 AM,36,18,18
05/24/2018 11:00:00 AM,48,27,21
05/24/2018 12:00:00 PM,46,19,27
05/24/2018 01:00:00 PM,42,25,17
05/24/2018 02:00:00 PM,55,21,34
05/24/2018 03:00:00 PM,88,27,61
05/24/2018 04:00:00 PM,156,50,106
05/24/2018 05:00:00 PM,226,83,143
05/24/2018 06:00:00 PM,117,48,69
05/24/2018 07:00:00 PM,57,22,35
05/24/2018 08:00:00 PM,29,16,13
05/24/2018 09:00:00 PM,19,8,11
05/24/2018 10:00:00 PM,7,3,4
05/24/2018 11:00:00 PM,11,5,6
05/25/2018 12:00:00 AM,1,0,1
05/25/2018 01:00:00 AM,4,1,3
05/25/2018 02:00:00 AM,4,1,3
05/25/2018 03:00:00 AM,0,0,0
05/25/2018 04:00:00 AM,3,2,1
05/25/2018 05:00:00 AM,14,9,5
05/25/2018 06:00:00 AM,42,20,22
05/25/2018 07:00:00 AM,98,57,41
05/25/2018 08:00:00 AM,150,69,81
05/25/2018 09:00:00 AM,78,35,43
05/25/2018 10:00:00 AM,33,11,22
05/25/2018 11:00:00 AM,36,12,24
05/25/2018 12:00:00 PM,59,29,30
05/25/2018 01:00:00 PM,53,17,36
05/25/2018 02:00:00 PM,64,28,36
05/25/2018 03:00:00 PM,98,35,63
05/25/2018 04:00:00 PM,164,58,106
05/25/2018 05:00:00 PM,150,53,97
05/25/2018 06:00:00 PM,88,22,66
05/25/2018 07:00:00 PM,38,10,28
05/25/2018 08:00:00 PM,27,15,12
05/25/2018 09:00:00 PM,20,10,10
05/25/2018 10:00:00 PM,16,11,5
05/25/2018 11:00:00 PM,9,2,7
05/26/2018 12:00:00 AM,5,2,3
05/26/2018 01:00:00 AM,1,1,0
05/26/2018 02:00:00 AM,2,0,2
05/26/2018 03:00:00 AM,3,2,1
05/26/2018 04:00:00 AM,1,0,1
05/26/2018 05:00:00 AM,0,0,0
05/26/2018 06:00:00 AM,2,1,1
05/26/2018 07:00:00 AM,7,5,2
05/26/2018 08:00:00 AM,14,11,3
05/26/2018 09:00:00 AM,21,8,13
05/26/2018 10:00:00 AM,34,12,22
05/26/2018 11:00:00 AM,43,13,30
05/26/2018 12:00:00 PM,55,15,40
05/26/2018 01:00:00 PM,91,27,64
05/26/2018 02:00:00 PM,30,13,17
05/26/2018 03:00:00 PM,43,11,32
05/26/2018 04:00:00 PM,82,52,30
05/26/2018 05:00:00 PM,31,15,16
05/26/2018 06:00:00 PM,37,11,26
05/26/2018 07:00:00 PM,21,8,13
05/26/2018 08:00:00 PM,31,14,17
05/26/2018 09:00:00 PM,21,10,11
05/26/2018 10:00:00 PM,15,6,9
05/26/2018 11:00:00 PM,15,11,4
05/27/2018 12:00:00 AM,4,2,2
05/27/2018 01:00:00 AM,7,4,3
05/27/2018 02:00:00 AM,0,0,0
05/27/2018 03:00:00 AM,3,2,1
05/27/2018 04:00:00 AM,0,0,0
05/27/2018 05:00:00 AM,1,1,0
05/27/2018 06:00:00 AM,0,0,0
05/27/2018 07:00:00 AM,7,2,5
05/27/2018 08:00:00 AM,11,7,4
05/27/2018 09:00:00 AM,21,4,17
05/27/2018 10:00:00 AM,27,10,17
05/27/2018 11:00:00 AM,30,10,20
05/27/2018 12:00:00 PM,33,8,25
05/27/2018 01:00:00 PM,43,9,34
05/27/2018 02:00:00 PM,42,22,20
05/27/2018 03:00:00 PM,51,26,25
05/27/2018 04:00:00 PM,44,30,14
05/27/2018 05:00:00 PM,37,19,18
05/27/2018 06:00:00 PM,35,15,20
05/27/2018 07:00:00 PM,27,14,13
05/27/2018 08:00:00 PM,21,12,9
05/27/2018 09:00:00 PM,13,7,6
05/27/2018 10:00:00 PM,5,1,4
05/27/2018 11:00:00 PM,9,4,5
05/28/2018 12:00:00 AM,7,3,4
05/28/2018 01:00:00 AM,1,0,1
05/28/2018 02:00:00 AM,0,0,0
05/28/2018 03:00:00 AM,3,2,1
05/28/2018 04:00:00 AM,0,0,0
05/28/2018 05:00:00 AM,3,2,1
05/28/2018 06:00:00 AM,5,3,2
05/28/2018 07:00:00 AM,5,3,2
05/28/2018 08:00:00 AM,15,6,9
05/28/2018 09:00:00 AM,14,3,11
05/28/2018 10:00:00 AM,26,11,15
05/28/2018 11:00:00 AM,35,17,18
05/28/2018 12:00:00 PM,28,10,18
05/28/2018 01:00:00 PM,50,20,30
05/28/2018 02:00:00 PM,53,19,34
05/28/2018 03:00:00 PM,37,16,21
05/28/2018 04:00:00 PM,64,35,29
05/28/2018 05:00:00 PM,36,19,17
05/28/2018 06:00:00 PM,26,19,7
05/28/2018 07:00:00 PM,18,7,11
05/28/2018 08:00:00 PM,16,7,9
05/28/2018 09:00:00 PM,11,2,9
05/28/2018 10:00:00 PM,11,5,6
05/28/2018 11:00:00 PM,7,4,3
05/29/2018 12:00:00 AM,1,0,1
05/29/2018 01:00:00 AM,1,0,1
05/29/2018 02:00:00 AM,2,1,1
05/29/2018 03:00:00 AM,0,0,0
05/29/2018 04:00:00 AM,2,1,1
05/29/2018 05:00:00 AM,15,10,5
05/29/2018 06:00:00 AM,63,32,31
05/29/2018 07:00:00 AM,126,64,62
05/29/2018 08:00:00 AM,172,76,96
05/29/2018 09:00:00 AM,87,41,46
05/29/2018 10:00:00 AM,35,17,18
05/29/2018 11:00:00 AM,37,18,19
05/29/2018 12:00:00 PM,48,25,23
05/29/2018 01:00:00 PM,28,12,16
05/29/2018 02:00:00 PM,43,15,28
05/29/2018 03:00:00 PM,79,19,60
05/29/2018 04:00:00 PM,170,55,115
05/29/2018 05:00:00 PM,226,82,144
05/29/2018 06:00:00 PM,132,42,90
05/29/2018 07:00:00 PM,39,17,22
05/29/2018 08:00:00 PM,19,9,10
05/29/2018 09:00:00 PM,13,7,6
05/29/2018 10:00:00 PM,8,7,1
05/29/2018 11:00:00 PM,5,4,1
05/30/2018 12:00:00 AM,2,0,2
05/30/2018 01:00:00 AM,2,1,1
05/30/2018 02:00:00 AM,2,1,1
05/30/2018 03:00:00 AM,1,1,0
05/30/2018 04:00:00 AM,3,2,1
05/30/2018 05:00:00 AM,16,12,4
05/30/2018 06:00:00 AM,59,33,26
05/30/2018 07:00:00 AM,137,66,71
05/30/2018 08:00:00 AM,174,83,91
05/30/2018 09:00:00 AM,105,43,62
05/30/2018 10:00:00 AM,37,15,22
05/30/2018 11:00:00 AM,45,17,28
05/30/2018 12:00:00 PM,48,23,25
05/30/2018 01:00:00 PM,39,19,20
05/30/2018 02:00:00 PM,60,25,35
05/30/2018 03:00:00 PM,89,26,63
05/30/2018 04:00:00 PM,172,54,118
05/30/2018 05:00:00 PM,247,72,175
05/30/2018 06:00:00 PM,124,33,91
05/30/2018 07:00:00 PM,47,18,29
05/30/2018 08:00:00 PM,21,10,11
05/30/2018 09:00:00 PM,17,10,7
05/30/2018 10:00:00 PM,24,18,6
05/30/2018 11:00:00 PM,10,4,6
05/31/2018 12:00:00 AM,4,2,2
05/31/2018 01:00:00 AM,0,0,0
05/31/2018 02:00:00 AM,0,0,0
05/31/2018 03:00:00 AM,2,0,2
05/31/2018 04:00:00 AM,3,2,1
05/31/2018 05:00:00 AM,14,8,6
05/31/2018 06:00:00 AM,65,30,35
05/31/2018 07:00:00 AM,127,76,51
05/31/2018 08:00:00 AM,176,79,97
05/31/2018 09:00:00 AM,102,46,56
05/31/2018 10:00:00 AM,37,19,18
05/31/2018 11:00:00 AM,64,35,29
05/31/2018 12:00:00 PM,44,22,22
05/31/2018 01:00:00 PM,34,18,16
05/31/2018 02:00:00 PM,41,13,28
05/31/2018 03:00:00 PM,93,26,67
05/31/2018 04:00:00 PM,155,51,104
05/31/2018 05:00:00 PM,228,89,139
05/31/2018 06:00:00 PM,123,42,81
05/31/2018 07:00:00 PM,57,18,39
05/31/2018 08:00:00 PM,30,9,21
05/31/2018 09:00:00 PM,15,7,8
05/31/2018 10:00:00 PM,13,6,7
05/31/2018 11:00:00 PM,8,4,4
06/01/2018 12:00:00 AM,4,2,2
06/01/2018 01:00:00 AM,3,2,1
06/01/2018 02:00:00 AM,2,1,1
06/01/2018 03:00:00 AM,2,0,2
06/01/2018 04:00:00 AM,2,2,0
06/01/2018 05:00:00 AM,11,8,3
06/01/2018 06:00:00 AM,41,25,16
06/01/2018 07:00:00 AM,109,64,45
06/01/2018 08:00:00 AM,141,59,82
06/01/2018 09:00:00 AM,85,40,45
06/01/2018 10:00:00 AM,36,15,21
06/01/2018 11:00:00 AM,46,20,26
06/01/2018 12:00:00 PM,45,21,24
06/01/2018 01:00:00 PM,46,25,21
06/01/2018 02:00:00 PM,65,25,40
06/01/2018 03:00:00 PM,89,29,60
06/01/2018 04:00:00 PM,187,66,121
06/01/2018 05:00:00 PM,201,76,125
06/01/2018 06:00:00 PM,120,44,76
06/01/2018 07:00:00 PM,55,15,40
06/01/2018 08:00:00 PM,36,16,20
06/01/2018 09:00:00 PM,24,11,13
06/01/2018 10:00:00 PM,10,6,4
06/01/2018 11:00:00 PM,15,9,6
06/02/2018 12:00:00 AM,10,6,4
06/02/2018 01:00:00 AM,9,7,2
06/02/2018 02:00:00 AM,11,5,6
06/02/2018 03:00:00 AM,2,1,1
06/02/2018 04:00:00 AM,1,1,0
06/02/2018 05:00:00 AM,2,1,1
06/02/2018 06:00:00 AM,4,3,1
06/02/2018 07:00:00 AM,12,7,5
06/02/2018 08:00:00 AM,24,7,17
06/02/2018 09:00:00 AM,13,5,8
06/02/2018 10:00:00 AM,36,11,25
06/02/2018 11:00:00 AM,38,17,21
06/02/2018 12:00:00 PM,45,18,27
06/02/2018 01:00:00 PM,49,20,29
06/02/2018 02:00:00 PM,50,24,26
06/02/2018 03:00:00 PM,50,19,31
06/02/2018 04:00:00 PM,69,30,39
06/02/2018 05:00:00 PM,43,17,26
06/02/2018 06:00:00 PM,56,21,35
06/02/2018 07:00:00 PM,46,11,35
06/02/2018 08:00:00 PM,21,6,15
06/02/2018 09:00:00 PM,15,5,10
06/02/2018 10:00:00 PM,32,20,12
06/02/2018 11:00:00 PM,15,9,6
06/03/2018 12:00:00 AM,10,6,4
06/03/2018 01:00:00 AM,8,7,1
06/03/2018 02:00:00 AM,2,2,0
06/03/2018 03:00:00 AM,0,0,0
06/03/2018 04:00:00 AM,1,0,1
06/03/2018 05:00:00 AM,1,0,1
06/03/2018 06:00:00 AM,4,2,2
06/03/2018 07:00:00 AM,8,5,3
06/03/2018 08:00:00 AM,14,5,9
06/03/2018 09:00:00 AM,10,4,6
06/03/2018 10:00:00 AM,21,10,11
06/03/2018 11:00:00 AM,34,12,22
06/03/2018 12:00:00 PM,39,14,25
06/03/2018 01:00:00 PM,41,22,19
06/03/2018 02:00:00 PM,29,11,18
06/03/2018 03:00:00 PM,18,10,8
06/03/2018 04:00:00 PM,25,14,11
06/03/2018 05:00:00 PM,27,9,18
06/03/2018 06:00:00 PM,11,5,6
06/03/2018 07:00:00 PM,8,1,7
06/03/2018 08:00:00 PM,12,7,5
06/03/2018 09:00:00 PM,9,5,4
06/03/2018 10:00:00 PM,6,3,3
06/03/2018 11:00:00 PM,7,6,1
06/04/2018 12:00:00 AM,7,2,5
06/04/2018 01:00:00 AM,0,0,0
06/04/2018 02:00:00 AM,2,0,2
06/04/2018 03:00:00 AM,2,1,1
06/04/2018 04:00:00 AM,2,1,1
06/04/2018 05:00:00 AM,16,12,4
06/04/2018 06:00:00 AM,54,27,27
06/04/2018 07:00:00 AM,103,56,47
06/04/2018 08:00:00 AM,126,58,68
06/04/2018 09:00:00 AM,81,33,48
06/04/2018 10:00:00 AM,21,9,12
06/04/2018 11:00:00 AM,30,10,20
06/04/2018 12:00:00 PM,37,17,20
06/04/2018 01:00:00 PM,37,22,15
06/04/2018 02:00:00 PM,32,8,24
06/04/2018 03:00:00 PM,61,20,41
06/04/2018 04:00:00 PM,142,44,98
06/04/2018 05:00:00 PM,207,77,130
06/04/2018 06:00:00 PM,112,49,63
06/04/2018 07:00:00 PM,30,14,16
06/04/2018 08:00:00 PM,18,9,9
06/04/2018 09:00:00 PM,6,2,4
06/04/2018 10:00:00 PM,10,4,6
06/04/2018 11:00:00 PM,7,2,5
06/05/2018 12:00:00 AM,1,0,1
06/05/2018 01:00:00 AM,5,3,2
06/05/2018 02:00:00 AM,1,1,0
06/05/2018 03:00:00 AM,2,0,2
06/05/2018 04:00:00 AM,1,1,0
06/05/2018 05:00:00 AM,16,11,5
06/05/2018 06:00:00 AM,66,27,39
06/05/2018 07:00:00 AM,114,62,52
06/05/2018 08:00:00 AM,132,70,62
06/05/2018 09:00:00 AM,75,46,29
06/05/2018 10:00:00 AM,35,13,22
06/05/2018 11:00:00 AM,35,17,18
06/05/2018 12:00:00 PM,42,18,24
06/05/2018 01:00:00 PM,44,14,30
06/05/2018 02:00:00 PM,50,25,25
06/05/2018 03:00:00 PM,92,31,61
06/05/2018 04:00:00 PM,170,54,116
06/05/2018 05:00:00 PM,232,80,152
06/05/2018 06:00:00 PM,128,51,77
06/05/2018 07:00:00 PM,66,25,41
06/05/2018 08:00:00 PM,25,12,13
06/05/2018 09:00:00 PM,15,4,11
06/05/2018 10:00:00 PM,14,3,11
06/05/2018 11:00:00 PM,7,1,6
06/06/2018 12:00:00 AM,0,0,0
06/06/2018 01:00:00 AM,2,1,1
06/06/2018 02:00:00 AM,1,1,0
06/06/2018 03:00:00 AM,2,0,2
06/06/2018 04:00:00 AM,3,2,1
06/06/2018 05:00:00 AM,23,15,8
06/06/2018 06:00:00 AM,51,22,29
06/06/2018 07:00:00 AM,135,56,79
06/06/2018 08:00:00 AM,177,87,90
06/06/2018 09:00:00 AM,141,57,84
06/06/2018 10:00:00 AM,58,26,32
06/06/2018 11:00:00 AM,58,26,32
06/06/2018 12:00:00 PM,49,25,24
06/06/2018 01:00:00 PM,60,35,25
06/06/2018 02:00:00 PM,46,25,21
06/06/2018 03:00:00 PM,95,30,65
06/06/2018 04:00:00 PM,154,51,103
06/06/2018 05:00:00 PM,261,93,168
06/06/2018 06:00:00 PM,138,48,90
06/06/2018 07:00:00 PM,41,14,27
06/06/2018 08:00:00 PM,42,24,18
06/06/2018 09:00:00 PM,20,5,15
06/06/2018 10:00:00 PM,14,3,11
06/06/2018 11:00:00 PM,6,5,1
06/07/2018 12:00:00 AM,4,3,1
06/07/2018 01:00:00 AM,2,2,0
06/07/2018 02:00:00 AM,3,2,1
06/07/2018 03:00:00 AM,1,0,1
06/07/2018 04:00:00 AM,2,1,1
06/07/2018 05:00:00 AM,19,14,5
06/07/2018 06:00:00 AM,44,24,20
06/07/2018 07:00:00 AM,105,47,58
06/07/2018 08:00:00 AM,177,76,101
06/07/2018 09:00:00 AM,89,38,51
06/07/2018 10:00:00 AM,57,28,29
06/07/2018 11:00:00 AM,49,20,29
06/07/2018 12:00:00 PM,44,27,17
06/07/2018 01:00:00 PM,43,20,23
06/07/2018 02:00:00 PM,35,8,27
06/07/2018 03:00:00 PM,84,21,63
06/07/2018 04:00:00 PM,187,70,117
06/07/2018 05:00:00 PM,252,84,168
06/07/2018 06:00:00 PM,150,39,111
06/07/2018 07:00:00 PM,80,34,46
06/07/2018 08:00:00 PM,43,20,23
06/07/2018 09:00:00 PM,28,8,20
06/07/2018 10:00:00 PM,19,13,6
06/07/2018 11:00:00 PM,10,6,4
06/08/2018 12:00:00 AM,0,0,0
06/08/2018 01:00:00 AM,1,0,1
06/08/2018 02:00:00 AM,2,0,2
06/08/2018 03:00:00 AM,2,1,1
06/08/2018 04:00:00 AM,1,1,0
06/08/2018 05:00:00 AM,17,12,5
06/08/2018 06:00:00 AM,61,36,25
06/08/2018 07:00:00 AM,77,39,38
06/08/2018 08:00:00 AM,99,46,53
06/08/2018 09:00:00 AM,74,38,36
06/08/2018 10:00:00 AM,38,14,24
06/08/2018 11:00:00 AM,42,22,20
06/08/2018 12:00:00 PM,28,8,20
06/08/2018 01:00:00 PM,40,17,23
06/08/2018 02:00:00 PM,41,14,27
06/08/2018 03:00:00 PM,59,16,43
06/08/2018 04:00:00 PM,108,29,79
06/08/2018 05:00:00 PM,127,50,77
06/08/2018 06:00:00 PM,58,22,36
06/08/2018 07:00:00 PM,27,15,12
06/08/2018 08:00:00 PM,15,8,7
06/08/2018 09:00:00 PM,8,3,5
06/08/2018 10:00:00 PM,5,5,0
06/08/2018 11:00:00 PM,4,1,3
06/09/2018 12:00:00 AM,8,2,6
06/09/2018 01:00:00 AM,1,0,1
06/09/2018 02:00:00 AM,4,3,1
06/09/2018 03:00:00 AM,1,1,0
06/09/2018 04:00:00 AM,0,0,0
06/09/2018 05:00:00 AM,1,0,1
06/09/2018 06:00:00 AM,2,0,2
06/09/2018 07:00:00 AM,7,5,2
06/09/2018 08:00:00 AM,14,6,8
06/09/2018 09:00:00 AM,12,6,6
06/09/2018 10:00:00 AM,21,10,11
06/09/2018 11:00:00 AM,26,14,12
06/09/2018 12:00:00 PM,27,10,17
06/09/2018 01:00:00 PM,32,14,18
06/09/2018 02:00:00 PM,33,13,20
06/09/2018 03:00:00 PM,37,14,23
06/09/2018 04:00:00 PM,31,11,20
06/09/2018 05:00:00 PM,31,11,20
06/09/2018 06:00:00 PM,46,16,30
06/09/2018 07:00:00 PM,5,3,2
06/09/2018 08:00:00 PM,13,5,8
06/09/2018 09:00:00 PM,21,15,6
06/09/2018 10:00:00 PM,4,2,2
06/09/2018 11:00:00 PM,5,2,3
06/10/2018 12:00:00 AM,6,3,3
06/10/2018 01:00:00 AM,4,3,1
06/10/2018 02:00:00 AM,5,4,1
06/10/2018 03:00:00 AM,0,0,0
06/10/2018 04:00:00 AM,0,0,0
06/10/2018 05:00:00 AM,2,1,1
06/10/2018 06:00:00 AM,7,4,3
06/10/2018 07:00:00 AM,7,4,3
06/10/2018 08:00:00 AM,12,6,6
06/10/2018 09:00:00 AM,12,6,6
06/10/2018 10:00:00 AM,22,9,13
06/10/2018 11:00:00 AM,17,7,10
06/10/2018 12:00:00 PM,23,9,14
06/10/2018 01:00:00 PM,29,12,17
06/10/2018 02:00:00 PM,27,16,11
06/10/2018 03:00:00 PM,22,8,14
06/10/2018 04:00:00 PM,12,3,9
06/10/2018 05:00:00 PM,15,10,5
06/10/2018 06:00:00 PM,9,5,4
06/10/2018 07:00:00 PM,9,5,4
06/10/2018 08:00:00 PM,5,3,2
06/10/2018 09:00:00 PM,7,4,3
06/10/2018 10:00:00 PM,8,4,4
06/10/2018 11:00:00 PM,3,1,2
06/11/2018 12:00:00 AM,0,0,0
06/11/2018 01:00:00 AM,1,1,0
06/11/2018 02:00:00 AM,3,2,1
06/11/2018 03:00:00 AM,0,0,0
06/11/2018 04:00:00 AM,2,1,1
06/11/2018 05:00:00 AM,19,14,5
06/11/2018 06:00:00 AM,53,27,26
06/11/2018 07:00:00 AM,119,57,62
06/11/2018 08:00:00 AM,170,68,102
06/11/2018 09:00:00 AM,100,50,50
06/11/2018 10:00:00 AM,36,15,21
06/11/2018 11:00:00 AM,36,12,24
06/11/2018 12:00:00 PM,48,22,26
06/11/2018 01:00:00 PM,35,16,19
06/11/2018 02:00:00 PM,35,16,19
06/11/2018 03:00:00 PM,82,25,57
06/11/2018 04:00:00 PM,166,54,112
06/11/2018 05:00:00 PM,251,87,164
06/11/2018 06:00:00 PM,165,53,112
06/11/2018 07:00:00 PM,50,26,24
06/11/2018 08:00:00 PM,28,13,15
06/11/2018 09:00:00 PM,31,11,20
06/11/2018 10:00:00 PM,13,8,5
06/11/2018 11:00:00 PM,4,4,0
06/12/2018 12:00:00 AM,4,2,2
06/12/2018 01:00:00 AM,0,0,0
06/12/2018 02:00:00 AM,2,0,2
06/12/2018 03:00:00 AM,2,2,0
06/12/2018 04:00:00 AM,4,3,1
06/12/2018 05:00:00 AM,21,19,2
06/12/2018 06:00:00 AM,62,30,32
06/12/2018 07:00:00 AM,129,60,69
06/12/2018 08:00:00 AM,192,84,108
06/12/2018 09:00:00 AM,129,59,70
06/12/2018 10:00:00 AM,33,16,17
06/12/2018 11:00:00 AM,39,17,22
06/12/2018 12:00:00 PM,56,22,34
06/12/2018 01:00:00 PM,61,26,35
06/12/2018 02:00:00 PM,57,20,37
06/12/2018 03:00:00 PM,83,20,63
06/12/2018 04:00:00 PM,190,67,123
06/12/2018 05:00:00 PM,269,96,173
06/12/2018 06:00:00 PM,142,57,85
06/12/2018 07:00:00 PM,63,17,46
06/12/2018 08:00:00 PM,39,18,21
06/12/2018 09:00:00 PM,23,12,11
06/12/2018 10:00:00 PM,25,20,5
06/12/2018 11:00:00 PM,2,1,1
06/13/2018 12:00:00 AM,3,3,0
06/13/2018 01:00:00 AM,0,0,0
06/13/2018 02:00:00 AM,1,1,0
06/13/2018 03:00:00 AM,6,3,3
06/13/2018 04:00:00 AM,3,0,3
06/13/2018 05:00:00 AM,23,15,8
06/13/2018 06:00:00 AM,27,17,10
06/13/2018 07:00:00 AM,59,31,28
06/13/2018 08:00:00 AM,89,39,50
06/13/2018 09:00:00 AM,79,33,46
06/13/2018 10:00:00 AM,33,13,20
06/13/2018 11:00:00 AM,45,22,23
06/13/2018 12:00:00 PM,59,26,33
06/13/2018 01:00:00 PM,40,15,25
06/13/2018 02:00:00 PM,41,14,27
06/13/2018 03:00:00 PM,58,16,42
06/13/2018 04:00:00 PM,104,36,68
06/13/2018 05:00:00 PM,148,52,96
06/13/2018 06:00:00 PM,84,32,52
06/13/2018 07:00:00 PM,24,9,15
06/13/2018 08:00:00 PM,19,10,9
06/13/2018 09:00:00 PM,16,7,9
06/13/2018 10:00:00 PM,7,3,4
06/13/2018 11:00:00 PM,6,0,6
06/14/2018 12:00:00 AM,2,1,1
06/14/2018 01:00:00 AM,1,1,0
06/14/2018 02:00:00 AM,2,1,1
06/14/2018 03:00:00 AM,2,2,0
06/14/2018 04:00:00 AM,8,5,3
06/14/2018 05:00:00 AM,17,12,5
06/14/2018 06:00:00 AM,46,22,24
06/14/2018 07:00:00 AM,89,53,36
06/14/2018 08:00:00 AM,160,60,100
06/14/2018 09:00:00 AM,96,40,56
06/14/2018 10:00:00 AM,35,11,24
06/14/2018 11:00:00 AM,52,22,30
06/14/2018 12:00:00 PM,38,20,18
06/14/2018 01:00:00 PM,47,23,24
06/14/2018 02:00:00 PM,54,25,29
06/14/2018 03:00:00 PM,74,23,51
06/14/2018 04:00:00 PM,153,48,105
06/14/2018 05:00:00 PM,208,77,131
06/14/2018 06:00:00 PM,164,60,104
06/14/2018 07:00:00 PM,55,25,30
06/14/2018 08:00:00 PM,24,9,15
06/14/2018 09:00:00 PM,26,14,12
06/14/2018 10:00:00 PM,32,19,13
06/14/2018 11:00:00 PM,6,3,3
06/15/2018 12:00:00 AM,4,2,2
06/15/2018 01:00:00 AM,2,1,1
06/15/2018 02:00:00 AM,2,1,1
06/15/2018 03:00:00 AM,1,1,0
06/15/2018 04:00:00 AM,0,0,0
06/15/2018 05:00:00 AM,12,8,4
06/15/2018 06:00:00 AM,54,23,31
06/15/2018 07:00:00 AM,104,52,52
06/15/2018 08:00:00 AM,148,63,85
06/15/2018 09:00:00 AM,84,33,51
06/15/2018 10:00:00 AM,49,17,32
06/15/2018 11:00:00 AM,47,19,28
06/15/2018 12:00:00 PM,48,22,26
06/15/2018 01:00:00 PM,42,28,14
06/15/2018 02:00:00 PM,68,24,44
06/15/2018 03:00:00 PM,99,37,62
06/15/2018 04:00:00 PM,165,50,115
06/15/2018 05:00:00 PM,224,73,151
06/15/2018 06:00:00 PM,136,53,83
06/15/2018 07:00:00 PM,55,22,33
06/15/2018 08:00:00 PM,21,12,9
06/15/2018 09:00:00 PM,18,11,7
06/15/2018 10:00:00 PM,37,20,17
06/15/2018 11:00:00 PM,41,23,18
06/16/2018 12:00:00 AM,8,4,4
06/16/2018 01:00:00 AM,3,1,2
06/16/2018 02:00:00 AM,3,2,1
06/16/2018 03:00:00 AM,2,2,0
06/16/2018 04:00:00 AM,0,0,0
06/16/2018 05:00:00 AM,2,2,0
06/16/2018 06:00:00 AM,5,3,2
06/16/2018 07:00:00 AM,10,6,4
06/16/2018 08:00:00 AM,22,13,9
06/16/2018 09:00:00 AM,27,11,16
06/16/2018 10:00:00 AM,31,21,10
06/16/2018 11:00:00 AM,24,13,11
06/16/2018 12:00:00 PM,42,22,20
06/16/2018 01:00:00 PM,44,34,10
06/16/2018 02:00:00 PM,39,18,21
06/16/2018 03:00:00 PM,64,10,54
06/16/2018 04:00:00 PM,53,16,37
06/16/2018 05:00:00 PM,43,8,35
06/16/2018 06:00:00 PM,45,22,23
06/16/2018 07:00:00 PM,33,15,18
06/16/2018 08:00:00 PM,50,39,11
06/16/2018 09:00:00 PM,27,11,16
06/16/2018 10:00:00 PM,9,4,5
06/16/2018 11:00:00 PM,14,5,9
06/17/2018 12:00:00 AM,17,8,9
06/17/2018 01:00:00 AM,1,0,1
06/17/2018 02:00:00 AM,4,3,1
06/17/2018 03:00:00 AM,3,1,2
06/17/2018 04:00:00 AM,1,0,1
06/17/2018 05:00:00 AM,1,0,1
06/17/2018 06:00:00 AM,4,2,2
06/17/2018 07:00:00 AM,5,3,2
06/17/2018 08:00:00 AM,14,8,6
06/17/2018 09:00:00 AM,19,9,10
06/17/2018 10:00:00 AM,28,8,20
06/17/2018 11:00:00 AM,35,9,26
06/17/2018 12:00:00 PM,39,19,20
06/17/2018 01:00:00 PM,34,12,22
06/17/2018 02:00:00 PM,35,20,15
06/17/2018 03:00:00 PM,33,16,17
06/17/2018 04:00:00 PM,50,30,20
06/17/2018 05:00:00 PM,46,20,26
06/17/2018 06:00:00 PM,32,17,15
06/17/2018 07:00:00 PM,28,9,19
06/17/2018 08:00:00 PM,12,5,7
06/17/2018 09:00:00 PM,20,11,9
06/17/2018 10:00:00 PM,4,1,3
06/17/2018 11:00:00 PM,3,2,1
06/18/2018 12:00:00 AM,5,3,2
06/18/2018 01:00:00 AM,3,3,0
06/18/2018 02:00:00 AM,1,1,0
06/18/2018 03:00:00 AM,1,1,0
06/18/2018 04:00:00 AM,4,3,1
06/18/2018 05:00:00 AM,24,17,7
06/18/2018 06:00:00 AM,55,24,31
06/18/2018 07:00:00 AM,120,55,65
06/18/2018 08:00:00 AM,203,94,109
06/18/2018 09:00:00 AM,111,45,66
06/18/2018 10:00:00 AM,28,13,15
06/18/2018 11:00:00 AM,45,21,24
06/18/2018 12:00:00 PM,51,20,31
06/18/2018 01:00:00 PM,41,24,17
06/18/2018 02:00:00 PM,55,18,37
06/18/2018 03:00:00 PM,74,23,51
06/18/2018 04:00:00 PM,172,57,115
06/18/2018 05:00:00 PM,267,117,150
06/18/2018 06:00:00 PM,142,62,80
06/18/2018 07:00:00 PM,50,21,29
06/18/2018 08:00:00 PM,26,12,14
06/18/2018 09:00:00 PM,17,6,11
06/18/2018 10:00:00 PM,9,7,2
06/18/2018 11:00:00 PM,4,2,2
06/19/2018 12:00:00 AM,2,1,1
06/19/2018 01:00:00 AM,3,1,2
06/19/2018 02:00:00 AM,0,0,0
06/19/2018 03:00:00 AM,3,2,1
06/19/2018 04:00:00 AM,2,1,1
06/19/2018 05:00:00 AM,22,15,7
06/19/2018 06:00:00 AM,51,26,25
06/19/2018 07:00:00 AM,134,64,70
06/19/2018 08:00:00 AM,189,81,108
06/19/2018 09:00:00 AM,120,58,62
06/19/2018 10:00:00 AM,26,8,18
06/19/2018 11:00:00 AM,44,19,25
06/19/2018 12:00:00 PM,61,26,35
06/19/2018 01:00:00 PM,45,19,26
06/19/2018 02:00:00 PM,42,14,28
06/19/2018 03:00:00 PM,98,19,79
06/19/2018 04:00:00 PM,201,79,122
06/19/2018 05:00:00 PM,256,93,163
06/19/2018 06:00:00 PM,99,47,52
06/19/2018 07:00:00 PM,55,20,35
06/19/2018 08:00:00 PM,20,11,9
06/19/2018 09:00:00 PM,16,4,12
06/19/2018 10:00:00 PM,13,4,9
06/19/2018 11:00:00 PM,3,1,2
06/20/2018 12:00:00 AM,2,1,1
06/20/2018 01:00:00 AM,2,1,1
06/20/2018 02:00:00 AM,1,0,1
06/20/2018 03:00:00 AM,2,2,0
06/20/2018 04:00:00 AM,3,3,0
06/20/2018 05:00:00 AM,18,12,6
06/20/2018 06:00:00 AM,58,34,24
06/20/2018 07:00:00 AM,137,63,74
06/20/2018 08:00:00 AM,184,78,106
06/20/2018 09:00:00 AM,101,40,61
06/20/2018 10:00:00 AM,35,13,22
06/20/2018 11:00:00 AM,54,29,25
06/20/2018 12:00:00 PM,58,29,29
06/20/2018 01:00:00 PM,45,18,27
06/20/2018 02:00:00 PM,53,26,27
06/20/2018 03:00:00 PM,117,39,78
06/20/2018 04:00:00 PM,162,62,100
06/20/2018 05:00:00 PM,249,98,151
06/20/2018 06:00:00 PM,129,56,73
06/20/2018 07:00:00 PM,74,32,42
06/20/2018 08:00:00 PM,29,15,14
06/20/2018 09:00:00 PM,25,10,15
06/20/2018 10:00:00 PM,12,5,7
06/20/2018 11:00:00 PM,13,8,5
06/21/2018 12:00:00 AM,2,1,1
06/21/2018 01:00:00 AM,1,1,0
06/21/2018 02:00:00 AM,3,1,2
06/21/2018 03:00:00 AM,3,2,1
06/21/2018 04:00:00 AM,1,0,1
06/21/2018 05:00:00 AM,18,10,8
06/21/2018 06:00:00 AM,38,10,28
06/21/2018 07:00:00 AM,91,38,53
06/21/2018 08:00:00 AM,160,57,103
06/21/2018 09:00:00 AM,112,40,72
06/21/2018 10:00:00 AM,51,21,30
06/21/2018 11:00:00 AM,34,18,16
06/21/2018 12:00:00 PM,40,19,21
06/21/2018 01:00:00 PM,40,19,21
06/21/2018 02:00:00 PM,53,19,34
06/21/2018 03:00:00 PM,70,20,50
06/21/2018 04:00:00 PM,161,63,98
06/21/2018 05:00:00 PM,228,95,133
06/21/2018 06:00:00 PM,108,44,64
06/21/2018 07:00:00 PM,65,28,37
06/21/2018 08:00:00 PM,28,15,13
06/21/2018 09:00:00 PM,21,10,11
06/21/2018 10:00:00 PM,16,7,9
06/21/2018 11:00:00 PM,3,0,3
06/22/2018 12:00:00 AM,8,5,3
06/22/2018 01:00:00 AM,4,1,3
06/22/2018 02:00:00 AM,0,0,0
06/22/2018 03:00:00 AM,3,3,0
06/22/2018 04:00:00 AM,3,2,1
06/22/2018 05:00:00 AM,17,9,8
06/22/2018 06:00:00 AM,35,15,20
06/22/2018 07:00:00 AM,74,33,41
06/22/2018 08:00:00 AM,149,58,91
06/22/2018 09:00:00 AM,87,35,52
06/22/2018 10:00:00 AM,37,11,26
06/22/2018 11:00:00 AM,42,20,22
06/22/2018 12:00:00 PM,44,24,20
06/22/2018 01:00:00 PM,43,18,25
06/22/2018 02:00:00 PM,60,26,34
06/22/2018 03:00:00 PM,99,42,57
06/22/2018 04:00:00 PM,141,41,100
06/22/2018 05:00:00 PM,155,66,89
06/22/2018 06:00:00 PM,99,42,57
06/22/2018 07:00:00 PM,40,22,18
06/22/2018 08:00:00 PM,15,2,13
06/22/2018 09:00:00 PM,10,7,3
06/22/2018 10:00:00 PM,11,7,4
06/22/2018 11:00:00 PM,7,3,4
06/23/2018 12:00:00 AM,3,3,0
06/23/2018 01:00:00 AM,1,0,1
06/23/2018 02:00:00 AM,5,3,2
06/23/2018 03:00:00 AM,2,1,1
06/23/2018 04:00:00 AM,0,0,0
06/23/2018 05:00:00 AM,0,0,0
06/23/2018 06:00:00 AM,4,1,3
06/23/2018 07:00:00 AM,15,5,10
06/23/2018 08:00:00 AM,17,7,10
06/23/2018 09:00:00 AM,22,5,17
06/23/2018 10:00:00 AM,18,9,9
06/23/2018 11:00:00 AM,26,13,13
06/23/2018 12:00:00 PM,33,13,20
06/23/2018 01:00:00 PM,36,16,20
06/23/2018 02:00:00 PM,37,16,21
06/23/2018 03:00:00 PM,37,11,26
06/23/2018 04:00:00 PM,47,10,37
06/23/2018 05:00:00 PM,68,18,50
06/23/2018 06:00:00 PM,72,13,59
06/23/2018 07:00:00 PM,27,11,16
06/23/2018 08:00:00 PM,17,10,7
06/23/2018 09:00:00 PM,57,45,12
06/23/2018 10:00:00 PM,18,7,11
06/23/2018 11:00:00 PM,12,5,7
06/24/2018 12:00:00 AM,7,4,3
06/24/2018 01:00:00 AM,9,7,2
06/24/2018 02:00:00 AM,1,1,0
06/24/2018 03:00:00 AM,3,2,1
06/24/2018 04:00:00 AM,1,0,1
06/24/2018 05:00:00 AM,2,1,1
06/24/2018 06:00:00 AM,2,0,2
06/24/2018 07:00:00 AM,9,2,7
06/24/2018 08:00:00 AM,11,6,5
06/24/2018 09:00:00 AM,17,10,7
06/24/2018 10:00:00 AM,14,7,7
06/24/2018 11:00:00 AM,43,26,17
06/24/2018 12:00:00 PM,21,12,9
06/24/2018 01:00:00 PM,49,22,27
06/24/2018 02:00:00 PM,42,24,18
06/24/2018 03:00:00 PM,60,26,34
06/24/2018 04:00:00 PM,53,17,36
06/24/2018 05:00:00 PM,39,18,21
06/24/2018 06:00:00 PM,35,15,20
06/24/2018 07:00:00 PM,23,8,15
06/24/2018 08:00:00 PM,7,2,5
06/24/2018 09:00:00 PM,9,3,6
06/24/2018 10:00:00 PM,2,1,1
06/24/2018 11:00:00 PM,6,4,2
06/25/2018 12:00:00 AM,2,0,2
06/25/2018 01:00:00 AM,0,0,0
06/25/2018 02:00:00 AM,1,1,0
06/25/2018 03:00:00 AM,1,1,0
06/25/2018 04:00:00 AM,0,0,0
06/25/2018 05:00:00 AM,16,10,6
06/25/2018 06:00:00 AM,33,20,13
06/25/2018 07:00:00 AM,77,36,41
06/25/2018 08:00:00 AM,120,49,71
06/25/2018 09:00:00 AM,89,38,51
06/25/2018 10:00:00 AM,34,12,22
06/25/2018 11:00:00 AM,28,16,12
06/25/2018 12:00:00 PM,27,13,14
06/25/2018 01:00:00 PM,34,21,13
06/25/2018 02:00:00 PM,41,17,24
06/25/2018 03:00:00 PM,62,19,43
06/25/2018 04:00:00 PM,130,43,87
06/25/2018 05:00:00 PM,196,76,120
06/25/2018 06:00:00 PM,89,36,53
06/25/2018 07:00:00 PM,42,21,21
06/25/2018 08:00:00 PM,19,8,11
06/25/2018 09:00:00 PM,12,4,8
06/25/2018 10:00:00 PM,7,3,4
06/25/2018 11:00:00 PM,4,3,1
06/26/2018 12:00:00 AM,4,2,2
06/26/2018 01:00:00 AM,3,3,0
06/26/2018 02:00:00 AM,1,1,0
06/26/2018 03:00:00 AM,2,1,1
06/26/2018 04:00:00 AM,1,0,1
06/26/2018 05:00:00 AM,17,10,7
06/26/2018 06:00:00 AM,34,11,23
06/26/2018 07:00:00 AM,88,44,44
06/26/2018 08:00:00 AM,129,42,87
06/26/2018 09:00:00 AM,83,35,48
06/26/2018 10:00:00 AM,34,14,20
06/26/2018 11:00:00 AM,38,16,22
06/26/2018 12:00:00 PM,44,20,24
06/26/2018 01:00:00 PM,48,17,31
06/26/2018 02:00:00 PM,51,23,28
06/26/2018 03:00:00 PM,69,16,53
06/26/2018 04:00:00 PM,178,58,120
06/26/2018 05:00:00 PM,194,73,121
06/26/2018 06:00:00 PM,109,45,64
06/26/2018 07:00:00 PM,63,36,27
06/26/2018 08:00:00 PM,35,12,23
06/26/2018 09:00:00 PM,14,10,4
06/26/2018 10:00:00 PM,11,6,5
06/26/2018 11:00:00 PM,4,4,0
06/27/2018 12:00:00 AM,3,0,3
06/27/2018 01:00:00 AM,0,0,0
06/27/2018 02:00:00 AM,0,0,0
06/27/2018 03:00:00 AM,5,2,3
06/27/2018 04:00:00 AM,4,2,2
06/27/2018 05:00:00 AM,24,14,10
06/27/2018 06:00:00 AM,56,20,36
06/27/2018 07:00:00 AM,118,65,53
06/27/2018 08:00:00 AM,183,81,102
06/27/2018 09:00:00 AM,96,40,56
06/27/2018 10:00:00 AM,51,25,26
06/27/2018 11:00:00 AM,51,20,31
06/27/2018 12:00:00 PM,42,24,18
06/27/2018 01:00:00 PM,49,25,24
06/27/2018 02:00:00 PM,55,21,34
06/27/2018 03:00:00 PM,93,35,58
06/27/2018 04:00:00 PM,134,48,86
06/27/2018 05:00:00 PM,229,86,143
06/27/2018 06:00:00 PM,121,40,81
06/27/2018 07:00:00 PM,50,21,29
06/27/2018 08:00:00 PM,30,15,15
06/27/2018 09:00:00 PM,17,7,10
06/27/2018 10:00:00 PM,4,3,1
06/27/2018 11:00:00 PM,3,1,2
06/28/2018 12:00:00 AM,2,1,1
06/28/2018 01:00:00 AM,2,0,2
06/28/2018 02:00:00 AM,1,1,0
06/28/2018 03:00:00 AM,4,2,2
06/28/2018 04:00:00 AM,2,0,2
06/28/2018 05:00:00 AM,19,15,4
06/28/2018 06:00:00 AM,42,24,18
06/28/2018 07:00:00 AM,93,48,45
06/28/2018 08:00:00 AM,166,71,95
06/28/2018 09:00:00 AM,95,43,52
06/28/2018 10:00:00 AM,54,28,26
06/28/2018 11:00:00 AM,46,25,21
06/28/2018 12:00:00 PM,47,24,23
06/28/2018 01:00:00 PM,64,35,29
06/28/2018 02:00:00 PM,56,21,35
06/28/2018 03:00:00 PM,85,28,57
06/28/2018 04:00:00 PM,155,61,94
06/28/2018 05:00:00 PM,231,77,154
06/28/2018 06:00:00 PM,113,38,75
06/28/2018 07:00:00 PM,54,24,30
06/28/2018 08:00:00 PM,30,14,16
06/28/2018 09:00:00 PM,24,14,10
06/28/2018 10:00:00 PM,8,4,4
06/28/2018 11:00:00 PM,3,2,1
06/29/2018 12:00:00 AM,4,4,0
06/29/2018 01:00:00 AM,2,2,0
06/29/2018 02:00:00 AM,4,3,1
06/29/2018 03:00:00 AM,2,2,0
06/29/2018 04:00:00 AM,4,4,0
06/29/2018 05:00:00 AM,17,13,4
06/29/2018 06:00:00 AM,36,16,20
06/29/2018 07:00:00 AM,88,46,42
06/29/2018 08:00:00 AM,134,57,77
06/29/2018 09:00:00 AM,79,38,41
06/29/2018 10:00:00 AM,38,17,21
06/29/2018 11:00:00 AM,39,19,20
06/29/2018 12:00:00 PM,68,39,29
06/29/2018 01:00:00 PM,49,21,28
06/29/2018 02:00:00 PM,57,28,29
06/29/2018 03:00:00 PM,81,29,52
06/29/2018 04:00:00 PM,158,54,104
06/29/2018 05:00:00 PM,201,67,134
06/29/2018 06:00:00 PM,105,37,68
06/29/2018 07:00:00 PM,38,17,21
06/29/2018 08:00:00 PM,23,15,8
06/29/2018 09:00:00 PM,20,13,7
06/29/2018 10:00:00 PM,19,15,4
06/29/2018 11:00:00 PM,14,6,8
06/30/2018 12:00:00 AM,10,1,9
06/30/2018 01:00:00 AM,4,1,3
06/30/2018 02:00:00 AM,1,1,0
06/30/2018 03:00:00 AM,1,1,0
06/30/2018 04:00:00 AM,1,0,1
06/30/2018 05:00:00 AM,1,1,0
06/30/2018 06:00:00 AM,2,1,1
06/30/2018 07:00:00 AM,14,4,10
06/30/2018 08:00:00 AM,21,11,10
06/30/2018 09:00:00 AM,23,8,15
06/30/2018 10:00:00 AM,35,9,26
06/30/2018 11:00:00 AM,36,16,20
06/30/2018 12:00:00 PM,71,16,55
06/30/2018 01:00:00 PM,77,18,59
06/30/2018 02:00:00 PM,39,19,20
06/30/2018 03:00:00 PM,52,40,12
06/30/2018 04:00:00 PM,81,51,30
06/30/2018 05:00:00 PM,26,14,12
06/30/2018 06:00:00 PM,42,16,26
06/30/2018 07:00:00 PM,20,9,11
06/30/2018 08:00:00 PM,12,7,5
06/30/2018 09:00:00 PM,19,8,11
06/30/2018 10:00:00 PM,19,13,6
06/30/2018 11:00:00 PM,18,7,11
07/01/2018 12:00:00 AM,4,2,2
07/01/2018 01:00:00 AM,2,0,2
07/01/2018 02:00:00 AM,0,0,0
07/01/2018 03:00:00 AM,2,1,1
07/01/2018 04:00:00 AM,0,0,0
07/01/2018 05:00:00 AM,0,0,0
07/01/2018 06:00:00 AM,5,1,4
07/01/2018 07:00:00 AM,8,5,3
07/01/2018 08:00:00 AM,19,4,15
07/01/2018 09:00:00 AM,15,6,9
07/01/2018 10:00:00 AM,17,7,10
07/01/2018 11:00:00 AM,19,4,15
07/01/2018 12:00:00 PM,20,10,10
07/01/2018 01:00:00 PM,23,10,13
07/01/2018 02:00:00 PM,40,15,25
07/01/2018 03:00:00 PM,45,29,16
07/01/2018 04:00:00 PM,43,24,19
07/01/2018 05:00:00 PM,35,14,21
07/01/2018 06:00:00 PM,28,12,16
07/01/2018 07:00:00 PM,25,14,11
07/01/2018 08:00:00 PM,17,5,12
07/01/2018 09:00:00 PM,10,2,8
07/01/2018 10:00:00 PM,5,2,3
07/01/2018 11:00:00 PM,6,3,3
07/02/2018 12:00:00 AM,1,1,0
07/02/2018 01:00:00 AM,2,1,1
07/02/2018 02:00:00 AM,4,3,1
07/02/2018 03:00:00 AM,1,1,0
07/02/2018 04:00:00 AM,2,2,0
07/02/2018 05:00:00 AM,21,13,8
07/02/2018 06:00:00 AM,35,14,21
07/02/2018 07:00:00 AM,94,44,50
07/02/2018 08:00:00 AM,172,67,105
07/02/2018 09:00:00 AM,118,62,56
07/02/2018 10:00:00 AM,38,12,26
07/02/2018 11:00:00 AM,49,23,26
07/02/2018 12:00:00 PM,57,24,33
07/02/2018 01:00:00 PM,48,28,20
07/02/2018 02:00:00 PM,43,20,23
07/02/2018 03:00:00 PM,84,22,62
07/02/2018 04:00:00 PM,161,60,101
07/02/2018 05:00:00 PM,238,120,118
07/02/2018 06:00:00 PM,105,37,68
07/02/2018 07:00:00 PM,49,22,27
07/02/2018 08:00:00 PM,15,7,8
07/02/2018 09:00:00 PM,22,14,8
07/02/2018 10:00:00 PM,11,4,7
07/02/2018 11:00:00 PM,8,8,0
07/03/2018 12:00:00 AM,1,0,1
07/03/2018 01:00:00 AM,0,0,0
07/03/2018 02:00:00 AM,2,2,0
07/03/2018 03:00:00 AM,2,2,0
07/03/2018 04:00:00 AM,0,0,0
07/03/2018 05:00:00 AM,17,10,7
07/03/2018 06:00:00 AM,56,21,35
07/03/2018 07:00:00 AM,96,50,46
07/03/2018 08:00:00 AM,157,71,86
07/03/2018 09:00:00 AM,106,54,52
07/03/2018 10:00:00 AM,44,17,27
07/03/2018 11:00:00 AM,48,22,26
07/03/2018 12:00:00 PM,60,33,27
07/03/2018 01:00:00 PM,50,25,25
07/03/2018 02:00:00 PM,74,30,44
07/03/2018 03:00:00 PM,117,36,81
07/03/2018 04:00:00 PM,171,51,120
07/03/2018 05:00:00 PM,232,83,149
07/03/2018 06:00:00 PM,142,40,102
07/03/2018 07:00:00 PM,57,21,36
07/03/2018 08:00:00 PM,26,17,9
07/03/2018 09:00:00 PM,38,22,16
07/03/2018 10:00:00 PM,36,23,13
07/03/2018 11:00:00 PM,11,4,7
07/04/2018 12:00:00 AM,4,2,2
07/04/2018 01:00:00 AM,1,1,0
07/04/2018 02:00:00 AM,2,0,2
07/04/2018 03:00:00 AM,4,2,2
07/04/2018 04:00:00 AM,3,1,2
07/04/2018 05:00:00 AM,2,1,1
07/04/2018 06:00:00 AM,3,0,3
07/04/2018 07:00:00 AM,16,9,7
07/04/2018 08:00:00 AM,7,3,4
07/04/2018 09:00:00 AM,27,4,23
07/04/2018 10:00:00 AM,43,13,30
07/04/2018 11:00:00 AM,34,13,21
07/04/2018 12:00:00 PM,60,26,34
07/04/2018 01:00:00 PM,46,18,28
07/04/2018 02:00:00 PM,55,34,21
07/04/2018 03:00:00 PM,35,17,18
07/04/2018 04:00:00 PM,55,35,20
07/04/2018 05:00:00 PM,42,27,15
07/04/2018 06:00:00 PM,29,15,14
07/04/2018 07:00:00 PM,20,15,5
07/04/2018 08:00:00 PM,7,4,3
07/04/2018 09:00:00 PM,8,4,4
07/04/2018 10:00:00 PM,4,2,2
07/04/2018 11:00:00 PM,34,6,28
07/05/2018 12:00:00 AM,10,3,7
07/05/2018 01:00:00 AM,3,1,2
07/05/2018 02:00:00 AM,1,1,0
07/05/2018 03:00:00 AM,1,1,0
07/05/2018 04:00:00 AM,3,1,2
07/05/2018 05:00:00 AM,6,4,2
07/05/2018 06:00:00 AM,35,20,15
07/05/2018 07:00:00 AM,87,47,40
07/05/2018 08:00:00 AM,141,72,69
07/05/2018 09:00:00 AM,86,39,47
07/05/2018 10:00:00 AM,36,14,22
07/05/2018 11:00:00 AM,45,22,23
07/05/2018 12:00:00 PM,47,24,23
07/05/2018 01:00:00 PM,54,27,27
07/05/2018 02:00:00 PM,60,19,41
07/05/2018 03:00:00 PM,88,35,53
07/05/2018 04:00:00 PM,137,47,90
07/05/2018 05:00:00 PM,212,70,142
07/05/2018 06:00:00 PM,135,40,95
07/05/2018 07:00:00 PM,69,24,45
07/05/2018 08:00:00 PM,60,39,21
07/05/2018 09:00:00 PM,12,7,5
07/05/2018 10:00:00 PM,20,15,5
07/05/2018 11:00:00 PM,15,8,7
07/06/2018 12:00:00 AM,5,1,4
07/06/2018 01:00:00 AM,2,1,1
07/06/2018 02:00:00 AM,1,0,1
07/06/2018 03:00:00 AM,1,1,0
07/06/2018 04:00:00 AM,3,1,2
07/06/2018 05:00:00 AM,12,9,3
07/06/2018 06:00:00 AM,32,15,17
07/06/2018 07:00:00 AM,77,49,28
07/06/2018 08:00:00 AM,133,59,74
07/06/2018 09:00:00 AM,90,35,55
07/06/2018 10:00:00 AM,31,14,17
07/06/2018 11:00:00 AM,55,22,33
07/06/2018 12:00:00 PM,57,29,28
07/06/2018 01:00:00 PM,55,25,30
07/06/2018 02:00:00 PM,64,20,44
07/06/2018 03:00:00 PM,82,30,52
07/06/2018 04:00:00 PM,140,55,85
07/06/2018 05:00:00 PM,149,49,100
07/06/2018 06:00:00 PM,98,31,67
07/06/2018 07:00:00 PM,37,13,24
07/06/2018 08:00:00 PM,16,8,8
07/06/2018 09:00:00 PM,19,10,9
07/06/2018 10:00:00 PM,26,19,7
07/06/2018 11:00:00 PM,15,10,5
07/07/2018 12:00:00 AM,11,6,5
07/07/2018 01:00:00 AM,3,2,1
07/07/2018 02:00:00 AM,4,4,0
07/07/2018 03:00:00 AM,2,2,0
07/07/2018 04:00:00 AM,1,0,1
07/07/2018 05:00:00 AM,0,0,0
07/07/2018 06:00:00 AM,6,3,3
07/07/2018 07:00:00 AM,17,5,12
07/07/2018 08:00:00 AM,23,8,15
07/07/2018 09:00:00 AM,24,11,13
07/07/2018 10:00:00 AM,35,8,27
07/07/2018 11:00:00 AM,45,7,38
07/07/2018 12:00:00 PM,80,20,60
07/07/2018 01:00:00 PM,44,15,29
07/07/2018 02:00:00 PM,49,32,17
07/07/2018 03:00:00 PM,52,25,27
07/07/2018 04:00:00 PM,81,51,30
07/07/2018 05:00:00 PM,37,15,22
07/07/2018 06:00:00 PM,39,15,24
07/07/2018 07:00:00 PM,32,16,16
07/07/2018 08:00:00 PM,33,15,18
07/07/2018 09:00:00 PM,25,10,15
07/07/2018 10:00:00 PM,13,9,4
07/07/2018 11:00:00 PM,29,17,12
07/08/2018 12:00:00 AM,16,8,8
07/08/2018 01:00:00 AM,4,4,0
07/08/2018 02:00:00 AM,4,1,3
07/08/2018 03:00:00 AM,0,0,0
07/08/2018 04:00:00 AM,2,1,1
07/08/2018 05:00:00 AM,0,0,0
07/08/2018 06:00:00 AM,4,1,3
07/08/2018 07:00:00 AM,5,2,3
07/08/2018 08:00:00 AM,21,9,12
07/08/2018 09:00:00 AM,18,7,11
07/08/2018 10:00:00 AM,25,7,18
07/08/2018 11:00:00 AM,38,12,26
07/08/2018 12:00:00 PM,67,27,40
07/08/2018 01:00:00 PM,40,18,22
07/08/2018 02:00:00 PM,41,17,24
07/08/2018 03:00:00 PM,42,19,23
07/08/2018 04:00:00 PM,34,18,16
07/08/2018 05:00:00 PM,39,17,22
07/08/2018 06:00:00 PM,33,15,18
07/08/2018 07:00:00 PM,21,8,13
07/08/2018 08:00:00 PM,18,4,14
07/08/2018 09:00:00 PM,11,6,5
07/08/2018 10:00:00 PM,5,0,5
07/08/2018 11:00:00 PM,10,3,7
07/09/2018 12:00:00 AM,4,1,3
07/09/2018 01:00:00 AM,1,1,0
07/09/2018 02:00:00 AM,0,0,0
07/09/2018 03:00:00 AM,1,1,0
07/09/2018 04:00:00 AM,5,2,3
07/09/2018 05:00:00 AM,22,16,6
07/09/2018 06:00:00 AM,57,29,28
07/09/2018 07:00:00 AM,132,67,65
07/09/2018 08:00:00 AM,199,97,102
07/09/2018 09:00:00 AM,107,41,66
07/09/2018 10:00:00 AM,28,14,14
07/09/2018 11:00:00 AM,43,19,24
07/09/2018 12:00:00 PM,48,26,22
07/09/2018 01:00:00 PM,45,21,24
07/09/2018 02:00:00 PM,46,14,32
07/09/2018 03:00:00 PM,73,19,54
07/09/2018 04:00:00 PM,171,53,118
07/09/2018 05:00:00 PM,260,97,163
07/09/2018 06:00:00 PM,135,64,71
07/09/2018 07:00:00 PM,36,15,21
07/09/2018 08:00:00 PM,22,7,15
07/09/2018 09:00:00 PM,15,5,10
07/09/2018 10:00:00 PM,4,2,2
07/09/2018 11:00:00 PM,5,2,3
07/10/2018 12:00:00 AM,3,2,1
07/10/2018 01:00:00 AM,0,0,0
07/10/2018 02:00:00 AM,0,0,0
07/10/2018 03:00:00 AM,2,1,1
07/10/2018 04:00:00 AM,3,1,2
07/10/2018 05:00:00 AM,18,11,7
07/10/2018 06:00:00 AM,51,25,26
07/10/2018 07:00:00 AM,106,58,48
07/10/2018 08:00:00 AM,184,84,100
07/10/2018 09:00:00 AM,104,44,60
07/10/2018 10:00:00 AM,44,17,27
07/10/2018 11:00:00 AM,46,20,26
07/10/2018 12:00:00 PM,41,15,26
07/10/2018 01:00:00 PM,49,26,23
07/10/2018 02:00:00 PM,57,21,36
07/10/2018 03:00:00 PM,107,37,70
07/10/2018 04:00:00 PM,166,55,111
07/10/2018 05:00:00 PM,252,87,165
07/10/2018 06:00:00 PM,147,52,95
07/10/2018 07:00:00 PM,48,19,29
07/10/2018 08:00:00 PM,38,17,21
07/10/2018 09:00:00 PM,16,9,7
07/10/2018 10:00:00 PM,9,4,5
07/10/2018 11:00:00 PM,6,1,5
07/11/2018 12:00:00 AM,7,3,4
07/11/2018 01:00:00 AM,4,1,3
07/11/2018 02:00:00 AM,0,0,0
07/11/2018 03:00:00 AM,1,1,0
07/11/2018 04:00:00 AM,11,5,6
07/11/2018 05:00:00 AM,19,11,8
07/11/2018 06:00:00 AM,53,30,23
07/11/2018 07:00:00 AM,125,61,64
07/11/2018 08:00:00 AM,168,72,96
07/11/2018 09:00:00 AM,114,42,72
07/11/2018 10:00:00 AM,52,28,24
07/11/2018 11:00:00 AM,57,24,33
07/11/2018 12:00:00 PM,67,32,35
07/11/2018 01:00:00 PM,62,33,29
07/11/2018 02:00:00 PM,64,19,45
07/11/2018 03:00:00 PM,92,39,53
07/11/2018 04:00:00 PM,163,61,102
07/11/2018 05:00:00 PM,264,97,167
07/11/2018 06:00:00 PM,151,59,92
07/11/2018 07:00:00 PM,44,21,23
07/11/2018 08:00:00 PM,16,6,10
07/11/2018 09:00:00 PM,22,11,11
07/11/2018 10:00:00 PM,11,5,6
07/11/2018 11:00:00 PM,6,4,2
07/12/2018 12:00:00 AM,5,3,2
07/12/2018 01:00:00 AM,0,0,0
07/12/2018 02:00:00 AM,2,2,0
07/12/2018 03:00:00 AM,2,1,1
07/12/2018 04:00:00 AM,6,5,1
07/12/2018 05:00:00 AM,16,11,5
07/12/2018 06:00:00 AM,67,35,32
07/12/2018 07:00:00 AM,99,45,54
07/12/2018 08:00:00 AM,182,87,95
07/12/2018 09:00:00 AM,112,49,63
07/12/2018 10:00:00 AM,51,27,24
07/12/2018 11:00:00 AM,57,26,31
07/12/2018 12:00:00 PM,53,19,34
07/12/2018 01:00:00 PM,59,26,33
07/12/2018 02:00:00 PM,72,28,44
07/12/2018 03:00:00 PM,99,36,63
07/12/2018 04:00:00 PM,176,82,94
07/12/2018 05:00:00 PM,273,99,174
07/12/2018 06:00:00 PM,150,50,100
07/12/2018 07:00:00 PM,48,20,28
07/12/2018 08:00:00 PM,39,15,24
07/12/2018 09:00:00 PM,17,10,7
07/12/2018 10:00:00 PM,15,4,11
07/12/2018 11:00:00 PM,9,3,6
07/13/2018 12:00:00 AM,3,2,1
07/13/2018 01:00:00 AM,2,0,2
07/13/2018 02:00:00 AM,1,0,1
07/13/2018 03:00:00 AM,1,0,1
07/13/2018 04:00:00 AM,2,2,0
07/13/2018 05:00:00 AM,16,10,6
07/13/2018 06:00:00 AM,36,22,14
07/13/2018 07:00:00 AM,91,48,43
07/13/2018 08:00:00 AM,170,69,101
07/13/2018 09:00:00 AM,109,41,68
07/13/2018 10:00:00 AM,42,20,22
07/13/2018 11:00:00 AM,54,26,28
07/13/2018 12:00:00 PM,52,25,27
07/13/2018 01:00:00 PM,69,38,31
07/13/2018 02:00:00 PM,54,15,39
07/13/2018 03:00:00 PM,90,25,65
07/13/2018 04:00:00 PM,163,62,101
07/13/2018 05:00:00 PM,196,69,127
07/13/2018 06:00:00 PM,98,42,56
07/13/2018 07:00:00 PM,54,22,32
07/13/2018 08:00:00 PM,25,15,10
07/13/2018 09:00:00 PM,18,9,9
07/13/2018 10:00:00 PM,16,7,9
07/13/2018 11:00:00 PM,10,6,4
07/14/2018 12:00:00 AM,10,4,6
07/14/2018 01:00:00 AM,2,1,1
07/14/2018 02:00:00 AM,1,1,0
07/14/2018 03:00:00 AM,3,2,1
07/14/2018 04:00:00 AM,6,1,5
07/14/2018 05:00:00 AM,5,0,5
07/14/2018 06:00:00 AM,3,1,2
07/14/2018 07:00:00 AM,9,6,3
07/14/2018 08:00:00 AM,22,10,12
07/14/2018 09:00:00 AM,14,7,7
07/14/2018 10:00:00 AM,40,17,23
07/14/2018 11:00:00 AM,22,7,15
07/14/2018 12:00:00 PM,22,10,12
07/14/2018 01:00:00 PM,44,15,29
07/14/2018 02:00:00 PM,40,25,15
07/14/2018 03:00:00 PM,41,14,27
07/14/2018 04:00:00 PM,59,29,30
07/14/2018 05:00:00 PM,32,15,17
07/14/2018 06:00:00 PM,32,10,22
07/14/2018 07:00:00 PM,16,9,7
07/14/2018 08:00:00 PM,28,12,16
07/14/2018 09:00:00 PM,11,5,6
07/14/2018 10:00:00 PM,10,5,5
07/14/2018 11:00:00 PM,8,6,2
07/15/2018 12:00:00 AM,7,3,4
07/15/2018 01:00:00 AM,7,6,1
07/15/2018 02:00:00 AM,1,1,0
07/15/2018 03:00:00 AM,1,1,0
07/15/2018 04:00:00 AM,1,0,1
07/15/2018 05:00:00 AM,2,2,0
07/15/2018 06:00:00 AM,2,1,1
07/15/2018 07:00:00 AM,10,5,5
07/15/2018 08:00:00 AM,15,7,8
07/15/2018 09:00:00 AM,18,9,9
07/15/2018 10:00:00 AM,20,9,11
07/15/2018 11:00:00 AM,32,14,18
07/15/2018 12:00:00 PM,31,13,18
07/15/2018 01:00:00 PM,31,15,16
07/15/2018 02:00:00 PM,36,19,17
07/15/2018 03:00:00 PM,23,13,10
07/15/2018 04:00:00 PM,28,10,18
07/15/2018 05:00:00 PM,21,8,13
07/15/2018 06:00:00 PM,21,14,7
07/15/2018 07:00:00 PM,20,8,12
07/15/2018 08:00:00 PM,6,4,2
07/15/2018 09:00:00 PM,16,4,12
07/15/2018 10:00:00 PM,2,1,1
07/15/2018 11:00:00 PM,3,2,1
07/16/2018 12:00:00 AM,3,0,3
07/16/2018 01:00:00 AM,7,5,2
07/16/2018 02:00:00 AM,5,3,2
07/16/2018 03:00:00 AM,1,0,1
07/16/2018 04:00:00 AM,2,1,1
07/16/2018 05:00:00 AM,16,10,6
07/16/2018 06:00:00 AM,54,30,24
07/16/2018 07:00:00 AM,121,65,56
07/16/2018 08:00:00 AM,172,78,94
07/16/2018 09:00:00 AM,113,54,59
07/16/2018 10:00:00 AM,38,14,24
07/16/2018 11:00:00 AM,38,21,17
07/16/2018 12:00:00 PM,51,25,26
07/16/2018 01:00:00 PM,52,24,28
07/16/2018 02:00:00 PM,42,12,30
07/16/2018 03:00:00 PM,72,21,51
07/16/2018 04:00:00 PM,151,55,96
07/16/2018 05:00:00 PM,237,89,148
07/16/2018 06:00:00 PM,158,49,109
07/16/2018 07:00:00 PM,36,19,17
07/16/2018 08:00:00 PM,35,12,23
07/16/2018 09:00:00 PM,14,11,3
07/16/2018 10:00:00 PM,10,6,4
07/16/2018 11:00:00 PM,4,1,3
07/17/2018 12:00:00 AM,4,2,2
07/17/2018 01:00:00 AM,1,1,0
07/17/2018 02:00:00 AM,2,2,0
07/17/2018 03:00:00 AM,2,1,1
07/17/2018 04:00:00 AM,4,2,2
07/17/2018 05:00:00 AM,26,17,9
07/17/2018 06:00:00 AM,61,31,30
07/17/2018 07:00:00 AM,123,66,57
07/17/2018 08:00:00 AM,183,86,97
07/17/2018 09:00:00 AM,125,49,76
07/17/2018 10:00:00 AM,49,24,25
07/17/2018 11:00:00 AM,56,19,37
07/17/2018 12:00:00 PM,50,26,24
07/17/2018 01:00:00 PM,55,19,36
07/17/2018 02:00:00 PM,60,27,33
07/17/2018 03:00:00 PM,94,39,55
07/17/2018 04:00:00 PM,177,58,119
07/17/2018 05:00:00 PM,245,93,152
07/17/2018 06:00:00 PM,153,58,95
07/17/2018 07:00:00 PM,44,12,32
07/17/2018 08:00:00 PM,28,9,19
07/17/2018 09:00:00 PM,23,12,11
07/17/2018 10:00:00 PM,10,6,4
07/17/2018 11:00:00 PM,9,2,7
07/18/2018 12:00:00 AM,4,2,2
07/18/2018 01:00:00 AM,1,1,0
07/18/2018 02:00:00 AM,2,2,0
07/18/2018 03:00:00 AM,1,0,1
07/18/2018 04:00:00 AM,1,0,1
07/18/2018 05:00:00 AM,20,15,5
07/18/2018 06:00:00 AM,66,33,33
07/18/2018 07:00:00 AM,116,57,59
07/18/2018 08:00:00 AM,177,86,91
07/18/2018 09:00:00 AM,138,67,71
07/18/2018 10:00:00 AM,38,19,19
07/18/2018 11:00:00 AM,64,35,29
07/18/2018 12:00:00 PM,71,41,30
07/18/2018 01:00:00 PM,58,31,27
07/18/2018 02:00:00 PM,58,25,33
07/18/2018 03:00:00 PM,86,34,52
07/18/2018 04:00:00 PM,159,57,102
07/18/2018 05:00:00 PM,261,103,158
07/18/2018 06:00:00 PM,153,52,101
07/18/2018 07:00:00 PM,54,27,27
07/18/2018 08:00:00 PM,39,17,22
07/18/2018 09:00:00 PM,30,16,14
07/18/2018 10:00:00 PM,17,11,6
07/18/2018 11:00:00 PM,10,4,6
07/19/2018 12:00:00 AM,6,4,2
07/19/2018 01:00:00 AM,4,4,0
07/19/2018 02:00:00 AM,1,1,0
07/19/2018 03:00:00 AM,1,0,1
07/19/2018 04:00:00 AM,3,2,1
07/19/2018 05:00:00 AM,18,14,4
07/19/2018 06:00:00 AM,58,33,25
07/19/2018 07:00:00 AM,114,53,61
07/19/2018 08:00:00 AM,174,77,97
07/19/2018 09:00:00 AM,113,41,72
07/19/2018 10:00:00 AM,42,25,17
07/19/2018 11:00:00 AM,46,23,23
07/19/2018 12:00:00 PM,48,23,25
07/19/2018 01:00:00 PM,50,21,29
07/19/2018 02:00:00 PM,63,23,40
07/19/2018 03:00:00 PM,88,26,62
07/19/2018 04:00:00 PM,175,68,107
07/19/2018 05:00:00 PM,260,96,164
07/19/2018 06:00:00 PM,149,39,110
07/19/2018 07:00:00 PM,62,27,35
07/19/2018 08:00:00 PM,42,22,20
07/19/2018 09:00:00 PM,33,17,16
07/19/2018 10:00:00 PM,35,22,13
07/19/2018 11:00:00 PM,12,5,7
07/20/2018 12:00:00 AM,8,7,1
07/20/2018 01:00:00 AM,1,0,1
07/20/2018 02:00:00 AM,3,2,1
07/20/2018 03:00:00 AM,0,0,0
07/20/2018 04:00:00 AM,3,1,2
07/20/2018 05:00:00 AM,13,10,3
07/20/2018 06:00:00 AM,42,27,15
07/20/2018 07:00:00 AM,97,56,41
07/20/2018 08:00:00 AM,141,63,78
07/20/2018 09:00:00 AM,99,45,54
07/20/2018 10:00:00 AM,43,23,20
07/20/2018 11:00:00 AM,48,25,23
07/20/2018 12:00:00 PM,65,25,40
07/20/2018 01:00:00 PM,64,33,31
07/20/2018 02:00:00 PM,62,21,41
07/20/2018 03:00:00 PM,98,30,68
07/20/2018 04:00:00 PM,167,52,115
07/20/2018 05:00:00 PM,214,65,149
07/20/2018 06:00:00 PM,130,30,100
07/20/2018 07:00:00 PM,52,19,33
07/20/2018 08:00:00 PM,30,16,14
07/20/2018 09:00:00 PM,25,15,10
07/20/2018 10:00:00 PM,32,27,5
07/20/2018 11:00:00 PM,10,4,6
07/21/2018 12:00:00 AM,8,4,4
07/21/2018 01:00:00 AM,3,1,2
07/21/2018 02:00:00 AM,6,1,5
07/21/2018 03:00:00 AM,4,3,1
07/21/2018 04:00:00 AM,2,1,1
07/21/2018 05:00:00 AM,4,3,1
07/21/2018 06:00:00 AM,8,1,7
07/21/2018 07:00:00 AM,16,11,5
07/21/2018 08:00:00 AM,19,6,13
07/21/2018 09:00:00 AM,16,10,6
07/21/2018 10:00:00 AM,34,14,20
07/21/2018 11:00:00 AM,56,15,41
07/21/2018 12:00:00 PM,100,28,72
07/21/2018 01:00:00 PM,60,29,31
07/21/2018 02:00:00 PM,50,27,23
07/21/2018 03:00:00 PM,92,63,29
07/21/2018 04:00:00 PM,54,24,30
07/21/2018 05:00:00 PM,55,16,39
07/21/2018 06:00:00 PM,37,13,24
07/21/2018 07:00:00 PM,22,9,13
07/21/2018 08:00:00 PM,15,10,5
07/21/2018 09:00:00 PM,15,8,7
07/21/2018 10:00:00 PM,19,14,5
07/21/2018 11:00:00 PM,10,3,7
07/22/2018 12:00:00 AM,3,1,2
07/22/2018 01:00:00 AM,5,2,3
07/22/2018 02:00:00 AM,6,2,4
07/22/2018 03:00:00 AM,3,2,1
07/22/2018 04:00:00 AM,2,0,2
07/22/2018 05:00:00 AM,0,0,0
07/22/2018 06:00:00 AM,8,4,4
07/22/2018 07:00:00 AM,3,1,2
07/22/2018 08:00:00 AM,14,10,4
07/22/2018 09:00:00 AM,15,7,8
07/22/2018 10:00:00 AM,26,14,12
07/22/2018 11:00:00 AM,24,8,16
07/22/2018 12:00:00 PM,42,12,30
07/22/2018 01:00:00 PM,27,12,15
07/22/2018 02:00:00 PM,36,17,19
07/22/2018 03:00:00 PM,38,18,20
07/22/2018 04:00:00 PM,55,33,22
07/22/2018 05:00:00 PM,38,15,23
07/22/2018 06:00:00 PM,27,17,10
07/22/2018 07:00:00 PM,22,9,13
07/22/2018 08:00:00 PM,9,2,7
07/22/2018 09:00:00 PM,20,10,10
07/22/2018 10:00:00 PM,10,3,7
07/22/2018 11:00:00 PM,6,4,2
07/23/2018 12:00:00 AM,4,1,3
07/23/2018 01:00:00 AM,5,3,2
07/23/2018 02:00:00 AM,1,1,0
07/23/2018 03:00:00 AM,2,2,0
07/23/2018 04:00:00 AM,2,1,1
07/23/2018 05:00:00 AM,24,15,9
07/23/2018 06:00:00 AM,63,27,36
07/23/2018 07:00:00 AM,121,75,46
07/23/2018 08:00:00 AM,166,74,92
07/23/2018 09:00:00 AM,111,52,59
07/23/2018 10:00:00 AM,36,18,18
07/23/2018 11:00:00 AM,38,19,19
07/23/2018 12:00:00 PM,47,24,23
07/23/2018 01:00:00 PM,42,23,19
07/23/2018 02:00:00 PM,41,16,25
07/23/2018 03:00:00 PM,92,38,54
07/23/2018 04:00:00 PM,162,53,109
07/23/2018 05:00:00 PM,229,80,149
07/23/2018 06:00:00 PM,143,56,87
07/23/2018 07:00:00 PM,50,27,23
07/23/2018 08:00:00 PM,15,9,6
07/23/2018 09:00:00 PM,18,7,11
07/23/2018 10:00:00 PM,11,6,5
07/23/2018 11:00:00 PM,7,7,0
07/24/2018 12:00:00 AM,4,2,2
07/24/2018 01:00:00 AM,0,0,0
07/24/2018 02:00:00 AM,1,0,1
07/24/2018 03:00:00 AM,3,1,2
07/24/2018 04:00:00 AM,2,2,0
07/24/2018 05:00:00 AM,26,20,6
07/24/2018 06:00:00 AM,67,33,34
07/24/2018 07:00:00 AM,129,73,56
07/24/2018 08:00:00 AM,183,86,97
07/24/2018 09:00:00 AM,114,59,55
07/24/2018 10:00:00 AM,31,24,7
07/24/2018 11:00:00 AM,36,20,16
07/24/2018 12:00:00 PM,73,37,36
07/24/2018 01:00:00 PM,65,35,30
07/24/2018 02:00:00 PM,52,25,27
07/24/2018 03:00:00 PM,76,20,56
07/24/2018 04:00:00 PM,190,66,124
07/24/2018 05:00:00 PM,291,97,194
07/24/2018 06:00:00 PM,166,46,120
07/24/2018 07:00:00 PM,63,21,42
07/24/2018 08:00:00 PM,29,12,17
07/24/2018 09:00:00 PM,38,24,14
07/24/2018 10:00:00 PM,48,42,6
07/24/2018 11:00:00 PM,9,5,4
07/25/2018 12:00:00 AM,7,2,5
07/25/2018 01:00:00 AM,1,1,0
07/25/2018 02:00:00 AM,0,0,0
07/25/2018 03:00:00 AM,0,0,0
07/25/2018 04:00:00 AM,6,5,1
07/25/2018 05:00:00 AM,23,17,6
07/25/2018 06:00:00 AM,62,29,33
07/25/2018 07:00:00 AM,125,67,58
07/25/2018 08:00:00 AM,163,79,84
07/25/2018 09:00:00 AM,120,48,72
07/25/2018 10:00:00 AM,52,21,31
07/25/2018 11:00:00 AM,66,22,44
07/25/2018 12:00:00 PM,104,32,72
07/25/2018 01:00:00 PM,54,19,35
07/25/2018 02:00:00 PM,58,22,36
07/25/2018 03:00:00 PM,101,43,58
07/25/2018 04:00:00 PM,230,101,129
07/25/2018 05:00:00 PM,258,98,160
07/25/2018 06:00:00 PM,140,47,93
07/25/2018 07:00:00 PM,62,27,35
07/25/2018 08:00:00 PM,20,10,10
07/25/2018 09:00:00 PM,25,13,12
07/25/2018 10:00:00 PM,13,6,7
07/25/2018 11:00:00 PM,5,1,4
07/26/2018 12:00:00 AM,4,0,4
07/26/2018 01:00:00 AM,1,0,1
07/26/2018 02:00:00 AM,5,3,2
07/26/2018 03:00:00 AM,2,0,2
07/26/2018 04:00:00 AM,2,1,1
07/26/2018 05:00:00 AM,22,13,9
07/26/2018 06:00:00 AM,59,33,26
07/26/2018 07:00:00 AM,123,75,48
07/26/2018 08:00:00 AM,160,74,86
07/26/2018 09:00:00 AM,126,56,70
07/26/2018 10:00:00 AM,40,26,14
07/26/2018 11:00:00 AM,68,25,43
07/26/2018 12:00:00 PM,68,32,36
07/26/2018 01:00:00 PM,65,42,23
07/26/2018 02:00:00 PM,60,22,38
07/26/2018 03:00:00 PM,90,26,64
07/26/2018 04:00:00 PM,171,65,106
07/26/2018 05:00:00 PM,275,104,171
07/26/2018 06:00:00 PM,128,53,75
07/26/2018 07:00:00 PM,56,30,26
07/26/2018 08:00:00 PM,31,16,15
07/26/2018 09:00:00 PM,33,15,18
07/26/2018 10:00:00 PM,19,7,12
07/26/2018 11:00:00 PM,9,3,6
07/27/2018 12:00:00 AM,5,2,3
07/27/2018 01:00:00 AM,3,2,1
07/27/2018 02:00:00 AM,2,0,2
07/27/2018 03:00:00 AM,3,1,2
07/27/2018 04:00:00 AM,3,3,0
07/27/2018 05:00:00 AM,12,9,3
07/27/2018 06:00:00 AM,55,29,26
07/27/2018 07:00:00 AM,101,52,49
07/27/2018 08:00:00 AM,168,65,103
07/27/2018 09:00:00 AM,98,42,56
07/27/2018 10:00:00 AM,49,15,34
07/27/2018 11:00:00 AM,58,28,30
07/27/2018 12:00:00 PM,57,33,24
07/27/2018 01:00:00 PM,63,31,32
07/27/2018 02:00:00 PM,64,24,40
07/27/2018 03:00:00 PM,113,46,67
07/27/2018 04:00:00 PM,190,61,129
07/27/2018 05:00:00 PM,175,75,100
07/27/2018 06:00:00 PM,106,42,64
07/27/2018 07:00:00 PM,48,14,34
07/27/2018 08:00:00 PM,23,9,14
07/27/2018 09:00:00 PM,20,8,12
07/27/2018 10:00:00 PM,17,8,9
07/27/2018 11:00:00 PM,17,8,9
07/28/2018 12:00:00 AM,9,6,3
07/28/2018 01:00:00 AM,4,2,2
07/28/2018 02:00:00 AM,4,2,2
07/28/2018 03:00:00 AM,3,3,0
07/28/2018 04:00:00 AM,2,2,0
07/28/2018 05:00:00 AM,4,3,1
07/28/2018 06:00:00 AM,1,1,0
07/28/2018 07:00:00 AM,18,11,7
07/28/2018 08:00:00 AM,23,9,14
07/28/2018 09:00:00 AM,26,12,14
07/28/2018 10:00:00 AM,42,16,26
07/28/2018 11:00:00 AM,29,12,17
07/28/2018 12:00:00 PM,58,21,37
07/28/2018 01:00:00 PM,50,24,26
07/28/2018 02:00:00 PM,52,29,23
07/28/2018 03:00:00 PM,35,12,23
07/28/2018 04:00:00 PM,60,34,26
07/28/2018 05:00:00 PM,42,25,17
07/28/2018 06:00:00 PM,30,18,12
07/28/2018 07:00:00 PM,26,15,11
07/28/2018 08:00:00 PM,18,10,8
07/28/2018 09:00:00 PM,12,8,4
07/28/2018 10:00:00 PM,19,8,11
07/28/2018 11:00:00 PM,7,3,4
07/29/2018 12:00:00 AM,7,3,4
07/29/2018 01:00:00 AM,4,3,1
07/29/2018 02:00:00 AM,4,3,1
07/29/2018 03:00:00 AM,5,5,0
07/29/2018 04:00:00 AM,1,0,1
07/29/2018 05:00:00 AM,2,0,2
07/29/2018 06:00:00 AM,6,3,3
07/29/2018 07:00:00 AM,10,5,5
07/29/2018 08:00:00 AM,12,5,7
07/29/2018 09:00:00 AM,14,5,9
07/29/2018 10:00:00 AM,24,7,17
07/29/2018 11:00:00 AM,48,17,31
07/29/2018 12:00:00 PM,54,15,39
07/29/2018 01:00:00 PM,66,16,50
07/29/2018 02:00:00 PM,40,19,21
07/29/2018 03:00:00 PM,34,24,10
07/29/2018 04:00:00 PM,84,67,17
07/29/2018 05:00:00 PM,43,23,20
07/29/2018 06:00:00 PM,21,10,11
07/29/2018 07:00:00 PM,32,15,17
07/29/2018 08:00:00 PM,17,4,13
07/29/2018 09:00:00 PM,16,9,7
07/29/2018 10:00:00 PM,21,9,12
07/29/2018 11:00:00 PM,3,1,2
07/30/2018 12:00:00 AM,1,1,0
07/30/2018 01:00:00 AM,2,1,1
07/30/2018 02:00:00 AM,1,1,0
07/30/2018 03:00:00 AM,2,0,2
07/30/2018 04:00:00 AM,7,5,2
07/30/2018 05:00:00 AM,19,14,5
07/30/2018 06:00:00 AM,54,33,21
07/30/2018 07:00:00 AM,120,57,63
07/30/2018 08:00:00 AM,165,80,85
07/30/2018 09:00:00 AM,116,54,62
07/30/2018 10:00:00 AM,41,16,25
07/30/2018 11:00:00 AM,30,15,15
07/30/2018 12:00:00 PM,46,24,22
07/30/2018 01:00:00 PM,50,29,21
07/30/2018 02:00:00 PM,49,18,31
07/30/2018 03:00:00 PM,85,33,52
07/30/2018 04:00:00 PM,174,51,123
07/30/2018 05:00:00 PM,223,79,144
07/30/2018 06:00:00 PM,135,40,95
07/30/2018 07:00:00 PM,62,28,34
07/30/2018 08:00:00 PM,32,12,20
07/30/2018 09:00:00 PM,32,23,9
07/30/2018 10:00:00 PM,31,26,5
07/30/2018 11:00:00 PM,5,2,3
07/31/2018 12:00:00 AM,3,2,1
07/31/2018 01:00:00 AM,3,2,1
07/31/2018 02:00:00 AM,2,0,2
07/31/2018 03:00:00 AM,3,1,2
07/31/2018 04:00:00 AM,2,2,0
07/31/2018 05:00:00 AM,22,14,8
07/31/2018 06:00:00 AM,62,29,33
07/31/2018 07:00:00 AM,121,66,55
07/31/2018 08:00:00 AM,195,91,104
07/31/2018 09:00:00 AM,110,53,57
07/31/2018 10:00:00 AM,48,19,29
07/31/2018 11:00:00 AM,37,14,23
07/31/2018 12:00:00 PM,65,43,22
07/31/2018 01:00:00 PM,42,25,17
07/31/2018 02:00:00 PM,56,15,41
07/31/2018 03:00:00 PM,81,25,56
07/31/2018 04:00:00 PM,187,67,120
07/31/2018 05:00:00 PM,258,90,168
07/31/2018 06:00:00 PM,145,50,95
07/31/2018 07:00:00 PM,65,34,31
07/31/2018 08:00:00 PM,35,17,18
07/31/2018 09:00:00 PM,27,13,14
07/31/2018 10:00:00 PM,30,21,9
07/31/2018 11:00:00 PM,8,4,4
08/01/2018 12:00:00 AM,2,2,0
08/01/2018 01:00:00 AM,1,0,1
08/01/2018 02:00:00 AM,1,0,1
08/01/2018 03:00:00 AM,2,1,1
08/01/2018 04:00:00 AM,6,4,2
08/01/2018 05:00:00 AM,15,12,3
08/01/2018 06:00:00 AM,65,23,42
08/01/2018 07:00:00 AM,117,57,60
08/01/2018 08:00:00 AM,152,65,87
08/01/2018 09:00:00 AM,127,54,73
08/01/2018 10:00:00 AM,47,25,22
08/01/2018 11:00:00 AM,59,24,35
08/01/2018 12:00:00 PM,88,32,56
08/01/2018 01:00:00 PM,60,18,42
08/01/2018 02:00:00 PM,57,21,36
08/01/2018 03:00:00 PM,96,43,53
08/01/2018 04:00:00 PM,183,84,99
08/01/2018 05:00:00 PM,245,90,155
08/01/2018 06:00:00 PM,144,60,84
08/01/2018 07:00:00 PM,64,26,38
08/01/2018 08:00:00 PM,32,17,15
08/01/2018 09:00:00 PM,20,10,10
08/01/2018 10:00:00 PM,15,5,10
08/01/2018 11:00:00 PM,4,1,3
08/02/2018 12:00:00 AM,4,1,3
08/02/2018 01:00:00 AM,2,1,1
08/02/2018 02:00:00 AM,2,1,1
08/02/2018 03:00:00 AM,2,1,1
08/02/2018 04:00:00 AM,2,1,1
08/02/2018 05:00:00 AM,11,10,1
08/02/2018 06:00:00 AM,32,15,17
08/02/2018 07:00:00 AM,90,43,47
08/02/2018 08:00:00 AM,152,55,97
08/02/2018 09:00:00 AM,113,54,59
08/02/2018 10:00:00 AM,47,24,23
08/02/2018 11:00:00 AM,60,19,41
08/02/2018 12:00:00 PM,53,31,22
08/02/2018 01:00:00 PM,47,23,24
08/02/2018 02:00:00 PM,47,21,26
08/02/2018 03:00:00 PM,84,28,56
08/02/2018 04:00:00 PM,176,70,106
08/02/2018 05:00:00 PM,242,79,163
08/02/2018 06:00:00 PM,145,41,104
08/02/2018 07:00:00 PM,62,20,42
08/02/2018 08:00:00 PM,26,12,14
08/02/2018 09:00:00 PM,48,32,16
08/02/2018 10:00:00 PM,35,21,14
08/02/2018 11:00:00 PM,8,5,3
08/03/2018 12:00:00 AM,4,2,2
08/03/2018 01:00:00 AM,1,0,1
08/03/2018 02:00:00 AM,4,2,2
08/03/2018 03:00:00 AM,1,0,1
08/03/2018 04:00:00 AM,5,5,0
08/03/2018 05:00:00 AM,12,11,1
08/03/2018 06:00:00 AM,38,18,20
08/03/2018 07:00:00 AM,64,41,23
08/03/2018 08:00:00 AM,111,50,61
08/03/2018 09:00:00 AM,94,44,50
08/03/2018 10:00:00 AM,31,14,17
08/03/2018 11:00:00 AM,58,32,26
08/03/2018 12:00:00 PM,64,31,33
08/03/2018 01:00:00 PM,58,32,26
08/03/2018 02:00:00 PM,75,26,49
08/03/2018 03:00:00 PM,87,36,51
08/03/2018 04:00:00 PM,167,57,110
08/03/2018 05:00:00 PM,168,66,102
08/03/2018 06:00:00 PM,109,41,68
08/03/2018 07:00:00 PM,50,18,32
08/03/2018 08:00:00 PM,31,18,13
08/03/2018 09:00:00 PM,30,21,9
08/03/2018 10:00:00 PM,24,15,9
08/03/2018 11:00:00 PM,15,9,6
08/04/2018 12:00:00 AM,9,3,6
08/04/2018 01:00:00 AM,3,2,1
08/04/2018 02:00:00 AM,1,0,1
08/04/2018 03:00:00 AM,1,1,0
08/04/2018 04:00:00 AM,0,0,0
08/04/2018 05:00:00 AM,1,1,0
08/04/2018 06:00:00 AM,5,4,1
08/04/2018 07:00:00 AM,14,8,6
08/04/2018 08:00:00 AM,13,7,6
08/04/2018 09:00:00 AM,16,9,7
08/04/2018 10:00:00 AM,32,18,14
08/04/2018 11:00:00 AM,36,12,24
08/04/2018 12:00:00 PM,50,11,39
08/04/2018 01:00:00 PM,71,28,43
08/04/2018 02:00:00 PM,70,23,47
08/04/2018 03:00:00 PM,85,28,57
08/04/2018 04:00:00 PM,95,35,60
08/04/2018 05:00:00 PM,61,28,33
08/04/2018 06:00:00 PM,50,13,37
08/04/2018 07:00:00 PM,43,24,19
08/04/2018 08:00:00 PM,18,10,8
08/04/2018 09:00:00 PM,22,11,11
08/04/2018 10:00:00 PM,42,26,16
08/04/2018 11:00:00 PM,19,10,9
08/05/2018 12:00:00 AM,11,7,4
08/05/2018 01:00:00 AM,17,9,8
08/05/2018 02:00:00 AM,13,10,3
08/05/2018 03:00:00 AM,2,1,1
08/05/2018 04:00:00 AM,0,0,0
08/05/2018 05:00:00 AM,0,0,0
08/05/2018 06:00:00 AM,8,3,5
08/05/2018 07:00:00 AM,10,4,6
08/05/2018 08:00:00 AM,17,12,5
08/05/2018 09:00:00 AM,25,12,13
08/05/2018 10:00:00 AM,28,10,18
08/05/2018 11:00:00 AM,52,16,36
08/05/2018 12:00:00 PM,58,18,40
08/05/2018 01:00:00 PM,39,15,24
08/05/2018 02:00:00 PM,43,24,19
08/05/2018 03:00:00 PM,41,23,18
08/05/2018 04:00:00 PM,57,36,21
08/05/2018 05:00:00 PM,34,19,15
08/05/2018 06:00:00 PM,22,10,12
08/05/2018 07:00:00 PM,29,12,17
08/05/2018 08:00:00 PM,16,8,8
08/05/2018 09:00:00 PM,10,4,6
08/05/2018 10:00:00 PM,6,3,3
08/05/2018 11:00:00 PM,4,1,3
08/06/2018 12:00:00 AM,7,5,2
08/06/2018 01:00:00 AM,2,1,1
08/06/2018 02:00:00 AM,5,1,4
08/06/2018 03:00:00 AM,0,0,0
08/06/2018 04:00:00 AM,2,2,0
08/06/2018 05:00:00 AM,20,15,5
08/06/2018 06:00:00 AM,55,31,24
08/06/2018 07:00:00 AM,126,64,62
08/06/2018 08:00:00 AM,175,79,96
08/06/2018 09:00:00 AM,97,50,47
08/06/2018 10:00:00 AM,57,23,34
08/06/2018 11:00:00 AM,39,17,22
08/06/2018 12:00:00 PM,56,27,29
08/06/2018 01:00:00 PM,44,26,18
08/06/2018 02:00:00 PM,49,26,23
08/06/2018 03:00:00 PM,72,26,46
08/06/2018 04:00:00 PM,175,63,112
08/06/2018 05:00:00 PM,241,72,169
08/06/2018 06:00:00 PM,122,50,72
08/06/2018 07:00:00 PM,60,30,30
08/06/2018 08:00:00 PM,19,9,10
08/06/2018 09:00:00 PM,23,13,10
08/06/2018 10:00:00 PM,8,3,5
08/06/2018 11:00:00 PM,4,2,2
08/07/2018 12:00:00 AM,4,1,3
08/07/2018 01:00:00 AM,0,0,0
08/07/2018 02:00:00 AM,2,1,1
08/07/2018 03:00:00 AM,0,0,0
08/07/2018 04:00:00 AM,2,2,0
08/07/2018 05:00:00 AM,18,15,3
08/07/2018 06:00:00 AM,52,33,19
08/07/2018 07:00:00 AM,118,68,50
08/07/2018 08:00:00 AM,200,96,104
08/07/2018 09:00:00 AM,120,58,62
08/07/2018 10:00:00 AM,46,22,24
08/07/2018 11:00:00 AM,53,28,25
08/07/2018 12:00:00 PM,52,29,23
08/07/2018 01:00:00 PM,45,19,26
08/07/2018 02:00:00 PM,44,13,31
08/07/2018 03:00:00 PM,77,31,46
08/07/2018 04:00:00 PM,166,46,120
08/07/2018 05:00:00 PM,279,111,168
08/07/2018 06:00:00 PM,141,60,81
08/07/2018 07:00:00 PM,60,21,39
08/07/2018 08:00:00 PM,33,17,16
08/07/2018 09:00:00 PM,22,7,15
08/07/2018 10:00:00 PM,10,2,8
08/07/2018 11:00:00 PM,10,5,5
08/08/2018 12:00:00 AM,4,3,1
08/08/2018 01:00:00 AM,0,0,0
08/08/2018 02:00:00 AM,1,1,0
08/08/2018 03:00:00 AM,0,0,0
08/08/2018 04:00:00 AM,1,1,0
08/08/2018 05:00:00 AM,24,14,10
08/08/2018 06:00:00 AM,62,33,29
08/08/2018 07:00:00 AM,120,60,60
08/08/2018 08:00:00 AM,178,77,101
08/08/2018 09:00:00 AM,127,49,78
08/08/2018 10:00:00 AM,49,25,24
08/08/2018 11:00:00 AM,49,22,27
08/08/2018 12:00:00 PM,56,35,21
08/08/2018 01:00:00 PM,51,20,31
08/08/2018 02:00:00 PM,59,34,25
08/08/2018 03:00:00 PM,99,32,67
08/08/2018 04:00:00 PM,192,67,125
08/08/2018 05:00:00 PM,254,87,167
08/08/2018 06:00:00 PM,184,63,121
08/08/2018 07:00:00 PM,76,22,54
08/08/2018 08:00:00 PM,40,15,25
08/08/2018 09:00:00 PM,20,10,10
08/08/2018 10:00:00 PM,23,15,8
08/08/2018 11:00:00 PM,35,28,7
08/09/2018 12:00:00 AM,71,55,16
08/09/2018 01:00:00 AM,2,2,0
08/09/2018 02:00:00 AM,2,1,1
08/09/2018 03:00:00 AM,3,3,0
08/09/2018 04:00:00 AM,0,0,0
08/09/2018 05:00:00 AM,16,12,4
08/09/2018 06:00:00 AM,50,31,19
08/09/2018 07:00:00 AM,111,58,53
08/09/2018 08:00:00 AM,173,82,91
08/09/2018 09:00:00 AM,105,51,54
08/09/2018 10:00:00 AM,49,25,24
08/09/2018 11:00:00 AM,40,20,20
08/09/2018 12:00:00 PM,59,26,33
08/09/2018 01:00:00 PM,56,26,30
08/09/2018 02:00:00 PM,71,36,35
08/09/2018 03:00:00 PM,101,41,60
08/09/2018 04:00:00 PM,150,39,111
08/09/2018 05:00:00 PM,275,94,181
08/09/2018 06:00:00 PM,174,65,109
08/09/2018 07:00:00 PM,73,33,40
08/09/2018 08:00:00 PM,45,26,19
08/09/2018 09:00:00 PM,32,15,17
08/09/2018 10:00:00 PM,29,20,9
08/09/2018 11:00:00 PM,17,8,9
08/10/2018 12:00:00 AM,6,3,3
08/10/2018 01:00:00 AM,5,3,2
08/10/2018 02:00:00 AM,2,0,2
08/10/2018 03:00:00 AM,2,2,0
08/10/2018 04:00:00 AM,1,1,0
08/10/2018 05:00:00 AM,16,9,7
08/10/2018 06:00:00 AM,42,23,19
08/10/2018 07:00:00 AM,114,57,57
08/10/2018 08:00:00 AM,130,65,65
08/10/2018 09:00:00 AM,86,31,55
08/10/2018 10:00:00 AM,55,28,27
08/10/2018 11:00:00 AM,43,23,20
08/10/2018 12:00:00 PM,59,30,29
08/10/2018 01:00:00 PM,63,29,34
08/10/2018 02:00:00 PM,65,33,32
08/10/2018 03:00:00 PM,110,35,75
08/10/2018 04:00:00 PM,180,62,118
08/10/2018 05:00:00 PM,227,74,153
08/10/2018 06:00:00 PM,112,41,71
08/10/2018 07:00:00 PM,59,27,32
08/10/2018 08:00:00 PM,33,15,18
08/10/2018 09:00:00 PM,26,9,17
08/10/2018 10:00:00 PM,14,3,11
08/10/2018 11:00:00 PM,26,16,10
08/11/2018 12:00:00 AM,57,45,12
08/11/2018 01:00:00 AM,14,5,9
08/11/2018 02:00:00 AM,7,4,3
08/11/2018 03:00:00 AM,3,0,3
08/11/2018 04:00:00 AM,0,0,0
08/11/2018 05:00:00 AM,0,0,0
08/11/2018 06:00:00 AM,5,0,5
08/11/2018 07:00:00 AM,19,11,8
08/11/2018 08:00:00 AM,24,7,17
08/11/2018 09:00:00 AM,18,8,10
08/11/2018 10:00:00 AM,24,14,10
08/11/2018 11:00:00 AM,47,25,22
08/11/2018 12:00:00 PM,39,10,29
08/11/2018 01:00:00 PM,35,15,20
08/11/2018 02:00:00 PM,47,12,35
08/11/2018 03:00:00 PM,47,16,31
08/11/2018 04:00:00 PM,50,19,31
08/11/2018 05:00:00 PM,41,18,23
08/11/2018 06:00:00 PM,46,14,32
08/11/2018 07:00:00 PM,48,14,34
08/11/2018 08:00:00 PM,16,9,7
08/11/2018 09:00:00 PM,6,4,2
08/11/2018 10:00:00 PM,28,20,8
08/11/2018 11:00:00 PM,19,12,7
08/12/2018 12:00:00 AM,8,6,2
08/12/2018 01:00:00 AM,6,3,3
08/12/2018 02:00:00 AM,7,5,2
08/12/2018 03:00:00 AM,4,3,1
08/12/2018 04:00:00 AM,0,0,0
08/12/2018 05:00:00 AM,2,1,1
08/12/2018 06:00:00 AM,5,3,2
08/12/2018 07:00:00 AM,6,2,4
08/12/2018 08:00:00 AM,11,6,5
08/12/2018 09:00:00 AM,24,12,12
08/12/2018 10:00:00 AM,24,11,13
08/12/2018 11:00:00 AM,8,6,2
08/12/2018 12:00:00 PM,22,11,11
08/12/2018 01:00:00 PM,24,14,10
08/12/2018 02:00:00 PM,28,17,11
08/12/2018 03:00:00 PM,37,18,19
08/12/2018 04:00:00 PM,33,22,11
08/12/2018 05:00:00 PM,47,21,26
08/12/2018 06:00:00 PM,45,12,33
08/12/2018 07:00:00 PM,27,13,14
08/12/2018 08:00:00 PM,18,10,8
08/12/2018 09:00:00 PM,39,35,4
08/12/2018 10:00:00 PM,11,11,0
08/12/2018 11:00:00 PM,7,5,2
08/13/2018 12:00:00 AM,2,0,2
08/13/2018 01:00:00 AM,6,2,4
08/13/2018 02:00:00 AM,0,0,0
08/13/2018 03:00:00 AM,3,2,1
08/13/2018 04:00:00 AM,4,2,2
08/13/2018 05:00:00 AM,20,14,6
08/13/2018 06:00:00 AM,57,26,31
08/13/2018 07:00:00 AM,114,60,54
08/13/2018 08:00:00 AM,177,93,84
08/13/2018 09:00:00 AM,113,52,61
08/13/2018 10:00:00 AM,44,20,24
08/13/2018 11:00:00 AM,28,19,9
08/13/2018 12:00:00 PM,47,22,25
08/13/2018 01:00:00 PM,44,25,19
08/13/2018 02:00:00 PM,43,21,22
08/13/2018 03:00:00 PM,83,28,55
08/13/2018 04:00:00 PM,168,56,112
08/13/2018 05:00:00 PM,245,85,160
08/13/2018 06:00:00 PM,112,41,71
08/13/2018 07:00:00 PM,59,26,33
08/13/2018 08:00:00 PM,29,14,15
08/13/2018 09:00:00 PM,13,9,4
08/13/2018 10:00:00 PM,11,6,5
08/13/2018 11:00:00 PM,18,15,3
08/14/2018 12:00:00 AM,3,1,2
08/14/2018 01:00:00 AM,1,1,0
08/14/2018 02:00:00 AM,2,1,1
08/14/2018 03:00:00 AM,3,1,2
08/14/2018 04:00:00 AM,4,4,0
08/14/2018 05:00:00 AM,20,11,9
08/14/2018 06:00:00 AM,54,27,27
08/14/2018 07:00:00 AM,122,75,47
08/14/2018 08:00:00 AM,147,58,89
08/14/2018 09:00:00 AM,114,48,66
08/14/2018 10:00:00 AM,41,19,22
08/14/2018 11:00:00 AM,38,17,21
08/14/2018 12:00:00 PM,35,18,17
08/14/2018 01:00:00 PM,55,30,25
08/14/2018 02:00:00 PM,53,26,27
08/14/2018 03:00:00 PM,88,29,59
08/14/2018 04:00:00 PM,160,57,103
08/14/2018 05:00:00 PM,269,99,170
08/14/2018 06:00:00 PM,101,41,60
08/14/2018 07:00:00 PM,47,18,29
08/14/2018 08:00:00 PM,19,9,10
08/14/2018 09:00:00 PM,16,8,8
08/14/2018 10:00:00 PM,13,9,4
08/14/2018 11:00:00 PM,5,0,5
08/15/2018 12:00:00 AM,5,4,1
08/15/2018 01:00:00 AM,1,0,1
08/15/2018 02:00:00 AM,2,0,2
08/15/2018 03:00:00 AM,1,0,1
08/15/2018 04:00:00 AM,2,2,0
08/15/2018 05:00:00 AM,13,9,4
08/15/2018 06:00:00 AM,48,23,25
08/15/2018 07:00:00 AM,115,54,61
08/15/2018 08:00:00 AM,152,72,80
08/15/2018 09:00:00 AM,93,43,50
08/15/2018 10:00:00 AM,43,15,28
08/15/2018 11:00:00 AM,48,27,21
08/15/2018 12:00:00 PM,56,19,37
08/15/2018 01:00:00 PM,45,21,24
08/15/2018 02:00:00 PM,51,25,26
08/15/2018 03:00:00 PM,79,26,53
08/15/2018 04:00:00 PM,135,46,89
08/15/2018 05:00:00 PM,229,98,131
08/15/2018 06:00:00 PM,113,38,75
08/15/2018 07:00:00 PM,41,15,26
08/15/2018 08:00:00 PM,35,14,21
08/15/2018 09:00:00 PM,24,12,12
08/15/2018 10:00:00 PM,8,3,5
08/15/2018 11:00:00 PM,2,1,1
08/16/2018 12:00:00 AM,3,2,1
08/16/2018 01:00:00 AM,0,0,0
08/16/2018 02:00:00 AM,2,2,0
08/16/2018 03:00:00 AM,5,2,3
08/16/2018 04:00:00 AM,1,1,0
08/16/2018 05:00:00 AM,14,10,4
08/16/2018 06:00:00 AM,45,20,25
08/16/2018 07:00:00 AM,98,51,47
08/16/2018 08:00:00 AM,138,63,75
08/16/2018 09:00:00 AM,83,39,44
08/16/2018 10:00:00 AM,46,21,25
08/16/2018 11:00:00 AM,51,26,25
08/16/2018 12:00:00 PM,35,20,15
08/16/2018 01:00:00 PM,61,27,34
08/16/2018 02:00:00 PM,56,19,37
08/16/2018 03:00:00 PM,93,31,62
08/16/2018 04:00:00 PM,141,42,99
08/16/2018 05:00:00 PM,194,82,112
08/16/2018 06:00:00 PM,127,59,68
08/16/2018 07:00:00 PM,48,19,29
08/16/2018 08:00:00 PM,32,17,15
08/16/2018 09:00:00 PM,17,6,11
08/16/2018 10:00:00 PM,13,11,2
08/16/2018 11:00:00 PM,4,4,0
08/17/2018 12:00:00 AM,3,2,1
08/17/2018 01:00:00 AM,4,1,3
08/17/2018 02:00:00 AM,3,0,3
08/17/2018 03:00:00 AM,4,2,2
08/17/2018 04:00:00 AM,1,1,0
08/17/2018 05:00:00 AM,16,10,6
08/17/2018 06:00:00 AM,35,21,14
08/17/2018 07:00:00 AM,73,37,36
08/17/2018 08:00:00 AM,135,64,71
08/17/2018 09:00:00 AM,85,34,51
08/17/2018 10:00:00 AM,46,20,26
08/17/2018 11:00:00 AM,43,23,20
08/17/2018 12:00:00 PM,64,36,28
08/17/2018 01:00:00 PM,67,34,33
08/17/2018 02:00:00 PM,74,30,44
08/17/2018 03:00:00 PM,99,34,65
08/17/2018 04:00:00 PM,165,65,100
08/17/2018 05:00:00 PM,176,69,107
08/17/2018 06:00:00 PM,102,26,76
08/17/2018 07:00:00 PM,51,24,27
08/17/2018 08:00:00 PM,23,10,13
08/17/2018 09:00:00 PM,38,25,13
08/17/2018 10:00:00 PM,24,16,8
08/17/2018 11:00:00 PM,21,9,12
08/18/2018 12:00:00 AM,6,2,4
08/18/2018 01:00:00 AM,7,2,5
08/18/2018 02:00:00 AM,7,5,2
08/18/2018 03:00:00 AM,2,1,1
08/18/2018 04:00:00 AM,0,0,0
08/18/2018 05:00:00 AM,1,1,0
08/18/2018 06:00:00 AM,7,4,3
08/18/2018 07:00:00 AM,8,5,3
08/18/2018 08:00:00 AM,13,9,4
08/18/2018 09:00:00 AM,19,9,10
08/18/2018 10:00:00 AM,20,6,14
08/18/2018 11:00:00 AM,53,12,41
08/18/2018 12:00:00 PM,114,16,98
08/18/2018 01:00:00 PM,56,14,42
08/18/2018 02:00:00 PM,46,15,31
08/18/2018 03:00:00 PM,106,86,20
08/18/2018 04:00:00 PM,53,30,23
08/18/2018 05:00:00 PM,48,25,23
08/18/2018 06:00:00 PM,33,7,26
08/18/2018 07:00:00 PM,33,12,21
08/18/2018 08:00:00 PM,24,10,14
08/18/2018 09:00:00 PM,12,5,7
08/18/2018 10:00:00 PM,21,10,11
08/18/2018 11:00:00 PM,24,18,6
08/19/2018 12:00:00 AM,9,6,3
08/19/2018 01:00:00 AM,1,1,0
08/19/2018 02:00:00 AM,6,3,3
08/19/2018 03:00:00 AM,3,3,0
08/19/2018 04:00:00 AM,2,1,1
08/19/2018 05:00:00 AM,1,0,1
08/19/2018 06:00:00 AM,3,1,2
08/19/2018 07:00:00 AM,8,5,3
08/19/2018 08:00:00 AM,8,4,4
08/19/2018 09:00:00 AM,26,13,13
08/19/2018 10:00:00 AM,37,12,25
08/19/2018 11:00:00 AM,42,16,26
08/19/2018 12:00:00 PM,46,21,25
08/19/2018 01:00:00 PM,40,15,25
08/19/2018 02:00:00 PM,39,20,19
08/19/2018 03:00:00 PM,45,27,18
08/19/2018 04:00:00 PM,40,23,17
08/19/2018 05:00:00 PM,32,14,18
08/19/2018 06:00:00 PM,34,15,19
08/19/2018 07:00:00 PM,27,18,9
08/19/2018 08:00:00 PM,17,10,7
08/19/2018 09:00:00 PM,9,2,7
08/19/2018 10:00:00 PM,9,3,6
08/19/2018 11:00:00 PM,7,2,5
08/20/2018 12:00:00 AM,0,0,0
08/20/2018 01:00:00 AM,2,1,1
08/20/2018 02:00:00 AM,2,0,2
08/20/2018 03:00:00 AM,2,2,0
08/20/2018 04:00:00 AM,3,1,2
08/20/2018 05:00:00 AM,20,11,9
08/20/2018 06:00:00 AM,33,15,18
08/20/2018 07:00:00 AM,76,40,36
08/20/2018 08:00:00 AM,121,55,66
08/20/2018 09:00:00 AM,58,22,36
08/20/2018 10:00:00 AM,31,10,21
08/20/2018 11:00:00 AM,39,19,20
08/20/2018 12:00:00 PM,46,19,27
08/20/2018 01:00:00 PM,35,22,13
08/20/2018 02:00:00 PM,39,13,26
08/20/2018 03:00:00 PM,57,17,40
08/20/2018 04:00:00 PM,117,43,74
08/20/2018 05:00:00 PM,164,62,102
08/20/2018 06:00:00 PM,79,29,50
08/20/2018 07:00:00 PM,32,15,17
08/20/2018 08:00:00 PM,18,13,5
08/20/2018 09:00:00 PM,18,6,12
08/20/2018 10:00:00 PM,24,20,4
08/20/2018 11:00:00 PM,5,3,2
08/21/2018 12:00:00 AM,5,2,3
08/21/2018 01:00:00 AM,1,1,0
08/21/2018 02:00:00 AM,0,0,0
08/21/2018 03:00:00 AM,4,1,3
08/21/2018 04:00:00 AM,0,0,0
08/21/2018 05:00:00 AM,8,5,3
08/21/2018 06:00:00 AM,26,12,14
08/21/2018 07:00:00 AM,49,31,18
08/21/2018 08:00:00 AM,97,43,54
08/21/2018 09:00:00 AM,66,30,36
08/21/2018 10:00:00 AM,35,18,17
08/21/2018 11:00:00 AM,34,16,18
08/21/2018 12:00:00 PM,44,25,19
08/21/2018 01:00:00 PM,38,21,17
08/21/2018 02:00:00 PM,32,10,22
08/21/2018 03:00:00 PM,57,17,40
08/21/2018 04:00:00 PM,112,33,79
08/21/2018 05:00:00 PM,125,39,86
08/21/2018 06:00:00 PM,80,37,43
08/21/2018 07:00:00 PM,31,10,21
08/21/2018 08:00:00 PM,18,8,10
08/21/2018 09:00:00 PM,16,11,5
08/21/2018 10:00:00 PM,17,11,6
08/21/2018 11:00:00 PM,12,6,6
08/22/2018 12:00:00 AM,1,1,0
08/22/2018 01:00:00 AM,3,0,3
08/22/2018 02:00:00 AM,1,0,1
08/22/2018 03:00:00 AM,4,3,1
08/22/2018 04:00:00 AM,1,1,0
08/22/2018 05:00:00 AM,12,12,0
08/22/2018 06:00:00 AM,30,12,18
08/22/2018 07:00:00 AM,60,34,26
08/22/2018 08:00:00 AM,93,51,42
08/22/2018 09:00:00 AM,63,31,32
08/22/2018 10:00:00 AM,37,19,18
08/22/2018 11:00:00 AM,37,19,18
08/22/2018 12:00:00 PM,53,17,36
08/22/2018 01:00:00 PM,49,12,37
08/22/2018 02:00:00 PM,37,20,17
08/22/2018 03:00:00 PM,52,14,38
08/22/2018 04:00:00 PM,116,52,64
08/22/2018 05:00:00 PM,145,62,83
08/22/2018 06:00:00 PM,64,32,32
08/22/2018 07:00:00 PM,28,10,18
08/22/2018 08:00:00 PM,19,9,10
08/22/2018 09:00:00 PM,5,3,2
08/22/2018 10:00:00 PM,6,3,3
08/22/2018 11:00:00 PM,6,2,4
08/23/2018 12:00:00 AM,2,1,1
08/23/2018 01:00:00 AM,3,1,2
08/23/2018 02:00:00 AM,1,0,1
08/23/2018 03:00:00 AM,2,2,0
08/23/2018 04:00:00 AM,2,1,1
08/23/2018 05:00:00 AM,9,6,3
08/23/2018 06:00:00 AM,24,13,11
08/23/2018 07:00:00 AM,67,36,31
08/23/2018 08:00:00 AM,96,45,51
08/23/2018 09:00:00 AM,78,32,46
08/23/2018 10:00:00 AM,29,8,21
08/23/2018 11:00:00 AM,52,25,27
08/23/2018 12:00:00 PM,45,21,24
08/23/2018 01:00:00 PM,45,19,26
08/23/2018 02:00:00 PM,38,17,21
08/23/2018 03:00:00 PM,58,25,33
08/23/2018 04:00:00 PM,117,49,68
08/23/2018 05:00:00 PM,184,72,112
08/23/2018 06:00:00 PM,76,25,51
08/23/2018 07:00:00 PM,45,19,26
08/23/2018 08:00:00 PM,33,16,17
08/23/2018 09:00:00 PM,16,11,5
08/23/2018 10:00:00 PM,15,6,9
08/23/2018 11:00:00 PM,8,4,4
08/24/2018 12:00:00 AM,4,2,2
08/24/2018 01:00:00 AM,2,1,1
08/24/2018 02:00:00 AM,2,2,0
08/24/2018 03:00:00 AM,2,1,1
08/24/2018 04:00:00 AM,3,3,0
08/24/2018 05:00:00 AM,9,5,4
08/24/2018 06:00:00 AM,34,19,15
08/24/2018 07:00:00 AM,73,41,32
08/24/2018 08:00:00 AM,139,57,82
08/24/2018 09:00:00 AM,88,39,49
08/24/2018 10:00:00 AM,50,27,23
08/24/2018 11:00:00 AM,51,21,30
08/24/2018 12:00:00 PM,53,27,26
08/24/2018 01:00:00 PM,44,25,19
08/24/2018 02:00:00 PM,66,33,33
08/24/2018 03:00:00 PM,86,28,58
08/24/2018 04:00:00 PM,150,60,90
08/24/2018 05:00:00 PM,146,43,103
08/24/2018 06:00:00 PM,70,32,38
08/24/2018 07:00:00 PM,34,12,22
08/24/2018 08:00:00 PM,30,10,20
08/24/2018 09:00:00 PM,10,5,5
08/24/2018 10:00:00 PM,13,5,8
08/24/2018 11:00:00 PM,11,4,7
08/25/2018 12:00:00 AM,4,1,3
08/25/2018 01:00:00 AM,7,5,2
08/25/2018 02:00:00 AM,5,4,1
08/25/2018 03:00:00 AM,2,1,1
08/25/2018 04:00:00 AM,1,1,0
08/25/2018 05:00:00 AM,3,1,2
08/25/2018 06:00:00 AM,0,0,0
08/25/2018 07:00:00 AM,4,3,1
08/25/2018 08:00:00 AM,16,7,9
08/25/2018 09:00:00 AM,17,10,7
08/25/2018 10:00:00 AM,16,9,7
08/25/2018 11:00:00 AM,18,4,14
08/25/2018 12:00:00 PM,25,9,16
08/25/2018 01:00:00 PM,28,8,20
08/25/2018 02:00:00 PM,61,24,37
08/25/2018 03:00:00 PM,34,21,13
08/25/2018 04:00:00 PM,30,12,18
08/25/2018 05:00:00 PM,42,20,22
08/25/2018 06:00:00 PM,42,18,24
08/25/2018 07:00:00 PM,26,9,17
08/25/2018 08:00:00 PM,16,9,7
08/25/2018 09:00:00 PM,7,3,4
08/25/2018 10:00:00 PM,10,4,6
08/25/2018 11:00:00 PM,24,14,10
08/26/2018 12:00:00 AM,12,7,5
08/26/2018 01:00:00 AM,5,2,3
08/26/2018 02:00:00 AM,4,2,2
08/26/2018 03:00:00 AM,1,1,0
08/26/2018 04:00:00 AM,0,0,0
08/26/2018 05:00:00 AM,3,0,3
08/26/2018 06:00:00 AM,5,0,5
08/26/2018 07:00:00 AM,9,3,6
08/26/2018 08:00:00 AM,10,8,2
08/26/2018 09:00:00 AM,12,5,7
08/26/2018 10:00:00 AM,18,12,6
08/26/2018 11:00:00 AM,28,9,19
08/26/2018 12:00:00 PM,27,17,10
08/26/2018 01:00:00 PM,18,8,10
08/26/2018 02:00:00 PM,25,12,13
08/26/2018 03:00:00 PM,39,21,18
08/26/2018 04:00:00 PM,27,9,18
08/26/2018 05:00:00 PM,25,9,16
08/26/2018 06:00:00 PM,25,14,11
08/26/2018 07:00:00 PM,12,7,5
08/26/2018 08:00:00 PM,10,2,8
08/26/2018 09:00:00 PM,5,2,3
08/26/2018 10:00:00 PM,6,2,4
08/26/2018 11:00:00 PM,0,0,0
08/27/2018 12:00:00 AM,2,2,0
08/27/2018 01:00:00 AM,1,1,0
08/27/2018 02:00:00 AM,4,2,2
08/27/2018 03:00:00 AM,1,1,0
08/27/2018 04:00:00 AM,4,2,2
08/27/2018 05:00:00 AM,14,10,4
08/27/2018 06:00:00 AM,33,16,17
08/27/2018 07:00:00 AM,89,48,41
08/27/2018 08:00:00 AM,167,79,88
08/27/2018 09:00:00 AM,105,59,46
08/27/2018 10:00:00 AM,41,16,25
08/27/2018 11:00:00 AM,39,18,21
08/27/2018 12:00:00 PM,50,32,18
08/27/2018 01:00:00 PM,24,10,14
08/27/2018 02:00:00 PM,50,19,31
08/27/2018 03:00:00 PM,69,27,42
08/27/2018 04:00:00 PM,163,59,104
08/27/2018 05:00:00 PM,208,78,130
08/27/2018 06:00:00 PM,112,40,72
08/27/2018 07:00:00 PM,57,30,27
08/27/2018 08:00:00 PM,20,7,13
08/27/2018 09:00:00 PM,17,10,7
08/27/2018 10:00:00 PM,5,3,2
08/27/2018 11:00:00 PM,2,2,0
08/28/2018 12:00:00 AM,2,0,2
08/28/2018 01:00:00 AM,1,1,0
08/28/2018 02:00:00 AM,1,1,0
08/28/2018 03:00:00 AM,2,2,0
08/28/2018 04:00:00 AM,3,1,2
08/28/2018 05:00:00 AM,14,11,3
08/28/2018 06:00:00 AM,42,18,24
08/28/2018 07:00:00 AM,120,62,58
08/28/2018 08:00:00 AM,190,95,95
08/28/2018 09:00:00 AM,112,44,68
08/28/2018 10:00:00 AM,54,24,30
08/28/2018 11:00:00 AM,50,27,23
08/28/2018 12:00:00 PM,40,25,15
08/28/2018 01:00:00 PM,32,11,21
08/28/2018 02:00:00 PM,52,20,32
08/28/2018 03:00:00 PM,80,27,53
08/28/2018 04:00:00 PM,179,72,107
08/28/2018 05:00:00 PM,251,105,146
08/28/2018 06:00:00 PM,132,50,82
08/28/2018 07:00:00 PM,55,26,29
08/28/2018 08:00:00 PM,34,22,12
08/28/2018 09:00:00 PM,17,7,10
08/28/2018 10:00:00 PM,17,5,12
08/28/2018 11:00:00 PM,5,2,3
08/29/2018 12:00:00 AM,5,3,2
08/29/2018 01:00:00 AM,2,1,1
08/29/2018 02:00:00 AM,3,2,1
08/29/2018 03:00:00 AM,3,2,1
08/29/2018 04:00:00 AM,4,2,2
08/29/2018 05:00:00 AM,14,9,5
08/29/2018 06:00:00 AM,47,20,27
08/29/2018 07:00:00 AM,105,56,49
08/29/2018 08:00:00 AM,160,77,83
08/29/2018 09:00:00 AM,105,50,55
08/29/2018 10:00:00 AM,61,27,34
08/29/2018 11:00:00 AM,54,21,33
08/29/2018 12:00:00 PM,44,27,17
08/29/2018 01:00:00 PM,48,24,24
08/29/2018 02:00:00 PM,40,19,21
08/29/2018 03:00:00 PM,91,32,59
08/29/2018 04:00:00 PM,145,49,96
08/29/2018 05:00:00 PM,218,76,142
08/29/2018 06:00:00 PM,134,52,82
08/29/2018 07:00:00 PM,50,20,30
08/29/2018 08:00:00 PM,27,15,12
08/29/2018 09:00:00 PM,19,4,15
08/29/2018 10:00:00 PM,5,1,4
08/29/2018 11:00:00 PM,7,3,4
08/30/2018 12:00:00 AM,2,1,1
08/30/2018 01:00:00 AM,1,1,0
08/30/2018 02:00:00 AM,1,1,0
08/30/2018 03:00:00 AM,2,1,1
08/30/2018 04:00:00 AM,3,1,2
08/30/2018 05:00:00 AM,15,10,5
08/30/2018 06:00:00 AM,27,14,13
08/30/2018 07:00:00 AM,83,46,37
08/30/2018 08:00:00 AM,134,61,73
08/30/2018 09:00:00 AM,109,42,67
08/30/2018 10:00:00 AM,36,20,16
08/30/2018 11:00:00 AM,49,24,25
08/30/2018 12:00:00 PM,44,27,17
08/30/2018 01:00:00 PM,67,33,34
08/30/2018 02:00:00 PM,46,20,26
08/30/2018 03:00:00 PM,66,20,46
08/30/2018 04:00:00 PM,144,53,91
08/30/2018 05:00:00 PM,218,61,157
08/30/2018 06:00:00 PM,155,54,101
08/30/2018 07:00:00 PM,56,30,26
08/30/2018 08:00:00 PM,29,16,13
08/30/2018 09:00:00 PM,33,23,10
08/30/2018 10:00:00 PM,28,20,8
08/30/2018 11:00:00 PM,14,11,3
08/31/2018 12:00:00 AM,5,3,2
08/31/2018 01:00:00 AM,5,3,2
08/31/2018 02:00:00 AM,2,2,0
08/31/2018 03:00:00 AM,3,1,2
08/31/2018 04:00:00 AM,3,1,2
08/31/2018 05:00:00 AM,8,7,1
08/31/2018 06:00:00 AM,24,15,9
08/31/2018 07:00:00 AM,62,39,23
08/31/2018 08:00:00 AM,114,62,52
08/31/2018 09:00:00 AM,72,32,40
08/31/2018 10:00:00 AM,46,24,22
08/31/2018 11:00:00 AM,54,32,22
08/31/2018 12:00:00 PM,56,25,31
08/31/2018 01:00:00 PM,64,23,41
08/31/2018 02:00:00 PM,62,23,39
08/31/2018 03:00:00 PM,100,36,64
08/31/2018 04:00:00 PM,156,56,100
08/31/2018 05:00:00 PM,158,50,108
08/31/2018 06:00:00 PM,71,23,48
08/31/2018 07:00:00 PM,31,16,15
08/31/2018 08:00:00 PM,23,11,12
08/31/2018 09:00:00 PM,13,4,9
08/31/2018 10:00:00 PM,10,5,5
08/31/2018 11:00:00 PM,21,6,15
09/01/2018 12:00:00 AM,7,5,2
09/01/2018 01:00:00 AM,6,2,4
09/01/2018 02:00:00 AM,10,2,8
09/01/2018 03:00:00 AM,2,1,1
09/01/2018 04:00:00 AM,2,1,1
09/01/2018 05:00:00 AM,1,1,0
09/01/2018 06:00:00 AM,2,1,1
09/01/2018 07:00:00 AM,8,5,3
09/01/2018 08:00:00 AM,16,11,5
09/01/2018 09:00:00 AM,22,9,13
09/01/2018 10:00:00 AM,22,11,11
09/01/2018 11:00:00 AM,37,11,26
09/01/2018 12:00:00 PM,73,13,60
09/01/2018 01:00:00 PM,43,23,20
09/01/2018 02:00:00 PM,33,15,18
09/01/2018 03:00:00 PM,65,45,20
09/01/2018 04:00:00 PM,64,35,29
09/01/2018 05:00:00 PM,45,20,25
09/01/2018 06:00:00 PM,37,13,24
09/01/2018 07:00:00 PM,42,12,30
09/01/2018 08:00:00 PM,24,13,11
09/01/2018 09:00:00 PM,10,4,6
09/01/2018 10:00:00 PM,5,1,4
09/01/2018 11:00:00 PM,39,23,16
09/02/2018 12:00:00 AM,9,6,3
09/02/2018 01:00:00 AM,6,3,3
09/02/2018 02:00:00 AM,0,0,0
09/02/2018 03:00:00 AM,5,4,1
09/02/2018 04:00:00 AM,0,0,0
09/02/2018 05:00:00 AM,1,0,1
09/02/2018 06:00:00 AM,1,1,0
09/02/2018 07:00:00 AM,7,6,1
09/02/2018 08:00:00 AM,10,9,1
09/02/2018 09:00:00 AM,16,9,7
09/02/2018 10:00:00 AM,20,7,13
09/02/2018 11:00:00 AM,47,13,34
09/02/2018 12:00:00 PM,31,11,20
09/02/2018 01:00:00 PM,28,17,11
09/02/2018 02:00:00 PM,35,18,17
09/02/2018 03:00:00 PM,30,12,18
09/02/2018 04:00:00 PM,33,17,16
09/02/2018 05:00:00 PM,31,14,17
09/02/2018 06:00:00 PM,41,20,21
09/02/2018 07:00:00 PM,25,8,17
09/02/2018 08:00:00 PM,16,7,9
09/02/2018 09:00:00 PM,12,5,7
09/02/2018 10:00:00 PM,10,7,3
09/02/2018 11:00:00 PM,11,3,8
09/03/2018 12:00:00 AM,4,2,2
09/03/2018 01:00:00 AM,1,1,0
09/03/2018 02:00:00 AM,2,1,1
09/03/2018 03:00:00 AM,2,0,2
09/03/2018 04:00:00 AM,0,0,0
09/03/2018 05:00:00 AM,6,4,2
09/03/2018 06:00:00 AM,5,3,2
09/03/2018 07:00:00 AM,3,1,2
09/03/2018 08:00:00 AM,14,9,5
09/03/2018 09:00:00 AM,25,15,10
09/03/2018 10:00:00 AM,24,13,11
09/03/2018 11:00:00 AM,31,11,20
09/03/2018 12:00:00 PM,29,14,15
09/03/2018 01:00:00 PM,47,16,31
09/03/2018 02:00:00 PM,51,25,26
09/03/2018 03:00:00 PM,34,15,19
09/03/2018 04:00:00 PM,61,22,39
09/03/2018 05:00:00 PM,46,19,27
09/03/2018 06:00:00 PM,35,17,18
09/03/2018 07:00:00 PM,31,18,13
09/03/2018 08:00:00 PM,13,9,4
09/03/2018 09:00:00 PM,26,19,7
09/03/2018 10:00:00 PM,3,1,2
09/03/2018 11:00:00 PM,6,1,5
09/04/2018 12:00:00 AM,2,2,0
09/04/2018 01:00:00 AM,2,0,2
09/04/2018 02:00:00 AM,0,0,0
09/04/2018 03:00:00 AM,0,0,0
09/04/2018 04:00:00 AM,3,1,2
09/04/2018 05:00:00 AM,14,9,5
09/04/2018 06:00:00 AM,42,24,18
09/04/2018 07:00:00 AM,112,55,57
09/04/2018 08:00:00 AM,177,88,89
09/04/2018 09:00:00 AM,108,52,56
09/04/2018 10:00:00 AM,38,22,16
09/04/2018 11:00:00 AM,43,24,19
09/04/2018 12:00:00 PM,43,25,18
09/04/2018 01:00:00 PM,43,20,23
09/04/2018 02:00:00 PM,58,20,38
09/04/2018 03:00:00 PM,71,20,51
09/04/2018 04:00:00 PM,159,57,102
09/04/2018 05:00:00 PM,244,98,146
09/04/2018 06:00:00 PM,120,39,81
09/04/2018 07:00:00 PM,46,17,29
09/04/2018 08:00:00 PM,15,8,7
09/04/2018 09:00:00 PM,24,10,14
09/04/2018 10:00:00 PM,14,3,11
09/04/2018 11:00:00 PM,8,8,0
09/05/2018 12:00:00 AM,3,1,2
09/05/2018 01:00:00 AM,6,3,3
09/05/2018 02:00:00 AM,1,0,1
09/05/2018 03:00:00 AM,0,0,0
09/05/2018 04:00:00 AM,4,2,2
09/05/2018 05:00:00 AM,13,10,3
09/05/2018 06:00:00 AM,54,27,27
09/05/2018 07:00:00 AM,117,58,59
09/05/2018 08:00:00 AM,188,89,99
09/05/2018 09:00:00 AM,113,54,59
09/05/2018 10:00:00 AM,47,27,20
09/05/2018 11:00:00 AM,76,36,40
09/05/2018 12:00:00 PM,43,17,26
09/05/2018 01:00:00 PM,46,27,19
09/05/2018 02:00:00 PM,57,23,34
09/05/2018 03:00:00 PM,79,32,47
09/05/2018 04:00:00 PM,185,66,119
09/05/2018 05:00:00 PM,255,90,165
09/05/2018 06:00:00 PM,131,41,90
09/05/2018 07:00:00 PM,52,21,31
09/05/2018 08:00:00 PM,26,15,11
09/05/2018 09:00:00 PM,12,5,7
09/05/2018 10:00:00 PM,23,14,9
09/05/2018 11:00:00 PM,9,3,6
09/06/2018 12:00:00 AM,2,2,0
09/06/2018 01:00:00 AM,1,0,1
09/06/2018 02:00:00 AM,1,1,0
09/06/2018 03:00:00 AM,2,1,1
09/06/2018 04:00:00 AM,4,1,3
09/06/2018 05:00:00 AM,16,14,2
09/06/2018 06:00:00 AM,44,20,24
09/06/2018 07:00:00 AM,118,68,50
09/06/2018 08:00:00 AM,189,84,105
09/06/2018 09:00:00 AM,97,48,49
09/06/2018 10:00:00 AM,48,26,22
09/06/2018 11:00:00 AM,69,34,35
09/06/2018 12:00:00 PM,57,28,29
09/06/2018 01:00:00 PM,59,25,34
09/06/2018 02:00:00 PM,55,23,32
09/06/2018 03:00:00 PM,79,28,51
09/06/2018 04:00:00 PM,192,63,129
09/06/2018 05:00:00 PM,242,92,150
09/06/2018 06:00:00 PM,125,47,78
09/06/2018 07:00:00 PM,61,26,35
09/06/2018 08:00:00 PM,33,21,12
09/06/2018 09:00:00 PM,31,20,11
09/06/2018 10:00:00 PM,7,3,4
09/06/2018 11:00:00 PM,3,1,2
09/07/2018 12:00:00 AM,5,3,2
09/07/2018 01:00:00 AM,4,3,1
09/07/2018 02:00:00 AM,2,1,1
09/07/2018 03:00:00 AM,0,0,0
09/07/2018 04:00:00 AM,5,3,2
09/07/2018 05:00:00 AM,15,12,3
09/07/2018 06:00:00 AM,42,22,20
09/07/2018 07:00:00 AM,60,32,28
09/07/2018 08:00:00 AM,164,74,90
09/07/2018 09:00:00 AM,95,42,53
09/07/2018 10:00:00 AM,51,21,30
09/07/2018 11:00:00 AM,46,30,16
09/07/2018 12:00:00 PM,66,28,38
09/07/2018 01:00:00 PM,51,17,34
09/07/2018 02:00:00 PM,54,23,31
09/07/2018 03:00:00 PM,110,50,60
09/07/2018 04:00:00 PM,169,56,113
09/07/2018 05:00:00 PM,207,82,125
09/07/2018 06:00:00 PM,97,32,65
09/07/2018 07:00:00 PM,30,12,18
09/07/2018 08:00:00 PM,15,8,7
09/07/2018 09:00:00 PM,24,8,16
09/07/2018 10:00:00 PM,14,14,0
09/07/2018 11:00:00 PM,7,4,3
09/08/2018 12:00:00 AM,11,6,5
09/08/2018 01:00:00 AM,10,5,5
09/08/2018 02:00:00 AM,4,2,2
09/08/2018 03:00:00 AM,0,0,0
09/08/2018 04:00:00 AM,1,1,0
09/08/2018 05:00:00 AM,3,0,3
09/08/2018 06:00:00 AM,3,1,2
09/08/2018 07:00:00 AM,16,7,9
09/08/2018 08:00:00 AM,7,4,3
09/08/2018 09:00:00 AM,18,8,10
09/08/2018 10:00:00 AM,27,10,17
09/08/2018 11:00:00 AM,32,13,19
09/08/2018 12:00:00 PM,38,21,17
09/08/2018 01:00:00 PM,41,22,19
09/08/2018 02:00:00 PM,54,32,22
09/08/2018 03:00:00 PM,57,21,36
09/08/2018 04:00:00 PM,57,23,34
09/08/2018 05:00:00 PM,44,13,31
09/08/2018 06:00:00 PM,34,10,24
09/08/2018 07:00:00 PM,17,5,12
09/08/2018 08:00:00 PM,23,13,10
09/08/2018 09:00:00 PM,41,26,15
09/08/2018 10:00:00 PM,11,5,6
09/08/2018 11:00:00 PM,9,7,2
09/09/2018 12:00:00 AM,9,5,4
09/09/2018 01:00:00 AM,4,3,1
09/09/2018 02:00:00 AM,4,1,3
09/09/2018 03:00:00 AM,0,0,0
09/09/2018 04:00:00 AM,0,0,0
09/09/2018 05:00:00 AM,1,1,0
09/09/2018 06:00:00 AM,3,1,2
09/09/2018 07:00:00 AM,8,7,1
09/09/2018 08:00:00 AM,8,2,6
09/09/2018 09:00:00 AM,15,7,8
09/09/2018 10:00:00 AM,43,15,28
09/09/2018 11:00:00 AM,42,10,32
09/09/2018 12:00:00 PM,30,12,18
09/09/2018 01:00:00 PM,35,13,22
09/09/2018 02:00:00 PM,44,20,24
09/09/2018 03:00:00 PM,37,12,25
09/09/2018 04:00:00 PM,46,31,15
09/09/2018 05:00:00 PM,41,23,18
09/09/2018 06:00:00 PM,23,14,9
09/09/2018 07:00:00 PM,19,8,11
09/09/2018 08:00:00 PM,7,5,2
09/09/2018 09:00:00 PM,3,0,3
09/09/2018 10:00:00 PM,8,4,4
09/09/2018 11:00:00 PM,1,1,0
09/10/2018 12:00:00 AM,4,4,0
09/10/2018 01:00:00 AM,0,0,0
09/10/2018 02:00:00 AM,1,0,1
09/10/2018 03:00:00 AM,2,1,1
09/10/2018 04:00:00 AM,4,3,1
09/10/2018 05:00:00 AM,14,12,2
09/10/2018 06:00:00 AM,41,22,19
09/10/2018 07:00:00 AM,83,51,32
09/10/2018 08:00:00 AM,157,81,76
09/10/2018 09:00:00 AM,104,38,66
09/10/2018 10:00:00 AM,34,19,15
09/10/2018 11:00:00 AM,30,10,20
09/10/2018 12:00:00 PM,26,15,11
09/10/2018 01:00:00 PM,33,14,19
09/10/2018 02:00:00 PM,43,19,24
09/10/2018 03:00:00 PM,65,20,45
09/10/2018 04:00:00 PM,140,44,96
09/10/2018 05:00:00 PM,194,68,126
09/10/2018 06:00:00 PM,108,37,71
09/10/2018 07:00:00 PM,39,23,16
09/10/2018 08:00:00 PM,20,9,11
09/10/2018 09:00:00 PM,13,5,8
09/10/2018 10:00:00 PM,8,3,5
09/10/2018 11:00:00 PM,5,3,2
09/11/2018 12:00:00 AM,2,0,2
09/11/2018 01:00:00 AM,5,4,1
09/11/2018 02:00:00 AM,1,1,0
09/11/2018 03:00:00 AM,1,0,1
09/11/2018 04:00:00 AM,3,1,2
09/11/2018 05:00:00 AM,13,12,1
09/11/2018 06:00:00 AM,42,19,23
09/11/2018 07:00:00 AM,89,48,41
09/11/2018 08:00:00 AM,167,91,76
09/11/2018 09:00:00 AM,90,44,46
09/11/2018 10:00:00 AM,49,24,25
09/11/2018 11:00:00 AM,32,15,17
09/11/2018 12:00:00 PM,42,17,25
09/11/2018 01:00:00 PM,49,27,22
09/11/2018 02:00:00 PM,37,20,17
09/11/2018 03:00:00 PM,71,20,51
09/11/2018 04:00:00 PM,120,44,76
09/11/2018 05:00:00 PM,216,78,138
09/11/2018 06:00:00 PM,130,51,79
09/11/2018 07:00:00 PM,34,17,17
09/11/2018 08:00:00 PM,30,12,18
09/11/2018 09:00:00 PM,19,8,11
09/11/2018 10:00:00 PM,16,9,7
09/11/2018 11:00:00 PM,5,4,1
09/12/2018 12:00:00 AM,0,0,0
09/12/2018 01:00:00 AM,3,2,1
09/12/2018 02:00:00 AM,1,0,1
09/12/2018 03:00:00 AM,1,1,0
09/12/2018 04:00:00 AM,3,2,1
09/12/2018 05:00:00 AM,17,13,4
09/12/2018 06:00:00 AM,35,18,17
09/12/2018 07:00:00 AM,102,57,45
09/12/2018 08:00:00 AM,159,70,89
09/12/2018 09:00:00 AM,89,33,56
09/12/2018 10:00:00 AM,34,22,12
09/12/2018 11:00:00 AM,44,24,20
09/12/2018 12:00:00 PM,44,23,21
09/12/2018 01:00:00 PM,44,23,21
09/12/2018 02:00:00 PM,38,12,26
09/12/2018 03:00:00 PM,62,21,41
09/12/2018 04:00:00 PM,130,44,86
09/12/2018 05:00:00 PM,183,68,115
09/12/2018 06:00:00 PM,119,50,69
09/12/2018 07:00:00 PM,57,31,26
09/12/2018 08:00:00 PM,36,12,24
09/12/2018 09:00:00 PM,16,6,10
09/12/2018 10:00:00 PM,13,8,5
09/12/2018 11:00:00 PM,5,2,3
09/13/2018 12:00:00 AM,5,2,3
09/13/2018 01:00:00 AM,1,0,1
09/13/2018 02:00:00 AM,0,0,0
09/13/2018 03:00:00 AM,2,2,0
09/13/2018 04:00:00 AM,3,1,2
09/13/2018 05:00:00 AM,15,12,3
09/13/2018 06:00:00 AM,37,21,16
09/13/2018 07:00:00 AM,79,49,30
09/13/2018 08:00:00 AM,151,71,80
09/13/2018 09:00:00 AM,85,40,45
09/13/2018 10:00:00 AM,43,23,20
09/13/2018 11:00:00 AM,32,14,18
09/13/2018 12:00:00 PM,34,19,15
09/13/2018 01:00:00 PM,43,17,26
09/13/2018 02:00:00 PM,44,19,25
09/13/2018 03:00:00 PM,88,26,62
09/13/2018 04:00:00 PM,127,49,78
09/13/2018 05:00:00 PM,185,76,109
09/13/2018 06:00:00 PM,104,43,61
09/13/2018 07:00:00 PM,41,22,19
09/13/2018 08:00:00 PM,24,11,13
09/13/2018 09:00:00 PM,6,2,4
09/13/2018 10:00:00 PM,9,3,6
09/13/2018 11:00:00 PM,10,7,3
09/14/2018 12:00:00 AM,8,5,3
09/14/2018 01:00:00 AM,1,0,1
09/14/2018 02:00:00 AM,0,0,0
09/14/2018 03:00:00 AM,3,3,0
09/14/2018 04:00:00 AM,4,3,1
09/14/2018 05:00:00 AM,9,6,3
09/14/2018 06:00:00 AM,28,17,11
09/14/2018 07:00:00 AM,55,36,19
09/14/2018 08:00:00 AM,81,36,45
09/14/2018 09:00:00 AM,61,25,36
09/14/2018 10:00:00 AM,34,11,23
09/14/2018 11:00:00 AM,28,16,12
09/14/2018 12:00:00 PM,41,17,24
09/14/2018 01:00:00 PM,49,16,33
09/14/2018 02:00:00 PM,46,29,17
09/14/2018 03:00:00 PM,68,21,47
09/14/2018 04:00:00 PM,119,48,71
09/14/2018 05:00:00 PM,130,47,83
09/14/2018 06:00:00 PM,68,24,44
09/14/2018 07:00:00 PM,37,17,20
09/14/2018 08:00:00 PM,17,3,14
09/14/2018 09:00:00 PM,7,2,5
09/14/2018 10:00:00 PM,19,7,12
09/14/2018 11:00:00 PM,17,10,7
09/15/2018 12:00:00 AM,14,9,5
09/15/2018 01:00:00 AM,7,3,4
09/15/2018 02:00:00 AM,4,4,0
09/15/2018 03:00:00 AM,0,0,0
09/15/2018 04:00:00 AM,1,1,0
09/15/2018 05:00:00 AM,3,1,2
09/15/2018 06:00:00 AM,0,0,0
09/15/2018 07:00:00 AM,7,5,2
09/15/2018 08:00:00 AM,18,9,9
09/15/2018 09:00:00 AM,14,2,12
09/15/2018 10:00:00 AM,22,11,11
09/15/2018 11:00:00 AM,27,17,10
09/15/2018 12:00:00 PM,24,14,10
09/15/2018 01:00:00 PM,25,13,12
09/15/2018 02:00:00 PM,34,17,17
09/15/2018 03:00:00 PM,37,16,21
09/15/2018 04:00:00 PM,37,25,12
09/15/2018 05:00:00 PM,22,8,14
09/15/2018 06:00:00 PM,16,5,11
09/15/2018 07:00:00 PM,17,6,11
09/15/2018 08:00:00 PM,5,3,2
09/15/2018 09:00:00 PM,8,4,4
09/15/2018 10:00:00 PM,16,7,9
09/15/2018 11:00:00 PM,6,1,5
09/16/2018 12:00:00 AM,5,2,3
09/16/2018 01:00:00 AM,6,3,3
09/16/2018 02:00:00 AM,3,1,2
09/16/2018 03:00:00 AM,1,1,0
09/16/2018 04:00:00 AM,1,0,1
09/16/2018 05:00:00 AM,0,0,0
09/16/2018 06:00:00 AM,2,2,0
09/16/2018 07:00:00 AM,3,2,1
09/16/2018 08:00:00 AM,10,4,6
09/16/2018 09:00:00 AM,5,2,3
09/16/2018 10:00:00 AM,7,4,3
09/16/2018 11:00:00 AM,13,6,7
09/16/2018 12:00:00 PM,22,12,10
09/16/2018 01:00:00 PM,18,12,6
09/16/2018 02:00:00 PM,15,9,6
09/16/2018 03:00:00 PM,24,12,12
09/16/2018 04:00:00 PM,14,5,9
09/16/2018 05:00:00 PM,35,13,22
09/16/2018 06:00:00 PM,23,15,8
09/16/2018 07:00:00 PM,10,2,8
09/16/2018 08:00:00 PM,8,5,3
09/16/2018 09:00:00 PM,4,1,3
09/16/2018 10:00:00 PM,7,2,5
09/16/2018 11:00:00 PM,2,1,1
09/17/2018 12:00:00 AM,0,0,0
09/17/2018 01:00:00 AM,2,1,1
09/17/2018 02:00:00 AM,1,1,0
09/17/2018 03:00:00 AM,1,1,0
09/17/2018 04:00:00 AM,2,1,1
09/17/2018 05:00:00 AM,13,11,2
09/17/2018 06:00:00 AM,43,25,18
09/17/2018 07:00:00 AM,114,59,55
09/17/2018 08:00:00 AM,173,77,96
09/17/2018 09:00:00 AM,109,57,52
09/17/2018 10:00:00 AM,44,22,22
09/17/2018 11:00:00 AM,49,23,26
09/17/2018 12:00:00 PM,31,13,18
09/17/2018 01:00:00 PM,45,27,18
09/17/2018 02:00:00 PM,40,13,27
09/17/2018 03:00:00 PM,94,32,62
09/17/2018 04:00:00 PM,166,57,109
09/17/2018 05:00:00 PM,221,80,141
09/17/2018 06:00:00 PM,115,42,73
09/17/2018 07:00:00 PM,50,25,25
09/17/2018 08:00:00 PM,18,8,10
09/17/2018 09:00:00 PM,10,5,5
09/17/2018 10:00:00 PM,2,2,0
09/17/2018 11:00:00 PM,2,0,2
09/18/2018 12:00:00 AM,0,0,0
09/18/2018 01:00:00 AM,2,1,1
09/18/2018 02:00:00 AM,2,0,2
09/18/2018 03:00:00 AM,1,0,1
09/18/2018 04:00:00 AM,3,2,1
09/18/2018 05:00:00 AM,18,13,5
09/18/2018 06:00:00 AM,50,25,25
09/18/2018 07:00:00 AM,108,57,51
09/18/2018 08:00:00 AM,184,84,100
09/18/2018 09:00:00 AM,104,56,48
09/18/2018 10:00:00 AM,39,19,20
09/18/2018 11:00:00 AM,40,18,22
09/18/2018 12:00:00 PM,45,28,17
09/18/2018 01:00:00 PM,53,27,26
09/18/2018 02:00:00 PM,58,24,34
09/18/2018 03:00:00 PM,81,28,53
09/18/2018 04:00:00 PM,182,70,112
09/18/2018 05:00:00 PM,221,85,136
09/18/2018 06:00:00 PM,123,57,66
09/18/2018 07:00:00 PM,37,11,26
09/18/2018 08:00:00 PM,23,12,11
09/18/2018 09:00:00 PM,24,12,12
09/18/2018 10:00:00 PM,16,3,13
09/18/2018 11:00:00 PM,3,1,2
09/19/2018 12:00:00 AM,1,1,0
09/19/2018 01:00:00 AM,6,4,2
09/19/2018 02:00:00 AM,0,0,0
09/19/2018 03:00:00 AM,2,0,2
09/19/2018 04:00:00 AM,1,1,0
09/19/2018 05:00:00 AM,10,9,1
09/19/2018 06:00:00 AM,29,15,14
09/19/2018 07:00:00 AM,107,58,49
09/19/2018 08:00:00 AM,161,80,81
09/19/2018 09:00:00 AM,103,40,63
09/19/2018 10:00:00 AM,47,23,24
09/19/2018 11:00:00 AM,43,20,23
09/19/2018 12:00:00 PM,38,20,18
09/19/2018 01:00:00 PM,39,20,19
09/19/2018 02:00:00 PM,46,18,28
09/19/2018 03:00:00 PM,61,22,39
09/19/2018 04:00:00 PM,171,59,112
09/19/2018 05:00:00 PM,241,81,160
09/19/2018 06:00:00 PM,121,39,82
09/19/2018 07:00:00 PM,86,29,57
09/19/2018 08:00:00 PM,26,12,14
09/19/2018 09:00:00 PM,16,11,5
09/19/2018 10:00:00 PM,57,42,15
09/19/2018 11:00:00 PM,9,3,6
09/20/2018 12:00:00 AM,6,4,2
09/20/2018 01:00:00 AM,1,1,0
09/20/2018 02:00:00 AM,0,0,0
09/20/2018 03:00:00 AM,3,1,2
09/20/2018 04:00:00 AM,1,1,0
09/20/2018 05:00:00 AM,14,10,4
09/20/2018 06:00:00 AM,40,23,17
09/20/2018 07:00:00 AM,86,45,41
09/20/2018 08:00:00 AM,136,68,68
09/20/2018 09:00:00 AM,86,32,54
09/20/2018 10:00:00 AM,38,21,17
09/20/2018 11:00:00 AM,39,18,21
09/20/2018 12:00:00 PM,47,26,21
09/20/2018 01:00:00 PM,56,29,27
09/20/2018 02:00:00 PM,48,23,25
09/20/2018 03:00:00 PM,75,30,45
09/20/2018 04:00:00 PM,145,47,98
09/20/2018 05:00:00 PM,185,73,112
09/20/2018 06:00:00 PM,99,40,59
09/20/2018 07:00:00 PM,62,31,31
09/20/2018 08:00:00 PM,24,11,13
09/20/2018 09:00:00 PM,13,7,6
09/20/2018 10:00:00 PM,9,2,7
09/20/2018 11:00:00 PM,9,6,3
09/21/2018 12:00:00 AM,3,2,1
09/21/2018 01:00:00 AM,2,0,2
09/21/2018 02:00:00 AM,4,1,3
09/21/2018 03:00:00 AM,1,1,0
09/21/2018 04:00:00 AM,3,3,0
09/21/2018 05:00:00 AM,14,10,4
09/21/2018 06:00:00 AM,34,16,18
09/21/2018 07:00:00 AM,87,49,38
09/21/2018 08:00:00 AM,133,57,76
09/21/2018 09:00:00 AM,96,35,61
09/21/2018 10:00:00 AM,37,14,23
09/21/2018 11:00:00 AM,42,21,21
09/21/2018 12:00:00 PM,56,24,32
09/21/2018 01:00:00 PM,58,30,28
09/21/2018 02:00:00 PM,55,21,34
09/21/2018 03:00:00 PM,122,50,72
09/21/2018 04:00:00 PM,135,50,85
09/21/2018 05:00:00 PM,177,64,113
09/21/2018 06:00:00 PM,88,35,53
09/21/2018 07:00:00 PM,35,9,26
09/21/2018 08:00:00 PM,21,8,13
09/21/2018 09:00:00 PM,17,10,7
09/21/2018 10:00:00 PM,10,5,5
09/21/2018 11:00:00 PM,6,4,2
09/22/2018 12:00:00 AM,6,2,4
09/22/2018 01:00:00 AM,2,1,1
09/22/2018 02:00:00 AM,8,3,5
09/22/2018 03:00:00 AM,2,2,0
09/22/2018 04:00:00 AM,3,1,2
09/22/2018 05:00:00 AM,2,2,0
09/22/2018 06:00:00 AM,4,2,2
09/22/2018 07:00:00 AM,9,7,2
09/22/2018 08:00:00 AM,14,6,8
09/22/2018 09:00:00 AM,16,6,10
09/22/2018 10:00:00 AM,22,18,4
09/22/2018 11:00:00 AM,17,11,6
09/22/2018 12:00:00 PM,29,16,13
09/22/2018 01:00:00 PM,32,16,16
09/22/2018 02:00:00 PM,33,13,20
09/22/2018 03:00:00 PM,32,14,18
09/22/2018 04:00:00 PM,50,30,20
09/22/2018 05:00:00 PM,38,22,16
09/22/2018 06:00:00 PM,25,9,16
09/22/2018 07:00:00 PM,23,10,13
09/22/2018 08:00:00 PM,13,3,10
09/22/2018 09:00:00 PM,7,4,3
09/22/2018 10:00:00 PM,12,3,9
09/22/2018 11:00:00 PM,21,9,12
09/23/2018 12:00:00 AM,8,2,6
09/23/2018 01:00:00 AM,1,1,0
09/23/2018 02:00:00 AM,3,2,1
09/23/2018 03:00:00 AM,0,0,0
09/23/2018 04:00:00 AM,0,0,0
09/23/2018 05:00:00 AM,1,1,0
09/23/2018 06:00:00 AM,5,3,2
09/23/2018 07:00:00 AM,8,2,6
09/23/2018 08:00:00 AM,14,7,7
09/23/2018 09:00:00 AM,28,8,20
09/23/2018 10:00:00 AM,26,13,13
09/23/2018 11:00:00 AM,53,12,41
09/23/2018 12:00:00 PM,41,12,29
09/23/2018 01:00:00 PM,29,12,17
09/23/2018 02:00:00 PM,32,20,12
09/23/2018 03:00:00 PM,34,19,15
09/23/2018 04:00:00 PM,67,45,22
09/23/2018 05:00:00 PM,42,25,17
09/23/2018 06:00:00 PM,30,17,13
09/23/2018 07:00:00 PM,21,14,7
09/23/2018 08:00:00 PM,1,0,1
09/23/2018 09:00:00 PM,12,8,4
09/23/2018 10:00:00 PM,9,4,5
09/23/2018 11:00:00 PM,1,0,1
09/24/2018 12:00:00 AM,2,0,2
09/24/2018 01:00:00 AM,1,1,0
09/24/2018 02:00:00 AM,1,0,1
09/24/2018 03:00:00 AM,1,1,0
09/24/2018 04:00:00 AM,2,1,1
09/24/2018 05:00:00 AM,18,12,6
09/24/2018 06:00:00 AM,52,26,26
09/24/2018 07:00:00 AM,102,54,48
09/24/2018 08:00:00 AM,197,95,102
09/24/2018 09:00:00 AM,101,53,48
09/24/2018 10:00:00 AM,61,30,31
09/24/2018 11:00:00 AM,39,22,17
09/24/2018 12:00:00 PM,40,17,23
09/24/2018 01:00:00 PM,37,23,14
09/24/2018 02:00:00 PM,47,15,32
09/24/2018 03:00:00 PM,75,33,42
09/24/2018 04:00:00 PM,155,64,91
09/24/2018 05:00:00 PM,261,86,175
09/24/2018 06:00:00 PM,112,44,68
09/24/2018 07:00:00 PM,42,21,21
09/24/2018 08:00:00 PM,28,16,12
09/24/2018 09:00:00 PM,20,15,5
09/24/2018 10:00:00 PM,20,11,9
09/24/2018 11:00:00 PM,9,4,5
09/25/2018 12:00:00 AM,6,2,4
09/25/2018 01:00:00 AM,1,0,1
09/25/2018 02:00:00 AM,0,0,0
09/25/2018 03:00:00 AM,3,2,1
09/25/2018 04:00:00 AM,1,1,0
09/25/2018 05:00:00 AM,15,12,3
09/25/2018 06:00:00 AM,52,23,29
09/25/2018 07:00:00 AM,111,64,47
09/25/2018 08:00:00 AM,180,82,98
09/25/2018 09:00:00 AM,95,42,53
09/25/2018 10:00:00 AM,44,21,23
09/25/2018 11:00:00 AM,62,30,32
09/25/2018 12:00:00 PM,57,26,31
09/25/2018 01:00:00 PM,50,27,23
09/25/2018 02:00:00 PM,40,19,21
09/25/2018 03:00:00 PM,80,26,54
09/25/2018 04:00:00 PM,165,62,103
09/25/2018 05:00:00 PM,259,105,154
09/25/2018 06:00:00 PM,127,55,72
09/25/2018 07:00:00 PM,32,6,26
09/25/2018 08:00:00 PM,20,7,13
09/25/2018 09:00:00 PM,12,2,10
09/25/2018 10:00:00 PM,13,7,6
09/25/2018 11:00:00 PM,11,8,3
09/26/2018 12:00:00 AM,3,2,1
09/26/2018 01:00:00 AM,1,1,0
09/26/2018 02:00:00 AM,1,1,0
09/26/2018 03:00:00 AM,2,1,1
09/26/2018 04:00:00 AM,2,2,0
09/26/2018 05:00:00 AM,18,13,5
09/26/2018 06:00:00 AM,42,20,22
09/26/2018 07:00:00 AM,101,55,46
09/26/2018 08:00:00 AM,166,83,83
09/26/2018 09:00:00 AM,108,55,53
09/26/2018 10:00:00 AM,47,23,24
09/26/2018 11:00:00 AM,51,22,29
09/26/2018 12:00:00 PM,41,22,19
09/26/2018 01:00:00 PM,52,23,29
09/26/2018 02:00:00 PM,50,19,31
09/26/2018 03:00:00 PM,74,31,43
09/26/2018 04:00:00 PM,163,52,111
09/26/2018 05:00:00 PM,224,81,143
09/26/2018 06:00:00 PM,116,41,75
09/26/2018 07:00:00 PM,33,14,19
09/26/2018 08:00:00 PM,22,11,11
09/26/2018 09:00:00 PM,22,11,11
09/26/2018 10:00:00 PM,11,8,3
09/26/2018 11:00:00 PM,7,3,4
09/27/2018 12:00:00 AM,1,1,0
09/27/2018 01:00:00 AM,1,0,1
09/27/2018 02:00:00 AM,3,3,0
09/27/2018 03:00:00 AM,3,1,2
09/27/2018 04:00:00 AM,0,0,0
09/27/2018 05:00:00 AM,18,13,5
09/27/2018 06:00:00 AM,48,20,28
09/27/2018 07:00:00 AM,101,55,46
09/27/2018 08:00:00 AM,154,86,68
09/27/2018 09:00:00 AM,99,38,61
09/27/2018 10:00:00 AM,33,12,21
09/27/2018 11:00:00 AM,51,19,32
09/27/2018 12:00:00 PM,66,39,27
09/27/2018 01:00:00 PM,43,22,21
09/27/2018 02:00:00 PM,46,20,26
09/27/2018 03:00:00 PM,76,34,42
09/27/2018 04:00:00 PM,164,64,100
09/27/2018 05:00:00 PM,249,106,143
09/27/2018 06:00:00 PM,119,44,75
09/27/2018 07:00:00 PM,45,17,28
09/27/2018 08:00:00 PM,22,10,12
09/27/2018 09:00:00 PM,10,4,6
09/27/2018 10:00:00 PM,12,8,4
09/27/2018 11:00:00 PM,7,2,5
09/28/2018 12:00:00 AM,4,2,2
09/28/2018 01:00:00 AM,7,4,3
09/28/2018 02:00:00 AM,2,1,1
09/28/2018 03:00:00 AM,0,0,0
09/28/2018 04:00:00 AM,4,2,2
09/28/2018 05:00:00 AM,13,8,5
09/28/2018 06:00:00 AM,42,24,18
09/28/2018 07:00:00 AM,91,49,42
09/28/2018 08:00:00 AM,158,76,82
09/28/2018 09:00:00 AM,101,42,59
09/28/2018 10:00:00 AM,41,20,21
09/28/2018 11:00:00 AM,50,26,24
09/28/2018 12:00:00 PM,67,42,25
09/28/2018 01:00:00 PM,57,26,31
09/28/2018 02:00:00 PM,74,37,37
09/28/2018 03:00:00 PM,100,35,65
09/28/2018 04:00:00 PM,156,51,105
09/28/2018 05:00:00 PM,180,73,107
09/28/2018 06:00:00 PM,93,32,61
09/28/2018 07:00:00 PM,49,21,28
09/28/2018 08:00:00 PM,17,7,10
09/28/2018 09:00:00 PM,17,12,5
09/28/2018 10:00:00 PM,19,8,11
09/28/2018 11:00:00 PM,19,14,5
09/29/2018 12:00:00 AM,10,5,5
09/29/2018 01:00:00 AM,13,7,6
09/29/2018 02:00:00 AM,1,0,1
09/29/2018 03:00:00 AM,2,1,1
09/29/2018 04:00:00 AM,1,0,1
09/29/2018 05:00:00 AM,2,1,1
09/29/2018 06:00:00 AM,4,4,0
09/29/2018 07:00:00 AM,6,4,2
09/29/2018 08:00:00 AM,17,9,8
09/29/2018 09:00:00 AM,23,11,12
09/29/2018 10:00:00 AM,27,15,12
09/29/2018 11:00:00 AM,60,20,40
09/29/2018 12:00:00 PM,86,15,71
09/29/2018 01:00:00 PM,62,27,35
09/29/2018 02:00:00 PM,32,21,11
09/29/2018 03:00:00 PM,105,75,30
09/29/2018 04:00:00 PM,51,30,21
09/29/2018 05:00:00 PM,32,10,22
09/29/2018 06:00:00 PM,34,13,21
09/29/2018 07:00:00 PM,13,5,8
09/29/2018 08:00:00 PM,8,7,1
09/29/2018 09:00:00 PM,9,3,6
09/29/2018 10:00:00 PM,10,1,9
09/29/2018 11:00:00 PM,6,2,4
09/30/2018 12:00:00 AM,5,2,3
09/30/2018 01:00:00 AM,4,4,0
09/30/2018 02:00:00 AM,4,2,2
09/30/2018 03:00:00 AM,3,1,2
09/30/2018 04:00:00 AM,1,0,1
09/30/2018 05:00:00 AM,1,1,0
09/30/2018 06:00:00 AM,3,3,0
09/30/2018 07:00:00 AM,6,3,3
09/30/2018 08:00:00 AM,9,5,4
09/30/2018 09:00:00 AM,20,8,12
09/30/2018 10:00:00 AM,16,10,6
09/30/2018 11:00:00 AM,37,13,24
09/30/2018 12:00:00 PM,33,14,19
09/30/2018 01:00:00 PM,31,12,19
09/30/2018 02:00:00 PM,24,9,15
09/30/2018 03:00:00 PM,19,12,7
09/30/2018 04:00:00 PM,31,16,15
09/30/2018 05:00:00 PM,27,12,15
09/30/2018 06:00:00 PM,22,9,13
09/30/2018 07:00:00 PM,14,6,8
09/30/2018 08:00:00 PM,9,4,5
09/30/2018 09:00:00 PM,9,5,4
09/30/2018 10:00:00 PM,5,2,3
09/30/2018 11:00:00 PM,1,1,0
10/01/2018 12:00:00 AM,3,0,3
10/01/2018 01:00:00 AM,1,1,0
10/01/2018 02:00:00 AM,0,0,0
10/01/2018 03:00:00 AM,0,0,0
10/01/2018 04:00:00 AM,3,2,1
10/01/2018 05:00:00 AM,11,8,3
10/01/2018 06:00:00 AM,33,16,17
10/01/2018 07:00:00 AM,86,53,33
10/01/2018 08:00:00 AM,152,78,74
10/01/2018 09:00:00 AM,80,41,39
10/01/2018 10:00:00 AM,33,15,18
10/01/2018 11:00:00 AM,15,7,8
10/01/2018 12:00:00 PM,36,20,16
10/01/2018 01:00:00 PM,25,13,12
10/01/2018 02:00:00 PM,34,13,21
10/01/2018 03:00:00 PM,49,12,37
10/01/2018 04:00:00 PM,111,41,70
10/01/2018 05:00:00 PM,160,43,117
10/01/2018 06:00:00 PM,75,32,43
10/01/2018 07:00:00 PM,28,11,17
10/01/2018 08:00:00 PM,15,5,10
10/01/2018 09:00:00 PM,7,3,4
10/01/2018 10:00:00 PM,6,1,5
10/01/2018 11:00:00 PM,3,2,1
10/02/2018 12:00:00 AM,0,0,0
10/02/2018 01:00:00 AM,0,0,0
10/02/2018 02:00:00 AM,3,3,0
10/02/2018 03:00:00 AM,1,0,1
10/02/2018 04:00:00 AM,1,0,1
10/02/2018 05:00:00 AM,22,19,3
10/02/2018 06:00:00 AM,44,22,22
10/02/2018 07:00:00 AM,85,47,38
10/02/2018 08:00:00 AM,156,80,76
10/02/2018 09:00:00 AM,83,37,46
10/02/2018 10:00:00 AM,35,10,25
10/02/2018 11:00:00 AM,36,18,18
10/02/2018 12:00:00 PM,48,28,20
10/02/2018 01:00:00 PM,21,10,11
10/02/2018 02:00:00 PM,38,14,24
10/02/2018 03:00:00 PM,82,31,51
10/02/2018 04:00:00 PM,138,52,86
10/02/2018 05:00:00 PM,206,85,121
10/02/2018 06:00:00 PM,79,31,48
10/02/2018 07:00:00 PM,28,12,16
10/02/2018 08:00:00 PM,9,5,4
10/02/2018 09:00:00 PM,11,5,6
10/02/2018 10:00:00 PM,5,0,5
10/02/2018 11:00:00 PM,3,1,2
10/03/2018 12:00:00 AM,1,0,1
10/03/2018 01:00:00 AM,2,1,1
10/03/2018 02:00:00 AM,1,1,0
10/03/2018 03:00:00 AM,2,1,1
10/03/2018 04:00:00 AM,3,2,1
10/03/2018 05:00:00 AM,19,14,5
10/03/2018 06:00:00 AM,52,28,24
10/03/2018 07:00:00 AM,112,56,56
10/03/2018 08:00:00 AM,146,78,68
10/03/2018 09:00:00 AM,82,39,43
10/03/2018 10:00:00 AM,36,15,21
10/03/2018 11:00:00 AM,33,20,13
10/03/2018 12:00:00 PM,37,16,21
10/03/2018 01:00:00 PM,39,17,22
10/03/2018 02:00:00 PM,40,13,27
10/03/2018 03:00:00 PM,77,31,46
10/03/2018 04:00:00 PM,144,50,94
10/03/2018 05:00:00 PM,235,91,144
10/03/2018 06:00:00 PM,104,37,67
10/03/2018 07:00:00 PM,31,12,19
10/03/2018 08:00:00 PM,19,6,13
10/03/2018 09:00:00 PM,11,4,7
10/03/2018 10:00:00 PM,15,3,12
10/03/2018 11:00:00 PM,8,4,4
10/04/2018 12:00:00 AM,2,1,1
10/04/2018 01:00:00 AM,0,0,0
10/04/2018 02:00:00 AM,1,0,1
10/04/2018 03:00:00 AM,2,1,1
10/04/2018 04:00:00 AM,3,1,2
10/04/2018 05:00:00 AM,21,17,4
10/04/2018 06:00:00 AM,35,13,22
10/04/2018 07:00:00 AM,93,56,37
10/04/2018 08:00:00 AM,146,65,81
10/04/2018 09:00:00 AM,93,43,50
10/04/2018 10:00:00 AM,41,18,23
10/04/2018 11:00:00 AM,41,24,17
10/04/2018 12:00:00 PM,31,17,14
10/04/2018 01:00:00 PM,39,20,19
10/04/2018 02:00:00 PM,54,23,31
10/04/2018 03:00:00 PM,76,28,48
10/04/2018 04:00:00 PM,155,64,91
10/04/2018 05:00:00 PM,231,61,170
10/04/2018 06:00:00 PM,129,55,74
10/04/2018 07:00:00 PM,74,33,41
10/04/2018 08:00:00 PM,36,18,18
10/04/2018 09:00:00 PM,15,7,8
10/04/2018 10:00:00 PM,9,4,5
10/04/2018 11:00:00 PM,3,2,1
10/05/2018 12:00:00 AM,25,21,4
10/05/2018 01:00:00 AM,6,3,3
10/05/2018 02:00:00 AM,2,1,1
10/05/2018 03:00:00 AM,1,1,0
10/05/2018 04:00:00 AM,0,0,0
10/05/2018 05:00:00 AM,10,6,4
10/05/2018 06:00:00 AM,16,9,7
10/05/2018 07:00:00 AM,63,43,20
10/05/2018 08:00:00 AM,106,51,55
10/05/2018 09:00:00 AM,54,24,30
10/05/2018 10:00:00 AM,20,11,9
10/05/2018 11:00:00 AM,26,12,14
10/05/2018 12:00:00 PM,30,20,10
10/05/2018 01:00:00 PM,29,16,13
10/05/2018 02:00:00 PM,43,18,25
10/05/2018 03:00:00 PM,49,16,33
10/05/2018 04:00:00 PM,86,31,55
10/05/2018 05:00:00 PM,97,29,68
10/05/2018 06:00:00 PM,45,18,27
10/05/2018 07:00:00 PM,32,16,16
10/05/2018 08:00:00 PM,9,5,4
10/05/2018 09:00:00 PM,13,5,8
10/05/2018 10:00:00 PM,6,3,3
10/05/2018 11:00:00 PM,4,1,3
10/06/2018 12:00:00 AM,2,1,1
10/06/2018 01:00:00 AM,4,3,1
10/06/2018 02:00:00 AM,0,0,0
10/06/2018 03:00:00 AM,0,0,0
10/06/2018 04:00:00 AM,1,1,0
10/06/2018 05:00:00 AM,1,0,1
10/06/2018 06:00:00 AM,5,2,3
10/06/2018 07:00:00 AM,10,6,4
10/06/2018 08:00:00 AM,14,4,10
10/06/2018 09:00:00 AM,18,8,10
10/06/2018 10:00:00 AM,7,4,3
10/06/2018 11:00:00 AM,20,9,11
10/06/2018 12:00:00 PM,35,26,9
10/06/2018 01:00:00 PM,21,6,15
10/06/2018 02:00:00 PM,41,13,28
10/06/2018 03:00:00 PM,25,12,13
10/06/2018 04:00:00 PM,28,14,14
10/06/2018 05:00:00 PM,22,8,14
10/06/2018 06:00:00 PM,25,14,11
10/06/2018 07:00:00 PM,8,3,5
10/06/2018 08:00:00 PM,12,6,6
10/06/2018 09:00:00 PM,12,5,7
10/06/2018 10:00:00 PM,8,1,7
10/06/2018 11:00:00 PM,5,1,4
10/07/2018 12:00:00 AM,6,3,3
10/07/2018 01:00:00 AM,4,3,1
10/07/2018 02:00:00 AM,2,2,0
10/07/2018 03:00:00 AM,1,1,0
10/07/2018 04:00:00 AM,0,0,0
10/07/2018 05:00:00 AM,1,0,1
10/07/2018 06:00:00 AM,2,2,0
10/07/2018 07:00:00 AM,5,2,3
10/07/2018 08:00:00 AM,8,3,5
10/07/2018 09:00:00 AM,19,8,11
10/07/2018 10:00:00 AM,9,6,3
10/07/2018 11:00:00 AM,22,10,12
10/07/2018 12:00:00 PM,30,14,16
10/07/2018 01:00:00 PM,16,5,11
10/07/2018 02:00:00 PM,14,7,7
10/07/2018 03:00:00 PM,18,8,10
10/07/2018 04:00:00 PM,35,25,10
10/07/2018 05:00:00 PM,51,36,15
10/07/2018 06:00:00 PM,20,12,8
10/07/2018 07:00:00 PM,22,12,10
10/07/2018 08:00:00 PM,4,2,2
10/07/2018 09:00:00 PM,4,1,3
10/07/2018 10:00:00 PM,5,3,2
10/07/2018 11:00:00 PM,4,3,1
10/08/2018 12:00:00 AM,3,3,0
10/08/2018 01:00:00 AM,0,0,0
10/08/2018 02:00:00 AM,0,0,0
10/08/2018 03:00:00 AM,1,0,1
10/08/2018 04:00:00 AM,1,0,1
10/08/2018 05:00:00 AM,12,8,4
10/08/2018 06:00:00 AM,29,18,11
10/08/2018 07:00:00 AM,71,38,33
10/08/2018 08:00:00 AM,115,63,52
10/08/2018 09:00:00 AM,65,29,36
10/08/2018 10:00:00 AM,32,15,17
10/08/2018 11:00:00 AM,28,12,16
10/08/2018 12:00:00 PM,23,14,9
10/08/2018 01:00:00 PM,24,12,12
10/08/2018 02:00:00 PM,28,10,18
10/08/2018 03:00:00 PM,44,10,34
10/08/2018 04:00:00 PM,91,29,62
10/08/2018 05:00:00 PM,153,51,102
10/08/2018 06:00:00 PM,87,33,54
10/08/2018 07:00:00 PM,33,19,14
10/08/2018 08:00:00 PM,9,3,6
10/08/2018 09:00:00 PM,23,17,6
10/08/2018 10:00:00 PM,10,6,4
10/08/2018 11:00:00 PM,4,2,2
10/09/2018 12:00:00 AM,0,0,0
10/09/2018 01:00:00 AM,1,1,0
10/09/2018 02:00:00 AM,0,0,0
10/09/2018 03:00:00 AM,2,0,2
10/09/2018 04:00:00 AM,2,1,1
10/09/2018 05:00:00 AM,13,8,5
10/09/2018 06:00:00 AM,34,18,16
10/09/2018 07:00:00 AM,89,54,35
10/09/2018 08:00:00 AM,142,78,64
10/09/2018 09:00:00 AM,82,34,48
10/09/2018 10:00:00 AM,32,13,19
10/09/2018 11:00:00 AM,43,19,24
10/09/2018 12:00:00 PM,36,21,15
10/09/2018 01:00:00 PM,27,14,13
10/09/2018 02:00:00 PM,42,22,20
10/09/2018 03:00:00 PM,60,14,46
10/09/2018 04:00:00 PM,138,57,81
10/09/2018 05:00:00 PM,177,68,109
10/09/2018 06:00:00 PM,99,39,60
10/09/2018 07:00:00 PM,37,17,20
10/09/2018 08:00:00 PM,15,8,7
10/09/2018 09:00:00 PM,15,8,7
10/09/2018 10:00:00 PM,12,4,8
10/09/2018 11:00:00 PM,4,3,1
10/10/2018 12:00:00 AM,2,0,2
10/10/2018 01:00:00 AM,2,2,0
10/10/2018 02:00:00 AM,0,0,0
10/10/2018 03:00:00 AM,1,0,1
10/10/2018 04:00:00 AM,4,2,2
10/10/2018 05:00:00 AM,16,13,3
10/10/2018 06:00:00 AM,40,18,22
10/10/2018 07:00:00 AM,103,63,40
10/10/2018 08:00:00 AM,158,82,76
10/10/2018 09:00:00 AM,80,31,49
10/10/2018 10:00:00 AM,47,11,36
10/10/2018 11:00:00 AM,39,20,19
10/10/2018 12:00:00 PM,43,15,28
10/10/2018 01:00:00 PM,35,16,19
10/10/2018 02:00:00 PM,46,22,24
10/10/2018 03:00:00 PM,78,25,53
10/10/2018 04:00:00 PM,152,52,100
10/10/2018 05:00:00 PM,225,82,143
10/10/2018 06:00:00 PM,112,40,72
10/10/2018 07:00:00 PM,48,18,30
10/10/2018 08:00:00 PM,23,9,14
10/10/2018 09:00:00 PM,15,6,9
10/10/2018 10:00:00 PM,10,4,6
10/10/2018 11:00:00 PM,9,1,8
10/11/2018 12:00:00 AM,4,4,0
10/11/2018 01:00:00 AM,0,0,0
10/11/2018 02:00:00 AM,0,0,0
10/11/2018 03:00:00 AM,4,2,2
10/11/2018 04:00:00 AM,1,1,0
10/11/2018 05:00:00 AM,17,16,1
10/11/2018 06:00:00 AM,36,17,19
10/11/2018 07:00:00 AM,110,61,49
10/11/2018 08:00:00 AM,152,72,80
10/11/2018 09:00:00 AM,75,32,43
10/11/2018 10:00:00 AM,36,14,22
10/11/2018 11:00:00 AM,49,28,21
10/11/2018 12:00:00 PM,34,15,19
10/11/2018 01:00:00 PM,31,12,19
10/11/2018 02:00:00 PM,41,20,21
10/11/2018 03:00:00 PM,67,22,45
10/11/2018 04:00:00 PM,150,50,100
10/11/2018 05:00:00 PM,220,87,133
10/11/2018 06:00:00 PM,98,47,51
10/11/2018 07:00:00 PM,40,20,20
10/11/2018 08:00:00 PM,10,3,7
10/11/2018 09:00:00 PM,19,11,8
10/11/2018 10:00:00 PM,10,7,3
10/11/2018 11:00:00 PM,4,2,2
10/12/2018 12:00:00 AM,7,2,5
10/12/2018 01:00:00 AM,2,2,0
10/12/2018 02:00:00 AM,2,0,2
10/12/2018 03:00:00 AM,1,1,0
10/12/2018 04:00:00 AM,0,0,0
10/12/2018 05:00:00 AM,14,10,4
10/12/2018 06:00:00 AM,30,22,8
10/12/2018 07:00:00 AM,79,50,29
10/12/2018 08:00:00 AM,129,53,76
10/12/2018 09:00:00 AM,89,40,49
10/12/2018 10:00:00 AM,40,13,27
10/12/2018 11:00:00 AM,48,26,22
10/12/2018 12:00:00 PM,47,21,26
10/12/2018 01:00:00 PM,48,15,33
10/12/2018 02:00:00 PM,45,19,26
10/12/2018 03:00:00 PM,82,32,50
10/12/2018 04:00:00 PM,156,60,96
10/12/2018 05:00:00 PM,172,64,108
10/12/2018 06:00:00 PM,71,29,42
10/12/2018 07:00:00 PM,27,18,9
10/12/2018 08:00:00 PM,15,4,11
10/12/2018 09:00:00 PM,17,7,10
10/12/2018 10:00:00 PM,7,2,5
10/12/2018 11:00:00 PM,9,4,5
10/13/2018 12:00:00 AM,2,1,1
10/13/2018 01:00:00 AM,2,1,1
10/13/2018 02:00:00 AM,1,0,1
10/13/2018 03:00:00 AM,1,1,0
10/13/2018 04:00:00 AM,1,1,0
10/13/2018 05:00:00 AM,1,0,1
10/13/2018 06:00:00 AM,5,4,1
10/13/2018 07:00:00 AM,7,6,1
10/13/2018 08:00:00 AM,15,6,9
10/13/2018 09:00:00 AM,26,12,14
10/13/2018 10:00:00 AM,13,5,8
10/13/2018 11:00:00 AM,29,12,17
10/13/2018 12:00:00 PM,31,10,21
10/13/2018 01:00:00 PM,40,17,23
10/13/2018 02:00:00 PM,27,11,16
10/13/2018 03:00:00 PM,39,19,20
10/13/2018 04:00:00 PM,39,19,20
10/13/2018 05:00:00 PM,38,16,22
10/13/2018 06:00:00 PM,18,6,12
10/13/2018 07:00:00 PM,10,6,4
10/13/2018 08:00:00 PM,18,4,14
10/13/2018 09:00:00 PM,15,7,8
10/13/2018 10:00:00 PM,18,7,11
10/13/2018 11:00:00 PM,8,4,4
10/14/2018 12:00:00 AM,11,9,2
10/14/2018 01:00:00 AM,5,4,1
10/14/2018 02:00:00 AM,5,4,1
10/14/2018 03:00:00 AM,0,0,0
10/14/2018 04:00:00 AM,0,0,0
10/14/2018 05:00:00 AM,0,0,0
10/14/2018 06:00:00 AM,0,0,0
10/14/2018 07:00:00 AM,4,3,1
10/14/2018 08:00:00 AM,8,6,2
10/14/2018 09:00:00 AM,7,2,5
10/14/2018 10:00:00 AM,12,7,5
10/14/2018 11:00:00 AM,27,13,14
10/14/2018 12:00:00 PM,20,8,12
10/14/2018 01:00:00 PM,33,12,21
10/14/2018 02:00:00 PM,29,15,14
10/14/2018 03:00:00 PM,35,17,18
10/14/2018 04:00:00 PM,33,18,15
10/14/2018 05:00:00 PM,20,8,12
10/14/2018 06:00:00 PM,19,8,11
10/14/2018 07:00:00 PM,18,6,12
10/14/2018 08:00:00 PM,7,0,7
10/14/2018 09:00:00 PM,3,3,0
10/14/2018 10:00:00 PM,1,1,0
10/14/2018 11:00:00 PM,4,2,2
10/15/2018 12:00:00 AM,3,1,2
10/15/2018 01:00:00 AM,2,1,1
10/15/2018 02:00:00 AM,1,1,0
10/15/2018 03:00:00 AM,1,0,1
10/15/2018 04:00:00 AM,2,2,0
10/15/2018 05:00:00 AM,13,13,0
10/15/2018 06:00:00 AM,38,14,24
10/15/2018 07:00:00 AM,100,59,41
10/15/2018 08:00:00 AM,175,84,91
10/15/2018 09:00:00 AM,86,36,50
10/15/2018 10:00:00 AM,35,16,19
10/15/2018 11:00:00 AM,30,17,13
10/15/2018 12:00:00 PM,37,16,21
10/15/2018 01:00:00 PM,41,20,21
10/15/2018 02:00:00 PM,38,18,20
10/15/2018 03:00:00 PM,69,24,45
10/15/2018 04:00:00 PM,156,56,100
10/15/2018 05:00:00 PM,219,83,136
10/15/2018 06:00:00 PM,94,38,56
10/15/2018 07:00:00 PM,32,14,18
10/15/2018 08:00:00 PM,14,4,10
10/15/2018 09:00:00 PM,9,3,6
10/15/2018 10:00:00 PM,5,3,2
10/15/2018 11:00:00 PM,7,5,2
10/16/2018 12:00:00 AM,6,2,4
10/16/2018 01:00:00 AM,0,0,0
10/16/2018 02:00:00 AM,1,1,0
10/16/2018 03:00:00 AM,1,0,1
10/16/2018 04:00:00 AM,2,1,1
10/16/2018 05:00:00 AM,19,14,5
10/16/2018 06:00:00 AM,43,25,18
10/16/2018 07:00:00 AM,116,64,52
10/16/2018 08:00:00 AM,160,80,80
10/16/2018 09:00:00 AM,99,37,62
10/16/2018 10:00:00 AM,44,18,26
10/16/2018 11:00:00 AM,46,23,23
10/16/2018 12:00:00 PM,38,18,20
10/16/2018 01:00:00 PM,35,15,20
10/16/2018 02:00:00 PM,38,17,21
10/16/2018 03:00:00 PM,83,32,51
10/16/2018 04:00:00 PM,151,50,101
10/16/2018 05:00:00 PM,227,100,127
10/16/2018 06:00:00 PM,113,35,78
10/16/2018 07:00:00 PM,32,16,16
10/16/2018 08:00:00 PM,24,12,12
10/16/2018 09:00:00 PM,10,6,4
10/16/2018 10:00:00 PM,3,2,1
10/16/2018 11:00:00 PM,7,3,4
10/17/2018 12:00:00 AM,5,3,2
10/17/2018 01:00:00 AM,4,3,1
10/17/2018 02:00:00 AM,0,0,0
10/17/2018 03:00:00 AM,1,0,1
10/17/2018 04:00:00 AM,2,1,1
10/17/2018 05:00:00 AM,20,17,3
10/17/2018 06:00:00 AM,44,16,28
10/17/2018 07:00:00 AM,108,59,49
10/17/2018 08:00:00 AM,158,80,78
10/17/2018 09:00:00 AM,95,41,54
10/17/2018 10:00:00 AM,54,25,29
10/17/2018 11:00:00 AM,49,24,25
10/17/2018 12:00:00 PM,47,26,21
10/17/2018 01:00:00 PM,59,29,30
10/17/2018 02:00:00 PM,54,15,39
10/17/2018 03:00:00 PM,83,34,49
10/17/2018 04:00:00 PM,164,62,102
10/17/2018 05:00:00 PM,228,93,135
10/17/2018 06:00:00 PM,105,38,67
10/17/2018 07:00:00 PM,36,13,23
10/17/2018 08:00:00 PM,27,8,19
10/17/2018 09:00:00 PM,22,15,7
10/17/2018 10:00:00 PM,8,5,3
10/17/2018 11:00:00 PM,7,0,7
10/18/2018 12:00:00 AM,1,0,1
10/18/2018 01:00:00 AM,2,0,2
10/18/2018 02:00:00 AM,1,1,0
10/18/2018 03:00:00 AM,1,0,1
10/18/2018 04:00:00 AM,1,1,0
10/18/2018 05:00:00 AM,13,12,1
10/18/2018 06:00:00 AM,38,19,19
10/18/2018 07:00:00 AM,94,57,37
10/18/2018 08:00:00 AM,156,69,87
10/18/2018 09:00:00 AM,80,33,47
10/18/2018 10:00:00 AM,37,22,15
10/18/2018 11:00:00 AM,46,23,23
10/18/2018 12:00:00 PM,41,16,25
10/18/2018 01:00:00 PM,44,18,26
10/18/2018 02:00:00 PM,47,25,22
10/18/2018 03:00:00 PM,76,24,52
10/18/2018 04:00:00 PM,144,49,95
10/18/2018 05:00:00 PM,194,74,120
10/18/2018 06:00:00 PM,103,43,60
10/18/2018 07:00:00 PM,44,24,20
10/18/2018 08:00:00 PM,21,6,15
10/18/2018 09:00:00 PM,14,3,11
10/18/2018 10:00:00 PM,10,1,9
10/18/2018 11:00:00 PM,2,1,1
10/19/2018 12:00:00 AM,1,1,0
10/19/2018 01:00:00 AM,3,1,2
10/19/2018 02:00:00 AM,1,0,1
10/19/2018 03:00:00 AM,2,1,1
10/19/2018 04:00:00 AM,1,1,0
10/19/2018 05:00:00 AM,11,8,3
10/19/2018 06:00:00 AM,36,16,20
10/19/2018 07:00:00 AM,89,52,37
10/19/2018 08:00:00 AM,103,34,69
10/19/2018 09:00:00 AM,73,9,64
10/19/2018 10:00:00 AM,35,11,24
10/19/2018 11:00:00 AM,51,28,23
10/19/2018 12:00:00 PM,43,27,16
10/19/2018 01:00:00 PM,41,17,24
10/19/2018 02:00:00 PM,56,29,27
10/19/2018 03:00:00 PM,90,38,52
10/19/2018 04:00:00 PM,154,68,86
10/19/2018 05:00:00 PM,167,61,106
10/19/2018 06:00:00 PM,64,30,34
10/19/2018 07:00:00 PM,32,12,20
10/19/2018 08:00:00 PM,14,6,8
10/19/2018 09:00:00 PM,12,4,8
10/19/2018 10:00:00 PM,9,2,7
10/19/2018 11:00:00 PM,5,0,5
10/20/2018 12:00:00 AM,4,3,1
10/20/2018 01:00:00 AM,5,3,2
10/20/2018 02:00:00 AM,0,0,0
10/20/2018 03:00:00 AM,3,1,2
10/20/2018 04:00:00 AM,0,0,0
10/20/2018 05:00:00 AM,1,0,1
10/20/2018 06:00:00 AM,4,4,0
10/20/2018 07:00:00 AM,7,5,2
10/20/2018 08:00:00 AM,14,9,5
10/20/2018 09:00:00 AM,14,6,8
10/20/2018 10:00:00 AM,11,6,5
10/20/2018 11:00:00 AM,33,22,11
10/20/2018 12:00:00 PM,30,16,14
10/20/2018 01:00:00 PM,31,12,19
10/20/2018 02:00:00 PM,28,14,14
10/20/2018 03:00:00 PM,31,14,17
10/20/2018 04:00:00 PM,39,12,27
10/20/2018 05:00:00 PM,25,7,18
10/20/2018 06:00:00 PM,37,14,23
10/20/2018 07:00:00 PM,20,5,15
10/20/2018 08:00:00 PM,13,10,3
10/20/2018 09:00:00 PM,13,4,9
10/20/2018 10:00:00 PM,11,6,5
10/20/2018 11:00:00 PM,9,5,4
10/21/2018 12:00:00 AM,10,4,6
10/21/2018 01:00:00 AM,4,3,1
10/21/2018 02:00:00 AM,3,2,1
10/21/2018 03:00:00 AM,5,4,1
10/21/2018 04:00:00 AM,1,0,1
10/21/2018 05:00:00 AM,3,1,2
10/21/2018 06:00:00 AM,6,2,4
10/21/2018 07:00:00 AM,1,1,0
10/21/2018 08:00:00 AM,7,6,1
10/21/2018 09:00:00 AM,7,4,3
10/21/2018 10:00:00 AM,14,5,9
10/21/2018 11:00:00 AM,28,14,14
10/21/2018 12:00:00 PM,16,5,11
10/21/2018 01:00:00 PM,24,8,16
10/21/2018 02:00:00 PM,20,7,13
10/21/2018 03:00:00 PM,20,11,9
10/21/2018 04:00:00 PM,24,9,15
10/21/2018 05:00:00 PM,25,9,16
10/21/2018 06:00:00 PM,16,9,7
10/21/2018 07:00:00 PM,8,6,2
10/21/2018 08:00:00 PM,9,4,5
10/21/2018 09:00:00 PM,9,2,7
10/21/2018 10:00:00 PM,8,2,6
10/21/2018 11:00:00 PM,5,3,2
10/22/2018 12:00:00 AM,2,1,1
10/22/2018 01:00:00 AM,1,1,0
10/22/2018 02:00:00 AM,1,0,1
10/22/2018 03:00:00 AM,1,0,1
10/22/2018 04:00:00 AM,2,0,2
10/22/2018 05:00:00 AM,13,9,4
10/22/2018 06:00:00 AM,44,24,20
10/22/2018 07:00:00 AM,90,45,45
10/22/2018 08:00:00 AM,147,70,77
10/22/2018 09:00:00 AM,82,37,45
10/22/2018 10:00:00 AM,36,12,24
10/22/2018 11:00:00 AM,24,12,12
10/22/2018 12:00:00 PM,31,16,15
10/22/2018 01:00:00 PM,31,23,8
10/22/2018 02:00:00 PM,37,17,20
10/22/2018 03:00:00 PM,85,36,49
10/22/2018 04:00:00 PM,128,39,89
10/22/2018 05:00:00 PM,183,65,118
10/22/2018 06:00:00 PM,104,36,68
10/22/2018 07:00:00 PM,20,10,10
10/22/2018 08:00:00 PM,9,6,3
10/22/2018 09:00:00 PM,14,8,6
10/22/2018 10:00:00 PM,5,1,4
10/22/2018 11:00:00 PM,6,2,4
10/23/2018 12:00:00 AM,1,1,0
10/23/2018 01:00:00 AM,2,1,1
10/23/2018 02:00:00 AM,0,0,0
10/23/2018 03:00:00 AM,1,0,1
10/23/2018 04:00:00 AM,2,0,2
10/23/2018 05:00:00 AM,10,8,2
10/23/2018 06:00:00 AM,40,21,19
10/23/2018 07:00:00 AM,92,57,35
10/23/2018 08:00:00 AM,136,63,73
10/23/2018 09:00:00 AM,78,33,45
10/23/2018 10:00:00 AM,40,18,22
10/23/2018 11:00:00 AM,30,18,12
10/23/2018 12:00:00 PM,39,24,15
10/23/2018 01:00:00 PM,31,17,14
10/23/2018 02:00:00 PM,42,18,24
10/23/2018 03:00:00 PM,69,20,49
10/23/2018 04:00:00 PM,130,47,83
10/23/2018 05:00:00 PM,189,69,120
10/23/2018 06:00:00 PM,91,32,59
10/23/2018 07:00:00 PM,27,13,14
10/23/2018 08:00:00 PM,16,9,7
10/23/2018 09:00:00 PM,8,4,4
10/23/2018 10:00:00 PM,8,1,7
10/23/2018 11:00:00 PM,7,4,3
10/24/2018 12:00:00 AM,3,1,2
10/24/2018 01:00:00 AM,1,0,1
10/24/2018 02:00:00 AM,0,0,0
10/24/2018 03:00:00 AM,1,0,1
10/24/2018 04:00:00 AM,1,1,0
10/24/2018 05:00:00 AM,11,10,1
10/24/2018 06:00:00 AM,37,15,22
10/24/2018 07:00:00 AM,90,54,36
10/24/2018 08:00:00 AM,151,68,83
10/24/2018 09:00:00 AM,62,30,32
10/24/2018 10:00:00 AM,30,12,18
10/24/2018 11:00:00 AM,35,17,18
10/24/2018 12:00:00 PM,36,16,20
10/24/2018 01:00:00 PM,37,14,23
10/24/2018 02:00:00 PM,46,15,31
10/24/2018 03:00:00 PM,63,23,40
10/24/2018 04:00:00 PM,132,48,84
10/24/2018 05:00:00 PM,191,74,117
10/24/2018 06:00:00 PM,89,34,55
10/24/2018 07:00:00 PM,30,7,23
10/24/2018 08:00:00 PM,24,11,13
10/24/2018 09:00:00 PM,11,2,9
10/24/2018 10:00:00 PM,8,5,3
10/24/2018 11:00:00 PM,5,4,1
10/25/2018 12:00:00 AM,2,1,1
10/25/2018 01:00:00 AM,5,1,4
10/25/2018 02:00:00 AM,0,0,0
10/25/2018 03:00:00 AM,1,0,1
10/25/2018 04:00:00 AM,2,1,1
10/25/2018 05:00:00 AM,12,9,3
10/25/2018 06:00:00 AM,33,15,18
10/25/2018 07:00:00 AM,63,33,30
10/25/2018 08:00:00 AM,111,54,57
10/25/2018 09:00:00 AM,62,28,34
10/25/2018 10:00:00 AM,19,5,14
10/25/2018 11:00:00 AM,25,15,10
10/25/2018 12:00:00 PM,22,11,11
10/25/2018 01:00:00 PM,26,13,13
10/25/2018 02:00:00 PM,34,11,23
10/25/2018 03:00:00 PM,47,18,29
10/25/2018 04:00:00 PM,117,50,67
10/25/2018 05:00:00 PM,138,52,86
10/25/2018 06:00:00 PM,66,27,39
10/25/2018 07:00:00 PM,26,15,11
10/25/2018 08:00:00 PM,17,9,8
10/25/2018 09:00:00 PM,15,6,9
10/25/2018 10:00:00 PM,3,2,1
10/25/2018 11:00:00 PM,8,2,6
10/26/2018 12:00:00 AM,2,1,1
10/26/2018 01:00:00 AM,1,0,1
10/26/2018 02:00:00 AM,1,0,1
10/26/2018 03:00:00 AM,0,0,0
10/26/2018 04:00:00 AM,1,1,0
10/26/2018 05:00:00 AM,7,5,2
10/26/2018 06:00:00 AM,23,9,14
10/26/2018 07:00:00 AM,73,46,27
10/26/2018 08:00:00 AM,98,48,50
10/26/2018 09:00:00 AM,63,27,36
10/26/2018 10:00:00 AM,27,10,17
10/26/2018 11:00:00 AM,49,26,23
10/26/2018 12:00:00 PM,38,20,18
10/26/2018 01:00:00 PM,39,22,17
10/26/2018 02:00:00 PM,49,20,29
10/26/2018 03:00:00 PM,75,23,52
10/26/2018 04:00:00 PM,128,53,75
10/26/2018 05:00:00 PM,142,45,97
10/26/2018 06:00:00 PM,50,12,38
10/26/2018 07:00:00 PM,31,14,17
10/26/2018 08:00:00 PM,11,8,3
10/26/2018 09:00:00 PM,11,3,8
10/26/2018 10:00:00 PM,4,2,2
10/26/2018 11:00:00 PM,6,2,4
10/27/2018 12:00:00 AM,8,4,4
10/27/2018 01:00:00 AM,5,3,2
10/27/2018 02:00:00 AM,7,3,4
10/27/2018 03:00:00 AM,6,4,2
10/27/2018 04:00:00 AM,0,0,0
10/27/2018 05:00:00 AM,0,0,0
10/27/2018 06:00:00 AM,9,9,0
10/27/2018 07:00:00 AM,5,3,2
10/27/2018 08:00:00 AM,12,9,3
10/27/2018 09:00:00 AM,11,8,3
10/27/2018 10:00:00 AM,13,8,5
10/27/2018 11:00:00 AM,18,10,8
10/27/2018 12:00:00 PM,17,6,11
10/27/2018 01:00:00 PM,28,14,14
10/27/2018 02:00:00 PM,43,18,25
10/27/2018 03:00:00 PM,29,14,15
10/27/2018 04:00:00 PM,10,3,7
10/27/2018 05:00:00 PM,16,7,9
10/27/2018 06:00:00 PM,11,4,7
10/27/2018 07:00:00 PM,3,1,2
10/27/2018 08:00:00 PM,1,1,0
10/27/2018 09:00:00 PM,4,2,2
10/27/2018 10:00:00 PM,0,0,0
10/27/2018 11:00:00 PM,3,0,3
10/28/2018 12:00:00 AM,2,1,1
10/28/2018 01:00:00 AM,1,1,0
10/28/2018 02:00:00 AM,6,5,1
10/28/2018 03:00:00 AM,1,0,1
10/28/2018 04:00:00 AM,0,0,0
10/28/2018 05:00:00 AM,0,0,0
10/28/2018 06:00:00 AM,5,4,1
10/28/2018 07:00:00 AM,4,2,2
10/28/2018 08:00:00 AM,3,2,1
10/28/2018 09:00:00 AM,10,7,3
10/28/2018 10:00:00 AM,15,8,7
10/28/2018 11:00:00 AM,13,2,11
10/28/2018 12:00:00 PM,22,4,18
10/28/2018 01:00:00 PM,43,14,29
10/28/2018 02:00:00 PM,18,9,9
10/28/2018 03:00:00 PM,20,17,3
10/28/2018 04:00:00 PM,15,7,8
10/28/2018 05:00:00 PM,20,13,7
10/28/2018 06:00:00 PM,5,2,3
10/28/2018 07:00:00 PM,5,2,3
10/28/2018 08:00:00 PM,4,1,3
10/28/2018 09:00:00 PM,5,2,3
10/28/2018 10:00:00 PM,1,0,1
10/28/2018 11:00:00 PM,2,2,0
10/29/2018 12:00:00 AM,3,0,3
10/29/2018 01:00:00 AM,1,1,0
10/29/2018 02:00:00 AM,0,0,0
10/29/2018 03:00:00 AM,1,0,1
10/29/2018 04:00:00 AM,3,3,0
10/29/2018 05:00:00 AM,14,13,1
10/29/2018 06:00:00 AM,32,13,19
10/29/2018 07:00:00 AM,83,46,37
10/29/2018 08:00:00 AM,135,61,74
10/29/2018 09:00:00 AM,68,33,35
10/29/2018 10:00:00 AM,27,7,20
10/29/2018 11:00:00 AM,36,20,16
10/29/2018 12:00:00 PM,32,18,14
10/29/2018 01:00:00 PM,26,16,10
10/29/2018 02:00:00 PM,18,6,12
10/29/2018 03:00:00 PM,62,17,45
10/29/2018 04:00:00 PM,112,43,69
10/29/2018 05:00:00 PM,169,54,115
10/29/2018 06:00:00 PM,74,28,46
10/29/2018 07:00:00 PM,25,14,11
10/29/2018 08:00:00 PM,12,7,5
10/29/2018 09:00:00 PM,7,2,5
10/29/2018 10:00:00 PM,1,0,1
10/29/2018 11:00:00 PM,5,3,2
10/30/2018 12:00:00 AM,0,0,0
10/30/2018 01:00:00 AM,1,0,1
10/30/2018 02:00:00 AM,1,1,0
10/30/2018 03:00:00 AM,3,0,3
10/30/2018 04:00:00 AM,2,1,1
10/30/2018 05:00:00 AM,18,13,5
10/30/2018 06:00:00 AM,39,17,22
10/30/2018 07:00:00 AM,91,50,41
10/30/2018 08:00:00 AM,147,71,76
10/30/2018 09:00:00 AM,90,42,48
10/30/2018 10:00:00 AM,33,17,16
10/30/2018 11:00:00 AM,44,22,22
10/30/2018 12:00:00 PM,32,16,16
10/30/2018 01:00:00 PM,34,21,13
10/30/2018 02:00:00 PM,41,14,27
10/30/2018 03:00:00 PM,56,16,40
10/30/2018 04:00:00 PM,119,51,68
10/30/2018 05:00:00 PM,208,74,134
10/30/2018 06:00:00 PM,80,29,51
10/30/2018 07:00:00 PM,18,5,13
10/30/2018 08:00:00 PM,16,4,12
10/30/2018 09:00:00 PM,5,2,3
10/30/2018 10:00:00 PM,8,1,7
10/30/2018 11:00:00 PM,2,1,1
10/31/2018 12:00:00 AM,1,0,1
10/31/2018 01:00:00 AM,2,1,1
10/31/2018 02:00:00 AM,2,1,1
10/31/2018 03:00:00 AM,2,0,2
10/31/2018 04:00:00 AM,2,1,1
10/31/2018 05:00:00 AM,15,12,3
10/31/2018 06:00:00 AM,28,11,17
10/31/2018 07:00:00 AM,78,44,34
10/31/2018 08:00:00 AM,113,59,54
10/31/2018 09:00:00 AM,73,29,44
10/31/2018 10:00:00 AM,35,22,13
10/31/2018 11:00:00 AM,31,16,15
10/31/2018 12:00:00 PM,41,20,21
10/31/2018 01:00:00 PM,38,20,18
10/31/2018 02:00:00 PM,35,11,24
10/31/2018 03:00:00 PM,80,24,56
10/31/2018 04:00:00 PM,111,38,73
10/31/2018 05:00:00 PM,146,55,91
10/31/2018 06:00:00 PM,50,18,32
10/31/2018 07:00:00 PM,23,7,16
10/31/2018 08:00:00 PM,10,7,3
10/31/2018 09:00:00 PM,10,6,4
10/31/2018 10:00:00 PM,5,2,3
10/31/2018 11:00:00 PM,2,2,0
11/01/2018 12:00:00 AM,0,0,0
11/01/2018 01:00:00 AM,3,2,1
11/01/2018 02:00:00 AM,1,0,1
11/01/2018 03:00:00 AM,0,0,0
11/01/2018 04:00:00 AM,2,1,1
11/01/2018 05:00:00 AM,15,12,3
11/01/2018 06:00:00 AM,35,10,25
11/01/2018 07:00:00 AM,87,58,29
11/01/2018 08:00:00 AM,113,57,56
11/01/2018 09:00:00 AM,70,29,41
11/01/2018 10:00:00 AM,33,17,16
11/01/2018 11:00:00 AM,31,21,10
11/01/2018 12:00:00 PM,32,18,14
11/01/2018 01:00:00 PM,29,9,20
11/01/2018 02:00:00 PM,42,18,24
11/01/2018 03:00:00 PM,62,13,49
11/01/2018 04:00:00 PM,118,39,79
11/01/2018 05:00:00 PM,173,66,107
11/01/2018 06:00:00 PM,82,28,54
11/01/2018 07:00:00 PM,39,9,30
11/01/2018 08:00:00 PM,20,7,13
11/01/2018 09:00:00 PM,8,4,4
11/01/2018 10:00:00 PM,12,5,7
11/01/2018 11:00:00 PM,2,1,1
11/02/2018 12:00:00 AM,4,4,0
11/02/2018 01:00:00 AM,1,0,1
11/02/2018 02:00:00 AM,2,1,1
11/02/2018 03:00:00 AM,1,0,1
11/02/2018 04:00:00 AM,2,2,0
11/02/2018 05:00:00 AM,11,8,3
11/02/2018 06:00:00 AM,25,11,14
11/02/2018 07:00:00 AM,55,36,19
11/02/2018 08:00:00 AM,115,48,67
11/02/2018 09:00:00 AM,68,26,42
11/02/2018 10:00:00 AM,26,10,16
11/02/2018 11:00:00 AM,24,15,9
11/02/2018 12:00:00 PM,33,16,17
11/02/2018 01:00:00 PM,29,14,15
11/02/2018 02:00:00 PM,41,13,28
11/02/2018 03:00:00 PM,69,23,46
11/02/2018 04:00:00 PM,126,49,77
11/02/2018 05:00:00 PM,140,54,86
11/02/2018 06:00:00 PM,51,20,31
11/02/2018 07:00:00 PM,18,8,10
11/02/2018 08:00:00 PM,19,6,13
11/02/2018 09:00:00 PM,6,2,4
11/02/2018 10:00:00 PM,5,1,4
11/02/2018 11:00:00 PM,11,4,7
11/03/2018 12:00:00 AM,9,7,2
11/03/2018 01:00:00 AM,5,1,4
11/03/2018 02:00:00 AM,4,3,1
11/03/2018 03:00:00 AM,3,2,1
11/03/2018 04:00:00 AM,0,0,0
11/03/2018 05:00:00 AM,0,0,0
11/03/2018 06:00:00 AM,7,4,3
11/03/2018 07:00:00 AM,8,4,4
11/03/2018 08:00:00 AM,13,7,6
11/03/2018 09:00:00 AM,13,9,4
11/03/2018 10:00:00 AM,19,12,7
11/03/2018 11:00:00 AM,8,2,6
11/03/2018 12:00:00 PM,18,14,4
11/03/2018 01:00:00 PM,18,8,10
11/03/2018 02:00:00 PM,9,1,8
11/03/2018 03:00:00 PM,11,5,6
11/03/2018 04:00:00 PM,21,7,14
11/03/2018 05:00:00 PM,11,5,6
11/03/2018 06:00:00 PM,12,4,8
11/03/2018 07:00:00 PM,14,8,6
11/03/2018 08:00:00 PM,3,0,3
11/03/2018 09:00:00 PM,6,3,3
11/03/2018 10:00:00 PM,6,3,3
11/03/2018 11:00:00 PM,3,2,1
11/04/2018 12:00:00 AM,10,4,6
11/04/2018 01:00:00 AM,4,1,3
11/04/2018 02:00:00 AM,1,0,1
11/04/2018 03:00:00 AM,1,1,0
11/04/2018 04:00:00 AM,0,0,0
11/04/2018 05:00:00 AM,2,0,2
11/04/2018 06:00:00 AM,4,3,1
11/04/2018 07:00:00 AM,9,3,6
11/04/2018 08:00:00 AM,10,6,4
11/04/2018 09:00:00 AM,17,9,8
11/04/2018 10:00:00 AM,29,15,14
11/04/2018 11:00:00 AM,37,16,21
11/04/2018 12:00:00 PM,55,20,35
11/04/2018 01:00:00 PM,28,14,14
11/04/2018 02:00:00 PM,26,14,12
11/04/2018 03:00:00 PM,24,15,9
11/04/2018 04:00:00 PM,43,30,13
11/04/2018 05:00:00 PM,37,23,14
11/04/2018 06:00:00 PM,17,8,9
11/04/2018 07:00:00 PM,7,4,3
11/04/2018 08:00:00 PM,3,0,3
11/04/2018 09:00:00 PM,2,2,0
11/04/2018 10:00:00 PM,5,3,2
11/04/2018 11:00:00 PM,5,3,2
11/05/2018 12:00:00 AM,2,0,2
11/05/2018 01:00:00 AM,1,0,1
11/05/2018 02:00:00 AM,0,0,0
11/05/2018 03:00:00 AM,0,0,0
11/05/2018 04:00:00 AM,0,0,0
11/05/2018 05:00:00 AM,3,2,1
11/05/2018 06:00:00 AM,55,31,24
11/05/2018 07:00:00 AM,91,59,32
11/05/2018 08:00:00 AM,118,63,55
11/05/2018 09:00:00 AM,65,29,36
11/05/2018 10:00:00 AM,49,21,28
11/05/2018 11:00:00 AM,32,15,17
11/05/2018 12:00:00 PM,43,23,20
11/05/2018 01:00:00 PM,35,19,16
11/05/2018 02:00:00 PM,34,13,21
11/05/2018 03:00:00 PM,66,22,44
11/05/2018 04:00:00 PM,121,37,84
11/05/2018 05:00:00 PM,168,69,99
11/05/2018 06:00:00 PM,73,22,51
11/05/2018 07:00:00 PM,20,12,8
11/05/2018 08:00:00 PM,6,1,5
11/05/2018 09:00:00 PM,7,4,3
11/05/2018 10:00:00 PM,2,1,1
11/05/2018 11:00:00 PM,6,1,5
11/06/2018 12:00:00 AM,4,3,1
11/06/2018 01:00:00 AM,3,0,3
11/06/2018 02:00:00 AM,0,0,0
11/06/2018 03:00:00 AM,1,0,1
11/06/2018 04:00:00 AM,1,0,1
11/06/2018 05:00:00 AM,10,9,1
11/06/2018 06:00:00 AM,41,23,18
11/06/2018 07:00:00 AM,90,52,38
11/06/2018 08:00:00 AM,126,61,65
11/06/2018 09:00:00 AM,78,31,47
11/06/2018 10:00:00 AM,34,18,16
11/06/2018 11:00:00 AM,44,25,19
11/06/2018 12:00:00 PM,45,21,24
11/06/2018 01:00:00 PM,37,18,19
11/06/2018 02:00:00 PM,37,17,20
11/06/2018 03:00:00 PM,64,24,40
11/06/2018 04:00:00 PM,148,45,103
11/06/2018 05:00:00 PM,200,72,128
11/06/2018 06:00:00 PM,82,32,50
11/06/2018 07:00:00 PM,22,12,10
11/06/2018 08:00:00 PM,17,3,14
11/06/2018 09:00:00 PM,15,6,9
11/06/2018 10:00:00 PM,7,4,3
11/06/2018 11:00:00 PM,1,1,0
11/07/2018 12:00:00 AM,2,1,1
11/07/2018 01:00:00 AM,2,1,1
11/07/2018 02:00:00 AM,0,0,0
11/07/2018 03:00:00 AM,2,0,2
11/07/2018 04:00:00 AM,5,4,1
11/07/2018 05:00:00 AM,18,12,6
11/07/2018 06:00:00 AM,33,22,11
11/07/2018 07:00:00 AM,82,42,40
11/07/2018 08:00:00 AM,136,68,68
11/07/2018 09:00:00 AM,64,28,36
11/07/2018 10:00:00 AM,41,19,22
11/07/2018 11:00:00 AM,55,34,21
11/07/2018 12:00:00 PM,46,19,27
11/07/2018 01:00:00 PM,34,15,19
11/07/2018 02:00:00 PM,40,17,23
11/07/2018 03:00:00 PM,65,21,44
11/07/2018 04:00:00 PM,137,53,84
11/07/2018 05:00:00 PM,170,63,107
11/07/2018 06:00:00 PM,86,41,45
11/07/2018 07:00:00 PM,36,17,19
11/07/2018 08:00:00 PM,25,11,14
11/07/2018 09:00:00 PM,8,6,2
11/07/2018 10:00:00 PM,8,5,3
11/07/2018 11:00:00 PM,7,2,5
11/08/2018 12:00:00 AM,2,0,2
11/08/2018 01:00:00 AM,2,1,1
11/08/2018 02:00:00 AM,4,1,3
11/08/2018 03:00:00 AM,0,0,0
11/08/2018 04:00:00 AM,2,0,2
11/08/2018 05:00:00 AM,17,16,1
11/08/2018 06:00:00 AM,30,16,14
11/08/2018 07:00:00 AM,77,46,31
11/08/2018 08:00:00 AM,121,57,64
11/08/2018 09:00:00 AM,82,41,41
11/08/2018 10:00:00 AM,34,14,20
11/08/2018 11:00:00 AM,42,21,21
11/08/2018 12:00:00 PM,40,20,20
11/08/2018 01:00:00 PM,52,22,30
11/08/2018 02:00:00 PM,48,15,33
11/08/2018 03:00:00 PM,82,24,58
11/08/2018 04:00:00 PM,154,55,99
11/08/2018 05:00:00 PM,207,64,143
11/08/2018 06:00:00 PM,77,38,39
11/08/2018 07:00:00 PM,50,22,28
11/08/2018 08:00:00 PM,10,6,4
11/08/2018 09:00:00 PM,12,8,4
11/08/2018 10:00:00 PM,53,44,9
11/08/2018 11:00:00 PM,26,21,5
11/09/2018 12:00:00 AM,4,3,1
11/09/2018 01:00:00 AM,5,2,3
11/09/2018 02:00:00 AM,0,0,0
11/09/2018 03:00:00 AM,0,0,0
11/09/2018 04:00:00 AM,1,1,0
11/09/2018 05:00:00 AM,9,8,1
11/09/2018 06:00:00 AM,26,17,9
11/09/2018 07:00:00 AM,71,41,30
11/09/2018 08:00:00 AM,102,53,49
11/09/2018 09:00:00 AM,60,32,28
11/09/2018 10:00:00 AM,29,15,14
11/09/2018 11:00:00 AM,29,16,13
11/09/2018 12:00:00 PM,34,18,16
11/09/2018 01:00:00 PM,31,15,16
11/09/2018 02:00:00 PM,44,19,25
11/09/2018 03:00:00 PM,79,25,54
11/09/2018 04:00:00 PM,115,37,78
11/09/2018 05:00:00 PM,133,45,88
11/09/2018 06:00:00 PM,47,13,34
11/09/2018 07:00:00 PM,18,8,10
11/09/2018 08:00:00 PM,11,5,6
11/09/2018 09:00:00 PM,6,4,2
11/09/2018 10:00:00 PM,14,8,6
11/09/2018 11:00:00 PM,6,1,5
11/10/2018 12:00:00 AM,5,1,4
11/10/2018 01:00:00 AM,3,0,3
11/10/2018 02:00:00 AM,0,0,0
11/10/2018 03:00:00 AM,1,1,0
11/10/2018 04:00:00 AM,0,0,0
11/10/2018 05:00:00 AM,1,1,0
11/10/2018 06:00:00 AM,3,2,1
11/10/2018 07:00:00 AM,7,4,3
11/10/2018 08:00:00 AM,15,8,7
11/10/2018 09:00:00 AM,14,5,9
11/10/2018 10:00:00 AM,17,9,8
11/10/2018 11:00:00 AM,20,11,9
11/10/2018 12:00:00 PM,31,12,19
11/10/2018 01:00:00 PM,35,23,12
11/10/2018 02:00:00 PM,38,12,26
11/10/2018 03:00:00 PM,30,8,22
11/10/2018 04:00:00 PM,34,15,19
11/10/2018 05:00:00 PM,26,17,9
11/10/2018 06:00:00 PM,12,4,8
11/10/2018 07:00:00 PM,10,6,4
11/10/2018 08:00:00 PM,8,3,5
11/10/2018 09:00:00 PM,10,6,4
11/10/2018 10:00:00 PM,4,2,2
11/10/2018 11:00:00 PM,4,0,4
11/11/2018 12:00:00 AM,4,1,3
11/11/2018 01:00:00 AM,2,1,1
11/11/2018 02:00:00 AM,1,1,0
11/11/2018 03:00:00 AM,1,0,1
11/11/2018 04:00:00 AM,1,0,1
11/11/2018 05:00:00 AM,1,1,0
11/11/2018 06:00:00 AM,1,1,0
11/11/2018 07:00:00 AM,5,2,3
11/11/2018 08:00:00 AM,7,6,1
11/11/2018 09:00:00 AM,16,10,6
11/11/2018 10:00:00 AM,19,10,9
11/11/2018 11:00:00 AM,14,12,2
11/11/2018 12:00:00 PM,28,16,12
11/11/2018 01:00:00 PM,24,10,14
11/11/2018 02:00:00 PM,26,11,15
11/11/2018 03:00:00 PM,22,11,11
11/11/2018 04:00:00 PM,14,6,8
11/11/2018 05:00:00 PM,17,8,9
11/11/2018 06:00:00 PM,15,11,4
11/11/2018 07:00:00 PM,8,2,6
11/11/2018 08:00:00 PM,6,1,5
11/11/2018 09:00:00 PM,1,1,0
11/11/2018 10:00:00 PM,4,3,1
11/11/2018 11:00:00 PM,6,5,1
11/12/2018 12:00:00 AM,4,1,3
11/12/2018 01:00:00 AM,1,1,0
11/12/2018 02:00:00 AM,2,1,1
11/12/2018 03:00:00 AM,0,0,0
11/12/2018 04:00:00 AM,3,2,1
11/12/2018 05:00:00 AM,12,9,3
11/12/2018 06:00:00 AM,22,12,10
11/12/2018 07:00:00 AM,53,31,22
11/12/2018 08:00:00 AM,90,48,42
11/12/2018 09:00:00 AM,70,42,28
11/12/2018 10:00:00 AM,41,20,21
11/12/2018 11:00:00 AM,32,14,18
11/12/2018 12:00:00 PM,37,18,19
11/12/2018 01:00:00 PM,32,15,17
11/12/2018 02:00:00 PM,37,13,24
11/12/2018 03:00:00 PM,41,19,22
11/12/2018 04:00:00 PM,106,40,66
11/12/2018 05:00:00 PM,150,55,95
11/12/2018 06:00:00 PM,77,23,54
11/12/2018 07:00:00 PM,22,8,14
11/12/2018 08:00:00 PM,9,2,7
11/12/2018 09:00:00 PM,3,2,1
11/12/2018 10:00:00 PM,7,3,4
11/12/2018 11:00:00 PM,7,3,4
11/13/2018 12:00:00 AM,2,1,1
11/13/2018 01:00:00 AM,1,0,1
11/13/2018 02:00:00 AM,0,0,0
11/13/2018 03:00:00 AM,2,1,1
11/13/2018 04:00:00 AM,6,2,4
11/13/2018 05:00:00 AM,10,8,2
11/13/2018 06:00:00 AM,48,24,24
11/13/2018 07:00:00 AM,80,44,36
11/13/2018 08:00:00 AM,135,60,75
11/13/2018 09:00:00 AM,71,34,37
11/13/2018 10:00:00 AM,41,17,24
11/13/2018 11:00:00 AM,45,26,19
11/13/2018 12:00:00 PM,38,25,13
11/13/2018 01:00:00 PM,38,25,13
11/13/2018 02:00:00 PM,32,16,16
11/13/2018 03:00:00 PM,58,15,43
11/13/2018 04:00:00 PM,143,43,100
11/13/2018 05:00:00 PM,169,64,105
11/13/2018 06:00:00 PM,85,26,59
11/13/2018 07:00:00 PM,30,9,21
11/13/2018 08:00:00 PM,16,9,7
11/13/2018 09:00:00 PM,6,2,4
11/13/2018 10:00:00 PM,11,3,8
11/13/2018 11:00:00 PM,2,2,0
11/14/2018 12:00:00 AM,1,1,0
11/14/2018 01:00:00 AM,2,1,1
11/14/2018 02:00:00 AM,1,0,1
11/14/2018 03:00:00 AM,2,2,0
11/14/2018 04:00:00 AM,5,4,1
11/14/2018 05:00:00 AM,6,5,1
11/14/2018 06:00:00 AM,32,15,17
11/14/2018 07:00:00 AM,57,31,26
11/14/2018 08:00:00 AM,111,66,45
11/14/2018 09:00:00 AM,49,26,23
11/14/2018 10:00:00 AM,29,13,16
11/14/2018 11:00:00 AM,32,18,14
11/14/2018 12:00:00 PM,33,11,22
11/14/2018 01:00:00 PM,34,16,18
11/14/2018 02:00:00 PM,27,10,17
11/14/2018 03:00:00 PM,49,16,33
11/14/2018 04:00:00 PM,99,31,68
11/14/2018 05:00:00 PM,138,50,88
11/14/2018 06:00:00 PM,69,27,42
11/14/2018 07:00:00 PM,28,14,14
11/14/2018 08:00:00 PM,19,8,11
11/14/2018 09:00:00 PM,10,3,7
11/14/2018 10:00:00 PM,6,1,5
11/14/2018 11:00:00 PM,3,1,2
11/15/2018 12:00:00 AM,3,0,3
11/15/2018 01:00:00 AM,2,1,1
11/15/2018 02:00:00 AM,4,3,1
11/15/2018 03:00:00 AM,0,0,0
11/15/2018 04:00:00 AM,3,2,1
11/15/2018 05:00:00 AM,7,6,1
11/15/2018 06:00:00 AM,42,18,24
11/15/2018 07:00:00 AM,73,43,30
11/15/2018 08:00:00 AM,131,60,71
11/15/2018 09:00:00 AM,75,32,43
11/15/2018 10:00:00 AM,33,13,20
11/15/2018 11:00:00 AM,25,12,13
11/15/2018 12:00:00 PM,42,19,23
11/15/2018 01:00:00 PM,46,20,26
11/15/2018 02:00:00 PM,49,19,30
11/15/2018 03:00:00 PM,106,28,78
11/15/2018 04:00:00 PM,218,59,159
11/15/2018 05:00:00 PM,219,78,141
11/15/2018 06:00:00 PM,77,32,45
11/15/2018 07:00:00 PM,43,17,26
11/15/2018 08:00:00 PM,72,53,19
11/15/2018 09:00:00 PM,46,27,19
11/15/2018 10:00:00 PM,9,4,5
11/15/2018 11:00:00 PM,7,4,3
11/16/2018 12:00:00 AM,4,1,3
11/16/2018 01:00:00 AM,3,2,1
11/16/2018 02:00:00 AM,0,0,0
11/16/2018 03:00:00 AM,1,0,1
11/16/2018 04:00:00 AM,3,3,0
11/16/2018 05:00:00 AM,14,9,5
11/16/2018 06:00:00 AM,37,24,13
11/16/2018 07:00:00 AM,64,36,28
11/16/2018 08:00:00 AM,99,48,51
11/16/2018 09:00:00 AM,70,30,40
11/16/2018 10:00:00 AM,40,19,21
11/16/2018 11:00:00 AM,50,21,29
11/16/2018 12:00:00 PM,43,21,22
11/16/2018 01:00:00 PM,40,22,18
11/16/2018 02:00:00 PM,52,17,35
11/16/2018 03:00:00 PM,70,25,45
11/16/2018 04:00:00 PM,117,48,69
11/16/2018 05:00:00 PM,139,50,89
11/16/2018 06:00:00 PM,68,27,41
11/16/2018 07:00:00 PM,22,14,8
11/16/2018 08:00:00 PM,12,8,4
11/16/2018 09:00:00 PM,7,4,3
11/16/2018 10:00:00 PM,10,3,7
11/16/2018 11:00:00 PM,3,3,0
11/17/2018 12:00:00 AM,5,2,3
11/17/2018 01:00:00 AM,2,2,0
11/17/2018 02:00:00 AM,1,1,0
11/17/2018 03:00:00 AM,1,1,0
11/17/2018 04:00:00 AM,0,0,0
11/17/2018 05:00:00 AM,0,0,0
11/17/2018 06:00:00 AM,4,1,3
11/17/2018 07:00:00 AM,10,7,3
11/17/2018 08:00:00 AM,11,4,7
11/17/2018 09:00:00 AM,12,10,2
11/17/2018 10:00:00 AM,62,16,46
11/17/2018 11:00:00 AM,81,46,35
11/17/2018 12:00:00 PM,41,18,23
11/17/2018 01:00:00 PM,30,13,17
11/17/2018 02:00:00 PM,47,15,32
11/17/2018 03:00:00 PM,40,24,16
11/17/2018 04:00:00 PM,39,21,18
11/17/2018 05:00:00 PM,26,20,6
11/17/2018 06:00:00 PM,29,10,19
11/17/2018 07:00:00 PM,13,8,5
11/17/2018 08:00:00 PM,11,5,6
11/17/2018 09:00:00 PM,8,5,3
11/17/2018 10:00:00 PM,8,4,4
11/17/2018 11:00:00 PM,6,2,4
11/18/2018 12:00:00 AM,1,1,0
11/18/2018 01:00:00 AM,1,0,1
11/18/2018 02:00:00 AM,4,4,0
11/18/2018 03:00:00 AM,1,0,1
11/18/2018 04:00:00 AM,0,0,0
11/18/2018 05:00:00 AM,2,0,2
11/18/2018 06:00:00 AM,3,2,1
11/18/2018 07:00:00 AM,3,3,0
11/18/2018 08:00:00 AM,9,6,3
11/18/2018 09:00:00 AM,12,7,5
11/18/2018 10:00:00 AM,21,8,13
11/18/2018 11:00:00 AM,24,16,8
11/18/2018 12:00:00 PM,31,10,21
11/18/2018 01:00:00 PM,28,8,20
11/18/2018 02:00:00 PM,27,14,13
11/18/2018 03:00:00 PM,26,15,11
11/18/2018 04:00:00 PM,33,16,17
11/18/2018 05:00:00 PM,23,15,8
11/18/2018 06:00:00 PM,11,6,5
11/18/2018 07:00:00 PM,11,6,5
11/18/2018 08:00:00 PM,2,1,1
11/18/2018 09:00:00 PM,4,1,3
11/18/2018 10:00:00 PM,2,1,1
11/18/2018 11:00:00 PM,6,4,2
11/19/2018 12:00:00 AM,2,0,2
11/19/2018 01:00:00 AM,0,0,0
11/19/2018 02:00:00 AM,0,0,0
11/19/2018 03:00:00 AM,1,0,1
11/19/2018 04:00:00 AM,0,0,0
11/19/2018 05:00:00 AM,11,7,4
11/19/2018 06:00:00 AM,28,18,10
11/19/2018 07:00:00 AM,72,48,24
11/19/2018 08:00:00 AM,134,67,67
11/19/2018 09:00:00 AM,63,23,40
11/19/2018 10:00:00 AM,41,21,20
11/19/2018 11:00:00 AM,44,20,24
11/19/2018 12:00:00 PM,38,27,11
11/19/2018 01:00:00 PM,29,17,12
11/19/2018 02:00:00 PM,37,12,25
11/19/2018 03:00:00 PM,69,29,40
11/19/2018 04:00:00 PM,132,43,89
11/19/2018 05:00:00 PM,165,55,110
11/19/2018 06:00:00 PM,77,25,52
11/19/2018 07:00:00 PM,25,13,12
11/19/2018 08:00:00 PM,7,4,3
11/19/2018 09:00:00 PM,10,3,7
11/19/2018 10:00:00 PM,1,0,1
11/19/2018 11:00:00 PM,7,6,1
11/20/2018 12:00:00 AM,2,1,1
11/20/2018 01:00:00 AM,1,0,1
11/20/2018 02:00:00 AM,0,0,0
11/20/2018 03:00:00 AM,2,1,1
11/20/2018 04:00:00 AM,1,1,0
11/20/2018 05:00:00 AM,8,5,3
11/20/2018 06:00:00 AM,44,22,22
11/20/2018 07:00:00 AM,62,42,20
11/20/2018 08:00:00 AM,100,44,56
11/20/2018 09:00:00 AM,71,34,37
11/20/2018 10:00:00 AM,31,15,16
11/20/2018 11:00:00 AM,42,18,24
11/20/2018 12:00:00 PM,29,18,11
11/20/2018 01:00:00 PM,30,16,14
11/20/2018 02:00:00 PM,29,16,13
11/20/2018 03:00:00 PM,61,21,40
11/20/2018 04:00:00 PM,134,44,90
11/20/2018 05:00:00 PM,136,51,85
11/20/2018 06:00:00 PM,60,20,40
11/20/2018 07:00:00 PM,26,9,17
11/20/2018 08:00:00 PM,18,8,10
11/20/2018 09:00:00 PM,9,5,4
11/20/2018 10:00:00 PM,4,3,1
11/20/2018 11:00:00 PM,5,1,4
11/21/2018 12:00:00 AM,0,0,0
11/21/2018 01:00:00 AM,6,1,5
11/21/2018 02:00:00 AM,0,0,0
11/21/2018 03:00:00 AM,1,0,1
11/21/2018 04:00:00 AM,3,3,0
11/21/2018 05:00:00 AM,9,5,4
11/21/2018 06:00:00 AM,14,10,4
11/21/2018 07:00:00 AM,52,27,25
11/21/2018 08:00:00 AM,74,36,38
11/21/2018 09:00:00 AM,45,26,19
11/21/2018 10:00:00 AM,15,9,6
11/21/2018 11:00:00 AM,27,13,14
11/21/2018 12:00:00 PM,30,18,12
11/21/2018 01:00:00 PM,27,11,16
11/21/2018 02:00:00 PM,56,23,33
11/21/2018 03:00:00 PM,57,26,31
11/21/2018 04:00:00 PM,79,29,50
11/21/2018 05:00:00 PM,50,17,33
11/21/2018 06:00:00 PM,30,14,16
11/21/2018 07:00:00 PM,14,7,7
11/21/2018 08:00:00 PM,6,1,5
11/21/2018 09:00:00 PM,4,1,3
11/21/2018 10:00:00 PM,4,2,2
11/21/2018 11:00:00 PM,4,1,3
11/22/2018 12:00:00 AM,3,3,0
11/22/2018 01:00:00 AM,3,1,2
11/22/2018 02:00:00 AM,0,0,0
11/22/2018 03:00:00 AM,0,0,0
11/22/2018 04:00:00 AM,0,0,0
11/22/2018 05:00:00 AM,0,0,0
11/22/2018 06:00:00 AM,3,2,1
11/22/2018 07:00:00 AM,3,2,1
11/22/2018 08:00:00 AM,3,0,3
11/22/2018 09:00:00 AM,3,2,1
11/22/2018 10:00:00 AM,7,2,5
11/22/2018 11:00:00 AM,8,6,2
11/22/2018 12:00:00 PM,10,3,7
11/22/2018 01:00:00 PM,16,5,11
11/22/2018 02:00:00 PM,9,4,5
11/22/2018 03:00:00 PM,3,1,2
11/22/2018 04:00:00 PM,2,1,1
11/22/2018 05:00:00 PM,5,2,3
11/22/2018 06:00:00 PM,1,0,1
11/22/2018 07:00:00 PM,4,2,2
11/22/2018 08:00:00 PM,1,0,1
11/22/2018 09:00:00 PM,9,5,4
11/22/2018 10:00:00 PM,1,1,0
11/22/2018 11:00:00 PM,0,0,0
11/23/2018 12:00:00 AM,0,0,0
11/23/2018 01:00:00 AM,0,0,0
11/23/2018 02:00:00 AM,0,0,0
11/23/2018 03:00:00 AM,0,0,0
11/23/2018 04:00:00 AM,0,0,0
11/23/2018 05:00:00 AM,2,2,0
11/23/2018 06:00:00 AM,2,1,1
11/23/2018 07:00:00 AM,5,4,1
11/23/2018 08:00:00 AM,5,4,1
11/23/2018 09:00:00 AM,6,3,3
11/23/2018 10:00:00 AM,14,6,8
11/23/2018 11:00:00 AM,14,10,4
11/23/2018 12:00:00 PM,15,7,8
11/23/2018 01:00:00 PM,30,12,18
11/23/2018 02:00:00 PM,16,9,7
11/23/2018 03:00:00 PM,20,5,15
11/23/2018 04:00:00 PM,22,4,18
11/23/2018 05:00:00 PM,9,4,5
11/23/2018 06:00:00 PM,15,4,11
11/23/2018 07:00:00 PM,7,5,2
11/23/2018 08:00:00 PM,5,2,3
11/23/2018 09:00:00 PM,7,4,3
11/23/2018 10:00:00 PM,6,1,5
11/23/2018 11:00:00 PM,3,2,1
11/24/2018 12:00:00 AM,4,2,2
11/24/2018 01:00:00 AM,2,1,1
11/24/2018 02:00:00 AM,1,1,0
11/24/2018 03:00:00 AM,0,0,0
11/24/2018 04:00:00 AM,0,0,0
11/24/2018 05:00:00 AM,3,1,2
11/24/2018 06:00:00 AM,4,4,0
11/24/2018 07:00:00 AM,4,4,0
11/24/2018 08:00:00 AM,7,4,3
11/24/2018 09:00:00 AM,7,3,4
11/24/2018 10:00:00 AM,15,6,9
11/24/2018 11:00:00 AM,24,14,10
11/24/2018 12:00:00 PM,17,3,14
11/24/2018 01:00:00 PM,36,14,22
11/24/2018 02:00:00 PM,32,12,20
11/24/2018 03:00:00 PM,31,15,16
11/24/2018 04:00:00 PM,21,9,12
11/24/2018 05:00:00 PM,16,10,6
11/24/2018 06:00:00 PM,23,8,15
11/24/2018 07:00:00 PM,17,8,9
11/24/2018 08:00:00 PM,10,4,6
11/24/2018 09:00:00 PM,9,5,4
11/24/2018 10:00:00 PM,6,1,5
11/24/2018 11:00:00 PM,2,1,1
11/25/2018 12:00:00 AM,6,3,3
11/25/2018 01:00:00 AM,5,3,2
11/25/2018 02:00:00 AM,6,4,2
11/25/2018 03:00:00 AM,3,2,1
11/25/2018 04:00:00 AM,0,0,0
11/25/2018 05:00:00 AM,2,1,1
11/25/2018 06:00:00 AM,3,3,0
11/25/2018 07:00:00 AM,6,4,2
11/25/2018 08:00:00 AM,8,4,4
11/25/2018 09:00:00 AM,16,8,8
11/25/2018 10:00:00 AM,12,7,5
11/25/2018 11:00:00 AM,15,8,7
11/25/2018 12:00:00 PM,19,10,9
11/25/2018 01:00:00 PM,15,3,12
11/25/2018 02:00:00 PM,19,7,12
11/25/2018 03:00:00 PM,11,5,6
11/25/2018 04:00:00 PM,8,5,3
11/25/2018 05:00:00 PM,16,9,7
11/25/2018 06:00:00 PM,17,10,7
11/25/2018 07:00:00 PM,7,4,3
11/25/2018 08:00:00 PM,11,8,3
11/25/2018 09:00:00 PM,5,1,4
11/25/2018 10:00:00 PM,2,1,1
11/25/2018 11:00:00 PM,0,0,0
11/26/2018 12:00:00 AM,2,1,1
11/26/2018 01:00:00 AM,2,1,1
11/26/2018 02:00:00 AM,0,0,0
11/26/2018 03:00:00 AM,0,0,0
11/26/2018 04:00:00 AM,0,0,0
11/26/2018 05:00:00 AM,9,9,0
11/26/2018 06:00:00 AM,29,14,15
11/26/2018 07:00:00 AM,54,31,23
11/26/2018 08:00:00 AM,94,50,44
11/26/2018 09:00:00 AM,35,22,13
11/26/2018 10:00:00 AM,22,6,16
11/26/2018 11:00:00 AM,17,8,9
11/26/2018 12:00:00 PM,22,17,5
11/26/2018 01:00:00 PM,19,10,9
11/26/2018 02:00:00 PM,22,17,5
11/26/2018 03:00:00 PM,34,13,21
11/26/2018 04:00:00 PM,84,26,58
11/26/2018 05:00:00 PM,110,33,77
11/26/2018 06:00:00 PM,43,15,28
11/26/2018 07:00:00 PM,14,10,4
11/26/2018 08:00:00 PM,9,5,4
11/26/2018 09:00:00 PM,6,4,2
11/26/2018 10:00:00 PM,4,2,2
11/26/2018 11:00:00 PM,3,2,1
11/27/2018 12:00:00 AM,1,0,1
11/27/2018 01:00:00 AM,1,0,1
11/27/2018 02:00:00 AM,0,0,0
11/27/2018 03:00:00 AM,0,0,0
11/27/2018 04:00:00 AM,1,1,0
11/27/2018 05:00:00 AM,15,11,4
11/27/2018 06:00:00 AM,18,10,8
11/27/2018 07:00:00 AM,62,45,17
11/27/2018 08:00:00 AM,96,39,57
11/27/2018 09:00:00 AM,66,36,30
11/27/2018 10:00:00 AM,30,17,13
11/27/2018 11:00:00 AM,34,21,13
11/27/2018 12:00:00 PM,40,19,21
11/27/2018 01:00:00 PM,23,11,12
11/27/2018 02:00:00 PM,40,18,22
11/27/2018 03:00:00 PM,52,15,37
11/27/2018 04:00:00 PM,76,30,46
11/27/2018 05:00:00 PM,137,43,94
11/27/2018 06:00:00 PM,74,22,52
11/27/2018 07:00:00 PM,24,8,16
11/27/2018 08:00:00 PM,9,4,5
11/27/2018 09:00:00 PM,10,3,7
11/27/2018 10:00:00 PM,5,2,3
11/27/2018 11:00:00 PM,3,2,1
11/28/2018 12:00:00 AM,3,2,1
11/28/2018 01:00:00 AM,2,1,1
11/28/2018 02:00:00 AM,0,0,0
11/28/2018 03:00:00 AM,0,0,0
11/28/2018 04:00:00 AM,1,1,0
11/28/2018 05:00:00 AM,13,11,2
11/28/2018 06:00:00 AM,22,14,8
11/28/2018 07:00:00 AM,69,44,25
11/28/2018 08:00:00 AM,97,48,49
11/28/2018 09:00:00 AM,46,20,26
11/28/2018 10:00:00 AM,29,16,13
11/28/2018 11:00:00 AM,27,8,19
11/28/2018 12:00:00 PM,29,14,15
11/28/2018 01:00:00 PM,21,14,7
11/28/2018 02:00:00 PM,25,12,13
11/28/2018 03:00:00 PM,45,14,31
11/28/2018 04:00:00 PM,89,31,58
11/28/2018 05:00:00 PM,127,55,72
11/28/2018 06:00:00 PM,62,17,45
11/28/2018 07:00:00 PM,24,7,17
11/28/2018 08:00:00 PM,13,6,7
11/28/2018 09:00:00 PM,9,5,4
11/28/2018 10:00:00 PM,7,1,6
11/28/2018 11:00:00 PM,3,2,1
11/29/2018 12:00:00 AM,3,2,1
11/29/2018 01:00:00 AM,3,0,3
11/29/2018 02:00:00 AM,1,0,1
11/29/2018 03:00:00 AM,0,0,0
11/29/2018 04:00:00 AM,2,1,1
11/29/2018 05:00:00 AM,15,12,3
11/29/2018 06:00:00 AM,31,15,16
11/29/2018 07:00:00 AM,79,46,33
11/29/2018 08:00:00 AM,117,62,55
11/29/2018 09:00:00 AM,78,38,40
11/29/2018 10:00:00 AM,32,18,14
11/29/2018 11:00:00 AM,39,20,19
11/29/2018 12:00:00 PM,49,30,19
11/29/2018 01:00:00 PM,44,17,27
11/29/2018 02:00:00 PM,38,23,15
11/29/2018 03:00:00 PM,57,19,38
11/29/2018 04:00:00 PM,111,34,77
11/29/2018 05:00:00 PM,152,52,100
11/29/2018 06:00:00 PM,72,33,39
11/29/2018 07:00:00 PM,34,14,20
11/29/2018 08:00:00 PM,22,9,13
11/29/2018 09:00:00 PM,13,5,8
11/29/2018 10:00:00 PM,10,4,6
11/29/2018 11:00:00 PM,2,0,2
11/30/2018 12:00:00 AM,2,2,0
11/30/2018 01:00:00 AM,1,0,1
11/30/2018 02:00:00 AM,0,0,0
11/30/2018 03:00:00 AM,2,0,2
11/30/2018 04:00:00 AM,4,3,1
11/30/2018 05:00:00 AM,14,12,2
11/30/2018 06:00:00 AM,43,20,23
11/30/2018 07:00:00 AM,65,37,28
11/30/2018 08:00:00 AM,115,46,69
11/30/2018 09:00:00 AM,54,29,25
11/30/2018 10:00:00 AM,24,11,13
11/30/2018 11:00:00 AM,45,26,19
11/30/2018 12:00:00 PM,29,15,14
11/30/2018 01:00:00 PM,47,25,22
11/30/2018 02:00:00 PM,37,12,25
11/30/2018 03:00:00 PM,66,24,42
11/30/2018 04:00:00 PM,103,37,66
11/30/2018 05:00:00 PM,133,38,95
11/30/2018 06:00:00 PM,56,22,34
11/30/2018 07:00:00 PM,7,5,2
11/30/2018 08:00:00 PM,8,4,4
11/30/2018 09:00:00 PM,4,2,2
11/30/2018 10:00:00 PM,9,5,4
11/30/2018 11:00:00 PM,4,2,2
12/01/2018 12:00:00 AM,1,1,0
12/01/2018 01:00:00 AM,1,1,0
12/01/2018 02:00:00 AM,2,1,1
12/01/2018 03:00:00 AM,2,0,2
12/01/2018 04:00:00 AM,1,0,1
12/01/2018 05:00:00 AM,4,3,1
12/01/2018 06:00:00 AM,8,4,4
12/01/2018 07:00:00 AM,6,3,3
12/01/2018 08:00:00 AM,9,6,3
12/01/2018 09:00:00 AM,6,2,4
12/01/2018 10:00:00 AM,13,7,6
12/01/2018 11:00:00 AM,33,17,16
12/01/2018 12:00:00 PM,17,11,6
12/01/2018 01:00:00 PM,20,11,9
12/01/2018 02:00:00 PM,16,4,12
12/01/2018 03:00:00 PM,20,7,13
12/01/2018 04:00:00 PM,14,5,9
12/01/2018 05:00:00 PM,14,7,7
12/01/2018 06:00:00 PM,16,7,9
12/01/2018 07:00:00 PM,13,8,5
12/01/2018 08:00:00 PM,12,7,5
12/01/2018 09:00:00 PM,7,2,5
12/01/2018 10:00:00 PM,7,2,5
12/01/2018 11:00:00 PM,4,4,0
12/02/2018 12:00:00 AM,2,1,1
12/02/2018 01:00:00 AM,2,1,1
12/02/2018 02:00:00 AM,0,0,0
12/02/2018 03:00:00 AM,1,0,1
12/02/2018 04:00:00 AM,1,1,0
12/02/2018 05:00:00 AM,1,1,0
12/02/2018 06:00:00 AM,0,0,0
12/02/2018 07:00:00 AM,5,2,3
12/02/2018 08:00:00 AM,8,5,3
12/02/2018 09:00:00 AM,14,7,7
12/02/2018 10:00:00 AM,31,12,19
12/02/2018 11:00:00 AM,34,11,23
12/02/2018 12:00:00 PM,48,12,36
12/02/2018 01:00:00 PM,35,15,20
12/02/2018 02:00:00 PM,21,10,11
12/02/2018 03:00:00 PM,33,17,16
12/02/2018 04:00:00 PM,53,41,12
12/02/2018 05:00:00 PM,34,20,14
12/02/2018 06:00:00 PM,21,8,13
12/02/2018 07:00:00 PM,4,1,3
12/02/2018 08:00:00 PM,7,5,2
12/02/2018 09:00:00 PM,4,1,3
12/02/2018 10:00:00 PM,1,0,1
12/02/2018 11:00:00 PM,2,2,0
12/03/2018 12:00:00 AM,2,0,2
12/03/2018 01:00:00 AM,0,0,0
12/03/2018 02:00:00 AM,1,1,0
12/03/2018 03:00:00 AM,1,0,1
12/03/2018 04:00:00 AM,1,1,0
12/03/2018 05:00:00 AM,14,11,3
12/03/2018 06:00:00 AM,33,17,16
12/03/2018 07:00:00 AM,77,46,31
12/03/2018 08:00:00 AM,105,45,60
12/03/2018 09:00:00 AM,80,41,39
12/03/2018 10:00:00 AM,41,27,14
12/03/2018 11:00:00 AM,26,15,11
12/03/2018 12:00:00 PM,34,22,12
12/03/2018 01:00:00 PM,36,18,18
12/03/2018 02:00:00 PM,25,10,15
12/03/2018 03:00:00 PM,56,21,35
12/03/2018 04:00:00 PM,125,41,84
12/03/2018 05:00:00 PM,163,59,104
12/03/2018 06:00:00 PM,76,30,46
12/03/2018 07:00:00 PM,26,11,15
12/03/2018 08:00:00 PM,17,5,12
12/03/2018 09:00:00 PM,6,3,3
12/03/2018 10:00:00 PM,7,2,5
12/03/2018 11:00:00 PM,1,1,0
12/04/2018 12:00:00 AM,1,1,0
12/04/2018 01:00:00 AM,1,0,1
12/04/2018 02:00:00 AM,5,2,3
12/04/2018 03:00:00 AM,2,1,1
12/04/2018 04:00:00 AM,1,1,0
12/04/2018 05:00:00 AM,18,14,4
12/04/2018 06:00:00 AM,37,22,15
12/04/2018 07:00:00 AM,77,46,31
12/04/2018 08:00:00 AM,119,63,56
12/04/2018 09:00:00 AM,65,24,41
12/04/2018 10:00:00 AM,44,22,22
12/04/2018 11:00:00 AM,37,18,19
12/04/2018 12:00:00 PM,29,14,15
12/04/2018 01:00:00 PM,42,20,22
12/04/2018 02:00:00 PM,38,15,23
12/04/2018 03:00:00 PM,71,29,42
12/04/2018 04:00:00 PM,116,36,80
12/04/2018 05:00:00 PM,156,64,92
12/04/2018 06:00:00 PM,65,21,44
12/04/2018 07:00:00 PM,39,16,23
12/04/2018 08:00:00 PM,14,6,8
12/04/2018 09:00:00 PM,11,5,6
12/04/2018 10:00:00 PM,6,5,1
12/04/2018 11:00:00 PM,4,2,2
12/05/2018 12:00:00 AM,2,2,0
12/05/2018 01:00:00 AM,1,0,1
12/05/2018 02:00:00 AM,2,1,1
12/05/2018 03:00:00 AM,3,0,3
12/05/2018 04:00:00 AM,1,1,0
12/05/2018 05:00:00 AM,13,11,2
12/05/2018 06:00:00 AM,34,17,17
12/05/2018 07:00:00 AM,67,40,27
12/05/2018 08:00:00 AM,105,54,51
12/05/2018 09:00:00 AM,58,24,34
12/05/2018 10:00:00 AM,31,19,12
12/05/2018 11:00:00 AM,45,22,23
12/05/2018 12:00:00 PM,46,27,19
12/05/2018 01:00:00 PM,49,28,21
12/05/2018 02:00:00 PM,63,25,38
12/05/2018 03:00:00 PM,63,28,35
12/05/2018 04:00:00 PM,107,37,70
12/05/2018 05:00:00 PM,142,61,81
12/05/2018 06:00:00 PM,72,35,37
12/05/2018 07:00:00 PM,21,8,13
12/05/2018 08:00:00 PM,14,7,7
12/05/2018 09:00:00 PM,14,8,6
12/05/2018 10:00:00 PM,12,4,8
12/05/2018 11:00:00 PM,2,0,2
12/06/2018 12:00:00 AM,2,1,1
12/06/2018 01:00:00 AM,1,0,1
12/06/2018 02:00:00 AM,1,1,0
12/06/2018 03:00:00 AM,1,0,1
12/06/2018 04:00:00 AM,0,0,0
12/06/2018 05:00:00 AM,11,9,2
12/06/2018 06:00:00 AM,34,13,21
12/06/2018 07:00:00 AM,54,33,21
12/06/2018 08:00:00 AM,93,45,48
12/06/2018 09:00:00 AM,72,32,40
12/06/2018 10:00:00 AM,35,21,14
12/06/2018 11:00:00 AM,23,11,12
12/06/2018 12:00:00 PM,37,19,18
12/06/2018 01:00:00 PM,44,24,20
12/06/2018 02:00:00 PM,47,24,23
12/06/2018 03:00:00 PM,59,34,25
12/06/2018 04:00:00 PM,124,32,92
12/06/2018 05:00:00 PM,138,44,94
12/06/2018 06:00:00 PM,87,38,49
12/06/2018 07:00:00 PM,34,23,11
12/06/2018 08:00:00 PM,26,14,12
12/06/2018 09:00:00 PM,10,4,6
12/06/2018 10:00:00 PM,10,4,6
12/06/2018 11:00:00 PM,5,1,4
12/07/2018 12:00:00 AM,2,1,1
12/07/2018 01:00:00 AM,2,1,1
12/07/2018 02:00:00 AM,1,0,1
12/07/2018 03:00:00 AM,2,0,2
12/07/2018 04:00:00 AM,0,0,0
12/07/2018 05:00:00 AM,11,8,3
12/07/2018 06:00:00 AM,26,15,11
12/07/2018 07:00:00 AM,57,34,23
12/07/2018 08:00:00 AM,94,42,52
12/07/2018 09:00:00 AM,51,18,33
12/07/2018 10:00:00 AM,35,19,16
12/07/2018 11:00:00 AM,39,28,11
12/07/2018 12:00:00 PM,56,32,24
12/07/2018 01:00:00 PM,43,26,17
12/07/2018 02:00:00 PM,44,18,26
12/07/2018 03:00:00 PM,56,26,30
12/07/2018 04:00:00 PM,105,35,70
12/07/2018 05:00:00 PM,109,39,70
12/07/2018 06:00:00 PM,68,23,45
12/07/2018 07:00:00 PM,30,11,19
12/07/2018 08:00:00 PM,15,8,7
12/07/2018 09:00:00 PM,10,6,4
12/07/2018 10:00:00 PM,6,1,5
12/07/2018 11:00:00 PM,7,3,4
12/08/2018 12:00:00 AM,6,3,3
12/08/2018 01:00:00 AM,4,3,1
12/08/2018 02:00:00 AM,3,1,2
12/08/2018 03:00:00 AM,0,0,0
12/08/2018 04:00:00 AM,0,0,0
12/08/2018 05:00:00 AM,1,1,0
12/08/2018 06:00:00 AM,1,1,0
12/08/2018 07:00:00 AM,5,4,1
12/08/2018 08:00:00 AM,4,3,1
12/08/2018 09:00:00 AM,13,5,8
12/08/2018 10:00:00 AM,18,9,9
12/08/2018 11:00:00 AM,17,6,11
12/08/2018 12:00:00 PM,27,17,10
12/08/2018 01:00:00 PM,27,13,14
12/08/2018 02:00:00 PM,26,10,16
12/08/2018 03:00:00 PM,28,15,13
12/08/2018 04:00:00 PM,21,11,10
12/08/2018 05:00:00 PM,21,6,15
12/08/2018 06:00:00 PM,17,5,12
12/08/2018 07:00:00 PM,8,4,4
12/08/2018 08:00:00 PM,4,2,2
12/08/2018 09:00:00 PM,12,5,7
12/08/2018 10:00:00 PM,6,3,3
12/08/2018 11:00:00 PM,0,0,0
12/09/2018 12:00:00 AM,5,2,3
12/09/2018 01:00:00 AM,2,1,1
12/09/2018 02:00:00 AM,1,0,1
12/09/2018 03:00:00 AM,0,0,0
12/09/2018 04:00:00 AM,1,1,0
12/09/2018 05:00:00 AM,1,1,0
12/09/2018 06:00:00 AM,2,2,0
12/09/2018 07:00:00 AM,3,3,0
12/09/2018 08:00:00 AM,5,1,4
12/09/2018 09:00:00 AM,5,2,3
12/09/2018 10:00:00 AM,7,4,3
12/09/2018 11:00:00 AM,1,0,1
12/09/2018 12:00:00 PM,10,6,4
12/09/2018 01:00:00 PM,1,0,1
12/09/2018 02:00:00 PM,4,1,3
12/09/2018 03:00:00 PM,6,3,3
12/09/2018 04:00:00 PM,6,1,5
12/09/2018 05:00:00 PM,8,5,3
12/09/2018 06:00:00 PM,7,2,5
12/09/2018 07:00:00 PM,4,2,2
12/09/2018 08:00:00 PM,5,0,5
12/09/2018 09:00:00 PM,4,1,3
12/09/2018 10:00:00 PM,7,3,4
12/09/2018 11:00:00 PM,2,1,1
12/10/2018 12:00:00 AM,3,2,1
12/10/2018 01:00:00 AM,0,0,0
12/10/2018 02:00:00 AM,0,0,0
12/10/2018 03:00:00 AM,0,0,0
12/10/2018 04:00:00 AM,2,1,1
12/10/2018 05:00:00 AM,10,7,3
12/10/2018 06:00:00 AM,40,25,15
12/10/2018 07:00:00 AM,73,44,29
12/10/2018 08:00:00 AM,119,59,60
12/10/2018 09:00:00 AM,74,35,39
12/10/2018 10:00:00 AM,26,15,11
12/10/2018 11:00:00 AM,25,13,12
12/10/2018 12:00:00 PM,39,15,24
12/10/2018 01:00:00 PM,33,17,16
12/10/2018 02:00:00 PM,40,16,24
12/10/2018 03:00:00 PM,106,28,78
12/10/2018 04:00:00 PM,217,57,160
12/10/2018 05:00:00 PM,179,59,120
12/10/2018 06:00:00 PM,62,28,34
12/10/2018 07:00:00 PM,29,17,12
12/10/2018 08:00:00 PM,76,63,13
12/10/2018 09:00:00 PM,19,7,12
12/10/2018 10:00:00 PM,5,3,2
12/10/2018 11:00:00 PM,3,2,1
12/11/2018 12:00:00 AM,5,2,3
12/11/2018 01:00:00 AM,0,0,0
12/11/2018 02:00:00 AM,0,0,0
12/11/2018 03:00:00 AM,2,1,1
12/11/2018 04:00:00 AM,2,1,1
12/11/2018 05:00:00 AM,6,3,3
12/11/2018 06:00:00 AM,29,15,14
12/11/2018 07:00:00 AM,56,34,22
12/11/2018 08:00:00 AM,87,49,38
12/11/2018 09:00:00 AM,49,24,25
12/11/2018 10:00:00 AM,26,13,13
12/11/2018 11:00:00 AM,21,8,13
12/11/2018 12:00:00 PM,14,9,5
12/11/2018 01:00:00 PM,14,7,7
12/11/2018 02:00:00 PM,15,8,7
12/11/2018 03:00:00 PM,25,12,13
12/11/2018 04:00:00 PM,91,31,60
12/11/2018 05:00:00 PM,124,40,84
12/11/2018 06:00:00 PM,54,13,41
12/11/2018 07:00:00 PM,28,14,14
12/11/2018 08:00:00 PM,9,4,5
12/11/2018 09:00:00 PM,10,6,4
12/11/2018 10:00:00 PM,10,7,3
12/11/2018 11:00:00 PM,3,1,2
12/12/2018 12:00:00 AM,2,1,1
12/12/2018 01:00:00 AM,3,0,3
12/12/2018 02:00:00 AM,3,2,1
12/12/2018 03:00:00 AM,1,0,1
12/12/2018 04:00:00 AM,3,1,2
12/12/2018 05:00:00 AM,8,6,2
12/12/2018 06:00:00 AM,33,17,16
12/12/2018 07:00:00 AM,72,43,29
12/12/2018 08:00:00 AM,103,50,53
12/12/2018 09:00:00 AM,61,31,30
12/12/2018 10:00:00 AM,33,10,23
12/12/2018 11:00:00 AM,35,16,19
12/12/2018 12:00:00 PM,43,21,22
12/12/2018 01:00:00 PM,26,12,14
12/12/2018 02:00:00 PM,23,11,12
12/12/2018 03:00:00 PM,42,18,24
12/12/2018 04:00:00 PM,102,35,67
12/12/2018 05:00:00 PM,141,55,86
12/12/2018 06:00:00 PM,57,23,34
12/12/2018 07:00:00 PM,25,6,19
12/12/2018 08:00:00 PM,15,7,8
12/12/2018 09:00:00 PM,7,2,5
12/12/2018 10:00:00 PM,6,3,3
12/12/2018 11:00:00 PM,3,0,3
12/13/2018 12:00:00 AM,4,0,4
12/13/2018 01:00:00 AM,3,2,1
12/13/2018 02:00:00 AM,3,2,1
12/13/2018 03:00:00 AM,2,0,2
12/13/2018 04:00:00 AM,1,0,1
12/13/2018 05:00:00 AM,8,7,1
12/13/2018 06:00:00 AM,23,14,9
12/13/2018 07:00:00 AM,60,32,28
12/13/2018 08:00:00 AM,86,40,46
12/13/2018 09:00:00 AM,59,31,28
12/13/2018 10:00:00 AM,18,5,13
12/13/2018 11:00:00 AM,26,14,12
12/13/2018 12:00:00 PM,24,9,15
12/13/2018 01:00:00 PM,15,8,7
12/13/2018 02:00:00 PM,28,14,14
12/13/2018 03:00:00 PM,54,21,33
12/13/2018 04:00:00 PM,92,22,70
12/13/2018 05:00:00 PM,124,40,84
12/13/2018 06:00:00 PM,64,24,40
12/13/2018 07:00:00 PM,29,15,14
12/13/2018 08:00:00 PM,10,3,7
12/13/2018 09:00:00 PM,7,3,4
12/13/2018 10:00:00 PM,4,3,1
12/13/2018 11:00:00 PM,2,0,2
12/14/2018 12:00:00 AM,1,0,1
12/14/2018 01:00:00 AM,2,0,2
12/14/2018 02:00:00 AM,1,1,0
12/14/2018 03:00:00 AM,5,3,2
12/14/2018 04:00:00 AM,1,0,1
12/14/2018 05:00:00 AM,10,9,1
12/14/2018 06:00:00 AM,23,14,9
12/14/2018 07:00:00 AM,57,34,23
12/14/2018 08:00:00 AM,95,45,50
12/14/2018 09:00:00 AM,50,26,24
12/14/2018 10:00:00 AM,31,14,17
12/14/2018 11:00:00 AM,30,14,16
12/14/2018 12:00:00 PM,54,27,27
12/14/2018 01:00:00 PM,41,17,24
12/14/2018 02:00:00 PM,44,15,29
12/14/2018 03:00:00 PM,55,21,34
12/14/2018 04:00:00 PM,119,45,74
12/14/2018 05:00:00 PM,108,39,69
12/14/2018 06:00:00 PM,36,14,22
12/14/2018 07:00:00 PM,20,9,11
12/14/2018 08:00:00 PM,10,5,5
12/14/2018 09:00:00 PM,10,4,6
12/14/2018 10:00:00 PM,7,2,5
12/14/2018 11:00:00 PM,1,1,0
12/15/2018 12:00:00 AM,5,2,3
12/15/2018 01:00:00 AM,2,1,1
12/15/2018 02:00:00 AM,0,0,0
12/15/2018 03:00:00 AM,1,1,0
12/15/2018 04:00:00 AM,0,0,0
12/15/2018 05:00:00 AM,2,2,0
12/15/2018 06:00:00 AM,3,2,1
12/15/2018 07:00:00 AM,5,4,1
12/15/2018 08:00:00 AM,7,4,3
12/15/2018 09:00:00 AM,5,2,3
12/15/2018 10:00:00 AM,8,7,1
12/15/2018 11:00:00 AM,28,9,19
12/15/2018 12:00:00 PM,23,11,12
12/15/2018 01:00:00 PM,39,22,17
12/15/2018 02:00:00 PM,32,10,22
12/15/2018 03:00:00 PM,40,17,23
12/15/2018 04:00:00 PM,24,11,13
12/15/2018 05:00:00 PM,25,11,14
12/15/2018 06:00:00 PM,21,8,13
12/15/2018 07:00:00 PM,20,11,9
12/15/2018 08:00:00 PM,11,8,3
12/15/2018 09:00:00 PM,9,3,6
12/15/2018 10:00:00 PM,8,4,4
12/15/2018 11:00:00 PM,5,3,2
12/16/2018 12:00:00 AM,5,1,4
12/16/2018 01:00:00 AM,3,1,2
12/16/2018 02:00:00 AM,1,1,0
12/16/2018 03:00:00 AM,0,0,0
12/16/2018 04:00:00 AM,0,0,0
12/16/2018 05:00:00 AM,4,2,2
12/16/2018 06:00:00 AM,2,1,1
12/16/2018 07:00:00 AM,2,1,1
12/16/2018 08:00:00 AM,4,3,1
12/16/2018 09:00:00 AM,4,3,1
12/16/2018 10:00:00 AM,8,7,1
12/16/2018 11:00:00 AM,9,5,4
12/16/2018 12:00:00 PM,12,6,6
12/16/2018 01:00:00 PM,10,6,4
12/16/2018 02:00:00 PM,9,5,4
12/16/2018 03:00:00 PM,11,6,5
12/16/2018 04:00:00 PM,8,3,5
12/16/2018 05:00:00 PM,11,6,5
12/16/2018 06:00:00 PM,10,6,4
12/16/2018 07:00:00 PM,0,0,0
12/16/2018 08:00:00 PM,1,0,1
12/16/2018 09:00:00 PM,3,2,1
12/16/2018 10:00:00 PM,2,0,2
12/16/2018 11:00:00 PM,3,1,2
12/17/2018 12:00:00 AM,3,2,1
12/17/2018 01:00:00 AM,0,0,0
12/17/2018 02:00:00 AM,1,1,0
12/17/2018 03:00:00 AM,0,0,0
12/17/2018 04:00:00 AM,2,2,0
12/17/2018 05:00:00 AM,13,12,1
12/17/2018 06:00:00 AM,34,19,15
12/17/2018 07:00:00 AM,70,41,29
12/17/2018 08:00:00 AM,94,47,47
12/17/2018 09:00:00 AM,74,31,43
12/17/2018 10:00:00 AM,36,15,21
12/17/2018 11:00:00 AM,37,23,14
12/17/2018 12:00:00 PM,48,26,22
12/17/2018 01:00:00 PM,35,20,15
12/17/2018 02:00:00 PM,34,15,19
12/17/2018 03:00:00 PM,51,20,31
12/17/2018 04:00:00 PM,91,26,65
12/17/2018 05:00:00 PM,132,51,81
12/17/2018 06:00:00 PM,56,18,38
12/17/2018 07:00:00 PM,22,9,13
12/17/2018 08:00:00 PM,5,1,4
12/17/2018 09:00:00 PM,3,3,0
12/17/2018 10:00:00 PM,2,1,1
12/17/2018 11:00:00 PM,0,0,0
12/18/2018 12:00:00 AM,4,3,1
12/18/2018 01:00:00 AM,4,1,3
12/18/2018 02:00:00 AM,0,0,0
12/18/2018 03:00:00 AM,0,0,0
12/18/2018 04:00:00 AM,0,0,0
12/18/2018 05:00:00 AM,4,3,1
12/18/2018 06:00:00 AM,30,17,13
12/18/2018 07:00:00 AM,52,36,16
12/18/2018 08:00:00 AM,76,34,42
12/18/2018 09:00:00 AM,54,24,30
12/18/2018 10:00:00 AM,31,15,16
12/18/2018 11:00:00 AM,27,11,16
12/18/2018 12:00:00 PM,39,16,23
12/18/2018 01:00:00 PM,26,15,11
12/18/2018 02:00:00 PM,25,13,12
12/18/2018 03:00:00 PM,39,15,24
12/18/2018 04:00:00 PM,67,20,47
12/18/2018 05:00:00 PM,95,31,64
12/18/2018 06:00:00 PM,55,17,38
12/18/2018 07:00:00 PM,23,7,16
12/18/2018 08:00:00 PM,10,5,5
12/18/2018 09:00:00 PM,5,2,3
12/18/2018 10:00:00 PM,5,2,3
12/18/2018 11:00:00 PM,1,0,1
12/19/2018 12:00:00 AM,1,1,0
12/19/2018 01:00:00 AM,2,1,1
12/19/2018 02:00:00 AM,2,0,2
12/19/2018 03:00:00 AM,1,0,1
12/19/2018 04:00:00 AM,1,1,0
12/19/2018 05:00:00 AM,12,10,2
12/19/2018 06:00:00 AM,28,14,14
12/19/2018 07:00:00 AM,55,31,24
12/19/2018 08:00:00 AM,111,49,62
12/19/2018 09:00:00 AM,60,27,33
12/19/2018 10:00:00 AM,17,8,9
12/19/2018 11:00:00 AM,28,16,12
12/19/2018 12:00:00 PM,35,13,22
12/19/2018 01:00:00 PM,29,14,15
12/19/2018 02:00:00 PM,37,13,24
12/19/2018 03:00:00 PM,55,22,33
12/19/2018 04:00:00 PM,96,34,62
12/19/2018 05:00:00 PM,127,40,87
12/19/2018 06:00:00 PM,78,29,49
12/19/2018 07:00:00 PM,30,14,16
12/19/2018 08:00:00 PM,12,8,4
12/19/2018 09:00:00 PM,8,5,3
12/19/2018 10:00:00 PM,15,5,10
12/19/2018 11:00:00 PM,3,2,1
12/20/2018 12:00:00 AM,14,10,4
12/20/2018 01:00:00 AM,4,1,3
12/20/2018 02:00:00 AM,0,0,0
12/20/2018 03:00:00 AM,1,1,0
12/20/2018 04:00:00 AM,0,0,0
12/20/2018 05:00:00 AM,10,9,1
12/20/2018 06:00:00 AM,17,13,4
12/20/2018 07:00:00 AM,37,23,14
12/20/2018 08:00:00 AM,75,40,35
12/20/2018 09:00:00 AM,32,18,14
12/20/2018 10:00:00 AM,13,4,9
12/20/2018 11:00:00 AM,20,8,12
12/20/2018 12:00:00 PM,25,16,9
12/20/2018 01:00:00 PM,19,5,14
12/20/2018 02:00:00 PM,34,9,25
12/20/2018 03:00:00 PM,37,13,24
12/20/2018 04:00:00 PM,78,26,52
12/20/2018 05:00:00 PM,98,33,65
12/20/2018 06:00:00 PM,45,17,28
12/20/2018 07:00:00 PM,19,11,8
12/20/2018 08:00:00 PM,17,7,10
12/20/2018 09:00:00 PM,5,1,4
12/20/2018 10:00:00 PM,8,5,3
12/20/2018 11:00:00 PM,7,5,2
12/21/2018 12:00:00 AM,3,2,1
12/21/2018 01:00:00 AM,2,0,2
12/21/2018 02:00:00 AM,1,1,0
12/21/2018 03:00:00 AM,1,0,1
12/21/2018 04:00:00 AM,1,0,1
12/21/2018 05:00:00 AM,4,3,1
12/21/2018 06:00:00 AM,16,10,6
12/21/2018 07:00:00 AM,42,21,21
12/21/2018 08:00:00 AM,77,38,39
12/21/2018 09:00:00 AM,52,27,25
12/21/2018 10:00:00 AM,29,13,16
12/21/2018 11:00:00 AM,40,23,17
12/21/2018 12:00:00 PM,54,33,21
12/21/2018 01:00:00 PM,63,32,31
12/21/2018 02:00:00 PM,45,19,26
12/21/2018 03:00:00 PM,84,31,53
12/21/2018 04:00:00 PM,104,28,76
12/21/2018 05:00:00 PM,93,42,51
12/21/2018 06:00:00 PM,35,13,22
12/21/2018 07:00:00 PM,14,8,6
12/21/2018 08:00:00 PM,12,5,7
12/21/2018 09:00:00 PM,7,1,6
12/21/2018 10:00:00 PM,10,6,4
12/21/2018 11:00:00 PM,6,2,4
12/22/2018 12:00:00 AM,4,2,2
12/22/2018 01:00:00 AM,6,3,3
12/22/2018 02:00:00 AM,2,2,0
12/22/2018 03:00:00 AM,0,0,0
12/22/2018 04:00:00 AM,0,0,0
12/22/2018 05:00:00 AM,0,0,0
12/22/2018 06:00:00 AM,3,1,2
12/22/2018 07:00:00 AM,4,2,2
12/22/2018 08:00:00 AM,6,3,3
12/22/2018 09:00:00 AM,6,3,3
12/22/2018 10:00:00 AM,17,7,10
12/22/2018 11:00:00 AM,11,5,6
12/22/2018 12:00:00 PM,15,9,6
12/22/2018 01:00:00 PM,26,14,12
12/22/2018 02:00:00 PM,17,8,9
12/22/2018 03:00:00 PM,15,4,11
12/22/2018 04:00:00 PM,15,5,10
12/22/2018 05:00:00 PM,10,4,6
12/22/2018 06:00:00 PM,16,10,6
12/22/2018 07:00:00 PM,6,4,2
12/22/2018 08:00:00 PM,6,5,1
12/22/2018 09:00:00 PM,12,2,10
12/22/2018 10:00:00 PM,7,5,2
12/22/2018 11:00:00 PM,3,1,2
12/23/2018 12:00:00 AM,3,2,1
12/23/2018 01:00:00 AM,3,2,1
12/23/2018 02:00:00 AM,2,1,1
12/23/2018 03:00:00 AM,0,0,0
12/23/2018 04:00:00 AM,1,0,1
12/23/2018 05:00:00 AM,0,0,0
12/23/2018 06:00:00 AM,4,2,2
12/23/2018 07:00:00 AM,3,1,2
12/23/2018 08:00:00 AM,4,4,0
12/23/2018 09:00:00 AM,5,4,1
12/23/2018 10:00:00 AM,11,4,7
12/23/2018 11:00:00 AM,7,6,1
12/23/2018 12:00:00 PM,15,6,9
12/23/2018 01:00:00 PM,11,6,5
12/23/2018 02:00:00 PM,21,4,17
12/23/2018 03:00:00 PM,18,10,8
12/23/2018 04:00:00 PM,22,4,18
12/23/2018 05:00:00 PM,19,8,11
12/23/2018 06:00:00 PM,10,6,4
12/23/2018 07:00:00 PM,9,2,7
12/23/2018 08:00:00 PM,19,14,5
12/23/2018 09:00:00 PM,27,19,8
12/23/2018 10:00:00 PM,15,7,8
12/23/2018 11:00:00 PM,4,3,1
12/24/2018 12:00:00 AM,3,0,3
12/24/2018 01:00:00 AM,1,0,1
12/24/2018 02:00:00 AM,2,2,0
12/24/2018 03:00:00 AM,0,0,0
12/24/2018 04:00:00 AM,0,0,0
12/24/2018 05:00:00 AM,2,2,0
12/24/2018 06:00:00 AM,9,5,4
12/24/2018 07:00:00 AM,10,4,6
12/24/2018 08:00:00 AM,10,8,2
12/24/2018 09:00:00 AM,9,7,2
12/24/2018 10:00:00 AM,11,2,9
12/24/2018 11:00:00 AM,21,9,12
12/24/2018 12:00:00 PM,21,9,12
12/24/2018 01:00:00 PM,26,10,16
12/24/2018 02:00:00 PM,22,11,11
12/24/2018 03:00:00 PM,15,5,10
12/24/2018 04:00:00 PM,14,4,10
12/24/2018 05:00:00 PM,10,3,7
12/24/2018 06:00:00 PM,5,3,2
12/24/2018 07:00:00 PM,4,1,3
12/24/2018 08:00:00 PM,13,2,11
12/24/2018 09:00:00 PM,1,1,0
12/24/2018 10:00:00 PM,1,0,1
12/24/2018 11:00:00 PM,3,0,3
12/25/2018 12:00:00 AM,0,0,0
12/25/2018 01:00:00 AM,1,0,1
12/25/2018 02:00:00 AM,3,1,2
12/25/2018 03:00:00 AM,0,0,0
12/25/2018 04:00:00 AM,1,1,0
12/25/2018 05:00:00 AM,1,0,1
12/25/2018 06:00:00 AM,2,1,1
12/25/2018 07:00:00 AM,1,0,1
12/25/2018 08:00:00 AM,1,1,0
12/25/2018 09:00:00 AM,2,1,1
12/25/2018 10:00:00 AM,4,4,0
12/25/2018 11:00:00 AM,6,4,2
12/25/2018 12:00:00 PM,2,2,0
12/25/2018 01:00:00 PM,13,9,4
12/25/2018 02:00:00 PM,4,2,2
12/25/2018 03:00:00 PM,9,6,3
12/25/2018 04:00:00 PM,5,3,2
12/25/2018 05:00:00 PM,0,0,0
12/25/2018 06:00:00 PM,2,1,1
12/25/2018 07:00:00 PM,5,2,3
12/25/2018 08:00:00 PM,6,2,4
12/25/2018 09:00:00 PM,1,1,0
12/25/2018 10:00:00 PM,1,0,1
12/25/2018 11:00:00 PM,2,1,1
12/26/2018 12:00:00 AM,2,0,2
12/26/2018 01:00:00 AM,0,0,0
12/26/2018 02:00:00 AM,0,0,0
12/26/2018 03:00:00 AM,2,1,1
12/26/2018 04:00:00 AM,0,0,0
12/26/2018 05:00:00 AM,9,5,4
12/26/2018 06:00:00 AM,10,4,6
12/26/2018 07:00:00 AM,20,14,6
12/26/2018 08:00:00 AM,33,16,17
12/26/2018 09:00:00 AM,16,9,7
12/26/2018 10:00:00 AM,13,6,7
12/26/2018 11:00:00 AM,13,9,4
12/26/2018 12:00:00 PM,17,9,8
12/26/2018 01:00:00 PM,20,10,10
12/26/2018 02:00:00 PM,29,15,14
12/26/2018 03:00:00 PM,24,5,19
12/26/2018 04:00:00 PM,41,16,25
12/26/2018 05:00:00 PM,42,17,25
12/26/2018 06:00:00 PM,15,4,11
12/26/2018 07:00:00 PM,10,3,7
12/26/2018 08:00:00 PM,7,4,3
12/26/2018 09:00:00 PM,5,2,3
12/26/2018 10:00:00 PM,2,1,1
12/26/2018 11:00:00 PM,1,1,0
12/27/2018 12:00:00 AM,1,1,0
12/27/2018 01:00:00 AM,2,0,2
12/27/2018 02:00:00 AM,0,0,0
12/27/2018 03:00:00 AM,1,1,0
12/27/2018 04:00:00 AM,1,0,1
12/27/2018 05:00:00 AM,6,5,1
12/27/2018 06:00:00 AM,14,6,8
12/27/2018 07:00:00 AM,28,15,13
12/27/2018 08:00:00 AM,43,21,22
12/27/2018 09:00:00 AM,32,5,27
12/27/2018 10:00:00 AM,19,9,10
12/27/2018 11:00:00 AM,21,7,14
12/27/2018 12:00:00 PM,19,9,10
12/27/2018 01:00:00 PM,35,13,22
12/27/2018 02:00:00 PM,29,14,15
12/27/2018 03:00:00 PM,51,16,35
12/27/2018 04:00:00 PM,48,18,30
12/27/2018 05:00:00 PM,62,27,35
12/27/2018 06:00:00 PM,23,8,15
12/27/2018 07:00:00 PM,11,9,2
12/27/2018 08:00:00 PM,10,4,6
12/27/2018 09:00:00 PM,7,3,4
12/27/2018 10:00:00 PM,11,5,6
12/27/2018 11:00:00 PM,6,3,3
12/28/2018 12:00:00 AM,4,2,2
12/28/2018 01:00:00 AM,4,0,4
12/28/2018 02:00:00 AM,1,0,1
12/28/2018 03:00:00 AM,1,0,1
12/28/2018 04:00:00 AM,0,0,0
12/28/2018 05:00:00 AM,3,2,1
12/28/2018 06:00:00 AM,8,6,2
12/28/2018 07:00:00 AM,21,15,6
12/28/2018 08:00:00 AM,27,14,13
12/28/2018 09:00:00 AM,19,4,15
12/28/2018 10:00:00 AM,11,8,3
12/28/2018 11:00:00 AM,17,10,7
12/28/2018 12:00:00 PM,12,8,4
12/28/2018 01:00:00 PM,16,8,8
12/28/2018 02:00:00 PM,20,9,11
12/28/2018 03:00:00 PM,24,10,14
12/28/2018 04:00:00 PM,46,14,32
12/28/2018 05:00:00 PM,40,16,24
12/28/2018 06:00:00 PM,18,7,11
12/28/2018 07:00:00 PM,7,0,7
12/28/2018 08:00:00 PM,8,3,5
12/28/2018 09:00:00 PM,2,2,0
12/28/2018 10:00:00 PM,9,6,3
12/28/2018 11:00:00 PM,3,2,1
12/29/2018 12:00:00 AM,5,2,3
12/29/2018 01:00:00 AM,1,0,1
12/29/2018 02:00:00 AM,2,1,1
12/29/2018 03:00:00 AM,0,0,0
12/29/2018 04:00:00 AM,0,0,0
12/29/2018 05:00:00 AM,3,1,2
12/29/2018 06:00:00 AM,1,0,1
12/29/2018 07:00:00 AM,4,2,2
12/29/2018 08:00:00 AM,6,4,2
12/29/2018 09:00:00 AM,8,4,4
12/29/2018 10:00:00 AM,7,3,4
12/29/2018 11:00:00 AM,7,5,2
12/29/2018 12:00:00 PM,7,4,3
12/29/2018 01:00:00 PM,11,7,4
12/29/2018 02:00:00 PM,13,3,10
12/29/2018 03:00:00 PM,3,1,2
12/29/2018 04:00:00 PM,11,6,5
12/29/2018 05:00:00 PM,8,3,5
12/29/2018 06:00:00 PM,7,3,4
12/29/2018 07:00:00 PM,4,2,2
12/29/2018 08:00:00 PM,2,1,1
12/29/2018 09:00:00 PM,0,0,0
12/29/2018 10:00:00 PM,1,1,0
12/29/2018 11:00:00 PM,1,1,0
12/30/2018 12:00:00 AM,1,1,0
12/30/2018 01:00:00 AM,0,0,0
12/30/2018 02:00:00 AM,3,1,2
12/30/2018 03:00:00 AM,2,0,2
12/30/2018 04:00:00 AM,1,0,1
12/30/2018 05:00:00 AM,2,2,0
12/30/2018 06:00:00 AM,1,0,1
12/30/2018 07:00:00 AM,4,2,2
12/30/2018 08:00:00 AM,7,5,2
12/30/2018 09:00:00 AM,3,2,1
12/30/2018 10:00:00 AM,18,10,8
12/30/2018 11:00:00 AM,29,8,21
12/30/2018 12:00:00 PM,48,12,36
12/30/2018 01:00:00 PM,33,11,22
12/30/2018 02:00:00 PM,37,26,11
12/30/2018 03:00:00 PM,27,10,17
12/30/2018 04:00:00 PM,39,27,12
12/30/2018 05:00:00 PM,38,25,13
12/30/2018 06:00:00 PM,16,9,7
12/30/2018 07:00:00 PM,9,4,5
12/30/2018 08:00:00 PM,4,1,3
12/30/2018 09:00:00 PM,8,5,3
12/30/2018 10:00:00 PM,8,3,5
12/30/2018 11:00:00 PM,6,3,3
12/31/2018 12:00:00 AM,6,5,1
12/31/2018 01:00:00 AM,0,0,0
12/31/2018 02:00:00 AM,0,0,0
12/31/2018 03:00:00 AM,2,0,2
12/31/2018 04:00:00 AM,1,0,1
12/31/2018 05:00:00 AM,11,8,3
12/31/2018 06:00:00 AM,12,7,5
12/31/2018 07:00:00 AM,15,8,7
12/31/2018 08:00:00 AM,35,22,13
12/31/2018 09:00:00 AM,26,10,16
12/31/2018 10:00:00 AM,24,11,13
12/31/2018 11:00:00 AM,32,12,20
12/31/2018 12:00:00 PM,25,15,10
12/31/2018 01:00:00 PM,24,13,11
12/31/2018 02:00:00 PM,40,15,25
12/31/2018 03:00:00 PM,39,19,20
12/31/2018 04:00:00 PM,41,16,25
12/31/2018 05:00:00 PM,41,12,29
12/31/2018 06:00:00 PM,18,10,8
12/31/2018 07:00:00 PM,8,4,4
12/31/2018 08:00:00 PM,9,3,6
12/31/2018 09:00:00 PM,7,3,4
12/31/2018 10:00:00 PM,13,7,6
12/31/2018 11:00:00 PM,7,3,4
01/01/2019 12:00:00 AM,11,3,8
01/01/2019 01:00:00 AM,13,6,7
01/01/2019 02:00:00 AM,11,7,4
01/01/2019 03:00:00 AM,1,0,1
01/01/2019 04:00:00 AM,2,2,0
01/01/2019 05:00:00 AM,2,1,1
01/01/2019 06:00:00 AM,1,1,0
01/01/2019 07:00:00 AM,4,2,2
01/01/2019 08:00:00 AM,2,1,1
01/01/2019 09:00:00 AM,6,2,4
01/01/2019 10:00:00 AM,5,2,3
01/01/2019 11:00:00 AM,8,6,2
01/01/2019 12:00:00 PM,11,7,4
01/01/2019 01:00:00 PM,12,7,5
01/01/2019 02:00:00 PM,21,8,13
01/01/2019 03:00:00 PM,10,6,4
01/01/2019 04:00:00 PM,19,9,10
01/01/2019 05:00:00 PM,17,10,7
01/01/2019 06:00:00 PM,9,3,6
01/01/2019 07:00:00 PM,2,0,2
01/01/2019 08:00:00 PM,2,1,1
01/01/2019 09:00:00 PM,4,2,2
01/01/2019 10:00:00 PM,0,0,0
01/01/2019 11:00:00 PM,1,0,1
01/02/2019 12:00:00 AM,1,0,1
01/02/2019 01:00:00 AM,0,0,0
01/02/2019 02:00:00 AM,0,0,0
01/02/2019 03:00:00 AM,1,1,0
01/02/2019 04:00:00 AM,0,0,0
01/02/2019 05:00:00 AM,8,7,1
01/02/2019 06:00:00 AM,34,17,17
01/02/2019 07:00:00 AM,81,45,36
01/02/2019 08:00:00 AM,96,47,49
01/02/2019 09:00:00 AM,55,24,31
01/02/2019 10:00:00 AM,23,10,13
01/02/2019 11:00:00 AM,28,14,14
01/02/2019 12:00:00 PM,38,21,17
01/02/2019 01:00:00 PM,28,13,15
01/02/2019 02:00:00 PM,32,13,19
01/02/2019 03:00:00 PM,50,21,29
01/02/2019 04:00:00 PM,108,29,79
01/02/2019 05:00:00 PM,166,70,96
01/02/2019 06:00:00 PM,67,24,43
01/02/2019 07:00:00 PM,19,8,11
01/02/2019 08:00:00 PM,4,0,4
01/02/2019 09:00:00 PM,4,1,3
01/02/2019 10:00:00 PM,10,5,5
01/02/2019 11:00:00 PM,3,0,3
01/03/2019 12:00:00 AM,2,1,1
01/03/2019 01:00:00 AM,2,1,1
01/03/2019 02:00:00 AM,1,0,1
01/03/2019 03:00:00 AM,2,1,1
01/03/2019 04:00:00 AM,1,1,0
01/03/2019 05:00:00 AM,6,4,2
01/03/2019 06:00:00 AM,26,15,11
01/03/2019 07:00:00 AM,43,23,20
01/03/2019 08:00:00 AM,78,37,41
01/03/2019 09:00:00 AM,40,14,26
01/03/2019 10:00:00 AM,22,13,9
01/03/2019 11:00:00 AM,23,13,10
01/03/2019 12:00:00 PM,24,12,12
01/03/2019 01:00:00 PM,23,11,12
01/03/2019 02:00:00 PM,29,12,17
01/03/2019 03:00:00 PM,42,17,25
01/03/2019 04:00:00 PM,67,26,41
01/03/2019 05:00:00 PM,97,28,69
01/03/2019 06:00:00 PM,54,18,36
01/03/2019 07:00:00 PM,13,6,7
01/03/2019 08:00:00 PM,10,4,6
01/03/2019 09:00:00 PM,7,3,4
01/03/2019 10:00:00 PM,5,4,1
01/03/2019 11:00:00 PM,2,1,1
01/04/2019 12:00:00 AM,4,2,2
01/04/2019 01:00:00 AM,0,0,0
01/04/2019 02:00:00 AM,1,0,1
01/04/2019 03:00:00 AM,2,1,1
01/04/2019 04:00:00 AM,0,0,0
01/04/2019 05:00:00 AM,10,8,2
01/04/2019 06:00:00 AM,22,14,8
01/04/2019 07:00:00 AM,62,35,27
01/04/2019 08:00:00 AM,81,44,37
01/04/2019 09:00:00 AM,55,24,31
01/04/2019 10:00:00 AM,39,22,17
01/04/2019 11:00:00 AM,32,17,15
01/04/2019 12:00:00 PM,32,19,13
01/04/2019 01:00:00 PM,32,15,17
01/04/2019 02:00:00 PM,37,16,21
01/04/2019 03:00:00 PM,52,20,32
01/04/2019 04:00:00 PM,101,23,78
01/04/2019 05:00:00 PM,107,40,67
01/04/2019 06:00:00 PM,52,16,36
01/04/2019 07:00:00 PM,20,9,11
01/04/2019 08:00:00 PM,12,8,4
01/04/2019 09:00:00 PM,4,3,1
01/04/2019 10:00:00 PM,7,5,2
01/04/2019 11:00:00 PM,9,4,5
01/05/2019 12:00:00 AM,4,1,3
01/05/2019 01:00:00 AM,4,3,1
01/05/2019 02:00:00 AM,0,0,0
01/05/2019 03:00:00 AM,2,1,1
01/05/2019 04:00:00 AM,0,0,0
01/05/2019 05:00:00 AM,2,1,1
01/05/2019 06:00:00 AM,5,2,3
01/05/2019 07:00:00 AM,5,2,3
01/05/2019 08:00:00 AM,6,1,5
01/05/2019 09:00:00 AM,10,2,8
01/05/2019 10:00:00 AM,13,8,5
01/05/2019 11:00:00 AM,39,5,34
01/05/2019 12:00:00 PM,29,10,19
01/05/2019 01:00:00 PM,34,19,15
01/05/2019 02:00:00 PM,23,9,14
01/05/2019 03:00:00 PM,22,13,9
01/05/2019 04:00:00 PM,21,10,11
01/05/2019 05:00:00 PM,11,3,8
01/05/2019 06:00:00 PM,8,5,3
01/05/2019 07:00:00 PM,6,2,4
01/05/2019 08:00:00 PM,8,4,4
01/05/2019 09:00:00 PM,9,4,5
01/05/2019 10:00:00 PM,5,2,3
01/05/2019 11:00:00 PM,6,3,3
01/06/2019 12:00:00 AM,2,2,0
01/06/2019 01:00:00 AM,0,0,0
01/06/2019 02:00:00 AM,0,0,0
01/06/2019 03:00:00 AM,0,0,0
01/06/2019 04:00:00 AM,1,0,1
01/06/2019 05:00:00 AM,1,0,1
01/06/2019 06:00:00 AM,2,2,0
01/06/2019 07:00:00 AM,2,0,2
01/06/2019 08:00:00 AM,2,1,1
01/06/2019 09:00:00 AM,8,6,2
01/06/2019 10:00:00 AM,14,5,9
01/06/2019 11:00:00 AM,19,6,13
01/06/2019 12:00:00 PM,17,10,7
01/06/2019 01:00:00 PM,21,8,13
01/06/2019 02:00:00 PM,13,11,2
01/06/2019 03:00:00 PM,22,13,9
01/06/2019 04:00:00 PM,13,10,3
01/06/2019 05:00:00 PM,9,0,9
01/06/2019 06:00:00 PM,7,1,6
01/06/2019 07:00:00 PM,8,3,5
01/06/2019 08:00:00 PM,8,5,3
01/06/2019 09:00:00 PM,0,0,0
01/06/2019 10:00:00 PM,1,0,1
01/06/2019 11:00:00 PM,0,0,0
01/07/2019 12:00:00 AM,1,1,0
01/07/2019 01:00:00 AM,0,0,0
01/07/2019 02:00:00 AM,1,1,0
01/07/2019 03:00:00 AM,0,0,0
01/07/2019 04:00:00 AM,2,1,1
01/07/2019 05:00:00 AM,15,14,1
01/07/2019 06:00:00 AM,41,21,20
01/07/2019 07:00:00 AM,84,50,34
01/07/2019 08:00:00 AM,137,58,79
01/07/2019 09:00:00 AM,69,32,37
01/07/2019 10:00:00 AM,40,20,20
01/07/2019 11:00:00 AM,25,14,11
01/07/2019 12:00:00 PM,28,12,16
01/07/2019 01:00:00 PM,30,20,10
01/07/2019 02:00:00 PM,42,24,18
01/07/2019 03:00:00 PM,57,15,42
01/07/2019 04:00:00 PM,112,39,73
01/07/2019 05:00:00 PM,172,66,106
01/07/2019 06:00:00 PM,88,21,67
01/07/2019 07:00:00 PM,29,12,17
01/07/2019 08:00:00 PM,11,6,5
01/07/2019 09:00:00 PM,5,3,2
01/07/2019 10:00:00 PM,4,2,2
01/07/2019 11:00:00 PM,1,1,0
01/08/2019 12:00:00 AM,3,2,1
01/08/2019 01:00:00 AM,1,1,0
01/08/2019 02:00:00 AM,1,0,1
01/08/2019 03:00:00 AM,1,0,1
01/08/2019 04:00:00 AM,3,1,2
01/08/2019 05:00:00 AM,14,13,1
01/08/2019 06:00:00 AM,31,14,17
01/08/2019 07:00:00 AM,81,55,26
01/08/2019 08:00:00 AM,111,51,60
01/08/2019 09:00:00 AM,56,22,34
01/08/2019 10:00:00 AM,23,14,9
01/08/2019 11:00:00 AM,27,19,8
01/08/2019 12:00:00 PM,29,17,12
01/08/2019 01:00:00 PM,13,7,6
01/08/2019 02:00:00 PM,17,5,12
01/08/2019 03:00:00 PM,60,21,39
01/08/2019 04:00:00 PM,89,30,59
01/08/2019 05:00:00 PM,142,47,95
01/08/2019 06:00:00 PM,72,22,50
01/08/2019 07:00:00 PM,18,6,12
01/08/2019 08:00:00 PM,10,5,5
01/08/2019 09:00:00 PM,9,6,3
01/08/2019 10:00:00 PM,8,5,3
01/08/2019 11:00:00 PM,6,2,4
01/09/2019 12:00:00 AM,2,0,2
01/09/2019 01:00:00 AM,1,0,1
01/09/2019 02:00:00 AM,1,0,1
01/09/2019 03:00:00 AM,0,0,0
01/09/2019 04:00:00 AM,2,1,1
01/09/2019 05:00:00 AM,13,10,3
01/09/2019 06:00:00 AM,27,16,11
01/09/2019 07:00:00 AM,62,41,21
01/09/2019 08:00:00 AM,110,45,65
01/09/2019 09:00:00 AM,41,21,20
01/09/2019 10:00:00 AM,32,19,13
01/09/2019 11:00:00 AM,28,15,13
01/09/2019 12:00:00 PM,40,21,19
01/09/2019 01:00:00 PM,21,9,12
01/09/2019 02:00:00 PM,29,11,18
01/09/2019 03:00:00 PM,37,8,29
01/09/2019 04:00:00 PM,71,25,46
01/09/2019 05:00:00 PM,130,46,84
01/09/2019 06:00:00 PM,66,21,45
01/09/2019 07:00:00 PM,25,12,13
01/09/2019 08:00:00 PM,12,5,7
01/09/2019 09:00:00 PM,5,1,4
01/09/2019 10:00:00 PM,9,6,3
01/09/2019 11:00:00 PM,4,3,1
01/10/2019 12:00:00 AM,7,5,2
01/10/2019 01:00:00 AM,0,0,0
01/10/2019 02:00:00 AM,1,1,0
01/10/2019 03:00:00 AM,0,0,0
01/10/2019 04:00:00 AM,2,1,1
01/10/2019 05:00:00 AM,17,14,3
01/10/2019 06:00:00 AM,24,13,11
01/10/2019 07:00:00 AM,69,40,29
01/10/2019 08:00:00 AM,126,57,69
01/10/2019 09:00:00 AM,65,31,34
01/10/2019 10:00:00 AM,37,21,16
01/10/2019 11:00:00 AM,43,26,17
01/10/2019 12:00:00 PM,36,17,19
01/10/2019 01:00:00 PM,34,21,13
01/10/2019 02:00:00 PM,36,17,19
01/10/2019 03:00:00 PM,54,17,37
01/10/2019 04:00:00 PM,106,42,64
01/10/2019 05:00:00 PM,178,71,107
01/10/2019 06:00:00 PM,79,37,42
01/10/2019 07:00:00 PM,32,21,11
01/10/2019 08:00:00 PM,13,4,9
01/10/2019 09:00:00 PM,17,6,11
01/10/2019 10:00:00 PM,12,7,5
01/10/2019 11:00:00 PM,5,1,4
01/11/2019 12:00:00 AM,3,1,2
01/11/2019 01:00:00 AM,1,0,1
01/11/2019 02:00:00 AM,0,0,0
01/11/2019 03:00:00 AM,3,0,3
01/11/2019 04:00:00 AM,1,1,0
01/11/2019 05:00:00 AM,16,11,5
01/11/2019 06:00:00 AM,28,18,10
01/11/2019 07:00:00 AM,67,40,27
01/11/2019 08:00:00 AM,108,53,55
01/11/2019 09:00:00 AM,68,27,41
01/11/2019 10:00:00 AM,43,24,19
01/11/2019 11:00:00 AM,37,19,18
01/11/2019 12:00:00 PM,53,28,25
01/11/2019 01:00:00 PM,46,20,26
01/11/2019 02:00:00 PM,68,33,35
01/11/2019 03:00:00 PM,72,31,41
01/11/2019 04:00:00 PM,120,43,77
01/11/2019 05:00:00 PM,145,53,92
01/11/2019 06:00:00 PM,69,23,46
01/11/2019 07:00:00 PM,35,16,19
01/11/2019 08:00:00 PM,13,8,5
01/11/2019 09:00:00 PM,14,11,3
01/11/2019 10:00:00 PM,10,5,5
01/11/2019 11:00:00 PM,5,3,2
01/12/2019 12:00:00 AM,12,9,3
01/12/2019 01:00:00 AM,7,5,2
01/12/2019 02:00:00 AM,3,1,2
01/12/2019 03:00:00 AM,1,0,1
01/12/2019 04:00:00 AM,0,0,0
01/12/2019 05:00:00 AM,4,2,2
01/12/2019 06:00:00 AM,3,1,2
01/12/2019 07:00:00 AM,2,2,0
01/12/2019 08:00:00 AM,9,6,3
01/12/2019 09:00:00 AM,18,13,5
01/12/2019 10:00:00 AM,22,10,12
01/12/2019 11:00:00 AM,28,8,20
01/12/2019 12:00:00 PM,54,30,24
01/12/2019 01:00:00 PM,54,31,23
01/12/2019 02:00:00 PM,44,23,21
01/12/2019 03:00:00 PM,35,15,20
01/12/2019 04:00:00 PM,52,28,24
01/12/2019 05:00:00 PM,13,4,9
01/12/2019 06:00:00 PM,25,8,17
01/12/2019 07:00:00 PM,16,8,8
01/12/2019 08:00:00 PM,13,4,9
01/12/2019 09:00:00 PM,11,4,7
01/12/2019 10:00:00 PM,5,2,3
01/12/2019 11:00:00 PM,2,1,1
01/13/2019 12:00:00 AM,12,4,8
01/13/2019 01:00:00 AM,2,1,1
01/13/2019 02:00:00 AM,3,2,1
01/13/2019 03:00:00 AM,0,0,0
01/13/2019 04:00:00 AM,0,0,0
01/13/2019 05:00:00 AM,1,0,1
01/13/2019 06:00:00 AM,3,1,2
01/13/2019 07:00:00 AM,5,2,3
01/13/2019 08:00:00 AM,10,8,2
01/13/2019 09:00:00 AM,8,2,6
01/13/2019 10:00:00 AM,19,11,8
01/13/2019 11:00:00 AM,36,11,25
01/13/2019 12:00:00 PM,39,18,21
01/13/2019 01:00:00 PM,47,16,31
01/13/2019 02:00:00 PM,41,15,26
01/13/2019 03:00:00 PM,45,19,26
01/13/2019 04:00:00 PM,29,9,20
01/13/2019 05:00:00 PM,22,10,12
01/13/2019 06:00:00 PM,18,9,9
01/13/2019 07:00:00 PM,13,8,5
01/13/2019 08:00:00 PM,6,4,2
01/13/2019 09:00:00 PM,7,2,5
01/13/2019 10:00:00 PM,6,2,4
01/13/2019 11:00:00 PM,5,4,1
01/14/2019 12:00:00 AM,3,2,1
01/14/2019 01:00:00 AM,1,0,1
01/14/2019 02:00:00 AM,1,1,0
01/14/2019 03:00:00 AM,0,0,0
01/14/2019 04:00:00 AM,2,2,0
01/14/2019 05:00:00 AM,19,14,5
01/14/2019 06:00:00 AM,49,26,23
01/14/2019 07:00:00 AM,147,88,59
01/14/2019 08:00:00 AM,187,94,93
01/14/2019 09:00:00 AM,102,52,50
01/14/2019 10:00:00 AM,47,19,28
01/14/2019 11:00:00 AM,41,20,21
01/14/2019 12:00:00 PM,41,21,20
01/14/2019 01:00:00 PM,41,23,18
01/14/2019 02:00:00 PM,53,28,25
01/14/2019 03:00:00 PM,92,25,67
01/14/2019 04:00:00 PM,167,66,101
01/14/2019 05:00:00 PM,219,72,147
01/14/2019 06:00:00 PM,115,46,69
01/14/2019 07:00:00 PM,33,14,19
01/14/2019 08:00:00 PM,20,9,11
01/14/2019 09:00:00 PM,10,7,3
01/14/2019 10:00:00 PM,3,2,1
01/14/2019 11:00:00 PM,2,1,1
01/15/2019 12:00:00 AM,2,2,0
01/15/2019 01:00:00 AM,0,0,0
01/15/2019 02:00:00 AM,1,1,0
01/15/2019 03:00:00 AM,1,0,1
01/15/2019 04:00:00 AM,2,0,2
01/15/2019 05:00:00 AM,14,14,0
01/15/2019 06:00:00 AM,57,33,24
01/15/2019 07:00:00 AM,105,57,48
01/15/2019 08:00:00 AM,155,70,85
01/15/2019 09:00:00 AM,89,40,49
01/15/2019 10:00:00 AM,31,20,11
01/15/2019 11:00:00 AM,43,23,20
01/15/2019 12:00:00 PM,35,18,17
01/15/2019 01:00:00 PM,41,22,19
01/15/2019 02:00:00 PM,46,19,27
01/15/2019 03:00:00 PM,71,26,45
01/15/2019 04:00:00 PM,131,48,83
01/15/2019 05:00:00 PM,214,67,147
01/15/2019 06:00:00 PM,92,43,49
01/15/2019 07:00:00 PM,25,8,17
01/15/2019 08:00:00 PM,20,7,13
01/15/2019 09:00:00 PM,14,6,8
01/15/2019 10:00:00 PM,5,1,4
01/15/2019 11:00:00 PM,4,2,2
01/16/2019 12:00:00 AM,1,1,0
01/16/2019 01:00:00 AM,1,0,1
01/16/2019 02:00:00 AM,2,2,0
01/16/2019 03:00:00 AM,2,1,1
01/16/2019 04:00:00 AM,2,1,1
01/16/2019 05:00:00 AM,13,11,2
01/16/2019 06:00:00 AM,39,25,14
01/16/2019 07:00:00 AM,115,78,37
01/16/2019 08:00:00 AM,159,71,88
01/16/2019 09:00:00 AM,94,46,48
01/16/2019 10:00:00 AM,37,15,22
01/16/2019 11:00:00 AM,45,26,19
01/16/2019 12:00:00 PM,48,28,20
01/16/2019 01:00:00 PM,36,15,21
01/16/2019 02:00:00 PM,46,28,18
01/16/2019 03:00:00 PM,82,27,55
01/16/2019 04:00:00 PM,136,41,95
01/16/2019 05:00:00 PM,194,68,126
01/16/2019 06:00:00 PM,82,34,48
01/16/2019 07:00:00 PM,30,7,23
01/16/2019 08:00:00 PM,25,12,13
01/16/2019 09:00:00 PM,8,3,5
01/16/2019 10:00:00 PM,4,2,2
01/16/2019 11:00:00 PM,6,2,4
01/17/2019 12:00:00 AM,2,1,1
01/17/2019 01:00:00 AM,1,0,1
01/17/2019 02:00:00 AM,0,0,0
01/17/2019 03:00:00 AM,6,3,3
01/17/2019 04:00:00 AM,0,0,0
01/17/2019 05:00:00 AM,24,17,7
01/17/2019 06:00:00 AM,38,21,17
01/17/2019 07:00:00 AM,84,51,33
01/17/2019 08:00:00 AM,141,54,87
01/17/2019 09:00:00 AM,84,39,45
01/17/2019 10:00:00 AM,29,19,10
01/17/2019 11:00:00 AM,28,15,13
01/17/2019 12:00:00 PM,27,13,14
01/17/2019 01:00:00 PM,36,16,20
01/17/2019 02:00:00 PM,39,16,23
01/17/2019 03:00:00 PM,84,29,55
01/17/2019 04:00:00 PM,120,45,75
01/17/2019 05:00:00 PM,161,57,104
01/17/2019 06:00:00 PM,74,34,40
01/17/2019 07:00:00 PM,38,20,18
01/17/2019 08:00:00 PM,17,5,12
01/17/2019 09:00:00 PM,4,3,1
01/17/2019 10:00:00 PM,6,1,5
01/17/2019 11:00:00 PM,4,2,2
01/18/2019 12:00:00 AM,1,0,1
01/18/2019 01:00:00 AM,1,0,1
01/18/2019 02:00:00 AM,1,1,0
01/18/2019 03:00:00 AM,1,1,0
01/18/2019 04:00:00 AM,0,0,0
01/18/2019 05:00:00 AM,14,10,4
01/18/2019 06:00:00 AM,21,15,6
01/18/2019 07:00:00 AM,90,51,39
01/18/2019 08:00:00 AM,114,56,58
01/18/2019 09:00:00 AM,63,26,37
01/18/2019 10:00:00 AM,23,7,16
01/18/2019 11:00:00 AM,43,25,18
01/18/2019 12:00:00 PM,38,16,22
01/18/2019 01:00:00 PM,35,12,23
01/18/2019 02:00:00 PM,47,19,28
01/18/2019 03:00:00 PM,61,28,33
01/18/2019 04:00:00 PM,119,42,77
01/18/2019 05:00:00 PM,117,47,70
01/18/2019 06:00:00 PM,63,24,39
01/18/2019 07:00:00 PM,23,9,14
01/18/2019 08:00:00 PM,4,2,2
01/18/2019 09:00:00 PM,8,5,3
01/18/2019 10:00:00 PM,6,3,3
01/18/2019 11:00:00 PM,3,0,3
01/19/2019 12:00:00 AM,2,0,2
01/19/2019 01:00:00 AM,5,2,3
01/19/2019 02:00:00 AM,2,2,0
01/19/2019 03:00:00 AM,0,0,0
01/19/2019 04:00:00 AM,1,1,0
01/19/2019 05:00:00 AM,2,1,1
01/19/2019 06:00:00 AM,3,1,2
01/19/2019 07:00:00 AM,6,3,3
01/19/2019 08:00:00 AM,8,3,5
01/19/2019 09:00:00 AM,15,8,7
01/19/2019 10:00:00 AM,15,5,10
01/19/2019 11:00:00 AM,18,7,11
01/19/2019 12:00:00 PM,32,17,15
01/19/2019 01:00:00 PM,34,13,21
01/19/2019 02:00:00 PM,20,8,12
01/19/2019 03:00:00 PM,27,15,12
01/19/2019 04:00:00 PM,14,10,4
01/19/2019 05:00:00 PM,27,20,7
01/19/2019 06:00:00 PM,402,399,3
01/19/2019 07:00:00 PM,203,201,2
01/19/2019 08:00:00 PM,2,0,2
01/19/2019 09:00:00 PM,2,2,0
01/19/2019 10:00:00 PM,10,5,5
01/19/2019 11:00:00 PM,7,5,2
01/20/2019 12:00:00 AM,4,3,1
01/20/2019 01:00:00 AM,5,3,2
01/20/2019 02:00:00 AM,0,0,0
01/20/2019 03:00:00 AM,0,0,0
01/20/2019 04:00:00 AM,0,0,0
01/20/2019 05:00:00 AM,1,0,1
01/20/2019 06:00:00 AM,1,1,0
01/20/2019 07:00:00 AM,4,3,1
01/20/2019 08:00:00 AM,9,4,5
01/20/2019 09:00:00 AM,7,6,1
01/20/2019 10:00:00 AM,9,4,5
01/20/2019 11:00:00 AM,13,3,10
01/20/2019 12:00:00 PM,20,13,7
01/20/2019 01:00:00 PM,23,14,9
01/20/2019 02:00:00 PM,23,12,11
01/20/2019 03:00:00 PM,20,6,14
01/20/2019 04:00:00 PM,14,6,8
01/20/2019 05:00:00 PM,19,13,6
01/20/2019 06:00:00 PM,12,4,8
01/20/2019 07:00:00 PM,15,5,10
01/20/2019 08:00:00 PM,11,5,6
01/20/2019 09:00:00 PM,4,1,3
01/20/2019 10:00:00 PM,5,1,4
01/20/2019 11:00:00 PM,3,0,3
01/21/2019 12:00:00 AM,4,4,0
01/21/2019 01:00:00 AM,0,0,0
01/21/2019 02:00:00 AM,0,0,0
01/21/2019 03:00:00 AM,1,0,1
01/21/2019 04:00:00 AM,2,2,0
01/21/2019 05:00:00 AM,7,6,1
01/21/2019 06:00:00 AM,15,8,7
01/21/2019 07:00:00 AM,49,28,21
01/21/2019 08:00:00 AM,70,36,34
01/21/2019 09:00:00 AM,45,20,25
01/21/2019 10:00:00 AM,20,12,8
01/21/2019 11:00:00 AM,27,13,14
01/21/2019 12:00:00 PM,31,18,13
01/21/2019 01:00:00 PM,33,16,17
01/21/2019 02:00:00 PM,42,19,23
01/21/2019 03:00:00 PM,38,15,23
01/21/2019 04:00:00 PM,75,26,49
01/21/2019 05:00:00 PM,100,29,71
01/21/2019 06:00:00 PM,45,23,22
01/21/2019 07:00:00 PM,20,9,11
01/21/2019 08:00:00 PM,14,10,4
01/21/2019 09:00:00 PM,8,4,4
01/21/2019 10:00:00 PM,12,10,2
01/21/2019 11:00:00 PM,2,0,2
01/22/2019 12:00:00 AM,3,2,1
01/22/2019 01:00:00 AM,1,1,0
01/22/2019 02:00:00 AM,2,1,1
01/22/2019 03:00:00 AM,2,0,2
01/22/2019 04:00:00 AM,1,1,0
01/22/2019 05:00:00 AM,22,18,4
01/22/2019 06:00:00 AM,31,19,12
01/22/2019 07:00:00 AM,91,58,33
01/22/2019 08:00:00 AM,145,70,75
01/22/2019 09:00:00 AM,63,30,33
01/22/2019 10:00:00 AM,32,18,14
01/22/2019 11:00:00 AM,32,21,11
01/22/2019 12:00:00 PM,20,11,9
01/22/2019 01:00:00 PM,25,14,11
01/22/2019 02:00:00 PM,29,11,18
01/22/2019 03:00:00 PM,55,17,38
01/22/2019 04:00:00 PM,103,36,67
01/22/2019 05:00:00 PM,161,49,112
01/22/2019 06:00:00 PM,83,28,55
01/22/2019 07:00:00 PM,24,9,15
01/22/2019 08:00:00 PM,10,5,5
01/22/2019 09:00:00 PM,8,4,4
01/22/2019 10:00:00 PM,2,2,0
01/22/2019 11:00:00 PM,3,1,2
01/23/2019 12:00:00 AM,4,3,1
01/23/2019 01:00:00 AM,1,0,1
01/23/2019 02:00:00 AM,0,0,0
01/23/2019 03:00:00 AM,1,0,1
01/23/2019 04:00:00 AM,3,2,1
01/23/2019 05:00:00 AM,13,8,5
01/23/2019 06:00:00 AM,38,23,15
01/23/2019 07:00:00 AM,90,62,28
01/23/2019 08:00:00 AM,131,69,62
01/23/2019 09:00:00 AM,45,22,23
01/23/2019 10:00:00 AM,29,20,9
01/23/2019 11:00:00 AM,32,18,14
01/23/2019 12:00:00 PM,47,22,25
01/23/2019 01:00:00 PM,36,23,13
01/23/2019 02:00:00 PM,35,14,21
01/23/2019 03:00:00 PM,73,26,47
01/23/2019 04:00:00 PM,119,47,72
01/23/2019 05:00:00 PM,176,70,106
01/23/2019 06:00:00 PM,75,33,42
01/23/2019 07:00:00 PM,30,12,18
01/23/2019 08:00:00 PM,24,12,12
01/23/2019 09:00:00 PM,13,5,8
01/23/2019 10:00:00 PM,9,5,4
01/23/2019 11:00:00 PM,4,2,2
01/24/2019 12:00:00 AM,3,1,2
01/24/2019 01:00:00 AM,1,0,1
01/24/2019 02:00:00 AM,2,2,0
01/24/2019 03:00:00 AM,0,0,0
01/24/2019 04:00:00 AM,4,4,0
01/24/2019 05:00:00 AM,20,14,6
01/24/2019 06:00:00 AM,41,26,15
01/24/2019 07:00:00 AM,101,57,44
01/24/2019 08:00:00 AM,141,73,68
01/24/2019 09:00:00 AM,65,23,42
01/24/2019 10:00:00 AM,45,23,22
01/24/2019 11:00:00 AM,44,27,17
01/24/2019 12:00:00 PM,33,12,21
01/24/2019 01:00:00 PM,39,18,21
01/24/2019 02:00:00 PM,29,10,19
01/24/2019 03:00:00 PM,73,29,44
01/24/2019 04:00:00 PM,135,43,92
01/24/2019 05:00:00 PM,172,54,118
01/24/2019 06:00:00 PM,105,43,62
01/24/2019 07:00:00 PM,33,20,13
01/24/2019 08:00:00 PM,20,6,14
01/24/2019 09:00:00 PM,11,4,7
01/24/2019 10:00:00 PM,6,2,4
01/24/2019 11:00:00 PM,5,1,4
01/25/2019 12:00:00 AM,2,2,0
01/25/2019 01:00:00 AM,1,0,1
01/25/2019 02:00:00 AM,0,0,0
01/25/2019 03:00:00 AM,0,0,0
01/25/2019 04:00:00 AM,0,0,0
01/25/2019 05:00:00 AM,18,12,6
01/25/2019 06:00:00 AM,32,16,16
01/25/2019 07:00:00 AM,99,57,42
01/25/2019 08:00:00 AM,129,64,65
01/25/2019 09:00:00 AM,96,45,51
01/25/2019 10:00:00 AM,43,26,17
01/25/2019 11:00:00 AM,55,23,32
01/25/2019 12:00:00 PM,60,30,30
01/25/2019 01:00:00 PM,49,19,30
01/25/2019 02:00:00 PM,61,29,32
01/25/2019 03:00:00 PM,91,39,52
01/25/2019 04:00:00 PM,166,58,108
01/25/2019 05:00:00 PM,164,68,96
01/25/2019 06:00:00 PM,78,25,53
01/25/2019 07:00:00 PM,32,14,18
01/25/2019 08:00:00 PM,6,4,2
01/25/2019 09:00:00 PM,10,3,7
01/25/2019 10:00:00 PM,11,5,6
01/25/2019 11:00:00 PM,6,5,1
01/26/2019 12:00:00 AM,5,1,4
01/26/2019 01:00:00 AM,4,1,3
01/26/2019 02:00:00 AM,4,2,2
01/26/2019 03:00:00 AM,1,1,0
01/26/2019 04:00:00 AM,1,1,0
01/26/2019 05:00:00 AM,2,0,2
01/26/2019 06:00:00 AM,3,0,3
01/26/2019 07:00:00 AM,4,2,2
01/26/2019 08:00:00 AM,18,6,12
01/26/2019 09:00:00 AM,12,6,6
01/26/2019 10:00:00 AM,32,7,25
01/26/2019 11:00:00 AM,34,20,14
01/26/2019 12:00:00 PM,46,21,25
01/26/2019 01:00:00 PM,31,15,16
01/26/2019 02:00:00 PM,38,16,22
01/26/2019 03:00:00 PM,36,17,19
01/26/2019 04:00:00 PM,41,23,18
01/26/2019 05:00:00 PM,17,6,11
01/26/2019 06:00:00 PM,24,10,14
01/26/2019 07:00:00 PM,11,5,6
01/26/2019 08:00:00 PM,12,7,5
01/26/2019 09:00:00 PM,4,2,2
01/26/2019 10:00:00 PM,7,4,3
01/26/2019 11:00:00 PM,12,3,9
01/27/2019 12:00:00 AM,8,4,4
01/27/2019 01:00:00 AM,3,1,2
01/27/2019 02:00:00 AM,4,1,3
01/27/2019 03:00:00 AM,1,0,1
01/27/2019 04:00:00 AM,1,1,0
01/27/2019 05:00:00 AM,2,2,0
01/27/2019 06:00:00 AM,4,1,3
01/27/2019 07:00:00 AM,3,1,2
01/27/2019 08:00:00 AM,5,1,4
01/27/2019 09:00:00 AM,8,5,3
01/27/2019 10:00:00 AM,15,10,5
01/27/2019 11:00:00 AM,15,6,9
01/27/2019 12:00:00 PM,23,9,14
01/27/2019 01:00:00 PM,27,14,13
01/27/2019 02:00:00 PM,30,17,13
01/27/2019 03:00:00 PM,25,9,16
01/27/2019 04:00:00 PM,20,14,6
01/27/2019 05:00:00 PM,18,8,10
01/27/2019 06:00:00 PM,18,14,4
01/27/2019 07:00:00 PM,9,2,7
01/27/2019 08:00:00 PM,7,5,2
01/27/2019 09:00:00 PM,6,2,4
01/27/2019 10:00:00 PM,5,3,2
01/27/2019 11:00:00 PM,1,0,1
01/28/2019 12:00:00 AM,4,2,2
01/28/2019 01:00:00 AM,0,0,0
01/28/2019 02:00:00 AM,4,1,3
01/28/2019 03:00:00 AM,0,0,0
01/28/2019 04:00:00 AM,4,3,1
01/28/2019 05:00:00 AM,16,9,7
01/28/2019 06:00:00 AM,36,18,18
01/28/2019 07:00:00 AM,95,52,43
01/28/2019 08:00:00 AM,162,83,79
01/28/2019 09:00:00 AM,82,36,46
01/28/2019 10:00:00 AM,36,17,19
01/28/2019 11:00:00 AM,30,13,17
01/28/2019 12:00:00 PM,45,31,14
01/28/2019 01:00:00 PM,31,16,15
01/28/2019 02:00:00 PM,50,19,31
01/28/2019 03:00:00 PM,76,19,57
01/28/2019 04:00:00 PM,151,54,97
01/28/2019 05:00:00 PM,198,77,121
01/28/2019 06:00:00 PM,78,28,50
01/28/2019 07:00:00 PM,31,12,19
01/28/2019 08:00:00 PM,13,9,4
01/28/2019 09:00:00 PM,6,4,2
01/28/2019 10:00:00 PM,2,1,1
01/28/2019 11:00:00 PM,1,1,0
01/29/2019 12:00:00 AM,1,1,0
01/29/2019 01:00:00 AM,0,0,0
01/29/2019 02:00:00 AM,0,0,0
01/29/2019 03:00:00 AM,1,0,1
01/29/2019 04:00:00 AM,2,2,0
01/29/2019 05:00:00 AM,22,14,8
01/29/2019 06:00:00 AM,47,26,21
01/29/2019 07:00:00 AM,97,59,38
01/29/2019 08:00:00 AM,148,70,78
01/29/2019 09:00:00 AM,90,43,47
01/29/2019 10:00:00 AM,45,28,17
01/29/2019 11:00:00 AM,39,23,16
01/29/2019 12:00:00 PM,37,16,21
01/29/2019 01:00:00 PM,41,20,21
01/29/2019 02:00:00 PM,52,16,36
01/29/2019 03:00:00 PM,69,29,40
01/29/2019 04:00:00 PM,166,60,106
01/29/2019 05:00:00 PM,188,75,113
01/29/2019 06:00:00 PM,109,41,68
01/29/2019 07:00:00 PM,36,10,26
01/29/2019 08:00:00 PM,20,12,8
01/29/2019 09:00:00 PM,17,7,10
01/29/2019 10:00:00 PM,13,9,4
01/29/2019 11:00:00 PM,4,2,2
01/30/2019 12:00:00 AM,0,0,0
01/30/2019 01:00:00 AM,0,0,0
01/30/2019 02:00:00 AM,0,0,0
01/30/2019 03:00:00 AM,0,0,0
01/30/2019 04:00:00 AM,2,2,0
01/30/2019 05:00:00 AM,14,10,4
01/30/2019 06:00:00 AM,42,22,20
01/30/2019 07:00:00 AM,84,51,33
01/30/2019 08:00:00 AM,163,77,86
01/30/2019 09:00:00 AM,79,30,49
01/30/2019 10:00:00 AM,39,21,18
01/30/2019 11:00:00 AM,37,21,16
01/30/2019 12:00:00 PM,40,19,21
01/30/2019 01:00:00 PM,44,21,23
01/30/2019 02:00:00 PM,49,17,32
01/30/2019 03:00:00 PM,50,12,38
01/30/2019 04:00:00 PM,147,49,98
01/30/2019 05:00:00 PM,188,69,119
01/30/2019 06:00:00 PM,97,42,55
01/30/2019 07:00:00 PM,43,21,22
01/30/2019 08:00:00 PM,23,11,12
01/30/2019 09:00:00 PM,9,4,5
01/30/2019 10:00:00 PM,8,3,5
01/30/2019 11:00:00 PM,5,3,2
01/31/2019 12:00:00 AM,0,0,0
01/31/2019 01:00:00 AM,0,0,0
01/31/2019 02:00:00 AM,1,1,0
01/31/2019 03:00:00 AM,2,1,1
01/31/2019 04:00:00 AM,1,1,0
01/31/2019 05:00:00 AM,17,10,7
01/31/2019 06:00:00 AM,27,17,10
01/31/2019 07:00:00 AM,97,59,38
01/31/2019 08:00:00 AM,133,59,74
01/31/2019 09:00:00 AM,91,40,51
01/31/2019 10:00:00 AM,38,15,23
01/31/2019 11:00:00 AM,41,20,21
01/31/2019 12:00:00 PM,33,19,14
01/31/2019 01:00:00 PM,41,19,22
01/31/2019 02:00:00 PM,44,14,30
01/31/2019 03:00:00 PM,80,25,55
01/31/2019 04:00:00 PM,126,31,95
01/31/2019 05:00:00 PM,188,62,126
01/31/2019 06:00:00 PM,115,58,57
01/31/2019 07:00:00 PM,40,11,29
01/31/2019 08:00:00 PM,28,15,13
01/31/2019 09:00:00 PM,21,8,13
01/31/2019 10:00:00 PM,9,5,4
01/31/2019 11:00:00 PM,5,3,2
02/01/2019 12:00:00 AM,4,1,3
02/01/2019 01:00:00 AM,4,3,1
02/01/2019 02:00:00 AM,1,1,0
02/01/2019 03:00:00 AM,3,2,1
02/01/2019 04:00:00 AM,3,2,1
02/01/2019 05:00:00 AM,13,4,9
02/01/2019 06:00:00 AM,23,17,6
02/01/2019 07:00:00 AM,50,33,17
02/01/2019 08:00:00 AM,80,42,38
02/01/2019 09:00:00 AM,53,21,32
02/01/2019 10:00:00 AM,27,9,18
02/01/2019 11:00:00 AM,27,15,12
02/01/2019 12:00:00 PM,24,13,11
02/01/2019 01:00:00 PM,25,11,14
02/01/2019 02:00:00 PM,30,15,15
02/01/2019 03:00:00 PM,49,20,29
02/01/2019 04:00:00 PM,96,32,64
02/01/2019 05:00:00 PM,119,45,74
02/01/2019 06:00:00 PM,46,15,31
02/01/2019 07:00:00 PM,37,23,14
02/01/2019 08:00:00 PM,11,7,4
02/01/2019 09:00:00 PM,13,9,4
02/01/2019 10:00:00 PM,5,4,1
02/01/2019 11:00:00 PM,2,0,2
02/02/2019 12:00:00 AM,3,1,2
02/02/2019 01:00:00 AM,2,1,1
02/02/2019 02:00:00 AM,4,1,3
02/02/2019 03:00:00 AM,0,0,0
02/02/2019 04:00:00 AM,1,0,1
02/02/2019 05:00:00 AM,4,2,2
02/02/2019 06:00:00 AM,5,4,1
02/02/2019 07:00:00 AM,11,7,4
02/02/2019 08:00:00 AM,11,6,5
02/02/2019 09:00:00 AM,18,8,10
02/02/2019 10:00:00 AM,31,12,19
02/02/2019 11:00:00 AM,23,10,13
02/02/2019 12:00:00 PM,35,19,16
02/02/2019 01:00:00 PM,46,23,23
02/02/2019 02:00:00 PM,49,27,22
02/02/2019 03:00:00 PM,25,15,10
02/02/2019 04:00:00 PM,37,18,19
02/02/2019 05:00:00 PM,37,18,19
02/02/2019 06:00:00 PM,27,14,13
02/02/2019 07:00:00 PM,16,8,8
02/02/2019 08:00:00 PM,9,7,2
02/02/2019 09:00:00 PM,4,3,1
02/02/2019 10:00:00 PM,7,4,3
02/02/2019 11:00:00 PM,3,1,2
02/03/2019 12:00:00 AM,5,2,3
02/03/2019 01:00:00 AM,2,1,1
02/03/2019 02:00:00 AM,2,1,1
02/03/2019 03:00:00 AM,0,0,0
02/03/2019 04:00:00 AM,1,1,0
02/03/2019 05:00:00 AM,4,3,1
02/03/2019 06:00:00 AM,9,5,4
02/03/2019 07:00:00 AM,115,105,10
02/03/2019 08:00:00 AM,150,138,12
02/03/2019 09:00:00 AM,97,51,46
02/03/2019 10:00:00 AM,131,17,114
02/03/2019 11:00:00 AM,111,15,96
02/03/2019 12:00:00 PM,40,6,34
02/03/2019 01:00:00 PM,26,11,15
02/03/2019 02:00:00 PM,23,13,10
02/03/2019 03:00:00 PM,14,7,7
02/03/2019 04:00:00 PM,9,5,4
02/03/2019 05:00:00 PM,13,6,7
02/03/2019 06:00:00 PM,7,1,6
02/03/2019 07:00:00 PM,3,1,2
02/03/2019 08:00:00 PM,3,1,2
02/03/2019 09:00:00 PM,3,2,1
02/03/2019 10:00:00 PM,3,0,3
02/03/2019 11:00:00 PM,1,1,0
02/04/2019 12:00:00 AM,2,2,0
02/04/2019 01:00:00 AM,1,1,0
02/04/2019 02:00:00 AM,0,0,0
02/04/2019 03:00:00 AM,4,4,0
02/04/2019 04:00:00 AM,4,4,0
02/04/2019 05:00:00 AM,6,3,3
02/04/2019 06:00:00 AM,10,9,1
02/04/2019 07:00:00 AM,13,7,6
02/04/2019 08:00:00 AM,10,5,5
02/04/2019 09:00:00 AM,6,3,3
02/04/2019 10:00:00 AM,3,2,1
02/04/2019 11:00:00 AM,5,3,2
02/04/2019 12:00:00 PM,6,5,1
02/04/2019 01:00:00 PM,6,4,2
02/04/2019 02:00:00 PM,2,2,0
02/04/2019 03:00:00 PM,6,2,4
02/04/2019 04:00:00 PM,7,4,3
02/04/2019 05:00:00 PM,13,7,6
02/04/2019 06:00:00 PM,4,3,1
02/04/2019 07:00:00 PM,1,1,0
02/04/2019 08:00:00 PM,1,0,1
02/04/2019 09:00:00 PM,2,2,0
02/04/2019 10:00:00 PM,1,1,0
02/04/2019 11:00:00 PM,0,0,0
02/05/2019 12:00:00 AM,0,0,0
02/05/2019 01:00:00 AM,0,0,0
02/05/2019 02:00:00 AM,0,0,0
02/05/2019 03:00:00 AM,2,1,1
02/05/2019 04:00:00 AM,1,1,0
02/05/2019 05:00:00 AM,1,1,0
02/05/2019 06:00:00 AM,9,8,1
02/05/2019 07:00:00 AM,9,6,3
02/05/2019 08:00:00 AM,13,8,5
02/05/2019 09:00:00 AM,9,3,6
02/05/2019 10:00:00 AM,12,8,4
02/05/2019 11:00:00 AM,19,13,6
02/05/2019 12:00:00 PM,18,12,6
02/05/2019 01:00:00 PM,12,8,4
02/05/2019 02:00:00 PM,18,8,10
02/05/2019 03:00:00 PM,16,8,8
02/05/2019 04:00:00 PM,28,12,16
02/05/2019 05:00:00 PM,34,13,21
02/05/2019 06:00:00 PM,14,10,4
02/05/2019 07:00:00 PM,6,4,2
02/05/2019 08:00:00 PM,7,2,5
02/05/2019 09:00:00 PM,2,0,2
02/05/2019 10:00:00 PM,2,2,0
02/05/2019 11:00:00 PM,1,1,0
02/06/2019 12:00:00 AM,2,1,1
02/06/2019 01:00:00 AM,0,0,0
02/06/2019 02:00:00 AM,0,0,0
02/06/2019 03:00:00 AM,0,0,0
02/06/2019 04:00:00 AM,0,0,0
02/06/2019 05:00:00 AM,6,4,2
02/06/2019 06:00:00 AM,12,10,2
02/06/2019 07:00:00 AM,23,13,10
02/06/2019 08:00:00 AM,49,31,18
02/06/2019 09:00:00 AM,27,14,13
02/06/2019 10:00:00 AM,21,14,7
02/06/2019 11:00:00 AM,31,17,14
02/06/2019 12:00:00 PM,20,12,8
02/06/2019 01:00:00 PM,20,12,8
02/06/2019 02:00:00 PM,26,14,12
02/06/2019 03:00:00 PM,31,14,17
02/06/2019 04:00:00 PM,54,24,30
02/06/2019 05:00:00 PM,72,26,46
02/06/2019 06:00:00 PM,33,15,18
02/06/2019 07:00:00 PM,13,10,3
02/06/2019 08:00:00 PM,10,6,4
02/06/2019 09:00:00 PM,5,2,3
02/06/2019 10:00:00 PM,2,1,1
02/06/2019 11:00:00 PM,3,1,2
02/07/2019 12:00:00 AM,1,0,1
02/07/2019 01:00:00 AM,0,0,0
02/07/2019 02:00:00 AM,0,0,0
02/07/2019 03:00:00 AM,0,0,0
02/07/2019 04:00:00 AM,0,0,0
02/07/2019 05:00:00 AM,9,7,2
02/07/2019 06:00:00 AM,10,6,4
02/07/2019 07:00:00 AM,23,15,8
02/07/2019 08:00:00 AM,57,32,25
02/07/2019 09:00:00 AM,31,12,19
02/07/2019 10:00:00 AM,19,10,9
02/07/2019 11:00:00 AM,19,13,6
02/07/2019 12:00:00 PM,24,12,12
02/07/2019 01:00:00 PM,19,9,10
02/07/2019 02:00:00 PM,35,17,18
02/07/2019 03:00:00 PM,40,13,27
02/07/2019 04:00:00 PM,69,20,49
02/07/2019 05:00:00 PM,101,32,69
02/07/2019 06:00:00 PM,36,12,24
02/07/2019 07:00:00 PM,26,10,16
02/07/2019 08:00:00 PM,10,6,4
02/07/2019 09:00:00 PM,6,2,4
02/07/2019 10:00:00 PM,4,2,2
02/07/2019 11:00:00 PM,2,2,0
02/08/2019 12:00:00 AM,1,1,0
02/08/2019 01:00:00 AM,1,1,0
02/08/2019 02:00:00 AM,0,0,0
02/08/2019 03:00:00 AM,1,0,1
02/08/2019 04:00:00 AM,2,0,2
02/08/2019 05:00:00 AM,8,5,3
02/08/2019 06:00:00 AM,15,10,5
02/08/2019 07:00:00 AM,20,10,10
02/08/2019 08:00:00 AM,35,21,14
02/08/2019 09:00:00 AM,16,8,8
02/08/2019 10:00:00 AM,12,7,5
02/08/2019 11:00:00 AM,34,21,13
02/08/2019 12:00:00 PM,67,29,38
02/08/2019 01:00:00 PM,37,13,24
02/08/2019 02:00:00 PM,33,11,22
02/08/2019 03:00:00 PM,19,8,11
02/08/2019 04:00:00 PM,12,6,6
02/08/2019 05:00:00 PM,12,7,5
02/08/2019 06:00:00 PM,4,0,4
02/08/2019 07:00:00 PM,2,2,0
02/08/2019 08:00:00 PM,1,0,1
02/08/2019 09:00:00 PM,4,1,3
02/08/2019 10:00:00 PM,3,3,0
02/08/2019 11:00:00 PM,1,0,1
02/09/2019 12:00:00 AM,2,1,1
02/09/2019 01:00:00 AM,0,0,0
02/09/2019 02:00:00 AM,0,0,0
02/09/2019 03:00:00 AM,0,0,0
02/09/2019 04:00:00 AM,0,0,0
02/09/2019 05:00:00 AM,0,0,0
02/09/2019 06:00:00 AM,0,0,0
02/09/2019 07:00:00 AM,0,0,0
02/09/2019 08:00:00 AM,1,0,1
02/09/2019 09:00:00 AM,0,0,0
02/09/2019 10:00:00 AM,3,3,0
02/09/2019 11:00:00 AM,0,0,0
02/09/2019 12:00:00 PM,0,0,0
02/09/2019 01:00:00 PM,0,0,0
02/09/2019 02:00:00 PM,0,0,0
02/09/2019 03:00:00 PM,0,0,0
02/09/2019 04:00:00 PM,0,0,0
02/09/2019 05:00:00 PM,2,1,1
02/09/2019 06:00:00 PM,0,0,0
02/09/2019 07:00:00 PM,1,1,0
02/09/2019 08:00:00 PM,0,0,0
02/09/2019 09:00:00 PM,1,1,0
02/09/2019 10:00:00 PM,0,0,0
02/09/2019 11:00:00 PM,0,0,0
02/10/2019 12:00:00 AM,0,0,0
02/10/2019 01:00:00 AM,0,0,0
02/10/2019 02:00:00 AM,0,0,0
02/10/2019 03:00:00 AM,0,0,0
02/10/2019 04:00:00 AM,0,0,0
02/10/2019 05:00:00 AM,0,0,0
02/10/2019 06:00:00 AM,0,0,0
02/10/2019 07:00:00 AM,0,0,0
02/10/2019 08:00:00 AM,0,0,0
02/10/2019 09:00:00 AM,0,0,0
02/10/2019 10:00:00 AM,0,0,0
02/10/2019 11:00:00 AM,0,0,0
02/10/2019 12:00:00 PM,0,0,0
02/10/2019 01:00:00 PM,0,0,0
02/10/2019 02:00:00 PM,0,0,0
02/10/2019 03:00:00 PM,1,0,1
02/10/2019 04:00:00 PM,1,0,1
02/10/2019 05:00:00 PM,2,1,1
02/10/2019 06:00:00 PM,0,0,0
02/10/2019 07:00:00 PM,0,0,0
02/10/2019 08:00:00 PM,0,0,0
02/10/2019 09:00:00 PM,0,0,0
02/10/2019 10:00:00 PM,0,0,0
02/10/2019 11:00:00 PM,0,0,0
02/11/2019 12:00:00 AM,0,0,0
02/11/2019 01:00:00 AM,0,0,0
02/11/2019 02:00:00 AM,0,0,0
02/11/2019 03:00:00 AM,0,0,0
02/11/2019 04:00:00 AM,0,0,0
02/11/2019 05:00:00 AM,2,2,0
02/11/2019 06:00:00 AM,1,1,0
02/11/2019 07:00:00 AM,0,0,0
02/11/2019 08:00:00 AM,11,9,2
02/11/2019 09:00:00 AM,6,6,0
02/11/2019 10:00:00 AM,3,3,0
02/11/2019 11:00:00 AM,2,2,0
02/11/2019 12:00:00 PM,6,6,0
02/11/2019 01:00:00 PM,4,4,0
02/11/2019 02:00:00 PM,8,5,3
02/11/2019 03:00:00 PM,6,2,4
02/11/2019 04:00:00 PM,2,2,0
02/11/2019 05:00:00 PM,4,3,1
02/11/2019 06:00:00 PM,2,1,1
02/11/2019 07:00:00 PM,1,0,1
02/11/2019 08:00:00 PM,1,1,0
02/11/2019 09:00:00 PM,0,0,0
02/11/2019 10:00:00 PM,0,0,0
02/11/2019 11:00:00 PM,1,1,0
02/12/2019 12:00:00 AM,0,0,0
02/12/2019 01:00:00 AM,0,0,0
02/12/2019 02:00:00 AM,0,0,0
02/12/2019 03:00:00 AM,0,0,0
02/12/2019 04:00:00 AM,0,0,0
02/12/2019 05:00:00 AM,0,0,0
02/12/2019 06:00:00 AM,4,4,0
02/12/2019 07:00:00 AM,2,1,1
02/12/2019 08:00:00 AM,9,6,3
02/12/2019 09:00:00 AM,8,4,4
02/12/2019 10:00:00 AM,9,8,1
02/12/2019 11:00:00 AM,12,7,5
02/12/2019 12:00:00 PM,8,5,3
02/12/2019 01:00:00 PM,6,2,4
02/12/2019 02:00:00 PM,6,2,4
02/12/2019 03:00:00 PM,11,5,6
02/12/2019 04:00:00 PM,17,9,8
02/12/2019 05:00:00 PM,19,9,10
02/12/2019 06:00:00 PM,5,3,2
02/12/2019 07:00:00 PM,7,3,4
02/12/2019 08:00:00 PM,4,3,1
02/12/2019 09:00:00 PM,5,4,1
02/12/2019 10:00:00 PM,2,1,1
02/12/2019 11:00:00 PM,1,0,1
02/13/2019 12:00:00 AM,0,0,0
02/13/2019 01:00:00 AM,0,0,0
02/13/2019 02:00:00 AM,0,0,0
02/13/2019 03:00:00 AM,0,0,0
02/13/2019 04:00:00 AM,0,0,0
02/13/2019 05:00:00 AM,4,4,0
02/13/2019 06:00:00 AM,5,3,2
02/13/2019 07:00:00 AM,21,8,13
02/13/2019 08:00:00 AM,33,15,18
02/13/2019 09:00:00 AM,28,17,11
02/13/2019 10:00:00 AM,14,7,7
02/13/2019 11:00:00 AM,28,14,14
02/13/2019 12:00:00 PM,23,11,12
02/13/2019 01:00:00 PM,13,6,7
02/13/2019 02:00:00 PM,25,11,14
02/13/2019 03:00:00 PM,22,9,13
02/13/2019 04:00:00 PM,40,10,30
02/13/2019 05:00:00 PM,47,20,27
02/13/2019 06:00:00 PM,32,14,18
02/13/2019 07:00:00 PM,10,4,6
02/13/2019 08:00:00 PM,9,7,2
02/13/2019 09:00:00 PM,5,3,2
02/13/2019 10:00:00 PM,1,0,1
02/13/2019 11:00:00 PM,4,2,2
02/14/2019 12:00:00 AM,1,1,0
02/14/2019 01:00:00 AM,1,1,0
02/14/2019 02:00:00 AM,0,0,0
02/14/2019 03:00:00 AM,0,0,0
02/14/2019 04:00:00 AM,0,0,0
02/14/2019 05:00:00 AM,3,2,1
02/14/2019 06:00:00 AM,6,1,5
02/14/2019 07:00:00 AM,28,14,14
02/14/2019 08:00:00 AM,45,20,25
02/14/2019 09:00:00 AM,34,14,20
02/14/2019 10:00:00 AM,26,11,15
02/14/2019 11:00:00 AM,33,20,13
02/14/2019 12:00:00 PM,24,12,12
02/14/2019 01:00:00 PM,32,16,16
02/14/2019 02:00:00 PM,11,6,5
02/14/2019 03:00:00 PM,22,7,15
02/14/2019 04:00:00 PM,45,21,24
02/14/2019 05:00:00 PM,62,24,38
02/14/2019 06:00:00 PM,27,13,14
02/14/2019 07:00:00 PM,12,8,4
02/14/2019 08:00:00 PM,3,2,1
02/14/2019 09:00:00 PM,11,3,8
02/14/2019 10:00:00 PM,4,1,3
02/14/2019 11:00:00 PM,1,1,0
02/15/2019 12:00:00 AM,0,0,0
02/15/2019 01:00:00 AM,1,1,0
02/15/2019 02:00:00 AM,0,0,0
02/15/2019 03:00:00 AM,3,2,1
02/15/2019 04:00:00 AM,2,1,1
02/15/2019 05:00:00 AM,10,7,3
02/15/2019 06:00:00 AM,16,10,6
02/15/2019 07:00:00 AM,40,18,22
02/15/2019 08:00:00 AM,64,28,36
02/15/2019 09:00:00 AM,37,20,17
02/15/2019 10:00:00 AM,24,9,15
02/15/2019 11:00:00 AM,35,18,17
02/15/2019 12:00:00 PM,27,10,17
02/15/2019 01:00:00 PM,28,10,18
02/15/2019 02:00:00 PM,18,8,10
02/15/2019 03:00:00 PM,37,11,26
02/15/2019 04:00:00 PM,73,26,47
02/15/2019 05:00:00 PM,70,25,45
02/15/2019 06:00:00 PM,37,10,27
02/15/2019 07:00:00 PM,12,4,8
02/15/2019 08:00:00 PM,5,3,2
02/15/2019 09:00:00 PM,3,2,1
02/15/2019 10:00:00 PM,3,0,3
02/15/2019 11:00:00 PM,2,1,1
02/16/2019 12:00:00 AM,1,1,0
02/16/2019 01:00:00 AM,5,3,2
02/16/2019 02:00:00 AM,6,2,4
02/16/2019 03:00:00 AM,1,0,1
02/16/2019 04:00:00 AM,5,3,2
02/16/2019 05:00:00 AM,2,1,1
02/16/2019 06:00:00 AM,5,3,2
02/16/2019 07:00:00 AM,6,3,3
02/16/2019 08:00:00 AM,8,2,6
02/16/2019 09:00:00 AM,8,6,2
02/16/2019 10:00:00 AM,6,2,4
02/16/2019 11:00:00 AM,13,7,6
02/16/2019 12:00:00 PM,14,9,5
02/16/2019 01:00:00 PM,14,8,6
02/16/2019 02:00:00 PM,8,3,5
02/16/2019 03:00:00 PM,12,9,3
02/16/2019 04:00:00 PM,8,3,5
02/16/2019 05:00:00 PM,5,3,2
02/16/2019 06:00:00 PM,10,6,4
02/16/2019 07:00:00 PM,3,2,1
02/16/2019 08:00:00 PM,5,4,1
02/16/2019 09:00:00 PM,5,2,3
02/16/2019 10:00:00 PM,4,2,2
02/16/2019 11:00:00 PM,4,0,4
02/17/2019 12:00:00 AM,1,1,0
02/17/2019 01:00:00 AM,3,1,2
02/17/2019 02:00:00 AM,6,2,4
02/17/2019 03:00:00 AM,1,0,1
02/17/2019 04:00:00 AM,2,1,1
02/17/2019 05:00:00 AM,0,0,0
02/17/2019 06:00:00 AM,3,1,2
02/17/2019 07:00:00 AM,2,1,1
02/17/2019 08:00:00 AM,6,3,3
02/17/2019 09:00:00 AM,14,7,7
02/17/2019 10:00:00 AM,7,4,3
02/17/2019 11:00:00 AM,9,8,1
02/17/2019 12:00:00 PM,13,9,4
02/17/2019 01:00:00 PM,21,13,8
02/17/2019 02:00:00 PM,19,10,9
02/17/2019 03:00:00 PM,12,8,4
02/17/2019 04:00:00 PM,13,8,5
02/17/2019 05:00:00 PM,22,8,14
02/17/2019 06:00:00 PM,16,9,7
02/17/2019 07:00:00 PM,11,6,5
02/17/2019 08:00:00 PM,5,3,2
02/17/2019 09:00:00 PM,7,2,5
02/17/2019 10:00:00 PM,4,2,2
02/17/2019 11:00:00 PM,1,1,0
02/18/2019 12:00:00 AM,2,0,2
02/18/2019 01:00:00 AM,4,2,2
02/18/2019 02:00:00 AM,0,0,0
02/18/2019 03:00:00 AM,1,1,0
02/18/2019 04:00:00 AM,3,3,0
02/18/2019 05:00:00 AM,7,5,2
02/18/2019 06:00:00 AM,9,5,4
02/18/2019 07:00:00 AM,32,16,16
02/18/2019 08:00:00 AM,31,18,13
02/18/2019 09:00:00 AM,41,23,18
02/18/2019 10:00:00 AM,28,11,17
02/18/2019 11:00:00 AM,19,14,5
02/18/2019 12:00:00 PM,11,6,5
02/18/2019 01:00:00 PM,17,12,5
02/18/2019 02:00:00 PM,27,13,14
02/18/2019 03:00:00 PM,27,12,15
02/18/2019 04:00:00 PM,45,18,27
02/18/2019 05:00:00 PM,66,29,37
02/18/2019 06:00:00 PM,37,16,21
02/18/2019 07:00:00 PM,20,7,13
02/18/2019 08:00:00 PM,7,4,3
02/18/2019 09:00:00 PM,5,2,3
02/18/2019 10:00:00 PM,4,3,1
02/18/2019 11:00:00 PM,1,0,1
02/19/2019 12:00:00 AM,2,2,0
02/19/2019 01:00:00 AM,0,0,0
02/19/2019 02:00:00 AM,2,2,0
02/19/2019 03:00:00 AM,0,0,0
02/19/2019 04:00:00 AM,0,0,0
02/19/2019 05:00:00 AM,15,11,4
02/19/2019 06:00:00 AM,21,11,10
02/19/2019 07:00:00 AM,68,39,29
02/19/2019 08:00:00 AM,91,38,53
02/19/2019 09:00:00 AM,50,24,26
02/19/2019 10:00:00 AM,25,15,10
02/19/2019 11:00:00 AM,36,19,17
02/19/2019 12:00:00 PM,34,26,8
02/19/2019 01:00:00 PM,21,12,9
02/19/2019 02:00:00 PM,26,11,15
02/19/2019 03:00:00 PM,46,15,31
02/19/2019 04:00:00 PM,78,26,52
02/19/2019 05:00:00 PM,129,49,80
02/19/2019 06:00:00 PM,49,14,35
02/19/2019 07:00:00 PM,24,11,13
02/19/2019 08:00:00 PM,9,5,4
02/19/2019 09:00:00 PM,3,2,1
02/19/2019 10:00:00 PM,3,2,1
02/19/2019 11:00:00 PM,2,0,2
02/20/2019 12:00:00 AM,0,0,0
02/20/2019 01:00:00 AM,1,1,0
02/20/2019 02:00:00 AM,0,0,0
02/20/2019 03:00:00 AM,1,0,1
02/20/2019 04:00:00 AM,1,1,0
02/20/2019 05:00:00 AM,12,9,3
02/20/2019 06:00:00 AM,17,14,3
02/20/2019 07:00:00 AM,67,37,30
02/20/2019 08:00:00 AM,108,59,49
02/20/2019 09:00:00 AM,69,32,37
02/20/2019 10:00:00 AM,20,10,10
02/20/2019 11:00:00 AM,37,22,15
02/20/2019 12:00:00 PM,33,15,18
02/20/2019 01:00:00 PM,28,15,13
02/20/2019 02:00:00 PM,28,13,15
02/20/2019 03:00:00 PM,46,18,28
02/20/2019 04:00:00 PM,71,24,47
02/20/2019 05:00:00 PM,130,48,82
02/20/2019 06:00:00 PM,73,23,50
02/20/2019 07:00:00 PM,17,8,9
02/20/2019 08:00:00 PM,16,5,11
02/20/2019 09:00:00 PM,16,9,7
02/20/2019 10:00:00 PM,5,4,1
02/20/2019 11:00:00 PM,3,1,2
02/21/2019 12:00:00 AM,3,1,2
02/21/2019 01:00:00 AM,2,2,0
02/21/2019 02:00:00 AM,1,0,1
02/21/2019 03:00:00 AM,1,1,0
02/21/2019 04:00:00 AM,2,1,1
02/21/2019 05:00:00 AM,11,9,2
02/21/2019 06:00:00 AM,17,11,6
02/21/2019 07:00:00 AM,59,33,26
02/21/2019 08:00:00 AM,94,51,43
02/21/2019 09:00:00 AM,73,38,35
02/21/2019 10:00:00 AM,35,22,13
02/21/2019 11:00:00 AM,27,13,14
02/21/2019 12:00:00 PM,33,18,15
02/21/2019 01:00:00 PM,39,14,25
02/21/2019 02:00:00 PM,34,17,17
02/21/2019 03:00:00 PM,54,18,36
02/21/2019 04:00:00 PM,109,38,71
02/21/2019 05:00:00 PM,142,52,90
02/21/2019 06:00:00 PM,73,29,44
02/21/2019 07:00:00 PM,26,8,18
02/21/2019 08:00:00 PM,20,9,11
02/21/2019 09:00:00 PM,10,4,6
02/21/2019 10:00:00 PM,18,8,10
02/21/2019 11:00:00 PM,4,0,4
02/22/2019 12:00:00 AM,4,1,3
02/22/2019 01:00:00 AM,1,1,0
02/22/2019 02:00:00 AM,1,1,0
02/22/2019 03:00:00 AM,1,0,1
02/22/2019 04:00:00 AM,3,3,0
02/22/2019 05:00:00 AM,10,7,3
02/22/2019 06:00:00 AM,22,16,6
02/22/2019 07:00:00 AM,51,34,17
02/22/2019 08:00:00 AM,85,42,43
02/22/2019 09:00:00 AM,50,21,29
02/22/2019 10:00:00 AM,25,14,11
02/22/2019 11:00:00 AM,26,18,8
02/22/2019 12:00:00 PM,21,12,9
02/22/2019 01:00:00 PM,20,7,13
02/22/2019 02:00:00 PM,33,19,14
02/22/2019 03:00:00 PM,44,15,29
02/22/2019 04:00:00 PM,82,32,50
02/22/2019 05:00:00 PM,82,43,39
02/22/2019 06:00:00 PM,49,22,27
02/22/2019 07:00:00 PM,17,8,9
02/22/2019 08:00:00 PM,12,6,6
02/22/2019 09:00:00 PM,7,3,4
02/22/2019 10:00:00 PM,4,2,2
02/22/2019 11:00:00 PM,5,2,3
02/23/2019 12:00:00 AM,6,3,3
02/23/2019 01:00:00 AM,2,0,2
02/23/2019 02:00:00 AM,1,0,1
02/23/2019 03:00:00 AM,1,0,1
02/23/2019 04:00:00 AM,2,2,0
02/23/2019 05:00:00 AM,4,2,2
02/23/2019 06:00:00 AM,2,1,1
02/23/2019 07:00:00 AM,5,4,1
02/23/2019 08:00:00 AM,6,3,3
02/23/2019 09:00:00 AM,11,5,6
02/23/2019 10:00:00 AM,10,3,7
02/23/2019 11:00:00 AM,13,4,9
02/23/2019 12:00:00 PM,16,6,10
02/23/2019 01:00:00 PM,17,9,8
02/23/2019 02:00:00 PM,24,9,15
02/23/2019 03:00:00 PM,23,10,13
02/23/2019 04:00:00 PM,21,8,13
02/23/2019 05:00:00 PM,13,5,8
02/23/2019 06:00:00 PM,18,9,9
02/23/2019 07:00:00 PM,5,3,2
02/23/2019 08:00:00 PM,0,0,0
02/23/2019 09:00:00 PM,1,0,1
02/23/2019 10:00:00 PM,6,0,6
02/23/2019 11:00:00 PM,4,2,2
02/24/2019 12:00:00 AM,1,1,0
02/24/2019 01:00:00 AM,2,1,1
02/24/2019 02:00:00 AM,1,0,1
02/24/2019 03:00:00 AM,1,0,1
02/24/2019 04:00:00 AM,0,0,0
02/24/2019 05:00:00 AM,3,2,1
02/24/2019 06:00:00 AM,1,0,1
02/24/2019 07:00:00 AM,22,6,16
02/24/2019 08:00:00 AM,34,6,28
02/24/2019 09:00:00 AM,19,5,14
02/24/2019 10:00:00 AM,18,9,9
02/24/2019 11:00:00 AM,12,6,6
02/24/2019 12:00:00 PM,24,14,10
02/24/2019 01:00:00 PM,17,11,6
02/24/2019 02:00:00 PM,49,34,15
02/24/2019 03:00:00 PM,46,37,9
02/24/2019 04:00:00 PM,31,21,10
02/24/2019 05:00:00 PM,12,5,7
02/24/2019 06:00:00 PM,17,8,9
02/24/2019 07:00:00 PM,7,4,3
02/24/2019 08:00:00 PM,10,3,7
02/24/2019 09:00:00 PM,3,2,1
02/24/2019 10:00:00 PM,2,1,1
02/24/2019 11:00:00 PM,3,1,2
02/25/2019 12:00:00 AM,0,0,0
02/25/2019 01:00:00 AM,1,1,0
02/25/2019 02:00:00 AM,1,1,0
02/25/2019 03:00:00 AM,3,2,1
02/25/2019 04:00:00 AM,3,3,0
02/25/2019 05:00:00 AM,13,11,2
02/25/2019 06:00:00 AM,29,17,12
02/25/2019 07:00:00 AM,86,53,33
02/25/2019 08:00:00 AM,127,65,62
02/25/2019 09:00:00 AM,72,38,34
02/25/2019 10:00:00 AM,39,25,14
02/25/2019 11:00:00 AM,42,24,18
02/25/2019 12:00:00 PM,41,19,22
02/25/2019 01:00:00 PM,27,19,8
02/25/2019 02:00:00 PM,47,21,26
02/25/2019 03:00:00 PM,57,14,43
02/25/2019 04:00:00 PM,97,33,64
02/25/2019 05:00:00 PM,148,60,88
02/25/2019 06:00:00 PM,70,27,43
02/25/2019 07:00:00 PM,17,6,11
02/25/2019 08:00:00 PM,16,6,10
02/25/2019 09:00:00 PM,13,7,6
02/25/2019 10:00:00 PM,6,3,3
02/25/2019 11:00:00 PM,2,1,1
02/26/2019 12:00:00 AM,3,3,0
02/26/2019 01:00:00 AM,0,0,0
02/26/2019 02:00:00 AM,0,0,0
02/26/2019 03:00:00 AM,0,0,0
02/26/2019 04:00:00 AM,4,2,2
02/26/2019 05:00:00 AM,14,13,1
02/26/2019 06:00:00 AM,27,15,12
02/26/2019 07:00:00 AM,88,52,36
02/26/2019 08:00:00 AM,117,59,58
02/26/2019 09:00:00 AM,70,31,39
02/26/2019 10:00:00 AM,36,21,15
02/26/2019 11:00:00 AM,31,21,10
02/26/2019 12:00:00 PM,40,16,24
02/26/2019 01:00:00 PM,30,16,14
02/26/2019 02:00:00 PM,32,16,16
02/26/2019 03:00:00 PM,60,23,37
02/26/2019 04:00:00 PM,122,50,72
02/26/2019 05:00:00 PM,147,57,90
02/26/2019 06:00:00 PM,69,24,45
02/26/2019 07:00:00 PM,29,10,19
02/26/2019 08:00:00 PM,16,7,9
02/26/2019 09:00:00 PM,2,1,1
02/26/2019 10:00:00 PM,7,5,2
02/26/2019 11:00:00 PM,6,3,3
02/27/2019 12:00:00 AM,4,2,2
02/27/2019 01:00:00 AM,0,0,0
02/27/2019 02:00:00 AM,2,1,1
02/27/2019 03:00:00 AM,0,0,0
02/27/2019 04:00:00 AM,2,2,0
02/27/2019 05:00:00 AM,17,11,6
02/27/2019 06:00:00 AM,19,8,11
02/27/2019 07:00:00 AM,70,42,28
02/27/2019 08:00:00 AM,107,45,62
02/27/2019 09:00:00 AM,69,34,35
02/27/2019 10:00:00 AM,31,19,12
02/27/2019 11:00:00 AM,19,11,8
02/27/2019 12:00:00 PM,29,15,14
02/27/2019 01:00:00 PM,31,12,19
02/27/2019 02:00:00 PM,37,16,21
02/27/2019 03:00:00 PM,43,15,28
02/27/2019 04:00:00 PM,103,45,58
02/27/2019 05:00:00 PM,137,52,85
02/27/2019 06:00:00 PM,72,32,40
02/27/2019 07:00:00 PM,22,13,9
02/27/2019 08:00:00 PM,9,5,4
02/27/2019 09:00:00 PM,14,4,10
02/27/2019 10:00:00 PM,5,2,3
02/27/2019 11:00:00 PM,4,2,2
02/28/2019 12:00:00 AM,2,1,1
02/28/2019 01:00:00 AM,1,1,0
02/28/2019 02:00:00 AM,0,0,0
02/28/2019 03:00:00 AM,1,0,1
02/28/2019 04:00:00 AM,3,2,1
02/28/2019 05:00:00 AM,14,11,3
02/28/2019 06:00:00 AM,19,11,8
02/28/2019 07:00:00 AM,76,44,32
02/28/2019 08:00:00 AM,102,57,45
02/28/2019 09:00:00 AM,55,23,32
02/28/2019 10:00:00 AM,36,13,23
02/28/2019 11:00:00 AM,37,20,17
02/28/2019 12:00:00 PM,32,14,18
02/28/2019 01:00:00 PM,39,18,21
02/28/2019 02:00:00 PM,49,25,24
02/28/2019 03:00:00 PM,65,17,48
02/28/2019 04:00:00 PM,96,48,48
02/28/2019 05:00:00 PM,154,58,96
02/28/2019 06:00:00 PM,83,28,55
02/28/2019 07:00:00 PM,23,11,12
02/28/2019 08:00:00 PM,17,7,10
02/28/2019 09:00:00 PM,11,5,6
02/28/2019 10:00:00 PM,5,2,3
02/28/2019 11:00:00 PM,5,2,3
03/01/2019 12:00:00 AM,3,2,1
03/01/2019 01:00:00 AM,1,0,1
03/01/2019 02:00:00 AM,3,2,1
03/01/2019 03:00:00 AM,0,0,0
03/01/2019 04:00:00 AM,3,3,0
03/01/2019 05:00:00 AM,10,8,2
03/01/2019 06:00:00 AM,20,12,8
03/01/2019 07:00:00 AM,79,46,33
03/01/2019 08:00:00 AM,114,52,62
03/01/2019 09:00:00 AM,49,25,24
03/01/2019 10:00:00 AM,31,15,16
03/01/2019 11:00:00 AM,32,12,20
03/01/2019 12:00:00 PM,44,19,25
03/01/2019 01:00:00 PM,34,16,18
03/01/2019 02:00:00 PM,41,16,25
03/01/2019 03:00:00 PM,73,25,48
03/01/2019 04:00:00 PM,108,42,66
03/01/2019 05:00:00 PM,128,45,83
03/01/2019 06:00:00 PM,58,15,43
03/01/2019 07:00:00 PM,20,11,9
03/01/2019 08:00:00 PM,21,8,13
03/01/2019 09:00:00 PM,13,7,6
03/01/2019 10:00:00 PM,8,5,3
03/01/2019 11:00:00 PM,7,3,4
03/02/2019 12:00:00 AM,7,4,3
03/02/2019 01:00:00 AM,4,1,3
03/02/2019 02:00:00 AM,6,3,3
03/02/2019 03:00:00 AM,1,1,0
03/02/2019 04:00:00 AM,2,2,0
03/02/2019 05:00:00 AM,3,1,2
03/02/2019 06:00:00 AM,2,1,1
03/02/2019 07:00:00 AM,5,3,2
03/02/2019 08:00:00 AM,13,9,4
03/02/2019 09:00:00 AM,5,3,2
03/02/2019 10:00:00 AM,16,6,10
03/02/2019 11:00:00 AM,16,5,11
03/02/2019 12:00:00 PM,25,14,11
03/02/2019 01:00:00 PM,41,19,22
03/02/2019 02:00:00 PM,36,15,21
03/02/2019 03:00:00 PM,41,20,21
03/02/2019 04:00:00 PM,39,23,16
03/02/2019 05:00:00 PM,21,4,17
03/02/2019 06:00:00 PM,52,9,43
03/02/2019 07:00:00 PM,20,7,13
03/02/2019 08:00:00 PM,1,1,0
03/02/2019 09:00:00 PM,35,28,7
03/02/2019 10:00:00 PM,10,6,4
03/02/2019 11:00:00 PM,6,5,1
03/03/2019 12:00:00 AM,8,1,7
03/03/2019 01:00:00 AM,3,1,2
03/03/2019 02:00:00 AM,4,2,2
03/03/2019 03:00:00 AM,1,0,1
03/03/2019 04:00:00 AM,0,0,0
03/03/2019 05:00:00 AM,4,0,4
03/03/2019 06:00:00 AM,4,2,2
03/03/2019 07:00:00 AM,2,1,1
03/03/2019 08:00:00 AM,9,3,6
03/03/2019 09:00:00 AM,15,10,5
03/03/2019 10:00:00 AM,15,11,4
03/03/2019 11:00:00 AM,18,8,10
03/03/2019 12:00:00 PM,16,6,10
03/03/2019 01:00:00 PM,24,13,11
03/03/2019 02:00:00 PM,35,19,16
03/03/2019 03:00:00 PM,36,20,16
03/03/2019 04:00:00 PM,27,12,15
03/03/2019 05:00:00 PM,25,9,16
03/03/2019 06:00:00 PM,16,10,6
03/03/2019 07:00:00 PM,10,4,6
03/03/2019 08:00:00 PM,7,3,4
03/03/2019 09:00:00 PM,3,2,1
03/03/2019 10:00:00 PM,4,0,4
03/03/2019 11:00:00 PM,0,0,0
03/04/2019 12:00:00 AM,0,0,0
03/04/2019 01:00:00 AM,1,0,1
03/04/2019 02:00:00 AM,2,1,1
03/04/2019 03:00:00 AM,1,1,0
03/04/2019 04:00:00 AM,4,4,0
03/04/2019 05:00:00 AM,12,10,2
03/04/2019 06:00:00 AM,21,14,7
03/04/2019 07:00:00 AM,112,74,38
03/04/2019 08:00:00 AM,141,71,70
03/04/2019 09:00:00 AM,62,31,31
03/04/2019 10:00:00 AM,31,15,16
03/04/2019 11:00:00 AM,27,18,9
03/04/2019 12:00:00 PM,30,15,15
03/04/2019 01:00:00 PM,32,17,15
03/04/2019 02:00:00 PM,40,22,18
03/04/2019 03:00:00 PM,69,21,48
03/04/2019 04:00:00 PM,145,50,95
03/04/2019 05:00:00 PM,162,67,95
03/04/2019 06:00:00 PM,67,35,32
03/04/2019 07:00:00 PM,21,7,14
03/04/2019 08:00:00 PM,15,6,9
03/04/2019 09:00:00 PM,4,2,2
03/04/2019 10:00:00 PM,8,5,3
03/04/2019 11:00:00 PM,4,2,2
03/05/2019 12:00:00 AM,4,2,2
03/05/2019 01:00:00 AM,0,0,0
03/05/2019 02:00:00 AM,4,3,1
03/05/2019 03:00:00 AM,1,0,1
03/05/2019 04:00:00 AM,3,3,0
03/05/2019 05:00:00 AM,20,17,3
03/05/2019 06:00:00 AM,20,13,7
03/05/2019 07:00:00 AM,85,44,41
03/05/2019 08:00:00 AM,143,68,75
03/05/2019 09:00:00 AM,71,38,33
03/05/2019 10:00:00 AM,31,19,12
03/05/2019 11:00:00 AM,24,11,13
03/05/2019 12:00:00 PM,49,27,22
03/05/2019 01:00:00 PM,43,18,25
03/05/2019 02:00:00 PM,48,27,21
03/05/2019 03:00:00 PM,55,22,33
03/05/2019 04:00:00 PM,134,47,87
03/05/2019 05:00:00 PM,161,60,101
03/05/2019 06:00:00 PM,80,28,52
03/05/2019 07:00:00 PM,23,10,13
03/05/2019 08:00:00 PM,19,10,9
03/05/2019 09:00:00 PM,8,2,6
03/05/2019 10:00:00 PM,5,3,2
03/05/2019 11:00:00 PM,4,1,3
03/06/2019 12:00:00 AM,4,1,3
03/06/2019 01:00:00 AM,1,1,0
03/06/2019 02:00:00 AM,1,1,0
03/06/2019 03:00:00 AM,2,2,0
03/06/2019 04:00:00 AM,2,2,0
03/06/2019 05:00:00 AM,23,15,8
03/06/2019 06:00:00 AM,28,18,10
03/06/2019 07:00:00 AM,76,38,38
03/06/2019 08:00:00 AM,102,48,54
03/06/2019 09:00:00 AM,72,36,36
03/06/2019 10:00:00 AM,38,20,18
03/06/2019 11:00:00 AM,26,12,14
03/06/2019 12:00:00 PM,37,22,15
03/06/2019 01:00:00 PM,25,12,13
03/06/2019 02:00:00 PM,16,7,9
03/06/2019 03:00:00 PM,43,18,25
03/06/2019 04:00:00 PM,74,19,55
03/06/2019 05:00:00 PM,131,58,73
03/06/2019 06:00:00 PM,54,19,35
03/06/2019 07:00:00 PM,25,9,16
03/06/2019 08:00:00 PM,14,5,9
03/06/2019 09:00:00 PM,3,1,2
03/06/2019 10:00:00 PM,3,1,2
03/06/2019 11:00:00 PM,2,1,1
03/07/2019 12:00:00 AM,2,2,0
03/07/2019 01:00:00 AM,0,0,0
03/07/2019 02:00:00 AM,0,0,0
03/07/2019 03:00:00 AM,0,0,0
03/07/2019 04:00:00 AM,4,3,1
03/07/2019 05:00:00 AM,10,8,2
03/07/2019 06:00:00 AM,16,10,6
03/07/2019 07:00:00 AM,34,21,13
03/07/2019 08:00:00 AM,55,24,31
03/07/2019 09:00:00 AM,29,12,17
03/07/2019 10:00:00 AM,15,6,9
03/07/2019 11:00:00 AM,17,8,9
03/07/2019 12:00:00 PM,29,10,19
03/07/2019 01:00:00 PM,25,16,9
03/07/2019 02:00:00 PM,30,14,16
03/07/2019 03:00:00 PM,36,15,21
03/07/2019 04:00:00 PM,67,24,43
03/07/2019 05:00:00 PM,90,26,64
03/07/2019 06:00:00 PM,45,21,24
03/07/2019 07:00:00 PM,33,20,13
03/07/2019 08:00:00 PM,15,8,7
03/07/2019 09:00:00 PM,14,7,7
03/07/2019 10:00:00 PM,9,7,2
03/07/2019 11:00:00 PM,6,2,4
03/08/2019 12:00:00 AM,2,2,0
03/08/2019 01:00:00 AM,1,0,1
03/08/2019 02:00:00 AM,2,2,0
03/08/2019 03:00:00 AM,1,0,1
03/08/2019 04:00:00 AM,4,3,1
03/08/2019 05:00:00 AM,8,4,4
03/08/2019 06:00:00 AM,24,16,8
03/08/2019 07:00:00 AM,53,34,19
03/08/2019 08:00:00 AM,76,37,39
03/08/2019 09:00:00 AM,32,16,16
03/08/2019 10:00:00 AM,22,14,8
03/08/2019 11:00:00 AM,38,21,17
03/08/2019 12:00:00 PM,24,12,12
03/08/2019 01:00:00 PM,26,15,11
03/08/2019 02:00:00 PM,36,17,19
03/08/2019 03:00:00 PM,40,18,22
03/08/2019 04:00:00 PM,73,22,51
03/08/2019 05:00:00 PM,113,43,70
03/08/2019 06:00:00 PM,46,15,31
03/08/2019 07:00:00 PM,25,10,15
03/08/2019 08:00:00 PM,11,4,7
03/08/2019 09:00:00 PM,6,2,4
03/08/2019 10:00:00 PM,5,1,4
03/08/2019 11:00:00 PM,6,2,4
03/09/2019 12:00:00 AM,3,1,2
03/09/2019 01:00:00 AM,4,3,1
03/09/2019 02:00:00 AM,3,1,2
03/09/2019 03:00:00 AM,0,0,0
03/09/2019 04:00:00 AM,3,2,1
03/09/2019 05:00:00 AM,3,1,2
03/09/2019 06:00:00 AM,4,2,2
03/09/2019 07:00:00 AM,3,2,1
03/09/2019 08:00:00 AM,9,6,3
03/09/2019 09:00:00 AM,9,3,6
03/09/2019 10:00:00 AM,9,6,3
03/09/2019 11:00:00 AM,15,9,6
03/09/2019 12:00:00 PM,28,8,20
03/09/2019 01:00:00 PM,31,12,19
03/09/2019 02:00:00 PM,39,22,17
03/09/2019 03:00:00 PM,31,17,14
03/09/2019 04:00:00 PM,25,7,18
03/09/2019 05:00:00 PM,38,14,24
03/09/2019 06:00:00 PM,34,9,25
03/09/2019 07:00:00 PM,7,1,6
03/09/2019 08:00:00 PM,15,7,8
03/09/2019 09:00:00 PM,31,24,7
03/09/2019 10:00:00 PM,17,11,6
03/09/2019 11:00:00 PM,6,2,4
03/10/2019 12:00:00 AM,3,2,1
03/10/2019 01:00:00 AM,1,1,0
03/10/2019 02:00:00 AM,0,0,0
03/10/2019 03:00:00 AM,1,0,1
03/10/2019 04:00:00 AM,2,0,2
03/10/2019 05:00:00 AM,4,2,2
03/10/2019 06:00:00 AM,2,0,2
03/10/2019 07:00:00 AM,2,0,2
03/10/2019 08:00:00 AM,6,4,2
03/10/2019 09:00:00 AM,15,11,4
03/10/2019 10:00:00 AM,11,7,4
03/10/2019 11:00:00 AM,29,13,16
03/10/2019 12:00:00 PM,13,5,8
03/10/2019 01:00:00 PM,37,20,17
03/10/2019 02:00:00 PM,52,18,34
03/10/2019 03:00:00 PM,13,4,9
03/10/2019 04:00:00 PM,18,10,8
03/10/2019 05:00:00 PM,33,17,16
03/10/2019 06:00:00 PM,19,11,8
03/10/2019 07:00:00 PM,14,6,8
03/10/2019 08:00:00 PM,13,4,9
03/10/2019 09:00:00 PM,3,3,0
03/10/2019 10:00:00 PM,11,4,7
03/10/2019 11:00:00 PM,10,7,3
03/11/2019 12:00:00 AM,5,1,4
03/11/2019 01:00:00 AM,1,1,0
03/11/2019 02:00:00 AM,0,0,0
03/11/2019 03:00:00 AM,1,1,0
03/11/2019 04:00:00 AM,5,5,0
03/11/2019 05:00:00 AM,16,14,2
03/11/2019 06:00:00 AM,21,11,10
03/11/2019 07:00:00 AM,77,48,29
03/11/2019 08:00:00 AM,115,56,59
03/11/2019 09:00:00 AM,78,37,41
03/11/2019 10:00:00 AM,28,18,10
03/11/2019 11:00:00 AM,32,15,17
03/11/2019 12:00:00 PM,37,18,19
03/11/2019 01:00:00 PM,32,18,14
03/11/2019 02:00:00 PM,25,10,15
03/11/2019 03:00:00 PM,59,18,41
03/11/2019 04:00:00 PM,110,31,79
03/11/2019 05:00:00 PM,158,62,96
03/11/2019 06:00:00 PM,77,35,42
03/11/2019 07:00:00 PM,24,9,15
03/11/2019 08:00:00 PM,17,9,8
03/11/2019 09:00:00 PM,8,5,3
03/11/2019 10:00:00 PM,3,1,2
03/11/2019 11:00:00 PM,0,0,0
03/12/2019 12:00:00 AM,2,2,0
03/12/2019 01:00:00 AM,1,1,0
03/12/2019 02:00:00 AM,0,0,0
03/12/2019 03:00:00 AM,0,0,0
03/12/2019 04:00:00 AM,1,1,0
03/12/2019 05:00:00 AM,8,5,3
03/12/2019 06:00:00 AM,18,14,4
03/12/2019 07:00:00 AM,52,35,17
03/12/2019 08:00:00 AM,97,49,48
03/12/2019 09:00:00 AM,59,33,26
03/12/2019 10:00:00 AM,33,16,17
03/12/2019 11:00:00 AM,30,20,10
03/12/2019 12:00:00 PM,21,13,8
03/12/2019 01:00:00 PM,21,12,9
03/12/2019 02:00:00 PM,35,14,21
03/12/2019 03:00:00 PM,37,12,25
03/12/2019 04:00:00 PM,96,35,61
03/12/2019 05:00:00 PM,134,48,86
03/12/2019 06:00:00 PM,76,27,49
03/12/2019 07:00:00 PM,30,15,15
03/12/2019 08:00:00 PM,13,6,7
03/12/2019 09:00:00 PM,11,6,5
03/12/2019 10:00:00 PM,9,4,5
03/12/2019 11:00:00 PM,3,3,0
03/13/2019 12:00:00 AM,2,1,1
03/13/2019 01:00:00 AM,3,1,2
03/13/2019 02:00:00 AM,2,1,1
03/13/2019 03:00:00 AM,0,0,0
03/13/2019 04:00:00 AM,2,2,0
03/13/2019 05:00:00 AM,10,8,2
03/13/2019 06:00:00 AM,34,22,12
03/13/2019 07:00:00 AM,75,45,30
03/13/2019 08:00:00 AM,124,63,61
03/13/2019 09:00:00 AM,65,29,36
03/13/2019 10:00:00 AM,43,15,28
03/13/2019 11:00:00 AM,44,21,23
03/13/2019 12:00:00 PM,43,25,18
03/13/2019 01:00:00 PM,32,17,15
03/13/2019 02:00:00 PM,50,26,24
03/13/2019 03:00:00 PM,68,20,48
03/13/2019 04:00:00 PM,88,25,63
03/13/2019 05:00:00 PM,187,71,116
03/13/2019 06:00:00 PM,108,39,69
03/13/2019 07:00:00 PM,31,10,21
03/13/2019 08:00:00 PM,23,14,9
03/13/2019 09:00:00 PM,8,3,5
03/13/2019 10:00:00 PM,8,3,5
03/13/2019 11:00:00 PM,4,1,3
03/14/2019 12:00:00 AM,2,1,1
03/14/2019 01:00:00 AM,2,1,1
03/14/2019 02:00:00 AM,3,2,1
03/14/2019 03:00:00 AM,2,1,1
03/14/2019 04:00:00 AM,4,4,0
03/14/2019 05:00:00 AM,14,9,5
03/14/2019 06:00:00 AM,26,16,10
03/14/2019 07:00:00 AM,81,50,31
03/14/2019 08:00:00 AM,130,62,68
03/14/2019 09:00:00 AM,73,38,35
03/14/2019 10:00:00 AM,29,19,10
03/14/2019 11:00:00 AM,54,26,28
03/14/2019 12:00:00 PM,35,18,17
03/14/2019 01:00:00 PM,41,21,20
03/14/2019 02:00:00 PM,49,28,21
03/14/2019 03:00:00 PM,56,10,46
03/14/2019 04:00:00 PM,141,56,85
03/14/2019 05:00:00 PM,171,57,114
03/14/2019 06:00:00 PM,89,35,54
03/14/2019 07:00:00 PM,31,16,15
03/14/2019 08:00:00 PM,26,12,14
03/14/2019 09:00:00 PM,14,5,9
03/14/2019 10:00:00 PM,9,5,4
03/14/2019 11:00:00 PM,13,3,10
03/15/2019 12:00:00 AM,2,2,0
03/15/2019 01:00:00 AM,1,1,0
03/15/2019 02:00:00 AM,2,1,1
03/15/2019 03:00:00 AM,2,2,0
03/15/2019 04:00:00 AM,5,5,0
03/15/2019 05:00:00 AM,13,11,2
03/15/2019 06:00:00 AM,31,16,15
03/15/2019 07:00:00 AM,65,35,30
03/15/2019 08:00:00 AM,132,68,64
03/15/2019 09:00:00 AM,72,32,40
03/15/2019 10:00:00 AM,42,24,18
03/15/2019 11:00:00 AM,55,29,26
03/15/2019 12:00:00 PM,56,27,29
03/15/2019 01:00:00 PM,42,18,24
03/15/2019 02:00:00 PM,52,21,31
03/15/2019 03:00:00 PM,73,26,47
03/15/2019 04:00:00 PM,135,55,80
03/15/2019 05:00:00 PM,168,65,103
03/15/2019 06:00:00 PM,83,26,57
03/15/2019 07:00:00 PM,50,29,21
03/15/2019 08:00:00 PM,17,7,10
03/15/2019 09:00:00 PM,26,12,14
03/15/2019 10:00:00 PM,18,9,9
03/15/2019 11:00:00 PM,12,5,7
03/16/2019 12:00:00 AM,15,9,6
03/16/2019 01:00:00 AM,7,6,1
03/16/2019 02:00:00 AM,5,0,5
03/16/2019 03:00:00 AM,0,0,0
03/16/2019 04:00:00 AM,3,1,2
03/16/2019 05:00:00 AM,3,1,2
03/16/2019 06:00:00 AM,5,2,3
03/16/2019 07:00:00 AM,8,3,5
03/16/2019 08:00:00 AM,12,7,5
03/16/2019 09:00:00 AM,17,10,7
03/16/2019 10:00:00 AM,22,10,12
03/16/2019 11:00:00 AM,36,16,20
03/16/2019 12:00:00 PM,37,21,16
03/16/2019 01:00:00 PM,55,26,29
03/16/2019 02:00:00 PM,49,26,23
03/16/2019 03:00:00 PM,45,22,23
03/16/2019 04:00:00 PM,49,15,34
03/16/2019 05:00:00 PM,33,17,16
03/16/2019 06:00:00 PM,45,18,27
03/16/2019 07:00:00 PM,33,16,17
03/16/2019 08:00:00 PM,21,10,11
03/16/2019 09:00:00 PM,12,5,7
03/16/2019 10:00:00 PM,15,7,8
03/16/2019 11:00:00 PM,13,6,7
03/17/2019 12:00:00 AM,11,3,8
03/17/2019 01:00:00 AM,5,4,1
03/17/2019 02:00:00 AM,0,0,0
03/17/2019 03:00:00 AM,1,0,1
03/17/2019 04:00:00 AM,1,0,1
03/17/2019 05:00:00 AM,2,1,1
03/17/2019 06:00:00 AM,2,0,2
03/17/2019 07:00:00 AM,1,1,0
03/17/2019 08:00:00 AM,14,7,7
03/17/2019 09:00:00 AM,20,8,12
03/17/2019 10:00:00 AM,23,10,13
03/17/2019 11:00:00 AM,28,12,16
03/17/2019 12:00:00 PM,40,15,25
03/17/2019 01:00:00 PM,54,23,31
03/17/2019 02:00:00 PM,49,22,27
03/17/2019 03:00:00 PM,51,20,31
03/17/2019 04:00:00 PM,36,22,14
03/17/2019 05:00:00 PM,46,15,31
03/17/2019 06:00:00 PM,37,22,15
03/17/2019 07:00:00 PM,24,10,14
03/17/2019 08:00:00 PM,14,8,6
03/17/2019 09:00:00 PM,6,4,2
03/17/2019 10:00:00 PM,4,3,1
03/17/2019 11:00:00 PM,11,4,7
03/18/2019 12:00:00 AM,3,2,1
03/18/2019 01:00:00 AM,1,1,0
03/18/2019 02:00:00 AM,0,0,0
03/18/2019 03:00:00 AM,3,3,0
03/18/2019 04:00:00 AM,3,3,0
03/18/2019 05:00:00 AM,17,11,6
03/18/2019 06:00:00 AM,39,28,11
03/18/2019 07:00:00 AM,104,58,46
03/18/2019 08:00:00 AM,180,90,90
03/18/2019 09:00:00 AM,103,59,44
03/18/2019 10:00:00 AM,42,22,20
03/18/2019 11:00:00 AM,48,22,26
03/18/2019 12:00:00 PM,49,23,26
03/18/2019 01:00:00 PM,43,21,22
03/18/2019 02:00:00 PM,43,16,27
03/18/2019 03:00:00 PM,94,35,59
03/18/2019 04:00:00 PM,160,60,100
03/18/2019 05:00:00 PM,202,77,125
03/18/2019 06:00:00 PM,116,45,71
03/18/2019 07:00:00 PM,47,18,29
03/18/2019 08:00:00 PM,23,13,10
03/18/2019 09:00:00 PM,14,5,9
03/18/2019 10:00:00 PM,9,4,5
03/18/2019 11:00:00 PM,7,3,4
03/19/2019 12:00:00 AM,6,5,1
03/19/2019 01:00:00 AM,2,0,2
03/19/2019 02:00:00 AM,1,0,1
03/19/2019 03:00:00 AM,2,2,0
03/19/2019 04:00:00 AM,1,1,0
03/19/2019 05:00:00 AM,16,13,3
03/19/2019 06:00:00 AM,41,23,18
03/19/2019 07:00:00 AM,123,67,56
03/19/2019 08:00:00 AM,184,82,102
03/19/2019 09:00:00 AM,107,56,51
03/19/2019 10:00:00 AM,36,15,21
03/19/2019 11:00:00 AM,57,28,29
03/19/2019 12:00:00 PM,61,28,33
03/19/2019 01:00:00 PM,52,21,31
03/19/2019 02:00:00 PM,53,21,32
03/19/2019 03:00:00 PM,108,40,68
03/19/2019 04:00:00 PM,186,75,111
03/19/2019 05:00:00 PM,229,87,142
03/19/2019 06:00:00 PM,126,65,61
03/19/2019 07:00:00 PM,47,22,25
03/19/2019 08:00:00 PM,27,12,15
03/19/2019 09:00:00 PM,20,11,9
03/19/2019 10:00:00 PM,11,8,3
03/19/2019 11:00:00 PM,3,1,2
03/20/2019 12:00:00 AM,4,3,1
03/20/2019 01:00:00 AM,2,0,2
03/20/2019 02:00:00 AM,2,2,0
03/20/2019 03:00:00 AM,1,1,0
03/20/2019 04:00:00 AM,1,1,0
03/20/2019 05:00:00 AM,20,16,4
03/20/2019 06:00:00 AM,34,19,15
03/20/2019 07:00:00 AM,111,62,49
03/20/2019 08:00:00 AM,176,79,97
03/20/2019 09:00:00 AM,96,45,51
03/20/2019 10:00:00 AM,46,20,26
03/20/2019 11:00:00 AM,44,25,19
03/20/2019 12:00:00 PM,61,28,33
03/20/2019 01:00:00 PM,56,32,24
03/20/2019 02:00:00 PM,52,21,31
03/20/2019 03:00:00 PM,90,37,53
03/20/2019 04:00:00 PM,147,54,93
03/20/2019 05:00:00 PM,254,90,164
03/20/2019 06:00:00 PM,111,56,55
03/20/2019 07:00:00 PM,52,29,23
03/20/2019 08:00:00 PM,28,9,19
03/20/2019 09:00:00 PM,15,6,9
03/20/2019 10:00:00 PM,10,6,4
03/20/2019 11:00:00 PM,5,4,1
03/21/2019 12:00:00 AM,5,4,1
03/21/2019 01:00:00 AM,3,1,2
03/21/2019 02:00:00 AM,1,1,0
03/21/2019 03:00:00 AM,1,1,0
03/21/2019 04:00:00 AM,5,4,1
03/21/2019 05:00:00 AM,13,11,2
03/21/2019 06:00:00 AM,39,20,19
03/21/2019 07:00:00 AM,106,53,53
03/21/2019 08:00:00 AM,151,74,77
03/21/2019 09:00:00 AM,92,49,43
03/21/2019 10:00:00 AM,45,24,21
03/21/2019 11:00:00 AM,53,25,28
03/21/2019 12:00:00 PM,55,24,31
03/21/2019 01:00:00 PM,42,21,21
03/21/2019 02:00:00 PM,43,17,26
03/21/2019 03:00:00 PM,116,50,66
03/21/2019 04:00:00 PM,150,65,85
03/21/2019 05:00:00 PM,212,75,137
03/21/2019 06:00:00 PM,108,51,57
03/21/2019 07:00:00 PM,61,35,26
03/21/2019 08:00:00 PM,28,13,15
03/21/2019 09:00:00 PM,25,11,14
03/21/2019 10:00:00 PM,9,5,4
03/21/2019 11:00:00 PM,7,5,2
03/22/2019 12:00:00 AM,3,0,3
03/22/2019 01:00:00 AM,4,3,1
03/22/2019 02:00:00 AM,0,0,0
03/22/2019 03:00:00 AM,0,0,0
03/22/2019 04:00:00 AM,9,3,6
03/22/2019 05:00:00 AM,12,10,2
03/22/2019 06:00:00 AM,27,17,10
03/22/2019 07:00:00 AM,96,53,43
03/22/2019 08:00:00 AM,117,61,56
03/22/2019 09:00:00 AM,81,34,47
03/22/2019 10:00:00 AM,60,43,17
03/22/2019 11:00:00 AM,56,29,27
03/22/2019 12:00:00 PM,54,33,21
03/22/2019 01:00:00 PM,61,34,27
03/22/2019 02:00:00 PM,56,28,28
03/22/2019 03:00:00 PM,86,35,51
03/22/2019 04:00:00 PM,118,51,67
03/22/2019 05:00:00 PM,134,57,77
03/22/2019 06:00:00 PM,70,28,42
03/22/2019 07:00:00 PM,38,15,23
03/22/2019 08:00:00 PM,31,13,18
03/22/2019 09:00:00 PM,16,8,8
03/22/2019 10:00:00 PM,24,11,13
03/22/2019 11:00:00 PM,8,5,3
03/23/2019 12:00:00 AM,9,6,3
03/23/2019 01:00:00 AM,8,4,4
03/23/2019 02:00:00 AM,2,1,1
03/23/2019 03:00:00 AM,0,0,0
03/23/2019 04:00:00 AM,2,2,0
03/23/2019 05:00:00 AM,3,2,1
03/23/2019 06:00:00 AM,2,2,0
03/23/2019 07:00:00 AM,7,5,2
03/23/2019 08:00:00 AM,11,6,5
03/23/2019 09:00:00 AM,8,3,5
03/23/2019 10:00:00 AM,21,9,12
03/23/2019 11:00:00 AM,44,19,25
03/23/2019 12:00:00 PM,48,17,31
03/23/2019 01:00:00 PM,65,30,35
03/23/2019 02:00:00 PM,54,30,24
03/23/2019 03:00:00 PM,70,22,48
03/23/2019 04:00:00 PM,58,33,25
03/23/2019 05:00:00 PM,60,23,37
03/23/2019 06:00:00 PM,67,35,32
03/23/2019 07:00:00 PM,45,21,24
03/23/2019 08:00:00 PM,22,14,8
03/23/2019 09:00:00 PM,18,13,5
03/23/2019 10:00:00 PM,66,52,14
03/23/2019 11:00:00 PM,20,9,11
03/24/2019 12:00:00 AM,12,8,4
03/24/2019 01:00:00 AM,5,3,2
03/24/2019 02:00:00 AM,3,3,0
03/24/2019 03:00:00 AM,0,0,0
03/24/2019 04:00:00 AM,2,0,2
03/24/2019 05:00:00 AM,4,1,3
03/24/2019 06:00:00 AM,2,1,1
03/24/2019 07:00:00 AM,4,2,2
03/24/2019 08:00:00 AM,15,6,9
03/24/2019 09:00:00 AM,23,7,16
03/24/2019 10:00:00 AM,36,15,21
03/24/2019 11:00:00 AM,34,12,22
03/24/2019 12:00:00 PM,32,14,18
03/24/2019 01:00:00 PM,56,31,25
03/24/2019 02:00:00 PM,33,15,18
03/24/2019 03:00:00 PM,30,19,11
03/24/2019 04:00:00 PM,46,22,24
03/24/2019 05:00:00 PM,29,17,12
03/24/2019 06:00:00 PM,32,12,20
03/24/2019 07:00:00 PM,16,6,10
03/24/2019 08:00:00 PM,11,5,6
03/24/2019 09:00:00 PM,15,6,9
03/24/2019 10:00:00 PM,12,6,6
03/24/2019 11:00:00 PM,4,2,2
03/25/2019 12:00:00 AM,5,3,2
03/25/2019 01:00:00 AM,3,2,1
03/25/2019 02:00:00 AM,0,0,0
03/25/2019 03:00:00 AM,2,1,1
03/25/2019 04:00:00 AM,2,1,1
03/25/2019 05:00:00 AM,20,15,5
03/25/2019 06:00:00 AM,32,20,12
03/25/2019 07:00:00 AM,93,56,37
03/25/2019 08:00:00 AM,138,67,71
03/25/2019 09:00:00 AM,69,34,35
03/25/2019 10:00:00 AM,31,16,15
03/25/2019 11:00:00 AM,33,17,16
03/25/2019 12:00:00 PM,48,29,19
03/25/2019 01:00:00 PM,43,20,23
03/25/2019 02:00:00 PM,37,12,25
03/25/2019 03:00:00 PM,82,30,52
03/25/2019 04:00:00 PM,116,43,73
03/25/2019 05:00:00 PM,168,54,114
03/25/2019 06:00:00 PM,64,25,39
03/25/2019 07:00:00 PM,22,11,11
03/25/2019 08:00:00 PM,21,11,10
03/25/2019 09:00:00 PM,13,8,5
03/25/2019 10:00:00 PM,9,8,1
03/25/2019 11:00:00 PM,8,4,4
03/26/2019 12:00:00 AM,7,2,5
03/26/2019 01:00:00 AM,2,1,1
03/26/2019 02:00:00 AM,0,0,0
03/26/2019 03:00:00 AM,1,1,0
03/26/2019 04:00:00 AM,3,2,1
03/26/2019 05:00:00 AM,16,12,4
03/26/2019 06:00:00 AM,38,20,18
03/26/2019 07:00:00 AM,111,58,53
03/26/2019 08:00:00 AM,163,76,87
03/26/2019 09:00:00 AM,67,26,41
03/26/2019 10:00:00 AM,36,14,22
03/26/2019 11:00:00 AM,59,28,31
03/26/2019 12:00:00 PM,45,22,23
03/26/2019 01:00:00 PM,33,19,14
03/26/2019 02:00:00 PM,52,23,29
03/26/2019 03:00:00 PM,70,21,49
03/26/2019 04:00:00 PM,151,53,98
03/26/2019 05:00:00 PM,229,87,142
03/26/2019 06:00:00 PM,122,51,71
03/26/2019 07:00:00 PM,31,18,13
03/26/2019 08:00:00 PM,34,16,18
03/26/2019 09:00:00 PM,18,12,6
03/26/2019 10:00:00 PM,10,4,6
03/26/2019 11:00:00 PM,7,3,4
03/27/2019 12:00:00 AM,1,1,0
03/27/2019 01:00:00 AM,1,1,0
03/27/2019 02:00:00 AM,0,0,0
03/27/2019 03:00:00 AM,3,1,2
03/27/2019 04:00:00 AM,4,2,2
03/27/2019 05:00:00 AM,10,7,3
03/27/2019 06:00:00 AM,38,21,17
03/27/2019 07:00:00 AM,81,48,33
03/27/2019 08:00:00 AM,188,83,105
03/27/2019 09:00:00 AM,78,34,44
03/27/2019 10:00:00 AM,44,22,22
03/27/2019 11:00:00 AM,45,20,25
03/27/2019 12:00:00 PM,51,27,24
03/27/2019 01:00:00 PM,44,24,20
03/27/2019 02:00:00 PM,45,22,23
03/27/2019 03:00:00 PM,89,35,54
03/27/2019 04:00:00 PM,151,48,103
03/27/2019 05:00:00 PM,212,86,126
03/27/2019 06:00:00 PM,117,54,63
03/27/2019 07:00:00 PM,50,24,26
03/27/2019 08:00:00 PM,29,12,17
03/27/2019 09:00:00 PM,30,17,13
03/27/2019 10:00:00 PM,14,8,6
03/27/2019 11:00:00 PM,4,3,1
03/28/2019 12:00:00 AM,3,3,0
03/28/2019 01:00:00 AM,3,2,1
03/28/2019 02:00:00 AM,3,2,1
03/28/2019 03:00:00 AM,2,0,2
03/28/2019 04:00:00 AM,3,3,0
03/28/2019 05:00:00 AM,11,9,2
03/28/2019 06:00:00 AM,45,25,20
03/28/2019 07:00:00 AM,98,58,40
03/28/2019 08:00:00 AM,150,72,78
03/28/2019 09:00:00 AM,76,36,40
03/28/2019 10:00:00 AM,55,27,28
03/28/2019 11:00:00 AM,47,18,29
03/28/2019 12:00:00 PM,55,19,36
03/28/2019 01:00:00 PM,71,29,42
03/28/2019 02:00:00 PM,99,29,70
03/28/2019 03:00:00 PM,152,38,114
03/28/2019 04:00:00 PM,177,61,116
03/28/2019 05:00:00 PM,214,83,131
03/28/2019 06:00:00 PM,117,45,72
03/28/2019 07:00:00 PM,82,47,35
03/28/2019 08:00:00 PM,57,41,16
03/28/2019 09:00:00 PM,22,12,10
03/28/2019 10:00:00 PM,9,6,3
03/28/2019 11:00:00 PM,9,3,6
03/29/2019 12:00:00 AM,5,4,1
03/29/2019 01:00:00 AM,1,1,0
03/29/2019 02:00:00 AM,1,1,0
03/29/2019 03:00:00 AM,1,0,1
03/29/2019 04:00:00 AM,2,2,0
03/29/2019 05:00:00 AM,12,9,3
03/29/2019 06:00:00 AM,35,17,18
03/29/2019 07:00:00 AM,81,51,30
03/29/2019 08:00:00 AM,132,50,82
03/29/2019 09:00:00 AM,82,35,47
03/29/2019 10:00:00 AM,34,12,22
03/29/2019 11:00:00 AM,53,28,25
03/29/2019 12:00:00 PM,63,33,30
03/29/2019 01:00:00 PM,60,20,40
03/29/2019 02:00:00 PM,74,35,39
03/29/2019 03:00:00 PM,111,40,71
03/29/2019 04:00:00 PM,153,59,94
03/29/2019 05:00:00 PM,200,80,120
03/29/2019 06:00:00 PM,123,45,78
03/29/2019 07:00:00 PM,75,29,46
03/29/2019 08:00:00 PM,33,22,11
03/29/2019 09:00:00 PM,22,20,2
03/29/2019 10:00:00 PM,48,37,11
03/29/2019 11:00:00 PM,42,29,13
03/30/2019 12:00:00 AM,14,10,4
03/30/2019 01:00:00 AM,7,5,2
03/30/2019 02:00:00 AM,14,9,5
03/30/2019 03:00:00 AM,3,2,1
03/30/2019 04:00:00 AM,2,2,0
03/30/2019 05:00:00 AM,3,2,1
03/30/2019 06:00:00 AM,5,2,3
03/30/2019 07:00:00 AM,8,6,2
03/30/2019 08:00:00 AM,14,8,6
03/30/2019 09:00:00 AM,15,10,5
03/30/2019 10:00:00 AM,27,10,17
03/30/2019 11:00:00 AM,35,10,25
03/30/2019 12:00:00 PM,63,26,37
03/30/2019 01:00:00 PM,41,12,29
03/30/2019 02:00:00 PM,55,22,33
03/30/2019 03:00:00 PM,57,24,33
03/30/2019 04:00:00 PM,50,19,31
03/30/2019 05:00:00 PM,67,33,34
03/30/2019 06:00:00 PM,62,19,43
03/30/2019 07:00:00 PM,27,14,13
03/30/2019 08:00:00 PM,29,17,12
03/30/2019 09:00:00 PM,49,37,12
03/30/2019 10:00:00 PM,22,16,6
03/30/2019 11:00:00 PM,7,5,2
03/31/2019 12:00:00 AM,10,4,6
03/31/2019 01:00:00 AM,6,5,1
03/31/2019 02:00:00 AM,6,4,2
03/31/2019 03:00:00 AM,0,0,0
03/31/2019 04:00:00 AM,1,1,0
03/31/2019 05:00:00 AM,4,3,1
03/31/2019 06:00:00 AM,2,0,2
03/31/2019 07:00:00 AM,2,1,1
03/31/2019 08:00:00 AM,5,3,2
03/31/2019 09:00:00 AM,26,17,9
03/31/2019 10:00:00 AM,26,13,13
03/31/2019 11:00:00 AM,54,25,29
03/31/2019 12:00:00 PM,66,19,47
03/31/2019 01:00:00 PM,64,18,46
03/31/2019 02:00:00 PM,59,22,37
03/31/2019 03:00:00 PM,43,26,17
03/31/2019 04:00:00 PM,52,28,24
03/31/2019 05:00:00 PM,74,45,29
03/31/2019 06:00:00 PM,50,31,19
03/31/2019 07:00:00 PM,30,15,15
03/31/2019 08:00:00 PM,26,15,11
03/31/2019 09:00:00 PM,17,7,10
03/31/2019 10:00:00 PM,8,5,3
03/31/2019 11:00:00 PM,7,4,3
04/01/2019 12:00:00 AM,2,0,2
04/01/2019 01:00:00 AM,4,1,3
04/01/2019 02:00:00 AM,1,0,1
04/01/2019 03:00:00 AM,1,0,1
04/01/2019 04:00:00 AM,3,2,1
04/01/2019 05:00:00 AM,13,11,2
04/01/2019 06:00:00 AM,44,27,17
04/01/2019 07:00:00 AM,115,65,50
04/01/2019 08:00:00 AM,181,79,102
04/01/2019 09:00:00 AM,88,41,47
04/01/2019 10:00:00 AM,53,23,30
04/01/2019 11:00:00 AM,41,18,23
04/01/2019 12:00:00 PM,60,26,34
04/01/2019 01:00:00 PM,50,21,29
04/01/2019 02:00:00 PM,68,31,37
04/01/2019 03:00:00 PM,82,23,59
04/01/2019 04:00:00 PM,162,59,103
04/01/2019 05:00:00 PM,228,81,147
04/01/2019 06:00:00 PM,141,56,85
04/01/2019 07:00:00 PM,62,26,36
04/01/2019 08:00:00 PM,24,15,9
04/01/2019 09:00:00 PM,23,15,8
04/01/2019 10:00:00 PM,21,16,5
04/01/2019 11:00:00 PM,7,2,5
04/02/2019 12:00:00 AM,5,2,3
04/02/2019 01:00:00 AM,3,2,1
04/02/2019 02:00:00 AM,3,3,0
04/02/2019 03:00:00 AM,1,0,1
04/02/2019 04:00:00 AM,2,1,1
04/02/2019 05:00:00 AM,20,14,6
04/02/2019 06:00:00 AM,51,26,25
04/02/2019 07:00:00 AM,103,57,46
04/02/2019 08:00:00 AM,190,82,108
04/02/2019 09:00:00 AM,98,48,50
04/02/2019 10:00:00 AM,61,26,35
04/02/2019 11:00:00 AM,53,30,23
04/02/2019 12:00:00 PM,44,20,24
04/02/2019 01:00:00 PM,53,24,29
04/02/2019 02:00:00 PM,67,31,36
04/02/2019 03:00:00 PM,96,35,61
04/02/2019 04:00:00 PM,161,59,102
04/02/2019 05:00:00 PM,268,107,161
04/02/2019 06:00:00 PM,113,47,66
04/02/2019 07:00:00 PM,53,18,35
04/02/2019 08:00:00 PM,24,17,7
04/02/2019 09:00:00 PM,37,28,9
04/02/2019 10:00:00 PM,11,9,2
04/02/2019 11:00:00 PM,4,2,2
04/03/2019 12:00:00 AM,5,2,3
04/03/2019 01:00:00 AM,4,2,2
04/03/2019 02:00:00 AM,3,1,2
04/03/2019 03:00:00 AM,1,0,1
04/03/2019 04:00:00 AM,1,1,0
04/03/2019 05:00:00 AM,11,6,5
04/03/2019 06:00:00 AM,37,22,15
04/03/2019 07:00:00 AM,77,46,31
04/03/2019 08:00:00 AM,143,65,78
04/03/2019 09:00:00 AM,70,27,43
04/03/2019 10:00:00 AM,30,10,20
04/03/2019 11:00:00 AM,48,23,25
04/03/2019 12:00:00 PM,35,17,18
04/03/2019 01:00:00 PM,45,20,25
04/03/2019 02:00:00 PM,40,18,22
04/03/2019 03:00:00 PM,76,32,44
04/03/2019 04:00:00 PM,112,39,73
04/03/2019 05:00:00 PM,186,69,117
04/03/2019 06:00:00 PM,86,44,42
04/03/2019 07:00:00 PM,39,18,21
04/03/2019 08:00:00 PM,20,9,11
04/03/2019 09:00:00 PM,14,4,10
04/03/2019 10:00:00 PM,9,8,1
04/03/2019 11:00:00 PM,4,3,1
04/04/2019 12:00:00 AM,0,0,0
04/04/2019 01:00:00 AM,0,0,0
04/04/2019 02:00:00 AM,3,2,1
04/04/2019 03:00:00 AM,1,0,1
04/04/2019 04:00:00 AM,2,2,0
04/04/2019 05:00:00 AM,15,11,4
04/04/2019 06:00:00 AM,45,23,22
04/04/2019 07:00:00 AM,96,53,43
04/04/2019 08:00:00 AM,157,75,82
04/04/2019 09:00:00 AM,80,39,41
04/04/2019 10:00:00 AM,41,21,20
04/04/2019 11:00:00 AM,53,26,27
04/04/2019 12:00:00 PM,54,26,28
04/04/2019 01:00:00 PM,67,23,44
04/04/2019 02:00:00 PM,63,30,33
04/04/2019 03:00:00 PM,93,36,57
04/04/2019 04:00:00 PM,156,56,100
04/04/2019 05:00:00 PM,243,94,149
04/04/2019 06:00:00 PM,136,61,75
04/04/2019 07:00:00 PM,51,27,24
04/04/2019 08:00:00 PM,24,14,10
04/04/2019 09:00:00 PM,22,14,8
04/04/2019 10:00:00 PM,22,13,9
04/04/2019 11:00:00 PM,12,8,4
04/05/2019 12:00:00 AM,7,3,4
04/05/2019 01:00:00 AM,6,5,1
04/05/2019 02:00:00 AM,1,0,1
04/05/2019 03:00:00 AM,1,0,1
04/05/2019 04:00:00 AM,5,2,3
04/05/2019 05:00:00 AM,10,7,3
04/05/2019 06:00:00 AM,21,12,9
04/05/2019 07:00:00 AM,67,38,29
04/05/2019 08:00:00 AM,117,57,60
04/05/2019 09:00:00 AM,70,20,50
04/05/2019 10:00:00 AM,43,16,27
04/05/2019 11:00:00 AM,41,22,19
04/05/2019 12:00:00 PM,35,18,17
04/05/2019 01:00:00 PM,29,11,18
04/05/2019 02:00:00 PM,32,11,21
04/05/2019 03:00:00 PM,45,13,32
04/05/2019 04:00:00 PM,102,46,56
04/05/2019 05:00:00 PM,121,50,71
04/05/2019 06:00:00 PM,71,32,39
04/05/2019 07:00:00 PM,43,21,22
04/05/2019 08:00:00 PM,14,8,6
04/05/2019 09:00:00 PM,14,8,6
04/05/2019 10:00:00 PM,14,6,8
04/05/2019 11:00:00 PM,3,1,2
04/06/2019 12:00:00 AM,6,3,3
04/06/2019 01:00:00 AM,1,1,0
04/06/2019 02:00:00 AM,5,3,2
04/06/2019 03:00:00 AM,0,0,0
04/06/2019 04:00:00 AM,1,1,0
04/06/2019 05:00:00 AM,1,1,0
04/06/2019 06:00:00 AM,0,0,0
04/06/2019 07:00:00 AM,6,4,2
04/06/2019 08:00:00 AM,4,3,1
04/06/2019 09:00:00 AM,6,4,2
04/06/2019 10:00:00 AM,15,10,5
04/06/2019 11:00:00 AM,23,14,9
04/06/2019 12:00:00 PM,17,5,12
04/06/2019 01:00:00 PM,18,10,8
04/06/2019 02:00:00 PM,21,9,12
04/06/2019 03:00:00 PM,28,15,13
04/06/2019 04:00:00 PM,23,13,10
04/06/2019 05:00:00 PM,33,14,19
04/06/2019 06:00:00 PM,43,10,33
04/06/2019 07:00:00 PM,17,10,7
04/06/2019 08:00:00 PM,14,8,6
04/06/2019 09:00:00 PM,50,38,12
04/06/2019 10:00:00 PM,12,9,3
04/06/2019 11:00:00 PM,3,1,2
04/07/2019 12:00:00 AM,7,4,3
04/07/2019 01:00:00 AM,3,3,0
04/07/2019 02:00:00 AM,5,2,3
04/07/2019 03:00:00 AM,0,0,0
04/07/2019 04:00:00 AM,0,0,0
04/07/2019 05:00:00 AM,2,1,1
04/07/2019 06:00:00 AM,0,0,0
04/07/2019 07:00:00 AM,5,3,2
04/07/2019 08:00:00 AM,8,4,4
04/07/2019 09:00:00 AM,10,4,6
04/07/2019 10:00:00 AM,14,7,7
04/07/2019 11:00:00 AM,21,11,10
04/07/2019 12:00:00 PM,21,13,8
04/07/2019 01:00:00 PM,23,13,10
04/07/2019 02:00:00 PM,33,20,13
04/07/2019 03:00:00 PM,22,9,13
04/07/2019 04:00:00 PM,25,9,16
04/07/2019 05:00:00 PM,20,9,11
04/07/2019 06:00:00 PM,25,14,11
04/07/2019 07:00:00 PM,23,13,10
04/07/2019 08:00:00 PM,16,9,7
04/07/2019 09:00:00 PM,7,5,2
04/07/2019 10:00:00 PM,9,3,6
04/07/2019 11:00:00 PM,9,6,3
04/08/2019 12:00:00 AM,3,3,0
04/08/2019 01:00:00 AM,1,0,1
04/08/2019 02:00:00 AM,3,1,2
04/08/2019 03:00:00 AM,0,0,0
04/08/2019 04:00:00 AM,4,3,1
04/08/2019 05:00:00 AM,10,7,3
04/08/2019 06:00:00 AM,33,20,13
04/08/2019 07:00:00 AM,74,44,30
04/08/2019 08:00:00 AM,110,54,56
04/08/2019 09:00:00 AM,83,32,51
04/08/2019 10:00:00 AM,25,10,15
04/08/2019 11:00:00 AM,32,16,16
04/08/2019 12:00:00 PM,33,18,15
04/08/2019 01:00:00 PM,29,12,17
04/08/2019 02:00:00 PM,35,15,20
04/08/2019 03:00:00 PM,74,30,44
04/08/2019 04:00:00 PM,138,52,86
04/08/2019 05:00:00 PM,129,45,84
04/08/2019 06:00:00 PM,76,32,44
04/08/2019 07:00:00 PM,29,15,14
04/08/2019 08:00:00 PM,28,14,14
04/08/2019 09:00:00 PM,18,11,7
04/08/2019 10:00:00 PM,17,8,9
04/08/2019 11:00:00 PM,5,3,2
04/09/2019 12:00:00 AM,3,2,1
04/09/2019 01:00:00 AM,2,1,1
04/09/2019 02:00:00 AM,1,0,1
04/09/2019 03:00:00 AM,1,1,0
04/09/2019 04:00:00 AM,1,1,0
04/09/2019 05:00:00 AM,12,7,5
04/09/2019 06:00:00 AM,29,15,14
04/09/2019 07:00:00 AM,73,45,28
04/09/2019 08:00:00 AM,124,59,65
04/09/2019 09:00:00 AM,62,24,38
04/09/2019 10:00:00 AM,45,27,18
04/09/2019 11:00:00 AM,42,21,21
04/09/2019 12:00:00 PM,37,25,12
04/09/2019 01:00:00 PM,35,21,14
04/09/2019 02:00:00 PM,45,14,31
04/09/2019 03:00:00 PM,90,28,62
04/09/2019 04:00:00 PM,118,48,70
04/09/2019 05:00:00 PM,181,69,112
04/09/2019 06:00:00 PM,90,32,58
04/09/2019 07:00:00 PM,33,23,10
04/09/2019 08:00:00 PM,21,10,11
04/09/2019 09:00:00 PM,13,7,6
04/09/2019 10:00:00 PM,12,4,8
04/09/2019 11:00:00 PM,4,1,3
04/10/2019 12:00:00 AM,2,1,1
04/10/2019 01:00:00 AM,5,3,2
04/10/2019 02:00:00 AM,2,0,2
04/10/2019 03:00:00 AM,2,1,1
04/10/2019 04:00:00 AM,0,0,0
04/10/2019 05:00:00 AM,12,6,6
04/10/2019 06:00:00 AM,31,19,12
04/10/2019 07:00:00 AM,66,43,23
04/10/2019 08:00:00 AM,110,45,65
04/10/2019 09:00:00 AM,66,32,34
04/10/2019 10:00:00 AM,40,16,24
04/10/2019 11:00:00 AM,42,22,20
04/10/2019 12:00:00 PM,42,15,27
04/10/2019 01:00:00 PM,36,19,17
04/10/2019 02:00:00 PM,34,13,21
04/10/2019 03:00:00 PM,61,23,38
04/10/2019 04:00:00 PM,119,38,81
04/10/2019 05:00:00 PM,126,49,77
04/10/2019 06:00:00 PM,91,36,55
04/10/2019 07:00:00 PM,31,19,12
04/10/2019 08:00:00 PM,17,8,9
04/10/2019 09:00:00 PM,11,3,8
04/10/2019 10:00:00 PM,10,6,4
04/10/2019 11:00:00 PM,5,3,2
04/11/2019 12:00:00 AM,2,2,0
04/11/2019 01:00:00 AM,1,0,1
04/11/2019 02:00:00 AM,0,0,0
04/11/2019 03:00:00 AM,2,1,1
04/11/2019 04:00:00 AM,2,2,0
04/11/2019 05:00:00 AM,9,6,3
04/11/2019 06:00:00 AM,21,10,11
04/11/2019 07:00:00 AM,65,39,26
04/11/2019 08:00:00 AM,103,57,46
04/11/2019 09:00:00 AM,50,19,31
04/11/2019 10:00:00 AM,28,12,16
04/11/2019 11:00:00 AM,28,17,11
04/11/2019 12:00:00 PM,34,17,17
04/11/2019 01:00:00 PM,22,13,9
04/11/2019 02:00:00 PM,38,17,21
04/11/2019 03:00:00 PM,66,29,37
04/11/2019 04:00:00 PM,124,36,88
04/11/2019 05:00:00 PM,123,51,72
04/11/2019 06:00:00 PM,99,49,50
04/11/2019 07:00:00 PM,38,21,17
04/11/2019 08:00:00 PM,18,9,9
04/11/2019 09:00:00 PM,15,7,8
04/11/2019 10:00:00 PM,8,5,3
04/11/2019 11:00:00 PM,12,8,4
04/12/2019 12:00:00 AM,6,4,2
04/12/2019 01:00:00 AM,3,2,1
04/12/2019 02:00:00 AM,0,0,0
04/12/2019 03:00:00 AM,1,1,0
04/12/2019 04:00:00 AM,1,1,0
04/12/2019 05:00:00 AM,8,5,3
04/12/2019 06:00:00 AM,33,26,7
04/12/2019 07:00:00 AM,52,36,16
04/12/2019 08:00:00 AM,95,45,50
04/12/2019 09:00:00 AM,69,30,39
04/12/2019 10:00:00 AM,37,20,17
04/12/2019 11:00:00 AM,51,22,29
04/12/2019 12:00:00 PM,55,27,28
04/12/2019 01:00:00 PM,55,26,29
04/12/2019 02:00:00 PM,65,28,37
04/12/2019 03:00:00 PM,87,31,56
04/12/2019 04:00:00 PM,117,32,85
04/12/2019 05:00:00 PM,183,58,125
04/12/2019 06:00:00 PM,98,28,70
04/12/2019 07:00:00 PM,42,17,25
04/12/2019 08:00:00 PM,12,6,6
04/12/2019 09:00:00 PM,29,21,8
04/12/2019 10:00:00 PM,44,31,13
04/12/2019 11:00:00 PM,14,5,9
04/13/2019 12:00:00 AM,10,5,5
04/13/2019 01:00:00 AM,7,5,2
04/13/2019 02:00:00 AM,5,4,1
04/13/2019 03:00:00 AM,1,1,0
04/13/2019 04:00:00 AM,2,2,0
04/13/2019 05:00:00 AM,2,1,1
04/13/2019 06:00:00 AM,4,2,2
04/13/2019 07:00:00 AM,5,3,2
04/13/2019 08:00:00 AM,10,6,4
04/13/2019 09:00:00 AM,13,5,8
04/13/2019 10:00:00 AM,15,8,7
04/13/2019 11:00:00 AM,27,8,19
04/13/2019 12:00:00 PM,40,10,30
04/13/2019 01:00:00 PM,25,13,12
04/13/2019 02:00:00 PM,22,7,15
04/13/2019 03:00:00 PM,40,27,13
04/13/2019 04:00:00 PM,27,9,18
04/13/2019 05:00:00 PM,37,17,20
04/13/2019 06:00:00 PM,26,10,16
04/13/2019 07:00:00 PM,24,13,11
04/13/2019 08:00:00 PM,25,12,13
04/13/2019 09:00:00 PM,24,14,10
04/13/2019 10:00:00 PM,16,10,6
04/13/2019 11:00:00 PM,7,3,4
04/14/2019 12:00:00 AM,9,5,4
04/14/2019 01:00:00 AM,4,3,1
04/14/2019 02:00:00 AM,5,4,1
04/14/2019 03:00:00 AM,1,1,0
04/14/2019 04:00:00 AM,0,0,0
04/14/2019 05:00:00 AM,3,2,1
04/14/2019 06:00:00 AM,4,3,1
04/14/2019 07:00:00 AM,5,1,4
04/14/2019 08:00:00 AM,10,8,2
04/14/2019 09:00:00 AM,11,8,3
04/14/2019 10:00:00 AM,18,13,5
04/14/2019 11:00:00 AM,30,13,17
04/14/2019 12:00:00 PM,34,10,24
04/14/2019 01:00:00 PM,26,16,10
04/14/2019 02:00:00 PM,30,13,17
04/14/2019 03:00:00 PM,28,15,13
04/14/2019 04:00:00 PM,36,22,14
04/14/2019 05:00:00 PM,33,12,21
04/14/2019 06:00:00 PM,25,16,9
04/14/2019 07:00:00 PM,11,5,6
04/14/2019 08:00:00 PM,12,7,5
04/14/2019 09:00:00 PM,11,3,8
04/14/2019 10:00:00 PM,8,2,6
04/14/2019 11:00:00 PM,4,2,2
04/15/2019 12:00:00 AM,4,2,2
04/15/2019 01:00:00 AM,0,0,0
04/15/2019 02:00:00 AM,0,0,0
04/15/2019 03:00:00 AM,0,0,0
04/15/2019 04:00:00 AM,3,2,1
04/15/2019 05:00:00 AM,17,11,6
04/15/2019 06:00:00 AM,38,24,14
04/15/2019 07:00:00 AM,98,53,45
04/15/2019 08:00:00 AM,152,74,78
04/15/2019 09:00:00 AM,89,42,47
04/15/2019 10:00:00 AM,37,17,20
04/15/2019 11:00:00 AM,41,15,26
04/15/2019 12:00:00 PM,37,18,19
04/15/2019 01:00:00 PM,47,19,28
04/15/2019 02:00:00 PM,56,27,29
04/15/2019 03:00:00 PM,85,25,60
04/15/2019 04:00:00 PM,137,45,92
04/15/2019 05:00:00 PM,215,73,142
04/15/2019 06:00:00 PM,97,41,56
04/15/2019 07:00:00 PM,38,13,25
04/15/2019 08:00:00 PM,21,15,6
04/15/2019 09:00:00 PM,11,5,6
04/15/2019 10:00:00 PM,17,12,5
04/15/2019 11:00:00 PM,9,8,1
04/16/2019 12:00:00 AM,8,5,3
04/16/2019 01:00:00 AM,5,4,1
04/16/2019 02:00:00 AM,0,0,0
04/16/2019 03:00:00 AM,2,0,2
04/16/2019 04:00:00 AM,1,0,1
04/16/2019 05:00:00 AM,14,9,5
04/16/2019 06:00:00 AM,50,28,22
04/16/2019 07:00:00 AM,102,53,49
04/16/2019 08:00:00 AM,153,75,78
04/16/2019 09:00:00 AM,89,43,46
04/16/2019 10:00:00 AM,55,29,26
04/16/2019 11:00:00 AM,50,23,27
04/16/2019 12:00:00 PM,56,28,28
04/16/2019 01:00:00 PM,40,19,21
04/16/2019 02:00:00 PM,55,26,29
04/16/2019 03:00:00 PM,78,20,58
04/16/2019 04:00:00 PM,146,50,96
04/16/2019 05:00:00 PM,230,83,147
04/16/2019 06:00:00 PM,94,33,61
04/16/2019 07:00:00 PM,35,20,15
04/16/2019 08:00:00 PM,9,6,3
04/16/2019 09:00:00 PM,18,10,8
04/16/2019 10:00:00 PM,20,14,6
04/16/2019 11:00:00 PM,5,3,2
04/17/2019 12:00:00 AM,2,2,0
04/17/2019 01:00:00 AM,1,1,0
04/17/2019 02:00:00 AM,1,0,1
04/17/2019 03:00:00 AM,1,1,0
04/17/2019 04:00:00 AM,1,1,0
04/17/2019 05:00:00 AM,10,7,3
04/17/2019 06:00:00 AM,43,28,15
04/17/2019 07:00:00 AM,94,57,37
04/17/2019 08:00:00 AM,148,69,79
04/17/2019 09:00:00 AM,73,32,41
04/17/2019 10:00:00 AM,36,16,20
04/17/2019 11:00:00 AM,43,19,24
04/17/2019 12:00:00 PM,53,28,25
04/17/2019 01:00:00 PM,47,26,21
04/17/2019 02:00:00 PM,54,21,33
04/17/2019 03:00:00 PM,97,26,71
04/17/2019 04:00:00 PM,152,37,115
04/17/2019 05:00:00 PM,220,79,141
04/17/2019 06:00:00 PM,120,61,59
04/17/2019 07:00:00 PM,52,24,28
04/17/2019 08:00:00 PM,20,11,9
04/17/2019 09:00:00 PM,21,10,11
04/17/2019 10:00:00 PM,17,6,11
04/17/2019 11:00:00 PM,6,1,5
04/18/2019 12:00:00 AM,1,0,1
04/18/2019 01:00:00 AM,2,0,2
04/18/2019 02:00:00 AM,1,1,0
04/18/2019 03:00:00 AM,1,0,1
04/18/2019 04:00:00 AM,3,3,0
04/18/2019 05:00:00 AM,14,11,3
04/18/2019 06:00:00 AM,34,18,16
04/18/2019 07:00:00 AM,80,53,27
04/18/2019 08:00:00 AM,89,45,44
04/18/2019 09:00:00 AM,65,32,33
04/18/2019 10:00:00 AM,36,13,23
04/18/2019 11:00:00 AM,42,17,25
04/18/2019 12:00:00 PM,54,21,33
04/18/2019 01:00:00 PM,36,18,18
04/18/2019 02:00:00 PM,54,27,27
04/18/2019 03:00:00 PM,94,25,69
04/18/2019 04:00:00 PM,131,34,97
04/18/2019 05:00:00 PM,162,57,105
04/18/2019 06:00:00 PM,89,41,48
04/18/2019 07:00:00 PM,45,17,28
04/18/2019 08:00:00 PM,19,11,8
04/18/2019 09:00:00 PM,24,9,15
04/18/2019 10:00:00 PM,16,9,7
04/18/2019 11:00:00 PM,14,9,5
04/19/2019 12:00:00 AM,7,5,2
04/19/2019 01:00:00 AM,1,1,0
04/19/2019 02:00:00 AM,6,3,3
04/19/2019 03:00:00 AM,1,0,1
04/19/2019 04:00:00 AM,2,2,0
04/19/2019 05:00:00 AM,9,6,3
04/19/2019 06:00:00 AM,35,21,14
04/19/2019 07:00:00 AM,63,36,27
04/19/2019 08:00:00 AM,99,48,51
04/19/2019 09:00:00 AM,60,26,34
04/19/2019 10:00:00 AM,41,24,17
04/19/2019 11:00:00 AM,55,32,23
04/19/2019 12:00:00 PM,41,18,23
04/19/2019 01:00:00 PM,30,17,13
04/19/2019 02:00:00 PM,37,13,24
04/19/2019 03:00:00 PM,67,21,46
04/19/2019 04:00:00 PM,91,35,56
04/19/2019 05:00:00 PM,96,28,68
04/19/2019 06:00:00 PM,62,26,36
04/19/2019 07:00:00 PM,27,15,12
04/19/2019 08:00:00 PM,22,5,17
04/19/2019 09:00:00 PM,21,10,11
04/19/2019 10:00:00 PM,20,13,7
04/19/2019 11:00:00 PM,11,6,5
04/20/2019 12:00:00 AM,11,5,6
04/20/2019 01:00:00 AM,4,2,2
04/20/2019 02:00:00 AM,7,5,2
04/20/2019 03:00:00 AM,3,2,1
04/20/2019 04:00:00 AM,2,2,0
04/20/2019 05:00:00 AM,4,1,3
04/20/2019 06:00:00 AM,12,5,7
04/20/2019 07:00:00 AM,14,7,7
04/20/2019 08:00:00 AM,20,11,9
04/20/2019 09:00:00 AM,14,7,7
04/20/2019 10:00:00 AM,31,14,17
04/20/2019 11:00:00 AM,33,14,19
04/20/2019 12:00:00 PM,50,19,31
04/20/2019 01:00:00 PM,50,26,24
04/20/2019 02:00:00 PM,49,24,25
04/20/2019 03:00:00 PM,40,19,21
04/20/2019 04:00:00 PM,52,22,30
04/20/2019 05:00:00 PM,36,20,16
04/20/2019 06:00:00 PM,37,22,15
04/20/2019 07:00:00 PM,37,21,16
04/20/2019 08:00:00 PM,23,9,14
04/20/2019 09:00:00 PM,12,4,8
04/20/2019 10:00:00 PM,17,10,7
04/20/2019 11:00:00 PM,20,12,8
04/21/2019 12:00:00 AM,5,2,3
04/21/2019 01:00:00 AM,4,3,1
04/21/2019 02:00:00 AM,3,2,1
04/21/2019 03:00:00 AM,1,1,0
04/21/2019 04:00:00 AM,1,0,1
04/21/2019 05:00:00 AM,3,2,1
04/21/2019 06:00:00 AM,2,0,2
04/21/2019 07:00:00 AM,4,1,3
04/21/2019 08:00:00 AM,8,6,2
04/21/2019 09:00:00 AM,15,8,7
04/21/2019 10:00:00 AM,31,12,19
04/21/2019 11:00:00 AM,29,14,15
04/21/2019 12:00:00 PM,43,25,18
04/21/2019 01:00:00 PM,32,20,12
04/21/2019 02:00:00 PM,23,12,11
04/21/2019 03:00:00 PM,31,14,17
04/21/2019 04:00:00 PM,44,18,26
04/21/2019 05:00:00 PM,30,14,16
04/21/2019 06:00:00 PM,25,15,10
04/21/2019 07:00:00 PM,22,15,7
04/21/2019 08:00:00 PM,14,11,3
04/21/2019 09:00:00 PM,15,9,6
04/21/2019 10:00:00 PM,10,5,5
04/21/2019 11:00:00 PM,8,4,4
04/22/2019 12:00:00 AM,3,1,2
04/22/2019 01:00:00 AM,0,0,0
04/22/2019 02:00:00 AM,2,2,0
04/22/2019 03:00:00 AM,0,0,0
04/22/2019 04:00:00 AM,1,1,0
04/22/2019 05:00:00 AM,20,16,4
04/22/2019 06:00:00 AM,36,24,12
04/22/2019 07:00:00 AM,93,53,40
04/22/2019 08:00:00 AM,130,74,56
04/22/2019 09:00:00 AM,76,25,51
04/22/2019 10:00:00 AM,30,15,15
04/22/2019 11:00:00 AM,41,19,22
04/22/2019 12:00:00 PM,36,24,12
04/22/2019 01:00:00 PM,36,15,21
04/22/2019 02:00:00 PM,30,12,18
04/22/2019 03:00:00 PM,47,11,36
04/22/2019 04:00:00 PM,115,33,82
04/22/2019 05:00:00 PM,151,59,92
04/22/2019 06:00:00 PM,75,26,49
04/22/2019 07:00:00 PM,34,17,17
04/22/2019 08:00:00 PM,21,10,11
04/22/2019 09:00:00 PM,13,5,8
04/22/2019 10:00:00 PM,8,5,3
04/22/2019 11:00:00 PM,1,0,1
04/23/2019 12:00:00 AM,4,3,1
04/23/2019 01:00:00 AM,0,0,0
04/23/2019 02:00:00 AM,6,3,3
04/23/2019 03:00:00 AM,2,1,1
04/23/2019 04:00:00 AM,1,1,0
04/23/2019 05:00:00 AM,16,9,7
04/23/2019 06:00:00 AM,41,23,18
04/23/2019 07:00:00 AM,102,65,37
04/23/2019 08:00:00 AM,165,76,89
04/23/2019 09:00:00 AM,93,45,48
04/23/2019 10:00:00 AM,53,28,25
04/23/2019 11:00:00 AM,56,34,22
04/23/2019 12:00:00 PM,54,28,26
04/23/2019 01:00:00 PM,36,20,16
04/23/2019 02:00:00 PM,53,27,26
04/23/2019 03:00:00 PM,89,29,60
04/23/2019 04:00:00 PM,177,67,110
04/23/2019 05:00:00 PM,247,92,155
04/23/2019 06:00:00 PM,131,47,84
04/23/2019 07:00:00 PM,50,21,29
04/23/2019 08:00:00 PM,32,18,14
04/23/2019 09:00:00 PM,13,5,8
04/23/2019 10:00:00 PM,9,5,4
04/23/2019 11:00:00 PM,5,1,4
04/24/2019 12:00:00 AM,3,2,1
04/24/2019 01:00:00 AM,2,1,1
04/24/2019 02:00:00 AM,1,0,1
04/24/2019 03:00:00 AM,2,0,2
04/24/2019 04:00:00 AM,1,1,0
04/24/2019 05:00:00 AM,15,13,2
04/24/2019 06:00:00 AM,51,30,21
04/24/2019 07:00:00 AM,119,82,37
04/24/2019 08:00:00 AM,163,79,84
04/24/2019 09:00:00 AM,88,35,53
04/24/2019 10:00:00 AM,48,26,22
04/24/2019 11:00:00 AM,43,26,17
04/24/2019 12:00:00 PM,48,27,21
04/24/2019 01:00:00 PM,43,20,23
04/24/2019 02:00:00 PM,53,23,30
04/24/2019 03:00:00 PM,92,28,64
04/24/2019 04:00:00 PM,153,45,108
04/24/2019 05:00:00 PM,293,94,199
04/24/2019 06:00:00 PM,153,53,100
04/24/2019 07:00:00 PM,88,26,62
04/24/2019 08:00:00 PM,35,16,19
04/24/2019 09:00:00 PM,74,62,12
04/24/2019 10:00:00 PM,33,24,9
04/24/2019 11:00:00 PM,12,10,2
04/25/2019 12:00:00 AM,8,3,5
04/25/2019 01:00:00 AM,4,3,1
04/25/2019 02:00:00 AM,4,2,2
04/25/2019 03:00:00 AM,1,0,1
04/25/2019 04:00:00 AM,2,2,0
04/25/2019 05:00:00 AM,14,10,4
04/25/2019 06:00:00 AM,52,31,21
04/25/2019 07:00:00 AM,126,61,65
04/25/2019 08:00:00 AM,163,83,80
04/25/2019 09:00:00 AM,110,56,54
04/25/2019 10:00:00 AM,54,25,29
04/25/2019 11:00:00 AM,62,29,33
04/25/2019 12:00:00 PM,66,33,33
04/25/2019 01:00:00 PM,69,28,41
04/25/2019 02:00:00 PM,55,29,26
04/25/2019 03:00:00 PM,83,26,57
04/25/2019 04:00:00 PM,179,75,104
04/25/2019 05:00:00 PM,263,82,181
04/25/2019 06:00:00 PM,139,51,88
04/25/2019 07:00:00 PM,62,32,30
04/25/2019 08:00:00 PM,31,14,17
04/25/2019 09:00:00 PM,33,21,12
04/25/2019 10:00:00 PM,29,20,9
04/25/2019 11:00:00 PM,10,6,4
04/26/2019 12:00:00 AM,6,3,3
04/26/2019 01:00:00 AM,4,3,1
04/26/2019 02:00:00 AM,2,1,1
04/26/2019 03:00:00 AM,0,0,0
04/26/2019 04:00:00 AM,2,1,1
04/26/2019 05:00:00 AM,11,8,3
04/26/2019 06:00:00 AM,44,30,14
04/26/2019 07:00:00 AM,101,67,34
04/26/2019 08:00:00 AM,145,79,66
04/26/2019 09:00:00 AM,90,40,50
04/26/2019 10:00:00 AM,47,19,28
04/26/2019 11:00:00 AM,37,18,19
04/26/2019 12:00:00 PM,54,26,28
04/26/2019 01:00:00 PM,54,24,30
04/26/2019 02:00:00 PM,78,25,53
04/26/2019 03:00:00 PM,111,32,79
04/26/2019 04:00:00 PM,193,69,124
04/26/2019 05:00:00 PM,215,74,141
04/26/2019 06:00:00 PM,97,37,60
04/26/2019 07:00:00 PM,53,26,27
04/26/2019 08:00:00 PM,26,13,13
04/26/2019 09:00:00 PM,21,11,10
04/26/2019 10:00:00 PM,28,21,7
04/26/2019 11:00:00 PM,32,19,13
04/27/2019 12:00:00 AM,12,9,3
04/27/2019 01:00:00 AM,14,9,5
04/27/2019 02:00:00 AM,4,3,1
04/27/2019 03:00:00 AM,0,0,0
04/27/2019 04:00:00 AM,0,0,0
04/27/2019 05:00:00 AM,3,1,2
04/27/2019 06:00:00 AM,4,0,4
04/27/2019 07:00:00 AM,16,12,4
04/27/2019 08:00:00 AM,11,8,3
04/27/2019 09:00:00 AM,24,13,11
04/27/2019 10:00:00 AM,20,9,11
04/27/2019 11:00:00 AM,50,24,26
04/27/2019 12:00:00 PM,51,22,29
04/27/2019 01:00:00 PM,33,22,11
04/27/2019 02:00:00 PM,43,19,24
04/27/2019 03:00:00 PM,38,21,17
04/27/2019 04:00:00 PM,34,17,17
04/27/2019 05:00:00 PM,51,20,31
04/27/2019 06:00:00 PM,46,23,23
04/27/2019 07:00:00 PM,29,18,11
04/27/2019 08:00:00 PM,28,14,14
04/27/2019 09:00:00 PM,23,14,9
04/27/2019 10:00:00 PM,15,9,6
04/27/2019 11:00:00 PM,16,12,4
04/28/2019 12:00:00 AM,16,8,8
04/28/2019 01:00:00 AM,9,3,6
04/28/2019 02:00:00 AM,2,1,1
04/28/2019 03:00:00 AM,1,1,0
04/28/2019 04:00:00 AM,1,1,0
04/28/2019 05:00:00 AM,4,3,1
04/28/2019 06:00:00 AM,4,1,3
04/28/2019 07:00:00 AM,6,1,5
04/28/2019 08:00:00 AM,14,4,10
04/28/2019 09:00:00 AM,18,11,7
04/28/2019 10:00:00 AM,36,19,17
04/28/2019 11:00:00 AM,68,9,59
04/28/2019 12:00:00 PM,108,14,94
04/28/2019 01:00:00 PM,46,20,26
04/28/2019 02:00:00 PM,75,48,27
04/28/2019 03:00:00 PM,99,84,15
04/28/2019 04:00:00 PM,71,43,28
04/28/2019 05:00:00 PM,46,25,21
04/28/2019 06:00:00 PM,48,28,20
04/28/2019 07:00:00 PM,26,15,11
04/28/2019 08:00:00 PM,19,15,4
04/28/2019 09:00:00 PM,18,8,10
04/28/2019 10:00:00 PM,14,7,7
04/28/2019 11:00:00 PM,8,4,4
04/29/2019 12:00:00 AM,7,3,4
04/29/2019 01:00:00 AM,5,4,1
04/29/2019 02:00:00 AM,0,0,0
04/29/2019 03:00:00 AM,1,0,1
04/29/2019 04:00:00 AM,3,2,1
04/29/2019 05:00:00 AM,17,14,3
04/29/2019 06:00:00 AM,40,25,15
04/29/2019 07:00:00 AM,125,76,49
04/29/2019 08:00:00 AM,181,88,93
04/29/2019 09:00:00 AM,115,53,62
04/29/2019 10:00:00 AM,56,24,32
04/29/2019 11:00:00 AM,40,21,19
04/29/2019 12:00:00 PM,45,25,20
04/29/2019 01:00:00 PM,29,17,12
04/29/2019 02:00:00 PM,42,18,24
04/29/2019 03:00:00 PM,87,24,63
04/29/2019 04:00:00 PM,177,50,127
04/29/2019 05:00:00 PM,261,100,161
04/29/2019 06:00:00 PM,122,53,69
04/29/2019 07:00:00 PM,52,24,28
04/29/2019 08:00:00 PM,24,15,9
04/29/2019 09:00:00 PM,17,10,7
04/29/2019 10:00:00 PM,9,7,2
04/29/2019 11:00:00 PM,4,2,2
04/30/2019 12:00:00 AM,4,3,1
04/30/2019 01:00:00 AM,1,0,1
04/30/2019 02:00:00 AM,1,1,0
04/30/2019 03:00:00 AM,0,0,0
04/30/2019 04:00:00 AM,1,1,0
04/30/2019 05:00:00 AM,20,14,6
04/30/2019 06:00:00 AM,49,27,22
04/30/2019 07:00:00 AM,131,74,57
04/30/2019 08:00:00 AM,182,87,95
04/30/2019 09:00:00 AM,107,54,53
04/30/2019 10:00:00 AM,58,27,31
04/30/2019 11:00:00 AM,72,39,33
04/30/2019 12:00:00 PM,67,36,31
04/30/2019 01:00:00 PM,59,28,31
04/30/2019 02:00:00 PM,72,32,40
04/30/2019 03:00:00 PM,101,34,67
04/30/2019 04:00:00 PM,203,71,132
04/30/2019 05:00:00 PM,275,86,189
04/30/2019 06:00:00 PM,158,53,105
04/30/2019 07:00:00 PM,73,35,38
04/30/2019 08:00:00 PM,26,13,13
04/30/2019 09:00:00 PM,36,19,17
04/30/2019 10:00:00 PM,55,45,10
04/30/2019 11:00:00 PM,12,10,2
05/01/2019 12:00:00 AM,4,3,1
05/01/2019 01:00:00 AM,4,4,0
05/01/2019 02:00:00 AM,0,0,0
05/01/2019 03:00:00 AM,0,0,0
05/01/2019 04:00:00 AM,1,1,0
05/01/2019 05:00:00 AM,13,10,3
05/01/2019 06:00:00 AM,47,22,25
05/01/2019 07:00:00 AM,125,76,49
05/01/2019 08:00:00 AM,222,107,115
05/01/2019 09:00:00 AM,114,45,69
05/01/2019 10:00:00 AM,44,23,21
05/01/2019 11:00:00 AM,54,30,24
05/01/2019 12:00:00 PM,57,25,32
05/01/2019 01:00:00 PM,70,24,46
05/01/2019 02:00:00 PM,92,19,73
05/01/2019 03:00:00 PM,131,34,97
05/01/2019 04:00:00 PM,211,66,145
05/01/2019 05:00:00 PM,279,125,154
05/01/2019 06:00:00 PM,191,114,77
05/01/2019 07:00:00 PM,62,31,31
05/01/2019 08:00:00 PM,29,16,13
05/01/2019 09:00:00 PM,18,10,8
05/01/2019 10:00:00 PM,17,12,5
05/01/2019 11:00:00 PM,5,3,2
05/02/2019 12:00:00 AM,6,2,4
05/02/2019 01:00:00 AM,2,1,1
05/02/2019 02:00:00 AM,1,1,0
05/02/2019 03:00:00 AM,1,1,0
05/02/2019 04:00:00 AM,4,2,2
05/02/2019 05:00:00 AM,18,14,4
05/02/2019 06:00:00 AM,45,19,26
05/02/2019 07:00:00 AM,111,59,52
05/02/2019 08:00:00 AM,188,94,94
05/02/2019 09:00:00 AM,104,42,62
05/02/2019 10:00:00 AM,42,21,21
05/02/2019 11:00:00 AM,50,25,25
05/02/2019 12:00:00 PM,55,33,22
05/02/2019 01:00:00 PM,46,17,29
05/02/2019 02:00:00 PM,57,23,34
05/02/2019 03:00:00 PM,115,31,84
05/02/2019 04:00:00 PM,178,72,106
05/02/2019 05:00:00 PM,283,102,181
05/02/2019 06:00:00 PM,150,58,92
05/02/2019 07:00:00 PM,59,36,23
05/02/2019 08:00:00 PM,50,32,18
05/02/2019 09:00:00 PM,34,13,21
05/02/2019 10:00:00 PM,16,10,6
05/02/2019 11:00:00 PM,9,4,5
05/03/2019 12:00:00 AM,8,4,4
05/03/2019 01:00:00 AM,1,1,0
05/03/2019 02:00:00 AM,1,0,1
05/03/2019 03:00:00 AM,1,0,1
05/03/2019 04:00:00 AM,4,2,2
05/03/2019 05:00:00 AM,14,10,4
05/03/2019 06:00:00 AM,42,27,15
05/03/2019 07:00:00 AM,102,73,29
05/03/2019 08:00:00 AM,162,83,79
05/03/2019 09:00:00 AM,107,35,72
05/03/2019 10:00:00 AM,46,25,21
05/03/2019 11:00:00 AM,60,34,26
05/03/2019 12:00:00 PM,79,36,43
05/03/2019 01:00:00 PM,52,25,27
05/03/2019 02:00:00 PM,59,20,39
05/03/2019 03:00:00 PM,111,38,73
05/03/2019 04:00:00 PM,207,76,131
05/03/2019 05:00:00 PM,229,90,139
05/03/2019 06:00:00 PM,127,46,81
05/03/2019 07:00:00 PM,60,31,29
05/03/2019 08:00:00 PM,39,21,18
05/03/2019 09:00:00 PM,22,9,13
05/03/2019 10:00:00 PM,20,10,10
05/03/2019 11:00:00 PM,19,13,6
05/04/2019 12:00:00 AM,15,7,8
05/04/2019 01:00:00 AM,7,1,6
05/04/2019 02:00:00 AM,6,2,4
05/04/2019 03:00:00 AM,0,0,0
05/04/2019 04:00:00 AM,2,2,0
05/04/2019 05:00:00 AM,2,1,1
05/04/2019 06:00:00 AM,7,3,4
05/04/2019 07:00:00 AM,13,11,2
05/04/2019 08:00:00 AM,17,7,10
05/04/2019 09:00:00 AM,38,17,21
05/04/2019 10:00:00 AM,37,22,15
05/04/2019 11:00:00 AM,48,17,31
05/04/2019 12:00:00 PM,77,34,43
05/04/2019 01:00:00 PM,50,20,30
05/04/2019 02:00:00 PM,57,28,29
05/04/2019 03:00:00 PM,69,33,36
05/04/2019 04:00:00 PM,55,25,30
05/04/2019 05:00:00 PM,51,18,33
05/04/2019 06:00:00 PM,51,21,30
05/04/2019 07:00:00 PM,35,18,17
05/04/2019 08:00:00 PM,33,19,14
05/04/2019 09:00:00 PM,22,12,10
05/04/2019 10:00:00 PM,32,17,15
05/04/2019 11:00:00 PM,22,8,14
05/05/2019 12:00:00 AM,15,8,7
05/05/2019 01:00:00 AM,7,5,2
05/05/2019 02:00:00 AM,3,0,3
05/05/2019 03:00:00 AM,1,0,1
05/05/2019 04:00:00 AM,1,0,1
05/05/2019 05:00:00 AM,2,2,0
05/05/2019 06:00:00 AM,7,3,4
05/05/2019 07:00:00 AM,8,4,4
05/05/2019 08:00:00 AM,19,10,9
05/05/2019 09:00:00 AM,36,16,20
05/05/2019 10:00:00 AM,32,14,18
05/05/2019 11:00:00 AM,54,25,29
05/05/2019 12:00:00 PM,40,18,22
05/05/2019 01:00:00 PM,62,37,25
05/05/2019 02:00:00 PM,53,31,22
05/05/2019 03:00:00 PM,40,18,22
05/05/2019 04:00:00 PM,55,35,20
05/05/2019 05:00:00 PM,44,18,26
05/05/2019 06:00:00 PM,36,18,18
05/05/2019 07:00:00 PM,27,11,16
05/05/2019 08:00:00 PM,21,12,9
05/05/2019 09:00:00 PM,10,6,4
05/05/2019 10:00:00 PM,10,5,5
05/05/2019 11:00:00 PM,5,5,0
05/06/2019 12:00:00 AM,5,4,1
05/06/2019 01:00:00 AM,6,3,3
05/06/2019 02:00:00 AM,1,0,1
05/06/2019 03:00:00 AM,3,3,0
05/06/2019 04:00:00 AM,1,1,0
05/06/2019 05:00:00 AM,21,16,5
05/06/2019 06:00:00 AM,57,35,22
05/06/2019 07:00:00 AM,143,84,59
05/06/2019 08:00:00 AM,229,105,124
05/06/2019 09:00:00 AM,139,66,73
05/06/2019 10:00:00 AM,48,25,23
05/06/2019 11:00:00 AM,53,28,25
05/06/2019 12:00:00 PM,53,20,33
05/06/2019 01:00:00 PM,51,30,21
05/06/2019 02:00:00 PM,60,23,37
05/06/2019 03:00:00 PM,117,35,82
05/06/2019 04:00:00 PM,206,67,139
05/06/2019 05:00:00 PM,306,121,185
05/06/2019 06:00:00 PM,124,54,70
05/06/2019 07:00:00 PM,61,31,30
05/06/2019 08:00:00 PM,47,27,20
05/06/2019 09:00:00 PM,22,12,10
05/06/2019 10:00:00 PM,12,9,3
05/06/2019 11:00:00 PM,1,0,1
05/07/2019 12:00:00 AM,5,4,1
05/07/2019 01:00:00 AM,3,1,2
05/07/2019 02:00:00 AM,1,0,1
05/07/2019 03:00:00 AM,2,1,1
05/07/2019 04:00:00 AM,4,2,2
05/07/2019 05:00:00 AM,23,18,5
05/07/2019 06:00:00 AM,69,34,35
05/07/2019 07:00:00 AM,166,99,67
05/07/2019 08:00:00 AM,230,124,106
05/07/2019 09:00:00 AM,131,59,72
05/07/2019 10:00:00 AM,62,30,32
05/07/2019 11:00:00 AM,63,37,26
05/07/2019 12:00:00 PM,60,33,27
05/07/2019 01:00:00 PM,63,27,36
05/07/2019 02:00:00 PM,64,24,40
05/07/2019 03:00:00 PM,124,36,88
05/07/2019 04:00:00 PM,225,72,153
05/07/2019 05:00:00 PM,326,122,204
05/07/2019 06:00:00 PM,144,61,83
05/07/2019 07:00:00 PM,66,34,32
05/07/2019 08:00:00 PM,40,19,21
05/07/2019 09:00:00 PM,23,12,11
05/07/2019 10:00:00 PM,19,11,8
05/07/2019 11:00:00 PM,7,3,4
05/08/2019 12:00:00 AM,8,7,1
05/08/2019 01:00:00 AM,3,0,3
05/08/2019 02:00:00 AM,0,0,0
05/08/2019 03:00:00 AM,2,1,1
05/08/2019 04:00:00 AM,2,2,0
05/08/2019 05:00:00 AM,17,14,3
05/08/2019 06:00:00 AM,68,35,33
05/08/2019 07:00:00 AM,168,97,71
05/08/2019 08:00:00 AM,223,102,121
05/08/2019 09:00:00 AM,132,47,85
05/08/2019 10:00:00 AM,50,23,27
05/08/2019 11:00:00 AM,60,29,31
05/08/2019 12:00:00 PM,70,38,32
05/08/2019 01:00:00 PM,61,28,33
05/08/2019 02:00:00 PM,53,27,26
05/08/2019 03:00:00 PM,118,42,76
05/08/2019 04:00:00 PM,237,92,145
05/08/2019 05:00:00 PM,299,117,182
05/08/2019 06:00:00 PM,158,80,78
05/08/2019 07:00:00 PM,60,24,36
05/08/2019 08:00:00 PM,47,22,25
05/08/2019 09:00:00 PM,20,12,8
05/08/2019 10:00:00 PM,23,13,10
05/08/2019 11:00:00 PM,12,7,5
05/09/2019 12:00:00 AM,10,7,3
05/09/2019 01:00:00 AM,3,1,2
05/09/2019 02:00:00 AM,3,3,0
05/09/2019 03:00:00 AM,0,0,0
05/09/2019 04:00:00 AM,2,2,0
05/09/2019 05:00:00 AM,19,13,6
05/09/2019 06:00:00 AM,70,41,29
05/09/2019 07:00:00 AM,155,92,63
05/09/2019 08:00:00 AM,219,94,125
05/09/2019 09:00:00 AM,140,66,74
05/09/2019 10:00:00 AM,58,28,30
05/09/2019 11:00:00 AM,64,28,36
05/09/2019 12:00:00 PM,75,35,40
05/09/2019 01:00:00 PM,82,42,40
05/09/2019 02:00:00 PM,77,30,47
05/09/2019 03:00:00 PM,129,46,83
05/09/2019 04:00:00 PM,212,75,137
05/09/2019 05:00:00 PM,286,103,183
05/09/2019 06:00:00 PM,159,73,86
05/09/2019 07:00:00 PM,58,26,32
05/09/2019 08:00:00 PM,41,18,23
05/09/2019 09:00:00 PM,30,18,12
05/09/2019 10:00:00 PM,20,12,8
05/09/2019 11:00:00 PM,6,5,1
05/10/2019 12:00:00 AM,4,4,0
05/10/2019 01:00:00 AM,6,2,4
05/10/2019 02:00:00 AM,0,0,0
05/10/2019 03:00:00 AM,0,0,0
05/10/2019 04:00:00 AM,4,2,2
05/10/2019 05:00:00 AM,7,2,5
05/10/2019 06:00:00 AM,94,44,50
05/10/2019 07:00:00 AM,268,135,133
05/10/2019 08:00:00 AM,390,196,194
05/10/2019 09:00:00 AM,210,98,112
05/10/2019 10:00:00 AM,86,42,44
05/10/2019 11:00:00 AM,99,51,48
05/10/2019 12:00:00 PM,131,68,63
05/10/2019 01:00:00 PM,147,80,67
05/10/2019 02:00:00 PM,155,73,82
05/10/2019 03:00:00 PM,253,117,136
05/10/2019 04:00:00 PM,392,185,207
05/10/2019 05:00:00 PM,460,219,241
05/10/2019 06:00:00 PM,199,89,110
05/10/2019 07:00:00 PM,96,46,50
05/10/2019 08:00:00 PM,56,27,29
05/10/2019 09:00:00 PM,39,21,18
05/10/2019 10:00:00 PM,47,24,23
05/10/2019 11:00:00 PM,23,13,10
05/11/2019 12:00:00 AM,22,11,11
05/11/2019 01:00:00 AM,11,6,5
05/11/2019 02:00:00 AM,11,3,8
05/11/2019 03:00:00 AM,10,7,3
05/11/2019 04:00:00 AM,5,3,2
05/11/2019 05:00:00 AM,6,4,2
05/11/2019 06:00:00 AM,18,8,10
05/11/2019 07:00:00 AM,32,17,15
05/11/2019 08:00:00 AM,36,19,17
05/11/2019 09:00:00 AM,41,23,18
05/11/2019 10:00:00 AM,48,26,22
05/11/2019 11:00:00 AM,52,35,17
05/11/2019 12:00:00 PM,92,35,57
05/11/2019 01:00:00 PM,107,53,54
05/11/2019 02:00:00 PM,95,45,50
05/11/2019 03:00:00 PM,95,52,43
05/11/2019 04:00:00 PM,81,47,34
05/11/2019 05:00:00 PM,125,80,45
05/11/2019 06:00:00 PM,142,109,33
05/11/2019 07:00:00 PM,102,49,53
05/11/2019 08:00:00 PM,85,40,45
05/11/2019 09:00:00 PM,148,23,125
05/11/2019 10:00:00 PM,39,17,22
05/11/2019 11:00:00 PM,29,15,14
05/12/2019 12:00:00 AM,24,16,8
05/12/2019 01:00:00 AM,6,1,5
05/12/2019 02:00:00 AM,12,4,8
05/12/2019 03:00:00 AM,3,1,2
05/12/2019 04:00:00 AM,0,0,0
05/12/2019 05:00:00 AM,6,2,4
05/12/2019 06:00:00 AM,8,2,6
05/12/2019 07:00:00 AM,11,7,4
05/12/2019 08:00:00 AM,19,6,13
05/12/2019 09:00:00 AM,48,37,11
05/12/2019 10:00:00 AM,36,14,22
05/12/2019 11:00:00 AM,33,9,24
05/12/2019 12:00:00 PM,68,39,29
05/12/2019 01:00:00 PM,50,39,11
05/12/2019 02:00:00 PM,68,35,33
05/12/2019 03:00:00 PM,87,48,39
05/12/2019 04:00:00 PM,46,20,26
05/12/2019 05:00:00 PM,56,24,32
05/12/2019 06:00:00 PM,59,21,38
05/12/2019 07:00:00 PM,44,26,18
05/12/2019 08:00:00 PM,26,13,13
05/12/2019 09:00:00 PM,18,8,10
05/12/2019 10:00:00 PM,12,6,6
05/12/2019 11:00:00 PM,8,3,5
05/13/2019 12:00:00 AM,19,10,9
05/13/2019 01:00:00 AM,0,0,0
05/13/2019 02:00:00 AM,0,0,0
05/13/2019 03:00:00 AM,0,0,0
05/13/2019 04:00:00 AM,2,0,2
05/13/2019 05:00:00 AM,40,10,30
05/13/2019 06:00:00 AM,105,48,57
05/13/2019 07:00:00 AM,243,82,161
05/13/2019 08:00:00 AM,366,184,182
05/13/2019 09:00:00 AM,180,92,88
05/13/2019 10:00:00 AM,105,59,46
05/13/2019 11:00:00 AM,47,36,11
05/13/2019 12:00:00 PM,96,46,50
05/13/2019 01:00:00 PM,78,33,45
05/13/2019 02:00:00 PM,78,36,42
05/13/2019 03:00:00 PM,153,109,44
05/13/2019 04:00:00 PM,343,213,130
05/13/2019 05:00:00 PM,538,336,202
05/13/2019 06:00:00 PM,266,164,102
05/13/2019 07:00:00 PM,83,44,39
05/13/2019 08:00:00 PM,55,19,36
05/13/2019 09:00:00 PM,21,11,10
05/13/2019 10:00:00 PM,13,6,7
05/13/2019 11:00:00 PM,15,3,12
05/14/2019 12:00:00 AM,3,2,1
05/14/2019 01:00:00 AM,2,2,0
05/14/2019 02:00:00 AM,3,3,0
05/14/2019 03:00:00 AM,0,0,0
05/14/2019 04:00:00 AM,0,0,0
05/14/2019 05:00:00 AM,22,8,14
05/14/2019 06:00:00 AM,80,27,53
05/14/2019 07:00:00 AM,228,97,131
05/14/2019 08:00:00 AM,268,155,113
05/14/2019 09:00:00 AM,104,49,55
05/14/2019 10:00:00 AM,38,25,13
05/14/2019 11:00:00 AM,38,20,18
05/14/2019 12:00:00 PM,31,16,15
05/14/2019 01:00:00 PM,50,34,16
05/14/2019 02:00:00 PM,77,51,26
05/14/2019 03:00:00 PM,142,84,58
05/14/2019 04:00:00 PM,288,185,103
05/14/2019 05:00:00 PM,406,260,146
05/14/2019 06:00:00 PM,165,99,66
05/14/2019 07:00:00 PM,66,36,30
05/14/2019 08:00:00 PM,34,19,15
05/14/2019 09:00:00 PM,21,12,9
05/14/2019 10:00:00 PM,27,12,15
05/14/2019 11:00:00 PM,7,3,4
05/15/2019 12:00:00 AM,8,6,2
05/15/2019 01:00:00 AM,1,1,0
05/15/2019 02:00:00 AM,3,3,0
05/15/2019 03:00:00 AM,0,0,0
05/15/2019 04:00:00 AM,2,2,0
05/15/2019 05:00:00 AM,32,16,16
05/15/2019 06:00:00 AM,93,39,54
05/15/2019 07:00:00 AM,231,111,120
05/15/2019 08:00:00 AM,323,149,174
05/15/2019 09:00:00 AM,190,111,79
05/15/2019 10:00:00 AM,78,52,26
05/15/2019 11:00:00 AM,94,53,41
05/15/2019 12:00:00 PM,97,60,37
05/15/2019 01:00:00 PM,138,66,72
05/15/2019 02:00:00 PM,109,67,42
05/15/2019 03:00:00 PM,165,106,59
05/15/2019 04:00:00 PM,322,201,121
05/15/2019 05:00:00 PM,512,351,161
05/15/2019 06:00:00 PM,202,142,60
05/15/2019 07:00:00 PM,62,39,23
05/15/2019 08:00:00 PM,41,29,12
05/15/2019 09:00:00 PM,80,27,53
05/15/2019 10:00:00 PM,48,4,44
05/15/2019 11:00:00 PM,14,5,9
05/16/2019 12:00:00 AM,2,2,0
05/16/2019 01:00:00 AM,2,0,2
05/16/2019 02:00:00 AM,0,0,0
05/16/2019 03:00:00 AM,0,0,0
05/16/2019 04:00:00 AM,0,0,0
05/16/2019 05:00:00 AM,42,18,24
05/16/2019 06:00:00 AM,85,26,59
05/16/2019 07:00:00 AM,197,77,120
05/16/2019 08:00:00 AM,263,122,141
05/16/2019 09:00:00 AM,144,72,72
05/16/2019 10:00:00 AM,61,30,31
05/16/2019 11:00:00 AM,92,49,43
05/16/2019 12:00:00 PM,100,48,52
05/16/2019 01:00:00 PM,73,39,34
05/16/2019 02:00:00 PM,77,57,20
05/16/2019 03:00:00 PM,152,77,75
05/16/2019 04:00:00 PM,260,165,95
05/16/2019 05:00:00 PM,395,241,154
05/16/2019 06:00:00 PM,210,144,66
05/16/2019 07:00:00 PM,100,59,41
05/16/2019 08:00:00 PM,55,33,22
05/16/2019 09:00:00 PM,29,19,10
05/16/2019 10:00:00 PM,24,7,17
05/16/2019 11:00:00 PM,17,9,8
05/17/2019 12:00:00 AM,2,0,2
05/17/2019 01:00:00 AM,4,2,2
05/17/2019 02:00:00 AM,0,0,0
05/17/2019 03:00:00 AM,2,0,2
05/17/2019 04:00:00 AM,0,0,0
05/17/2019 05:00:00 AM,42,6,36
05/17/2019 06:00:00 AM,91,36,55
05/17/2019 07:00:00 AM,286,135,151
05/17/2019 08:00:00 AM,398,218,180
05/17/2019 09:00:00 AM,187,104,83
05/17/2019 10:00:00 AM,99,54,45
05/17/2019 11:00:00 AM,82,34,48
05/17/2019 12:00:00 PM,115,63,52
05/17/2019 01:00:00 PM,93,52,41
05/17/2019 02:00:00 PM,99,59,40
05/17/2019 03:00:00 PM,223,128,95
05/17/2019 04:00:00 PM,376,230,146
05/17/2019 05:00:00 PM,475,282,193
05/17/2019 06:00:00 PM,249,146,103
05/17/2019 07:00:00 PM,76,44,32
05/17/2019 08:00:00 PM,45,11,34
05/17/2019 09:00:00 PM,59,15,44
05/17/2019 10:00:00 PM,37,17,20
05/17/2019 11:00:00 PM,21,14,7
05/18/2019 12:00:00 AM,17,9,8
05/18/2019 01:00:00 AM,13,4,9
05/18/2019 02:00:00 AM,16,8,8
05/18/2019 03:00:00 AM,3,2,1
05/18/2019 04:00:00 AM,2,0,2
05/18/2019 05:00:00 AM,4,2,2
05/18/2019 06:00:00 AM,16,13,3
05/18/2019 07:00:00 AM,24,11,13
05/18/2019 08:00:00 AM,22,13,9
05/18/2019 09:00:00 AM,28,14,14
05/18/2019 10:00:00 AM,59,46,13
05/18/2019 11:00:00 AM,102,56,46
05/18/2019 12:00:00 PM,132,76,56
05/18/2019 01:00:00 PM,89,41,48
05/18/2019 02:00:00 PM,96,44,52
05/18/2019 03:00:00 PM,113,58,55
05/18/2019 04:00:00 PM,79,57,22
05/18/2019 05:00:00 PM,138,81,57
05/18/2019 06:00:00 PM,114,76,38
05/18/2019 07:00:00 PM,62,42,20
05/18/2019 08:00:00 PM,87,28,59
05/18/2019 09:00:00 PM,64,29,35
05/18/2019 10:00:00 PM,38,8,30
05/18/2019 11:00:00 PM,34,14,20
05/19/2019 12:00:00 AM,13,8,5
05/19/2019 01:00:00 AM,8,7,1
05/19/2019 02:00:00 AM,11,9,2
05/19/2019 03:00:00 AM,0,0,0
05/19/2019 04:00:00 AM,4,2,2
05/19/2019 05:00:00 AM,4,2,2
05/19/2019 06:00:00 AM,11,5,6
05/19/2019 07:00:00 AM,21,5,16
05/19/2019 08:00:00 AM,41,19,22
05/19/2019 09:00:00 AM,45,21,24
05/19/2019 10:00:00 AM,39,24,15
05/19/2019 11:00:00 AM,76,50,26
05/19/2019 12:00:00 PM,80,49,31
05/19/2019 01:00:00 PM,92,41,51
05/19/2019 02:00:00 PM,77,46,31
05/19/2019 03:00:00 PM,92,46,46
05/19/2019 04:00:00 PM,113,51,62
05/19/2019 05:00:00 PM,106,54,52
05/19/2019 06:00:00 PM,77,40,37
05/19/2019 07:00:00 PM,53,26,27
05/19/2019 08:00:00 PM,23,15,8
05/19/2019 09:00:00 PM,33,20,13
05/19/2019 10:00:00 PM,17,5,12
05/19/2019 11:00:00 PM,7,4,3
05/20/2019 12:00:00 AM,6,2,4
05/20/2019 01:00:00 AM,1,0,1
05/20/2019 02:00:00 AM,0,0,0
05/20/2019 03:00:00 AM,2,2,0
05/20/2019 04:00:00 AM,2,0,2
05/20/2019 05:00:00 AM,28,4,24
05/20/2019 06:00:00 AM,98,32,66
05/20/2019 07:00:00 AM,221,106,115
05/20/2019 08:00:00 AM,266,110,156
05/20/2019 09:00:00 AM,180,96,84
05/20/2019 10:00:00 AM,43,18,25
05/20/2019 11:00:00 AM,57,33,24
05/20/2019 12:00:00 PM,61,32,29
05/20/2019 01:00:00 PM,57,26,31
05/20/2019 02:00:00 PM,94,50,44
05/20/2019 03:00:00 PM,118,80,38
05/20/2019 04:00:00 PM,278,186,92
05/20/2019 05:00:00 PM,391,252,139
05/20/2019 06:00:00 PM,133,71,62
05/20/2019 07:00:00 PM,66,22,44
05/20/2019 08:00:00 PM,18,10,8
05/20/2019 09:00:00 PM,12,10,2
05/20/2019 10:00:00 PM,15,8,7
05/20/2019 11:00:00 PM,8,1,7
05/21/2019 12:00:00 AM,0,0,0
05/21/2019 01:00:00 AM,0,0,0
05/21/2019 02:00:00 AM,2,2,0
05/21/2019 03:00:00 AM,0,0,0
05/21/2019 04:00:00 AM,10,4,6
05/21/2019 05:00:00 AM,24,6,18
05/21/2019 06:00:00 AM,104,42,62
05/21/2019 07:00:00 AM,226,103,123
05/21/2019 08:00:00 AM,309,164,145
05/21/2019 09:00:00 AM,150,95,55
05/21/2019 10:00:00 AM,62,43,19
05/21/2019 11:00:00 AM,118,85,33
05/21/2019 12:00:00 PM,92,39,53
05/21/2019 01:00:00 PM,87,48,39
05/21/2019 02:00:00 PM,82,52,30
05/21/2019 03:00:00 PM,151,101,50
05/21/2019 04:00:00 PM,277,169,108
05/21/2019 05:00:00 PM,434,245,189
05/21/2019 06:00:00 PM,198,107,91
05/21/2019 07:00:00 PM,63,24,39
05/21/2019 08:00:00 PM,52,27,25
05/21/2019 09:00:00 PM,41,29,12
05/21/2019 10:00:00 PM,14,8,6
05/21/2019 11:00:00 PM,19,7,12
05/22/2019 12:00:00 AM,6,2,4
05/22/2019 01:00:00 AM,0,0,0
05/22/2019 02:00:00 AM,0,0,0
05/22/2019 03:00:00 AM,0,0,0
05/22/2019 04:00:00 AM,4,0,4
05/22/2019 05:00:00 AM,24,10,14
05/22/2019 06:00:00 AM,122,50,72
05/22/2019 07:00:00 AM,286,113,173
05/22/2019 08:00:00 AM,375,176,199
05/22/2019 09:00:00 AM,177,85,92
05/22/2019 10:00:00 AM,83,45,38
05/22/2019 11:00:00 AM,107,50,57
05/22/2019 12:00:00 PM,76,39,37
05/22/2019 01:00:00 PM,109,71,38
05/22/2019 02:00:00 PM,116,66,50
05/22/2019 03:00:00 PM,187,121,66
05/22/2019 04:00:00 PM,366,233,133
05/22/2019 05:00:00 PM,630,432,198
05/22/2019 06:00:00 PM,286,159,127
05/22/2019 07:00:00 PM,71,29,42
05/22/2019 08:00:00 PM,70,29,41
05/22/2019 09:00:00 PM,47,30,17
05/22/2019 10:00:00 PM,29,13,16
05/22/2019 11:00:00 PM,8,5,3
05/23/2019 12:00:00 AM,7,2,5
05/23/2019 01:00:00 AM,2,2,0
05/23/2019 02:00:00 AM,1,1,0
05/23/2019 03:00:00 AM,4,0,4
05/23/2019 04:00:00 AM,5,2,3
05/23/2019 05:00:00 AM,20,10,10
05/23/2019 06:00:00 AM,118,53,65
05/23/2019 07:00:00 AM,301,128,173
05/23/2019 08:00:00 AM,408,200,208
05/23/2019 09:00:00 AM,210,109,101
05/23/2019 10:00:00 AM,91,45,46
05/23/2019 11:00:00 AM,99,60,39
05/23/2019 12:00:00 PM,103,55,48
05/23/2019 01:00:00 PM,90,41,49
05/23/2019 02:00:00 PM,147,81,66
05/23/2019 03:00:00 PM,215,141,74
05/23/2019 04:00:00 PM,358,246,112
05/23/2019 05:00:00 PM,628,397,231
05/23/2019 06:00:00 PM,277,157,120
05/23/2019 07:00:00 PM,85,42,43
05/23/2019 08:00:00 PM,50,30,20
05/23/2019 09:00:00 PM,23,13,10
05/23/2019 10:00:00 PM,22,15,7
05/23/2019 11:00:00 PM,10,10,0
05/24/2019 12:00:00 AM,2,0,2
05/24/2019 01:00:00 AM,4,2,2
05/24/2019 02:00:00 AM,1,1,0
05/24/2019 03:00:00 AM,2,2,0
05/24/2019 04:00:00 AM,4,0,4
05/24/2019 05:00:00 AM,18,8,10
05/24/2019 06:00:00 AM,69,26,43
05/24/2019 07:00:00 AM,197,82,115
05/24/2019 08:00:00 AM,252,132,120
05/24/2019 09:00:00 AM,162,86,76
05/24/2019 10:00:00 AM,83,38,45
05/24/2019 11:00:00 AM,79,29,50
05/24/2019 12:00:00 PM,102,57,45
05/24/2019 01:00:00 PM,110,69,41
05/24/2019 02:00:00 PM,151,94,57
05/24/2019 03:00:00 PM,199,115,84
05/24/2019 04:00:00 PM,241,147,94
05/24/2019 05:00:00 PM,298,181,117
05/24/2019 06:00:00 PM,134,64,70
05/24/2019 07:00:00 PM,53,31,22
05/24/2019 08:00:00 PM,35,26,9
05/24/2019 09:00:00 PM,30,14,16
05/24/2019 10:00:00 PM,23,19,4
05/24/2019 11:00:00 PM,18,13,5
05/25/2019 12:00:00 AM,2,2,0
05/25/2019 01:00:00 AM,8,2,6
05/25/2019 02:00:00 AM,6,2,4
05/25/2019 03:00:00 AM,2,0,2
05/25/2019 04:00:00 AM,4,0,4
05/25/2019 05:00:00 AM,8,4,4
05/25/2019 06:00:00 AM,12,7,5
05/25/2019 07:00:00 AM,8,2,6
05/25/2019 08:00:00 AM,30,13,17
05/25/2019 09:00:00 AM,23,12,11
05/25/2019 10:00:00 AM,28,12,16
05/25/2019 11:00:00 AM,51,31,20
05/25/2019 12:00:00 PM,54,29,25
05/25/2019 01:00:00 PM,36,26,10
05/25/2019 02:00:00 PM,31,18,13
05/25/2019 03:00:00 PM,44,18,26
05/25/2019 04:00:00 PM,13,2,11
05/25/2019 05:00:00 PM,40,21,19
05/25/2019 06:00:00 PM,25,20,5
05/25/2019 07:00:00 PM,54,25,29
05/25/2019 08:00:00 PM,24,7,17
05/25/2019 09:00:00 PM,5,1,4
05/25/2019 10:00:00 PM,21,18,3
05/25/2019 11:00:00 PM,17,11,6
05/26/2019 12:00:00 AM,6,4,2
05/26/2019 01:00:00 AM,9,2,7
05/26/2019 02:00:00 AM,14,6,8
05/26/2019 03:00:00 AM,5,5,0
05/26/2019 04:00:00 AM,2,0,2
05/26/2019 05:00:00 AM,8,8,0
05/26/2019 06:00:00 AM,63,59,4
05/26/2019 07:00:00 AM,194,186,8
05/26/2019 08:00:00 AM,81,49,32
05/26/2019 09:00:00 AM,150,26,124
05/26/2019 10:00:00 AM,162,32,130
05/26/2019 11:00:00 AM,73,37,36
05/26/2019 12:00:00 PM,64,51,13
05/26/2019 01:00:00 PM,75,60,15
05/26/2019 02:00:00 PM,90,35,55
05/26/2019 03:00:00 PM,104,37,67
05/26/2019 04:00:00 PM,95,65,30
05/26/2019 05:00:00 PM,74,35,39
05/26/2019 06:00:00 PM,72,27,45
05/26/2019 07:00:00 PM,64,35,29
05/26/2019 08:00:00 PM,25,14,11
05/26/2019 09:00:00 PM,24,22,2
05/26/2019 10:00:00 PM,15,12,3
05/26/2019 11:00:00 PM,22,14,8
05/27/2019 12:00:00 AM,22,14,8
05/27/2019 01:00:00 AM,3,2,1
05/27/2019 02:00:00 AM,4,2,2
05/27/2019 03:00:00 AM,4,2,2
05/27/2019 04:00:00 AM,3,1,2
05/27/2019 05:00:00 AM,8,0,8
05/27/2019 06:00:00 AM,7,2,5
05/27/2019 07:00:00 AM,33,23,10
05/27/2019 08:00:00 AM,42,25,17
05/27/2019 09:00:00 AM,55,37,18
05/27/2019 10:00:00 AM,90,57,33
05/27/2019 11:00:00 AM,91,47,44
05/27/2019 12:00:00 PM,117,48,69
05/27/2019 01:00:00 PM,89,57,32
05/27/2019 02:00:00 PM,125,82,43
05/27/2019 03:00:00 PM,92,58,34
05/27/2019 04:00:00 PM,111,58,53
05/27/2019 05:00:00 PM,149,83,66
05/27/2019 06:00:00 PM,118,74,44
05/27/2019 07:00:00 PM,54,22,32
05/27/2019 08:00:00 PM,40,17,23
05/27/2019 09:00:00 PM,30,8,22
05/27/2019 10:00:00 PM,26,18,8
05/27/2019 11:00:00 PM,13,7,6
05/28/2019 12:00:00 AM,0,0,0
05/28/2019 01:00:00 AM,4,2,2
05/28/2019 02:00:00 AM,0,0,0
05/28/2019 03:00:00 AM,2,2,0
05/28/2019 04:00:00 AM,2,0,2
05/28/2019 05:00:00 AM,20,2,18
05/28/2019 06:00:00 AM,105,35,70
05/28/2019 07:00:00 AM,264,107,157
05/28/2019 08:00:00 AM,409,182,227
05/28/2019 09:00:00 AM,201,120,81
05/28/2019 10:00:00 AM,90,45,45
05/28/2019 11:00:00 AM,64,30,34
05/28/2019 12:00:00 PM,90,47,43
05/28/2019 01:00:00 PM,95,50,45
05/28/2019 02:00:00 PM,113,77,36
05/28/2019 03:00:00 PM,182,135,47
05/28/2019 04:00:00 PM,404,252,152
05/28/2019 05:00:00 PM,580,389,191
05/28/2019 06:00:00 PM,277,179,98
05/28/2019 07:00:00 PM,78,39,39
05/28/2019 08:00:00 PM,48,28,20
05/28/2019 09:00:00 PM,48,31,17
05/28/2019 10:00:00 PM,24,9,15
05/28/2019 11:00:00 PM,17,7,10
05/29/2019 12:00:00 AM,9,2,7
05/29/2019 01:00:00 AM,4,4,0
05/29/2019 02:00:00 AM,0,0,0
05/29/2019 03:00:00 AM,0,0,0
05/29/2019 04:00:00 AM,2,0,2
05/29/2019 05:00:00 AM,30,12,18
05/29/2019 06:00:00 AM,124,54,70
05/29/2019 07:00:00 AM,299,123,176
05/29/2019 08:00:00 AM,418,211,207
05/29/2019 09:00:00 AM,193,104,89
05/29/2019 10:00:00 AM,85,49,36
05/29/2019 11:00:00 AM,98,62,36
05/29/2019 12:00:00 PM,135,81,54
05/29/2019 01:00:00 PM,104,65,39
05/29/2019 02:00:00 PM,112,69,43
05/29/2019 03:00:00 PM,183,114,69
05/29/2019 04:00:00 PM,429,251,178
05/29/2019 05:00:00 PM,613,401,212
05/29/2019 06:00:00 PM,283,160,123
05/29/2019 07:00:00 PM,141,58,83
05/29/2019 08:00:00 PM,48,23,25
05/29/2019 09:00:00 PM,44,27,17
05/29/2019 10:00:00 PM,11,5,6
05/29/2019 11:00:00 PM,16,3,13
05/30/2019 12:00:00 AM,4,4,0
05/30/2019 01:00:00 AM,4,2,2
05/30/2019 02:00:00 AM,3,2,1
05/30/2019 03:00:00 AM,7,5,2
05/30/2019 04:00:00 AM,2,2,0
05/30/2019 05:00:00 AM,32,8,24
05/30/2019 06:00:00 AM,110,39,71
05/30/2019 07:00:00 AM,310,118,192
05/30/2019 08:00:00 AM,434,206,228
05/30/2019 09:00:00 AM,211,118,93
05/30/2019 10:00:00 AM,110,63,47
05/30/2019 11:00:00 AM,99,54,45
05/30/2019 12:00:00 PM,114,50,64
05/30/2019 01:00:00 PM,126,83,43
05/30/2019 02:00:00 PM,108,67,41
05/30/2019 03:00:00 PM,239,155,84
05/30/2019 04:00:00 PM,427,293,134
05/30/2019 05:00:00 PM,655,441,214
05/30/2019 06:00:00 PM,321,194,127
05/30/2019 07:00:00 PM,119,71,48
05/30/2019 08:00:00 PM,79,40,39
05/30/2019 09:00:00 PM,60,30,30
05/30/2019 10:00:00 PM,36,12,24
05/30/2019 11:00:00 PM,42,21,21
05/31/2019 12:00:00 AM,6,4,2
05/31/2019 01:00:00 AM,5,4,1
05/31/2019 02:00:00 AM,1,1,0
05/31/2019 03:00:00 AM,4,2,2
05/31/2019 04:00:00 AM,2,2,0
05/31/2019 05:00:00 AM,32,2,30
05/31/2019 06:00:00 AM,104,30,74
05/31/2019 07:00:00 AM,267,114,153
05/31/2019 08:00:00 AM,305,149,156
05/31/2019 09:00:00 AM,226,125,101
05/31/2019 10:00:00 AM,90,50,40
05/31/2019 11:00:00 AM,86,36,50
05/31/2019 12:00:00 PM,116,66,50
05/31/2019 01:00:00 PM,120,59,61
05/31/2019 02:00:00 PM,162,107,55
05/31/2019 03:00:00 PM,240,153,87
05/31/2019 04:00:00 PM,379,222,157
05/31/2019 05:00:00 PM,499,317,182
05/31/2019 06:00:00 PM,291,200,91
05/31/2019 07:00:00 PM,78,51,27
05/31/2019 08:00:00 PM,54,31,23
05/31/2019 09:00:00 PM,51,18,33
05/31/2019 10:00:00 PM,88,30,58
05/31/2019 11:00:00 PM,33,10,23
06/01/2019 12:00:00 AM,23,11,12
06/01/2019 01:00:00 AM,11,6,5
06/01/2019 02:00:00 AM,16,2,14
06/01/2019 03:00:00 AM,5,3,2
06/01/2019 04:00:00 AM,0,0,0
06/01/2019 05:00:00 AM,8,8,0
06/01/2019 06:00:00 AM,5,2,3
06/01/2019 07:00:00 AM,18,4,14
06/01/2019 08:00:00 AM,39,11,28
06/01/2019 09:00:00 AM,43,36,7
06/01/2019 10:00:00 AM,48,33,15
06/01/2019 11:00:00 AM,96,47,49
06/01/2019 12:00:00 PM,67,46,21
06/01/2019 01:00:00 PM,89,61,28
06/01/2019 02:00:00 PM,109,57,52
06/01/2019 03:00:00 PM,100,68,32
06/01/2019 04:00:00 PM,132,81,51
06/01/2019 05:00:00 PM,123,66,57
06/01/2019 06:00:00 PM,74,37,37
06/01/2019 07:00:00 PM,82,19,63
06/01/2019 08:00:00 PM,84,51,33
06/01/2019 09:00:00 PM,27,13,14
06/01/2019 10:00:00 PM,29,12,17
06/01/2019 11:00:00 PM,18,7,11
06/02/2019 12:00:00 AM,13,3,10
06/02/2019 01:00:00 AM,19,13,6
06/02/2019 02:00:00 AM,10,2,8
06/02/2019 03:00:00 AM,2,0,2
06/02/2019 04:00:00 AM,1,1,0
06/02/2019 05:00:00 AM,6,4,2
06/02/2019 06:00:00 AM,11,4,7
06/02/2019 07:00:00 AM,12,4,8
06/02/2019 08:00:00 AM,37,18,19
06/02/2019 09:00:00 AM,73,32,41
06/02/2019 10:00:00 AM,76,56,20
06/02/2019 11:00:00 AM,72,49,23
06/02/2019 12:00:00 PM,117,86,31
06/02/2019 01:00:00 PM,117,70,47
06/02/2019 02:00:00 PM,102,57,45
06/02/2019 03:00:00 PM,97,45,52
06/02/2019 04:00:00 PM,72,38,34
06/02/2019 05:00:00 PM,123,60,63
06/02/2019 06:00:00 PM,48,26,22
06/02/2019 07:00:00 PM,39,29,10
06/02/2019 08:00:00 PM,30,17,13
06/02/2019 09:00:00 PM,35,28,7
06/02/2019 10:00:00 PM,12,8,4
06/02/2019 11:00:00 PM,8,7,1
06/03/2019 12:00:00 AM,14,9,5
06/03/2019 01:00:00 AM,8,8,0
06/03/2019 02:00:00 AM,0,0,0
06/03/2019 03:00:00 AM,1,0,1
06/03/2019 04:00:00 AM,0,0,0
06/03/2019 05:00:00 AM,38,6,32
06/03/2019 06:00:00 AM,117,51,66
06/03/2019 07:00:00 AM,308,101,207
06/03/2019 08:00:00 AM,380,161,219
06/03/2019 09:00:00 AM,188,113,75
06/03/2019 10:00:00 AM,80,40,40
06/03/2019 11:00:00 AM,91,44,47
06/03/2019 12:00:00 PM,96,48,48
06/03/2019 01:00:00 PM,68,33,35
06/03/2019 02:00:00 PM,111,76,35
06/03/2019 03:00:00 PM,174,123,51
06/03/2019 04:00:00 PM,446,287,159
06/03/2019 05:00:00 PM,565,366,199
06/03/2019 06:00:00 PM,224,146,78
06/03/2019 07:00:00 PM,97,55,42
06/03/2019 08:00:00 PM,49,26,23
06/03/2019 09:00:00 PM,28,17,11
06/03/2019 10:00:00 PM,27,8,19
06/03/2019 11:00:00 PM,16,8,8
06/04/2019 12:00:00 AM,7,2,5
06/04/2019 01:00:00 AM,6,2,4
06/04/2019 02:00:00 AM,8,6,2
06/04/2019 03:00:00 AM,4,4,0
06/04/2019 04:00:00 AM,0,0,0
06/04/2019 05:00:00 AM,32,0,32
06/04/2019 06:00:00 AM,107,45,62
06/04/2019 07:00:00 AM,277,112,165
06/04/2019 08:00:00 AM,399,185,214
06/04/2019 09:00:00 AM,189,96,93
06/04/2019 10:00:00 AM,112,59,53
06/04/2019 11:00:00 AM,103,58,45
06/04/2019 12:00:00 PM,126,54,72
06/04/2019 01:00:00 PM,81,45,36
06/04/2019 02:00:00 PM,106,56,50
06/04/2019 03:00:00 PM,187,128,59
06/04/2019 04:00:00 PM,414,276,138
06/04/2019 05:00:00 PM,576,388,188
06/04/2019 06:00:00 PM,267,137,130
06/04/2019 07:00:00 PM,113,70,43
06/04/2019 08:00:00 PM,70,37,33
06/04/2019 09:00:00 PM,62,33,29
06/04/2019 10:00:00 PM,52,20,32
06/04/2019 11:00:00 PM,11,4,7
06/05/2019 12:00:00 AM,7,4,3
06/05/2019 01:00:00 AM,4,4,0
06/05/2019 02:00:00 AM,0,0,0
06/05/2019 03:00:00 AM,5,2,3
06/05/2019 04:00:00 AM,0,0,0
06/05/2019 05:00:00 AM,40,4,36
06/05/2019 06:00:00 AM,104,35,69
06/05/2019 07:00:00 AM,300,136,164
06/05/2019 08:00:00 AM,363,163,200
06/05/2019 09:00:00 AM,225,142,83
06/05/2019 10:00:00 AM,102,65,37
06/05/2019 11:00:00 AM,110,63,47
06/05/2019 12:00:00 PM,100,57,43
06/05/2019 01:00:00 PM,76,34,42
06/05/2019 02:00:00 PM,104,71,33
06/05/2019 03:00:00 PM,221,129,92
06/05/2019 04:00:00 PM,372,237,135
06/05/2019 05:00:00 PM,508,325,183
06/05/2019 06:00:00 PM,291,187,104
06/05/2019 07:00:00 PM,118,73,45
06/05/2019 08:00:00 PM,71,31,40
06/05/2019 09:00:00 PM,46,23,23
06/05/2019 10:00:00 PM,45,12,33
06/05/2019 11:00:00 PM,23,17,6
06/06/2019 12:00:00 AM,7,0,7
06/06/2019 01:00:00 AM,10,10,0
06/06/2019 02:00:00 AM,0,0,0
06/06/2019 03:00:00 AM,0,0,0
06/06/2019 04:00:00 AM,2,0,2
06/06/2019 05:00:00 AM,38,9,29
06/06/2019 06:00:00 AM,96,51,45
06/06/2019 07:00:00 AM,237,77,160
06/06/2019 08:00:00 AM,316,143,173
06/06/2019 09:00:00 AM,174,95,79
06/06/2019 10:00:00 AM,98,58,40
06/06/2019 11:00:00 AM,108,67,41
06/06/2019 12:00:00 PM,114,87,27
06/06/2019 01:00:00 PM,94,58,36
06/06/2019 02:00:00 PM,118,68,50
06/06/2019 03:00:00 PM,153,99,54
06/06/2019 04:00:00 PM,348,240,108
06/06/2019 05:00:00 PM,484,317,167
06/06/2019 06:00:00 PM,207,127,80
06/06/2019 07:00:00 PM,137,69,68
06/06/2019 08:00:00 PM,60,25,35
06/06/2019 09:00:00 PM,32,14,18
06/06/2019 10:00:00 PM,26,13,13
06/06/2019 11:00:00 PM,10,1,9
06/07/2019 12:00:00 AM,16,10,6
06/07/2019 01:00:00 AM,8,2,6
06/07/2019 02:00:00 AM,5,5,0
06/07/2019 03:00:00 AM,0,0,0
06/07/2019 04:00:00 AM,2,0,2
06/07/2019 05:00:00 AM,26,8,18
06/07/2019 06:00:00 AM,55,27,28
06/07/2019 07:00:00 AM,139,49,90
06/07/2019 08:00:00 AM,275,113,162
06/07/2019 09:00:00 AM,153,90,63
06/07/2019 10:00:00 AM,77,39,38
06/07/2019 11:00:00 AM,92,64,28
06/07/2019 12:00:00 PM,82,39,43
06/07/2019 01:00:00 PM,66,27,39
06/07/2019 02:00:00 PM,87,52,35
06/07/2019 03:00:00 PM,156,110,46
06/07/2019 04:00:00 PM,255,173,82
06/07/2019 05:00:00 PM,338,226,112
06/07/2019 06:00:00 PM,128,76,52
06/07/2019 07:00:00 PM,72,48,24
06/07/2019 08:00:00 PM,37,26,11
06/07/2019 09:00:00 PM,28,19,9
06/07/2019 10:00:00 PM,14,10,4
06/07/2019 11:00:00 PM,11,11,0
06/08/2019 12:00:00 AM,18,6,12
06/08/2019 01:00:00 AM,14,6,8
06/08/2019 02:00:00 AM,9,8,1
06/08/2019 03:00:00 AM,4,2,2
06/08/2019 04:00:00 AM,0,0,0
06/08/2019 05:00:00 AM,12,8,4
06/08/2019 06:00:00 AM,6,4,2
06/08/2019 07:00:00 AM,17,6,11
06/08/2019 08:00:00 AM,42,28,14
06/08/2019 09:00:00 AM,40,29,11
06/08/2019 10:00:00 AM,53,38,15
06/08/2019 11:00:00 AM,67,43,24
06/08/2019 12:00:00 PM,74,47,27
06/08/2019 01:00:00 PM,106,67,39
06/08/2019 02:00:00 PM,119,69,50
06/08/2019 03:00:00 PM,68,44,24
06/08/2019 04:00:00 PM,118,56,62
06/08/2019 05:00:00 PM,89,52,37
06/08/2019 06:00:00 PM,75,32,43
06/08/2019 07:00:00 PM,47,24,23
06/08/2019 08:00:00 PM,47,33,14
06/08/2019 09:00:00 PM,30,16,14
06/08/2019 10:00:00 PM,27,15,12
06/08/2019 11:00:00 PM,17,13,4
06/09/2019 12:00:00 AM,21,8,13
06/09/2019 01:00:00 AM,13,9,4
06/09/2019 02:00:00 AM,5,0,5
06/09/2019 03:00:00 AM,0,0,0
06/09/2019 04:00:00 AM,0,0,0
06/09/2019 05:00:00 AM,6,2,4
06/09/2019 06:00:00 AM,7,0,7
06/09/2019 07:00:00 AM,12,9,3
06/09/2019 08:00:00 AM,34,14,20
06/09/2019 09:00:00 AM,44,23,21
06/09/2019 10:00:00 AM,52,36,16
06/09/2019 11:00:00 AM,55,35,20
06/09/2019 12:00:00 PM,86,47,39
06/09/2019 01:00:00 PM,104,68,36
06/09/2019 02:00:00 PM,94,38,56
06/09/2019 03:00:00 PM,73,37,36
06/09/2019 04:00:00 PM,84,47,37
06/09/2019 05:00:00 PM,79,36,43
06/09/2019 06:00:00 PM,80,27,53
06/09/2019 07:00:00 PM,28,21,7
06/09/2019 08:00:00 PM,35,14,21
06/09/2019 09:00:00 PM,13,11,2
06/09/2019 10:00:00 PM,12,8,4
06/09/2019 11:00:00 PM,12,4,8
06/10/2019 12:00:00 AM,2,2,0
06/10/2019 01:00:00 AM,4,4,0
06/10/2019 02:00:00 AM,2,2,0
06/10/2019 03:00:00 AM,2,0,2
06/10/2019 04:00:00 AM,2,0,2
06/10/2019 05:00:00 AM,30,6,24
06/10/2019 06:00:00 AM,90,25,65
06/10/2019 07:00:00 AM,246,117,129
06/10/2019 08:00:00 AM,386,189,197
06/10/2019 09:00:00 AM,216,109,107
06/10/2019 10:00:00 AM,94,40,54
06/10/2019 11:00:00 AM,85,44,41
06/10/2019 12:00:00 PM,103,69,34
06/10/2019 01:00:00 PM,96,55,41
06/10/2019 02:00:00 PM,105,73,32
06/10/2019 03:00:00 PM,195,130,65
06/10/2019 04:00:00 PM,465,303,162
06/10/2019 05:00:00 PM,466,262,204
06/10/2019 06:00:00 PM,165,95,70
06/10/2019 07:00:00 PM,79,41,38
06/10/2019 08:00:00 PM,49,22,27
06/10/2019 09:00:00 PM,32,17,15
06/10/2019 10:00:00 PM,29,16,13
06/10/2019 11:00:00 PM,12,2,10
06/11/2019 12:00:00 AM,6,4,2
06/11/2019 01:00:00 AM,6,6,0
06/11/2019 02:00:00 AM,4,2,2
06/11/2019 03:00:00 AM,2,2,0
06/11/2019 04:00:00 AM,6,0,6
06/11/2019 05:00:00 AM,60,27,33
06/11/2019 06:00:00 AM,139,63,76
06/11/2019 07:00:00 AM,349,160,189
06/11/2019 08:00:00 AM,421,235,186
06/11/2019 09:00:00 AM,242,142,100
06/11/2019 10:00:00 AM,74,31,43
06/11/2019 11:00:00 AM,102,51,51
06/11/2019 12:00:00 PM,105,59,46
06/11/2019 01:00:00 PM,105,59,46
06/11/2019 02:00:00 PM,142,87,55
06/11/2019 03:00:00 PM,214,131,83
06/11/2019 04:00:00 PM,527,332,195
06/11/2019 05:00:00 PM,503,296,207
06/11/2019 06:00:00 PM,195,122,73
06/11/2019 07:00:00 PM,116,55,61
06/11/2019 08:00:00 PM,61,30,31
06/11/2019 09:00:00 PM,46,25,21
06/11/2019 10:00:00 PM,32,15,17
06/11/2019 11:00:00 PM,14,12,2
06/12/2019 12:00:00 AM,9,3,6
06/12/2019 01:00:00 AM,2,0,2
06/12/2019 02:00:00 AM,1,1,0
06/12/2019 03:00:00 AM,6,0,6
06/12/2019 04:00:00 AM,0,0,0
06/12/2019 05:00:00 AM,73,17,56
06/12/2019 06:00:00 AM,130,46,84
06/12/2019 07:00:00 AM,260,121,139
06/12/2019 08:00:00 AM,377,193,184
06/12/2019 09:00:00 AM,186,104,82
06/12/2019 10:00:00 AM,108,51,57
06/12/2019 11:00:00 AM,101,48,53
06/12/2019 12:00:00 PM,102,45,57
06/12/2019 01:00:00 PM,99,60,39
06/12/2019 02:00:00 PM,143,89,54
06/12/2019 03:00:00 PM,208,150,58
06/12/2019 04:00:00 PM,481,301,180
06/12/2019 05:00:00 PM,506,337,169
06/12/2019 06:00:00 PM,235,129,106
06/12/2019 07:00:00 PM,84,43,41
06/12/2019 08:00:00 PM,57,30,27
06/12/2019 09:00:00 PM,43,22,21
06/12/2019 10:00:00 PM,43,21,22
06/12/2019 11:00:00 PM,10,5,5
06/13/2019 12:00:00 AM,9,2,7
06/13/2019 01:00:00 AM,6,4,2
06/13/2019 02:00:00 AM,0,0,0
06/13/2019 03:00:00 AM,1,1,0
06/13/2019 04:00:00 AM,1,0,1
06/13/2019 05:00:00 AM,53,13,40
06/13/2019 06:00:00 AM,123,54,69
06/13/2019 07:00:00 AM,308,153,155
06/13/2019 08:00:00 AM,399,219,180
06/13/2019 09:00:00 AM,190,111,79
06/13/2019 10:00:00 AM,95,45,50
06/13/2019 11:00:00 AM,95,43,52
06/13/2019 12:00:00 PM,139,72,67
06/13/2019 01:00:00 PM,85,42,43
06/13/2019 02:00:00 PM,150,100,50
06/13/2019 03:00:00 PM,253,163,90
06/13/2019 04:00:00 PM,509,306,203
06/13/2019 05:00:00 PM,480,268,212
06/13/2019 06:00:00 PM,198,113,85
06/13/2019 07:00:00 PM,105,51,54
06/13/2019 08:00:00 PM,66,36,30
06/13/2019 09:00:00 PM,28,17,11
06/13/2019 10:00:00 PM,28,14,14
06/13/2019 11:00:00 PM,12,9,3
06/14/2019 12:00:00 AM,3,1,2
06/14/2019 01:00:00 AM,0,0,0
06/14/2019 02:00:00 AM,1,1,0
06/14/2019 03:00:00 AM,3,0,3
06/14/2019 04:00:00 AM,0,0,0
06/14/2019 05:00:00 AM,57,12,45
06/14/2019 06:00:00 AM,109,45,64
06/14/2019 07:00:00 AM,231,109,122
06/14/2019 08:00:00 AM,294,170,124
06/14/2019 09:00:00 AM,145,67,78
06/14/2019 10:00:00 AM,90,39,51
06/14/2019 11:00:00 AM,117,51,66
06/14/2019 12:00:00 PM,114,74,40
06/14/2019 01:00:00 PM,119,63,56
06/14/2019 02:00:00 PM,173,107,66
06/14/2019 03:00:00 PM,229,162,67
06/14/2019 04:00:00 PM,391,251,140
06/14/2019 05:00:00 PM,375,204,171
06/14/2019 06:00:00 PM,165,94,71
06/14/2019 07:00:00 PM,77,41,36
06/14/2019 08:00:00 PM,60,42,18
06/14/2019 09:00:00 PM,28,22,6
06/14/2019 10:00:00 PM,39,17,22
06/14/2019 11:00:00 PM,33,16,17
06/15/2019 12:00:00 AM,18,6,12
06/15/2019 01:00:00 AM,12,10,2
06/15/2019 02:00:00 AM,4,2,2
06/15/2019 03:00:00 AM,6,2,4
06/15/2019 04:00:00 AM,0,0,0
06/15/2019 05:00:00 AM,16,12,4
06/15/2019 06:00:00 AM,4,3,1
06/15/2019 07:00:00 AM,26,17,9
06/15/2019 08:00:00 AM,71,43,28
06/15/2019 09:00:00 AM,46,24,22
06/15/2019 10:00:00 AM,44,16,28
06/15/2019 11:00:00 AM,104,72,32
06/15/2019 12:00:00 PM,78,38,40
06/15/2019 01:00:00 PM,107,70,37
06/15/2019 02:00:00 PM,69,34,35
06/15/2019 03:00:00 PM,84,45,39
06/15/2019 04:00:00 PM,106,69,37
06/15/2019 05:00:00 PM,63,44,19
06/15/2019 06:00:00 PM,64,36,28
06/15/2019 07:00:00 PM,47,23,24
06/15/2019 08:00:00 PM,52,30,22
06/15/2019 09:00:00 PM,16,7,9
06/15/2019 10:00:00 PM,32,25,7
06/15/2019 11:00:00 PM,20,6,14
06/16/2019 12:00:00 AM,19,9,10
06/16/2019 01:00:00 AM,10,8,2
06/16/2019 02:00:00 AM,5,3,2
06/16/2019 03:00:00 AM,4,2,2
06/16/2019 04:00:00 AM,6,2,4
06/16/2019 05:00:00 AM,8,6,2
06/16/2019 06:00:00 AM,20,14,6
06/16/2019 07:00:00 AM,25,12,13
06/16/2019 08:00:00 AM,39,18,21
06/16/2019 09:00:00 AM,65,32,33
06/16/2019 10:00:00 AM,50,26,24
06/16/2019 11:00:00 AM,71,49,22
06/16/2019 12:00:00 PM,268,231,37
06/16/2019 01:00:00 PM,122,80,42
06/16/2019 02:00:00 PM,211,151,60
06/16/2019 03:00:00 PM,98,75,23
06/16/2019 04:00:00 PM,109,57,52
06/16/2019 05:00:00 PM,58,34,24
06/16/2019 06:00:00 PM,82,35,47
06/16/2019 07:00:00 PM,38,22,16
06/16/2019 08:00:00 PM,28,20,8
06/16/2019 09:00:00 PM,23,16,7
06/16/2019 10:00:00 PM,19,10,9
06/16/2019 11:00:00 PM,11,8,3
06/17/2019 12:00:00 AM,6,2,4
06/17/2019 01:00:00 AM,0,0,0
06/17/2019 02:00:00 AM,3,2,1
06/17/2019 03:00:00 AM,0,0,0
06/17/2019 04:00:00 AM,4,0,4
06/17/2019 05:00:00 AM,46,9,37
06/17/2019 06:00:00 AM,104,33,71
06/17/2019 07:00:00 AM,319,159,160
06/17/2019 08:00:00 AM,373,194,179
06/17/2019 09:00:00 AM,196,111,85
06/17/2019 10:00:00 AM,90,51,39
06/17/2019 11:00:00 AM,93,56,37
06/17/2019 12:00:00 PM,93,39,54
06/17/2019 01:00:00 PM,123,77,46
06/17/2019 02:00:00 PM,89,62,27
06/17/2019 03:00:00 PM,235,155,80
06/17/2019 04:00:00 PM,485,310,175
06/17/2019 05:00:00 PM,539,350,189
06/17/2019 06:00:00 PM,217,140,77
06/17/2019 07:00:00 PM,98,45,53
06/17/2019 08:00:00 PM,50,23,27
06/17/2019 09:00:00 PM,34,18,16
06/17/2019 10:00:00 PM,48,22,26
06/17/2019 11:00:00 PM,16,8,8
06/18/2019 12:00:00 AM,7,1,6
06/18/2019 01:00:00 AM,2,2,0
06/18/2019 02:00:00 AM,4,4,0
06/18/2019 03:00:00 AM,2,2,0
06/18/2019 04:00:00 AM,4,1,3
06/18/2019 05:00:00 AM,46,10,36
06/18/2019 06:00:00 AM,95,40,55
06/18/2019 07:00:00 AM,213,100,113
06/18/2019 08:00:00 AM,251,125,126
06/18/2019 09:00:00 AM,166,82,84
06/18/2019 10:00:00 AM,83,42,41
06/18/2019 11:00:00 AM,83,47,36
06/18/2019 12:00:00 PM,91,39,52
06/18/2019 01:00:00 PM,62,36,26
06/18/2019 02:00:00 PM,110,78,32
06/18/2019 03:00:00 PM,173,119,54
06/18/2019 04:00:00 PM,376,234,142
06/18/2019 05:00:00 PM,364,241,123
06/18/2019 06:00:00 PM,195,103,92
06/18/2019 07:00:00 PM,72,41,31
06/18/2019 08:00:00 PM,28,11,17
06/18/2019 09:00:00 PM,52,20,32
06/18/2019 10:00:00 PM,22,9,13
06/18/2019 11:00:00 PM,5,5,0
06/19/2019 12:00:00 AM,4,4,0
06/19/2019 01:00:00 AM,2,0,2
06/19/2019 02:00:00 AM,1,1,0
06/19/2019 03:00:00 AM,2,2,0
06/19/2019 04:00:00 AM,0,0,0
06/19/2019 05:00:00 AM,54,8,46
06/19/2019 06:00:00 AM,121,40,81
06/19/2019 07:00:00 AM,268,125,143
06/19/2019 08:00:00 AM,373,175,198
06/19/2019 09:00:00 AM,162,94,68
06/19/2019 10:00:00 AM,89,55,34
06/19/2019 11:00:00 AM,89,49,40
06/19/2019 12:00:00 PM,100,51,49
06/19/2019 01:00:00 PM,96,65,31
06/19/2019 02:00:00 PM,171,110,61
06/19/2019 03:00:00 PM,218,159,59
06/19/2019 04:00:00 PM,451,287,164
06/19/2019 05:00:00 PM,529,308,221
06/19/2019 06:00:00 PM,213,107,106
06/19/2019 07:00:00 PM,85,37,48
06/19/2019 08:00:00 PM,82,25,57
06/19/2019 09:00:00 PM,16,9,7
06/19/2019 10:00:00 PM,20,8,12
06/19/2019 11:00:00 PM,21,12,9
06/20/2019 12:00:00 AM,7,4,3
06/20/2019 01:00:00 AM,1,0,1
06/20/2019 02:00:00 AM,1,0,1
06/20/2019 03:00:00 AM,0,0,0
06/20/2019 04:00:00 AM,0,0,0
06/20/2019 05:00:00 AM,43,11,32
06/20/2019 06:00:00 AM,89,23,66
06/20/2019 07:00:00 AM,214,115,99
06/20/2019 08:00:00 AM,285,133,152
06/20/2019 09:00:00 AM,170,86,84
06/20/2019 10:00:00 AM,99,52,47
06/20/2019 11:00:00 AM,102,58,44
06/20/2019 12:00:00 PM,128,68,60
06/20/2019 01:00:00 PM,93,47,46
06/20/2019 02:00:00 PM,141,86,55
06/20/2019 03:00:00 PM,245,172,73
06/20/2019 04:00:00 PM,454,308,146
06/20/2019 05:00:00 PM,455,292,163
06/20/2019 06:00:00 PM,208,124,84
06/20/2019 07:00:00 PM,91,48,43
06/20/2019 08:00:00 PM,53,37,16
06/20/2019 09:00:00 PM,67,27,40
06/20/2019 10:00:00 PM,64,22,42
06/20/2019 11:00:00 PM,42,8,34
06/21/2019 12:00:00 AM,12,6,6
06/21/2019 01:00:00 AM,6,6,0
06/21/2019 02:00:00 AM,0,0,0
06/21/2019 03:00:00 AM,6,0,6
06/21/2019 04:00:00 AM,4,2,2
06/21/2019 05:00:00 AM,47,11,36
06/21/2019 06:00:00 AM,88,29,59
06/21/2019 07:00:00 AM,220,98,122
06/21/2019 08:00:00 AM,307,152,155
06/21/2019 09:00:00 AM,167,97,70
06/21/2019 10:00:00 AM,102,61,41
06/21/2019 11:00:00 AM,117,51,66
06/21/2019 12:00:00 PM,137,76,61
06/21/2019 01:00:00 PM,141,87,54
06/21/2019 02:00:00 PM,157,100,57
06/21/2019 03:00:00 PM,261,162,99
06/21/2019 04:00:00 PM,393,255,138
06/21/2019 05:00:00 PM,353,216,137
06/21/2019 06:00:00 PM,175,131,44
06/21/2019 07:00:00 PM,95,54,41
06/21/2019 08:00:00 PM,69,43,26
06/21/2019 09:00:00 PM,41,20,21
06/21/2019 10:00:00 PM,61,18,43
06/21/2019 11:00:00 PM,44,18,26
06/22/2019 12:00:00 AM,22,16,6
06/22/2019 01:00:00 AM,16,5,11
06/22/2019 02:00:00 AM,5,0,5
06/22/2019 03:00:00 AM,0,0,0
06/22/2019 04:00:00 AM,0,0,0
06/22/2019 05:00:00 AM,11,7,4
06/22/2019 06:00:00 AM,12,4,8
06/22/2019 07:00:00 AM,29,14,15
06/22/2019 08:00:00 AM,49,28,21
06/22/2019 09:00:00 AM,75,25,50
06/22/2019 10:00:00 AM,90,42,48
06/22/2019 11:00:00 AM,84,41,43
06/22/2019 12:00:00 PM,100,58,42
06/22/2019 01:00:00 PM,85,52,33
06/22/2019 02:00:00 PM,69,37,32
06/22/2019 03:00:00 PM,113,34,79
06/22/2019 04:00:00 PM,136,67,69
06/22/2019 05:00:00 PM,79,53,26
06/22/2019 06:00:00 PM,70,36,34
06/22/2019 07:00:00 PM,82,47,35
06/22/2019 08:00:00 PM,45,41,4
06/22/2019 09:00:00 PM,30,15,15
06/22/2019 10:00:00 PM,26,14,12
06/22/2019 11:00:00 PM,22,16,6
06/23/2019 12:00:00 AM,33,23,10
06/23/2019 01:00:00 AM,5,3,2
06/23/2019 02:00:00 AM,0,0,0
06/23/2019 03:00:00 AM,0,0,0
06/23/2019 04:00:00 AM,1,1,0
06/23/2019 05:00:00 AM,2,2,0
06/23/2019 06:00:00 AM,6,4,2
06/23/2019 07:00:00 AM,15,7,8
06/23/2019 08:00:00 AM,28,18,10
06/23/2019 09:00:00 AM,43,27,16
06/23/2019 10:00:00 AM,50,35,15
06/23/2019 11:00:00 AM,56,37,19
06/23/2019 12:00:00 PM,75,30,45
06/23/2019 01:00:00 PM,66,35,31
06/23/2019 02:00:00 PM,60,26,34
06/23/2019 03:00:00 PM,66,30,36
06/23/2019 04:00:00 PM,66,16,50
06/23/2019 05:00:00 PM,24,15,9
06/23/2019 06:00:00 PM,43,20,23
06/23/2019 07:00:00 PM,16,8,8
06/23/2019 08:00:00 PM,32,17,15
06/23/2019 09:00:00 PM,16,12,4
06/23/2019 10:00:00 PM,17,12,5
06/23/2019 11:00:00 PM,5,0,5
06/24/2019 12:00:00 AM,9,8,1
06/24/2019 01:00:00 AM,2,0,2
06/24/2019 02:00:00 AM,1,0,1
06/24/2019 03:00:00 AM,2,0,2
06/24/2019 04:00:00 AM,2,2,0
06/24/2019 05:00:00 AM,40,9,31
06/24/2019 06:00:00 AM,92,35,57
06/24/2019 07:00:00 AM,288,142,146
06/24/2019 08:00:00 AM,291,127,164
06/24/2019 09:00:00 AM,135,74,61
06/24/2019 10:00:00 AM,66,34,32
06/24/2019 11:00:00 AM,59,40,19
06/24/2019 12:00:00 PM,92,41,51
06/24/2019 01:00:00 PM,76,51,25
06/24/2019 02:00:00 PM,102,70,32
06/24/2019 03:00:00 PM,214,145,69
06/24/2019 04:00:00 PM,396,261,135
06/24/2019 05:00:00 PM,480,282,198
06/24/2019 06:00:00 PM,174,103,71
06/24/2019 07:00:00 PM,99,53,46
06/24/2019 08:00:00 PM,57,35,22
06/24/2019 09:00:00 PM,36,26,10
06/24/2019 10:00:00 PM,8,3,5
06/24/2019 11:00:00 PM,18,12,6
06/25/2019 12:00:00 AM,5,2,3
06/25/2019 01:00:00 AM,0,0,0
06/25/2019 02:00:00 AM,0,0,0
06/25/2019 03:00:00 AM,0,0,0
06/25/2019 04:00:00 AM,2,0,2
06/25/2019 05:00:00 AM,60,9,51
06/25/2019 06:00:00 AM,125,59,66
06/25/2019 07:00:00 AM,314,164,150
06/25/2019 08:00:00 AM,392,210,182
06/25/2019 09:00:00 AM,184,78,106
06/25/2019 10:00:00 AM,118,60,58
06/25/2019 11:00:00 AM,137,73,64
06/25/2019 12:00:00 PM,126,61,65
06/25/2019 01:00:00 PM,99,49,50
06/25/2019 02:00:00 PM,143,96,47
06/25/2019 03:00:00 PM,204,131,73
06/25/2019 04:00:00 PM,427,261,166
06/25/2019 05:00:00 PM,526,328,198
06/25/2019 06:00:00 PM,251,132,119
06/25/2019 07:00:00 PM,112,53,59
06/25/2019 08:00:00 PM,41,27,14
06/25/2019 09:00:00 PM,39,19,20
06/25/2019 10:00:00 PM,26,19,7
06/25/2019 11:00:00 PM,8,5,3
06/26/2019 12:00:00 AM,9,4,5
06/26/2019 01:00:00 AM,7,2,5
06/26/2019 02:00:00 AM,0,0,0
06/26/2019 03:00:00 AM,0,0,0
06/26/2019 04:00:00 AM,2,2,0
06/26/2019 05:00:00 AM,50,17,33
06/26/2019 06:00:00 AM,96,37,59
06/26/2019 07:00:00 AM,242,124,118
06/26/2019 08:00:00 AM,346,174,172
06/26/2019 09:00:00 AM,150,98,52
06/26/2019 10:00:00 AM,89,46,43
06/26/2019 11:00:00 AM,106,51,55
06/26/2019 12:00:00 PM,117,49,68
06/26/2019 01:00:00 PM,104,50,54
06/26/2019 02:00:00 PM,134,76,58
06/26/2019 03:00:00 PM,174,113,61
06/26/2019 04:00:00 PM,366,240,126
06/26/2019 05:00:00 PM,400,254,146
06/26/2019 06:00:00 PM,177,103,74
06/26/2019 07:00:00 PM,84,40,44
06/26/2019 08:00:00 PM,58,34,24
06/26/2019 09:00:00 PM,27,15,12
06/26/2019 10:00:00 PM,36,18,18
06/26/2019 11:00:00 PM,12,8,4
06/27/2019 12:00:00 AM,9,2,7
06/27/2019 01:00:00 AM,7,4,3
06/27/2019 02:00:00 AM,2,2,0
06/27/2019 03:00:00 AM,0,0,0
06/27/2019 04:00:00 AM,8,8,0
06/27/2019 05:00:00 AM,42,11,31
06/27/2019 06:00:00 AM,76,25,51
06/27/2019 07:00:00 AM,167,76,91
06/27/2019 08:00:00 AM,234,109,125
06/27/2019 09:00:00 AM,143,87,56
06/27/2019 10:00:00 AM,80,42,38
06/27/2019 11:00:00 AM,81,43,38
06/27/2019 12:00:00 PM,114,59,55
06/27/2019 01:00:00 PM,102,54,48
06/27/2019 02:00:00 PM,103,71,32
06/27/2019 03:00:00 PM,191,118,73
06/27/2019 04:00:00 PM,349,220,129
06/27/2019 05:00:00 PM,354,230,124
06/27/2019 06:00:00 PM,173,103,70
06/27/2019 07:00:00 PM,81,50,31
06/27/2019 08:00:00 PM,55,31,24
06/27/2019 09:00:00 PM,16,12,4
06/27/2019 10:00:00 PM,18,9,9
06/27/2019 11:00:00 PM,12,2,10
06/28/2019 12:00:00 AM,9,3,6
06/28/2019 01:00:00 AM,9,7,2
06/28/2019 02:00:00 AM,5,2,3
06/28/2019 03:00:00 AM,5,3,2
06/28/2019 04:00:00 AM,2,2,0
06/28/2019 05:00:00 AM,47,8,39
06/28/2019 06:00:00 AM,77,21,56
06/28/2019 07:00:00 AM,207,104,103
06/28/2019 08:00:00 AM,269,143,126
06/28/2019 09:00:00 AM,165,98,67
06/28/2019 10:00:00 AM,106,49,57
06/28/2019 11:00:00 AM,115,56,59
06/28/2019 12:00:00 PM,108,68,40
06/28/2019 01:00:00 PM,129,75,54
06/28/2019 02:00:00 PM,181,81,100
06/28/2019 03:00:00 PM,264,176,88
06/28/2019 04:00:00 PM,389,218,171
06/28/2019 05:00:00 PM,333,232,101
06/28/2019 06:00:00 PM,157,100,57
06/28/2019 07:00:00 PM,108,56,52
06/28/2019 08:00:00 PM,53,21,32
06/28/2019 09:00:00 PM,34,21,13
06/28/2019 10:00:00 PM,43,24,19
06/28/2019 11:00:00 PM,13,7,6
06/29/2019 12:00:00 AM,16,8,8
06/29/2019 01:00:00 AM,9,5,4
06/29/2019 02:00:00 AM,6,0,6
06/29/2019 03:00:00 AM,0,0,0
06/29/2019 04:00:00 AM,1,1,0
06/29/2019 05:00:00 AM,8,6,2
06/29/2019 06:00:00 AM,14,9,5
06/29/2019 07:00:00 AM,26,12,14
06/29/2019 08:00:00 AM,46,24,22
06/29/2019 09:00:00 AM,67,57,10
06/29/2019 10:00:00 AM,68,48,20
06/29/2019 11:00:00 AM,73,44,29
06/29/2019 12:00:00 PM,87,55,32
06/29/2019 01:00:00 PM,130,89,41
06/29/2019 02:00:00 PM,115,65,50
06/29/2019 03:00:00 PM,89,46,43
06/29/2019 04:00:00 PM,123,66,57
06/29/2019 05:00:00 PM,129,92,37
06/29/2019 06:00:00 PM,184,154,30
06/29/2019 07:00:00 PM,71,22,49
06/29/2019 08:00:00 PM,69,31,38
06/29/2019 09:00:00 PM,181,21,160
06/29/2019 10:00:00 PM,54,25,29
06/29/2019 11:00:00 PM,33,14,19
06/30/2019 12:00:00 AM,21,6,15
06/30/2019 01:00:00 AM,8,2,6
06/30/2019 02:00:00 AM,10,9,1
06/30/2019 03:00:00 AM,6,6,0
06/30/2019 04:00:00 AM,5,3,2
06/30/2019 05:00:00 AM,6,6,0
06/30/2019 06:00:00 AM,15,10,5
06/30/2019 07:00:00 AM,22,12,10
06/30/2019 08:00:00 AM,28,18,10
06/30/2019 09:00:00 AM,60,22,38
06/30/2019 10:00:00 AM,83,42,41
06/30/2019 11:00:00 AM,90,27,63
06/30/2019 12:00:00 PM,93,57,36
06/30/2019 01:00:00 PM,107,36,71
06/30/2019 02:00:00 PM,120,66,54
06/30/2019 03:00:00 PM,115,60,55
06/30/2019 04:00:00 PM,113,71,42
06/30/2019 05:00:00 PM,95,73,22
06/30/2019 06:00:00 PM,84,47,37
06/30/2019 07:00:00 PM,50,23,27
06/30/2019 08:00:00 PM,34,31,3
06/30/2019 09:00:00 PM,40,25,15
06/30/2019 10:00:00 PM,21,5,16
06/30/2019 11:00:00 PM,9,4,5
07/01/2019 12:00:00 AM,3,2,1
07/01/2019 01:00:00 AM,4,2,2
07/01/2019 02:00:00 AM,2,2,0
07/01/2019 03:00:00 AM,4,2,2
07/01/2019 04:00:00 AM,8,4,4
07/01/2019 05:00:00 AM,53,8,45
07/01/2019 06:00:00 AM,116,43,73
07/01/2019 07:00:00 AM,321,154,167
07/01/2019 08:00:00 AM,386,179,207
07/01/2019 09:00:00 AM,139,62,77
07/01/2019 10:00:00 AM,77,30,47
07/01/2019 11:00:00 AM,94,54,40
07/01/2019 12:00:00 PM,103,59,44
07/01/2019 01:00:00 PM,91,43,48
07/01/2019 02:00:00 PM,138,99,39
07/01/2019 03:00:00 PM,236,151,85
07/01/2019 04:00:00 PM,455,314,141
07/01/2019 05:00:00 PM,491,336,155
07/01/2019 06:00:00 PM,175,108,67
07/01/2019 07:00:00 PM,133,80,53
07/01/2019 08:00:00 PM,44,28,16
07/01/2019 09:00:00 PM,32,17,15
07/01/2019 10:00:00 PM,26,8,18
07/01/2019 11:00:00 PM,8,4,4
07/02/2019 12:00:00 AM,4,2,2
07/02/2019 01:00:00 AM,5,5,0
07/02/2019 02:00:00 AM,2,0,2
07/02/2019 03:00:00 AM,6,6,0
07/02/2019 04:00:00 AM,4,2,2
07/02/2019 05:00:00 AM,61,16,45
07/02/2019 06:00:00 AM,106,50,56
07/02/2019 07:00:00 AM,239,112,127
07/02/2019 08:00:00 AM,252,111,141
07/02/2019 09:00:00 AM,147,75,72
07/02/2019 10:00:00 AM,60,40,20
07/02/2019 11:00:00 AM,107,66,41
07/02/2019 12:00:00 PM,101,65,36
07/02/2019 01:00:00 PM,110,61,49
07/02/2019 02:00:00 PM,87,52,35
07/02/2019 03:00:00 PM,138,80,58
07/02/2019 04:00:00 PM,277,197,80
07/02/2019 05:00:00 PM,303,193,110
07/02/2019 06:00:00 PM,129,86,43
07/02/2019 07:00:00 PM,36,18,18
07/02/2019 08:00:00 PM,27,13,14
07/02/2019 09:00:00 PM,30,16,14
07/02/2019 10:00:00 PM,36,6,30
07/02/2019 11:00:00 PM,17,4,13
07/03/2019 12:00:00 AM,10,5,5
07/03/2019 01:00:00 AM,2,2,0
07/03/2019 02:00:00 AM,0,0,0
07/03/2019 03:00:00 AM,4,2,2
07/03/2019 04:00:00 AM,0,0,0
07/03/2019 05:00:00 AM,46,15,31
07/03/2019 06:00:00 AM,93,29,64
07/03/2019 07:00:00 AM,207,87,120
07/03/2019 08:00:00 AM,231,106,125
07/03/2019 09:00:00 AM,140,71,69
07/03/2019 10:00:00 AM,51,24,27
07/03/2019 11:00:00 AM,101,57,44
07/03/2019 12:00:00 PM,92,38,54
07/03/2019 01:00:00 PM,84,53,31
07/03/2019 02:00:00 PM,141,89,52
07/03/2019 03:00:00 PM,222,145,77
07/03/2019 04:00:00 PM,370,259,111
07/03/2019 05:00:00 PM,375,265,110
07/03/2019 06:00:00 PM,205,156,49
07/03/2019 07:00:00 PM,116,68,48
07/03/2019 08:00:00 PM,62,33,29
07/03/2019 09:00:00 PM,55,19,36
07/03/2019 10:00:00 PM,69,24,45
07/03/2019 11:00:00 PM,42,6,36
07/04/2019 12:00:00 AM,15,8,7
07/04/2019 01:00:00 AM,13,11,2
07/04/2019 02:00:00 AM,0,0,0
07/04/2019 03:00:00 AM,0,0,0
07/04/2019 04:00:00 AM,0,0,0
07/04/2019 05:00:00 AM,10,4,6
07/04/2019 06:00:00 AM,10,8,2
07/04/2019 07:00:00 AM,14,5,9
07/04/2019 08:00:00 AM,26,18,8
07/04/2019 09:00:00 AM,65,43,22
07/04/2019 10:00:00 AM,85,58,27
07/04/2019 11:00:00 AM,64,43,21
07/04/2019 12:00:00 PM,147,99,48
07/04/2019 01:00:00 PM,119,74,45
07/04/2019 02:00:00 PM,98,54,44
07/04/2019 03:00:00 PM,126,39,87
07/04/2019 04:00:00 PM,114,41,73
07/04/2019 05:00:00 PM,121,49,72
07/04/2019 06:00:00 PM,65,32,33
07/04/2019 07:00:00 PM,67,24,43
07/04/2019 08:00:00 PM,59,15,44
07/04/2019 09:00:00 PM,32,11,21
07/04/2019 10:00:00 PM,26,13,13
07/04/2019 11:00:00 PM,62,49,13
07/05/2019 12:00:00 AM,12,9,3
07/05/2019 01:00:00 AM,9,7,2
07/05/2019 02:00:00 AM,2,2,0
07/05/2019 03:00:00 AM,2,2,0
07/05/2019 04:00:00 AM,2,2,0
07/05/2019 05:00:00 AM,14,6,8
07/05/2019 06:00:00 AM,32,15,17
07/05/2019 07:00:00 AM,70,30,40
07/05/2019 08:00:00 AM,98,55,43
07/05/2019 09:00:00 AM,87,65,22
07/05/2019 10:00:00 AM,83,34,49
07/05/2019 11:00:00 AM,67,25,42
07/05/2019 12:00:00 PM,90,60,30
07/05/2019 01:00:00 PM,88,58,30
07/05/2019 02:00:00 PM,101,51,50
07/05/2019 03:00:00 PM,139,87,52
07/05/2019 04:00:00 PM,172,97,75
07/05/2019 05:00:00 PM,201,151,50
07/05/2019 06:00:00 PM,91,56,35
07/05/2019 07:00:00 PM,54,30,24
07/05/2019 08:00:00 PM,54,31,23
07/05/2019 09:00:00 PM,45,11,34
07/05/2019 10:00:00 PM,45,12,33
07/05/2019 11:00:00 PM,32,24,8
07/06/2019 12:00:00 AM,17,6,11
07/06/2019 01:00:00 AM,7,5,2
07/06/2019 02:00:00 AM,15,0,15
07/06/2019 03:00:00 AM,2,0,2
07/06/2019 04:00:00 AM,3,2,1
07/06/2019 05:00:00 AM,4,4,0
07/06/2019 06:00:00 AM,13,7,6
07/06/2019 07:00:00 AM,12,7,5
07/06/2019 08:00:00 AM,29,17,12
07/06/2019 09:00:00 AM,48,24,24
07/06/2019 10:00:00 AM,61,39,22
07/06/2019 11:00:00 AM,78,59,19
07/06/2019 12:00:00 PM,91,57,34
07/06/2019 01:00:00 PM,102,73,29
07/06/2019 02:00:00 PM,124,77,47
07/06/2019 03:00:00 PM,81,46,35
07/06/2019 04:00:00 PM,127,61,66
07/06/2019 05:00:00 PM,92,55,37
07/06/2019 06:00:00 PM,91,47,44
07/06/2019 07:00:00 PM,75,38,37
07/06/2019 08:00:00 PM,59,29,30
07/06/2019 09:00:00 PM,51,16,35
07/06/2019 10:00:00 PM,74,13,61
07/06/2019 11:00:00 PM,13,7,6
07/07/2019 12:00:00 AM,10,6,4
07/07/2019 01:00:00 AM,11,7,4
07/07/2019 02:00:00 AM,9,1,8
07/07/2019 03:00:00 AM,0,0,0
07/07/2019 04:00:00 AM,8,4,4
07/07/2019 05:00:00 AM,4,2,2
07/07/2019 06:00:00 AM,11,9,2
07/07/2019 07:00:00 AM,22,9,13
07/07/2019 08:00:00 AM,34,20,14
07/07/2019 09:00:00 AM,53,23,30
07/07/2019 10:00:00 AM,49,34,15
07/07/2019 11:00:00 AM,56,35,21
07/07/2019 12:00:00 PM,112,73,39
07/07/2019 01:00:00 PM,72,27,45
07/07/2019 02:00:00 PM,70,38,32
07/07/2019 03:00:00 PM,55,29,26
07/07/2019 04:00:00 PM,102,20,82
07/07/2019 05:00:00 PM,65,42,23
07/07/2019 06:00:00 PM,60,19,41
07/07/2019 07:00:00 PM,29,19,10
07/07/2019 08:00:00 PM,24,12,12
07/07/2019 09:00:00 PM,20,15,5
07/07/2019 10:00:00 PM,12,9,3
07/07/2019 11:00:00 PM,11,7,4
07/08/2019 12:00:00 AM,3,2,1
07/08/2019 01:00:00 AM,0,0,0
07/08/2019 02:00:00 AM,0,0,0
07/08/2019 03:00:00 AM,2,0,2
07/08/2019 04:00:00 AM,2,0,2
07/08/2019 05:00:00 AM,38,8,30
07/08/2019 06:00:00 AM,85,25,60
07/08/2019 07:00:00 AM,227,101,126
07/08/2019 08:00:00 AM,295,136,159
07/08/2019 09:00:00 AM,179,83,96
07/08/2019 10:00:00 AM,67,36,31
07/08/2019 11:00:00 AM,66,28,38
07/08/2019 12:00:00 PM,82,33,49
07/08/2019 01:00:00 PM,82,39,43
07/08/2019 02:00:00 PM,114,77,37
07/08/2019 03:00:00 PM,167,113,54
07/08/2019 04:00:00 PM,351,239,112
07/08/2019 05:00:00 PM,458,321,137
07/08/2019 06:00:00 PM,226,126,100
07/08/2019 07:00:00 PM,84,29,55
07/08/2019 08:00:00 PM,43,21,22
07/08/2019 09:00:00 PM,52,32,20
07/08/2019 10:00:00 PM,35,22,13
07/08/2019 11:00:00 PM,12,7,5
07/09/2019 12:00:00 AM,11,3,8
07/09/2019 01:00:00 AM,4,2,2
07/09/2019 02:00:00 AM,6,6,0
07/09/2019 03:00:00 AM,2,0,2
07/09/2019 04:00:00 AM,8,2,6
07/09/2019 05:00:00 AM,57,19,38
07/09/2019 06:00:00 AM,89,33,56
07/09/2019 07:00:00 AM,245,110,135
07/09/2019 08:00:00 AM,352,171,181
07/09/2019 09:00:00 AM,207,106,101
07/09/2019 10:00:00 AM,89,41,48
07/09/2019 11:00:00 AM,105,62,43
07/09/2019 12:00:00 PM,127,66,61
07/09/2019 01:00:00 PM,81,46,35
07/09/2019 02:00:00 PM,135,85,50
07/09/2019 03:00:00 PM,206,121,85
07/09/2019 04:00:00 PM,392,254,138
07/09/2019 05:00:00 PM,516,339,177
07/09/2019 06:00:00 PM,205,133,72
07/09/2019 07:00:00 PM,93,49,44
07/09/2019 08:00:00 PM,43,23,20
07/09/2019 09:00:00 PM,20,8,12
07/09/2019 10:00:00 PM,7,1,6
07/09/2019 11:00:00 PM,10,4,6
07/10/2019 12:00:00 AM,5,2,3
07/10/2019 01:00:00 AM,0,0,0
07/10/2019 02:00:00 AM,2,2,0
07/10/2019 03:00:00 AM,2,0,2
07/10/2019 04:00:00 AM,4,2,2
07/10/2019 05:00:00 AM,31,9,22
07/10/2019 06:00:00 AM,52,23,29
07/10/2019 07:00:00 AM,132,65,67
07/10/2019 08:00:00 AM,198,93,105
07/10/2019 09:00:00 AM,122,76,46
07/10/2019 10:00:00 AM,64,37,27
07/10/2019 11:00:00 AM,62,29,33
07/10/2019 12:00:00 PM,76,38,38
07/10/2019 01:00:00 PM,69,42,27
07/10/2019 02:00:00 PM,70,36,34
07/10/2019 03:00:00 PM,118,90,28
07/10/2019 04:00:00 PM,234,165,69
07/10/2019 05:00:00 PM,375,252,123
07/10/2019 06:00:00 PM,203,119,84
07/10/2019 07:00:00 PM,84,31,53
07/10/2019 08:00:00 PM,47,24,23
07/10/2019 09:00:00 PM,58,34,24
07/10/2019 10:00:00 PM,22,7,15
07/10/2019 11:00:00 PM,16,5,11
07/11/2019 12:00:00 AM,13,6,7
07/11/2019 01:00:00 AM,6,5,1
07/11/2019 02:00:00 AM,1,1,0
07/11/2019 03:00:00 AM,2,0,2
07/11/2019 04:00:00 AM,6,2,4
07/11/2019 05:00:00 AM,60,22,38
07/11/2019 06:00:00 AM,71,29,42
07/11/2019 07:00:00 AM,234,117,117
07/11/2019 08:00:00 AM,321,154,167
07/11/2019 09:00:00 AM,242,122,120
07/11/2019 10:00:00 AM,81,45,36
07/11/2019 11:00:00 AM,120,65,55
07/11/2019 12:00:00 PM,123,67,56
07/11/2019 01:00:00 PM,115,66,49
07/11/2019 02:00:00 PM,108,80,28
07/11/2019 03:00:00 PM,200,123,77
07/11/2019 04:00:00 PM,418,248,170
07/11/2019 05:00:00 PM,475,321,154
07/11/2019 06:00:00 PM,250,164,86
07/11/2019 07:00:00 PM,126,80,46
07/11/2019 08:00:00 PM,64,44,20
07/11/2019 09:00:00 PM,52,22,30
07/11/2019 10:00:00 PM,50,30,20
07/11/2019 11:00:00 PM,15,7,8
07/12/2019 12:00:00 AM,9,7,2
07/12/2019 01:00:00 AM,4,2,2
07/12/2019 02:00:00 AM,10,2,8
07/12/2019 03:00:00 AM,4,2,2
07/12/2019 04:00:00 AM,6,4,2
07/12/2019 05:00:00 AM,26,10,16
07/12/2019 06:00:00 AM,76,14,62
07/12/2019 07:00:00 AM,219,108,111
07/12/2019 08:00:00 AM,300,154,146
07/12/2019 09:00:00 AM,234,132,102
07/12/2019 10:00:00 AM,96,42,54
07/12/2019 11:00:00 AM,122,75,47
07/12/2019 12:00:00 PM,135,66,69
07/12/2019 01:00:00 PM,122,73,49
07/12/2019 02:00:00 PM,169,105,64
07/12/2019 03:00:00 PM,227,141,86
07/12/2019 04:00:00 PM,355,228,127
07/12/2019 05:00:00 PM,444,278,166
07/12/2019 06:00:00 PM,210,135,75
07/12/2019 07:00:00 PM,104,57,47
07/12/2019 08:00:00 PM,59,37,22
07/12/2019 09:00:00 PM,57,30,27
07/12/2019 10:00:00 PM,35,14,21
07/12/2019 11:00:00 PM,25,10,15
07/13/2019 12:00:00 AM,38,31,7
07/13/2019 01:00:00 AM,15,11,4
07/13/2019 02:00:00 AM,3,0,3
07/13/2019 03:00:00 AM,5,3,2
07/13/2019 04:00:00 AM,6,6,0
07/13/2019 05:00:00 AM,2,2,0
07/13/2019 06:00:00 AM,5,3,2
07/13/2019 07:00:00 AM,11,4,7
07/13/2019 08:00:00 AM,36,19,17
07/13/2019 09:00:00 AM,21,11,10
07/13/2019 10:00:00 AM,75,29,46
07/13/2019 11:00:00 AM,88,56,32
07/13/2019 12:00:00 PM,126,82,44
07/13/2019 01:00:00 PM,99,57,42
07/13/2019 02:00:00 PM,90,67,23
07/13/2019 03:00:00 PM,78,36,42
07/13/2019 04:00:00 PM,68,45,23
07/13/2019 05:00:00 PM,125,78,47
07/13/2019 06:00:00 PM,95,67,28
07/13/2019 07:00:00 PM,72,41,31
07/13/2019 08:00:00 PM,60,15,45
07/13/2019 09:00:00 PM,37,26,11
07/13/2019 10:00:00 PM,36,22,14
07/13/2019 11:00:00 PM,10,6,4
07/14/2019 12:00:00 AM,14,6,8
07/14/2019 01:00:00 AM,7,4,3
07/14/2019 02:00:00 AM,4,3,1
07/14/2019 03:00:00 AM,2,0,2
07/14/2019 04:00:00 AM,4,2,2
07/14/2019 05:00:00 AM,4,4,0
07/14/2019 06:00:00 AM,3,2,1
07/14/2019 07:00:00 AM,25,19,6
07/14/2019 08:00:00 AM,25,15,10
07/14/2019 09:00:00 AM,44,17,27
07/14/2019 10:00:00 AM,84,45,39
07/14/2019 11:00:00 AM,119,84,35
07/14/2019 12:00:00 PM,251,215,36
07/14/2019 01:00:00 PM,113,71,42
07/14/2019 02:00:00 PM,72,22,50
07/14/2019 03:00:00 PM,281,44,237
07/14/2019 04:00:00 PM,95,53,42
07/14/2019 05:00:00 PM,101,44,57
07/14/2019 06:00:00 PM,85,39,46
07/14/2019 07:00:00 PM,57,40,17
07/14/2019 08:00:00 PM,38,23,15
07/14/2019 09:00:00 PM,29,18,11
07/14/2019 10:00:00 PM,35,13,22
07/14/2019 11:00:00 PM,11,4,7
07/15/2019 12:00:00 AM,19,13,6
07/15/2019 01:00:00 AM,6,6,0
07/15/2019 02:00:00 AM,4,4,0
07/15/2019 03:00:00 AM,0,0,0
07/15/2019 04:00:00 AM,6,2,4
07/15/2019 05:00:00 AM,35,13,22
07/15/2019 06:00:00 AM,88,31,57
07/15/2019 07:00:00 AM,235,113,122
07/15/2019 08:00:00 AM,338,162,176
07/15/2019 09:00:00 AM,187,93,94
07/15/2019 10:00:00 AM,70,43,27
07/15/2019 11:00:00 AM,65,36,29
07/15/2019 12:00:00 PM,70,35,35
07/15/2019 01:00:00 PM,57,29,28
07/15/2019 02:00:00 PM,97,72,25
07/15/2019 03:00:00 PM,172,114,58
07/15/2019 04:00:00 PM,363,246,117
07/15/2019 05:00:00 PM,521,337,184
07/15/2019 06:00:00 PM,210,115,95
07/15/2019 07:00:00 PM,91,50,41
07/15/2019 08:00:00 PM,30,11,19
07/15/2019 09:00:00 PM,32,17,15
07/15/2019 10:00:00 PM,39,22,17
07/15/2019 11:00:00 PM,2,0,2
07/16/2019 12:00:00 AM,8,2,6
07/16/2019 01:00:00 AM,2,1,1
07/16/2019 02:00:00 AM,0,0,0
07/16/2019 03:00:00 AM,4,2,2
07/16/2019 04:00:00 AM,5,0,5
07/16/2019 05:00:00 AM,50,16,34
07/16/2019 06:00:00 AM,68,24,44
07/16/2019 07:00:00 AM,306,134,172
07/16/2019 08:00:00 AM,395,177,218
07/16/2019 09:00:00 AM,167,78,89
07/16/2019 10:00:00 AM,100,48,52
07/16/2019 11:00:00 AM,106,52,54
07/16/2019 12:00:00 PM,129,57,72
07/16/2019 01:00:00 PM,110,65,45
07/16/2019 02:00:00 PM,117,73,44
07/16/2019 03:00:00 PM,218,152,66
07/16/2019 04:00:00 PM,403,280,123
07/16/2019 05:00:00 PM,578,364,214
07/16/2019 06:00:00 PM,281,175,106
07/16/2019 07:00:00 PM,134,88,46
07/16/2019 08:00:00 PM,68,32,36
07/16/2019 09:00:00 PM,40,17,23
07/16/2019 10:00:00 PM,32,11,21
07/16/2019 11:00:00 PM,15,5,10
07/17/2019 12:00:00 AM,7,6,1
07/17/2019 01:00:00 AM,2,0,2
07/17/2019 02:00:00 AM,10,8,2
07/17/2019 03:00:00 AM,2,0,2
07/17/2019 04:00:00 AM,0,0,0
07/17/2019 05:00:00 AM,31,13,18
07/17/2019 06:00:00 AM,49,17,32
07/17/2019 07:00:00 AM,172,72,100
07/17/2019 08:00:00 AM,272,137,135
07/17/2019 09:00:00 AM,173,92,81
07/17/2019 10:00:00 AM,90,59,31
07/17/2019 11:00:00 AM,75,35,40
07/17/2019 12:00:00 PM,131,65,66
07/17/2019 01:00:00 PM,68,34,34
07/17/2019 02:00:00 PM,96,56,40
07/17/2019 03:00:00 PM,126,78,48
07/17/2019 04:00:00 PM,143,93,50
07/17/2019 05:00:00 PM,180,116,64
07/17/2019 06:00:00 PM,110,71,39
07/17/2019 07:00:00 PM,50,30,20
07/17/2019 08:00:00 PM,30,14,16
07/17/2019 09:00:00 PM,44,13,31
07/17/2019 10:00:00 PM,25,10,15
07/17/2019 11:00:00 PM,10,5,5
07/18/2019 12:00:00 AM,9,5,4
07/18/2019 01:00:00 AM,5,2,3
07/18/2019 02:00:00 AM,4,2,2
07/18/2019 03:00:00 AM,1,1,0
07/18/2019 04:00:00 AM,2,1,1
07/18/2019 05:00:00 AM,15,6,9
07/18/2019 06:00:00 AM,31,11,20
07/18/2019 07:00:00 AM,92,43,49
07/18/2019 08:00:00 AM,136,67,69
07/18/2019 09:00:00 AM,83,42,41
07/18/2019 10:00:00 AM,48,29,19
07/18/2019 11:00:00 AM,45,26,19
07/18/2019 12:00:00 PM,66,38,28
07/18/2019 01:00:00 PM,50,29,21
07/18/2019 02:00:00 PM,58,36,22
07/18/2019 03:00:00 PM,93,58,35
07/18/2019 04:00:00 PM,159,105,54
07/18/2019 05:00:00 PM,213,138,75
07/18/2019 06:00:00 PM,125,80,45
07/18/2019 07:00:00 PM,51,29,22
07/18/2019 08:00:00 PM,32,15,17
07/18/2019 09:00:00 PM,50,13,37
07/18/2019 10:00:00 PM,23,9,14
07/18/2019 11:00:00 PM,10,5,5
07/19/2019 12:00:00 AM,8,5,3
07/19/2019 01:00:00 AM,4,2,2
07/19/2019 02:00:00 AM,4,2,2
07/19/2019 03:00:00 AM,2,1,1
07/19/2019 04:00:00 AM,2,0,2
07/19/2019 05:00:00 AM,18,6,12
07/19/2019 06:00:00 AM,35,13,22
07/19/2019 07:00:00 AM,105,49,56
07/19/2019 08:00:00 AM,164,82,82
07/19/2019 09:00:00 AM,92,47,45
07/19/2019 10:00:00 AM,51,30,21
07/19/2019 11:00:00 AM,74,42,32
07/19/2019 12:00:00 PM,132,67,65
07/19/2019 01:00:00 PM,106,56,50
07/19/2019 02:00:00 PM,130,84,46
07/19/2019 03:00:00 PM,263,175,88
07/19/2019 04:00:00 PM,417,276,141
07/19/2019 05:00:00 PM,401,270,131
07/19/2019 06:00:00 PM,243,176,67
07/19/2019 07:00:00 PM,100,55,45
07/19/2019 08:00:00 PM,57,37,20
07/19/2019 09:00:00 PM,45,27,18
07/19/2019 10:00:00 PM,53,15,38
07/19/2019 11:00:00 PM,26,19,7
07/20/2019 12:00:00 AM,17,8,9
07/20/2019 01:00:00 AM,14,5,9
07/20/2019 02:00:00 AM,6,2,4
07/20/2019 03:00:00 AM,2,2,0
07/20/2019 04:00:00 AM,2,2,0
07/20/2019 05:00:00 AM,8,8,0
07/20/2019 06:00:00 AM,11,7,4
07/20/2019 07:00:00 AM,25,17,8
07/20/2019 08:00:00 AM,38,23,15
07/20/2019 09:00:00 AM,21,13,8
07/20/2019 10:00:00 AM,36,22,14
07/20/2019 11:00:00 AM,43,30,13
07/20/2019 12:00:00 PM,71,52,19
07/20/2019 01:00:00 PM,56,38,18
07/20/2019 02:00:00 PM,57,36,21
07/20/2019 03:00:00 PM,66,26,40
07/20/2019 04:00:00 PM,67,33,34
07/20/2019 05:00:00 PM,63,34,29
07/20/2019 06:00:00 PM,63,38,25
07/20/2019 07:00:00 PM,37,20,17
07/20/2019 08:00:00 PM,29,14,15
07/20/2019 09:00:00 PM,25,13,12
07/20/2019 10:00:00 PM,29,11,18
07/20/2019 11:00:00 PM,12,6,6
07/21/2019 12:00:00 AM,13,7,6
07/21/2019 01:00:00 AM,9,3,6
07/21/2019 02:00:00 AM,8,2,6
07/21/2019 03:00:00 AM,2,1,1
07/21/2019 04:00:00 AM,2,1,1
07/21/2019 05:00:00 AM,2,1,1
07/21/2019 06:00:00 AM,4,3,1
07/21/2019 07:00:00 AM,11,7,4
07/21/2019 08:00:00 AM,18,9,9
07/21/2019 09:00:00 AM,32,18,14
07/21/2019 10:00:00 AM,37,22,15
07/21/2019 11:00:00 AM,41,26,15
07/21/2019 12:00:00 PM,68,50,18
07/21/2019 01:00:00 PM,57,33,24
07/21/2019 02:00:00 PM,94,42,52
07/21/2019 03:00:00 PM,122,74,48
07/21/2019 04:00:00 PM,129,88,41
07/21/2019 05:00:00 PM,165,132,33
07/21/2019 06:00:00 PM,182,132,50
07/21/2019 07:00:00 PM,63,37,26
07/21/2019 08:00:00 PM,66,16,50
07/21/2019 09:00:00 PM,247,30,217
07/21/2019 10:00:00 PM,43,17,26
07/21/2019 11:00:00 PM,19,10,9
07/22/2019 12:00:00 AM,16,9,7
07/22/2019 01:00:00 AM,6,4,2
07/22/2019 02:00:00 AM,4,2,2
07/22/2019 03:00:00 AM,0,0,0
07/22/2019 04:00:00 AM,6,2,4
07/22/2019 05:00:00 AM,49,15,34
07/22/2019 06:00:00 AM,101,31,70
07/22/2019 07:00:00 AM,264,137,127
07/22/2019 08:00:00 AM,409,223,186
07/22/2019 09:00:00 AM,224,105,119
07/22/2019 10:00:00 AM,107,71,36
07/22/2019 11:00:00 AM,87,53,34
07/22/2019 12:00:00 PM,118,63,55
07/22/2019 01:00:00 PM,109,59,50
07/22/2019 02:00:00 PM,114,77,37
07/22/2019 03:00:00 PM,236,166,70
07/22/2019 04:00:00 PM,447,307,140
07/22/2019 05:00:00 PM,539,350,189
07/22/2019 06:00:00 PM,272,171,101
07/22/2019 07:00:00 PM,73,31,42
07/22/2019 08:00:00 PM,68,46,22
07/22/2019 09:00:00 PM,58,23,35
07/22/2019 10:00:00 PM,35,6,29
07/22/2019 11:00:00 PM,16,12,4
07/23/2019 12:00:00 AM,11,10,1
07/23/2019 01:00:00 AM,6,4,2
07/23/2019 02:00:00 AM,1,1,0
07/23/2019 03:00:00 AM,4,2,2
07/23/2019 04:00:00 AM,4,0,4
07/23/2019 05:00:00 AM,50,12,38
07/23/2019 06:00:00 AM,88,46,42
07/23/2019 07:00:00 AM,235,117,118
07/23/2019 08:00:00 AM,429,214,215
07/23/2019 09:00:00 AM,170,95,75
07/23/2019 10:00:00 AM,85,46,39
07/23/2019 11:00:00 AM,70,29,41
07/23/2019 12:00:00 PM,119,67,52
07/23/2019 01:00:00 PM,98,52,46
07/23/2019 02:00:00 PM,109,77,32
07/23/2019 03:00:00 PM,194,142,52
07/23/2019 04:00:00 PM,446,311,135
07/23/2019 05:00:00 PM,593,418,175
07/23/2019 06:00:00 PM,318,187,131
07/23/2019 07:00:00 PM,119,62,57
07/23/2019 08:00:00 PM,66,30,36
07/23/2019 09:00:00 PM,54,20,34
07/23/2019 10:00:00 PM,32,8,24
07/23/2019 11:00:00 PM,28,11,17
07/24/2019 12:00:00 AM,13,5,8
07/24/2019 01:00:00 AM,1,0,1
07/24/2019 02:00:00 AM,3,3,0
07/24/2019 03:00:00 AM,3,0,3
07/24/2019 04:00:00 AM,5,0,5
07/24/2019 05:00:00 AM,44,10,34
07/24/2019 06:00:00 AM,81,33,48
07/24/2019 07:00:00 AM,282,149,133
07/24/2019 08:00:00 AM,366,192,174
07/24/2019 09:00:00 AM,214,132,82
07/24/2019 10:00:00 AM,98,53,45
07/24/2019 11:00:00 AM,112,67,45
07/24/2019 12:00:00 PM,209,144,65
07/24/2019 01:00:00 PM,107,67,40
07/24/2019 02:00:00 PM,161,77,84
07/24/2019 03:00:00 PM,278,152,126
07/24/2019 04:00:00 PM,484,336,148
07/24/2019 05:00:00 PM,641,399,242
07/24/2019 06:00:00 PM,273,175,98
07/24/2019 07:00:00 PM,118,60,58
07/24/2019 08:00:00 PM,57,40,17
07/24/2019 09:00:00 PM,59,33,26
07/24/2019 10:00:00 PM,32,15,17
07/24/2019 11:00:00 PM,9,7,2
07/25/2019 12:00:00 AM,11,2,9
07/25/2019 01:00:00 AM,9,3,6
07/25/2019 02:00:00 AM,2,0,2
07/25/2019 03:00:00 AM,4,2,2
07/25/2019 04:00:00 AM,3,1,2
07/25/2019 05:00:00 AM,36,12,24
07/25/2019 06:00:00 AM,98,49,49
07/25/2019 07:00:00 AM,253,134,119
07/25/2019 08:00:00 AM,406,207,199
07/25/2019 09:00:00 AM,201,109,92
07/25/2019 10:00:00 AM,96,49,47
07/25/2019 11:00:00 AM,89,52,37
07/25/2019 12:00:00 PM,126,65,61
07/25/2019 01:00:00 PM,115,70,45
07/25/2019 02:00:00 PM,159,102,57
07/25/2019 03:00:00 PM,220,169,51
07/25/2019 04:00:00 PM,414,276,138
07/25/2019 05:00:00 PM,562,343,219
07/25/2019 06:00:00 PM,341,215,126
07/25/2019 07:00:00 PM,139,90,49
07/25/2019 08:00:00 PM,83,41,42
07/25/2019 09:00:00 PM,96,27,69
07/25/2019 10:00:00 PM,38,21,17
07/25/2019 11:00:00 PM,17,2,15
07/26/2019 12:00:00 AM,14,4,10
07/26/2019 01:00:00 AM,4,2,2
07/26/2019 02:00:00 AM,2,2,0
07/26/2019 03:00:00 AM,4,0,4
07/26/2019 04:00:00 AM,4,2,2
07/26/2019 05:00:00 AM,34,4,30
07/26/2019 06:00:00 AM,82,42,40
07/26/2019 07:00:00 AM,243,130,113
07/26/2019 08:00:00 AM,354,200,154
07/26/2019 09:00:00 AM,225,126,99
07/26/2019 10:00:00 AM,83,48,35
07/26/2019 11:00:00 AM,87,37,50
07/26/2019 12:00:00 PM,139,90,49
07/26/2019 01:00:00 PM,186,92,94
07/26/2019 02:00:00 PM,204,129,75
07/26/2019 03:00:00 PM,267,190,77
07/26/2019 04:00:00 PM,426,255,171
07/26/2019 05:00:00 PM,425,257,168
07/26/2019 06:00:00 PM,227,159,68
07/26/2019 07:00:00 PM,96,54,42
07/26/2019 08:00:00 PM,67,41,26
07/26/2019 09:00:00 PM,79,30,49
07/26/2019 10:00:00 PM,84,18,66
07/26/2019 11:00:00 PM,37,11,26
07/27/2019 12:00:00 AM,26,20,6
07/27/2019 01:00:00 AM,19,12,7
07/27/2019 02:00:00 AM,2,2,0
07/27/2019 03:00:00 AM,4,4,0
07/27/2019 04:00:00 AM,2,2,0
07/27/2019 05:00:00 AM,6,2,4
07/27/2019 06:00:00 AM,10,7,3
07/27/2019 07:00:00 AM,10,2,8
07/27/2019 08:00:00 AM,32,16,16
07/27/2019 09:00:00 AM,55,40,15
07/27/2019 10:00:00 AM,65,36,29
07/27/2019 11:00:00 AM,56,41,15
07/27/2019 12:00:00 PM,138,106,32
07/27/2019 01:00:00 PM,91,72,19
07/27/2019 02:00:00 PM,71,50,21
07/27/2019 03:00:00 PM,79,40,39
07/27/2019 04:00:00 PM,112,42,70
07/27/2019 05:00:00 PM,118,62,56
07/27/2019 06:00:00 PM,104,35,69
07/27/2019 07:00:00 PM,58,27,31
07/27/2019 08:00:00 PM,53,27,26
07/27/2019 09:00:00 PM,42,33,9
07/27/2019 10:00:00 PM,34,20,14
07/27/2019 11:00:00 PM,32,14,18
07/28/2019 12:00:00 AM,34,26,8
07/28/2019 01:00:00 AM,6,2,4
07/28/2019 02:00:00 AM,19,3,16
07/28/2019 03:00:00 AM,4,2,2
07/28/2019 04:00:00 AM,2,0,2
07/28/2019 05:00:00 AM,8,4,4
07/28/2019 06:00:00 AM,6,2,4
07/28/2019 07:00:00 AM,18,12,6
07/28/2019 08:00:00 AM,31,10,21
07/28/2019 09:00:00 AM,66,37,29
07/28/2019 10:00:00 AM,84,58,26
07/28/2019 11:00:00 AM,64,46,18
07/28/2019 12:00:00 PM,59,31,28
07/28/2019 01:00:00 PM,97,63,34
07/28/2019 02:00:00 PM,88,48,40
07/28/2019 03:00:00 PM,70,34,36
07/28/2019 04:00:00 PM,117,52,65
07/28/2019 05:00:00 PM,96,37,59
07/28/2019 06:00:00 PM,94,66,28
07/28/2019 07:00:00 PM,71,44,27
07/28/2019 08:00:00 PM,48,27,21
07/28/2019 09:00:00 PM,50,28,22
07/28/2019 10:00:00 PM,11,5,6
07/28/2019 11:00:00 PM,17,12,5
07/29/2019 12:00:00 AM,5,5,0
07/29/2019 01:00:00 AM,4,4,0
07/29/2019 02:00:00 AM,4,2,2
07/29/2019 03:00:00 AM,2,0,2
07/29/2019 04:00:00 AM,0,0,0
07/29/2019 05:00:00 AM,32,6,26
07/29/2019 06:00:00 AM,92,29,63
07/29/2019 07:00:00 AM,269,115,154
07/29/2019 08:00:00 AM,413,212,201
07/29/2019 09:00:00 AM,224,110,114
07/29/2019 10:00:00 AM,96,61,35
07/29/2019 11:00:00 AM,104,64,40
07/29/2019 12:00:00 PM,120,42,78
07/29/2019 01:00:00 PM,64,45,19
07/29/2019 02:00:00 PM,136,76,60
07/29/2019 03:00:00 PM,184,112,72
07/29/2019 04:00:00 PM,487,341,146
07/29/2019 05:00:00 PM,597,404,193
07/29/2019 06:00:00 PM,248,148,100
07/29/2019 07:00:00 PM,80,49,31
07/29/2019 08:00:00 PM,54,28,26
07/29/2019 09:00:00 PM,33,17,16
07/29/2019 10:00:00 PM,20,14,6
07/29/2019 11:00:00 PM,16,6,10
07/30/2019 12:00:00 AM,6,0,6
07/30/2019 01:00:00 AM,6,2,4
07/30/2019 02:00:00 AM,9,4,5
07/30/2019 03:00:00 AM,4,2,2
07/30/2019 04:00:00 AM,1,0,1
07/30/2019 05:00:00 AM,41,17,24
07/30/2019 06:00:00 AM,98,43,55
07/30/2019 07:00:00 AM,271,137,134
07/30/2019 08:00:00 AM,435,213,222
07/30/2019 09:00:00 AM,187,97,90
07/30/2019 10:00:00 AM,93,49,44
07/30/2019 11:00:00 AM,128,52,76
07/30/2019 12:00:00 PM,93,44,49
07/30/2019 01:00:00 PM,75,41,34
07/30/2019 02:00:00 PM,117,78,39
07/30/2019 03:00:00 PM,218,149,69
07/30/2019 04:00:00 PM,445,292,153
07/30/2019 05:00:00 PM,636,385,251
07/30/2019 06:00:00 PM,282,175,107
07/30/2019 07:00:00 PM,138,86,52
07/30/2019 08:00:00 PM,51,29,22
07/30/2019 09:00:00 PM,59,34,25
07/30/2019 10:00:00 PM,35,18,17
07/30/2019 11:00:00 PM,10,7,3
07/31/2019 12:00:00 AM,8,4,4
07/31/2019 01:00:00 AM,8,6,2
07/31/2019 02:00:00 AM,5,5,0
07/31/2019 03:00:00 AM,3,1,2
07/31/2019 04:00:00 AM,0,0,0
07/31/2019 05:00:00 AM,38,10,28
07/31/2019 06:00:00 AM,72,29,43
07/31/2019 07:00:00 AM,254,100,154
07/31/2019 08:00:00 AM,382,199,183
07/31/2019 09:00:00 AM,280,160,120
07/31/2019 10:00:00 AM,109,67,42
07/31/2019 11:00:00 AM,99,47,52
07/31/2019 12:00:00 PM,125,62,63
07/31/2019 01:00:00 PM,108,65,43
07/31/2019 02:00:00 PM,118,74,44
07/31/2019 03:00:00 PM,219,153,66
07/31/2019 04:00:00 PM,435,276,159
07/31/2019 05:00:00 PM,581,358,223
07/31/2019 06:00:00 PM,322,195,127
07/31/2019 07:00:00 PM,100,60,40
07/31/2019 08:00:00 PM,65,52,13
07/31/2019 09:00:00 PM,58,26,32
07/31/2019 10:00:00 PM,34,15,19
07/31/2019 11:00:00 PM,16,14,2
08/01/2019 12:00:00 AM,10,10,0
08/01/2019 01:00:00 AM,3,0,3
08/01/2019 02:00:00 AM,3,3,0
08/01/2019 03:00:00 AM,4,2,2
08/01/2019 04:00:00 AM,5,3,2
08/01/2019 05:00:00 AM,34,6,28
08/01/2019 06:00:00 AM,84,31,53
08/01/2019 07:00:00 AM,262,120,142
08/01/2019 08:00:00 AM,378,201,177
08/01/2019 09:00:00 AM,243,127,116
08/01/2019 10:00:00 AM,112,64,48
08/01/2019 11:00:00 AM,138,71,67
08/01/2019 12:00:00 PM,119,56,63
08/01/2019 01:00:00 PM,98,56,42
08/01/2019 02:00:00 PM,141,73,68
08/01/2019 03:00:00 PM,206,136,70
08/01/2019 04:00:00 PM,426,290,136
08/01/2019 05:00:00 PM,615,401,214
08/01/2019 06:00:00 PM,523,333,190
08/01/2019 07:00:00 PM,250,139,111
08/01/2019 08:00:00 PM,186,84,102
08/01/2019 09:00:00 PM,63,29,34
08/01/2019 10:00:00 PM,39,20,19
08/01/2019 11:00:00 PM,17,11,6
08/02/2019 12:00:00 AM,14,5,9
08/02/2019 01:00:00 AM,11,6,5
08/02/2019 02:00:00 AM,2,0,2
08/02/2019 03:00:00 AM,4,2,2
08/02/2019 04:00:00 AM,3,0,3
08/02/2019 05:00:00 AM,16,4,12
08/02/2019 06:00:00 AM,49,26,23
08/02/2019 07:00:00 AM,142,67,75
08/02/2019 08:00:00 AM,292,146,146
08/02/2019 09:00:00 AM,157,87,70
08/02/2019 10:00:00 AM,90,55,35
08/02/2019 11:00:00 AM,113,62,51
08/02/2019 12:00:00 PM,136,62,74
08/02/2019 01:00:00 PM,138,85,53
08/02/2019 02:00:00 PM,170,99,71
08/02/2019 03:00:00 PM,216,142,74
08/02/2019 04:00:00 PM,376,228,148
08/02/2019 05:00:00 PM,415,278,137
08/02/2019 06:00:00 PM,270,143,127
08/02/2019 07:00:00 PM,94,43,51
08/02/2019 08:00:00 PM,66,32,34
08/02/2019 09:00:00 PM,45,30,15
08/02/2019 10:00:00 PM,35,29,6
08/02/2019 11:00:00 PM,31,12,19
08/03/2019 12:00:00 AM,20,6,14
08/03/2019 01:00:00 AM,13,5,8
08/03/2019 02:00:00 AM,9,3,6
08/03/2019 03:00:00 AM,0,0,0
08/03/2019 04:00:00 AM,1,0,1
08/03/2019 05:00:00 AM,4,4,0
08/03/2019 06:00:00 AM,12,5,7
08/03/2019 07:00:00 AM,10,2,8
08/03/2019 08:00:00 AM,35,23,12
08/03/2019 09:00:00 AM,64,42,22
08/03/2019 10:00:00 AM,86,65,21
08/03/2019 11:00:00 AM,79,50,29
08/03/2019 12:00:00 PM,108,68,40
08/03/2019 01:00:00 PM,106,61,45
08/03/2019 02:00:00 PM,127,80,47
08/03/2019 03:00:00 PM,108,54,54
08/03/2019 04:00:00 PM,151,85,66
08/03/2019 05:00:00 PM,114,42,72
08/03/2019 06:00:00 PM,159,119,40
08/03/2019 07:00:00 PM,69,36,33
08/03/2019 08:00:00 PM,27,22,5
08/03/2019 09:00:00 PM,50,26,24
08/03/2019 10:00:00 PM,48,25,23
08/03/2019 11:00:00 PM,36,20,16
08/04/2019 12:00:00 AM,34,7,27
08/04/2019 01:00:00 AM,26,3,23
08/04/2019 02:00:00 AM,16,2,14
08/04/2019 03:00:00 AM,2,2,0
08/04/2019 04:00:00 AM,2,0,2
08/04/2019 05:00:00 AM,6,2,4
08/04/2019 06:00:00 AM,13,11,2
08/04/2019 07:00:00 AM,20,16,4
08/04/2019 08:00:00 AM,38,21,17
08/04/2019 09:00:00 AM,54,39,15
08/04/2019 10:00:00 AM,70,45,25
08/04/2019 11:00:00 AM,77,41,36
08/04/2019 12:00:00 PM,65,36,29
08/04/2019 01:00:00 PM,77,46,31
08/04/2019 02:00:00 PM,134,76,58
08/04/2019 03:00:00 PM,98,57,41
08/04/2019 04:00:00 PM,142,85,57
08/04/2019 05:00:00 PM,112,80,32
08/04/2019 06:00:00 PM,167,123,44
08/04/2019 07:00:00 PM,84,44,40
08/04/2019 08:00:00 PM,43,17,26
08/04/2019 09:00:00 PM,171,16,155
08/04/2019 10:00:00 PM,24,11,13
08/04/2019 11:00:00 PM,12,2,10
08/05/2019 12:00:00 AM,7,4,3
08/05/2019 01:00:00 AM,6,2,4
08/05/2019 02:00:00 AM,1,0,1
08/05/2019 03:00:00 AM,4,0,4
08/05/2019 04:00:00 AM,7,1,6
08/05/2019 05:00:00 AM,34,12,22
08/05/2019 06:00:00 AM,80,29,51
08/05/2019 07:00:00 AM,279,132,147
08/05/2019 08:00:00 AM,381,192,189
08/05/2019 09:00:00 AM,204,112,92
08/05/2019 10:00:00 AM,79,40,39
08/05/2019 11:00:00 AM,66,33,33
08/05/2019 12:00:00 PM,110,59,51
08/05/2019 01:00:00 PM,115,58,57
08/05/2019 02:00:00 PM,114,79,35
08/05/2019 03:00:00 PM,189,127,62
08/05/2019 04:00:00 PM,432,296,136
08/05/2019 05:00:00 PM,593,380,213
08/05/2019 06:00:00 PM,265,152,113
08/05/2019 07:00:00 PM,100,65,35
08/05/2019 08:00:00 PM,49,28,21
08/05/2019 09:00:00 PM,39,21,18
08/05/2019 10:00:00 PM,22,16,6
08/05/2019 11:00:00 PM,8,5,3
08/06/2019 12:00:00 AM,8,5,3
08/06/2019 01:00:00 AM,0,0,0
08/06/2019 02:00:00 AM,2,2,0
08/06/2019 03:00:00 AM,2,0,2
08/06/2019 04:00:00 AM,4,0,4
08/06/2019 05:00:00 AM,42,14,28
08/06/2019 06:00:00 AM,105,47,58
08/06/2019 07:00:00 AM,299,132,167
08/06/2019 08:00:00 AM,378,208,170
08/06/2019 09:00:00 AM,217,101,116
08/06/2019 10:00:00 AM,106,44,62
08/06/2019 11:00:00 AM,123,86,37
08/06/2019 12:00:00 PM,107,58,49
08/06/2019 01:00:00 PM,129,70,59
08/06/2019 02:00:00 PM,120,83,37
08/06/2019 03:00:00 PM,256,162,94
08/06/2019 04:00:00 PM,504,341,163
08/06/2019 05:00:00 PM,577,377,200
08/06/2019 06:00:00 PM,321,216,105
08/06/2019 07:00:00 PM,145,87,58
08/06/2019 08:00:00 PM,49,25,24
08/06/2019 09:00:00 PM,58,15,43
08/06/2019 10:00:00 PM,45,12,33
08/06/2019 11:00:00 PM,10,3,7
08/07/2019 12:00:00 AM,3,2,1
08/07/2019 01:00:00 AM,4,4,0
08/07/2019 02:00:00 AM,0,0,0
08/07/2019 03:00:00 AM,4,0,4
08/07/2019 04:00:00 AM,4,0,4
08/07/2019 05:00:00 AM,37,7,30
08/07/2019 06:00:00 AM,93,47,46
08/07/2019 07:00:00 AM,265,132,133
08/07/2019 08:00:00 AM,346,180,166
08/07/2019 09:00:00 AM,200,114,86
08/07/2019 10:00:00 AM,101,58,43
08/07/2019 11:00:00 AM,77,54,23
08/07/2019 12:00:00 PM,136,79,57
08/07/2019 01:00:00 PM,128,80,48
08/07/2019 02:00:00 PM,158,108,50
08/07/2019 03:00:00 PM,273,208,65
08/07/2019 04:00:00 PM,399,268,131
08/07/2019 05:00:00 PM,574,355,219
08/07/2019 06:00:00 PM,257,156,101
08/07/2019 07:00:00 PM,134,73,61
08/07/2019 08:00:00 PM,80,35,45
08/07/2019 09:00:00 PM,58,23,35
08/07/2019 10:00:00 PM,39,29,10
08/07/2019 11:00:00 PM,13,8,5
08/08/2019 12:00:00 AM,4,0,4
08/08/2019 01:00:00 AM,3,2,1
08/08/2019 02:00:00 AM,2,0,2
08/08/2019 03:00:00 AM,3,0,3
08/08/2019 04:00:00 AM,3,1,2
08/08/2019 05:00:00 AM,40,12,28
08/08/2019 06:00:00 AM,92,31,61
08/08/2019 07:00:00 AM,249,112,137
08/08/2019 08:00:00 AM,310,168,142
08/08/2019 09:00:00 AM,168,95,73
08/08/2019 10:00:00 AM,95,51,44
08/08/2019 11:00:00 AM,104,71,33
08/08/2019 12:00:00 PM,105,62,43
08/08/2019 01:00:00 PM,127,62,65
08/08/2019 02:00:00 PM,162,102,60
08/08/2019 03:00:00 PM,403,228,175
08/08/2019 04:00:00 PM,621,418,203
08/08/2019 05:00:00 PM,778,486,292
08/08/2019 06:00:00 PM,439,333,106
08/08/2019 07:00:00 PM,122,83,39
08/08/2019 08:00:00 PM,73,34,39
08/08/2019 09:00:00 PM,140,21,119
08/08/2019 10:00:00 PM,88,8,80
08/08/2019 11:00:00 PM,36,14,22
08/09/2019 12:00:00 AM,19,9,10
08/09/2019 01:00:00 AM,7,2,5
08/09/2019 02:00:00 AM,4,2,2
08/09/2019 03:00:00 AM,3,3,0
08/09/2019 04:00:00 AM,3,0,3
08/09/2019 05:00:00 AM,26,4,22
08/09/2019 06:00:00 AM,66,28,38
08/09/2019 07:00:00 AM,200,96,104
08/09/2019 08:00:00 AM,296,167,129
08/09/2019 09:00:00 AM,164,104,60
08/09/2019 10:00:00 AM,104,65,39
08/09/2019 11:00:00 AM,113,73,40
08/09/2019 12:00:00 PM,105,57,48
08/09/2019 01:00:00 PM,131,83,48
08/09/2019 02:00:00 PM,152,92,60
08/09/2019 03:00:00 PM,231,170,61
08/09/2019 04:00:00 PM,355,228,127
08/09/2019 05:00:00 PM,426,288,138
08/09/2019 06:00:00 PM,266,188,78
08/09/2019 07:00:00 PM,90,61,29
08/09/2019 08:00:00 PM,55,34,21
08/09/2019 09:00:00 PM,43,16,27
08/09/2019 10:00:00 PM,57,20,37
08/09/2019 11:00:00 PM,29,17,12
08/10/2019 12:00:00 AM,21,12,9
08/10/2019 01:00:00 AM,14,6,8
08/10/2019 02:00:00 AM,6,4,2
08/10/2019 03:00:00 AM,0,0,0
08/10/2019 04:00:00 AM,2,2,0
08/10/2019 05:00:00 AM,4,2,2
08/10/2019 06:00:00 AM,2,2,0
08/10/2019 07:00:00 AM,16,10,6
08/10/2019 08:00:00 AM,16,8,8
08/10/2019 09:00:00 AM,6,0,6
08/10/2019 10:00:00 AM,44,33,11
08/10/2019 11:00:00 AM,85,66,19
08/10/2019 12:00:00 PM,182,160,22
08/10/2019 01:00:00 PM,81,63,18
08/10/2019 02:00:00 PM,94,51,43
08/10/2019 03:00:00 PM,251,51,200
08/10/2019 04:00:00 PM,142,70,72
08/10/2019 05:00:00 PM,98,58,40
08/10/2019 06:00:00 PM,95,65,30
08/10/2019 07:00:00 PM,43,22,21
08/10/2019 08:00:00 PM,48,27,21
08/10/2019 09:00:00 PM,30,15,15
08/10/2019 10:00:00 PM,62,17,45
08/10/2019 11:00:00 PM,11,3,8
08/11/2019 12:00:00 AM,25,16,9
08/11/2019 01:00:00 AM,15,6,9
08/11/2019 02:00:00 AM,16,3,13
08/11/2019 03:00:00 AM,5,3,2
08/11/2019 04:00:00 AM,4,0,4
08/11/2019 05:00:00 AM,4,2,2
08/11/2019 06:00:00 AM,3,3,0
08/11/2019 07:00:00 AM,15,8,7
08/11/2019 08:00:00 AM,35,19,16
08/11/2019 09:00:00 AM,53,31,22
08/11/2019 10:00:00 AM,51,22,29
08/11/2019 11:00:00 AM,54,33,21
08/11/2019 12:00:00 PM,124,96,28
08/11/2019 01:00:00 PM,127,76,51
08/11/2019 02:00:00 PM,116,70,46
08/11/2019 03:00:00 PM,84,25,59
08/11/2019 04:00:00 PM,74,24,50
08/11/2019 05:00:00 PM,57,25,32
08/11/2019 06:00:00 PM,81,48,33
08/11/2019 07:00:00 PM,36,17,19
08/11/2019 08:00:00 PM,21,13,8
08/11/2019 09:00:00 PM,22,12,10
08/11/2019 10:00:00 PM,22,18,4
08/11/2019 11:00:00 PM,8,8,0
08/12/2019 12:00:00 AM,3,3,0
08/12/2019 01:00:00 AM,4,2,2
08/12/2019 02:00:00 AM,2,2,0
08/12/2019 03:00:00 AM,4,0,4
08/12/2019 04:00:00 AM,4,0,4
08/12/2019 05:00:00 AM,34,8,26
08/12/2019 06:00:00 AM,78,33,45
08/12/2019 07:00:00 AM,291,151,140
08/12/2019 08:00:00 AM,360,179,181
08/12/2019 09:00:00 AM,185,105,80
08/12/2019 10:00:00 AM,87,35,52
08/12/2019 11:00:00 AM,99,53,46
08/12/2019 12:00:00 PM,118,68,50
08/12/2019 01:00:00 PM,86,56,30
08/12/2019 02:00:00 PM,106,56,50
08/12/2019 03:00:00 PM,177,108,69
08/12/2019 04:00:00 PM,402,265,137
08/12/2019 05:00:00 PM,562,342,220
08/12/2019 06:00:00 PM,258,156,102
08/12/2019 07:00:00 PM,100,61,39
08/12/2019 08:00:00 PM,67,39,28
08/12/2019 09:00:00 PM,50,29,21
08/12/2019 10:00:00 PM,46,30,16
08/12/2019 11:00:00 PM,16,6,10
08/13/2019 12:00:00 AM,9,4,5
08/13/2019 01:00:00 AM,3,2,1
08/13/2019 02:00:00 AM,1,0,1
08/13/2019 03:00:00 AM,0,0,0
08/13/2019 04:00:00 AM,2,0,2
08/13/2019 05:00:00 AM,30,8,22
08/13/2019 06:00:00 AM,107,49,58
08/13/2019 07:00:00 AM,310,145,165
08/13/2019 08:00:00 AM,368,188,180
08/13/2019 09:00:00 AM,228,126,102
08/13/2019 10:00:00 AM,119,67,52
08/13/2019 11:00:00 AM,125,80,45
08/13/2019 12:00:00 PM,107,52,55
08/13/2019 01:00:00 PM,121,63,58
08/13/2019 02:00:00 PM,146,99,47
08/13/2019 03:00:00 PM,221,142,79
08/13/2019 04:00:00 PM,498,314,184
08/13/2019 05:00:00 PM,617,370,247
08/13/2019 06:00:00 PM,280,174,106
08/13/2019 07:00:00 PM,117,68,49
08/13/2019 08:00:00 PM,49,29,20
08/13/2019 09:00:00 PM,21,6,15
08/13/2019 10:00:00 PM,25,17,8
08/13/2019 11:00:00 PM,23,8,15
08/14/2019 12:00:00 AM,6,0,6
08/14/2019 01:00:00 AM,0,0,0
08/14/2019 02:00:00 AM,5,0,5
08/14/2019 03:00:00 AM,9,2,7
08/14/2019 04:00:00 AM,4,2,2
08/14/2019 05:00:00 AM,30,6,24
08/14/2019 06:00:00 AM,97,45,52
08/14/2019 07:00:00 AM,313,159,154
08/14/2019 08:00:00 AM,413,216,197
08/14/2019 09:00:00 AM,224,124,100
08/14/2019 10:00:00 AM,97,69,28
08/14/2019 11:00:00 AM,110,54,56
08/14/2019 12:00:00 PM,112,54,58
08/14/2019 01:00:00 PM,129,73,56
08/14/2019 02:00:00 PM,184,107,77
08/14/2019 03:00:00 PM,249,168,81
08/14/2019 04:00:00 PM,512,354,158
08/14/2019 05:00:00 PM,676,403,273
08/14/2019 06:00:00 PM,378,263,115
08/14/2019 07:00:00 PM,168,101,67
08/14/2019 08:00:00 PM,77,59,18
08/14/2019 09:00:00 PM,54,34,20
08/14/2019 10:00:00 PM,61,22,39
08/14/2019 11:00:00 PM,134,13,121
08/15/2019 12:00:00 AM,24,7,17
08/15/2019 01:00:00 AM,3,2,1
08/15/2019 02:00:00 AM,13,9,4
08/15/2019 03:00:00 AM,4,0,4
08/15/2019 04:00:00 AM,2,0,2
08/15/2019 05:00:00 AM,35,11,24
08/15/2019 06:00:00 AM,98,47,51
08/15/2019 07:00:00 AM,298,144,154
08/15/2019 08:00:00 AM,365,204,161
08/15/2019 09:00:00 AM,210,109,101
08/15/2019 10:00:00 AM,81,46,35
08/15/2019 11:00:00 AM,119,57,62
08/15/2019 12:00:00 PM,113,52,61
08/15/2019 01:00:00 PM,84,45,39
08/15/2019 02:00:00 PM,145,91,54
08/15/2019 03:00:00 PM,229,147,82
08/15/2019 04:00:00 PM,471,282,189
08/15/2019 05:00:00 PM,552,339,213
08/15/2019 06:00:00 PM,274,173,101
08/15/2019 07:00:00 PM,110,77,33
08/15/2019 08:00:00 PM,50,29,21
08/15/2019 09:00:00 PM,54,32,22
08/15/2019 10:00:00 PM,32,22,10
08/15/2019 11:00:00 PM,21,11,10
08/16/2019 12:00:00 AM,10,8,2
08/16/2019 01:00:00 AM,11,4,7
08/16/2019 02:00:00 AM,9,4,5
08/16/2019 03:00:00 AM,2,2,0
08/16/2019 04:00:00 AM,7,0,7
08/16/2019 05:00:00 AM,26,8,18
08/16/2019 06:00:00 AM,69,24,45
08/16/2019 07:00:00 AM,212,97,115
08/16/2019 08:00:00 AM,259,124,135
08/16/2019 09:00:00 AM,159,92,67
08/16/2019 10:00:00 AM,90,45,45
08/16/2019 11:00:00 AM,77,38,39
08/16/2019 12:00:00 PM,129,85,44
08/16/2019 01:00:00 PM,103,59,44
08/16/2019 02:00:00 PM,153,92,61
08/16/2019 03:00:00 PM,222,166,56
08/16/2019 04:00:00 PM,338,199,139
08/16/2019 05:00:00 PM,403,252,151
08/16/2019 06:00:00 PM,161,99,62
08/16/2019 07:00:00 PM,86,45,41
08/16/2019 08:00:00 PM,41,21,20
08/16/2019 09:00:00 PM,52,34,18
08/16/2019 10:00:00 PM,26,12,14
08/16/2019 11:00:00 PM,32,15,17
08/17/2019 12:00:00 AM,16,7,9
08/17/2019 01:00:00 AM,7,2,5
08/17/2019 02:00:00 AM,8,8,0
08/17/2019 03:00:00 AM,0,0,0
08/17/2019 04:00:00 AM,0,0,0
08/17/2019 05:00:00 AM,2,2,0
08/17/2019 06:00:00 AM,3,2,1
08/17/2019 07:00:00 AM,13,8,5
08/17/2019 08:00:00 AM,54,40,14
08/17/2019 09:00:00 AM,59,37,22
08/17/2019 10:00:00 AM,70,36,34
08/17/2019 11:00:00 AM,46,28,18
08/17/2019 12:00:00 PM,73,43,30
08/17/2019 01:00:00 PM,83,38,45
08/17/2019 02:00:00 PM,120,62,58
08/17/2019 03:00:00 PM,68,46,22
08/17/2019 04:00:00 PM,103,39,64
08/17/2019 05:00:00 PM,80,24,56
08/17/2019 06:00:00 PM,70,32,38
08/17/2019 07:00:00 PM,74,34,40
08/17/2019 08:00:00 PM,44,30,14
08/17/2019 09:00:00 PM,34,17,17
08/17/2019 10:00:00 PM,32,12,20
08/17/2019 11:00:00 PM,22,13,9
08/18/2019 12:00:00 AM,13,5,8
08/18/2019 01:00:00 AM,10,4,6
08/18/2019 02:00:00 AM,7,3,4
08/18/2019 03:00:00 AM,6,4,2
08/18/2019 04:00:00 AM,10,6,4
08/18/2019 05:00:00 AM,6,2,4
08/18/2019 06:00:00 AM,12,11,1
08/18/2019 07:00:00 AM,8,8,0
08/18/2019 08:00:00 AM,29,18,11
08/18/2019 09:00:00 AM,34,21,13
08/18/2019 10:00:00 AM,50,24,26
08/18/2019 11:00:00 AM,85,42,43
08/18/2019 12:00:00 PM,86,40,46
08/18/2019 01:00:00 PM,79,37,42
08/18/2019 02:00:00 PM,99,57,42
08/18/2019 03:00:00 PM,65,40,25
08/18/2019 04:00:00 PM,93,46,47
08/18/2019 05:00:00 PM,41,25,16
08/18/2019 06:00:00 PM,55,29,26
08/18/2019 07:00:00 PM,72,31,41
08/18/2019 08:00:00 PM,19,13,6
08/18/2019 09:00:00 PM,34,13,21
08/18/2019 10:00:00 PM,6,3,3
08/18/2019 11:00:00 PM,13,9,4
08/19/2019 12:00:00 AM,13,11,2
08/19/2019 01:00:00 AM,4,2,2
08/19/2019 02:00:00 AM,2,0,2
08/19/2019 03:00:00 AM,4,2,2
08/19/2019 04:00:00 AM,6,0,6
08/19/2019 05:00:00 AM,18,4,14
08/19/2019 06:00:00 AM,98,39,59
08/19/2019 07:00:00 AM,271,131,140
08/19/2019 08:00:00 AM,365,190,175
08/19/2019 09:00:00 AM,219,129,90
08/19/2019 10:00:00 AM,81,57,24
08/19/2019 11:00:00 AM,57,38,19
08/19/2019 12:00:00 PM,98,44,54
08/19/2019 01:00:00 PM,93,51,42
08/19/2019 02:00:00 PM,118,88,30
08/19/2019 03:00:00 PM,200,142,58
08/19/2019 04:00:00 PM,382,260,122
08/19/2019 05:00:00 PM,535,338,197
08/19/2019 06:00:00 PM,256,163,93
08/19/2019 07:00:00 PM,103,61,42
08/19/2019 08:00:00 PM,53,33,20
08/19/2019 09:00:00 PM,33,26,7
08/19/2019 10:00:00 PM,20,10,10
08/19/2019 11:00:00 PM,20,12,8
08/20/2019 12:00:00 AM,7,0,7
08/20/2019 01:00:00 AM,6,4,2
08/20/2019 02:00:00 AM,10,6,4
08/20/2019 03:00:00 AM,8,4,4
08/20/2019 04:00:00 AM,8,4,4
08/20/2019 05:00:00 AM,26,10,16
08/20/2019 06:00:00 AM,105,41,64
08/20/2019 07:00:00 AM,325,159,166
08/20/2019 08:00:00 AM,401,188,213
08/20/2019 09:00:00 AM,195,100,95
08/20/2019 10:00:00 AM,73,44,29
08/20/2019 11:00:00 AM,120,70,50
08/20/2019 12:00:00 PM,103,46,57
08/20/2019 01:00:00 PM,108,57,51
08/20/2019 02:00:00 PM,129,76,53
08/20/2019 03:00:00 PM,171,113,58
08/20/2019 04:00:00 PM,483,343,140
08/20/2019 05:00:00 PM,818,611,207
08/20/2019 06:00:00 PM,399,293,106
08/20/2019 07:00:00 PM,115,81,34
08/20/2019 08:00:00 PM,90,44,46
08/20/2019 09:00:00 PM,92,11,81
08/20/2019 10:00:00 PM,207,15,192
08/20/2019 11:00:00 PM,37,16,21
08/21/2019 12:00:00 AM,21,3,18
08/21/2019 01:00:00 AM,3,2,1
08/21/2019 02:00:00 AM,5,1,4
08/21/2019 03:00:00 AM,0,0,0
08/21/2019 04:00:00 AM,3,0,3
08/21/2019 05:00:00 AM,36,14,22
08/21/2019 06:00:00 AM,51,25,26
08/21/2019 07:00:00 AM,158,61,97
08/21/2019 08:00:00 AM,179,79,100
08/21/2019 09:00:00 AM,96,47,49
08/21/2019 10:00:00 AM,60,30,30
08/21/2019 11:00:00 AM,54,37,17
08/21/2019 12:00:00 PM,63,27,36
08/21/2019 01:00:00 PM,53,34,19
08/21/2019 02:00:00 PM,93,52,41
08/21/2019 03:00:00 PM,134,94,40
08/21/2019 04:00:00 PM,219,160,59
08/21/2019 05:00:00 PM,340,223,117
08/21/2019 06:00:00 PM,185,125,60
08/21/2019 07:00:00 PM,47,19,28
08/21/2019 08:00:00 PM,38,20,18
08/21/2019 09:00:00 PM,29,10,19
08/21/2019 10:00:00 PM,21,13,8
08/21/2019 11:00:00 PM,10,0,10
08/22/2019 12:00:00 AM,8,5,3
08/22/2019 01:00:00 AM,4,0,4
08/22/2019 02:00:00 AM,0,0,0
08/22/2019 03:00:00 AM,1,1,0
08/22/2019 04:00:00 AM,6,0,6
08/22/2019 05:00:00 AM,16,4,12
08/22/2019 06:00:00 AM,100,47,53
08/22/2019 07:00:00 AM,238,108,130
08/22/2019 08:00:00 AM,348,182,166
08/22/2019 09:00:00 AM,155,95,60
08/22/2019 10:00:00 AM,80,47,33
08/22/2019 11:00:00 AM,105,58,47
08/22/2019 12:00:00 PM,85,45,40
08/22/2019 01:00:00 PM,97,52,45
08/22/2019 02:00:00 PM,155,71,84
08/22/2019 03:00:00 PM,198,111,87
08/22/2019 04:00:00 PM,331,217,114
08/22/2019 05:00:00 PM,446,292,154
08/22/2019 06:00:00 PM,280,166,114
08/22/2019 07:00:00 PM,90,47,43
08/22/2019 08:00:00 PM,48,31,17
08/22/2019 09:00:00 PM,32,19,13
08/22/2019 10:00:00 PM,20,5,15
08/22/2019 11:00:00 PM,15,6,9
08/23/2019 12:00:00 AM,7,3,4
08/23/2019 01:00:00 AM,5,1,4
08/23/2019 02:00:00 AM,2,1,1
08/23/2019 03:00:00 AM,2,1,1
08/23/2019 04:00:00 AM,2,0,2
08/23/2019 05:00:00 AM,13,4,9
08/23/2019 06:00:00 AM,39,16,23
08/23/2019 07:00:00 AM,104,52,52
08/23/2019 08:00:00 AM,162,83,79
08/23/2019 09:00:00 AM,98,57,41
08/23/2019 10:00:00 AM,53,30,23
08/23/2019 11:00:00 AM,58,34,24
08/23/2019 12:00:00 PM,74,39,35
08/23/2019 01:00:00 PM,71,42,29
08/23/2019 02:00:00 PM,93,58,35
08/23/2019 03:00:00 PM,135,92,43
08/23/2019 04:00:00 PM,217,137,80
08/23/2019 05:00:00 PM,237,152,85
08/23/2019 06:00:00 PM,121,77,44
08/23/2019 07:00:00 PM,50,27,23
08/23/2019 08:00:00 PM,31,16,15
08/23/2019 09:00:00 PM,21,12,9
08/23/2019 10:00:00 PM,18,9,9
08/23/2019 11:00:00 PM,17,7,10
08/24/2019 12:00:00 AM,13,7,6
08/24/2019 01:00:00 AM,6,3,3
08/24/2019 02:00:00 AM,4,2,2
08/24/2019 03:00:00 AM,0,0,0
08/24/2019 04:00:00 AM,2,1,1
08/24/2019 05:00:00 AM,3,2,1
08/24/2019 06:00:00 AM,5,3,2
08/24/2019 07:00:00 AM,8,5,3
08/24/2019 08:00:00 AM,19,12,7
08/24/2019 09:00:00 AM,27,17,10
08/24/2019 10:00:00 AM,34,21,13
08/24/2019 11:00:00 AM,40,25,15
08/24/2019 12:00:00 PM,54,37,17
08/24/2019 01:00:00 PM,50,28,22
08/24/2019 02:00:00 PM,55,33,22
08/24/2019 03:00:00 PM,64,28,36
08/24/2019 04:00:00 PM,61,30,31
08/24/2019 05:00:00 PM,42,21,21
08/24/2019 06:00:00 PM,49,31,18
08/24/2019 07:00:00 PM,31,16,15
08/24/2019 08:00:00 PM,20,12,8
08/24/2019 09:00:00 PM,18,8,10
08/24/2019 10:00:00 PM,20,8,12
08/24/2019 11:00:00 PM,14,7,7
08/25/2019 12:00:00 AM,10,4,6
08/25/2019 01:00:00 AM,9,3,6
08/25/2019 02:00:00 AM,6,2,4
08/25/2019 03:00:00 AM,1,1,0
08/25/2019 04:00:00 AM,2,1,1
08/25/2019 05:00:00 AM,3,1,2
08/25/2019 06:00:00 AM,4,3,1
08/25/2019 07:00:00 AM,8,6,2
08/25/2019 08:00:00 AM,16,10,6
08/25/2019 09:00:00 AM,21,12,9
08/25/2019 10:00:00 AM,32,19,13
08/25/2019 11:00:00 AM,36,23,13
08/25/2019 12:00:00 PM,48,34,14
08/25/2019 01:00:00 PM,50,30,20
08/25/2019 02:00:00 PM,56,36,20
08/25/2019 03:00:00 PM,45,27,18
08/25/2019 04:00:00 PM,55,20,35
08/25/2019 05:00:00 PM,48,20,28
08/25/2019 06:00:00 PM,55,26,29
08/25/2019 07:00:00 PM,27,13,14
08/25/2019 08:00:00 PM,16,7,9
08/25/2019 09:00:00 PM,25,6,19
08/25/2019 10:00:00 PM,7,4,3
08/25/2019 11:00:00 PM,7,3,4
08/26/2019 12:00:00 AM,5,3,2
08/26/2019 01:00:00 AM,3,2,1
08/26/2019 02:00:00 AM,2,1,1
08/26/2019 03:00:00 AM,2,0,2
08/26/2019 04:00:00 AM,3,0,3
08/26/2019 05:00:00 AM,11,3,8
08/26/2019 06:00:00 AM,37,15,22
08/26/2019 07:00:00 AM,117,57,60
08/26/2019 08:00:00 AM,164,86,78
08/26/2019 09:00:00 AM,96,54,42
08/26/2019 10:00:00 AM,46,26,20
08/26/2019 11:00:00 AM,43,25,18
08/26/2019 12:00:00 PM,53,28,25
08/26/2019 01:00:00 PM,49,26,23
08/26/2019 02:00:00 PM,53,34,19
08/26/2019 03:00:00 PM,91,61,30
08/26/2019 04:00:00 PM,187,124,63
08/26/2019 05:00:00 PM,266,167,99
08/26/2019 06:00:00 PM,127,77,50
08/26/2019 07:00:00 PM,52,30,22
08/26/2019 08:00:00 PM,28,16,12
08/26/2019 09:00:00 PM,17,11,6
08/26/2019 10:00:00 PM,13,7,6
08/26/2019 11:00:00 PM,9,5,4
08/27/2019 12:00:00 AM,5,2,3
08/27/2019 01:00:00 AM,2,1,1
08/27/2019 02:00:00 AM,2,1,1
08/27/2019 03:00:00 AM,2,0,2
08/27/2019 04:00:00 AM,2,0,2
08/27/2019 05:00:00 AM,15,5,10
08/27/2019 06:00:00 AM,51,20,31
08/27/2019 07:00:00 AM,139,64,75
08/27/2019 08:00:00 AM,194,98,96
08/27/2019 09:00:00 AM,106,55,51
08/27/2019 10:00:00 AM,50,28,22
08/27/2019 11:00:00 AM,54,34,20
08/27/2019 12:00:00 PM,57,29,28
08/27/2019 01:00:00 PM,53,29,24
08/27/2019 02:00:00 PM,64,41,23
08/27/2019 03:00:00 PM,114,76,38
08/27/2019 04:00:00 PM,233,157,76
08/27/2019 05:00:00 PM,336,229,107
08/27/2019 06:00:00 PM,163,110,53
08/27/2019 07:00:00 PM,61,35,26
08/27/2019 08:00:00 PM,30,16,14
08/27/2019 09:00:00 PM,28,8,20
08/27/2019 10:00:00 PM,34,6,28
08/27/2019 11:00:00 PM,11,4,7
08/28/2019 12:00:00 AM,4,1,3
08/28/2019 01:00:00 AM,2,1,1
08/28/2019 02:00:00 AM,2,1,1
08/28/2019 03:00:00 AM,2,0,2
08/28/2019 04:00:00 AM,3,1,2
08/28/2019 05:00:00 AM,14,4,10
08/28/2019 06:00:00 AM,46,21,25
08/28/2019 07:00:00 AM,132,61,71
08/28/2019 08:00:00 AM,199,102,97
08/28/2019 09:00:00 AM,105,57,48
08/28/2019 10:00:00 AM,49,30,19
08/28/2019 11:00:00 AM,49,30,19
08/28/2019 12:00:00 PM,62,34,28
08/28/2019 01:00:00 PM,58,32,26
08/28/2019 02:00:00 PM,73,45,28
08/28/2019 03:00:00 PM,116,79,37
08/28/2019 04:00:00 PM,226,157,69
08/28/2019 05:00:00 PM,323,203,120
08/28/2019 06:00:00 PM,171,114,57
08/28/2019 07:00:00 PM,70,42,28
08/28/2019 08:00:00 PM,37,20,17
08/28/2019 09:00:00 PM,32,12,20
08/28/2019 10:00:00 PM,27,11,16
08/28/2019 11:00:00 PM,22,6,16
08/29/2019 12:00:00 AM,7,2,5
08/29/2019 01:00:00 AM,2,1,1
08/29/2019 02:00:00 AM,2,1,1
08/29/2019 03:00:00 AM,3,1,2
08/29/2019 04:00:00 AM,3,1,2
08/29/2019 05:00:00 AM,16,6,10
08/29/2019 06:00:00 AM,55,24,31
08/29/2019 07:00:00 AM,139,65,74
08/29/2019 08:00:00 AM,203,107,96
08/29/2019 09:00:00 AM,114,64,50
08/29/2019 10:00:00 AM,52,38,14
08/29/2019 11:00:00 AM,91,40,51
08/29/2019 12:00:00 PM,92,50,42
08/29/2019 01:00:00 PM,96,48,48
08/29/2019 02:00:00 PM,146,96,50
08/29/2019 03:00:00 PM,238,155,83
08/29/2019 04:00:00 PM,481,335,146
08/29/2019 05:00:00 PM,537,358,179
08/29/2019 06:00:00 PM,231,146,85
08/29/2019 07:00:00 PM,77,44,33
08/29/2019 08:00:00 PM,38,15,23
08/29/2019 09:00:00 PM,61,17,44
08/29/2019 10:00:00 PM,77,5,72
08/29/2019 11:00:00 PM,47,7,40
08/30/2019 12:00:00 AM,8,4,4
08/30/2019 01:00:00 AM,6,2,4
08/30/2019 02:00:00 AM,2,0,2
08/30/2019 03:00:00 AM,0,0,0
08/30/2019 04:00:00 AM,4,0,4
08/30/2019 05:00:00 AM,30,10,20
08/30/2019 06:00:00 AM,68,26,42
08/30/2019 07:00:00 AM,183,84,99
08/30/2019 08:00:00 AM,259,120,139
08/30/2019 09:00:00 AM,128,66,62
08/30/2019 10:00:00 AM,75,47,28
08/30/2019 11:00:00 AM,119,60,59
08/30/2019 12:00:00 PM,132,73,59
08/30/2019 01:00:00 PM,135,82,53
08/30/2019 02:00:00 PM,231,153,78
08/30/2019 03:00:00 PM,264,172,92
08/30/2019 04:00:00 PM,368,230,138
08/30/2019 05:00:00 PM,302,185,117
08/30/2019 06:00:00 PM,167,109,58
08/30/2019 07:00:00 PM,67,32,35
08/30/2019 08:00:00 PM,51,29,22
08/30/2019 09:00:00 PM,11,7,4
08/30/2019 10:00:00 PM,26,16,10
08/30/2019 11:00:00 PM,24,7,17
08/31/2019 12:00:00 AM,20,18,2
08/31/2019 01:00:00 AM,9,6,3
08/31/2019 02:00:00 AM,4,2,2
08/31/2019 03:00:00 AM,3,0,3
08/31/2019 04:00:00 AM,4,4,0
08/31/2019 05:00:00 AM,10,6,4
08/31/2019 06:00:00 AM,5,3,2
08/31/2019 07:00:00 AM,20,12,8
08/31/2019 08:00:00 AM,27,10,17
08/31/2019 09:00:00 AM,52,28,24
08/31/2019 10:00:00 AM,43,25,18
08/31/2019 11:00:00 AM,52,33,19
08/31/2019 12:00:00 PM,63,35,28
08/31/2019 01:00:00 PM,56,32,24
08/31/2019 02:00:00 PM,95,56,39
08/31/2019 03:00:00 PM,90,45,45
08/31/2019 04:00:00 PM,118,58,60
08/31/2019 05:00:00 PM,37,22,15
08/31/2019 06:00:00 PM,63,42,21
08/31/2019 07:00:00 PM,46,26,20
08/31/2019 08:00:00 PM,36,23,13
08/31/2019 09:00:00 PM,36,8,28
08/31/2019 10:00:00 PM,31,26,5
08/31/2019 11:00:00 PM,27,11,16
09/01/2019 12:00:00 AM,14,11,3
09/01/2019 01:00:00 AM,10,5,5
09/01/2019 02:00:00 AM,3,1,2
09/01/2019 03:00:00 AM,0,0,0
09/01/2019 04:00:00 AM,2,0,2
09/01/2019 05:00:00 AM,4,2,2
09/01/2019 06:00:00 AM,4,4,0
09/01/2019 07:00:00 AM,15,9,6
09/01/2019 08:00:00 AM,42,21,21
09/01/2019 09:00:00 AM,40,16,24
09/01/2019 10:00:00 AM,75,46,29
09/01/2019 11:00:00 AM,50,35,15
09/01/2019 12:00:00 PM,77,65,12
09/01/2019 01:00:00 PM,124,85,39
09/01/2019 02:00:00 PM,144,112,32
09/01/2019 03:00:00 PM,133,103,30
09/01/2019 04:00:00 PM,76,38,38
09/01/2019 05:00:00 PM,111,39,72
09/01/2019 06:00:00 PM,150,29,121
09/01/2019 07:00:00 PM,55,29,26
09/01/2019 08:00:00 PM,43,16,27
09/01/2019 09:00:00 PM,24,6,18
09/01/2019 10:00:00 PM,6,2,4
09/01/2019 11:00:00 PM,18,9,9
09/02/2019 12:00:00 AM,10,2,8
09/02/2019 01:00:00 AM,11,8,3
09/02/2019 02:00:00 AM,0,0,0
09/02/2019 03:00:00 AM,2,2,0
09/02/2019 04:00:00 AM,6,0,6
09/02/2019 05:00:00 AM,2,2,0
09/02/2019 06:00:00 AM,13,8,5
09/02/2019 07:00:00 AM,17,11,6
09/02/2019 08:00:00 AM,31,17,14
09/02/2019 09:00:00 AM,45,33,12
09/02/2019 10:00:00 AM,77,54,23
09/02/2019 11:00:00 AM,62,41,21
09/02/2019 12:00:00 PM,99,58,41
09/02/2019 01:00:00 PM,102,64,38
09/02/2019 02:00:00 PM,61,34,27
09/02/2019 03:00:00 PM,77,51,26
09/02/2019 04:00:00 PM,82,46,36
09/02/2019 05:00:00 PM,91,40,51
09/02/2019 06:00:00 PM,52,32,20
09/02/2019 07:00:00 PM,52,22,30
09/02/2019 08:00:00 PM,29,16,13
09/02/2019 09:00:00 PM,14,10,4
09/02/2019 10:00:00 PM,7,2,5
09/02/2019 11:00:00 PM,18,8,10
09/03/2019 12:00:00 AM,7,1,6
09/03/2019 01:00:00 AM,2,2,0
09/03/2019 02:00:00 AM,3,3,0
09/03/2019 03:00:00 AM,11,0,11
09/03/2019 04:00:00 AM,4,0,4
09/03/2019 05:00:00 AM,37,10,27
09/03/2019 06:00:00 AM,89,32,57
09/03/2019 07:00:00 AM,253,128,125
09/03/2019 08:00:00 AM,477,232,245
09/03/2019 09:00:00 AM,172,101,71
09/03/2019 10:00:00 AM,108,63,45
09/03/2019 11:00:00 AM,86,46,40
09/03/2019 12:00:00 PM,114,65,49
09/03/2019 01:00:00 PM,79,49,30
09/03/2019 02:00:00 PM,120,77,43
09/03/2019 03:00:00 PM,248,181,67
09/03/2019 04:00:00 PM,395,262,133
09/03/2019 05:00:00 PM,628,421,207
09/03/2019 06:00:00 PM,229,138,91
09/03/2019 07:00:00 PM,111,47,64
09/03/2019 08:00:00 PM,52,35,17
09/03/2019 09:00:00 PM,24,12,12
09/03/2019 10:00:00 PM,19,8,11
09/03/2019 11:00:00 PM,11,3,8
09/04/2019 12:00:00 AM,3,3,0
09/04/2019 01:00:00 AM,4,2,2
09/04/2019 02:00:00 AM,4,0,4
09/04/2019 03:00:00 AM,2,0,2
09/04/2019 04:00:00 AM,8,4,4
09/04/2019 05:00:00 AM,32,10,22
09/04/2019 06:00:00 AM,106,43,63
09/04/2019 07:00:00 AM,280,129,151
09/04/2019 08:00:00 AM,453,221,232
09/04/2019 09:00:00 AM,185,96,89
09/04/2019 10:00:00 AM,104,70,34
09/04/2019 11:00:00 AM,104,54,50
09/04/2019 12:00:00 PM,121,73,48
09/04/2019 01:00:00 PM,110,65,45
09/04/2019 02:00:00 PM,106,71,35
09/04/2019 03:00:00 PM,214,142,72
09/04/2019 04:00:00 PM,458,331,127
09/04/2019 05:00:00 PM,626,397,229
09/04/2019 06:00:00 PM,253,166,87
09/04/2019 07:00:00 PM,100,46,54
09/04/2019 08:00:00 PM,51,30,21
09/04/2019 09:00:00 PM,25,13,12
09/04/2019 10:00:00 PM,33,16,17
09/04/2019 11:00:00 PM,16,9,7
09/05/2019 12:00:00 AM,15,2,13
09/05/2019 01:00:00 AM,3,2,1
09/05/2019 02:00:00 AM,1,1,0
09/05/2019 03:00:00 AM,10,0,10
09/05/2019 04:00:00 AM,6,2,4
09/05/2019 05:00:00 AM,32,12,20
09/05/2019 06:00:00 AM,122,55,67
09/05/2019 07:00:00 AM,277,136,141
09/05/2019 08:00:00 AM,418,200,218
09/05/2019 09:00:00 AM,183,95,88
09/05/2019 10:00:00 AM,87,51,36
09/05/2019 11:00:00 AM,87,49,38
09/05/2019 12:00:00 PM,113,66,47
09/05/2019 01:00:00 PM,98,52,46
09/05/2019 02:00:00 PM,110,75,35
09/05/2019 03:00:00 PM,219,127,92
09/05/2019 04:00:00 PM,436,296,140
09/05/2019 05:00:00 PM,648,437,211
09/05/2019 06:00:00 PM,318,220,98
09/05/2019 07:00:00 PM,112,71,41
09/05/2019 08:00:00 PM,80,45,35
09/05/2019 09:00:00 PM,65,32,33
09/05/2019 10:00:00 PM,34,12,22
09/05/2019 11:00:00 PM,10,4,6
09/06/2019 12:00:00 AM,13,4,9
09/06/2019 01:00:00 AM,5,0,5
09/06/2019 02:00:00 AM,4,2,2
09/06/2019 03:00:00 AM,4,2,2
09/06/2019 04:00:00 AM,2,0,2
09/06/2019 05:00:00 AM,36,8,28
09/06/2019 06:00:00 AM,95,39,56
09/06/2019 07:00:00 AM,216,119,97
09/06/2019 08:00:00 AM,346,177,169
09/06/2019 09:00:00 AM,186,105,81
09/06/2019 10:00:00 AM,102,56,46
09/06/2019 11:00:00 AM,92,60,32
09/06/2019 12:00:00 PM,164,76,88
09/06/2019 01:00:00 PM,133,84,49
09/06/2019 02:00:00 PM,154,96,58
09/06/2019 03:00:00 PM,269,184,85
09/06/2019 04:00:00 PM,460,314,146
09/06/2019 05:00:00 PM,470,280,190
09/06/2019 06:00:00 PM,195,126,69
09/06/2019 07:00:00 PM,94,50,44
09/06/2019 08:00:00 PM,60,24,36
09/06/2019 09:00:00 PM,29,10,19
09/06/2019 10:00:00 PM,20,8,12
09/06/2019 11:00:00 PM,18,10,8
09/07/2019 12:00:00 AM,24,15,9
09/07/2019 01:00:00 AM,10,9,1
09/07/2019 02:00:00 AM,6,4,2
09/07/2019 03:00:00 AM,0,0,0
09/07/2019 04:00:00 AM,2,0,2
09/07/2019 05:00:00 AM,6,2,4
09/07/2019 06:00:00 AM,13,5,8
09/07/2019 07:00:00 AM,7,3,4
09/07/2019 08:00:00 AM,32,20,12
09/07/2019 09:00:00 AM,42,30,12
09/07/2019 10:00:00 AM,50,24,26
09/07/2019 11:00:00 AM,70,44,26
09/07/2019 12:00:00 PM,87,44,43
09/07/2019 01:00:00 PM,107,53,54
09/07/2019 02:00:00 PM,89,48,41
09/07/2019 03:00:00 PM,92,52,40
09/07/2019 04:00:00 PM,75,46,29
09/07/2019 05:00:00 PM,43,29,14
09/07/2019 06:00:00 PM,71,39,32
09/07/2019 07:00:00 PM,30,5,25
09/07/2019 08:00:00 PM,12,4,8
09/07/2019 09:00:00 PM,12,8,4
09/07/2019 10:00:00 PM,13,3,10
09/07/2019 11:00:00 PM,27,20,7
09/08/2019 12:00:00 AM,8,0,8
09/08/2019 01:00:00 AM,4,4,0
09/08/2019 02:00:00 AM,6,5,1
09/08/2019 03:00:00 AM,0,0,0
09/08/2019 04:00:00 AM,0,0,0
09/08/2019 05:00:00 AM,4,0,4
09/08/2019 06:00:00 AM,4,4,0
09/08/2019 07:00:00 AM,15,11,4
09/08/2019 08:00:00 AM,16,14,2
09/08/2019 09:00:00 AM,25,17,8
09/08/2019 10:00:00 AM,70,56,14
09/08/2019 11:00:00 AM,116,95,21
09/08/2019 12:00:00 PM,103,86,17
09/08/2019 01:00:00 PM,73,54,19
09/08/2019 02:00:00 PM,67,30,37
09/08/2019 03:00:00 PM,20,6,14
09/08/2019 04:00:00 PM,194,19,175
09/08/2019 05:00:00 PM,82,13,69
09/08/2019 06:00:00 PM,45,34,11
09/08/2019 07:00:00 PM,31,20,11
09/08/2019 08:00:00 PM,22,8,14
09/08/2019 09:00:00 PM,13,7,6
09/08/2019 10:00:00 PM,9,5,4
09/08/2019 11:00:00 PM,6,2,4
09/09/2019 12:00:00 AM,6,4,2
09/09/2019 01:00:00 AM,4,0,4
09/09/2019 02:00:00 AM,0,0,0
09/09/2019 03:00:00 AM,6,0,6
09/09/2019 04:00:00 AM,7,2,5
09/09/2019 05:00:00 AM,22,2,20
09/09/2019 06:00:00 AM,62,31,31
09/09/2019 07:00:00 AM,202,102,100
09/09/2019 08:00:00 AM,265,144,121
09/09/2019 09:00:00 AM,150,77,73
09/09/2019 10:00:00 AM,67,33,34
09/09/2019 11:00:00 AM,80,45,35
09/09/2019 12:00:00 PM,46,21,25
09/09/2019 01:00:00 PM,47,20,27
09/09/2019 02:00:00 PM,71,46,25
09/09/2019 03:00:00 PM,161,102,59
09/09/2019 04:00:00 PM,306,199,107
09/09/2019 05:00:00 PM,407,263,144
09/09/2019 06:00:00 PM,171,97,74
09/09/2019 07:00:00 PM,82,45,37
09/09/2019 08:00:00 PM,42,20,22
09/09/2019 09:00:00 PM,15,13,2
09/09/2019 10:00:00 PM,13,1,12
09/09/2019 11:00:00 PM,17,8,9
09/10/2019 12:00:00 AM,3,2,1
09/10/2019 01:00:00 AM,4,4,0
09/10/2019 02:00:00 AM,2,0,2
09/10/2019 03:00:00 AM,4,0,4
09/10/2019 04:00:00 AM,6,0,6
09/10/2019 05:00:00 AM,18,6,12
09/10/2019 06:00:00 AM,72,30,42
09/10/2019 07:00:00 AM,196,81,115
09/10/2019 08:00:00 AM,257,132,125
09/10/2019 09:00:00 AM,142,73,69
09/10/2019 10:00:00 AM,65,39,26
09/10/2019 11:00:00 AM,70,42,28
09/10/2019 12:00:00 PM,101,47,54
09/10/2019 01:00:00 PM,64,37,27
09/10/2019 02:00:00 PM,114,71,43
09/10/2019 03:00:00 PM,175,118,57
09/10/2019 04:00:00 PM,361,247,114
09/10/2019 05:00:00 PM,521,387,134
09/10/2019 06:00:00 PM,245,172,73
09/10/2019 07:00:00 PM,87,49,38
09/10/2019 08:00:00 PM,37,14,23
09/10/2019 09:00:00 PM,73,31,42
09/10/2019 10:00:00 PM,40,5,35
09/10/2019 11:00:00 PM,14,4,10
09/11/2019 12:00:00 AM,2,0,2
09/11/2019 01:00:00 AM,0,0,0
09/11/2019 02:00:00 AM,4,4,0
09/11/2019 03:00:00 AM,9,0,9
09/11/2019 04:00:00 AM,6,2,4
09/11/2019 05:00:00 AM,22,10,12
09/11/2019 06:00:00 AM,69,33,36
09/11/2019 07:00:00 AM,253,117,136
09/11/2019 08:00:00 AM,392,199,193
09/11/2019 09:00:00 AM,182,102,80
09/11/2019 10:00:00 AM,99,53,46
09/11/2019 11:00:00 AM,107,66,41
09/11/2019 12:00:00 PM,134,78,56
09/11/2019 01:00:00 PM,75,42,33
09/11/2019 02:00:00 PM,158,87,71
09/11/2019 03:00:00 PM,203,144,59
09/11/2019 04:00:00 PM,460,304,156
09/11/2019 05:00:00 PM,596,388,208
09/11/2019 06:00:00 PM,348,229,119
09/11/2019 07:00:00 PM,84,48,36
09/11/2019 08:00:00 PM,68,29,39
09/11/2019 09:00:00 PM,35,21,14
09/11/2019 10:00:00 PM,46,14,32
09/11/2019 11:00:00 PM,36,18,18
09/12/2019 12:00:00 AM,20,6,14
09/12/2019 01:00:00 AM,6,2,4
09/12/2019 02:00:00 AM,0,0,0
09/12/2019 03:00:00 AM,6,2,4
09/12/2019 04:00:00 AM,3,1,2
09/12/2019 05:00:00 AM,42,20,22
09/12/2019 06:00:00 AM,90,45,45
09/12/2019 07:00:00 AM,252,120,132
09/12/2019 08:00:00 AM,366,197,169
09/12/2019 09:00:00 AM,206,118,88
09/12/2019 10:00:00 AM,96,53,43
09/12/2019 11:00:00 AM,110,47,63
09/12/2019 12:00:00 PM,104,65,39
09/12/2019 01:00:00 PM,98,57,41
09/12/2019 02:00:00 PM,125,81,44
09/12/2019 03:00:00 PM,208,151,57
09/12/2019 04:00:00 PM,501,308,193
09/12/2019 05:00:00 PM,583,401,182
09/12/2019 06:00:00 PM,245,147,98
09/12/2019 07:00:00 PM,106,55,51
09/12/2019 08:00:00 PM,50,38,12
09/12/2019 09:00:00 PM,13,6,7
09/12/2019 10:00:00 PM,38,9,29
09/12/2019 11:00:00 PM,15,7,8
09/13/2019 12:00:00 AM,6,2,4
09/13/2019 01:00:00 AM,0,0,0
09/13/2019 02:00:00 AM,1,0,1
09/13/2019 03:00:00 AM,4,0,4
09/13/2019 04:00:00 AM,5,0,5
09/13/2019 05:00:00 AM,16,10,6
09/13/2019 06:00:00 AM,75,26,49
09/13/2019 07:00:00 AM,183,105,78
09/13/2019 08:00:00 AM,285,146,139
09/13/2019 09:00:00 AM,178,100,78
09/13/2019 10:00:00 AM,92,48,44
09/13/2019 11:00:00 AM,98,57,41
09/13/2019 12:00:00 PM,119,59,60
09/13/2019 01:00:00 PM,82,37,45
09/13/2019 02:00:00 PM,126,85,41
09/13/2019 03:00:00 PM,231,155,76
09/13/2019 04:00:00 PM,421,259,162
09/13/2019 05:00:00 PM,429,266,163
09/13/2019 06:00:00 PM,199,142,57
09/13/2019 07:00:00 PM,64,37,27
09/13/2019 08:00:00 PM,34,23,11
09/13/2019 09:00:00 PM,37,23,14
09/13/2019 10:00:00 PM,28,16,12
09/13/2019 11:00:00 PM,36,16,20
09/14/2019 12:00:00 AM,32,15,17
09/14/2019 01:00:00 AM,11,2,9
09/14/2019 02:00:00 AM,9,1,8
09/14/2019 03:00:00 AM,2,2,0
09/14/2019 04:00:00 AM,4,0,4
09/14/2019 05:00:00 AM,4,2,2
09/14/2019 06:00:00 AM,9,7,2
09/14/2019 07:00:00 AM,16,14,2
09/14/2019 08:00:00 AM,46,27,19
09/14/2019 09:00:00 AM,54,37,17
09/14/2019 10:00:00 AM,46,30,16
09/14/2019 11:00:00 AM,86,41,45
09/14/2019 12:00:00 PM,87,64,23
09/14/2019 01:00:00 PM,86,47,39
09/14/2019 02:00:00 PM,57,40,17
09/14/2019 03:00:00 PM,78,43,35
09/14/2019 04:00:00 PM,76,34,42
09/14/2019 05:00:00 PM,71,44,27
09/14/2019 06:00:00 PM,55,35,20
09/14/2019 07:00:00 PM,52,28,24
09/14/2019 08:00:00 PM,33,21,12
09/14/2019 09:00:00 PM,17,10,7
09/14/2019 10:00:00 PM,21,2,19
09/14/2019 11:00:00 PM,19,7,12
09/15/2019 12:00:00 AM,11,6,5
09/15/2019 01:00:00 AM,16,2,14
09/15/2019 02:00:00 AM,3,1,2
09/15/2019 03:00:00 AM,0,0,0
09/15/2019 04:00:00 AM,6,2,4
09/15/2019 05:00:00 AM,4,2,2
09/15/2019 06:00:00 AM,4,3,1
09/15/2019 07:00:00 AM,11,10,1
09/15/2019 08:00:00 AM,13,9,4
09/15/2019 09:00:00 AM,14,2,12
09/15/2019 10:00:00 AM,18,12,6
09/15/2019 11:00:00 AM,15,7,8
09/15/2019 12:00:00 PM,35,21,14
09/15/2019 01:00:00 PM,47,24,23
09/15/2019 02:00:00 PM,54,47,7
09/15/2019 03:00:00 PM,61,41,20
09/15/2019 04:00:00 PM,23,9,14
09/15/2019 05:00:00 PM,106,25,81
09/15/2019 06:00:00 PM,41,7,34
09/15/2019 07:00:00 PM,10,2,8
09/15/2019 08:00:00 PM,14,3,11
09/15/2019 09:00:00 PM,5,5,0
09/15/2019 10:00:00 PM,13,7,6
09/15/2019 11:00:00 PM,18,2,16
09/16/2019 12:00:00 AM,3,2,1
09/16/2019 01:00:00 AM,2,2,0
09/16/2019 02:00:00 AM,3,2,1
09/16/2019 03:00:00 AM,6,0,6
09/16/2019 04:00:00 AM,4,0,4
09/16/2019 05:00:00 AM,24,8,16
09/16/2019 06:00:00 AM,76,24,52
09/16/2019 07:00:00 AM,229,105,124
09/16/2019 08:00:00 AM,363,193,170
09/16/2019 09:00:00 AM,165,88,77
09/16/2019 10:00:00 AM,96,56,40
09/16/2019 11:00:00 AM,74,44,30
09/16/2019 12:00:00 PM,70,37,33
09/16/2019 01:00:00 PM,74,41,33
09/16/2019 02:00:00 PM,71,45,26
09/16/2019 03:00:00 PM,146,100,46
09/16/2019 04:00:00 PM,424,282,142
09/16/2019 05:00:00 PM,585,372,213
09/16/2019 06:00:00 PM,247,155,92
09/16/2019 07:00:00 PM,87,45,42
09/16/2019 08:00:00 PM,30,20,10
09/16/2019 09:00:00 PM,23,18,5
09/16/2019 10:00:00 PM,23,12,11
09/16/2019 11:00:00 PM,11,8,3
09/17/2019 12:00:00 AM,6,3,3
09/17/2019 01:00:00 AM,2,0,2
09/17/2019 02:00:00 AM,6,1,5
09/17/2019 03:00:00 AM,2,0,2
09/17/2019 04:00:00 AM,6,0,6
09/17/2019 05:00:00 AM,22,10,12
09/17/2019 06:00:00 AM,64,18,46
09/17/2019 07:00:00 AM,147,65,82
09/17/2019 08:00:00 AM,210,109,101
09/17/2019 09:00:00 AM,93,52,41
09/17/2019 10:00:00 AM,41,29,12
09/17/2019 11:00:00 AM,44,25,19
09/17/2019 12:00:00 PM,73,43,30
09/17/2019 01:00:00 PM,56,27,29
09/17/2019 02:00:00 PM,82,54,28
09/17/2019 03:00:00 PM,134,89,45
09/17/2019 04:00:00 PM,295,205,90
09/17/2019 05:00:00 PM,353,242,111
09/17/2019 06:00:00 PM,150,92,58
09/17/2019 07:00:00 PM,51,34,17
09/17/2019 08:00:00 PM,21,12,9
09/17/2019 09:00:00 PM,27,14,13
09/17/2019 10:00:00 PM,15,6,9
09/17/2019 11:00:00 PM,0,0,0
09/18/2019 12:00:00 AM,13,3,10
09/18/2019 01:00:00 AM,0,0,0
09/18/2019 02:00:00 AM,0,0,0
09/18/2019 03:00:00 AM,2,0,2
09/18/2019 04:00:00 AM,6,2,4
09/18/2019 05:00:00 AM,12,4,8
09/18/2019 06:00:00 AM,75,33,42
09/18/2019 07:00:00 AM,201,87,114
09/18/2019 08:00:00 AM,360,200,160
09/18/2019 09:00:00 AM,162,88,74
09/18/2019 10:00:00 AM,58,35,23
09/18/2019 11:00:00 AM,69,49,20
09/18/2019 12:00:00 PM,75,42,33
09/18/2019 01:00:00 PM,102,51,51
09/18/2019 02:00:00 PM,88,57,31
09/18/2019 03:00:00 PM,165,94,71
09/18/2019 04:00:00 PM,395,283,112
09/18/2019 05:00:00 PM,549,334,215
09/18/2019 06:00:00 PM,290,218,72
09/18/2019 07:00:00 PM,147,107,40
09/18/2019 08:00:00 PM,58,26,32
09/18/2019 09:00:00 PM,132,15,117
09/18/2019 10:00:00 PM,69,19,50
09/18/2019 11:00:00 PM,18,10,8
09/19/2019 12:00:00 AM,6,1,5
09/19/2019 01:00:00 AM,2,2,0
09/19/2019 02:00:00 AM,2,0,2
09/19/2019 03:00:00 AM,5,3,2
09/19/2019 04:00:00 AM,9,4,5
09/19/2019 05:00:00 AM,28,14,14
09/19/2019 06:00:00 AM,109,41,68
09/19/2019 07:00:00 AM,229,108,121
09/19/2019 08:00:00 AM,358,186,172
09/19/2019 09:00:00 AM,187,100,87
09/19/2019 10:00:00 AM,89,52,37
09/19/2019 11:00:00 AM,91,51,40
09/19/2019 12:00:00 PM,104,53,51
09/19/2019 01:00:00 PM,79,50,29
09/19/2019 02:00:00 PM,109,62,47
09/19/2019 03:00:00 PM,226,167,59
09/19/2019 04:00:00 PM,458,314,144
09/19/2019 05:00:00 PM,563,366,197
09/19/2019 06:00:00 PM,216,141,75
09/19/2019 07:00:00 PM,101,58,43
09/19/2019 08:00:00 PM,60,34,26
09/19/2019 09:00:00 PM,33,21,12
09/19/2019 10:00:00 PM,23,15,8
09/19/2019 11:00:00 PM,12,5,7
09/20/2019 12:00:00 AM,7,2,5
09/20/2019 01:00:00 AM,3,3,0
09/20/2019 02:00:00 AM,2,2,0
09/20/2019 03:00:00 AM,2,2,0
09/20/2019 04:00:00 AM,2,2,0
09/20/2019 05:00:00 AM,10,6,4
09/20/2019 06:00:00 AM,89,33,56
09/20/2019 07:00:00 AM,201,98,103
09/20/2019 08:00:00 AM,275,156,119
09/20/2019 09:00:00 AM,164,76,88
09/20/2019 10:00:00 AM,82,46,36
09/20/2019 11:00:00 AM,89,49,40
09/20/2019 12:00:00 PM,117,57,60
09/20/2019 01:00:00 PM,190,87,103
09/20/2019 02:00:00 PM,183,91,92
09/20/2019 03:00:00 PM,255,170,85
09/20/2019 04:00:00 PM,394,270,124
09/20/2019 05:00:00 PM,422,271,151
09/20/2019 06:00:00 PM,171,106,65
09/20/2019 07:00:00 PM,90,53,37
09/20/2019 08:00:00 PM,45,21,24
09/20/2019 09:00:00 PM,40,27,13
09/20/2019 10:00:00 PM,28,16,12
09/20/2019 11:00:00 PM,33,20,13
09/21/2019 12:00:00 AM,11,3,8
09/21/2019 01:00:00 AM,10,6,4
09/21/2019 02:00:00 AM,6,4,2
09/21/2019 03:00:00 AM,1,0,1
09/21/2019 04:00:00 AM,1,0,1
09/21/2019 05:00:00 AM,8,6,2
09/21/2019 06:00:00 AM,5,3,2
09/21/2019 07:00:00 AM,21,9,12
09/21/2019 08:00:00 AM,48,32,16
09/21/2019 09:00:00 AM,50,23,27
09/21/2019 10:00:00 AM,28,20,8
09/21/2019 11:00:00 AM,74,42,32
09/21/2019 12:00:00 PM,75,49,26
09/21/2019 01:00:00 PM,115,60,55
09/21/2019 02:00:00 PM,117,63,54
09/21/2019 03:00:00 PM,94,45,49
09/21/2019 04:00:00 PM,106,56,50
09/21/2019 05:00:00 PM,96,54,42
09/21/2019 06:00:00 PM,64,43,21
09/21/2019 07:00:00 PM,55,30,25
09/21/2019 08:00:00 PM,29,8,21
09/21/2019 09:00:00 PM,26,18,8
09/21/2019 10:00:00 PM,21,12,9
09/21/2019 11:00:00 PM,10,4,6
09/22/2019 12:00:00 AM,20,11,9
09/22/2019 01:00:00 AM,17,8,9
09/22/2019 02:00:00 AM,0,0,0
09/22/2019 03:00:00 AM,2,0,2
09/22/2019 04:00:00 AM,3,2,1
09/22/2019 05:00:00 AM,6,4,2
09/22/2019 06:00:00 AM,4,4,0
09/22/2019 07:00:00 AM,13,11,2
09/22/2019 08:00:00 AM,11,5,6
09/22/2019 09:00:00 AM,26,14,12
09/22/2019 10:00:00 AM,26,22,4
09/22/2019 11:00:00 AM,38,28,10
09/22/2019 12:00:00 PM,53,44,9
09/22/2019 01:00:00 PM,33,8,25
09/22/2019 02:00:00 PM,26,20,6
09/22/2019 03:00:00 PM,13,2,11
09/22/2019 04:00:00 PM,62,7,55
09/22/2019 05:00:00 PM,56,19,37
09/22/2019 06:00:00 PM,43,27,16
09/22/2019 07:00:00 PM,33,12,21
09/22/2019 08:00:00 PM,23,11,12
09/22/2019 09:00:00 PM,10,5,5
09/22/2019 10:00:00 PM,11,3,8
09/22/2019 11:00:00 PM,5,4,1
09/23/2019 12:00:00 AM,2,2,0
09/23/2019 01:00:00 AM,10,6,4
09/23/2019 02:00:00 AM,2,0,2
09/23/2019 03:00:00 AM,4,0,4
09/23/2019 04:00:00 AM,4,0,4
09/23/2019 05:00:00 AM,24,18,6
09/23/2019 06:00:00 AM,92,34,58
09/23/2019 07:00:00 AM,220,114,106
09/23/2019 08:00:00 AM,342,161,181
09/23/2019 09:00:00 AM,199,108,91
09/23/2019 10:00:00 AM,82,40,42
09/23/2019 11:00:00 AM,71,41,30
09/23/2019 12:00:00 PM,54,35,19
09/23/2019 01:00:00 PM,33,11,22
09/23/2019 02:00:00 PM,68,43,25
09/23/2019 03:00:00 PM,108,76,32
09/23/2019 04:00:00 PM,351,231,120
09/23/2019 05:00:00 PM,529,361,168
09/23/2019 06:00:00 PM,227,131,96
09/23/2019 07:00:00 PM,69,33,36
09/23/2019 08:00:00 PM,30,14,16
09/23/2019 09:00:00 PM,20,15,5
09/23/2019 10:00:00 PM,17,10,7
09/23/2019 11:00:00 PM,10,2,8
09/24/2019 12:00:00 AM,6,0,6
09/24/2019 01:00:00 AM,4,2,2
09/24/2019 02:00:00 AM,4,2,2
09/24/2019 03:00:00 AM,4,0,4
09/24/2019 04:00:00 AM,2,0,2
09/24/2019 05:00:00 AM,18,10,8
09/24/2019 06:00:00 AM,93,35,58
09/24/2019 07:00:00 AM,182,76,106
09/24/2019 08:00:00 AM,322,164,158
09/24/2019 09:00:00 AM,158,78,80
09/24/2019 10:00:00 AM,76,42,34
09/24/2019 11:00:00 AM,78,40,38
09/24/2019 12:00:00 PM,83,50,33
09/24/2019 01:00:00 PM,83,38,45
09/24/2019 02:00:00 PM,96,62,34
09/24/2019 03:00:00 PM,172,118,54
09/24/2019 04:00:00 PM,400,281,119
09/24/2019 05:00:00 PM,476,356,120
09/24/2019 06:00:00 PM,252,164,88
09/24/2019 07:00:00 PM,88,51,37
09/24/2019 08:00:00 PM,58,24,34
09/24/2019 09:00:00 PM,46,33,13
09/24/2019 10:00:00 PM,31,12,19
09/24/2019 11:00:00 PM,13,2,11
09/25/2019 12:00:00 AM,7,4,3
09/25/2019 01:00:00 AM,4,0,4
09/25/2019 02:00:00 AM,4,0,4
09/25/2019 03:00:00 AM,4,0,4
09/25/2019 04:00:00 AM,6,2,4
09/25/2019 05:00:00 AM,34,8,26
09/25/2019 06:00:00 AM,77,28,49
09/25/2019 07:00:00 AM,221,106,115
09/25/2019 08:00:00 AM,386,186,200
09/25/2019 09:00:00 AM,161,92,69
09/25/2019 10:00:00 AM,82,48,34
09/25/2019 11:00:00 AM,97,49,48
09/25/2019 12:00:00 PM,98,45,53
09/25/2019 01:00:00 PM,95,47,48
09/25/2019 02:00:00 PM,137,89,48
09/25/2019 03:00:00 PM,235,165,70
09/25/2019 04:00:00 PM,395,252,143
09/25/2019 05:00:00 PM,529,338,191
09/25/2019 06:00:00 PM,241,151,90
09/25/2019 07:00:00 PM,85,53,32
09/25/2019 08:00:00 PM,45,22,23
09/25/2019 09:00:00 PM,73,38,35
09/25/2019 10:00:00 PM,20,9,11
09/25/2019 11:00:00 PM,10,6,4
09/26/2019 12:00:00 AM,0,0,0
09/26/2019 01:00:00 AM,8,4,4
09/26/2019 02:00:00 AM,2,2,0
09/26/2019 03:00:00 AM,2,0,2
09/26/2019 04:00:00 AM,4,4,0
09/26/2019 05:00:00 AM,28,10,18
09/26/2019 06:00:00 AM,77,25,52
09/26/2019 07:00:00 AM,170,89,81
09/26/2019 08:00:00 AM,226,108,118
09/26/2019 09:00:00 AM,125,71,54
09/26/2019 10:00:00 AM,53,28,25
09/26/2019 11:00:00 AM,93,53,40
09/26/2019 12:00:00 PM,74,39,35
09/26/2019 01:00:00 PM,64,30,34
09/26/2019 02:00:00 PM,93,61,32
09/26/2019 03:00:00 PM,144,95,49
09/26/2019 04:00:00 PM,343,249,94
09/26/2019 05:00:00 PM,477,335,142
09/26/2019 06:00:00 PM,228,161,67
09/26/2019 07:00:00 PM,103,75,28
09/26/2019 08:00:00 PM,44,25,19
09/26/2019 09:00:00 PM,61,28,33
09/26/2019 10:00:00 PM,67,16,51
09/26/2019 11:00:00 PM,25,10,15
09/27/2019 12:00:00 AM,5,2,3
09/27/2019 01:00:00 AM,2,2,0
09/27/2019 02:00:00 AM,4,2,2
09/27/2019 03:00:00 AM,5,1,4
09/27/2019 04:00:00 AM,0,0,0
09/27/2019 05:00:00 AM,22,10,12
09/27/2019 06:00:00 AM,63,23,40
09/27/2019 07:00:00 AM,128,65,63
09/27/2019 08:00:00 AM,224,101,123
09/27/2019 09:00:00 AM,103,52,51
09/27/2019 10:00:00 AM,53,29,24
09/27/2019 11:00:00 AM,102,64,38
09/27/2019 12:00:00 PM,89,56,33
09/27/2019 01:00:00 PM,88,53,35
09/27/2019 02:00:00 PM,129,68,61
09/27/2019 03:00:00 PM,189,130,59
09/27/2019 04:00:00 PM,337,237,100
09/27/2019 05:00:00 PM,308,211,97
09/27/2019 06:00:00 PM,163,112,51
09/27/2019 07:00:00 PM,35,22,13
09/27/2019 08:00:00 PM,18,11,7
09/27/2019 09:00:00 PM,20,13,7
09/27/2019 10:00:00 PM,20,10,10
09/27/2019 11:00:00 PM,20,5,15
09/28/2019 12:00:00 AM,13,5,8
09/28/2019 01:00:00 AM,5,4,1
09/28/2019 02:00:00 AM,5,2,3
09/28/2019 03:00:00 AM,2,2,0
09/28/2019 04:00:00 AM,2,0,2
09/28/2019 05:00:00 AM,6,4,2
09/28/2019 06:00:00 AM,3,3,0
09/28/2019 07:00:00 AM,7,0,7
09/28/2019 08:00:00 AM,16,8,8
09/28/2019 09:00:00 AM,17,16,1
09/28/2019 10:00:00 AM,36,23,13
09/28/2019 11:00:00 AM,53,31,22
09/28/2019 12:00:00 PM,65,36,29
09/28/2019 01:00:00 PM,81,34,47
09/28/2019 02:00:00 PM,68,41,27
09/28/2019 03:00:00 PM,75,34,41
09/28/2019 04:00:00 PM,94,61,33
09/28/2019 05:00:00 PM,81,53,28
09/28/2019 06:00:00 PM,46,28,18
09/28/2019 07:00:00 PM,31,15,16
09/28/2019 08:00:00 PM,29,20,9
09/28/2019 09:00:00 PM,31,16,15
09/28/2019 10:00:00 PM,33,16,17
09/28/2019 11:00:00 PM,24,13,11
09/29/2019 12:00:00 AM,27,17,10
09/29/2019 01:00:00 AM,15,5,10
09/29/2019 02:00:00 AM,10,8,2
09/29/2019 03:00:00 AM,0,0,0
09/29/2019 04:00:00 AM,8,2,6
09/29/2019 05:00:00 AM,2,2,0
09/29/2019 06:00:00 AM,6,4,2
09/29/2019 07:00:00 AM,16,10,6
09/29/2019 08:00:00 AM,28,18,10
09/29/2019 09:00:00 AM,45,21,24
09/29/2019 10:00:00 AM,26,16,10
09/29/2019 11:00:00 AM,59,37,22
09/29/2019 12:00:00 PM,65,35,30
09/29/2019 01:00:00 PM,54,29,25
09/29/2019 02:00:00 PM,56,20,36
09/29/2019 03:00:00 PM,44,25,19
09/29/2019 04:00:00 PM,51,15,36
09/29/2019 05:00:00 PM,43,23,20
09/29/2019 06:00:00 PM,39,20,19
09/29/2019 07:00:00 PM,24,15,9
09/29/2019 08:00:00 PM,23,13,10
09/29/2019 09:00:00 PM,9,7,2
09/29/2019 10:00:00 PM,28,10,18
09/29/2019 11:00:00 PM,12,6,6
09/30/2019 12:00:00 AM,4,2,2
09/30/2019 01:00:00 AM,1,1,0
09/30/2019 02:00:00 AM,0,0,0
09/30/2019 03:00:00 AM,8,2,6
09/30/2019 04:00:00 AM,6,0,6
09/30/2019 05:00:00 AM,40,14,26
09/30/2019 06:00:00 AM,71,34,37
09/30/2019 07:00:00 AM,203,98,105
09/30/2019 08:00:00 AM,348,189,159
09/30/2019 09:00:00 AM,165,92,73
09/30/2019 10:00:00 AM,57,36,21
09/30/2019 11:00:00 AM,75,35,40
09/30/2019 12:00:00 PM,78,45,33
09/30/2019 01:00:00 PM,80,47,33
09/30/2019 02:00:00 PM,109,69,40
09/30/2019 03:00:00 PM,189,134,55
09/30/2019 04:00:00 PM,372,251,121
09/30/2019 05:00:00 PM,481,314,167
09/30/2019 06:00:00 PM,234,132,102
09/30/2019 07:00:00 PM,79,42,37
09/30/2019 08:00:00 PM,37,25,12
09/30/2019 09:00:00 PM,18,13,5
09/30/2019 10:00:00 PM,12,5,7
09/30/2019 11:00:00 PM,16,8,8
10/01/2019 12:00:00 AM,4,2,2
10/01/2019 01:00:00 AM,2,0,2
10/01/2019 02:00:00 AM,3,3,0
10/01/2019 03:00:00 AM,4,0,4
10/01/2019 04:00:00 AM,8,0,8
10/01/2019 05:00:00 AM,24,10,14
10/01/2019 06:00:00 AM,94,34,60
10/01/2019 07:00:00 AM,233,115,118
10/01/2019 08:00:00 AM,361,170,191
10/01/2019 09:00:00 AM,222,111,111
10/01/2019 10:00:00 AM,100,63,37
10/01/2019 11:00:00 AM,73,34,39
10/01/2019 12:00:00 PM,64,33,31
10/01/2019 01:00:00 PM,96,55,41
10/01/2019 02:00:00 PM,106,63,43
10/01/2019 03:00:00 PM,188,123,65
10/01/2019 04:00:00 PM,383,243,140
10/01/2019 05:00:00 PM,547,349,198
10/01/2019 06:00:00 PM,267,187,80
10/01/2019 07:00:00 PM,78,50,28
10/01/2019 08:00:00 PM,52,20,32
10/01/2019 09:00:00 PM,25,16,9
10/01/2019 10:00:00 PM,11,5,6
10/01/2019 11:00:00 PM,5,3,2
10/02/2019 12:00:00 AM,3,3,0
10/02/2019 01:00:00 AM,2,2,0
10/02/2019 02:00:00 AM,5,1,4
10/02/2019 03:00:00 AM,7,0,7
10/02/2019 04:00:00 AM,5,2,3
10/02/2019 05:00:00 AM,24,10,14
10/02/2019 06:00:00 AM,91,38,53
10/02/2019 07:00:00 AM,225,103,122
10/02/2019 08:00:00 AM,324,151,173
10/02/2019 09:00:00 AM,173,85,88
10/02/2019 10:00:00 AM,82,48,34
10/02/2019 11:00:00 AM,87,54,33
10/02/2019 12:00:00 PM,106,51,55
10/02/2019 01:00:00 PM,105,66,39
10/02/2019 02:00:00 PM,90,55,35
10/02/2019 03:00:00 PM,189,140,49
10/02/2019 04:00:00 PM,379,235,144
10/02/2019 05:00:00 PM,504,346,158
10/02/2019 06:00:00 PM,199,107,92
10/02/2019 07:00:00 PM,70,47,23
10/02/2019 08:00:00 PM,55,33,22
10/02/2019 09:00:00 PM,27,14,13
10/02/2019 10:00:00 PM,34,12,22
10/02/2019 11:00:00 PM,16,10,6
10/03/2019 12:00:00 AM,11,4,7
10/03/2019 01:00:00 AM,4,0,4
10/03/2019 02:00:00 AM,1,0,1
10/03/2019 03:00:00 AM,3,1,2
10/03/2019 04:00:00 AM,2,2,0
10/03/2019 05:00:00 AM,20,8,12
10/03/2019 06:00:00 AM,92,42,50
10/03/2019 07:00:00 AM,193,85,108
10/03/2019 08:00:00 AM,278,136,142
10/03/2019 09:00:00 AM,160,82,78
10/03/2019 10:00:00 AM,75,45,30
10/03/2019 11:00:00 AM,81,53,28
10/03/2019 12:00:00 PM,93,54,39
10/03/2019 01:00:00 PM,96,57,39
10/03/2019 02:00:00 PM,172,116,56
10/03/2019 03:00:00 PM,300,244,56
10/03/2019 04:00:00 PM,568,455,113
10/03/2019 05:00:00 PM,504,376,128
10/03/2019 06:00:00 PM,208,160,48
10/03/2019 07:00:00 PM,84,43,41
10/03/2019 08:00:00 PM,82,28,54
10/03/2019 09:00:00 PM,211,33,178
10/03/2019 10:00:00 PM,70,10,60
10/03/2019 11:00:00 PM,20,7,13
10/04/2019 12:00:00 AM,4,4,0
10/04/2019 01:00:00 AM,1,1,0
10/04/2019 02:00:00 AM,2,2,0
10/04/2019 03:00:00 AM,4,0,4
10/04/2019 04:00:00 AM,0,0,0
10/04/2019 05:00:00 AM,18,8,10
10/04/2019 06:00:00 AM,72,29,43
10/04/2019 07:00:00 AM,153,58,95
10/04/2019 08:00:00 AM,232,101,131
10/04/2019 09:00:00 AM,133,65,68
10/04/2019 10:00:00 AM,83,52,31
10/04/2019 11:00:00 AM,74,38,36
10/04/2019 12:00:00 PM,118,58,60
10/04/2019 01:00:00 PM,78,35,43
10/04/2019 02:00:00 PM,105,72,33
10/04/2019 03:00:00 PM,191,126,65
10/04/2019 04:00:00 PM,359,236,123
10/04/2019 05:00:00 PM,354,218,136
10/04/2019 06:00:00 PM,133,85,48
10/04/2019 07:00:00 PM,67,48,19
10/04/2019 08:00:00 PM,29,20,9
10/04/2019 09:00:00 PM,31,19,12
10/04/2019 10:00:00 PM,8,6,2
10/04/2019 11:00:00 PM,22,16,6
10/05/2019 12:00:00 AM,8,2,6
10/05/2019 01:00:00 AM,12,8,4
10/05/2019 02:00:00 AM,21,3,18
10/05/2019 03:00:00 AM,0,0,0
10/05/2019 04:00:00 AM,3,3,0
10/05/2019 05:00:00 AM,0,0,0
10/05/2019 06:00:00 AM,5,0,5
10/05/2019 07:00:00 AM,17,9,8
10/05/2019 08:00:00 AM,23,5,18
10/05/2019 09:00:00 AM,31,19,12
10/05/2019 10:00:00 AM,27,18,9
10/05/2019 11:00:00 AM,50,34,16
10/05/2019 12:00:00 PM,71,40,31
10/05/2019 01:00:00 PM,57,30,27
10/05/2019 02:00:00 PM,83,51,32
10/05/2019 03:00:00 PM,91,47,44
10/05/2019 04:00:00 PM,60,26,34
10/05/2019 05:00:00 PM,49,23,26
10/05/2019 06:00:00 PM,41,25,16
10/05/2019 07:00:00 PM,47,31,16
10/05/2019 08:00:00 PM,23,14,9
10/05/2019 09:00:00 PM,9,8,1
10/05/2019 10:00:00 PM,44,28,16
10/05/2019 11:00:00 PM,11,6,5
10/06/2019 12:00:00 AM,8,0,8
10/06/2019 01:00:00 AM,10,4,6
10/06/2019 02:00:00 AM,1,1,0
10/06/2019 03:00:00 AM,9,7,2
10/06/2019 04:00:00 AM,2,0,2
10/06/2019 05:00:00 AM,4,4,0
10/06/2019 06:00:00 AM,10,5,5
10/06/2019 07:00:00 AM,9,7,2
10/06/2019 08:00:00 AM,15,3,12
10/06/2019 09:00:00 AM,25,19,6
10/06/2019 10:00:00 AM,47,29,18
10/06/2019 11:00:00 AM,103,83,20
10/06/2019 12:00:00 PM,164,145,19
10/06/2019 01:00:00 PM,99,72,27
10/06/2019 02:00:00 PM,76,31,45
10/06/2019 03:00:00 PM,191,44,147
10/06/2019 04:00:00 PM,135,52,83
10/06/2019 05:00:00 PM,79,34,45
10/06/2019 06:00:00 PM,75,36,39
10/06/2019 07:00:00 PM,42,21,21
10/06/2019 08:00:00 PM,28,16,12
10/06/2019 09:00:00 PM,15,9,6
10/06/2019 10:00:00 PM,8,6,2
10/06/2019 11:00:00 PM,9,4,5
10/07/2019 12:00:00 AM,9,4,5
10/07/2019 01:00:00 AM,0,0,0
10/07/2019 02:00:00 AM,5,2,3
10/07/2019 03:00:00 AM,7,5,2
10/07/2019 04:00:00 AM,4,0,4
10/07/2019 05:00:00 AM,26,10,16
10/07/2019 06:00:00 AM,81,32,49
10/07/2019 07:00:00 AM,171,80,91
10/07/2019 08:00:00 AM,335,160,175
10/07/2019 09:00:00 AM,159,89,70
10/07/2019 10:00:00 AM,64,34,30
10/07/2019 11:00:00 AM,67,20,47
10/07/2019 12:00:00 PM,72,34,38
10/07/2019 01:00:00 PM,55,34,21
10/07/2019 02:00:00 PM,78,45,33
10/07/2019 03:00:00 PM,138,84,54
10/07/2019 04:00:00 PM,355,227,128
10/07/2019 05:00:00 PM,430,284,146
10/07/2019 06:00:00 PM,154,96,58
10/07/2019 07:00:00 PM,69,32,37
10/07/2019 08:00:00 PM,26,15,11
10/07/2019 09:00:00 PM,18,7,11
10/07/2019 10:00:00 PM,12,6,6
10/07/2019 11:00:00 PM,6,5,1
10/08/2019 12:00:00 AM,3,1,2
10/08/2019 01:00:00 AM,10,3,7
10/08/2019 02:00:00 AM,2,0,2
10/08/2019 03:00:00 AM,4,2,2
10/08/2019 04:00:00 AM,6,2,4
10/08/2019 05:00:00 AM,32,16,16
10/08/2019 06:00:00 AM,82,26,56
10/08/2019 07:00:00 AM,171,74,97
10/08/2019 08:00:00 AM,301,132,169
10/08/2019 09:00:00 AM,178,94,84
10/08/2019 10:00:00 AM,68,32,36
10/08/2019 11:00:00 AM,55,32,23
10/08/2019 12:00:00 PM,44,26,18
10/08/2019 01:00:00 PM,52,32,20
10/08/2019 02:00:00 PM,53,35,18
10/08/2019 03:00:00 PM,120,82,38
10/08/2019 04:00:00 PM,319,221,98
10/08/2019 05:00:00 PM,394,257,137
10/08/2019 06:00:00 PM,166,107,59
10/08/2019 07:00:00 PM,74,51,23
10/08/2019 08:00:00 PM,28,17,11
10/08/2019 09:00:00 PM,14,9,5
10/08/2019 10:00:00 PM,15,7,8
10/08/2019 11:00:00 PM,7,3,4
10/09/2019 12:00:00 AM,3,0,3
10/09/2019 01:00:00 AM,0,0,0
10/09/2019 02:00:00 AM,2,0,2
10/09/2019 03:00:00 AM,0,0,0
10/09/2019 04:00:00 AM,5,2,3
10/09/2019 05:00:00 AM,28,12,16
10/09/2019 06:00:00 AM,74,34,40
10/09/2019 07:00:00 AM,179,90,89
10/09/2019 08:00:00 AM,343,170,173
10/09/2019 09:00:00 AM,179,99,80
10/09/2019 10:00:00 AM,84,49,35
10/09/2019 11:00:00 AM,93,52,41
10/09/2019 12:00:00 PM,97,59,38
10/09/2019 01:00:00 PM,90,59,31
10/09/2019 02:00:00 PM,102,60,42
10/09/2019 03:00:00 PM,172,109,63
10/09/2019 04:00:00 PM,342,223,119
10/09/2019 05:00:00 PM,484,298,186
10/09/2019 06:00:00 PM,223,145,78
10/09/2019 07:00:00 PM,59,32,27
10/09/2019 08:00:00 PM,59,24,35
10/09/2019 09:00:00 PM,30,23,7
10/09/2019 10:00:00 PM,25,13,12
10/09/2019 11:00:00 PM,10,7,3
10/10/2019 12:00:00 AM,4,0,4
10/10/2019 01:00:00 AM,4,0,4
10/10/2019 02:00:00 AM,0,0,0
10/10/2019 03:00:00 AM,4,0,4
10/10/2019 04:00:00 AM,4,2,2
10/10/2019 05:00:00 AM,20,14,6
10/10/2019 06:00:00 AM,89,34,55
10/10/2019 07:00:00 AM,184,79,105
10/10/2019 08:00:00 AM,317,160,157
10/10/2019 09:00:00 AM,152,73,79
10/10/2019 10:00:00 AM,76,44,32
10/10/2019 11:00:00 AM,71,38,33
10/10/2019 12:00:00 PM,90,35,55
10/10/2019 01:00:00 PM,100,63,37
10/10/2019 02:00:00 PM,94,63,31
10/10/2019 03:00:00 PM,157,107,50
10/10/2019 04:00:00 PM,367,263,104
10/10/2019 05:00:00 PM,470,313,157
10/10/2019 06:00:00 PM,189,128,61
10/10/2019 07:00:00 PM,77,45,32
10/10/2019 08:00:00 PM,61,30,31
10/10/2019 09:00:00 PM,39,18,21
10/10/2019 10:00:00 PM,12,6,6
10/10/2019 11:00:00 PM,11,6,5
10/11/2019 12:00:00 AM,7,2,5
10/11/2019 01:00:00 AM,7,5,2
10/11/2019 02:00:00 AM,9,6,3
10/11/2019 03:00:00 AM,4,2,2
10/11/2019 04:00:00 AM,4,2,2
10/11/2019 05:00:00 AM,22,8,14
10/11/2019 06:00:00 AM,54,24,30
10/11/2019 07:00:00 AM,149,70,79
10/11/2019 08:00:00 AM,267,128,139
10/11/2019 09:00:00 AM,152,95,57
10/11/2019 10:00:00 AM,72,45,27
10/11/2019 11:00:00 AM,85,42,43
10/11/2019 12:00:00 PM,84,43,41
10/11/2019 01:00:00 PM,104,56,48
10/11/2019 02:00:00 PM,129,71,58
10/11/2019 03:00:00 PM,173,118,55
10/11/2019 04:00:00 PM,312,199,113
10/11/2019 05:00:00 PM,338,203,135
10/11/2019 06:00:00 PM,144,73,71
10/11/2019 07:00:00 PM,61,27,34
10/11/2019 08:00:00 PM,17,13,4
10/11/2019 09:00:00 PM,22,16,6
10/11/2019 10:00:00 PM,19,9,10
10/11/2019 11:00:00 PM,24,10,14
10/12/2019 12:00:00 AM,25,21,4
10/12/2019 01:00:00 AM,9,4,5
10/12/2019 02:00:00 AM,2,2,0
10/12/2019 03:00:00 AM,0,0,0
10/12/2019 04:00:00 AM,1,1,0
10/12/2019 05:00:00 AM,10,4,6
10/12/2019 06:00:00 AM,4,4,0
10/12/2019 07:00:00 AM,20,8,12
10/12/2019 08:00:00 AM,26,15,11
10/12/2019 09:00:00 AM,36,20,16
10/12/2019 10:00:00 AM,41,27,14
10/12/2019 11:00:00 AM,60,32,28
10/12/2019 12:00:00 PM,68,47,21
10/12/2019 01:00:00 PM,103,64,39
10/12/2019 02:00:00 PM,119,63,56
10/12/2019 03:00:00 PM,62,38,24
10/12/2019 04:00:00 PM,82,39,43
10/12/2019 05:00:00 PM,80,33,47
10/12/2019 06:00:00 PM,57,36,21
10/12/2019 07:00:00 PM,33,16,17
10/12/2019 08:00:00 PM,41,23,18
10/12/2019 09:00:00 PM,13,10,3
10/12/2019 10:00:00 PM,28,18,10
10/12/2019 11:00:00 PM,20,13,7
10/13/2019 12:00:00 AM,32,17,15
10/13/2019 01:00:00 AM,13,7,6
10/13/2019 02:00:00 AM,5,4,1
10/13/2019 03:00:00 AM,0,0,0
10/13/2019 04:00:00 AM,1,0,1
10/13/2019 05:00:00 AM,4,2,2
10/13/2019 06:00:00 AM,3,2,1
10/13/2019 07:00:00 AM,12,6,6
10/13/2019 08:00:00 AM,14,7,7
10/13/2019 09:00:00 AM,29,20,9
10/13/2019 10:00:00 AM,50,36,14
10/13/2019 11:00:00 AM,37,31,6
10/13/2019 12:00:00 PM,64,34,30
10/13/2019 01:00:00 PM,80,31,49
10/13/2019 02:00:00 PM,75,45,30
10/13/2019 03:00:00 PM,45,23,22
10/13/2019 04:00:00 PM,77,45,32
10/13/2019 05:00:00 PM,71,38,33
10/13/2019 06:00:00 PM,39,21,18
10/13/2019 07:00:00 PM,39,10,29
10/13/2019 08:00:00 PM,16,9,7
10/13/2019 09:00:00 PM,15,11,4
10/13/2019 10:00:00 PM,22,10,12
10/13/2019 11:00:00 PM,6,2,4
10/14/2019 12:00:00 AM,2,2,0
10/14/2019 01:00:00 AM,3,2,1
10/14/2019 02:00:00 AM,6,6,0
10/14/2019 03:00:00 AM,4,0,4
10/14/2019 04:00:00 AM,4,2,2
10/14/2019 05:00:00 AM,32,8,24
10/14/2019 06:00:00 AM,54,21,33
10/14/2019 07:00:00 AM,225,104,121
10/14/2019 08:00:00 AM,369,173,196
10/14/2019 09:00:00 AM,217,116,101
10/14/2019 10:00:00 AM,63,25,38
10/14/2019 11:00:00 AM,67,25,42
10/14/2019 12:00:00 PM,82,44,38
10/14/2019 01:00:00 PM,80,42,38
10/14/2019 02:00:00 PM,107,62,45
10/14/2019 03:00:00 PM,125,90,35
10/14/2019 04:00:00 PM,373,266,107
10/14/2019 05:00:00 PM,435,285,150
10/14/2019 06:00:00 PM,204,124,80
10/14/2019 07:00:00 PM,66,43,23
10/14/2019 08:00:00 PM,42,22,20
10/14/2019 09:00:00 PM,28,20,8
10/14/2019 10:00:00 PM,18,10,8
10/14/2019 11:00:00 PM,4,4,0
10/15/2019 12:00:00 AM,3,1,2
10/15/2019 01:00:00 AM,6,6,0
10/15/2019 02:00:00 AM,4,1,3
10/15/2019 03:00:00 AM,0,0,0
10/15/2019 04:00:00 AM,0,0,0
10/15/2019 05:00:00 AM,42,12,30
10/15/2019 06:00:00 AM,106,43,63
10/15/2019 07:00:00 AM,235,106,129
10/15/2019 08:00:00 AM,314,149,165
10/15/2019 09:00:00 AM,200,108,92
10/15/2019 10:00:00 AM,73,48,25
10/15/2019 11:00:00 AM,75,33,42
10/15/2019 12:00:00 PM,68,37,31
10/15/2019 01:00:00 PM,99,62,37
10/15/2019 02:00:00 PM,80,45,35
10/15/2019 03:00:00 PM,200,144,56
10/15/2019 04:00:00 PM,386,245,141
10/15/2019 05:00:00 PM,474,302,172
10/15/2019 06:00:00 PM,220,139,81
10/15/2019 07:00:00 PM,65,43,22
10/15/2019 08:00:00 PM,47,23,24
10/15/2019 09:00:00 PM,23,11,12
10/15/2019 10:00:00 PM,25,13,12
10/15/2019 11:00:00 PM,13,5,8
10/16/2019 12:00:00 AM,2,0,2
10/16/2019 01:00:00 AM,0,0,0
10/16/2019 02:00:00 AM,4,0,4
10/16/2019 03:00:00 AM,2,0,2
10/16/2019 04:00:00 AM,4,2,2
10/16/2019 05:00:00 AM,30,10,20
10/16/2019 06:00:00 AM,49,19,30
10/16/2019 07:00:00 AM,131,56,75
10/16/2019 08:00:00 AM,209,95,114
10/16/2019 09:00:00 AM,93,51,42
10/16/2019 10:00:00 AM,43,17,26
10/16/2019 11:00:00 AM,63,40,23
10/16/2019 12:00:00 PM,71,26,45
10/16/2019 01:00:00 PM,55,27,28
10/16/2019 02:00:00 PM,76,33,43
10/16/2019 03:00:00 PM,116,80,36
10/16/2019 04:00:00 PM,285,180,105
10/16/2019 05:00:00 PM,268,174,94
10/16/2019 06:00:00 PM,116,78,38
10/16/2019 07:00:00 PM,35,23,12
10/16/2019 08:00:00 PM,38,22,16
10/16/2019 09:00:00 PM,16,9,7
10/16/2019 10:00:00 PM,15,10,5
10/16/2019 11:00:00 PM,9,6,3
10/17/2019 12:00:00 AM,7,2,5
10/17/2019 01:00:00 AM,2,0,2
10/17/2019 02:00:00 AM,5,3,2
10/17/2019 03:00:00 AM,2,0,2
10/17/2019 04:00:00 AM,5,4,1
10/17/2019 05:00:00 AM,20,10,10
10/17/2019 06:00:00 AM,53,18,35
10/17/2019 07:00:00 AM,120,50,70
10/17/2019 08:00:00 AM,190,102,88
10/17/2019 09:00:00 AM,111,54,57
10/17/2019 10:00:00 AM,61,28,33
10/17/2019 11:00:00 AM,61,36,25
10/17/2019 12:00:00 PM,67,41,26
10/17/2019 01:00:00 PM,56,36,20
10/17/2019 02:00:00 PM,62,37,25
10/17/2019 03:00:00 PM,111,71,40
10/17/2019 04:00:00 PM,280,179,101
10/17/2019 05:00:00 PM,309,194,115
10/17/2019 06:00:00 PM,148,111,37
10/17/2019 07:00:00 PM,39,20,19
10/17/2019 08:00:00 PM,42,20,22
10/17/2019 09:00:00 PM,35,26,9
10/17/2019 10:00:00 PM,21,12,9
10/17/2019 11:00:00 PM,12,4,8
10/18/2019 12:00:00 AM,7,4,3
10/18/2019 01:00:00 AM,4,0,4
10/18/2019 02:00:00 AM,2,2,0
10/18/2019 03:00:00 AM,2,0,2
10/18/2019 04:00:00 AM,2,2,0
10/18/2019 05:00:00 AM,16,2,14
10/18/2019 06:00:00 AM,83,40,43
10/18/2019 07:00:00 AM,121,55,66
10/18/2019 08:00:00 AM,182,98,84
10/18/2019 09:00:00 AM,120,65,55
10/18/2019 10:00:00 AM,54,29,25
10/18/2019 11:00:00 AM,51,22,29
10/18/2019 12:00:00 PM,63,40,23
10/18/2019 01:00:00 PM,64,36,28
10/18/2019 02:00:00 PM,77,42,35
10/18/2019 03:00:00 PM,154,93,61
10/18/2019 04:00:00 PM,222,158,64
10/18/2019 05:00:00 PM,212,148,64
10/18/2019 06:00:00 PM,91,62,29
10/18/2019 07:00:00 PM,32,19,13
10/18/2019 08:00:00 PM,20,13,7
10/18/2019 09:00:00 PM,12,10,2
10/18/2019 10:00:00 PM,24,10,14
10/18/2019 11:00:00 PM,8,3,5
10/19/2019 12:00:00 AM,8,3,5
10/19/2019 01:00:00 AM,4,2,2
10/19/2019 02:00:00 AM,2,2,0
10/19/2019 03:00:00 AM,0,0,0
10/19/2019 04:00:00 AM,0,0,0
10/19/2019 05:00:00 AM,10,6,4
10/19/2019 06:00:00 AM,6,6,0
10/19/2019 07:00:00 AM,5,4,1
10/19/2019 08:00:00 AM,15,4,11
10/19/2019 09:00:00 AM,17,11,6
10/19/2019 10:00:00 AM,19,16,3
10/19/2019 11:00:00 AM,50,46,4
10/19/2019 12:00:00 PM,37,29,8
10/19/2019 01:00:00 PM,22,9,13
10/19/2019 02:00:00 PM,46,25,21
10/19/2019 03:00:00 PM,74,16,58
10/19/2019 04:00:00 PM,60,22,38
10/19/2019 05:00:00 PM,59,33,26
10/19/2019 06:00:00 PM,36,18,18
10/19/2019 07:00:00 PM,44,33,11
10/19/2019 08:00:00 PM,35,33,2
10/19/2019 09:00:00 PM,25,14,11
10/19/2019 10:00:00 PM,26,18,8
10/19/2019 11:00:00 PM,30,4,26
10/20/2019 12:00:00 AM,25,12,13
10/20/2019 01:00:00 AM,16,7,9
10/20/2019 02:00:00 AM,9,6,3
10/20/2019 03:00:00 AM,2,0,2
10/20/2019 04:00:00 AM,6,2,4
10/20/2019 05:00:00 AM,4,2,2
10/20/2019 06:00:00 AM,14,10,4
10/20/2019 07:00:00 AM,12,10,2
10/20/2019 08:00:00 AM,20,10,10
10/20/2019 09:00:00 AM,32,26,6
10/20/2019 10:00:00 AM,31,19,12
10/20/2019 11:00:00 AM,71,57,14
10/20/2019 12:00:00 PM,83,75,8
10/20/2019 01:00:00 PM,50,35,15
10/20/2019 02:00:00 PM,26,18,8
10/20/2019 03:00:00 PM,11,2,9
10/20/2019 04:00:00 PM,108,12,96
10/20/2019 05:00:00 PM,80,41,39
10/20/2019 06:00:00 PM,24,5,19
10/20/2019 07:00:00 PM,10,5,5
10/20/2019 08:00:00 PM,22,10,12
10/20/2019 09:00:00 PM,14,9,5
10/20/2019 10:00:00 PM,8,5,3
10/20/2019 11:00:00 PM,8,0,8
10/21/2019 12:00:00 AM,12,9,3
10/21/2019 01:00:00 AM,2,2,0
10/21/2019 02:00:00 AM,4,0,4
10/21/2019 03:00:00 AM,0,0,0
10/21/2019 04:00:00 AM,4,4,0
10/21/2019 05:00:00 AM,26,10,16
10/21/2019 06:00:00 AM,70,28,42
10/21/2019 07:00:00 AM,139,62,77
10/21/2019 08:00:00 AM,242,122,120
10/21/2019 09:00:00 AM,109,60,49
10/21/2019 10:00:00 AM,45,23,22
10/21/2019 11:00:00 AM,61,32,29
10/21/2019 12:00:00 PM,64,37,27
10/21/2019 01:00:00 PM,73,41,32
10/21/2019 02:00:00 PM,63,34,29
10/21/2019 03:00:00 PM,109,74,35
10/21/2019 04:00:00 PM,253,178,75
10/21/2019 05:00:00 PM,332,205,127
10/21/2019 06:00:00 PM,111,67,44
10/21/2019 07:00:00 PM,34,20,14
10/21/2019 08:00:00 PM,18,12,6
10/21/2019 09:00:00 PM,10,8,2
10/21/2019 10:00:00 PM,13,9,4
10/21/2019 11:00:00 PM,10,6,4
10/22/2019 12:00:00 AM,4,4,0
10/22/2019 01:00:00 AM,4,2,2
10/22/2019 02:00:00 AM,0,0,0
10/22/2019 03:00:00 AM,0,0,0
10/22/2019 04:00:00 AM,4,2,2
10/22/2019 05:00:00 AM,20,2,18
10/22/2019 06:00:00 AM,58,22,36
10/22/2019 07:00:00 AM,169,73,96
10/22/2019 08:00:00 AM,230,119,111
10/22/2019 09:00:00 AM,170,78,92
10/22/2019 10:00:00 AM,49,25,24
10/22/2019 11:00:00 AM,56,29,27
10/22/2019 12:00:00 PM,54,34,20
10/22/2019 01:00:00 PM,68,36,32
10/22/2019 02:00:00 PM,70,43,27
10/22/2019 03:00:00 PM,104,72,32
10/22/2019 04:00:00 PM,325,221,104
10/22/2019 05:00:00 PM,343,236,107
10/22/2019 06:00:00 PM,163,94,69
10/22/2019 07:00:00 PM,42,19,23
10/22/2019 08:00:00 PM,29,20,9
10/22/2019 09:00:00 PM,18,17,1
10/22/2019 10:00:00 PM,21,11,10
10/22/2019 11:00:00 PM,11,9,2
10/23/2019 12:00:00 AM,2,2,0
10/23/2019 01:00:00 AM,0,0,0
10/23/2019 02:00:00 AM,0,0,0
10/23/2019 03:00:00 AM,2,2,0
10/23/2019 04:00:00 AM,5,0,5
10/23/2019 05:00:00 AM,34,10,24
10/23/2019 06:00:00 AM,66,28,38
10/23/2019 07:00:00 AM,196,79,117
10/23/2019 08:00:00 AM,348,196,152
10/23/2019 09:00:00 AM,201,109,92
10/23/2019 10:00:00 AM,71,37,34
10/23/2019 11:00:00 AM,69,31,38
10/23/2019 12:00:00 PM,123,63,60
10/23/2019 01:00:00 PM,96,53,43
10/23/2019 02:00:00 PM,86,47,39
10/23/2019 03:00:00 PM,169,120,49
10/23/2019 04:00:00 PM,351,228,123
10/23/2019 05:00:00 PM,522,353,169
10/23/2019 06:00:00 PM,308,220,88
10/23/2019 07:00:00 PM,62,42,20
10/23/2019 08:00:00 PM,52,29,23
10/23/2019 09:00:00 PM,186,18,168
10/23/2019 10:00:00 PM,28,18,10
10/23/2019 11:00:00 PM,16,6,10
10/24/2019 12:00:00 AM,5,3,2
10/24/2019 01:00:00 AM,1,0,1
10/24/2019 02:00:00 AM,7,3,4
10/24/2019 03:00:00 AM,6,4,2
10/24/2019 04:00:00 AM,10,8,2
10/24/2019 05:00:00 AM,24,8,16
10/24/2019 06:00:00 AM,76,27,49
10/24/2019 07:00:00 AM,220,91,129
10/24/2019 08:00:00 AM,311,160,151
10/24/2019 09:00:00 AM,169,88,81
10/24/2019 10:00:00 AM,99,47,52
10/24/2019 11:00:00 AM,80,34,46
10/24/2019 12:00:00 PM,94,39,55
10/24/2019 01:00:00 PM,80,58,22
10/24/2019 02:00:00 PM,92,56,36
10/24/2019 03:00:00 PM,169,108,61
10/24/2019 04:00:00 PM,362,260,102
10/24/2019 05:00:00 PM,429,261,168
10/24/2019 06:00:00 PM,153,90,63
10/24/2019 07:00:00 PM,84,40,44
10/24/2019 08:00:00 PM,53,22,31
10/24/2019 09:00:00 PM,31,14,17
10/24/2019 10:00:00 PM,35,18,17
10/24/2019 11:00:00 PM,13,9,4
10/25/2019 12:00:00 AM,4,3,1
10/25/2019 01:00:00 AM,4,3,1
10/25/2019 02:00:00 AM,3,3,0
10/25/2019 03:00:00 AM,0,0,0
10/25/2019 04:00:00 AM,0,0,0
10/25/2019 05:00:00 AM,30,4,26
10/25/2019 06:00:00 AM,72,25,47
10/25/2019 07:00:00 AM,180,82,98
10/25/2019 08:00:00 AM,253,117,136
10/25/2019 09:00:00 AM,151,80,71
10/25/2019 10:00:00 AM,75,50,25
10/25/2019 11:00:00 AM,68,30,38
10/25/2019 12:00:00 PM,36,23,13
10/25/2019 01:00:00 PM,65,39,26
10/25/2019 02:00:00 PM,69,42,27
10/25/2019 03:00:00 PM,151,111,40
10/25/2019 04:00:00 PM,296,188,108
10/25/2019 05:00:00 PM,299,184,115
10/25/2019 06:00:00 PM,151,90,61
10/25/2019 07:00:00 PM,60,28,32
10/25/2019 08:00:00 PM,41,18,23
10/25/2019 09:00:00 PM,30,21,9
10/25/2019 10:00:00 PM,7,3,4
10/25/2019 11:00:00 PM,16,12,4
10/26/2019 12:00:00 AM,13,9,4
10/26/2019 01:00:00 AM,18,4,14
10/26/2019 02:00:00 AM,16,4,12
10/26/2019 03:00:00 AM,0,0,0
10/26/2019 04:00:00 AM,5,3,2
10/26/2019 05:00:00 AM,10,6,4
10/26/2019 06:00:00 AM,7,3,4
10/26/2019 07:00:00 AM,21,14,7
10/26/2019 08:00:00 AM,20,8,12
10/26/2019 09:00:00 AM,17,8,9
10/26/2019 10:00:00 AM,27,22,5
10/26/2019 11:00:00 AM,61,31,30
10/26/2019 12:00:00 PM,63,28,35
10/26/2019 01:00:00 PM,43,25,18
10/26/2019 02:00:00 PM,62,45,17
10/26/2019 03:00:00 PM,64,26,38
10/26/2019 04:00:00 PM,58,39,19
10/26/2019 05:00:00 PM,50,21,29
10/26/2019 06:00:00 PM,51,29,22
10/26/2019 07:00:00 PM,33,21,12
10/26/2019 08:00:00 PM,33,20,13
10/26/2019 09:00:00 PM,22,20,2
10/26/2019 10:00:00 PM,10,8,2
10/26/2019 11:00:00 PM,23,13,10
10/27/2019 12:00:00 AM,12,8,4
10/27/2019 01:00:00 AM,13,7,6
10/27/2019 02:00:00 AM,20,11,9
10/27/2019 03:00:00 AM,6,2,4
10/27/2019 04:00:00 AM,5,3,2
10/27/2019 05:00:00 AM,4,4,0
10/27/2019 06:00:00 AM,4,0,4
10/27/2019 07:00:00 AM,14,8,6
10/27/2019 08:00:00 AM,21,11,10
10/27/2019 09:00:00 AM,22,12,10
10/27/2019 10:00:00 AM,28,23,5
10/27/2019 11:00:00 AM,35,21,14
10/27/2019 12:00:00 PM,40,16,24
10/27/2019 01:00:00 PM,74,49,25
10/27/2019 02:00:00 PM,65,38,27
10/27/2019 03:00:00 PM,63,25,38
10/27/2019 04:00:00 PM,66,49,17
10/27/2019 05:00:00 PM,63,35,28
10/27/2019 06:00:00 PM,48,19,29
10/27/2019 07:00:00 PM,30,15,15
10/27/2019 08:00:00 PM,19,10,9
10/27/2019 09:00:00 PM,4,3,1
10/27/2019 10:00:00 PM,21,4,17
10/27/2019 11:00:00 PM,6,6,0
10/28/2019 12:00:00 AM,4,4,0
10/28/2019 01:00:00 AM,3,3,0
10/28/2019 02:00:00 AM,0,0,0
10/28/2019 03:00:00 AM,0,0,0
10/28/2019 04:00:00 AM,4,0,4
10/28/2019 05:00:00 AM,28,10,18
10/28/2019 06:00:00 AM,80,28,52
10/28/2019 07:00:00 AM,223,97,126
10/28/2019 08:00:00 AM,313,175,138
10/28/2019 09:00:00 AM,158,72,86
10/28/2019 10:00:00 AM,80,42,38
10/28/2019 11:00:00 AM,41,19,22
10/28/2019 12:00:00 PM,72,49,23
10/28/2019 01:00:00 PM,62,32,30
10/28/2019 02:00:00 PM,75,53,22
10/28/2019 03:00:00 PM,156,104,52
10/28/2019 04:00:00 PM,356,236,120
10/28/2019 05:00:00 PM,439,248,191
10/28/2019 06:00:00 PM,161,100,61
10/28/2019 07:00:00 PM,85,41,44
10/28/2019 08:00:00 PM,29,20,9
10/28/2019 09:00:00 PM,24,12,12
10/28/2019 10:00:00 PM,7,5,2
10/28/2019 11:00:00 PM,4,4,0
10/29/2019 12:00:00 AM,6,2,4
10/29/2019 01:00:00 AM,4,0,4
10/29/2019 02:00:00 AM,2,0,2
10/29/2019 03:00:00 AM,3,2,1
10/29/2019 04:00:00 AM,0,0,0
10/29/2019 05:00:00 AM,38,14,24
10/29/2019 06:00:00 AM,69,35,34
10/29/2019 07:00:00 AM,195,80,115
10/29/2019 08:00:00 AM,321,160,161
10/29/2019 09:00:00 AM,176,90,86
10/29/2019 10:00:00 AM,57,31,26
10/29/2019 11:00:00 AM,78,40,38
10/29/2019 12:00:00 PM,64,36,28
10/29/2019 01:00:00 PM,93,49,44
10/29/2019 02:00:00 PM,84,61,23
10/29/2019 03:00:00 PM,154,99,55
10/29/2019 04:00:00 PM,324,223,101
10/29/2019 05:00:00 PM,487,318,169
10/29/2019 06:00:00 PM,174,126,48
10/29/2019 07:00:00 PM,64,27,37
10/29/2019 08:00:00 PM,27,9,18
10/29/2019 09:00:00 PM,30,11,19
10/29/2019 10:00:00 PM,12,6,6
10/29/2019 11:00:00 PM,21,8,13
10/30/2019 12:00:00 AM,5,1,4
10/30/2019 01:00:00 AM,5,1,4
10/30/2019 02:00:00 AM,0,0,0
10/30/2019 03:00:00 AM,0,0,0
10/30/2019 04:00:00 AM,4,2,2
10/30/2019 05:00:00 AM,35,12,23
10/30/2019 06:00:00 AM,59,22,37
10/30/2019 07:00:00 AM,160,54,106
10/30/2019 08:00:00 AM,281,151,130
10/30/2019 09:00:00 AM,150,74,76
10/30/2019 10:00:00 AM,61,34,27
10/30/2019 11:00:00 AM,84,46,38
10/30/2019 12:00:00 PM,70,41,29
10/30/2019 01:00:00 PM,56,38,18
10/30/2019 02:00:00 PM,89,47,42
10/30/2019 03:00:00 PM,126,85,41
10/30/2019 04:00:00 PM,346,255,91
10/30/2019 05:00:00 PM,416,269,147
10/30/2019 06:00:00 PM,175,105,70
10/30/2019 07:00:00 PM,50,23,27
10/30/2019 08:00:00 PM,30,21,9
10/30/2019 09:00:00 PM,24,11,13
10/30/2019 10:00:00 PM,12,11,1
10/30/2019 11:00:00 PM,9,6,3
10/31/2019 12:00:00 AM,7,3,4
10/31/2019 01:00:00 AM,1,0,1
10/31/2019 02:00:00 AM,3,2,1
10/31/2019 03:00:00 AM,4,2,2
10/31/2019 04:00:00 AM,0,0,0
10/31/2019 05:00:00 AM,29,6,23
10/31/2019 06:00:00 AM,65,35,30
10/31/2019 07:00:00 AM,152,58,94
10/31/2019 08:00:00 AM,294,141,153
10/31/2019 09:00:00 AM,133,66,67
10/31/2019 10:00:00 AM,82,51,31
10/31/2019 11:00:00 AM,67,30,37
10/31/2019 12:00:00 PM,77,53,24
10/31/2019 01:00:00 PM,80,43,37
10/31/2019 02:00:00 PM,77,44,33
10/31/2019 03:00:00 PM,178,125,53
10/31/2019 04:00:00 PM,307,209,98
10/31/2019 05:00:00 PM,334,214,120
10/31/2019 06:00:00 PM,144,85,59
10/31/2019 07:00:00 PM,60,27,33
10/31/2019 08:00:00 PM,21,10,11
10/31/2019 09:00:00 PM,21,12,9
10/31/2019 10:00:00 PM,15,7,8
10/31/2019 11:00:00 PM,12,7,5
11/01/2019 12:00:00 AM,5,2,3
11/01/2019 01:00:00 AM,4,1,3
11/01/2019 02:00:00 AM,5,2,3
11/01/2019 03:00:00 AM,1,0,1
11/01/2019 04:00:00 AM,0,0,0
11/01/2019 05:00:00 AM,12,2,10
11/01/2019 06:00:00 AM,24,7,17
11/01/2019 07:00:00 AM,81,35,46
11/01/2019 08:00:00 AM,143,65,78
11/01/2019 09:00:00 AM,90,45,45
11/01/2019 10:00:00 AM,43,23,20
11/01/2019 11:00:00 AM,41,21,20
11/01/2019 12:00:00 PM,39,15,24
11/01/2019 01:00:00 PM,36,22,14
11/01/2019 02:00:00 PM,71,42,29
11/01/2019 03:00:00 PM,117,86,31
11/01/2019 04:00:00 PM,156,109,47
11/01/2019 05:00:00 PM,192,126,66
11/01/2019 06:00:00 PM,76,51,25
11/01/2019 07:00:00 PM,37,23,14
11/01/2019 08:00:00 PM,16,11,5
11/01/2019 09:00:00 PM,14,8,6
11/01/2019 10:00:00 PM,9,4,5
11/01/2019 11:00:00 PM,3,0,3
11/02/2019 12:00:00 AM,2,2,0
11/02/2019 01:00:00 AM,2,2,0
11/02/2019 02:00:00 AM,3,1,2
11/02/2019 03:00:00 AM,0,0,0
11/02/2019 04:00:00 AM,0,0,0
11/02/2019 05:00:00 AM,7,4,3
11/02/2019 06:00:00 AM,4,2,2
11/02/2019 07:00:00 AM,42,22,20
11/02/2019 08:00:00 AM,6,1,5
11/02/2019 09:00:00 AM,15,9,6
11/02/2019 10:00:00 AM,30,18,12
11/02/2019 11:00:00 AM,26,15,11
11/02/2019 12:00:00 PM,32,21,11
11/02/2019 01:00:00 PM,36,15,21
11/02/2019 02:00:00 PM,25,20,5
11/02/2019 03:00:00 PM,43,26,17
11/02/2019 04:00:00 PM,42,30,12
11/02/2019 05:00:00 PM,40,22,18
11/02/2019 06:00:00 PM,34,20,14
11/02/2019 07:00:00 PM,24,17,7
11/02/2019 08:00:00 PM,35,24,11
11/02/2019 09:00:00 PM,15,10,5
11/02/2019 10:00:00 PM,16,7,9
11/02/2019 11:00:00 PM,18,5,13
11/03/2019 12:00:00 AM,7,4,3
11/03/2019 01:00:00 AM,14,11,3
11/03/2019 02:00:00 AM,2,1,1
11/03/2019 03:00:00 AM,2,2,0
11/03/2019 04:00:00 AM,3,0,3
11/03/2019 05:00:00 AM,3,1,2
11/03/2019 06:00:00 AM,3,2,1
11/03/2019 07:00:00 AM,2,2,0
11/03/2019 08:00:00 AM,16,12,4
11/03/2019 09:00:00 AM,20,12,8
11/03/2019 10:00:00 AM,38,25,13
11/03/2019 11:00:00 AM,77,69,8
11/03/2019 12:00:00 PM,104,90,14
11/03/2019 01:00:00 PM,38,22,16
11/03/2019 02:00:00 PM,42,23,19
11/03/2019 03:00:00 PM,42,16,26
11/03/2019 04:00:00 PM,102,21,81
11/03/2019 05:00:00 PM,102,29,73
11/03/2019 06:00:00 PM,31,9,22
11/03/2019 07:00:00 PM,28,9,19
11/03/2019 08:00:00 PM,18,8,10
11/03/2019 09:00:00 PM,8,4,4
11/03/2019 10:00:00 PM,10,5,5
11/03/2019 11:00:00 PM,4,2,2
11/04/2019 12:00:00 AM,2,2,0
11/04/2019 01:00:00 AM,2,2,0
11/04/2019 02:00:00 AM,1,0,1
11/04/2019 03:00:00 AM,0,0,0
11/04/2019 04:00:00 AM,0,0,0
11/04/2019 05:00:00 AM,0,0,0
11/04/2019 06:00:00 AM,62,22,40
11/04/2019 07:00:00 AM,132,57,75
11/04/2019 08:00:00 AM,203,104,99
11/04/2019 09:00:00 AM,88,50,38
11/04/2019 10:00:00 AM,40,27,13
11/04/2019 11:00:00 AM,42,18,24
11/04/2019 12:00:00 PM,39,24,15
11/04/2019 01:00:00 PM,31,15,16
11/04/2019 02:00:00 PM,39,28,11
11/04/2019 03:00:00 PM,100,72,28
11/04/2019 04:00:00 PM,190,127,63
11/04/2019 05:00:00 PM,265,157,108
11/04/2019 06:00:00 PM,98,66,32
11/04/2019 07:00:00 PM,39,24,15
11/04/2019 08:00:00 PM,13,8,5
11/04/2019 09:00:00 PM,9,3,6
11/04/2019 10:00:00 PM,9,4,5
11/04/2019 11:00:00 PM,3,3,0
11/05/2019 12:00:00 AM,7,3,4
11/05/2019 01:00:00 AM,2,2,0
11/05/2019 02:00:00 AM,2,2,0
11/05/2019 03:00:00 AM,0,0,0
11/05/2019 04:00:00 AM,1,0,1
11/05/2019 05:00:00 AM,10,2,8
11/05/2019 06:00:00 AM,55,17,38
11/05/2019 07:00:00 AM,129,57,72
11/05/2019 08:00:00 AM,206,108,98
11/05/2019 09:00:00 AM,86,43,43
11/05/2019 10:00:00 AM,24,16,8
11/05/2019 11:00:00 AM,53,31,22
11/05/2019 12:00:00 PM,60,33,27
11/05/2019 01:00:00 PM,44,20,24
11/05/2019 02:00:00 PM,54,36,18
11/05/2019 03:00:00 PM,100,65,35
11/05/2019 04:00:00 PM,184,115,69
11/05/2019 05:00:00 PM,255,161,94
11/05/2019 06:00:00 PM,79,49,30
11/05/2019 07:00:00 PM,37,18,19
11/05/2019 08:00:00 PM,20,11,9
11/05/2019 09:00:00 PM,15,9,6
11/05/2019 10:00:00 PM,15,5,10
11/05/2019 11:00:00 PM,7,6,1
11/06/2019 12:00:00 AM,3,2,1
11/06/2019 01:00:00 AM,1,1,0
11/06/2019 02:00:00 AM,0,0,0
11/06/2019 03:00:00 AM,0,0,0
11/06/2019 04:00:00 AM,2,1,1
11/06/2019 05:00:00 AM,15,3,12
11/06/2019 06:00:00 AM,38,14,24
11/06/2019 07:00:00 AM,123,54,69
11/06/2019 08:00:00 AM,178,78,100
11/06/2019 09:00:00 AM,95,56,39
11/06/2019 10:00:00 AM,52,29,23
11/06/2019 11:00:00 AM,69,42,27
11/06/2019 12:00:00 PM,50,26,24
11/06/2019 01:00:00 PM,60,25,35
11/06/2019 02:00:00 PM,54,30,24
11/06/2019 03:00:00 PM,98,74,24
11/06/2019 04:00:00 PM,191,130,61
11/06/2019 05:00:00 PM,241,153,88
11/06/2019 06:00:00 PM,99,60,39
11/06/2019 07:00:00 PM,37,15,22
11/06/2019 08:00:00 PM,30,16,14
11/06/2019 09:00:00 PM,21,12,9
11/06/2019 10:00:00 PM,10,4,6
11/06/2019 11:00:00 PM,4,2,2
11/07/2019 12:00:00 AM,4,0,4
11/07/2019 01:00:00 AM,4,3,1
11/07/2019 02:00:00 AM,0,0,0
11/07/2019 03:00:00 AM,1,0,1
11/07/2019 04:00:00 AM,2,2,0
11/07/2019 05:00:00 AM,16,5,11
11/07/2019 06:00:00 AM,43,17,26
11/07/2019 07:00:00 AM,118,46,72
11/07/2019 08:00:00 AM,178,92,86
11/07/2019 09:00:00 AM,106,61,45
11/07/2019 10:00:00 AM,43,22,21
11/07/2019 11:00:00 AM,68,36,32
11/07/2019 12:00:00 PM,56,31,25
11/07/2019 01:00:00 PM,48,24,24
11/07/2019 02:00:00 PM,47,31,16
11/07/2019 03:00:00 PM,108,68,40
11/07/2019 04:00:00 PM,195,135,60
11/07/2019 05:00:00 PM,263,164,99
11/07/2019 06:00:00 PM,129,82,47
11/07/2019 07:00:00 PM,32,10,22
11/07/2019 08:00:00 PM,22,12,10
11/07/2019 09:00:00 PM,16,9,7
11/07/2019 10:00:00 PM,11,6,5
11/07/2019 11:00:00 PM,6,1,5
11/08/2019 12:00:00 AM,4,2,2
11/08/2019 01:00:00 AM,10,2,8
11/08/2019 02:00:00 AM,0,0,0
11/08/2019 03:00:00 AM,1,0,1
11/08/2019 04:00:00 AM,1,1,0
11/08/2019 05:00:00 AM,19,6,13
11/08/2019 06:00:00 AM,32,12,20
11/08/2019 07:00:00 AM,83,32,51
11/08/2019 08:00:00 AM,153,69,84
11/08/2019 09:00:00 AM,67,35,32
11/08/2019 10:00:00 AM,49,27,22
11/08/2019 11:00:00 AM,46,29,17
11/08/2019 12:00:00 PM,43,22,21
11/08/2019 01:00:00 PM,49,26,23
11/08/2019 02:00:00 PM,63,39,24
11/08/2019 03:00:00 PM,99,69,30
11/08/2019 04:00:00 PM,170,109,61
11/08/2019 05:00:00 PM,178,106,72
11/08/2019 06:00:00 PM,86,51,35
11/08/2019 07:00:00 PM,21,12,9
11/08/2019 08:00:00 PM,21,10,11
11/08/2019 09:00:00 PM,11,6,5
11/08/2019 10:00:00 PM,12,5,7
11/08/2019 11:00:00 PM,11,8,3
11/09/2019 12:00:00 AM,7,4,3
11/09/2019 01:00:00 AM,8,4,4
11/09/2019 02:00:00 AM,9,0,9
11/09/2019 03:00:00 AM,0,0,0
11/09/2019 04:00:00 AM,1,0,1
11/09/2019 05:00:00 AM,4,2,2
11/09/2019 06:00:00 AM,5,5,0
11/09/2019 07:00:00 AM,4,2,2
11/09/2019 08:00:00 AM,13,8,5
11/09/2019 09:00:00 AM,12,7,5
11/09/2019 10:00:00 AM,17,13,4
11/09/2019 11:00:00 AM,14,10,4
11/09/2019 12:00:00 PM,17,8,9
11/09/2019 01:00:00 PM,23,11,12
11/09/2019 02:00:00 PM,23,9,14
11/09/2019 03:00:00 PM,15,7,8
11/09/2019 04:00:00 PM,23,12,11
11/09/2019 05:00:00 PM,17,10,7
11/09/2019 06:00:00 PM,26,21,5
11/09/2019 07:00:00 PM,16,6,10
11/09/2019 08:00:00 PM,8,5,3
11/09/2019 09:00:00 PM,7,1,6
11/09/2019 10:00:00 PM,2,2,0
11/09/2019 11:00:00 PM,6,2,4
11/10/2019 12:00:00 AM,4,2,2
11/10/2019 01:00:00 AM,5,2,3
11/10/2019 02:00:00 AM,8,2,6
11/10/2019 03:00:00 AM,2,1,1
11/10/2019 04:00:00 AM,0,0,0
11/10/2019 05:00:00 AM,2,2,0
11/10/2019 06:00:00 AM,3,2,1
11/10/2019 07:00:00 AM,8,5,3
11/10/2019 08:00:00 AM,27,23,4
11/10/2019 09:00:00 AM,59,55,4
11/10/2019 10:00:00 AM,157,137,20
11/10/2019 11:00:00 AM,91,75,16
11/10/2019 12:00:00 PM,47,36,11
11/10/2019 01:00:00 PM,52,26,26
11/10/2019 02:00:00 PM,169,27,142
11/10/2019 03:00:00 PM,94,16,78
11/10/2019 04:00:00 PM,73,15,58
11/10/2019 05:00:00 PM,42,17,25
11/10/2019 06:00:00 PM,25,11,14
11/10/2019 07:00:00 PM,11,6,5
11/10/2019 08:00:00 PM,11,5,6
11/10/2019 09:00:00 PM,7,3,4
11/10/2019 10:00:00 PM,6,4,2
11/10/2019 11:00:00 PM,7,4,3
11/11/2019 12:00:00 AM,2,1,1
11/11/2019 01:00:00 AM,4,3,1
11/11/2019 02:00:00 AM,0,0,0
11/11/2019 03:00:00 AM,2,0,2
11/11/2019 04:00:00 AM,2,2,0
11/11/2019 05:00:00 AM,11,5,6
11/11/2019 06:00:00 AM,31,12,19
11/11/2019 07:00:00 AM,81,38,43
11/11/2019 08:00:00 AM,135,56,79
11/11/2019 09:00:00 AM,73,40,33
11/11/2019 10:00:00 AM,24,15,9
11/11/2019 11:00:00 AM,34,15,19
11/11/2019 12:00:00 PM,53,33,20
11/11/2019 01:00:00 PM,44,19,25
11/11/2019 02:00:00 PM,46,28,18
11/11/2019 03:00:00 PM,77,52,25
11/11/2019 04:00:00 PM,125,71,54
11/11/2019 05:00:00 PM,171,115,56
11/11/2019 06:00:00 PM,69,45,24
11/11/2019 07:00:00 PM,39,21,18
11/11/2019 08:00:00 PM,14,7,7
11/11/2019 09:00:00 PM,21,6,15
11/11/2019 10:00:00 PM,6,4,2
11/11/2019 11:00:00 PM,3,3,0
11/12/2019 12:00:00 AM,4,4,0
11/12/2019 01:00:00 AM,1,1,0
11/12/2019 02:00:00 AM,0,0,0
11/12/2019 03:00:00 AM,1,0,1
11/12/2019 04:00:00 AM,0,0,0
11/12/2019 05:00:00 AM,11,3,8
11/12/2019 06:00:00 AM,38,12,26
11/12/2019 07:00:00 AM,85,31,54
11/12/2019 08:00:00 AM,124,63,61
11/12/2019 09:00:00 AM,68,38,30
11/12/2019 10:00:00 AM,27,13,14
11/12/2019 11:00:00 AM,44,15,29
11/12/2019 12:00:00 PM,51,27,24
11/12/2019 01:00:00 PM,51,26,25
11/12/2019 02:00:00 PM,51,35,16
11/12/2019 03:00:00 PM,68,54,14
11/12/2019 04:00:00 PM,141,90,51
11/12/2019 05:00:00 PM,212,132,80
11/12/2019 06:00:00 PM,82,54,28
11/12/2019 07:00:00 PM,38,22,16
11/12/2019 08:00:00 PM,26,17,9
11/12/2019 09:00:00 PM,13,9,4
11/12/2019 10:00:00 PM,11,9,2
11/12/2019 11:00:00 PM,3,1,2
11/13/2019 12:00:00 AM,4,2,2
11/13/2019 01:00:00 AM,1,1,0
11/13/2019 02:00:00 AM,1,0,1
11/13/2019 03:00:00 AM,1,0,1
11/13/2019 04:00:00 AM,1,1,0
11/13/2019 05:00:00 AM,15,3,12
11/13/2019 06:00:00 AM,51,20,31
11/13/2019 07:00:00 AM,116,48,68
11/13/2019 08:00:00 AM,186,88,98
11/13/2019 09:00:00 AM,94,52,42
11/13/2019 10:00:00 AM,41,21,20
11/13/2019 11:00:00 AM,46,28,18
11/13/2019 12:00:00 PM,38,22,16
11/13/2019 01:00:00 PM,58,39,19
11/13/2019 02:00:00 PM,61,38,23
11/13/2019 03:00:00 PM,81,49,32
11/13/2019 04:00:00 PM,176,117,59
11/13/2019 05:00:00 PM,244,142,102
11/13/2019 06:00:00 PM,111,64,47
11/13/2019 07:00:00 PM,45,24,21
11/13/2019 08:00:00 PM,23,12,11
11/13/2019 09:00:00 PM,16,8,8
11/13/2019 10:00:00 PM,14,7,7
11/13/2019 11:00:00 PM,7,4,3
11/14/2019 12:00:00 AM,0,0,0
11/14/2019 01:00:00 AM,1,0,1
11/14/2019 02:00:00 AM,1,0,1
11/14/2019 03:00:00 AM,3,2,1
11/14/2019 04:00:00 AM,2,1,1
11/14/2019 05:00:00 AM,9,2,7
11/14/2019 06:00:00 AM,49,19,30
11/14/2019 07:00:00 AM,112,43,69
11/14/2019 08:00:00 AM,159,72,87
11/14/2019 09:00:00 AM,105,57,48
11/14/2019 10:00:00 AM,49,31,18
11/14/2019 11:00:00 AM,53,24,29
11/14/2019 12:00:00 PM,56,28,28
11/14/2019 01:00:00 PM,38,21,17
11/14/2019 02:00:00 PM,49,24,25
11/14/2019 03:00:00 PM,78,59,19
11/14/2019 04:00:00 PM,172,110,62
11/14/2019 05:00:00 PM,221,146,75
11/14/2019 06:00:00 PM,114,66,48
11/14/2019 07:00:00 PM,65,34,31
11/14/2019 08:00:00 PM,24,16,8
11/14/2019 09:00:00 PM,16,9,7
11/14/2019 10:00:00 PM,9,6,3
11/14/2019 11:00:00 PM,6,2,4
11/15/2019 12:00:00 AM,1,1,0
11/15/2019 01:00:00 AM,7,5,2
11/15/2019 02:00:00 AM,1,0,1
11/15/2019 03:00:00 AM,1,0,1
11/15/2019 04:00:00 AM,1,1,0
11/15/2019 05:00:00 AM,10,2,8
11/15/2019 06:00:00 AM,26,10,16
11/15/2019 07:00:00 AM,73,32,41
11/15/2019 08:00:00 AM,130,63,67
11/15/2019 09:00:00 AM,76,43,33
11/15/2019 10:00:00 AM,39,17,22
11/15/2019 11:00:00 AM,43,22,21
11/15/2019 12:00:00 PM,43,25,18
11/15/2019 01:00:00 PM,41,16,25
11/15/2019 02:00:00 PM,55,30,25
11/15/2019 03:00:00 PM,80,46,34
11/15/2019 04:00:00 PM,129,82,47
11/15/2019 05:00:00 PM,176,111,65
11/15/2019 06:00:00 PM,68,43,25
11/15/2019 07:00:00 PM,30,9,21
11/15/2019 08:00:00 PM,23,13,10
11/15/2019 09:00:00 PM,13,9,4
11/15/2019 10:00:00 PM,12,8,4
11/15/2019 11:00:00 PM,14,9,5
11/16/2019 12:00:00 AM,10,5,5
11/16/2019 01:00:00 AM,6,4,2
11/16/2019 02:00:00 AM,4,1,3
11/16/2019 03:00:00 AM,0,0,0
11/16/2019 04:00:00 AM,2,0,2
11/16/2019 05:00:00 AM,2,2,0
11/16/2019 06:00:00 AM,3,2,1
11/16/2019 07:00:00 AM,5,3,2
11/16/2019 08:00:00 AM,8,4,4
11/16/2019 09:00:00 AM,29,19,10
11/16/2019 10:00:00 AM,21,8,13
11/16/2019 11:00:00 AM,18,16,2
11/16/2019 12:00:00 PM,34,14,20
11/16/2019 01:00:00 PM,22,10,12
11/16/2019 02:00:00 PM,37,20,17
11/16/2019 03:00:00 PM,24,13,11
11/16/2019 04:00:00 PM,22,15,7
11/16/2019 05:00:00 PM,19,11,8
11/16/2019 06:00:00 PM,15,10,5
11/16/2019 07:00:00 PM,9,3,6
11/16/2019 08:00:00 PM,9,2,7
11/16/2019 09:00:00 PM,11,2,9
11/16/2019 10:00:00 PM,13,8,5
11/16/2019 11:00:00 PM,5,2,3
11/17/2019 12:00:00 AM,2,1,1
11/17/2019 01:00:00 AM,3,1,2
11/17/2019 02:00:00 AM,1,1,0
11/17/2019 03:00:00 AM,3,2,1
11/17/2019 04:00:00 AM,0,0,0
11/17/2019 05:00:00 AM,1,1,0
11/17/2019 06:00:00 AM,1,0,1
11/17/2019 07:00:00 AM,0,0,0
11/17/2019 08:00:00 AM,3,0,3
11/17/2019 09:00:00 AM,4,2,2
11/17/2019 10:00:00 AM,17,6,11
11/17/2019 11:00:00 AM,22,16,6
11/17/2019 12:00:00 PM,21,11,10
11/17/2019 01:00:00 PM,20,12,8
11/17/2019 02:00:00 PM,15,5,10
11/17/2019 03:00:00 PM,16,10,6
11/17/2019 04:00:00 PM,6,3,3
11/17/2019 05:00:00 PM,16,11,5
11/17/2019 06:00:00 PM,11,2,9
11/17/2019 07:00:00 PM,9,5,4
11/17/2019 08:00:00 PM,7,5,2
11/17/2019 09:00:00 PM,6,2,4
11/17/2019 10:00:00 PM,8,4,4
11/17/2019 11:00:00 PM,4,2,2
11/18/2019 12:00:00 AM,4,3,1
11/18/2019 01:00:00 AM,0,0,0
11/18/2019 02:00:00 AM,1,1,0
11/18/2019 03:00:00 AM,0,0,0
11/18/2019 04:00:00 AM,0,0,0
11/18/2019 05:00:00 AM,17,6,11
11/18/2019 06:00:00 AM,44,22,22
11/18/2019 07:00:00 AM,98,42,56
11/18/2019 08:00:00 AM,145,62,83
11/18/2019 09:00:00 AM,84,43,41
11/18/2019 10:00:00 AM,47,25,22
11/18/2019 11:00:00 AM,33,16,17
11/18/2019 12:00:00 PM,26,14,12
11/18/2019 01:00:00 PM,30,16,14
11/18/2019 02:00:00 PM,30,20,10
11/18/2019 03:00:00 PM,55,41,14
11/18/2019 04:00:00 PM,130,81,49
11/18/2019 05:00:00 PM,185,112,73
11/18/2019 06:00:00 PM,72,44,28
11/18/2019 07:00:00 PM,14,9,5
11/18/2019 08:00:00 PM,12,9,3
11/18/2019 09:00:00 PM,5,4,1
11/18/2019 10:00:00 PM,9,4,5
11/18/2019 11:00:00 PM,3,1,2
11/19/2019 12:00:00 AM,1,0,1
11/19/2019 01:00:00 AM,1,0,1
11/19/2019 02:00:00 AM,1,0,1
11/19/2019 03:00:00 AM,0,0,0
11/19/2019 04:00:00 AM,2,1,1
11/19/2019 05:00:00 AM,14,2,12
11/19/2019 06:00:00 AM,39,19,20
11/19/2019 07:00:00 AM,83,30,53
11/19/2019 08:00:00 AM,156,76,80
11/19/2019 09:00:00 AM,71,39,32
11/19/2019 10:00:00 AM,33,18,15
11/19/2019 11:00:00 AM,35,14,21
11/19/2019 12:00:00 PM,32,17,15
11/19/2019 01:00:00 PM,37,21,16
11/19/2019 02:00:00 PM,36,22,14
11/19/2019 03:00:00 PM,69,44,25
11/19/2019 04:00:00 PM,148,88,60
11/19/2019 05:00:00 PM,239,145,94
11/19/2019 06:00:00 PM,90,55,35
11/19/2019 07:00:00 PM,40,15,25
11/19/2019 08:00:00 PM,24,14,10
11/19/2019 09:00:00 PM,13,9,4
11/19/2019 10:00:00 PM,7,5,2
11/19/2019 11:00:00 PM,5,4,1
11/20/2019 12:00:00 AM,1,0,1
11/20/2019 01:00:00 AM,3,1,2
11/20/2019 02:00:00 AM,2,0,2
11/20/2019 03:00:00 AM,0,0,0
11/20/2019 04:00:00 AM,5,4,1
11/20/2019 05:00:00 AM,18,7,11
11/20/2019 06:00:00 AM,33,16,17
11/20/2019 07:00:00 AM,113,47,66
11/20/2019 08:00:00 AM,201,94,107
11/20/2019 09:00:00 AM,85,47,38
11/20/2019 10:00:00 AM,52,24,28
11/20/2019 11:00:00 AM,45,25,20
11/20/2019 12:00:00 PM,44,21,23
11/20/2019 01:00:00 PM,66,38,28
11/20/2019 02:00:00 PM,41,25,16
11/20/2019 03:00:00 PM,88,63,25
11/20/2019 04:00:00 PM,185,114,71
11/20/2019 05:00:00 PM,260,173,87
11/20/2019 06:00:00 PM,105,66,39
11/20/2019 07:00:00 PM,40,20,20
11/20/2019 08:00:00 PM,26,12,14
11/20/2019 09:00:00 PM,11,6,5
11/20/2019 10:00:00 PM,16,9,7
11/20/2019 11:00:00 PM,9,4,5
11/21/2019 12:00:00 AM,2,1,1
11/21/2019 01:00:00 AM,1,0,1
11/21/2019 02:00:00 AM,2,1,1
11/21/2019 03:00:00 AM,0,0,0
11/21/2019 04:00:00 AM,1,1,0
11/21/2019 05:00:00 AM,17,6,11
11/21/2019 06:00:00 AM,37,13,24
11/21/2019 07:00:00 AM,108,43,65
11/21/2019 08:00:00 AM,170,78,92
11/21/2019 09:00:00 AM,79,43,36
11/21/2019 10:00:00 AM,44,20,24
11/21/2019 11:00:00 AM,49,32,17
11/21/2019 12:00:00 PM,48,18,30
11/21/2019 01:00:00 PM,43,26,17
11/21/2019 02:00:00 PM,65,45,20
11/21/2019 03:00:00 PM,97,61,36
11/21/2019 04:00:00 PM,186,121,65
11/21/2019 05:00:00 PM,217,142,75
11/21/2019 06:00:00 PM,113,65,48
11/21/2019 07:00:00 PM,44,26,18
11/21/2019 08:00:00 PM,13,5,8
11/21/2019 09:00:00 PM,13,10,3
11/21/2019 10:00:00 PM,10,6,4
11/21/2019 11:00:00 PM,4,3,1
11/22/2019 12:00:00 AM,3,1,2
11/22/2019 01:00:00 AM,4,2,2
11/22/2019 02:00:00 AM,3,2,1
11/22/2019 03:00:00 AM,0,0,0
11/22/2019 04:00:00 AM,0,0,0
11/22/2019 05:00:00 AM,10,3,7
11/22/2019 06:00:00 AM,29,13,16
11/22/2019 07:00:00 AM,82,34,48
11/22/2019 08:00:00 AM,162,79,83
11/22/2019 09:00:00 AM,75,50,25
11/22/2019 10:00:00 AM,40,24,16
11/22/2019 11:00:00 AM,51,31,20
11/22/2019 12:00:00 PM,43,22,21
11/22/2019 01:00:00 PM,34,20,14
11/22/2019 02:00:00 PM,58,40,18
11/22/2019 03:00:00 PM,91,61,30
11/22/2019 04:00:00 PM,158,91,67
11/22/2019 05:00:00 PM,180,110,70
11/22/2019 06:00:00 PM,61,36,25
11/22/2019 07:00:00 PM,34,16,18
11/22/2019 08:00:00 PM,10,7,3
11/22/2019 09:00:00 PM,6,1,5
11/22/2019 10:00:00 PM,10,2,8
11/22/2019 11:00:00 PM,4,2,2
11/23/2019 12:00:00 AM,10,3,7
11/23/2019 01:00:00 AM,5,1,4
11/23/2019 02:00:00 AM,4,3,1
11/23/2019 03:00:00 AM,3,2,1
11/23/2019 04:00:00 AM,0,0,0
11/23/2019 05:00:00 AM,3,1,2
11/23/2019 06:00:00 AM,1,1,0
11/23/2019 07:00:00 AM,2,2,0
11/23/2019 08:00:00 AM,12,9,3
11/23/2019 09:00:00 AM,59,52,7
11/23/2019 10:00:00 AM,37,23,14
11/23/2019 11:00:00 AM,27,14,13
11/23/2019 12:00:00 PM,26,11,15
11/23/2019 01:00:00 PM,34,20,14
11/23/2019 02:00:00 PM,50,11,39
11/23/2019 03:00:00 PM,46,14,32
11/23/2019 04:00:00 PM,29,12,17
11/23/2019 05:00:00 PM,27,16,11
11/23/2019 06:00:00 PM,19,11,8
11/23/2019 07:00:00 PM,13,9,4
11/23/2019 08:00:00 PM,10,3,7
11/23/2019 09:00:00 PM,4,2,2
11/23/2019 10:00:00 PM,9,6,3
11/23/2019 11:00:00 PM,5,4,1
11/24/2019 12:00:00 AM,8,7,1
11/24/2019 01:00:00 AM,4,2,2
11/24/2019 02:00:00 AM,1,1,0
11/24/2019 03:00:00 AM,0,0,0
11/24/2019 04:00:00 AM,1,1,0
11/24/2019 05:00:00 AM,3,1,2
11/24/2019 06:00:00 AM,0,0,0
11/24/2019 07:00:00 AM,1,1,0
11/24/2019 08:00:00 AM,5,2,3
11/24/2019 09:00:00 AM,13,7,6
11/24/2019 10:00:00 AM,9,7,2
11/24/2019 11:00:00 AM,15,7,8
11/24/2019 12:00:00 PM,22,13,9
11/24/2019 01:00:00 PM,30,17,13
11/24/2019 02:00:00 PM,27,14,13
11/24/2019 03:00:00 PM,25,15,10
11/24/2019 04:00:00 PM,29,18,11
11/24/2019 05:00:00 PM,33,19,14
11/24/2019 06:00:00 PM,19,8,11
11/24/2019 07:00:00 PM,11,5,6
11/24/2019 08:00:00 PM,9,5,4
11/24/2019 09:00:00 PM,6,5,1
11/24/2019 10:00:00 PM,1,0,1
11/24/2019 11:00:00 PM,2,0,2
11/25/2019 12:00:00 AM,1,0,1
11/25/2019 01:00:00 AM,1,1,0
11/25/2019 02:00:00 AM,2,1,1
11/25/2019 03:00:00 AM,0,0,0
11/25/2019 04:00:00 AM,1,1,0
11/25/2019 05:00:00 AM,15,4,11
11/25/2019 06:00:00 AM,29,14,15
11/25/2019 07:00:00 AM,92,31,61
11/25/2019 08:00:00 AM,139,69,70
11/25/2019 09:00:00 AM,81,53,28
11/25/2019 10:00:00 AM,43,21,22
11/25/2019 11:00:00 AM,35,21,14
11/25/2019 12:00:00 PM,30,12,18
11/25/2019 01:00:00 PM,21,9,12
11/25/2019 02:00:00 PM,26,19,7
11/25/2019 03:00:00 PM,62,46,16
11/25/2019 04:00:00 PM,118,74,44
11/25/2019 05:00:00 PM,197,118,79
11/25/2019 06:00:00 PM,73,42,31
11/25/2019 07:00:00 PM,30,14,16
11/25/2019 08:00:00 PM,14,5,9
11/25/2019 09:00:00 PM,1,0,1
11/25/2019 10:00:00 PM,11,6,5
11/25/2019 11:00:00 PM,1,1,0
11/26/2019 12:00:00 AM,1,1,0
11/26/2019 01:00:00 AM,0,0,0
11/26/2019 02:00:00 AM,0,0,0
11/26/2019 03:00:00 AM,1,0,1
11/26/2019 04:00:00 AM,3,0,3
11/26/2019 05:00:00 AM,12,2,10
11/26/2019 06:00:00 AM,34,15,19
11/26/2019 07:00:00 AM,84,33,51
11/26/2019 08:00:00 AM,138,67,71
11/26/2019 09:00:00 AM,80,42,38
11/26/2019 10:00:00 AM,50,27,23
11/26/2019 11:00:00 AM,39,26,13
11/26/2019 12:00:00 PM,32,13,19
11/26/2019 01:00:00 PM,38,23,15
11/26/2019 02:00:00 PM,38,27,11
11/26/2019 03:00:00 PM,69,46,23
11/26/2019 04:00:00 PM,141,92,49
11/26/2019 05:00:00 PM,202,111,91
11/26/2019 06:00:00 PM,72,44,28
11/26/2019 07:00:00 PM,25,15,10
11/26/2019 08:00:00 PM,11,6,5
11/26/2019 09:00:00 PM,10,9,1
11/26/2019 10:00:00 PM,5,1,4
11/26/2019 11:00:00 PM,3,1,2
11/27/2019 12:00:00 AM,6,3,3
11/27/2019 01:00:00 AM,2,1,1
11/27/2019 02:00:00 AM,1,0,1
11/27/2019 03:00:00 AM,4,4,0
11/27/2019 04:00:00 AM,0,0,0
11/27/2019 05:00:00 AM,10,3,7
11/27/2019 06:00:00 AM,21,10,11
11/27/2019 07:00:00 AM,65,25,40
11/27/2019 08:00:00 AM,103,40,63
11/27/2019 09:00:00 AM,70,39,31
11/27/2019 10:00:00 AM,32,18,14
11/27/2019 11:00:00 AM,47,28,19
11/27/2019 12:00:00 PM,47,30,17
11/27/2019 01:00:00 PM,37,21,16
11/27/2019 02:00:00 PM,72,45,27
11/27/2019 03:00:00 PM,96,66,30
11/27/2019 04:00:00 PM,97,58,39
11/27/2019 05:00:00 PM,81,53,28
11/27/2019 06:00:00 PM,44,21,23
11/27/2019 07:00:00 PM,17,12,5
11/27/2019 08:00:00 PM,3,1,2
11/27/2019 09:00:00 PM,6,1,5
11/27/2019 10:00:00 PM,1,1,0
11/27/2019 11:00:00 PM,3,0,3
11/28/2019 12:00:00 AM,1,1,0
11/28/2019 01:00:00 AM,2,0,2
11/28/2019 02:00:00 AM,0,0,0
11/28/2019 03:00:00 AM,2,0,2
11/28/2019 04:00:00 AM,0,0,0
11/28/2019 05:00:00 AM,1,1,0
11/28/2019 06:00:00 AM,0,0,0
11/28/2019 07:00:00 AM,3,2,1
11/28/2019 08:00:00 AM,4,2,2
11/28/2019 09:00:00 AM,9,6,3
11/28/2019 10:00:00 AM,21,17,4
11/28/2019 11:00:00 AM,16,6,10
11/28/2019 12:00:00 PM,13,8,5
11/28/2019 01:00:00 PM,23,16,7
11/28/2019 02:00:00 PM,11,6,5
11/28/2019 03:00:00 PM,12,7,5
11/28/2019 04:00:00 PM,4,3,1
11/28/2019 05:00:00 PM,12,5,7
11/28/2019 06:00:00 PM,4,1,3
11/28/2019 07:00:00 PM,2,2,0
11/28/2019 08:00:00 PM,3,0,3
11/28/2019 09:00:00 PM,8,1,7
11/28/2019 10:00:00 PM,3,0,3
11/28/2019 11:00:00 PM,2,1,1
11/29/2019 12:00:00 AM,0,0,0
11/29/2019 01:00:00 AM,0,0,0
11/29/2019 02:00:00 AM,0,0,0
11/29/2019 03:00:00 AM,0,0,0
11/29/2019 04:00:00 AM,0,0,0
11/29/2019 05:00:00 AM,2,1,1
11/29/2019 06:00:00 AM,4,2,2
11/29/2019 07:00:00 AM,5,1,4
11/29/2019 08:00:00 AM,9,4,5
11/29/2019 09:00:00 AM,21,10,11
11/29/2019 10:00:00 AM,13,4,9
11/29/2019 11:00:00 AM,22,9,13
11/29/2019 12:00:00 PM,24,12,12
11/29/2019 01:00:00 PM,33,21,12
11/29/2019 02:00:00 PM,20,11,9
11/29/2019 03:00:00 PM,23,16,7
11/29/2019 04:00:00 PM,16,12,4
11/29/2019 05:00:00 PM,31,23,8
11/29/2019 06:00:00 PM,9,9,0
11/29/2019 07:00:00 PM,8,6,2
11/29/2019 08:00:00 PM,8,6,2
11/29/2019 09:00:00 PM,6,4,2
11/29/2019 10:00:00 PM,7,4,3
11/29/2019 11:00:00 PM,6,3,3
11/30/2019 12:00:00 AM,3,1,2
11/30/2019 01:00:00 AM,5,1,4
11/30/2019 02:00:00 AM,5,3,2
11/30/2019 03:00:00 AM,0,0,0
11/30/2019 04:00:00 AM,2,1,1
11/30/2019 05:00:00 AM,5,2,3
11/30/2019 06:00:00 AM,2,1,1
11/30/2019 07:00:00 AM,2,2,0
11/30/2019 08:00:00 AM,1,0,1
11/30/2019 09:00:00 AM,7,2,5
11/30/2019 10:00:00 AM,8,2,6
11/30/2019 11:00:00 AM,22,10,12
11/30/2019 12:00:00 PM,18,6,12
11/30/2019 01:00:00 PM,26,20,6
11/30/2019 02:00:00 PM,22,10,12
11/30/2019 03:00:00 PM,27,11,16
11/30/2019 04:00:00 PM,26,18,8
11/30/2019 05:00:00 PM,12,8,4
11/30/2019 06:00:00 PM,13,9,4
11/30/2019 07:00:00 PM,5,4,1
11/30/2019 08:00:00 PM,15,10,5
11/30/2019 09:00:00 PM,10,5,5
11/30/2019 10:00:00 PM,5,2,3
11/30/2019 11:00:00 PM,12,10,2
12/01/2019 12:00:00 AM,3,1,2
12/01/2019 01:00:00 AM,3,2,1
12/01/2019 02:00:00 AM,6,3,3
12/01/2019 03:00:00 AM,1,1,0
12/01/2019 04:00:00 AM,1,1,0
12/01/2019 05:00:00 AM,2,1,1
12/01/2019 06:00:00 AM,2,2,0
12/01/2019 07:00:00 AM,1,0,1
12/01/2019 08:00:00 AM,4,2,2
12/01/2019 09:00:00 AM,6,4,2
12/01/2019 10:00:00 AM,14,10,4
12/01/2019 11:00:00 AM,16,6,10
12/01/2019 12:00:00 PM,6,5,1
12/01/2019 01:00:00 PM,15,10,5
12/01/2019 02:00:00 PM,17,11,6
12/01/2019 03:00:00 PM,13,10,3
12/01/2019 04:00:00 PM,23,16,7
12/01/2019 05:00:00 PM,12,6,6
12/01/2019 06:00:00 PM,17,12,5
12/01/2019 07:00:00 PM,10,6,4
12/01/2019 08:00:00 PM,11,10,1
12/01/2019 09:00:00 PM,5,2,3
12/01/2019 10:00:00 PM,4,0,4
12/01/2019 11:00:00 PM,0,0,0
12/02/2019 12:00:00 AM,2,2,0
12/02/2019 01:00:00 AM,1,1,0
12/02/2019 02:00:00 AM,0,0,0
12/02/2019 03:00:00 AM,0,0,0
12/02/2019 04:00:00 AM,5,2,3
12/02/2019 05:00:00 AM,17,3,14
12/02/2019 06:00:00 AM,35,15,20
12/02/2019 07:00:00 AM,96,41,55
12/02/2019 08:00:00 AM,165,75,90
12/02/2019 09:00:00 AM,80,49,31
12/02/2019 10:00:00 AM,33,15,18
12/02/2019 11:00:00 AM,37,21,16
12/02/2019 12:00:00 PM,52,30,22
12/02/2019 01:00:00 PM,52,32,20
12/02/2019 02:00:00 PM,65,54,11
12/02/2019 03:00:00 PM,191,157,34
12/02/2019 04:00:00 PM,329,262,67
12/02/2019 05:00:00 PM,227,163,64
12/02/2019 06:00:00 PM,77,44,33
12/02/2019 07:00:00 PM,31,21,10
12/02/2019 08:00:00 PM,149,17,132
12/02/2019 09:00:00 PM,106,16,90
12/02/2019 10:00:00 PM,20,9,11
12/02/2019 11:00:00 PM,7,4,3
12/03/2019 12:00:00 AM,3,3,0
12/03/2019 01:00:00 AM,1,0,1
12/03/2019 02:00:00 AM,0,0,0
12/03/2019 03:00:00 AM,0,0,0
12/03/2019 04:00:00 AM,1,0,1
12/03/2019 05:00:00 AM,17,3,14
12/03/2019 06:00:00 AM,31,17,14
12/03/2019 07:00:00 AM,110,35,75
12/03/2019 08:00:00 AM,177,84,93
12/03/2019 09:00:00 AM,93,47,46
12/03/2019 10:00:00 AM,44,18,26
12/03/2019 11:00:00 AM,36,15,21
12/03/2019 12:00:00 PM,44,24,20
12/03/2019 01:00:00 PM,47,32,15
12/03/2019 02:00:00 PM,47,28,19
12/03/2019 03:00:00 PM,78,52,26
12/03/2019 04:00:00 PM,148,93,55
12/03/2019 05:00:00 PM,220,147,73
12/03/2019 06:00:00 PM,95,57,38
12/03/2019 07:00:00 PM,35,21,14
12/03/2019 08:00:00 PM,15,9,6
12/03/2019 09:00:00 PM,16,9,7
12/03/2019 10:00:00 PM,5,4,1
12/03/2019 11:00:00 PM,2,1,1
12/04/2019 12:00:00 AM,1,0,1
12/04/2019 01:00:00 AM,1,1,0
12/04/2019 02:00:00 AM,2,1,1
12/04/2019 03:00:00 AM,0,0,0
12/04/2019 04:00:00 AM,0,0,0
12/04/2019 05:00:00 AM,21,6,15
12/04/2019 06:00:00 AM,26,10,16
12/04/2019 07:00:00 AM,87,34,53
12/04/2019 08:00:00 AM,126,63,63
12/04/2019 09:00:00 AM,79,42,37
12/04/2019 10:00:00 AM,34,13,21
12/04/2019 11:00:00 AM,30,18,12
12/04/2019 12:00:00 PM,36,17,19
12/04/2019 01:00:00 PM,27,19,8
12/04/2019 02:00:00 PM,40,24,16
12/04/2019 03:00:00 PM,55,39,16
12/04/2019 04:00:00 PM,123,77,46
12/04/2019 05:00:00 PM,201,130,71
12/04/2019 06:00:00 PM,84,47,37
12/04/2019 07:00:00 PM,41,24,17
12/04/2019 08:00:00 PM,22,11,11
12/04/2019 09:00:00 PM,15,8,7
12/04/2019 10:00:00 PM,5,4,1
12/04/2019 11:00:00 PM,8,7,1
12/05/2019 12:00:00 AM,4,3,1
12/05/2019 01:00:00 AM,0,0,0
12/05/2019 02:00:00 AM,0,0,0
12/05/2019 03:00:00 AM,2,1,1
12/05/2019 04:00:00 AM,2,2,0
12/05/2019 05:00:00 AM,17,6,11
12/05/2019 06:00:00 AM,33,14,19
12/05/2019 07:00:00 AM,103,44,59
12/05/2019 08:00:00 AM,163,73,90
12/05/2019 09:00:00 AM,92,51,41
12/05/2019 10:00:00 AM,31,17,14
12/05/2019 11:00:00 AM,49,22,27
12/05/2019 12:00:00 PM,49,33,16
12/05/2019 01:00:00 PM,44,27,17
12/05/2019 02:00:00 PM,41,23,18
12/05/2019 03:00:00 PM,82,58,24
12/05/2019 04:00:00 PM,150,104,46
12/05/2019 05:00:00 PM,254,170,84
12/05/2019 06:00:00 PM,112,64,48
12/05/2019 07:00:00 PM,51,24,27
12/05/2019 08:00:00 PM,30,13,17
12/05/2019 09:00:00 PM,17,7,10
12/05/2019 10:00:00 PM,16,8,8
12/05/2019 11:00:00 PM,8,5,3
12/06/2019 12:00:00 AM,8,4,4
12/06/2019 01:00:00 AM,10,8,2
12/06/2019 02:00:00 AM,1,1,0
12/06/2019 03:00:00 AM,0,0,0
12/06/2019 04:00:00 AM,2,1,1
12/06/2019 05:00:00 AM,9,3,6
12/06/2019 06:00:00 AM,32,15,17
12/06/2019 07:00:00 AM,81,36,45
12/06/2019 08:00:00 AM,131,65,66
12/06/2019 09:00:00 AM,78,47,31
12/06/2019 10:00:00 AM,33,17,16
12/06/2019 11:00:00 AM,54,32,22
12/06/2019 12:00:00 PM,45,21,24
12/06/2019 01:00:00 PM,43,27,16
12/06/2019 02:00:00 PM,59,36,23
12/06/2019 03:00:00 PM,98,72,26
12/06/2019 04:00:00 PM,142,97,45
12/06/2019 05:00:00 PM,140,83,57
12/06/2019 06:00:00 PM,70,44,26
12/06/2019 07:00:00 PM,31,18,13
12/06/2019 08:00:00 PM,16,11,5
12/06/2019 09:00:00 PM,18,9,9
12/06/2019 10:00:00 PM,17,7,10
12/06/2019 11:00:00 PM,5,1,4
12/07/2019 12:00:00 AM,9,4,5
12/07/2019 01:00:00 AM,5,4,1
12/07/2019 02:00:00 AM,4,2,2
12/07/2019 03:00:00 AM,2,1,1
12/07/2019 04:00:00 AM,1,0,1
12/07/2019 05:00:00 AM,3,2,1
12/07/2019 06:00:00 AM,2,2,0
12/07/2019 07:00:00 AM,2,1,1
12/07/2019 08:00:00 AM,7,4,3
12/07/2019 09:00:00 AM,21,10,11
12/07/2019 10:00:00 AM,44,39,5
12/07/2019 11:00:00 AM,53,39,14
12/07/2019 12:00:00 PM,20,7,13
12/07/2019 01:00:00 PM,18,7,11
12/07/2019 02:00:00 PM,15,9,6
12/07/2019 03:00:00 PM,14,7,7
12/07/2019 04:00:00 PM,16,11,5
12/07/2019 05:00:00 PM,18,11,7
12/07/2019 06:00:00 PM,29,22,7
12/07/2019 07:00:00 PM,20,14,6
12/07/2019 08:00:00 PM,10,4,6
12/07/2019 09:00:00 PM,12,7,5
12/07/2019 10:00:00 PM,7,5,2
12/07/2019 11:00:00 PM,8,2,6
12/08/2019 12:00:00 AM,5,1,4
12/08/2019 01:00:00 AM,5,2,3
12/08/2019 02:00:00 AM,1,0,1
12/08/2019 03:00:00 AM,1,0,1
12/08/2019 04:00:00 AM,2,1,1
12/08/2019 05:00:00 AM,3,1,2
12/08/2019 06:00:00 AM,4,3,1
12/08/2019 07:00:00 AM,7,4,3
12/08/2019 08:00:00 AM,3,2,1
12/08/2019 09:00:00 AM,6,4,2
12/08/2019 10:00:00 AM,11,5,6
12/08/2019 11:00:00 AM,27,15,12
12/08/2019 12:00:00 PM,14,9,5
12/08/2019 01:00:00 PM,27,14,13
12/08/2019 02:00:00 PM,33,15,18
12/08/2019 03:00:00 PM,19,13,6
12/08/2019 04:00:00 PM,19,10,9
12/08/2019 05:00:00 PM,34,23,11
12/08/2019 06:00:00 PM,5,4,1
12/08/2019 07:00:00 PM,14,7,7
12/08/2019 08:00:00 PM,10,6,4
12/08/2019 09:00:00 PM,2,1,1
12/08/2019 10:00:00 PM,7,4,3
12/08/2019 11:00:00 PM,2,0,2
12/09/2019 12:00:00 AM,2,1,1
12/09/2019 01:00:00 AM,0,0,0
12/09/2019 02:00:00 AM,0,0,0
12/09/2019 03:00:00 AM,2,0,2
12/09/2019 04:00:00 AM,2,0,2
12/09/2019 05:00:00 AM,13,2,11
12/09/2019 06:00:00 AM,33,13,20
12/09/2019 07:00:00 AM,112,48,64
12/09/2019 08:00:00 AM,181,96,85
12/09/2019 09:00:00 AM,96,50,46
12/09/2019 10:00:00 AM,39,17,22
12/09/2019 11:00:00 AM,43,15,28
12/09/2019 12:00:00 PM,41,22,19
12/09/2019 01:00:00 PM,28,20,8
12/09/2019 02:00:00 PM,41,22,19
12/09/2019 03:00:00 PM,77,53,24
12/09/2019 04:00:00 PM,127,81,46
12/09/2019 05:00:00 PM,231,145,86
12/09/2019 06:00:00 PM,108,60,48
12/09/2019 07:00:00 PM,36,19,17
12/09/2019 08:00:00 PM,22,12,10
12/09/2019 09:00:00 PM,14,6,8
12/09/2019 10:00:00 PM,9,5,4
12/09/2019 11:00:00 PM,0,0,0
12/10/2019 12:00:00 AM,3,1,2
12/10/2019 01:00:00 AM,3,1,2
12/10/2019 02:00:00 AM,1,1,0
12/10/2019 03:00:00 AM,3,0,3
12/10/2019 04:00:00 AM,1,0,1
12/10/2019 05:00:00 AM,12,4,8
12/10/2019 06:00:00 AM,43,17,26
12/10/2019 07:00:00 AM,82,27,55
12/10/2019 08:00:00 AM,151,70,81
12/10/2019 09:00:00 AM,80,44,36
12/10/2019 10:00:00 AM,29,16,13
12/10/2019 11:00:00 AM,32,20,12
12/10/2019 12:00:00 PM,33,15,18
12/10/2019 01:00:00 PM,18,11,7
12/10/2019 02:00:00 PM,18,11,7
12/10/2019 03:00:00 PM,50,39,11
12/10/2019 04:00:00 PM,122,86,36
12/10/2019 05:00:00 PM,175,110,65
12/10/2019 06:00:00 PM,82,52,30
12/10/2019 07:00:00 PM,20,11,9
12/10/2019 08:00:00 PM,12,5,7
12/10/2019 09:00:00 PM,11,6,5
12/10/2019 10:00:00 PM,8,3,5
12/10/2019 11:00:00 PM,8,3,5
12/11/2019 12:00:00 AM,2,1,1
12/11/2019 01:00:00 AM,2,1,1
12/11/2019 02:00:00 AM,3,2,1
12/11/2019 03:00:00 AM,1,1,0
12/11/2019 04:00:00 AM,2,0,2
12/11/2019 05:00:00 AM,7,3,4
12/11/2019 06:00:00 AM,28,10,18
12/11/2019 07:00:00 AM,81,38,43
12/11/2019 08:00:00 AM,142,74,68
12/11/2019 09:00:00 AM,58,30,28
12/11/2019 10:00:00 AM,27,18,9
12/11/2019 11:00:00 AM,29,13,16
12/11/2019 12:00:00 PM,21,8,13
12/11/2019 01:00:00 PM,31,18,13
12/11/2019 02:00:00 PM,37,18,19
12/11/2019 03:00:00 PM,63,44,19
12/11/2019 04:00:00 PM,105,68,37
12/11/2019 05:00:00 PM,176,111,65
12/11/2019 06:00:00 PM,67,44,23
12/11/2019 07:00:00 PM,27,11,16
12/11/2019 08:00:00 PM,14,6,8
12/11/2019 09:00:00 PM,8,4,4
12/11/2019 10:00:00 PM,3,2,1
12/11/2019 11:00:00 PM,5,3,2
12/12/2019 12:00:00 AM,1,0,1
12/12/2019 01:00:00 AM,1,1,0
12/12/2019 02:00:00 AM,0,0,0
12/12/2019 03:00:00 AM,0,0,0
12/12/2019 04:00:00 AM,1,0,1
12/12/2019 05:00:00 AM,20,7,13
12/12/2019 06:00:00 AM,22,11,11
12/12/2019 07:00:00 AM,70,30,40
12/12/2019 08:00:00 AM,113,53,60
12/12/2019 09:00:00 AM,62,36,26
12/12/2019 10:00:00 AM,27,15,12
12/12/2019 11:00:00 AM,31,20,11
12/12/2019 12:00:00 PM,30,14,16
12/12/2019 01:00:00 PM,32,12,20
12/12/2019 02:00:00 PM,38,17,21
12/12/2019 03:00:00 PM,52,38,14
12/12/2019 04:00:00 PM,116,76,40
12/12/2019 05:00:00 PM,165,108,57
12/12/2019 06:00:00 PM,73,34,39
12/12/2019 07:00:00 PM,28,16,12
12/12/2019 08:00:00 PM,21,11,10
12/12/2019 09:00:00 PM,12,5,7
12/12/2019 10:00:00 PM,11,6,5
12/12/2019 11:00:00 PM,1,1,0
12/13/2019 12:00:00 AM,7,3,4
12/13/2019 01:00:00 AM,0,0,0
12/13/2019 02:00:00 AM,4,3,1
12/13/2019 03:00:00 AM,2,1,1
12/13/2019 04:00:00 AM,5,2,3
12/13/2019 05:00:00 AM,12,6,6
12/13/2019 06:00:00 AM,26,13,13
12/13/2019 07:00:00 AM,70,34,36
12/13/2019 08:00:00 AM,115,51,64
12/13/2019 09:00:00 AM,65,35,30
12/13/2019 10:00:00 AM,39,17,22
12/13/2019 11:00:00 AM,52,31,21
12/13/2019 12:00:00 PM,49,25,24
12/13/2019 01:00:00 PM,36,12,24
12/13/2019 02:00:00 PM,63,35,28
12/13/2019 03:00:00 PM,66,49,17
12/13/2019 04:00:00 PM,153,93,60
12/13/2019 05:00:00 PM,143,84,59
12/13/2019 06:00:00 PM,50,34,16
12/13/2019 07:00:00 PM,33,13,20
12/13/2019 08:00:00 PM,18,6,12
12/13/2019 09:00:00 PM,17,8,9
12/13/2019 10:00:00 PM,6,3,3
12/13/2019 11:00:00 PM,8,4,4
12/14/2019 12:00:00 AM,16,12,4
12/14/2019 01:00:00 AM,3,1,2
12/14/2019 02:00:00 AM,5,3,2
12/14/2019 03:00:00 AM,1,0,1
12/14/2019 04:00:00 AM,0,0,0
12/14/2019 05:00:00 AM,1,1,0
12/14/2019 06:00:00 AM,1,1,0
12/14/2019 07:00:00 AM,2,2,0
12/14/2019 08:00:00 AM,7,3,4
12/14/2019 09:00:00 AM,14,5,9
12/14/2019 10:00:00 AM,11,5,6
12/14/2019 11:00:00 AM,15,10,5
12/14/2019 12:00:00 PM,28,18,10
12/14/2019 01:00:00 PM,18,5,13
12/14/2019 02:00:00 PM,22,11,11
12/14/2019 03:00:00 PM,14,9,5
12/14/2019 04:00:00 PM,20,8,12
12/14/2019 05:00:00 PM,13,10,3
12/14/2019 06:00:00 PM,9,8,1
12/14/2019 07:00:00 PM,4,4,0
12/14/2019 08:00:00 PM,13,8,5
12/14/2019 09:00:00 PM,10,6,4
12/14/2019 10:00:00 PM,12,5,7
12/14/2019 11:00:00 PM,9,8,1
12/15/2019 12:00:00 AM,1,1,0
12/15/2019 01:00:00 AM,6,1,5
12/15/2019 02:00:00 AM,4,2,2
12/15/2019 03:00:00 AM,0,0,0
12/15/2019 04:00:00 AM,1,1,0
12/15/2019 05:00:00 AM,5,1,4
12/15/2019 06:00:00 AM,3,3,0
12/15/2019 07:00:00 AM,4,2,2
12/15/2019 08:00:00 AM,8,4,4
12/15/2019 09:00:00 AM,9,6,3
12/15/2019 10:00:00 AM,13,9,4
12/15/2019 11:00:00 AM,12,6,6
12/15/2019 12:00:00 PM,15,7,8
12/15/2019 01:00:00 PM,14,5,9
12/15/2019 02:00:00 PM,10,5,5
12/15/2019 03:00:00 PM,17,11,6
12/15/2019 04:00:00 PM,13,10,3
12/15/2019 05:00:00 PM,13,8,5
12/15/2019 06:00:00 PM,12,5,7
12/15/2019 07:00:00 PM,7,2,5
12/15/2019 08:00:00 PM,3,1,2
12/15/2019 09:00:00 PM,4,2,2
12/15/2019 10:00:00 PM,1,1,0
12/15/2019 11:00:00 PM,1,1,0
12/16/2019 12:00:00 AM,3,3,0
12/16/2019 01:00:00 AM,1,1,0
12/16/2019 02:00:00 AM,0,0,0
12/16/2019 03:00:00 AM,0,0,0
12/16/2019 04:00:00 AM,1,1,0
12/16/2019 05:00:00 AM,11,2,9
12/16/2019 06:00:00 AM,36,17,19
12/16/2019 07:00:00 AM,92,42,50
12/16/2019 08:00:00 AM,190,98,92
12/16/2019 09:00:00 AM,84,50,34
12/16/2019 10:00:00 AM,37,11,26
12/16/2019 11:00:00 AM,34,15,19
12/16/2019 12:00:00 PM,44,28,16
12/16/2019 01:00:00 PM,31,20,11
12/16/2019 02:00:00 PM,41,19,22
12/16/2019 03:00:00 PM,68,46,22
12/16/2019 04:00:00 PM,152,86,66
12/16/2019 05:00:00 PM,214,135,79
12/16/2019 06:00:00 PM,71,47,24
12/16/2019 07:00:00 PM,42,20,22
12/16/2019 08:00:00 PM,14,4,10
12/16/2019 09:00:00 PM,7,4,3
12/16/2019 10:00:00 PM,8,4,4
12/16/2019 11:00:00 PM,2,1,1
12/17/2019 12:00:00 AM,1,1,0
12/17/2019 01:00:00 AM,3,1,2
12/17/2019 02:00:00 AM,2,2,0
12/17/2019 03:00:00 AM,1,0,1
12/17/2019 04:00:00 AM,0,0,0
12/17/2019 05:00:00 AM,13,5,8
12/17/2019 06:00:00 AM,36,15,21
12/17/2019 07:00:00 AM,97,41,56
12/17/2019 08:00:00 AM,163,80,83
12/17/2019 09:00:00 AM,94,45,49
12/17/2019 10:00:00 AM,41,22,19
12/17/2019 11:00:00 AM,55,31,24
12/17/2019 12:00:00 PM,45,17,28
12/17/2019 01:00:00 PM,47,20,27
12/17/2019 02:00:00 PM,43,26,17
12/17/2019 03:00:00 PM,82,57,25
12/17/2019 04:00:00 PM,177,113,64
12/17/2019 05:00:00 PM,269,167,102
12/17/2019 06:00:00 PM,121,76,45
12/17/2019 07:00:00 PM,44,20,24
12/17/2019 08:00:00 PM,12,8,4
12/17/2019 09:00:00 PM,13,8,5
12/17/2019 10:00:00 PM,14,5,9
12/17/2019 11:00:00 PM,5,4,1
12/18/2019 12:00:00 AM,8,5,3
12/18/2019 01:00:00 AM,3,1,2
12/18/2019 02:00:00 AM,1,0,1
12/18/2019 03:00:00 AM,2,2,0
12/18/2019 04:00:00 AM,0,0,0
12/18/2019 05:00:00 AM,9,3,6
12/18/2019 06:00:00 AM,28,14,14
12/18/2019 07:00:00 AM,81,30,51
12/18/2019 08:00:00 AM,140,69,71
12/18/2019 09:00:00 AM,74,48,26
12/18/2019 10:00:00 AM,39,23,16
12/18/2019 11:00:00 AM,27,15,12
12/18/2019 12:00:00 PM,46,19,27
12/18/2019 01:00:00 PM,47,25,22
12/18/2019 02:00:00 PM,52,37,15
12/18/2019 03:00:00 PM,63,49,14
12/18/2019 04:00:00 PM,120,81,39
12/18/2019 05:00:00 PM,185,119,66
12/18/2019 06:00:00 PM,66,35,31
12/18/2019 07:00:00 PM,24,13,11
12/18/2019 08:00:00 PM,15,9,6
12/18/2019 09:00:00 PM,8,4,4
12/18/2019 10:00:00 PM,7,4,3
12/18/2019 11:00:00 PM,1,0,1
12/19/2019 12:00:00 AM,2,1,1
12/19/2019 01:00:00 AM,0,0,0
12/19/2019 02:00:00 AM,0,0,0
12/19/2019 03:00:00 AM,0,0,0
12/19/2019 04:00:00 AM,2,0,2
12/19/2019 05:00:00 AM,9,2,7
12/19/2019 06:00:00 AM,26,11,15
12/19/2019 07:00:00 AM,68,26,42
12/19/2019 08:00:00 AM,93,45,48
12/19/2019 09:00:00 AM,65,43,22
12/19/2019 10:00:00 AM,27,17,10
12/19/2019 11:00:00 AM,37,21,16
12/19/2019 12:00:00 PM,31,14,17
12/19/2019 01:00:00 PM,28,17,11
12/19/2019 02:00:00 PM,20,5,15
12/19/2019 03:00:00 PM,44,36,8
12/19/2019 04:00:00 PM,104,67,37
12/19/2019 05:00:00 PM,97,57,40
12/19/2019 06:00:00 PM,51,34,17
12/19/2019 07:00:00 PM,28,18,10
12/19/2019 08:00:00 PM,10,8,2
12/19/2019 09:00:00 PM,5,4,1
12/19/2019 10:00:00 PM,5,1,4
12/19/2019 11:00:00 PM,6,3,3
12/20/2019 12:00:00 AM,3,0,3
12/20/2019 01:00:00 AM,3,2,1
12/20/2019 02:00:00 AM,0,0,0
12/20/2019 03:00:00 AM,0,0,0
12/20/2019 04:00:00 AM,3,3,0
12/20/2019 05:00:00 AM,8,3,5
12/20/2019 06:00:00 AM,16,8,8
12/20/2019 07:00:00 AM,39,15,24
12/20/2019 08:00:00 AM,50,17,33
12/20/2019 09:00:00 AM,15,11,4
12/20/2019 10:00:00 AM,16,8,8
12/20/2019 11:00:00 AM,15,8,7
12/20/2019 12:00:00 PM,20,11,9
12/20/2019 01:00:00 PM,11,8,3
12/20/2019 02:00:00 PM,26,13,13
12/20/2019 03:00:00 PM,45,22,23
12/20/2019 04:00:00 PM,39,28,11
12/20/2019 05:00:00 PM,70,49,21
12/20/2019 06:00:00 PM,30,21,9
12/20/2019 07:00:00 PM,5,4,1
12/20/2019 08:00:00 PM,5,2,3
12/20/2019 09:00:00 PM,9,5,4
12/20/2019 10:00:00 PM,3,2,1
12/20/2019 11:00:00 PM,3,2,1
12/21/2019 12:00:00 AM,1,0,1
12/21/2019 01:00:00 AM,0,0,0
12/21/2019 02:00:00 AM,0,0,0
12/21/2019 03:00:00 AM,1,0,1
12/21/2019 04:00:00 AM,0,0,0
12/21/2019 05:00:00 AM,2,1,1
12/21/2019 06:00:00 AM,3,2,1
12/21/2019 07:00:00 AM,1,0,1
12/21/2019 08:00:00 AM,5,0,5
12/21/2019 09:00:00 AM,7,0,7
12/21/2019 10:00:00 AM,6,6,0
12/21/2019 11:00:00 AM,9,6,3
12/21/2019 12:00:00 PM,10,4,6
12/21/2019 01:00:00 PM,10,5,5
12/21/2019 02:00:00 PM,13,6,7
12/21/2019 03:00:00 PM,12,6,6
12/21/2019 04:00:00 PM,9,6,3
12/21/2019 05:00:00 PM,5,2,3
12/21/2019 06:00:00 PM,13,6,7
12/21/2019 07:00:00 PM,10,7,3
12/21/2019 08:00:00 PM,8,4,4
12/21/2019 09:00:00 PM,12,6,6
12/21/2019 10:00:00 PM,9,6,3
12/21/2019 11:00:00 PM,5,3,2
12/22/2019 12:00:00 AM,3,1,2
12/22/2019 01:00:00 AM,5,1,4
12/22/2019 02:00:00 AM,6,3,3
12/22/2019 03:00:00 AM,0,0,0
12/22/2019 04:00:00 AM,0,0,0
12/22/2019 05:00:00 AM,1,1,0
12/22/2019 06:00:00 AM,3,2,1
12/22/2019 07:00:00 AM,8,6,2
12/22/2019 08:00:00 AM,9,4,5
12/22/2019 09:00:00 AM,15,9,6
12/22/2019 10:00:00 AM,15,9,6
12/22/2019 11:00:00 AM,45,39,6
12/22/2019 12:00:00 PM,51,45,6
12/22/2019 01:00:00 PM,49,35,14
12/22/2019 02:00:00 PM,17,8,9
12/22/2019 03:00:00 PM,13,6,7
12/22/2019 04:00:00 PM,39,5,34
12/22/2019 05:00:00 PM,63,16,47
12/22/2019 06:00:00 PM,30,7,23
12/22/2019 07:00:00 PM,3,2,1
12/22/2019 08:00:00 PM,7,5,2
12/22/2019 09:00:00 PM,2,2,0
12/22/2019 10:00:00 PM,3,1,2
12/22/2019 11:00:00 PM,3,2,1
12/23/2019 12:00:00 AM,4,3,1
12/23/2019 01:00:00 AM,1,1,0
12/23/2019 02:00:00 AM,0,0,0
12/23/2019 03:00:00 AM,0,0,0
12/23/2019 04:00:00 AM,1,0,1
12/23/2019 05:00:00 AM,7,2,5
12/23/2019 06:00:00 AM,19,9,10
12/23/2019 07:00:00 AM,33,13,20
12/23/2019 08:00:00 AM,50,25,25
12/23/2019 09:00:00 AM,47,23,24
12/23/2019 10:00:00 AM,20,11,9
12/23/2019 11:00:00 AM,28,18,10
12/23/2019 12:00:00 PM,32,14,18
12/23/2019 01:00:00 PM,40,14,26
12/23/2019 02:00:00 PM,37,22,15
12/23/2019 03:00:00 PM,55,37,18
12/23/2019 04:00:00 PM,67,42,25
12/23/2019 05:00:00 PM,73,44,29
12/23/2019 06:00:00 PM,35,23,12
12/23/2019 07:00:00 PM,9,6,3
12/23/2019 08:00:00 PM,6,3,3
12/23/2019 09:00:00 PM,4,3,1
12/23/2019 10:00:00 PM,2,0,2
12/23/2019 11:00:00 PM,1,0,1
12/24/2019 12:00:00 AM,7,5,2
12/24/2019 01:00:00 AM,0,0,0
12/24/2019 02:00:00 AM,1,1,0
12/24/2019 03:00:00 AM,1,1,0
12/24/2019 04:00:00 AM,0,0,0
12/24/2019 05:00:00 AM,6,2,4
12/24/2019 06:00:00 AM,11,6,5
12/24/2019 07:00:00 AM,22,11,11
12/24/2019 08:00:00 AM,15,6,9
12/24/2019 09:00:00 AM,27,17,10
12/24/2019 10:00:00 AM,21,8,13
12/24/2019 11:00:00 AM,19,9,10
12/24/2019 12:00:00 PM,30,15,15
12/24/2019 01:00:00 PM,25,19,6
12/24/2019 02:00:00 PM,43,24,19
12/24/2019 03:00:00 PM,25,17,8
12/24/2019 04:00:00 PM,26,14,12
12/24/2019 05:00:00 PM,13,6,7
12/24/2019 06:00:00 PM,19,13,6
12/24/2019 07:00:00 PM,12,6,6
12/24/2019 08:00:00 PM,2,1,1
12/24/2019 09:00:00 PM,5,5,0
12/24/2019 10:00:00 PM,1,1,0
12/24/2019 11:00:00 PM,1,0,1
12/25/2019 12:00:00 AM,1,0,1
12/25/2019 01:00:00 AM,2,1,1
12/25/2019 02:00:00 AM,1,0,1
12/25/2019 03:00:00 AM,5,1,4
12/25/2019 04:00:00 AM,2,1,1
12/25/2019 05:00:00 AM,0,0,0
12/25/2019 06:00:00 AM,2,2,0
12/25/2019 07:00:00 AM,2,1,1
12/25/2019 08:00:00 AM,3,2,1
12/25/2019 09:00:00 AM,5,4,1
12/25/2019 10:00:00 AM,7,0,7
12/25/2019 11:00:00 AM,12,5,7
12/25/2019 12:00:00 PM,4,3,1
12/25/2019 01:00:00 PM,14,11,3
12/25/2019 02:00:00 PM,8,5,3
12/25/2019 03:00:00 PM,12,0,12
12/25/2019 04:00:00 PM,10,7,3
12/25/2019 05:00:00 PM,4,3,1
12/25/2019 06:00:00 PM,2,2,0
12/25/2019 07:00:00 PM,2,2,0
12/25/2019 08:00:00 PM,1,0,1
12/25/2019 09:00:00 PM,3,3,0
12/25/2019 10:00:00 PM,0,0,0
12/25/2019 11:00:00 PM,2,1,1
12/26/2019 12:00:00 AM,3,3,0
12/26/2019 01:00:00 AM,2,1,1
12/26/2019 02:00:00 AM,0,0,0
12/26/2019 03:00:00 AM,0,0,0
12/26/2019 04:00:00 AM,2,2,0
12/26/2019 05:00:00 AM,4,1,3
12/26/2019 06:00:00 AM,12,6,6
12/26/2019 07:00:00 AM,13,4,9
12/26/2019 08:00:00 AM,22,11,11
12/26/2019 09:00:00 AM,21,11,10
12/26/2019 10:00:00 AM,13,8,5
12/26/2019 11:00:00 AM,13,7,6
12/26/2019 12:00:00 PM,29,18,11
12/26/2019 01:00:00 PM,22,12,10
12/26/2019 02:00:00 PM,24,15,9
12/26/2019 03:00:00 PM,40,27,13
12/26/2019 04:00:00 PM,44,27,17
12/26/2019 05:00:00 PM,37,27,10
12/26/2019 06:00:00 PM,22,16,6
12/26/2019 07:00:00 PM,16,10,6
12/26/2019 08:00:00 PM,8,4,4
12/26/2019 09:00:00 PM,10,6,4
12/26/2019 10:00:00 PM,4,2,2
12/26/2019 11:00:00 PM,2,1,1
12/27/2019 12:00:00 AM,2,1,1
12/27/2019 01:00:00 AM,2,2,0
12/27/2019 02:00:00 AM,3,1,2
12/27/2019 03:00:00 AM,0,0,0
12/27/2019 04:00:00 AM,3,3,0
12/27/2019 05:00:00 AM,2,0,2
12/27/2019 06:00:00 AM,19,11,8
12/27/2019 07:00:00 AM,22,13,9
12/27/2019 08:00:00 AM,41,15,26
12/27/2019 09:00:00 AM,24,12,12
12/27/2019 10:00:00 AM,26,15,11
12/27/2019 11:00:00 AM,25,14,11
12/27/2019 12:00:00 PM,26,16,10
12/27/2019 01:00:00 PM,25,13,12
12/27/2019 02:00:00 PM,40,23,17
12/27/2019 03:00:00 PM,53,29,24
12/27/2019 04:00:00 PM,62,39,23
12/27/2019 05:00:00 PM,57,35,22
12/27/2019 06:00:00 PM,28,17,11
12/27/2019 07:00:00 PM,13,7,6
12/27/2019 08:00:00 PM,10,5,5
12/27/2019 09:00:00 PM,13,7,6
12/27/2019 10:00:00 PM,2,1,1
12/27/2019 11:00:00 PM,6,3,3
12/28/2019 12:00:00 AM,2,2,0
12/28/2019 01:00:00 AM,5,1,4
12/28/2019 02:00:00 AM,5,4,1
12/28/2019 03:00:00 AM,0,0,0
12/28/2019 04:00:00 AM,0,0,0
12/28/2019 05:00:00 AM,1,1,0
12/28/2019 06:00:00 AM,2,2,0
12/28/2019 07:00:00 AM,6,3,3
12/28/2019 08:00:00 AM,9,2,7
12/28/2019 09:00:00 AM,10,3,7
12/28/2019 10:00:00 AM,15,10,5
12/28/2019 11:00:00 AM,19,12,7
12/28/2019 12:00:00 PM,28,15,13
12/28/2019 01:00:00 PM,43,35,8
12/28/2019 02:00:00 PM,27,16,11
12/28/2019 03:00:00 PM,21,11,10
12/28/2019 04:00:00 PM,12,9,3
12/28/2019 05:00:00 PM,16,11,5
12/28/2019 06:00:00 PM,22,11,11
12/28/2019 07:00:00 PM,5,4,1
12/28/2019 08:00:00 PM,7,5,2
12/28/2019 09:00:00 PM,19,15,4
12/28/2019 10:00:00 PM,9,8,1
12/28/2019 11:00:00 PM,5,2,3
12/29/2019 12:00:00 AM,3,1,2
12/29/2019 01:00:00 AM,2,0,2
12/29/2019 02:00:00 AM,4,3,1
12/29/2019 03:00:00 AM,1,1,0
12/29/2019 04:00:00 AM,0,0,0
12/29/2019 05:00:00 AM,1,0,1
12/29/2019 06:00:00 AM,2,1,1
12/29/2019 07:00:00 AM,2,2,0
12/29/2019 08:00:00 AM,9,5,4
12/29/2019 09:00:00 AM,11,7,4
12/29/2019 10:00:00 AM,16,7,9
12/29/2019 11:00:00 AM,32,23,9
12/29/2019 12:00:00 PM,31,21,10
12/29/2019 01:00:00 PM,48,25,23
12/29/2019 02:00:00 PM,53,41,12
12/29/2019 03:00:00 PM,64,46,18
12/29/2019 04:00:00 PM,64,46,18
12/29/2019 05:00:00 PM,32,21,11
12/29/2019 06:00:00 PM,23,12,11
12/29/2019 07:00:00 PM,8,4,4
12/29/2019 08:00:00 PM,74,8,66
12/29/2019 09:00:00 PM,62,13,49
12/29/2019 10:00:00 PM,27,4,23
12/29/2019 11:00:00 PM,5,2,3
12/30/2019 12:00:00 AM,3,1,2
12/30/2019 01:00:00 AM,3,2,1
12/30/2019 02:00:00 AM,2,1,1
12/30/2019 03:00:00 AM,0,0,0
12/30/2019 04:00:00 AM,1,1,0
12/30/2019 05:00:00 AM,8,3,5
12/30/2019 06:00:00 AM,23,15,8
12/30/2019 07:00:00 AM,49,20,29
12/30/2019 08:00:00 AM,65,28,37
12/30/2019 09:00:00 AM,39,23,16
12/30/2019 10:00:00 AM,31,20,11
12/30/2019 11:00:00 AM,17,10,7
12/30/2019 12:00:00 PM,24,12,12
12/30/2019 01:00:00 PM,29,13,16
12/30/2019 02:00:00 PM,35,17,18
12/30/2019 03:00:00 PM,53,36,17
12/30/2019 04:00:00 PM,81,52,29
12/30/2019 05:00:00 PM,95,60,35
12/30/2019 06:00:00 PM,28,14,14
12/30/2019 07:00:00 PM,16,6,10
12/30/2019 08:00:00 PM,12,8,4
12/30/2019 09:00:00 PM,7,5,2
12/30/2019 10:00:00 PM,4,1,3
12/30/2019 11:00:00 PM,1,1,0
12/31/2019 12:00:00 AM,2,1,1
12/31/2019 01:00:00 AM,1,1,0
12/31/2019 02:00:00 AM,0,0,0
12/31/2019 03:00:00 AM,2,2,0
12/31/2019 04:00:00 AM,2,1,1
12/31/2019 05:00:00 AM,6,3,3
12/31/2019 06:00:00 AM,15,9,6
12/31/2019 07:00:00 AM,33,16,17
12/31/2019 08:00:00 AM,41,21,20
12/31/2019 09:00:00 AM,20,12,8
12/31/2019 10:00:00 AM,13,8,5
12/31/2019 11:00:00 AM,26,15,11
12/31/2019 12:00:00 PM,20,14,6
12/31/2019 01:00:00 PM,22,14,8
12/31/2019 02:00:00 PM,25,16,9
12/31/2019 03:00:00 PM,37,25,12
12/31/2019 04:00:00 PM,36,24,12
12/31/2019 05:00:00 PM,31,18,13
12/31/2019 06:00:00 PM,25,15,10
12/31/2019 07:00:00 PM,16,6,10
12/31/2019 08:00:00 PM,9,5,4
12/31/2019 09:00:00 PM,21,5,16
12/31/2019 10:00:00 PM,11,3,8
12/31/2019 11:00:00 PM,6,2,4
01/01/2020 12:00:00 AM,18,15,3
01/01/2020 01:00:00 AM,15,9,6
01/01/2020 02:00:00 AM,9,6,3
01/01/2020 03:00:00 AM,4,0,4
01/01/2020 04:00:00 AM,0,0,0
01/01/2020 05:00:00 AM,2,2,0
01/01/2020 06:00:00 AM,1,0,1
01/01/2020 07:00:00 AM,3,1,2
01/01/2020 08:00:00 AM,1,0,1
01/01/2020 09:00:00 AM,3,1,2
01/01/2020 10:00:00 AM,13,8,5
01/01/2020 11:00:00 AM,9,5,4
01/01/2020 12:00:00 PM,8,7,1
01/01/2020 01:00:00 PM,24,14,10
01/01/2020 02:00:00 PM,16,7,9
01/01/2020 03:00:00 PM,19,7,12
01/01/2020 04:00:00 PM,14,9,5
01/01/2020 05:00:00 PM,15,4,11
01/01/2020 06:00:00 PM,3,3,0
01/01/2020 07:00:00 PM,4,1,3
01/01/2020 08:00:00 PM,6,3,3
01/01/2020 09:00:00 PM,0,0,0
01/01/2020 10:00:00 PM,3,2,1
01/01/2020 11:00:00 PM,1,0,1
01/02/2020 12:00:00 AM,3,1,2
01/02/2020 01:00:00 AM,0,0,0
01/02/2020 02:00:00 AM,2,1,1
01/02/2020 03:00:00 AM,0,0,0
01/02/2020 04:00:00 AM,0,0,0
01/02/2020 05:00:00 AM,10,4,6
01/02/2020 06:00:00 AM,26,11,15
01/02/2020 07:00:00 AM,63,27,36
01/02/2020 08:00:00 AM,97,43,54
01/02/2020 09:00:00 AM,51,28,23
01/02/2020 10:00:00 AM,30,11,19
01/02/2020 11:00:00 AM,29,11,18
01/02/2020 12:00:00 PM,30,17,13
01/02/2020 01:00:00 PM,15,8,7
01/02/2020 02:00:00 PM,20,12,8
01/02/2020 03:00:00 PM,34,21,13
01/02/2020 04:00:00 PM,97,63,34
01/02/2020 05:00:00 PM,121,78,43
01/02/2020 06:00:00 PM,42,31,11
01/02/2020 07:00:00 PM,15,9,6
01/02/2020 08:00:00 PM,10,6,4
01/02/2020 09:00:00 PM,11,5,6
01/02/2020 10:00:00 PM,4,1,3
01/02/2020 11:00:00 PM,2,2,0
01/03/2020 12:00:00 AM,1,0,1
01/03/2020 01:00:00 AM,1,1,0
01/03/2020 02:00:00 AM,4,4,0
01/03/2020 03:00:00 AM,0,0,0
01/03/2020 04:00:00 AM,0,0,0
01/03/2020 05:00:00 AM,4,3,1
01/03/2020 06:00:00 AM,20,11,9
01/03/2020 07:00:00 AM,65,28,37
01/03/2020 08:00:00 AM,92,46,46
01/03/2020 09:00:00 AM,61,33,28
01/03/2020 10:00:00 AM,41,25,16
01/03/2020 11:00:00 AM,35,16,19
01/03/2020 12:00:00 PM,42,20,22
01/03/2020 01:00:00 PM,40,22,18
01/03/2020 02:00:00 PM,52,29,23
01/03/2020 03:00:00 PM,48,26,22
01/03/2020 04:00:00 PM,122,74,48
01/03/2020 05:00:00 PM,122,76,46
01/03/2020 06:00:00 PM,58,31,27
01/03/2020 07:00:00 PM,20,12,8
01/03/2020 08:00:00 PM,15,8,7
01/03/2020 09:00:00 PM,5,4,1
01/03/2020 10:00:00 PM,5,2,3
01/03/2020 11:00:00 PM,2,2,0
01/04/2020 12:00:00 AM,3,1,2
01/04/2020 01:00:00 AM,3,1,2
01/04/2020 02:00:00 AM,3,2,1
01/04/2020 03:00:00 AM,0,0,0
01/04/2020 04:00:00 AM,1,0,1
01/04/2020 05:00:00 AM,1,1,0
01/04/2020 06:00:00 AM,0,0,0
01/04/2020 07:00:00 AM,4,2,2
01/04/2020 08:00:00 AM,7,3,4
01/04/2020 09:00:00 AM,11,7,4
01/04/2020 10:00:00 AM,15,10,5
01/04/2020 11:00:00 AM,21,10,11
01/04/2020 12:00:00 PM,23,11,12
01/04/2020 01:00:00 PM,34,20,14
01/04/2020 02:00:00 PM,29,14,15
01/04/2020 03:00:00 PM,12,7,5
01/04/2020 04:00:00 PM,15,11,4
01/04/2020 05:00:00 PM,13,8,5
01/04/2020 06:00:00 PM,15,9,6
01/04/2020 07:00:00 PM,12,8,4
01/04/2020 08:00:00 PM,2,1,1
01/04/2020 09:00:00 PM,5,5,0
01/04/2020 10:00:00 PM,8,5,3
01/04/2020 11:00:00 PM,4,2,2
01/05/2020 12:00:00 AM,2,1,1
01/05/2020 01:00:00 AM,1,1,0
01/05/2020 02:00:00 AM,0,0,0
01/05/2020 03:00:00 AM,0,0,0
01/05/2020 04:00:00 AM,0,0,0
01/05/2020 05:00:00 AM,1,1,0
01/05/2020 06:00:00 AM,3,0,3
01/05/2020 07:00:00 AM,2,0,2
01/05/2020 08:00:00 AM,4,1,3
01/05/2020 09:00:00 AM,5,3,2
01/05/2020 10:00:00 AM,9,5,4
01/05/2020 11:00:00 AM,18,7,11
01/05/2020 12:00:00 PM,13,10,3
01/05/2020 01:00:00 PM,16,9,7
01/05/2020 02:00:00 PM,11,4,7
01/05/2020 03:00:00 PM,21,8,13
01/05/2020 04:00:00 PM,14,7,7
01/05/2020 05:00:00 PM,18,9,9
01/05/2020 06:00:00 PM,13,10,3
01/05/2020 07:00:00 PM,9,6,3
01/05/2020 08:00:00 PM,4,2,2
01/05/2020 09:00:00 PM,6,2,4
01/05/2020 10:00:00 PM,1,1,0
01/05/2020 11:00:00 PM,1,0,1
01/06/2020 12:00:00 AM,3,3,0
01/06/2020 01:00:00 AM,0,0,0
01/06/2020 02:00:00 AM,1,1,0
01/06/2020 03:00:00 AM,0,0,0
01/06/2020 04:00:00 AM,0,0,0
01/06/2020 05:00:00 AM,17,8,9
01/06/2020 06:00:00 AM,37,13,24
01/06/2020 07:00:00 AM,96,42,54
01/06/2020 08:00:00 AM,146,52,94
01/06/2020 09:00:00 AM,67,36,31
01/06/2020 10:00:00 AM,27,13,14
01/06/2020 11:00:00 AM,16,10,6
01/06/2020 12:00:00 PM,30,21,9
01/06/2020 01:00:00 PM,16,7,9
01/06/2020 02:00:00 PM,23,12,11
01/06/2020 03:00:00 PM,58,38,20
01/06/2020 04:00:00 PM,129,85,44
01/06/2020 05:00:00 PM,190,117,73
01/06/2020 06:00:00 PM,65,44,21
01/06/2020 07:00:00 PM,13,4,9
01/06/2020 08:00:00 PM,14,11,3
01/06/2020 09:00:00 PM,7,4,3
01/06/2020 10:00:00 PM,3,2,1
01/06/2020 11:00:00 PM,0,0,0
01/07/2020 12:00:00 AM,2,0,2
01/07/2020 01:00:00 AM,1,1,0
01/07/2020 02:00:00 AM,2,2,0
01/07/2020 03:00:00 AM,1,0,1
01/07/2020 04:00:00 AM,2,1,1
01/07/2020 05:00:00 AM,10,5,5
01/07/2020 06:00:00 AM,38,12,26
01/07/2020 07:00:00 AM,94,40,54
01/07/2020 08:00:00 AM,148,66,82
01/07/2020 09:00:00 AM,63,35,28
01/07/2020 10:00:00 AM,38,18,20
01/07/2020 11:00:00 AM,23,11,12
01/07/2020 12:00:00 PM,32,16,16
01/07/2020 01:00:00 PM,24,13,11
01/07/2020 02:00:00 PM,36,26,10
01/07/2020 03:00:00 PM,78,43,35
01/07/2020 04:00:00 PM,138,93,45
01/07/2020 05:00:00 PM,187,112,75
01/07/2020 06:00:00 PM,73,47,26
01/07/2020 07:00:00 PM,29,15,14
01/07/2020 08:00:00 PM,11,8,3
01/07/2020 09:00:00 PM,4,1,3
01/07/2020 10:00:00 PM,9,6,3
01/07/2020 11:00:00 PM,1,1,0
01/08/2020 12:00:00 AM,0,0,0
01/08/2020 01:00:00 AM,0,0,0
01/08/2020 02:00:00 AM,2,0,2
01/08/2020 03:00:00 AM,0,0,0
01/08/2020 04:00:00 AM,8,8,0
01/08/2020 05:00:00 AM,12,6,6
01/08/2020 06:00:00 AM,44,17,27
01/08/2020 07:00:00 AM,87,41,46
01/08/2020 08:00:00 AM,167,80,87
01/08/2020 09:00:00 AM,76,38,38
01/08/2020 10:00:00 AM,36,17,19
01/08/2020 11:00:00 AM,40,17,23
01/08/2020 12:00:00 PM,35,18,17
01/08/2020 01:00:00 PM,42,18,24
01/08/2020 02:00:00 PM,30,21,9
01/08/2020 03:00:00 PM,62,43,19
01/08/2020 04:00:00 PM,127,84,43
01/08/2020 05:00:00 PM,198,126,72
01/08/2020 06:00:00 PM,96,66,30
01/08/2020 07:00:00 PM,29,16,13
01/08/2020 08:00:00 PM,20,10,10
01/08/2020 09:00:00 PM,7,5,2
01/08/2020 10:00:00 PM,3,2,1
01/08/2020 11:00:00 PM,5,5,0
01/09/2020 12:00:00 AM,1,0,1
01/09/2020 01:00:00 AM,1,0,1
01/09/2020 02:00:00 AM,0,0,0
01/09/2020 03:00:00 AM,1,0,1
01/09/2020 04:00:00 AM,0,0,0
01/09/2020 05:00:00 AM,5,1,4
01/09/2020 06:00:00 AM,48,25,23
01/09/2020 07:00:00 AM,73,23,50
01/09/2020 08:00:00 AM,119,50,69
01/09/2020 09:00:00 AM,64,35,29
01/09/2020 10:00:00 AM,32,14,18
01/09/2020 11:00:00 AM,28,15,13
01/09/2020 12:00:00 PM,23,11,12
01/09/2020 01:00:00 PM,32,19,13
01/09/2020 02:00:00 PM,45,25,20
01/09/2020 03:00:00 PM,61,38,23
01/09/2020 04:00:00 PM,146,105,41
01/09/2020 05:00:00 PM,147,99,48
01/09/2020 06:00:00 PM,95,54,41
01/09/2020 07:00:00 PM,41,23,18
01/09/2020 08:00:00 PM,14,6,8
01/09/2020 09:00:00 PM,9,4,5
01/09/2020 10:00:00 PM,12,7,5
01/09/2020 11:00:00 PM,11,6,5
01/10/2020 12:00:00 AM,0,0,0
01/10/2020 01:00:00 AM,7,5,2
01/10/2020 02:00:00 AM,2,2,0
01/10/2020 03:00:00 AM,0,0,0
01/10/2020 04:00:00 AM,0,0,0
01/10/2020 05:00:00 AM,7,4,3
01/10/2020 06:00:00 AM,28,14,14
01/10/2020 07:00:00 AM,61,22,39
01/10/2020 08:00:00 AM,106,38,68
01/10/2020 09:00:00 AM,43,20,23
01/10/2020 10:00:00 AM,25,13,12
01/10/2020 11:00:00 AM,28,15,13
01/10/2020 12:00:00 PM,27,15,12
01/10/2020 01:00:00 PM,22,9,13
01/10/2020 02:00:00 PM,34,21,13
01/10/2020 03:00:00 PM,36,23,13
01/10/2020 04:00:00 PM,107,68,39
01/10/2020 05:00:00 PM,130,83,47
01/10/2020 06:00:00 PM,54,41,13
01/10/2020 07:00:00 PM,21,9,12
01/10/2020 08:00:00 PM,8,4,4
01/10/2020 09:00:00 PM,7,5,2
01/10/2020 10:00:00 PM,6,2,4
01/10/2020 11:00:00 PM,5,1,4
01/11/2020 12:00:00 AM,1,0,1
01/11/2020 01:00:00 AM,2,0,2
01/11/2020 02:00:00 AM,5,4,1
01/11/2020 03:00:00 AM,0,0,0
01/11/2020 04:00:00 AM,0,0,0
01/11/2020 05:00:00 AM,3,2,1
01/11/2020 06:00:00 AM,4,0,4
01/11/2020 07:00:00 AM,5,2,3
01/11/2020 08:00:00 AM,6,4,2
01/11/2020 09:00:00 AM,11,3,8
01/11/2020 10:00:00 AM,10,7,3
01/11/2020 11:00:00 AM,8,6,2
01/11/2020 12:00:00 PM,21,16,5
01/11/2020 01:00:00 PM,17,7,10
01/11/2020 02:00:00 PM,16,3,13
01/11/2020 03:00:00 PM,19,10,9
01/11/2020 04:00:00 PM,23,14,9
01/11/2020 05:00:00 PM,14,8,6
01/11/2020 06:00:00 PM,14,7,7
01/11/2020 07:00:00 PM,8,7,1
01/11/2020 08:00:00 PM,3,2,1
01/11/2020 09:00:00 PM,6,4,2
01/11/2020 10:00:00 PM,10,6,4
01/11/2020 11:00:00 PM,2,2,0
01/12/2020 12:00:00 AM,2,1,1
01/12/2020 01:00:00 AM,2,1,1
01/12/2020 02:00:00 AM,4,3,1
01/12/2020 03:00:00 AM,0,0,0
01/12/2020 04:00:00 AM,0,0,0
01/12/2020 05:00:00 AM,1,1,0
01/12/2020 06:00:00 AM,0,0,0
01/12/2020 07:00:00 AM,7,3,4
01/12/2020 08:00:00 AM,5,4,1
01/12/2020 09:00:00 AM,8,5,3
01/12/2020 10:00:00 AM,5,3,2
01/12/2020 11:00:00 AM,6,3,3
01/12/2020 12:00:00 PM,17,7,10
01/12/2020 01:00:00 PM,17,9,8
01/12/2020 02:00:00 PM,21,12,9
01/12/2020 03:00:00 PM,21,10,11
01/12/2020 04:00:00 PM,15,8,7
01/12/2020 05:00:00 PM,14,8,6
01/12/2020 06:00:00 PM,5,3,2
01/12/2020 07:00:00 PM,7,3,4
01/12/2020 08:00:00 PM,4,1,3
01/12/2020 09:00:00 PM,2,2,0
01/12/2020 10:00:00 PM,3,2,1
01/12/2020 11:00:00 PM,3,2,1
01/13/2020 12:00:00 AM,1,1,0
01/13/2020 01:00:00 AM,1,1,0
01/13/2020 02:00:00 AM,0,0,0
01/13/2020 03:00:00 AM,1,1,0
01/13/2020 04:00:00 AM,0,0,0
01/13/2020 05:00:00 AM,6,1,5
01/13/2020 06:00:00 AM,17,5,12
01/13/2020 07:00:00 AM,40,15,25
01/13/2020 08:00:00 AM,53,23,30
01/13/2020 09:00:00 AM,46,25,21
01/13/2020 10:00:00 AM,22,11,11
01/13/2020 11:00:00 AM,18,9,9
01/13/2020 12:00:00 PM,21,9,12
01/13/2020 01:00:00 PM,16,9,7
01/13/2020 02:00:00 PM,25,15,10
01/13/2020 03:00:00 PM,33,26,7
01/13/2020 04:00:00 PM,67,44,23
01/13/2020 05:00:00 PM,79,50,29
01/13/2020 06:00:00 PM,25,15,10
01/13/2020 07:00:00 PM,16,9,7
01/13/2020 08:00:00 PM,6,3,3
01/13/2020 09:00:00 PM,2,1,1
01/13/2020 10:00:00 PM,2,2,0
01/13/2020 11:00:00 PM,4,0,4
01/14/2020 12:00:00 AM,5,4,1
01/14/2020 01:00:00 AM,0,0,0
01/14/2020 02:00:00 AM,0,0,0
01/14/2020 03:00:00 AM,0,0,0
01/14/2020 04:00:00 AM,1,1,0
01/14/2020 05:00:00 AM,1,0,1
01/14/2020 06:00:00 AM,12,4,8
01/14/2020 07:00:00 AM,26,10,16
01/14/2020 08:00:00 AM,46,16,30
01/14/2020 09:00:00 AM,27,15,12
01/14/2020 10:00:00 AM,14,7,7
01/14/2020 11:00:00 AM,15,1,14
01/14/2020 12:00:00 PM,10,5,5
01/14/2020 01:00:00 PM,21,15,6
01/14/2020 02:00:00 PM,22,14,8
01/14/2020 03:00:00 PM,17,9,8
01/14/2020 04:00:00 PM,44,33,11
01/14/2020 05:00:00 PM,73,45,28
01/14/2020 06:00:00 PM,20,12,8
01/14/2020 07:00:00 PM,11,4,7
01/14/2020 08:00:00 PM,5,4,1
01/14/2020 09:00:00 PM,6,5,1
01/14/2020 10:00:00 PM,6,2,4
01/14/2020 11:00:00 PM,7,3,4
01/15/2020 12:00:00 AM,3,3,0
01/15/2020 01:00:00 AM,2,2,0
01/15/2020 02:00:00 AM,1,1,0
01/15/2020 03:00:00 AM,1,1,0
01/15/2020 04:00:00 AM,0,0,0
01/15/2020 05:00:00 AM,7,3,4
01/15/2020 06:00:00 AM,17,7,10
01/15/2020 07:00:00 AM,22,7,15
01/15/2020 08:00:00 AM,43,25,18
01/15/2020 09:00:00 AM,34,23,11
01/15/2020 10:00:00 AM,22,12,10
01/15/2020 11:00:00 AM,27,15,12
01/15/2020 12:00:00 PM,9,5,4
01/15/2020 01:00:00 PM,20,11,9
01/15/2020 02:00:00 PM,19,9,10
01/15/2020 03:00:00 PM,18,12,6
01/15/2020 04:00:00 PM,39,26,13
01/15/2020 05:00:00 PM,74,44,30
01/15/2020 06:00:00 PM,37,19,18
01/15/2020 07:00:00 PM,13,6,7
01/15/2020 08:00:00 PM,9,6,3
01/15/2020 09:00:00 PM,6,2,4
01/15/2020 10:00:00 PM,5,4,1
01/15/2020 11:00:00 PM,4,2,2
01/16/2020 12:00:00 AM,1,0,1
01/16/2020 01:00:00 AM,1,0,1
01/16/2020 02:00:00 AM,2,1,1
01/16/2020 03:00:00 AM,0,0,0
01/16/2020 04:00:00 AM,1,1,0
01/16/2020 05:00:00 AM,7,2,5
01/16/2020 06:00:00 AM,31,8,23
01/16/2020 07:00:00 AM,62,21,41
01/16/2020 08:00:00 AM,87,39,48
01/16/2020 09:00:00 AM,64,34,30
01/16/2020 10:00:00 AM,37,18,19
01/16/2020 11:00:00 AM,32,16,16
01/16/2020 12:00:00 PM,34,12,22
01/16/2020 01:00:00 PM,33,19,14
01/16/2020 02:00:00 PM,33,23,10
01/16/2020 03:00:00 PM,43,26,17
01/16/2020 04:00:00 PM,109,74,35
01/16/2020 05:00:00 PM,139,94,45
01/16/2020 06:00:00 PM,57,37,20
01/16/2020 07:00:00 PM,23,11,12
01/16/2020 08:00:00 PM,8,5,3
01/16/2020 09:00:00 PM,11,6,5
01/16/2020 10:00:00 PM,8,6,2
01/16/2020 11:00:00 PM,1,1,0
01/17/2020 12:00:00 AM,4,2,2
01/17/2020 01:00:00 AM,3,3,0
01/17/2020 02:00:00 AM,1,0,1
01/17/2020 03:00:00 AM,1,1,0
01/17/2020 04:00:00 AM,0,0,0
01/17/2020 05:00:00 AM,5,2,3
01/17/2020 06:00:00 AM,23,9,14
01/17/2020 07:00:00 AM,65,30,35
01/17/2020 08:00:00 AM,97,42,55
01/17/2020 09:00:00 AM,56,36,20
01/17/2020 10:00:00 AM,40,22,18
01/17/2020 11:00:00 AM,26,19,7
01/17/2020 12:00:00 PM,33,16,17
01/17/2020 01:00:00 PM,22,11,11
01/17/2020 02:00:00 PM,33,23,10
01/17/2020 03:00:00 PM,61,36,25
01/17/2020 04:00:00 PM,98,65,33
01/17/2020 05:00:00 PM,133,76,57
01/17/2020 06:00:00 PM,64,43,21
01/17/2020 07:00:00 PM,23,12,11
01/17/2020 08:00:00 PM,11,6,5
01/17/2020 09:00:00 PM,9,5,4
01/17/2020 10:00:00 PM,7,4,3
01/17/2020 11:00:00 PM,2,1,1
01/18/2020 12:00:00 AM,2,0,2
01/18/2020 01:00:00 AM,4,2,2
01/18/2020 02:00:00 AM,2,2,0
01/18/2020 03:00:00 AM,1,1,0
01/18/2020 04:00:00 AM,0,0,0
01/18/2020 05:00:00 AM,2,1,1
01/18/2020 06:00:00 AM,1,0,1
01/18/2020 07:00:00 AM,5,2,3
01/18/2020 08:00:00 AM,6,2,4
01/18/2020 09:00:00 AM,12,5,7
01/18/2020 10:00:00 AM,15,4,11
01/18/2020 11:00:00 AM,20,8,12
01/18/2020 12:00:00 PM,23,14,9
01/18/2020 01:00:00 PM,30,17,13
01/18/2020 02:00:00 PM,27,12,15
01/18/2020 03:00:00 PM,24,9,15
01/18/2020 04:00:00 PM,17,5,12
01/18/2020 05:00:00 PM,18,11,7
01/18/2020 06:00:00 PM,137,134,3
01/18/2020 07:00:00 PM,72,69,3
01/18/2020 08:00:00 PM,5,3,2
01/18/2020 09:00:00 PM,2,1,1
01/18/2020 10:00:00 PM,5,2,3
01/18/2020 11:00:00 PM,5,2,3
01/19/2020 12:00:00 AM,3,2,1
01/19/2020 01:00:00 AM,4,2,2
01/19/2020 02:00:00 AM,1,1,0
01/19/2020 03:00:00 AM,0,0,0
01/19/2020 04:00:00 AM,0,0,0
01/19/2020 05:00:00 AM,1,0,1
01/19/2020 06:00:00 AM,1,1,0
01/19/2020 07:00:00 AM,2,1,1
01/19/2020 08:00:00 AM,4,2,2
01/19/2020 09:00:00 AM,7,4,3
01/19/2020 10:00:00 AM,8,5,3
01/19/2020 11:00:00 AM,7,2,5
01/19/2020 12:00:00 PM,8,5,3
01/19/2020 01:00:00 PM,12,8,4
01/19/2020 02:00:00 PM,12,6,6
01/19/2020 03:00:00 PM,11,4,7
01/19/2020 04:00:00 PM,8,3,5
01/19/2020 05:00:00 PM,9,5,4
01/19/2020 06:00:00 PM,8,4,4
01/19/2020 07:00:00 PM,7,2,5
01/19/2020 08:00:00 PM,5,2,3
01/19/2020 09:00:00 PM,3,1,2
01/19/2020 10:00:00 PM,3,1,2
01/19/2020 11:00:00 PM,1,0,1
01/20/2020 12:00:00 AM,1,1,0
01/20/2020 01:00:00 AM,0,0,0
01/20/2020 02:00:00 AM,0,0,0
01/20/2020 03:00:00 AM,1,0,1
01/20/2020 04:00:00 AM,2,1,1
01/20/2020 05:00:00 AM,9,7,2
01/20/2020 06:00:00 AM,22,10,12
01/20/2020 07:00:00 AM,50,26,24
01/20/2020 08:00:00 AM,78,34,44
01/20/2020 09:00:00 AM,52,23,29
01/20/2020 10:00:00 AM,20,12,8
01/20/2020 11:00:00 AM,19,10,9
01/20/2020 12:00:00 PM,24,14,10
01/20/2020 01:00:00 PM,23,12,11
01/20/2020 02:00:00 PM,30,14,16
01/20/2020 03:00:00 PM,37,12,25
01/20/2020 04:00:00 PM,83,30,53
01/20/2020 05:00:00 PM,121,42,79
01/20/2020 06:00:00 PM,53,22,31
01/20/2020 07:00:00 PM,20,9,11
01/20/2020 08:00:00 PM,15,8,7
01/20/2020 09:00:00 PM,5,3,2
01/20/2020 10:00:00 PM,6,4,2
01/20/2020 11:00:00 PM,2,1,1
01/21/2020 12:00:00 AM,2,1,1
01/21/2020 01:00:00 AM,1,1,0
01/21/2020 02:00:00 AM,1,1,0
01/21/2020 03:00:00 AM,1,0,1
01/21/2020 04:00:00 AM,2,1,1
01/21/2020 05:00:00 AM,14,10,4
01/21/2020 06:00:00 AM,27,15,12
01/21/2020 07:00:00 AM,63,36,27
01/21/2020 08:00:00 AM,99,46,53
01/21/2020 09:00:00 AM,51,26,25
01/21/2020 10:00:00 AM,20,12,8
01/21/2020 11:00:00 AM,20,12,8
01/21/2020 12:00:00 PM,18,9,9
01/21/2020 01:00:00 PM,24,13,11
01/21/2020 02:00:00 PM,25,11,14
01/21/2020 03:00:00 PM,37,11,26
01/21/2020 04:00:00 PM,78,25,53
01/21/2020 05:00:00 PM,125,41,84
01/21/2020 06:00:00 PM,64,24,40
01/21/2020 07:00:00 PM,24,9,15
01/21/2020 08:00:00 PM,9,4,5
01/21/2020 09:00:00 PM,5,2,3
01/21/2020 10:00:00 PM,3,2,1
01/21/2020 11:00:00 PM,2,1,1
01/22/2020 12:00:00 AM,2,2,0
01/22/2020 01:00:00 AM,0,0,0
01/22/2020 02:00:00 AM,0,0,0
01/22/2020 03:00:00 AM,1,0,1
01/22/2020 04:00:00 AM,2,1,1
01/22/2020 05:00:00 AM,12,7,5
01/22/2020 06:00:00 AM,28,17,11
01/22/2020 07:00:00 AM,55,31,24
01/22/2020 08:00:00 AM,89,49,40
01/22/2020 09:00:00 AM,52,24,28
01/22/2020 10:00:00 AM,18,12,6
01/22/2020 11:00:00 AM,23,13,10
01/22/2020 12:00:00 PM,28,13,15
01/22/2020 01:00:00 PM,24,15,9
01/22/2020 02:00:00 PM,24,10,14
01/22/2020 03:00:00 PM,48,17,31
01/22/2020 04:00:00 PM,79,26,53
01/22/2020 05:00:00 PM,128,51,77
01/22/2020 06:00:00 PM,62,23,39
01/22/2020 07:00:00 PM,25,11,14
01/22/2020 08:00:00 PM,16,7,9
01/22/2020 09:00:00 PM,7,3,4
01/22/2020 10:00:00 PM,6,2,4
01/22/2020 11:00:00 PM,3,2,1
01/23/2020 12:00:00 AM,2,1,1
01/23/2020 01:00:00 AM,1,0,1
01/23/2020 02:00:00 AM,2,2,0
01/23/2020 03:00:00 AM,0,0,0
01/23/2020 04:00:00 AM,2,1,1
01/23/2020 05:00:00 AM,15,9,6
01/23/2020 06:00:00 AM,29,16,13
01/23/2020 07:00:00 AM,64,35,29
01/23/2020 08:00:00 AM,102,48,54
01/23/2020 09:00:00 AM,51,20,31
01/23/2020 10:00:00 AM,28,15,13
01/23/2020 11:00:00 AM,27,15,12
01/23/2020 12:00:00 PM,20,9,11
01/23/2020 01:00:00 PM,23,13,10
01/23/2020 02:00:00 PM,24,7,17
01/23/2020 03:00:00 PM,49,18,31
01/23/2020 04:00:00 PM,88,29,59
01/23/2020 05:00:00 PM,150,48,102
01/23/2020 06:00:00 PM,78,29,49
01/23/2020 07:00:00 PM,25,14,11
01/23/2020 08:00:00 PM,15,5,10
01/23/2020 09:00:00 PM,9,4,5
01/23/2020 10:00:00 PM,6,2,4
01/23/2020 11:00:00 PM,4,1,3
01/24/2020 12:00:00 AM,2,2,0
01/24/2020 01:00:00 AM,3,2,1
01/24/2020 02:00:00 AM,0,0,0
01/24/2020 03:00:00 AM,0,0,0
01/24/2020 04:00:00 AM,2,1,1
01/24/2020 05:00:00 AM,12,8,4
01/24/2020 06:00:00 AM,25,12,13
01/24/2020 07:00:00 AM,57,29,28
01/24/2020 08:00:00 AM,90,42,48
01/24/2020 09:00:00 AM,65,30,35
01/24/2020 10:00:00 AM,29,17,12
01/24/2020 11:00:00 AM,34,15,19
01/24/2020 12:00:00 PM,31,17,14
01/24/2020 01:00:00 PM,34,15,19
01/24/2020 02:00:00 PM,39,17,22
01/24/2020 03:00:00 PM,58,22,36
01/24/2020 04:00:00 PM,110,38,72
01/24/2020 05:00:00 PM,115,43,72
01/24/2020 06:00:00 PM,54,22,32
01/24/2020 07:00:00 PM,22,9,13
01/24/2020 08:00:00 PM,10,5,5
01/24/2020 09:00:00 PM,6,3,3
01/24/2020 10:00:00 PM,7,4,3
01/24/2020 11:00:00 PM,5,3,2
01/25/2020 12:00:00 AM,3,0,3
01/25/2020 01:00:00 AM,2,1,1
01/25/2020 02:00:00 AM,3,1,2
01/25/2020 03:00:00 AM,1,1,0
01/25/2020 04:00:00 AM,0,0,0
01/25/2020 05:00:00 AM,2,1,1
01/25/2020 06:00:00 AM,3,1,2
01/25/2020 07:00:00 AM,4,2,2
01/25/2020 08:00:00 AM,11,6,5
01/25/2020 09:00:00 AM,9,3,6
01/25/2020 10:00:00 AM,15,4,11
01/25/2020 11:00:00 AM,18,9,9
01/25/2020 12:00:00 PM,26,12,14
01/25/2020 01:00:00 PM,23,10,13
01/25/2020 02:00:00 PM,22,9,13
01/25/2020 03:00:00 PM,21,10,11
01/25/2020 04:00:00 PM,26,13,13
01/25/2020 05:00:00 PM,15,8,7
01/25/2020 06:00:00 PM,16,6,10
01/25/2020 07:00:00 PM,9,5,4
01/25/2020 08:00:00 PM,8,5,3
01/25/2020 09:00:00 PM,4,2,2
01/25/2020 10:00:00 PM,6,3,3
01/25/2020 11:00:00 PM,5,1,4
01/26/2020 12:00:00 AM,4,2,2
01/26/2020 01:00:00 AM,2,1,1
01/26/2020 02:00:00 AM,2,1,1
01/26/2020 03:00:00 AM,1,1,0
01/26/2020 04:00:00 AM,0,0,0
01/26/2020 05:00:00 AM,1,1,0
01/26/2020 06:00:00 AM,2,1,1
01/26/2020 07:00:00 AM,3,1,2
01/26/2020 08:00:00 AM,4,1,3
01/26/2020 09:00:00 AM,8,4,4
01/26/2020 10:00:00 AM,13,8,5
01/26/2020 11:00:00 AM,10,4,6
01/26/2020 12:00:00 PM,17,5,12
01/26/2020 01:00:00 PM,16,7,9
01/26/2020 02:00:00 PM,20,11,9
01/26/2020 03:00:00 PM,15,7,8
01/26/2020 04:00:00 PM,15,10,5
01/26/2020 05:00:00 PM,13,7,6
01/26/2020 06:00:00 PM,15,9,6
01/26/2020 07:00:00 PM,9,4,5
01/26/2020 08:00:00 PM,8,4,4
01/26/2020 09:00:00 PM,5,2,3
01/26/2020 10:00:00 PM,5,3,2
01/26/2020 11:00:00 PM,1,0,1
01/27/2020 12:00:00 AM,3,1,2
01/27/2020 01:00:00 AM,0,0,0
01/27/2020 02:00:00 AM,2,1,1
01/27/2020 03:00:00 AM,0,0,0
01/27/2020 04:00:00 AM,3,1,2
01/27/2020 05:00:00 AM,14,7,7
01/27/2020 06:00:00 AM,34,16,18
01/27/2020 07:00:00 AM,59,30,29
01/27/2020 08:00:00 AM,108,49,59
01/27/2020 09:00:00 AM,59,27,32
01/27/2020 10:00:00 AM,26,14,12
01/27/2020 11:00:00 AM,19,10,9
01/27/2020 12:00:00 PM,23,14,9
01/27/2020 01:00:00 PM,19,10,9
01/27/2020 02:00:00 PM,28,11,17
01/27/2020 03:00:00 PM,40,11,29
01/27/2020 04:00:00 PM,67,24,43
01/27/2020 05:00:00 PM,103,37,66
01/27/2020 06:00:00 PM,67,21,46
01/27/2020 07:00:00 PM,22,10,12
01/27/2020 08:00:00 PM,8,4,4
01/27/2020 09:00:00 PM,5,2,3
01/27/2020 10:00:00 PM,2,1,1
01/27/2020 11:00:00 PM,2,2,0
01/28/2020 12:00:00 AM,2,1,1
01/28/2020 01:00:00 AM,1,1,0
01/28/2020 02:00:00 AM,0,0,0
01/28/2020 03:00:00 AM,0,0,0
01/28/2020 04:00:00 AM,2,1,1
01/28/2020 05:00:00 AM,16,10,6
01/28/2020 06:00:00 AM,33,17,16
01/28/2020 07:00:00 AM,69,37,32
01/28/2020 08:00:00 AM,112,52,60
01/28/2020 09:00:00 AM,69,32,37
01/28/2020 10:00:00 AM,33,19,14
01/28/2020 11:00:00 AM,27,16,11
01/28/2020 12:00:00 PM,29,13,16
01/28/2020 01:00:00 PM,29,15,14
01/28/2020 02:00:00 PM,33,12,21
01/28/2020 03:00:00 PM,52,21,31
01/28/2020 04:00:00 PM,118,40,78
01/28/2020 05:00:00 PM,151,56,95
01/28/2020 06:00:00 PM,78,32,46
01/28/2020 07:00:00 PM,26,8,18
01/28/2020 08:00:00 PM,14,7,7
01/28/2020 09:00:00 PM,7,3,4
01/28/2020 10:00:00 PM,7,4,3
01/28/2020 11:00:00 PM,4,1,3
01/29/2020 12:00:00 AM,2,1,1
01/29/2020 01:00:00 AM,4,2,2
01/29/2020 02:00:00 AM,1,0,1
01/29/2020 03:00:00 AM,1,1,0
01/29/2020 04:00:00 AM,1,1,0
01/29/2020 05:00:00 AM,8,6,2
01/29/2020 06:00:00 AM,23,13,10
01/29/2020 07:00:00 AM,48,29,19
01/29/2020 08:00:00 AM,78,35,43
01/29/2020 09:00:00 AM,49,22,27
01/29/2020 10:00:00 AM,22,13,9
01/29/2020 11:00:00 AM,24,12,12
01/29/2020 12:00:00 PM,23,13,10
01/29/2020 01:00:00 PM,27,12,15
01/29/2020 02:00:00 PM,33,14,19
01/29/2020 03:00:00 PM,34,8,26
01/29/2020 04:00:00 PM,81,28,53
01/29/2020 05:00:00 PM,105,39,66
01/29/2020 06:00:00 PM,57,23,34
01/29/2020 07:00:00 PM,27,13,14
01/29/2020 08:00:00 PM,15,8,7
01/29/2020 09:00:00 PM,9,4,5
01/29/2020 10:00:00 PM,5,2,3
01/29/2020 11:00:00 PM,3,1,2
01/30/2020 12:00:00 AM,4,1,3
01/30/2020 01:00:00 AM,4,2,2
01/30/2020 02:00:00 AM,4,3,1
01/30/2020 03:00:00 AM,2,1,1
01/30/2020 04:00:00 AM,1,1,0
01/30/2020 05:00:00 AM,9,5,4
01/30/2020 06:00:00 AM,21,11,10
01/30/2020 07:00:00 AM,53,31,22
01/30/2020 08:00:00 AM,74,34,40
01/30/2020 09:00:00 AM,50,22,28
01/30/2020 10:00:00 AM,21,9,12
01/30/2020 11:00:00 AM,20,10,10
01/30/2020 12:00:00 PM,22,11,11
01/30/2020 01:00:00 PM,27,15,12
01/30/2020 02:00:00 PM,30,12,18
01/30/2020 03:00:00 PM,43,13,30
01/30/2020 04:00:00 PM,85,23,62
01/30/2020 05:00:00 PM,110,40,70
01/30/2020 06:00:00 PM,58,26,32
01/30/2020 07:00:00 PM,20,7,13
01/30/2020 08:00:00 PM,13,6,7
01/30/2020 09:00:00 PM,11,4,7
01/30/2020 10:00:00 PM,4,2,2
01/30/2020 11:00:00 PM,2,1,1
01/31/2020 12:00:00 AM,6,5,1
01/31/2020 01:00:00 AM,5,3,2
01/31/2020 02:00:00 AM,3,2,1
01/31/2020 03:00:00 AM,1,0,1
01/31/2020 04:00:00 AM,0,0,0
01/31/2020 05:00:00 AM,6,4,2
01/31/2020 06:00:00 AM,22,11,11
01/31/2020 07:00:00 AM,44,24,20
01/31/2020 08:00:00 AM,61,28,33
01/31/2020 09:00:00 AM,43,21,22
01/31/2020 10:00:00 AM,19,9,10
01/31/2020 11:00:00 AM,20,12,8
01/31/2020 12:00:00 PM,27,17,10
01/31/2020 01:00:00 PM,22,12,10
01/31/2020 02:00:00 PM,22,8,14
01/31/2020 03:00:00 PM,38,12,26
01/31/2020 04:00:00 PM,72,24,48
01/31/2020 05:00:00 PM,104,40,64
01/31/2020 06:00:00 PM,41,15,26
01/31/2020 07:00:00 PM,17,8,9
01/31/2020 08:00:00 PM,10,4,6
01/31/2020 09:00:00 PM,3,1,2
01/31/2020 10:00:00 PM,7,3,4
01/31/2020 11:00:00 PM,1,0,1
02/01/2020 12:00:00 AM,2,0,2
02/01/2020 01:00:00 AM,3,1,2
02/01/2020 02:00:00 AM,3,2,1
02/01/2020 03:00:00 AM,1,1,0
02/01/2020 04:00:00 AM,0,0,0
02/01/2020 05:00:00 AM,2,1,1
02/01/2020 06:00:00 AM,2,0,2
02/01/2020 07:00:00 AM,5,2,3
02/01/2020 08:00:00 AM,8,4,4
02/01/2020 09:00:00 AM,11,4,7
02/01/2020 10:00:00 AM,13,5,8
02/01/2020 11:00:00 AM,16,8,8
02/01/2020 12:00:00 PM,23,14,9
02/01/2020 01:00:00 PM,23,11,12
02/01/2020 02:00:00 PM,22,8,14
02/01/2020 03:00:00 PM,22,10,12
02/01/2020 04:00:00 PM,22,11,11
02/01/2020 05:00:00 PM,16,9,7
02/01/2020 06:00:00 PM,56,49,7
02/01/2020 07:00:00 PM,30,27,3
02/01/2020 08:00:00 PM,5,3,2
02/01/2020 09:00:00 PM,4,2,2
02/01/2020 10:00:00 PM,7,4,3
02/01/2020 11:00:00 PM,4,2,2
02/02/2020 12:00:00 AM,3,2,1
02/02/2020 01:00:00 AM,2,1,1
02/02/2020 02:00:00 AM,3,2,1
02/02/2020 03:00:00 AM,0,0,0
02/02/2020 04:00:00 AM,0,0,0
02/02/2020 05:00:00 AM,1,1,0
02/02/2020 06:00:00 AM,1,1,0
02/02/2020 07:00:00 AM,4,2,2
02/02/2020 08:00:00 AM,4,2,2
02/02/2020 09:00:00 AM,7,4,3
02/02/2020 10:00:00 AM,8,5,3
02/02/2020 11:00:00 AM,8,3,5
02/02/2020 12:00:00 PM,14,6,8
02/02/2020 01:00:00 PM,15,8,7
02/02/2020 02:00:00 PM,18,10,8
02/02/2020 03:00:00 PM,16,7,9
02/02/2020 04:00:00 PM,13,7,6
02/02/2020 05:00:00 PM,12,7,5
02/02/2020 06:00:00 PM,9,5,4
02/02/2020 07:00:00 PM,8,3,5
02/02/2020 08:00:00 PM,5,2,3
02/02/2020 09:00:00 PM,4,2,2
02/02/2020 10:00:00 PM,4,2,2
02/02/2020 11:00:00 PM,2,1,1
02/03/2020 12:00:00 AM,2,1,1
02/03/2020 01:00:00 AM,0,0,0
02/03/2020 02:00:00 AM,0,0,0
02/03/2020 03:00:00 AM,0,0,0
02/03/2020 04:00:00 AM,2,1,1
02/03/2020 05:00:00 AM,10,5,5
02/03/2020 06:00:00 AM,24,10,14
02/03/2020 07:00:00 AM,50,24,26
02/03/2020 08:00:00 AM,79,35,44
02/03/2020 09:00:00 AM,52,25,27
02/03/2020 10:00:00 AM,22,12,10
02/03/2020 11:00:00 AM,19,10,9
02/03/2020 12:00:00 PM,22,12,10
02/03/2020 01:00:00 PM,19,10,9
02/03/2020 02:00:00 PM,27,13,14
02/03/2020 03:00:00 PM,36,16,20
02/03/2020 04:00:00 PM,73,33,40
02/03/2020 05:00:00 PM,101,43,58
02/03/2020 06:00:00 PM,48,19,29
02/03/2020 07:00:00 PM,19,9,10
02/03/2020 08:00:00 PM,10,5,5
02/03/2020 09:00:00 PM,4,2,2
02/03/2020 10:00:00 PM,3,2,1
02/03/2020 11:00:00 PM,3,1,2
02/04/2020 12:00:00 AM,3,2,1
02/04/2020 01:00:00 AM,1,1,0
02/04/2020 02:00:00 AM,0,0,0
02/04/2020 03:00:00 AM,0,0,0
02/04/2020 04:00:00 AM,2,1,1
02/04/2020 05:00:00 AM,11,7,4
02/04/2020 06:00:00 AM,24,12,12
02/04/2020 07:00:00 AM,53,28,25
02/04/2020 08:00:00 AM,86,38,48
02/04/2020 09:00:00 AM,40,30,10
02/04/2020 10:00:00 AM,29,14,15
02/04/2020 11:00:00 AM,25,10,15
02/04/2020 12:00:00 PM,24,16,8
02/04/2020 01:00:00 PM,20,9,11
02/04/2020 02:00:00 PM,33,12,21
02/04/2020 03:00:00 PM,50,16,34
02/04/2020 04:00:00 PM,113,35,78
02/04/2020 05:00:00 PM,154,47,107
02/04/2020 06:00:00 PM,71,17,54
02/04/2020 07:00:00 PM,28,13,15
02/04/2020 08:00:00 PM,18,10,8
02/04/2020 09:00:00 PM,7,1,6
02/04/2020 10:00:00 PM,0,0,0
02/04/2020 11:00:00 PM,0,0,0
02/05/2020 12:00:00 AM,2,1,1
02/05/2020 01:00:00 AM,0,0,0
02/05/2020 02:00:00 AM,0,0,0
02/05/2020 03:00:00 AM,1,0,1
02/05/2020 04:00:00 AM,0,0,0
02/05/2020 05:00:00 AM,3,0,3
02/05/2020 06:00:00 AM,22,12,10
02/05/2020 07:00:00 AM,83,57,26
02/05/2020 08:00:00 AM,89,49,40
02/05/2020 09:00:00 AM,39,14,25
02/05/2020 10:00:00 AM,31,11,20
02/05/2020 11:00:00 AM,27,17,10
02/05/2020 12:00:00 PM,20,11,9
02/05/2020 01:00:00 PM,18,10,8
02/05/2020 02:00:00 PM,22,10,12
02/05/2020 03:00:00 PM,45,13,32
02/05/2020 04:00:00 PM,87,24,63
02/05/2020 05:00:00 PM,131,52,79
02/05/2020 06:00:00 PM,57,14,43
02/05/2020 07:00:00 PM,17,11,6
02/05/2020 08:00:00 PM,10,5,5
02/05/2020 09:00:00 PM,3,2,1
02/05/2020 10:00:00 PM,9,4,5
02/05/2020 11:00:00 PM,1,1,0
02/06/2020 12:00:00 AM,6,2,4
02/06/2020 01:00:00 AM,0,0,0
02/06/2020 02:00:00 AM,1,0,1
02/06/2020 03:00:00 AM,0,0,0
02/06/2020 04:00:00 AM,1,1,0
02/06/2020 05:00:00 AM,10,7,3
02/06/2020 06:00:00 AM,29,12,17
02/06/2020 07:00:00 AM,69,48,21
02/06/2020 08:00:00 AM,101,58,43
02/06/2020 09:00:00 AM,51,25,26
02/06/2020 10:00:00 AM,25,14,11
02/06/2020 11:00:00 AM,27,13,14
02/06/2020 12:00:00 PM,17,6,11
02/06/2020 01:00:00 PM,22,8,14
02/06/2020 02:00:00 PM,23,10,13
02/06/2020 03:00:00 PM,41,12,29
02/06/2020 04:00:00 PM,103,30,73
02/06/2020 05:00:00 PM,144,55,89
02/06/2020 06:00:00 PM,63,17,46
02/06/2020 07:00:00 PM,23,9,14
02/06/2020 08:00:00 PM,17,9,8
02/06/2020 09:00:00 PM,12,8,4
02/06/2020 10:00:00 PM,5,3,2
02/06/2020 11:00:00 PM,4,0,4
02/07/2020 12:00:00 AM,6,2,4
02/07/2020 01:00:00 AM,0,0,0
02/07/2020 02:00:00 AM,1,1,0
02/07/2020 03:00:00 AM,0,0,0
02/07/2020 04:00:00 AM,1,0,1
02/07/2020 05:00:00 AM,4,2,2
02/07/2020 06:00:00 AM,25,18,7
02/07/2020 07:00:00 AM,73,38,35
02/07/2020 08:00:00 AM,93,54,39
02/07/2020 09:00:00 AM,50,25,25
02/07/2020 10:00:00 AM,31,15,16
02/07/2020 11:00:00 AM,30,14,16
02/07/2020 12:00:00 PM,28,13,15
02/07/2020 01:00:00 PM,28,13,15
02/07/2020 02:00:00 PM,42,17,25
02/07/2020 03:00:00 PM,62,26,36
02/07/2020 04:00:00 PM,105,38,67
02/07/2020 05:00:00 PM,103,38,65
02/07/2020 06:00:00 PM,51,15,36
02/07/2020 07:00:00 PM,18,7,11
02/07/2020 08:00:00 PM,7,4,3
02/07/2020 09:00:00 PM,11,5,6
02/07/2020 10:00:00 PM,7,4,3
02/07/2020 11:00:00 PM,6,3,3
02/08/2020 12:00:00 AM,6,3,3
02/08/2020 01:00:00 AM,3,2,1
02/08/2020 02:00:00 AM,3,3,0
02/08/2020 03:00:00 AM,1,0,1
02/08/2020 04:00:00 AM,0,0,0
02/08/2020 05:00:00 AM,2,0,2
02/08/2020 06:00:00 AM,3,2,1
02/08/2020 07:00:00 AM,3,0,3
02/08/2020 08:00:00 AM,8,3,5
02/08/2020 09:00:00 AM,20,17,3
02/08/2020 10:00:00 AM,15,7,8
02/08/2020 11:00:00 AM,25,7,18
02/08/2020 12:00:00 PM,31,13,18
02/08/2020 01:00:00 PM,18,4,14
02/08/2020 02:00:00 PM,13,8,5
02/08/2020 03:00:00 PM,30,9,21
02/08/2020 04:00:00 PM,30,20,10
02/08/2020 05:00:00 PM,47,22,25
02/08/2020 06:00:00 PM,20,12,8
02/08/2020 07:00:00 PM,9,3,6
02/08/2020 08:00:00 PM,5,2,3
02/08/2020 09:00:00 PM,3,2,1
02/08/2020 10:00:00 PM,4,3,1
02/08/2020 11:00:00 PM,1,0,1
02/09/2020 12:00:00 AM,4,1,3
02/09/2020 01:00:00 AM,1,1,0
02/09/2020 02:00:00 AM,1,0,1
02/09/2020 03:00:00 AM,0,0,0
02/09/2020 04:00:00 AM,1,0,1
02/09/2020 05:00:00 AM,2,0,2
02/09/2020 06:00:00 AM,0,0,0
02/09/2020 07:00:00 AM,6,1,5
02/09/2020 08:00:00 AM,7,3,4
02/09/2020 09:00:00 AM,6,4,2
02/09/2020 10:00:00 AM,13,5,8
02/09/2020 11:00:00 AM,24,14,10
02/09/2020 12:00:00 PM,32,12,20
02/09/2020 01:00:00 PM,27,9,18
02/09/2020 02:00:00 PM,28,13,15
02/09/2020 03:00:00 PM,33,16,17
02/09/2020 04:00:00 PM,43,24,19
02/09/2020 05:00:00 PM,16,7,9
02/09/2020 06:00:00 PM,23,9,14
02/09/2020 07:00:00 PM,10,6,4
02/09/2020 08:00:00 PM,11,5,6
02/09/2020 09:00:00 PM,6,1,5
02/09/2020 10:00:00 PM,12,4,8
02/09/2020 11:00:00 PM,1,1,0
02/10/2020 12:00:00 AM,3,2,1
02/10/2020 01:00:00 AM,0,0,0
02/10/2020 02:00:00 AM,1,0,1
02/10/2020 03:00:00 AM,2,2,0
02/10/2020 04:00:00 AM,3,1,2
02/10/2020 05:00:00 AM,16,9,7
02/10/2020 06:00:00 AM,35,20,15
02/10/2020 07:00:00 AM,120,74,46
02/10/2020 08:00:00 AM,167,95,72
02/10/2020 09:00:00 AM,88,43,45
02/10/2020 10:00:00 AM,39,16,23
02/10/2020 11:00:00 AM,26,7,19
02/10/2020 12:00:00 PM,39,15,24
02/10/2020 01:00:00 PM,36,18,18
02/10/2020 02:00:00 PM,29,14,15
02/10/2020 03:00:00 PM,55,17,38
02/10/2020 04:00:00 PM,186,72,114
02/10/2020 05:00:00 PM,213,73,140
02/10/2020 06:00:00 PM,96,32,64
02/10/2020 07:00:00 PM,33,12,21
02/10/2020 08:00:00 PM,13,6,7
02/10/2020 09:00:00 PM,9,5,4
02/10/2020 10:00:00 PM,3,2,1
02/10/2020 11:00:00 PM,4,2,2
02/11/2020 12:00:00 AM,2,1,1
02/11/2020 01:00:00 AM,2,1,1
02/11/2020 02:00:00 AM,0,0,0
02/11/2020 03:00:00 AM,3,0,3
02/11/2020 04:00:00 AM,1,0,1
02/11/2020 05:00:00 AM,9,6,3
02/11/2020 06:00:00 AM,39,25,14
02/11/2020 07:00:00 AM,115,72,43
02/11/2020 08:00:00 AM,151,80,71
02/11/2020 09:00:00 AM,99,43,56
02/11/2020 10:00:00 AM,41,22,19
02/11/2020 11:00:00 AM,41,18,23
02/11/2020 12:00:00 PM,30,11,19
02/11/2020 01:00:00 PM,38,12,26
02/11/2020 02:00:00 PM,45,22,23
02/11/2020 03:00:00 PM,73,29,44
02/11/2020 04:00:00 PM,156,53,103
02/11/2020 05:00:00 PM,234,81,153
02/11/2020 06:00:00 PM,91,29,62
02/11/2020 07:00:00 PM,42,20,22
02/11/2020 08:00:00 PM,20,7,13
02/11/2020 09:00:00 PM,21,7,14
02/11/2020 10:00:00 PM,10,6,4
02/11/2020 11:00:00 PM,4,1,3
02/12/2020 12:00:00 AM,2,0,2
02/12/2020 01:00:00 AM,2,1,1
02/12/2020 02:00:00 AM,3,1,2
02/12/2020 03:00:00 AM,1,1,0
02/12/2020 04:00:00 AM,2,0,2
02/12/2020 05:00:00 AM,8,6,2
02/12/2020 06:00:00 AM,34,19,15
02/12/2020 07:00:00 AM,112,66,46
02/12/2020 08:00:00 AM,139,71,68
02/12/2020 09:00:00 AM,110,44,66
02/12/2020 10:00:00 AM,45,15,30
02/12/2020 11:00:00 AM,41,23,18
02/12/2020 12:00:00 PM,41,21,20
02/12/2020 01:00:00 PM,36,15,21
02/12/2020 02:00:00 PM,45,23,22
02/12/2020 03:00:00 PM,57,21,36
02/12/2020 04:00:00 PM,159,63,96
02/12/2020 05:00:00 PM,197,85,112
02/12/2020 06:00:00 PM,97,33,64
02/12/2020 07:00:00 PM,30,11,19
02/12/2020 08:00:00 PM,17,9,8
02/12/2020 09:00:00 PM,9,4,5
02/12/2020 10:00:00 PM,8,4,4
02/12/2020 11:00:00 PM,5,3,2
02/13/2020 12:00:00 AM,4,0,4
02/13/2020 01:00:00 AM,0,0,0
02/13/2020 02:00:00 AM,0,0,0
02/13/2020 03:00:00 AM,0,0,0
02/13/2020 04:00:00 AM,1,0,1
02/13/2020 05:00:00 AM,13,10,3
02/13/2020 06:00:00 AM,34,20,14
02/13/2020 07:00:00 AM,100,56,44
02/13/2020 08:00:00 AM,122,67,55
02/13/2020 09:00:00 AM,71,27,44
02/13/2020 10:00:00 AM,35,11,24
02/13/2020 11:00:00 AM,25,11,14
02/13/2020 12:00:00 PM,28,15,13
02/13/2020 01:00:00 PM,37,10,27
02/13/2020 02:00:00 PM,27,13,14
02/13/2020 03:00:00 PM,49,21,28
02/13/2020 04:00:00 PM,124,41,83
02/13/2020 05:00:00 PM,178,53,125
02/13/2020 06:00:00 PM,66,22,44
02/13/2020 07:00:00 PM,37,16,21
02/13/2020 08:00:00 PM,18,5,13
02/13/2020 09:00:00 PM,7,5,2
02/13/2020 10:00:00 PM,14,4,10
02/13/2020 11:00:00 PM,4,2,2
02/14/2020 12:00:00 AM,2,0,2
02/14/2020 01:00:00 AM,0,0,0
02/14/2020 02:00:00 AM,0,0,0
02/14/2020 03:00:00 AM,0,0,0
02/14/2020 04:00:00 AM,1,0,1
02/14/2020 05:00:00 AM,11,7,4
02/14/2020 06:00:00 AM,39,27,12
02/14/2020 07:00:00 AM,67,37,30
02/14/2020 08:00:00 AM,133,77,56
02/14/2020 09:00:00 AM,67,28,39
02/14/2020 10:00:00 AM,35,12,23
02/14/2020 11:00:00 AM,47,14,33
02/14/2020 12:00:00 PM,27,11,16
02/14/2020 01:00:00 PM,49,19,30
02/14/2020 02:00:00 PM,56,23,33
02/14/2020 03:00:00 PM,81,29,52
02/14/2020 04:00:00 PM,165,54,111
02/14/2020 05:00:00 PM,152,68,84
02/14/2020 06:00:00 PM,69,35,34
02/14/2020 07:00:00 PM,30,15,15
02/14/2020 08:00:00 PM,8,2,6
02/14/2020 09:00:00 PM,7,0,7
02/14/2020 10:00:00 PM,13,5,8
02/14/2020 11:00:00 PM,4,2,2
02/15/2020 12:00:00 AM,4,4,0
02/15/2020 01:00:00 AM,2,1,1
02/15/2020 02:00:00 AM,4,0,4
02/15/2020 03:00:00 AM,0,0,0
02/15/2020 04:00:00 AM,2,1,1
02/15/2020 05:00:00 AM,5,1,4
02/15/2020 06:00:00 AM,5,0,5
02/15/2020 07:00:00 AM,4,2,2
02/15/2020 08:00:00 AM,5,0,5
02/15/2020 09:00:00 AM,10,4,6
02/15/2020 10:00:00 AM,10,8,2
02/15/2020 11:00:00 AM,26,10,16
02/15/2020 12:00:00 PM,27,10,17
02/15/2020 01:00:00 PM,17,2,15
02/15/2020 02:00:00 PM,13,9,4
02/15/2020 03:00:00 PM,15,5,10
02/15/2020 04:00:00 PM,22,14,8
02/15/2020 05:00:00 PM,16,12,4
02/15/2020 06:00:00 PM,22,8,14
02/15/2020 07:00:00 PM,22,10,12
02/15/2020 08:00:00 PM,3,1,2
02/15/2020 09:00:00 PM,10,6,4
02/15/2020 10:00:00 PM,7,1,6
02/15/2020 11:00:00 PM,2,0,2
02/16/2020 12:00:00 AM,2,2,0
02/16/2020 01:00:00 AM,1,1,0
02/16/2020 02:00:00 AM,0,0,0
02/16/2020 03:00:00 AM,0,0,0
02/16/2020 04:00:00 AM,0,0,0
02/16/2020 05:00:00 AM,2,0,2
02/16/2020 06:00:00 AM,3,1,2
02/16/2020 07:00:00 AM,2,1,1
02/16/2020 08:00:00 AM,5,3,2
02/16/2020 09:00:00 AM,11,5,6
02/16/2020 10:00:00 AM,10,6,4
02/16/2020 11:00:00 AM,15,9,6
02/16/2020 12:00:00 PM,23,6,17
02/16/2020 01:00:00 PM,22,9,13
02/16/2020 02:00:00 PM,29,10,19
02/16/2020 03:00:00 PM,18,8,10
02/16/2020 04:00:00 PM,18,9,9
02/16/2020 05:00:00 PM,21,10,11
02/16/2020 06:00:00 PM,16,8,8
02/16/2020 07:00:00 PM,4,3,1
02/16/2020 08:00:00 PM,5,1,4
02/16/2020 09:00:00 PM,9,6,3
02/16/2020 10:00:00 PM,4,4,0
02/16/2020 11:00:00 PM,4,2,2
02/17/2020 12:00:00 AM,5,3,2
02/17/2020 01:00:00 AM,2,0,2
02/17/2020 02:00:00 AM,0,0,0
02/17/2020 03:00:00 AM,1,1,0
02/17/2020 04:00:00 AM,3,1,2
02/17/2020 05:00:00 AM,12,8,4
02/17/2020 06:00:00 AM,23,11,12
02/17/2020 07:00:00 AM,36,13,23
02/17/2020 08:00:00 AM,55,26,29
02/17/2020 09:00:00 AM,31,11,20
02/17/2020 10:00:00 AM,29,15,14
02/17/2020 11:00:00 AM,39,17,22
02/17/2020 12:00:00 PM,34,19,15
02/17/2020 01:00:00 PM,26,9,17
02/17/2020 02:00:00 PM,37,20,17
02/17/2020 03:00:00 PM,46,22,24
02/17/2020 04:00:00 PM,65,22,43
02/17/2020 05:00:00 PM,109,46,63
02/17/2020 06:00:00 PM,45,18,27
02/17/2020 07:00:00 PM,24,14,10
02/17/2020 08:00:00 PM,8,4,4
02/17/2020 09:00:00 PM,7,3,4
02/17/2020 10:00:00 PM,5,1,4
02/17/2020 11:00:00 PM,2,1,1
02/18/2020 12:00:00 AM,4,0,4
02/18/2020 01:00:00 AM,0,0,0
02/18/2020 02:00:00 AM,0,0,0
02/18/2020 03:00:00 AM,2,1,1
02/18/2020 04:00:00 AM,5,3,2
02/18/2020 05:00:00 AM,13,12,1
02/18/2020 06:00:00 AM,42,23,19
02/18/2020 07:00:00 AM,101,51,50
02/18/2020 08:00:00 AM,154,81,73
02/18/2020 09:00:00 AM,82,37,45
02/18/2020 10:00:00 AM,47,18,29
02/18/2020 11:00:00 AM,28,10,18
02/18/2020 12:00:00 PM,52,29,23
02/18/2020 01:00:00 PM,25,10,15
02/18/2020 02:00:00 PM,41,20,21
02/18/2020 03:00:00 PM,47,17,30
02/18/2020 04:00:00 PM,173,60,113
02/18/2020 05:00:00 PM,198,69,129
02/18/2020 06:00:00 PM,92,37,55
02/18/2020 07:00:00 PM,32,13,19
02/18/2020 08:00:00 PM,16,7,9
02/18/2020 09:00:00 PM,8,5,3
02/18/2020 10:00:00 PM,7,4,3
02/18/2020 11:00:00 PM,2,2,0
02/19/2020 12:00:00 AM,4,3,1
02/19/2020 01:00:00 AM,0,0,0
02/19/2020 02:00:00 AM,0,0,0
02/19/2020 03:00:00 AM,1,0,1
02/19/2020 04:00:00 AM,1,0,1
02/19/2020 05:00:00 AM,15,11,4
02/19/2020 06:00:00 AM,33,14,19
02/19/2020 07:00:00 AM,105,65,40
02/19/2020 08:00:00 AM,148,76,72
02/19/2020 09:00:00 AM,86,38,48
02/19/2020 10:00:00 AM,44,21,23
02/19/2020 11:00:00 AM,27,14,13
02/19/2020 12:00:00 PM,43,24,19
02/19/2020 01:00:00 PM,38,21,17
02/19/2020 02:00:00 PM,40,16,24
02/19/2020 03:00:00 PM,64,18,46
02/19/2020 04:00:00 PM,146,56,90
02/19/2020 05:00:00 PM,221,78,143
02/19/2020 06:00:00 PM,108,44,64
02/19/2020 07:00:00 PM,27,11,16
02/19/2020 08:00:00 PM,29,14,15
02/19/2020 09:00:00 PM,15,1,14
02/19/2020 10:00:00 PM,7,2,5
02/19/2020 11:00:00 PM,3,1,2
02/20/2020 12:00:00 AM,2,1,1
02/20/2020 01:00:00 AM,0,0,0
02/20/2020 02:00:00 AM,0,0,0
02/20/2020 03:00:00 AM,1,0,1
02/20/2020 04:00:00 AM,2,0,2
02/20/2020 05:00:00 AM,10,8,2
02/20/2020 06:00:00 AM,40,24,16
02/20/2020 07:00:00 AM,73,44,29
02/20/2020 08:00:00 AM,142,71,71
02/20/2020 09:00:00 AM,76,33,43
02/20/2020 10:00:00 AM,40,18,22
02/20/2020 11:00:00 AM,37,20,17
02/20/2020 12:00:00 PM,44,17,27
02/20/2020 01:00:00 PM,31,14,17
02/20/2020 02:00:00 PM,47,19,28
02/20/2020 03:00:00 PM,65,26,39
02/20/2020 04:00:00 PM,169,59,110
02/20/2020 05:00:00 PM,199,72,127
02/20/2020 06:00:00 PM,94,35,59
02/20/2020 07:00:00 PM,40,21,19
02/20/2020 08:00:00 PM,13,4,9
02/20/2020 09:00:00 PM,24,4,20
02/20/2020 10:00:00 PM,5,2,3
02/20/2020 11:00:00 PM,2,1,1
02/21/2020 12:00:00 AM,5,4,1
02/21/2020 01:00:00 AM,0,0,0
02/21/2020 02:00:00 AM,2,1,1
02/21/2020 03:00:00 AM,0,0,0
02/21/2020 04:00:00 AM,2,1,1
02/21/2020 05:00:00 AM,17,13,4
02/21/2020 06:00:00 AM,29,16,13
02/21/2020 07:00:00 AM,72,37,35
02/21/2020 08:00:00 AM,115,44,71
02/21/2020 09:00:00 AM,75,37,38
02/21/2020 10:00:00 AM,38,13,25
02/21/2020 11:00:00 AM,42,23,19
02/21/2020 12:00:00 PM,44,24,20
02/21/2020 01:00:00 PM,48,25,23
02/21/2020 02:00:00 PM,37,13,24
02/21/2020 03:00:00 PM,73,26,47
02/21/2020 04:00:00 PM,156,61,95
02/21/2020 05:00:00 PM,173,74,99
02/21/2020 06:00:00 PM,80,31,49
02/21/2020 07:00:00 PM,20,12,8
02/21/2020 08:00:00 PM,14,4,10
02/21/2020 09:00:00 PM,11,5,6
02/21/2020 10:00:00 PM,10,6,4
02/21/2020 11:00:00 PM,10,4,6
02/22/2020 12:00:00 AM,6,5,1
02/22/2020 01:00:00 AM,2,1,1
02/22/2020 02:00:00 AM,2,2,0
02/22/2020 03:00:00 AM,0,0,0
02/22/2020 04:00:00 AM,0,0,0
02/22/2020 05:00:00 AM,5,1,4
02/22/2020 06:00:00 AM,5,1,4
02/22/2020 07:00:00 AM,6,1,5
02/22/2020 08:00:00 AM,14,5,9
02/22/2020 09:00:00 AM,18,11,7
02/22/2020 10:00:00 AM,27,8,19
02/22/2020 11:00:00 AM,28,15,13
02/22/2020 12:00:00 PM,39,21,18
02/22/2020 01:00:00 PM,37,14,23
02/22/2020 02:00:00 PM,36,27,9
02/22/2020 03:00:00 PM,37,18,19
02/22/2020 04:00:00 PM,36,22,14
02/22/2020 05:00:00 PM,30,17,13
02/22/2020 06:00:00 PM,22,11,11
02/22/2020 07:00:00 PM,15,3,12
02/22/2020 08:00:00 PM,14,1,13
02/22/2020 09:00:00 PM,12,5,7
02/22/2020 10:00:00 PM,11,4,7
02/22/2020 11:00:00 PM,3,2,1
02/23/2020 12:00:00 AM,6,4,2
02/23/2020 01:00:00 AM,1,1,0
02/23/2020 02:00:00 AM,1,0,1
02/23/2020 03:00:00 AM,0,0,0
02/23/2020 04:00:00 AM,0,0,0
02/23/2020 05:00:00 AM,3,0,3
02/23/2020 06:00:00 AM,9,0,9
02/23/2020 07:00:00 AM,51,1,50
02/23/2020 08:00:00 AM,29,2,27
02/23/2020 09:00:00 AM,6,2,4
02/23/2020 10:00:00 AM,13,6,7
02/23/2020 11:00:00 AM,10,4,6
02/23/2020 12:00:00 PM,26,13,13
02/23/2020 01:00:00 PM,40,28,12
02/23/2020 02:00:00 PM,60,53,7
02/23/2020 03:00:00 PM,8,1,7
02/23/2020 04:00:00 PM,27,23,4
02/23/2020 05:00:00 PM,19,6,13
02/23/2020 06:00:00 PM,15,7,8
02/23/2020 07:00:00 PM,7,4,3
02/23/2020 08:00:00 PM,6,2,4
02/23/2020 09:00:00 PM,8,2,6
02/23/2020 10:00:00 PM,6,3,3
02/23/2020 11:00:00 PM,6,4,2
02/24/2020 12:00:00 AM,3,2,1
02/24/2020 01:00:00 AM,1,1,0
02/24/2020 02:00:00 AM,1,0,1
02/24/2020 03:00:00 AM,0,0,0
02/24/2020 04:00:00 AM,2,0,2
02/24/2020 05:00:00 AM,18,13,5
02/24/2020 06:00:00 AM,33,21,12
02/24/2020 07:00:00 AM,98,58,40
02/24/2020 08:00:00 AM,153,81,72
02/24/2020 09:00:00 AM,76,30,46
02/24/2020 10:00:00 AM,26,12,14
02/24/2020 11:00:00 AM,49,23,26
02/24/2020 12:00:00 PM,33,17,16
02/24/2020 01:00:00 PM,31,18,13
02/24/2020 02:00:00 PM,34,16,18
02/24/2020 03:00:00 PM,76,18,58
02/24/2020 04:00:00 PM,142,50,92
02/24/2020 05:00:00 PM,206,77,129
02/24/2020 06:00:00 PM,98,43,55
02/24/2020 07:00:00 PM,42,14,28
02/24/2020 08:00:00 PM,13,7,6
02/24/2020 09:00:00 PM,10,2,8
02/24/2020 10:00:00 PM,7,5,2
02/24/2020 11:00:00 PM,7,2,5
02/25/2020 12:00:00 AM,3,2,1
02/25/2020 01:00:00 AM,0,0,0
02/25/2020 02:00:00 AM,0,0,0
02/25/2020 03:00:00 AM,1,0,1
02/25/2020 04:00:00 AM,3,1,2
02/25/2020 05:00:00 AM,12,10,2
02/25/2020 06:00:00 AM,37,19,18
02/25/2020 07:00:00 AM,116,65,51
02/25/2020 08:00:00 AM,148,79,69
02/25/2020 09:00:00 AM,92,42,50
02/25/2020 10:00:00 AM,39,20,19
02/25/2020 11:00:00 AM,31,10,21
02/25/2020 12:00:00 PM,44,24,20
02/25/2020 01:00:00 PM,37,10,27
02/25/2020 02:00:00 PM,39,19,20
02/25/2020 03:00:00 PM,84,28,56
02/25/2020 04:00:00 PM,153,56,97
02/25/2020 05:00:00 PM,252,102,150
02/25/2020 06:00:00 PM,113,44,69
02/25/2020 07:00:00 PM,47,19,28
02/25/2020 08:00:00 PM,24,6,18
02/25/2020 09:00:00 PM,18,8,10
02/25/2020 10:00:00 PM,6,3,3
02/25/2020 11:00:00 PM,9,3,6
02/26/2020 12:00:00 AM,3,1,2
02/26/2020 01:00:00 AM,0,0,0
02/26/2020 02:00:00 AM,4,1,3
02/26/2020 03:00:00 AM,0,0,0
02/26/2020 04:00:00 AM,2,0,2
02/26/2020 05:00:00 AM,11,7,4
02/26/2020 06:00:00 AM,51,31,20
02/26/2020 07:00:00 AM,94,50,44
02/26/2020 08:00:00 AM,168,86,82
02/26/2020 09:00:00 AM,90,35,55
02/26/2020 10:00:00 AM,36,13,23
02/26/2020 11:00:00 AM,30,15,15
02/26/2020 12:00:00 PM,44,17,27
02/26/2020 01:00:00 PM,38,18,20
02/26/2020 02:00:00 PM,40,21,19
02/26/2020 03:00:00 PM,78,24,54
02/26/2020 04:00:00 PM,169,69,100
02/26/2020 05:00:00 PM,218,83,135
02/26/2020 06:00:00 PM,104,43,61
02/26/2020 07:00:00 PM,36,20,16
02/26/2020 08:00:00 PM,20,7,13
02/26/2020 09:00:00 PM,11,5,6
02/26/2020 10:00:00 PM,10,6,4
02/26/2020 11:00:00 PM,3,1,2
02/27/2020 12:00:00 AM,2,0,2
02/27/2020 01:00:00 AM,1,0,1
02/27/2020 02:00:00 AM,1,0,1
02/27/2020 03:00:00 AM,2,1,1
02/27/2020 04:00:00 AM,2,1,1
02/27/2020 05:00:00 AM,15,9,6
02/27/2020 06:00:00 AM,33,22,11
02/27/2020 07:00:00 AM,103,59,44
02/27/2020 08:00:00 AM,171,81,90
02/27/2020 09:00:00 AM,86,40,46
02/27/2020 10:00:00 AM,39,17,22
02/27/2020 11:00:00 AM,53,22,31
02/27/2020 12:00:00 PM,50,23,27
02/27/2020 01:00:00 PM,43,21,22
02/27/2020 02:00:00 PM,53,17,36
02/27/2020 03:00:00 PM,86,30,56
02/27/2020 04:00:00 PM,189,74,115
02/27/2020 05:00:00 PM,285,101,184
02/27/2020 06:00:00 PM,135,39,96
02/27/2020 07:00:00 PM,50,15,35
02/27/2020 08:00:00 PM,26,9,17
02/27/2020 09:00:00 PM,53,42,11
02/27/2020 10:00:00 PM,14,9,5
02/27/2020 11:00:00 PM,9,3,6
02/28/2020 12:00:00 AM,2,0,2
02/28/2020 01:00:00 AM,1,0,1
02/28/2020 02:00:00 AM,1,1,0
02/28/2020 03:00:00 AM,0,0,0
02/28/2020 04:00:00 AM,2,0,2
02/28/2020 05:00:00 AM,10,8,2
02/28/2020 06:00:00 AM,40,23,17
02/28/2020 07:00:00 AM,80,47,33
02/28/2020 08:00:00 AM,123,68,55
02/28/2020 09:00:00 AM,73,25,48
02/28/2020 10:00:00 AM,27,16,11
02/28/2020 11:00:00 AM,42,20,22
02/28/2020 12:00:00 PM,33,17,16
02/28/2020 01:00:00 PM,32,17,15
02/28/2020 02:00:00 PM,40,14,26
02/28/2020 03:00:00 PM,71,26,45
02/28/2020 04:00:00 PM,143,43,100
02/28/2020 05:00:00 PM,139,55,84
02/28/2020 06:00:00 PM,63,32,31
02/28/2020 07:00:00 PM,31,13,18
02/28/2020 08:00:00 PM,13,8,5
02/28/2020 09:00:00 PM,11,7,4
02/28/2020 10:00:00 PM,4,3,1
02/28/2020 11:00:00 PM,2,1,1
02/29/2020 12:00:00 AM,3,2,1
02/29/2020 01:00:00 AM,0,0,0
02/29/2020 02:00:00 AM,0,0,0
02/29/2020 03:00:00 AM,2,1,1
02/29/2020 04:00:00 AM,0,0,0
02/29/2020 05:00:00 AM,1,0,1
02/29/2020 06:00:00 AM,3,1,2
02/29/2020 07:00:00 AM,8,5,3
02/29/2020 08:00:00 AM,6,1,5
02/29/2020 09:00:00 AM,13,6,7
02/29/2020 10:00:00 AM,19,8,11
02/29/2020 11:00:00 AM,17,7,10
02/29/2020 12:00:00 PM,23,10,13
02/29/2020 01:00:00 PM,30,15,15
02/29/2020 02:00:00 PM,20,8,12
02/29/2020 03:00:00 PM,25,7,18
02/29/2020 04:00:00 PM,17,6,11
02/29/2020 05:00:00 PM,18,9,9
02/29/2020 06:00:00 PM,19,6,13
02/29/2020 07:00:00 PM,14,3,11
02/29/2020 08:00:00 PM,7,1,6
02/29/2020 09:00:00 PM,8,2,6
02/29/2020 10:00:00 PM,13,4,9
02/29/2020 11:00:00 PM,5,1,4
04/03/2020 04:00:00 AM,0,0,0
04/03/2020 05:00:00 AM,2,2,0
04/03/2020 06:00:00 AM,15,5,10
04/03/2020 07:00:00 AM,7,3,4
04/03/2020 08:00:00 AM,14,8,6
04/03/2020 09:00:00 AM,5,3,2
04/03/2020 10:00:00 AM,3,1,2
04/03/2020 11:00:00 AM,11,7,4
04/03/2020 12:00:00 PM,20,8,12
04/03/2020 01:00:00 PM,27,16,11
04/03/2020 02:00:00 PM,22,10,12
04/03/2020 03:00:00 PM,16,11,5
04/03/2020 04:00:00 PM,17,9,8
04/03/2020 05:00:00 PM,23,15,8
04/03/2020 06:00:00 PM,17,9,8
04/03/2020 07:00:00 PM,11,6,5
04/03/2020 08:00:00 PM,2,0,2
04/03/2020 09:00:00 PM,4,1,3
04/03/2020 10:00:00 PM,4,1,3
04/03/2020 11:00:00 PM,2,1,1
04/04/2020 12:00:00 AM,2,2,0
04/04/2020 01:00:00 AM,0,0,0
04/04/2020 02:00:00 AM,1,1,0
04/04/2020 03:00:00 AM,0,0,0
04/04/2020 04:00:00 AM,0,0,0
04/04/2020 05:00:00 AM,0,0,0
04/04/2020 06:00:00 AM,4,3,1
04/04/2020 07:00:00 AM,1,0,1
04/04/2020 08:00:00 AM,3,2,1
04/04/2020 09:00:00 AM,6,2,4
04/04/2020 10:00:00 AM,24,22,2
04/04/2020 11:00:00 AM,21,16,5
04/04/2020 12:00:00 PM,48,35,13
04/04/2020 01:00:00 PM,40,27,13
04/04/2020 02:00:00 PM,57,36,21
04/04/2020 03:00:00 PM,53,26,27
04/04/2020 04:00:00 PM,47,26,21
04/04/2020 05:00:00 PM,19,13,6
04/04/2020 06:00:00 PM,32,10,22
04/04/2020 07:00:00 PM,16,10,6
04/04/2020 08:00:00 PM,2,0,2
04/04/2020 09:00:00 PM,0,0,0
04/04/2020 10:00:00 PM,4,2,2
04/04/2020 11:00:00 PM,3,3,0
04/05/2020 12:00:00 AM,2,2,0
04/05/2020 01:00:00 AM,1,0,1
04/05/2020 02:00:00 AM,0,0,0
04/05/2020 03:00:00 AM,1,1,0
04/05/2020 04:00:00 AM,0,0,0
04/05/2020 05:00:00 AM,0,0,0
04/05/2020 06:00:00 AM,3,3,0
04/05/2020 07:00:00 AM,1,0,1
04/05/2020 08:00:00 AM,4,3,1
04/05/2020 09:00:00 AM,5,3,2
04/05/2020 10:00:00 AM,13,9,4
04/05/2020 11:00:00 AM,22,9,13
04/05/2020 12:00:00 PM,25,15,10
04/05/2020 01:00:00 PM,47,29,18
04/05/2020 02:00:00 PM,41,24,17
04/05/2020 03:00:00 PM,37,16,21
04/05/2020 04:00:00 PM,36,19,17
04/05/2020 05:00:00 PM,21,10,11
04/05/2020 06:00:00 PM,9,6,3
04/05/2020 07:00:00 PM,10,5,5
04/05/2020 08:00:00 PM,3,2,1
04/05/2020 09:00:00 PM,5,3,2
04/05/2020 10:00:00 PM,3,1,2
04/05/2020 11:00:00 PM,0,0,0
04/06/2020 12:00:00 AM,0,0,0
04/06/2020 01:00:00 AM,1,0,1
04/06/2020 02:00:00 AM,0,0,0
04/06/2020 03:00:00 AM,0,0,0
04/06/2020 04:00:00 AM,1,1,0
04/06/2020 05:00:00 AM,2,0,2
04/06/2020 06:00:00 AM,13,4,9
04/06/2020 07:00:00 AM,14,5,9
04/06/2020 08:00:00 AM,15,8,7
04/06/2020 09:00:00 AM,5,4,1
04/06/2020 10:00:00 AM,8,3,5
04/06/2020 11:00:00 AM,17,12,5
04/07/2020 08:00:00 PM,6,2,4
04/07/2020 09:00:00 PM,3,2,1
04/07/2020 10:00:00 PM,4,2,2
04/07/2020 11:00:00 PM,2,0,2
04/08/2020 12:00:00 AM,2,0,2
04/08/2020 01:00:00 AM,0,0,0
04/08/2020 02:00:00 AM,1,0,1
04/08/2020 03:00:00 AM,0,0,0
04/08/2020 04:00:00 AM,0,0,0
04/08/2020 05:00:00 AM,2,2,0
04/08/2020 06:00:00 AM,10,2,8
04/08/2020 07:00:00 AM,18,10,8
04/08/2020 08:00:00 AM,17,10,7
04/08/2020 09:00:00 AM,12,4,8
04/08/2020 10:00:00 AM,13,9,4
04/08/2020 11:00:00 AM,19,9,10
04/08/2020 12:00:00 PM,12,2,10
04/08/2020 01:00:00 PM,23,11,12
04/08/2020 02:00:00 PM,25,16,9
04/08/2020 03:00:00 PM,35,22,13
04/08/2020 04:00:00 PM,32,14,18
04/08/2020 05:00:00 PM,49,26,23
04/08/2020 06:00:00 PM,46,29,17
04/08/2020 07:00:00 PM,26,10,16
04/08/2020 08:00:00 PM,13,6,7
04/08/2020 09:00:00 PM,7,4,3
04/08/2020 10:00:00 PM,3,2,1
04/08/2020 11:00:00 PM,2,0,2
04/09/2020 12:00:00 AM,0,0,0
04/09/2020 01:00:00 AM,1,1,0
04/09/2020 02:00:00 AM,0,0,0
04/09/2020 03:00:00 AM,0,0,0
04/09/2020 04:00:00 AM,1,1,0
04/09/2020 05:00:00 AM,4,1,3
04/09/2020 06:00:00 AM,9,3,6
04/09/2020 07:00:00 AM,12,5,7
04/09/2020 08:00:00 AM,16,10,6
04/09/2020 09:00:00 AM,11,8,3
04/09/2020 10:00:00 AM,14,9,5
04/09/2020 11:00:00 AM,10,6,4
04/09/2020 12:00:00 PM,25,8,17
04/09/2020 01:00:00 PM,30,12,18
04/09/2020 02:00:00 PM,29,15,14
04/09/2020 03:00:00 PM,35,25,10
04/09/2020 04:00:00 PM,43,27,16
04/09/2020 05:00:00 PM,41,26,15
04/09/2020 06:00:00 PM,52,19,33
04/09/2020 07:00:00 PM,27,19,8
04/09/2020 08:00:00 PM,8,5,3
04/09/2020 09:00:00 PM,4,4,0
04/09/2020 10:00:00 PM,1,0,1
04/09/2020 11:00:00 PM,1,1,0
04/10/2020 12:00:00 AM,0,0,0
04/10/2020 01:00:00 AM,0,0,0
04/10/2020 02:00:00 AM,1,1,0
04/10/2020 03:00:00 AM,1,0,1
04/10/2020 04:00:00 AM,1,1,0
04/10/2020 05:00:00 AM,4,3,1
04/10/2020 06:00:00 AM,12,6,6
04/10/2020 07:00:00 AM,16,7,9
04/10/2020 08:00:00 AM,14,9,5
04/10/2020 09:00:00 AM,16,9,7
04/10/2020 10:00:00 AM,14,11,3
04/10/2020 11:00:00 AM,17,9,8
04/10/2020 12:00:00 PM,20,15,5
04/10/2020 01:00:00 PM,30,15,15
04/10/2020 02:00:00 PM,23,11,12
04/10/2020 03:00:00 PM,33,16,17
04/10/2020 04:00:00 PM,43,20,23
04/10/2020 05:00:00 PM,40,26,14
04/10/2020 06:00:00 PM,38,25,13
04/10/2020 07:00:00 PM,20,8,12
04/10/2020 08:00:00 PM,6,4,2
04/10/2020 09:00:00 PM,4,4,0
04/10/2020 10:00:00 PM,4,4,0
04/10/2020 11:00:00 PM,1,0,1
04/11/2020 12:00:00 AM,1,0,1
04/11/2020 01:00:00 AM,0,0,0
04/11/2020 02:00:00 AM,0,0,0
04/11/2020 03:00:00 AM,0,0,0
04/11/2020 04:00:00 AM,1,0,1
04/11/2020 05:00:00 AM,1,0,1
04/11/2020 06:00:00 AM,4,2,2
04/11/2020 07:00:00 AM,4,2,2
04/11/2020 08:00:00 AM,7,5,2
04/11/2020 09:00:00 AM,18,12,6
04/11/2020 10:00:00 AM,13,11,2
04/11/2020 11:00:00 AM,24,15,9
04/11/2020 12:00:00 PM,27,21,6
04/11/2020 01:00:00 PM,39,24,15
04/11/2020 02:00:00 PM,43,28,15
04/11/2020 03:00:00 PM,53,19,34
04/11/2020 04:00:00 PM,47,28,19
04/11/2020 05:00:00 PM,27,17,10
04/11/2020 06:00:00 PM,31,14,17
04/11/2020 07:00:00 PM,17,12,5
04/11/2020 08:00:00 PM,3,2,1
04/11/2020 09:00:00 PM,3,0,3
04/11/2020 10:00:00 PM,3,0,3
04/11/2020 11:00:00 PM,3,2,1
04/12/2020 12:00:00 AM,0,0,0
04/12/2020 01:00:00 AM,0,0,0
04/12/2020 02:00:00 AM,0,0,0
04/12/2020 03:00:00 AM,3,2,1
04/12/2020 04:00:00 AM,2,2,0
04/12/2020 05:00:00 AM,0,0,0
04/12/2020 06:00:00 AM,1,1,0
04/12/2020 07:00:00 AM,2,0,2
04/12/2020 08:00:00 AM,9,4,5
04/12/2020 09:00:00 AM,14,11,3
04/12/2020 10:00:00 AM,30,20,10
04/12/2020 11:00:00 AM,44,32,12
04/12/2020 12:00:00 PM,30,14,16
04/12/2020 01:00:00 PM,49,30,19
04/12/2020 02:00:00 PM,70,31,39
04/12/2020 03:00:00 PM,55,28,27
04/12/2020 04:00:00 PM,46,20,26
04/12/2020 05:00:00 PM,41,20,21
04/12/2020 06:00:00 PM,29,16,13
04/12/2020 07:00:00 PM,16,6,10
04/12/2020 08:00:00 PM,4,3,1
04/12/2020 09:00:00 PM,4,2,2
04/12/2020 10:00:00 PM,2,1,1
04/12/2020 11:00:00 PM,0,0,0
04/13/2020 12:00:00 AM,0,0,0
04/13/2020 01:00:00 AM,0,0,0
04/13/2020 02:00:00 AM,0,0,0
04/13/2020 03:00:00 AM,0,0,0
04/13/2020 04:00:00 AM,1,1,0
04/13/2020 05:00:00 AM,5,2,3
04/13/2020 06:00:00 AM,11,5,6
04/13/2020 07:00:00 AM,12,5,7
04/13/2020 08:00:00 AM,20,8,12
04/13/2020 09:00:00 AM,16,5,11
04/13/2020 10:00:00 AM,8,5,3
04/13/2020 11:00:00 AM,18,9,9
04/13/2020 12:00:00 PM,21,7,14
04/13/2020 01:00:00 PM,17,9,8
04/13/2020 02:00:00 PM,22,17,5
04/13/2020 03:00:00 PM,28,15,13
04/13/2020 04:00:00 PM,38,21,17
04/13/2020 05:00:00 PM,33,19,14
04/13/2020 06:00:00 PM,22,11,11
04/13/2020 07:00:00 PM,19,6,13
04/13/2020 08:00:00 PM,10,5,5
04/13/2020 09:00:00 PM,4,2,2
04/13/2020 10:00:00 PM,3,1,2
04/13/2020 11:00:00 PM,1,1,0
04/14/2020 12:00:00 AM,0,0,0
04/14/2020 01:00:00 AM,0,0,0
04/14/2020 02:00:00 AM,0,0,0
04/14/2020 03:00:00 AM,0,0,0
04/14/2020 04:00:00 AM,1,1,0
04/14/2020 05:00:00 AM,3,3,0
04/14/2020 06:00:00 AM,15,7,8
04/14/2020 07:00:00 AM,11,6,5
04/14/2020 08:00:00 AM,17,10,7
04/14/2020 09:00:00 AM,10,7,3
04/14/2020 10:00:00 AM,13,7,6
04/14/2020 11:00:00 AM,18,12,6
04/14/2020 12:00:00 PM,19,7,12
04/14/2020 01:00:00 PM,20,14,6
04/14/2020 02:00:00 PM,25,17,8
04/14/2020 03:00:00 PM,28,15,13
04/14/2020 04:00:00 PM,49,26,23
04/14/2020 05:00:00 PM,40,20,20
04/14/2020 06:00:00 PM,47,18,29
04/14/2020 07:00:00 PM,15,9,6
04/14/2020 08:00:00 PM,10,7,3
04/14/2020 09:00:00 PM,2,0,2
04/14/2020 10:00:00 PM,3,1,2
04/14/2020 11:00:00 PM,0,0,0
04/15/2020 12:00:00 AM,1,0,1
04/15/2020 01:00:00 AM,0,0,0
04/15/2020 02:00:00 AM,0,0,0
04/15/2020 03:00:00 AM,0,0,0
04/15/2020 04:00:00 AM,1,1,0
04/15/2020 05:00:00 AM,4,2,2
04/15/2020 06:00:00 AM,12,4,8
04/15/2020 07:00:00 AM,21,8,13
04/15/2020 08:00:00 AM,15,7,8
04/15/2020 09:00:00 AM,16,8,8
04/15/2020 10:00:00 AM,12,7,5
04/15/2020 11:00:00 AM,23,10,13
04/15/2020 12:00:00 PM,18,7,11
04/15/2020 01:00:00 PM,17,11,6
04/15/2020 02:00:00 PM,24,15,9
04/15/2020 03:00:00 PM,27,19,8
04/15/2020 04:00:00 PM,34,22,12
04/15/2020 05:00:00 PM,46,26,20
04/15/2020 06:00:00 PM,23,13,10
04/15/2020 07:00:00 PM,15,7,8
04/15/2020 08:00:00 PM,10,6,4
04/15/2020 09:00:00 PM,3,0,3
04/15/2020 10:00:00 PM,3,1,2
04/15/2020 11:00:00 PM,1,1,0
04/16/2020 12:00:00 AM,1,0,1
04/16/2020 01:00:00 AM,1,1,0
04/16/2020 02:00:00 AM,0,0,0
04/16/2020 03:00:00 AM,1,0,1
04/16/2020 04:00:00 AM,0,0,0
04/16/2020 05:00:00 AM,3,3,0
04/16/2020 06:00:00 AM,11,2,9
04/16/2020 07:00:00 AM,14,6,8
04/16/2020 08:00:00 AM,14,8,6
04/16/2020 09:00:00 AM,7,3,4
04/16/2020 10:00:00 AM,14,11,3
04/16/2020 11:00:00 AM,23,14,9
04/16/2020 12:00:00 PM,30,11,19
04/16/2020 01:00:00 PM,19,8,11
04/16/2020 02:00:00 PM,39,22,17
04/16/2020 03:00:00 PM,41,32,9
04/16/2020 04:00:00 PM,47,30,17
04/16/2020 05:00:00 PM,39,27,12
04/16/2020 06:00:00 PM,43,23,20
04/16/2020 07:00:00 PM,24,8,16
04/16/2020 08:00:00 PM,6,5,1
04/16/2020 09:00:00 PM,3,2,1
04/16/2020 10:00:00 PM,3,1,2
04/16/2020 11:00:00 PM,1,1,0
04/17/2020 12:00:00 AM,2,1,1
04/17/2020 01:00:00 AM,0,0,0
04/17/2020 02:00:00 AM,0,0,0
04/17/2020 03:00:00 AM,0,0,0
04/17/2020 04:00:00 AM,0,0,0
04/17/2020 05:00:00 AM,3,1,2
04/17/2020 06:00:00 AM,11,6,5
04/17/2020 07:00:00 AM,14,6,8
04/17/2020 08:00:00 AM,16,8,8
04/17/2020 09:00:00 AM,19,14,5
04/17/2020 10:00:00 AM,26,18,8
04/17/2020 11:00:00 AM,37,25,12
04/17/2020 12:00:00 PM,35,16,19
04/17/2020 01:00:00 PM,32,23,9
04/17/2020 02:00:00 PM,42,25,17
04/17/2020 03:00:00 PM,50,27,23
04/17/2020 04:00:00 PM,46,26,20
04/17/2020 05:00:00 PM,47,35,12
04/17/2020 06:00:00 PM,34,17,17
04/17/2020 07:00:00 PM,14,7,7
04/17/2020 08:00:00 PM,11,6,5
04/17/2020 09:00:00 PM,3,2,1
04/17/2020 10:00:00 PM,6,6,0
04/17/2020 11:00:00 PM,3,0,3
04/18/2020 12:00:00 AM,0,0,0
04/18/2020 01:00:00 AM,0,0,0
04/18/2020 02:00:00 AM,2,1,1
04/18/2020 03:00:00 AM,0,0,0
04/18/2020 04:00:00 AM,0,0,0
04/18/2020 05:00:00 AM,0,0,0
04/18/2020 06:00:00 AM,5,4,1
04/18/2020 07:00:00 AM,3,0,3
04/18/2020 08:00:00 AM,3,2,1
04/18/2020 09:00:00 AM,5,1,4
04/18/2020 10:00:00 AM,6,4,2
04/18/2020 11:00:00 AM,12,10,2
04/18/2020 12:00:00 PM,20,11,9
04/18/2020 01:00:00 PM,24,9,15
04/18/2020 02:00:00 PM,26,15,11
04/18/2020 03:00:00 PM,30,16,14
04/18/2020 04:00:00 PM,33,18,15
04/18/2020 05:00:00 PM,27,13,14
04/18/2020 06:00:00 PM,19,9,10
04/18/2020 07:00:00 PM,16,4,12
04/18/2020 08:00:00 PM,1,0,1
04/18/2020 09:00:00 PM,2,1,1
04/18/2020 10:00:00 PM,3,2,1
04/18/2020 11:00:00 PM,5,4,1
04/19/2020 12:00:00 AM,1,0,1
04/19/2020 01:00:00 AM,0,0,0
04/19/2020 02:00:00 AM,2,1,1
04/19/2020 03:00:00 AM,1,1,0
04/19/2020 04:00:00 AM,0,0,0
04/19/2020 05:00:00 AM,0,0,0
04/19/2020 06:00:00 AM,2,2,0
04/19/2020 07:00:00 AM,2,0,2
04/19/2020 08:00:00 AM,9,4,5
04/19/2020 09:00:00 AM,26,17,9
04/19/2020 10:00:00 AM,36,22,14
04/19/2020 11:00:00 AM,49,32,17
04/19/2020 12:00:00 PM,53,36,17
04/19/2020 01:00:00 PM,51,29,22
04/19/2020 02:00:00 PM,52,35,17
04/19/2020 03:00:00 PM,69,38,31
04/19/2020 04:00:00 PM,59,30,29
04/19/2020 05:00:00 PM,38,19,19
04/19/2020 06:00:00 PM,31,15,16
04/19/2020 07:00:00 PM,18,5,13
04/19/2020 08:00:00 PM,4,1,3
04/19/2020 09:00:00 PM,3,1,2
04/19/2020 10:00:00 PM,5,3,2
04/19/2020 11:00:00 PM,0,0,0
04/20/2020 12:00:00 AM,1,1,0
04/20/2020 01:00:00 AM,0,0,0
04/20/2020 02:00:00 AM,0,0,0
04/20/2020 03:00:00 AM,0,0,0
04/20/2020 04:00:00 AM,1,1,0
04/20/2020 05:00:00 AM,4,1,3
04/20/2020 06:00:00 AM,16,7,9
04/20/2020 07:00:00 AM,15,4,11
04/20/2020 08:00:00 AM,17,12,5
04/20/2020 09:00:00 AM,11,5,6
04/20/2020 10:00:00 AM,10,5,5
04/20/2020 11:00:00 AM,9,3,6
04/20/2020 12:00:00 PM,19,11,8
04/20/2020 01:00:00 PM,19,11,8
04/20/2020 02:00:00 PM,25,11,14
04/20/2020 03:00:00 PM,28,19,9
04/20/2020 04:00:00 PM,42,27,15
04/20/2020 05:00:00 PM,52,25,27
04/20/2020 06:00:00 PM,37,16,21
04/20/2020 07:00:00 PM,20,12,8
04/20/2020 08:00:00 PM,7,2,5
04/20/2020 09:00:00 PM,3,2,1
04/20/2020 10:00:00 PM,7,0,7
04/20/2020 11:00:00 PM,0,0,0
04/21/2020 12:00:00 AM,0,0,0
04/21/2020 01:00:00 AM,3,3,0
04/21/2020 02:00:00 AM,1,0,1
04/21/2020 03:00:00 AM,1,1,0
04/21/2020 04:00:00 AM,1,1,0
04/21/2020 05:00:00 AM,3,1,2
04/21/2020 06:00:00 AM,18,7,11
04/21/2020 07:00:00 AM,14,6,8
04/21/2020 08:00:00 AM,21,11,10
04/21/2020 09:00:00 AM,11,6,5
04/21/2020 10:00:00 AM,16,12,4
04/21/2020 11:00:00 AM,13,7,6
04/21/2020 12:00:00 PM,18,9,9
04/21/2020 01:00:00 PM,12,7,5
04/21/2020 02:00:00 PM,12,5,7
04/21/2020 03:00:00 PM,19,13,6
04/21/2020 04:00:00 PM,37,22,15
04/21/2020 05:00:00 PM,40,22,18
04/21/2020 06:00:00 PM,23,9,14
04/21/2020 07:00:00 PM,3,2,1
04/21/2020 08:00:00 PM,8,3,5
04/21/2020 09:00:00 PM,5,3,2
04/21/2020 10:00:00 PM,3,1,2
04/21/2020 11:00:00 PM,0,0,0
04/22/2020 12:00:00 AM,0,0,0
04/22/2020 01:00:00 AM,0,0,0
04/22/2020 02:00:00 AM,0,0,0
04/22/2020 03:00:00 AM,0,0,0
04/22/2020 04:00:00 AM,0,0,0
04/22/2020 05:00:00 AM,1,1,0
04/22/2020 06:00:00 AM,12,3,9
04/22/2020 07:00:00 AM,10,3,7
04/22/2020 08:00:00 AM,10,4,6
04/22/2020 09:00:00 AM,4,2,2
04/22/2020 10:00:00 AM,6,4,2
04/22/2020 11:00:00 AM,5,3,2
04/22/2020 12:00:00 PM,12,4,8
04/22/2020 01:00:00 PM,7,4,3
04/22/2020 02:00:00 PM,15,7,8
04/22/2020 03:00:00 PM,9,8,1
04/22/2020 04:00:00 PM,6,5,1
04/22/2020 05:00:00 PM,21,10,11
04/22/2020 06:00:00 PM,11,5,6
04/22/2020 07:00:00 PM,4,4,0
04/22/2020 08:00:00 PM,4,2,2
04/22/2020 09:00:00 PM,2,0,2
04/22/2020 10:00:00 PM,2,0,2
04/22/2020 11:00:00 PM,1,0,1
04/23/2020 12:00:00 AM,0,0,0
04/23/2020 01:00:00 AM,0,0,0
04/23/2020 02:00:00 AM,0,0,0
04/23/2020 03:00:00 AM,1,1,0
04/23/2020 04:00:00 AM,0,0,0
04/23/2020 05:00:00 AM,1,0,1
04/23/2020 06:00:00 AM,13,3,10
04/23/2020 07:00:00 AM,10,6,4
04/23/2020 08:00:00 AM,16,10,6
04/23/2020 09:00:00 AM,8,6,2
04/23/2020 10:00:00 AM,13,6,7
04/23/2020 11:00:00 AM,9,2,7
04/23/2020 12:00:00 PM,17,10,7
04/23/2020 01:00:00 PM,9,5,4
04/23/2020 02:00:00 PM,29,18,11
04/23/2020 03:00:00 PM,23,16,7
04/23/2020 04:00:00 PM,30,21,9
04/23/2020 05:00:00 PM,22,12,10
04/23/2020 06:00:00 PM,10,5,5
04/23/2020 07:00:00 PM,14,4,10
04/23/2020 08:00:00 PM,6,3,3
04/23/2020 09:00:00 PM,4,1,3
04/23/2020 10:00:00 PM,1,0,1
04/23/2020 11:00:00 PM,3,3,0
04/24/2020 12:00:00 AM,0,0,0
04/24/2020 01:00:00 AM,0,0,0
04/24/2020 02:00:00 AM,1,0,1
04/24/2020 03:00:00 AM,1,0,1
04/24/2020 04:00:00 AM,1,1,0
04/24/2020 05:00:00 AM,5,2,3
04/24/2020 06:00:00 AM,14,5,9
04/24/2020 07:00:00 AM,16,7,9
04/24/2020 08:00:00 AM,18,8,10
04/24/2020 09:00:00 AM,12,9,3
04/24/2020 10:00:00 AM,16,9,7
04/24/2020 11:00:00 AM,14,9,5
04/24/2020 12:00:00 PM,33,10,23
04/24/2020 01:00:00 PM,47,28,19
04/24/2020 02:00:00 PM,27,15,12
04/24/2020 03:00:00 PM,40,31,9
04/24/2020 04:00:00 PM,38,17,21
04/24/2020 05:00:00 PM,33,18,15
04/24/2020 06:00:00 PM,25,11,14
04/24/2020 07:00:00 PM,17,10,7
04/24/2020 08:00:00 PM,4,3,1
04/24/2020 09:00:00 PM,7,5,2
04/24/2020 10:00:00 PM,2,1,1
04/24/2020 11:00:00 PM,3,1,2
04/25/2020 12:00:00 AM,0,0,0
04/25/2020 01:00:00 AM,0,0,0
04/25/2020 02:00:00 AM,1,1,0
04/25/2020 03:00:00 AM,0,0,0
04/25/2020 04:00:00 AM,0,0,0
04/25/2020 05:00:00 AM,2,1,1
04/25/2020 06:00:00 AM,4,3,1
04/25/2020 07:00:00 AM,1,0,1
04/25/2020 08:00:00 AM,4,2,2
04/25/2020 09:00:00 AM,2,2,0
04/25/2020 10:00:00 AM,6,3,3
04/25/2020 11:00:00 AM,6,3,3
04/25/2020 12:00:00 PM,18,11,7
04/25/2020 01:00:00 PM,34,19,15
04/25/2020 02:00:00 PM,39,22,17
04/25/2020 03:00:00 PM,58,32,26
04/25/2020 04:00:00 PM,43,21,22
04/25/2020 05:00:00 PM,37,22,15
04/25/2020 06:00:00 PM,20,7,13
04/25/2020 07:00:00 PM,11,7,4
04/25/2020 08:00:00 PM,11,4,7
04/25/2020 09:00:00 PM,1,1,0
04/25/2020 10:00:00 PM,3,0,3
04/25/2020 11:00:00 PM,4,2,2
04/26/2020 12:00:00 AM,0,0,0
04/26/2020 01:00:00 AM,0,0,0
04/26/2020 02:00:00 AM,1,0,1
04/26/2020 03:00:00 AM,0,0,0
04/26/2020 04:00:00 AM,0,0,0
04/26/2020 05:00:00 AM,1,1,0
04/26/2020 06:00:00 AM,3,3,0
04/26/2020 07:00:00 AM,6,1,5
04/26/2020 08:00:00 AM,11,6,5
04/26/2020 09:00:00 AM,22,18,4
04/26/2020 10:00:00 AM,31,13,18
04/26/2020 11:00:00 AM,43,33,10
04/26/2020 12:00:00 PM,45,29,16
04/26/2020 01:00:00 PM,36,21,15
04/26/2020 02:00:00 PM,59,30,29
04/26/2020 03:00:00 PM,59,37,22
04/26/2020 04:00:00 PM,42,15,27
04/26/2020 05:00:00 PM,39,16,23
04/26/2020 06:00:00 PM,23,14,9
04/26/2020 07:00:00 PM,6,3,3
04/26/2020 08:00:00 PM,8,2,6
04/26/2020 09:00:00 PM,8,5,3
04/26/2020 10:00:00 PM,4,2,2
04/26/2020 11:00:00 PM,1,0,1
04/27/2020 12:00:00 AM,0,0,0
04/27/2020 01:00:00 AM,0,0,0
04/27/2020 02:00:00 AM,1,0,1
04/27/2020 03:00:00 AM,0,0,0
04/27/2020 04:00:00 AM,1,1,0
04/27/2020 05:00:00 AM,3,0,3
04/27/2020 06:00:00 AM,12,5,7
04/27/2020 07:00:00 AM,11,6,5
04/27/2020 08:00:00 AM,15,9,6
04/27/2020 09:00:00 AM,11,4,7
04/27/2020 10:00:00 AM,14,9,5
04/27/2020 11:00:00 AM,15,9,6
04/27/2020 12:00:00 PM,22,12,10
04/27/2020 01:00:00 PM,20,12,8
04/27/2020 02:00:00 PM,25,12,13
04/27/2020 03:00:00 PM,17,11,6
04/27/2020 04:00:00 PM,28,18,10
04/27/2020 05:00:00 PM,37,20,17
04/27/2020 06:00:00 PM,29,20,9
04/27/2020 07:00:00 PM,16,7,9
04/27/2020 08:00:00 PM,9,3,6
04/27/2020 09:00:00 PM,6,3,3
04/27/2020 10:00:00 PM,5,2,3
04/27/2020 11:00:00 PM,0,0,0
04/28/2020 12:00:00 AM,0,0,0
04/28/2020 01:00:00 AM,0,0,0
04/28/2020 02:00:00 AM,0,0,0
04/28/2020 03:00:00 AM,0,0,0
04/28/2020 04:00:00 AM,1,1,0
04/28/2020 05:00:00 AM,1,0,1
04/28/2020 06:00:00 AM,13,4,9
04/28/2020 07:00:00 AM,10,2,8
04/28/2020 08:00:00 AM,18,12,6
04/28/2020 09:00:00 AM,9,5,4
04/28/2020 10:00:00 AM,6,4,2
04/28/2020 11:00:00 AM,19,13,6
04/28/2020 12:00:00 PM,30,13,17
04/28/2020 01:00:00 PM,25,11,14
04/28/2020 02:00:00 PM,26,14,12
04/28/2020 03:00:00 PM,34,25,9
04/28/2020 04:00:00 PM,28,17,11
04/28/2020 05:00:00 PM,40,17,23
04/28/2020 06:00:00 PM,17,11,6
04/28/2020 07:00:00 PM,12,4,8
04/28/2020 08:00:00 PM,9,4,5
04/28/2020 09:00:00 PM,8,4,4
04/28/2020 10:00:00 PM,2,1,1
04/28/2020 11:00:00 PM,2,2,0
04/29/2020 12:00:00 AM,2,1,1
04/29/2020 01:00:00 AM,2,1,1
04/29/2020 02:00:00 AM,0,0,0
04/29/2020 03:00:00 AM,0,0,0
04/29/2020 04:00:00 AM,0,0,0
04/29/2020 05:00:00 AM,4,1,3
04/29/2020 06:00:00 AM,12,5,7
04/29/2020 07:00:00 AM,16,8,8
04/29/2020 08:00:00 AM,16,8,8
04/29/2020 09:00:00 AM,14,4,10
04/29/2020 10:00:00 AM,16,7,9
04/29/2020 11:00:00 AM,15,6,9
04/29/2020 12:00:00 PM,18,11,7
04/29/2020 01:00:00 PM,17,10,7
04/29/2020 02:00:00 PM,28,17,11
04/29/2020 03:00:00 PM,34,19,15
04/29/2020 04:00:00 PM,36,22,14
04/29/2020 05:00:00 PM,29,18,11
04/29/2020 06:00:00 PM,20,8,12
04/29/2020 07:00:00 PM,13,6,7
04/29/2020 08:00:00 PM,6,3,3
04/29/2020 09:00:00 PM,1,1,0
04/29/2020 10:00:00 PM,5,1,4
04/29/2020 11:00:00 PM,3,1,2
04/30/2020 12:00:00 AM,1,1,0
04/30/2020 01:00:00 AM,1,0,1
04/30/2020 02:00:00 AM,0,0,0
04/30/2020 03:00:00 AM,0,0,0
04/30/2020 04:00:00 AM,0,0,0
04/30/2020 05:00:00 AM,2,1,1
04/30/2020 06:00:00 AM,14,6,8
04/30/2020 07:00:00 AM,19,9,10
04/30/2020 08:00:00 AM,23,11,12
04/30/2020 09:00:00 AM,9,6,3
04/30/2020 10:00:00 AM,12,8,4
04/30/2020 11:00:00 AM,12,5,7
04/30/2020 12:00:00 PM,20,3,17
04/30/2020 01:00:00 PM,20,8,12
04/30/2020 02:00:00 PM,20,10,10
04/30/2020 03:00:00 PM,26,17,9
04/30/2020 04:00:00 PM,35,22,13
04/30/2020 05:00:00 PM,41,25,16
04/30/2020 06:00:00 PM,31,18,13
04/30/2020 07:00:00 PM,16,9,7
04/30/2020 08:00:00 PM,10,3,7
04/30/2020 09:00:00 PM,6,4,2
04/30/2020 10:00:00 PM,5,1,4
04/30/2020 11:00:00 PM,0,0,0
05/01/2020 12:00:00 AM,0,0,0
05/01/2020 01:00:00 AM,0,0,0
05/01/2020 02:00:00 AM,0,0,0
05/01/2020 03:00:00 AM,0,0,0
05/01/2020 04:00:00 AM,1,0,1
05/01/2020 05:00:00 AM,4,1,3
05/01/2020 06:00:00 AM,7,3,4
05/01/2020 07:00:00 AM,19,8,11
05/01/2020 08:00:00 AM,15,12,3
05/01/2020 09:00:00 AM,15,10,5
05/01/2020 10:00:00 AM,25,18,7
05/01/2020 11:00:00 AM,41,28,13
05/01/2020 12:00:00 PM,29,11,18
05/01/2020 01:00:00 PM,44,19,25
05/01/2020 02:00:00 PM,55,20,35
05/01/2020 03:00:00 PM,40,24,16
05/01/2020 04:00:00 PM,43,25,18
05/01/2020 05:00:00 PM,52,26,26
05/01/2020 06:00:00 PM,26,18,8
05/01/2020 07:00:00 PM,34,17,17
05/01/2020 08:00:00 PM,13,6,7
05/01/2020 09:00:00 PM,4,3,1
05/01/2020 10:00:00 PM,7,2,5
05/01/2020 11:00:00 PM,7,2,5
05/02/2020 12:00:00 AM,1,1,0
05/02/2020 01:00:00 AM,1,0,1
05/02/2020 02:00:00 AM,1,0,1
05/02/2020 03:00:00 AM,0,0,0
05/02/2020 04:00:00 AM,0,0,0
05/02/2020 05:00:00 AM,1,1,0
05/02/2020 06:00:00 AM,3,2,1
05/02/2020 07:00:00 AM,4,4,0
05/02/2020 08:00:00 AM,3,0,3
05/02/2020 09:00:00 AM,6,0,6
05/02/2020 10:00:00 AM,5,0,5
05/02/2020 11:00:00 AM,12,7,5
05/02/2020 12:00:00 PM,1,0,1
05/02/2020 01:00:00 PM,7,4,3
05/02/2020 02:00:00 PM,11,6,5
05/02/2020 03:00:00 PM,8,5,3
05/02/2020 04:00:00 PM,4,1,3
05/02/2020 05:00:00 PM,15,6,9
05/02/2020 06:00:00 PM,18,15,3
05/02/2020 07:00:00 PM,8,4,4
05/02/2020 08:00:00 PM,0,0,0
05/02/2020 09:00:00 PM,3,3,0
05/02/2020 10:00:00 PM,2,1,1
05/02/2020 11:00:00 PM,0,0,0
05/03/2020 12:00:00 AM,0,0,0
05/03/2020 01:00:00 AM,0,0,0
05/03/2020 02:00:00 AM,0,0,0
05/03/2020 03:00:00 AM,0,0,0
05/03/2020 04:00:00 AM,0,0,0
05/03/2020 05:00:00 AM,2,2,0
05/03/2020 06:00:00 AM,3,2,1
05/03/2020 07:00:00 AM,2,2,0
05/03/2020 08:00:00 AM,4,1,3
05/03/2020 09:00:00 AM,9,5,4
05/03/2020 10:00:00 AM,23,10,13
05/03/2020 11:00:00 AM,42,28,14
05/03/2020 12:00:00 PM,48,32,16
05/03/2020 01:00:00 PM,50,33,17
05/03/2020 02:00:00 PM,52,31,21
05/03/2020 03:00:00 PM,53,31,22
05/03/2020 04:00:00 PM,35,10,25
05/03/2020 05:00:00 PM,21,9,12
05/03/2020 06:00:00 PM,17,6,11
05/03/2020 07:00:00 PM,15,6,9
05/03/2020 08:00:00 PM,3,2,1
05/03/2020 09:00:00 PM,8,5,3
05/03/2020 10:00:00 PM,2,1,1
05/03/2020 11:00:00 PM,1,1,0
05/04/2020 12:00:00 AM,0,0,0
05/04/2020 01:00:00 AM,0,0,0
05/04/2020 02:00:00 AM,0,0,0
05/04/2020 03:00:00 AM,0,0,0
05/04/2020 04:00:00 AM,1,0,1
05/04/2020 05:00:00 AM,1,0,1
05/04/2020 06:00:00 AM,20,7,13
05/04/2020 07:00:00 AM,18,9,9
05/04/2020 08:00:00 AM,20,12,8
05/04/2020 09:00:00 AM,7,4,3
05/04/2020 10:00:00 AM,17,7,10
05/04/2020 11:00:00 AM,12,5,7
05/04/2020 12:00:00 PM,21,9,12
05/04/2020 01:00:00 PM,21,14,7
05/04/2020 02:00:00 PM,37,25,12
05/04/2020 03:00:00 PM,34,23,11
05/04/2020 04:00:00 PM,34,22,12
05/04/2020 05:00:00 PM,48,29,19
05/04/2020 06:00:00 PM,24,9,15
05/04/2020 07:00:00 PM,12,3,9
05/04/2020 08:00:00 PM,9,5,4
05/04/2020 09:00:00 PM,6,2,4
05/04/2020 10:00:00 PM,2,1,1
05/04/2020 11:00:00 PM,3,1,2
05/05/2020 12:00:00 AM,2,0,2
05/05/2020 01:00:00 AM,1,1,0
05/05/2020 02:00:00 AM,0,0,0
05/05/2020 03:00:00 AM,0,0,0
05/05/2020 04:00:00 AM,2,1,1
05/05/2020 05:00:00 AM,6,5,1
05/05/2020 06:00:00 AM,18,3,15
05/05/2020 07:00:00 AM,18,7,11
05/05/2020 08:00:00 AM,26,13,13
05/05/2020 09:00:00 AM,15,10,5
05/05/2020 10:00:00 AM,13,8,5
05/05/2020 11:00:00 AM,18,8,10
05/05/2020 12:00:00 PM,20,11,9
05/05/2020 01:00:00 PM,40,22,18
05/05/2020 02:00:00 PM,38,22,16
05/05/2020 03:00:00 PM,35,22,13
05/05/2020 04:00:00 PM,48,31,17
05/05/2020 05:00:00 PM,53,29,24
05/05/2020 06:00:00 PM,32,16,16
05/05/2020 07:00:00 PM,19,7,12
05/05/2020 08:00:00 PM,8,0,8
05/05/2020 09:00:00 PM,5,3,2
05/05/2020 10:00:00 PM,4,1,3
05/05/2020 11:00:00 PM,1,0,1
05/06/2020 12:00:00 AM,1,1,0
05/06/2020 01:00:00 AM,0,0,0
05/06/2020 02:00:00 AM,2,0,2
05/06/2020 03:00:00 AM,0,0,0
05/06/2020 04:00:00 AM,2,1,1
05/06/2020 05:00:00 AM,5,2,3
05/06/2020 06:00:00 AM,15,2,13
05/06/2020 07:00:00 AM,21,9,12
05/06/2020 08:00:00 AM,10,4,6
05/06/2020 09:00:00 AM,15,6,9
05/06/2020 10:00:00 AM,12,8,4
05/06/2020 11:00:00 AM,15,7,8
05/06/2020 12:00:00 PM,19,13,6
05/06/2020 01:00:00 PM,17,9,8
05/06/2020 02:00:00 PM,11,8,3
05/06/2020 03:00:00 PM,28,18,10
05/06/2020 04:00:00 PM,32,19,13
05/06/2020 05:00:00 PM,32,14,18
05/06/2020 06:00:00 PM,33,20,13
05/06/2020 07:00:00 PM,20,6,14
05/06/2020 08:00:00 PM,9,4,5
05/06/2020 09:00:00 PM,4,1,3
05/06/2020 10:00:00 PM,0,0,0
05/06/2020 11:00:00 PM,1,0,1
05/07/2020 12:00:00 AM,1,0,1
05/07/2020 01:00:00 AM,2,2,0
05/07/2020 02:00:00 AM,1,0,1
05/07/2020 03:00:00 AM,0,0,0
05/07/2020 04:00:00 AM,1,0,1
05/07/2020 05:00:00 AM,4,2,2
05/07/2020 06:00:00 AM,20,7,13
05/07/2020 07:00:00 AM,18,8,10
05/07/2020 08:00:00 AM,20,12,8
05/07/2020 09:00:00 AM,15,11,4
05/07/2020 10:00:00 AM,20,12,8
05/07/2020 11:00:00 AM,26,16,10
05/07/2020 12:00:00 PM,27,16,11
05/07/2020 01:00:00 PM,28,15,13
05/07/2020 02:00:00 PM,37,21,16
05/07/2020 03:00:00 PM,41,24,17
05/07/2020 04:00:00 PM,48,30,18
05/07/2020 05:00:00 PM,53,37,16
05/07/2020 06:00:00 PM,35,18,17
05/07/2020 07:00:00 PM,28,14,14
05/07/2020 08:00:00 PM,16,11,5
05/07/2020 09:00:00 PM,6,4,2
05/07/2020 10:00:00 PM,2,0,2
05/07/2020 11:00:00 PM,1,1,0
05/08/2020 12:00:00 AM,0,0,0
05/08/2020 01:00:00 AM,1,1,0
05/08/2020 02:00:00 AM,0,0,0
05/08/2020 03:00:00 AM,0,0,0
05/08/2020 04:00:00 AM,4,3,1
05/08/2020 05:00:00 AM,6,2,4
05/08/2020 06:00:00 AM,21,6,15
05/08/2020 07:00:00 AM,19,10,9
05/08/2020 08:00:00 AM,21,13,8
05/08/2020 09:00:00 AM,24,14,10
05/08/2020 10:00:00 AM,12,6,6
05/08/2020 11:00:00 AM,19,10,9
05/08/2020 12:00:00 PM,27,11,16
05/08/2020 01:00:00 PM,36,22,14
05/08/2020 02:00:00 PM,43,29,14
05/08/2020 03:00:00 PM,51,33,18
05/08/2020 04:00:00 PM,48,21,27
05/08/2020 05:00:00 PM,52,32,20
05/08/2020 06:00:00 PM,43,18,25
05/08/2020 07:00:00 PM,26,12,14
05/08/2020 08:00:00 PM,10,2,8
05/08/2020 09:00:00 PM,11,6,5
05/08/2020 10:00:00 PM,0,0,0
05/08/2020 11:00:00 PM,1,0,1
05/09/2020 12:00:00 AM,1,0,1
05/09/2020 01:00:00 AM,2,0,2
05/09/2020 02:00:00 AM,1,0,1
05/09/2020 03:00:00 AM,1,0,1
05/09/2020 04:00:00 AM,0,0,0
05/09/2020 05:00:00 AM,2,2,0
05/09/2020 06:00:00 AM,4,3,1
05/09/2020 07:00:00 AM,6,4,2
05/09/2020 08:00:00 AM,15,8,7
05/09/2020 09:00:00 AM,25,18,7
05/09/2020 10:00:00 AM,37,32,5
05/09/2020 11:00:00 AM,37,22,15
05/09/2020 12:00:00 PM,64,41,23
05/09/2020 01:00:00 PM,43,27,16
05/09/2020 02:00:00 PM,49,21,28
05/09/2020 03:00:00 PM,61,25,36
05/09/2020 04:00:00 PM,44,24,20
05/09/2020 05:00:00 PM,39,18,21
05/09/2020 06:00:00 PM,17,9,8
05/09/2020 07:00:00 PM,18,9,9
05/09/2020 08:00:00 PM,14,4,10
05/09/2020 09:00:00 PM,11,5,6
05/09/2020 10:00:00 PM,7,4,3
05/09/2020 11:00:00 PM,1,1,0
05/10/2020 12:00:00 AM,0,0,0
05/10/2020 01:00:00 AM,0,0,0
05/10/2020 02:00:00 AM,1,0,1
05/10/2020 03:00:00 AM,0,0,0
05/10/2020 04:00:00 AM,1,1,0
05/10/2020 05:00:00 AM,1,1,0
05/10/2020 06:00:00 AM,5,3,2
05/10/2020 07:00:00 AM,5,2,3
05/10/2020 08:00:00 AM,7,1,6
05/10/2020 09:00:00 AM,27,17,10
05/10/2020 10:00:00 AM,35,16,19
05/10/2020 11:00:00 AM,34,19,15
05/10/2020 12:00:00 PM,54,30,24
05/10/2020 01:00:00 PM,51,27,24
05/10/2020 02:00:00 PM,50,29,21
05/10/2020 03:00:00 PM,33,19,14
05/10/2020 04:00:00 PM,22,11,11
05/10/2020 05:00:00 PM,25,18,7
05/10/2020 06:00:00 PM,27,16,11
05/10/2020 07:00:00 PM,14,10,4
05/10/2020 08:00:00 PM,15,2,13
05/10/2020 09:00:00 PM,7,2,5
05/10/2020 10:00:00 PM,2,0,2
05/10/2020 11:00:00 PM,0,0,0
05/11/2020 12:00:00 AM,0,0,0
05/11/2020 01:00:00 AM,1,1,0
05/11/2020 02:00:00 AM,0,0,0
05/11/2020 03:00:00 AM,0,0,0
05/11/2020 04:00:00 AM,1,1,0
05/11/2020 05:00:00 AM,6,1,5
05/11/2020 06:00:00 AM,21,6,15
05/11/2020 07:00:00 AM,21,11,10
05/11/2020 08:00:00 AM,16,8,8
05/11/2020 09:00:00 AM,16,9,7
05/11/2020 10:00:00 AM,13,5,8
05/11/2020 11:00:00 AM,18,8,10
05/11/2020 12:00:00 PM,27,16,11
05/11/2020 01:00:00 PM,28,17,11
05/11/2020 02:00:00 PM,25,17,8
05/11/2020 03:00:00 PM,40,24,16
05/11/2020 04:00:00 PM,42,18,24
05/11/2020 05:00:00 PM,27,12,15
05/11/2020 06:00:00 PM,22,13,9
05/11/2020 07:00:00 PM,9,4,5
05/11/2020 08:00:00 PM,9,3,6
05/11/2020 09:00:00 PM,2,2,0
05/11/2020 10:00:00 PM,5,3,2
05/11/2020 11:00:00 PM,1,1,0
05/12/2020 12:00:00 AM,0,0,0
05/12/2020 01:00:00 AM,0,0,0
05/12/2020 02:00:00 AM,2,0,2
05/12/2020 03:00:00 AM,0,0,0
05/12/2020 04:00:00 AM,0,0,0
05/12/2020 05:00:00 AM,4,2,2
05/12/2020 06:00:00 AM,21,6,15
05/12/2020 07:00:00 AM,12,6,6
05/12/2020 08:00:00 AM,17,8,9
05/12/2020 09:00:00 AM,11,6,5
05/12/2020 10:00:00 AM,12,7,5
05/12/2020 11:00:00 AM,11,6,5
05/12/2020 12:00:00 PM,17,9,8
05/12/2020 01:00:00 PM,17,9,8
05/12/2020 02:00:00 PM,12,8,4
05/12/2020 03:00:00 PM,24,18,6
05/12/2020 04:00:00 PM,38,26,12
05/12/2020 05:00:00 PM,30,17,13
05/12/2020 06:00:00 PM,14,8,6
05/12/2020 07:00:00 PM,11,7,4
05/12/2020 08:00:00 PM,9,4,5
05/12/2020 09:00:00 PM,7,2,5
05/12/2020 10:00:00 PM,2,1,1
05/12/2020 11:00:00 PM,2,0,2
05/13/2020 12:00:00 AM,3,0,3
05/13/2020 01:00:00 AM,0,0,0
05/13/2020 02:00:00 AM,0,0,0
05/13/2020 03:00:00 AM,0,0,0
05/13/2020 04:00:00 AM,1,1,0
05/13/2020 05:00:00 AM,6,4,2
05/13/2020 06:00:00 AM,14,2,12
05/13/2020 07:00:00 AM,23,11,12
05/13/2020 08:00:00 AM,17,4,13
05/13/2020 09:00:00 AM,12,6,6
05/13/2020 10:00:00 AM,12,5,7
05/13/2020 11:00:00 AM,17,7,10
05/13/2020 12:00:00 PM,19,10,9
05/13/2020 01:00:00 PM,18,9,9
05/13/2020 02:00:00 PM,24,16,8
05/13/2020 03:00:00 PM,40,29,11
05/13/2020 04:00:00 PM,30,16,14
05/13/2020 05:00:00 PM,48,27,21
05/13/2020 06:00:00 PM,46,30,16
05/13/2020 07:00:00 PM,27,15,12
05/13/2020 08:00:00 PM,16,6,10
05/13/2020 09:00:00 PM,6,2,4
05/13/2020 10:00:00 PM,5,1,4
05/13/2020 11:00:00 PM,0,0,0
05/14/2020 12:00:00 AM,0,0,0
05/14/2020 01:00:00 AM,1,1,0
05/14/2020 02:00:00 AM,0,0,0
05/14/2020 03:00:00 AM,0,0,0
05/14/2020 04:00:00 AM,2,2,0
05/14/2020 05:00:00 AM,8,5,3
05/14/2020 06:00:00 AM,18,6,12
05/14/2020 07:00:00 AM,13,4,9
05/14/2020 08:00:00 AM,15,8,7
05/14/2020 09:00:00 AM,5,1,4
05/14/2020 10:00:00 AM,13,9,4
05/14/2020 11:00:00 AM,16,5,11
05/14/2020 12:00:00 PM,16,10,6
05/14/2020 01:00:00 PM,17,11,6
05/14/2020 02:00:00 PM,23,14,9
05/14/2020 03:00:00 PM,28,17,11
05/14/2020 04:00:00 PM,37,25,12
05/14/2020 05:00:00 PM,48,24,24
05/14/2020 06:00:00 PM,26,18,8
05/14/2020 07:00:00 PM,18,9,9
05/14/2020 08:00:00 PM,10,6,4
05/14/2020 09:00:00 PM,5,4,1
05/14/2020 10:00:00 PM,1,0,1
05/14/2020 11:00:00 PM,2,2,0
05/15/2020 12:00:00 AM,1,1,0
05/15/2020 01:00:00 AM,1,1,0
05/15/2020 02:00:00 AM,1,0,1
05/15/2020 03:00:00 AM,1,0,1
05/15/2020 04:00:00 AM,0,0,0
05/15/2020 05:00:00 AM,8,4,4
05/15/2020 06:00:00 AM,18,5,13
05/15/2020 07:00:00 AM,15,6,9
05/15/2020 08:00:00 AM,22,10,12
05/15/2020 09:00:00 AM,22,12,10
05/15/2020 10:00:00 AM,19,7,12
05/15/2020 11:00:00 AM,27,16,11
05/15/2020 12:00:00 PM,30,16,14
05/15/2020 01:00:00 PM,30,22,8
05/15/2020 02:00:00 PM,38,26,12
05/15/2020 03:00:00 PM,40,26,14
05/15/2020 04:00:00 PM,39,21,18
05/15/2020 05:00:00 PM,67,33,34
05/15/2020 06:00:00 PM,54,28,26
05/15/2020 07:00:00 PM,22,11,11
05/15/2020 08:00:00 PM,21,13,8
05/15/2020 09:00:00 PM,13,4,9
05/15/2020 10:00:00 PM,2,2,0
05/15/2020 11:00:00 PM,6,1,5
05/16/2020 12:00:00 AM,0,0,0
05/16/2020 01:00:00 AM,0,0,0
05/16/2020 02:00:00 AM,1,1,0
05/16/2020 03:00:00 AM,0,0,0
05/16/2020 04:00:00 AM,0,0,0
05/16/2020 05:00:00 AM,1,0,1
05/16/2020 06:00:00 AM,5,3,2
05/16/2020 07:00:00 AM,6,2,4
05/16/2020 08:00:00 AM,7,3,4
05/16/2020 09:00:00 AM,7,6,1
05/16/2020 10:00:00 AM,10,4,6
05/16/2020 11:00:00 AM,11,7,4
05/16/2020 12:00:00 PM,12,5,7
05/16/2020 01:00:00 PM,12,7,5
05/16/2020 02:00:00 PM,18,8,10
05/16/2020 03:00:00 PM,6,4,2
05/16/2020 04:00:00 PM,7,2,5
05/16/2020 05:00:00 PM,13,7,6
05/16/2020 06:00:00 PM,12,8,4
05/16/2020 07:00:00 PM,3,2,1
05/16/2020 08:00:00 PM,3,0,3
05/16/2020 09:00:00 PM,5,4,1
05/16/2020 10:00:00 PM,4,1,3
05/16/2020 11:00:00 PM,2,1,1
05/17/2020 12:00:00 AM,0,0,0
05/17/2020 01:00:00 AM,0,0,0
05/17/2020 02:00:00 AM,0,0,0
05/17/2020 03:00:00 AM,0,0,0
05/17/2020 04:00:00 AM,0,0,0
05/17/2020 05:00:00 AM,0,0,0
05/17/2020 06:00:00 AM,2,2,0
05/17/2020 07:00:00 AM,5,3,2
05/17/2020 08:00:00 AM,15,9,6
05/17/2020 09:00:00 AM,14,5,9
05/17/2020 10:00:00 AM,12,4,8
05/17/2020 11:00:00 AM,26,10,16
05/17/2020 12:00:00 PM,53,36,17
05/17/2020 01:00:00 PM,42,18,24
05/17/2020 02:00:00 PM,52,34,18
05/17/2020 03:00:00 PM,49,32,17
05/17/2020 04:00:00 PM,49,20,29
05/17/2020 05:00:00 PM,19,4,15
05/17/2020 06:00:00 PM,31,14,17
05/17/2020 07:00:00 PM,18,10,8
05/17/2020 08:00:00 PM,7,3,4
05/17/2020 09:00:00 PM,4,3,1
05/17/2020 10:00:00 PM,3,1,2
05/17/2020 11:00:00 PM,4,0,4
05/18/2020 12:00:00 AM,3,1,2
05/18/2020 01:00:00 AM,0,0,0
05/18/2020 02:00:00 AM,1,0,1
05/18/2020 03:00:00 AM,0,0,0
05/18/2020 04:00:00 AM,1,1,0
05/18/2020 05:00:00 AM,5,3,2
05/18/2020 06:00:00 AM,16,5,11
05/18/2020 07:00:00 AM,23,10,13
05/18/2020 08:00:00 AM,19,7,12
05/18/2020 09:00:00 AM,19,10,9
05/18/2020 10:00:00 AM,11,6,5
05/18/2020 11:00:00 AM,29,16,13
05/18/2020 12:00:00 PM,19,7,12
05/18/2020 01:00:00 PM,23,14,9
05/18/2020 02:00:00 PM,34,20,14
05/18/2020 03:00:00 PM,19,10,9
05/18/2020 04:00:00 PM,36,22,14
05/18/2020 05:00:00 PM,38,17,21
05/18/2020 06:00:00 PM,40,25,15
05/18/2020 07:00:00 PM,15,8,7
05/18/2020 08:00:00 PM,13,8,5
05/18/2020 09:00:00 PM,4,2,2
05/18/2020 10:00:00 PM,7,3,4
05/18/2020 11:00:00 PM,3,2,1
05/19/2020 12:00:00 AM,1,0,1
05/19/2020 01:00:00 AM,0,0,0
05/19/2020 02:00:00 AM,2,2,0
05/19/2020 03:00:00 AM,1,1,0
05/19/2020 04:00:00 AM,2,1,1
05/19/2020 05:00:00 AM,7,3,4
05/19/2020 06:00:00 AM,24,6,18
05/19/2020 07:00:00 AM,23,7,16
05/19/2020 08:00:00 AM,23,11,12
05/19/2020 09:00:00 AM,25,14,11
05/19/2020 10:00:00 AM,14,10,4
05/19/2020 11:00:00 AM,19,9,10
05/19/2020 12:00:00 PM,20,9,11
05/19/2020 01:00:00 PM,25,7,18
05/19/2020 02:00:00 PM,23,16,7
05/19/2020 03:00:00 PM,41,21,20
05/19/2020 04:00:00 PM,30,23,7
05/19/2020 05:00:00 PM,48,22,26
05/19/2020 06:00:00 PM,41,22,19
05/19/2020 07:00:00 PM,17,10,7
05/19/2020 08:00:00 PM,12,6,6
05/19/2020 09:00:00 PM,4,2,2
05/19/2020 10:00:00 PM,1,0,1
05/19/2020 11:00:00 PM,4,2,2
05/20/2020 12:00:00 AM,4,1,3
05/20/2020 01:00:00 AM,1,0,1
05/20/2020 02:00:00 AM,1,0,1
05/20/2020 03:00:00 AM,0,0,0
05/20/2020 04:00:00 AM,1,1,0
05/20/2020 05:00:00 AM,8,6,2
05/20/2020 06:00:00 AM,19,6,13
05/20/2020 07:00:00 AM,18,5,13
05/20/2020 08:00:00 AM,19,9,10
05/20/2020 09:00:00 AM,15,9,6
05/20/2020 10:00:00 AM,13,8,5
05/20/2020 11:00:00 AM,17,9,8
05/20/2020 12:00:00 PM,21,5,16
05/20/2020 01:00:00 PM,27,14,13
05/20/2020 02:00:00 PM,17,8,9
05/20/2020 03:00:00 PM,20,12,8
05/20/2020 04:00:00 PM,30,14,16
05/20/2020 05:00:00 PM,40,19,21
05/20/2020 06:00:00 PM,21,14,7
05/20/2020 07:00:00 PM,3,2,1
05/20/2020 08:00:00 PM,4,2,2
05/20/2020 09:00:00 PM,7,3,4
05/20/2020 10:00:00 PM,6,2,4
05/20/2020 11:00:00 PM,3,1,2
05/21/2020 12:00:00 AM,0,0,0
05/21/2020 01:00:00 AM,0,0,0
05/21/2020 02:00:00 AM,0,0,0
05/21/2020 03:00:00 AM,0,0,0
05/21/2020 04:00:00 AM,0,0,0
05/21/2020 05:00:00 AM,4,2,2
05/21/2020 06:00:00 AM,16,3,13
05/21/2020 07:00:00 AM,13,5,8
05/21/2020 08:00:00 AM,18,10,8
05/21/2020 09:00:00 AM,9,5,4
05/21/2020 10:00:00 AM,4,1,3
05/21/2020 11:00:00 AM,13,9,4
05/21/2020 12:00:00 PM,12,4,8
05/21/2020 01:00:00 PM,20,13,7
05/21/2020 02:00:00 PM,18,13,5
05/21/2020 03:00:00 PM,16,13,3
05/21/2020 04:00:00 PM,25,16,9
05/21/2020 05:00:00 PM,20,8,12
05/21/2020 06:00:00 PM,15,9,6
05/21/2020 07:00:00 PM,3,1,2
05/21/2020 08:00:00 PM,5,2,3
05/21/2020 09:00:00 PM,5,4,1
05/21/2020 10:00:00 PM,3,2,1
05/21/2020 11:00:00 PM,3,0,3
05/22/2020 12:00:00 AM,2,1,1
05/22/2020 01:00:00 AM,0,0,0
05/22/2020 02:00:00 AM,0,0,0
05/22/2020 03:00:00 AM,1,1,0
05/22/2020 04:00:00 AM,0,0,0
05/22/2020 05:00:00 AM,2,1,1
05/22/2020 06:00:00 AM,22,10,12
05/22/2020 07:00:00 AM,24,7,17
05/22/2020 08:00:00 AM,25,19,6
05/22/2020 09:00:00 AM,20,12,8
05/22/2020 10:00:00 AM,13,7,6
05/22/2020 11:00:00 AM,30,19,11
05/22/2020 12:00:00 PM,32,14,18
05/22/2020 01:00:00 PM,40,24,16
05/22/2020 02:00:00 PM,41,24,17
05/22/2020 03:00:00 PM,39,28,11
05/22/2020 04:00:00 PM,41,23,18
05/22/2020 05:00:00 PM,42,24,18
05/22/2020 06:00:00 PM,23,13,10
05/22/2020 07:00:00 PM,8,5,3
05/22/2020 08:00:00 PM,5,3,2
05/22/2020 09:00:00 PM,1,1,0
05/22/2020 10:00:00 PM,0,0,0
05/22/2020 11:00:00 PM,0,0,0
05/23/2020 12:00:00 AM,2,0,2
05/23/2020 01:00:00 AM,1,0,1
05/23/2020 02:00:00 AM,0,0,0
05/23/2020 03:00:00 AM,0,0,0
05/23/2020 04:00:00 AM,1,0,1
05/23/2020 05:00:00 AM,0,0,0
05/23/2020 06:00:00 AM,5,4,1
05/23/2020 07:00:00 AM,9,6,3
05/23/2020 08:00:00 AM,14,7,7
05/23/2020 09:00:00 AM,13,10,3
05/23/2020 10:00:00 AM,14,6,8
05/23/2020 11:00:00 AM,55,39,16
05/23/2020 12:00:00 PM,28,16,12
05/23/2020 01:00:00 PM,41,32,9
05/23/2020 02:00:00 PM,50,28,22
05/23/2020 03:00:00 PM,48,22,26
05/23/2020 04:00:00 PM,48,22,26
05/23/2020 05:00:00 PM,33,17,16
05/23/2020 06:00:00 PM,35,24,11
05/23/2020 07:00:00 PM,26,10,16
05/23/2020 08:00:00 PM,10,6,4
05/23/2020 09:00:00 PM,7,3,4
05/23/2020 10:00:00 PM,4,1,3
05/23/2020 11:00:00 PM,3,0,3
05/24/2020 12:00:00 AM,1,1,0
05/24/2020 01:00:00 AM,0,0,0
05/24/2020 02:00:00 AM,2,1,1
05/24/2020 03:00:00 AM,0,0,0
05/24/2020 04:00:00 AM,1,0,1
05/24/2020 05:00:00 AM,0,0,0
05/24/2020 06:00:00 AM,5,4,1
05/24/2020 07:00:00 AM,4,1,3
05/24/2020 08:00:00 AM,9,6,3
05/24/2020 09:00:00 AM,19,15,4
05/24/2020 10:00:00 AM,20,15,5
05/24/2020 11:00:00 AM,32,18,14
05/24/2020 12:00:00 PM,46,31,15
05/24/2020 01:00:00 PM,43,22,21
05/24/2020 02:00:00 PM,63,26,37
05/24/2020 03:00:00 PM,47,23,24
05/24/2020 04:00:00 PM,53,28,25
05/24/2020 05:00:00 PM,48,19,29
05/24/2020 06:00:00 PM,37,18,19
05/24/2020 07:00:00 PM,17,4,13
05/24/2020 08:00:00 PM,16,6,10
05/24/2020 09:00:00 PM,3,3,0
05/24/2020 10:00:00 PM,4,1,3
05/24/2020 11:00:00 PM,2,1,1
05/25/2020 12:00:00 AM,0,0,0
05/25/2020 01:00:00 AM,0,0,0
05/25/2020 02:00:00 AM,0,0,0
05/25/2020 03:00:00 AM,0,0,0
05/25/2020 04:00:00 AM,0,0,0
05/25/2020 05:00:00 AM,1,1,0
05/25/2020 06:00:00 AM,4,3,1
05/25/2020 07:00:00 AM,4,1,3
05/25/2020 08:00:00 AM,1,0,1
05/25/2020 09:00:00 AM,5,2,3
05/25/2020 10:00:00 AM,6,4,2
05/25/2020 11:00:00 AM,8,6,2
05/25/2020 12:00:00 PM,7,5,2
05/25/2020 01:00:00 PM,13,7,6
05/25/2020 02:00:00 PM,15,7,8
05/25/2020 03:00:00 PM,9,4,5
05/25/2020 04:00:00 PM,8,3,5
05/25/2020 05:00:00 PM,18,8,10
05/25/2020 06:00:00 PM,16,9,7
05/25/2020 07:00:00 PM,10,5,5
05/25/2020 08:00:00 PM,13,9,4
05/25/2020 09:00:00 PM,1,0,1
05/25/2020 10:00:00 PM,4,1,3
05/25/2020 11:00:00 PM,1,1,0
05/26/2020 12:00:00 AM,0,0,0
05/26/2020 01:00:00 AM,0,0,0
05/26/2020 02:00:00 AM,0,0,0
05/26/2020 03:00:00 AM,0,0,0
05/26/2020 04:00:00 AM,1,1,0
05/26/2020 05:00:00 AM,6,2,4
05/26/2020 06:00:00 AM,26,6,20
05/26/2020 07:00:00 AM,15,6,9
05/26/2020 08:00:00 AM,10,7,3
05/26/2020 09:00:00 AM,8,6,2
05/26/2020 10:00:00 AM,12,6,6
05/26/2020 11:00:00 AM,17,6,11
05/26/2020 12:00:00 PM,19,10,9
05/26/2020 01:00:00 PM,20,10,10
05/26/2020 02:00:00 PM,14,8,6
05/26/2020 03:00:00 PM,41,29,12
05/26/2020 04:00:00 PM,38,18,20
05/26/2020 05:00:00 PM,44,22,22
05/26/2020 06:00:00 PM,34,16,18
05/26/2020 07:00:00 PM,25,16,9
05/26/2020 08:00:00 PM,12,8,4
05/26/2020 09:00:00 PM,9,5,4
05/26/2020 10:00:00 PM,4,1,3
05/26/2020 11:00:00 PM,2,1,1
05/27/2020 12:00:00 AM,0,0,0
05/27/2020 01:00:00 AM,0,0,0
05/27/2020 02:00:00 AM,0,0,0
05/27/2020 03:00:00 AM,0,0,0
05/27/2020 04:00:00 AM,0,0,0
05/27/2020 05:00:00 AM,4,3,1
05/27/2020 06:00:00 AM,30,8,22
05/27/2020 07:00:00 AM,29,12,17
05/27/2020 08:00:00 AM,25,11,14
05/27/2020 09:00:00 AM,19,8,11
05/27/2020 10:00:00 AM,17,12,5
05/27/2020 11:00:00 AM,24,12,12
05/27/2020 12:00:00 PM,41,20,21
05/27/2020 01:00:00 PM,32,24,8
05/27/2020 02:00:00 PM,47,26,21
05/27/2020 03:00:00 PM,35,25,10
05/27/2020 04:00:00 PM,66,34,32
05/27/2020 05:00:00 PM,52,29,23
05/27/2020 06:00:00 PM,57,31,26
05/27/2020 07:00:00 PM,17,10,7
05/27/2020 08:00:00 PM,24,11,13
05/27/2020 09:00:00 PM,13,5,8
05/27/2020 10:00:00 PM,4,2,2
05/27/2020 11:00:00 PM,2,1,1
05/28/2020 12:00:00 AM,0,0,0
05/28/2020 01:00:00 AM,4,3,1
05/28/2020 02:00:00 AM,0,0,0
05/28/2020 03:00:00 AM,0,0,0
05/28/2020 04:00:00 AM,2,1,1
05/28/2020 05:00:00 AM,8,4,4
05/28/2020 06:00:00 AM,26,6,20
05/28/2020 07:00:00 AM,30,12,18
05/28/2020 08:00:00 AM,26,11,15
05/28/2020 09:00:00 AM,23,9,14
05/28/2020 10:00:00 AM,11,5,6
05/28/2020 11:00:00 AM,22,11,11
05/28/2020 12:00:00 PM,21,13,8
05/28/2020 01:00:00 PM,38,23,15
05/28/2020 02:00:00 PM,33,20,13
05/28/2020 03:00:00 PM,40,23,17
05/28/2020 04:00:00 PM,58,39,19
05/28/2020 05:00:00 PM,57,33,24
05/28/2020 06:00:00 PM,35,20,15
05/28/2020 07:00:00 PM,34,16,18
05/28/2020 08:00:00 PM,16,3,13
05/28/2020 09:00:00 PM,7,6,1
05/28/2020 10:00:00 PM,8,3,5
05/28/2020 11:00:00 PM,3,1,2
05/29/2020 12:00:00 AM,1,0,1
05/29/2020 01:00:00 AM,1,0,1
05/29/2020 02:00:00 AM,0,0,0
05/29/2020 03:00:00 AM,0,0,0
05/29/2020 04:00:00 AM,0,0,0
05/29/2020 05:00:00 AM,7,3,4
05/29/2020 06:00:00 AM,22,8,14
05/29/2020 07:00:00 AM,29,12,17
05/29/2020 08:00:00 AM,33,16,17
05/29/2020 09:00:00 AM,25,11,14
05/29/2020 10:00:00 AM,22,7,15
05/29/2020 11:00:00 AM,27,11,16
05/29/2020 12:00:00 PM,31,15,16
05/29/2020 01:00:00 PM,35,21,14
05/29/2020 02:00:00 PM,38,27,11
05/29/2020 03:00:00 PM,36,25,11
05/29/2020 04:00:00 PM,51,18,33
05/29/2020 05:00:00 PM,65,36,29
05/29/2020 06:00:00 PM,56,32,24
05/29/2020 07:00:00 PM,29,12,17
05/29/2020 08:00:00 PM,23,9,14
05/29/2020 09:00:00 PM,11,4,7
05/29/2020 10:00:00 PM,7,4,3
05/29/2020 11:00:00 PM,2,2,0
05/30/2020 12:00:00 AM,3,0,3
05/30/2020 01:00:00 AM,0,0,0
05/30/2020 02:00:00 AM,2,1,1
05/30/2020 03:00:00 AM,1,1,0
05/30/2020 04:00:00 AM,1,0,1
05/30/2020 05:00:00 AM,1,0,1
05/30/2020 06:00:00 AM,6,4,2
05/30/2020 07:00:00 AM,4,1,3
05/30/2020 08:00:00 AM,3,0,3
05/30/2020 09:00:00 AM,4,0,4
05/30/2020 10:00:00 AM,2,1,1
05/30/2020 11:00:00 AM,4,3,1
05/30/2020 12:00:00 PM,12,5,7
05/30/2020 01:00:00 PM,10,3,7
05/30/2020 02:00:00 PM,15,3,12
05/30/2020 03:00:00 PM,14,4,10
05/30/2020 04:00:00 PM,22,19,3
05/30/2020 05:00:00 PM,15,13,2
05/30/2020 06:00:00 PM,5,3,2
05/30/2020 07:00:00 PM,0,0,0
05/30/2020 08:00:00 PM,3,0,3
05/30/2020 09:00:00 PM,1,1,0
05/30/2020 10:00:00 PM,0,0,0
05/30/2020 11:00:00 PM,1,0,1
05/31/2020 12:00:00 AM,0,0,0
05/31/2020 01:00:00 AM,0,0,0
05/31/2020 02:00:00 AM,0,0,0
05/31/2020 03:00:00 AM,0,0,0
05/31/2020 04:00:00 AM,0,0,0
05/31/2020 05:00:00 AM,1,0,1
05/31/2020 06:00:00 AM,2,0,2
05/31/2020 07:00:00 AM,2,1,1
05/31/2020 08:00:00 AM,5,0,5
05/31/2020 09:00:00 AM,9,3,6
05/31/2020 10:00:00 AM,11,6,5
05/31/2020 11:00:00 AM,22,8,14
05/31/2020 12:00:00 PM,15,9,6
05/31/2020 01:00:00 PM,36,19,17
05/31/2020 02:00:00 PM,44,21,23
05/31/2020 03:00:00 PM,46,31,15
05/31/2020 04:00:00 PM,41,18,23
05/31/2020 05:00:00 PM,23,9,14
05/31/2020 06:00:00 PM,14,3,11
05/31/2020 07:00:00 PM,9,5,4
05/31/2020 08:00:00 PM,7,4,3
05/31/2020 09:00:00 PM,5,3,2
05/31/2020 10:00:00 PM,2,1,1
05/31/2020 11:00:00 PM,1,1,0
06/01/2020 12:00:00 AM,1,1,0
06/01/2020 01:00:00 AM,0,0,0
06/01/2020 02:00:00 AM,0,0,0
06/01/2020 03:00:00 AM,0,0,0
06/01/2020 04:00:00 AM,1,1,0
06/01/2020 05:00:00 AM,9,6,3
06/01/2020 06:00:00 AM,29,11,18
06/01/2020 07:00:00 AM,34,12,22
06/01/2020 08:00:00 AM,25,12,13
06/01/2020 09:00:00 AM,23,11,12
06/01/2020 10:00:00 AM,13,7,6
06/01/2020 11:00:00 AM,21,9,12
06/01/2020 12:00:00 PM,29,14,15
06/01/2020 01:00:00 PM,32,20,12
06/01/2020 02:00:00 PM,35,16,19
06/01/2020 03:00:00 PM,43,23,20
06/01/2020 04:00:00 PM,87,57,30
06/01/2020 05:00:00 PM,47,23,24
06/01/2020 06:00:00 PM,23,12,11
06/01/2020 07:00:00 PM,9,1,8
06/01/2020 08:00:00 PM,8,7,1
06/01/2020 09:00:00 PM,6,0,6
06/01/2020 10:00:00 PM,10,6,4
06/01/2020 11:00:00 PM,4,1,3
06/02/2020 12:00:00 AM,3,2,1
06/02/2020 01:00:00 AM,0,0,0
06/02/2020 02:00:00 AM,0,0,0
06/02/2020 03:00:00 AM,0,0,0
06/02/2020 04:00:00 AM,1,1,0
06/02/2020 05:00:00 AM,10,5,5
06/02/2020 06:00:00 AM,30,10,20
06/02/2020 07:00:00 AM,28,9,19
06/02/2020 08:00:00 AM,23,11,12
06/02/2020 09:00:00 AM,15,10,5
06/02/2020 10:00:00 AM,11,8,3
06/02/2020 11:00:00 AM,16,10,6
06/02/2020 12:00:00 PM,23,13,10
06/02/2020 01:00:00 PM,23,18,5
06/02/2020 02:00:00 PM,39,24,15
06/02/2020 03:00:00 PM,84,50,34
06/02/2020 04:00:00 PM,26,16,10
06/02/2020 05:00:00 PM,51,30,21
06/02/2020 06:00:00 PM,27,10,17
06/02/2020 07:00:00 PM,10,5,5
06/02/2020 08:00:00 PM,10,5,5
06/02/2020 09:00:00 PM,7,4,3
06/02/2020 10:00:00 PM,3,1,2
06/02/2020 11:00:00 PM,4,2,2
06/03/2020 12:00:00 AM,0,0,0
06/03/2020 01:00:00 AM,0,0,0
06/03/2020 02:00:00 AM,1,0,1
06/03/2020 03:00:00 AM,0,0,0
06/03/2020 04:00:00 AM,1,1,0
06/03/2020 05:00:00 AM,12,5,7
06/03/2020 06:00:00 AM,26,9,17
06/03/2020 07:00:00 AM,34,15,19
06/03/2020 08:00:00 AM,25,11,14
06/03/2020 09:00:00 AM,18,10,8
06/03/2020 10:00:00 AM,14,10,4
06/03/2020 11:00:00 AM,26,13,13
06/03/2020 12:00:00 PM,15,10,5
06/03/2020 01:00:00 PM,24,12,12
06/03/2020 02:00:00 PM,31,16,15
06/03/2020 03:00:00 PM,42,21,21
06/03/2020 04:00:00 PM,36,20,16
06/03/2020 05:00:00 PM,41,20,21
06/03/2020 06:00:00 PM,35,20,15
06/03/2020 07:00:00 PM,16,9,7
06/03/2020 08:00:00 PM,13,4,9
06/03/2020 09:00:00 PM,4,3,1
06/03/2020 10:00:00 PM,1,0,1
06/03/2020 11:00:00 PM,3,2,1
06/04/2020 12:00:00 AM,3,1,2
06/04/2020 01:00:00 AM,1,0,1
06/04/2020 02:00:00 AM,0,0,0
06/04/2020 03:00:00 AM,0,0,0
06/04/2020 04:00:00 AM,1,1,0
06/04/2020 05:00:00 AM,6,2,4
06/04/2020 06:00:00 AM,26,5,21
06/04/2020 07:00:00 AM,28,11,17
06/04/2020 08:00:00 AM,29,13,16
06/04/2020 09:00:00 AM,17,9,8
06/04/2020 10:00:00 AM,10,6,4
06/04/2020 11:00:00 AM,16,8,8
06/04/2020 12:00:00 PM,23,13,10
06/04/2020 01:00:00 PM,23,10,13
06/04/2020 02:00:00 PM,32,20,12
06/04/2020 03:00:00 PM,28,19,9
06/04/2020 04:00:00 PM,37,23,14
06/04/2020 05:00:00 PM,40,18,22
06/04/2020 06:00:00 PM,42,23,19
06/04/2020 07:00:00 PM,20,7,13
06/04/2020 08:00:00 PM,19,7,12
06/04/2020 09:00:00 PM,6,4,2
06/04/2020 10:00:00 PM,1,0,1
06/04/2020 11:00:00 PM,3,2,1
06/05/2020 12:00:00 AM,2,0,2
06/05/2020 01:00:00 AM,0,0,0
06/05/2020 02:00:00 AM,1,0,1
06/05/2020 03:00:00 AM,0,0,0
06/05/2020 04:00:00 AM,0,0,0
06/05/2020 05:00:00 AM,10,4,6
06/05/2020 06:00:00 AM,18,7,11
06/05/2020 07:00:00 AM,24,9,15
06/05/2020 08:00:00 AM,27,14,13
06/05/2020 09:00:00 AM,31,19,12
06/05/2020 10:00:00 AM,19,12,7
06/05/2020 11:00:00 AM,33,16,17
06/05/2020 12:00:00 PM,31,17,14
06/05/2020 01:00:00 PM,34,16,18
06/05/2020 02:00:00 PM,22,12,10
06/05/2020 03:00:00 PM,28,15,13
06/05/2020 04:00:00 PM,43,26,17
06/05/2020 05:00:00 PM,53,27,26
06/05/2020 06:00:00 PM,27,11,16
06/05/2020 07:00:00 PM,15,7,8
06/05/2020 08:00:00 PM,11,4,7
06/05/2020 09:00:00 PM,7,4,3
06/05/2020 10:00:00 PM,4,1,3
06/05/2020 11:00:00 PM,1,1,0
06/06/2020 12:00:00 AM,0,0,0
06/06/2020 01:00:00 AM,0,0,0
06/06/2020 02:00:00 AM,0,0,0
06/06/2020 03:00:00 AM,0,0,0
06/06/2020 04:00:00 AM,1,0,1
06/06/2020 05:00:00 AM,0,0,0
06/06/2020 06:00:00 AM,4,2,2
06/06/2020 07:00:00 AM,10,5,5
06/06/2020 08:00:00 AM,10,6,4
06/06/2020 09:00:00 AM,18,12,6
06/06/2020 10:00:00 AM,40,26,14
06/06/2020 11:00:00 AM,84,49,35
06/06/2020 12:00:00 PM,39,27,12
06/06/2020 01:00:00 PM,38,19,19
06/06/2020 02:00:00 PM,48,20,28
06/06/2020 03:00:00 PM,18,7,11
06/06/2020 04:00:00 PM,18,11,7
06/06/2020 05:00:00 PM,25,17,8
06/06/2020 06:00:00 PM,18,8,10
06/06/2020 07:00:00 PM,11,8,3
06/06/2020 08:00:00 PM,8,4,4
06/06/2020 09:00:00 PM,5,1,4
06/06/2020 10:00:00 PM,1,0,1
06/06/2020 11:00:00 PM,1,0,1
06/07/2020 12:00:00 AM,3,1,2
06/07/2020 01:00:00 AM,2,2,0
06/07/2020 02:00:00 AM,1,0,1
06/07/2020 03:00:00 AM,0,0,0
06/07/2020 04:00:00 AM,1,0,1
06/07/2020 05:00:00 AM,1,1,0
06/07/2020 06:00:00 AM,1,0,1
06/07/2020 07:00:00 AM,2,0,2
06/07/2020 08:00:00 AM,6,3,3
06/07/2020 09:00:00 AM,7,2,5
06/07/2020 10:00:00 AM,12,5,7
06/07/2020 11:00:00 AM,13,5,8
06/07/2020 12:00:00 PM,15,11,4
06/07/2020 01:00:00 PM,28,17,11
06/07/2020 02:00:00 PM,18,11,7
06/07/2020 03:00:00 PM,26,12,14
06/07/2020 04:00:00 PM,33,22,11
06/07/2020 05:00:00 PM,26,10,16
06/07/2020 06:00:00 PM,21,11,10
06/07/2020 07:00:00 PM,8,0,8
06/07/2020 08:00:00 PM,6,2,4
06/07/2020 09:00:00 PM,5,0,5
06/07/2020 10:00:00 PM,2,0,2
06/07/2020 11:00:00 PM,2,1,1
06/08/2020 12:00:00 AM,2,2,0
06/08/2020 01:00:00 AM,1,0,1
06/08/2020 02:00:00 AM,0,0,0
06/08/2020 03:00:00 AM,0,0,0
06/08/2020 04:00:00 AM,1,1,0
06/08/2020 05:00:00 AM,3,2,1
06/08/2020 06:00:00 AM,26,5,21
06/08/2020 07:00:00 AM,20,3,17
06/08/2020 08:00:00 AM,21,11,10
06/08/2020 09:00:00 AM,15,6,9
06/08/2020 10:00:00 AM,12,6,6
06/08/2020 11:00:00 AM,11,7,4
06/08/2020 12:00:00 PM,20,15,5
06/08/2020 01:00:00 PM,26,12,14
06/08/2020 02:00:00 PM,28,18,10
06/08/2020 03:00:00 PM,31,18,13
06/08/2020 04:00:00 PM,36,17,19
06/08/2020 05:00:00 PM,56,23,33
06/08/2020 06:00:00 PM,29,19,10
06/08/2020 07:00:00 PM,17,5,12
06/08/2020 08:00:00 PM,13,5,8
06/08/2020 09:00:00 PM,5,2,3
06/08/2020 10:00:00 PM,8,6,2
06/08/2020 11:00:00 PM,2,0,2
06/09/2020 12:00:00 AM,1,1,0
06/09/2020 01:00:00 AM,0,0,0
06/09/2020 02:00:00 AM,1,0,1
06/09/2020 03:00:00 AM,1,1,0
06/09/2020 04:00:00 AM,0,0,0
06/09/2020 05:00:00 AM,5,2,3
06/09/2020 06:00:00 AM,14,6,8
06/09/2020 07:00:00 AM,17,7,10
06/09/2020 08:00:00 AM,12,5,7
06/09/2020 09:00:00 AM,7,6,1
06/09/2020 10:00:00 AM,6,3,3
06/09/2020 11:00:00 AM,12,9,3
06/09/2020 12:00:00 PM,7,2,5
06/09/2020 01:00:00 PM,13,7,6
06/09/2020 02:00:00 PM,18,11,7
06/09/2020 03:00:00 PM,22,12,10
06/09/2020 04:00:00 PM,24,16,8
06/09/2020 05:00:00 PM,21,9,12
06/09/2020 06:00:00 PM,18,9,9
06/09/2020 07:00:00 PM,10,8,2
06/09/2020 08:00:00 PM,5,2,3
06/09/2020 09:00:00 PM,8,5,3
06/09/2020 10:00:00 PM,2,1,1
06/09/2020 11:00:00 PM,5,1,4
06/10/2020 12:00:00 AM,1,1,0
06/10/2020 01:00:00 AM,2,2,0
06/10/2020 02:00:00 AM,1,0,1
06/10/2020 03:00:00 AM,0,0,0
06/10/2020 04:00:00 AM,2,1,1
06/10/2020 05:00:00 AM,11,5,6
06/10/2020 06:00:00 AM,23,9,14
06/10/2020 07:00:00 AM,27,8,19
06/10/2020 08:00:00 AM,22,12,10
06/10/2020 09:00:00 AM,16,7,9
06/10/2020 10:00:00 AM,15,6,9
06/10/2020 11:00:00 AM,28,17,11
06/10/2020 12:00:00 PM,29,15,14
06/10/2020 01:00:00 PM,31,17,14
06/10/2020 02:00:00 PM,40,25,15
06/10/2020 03:00:00 PM,34,21,13
06/10/2020 04:00:00 PM,62,40,22
06/10/2020 05:00:00 PM,54,26,28
06/10/2020 06:00:00 PM,42,22,20
06/10/2020 07:00:00 PM,35,13,22
06/10/2020 08:00:00 PM,17,7,10
06/10/2020 09:00:00 PM,12,6,6
06/10/2020 10:00:00 PM,5,3,2
06/10/2020 11:00:00 PM,2,1,1
06/11/2020 12:00:00 AM,2,2,0
06/11/2020 01:00:00 AM,5,1,4
06/11/2020 02:00:00 AM,3,1,2
06/11/2020 03:00:00 AM,1,0,1
06/11/2020 04:00:00 AM,1,1,0
06/11/2020 05:00:00 AM,7,4,3
06/11/2020 06:00:00 AM,24,7,17
06/11/2020 07:00:00 AM,29,11,18
06/11/2020 08:00:00 AM,18,7,11
06/11/2020 09:00:00 AM,15,9,6
06/11/2020 10:00:00 AM,16,9,7
06/11/2020 11:00:00 AM,35,24,11
06/11/2020 12:00:00 PM,14,7,7
06/11/2020 01:00:00 PM,21,11,10
06/11/2020 02:00:00 PM,28,15,13
06/11/2020 03:00:00 PM,37,19,18
06/11/2020 04:00:00 PM,38,20,18
06/11/2020 05:00:00 PM,36,18,18
06/11/2020 06:00:00 PM,40,26,14
06/11/2020 07:00:00 PM,20,11,9
06/11/2020 08:00:00 PM,11,2,9
06/11/2020 09:00:00 PM,13,6,7
06/11/2020 10:00:00 PM,2,1,1
06/11/2020 11:00:00 PM,3,1,2
06/12/2020 12:00:00 AM,0,0,0
06/12/2020 01:00:00 AM,2,2,0
06/12/2020 02:00:00 AM,0,0,0
06/12/2020 03:00:00 AM,1,0,1
06/12/2020 04:00:00 AM,3,2,1
06/12/2020 05:00:00 AM,3,1,2
06/12/2020 06:00:00 AM,19,5,14
06/12/2020 07:00:00 AM,22,6,16
06/12/2020 08:00:00 AM,14,6,8
06/12/2020 09:00:00 AM,10,5,5
06/12/2020 10:00:00 AM,11,6,5
06/12/2020 11:00:00 AM,20,11,9
06/12/2020 12:00:00 PM,30,23,7
06/12/2020 01:00:00 PM,46,36,10
06/12/2020 02:00:00 PM,26,23,3
06/12/2020 03:00:00 PM,20,13,7
06/12/2020 04:00:00 PM,34,14,20
06/12/2020 05:00:00 PM,73,24,49
06/12/2020 06:00:00 PM,33,8,25
06/12/2020 07:00:00 PM,14,3,11
06/12/2020 08:00:00 PM,14,7,7
06/12/2020 09:00:00 PM,4,0,4
06/12/2020 10:00:00 PM,1,1,0
06/12/2020 11:00:00 PM,4,2,2
06/13/2020 12:00:00 AM,5,4,1
06/13/2020 01:00:00 AM,0,0,0
06/13/2020 02:00:00 AM,2,0,2
06/13/2020 03:00:00 AM,0,0,0
06/13/2020 04:00:00 AM,1,0,1
06/13/2020 05:00:00 AM,1,1,0
06/13/2020 06:00:00 AM,5,4,1
06/13/2020 07:00:00 AM,6,3,3
06/13/2020 08:00:00 AM,6,2,4
06/13/2020 09:00:00 AM,13,8,5
06/13/2020 10:00:00 AM,19,15,4
06/13/2020 11:00:00 AM,22,11,11
06/13/2020 12:00:00 PM,31,15,16
06/13/2020 01:00:00 PM,19,9,10
06/13/2020 02:00:00 PM,24,14,10
06/13/2020 03:00:00 PM,19,10,9
06/13/2020 04:00:00 PM,21,13,8
06/13/2020 05:00:00 PM,9,2,7
06/13/2020 06:00:00 PM,26,10,16
06/13/2020 07:00:00 PM,20,11,9
06/13/2020 08:00:00 PM,5,4,1
06/13/2020 09:00:00 PM,6,4,2
06/13/2020 10:00:00 PM,3,1,2
06/13/2020 11:00:00 PM,1,0,1
06/14/2020 12:00:00 AM,1,1,0
06/14/2020 01:00:00 AM,1,0,1
06/14/2020 02:00:00 AM,1,1,0
06/14/2020 03:00:00 AM,2,2,0
06/14/2020 04:00:00 AM,1,0,1
06/14/2020 05:00:00 AM,0,0,0
06/14/2020 06:00:00 AM,3,3,0
06/14/2020 07:00:00 AM,1,0,1
06/14/2020 08:00:00 AM,9,5,4
06/14/2020 09:00:00 AM,24,15,9
06/14/2020 10:00:00 AM,26,15,11
06/14/2020 11:00:00 AM,28,21,7
06/14/2020 12:00:00 PM,48,31,17
06/14/2020 01:00:00 PM,26,18,8
06/14/2020 02:00:00 PM,43,24,19
06/14/2020 03:00:00 PM,36,17,19
06/14/2020 04:00:00 PM,39,19,20
06/14/2020 05:00:00 PM,56,29,27
06/14/2020 06:00:00 PM,19,14,5
06/14/2020 07:00:00 PM,10,4,6
06/14/2020 08:00:00 PM,17,7,10
06/14/2020 09:00:00 PM,10,3,7
06/14/2020 10:00:00 PM,7,3,4
06/14/2020 11:00:00 PM,1,1,0
06/15/2020 12:00:00 AM,3,2,1
06/15/2020 01:00:00 AM,1,1,0
06/15/2020 02:00:00 AM,2,1,1
06/15/2020 03:00:00 AM,1,1,0
06/15/2020 04:00:00 AM,1,1,0
06/15/2020 05:00:00 AM,6,3,3
06/15/2020 06:00:00 AM,15,5,10
06/15/2020 07:00:00 AM,20,4,16
06/15/2020 08:00:00 AM,13,5,8
06/15/2020 09:00:00 AM,12,4,8
06/15/2020 10:00:00 AM,6,3,3
06/15/2020 11:00:00 AM,10,5,5
06/15/2020 12:00:00 PM,13,5,8
06/15/2020 01:00:00 PM,17,7,10
06/15/2020 02:00:00 PM,17,9,8
06/15/2020 03:00:00 PM,20,14,6
06/15/2020 04:00:00 PM,29,20,9
06/15/2020 05:00:00 PM,35,21,14
06/15/2020 06:00:00 PM,20,11,9
06/15/2020 07:00:00 PM,13,7,6
06/15/2020 08:00:00 PM,10,5,5
06/15/2020 09:00:00 PM,2,1,1
06/15/2020 10:00:00 PM,0,0,0
06/15/2020 11:00:00 PM,2,1,1
06/16/2020 12:00:00 AM,0,0,0
06/16/2020 01:00:00 AM,0,0,0
06/16/2020 02:00:00 AM,0,0,0
06/16/2020 03:00:00 AM,0,0,0
06/16/2020 04:00:00 AM,1,1,0
06/16/2020 05:00:00 AM,9,2,7
06/16/2020 06:00:00 AM,18,7,11
06/16/2020 07:00:00 AM,23,11,12
06/16/2020 08:00:00 AM,22,11,11
06/16/2020 09:00:00 AM,22,11,11
06/16/2020 10:00:00 AM,13,8,5
06/16/2020 11:00:00 AM,19,13,6
06/16/2020 12:00:00 PM,23,12,11
06/16/2020 01:00:00 PM,32,13,19
06/16/2020 02:00:00 PM,30,16,14
06/16/2020 03:00:00 PM,32,18,14
06/16/2020 04:00:00 PM,64,44,20
06/16/2020 05:00:00 PM,49,29,20
06/16/2020 06:00:00 PM,42,29,13
06/16/2020 07:00:00 PM,21,9,12
06/16/2020 08:00:00 PM,13,5,8
06/16/2020 09:00:00 PM,4,0,4
06/16/2020 10:00:00 PM,4,0,4
06/16/2020 11:00:00 PM,3,2,1
06/17/2020 12:00:00 AM,0,0,0
06/17/2020 01:00:00 AM,0,0,0
06/17/2020 02:00:00 AM,0,0,0
06/17/2020 03:00:00 AM,3,1,2
06/17/2020 04:00:00 AM,1,0,1
06/17/2020 05:00:00 AM,18,10,8
06/17/2020 06:00:00 AM,25,11,14
06/17/2020 07:00:00 AM,34,16,18
06/17/2020 08:00:00 AM,44,21,23
06/17/2020 09:00:00 AM,26,12,14
06/17/2020 10:00:00 AM,19,9,10
06/17/2020 11:00:00 AM,22,10,12
06/17/2020 12:00:00 PM,31,16,15
06/17/2020 01:00:00 PM,33,22,11
06/17/2020 02:00:00 PM,38,20,18
06/17/2020 03:00:00 PM,37,22,15
06/17/2020 04:00:00 PM,75,47,28
06/17/2020 05:00:00 PM,67,36,31
06/17/2020 06:00:00 PM,35,23,12
06/17/2020 07:00:00 PM,36,19,17
06/17/2020 08:00:00 PM,12,6,6
06/17/2020 09:00:00 PM,18,6,12
06/17/2020 10:00:00 PM,8,1,7
06/17/2020 11:00:00 PM,4,1,3
06/18/2020 12:00:00 AM,2,1,1
06/18/2020 01:00:00 AM,0,0,0
06/18/2020 02:00:00 AM,1,0,1
06/18/2020 03:00:00 AM,0,0,0
06/18/2020 04:00:00 AM,2,1,1
06/18/2020 05:00:00 AM,8,1,7
06/18/2020 06:00:00 AM,27,8,19
06/18/2020 07:00:00 AM,31,13,18
06/18/2020 08:00:00 AM,38,17,21
06/18/2020 09:00:00 AM,21,5,16
06/18/2020 10:00:00 AM,11,4,7
06/18/2020 11:00:00 AM,26,11,15
06/18/2020 12:00:00 PM,43,24,19
06/18/2020 01:00:00 PM,28,13,15
06/18/2020 02:00:00 PM,49,31,18
06/18/2020 03:00:00 PM,43,28,15
06/18/2020 04:00:00 PM,50,26,24
06/18/2020 05:00:00 PM,53,29,24
06/18/2020 06:00:00 PM,38,23,15
06/18/2020 07:00:00 PM,26,15,11
06/18/2020 08:00:00 PM,23,9,14
06/18/2020 09:00:00 PM,7,2,5
06/18/2020 10:00:00 PM,10,8,2
06/18/2020 11:00:00 PM,2,0,2
06/19/2020 12:00:00 AM,1,0,1
06/19/2020 01:00:00 AM,0,0,0
06/19/2020 02:00:00 AM,0,0,0
06/19/2020 03:00:00 AM,1,0,1
06/19/2020 04:00:00 AM,1,1,0
06/19/2020 05:00:00 AM,14,6,8
06/19/2020 06:00:00 AM,20,3,17
06/19/2020 07:00:00 AM,40,17,23
06/19/2020 08:00:00 AM,34,15,19
06/19/2020 09:00:00 AM,26,17,9
06/19/2020 10:00:00 AM,17,9,8
06/19/2020 11:00:00 AM,33,18,15
06/19/2020 12:00:00 PM,41,23,18
06/19/2020 01:00:00 PM,37,21,16
06/19/2020 02:00:00 PM,48,33,15
06/19/2020 03:00:00 PM,45,29,16
06/19/2020 04:00:00 PM,53,31,22
06/19/2020 05:00:00 PM,54,24,30
06/19/2020 06:00:00 PM,32,22,10
06/19/2020 07:00:00 PM,24,14,10
06/19/2020 08:00:00 PM,12,3,9
06/19/2020 09:00:00 PM,9,6,3
06/19/2020 10:00:00 PM,5,2,3
06/19/2020 11:00:00 PM,2,1,1
06/20/2020 12:00:00 AM,2,2,0
06/20/2020 01:00:00 AM,1,1,0
06/20/2020 02:00:00 AM,3,0,3
06/20/2020 03:00:00 AM,0,0,0
06/20/2020 04:00:00 AM,1,0,1
06/20/2020 05:00:00 AM,0,0,0
06/20/2020 06:00:00 AM,2,1,1
06/20/2020 07:00:00 AM,1,0,1
06/20/2020 08:00:00 AM,7,2,5
06/20/2020 09:00:00 AM,13,6,7
06/20/2020 10:00:00 AM,18,12,6
06/20/2020 11:00:00 AM,23,14,9
06/20/2020 12:00:00 PM,20,12,8
06/20/2020 01:00:00 PM,50,18,32
06/20/2020 02:00:00 PM,34,27,7
06/20/2020 03:00:00 PM,27,13,14
06/20/2020 04:00:00 PM,29,14,15
06/20/2020 05:00:00 PM,30,13,17
06/20/2020 06:00:00 PM,22,10,12
06/20/2020 07:00:00 PM,9,3,6
06/20/2020 08:00:00 PM,12,7,5
06/20/2020 09:00:00 PM,17,11,6
06/20/2020 10:00:00 PM,4,3,1
06/20/2020 11:00:00 PM,5,2,3
06/21/2020 12:00:00 AM,6,2,4
06/21/2020 01:00:00 AM,0,0,0
06/21/2020 02:00:00 AM,1,1,0
06/21/2020 03:00:00 AM,0,0,0
06/21/2020 04:00:00 AM,1,0,1
06/21/2020 05:00:00 AM,0,0,0
06/21/2020 06:00:00 AM,2,1,1
06/21/2020 07:00:00 AM,2,1,1
06/21/2020 08:00:00 AM,6,2,4
06/21/2020 09:00:00 AM,5,2,3
06/21/2020 10:00:00 AM,21,12,9
06/21/2020 11:00:00 AM,17,8,9
06/21/2020 12:00:00 PM,31,17,14
06/21/2020 01:00:00 PM,28,19,9
06/21/2020 02:00:00 PM,35,17,18
06/21/2020 03:00:00 PM,20,11,9
06/21/2020 04:00:00 PM,45,25,20
06/21/2020 05:00:00 PM,36,12,24
06/21/2020 06:00:00 PM,30,16,14
06/21/2020 07:00:00 PM,18,7,11
06/21/2020 08:00:00 PM,15,1,14
06/21/2020 09:00:00 PM,6,2,4
06/21/2020 10:00:00 PM,9,4,5
06/21/2020 11:00:00 PM,3,1,2
06/22/2020 12:00:00 AM,2,2,0
06/22/2020 01:00:00 AM,0,0,0
06/22/2020 02:00:00 AM,0,0,0
06/22/2020 03:00:00 AM,0,0,0
06/22/2020 04:00:00 AM,2,2,0
06/22/2020 05:00:00 AM,11,3,8
06/22/2020 06:00:00 AM,26,5,21
06/22/2020 07:00:00 AM,31,11,20
06/22/2020 08:00:00 AM,24,13,11
06/22/2020 09:00:00 AM,28,12,16
06/22/2020 10:00:00 AM,18,14,4
06/22/2020 11:00:00 AM,22,12,10
06/22/2020 12:00:00 PM,34,22,12
06/22/2020 01:00:00 PM,32,16,16
06/22/2020 02:00:00 PM,33,20,13
06/22/2020 03:00:00 PM,38,28,10
06/22/2020 04:00:00 PM,47,31,16
06/22/2020 05:00:00 PM,64,40,24
06/22/2020 06:00:00 PM,42,23,19
06/22/2020 07:00:00 PM,29,14,15
06/22/2020 08:00:00 PM,14,5,9
06/22/2020 09:00:00 PM,7,4,3
06/22/2020 10:00:00 PM,4,3,1
06/22/2020 11:00:00 PM,2,0,2
06/23/2020 12:00:00 AM,3,0,3
06/23/2020 01:00:00 AM,2,2,0
06/23/2020 02:00:00 AM,1,1,0
06/23/2020 03:00:00 AM,0,0,0
06/23/2020 04:00:00 AM,0,0,0
06/23/2020 05:00:00 AM,14,5,9
06/23/2020 06:00:00 AM,23,9,14
06/23/2020 07:00:00 AM,33,12,21
06/23/2020 08:00:00 AM,40,18,22
06/23/2020 09:00:00 AM,17,12,5
06/23/2020 10:00:00 AM,24,12,12
06/23/2020 11:00:00 AM,23,13,10
06/23/2020 12:00:00 PM,30,19,11
06/23/2020 01:00:00 PM,26,13,13
06/23/2020 02:00:00 PM,21,11,10
06/23/2020 03:00:00 PM,46,23,23
06/23/2020 04:00:00 PM,59,38,21
06/23/2020 05:00:00 PM,63,36,27
06/23/2020 06:00:00 PM,43,27,16
06/23/2020 07:00:00 PM,32,17,15
06/23/2020 08:00:00 PM,17,9,8
06/23/2020 09:00:00 PM,7,3,4
06/23/2020 10:00:00 PM,7,4,3
06/23/2020 11:00:00 PM,7,5,2
06/24/2020 12:00:00 AM,4,4,0
06/24/2020 01:00:00 AM,1,1,0
06/24/2020 02:00:00 AM,0,0,0
06/24/2020 03:00:00 AM,1,0,1
06/24/2020 04:00:00 AM,0,0,0
06/24/2020 05:00:00 AM,7,2,5
06/24/2020 06:00:00 AM,28,11,17
06/24/2020 07:00:00 AM,35,12,23
06/24/2020 08:00:00 AM,41,18,23
06/24/2020 09:00:00 AM,25,9,16
06/24/2020 10:00:00 AM,26,12,14
06/24/2020 11:00:00 AM,25,13,12
06/24/2020 12:00:00 PM,19,6,13
06/24/2020 01:00:00 PM,23,11,12
06/24/2020 02:00:00 PM,29,22,7
06/24/2020 03:00:00 PM,31,18,13
06/24/2020 04:00:00 PM,57,30,27
06/24/2020 05:00:00 PM,56,44,12
06/24/2020 06:00:00 PM,46,29,17
06/24/2020 07:00:00 PM,27,16,11
06/24/2020 08:00:00 PM,23,9,14
06/24/2020 09:00:00 PM,9,2,7
06/24/2020 10:00:00 PM,4,3,1
06/24/2020 11:00:00 PM,1,0,1
06/25/2020 12:00:00 AM,2,1,1
06/25/2020 01:00:00 AM,2,1,1
06/25/2020 02:00:00 AM,2,0,2
06/25/2020 03:00:00 AM,0,0,0
06/25/2020 04:00:00 AM,0,0,0
06/25/2020 05:00:00 AM,11,3,8
06/25/2020 06:00:00 AM,25,5,20
06/25/2020 07:00:00 AM,43,17,26
06/25/2020 08:00:00 AM,25,12,13
06/25/2020 09:00:00 AM,18,8,10
06/25/2020 10:00:00 AM,28,14,14
06/25/2020 11:00:00 AM,24,15,9
06/25/2020 12:00:00 PM,32,22,10
06/25/2020 01:00:00 PM,46,23,23
06/25/2020 02:00:00 PM,33,21,12
06/25/2020 03:00:00 PM,36,22,14
06/25/2020 04:00:00 PM,59,40,19
06/25/2020 05:00:00 PM,66,38,28
06/25/2020 06:00:00 PM,47,28,19
06/25/2020 07:00:00 PM,33,18,15
06/25/2020 08:00:00 PM,20,12,8
06/25/2020 09:00:00 PM,15,4,11
06/25/2020 10:00:00 PM,12,0,12
06/25/2020 11:00:00 PM,5,3,2
06/26/2020 12:00:00 AM,6,1,5
06/26/2020 01:00:00 AM,1,0,1
06/26/2020 02:00:00 AM,0,0,0
06/26/2020 03:00:00 AM,0,0,0
06/26/2020 04:00:00 AM,0,0,0
06/26/2020 05:00:00 AM,9,5,4
06/26/2020 06:00:00 AM,15,3,12
06/26/2020 07:00:00 AM,23,10,13
06/26/2020 08:00:00 AM,49,22,27
06/26/2020 09:00:00 AM,29,15,14
06/26/2020 10:00:00 AM,22,8,14
06/26/2020 11:00:00 AM,33,16,17
06/26/2020 12:00:00 PM,38,20,18
06/26/2020 01:00:00 PM,33,20,13
06/26/2020 02:00:00 PM,36,19,17
06/26/2020 03:00:00 PM,39,23,16
06/26/2020 04:00:00 PM,49,28,21
06/26/2020 05:00:00 PM,60,31,29
06/26/2020 06:00:00 PM,47,25,22
06/26/2020 07:00:00 PM,37,18,19
06/26/2020 08:00:00 PM,12,4,8
06/26/2020 09:00:00 PM,5,0,5
06/26/2020 10:00:00 PM,6,2,4
06/26/2020 11:00:00 PM,6,4,2
06/27/2020 12:00:00 AM,5,3,2
06/27/2020 01:00:00 AM,3,2,1
06/27/2020 02:00:00 AM,0,0,0
06/27/2020 03:00:00 AM,0,0,0
06/27/2020 04:00:00 AM,0,0,0
06/27/2020 05:00:00 AM,0,0,0
06/27/2020 06:00:00 AM,2,1,1
06/27/2020 07:00:00 AM,6,3,3
06/27/2020 08:00:00 AM,6,5,1
06/27/2020 09:00:00 AM,5,4,1
06/27/2020 10:00:00 AM,18,14,4
06/27/2020 11:00:00 AM,14,4,10
06/27/2020 12:00:00 PM,12,7,5
06/27/2020 01:00:00 PM,10,4,6
06/27/2020 02:00:00 PM,14,6,8
06/27/2020 03:00:00 PM,14,7,7
06/27/2020 04:00:00 PM,15,11,4
06/27/2020 05:00:00 PM,20,12,8
06/27/2020 06:00:00 PM,12,7,5
06/27/2020 07:00:00 PM,6,1,5
06/27/2020 08:00:00 PM,3,2,1
06/27/2020 09:00:00 PM,5,1,4
06/27/2020 10:00:00 PM,0,0,0
06/27/2020 11:00:00 PM,1,0,1
06/28/2020 12:00:00 AM,1,1,0
06/28/2020 01:00:00 AM,0,0,0
06/28/2020 02:00:00 AM,0,0,0
06/28/2020 03:00:00 AM,0,0,0
06/28/2020 04:00:00 AM,0,0,0
06/28/2020 05:00:00 AM,1,0,1
06/28/2020 06:00:00 AM,2,2,0
06/28/2020 07:00:00 AM,4,2,2
06/28/2020 08:00:00 AM,3,0,3
06/28/2020 09:00:00 AM,5,4,1
06/28/2020 10:00:00 AM,8,7,1
06/28/2020 11:00:00 AM,22,15,7
06/28/2020 12:00:00 PM,31,16,15
06/28/2020 01:00:00 PM,23,13,10
06/28/2020 02:00:00 PM,45,25,20
06/28/2020 03:00:00 PM,45,19,26
06/28/2020 04:00:00 PM,39,13,26
06/28/2020 05:00:00 PM,32,17,15
06/28/2020 06:00:00 PM,35,18,17
06/28/2020 07:00:00 PM,17,7,10
06/28/2020 08:00:00 PM,13,10,3
06/28/2020 09:00:00 PM,7,3,4
06/28/2020 10:00:00 PM,7,4,3
06/28/2020 11:00:00 PM,2,0,2
06/29/2020 12:00:00 AM,4,2,2
06/29/2020 01:00:00 AM,1,0,1
06/29/2020 02:00:00 AM,0,0,0
06/29/2020 03:00:00 AM,0,0,0
06/29/2020 04:00:00 AM,0,0,0
06/29/2020 05:00:00 AM,13,6,7
06/29/2020 06:00:00 AM,16,6,10
06/29/2020 07:00:00 AM,38,13,25
06/29/2020 08:00:00 AM,35,15,20
06/29/2020 09:00:00 AM,22,11,11
06/29/2020 10:00:00 AM,10,4,6
06/29/2020 11:00:00 AM,17,9,8
06/29/2020 12:00:00 PM,25,12,13
06/29/2020 01:00:00 PM,28,15,13
06/29/2020 02:00:00 PM,42,26,16
06/29/2020 03:00:00 PM,32,22,10
06/29/2020 04:00:00 PM,55,34,21
06/29/2020 05:00:00 PM,61,35,26
06/29/2020 06:00:00 PM,50,28,22
06/29/2020 07:00:00 PM,17,8,9
06/29/2020 08:00:00 PM,13,7,6
06/29/2020 09:00:00 PM,10,4,6
06/29/2020 10:00:00 PM,4,1,3
06/29/2020 11:00:00 PM,4,1,3
06/30/2020 12:00:00 AM,2,1,1
06/30/2020 01:00:00 AM,0,0,0
06/30/2020 02:00:00 AM,1,1,0
06/30/2020 03:00:00 AM,1,0,1
06/30/2020 04:00:00 AM,0,0,0
06/30/2020 05:00:00 AM,13,5,8
06/30/2020 06:00:00 AM,13,3,10
06/30/2020 07:00:00 AM,27,7,20
06/30/2020 08:00:00 AM,22,10,12
06/30/2020 09:00:00 AM,12,9,3
06/30/2020 10:00:00 AM,11,5,6
06/30/2020 11:00:00 AM,19,8,11
06/30/2020 12:00:00 PM,22,13,9
06/30/2020 01:00:00 PM,25,12,13
06/30/2020 02:00:00 PM,34,17,17
06/30/2020 03:00:00 PM,22,16,6
06/30/2020 04:00:00 PM,32,17,15
06/30/2020 05:00:00 PM,51,28,23
06/30/2020 06:00:00 PM,26,14,12
06/30/2020 07:00:00 PM,12,7,5
06/30/2020 08:00:00 PM,7,3,4
06/30/2020 09:00:00 PM,7,2,5
06/30/2020 10:00:00 PM,2,0,2
06/30/2020 11:00:00 PM,4,4,0
07/01/2020 12:00:00 AM,1,1,0
07/01/2020 01:00:00 AM,1,1,0
07/01/2020 02:00:00 AM,0,0,0
07/01/2020 03:00:00 AM,1,0,1
07/01/2020 04:00:00 AM,1,0,1
07/01/2020 05:00:00 AM,10,6,4
07/01/2020 06:00:00 AM,14,12,2
07/01/2020 07:00:00 AM,26,19,7
07/01/2020 08:00:00 AM,31,13,18
07/01/2020 09:00:00 AM,25,12,13
07/01/2020 10:00:00 AM,16,5,11
07/01/2020 11:00:00 AM,20,9,11
07/01/2020 12:00:00 PM,32,18,14
07/01/2020 01:00:00 PM,23,10,13
07/01/2020 02:00:00 PM,30,8,22
07/01/2020 03:00:00 PM,46,18,28
07/01/2020 04:00:00 PM,41,22,19
07/01/2020 05:00:00 PM,53,28,25
07/01/2020 06:00:00 PM,32,16,16
07/01/2020 07:00:00 PM,13,1,12
07/01/2020 08:00:00 PM,11,1,10
07/01/2020 09:00:00 PM,15,11,4
07/01/2020 10:00:00 PM,5,3,2
07/01/2020 11:00:00 PM,1,1,0
07/02/2020 12:00:00 AM,2,2,0
07/02/2020 01:00:00 AM,0,0,0
07/02/2020 02:00:00 AM,0,0,0
07/02/2020 03:00:00 AM,0,0,0
07/02/2020 04:00:00 AM,1,0,1
07/02/2020 05:00:00 AM,9,8,1
07/02/2020 06:00:00 AM,15,13,2
07/02/2020 07:00:00 AM,37,21,16
07/02/2020 08:00:00 AM,27,11,16
07/02/2020 09:00:00 AM,26,15,11
07/02/2020 10:00:00 AM,23,8,15
07/02/2020 11:00:00 AM,26,11,15
07/02/2020 12:00:00 PM,26,15,11
07/02/2020 01:00:00 PM,18,11,7
07/02/2020 02:00:00 PM,35,15,20
07/02/2020 03:00:00 PM,49,16,33
07/02/2020 04:00:00 PM,41,13,28
07/02/2020 05:00:00 PM,45,19,26
07/02/2020 06:00:00 PM,39,13,26
07/02/2020 07:00:00 PM,30,15,15
07/02/2020 08:00:00 PM,12,6,6
07/02/2020 09:00:00 PM,11,6,5
07/02/2020 10:00:00 PM,4,3,1
07/02/2020 11:00:00 PM,4,3,1
07/03/2020 12:00:00 AM,2,1,1
07/03/2020 01:00:00 AM,0,0,0
07/03/2020 02:00:00 AM,0,0,0
07/03/2020 03:00:00 AM,0,0,0
07/03/2020 04:00:00 AM,2,0,2
07/03/2020 05:00:00 AM,2,0,2
07/03/2020 06:00:00 AM,8,5,3
07/03/2020 07:00:00 AM,15,7,8
07/03/2020 08:00:00 AM,14,7,7
07/03/2020 09:00:00 AM,23,8,15
07/03/2020 10:00:00 AM,25,10,15
07/03/2020 11:00:00 AM,33,12,21
07/03/2020 12:00:00 PM,33,12,21
07/03/2020 01:00:00 PM,43,23,20
07/03/2020 02:00:00 PM,41,22,19
07/03/2020 03:00:00 PM,32,20,12
07/03/2020 04:00:00 PM,41,19,22
07/03/2020 05:00:00 PM,34,16,18
07/03/2020 06:00:00 PM,40,26,14
07/03/2020 07:00:00 PM,22,12,10
07/03/2020 08:00:00 PM,8,4,4
07/03/2020 09:00:00 PM,6,3,3
07/03/2020 10:00:00 PM,7,3,4
07/03/2020 11:00:00 PM,1,0,1
07/04/2020 12:00:00 AM,3,1,2
07/04/2020 01:00:00 AM,3,2,1
07/04/2020 02:00:00 AM,0,0,0
07/04/2020 03:00:00 AM,0,0,0
07/04/2020 04:00:00 AM,0,0,0
07/04/2020 05:00:00 AM,1,0,1
07/04/2020 06:00:00 AM,5,1,4
07/04/2020 07:00:00 AM,4,3,1
07/04/2020 08:00:00 AM,5,3,2
07/04/2020 09:00:00 AM,9,5,4
07/04/2020 10:00:00 AM,12,6,6
07/04/2020 11:00:00 AM,22,9,13
07/04/2020 12:00:00 PM,19,7,12
07/04/2020 01:00:00 PM,41,17,24
07/04/2020 02:00:00 PM,29,18,11
07/04/2020 03:00:00 PM,29,17,12
07/04/2020 04:00:00 PM,26,14,12
07/04/2020 05:00:00 PM,18,7,11
07/04/2020 06:00:00 PM,24,14,10
07/04/2020 07:00:00 PM,20,16,4
07/04/2020 08:00:00 PM,19,9,10
07/04/2020 09:00:00 PM,12,5,7
07/04/2020 10:00:00 PM,9,7,2
07/04/2020 11:00:00 PM,2,0,2
07/05/2020 12:00:00 AM,7,6,1
07/05/2020 01:00:00 AM,5,3,2
07/05/2020 02:00:00 AM,1,1,0
07/05/2020 03:00:00 AM,0,0,0
07/05/2020 04:00:00 AM,1,1,0
07/05/2020 05:00:00 AM,3,1,2
07/05/2020 06:00:00 AM,2,0,2
07/05/2020 07:00:00 AM,2,1,1
07/05/2020 08:00:00 AM,7,6,1
07/05/2020 09:00:00 AM,14,5,9
07/05/2020 10:00:00 AM,21,6,15
07/05/2020 11:00:00 AM,33,16,17
07/05/2020 12:00:00 PM,30,18,12
07/05/2020 01:00:00 PM,37,19,18
07/05/2020 02:00:00 PM,52,21,31
07/05/2020 03:00:00 PM,41,20,21
07/05/2020 04:00:00 PM,29,15,14
07/05/2020 05:00:00 PM,32,17,15
07/05/2020 06:00:00 PM,33,15,18
07/05/2020 07:00:00 PM,17,8,9
07/05/2020 08:00:00 PM,13,11,2
07/05/2020 09:00:00 PM,13,4,9
07/05/2020 10:00:00 PM,7,5,2
07/05/2020 11:00:00 PM,1,0,1
07/06/2020 12:00:00 AM,2,0,2
07/06/2020 01:00:00 AM,3,0,3
07/06/2020 02:00:00 AM,1,1,0
07/06/2020 03:00:00 AM,1,0,1
07/06/2020 04:00:00 AM,0,0,0
07/06/2020 05:00:00 AM,12,10,2
07/06/2020 06:00:00 AM,22,13,9
07/06/2020 07:00:00 AM,34,27,7
07/06/2020 08:00:00 AM,23,10,13
07/06/2020 09:00:00 AM,20,11,9
07/06/2020 10:00:00 AM,11,6,5
07/06/2020 11:00:00 AM,23,10,13
07/06/2020 12:00:00 PM,40,15,25
07/06/2020 01:00:00 PM,31,11,20
07/06/2020 02:00:00 PM,38,16,22
07/06/2020 03:00:00 PM,38,9,29
07/06/2020 04:00:00 PM,47,16,31
07/06/2020 05:00:00 PM,53,21,32
07/06/2020 06:00:00 PM,33,13,20
07/06/2020 07:00:00 PM,22,8,14
07/06/2020 08:00:00 PM,14,11,3
07/06/2020 09:00:00 PM,9,5,4
07/06/2020 10:00:00 PM,2,1,1
07/06/2020 11:00:00 PM,2,1,1
07/07/2020 12:00:00 AM,3,1,2
07/07/2020 01:00:00 AM,2,1,1
07/07/2020 02:00:00 AM,0,0,0
07/07/2020 03:00:00 AM,0,0,0
07/07/2020 04:00:00 AM,3,2,1
07/07/2020 05:00:00 AM,10,8,2
07/07/2020 06:00:00 AM,28,19,9
07/07/2020 07:00:00 AM,37,21,16
07/07/2020 08:00:00 AM,26,12,14
07/07/2020 09:00:00 AM,23,9,14
07/07/2020 10:00:00 AM,15,7,8
07/07/2020 11:00:00 AM,26,10,16
07/07/2020 12:00:00 PM,25,14,11
07/07/2020 01:00:00 PM,22,8,14
07/07/2020 02:00:00 PM,24,11,13
07/07/2020 03:00:00 PM,29,12,17
07/07/2020 04:00:00 PM,51,20,31
07/07/2020 05:00:00 PM,53,20,33
07/07/2020 06:00:00 PM,30,14,16
07/07/2020 07:00:00 PM,19,11,8
07/07/2020 08:00:00 PM,13,6,7
07/07/2020 09:00:00 PM,5,5,0
07/07/2020 10:00:00 PM,4,3,1
07/07/2020 11:00:00 PM,2,2,0
07/08/2020 12:00:00 AM,1,1,0
07/08/2020 01:00:00 AM,1,0,1
07/08/2020 02:00:00 AM,2,0,2
07/08/2020 03:00:00 AM,0,0,0
07/08/2020 04:00:00 AM,1,1,0
07/08/2020 05:00:00 AM,16,11,5
07/08/2020 06:00:00 AM,29,19,10
07/08/2020 07:00:00 AM,31,19,12
07/08/2020 08:00:00 AM,41,27,14
07/08/2020 09:00:00 AM,25,15,10
07/08/2020 10:00:00 AM,20,6,14
07/08/2020 11:00:00 AM,26,14,12
07/08/2020 12:00:00 PM,31,14,17
07/08/2020 01:00:00 PM,34,21,13
07/08/2020 02:00:00 PM,31,9,22
07/08/2020 03:00:00 PM,47,10,37
07/08/2020 04:00:00 PM,43,15,28
07/08/2020 05:00:00 PM,67,29,38
07/08/2020 06:00:00 PM,62,24,38
07/08/2020 07:00:00 PM,32,14,18
07/08/2020 08:00:00 PM,10,6,4
07/08/2020 09:00:00 PM,4,2,2
07/08/2020 10:00:00 PM,3,3,0
07/08/2020 11:00:00 PM,5,4,1
07/09/2020 12:00:00 AM,2,2,0
07/09/2020 01:00:00 AM,1,0,1
07/09/2020 02:00:00 AM,0,0,0
07/09/2020 03:00:00 AM,0,0,0
07/09/2020 04:00:00 AM,1,1,0
07/09/2020 05:00:00 AM,14,9,5
07/09/2020 06:00:00 AM,25,19,6
07/09/2020 07:00:00 AM,29,20,9
07/09/2020 08:00:00 AM,31,12,19
07/09/2020 09:00:00 AM,24,15,9
07/09/2020 10:00:00 AM,19,9,10
07/09/2020 11:00:00 AM,23,11,12
07/09/2020 12:00:00 PM,22,18,4
07/09/2020 01:00:00 PM,24,7,17
07/09/2020 02:00:00 PM,37,10,27
07/09/2020 03:00:00 PM,28,9,19
07/09/2020 04:00:00 PM,45,25,20
07/09/2020 05:00:00 PM,48,18,30
07/09/2020 06:00:00 PM,33,15,18
07/09/2020 07:00:00 PM,19,12,7
07/09/2020 08:00:00 PM,16,9,7
07/09/2020 09:00:00 PM,7,4,3
07/09/2020 10:00:00 PM,7,3,4
07/09/2020 11:00:00 PM,3,3,0
07/10/2020 12:00:00 AM,1,1,0
07/10/2020 01:00:00 AM,1,1,0
07/10/2020 02:00:00 AM,0,0,0
07/10/2020 03:00:00 AM,1,1,0
07/10/2020 04:00:00 AM,1,1,0
07/10/2020 05:00:00 AM,10,4,6
07/10/2020 06:00:00 AM,22,15,7
07/10/2020 07:00:00 AM,35,21,14
07/10/2020 08:00:00 AM,40,18,22
07/10/2020 09:00:00 AM,29,11,18
07/10/2020 10:00:00 AM,21,11,10
07/10/2020 11:00:00 AM,24,11,13
07/10/2020 12:00:00 PM,35,17,18
07/10/2020 01:00:00 PM,24,8,16
07/10/2020 02:00:00 PM,35,19,16
07/10/2020 03:00:00 PM,48,21,27
07/10/2020 04:00:00 PM,58,21,37
07/10/2020 05:00:00 PM,66,25,41
07/10/2020 06:00:00 PM,53,33,20
07/10/2020 07:00:00 PM,29,22,7
07/10/2020 08:00:00 PM,16,12,4
07/10/2020 09:00:00 PM,12,8,4
07/10/2020 10:00:00 PM,6,4,2
07/10/2020 11:00:00 PM,4,2,2
07/11/2020 12:00:00 AM,5,0,5
07/11/2020 01:00:00 AM,2,1,1
07/11/2020 02:00:00 AM,3,3,0
07/11/2020 03:00:00 AM,1,1,0
07/11/2020 04:00:00 AM,1,1,0
07/11/2020 05:00:00 AM,1,0,1
07/11/2020 06:00:00 AM,5,2,3
07/11/2020 07:00:00 AM,7,2,5
07/11/2020 08:00:00 AM,13,8,5
07/11/2020 09:00:00 AM,28,12,16
07/11/2020 10:00:00 AM,40,8,32
07/11/2020 11:00:00 AM,29,16,13
07/11/2020 12:00:00 PM,26,12,14
07/11/2020 01:00:00 PM,47,21,26
07/11/2020 02:00:00 PM,49,19,30
07/11/2020 03:00:00 PM,47,25,22
07/11/2020 04:00:00 PM,33,21,12
07/11/2020 05:00:00 PM,34,18,16
07/11/2020 06:00:00 PM,21,14,7
07/11/2020 07:00:00 PM,15,5,10
07/11/2020 08:00:00 PM,7,4,3
07/11/2020 09:00:00 PM,8,2,6
07/11/2020 10:00:00 PM,8,4,4
07/11/2020 11:00:00 PM,7,6,1
07/12/2020 12:00:00 AM,2,1,1
07/12/2020 01:00:00 AM,2,2,0
07/12/2020 02:00:00 AM,0,0,0
07/12/2020 03:00:00 AM,0,0,0
07/12/2020 04:00:00 AM,2,2,0
07/12/2020 05:00:00 AM,0,0,0
07/12/2020 06:00:00 AM,3,1,2
07/12/2020 07:00:00 AM,1,0,1
07/12/2020 08:00:00 AM,7,1,6
07/12/2020 09:00:00 AM,10,5,5
07/12/2020 10:00:00 AM,3,1,2
07/12/2020 11:00:00 AM,19,5,14
07/12/2020 12:00:00 PM,26,16,10
07/12/2020 01:00:00 PM,39,14,25
07/12/2020 02:00:00 PM,25,9,16
07/12/2020 03:00:00 PM,49,19,30
07/12/2020 04:00:00 PM,35,21,14
07/12/2020 05:00:00 PM,38,24,14
07/12/2020 06:00:00 PM,25,13,12
07/12/2020 07:00:00 PM,21,8,13
07/12/2020 08:00:00 PM,11,4,7
07/12/2020 09:00:00 PM,9,6,3
07/12/2020 10:00:00 PM,3,0,3
07/12/2020 11:00:00 PM,2,1,1
07/13/2020 12:00:00 AM,2,0,2
07/13/2020 01:00:00 AM,0,0,0
07/13/2020 02:00:00 AM,0,0,0
07/13/2020 03:00:00 AM,2,1,1
07/13/2020 04:00:00 AM,0,0,0
07/13/2020 05:00:00 AM,8,5,3
07/13/2020 06:00:00 AM,23,15,8
07/13/2020 07:00:00 AM,47,33,14
07/13/2020 08:00:00 AM,33,17,16
07/13/2020 09:00:00 AM,23,15,8
07/13/2020 10:00:00 AM,21,12,9
07/13/2020 11:00:00 AM,26,6,20
07/13/2020 12:00:00 PM,23,8,15
07/13/2020 01:00:00 PM,28,14,14
07/13/2020 02:00:00 PM,46,16,30
07/13/2020 03:00:00 PM,38,15,23
07/13/2020 04:00:00 PM,67,25,42
07/13/2020 05:00:00 PM,65,31,34
07/13/2020 06:00:00 PM,50,25,25
07/13/2020 07:00:00 PM,29,16,13
07/13/2020 08:00:00 PM,21,14,7
07/13/2020 09:00:00 PM,7,5,2
07/13/2020 10:00:00 PM,9,4,5
07/13/2020 11:00:00 PM,1,0,1
07/14/2020 12:00:00 AM,2,1,1
07/14/2020 01:00:00 AM,1,1,0
07/14/2020 02:00:00 AM,3,1,2
07/14/2020 03:00:00 AM,1,1,0
07/14/2020 04:00:00 AM,0,0,0
07/14/2020 05:00:00 AM,10,8,2
07/14/2020 06:00:00 AM,27,15,12
07/14/2020 07:00:00 AM,41,28,13
07/14/2020 08:00:00 AM,32,14,18
07/14/2020 09:00:00 AM,20,10,10
07/14/2020 10:00:00 AM,19,4,15
07/14/2020 11:00:00 AM,24,14,10
07/14/2020 12:00:00 PM,32,18,14
07/14/2020 01:00:00 PM,40,25,15
07/14/2020 02:00:00 PM,22,9,13
07/14/2020 03:00:00 PM,38,12,26
07/14/2020 04:00:00 PM,47,15,32
07/14/2020 05:00:00 PM,68,32,36
07/14/2020 06:00:00 PM,54,26,28
07/14/2020 07:00:00 PM,28,14,14
07/14/2020 08:00:00 PM,22,11,11
07/14/2020 09:00:00 PM,15,10,5
07/14/2020 10:00:00 PM,8,5,3
07/14/2020 11:00:00 PM,6,4,2
07/15/2020 12:00:00 AM,0,0,0
07/15/2020 01:00:00 AM,1,1,0
07/15/2020 02:00:00 AM,0,0,0
07/15/2020 03:00:00 AM,3,3,0
07/15/2020 04:00:00 AM,2,2,0
07/15/2020 05:00:00 AM,14,9,5
07/15/2020 06:00:00 AM,23,16,7
07/15/2020 07:00:00 AM,39,20,19
07/15/2020 08:00:00 AM,30,18,12
07/15/2020 09:00:00 AM,29,10,19
07/15/2020 10:00:00 AM,14,4,10
07/15/2020 11:00:00 AM,36,18,18
07/15/2020 12:00:00 PM,35,11,24
07/15/2020 01:00:00 PM,28,11,17
07/15/2020 02:00:00 PM,36,12,24
07/15/2020 03:00:00 PM,24,3,21
07/15/2020 04:00:00 PM,55,24,31
07/15/2020 05:00:00 PM,65,33,32
07/15/2020 06:00:00 PM,38,20,18
07/15/2020 07:00:00 PM,24,11,13
07/15/2020 08:00:00 PM,39,24,15
07/15/2020 09:00:00 PM,10,7,3
07/15/2020 10:00:00 PM,8,4,4
07/15/2020 11:00:00 PM,6,5,1
07/16/2020 12:00:00 AM,0,0,0
07/16/2020 01:00:00 AM,2,1,1
07/16/2020 02:00:00 AM,0,0,0
07/16/2020 03:00:00 AM,1,1,0
07/16/2020 04:00:00 AM,2,2,0
07/16/2020 05:00:00 AM,12,7,5
07/16/2020 06:00:00 AM,26,21,5
07/16/2020 07:00:00 AM,36,20,16
07/16/2020 08:00:00 AM,34,18,16
07/16/2020 09:00:00 AM,22,12,10
07/16/2020 10:00:00 AM,33,15,18
07/16/2020 11:00:00 AM,34,18,16
07/16/2020 12:00:00 PM,29,10,19
07/16/2020 01:00:00 PM,40,26,14
07/16/2020 02:00:00 PM,36,12,24
07/16/2020 03:00:00 PM,33,12,21
07/16/2020 04:00:00 PM,36,12,24
07/16/2020 05:00:00 PM,54,23,31
07/16/2020 06:00:00 PM,46,24,22
07/16/2020 07:00:00 PM,23,13,10
07/16/2020 08:00:00 PM,17,11,6
07/16/2020 09:00:00 PM,11,1,10
07/16/2020 10:00:00 PM,4,3,1
07/16/2020 11:00:00 PM,5,3,2
07/17/2020 12:00:00 AM,5,2,3
07/17/2020 01:00:00 AM,1,1,0
07/17/2020 02:00:00 AM,1,1,0
07/17/2020 03:00:00 AM,0,0,0
07/17/2020 04:00:00 AM,0,0,0
07/17/2020 05:00:00 AM,6,2,4
07/17/2020 06:00:00 AM,15,12,3
07/17/2020 07:00:00 AM,17,13,4
07/17/2020 08:00:00 AM,30,20,10
07/17/2020 09:00:00 AM,20,9,11
07/17/2020 10:00:00 AM,17,8,9
07/17/2020 11:00:00 AM,17,9,8
07/17/2020 12:00:00 PM,20,10,10
07/17/2020 01:00:00 PM,26,14,12
07/17/2020 02:00:00 PM,21,7,14
07/17/2020 03:00:00 PM,31,16,15
07/17/2020 04:00:00 PM,37,14,23
07/17/2020 05:00:00 PM,49,17,32
07/17/2020 06:00:00 PM,36,18,18
07/17/2020 07:00:00 PM,26,8,18
07/17/2020 08:00:00 PM,23,11,12
07/17/2020 09:00:00 PM,14,8,6
07/17/2020 10:00:00 PM,7,4,3
07/17/2020 11:00:00 PM,3,2,1
07/18/2020 12:00:00 AM,3,2,1
07/18/2020 01:00:00 AM,3,1,2
07/18/2020 02:00:00 AM,0,0,0
07/18/2020 03:00:00 AM,0,0,0
07/18/2020 04:00:00 AM,2,1,1
07/18/2020 05:00:00 AM,1,0,1
07/18/2020 06:00:00 AM,5,0,5
07/18/2020 07:00:00 AM,6,5,1
07/18/2020 08:00:00 AM,12,2,10
07/18/2020 09:00:00 AM,39,19,20
07/18/2020 10:00:00 AM,34,17,17
07/18/2020 11:00:00 AM,50,22,28
07/18/2020 12:00:00 PM,29,17,12
07/18/2020 01:00:00 PM,32,14,18
07/18/2020 02:00:00 PM,48,19,29
07/18/2020 03:00:00 PM,47,28,19
07/18/2020 04:00:00 PM,48,23,25
07/18/2020 05:00:00 PM,37,22,15
07/18/2020 06:00:00 PM,36,20,16
07/18/2020 07:00:00 PM,23,14,9
07/18/2020 08:00:00 PM,25,15,10
07/18/2020 09:00:00 PM,7,3,4
07/18/2020 10:00:00 PM,4,1,3
07/18/2020 11:00:00 PM,0,0,0
07/19/2020 12:00:00 AM,2,2,0
07/19/2020 01:00:00 AM,2,1,1
07/19/2020 02:00:00 AM,1,0,1
07/19/2020 03:00:00 AM,0,0,0
07/19/2020 04:00:00 AM,3,2,1
07/19/2020 05:00:00 AM,1,0,1
07/19/2020 06:00:00 AM,5,1,4
07/19/2020 07:00:00 AM,9,2,7
07/19/2020 08:00:00 AM,18,4,14
07/19/2020 09:00:00 AM,11,5,6
07/19/2020 10:00:00 AM,24,10,14
07/19/2020 11:00:00 AM,27,8,19
07/19/2020 12:00:00 PM,51,23,28
07/19/2020 01:00:00 PM,49,25,24
07/19/2020 02:00:00 PM,39,16,23
07/19/2020 03:00:00 PM,45,27,18
07/19/2020 04:00:00 PM,31,16,15
07/19/2020 05:00:00 PM,25,14,11
07/19/2020 06:00:00 PM,30,18,12
07/19/2020 07:00:00 PM,19,9,10
07/19/2020 08:00:00 PM,22,15,7
07/19/2020 09:00:00 PM,11,7,4
07/19/2020 10:00:00 PM,11,9,2
07/19/2020 11:00:00 PM,2,2,0
07/20/2020 12:00:00 AM,4,2,2
07/20/2020 01:00:00 AM,0,0,0
07/20/2020 02:00:00 AM,1,0,1
07/20/2020 03:00:00 AM,0,0,0
07/20/2020 04:00:00 AM,1,0,1
07/20/2020 05:00:00 AM,15,9,6
07/20/2020 06:00:00 AM,28,21,7
07/20/2020 07:00:00 AM,37,24,13
07/20/2020 08:00:00 AM,33,18,15
07/20/2020 09:00:00 AM,21,10,11
07/20/2020 10:00:00 AM,16,7,9
07/20/2020 11:00:00 AM,33,16,17
07/20/2020 12:00:00 PM,39,17,22
07/20/2020 01:00:00 PM,38,16,22
07/20/2020 02:00:00 PM,36,18,18
07/20/2020 03:00:00 PM,39,14,25
07/20/2020 04:00:00 PM,49,24,25
07/20/2020 05:00:00 PM,54,21,33
07/20/2020 06:00:00 PM,38,17,21
07/20/2020 07:00:00 PM,28,16,12
07/20/2020 08:00:00 PM,21,16,5
07/20/2020 09:00:00 PM,11,7,4
07/20/2020 10:00:00 PM,7,3,4
07/20/2020 11:00:00 PM,4,1,3
07/21/2020 12:00:00 AM,2,2,0
07/21/2020 01:00:00 AM,0,0,0
07/21/2020 02:00:00 AM,2,1,1
07/21/2020 03:00:00 AM,0,0,0
07/21/2020 04:00:00 AM,1,0,1
07/21/2020 05:00:00 AM,15,10,5
07/21/2020 06:00:00 AM,31,22,9
07/21/2020 07:00:00 AM,42,24,18
07/21/2020 08:00:00 AM,28,15,13
07/21/2020 09:00:00 AM,26,16,10
07/21/2020 10:00:00 AM,25,11,14
07/21/2020 11:00:00 AM,30,19,11
07/21/2020 12:00:00 PM,29,15,14
07/21/2020 01:00:00 PM,19,10,9
07/21/2020 02:00:00 PM,47,23,24
07/21/2020 03:00:00 PM,37,15,22
07/21/2020 04:00:00 PM,64,23,41
07/21/2020 05:00:00 PM,100,39,61
07/21/2020 06:00:00 PM,49,20,29
07/21/2020 07:00:00 PM,22,6,16
07/21/2020 08:00:00 PM,19,9,10
07/21/2020 09:00:00 PM,20,12,8
07/21/2020 10:00:00 PM,20,3,17
07/21/2020 11:00:00 PM,3,3,0
07/22/2020 12:00:00 AM,2,1,1
07/22/2020 01:00:00 AM,2,1,1
07/22/2020 02:00:00 AM,2,1,1
07/22/2020 03:00:00 AM,0,0,0
07/22/2020 04:00:00 AM,1,1,0
07/22/2020 05:00:00 AM,19,14,5
07/22/2020 06:00:00 AM,27,18,9
07/22/2020 07:00:00 AM,36,22,14
07/22/2020 08:00:00 AM,32,16,16
07/22/2020 09:00:00 AM,25,14,11
07/22/2020 10:00:00 AM,18,9,9
07/22/2020 11:00:00 AM,43,27,16
07/22/2020 12:00:00 PM,28,11,17
07/22/2020 01:00:00 PM,23,7,16
07/22/2020 02:00:00 PM,31,10,21
07/22/2020 03:00:00 PM,49,11,38
07/22/2020 04:00:00 PM,59,26,33
07/22/2020 05:00:00 PM,64,27,37
07/22/2020 06:00:00 PM,50,22,28
07/22/2020 07:00:00 PM,33,14,19
07/22/2020 08:00:00 PM,21,12,9
07/22/2020 09:00:00 PM,13,9,4
07/22/2020 10:00:00 PM,4,3,1
07/22/2020 11:00:00 PM,3,2,1
07/23/2020 12:00:00 AM,1,0,1
07/23/2020 01:00:00 AM,2,0,2
07/23/2020 02:00:00 AM,0,0,0
07/23/2020 03:00:00 AM,0,0,0
07/23/2020 04:00:00 AM,2,2,0
07/23/2020 05:00:00 AM,10,6,4
07/23/2020 06:00:00 AM,35,27,8
07/23/2020 07:00:00 AM,31,18,13
07/23/2020 08:00:00 AM,36,17,19
07/23/2020 09:00:00 AM,29,23,6
07/23/2020 10:00:00 AM,12,8,4
07/23/2020 11:00:00 AM,16,8,8
07/23/2020 12:00:00 PM,31,16,15
07/23/2020 01:00:00 PM,31,12,19
07/23/2020 02:00:00 PM,28,9,19
07/23/2020 03:00:00 PM,45,18,27
07/23/2020 04:00:00 PM,47,17,30
07/23/2020 05:00:00 PM,64,21,43
07/23/2020 06:00:00 PM,41,13,28
07/23/2020 07:00:00 PM,26,15,11
07/23/2020 08:00:00 PM,20,17,3
07/23/2020 09:00:00 PM,10,4,6
07/23/2020 10:00:00 PM,8,2,6
07/23/2020 11:00:00 PM,1,1,0
07/24/2020 12:00:00 AM,1,1,0
07/24/2020 01:00:00 AM,0,0,0
07/24/2020 02:00:00 AM,0,0,0
07/24/2020 03:00:00 AM,0,0,0
07/24/2020 04:00:00 AM,0,0,0
07/24/2020 05:00:00 AM,9,5,4
07/24/2020 06:00:00 AM,22,15,7
07/24/2020 07:00:00 AM,30,16,14
07/24/2020 08:00:00 AM,26,13,13
07/24/2020 09:00:00 AM,34,20,14
07/24/2020 10:00:00 AM,11,7,4
07/24/2020 11:00:00 AM,33,14,19
07/24/2020 12:00:00 PM,34,14,20
07/24/2020 01:00:00 PM,25,10,15
07/24/2020 02:00:00 PM,43,12,31
07/24/2020 03:00:00 PM,53,23,30
07/24/2020 04:00:00 PM,38,15,23
07/24/2020 05:00:00 PM,59,31,28
07/24/2020 06:00:00 PM,56,18,38
07/24/2020 07:00:00 PM,27,12,15
07/24/2020 08:00:00 PM,18,13,5
07/24/2020 09:00:00 PM,13,9,4
07/24/2020 10:00:00 PM,7,3,4
07/24/2020 11:00:00 PM,3,3,0
07/25/2020 12:00:00 AM,3,3,0
07/25/2020 01:00:00 AM,2,1,1
07/25/2020 02:00:00 AM,0,0,0
07/25/2020 03:00:00 AM,1,1,0
07/25/2020 04:00:00 AM,3,3,0
07/25/2020 05:00:00 AM,1,0,1
07/25/2020 06:00:00 AM,3,2,1
07/25/2020 07:00:00 AM,13,6,7
07/25/2020 08:00:00 AM,12,5,7
07/25/2020 09:00:00 AM,31,15,16
07/25/2020 10:00:00 AM,34,14,20
07/25/2020 11:00:00 AM,38,8,30
07/25/2020 12:00:00 PM,34,10,24
07/25/2020 01:00:00 PM,23,10,13
07/25/2020 02:00:00 PM,36,10,26
07/25/2020 03:00:00 PM,35,18,17
07/25/2020 04:00:00 PM,46,29,17
07/25/2020 05:00:00 PM,34,9,25
07/25/2020 06:00:00 PM,38,19,19
07/25/2020 07:00:00 PM,11,4,7
07/25/2020 08:00:00 PM,27,12,15
07/25/2020 09:00:00 PM,18,8,10
07/25/2020 10:00:00 PM,10,6,4
07/25/2020 11:00:00 PM,6,4,2
07/26/2020 12:00:00 AM,6,2,4
07/26/2020 01:00:00 AM,1,1,0
07/26/2020 02:00:00 AM,0,0,0
07/26/2020 03:00:00 AM,1,0,1
07/26/2020 04:00:00 AM,2,1,1
07/26/2020 05:00:00 AM,0,0,0
07/26/2020 06:00:00 AM,6,1,5
07/26/2020 07:00:00 AM,4,1,3
07/26/2020 08:00:00 AM,8,0,8
07/26/2020 09:00:00 AM,15,6,9
07/26/2020 10:00:00 AM,36,17,19
07/26/2020 11:00:00 AM,46,14,32
07/26/2020 12:00:00 PM,31,20,11
07/26/2020 01:00:00 PM,23,11,12
07/26/2020 02:00:00 PM,34,11,23
07/26/2020 03:00:00 PM,37,8,29
07/26/2020 04:00:00 PM,42,25,17
07/26/2020 05:00:00 PM,29,17,12
07/26/2020 06:00:00 PM,22,19,3
07/26/2020 07:00:00 PM,12,7,5
07/26/2020 08:00:00 PM,22,15,7
07/26/2020 09:00:00 PM,11,6,5
07/26/2020 10:00:00 PM,4,2,2
07/26/2020 11:00:00 PM,1,0,1
07/27/2020 12:00:00 AM,2,0,2
07/27/2020 01:00:00 AM,2,2,0
07/27/2020 02:00:00 AM,1,1,0
07/27/2020 03:00:00 AM,0,0,0
07/27/2020 04:00:00 AM,2,1,1
07/27/2020 05:00:00 AM,12,6,6
07/27/2020 06:00:00 AM,20,14,6
07/27/2020 07:00:00 AM,36,23,13
07/27/2020 08:00:00 AM,32,20,12
07/27/2020 09:00:00 AM,12,7,5
07/27/2020 10:00:00 AM,9,4,5
07/27/2020 11:00:00 AM,22,5,17
07/27/2020 12:00:00 PM,24,11,13
07/27/2020 01:00:00 PM,26,15,11
07/27/2020 02:00:00 PM,31,11,20
07/27/2020 03:00:00 PM,32,13,19
07/27/2020 04:00:00 PM,45,18,27
07/27/2020 05:00:00 PM,63,31,32
07/27/2020 06:00:00 PM,30,15,15
07/27/2020 07:00:00 PM,12,5,7
07/27/2020 08:00:00 PM,17,7,10
07/27/2020 09:00:00 PM,7,5,2
07/27/2020 10:00:00 PM,8,5,3
07/27/2020 11:00:00 PM,5,2,3
07/28/2020 12:00:00 AM,3,1,2
07/28/2020 01:00:00 AM,0,0,0
07/28/2020 02:00:00 AM,1,1,0
07/28/2020 03:00:00 AM,1,0,1
07/28/2020 04:00:00 AM,0,0,0
07/28/2020 05:00:00 AM,13,7,6
07/28/2020 06:00:00 AM,22,16,6
07/28/2020 07:00:00 AM,46,31,15
07/28/2020 08:00:00 AM,38,19,19
07/28/2020 09:00:00 AM,28,16,12
07/28/2020 10:00:00 AM,18,5,13
07/28/2020 11:00:00 AM,23,10,13
07/28/2020 12:00:00 PM,26,10,16
07/28/2020 01:00:00 PM,30,18,12
07/28/2020 02:00:00 PM,28,14,14
07/28/2020 03:00:00 PM,47,14,33
07/28/2020 04:00:00 PM,56,20,36
07/28/2020 05:00:00 PM,73,25,48
07/28/2020 06:00:00 PM,46,22,24
07/28/2020 07:00:00 PM,38,15,23
07/28/2020 08:00:00 PM,23,16,7
07/28/2020 09:00:00 PM,10,6,4
07/28/2020 10:00:00 PM,6,5,1
07/28/2020 11:00:00 PM,3,3,0
07/29/2020 12:00:00 AM,1,0,1
07/29/2020 01:00:00 AM,1,1,0
07/29/2020 02:00:00 AM,0,0,0
07/29/2020 03:00:00 AM,1,0,1
07/29/2020 04:00:00 AM,3,2,1
07/29/2020 05:00:00 AM,13,9,4
07/29/2020 06:00:00 AM,28,17,11
07/29/2020 07:00:00 AM,41,27,14
07/29/2020 08:00:00 AM,40,27,13
07/29/2020 09:00:00 AM,17,8,9
07/29/2020 10:00:00 AM,22,12,10
07/29/2020 11:00:00 AM,30,12,18
07/29/2020 12:00:00 PM,28,6,22
07/29/2020 01:00:00 PM,38,18,20
07/29/2020 02:00:00 PM,40,17,23
07/29/2020 03:00:00 PM,38,15,23
07/29/2020 04:00:00 PM,62,20,42
07/29/2020 05:00:00 PM,57,30,27
07/29/2020 06:00:00 PM,42,15,27
07/29/2020 07:00:00 PM,28,13,15
07/29/2020 08:00:00 PM,30,14,16
07/29/2020 09:00:00 PM,19,14,5
07/29/2020 10:00:00 PM,7,3,4
07/29/2020 11:00:00 PM,1,1,0
07/30/2020 12:00:00 AM,2,0,2
07/30/2020 01:00:00 AM,0,0,0
07/30/2020 02:00:00 AM,0,0,0
07/30/2020 03:00:00 AM,0,0,0
07/30/2020 04:00:00 AM,3,2,1
07/30/2020 05:00:00 AM,9,6,3
07/30/2020 06:00:00 AM,16,12,4
07/30/2020 07:00:00 AM,48,25,23
07/30/2020 08:00:00 AM,23,13,10
07/30/2020 09:00:00 AM,27,19,8
07/30/2020 10:00:00 AM,19,10,9
07/30/2020 11:00:00 AM,30,9,21
07/30/2020 12:00:00 PM,36,17,19
07/30/2020 01:00:00 PM,31,13,18
07/30/2020 02:00:00 PM,29,11,18
07/30/2020 03:00:00 PM,37,13,24
07/30/2020 04:00:00 PM,59,27,32
07/30/2020 05:00:00 PM,71,37,34
07/30/2020 06:00:00 PM,36,14,22
07/30/2020 07:00:00 PM,34,11,23
07/30/2020 08:00:00 PM,14,6,8
07/30/2020 09:00:00 PM,12,8,4
07/30/2020 10:00:00 PM,9,4,5
07/30/2020 11:00:00 PM,5,3,2
07/31/2020 12:00:00 AM,3,2,1
07/31/2020 01:00:00 AM,1,0,1
07/31/2020 02:00:00 AM,1,1,0
07/31/2020 03:00:00 AM,1,1,0
07/31/2020 04:00:00 AM,0,0,0
07/31/2020 05:00:00 AM,9,6,3
07/31/2020 06:00:00 AM,24,18,6
07/31/2020 07:00:00 AM,35,18,17
07/31/2020 08:00:00 AM,32,10,22
07/31/2020 09:00:00 AM,18,11,7
07/31/2020 10:00:00 AM,18,3,15
07/31/2020 11:00:00 AM,34,19,15
07/31/2020 12:00:00 PM,39,18,21
07/31/2020 01:00:00 PM,46,29,17
07/31/2020 02:00:00 PM,33,10,23
07/31/2020 03:00:00 PM,50,24,26
07/31/2020 04:00:00 PM,53,19,34
07/31/2020 05:00:00 PM,50,28,22
07/31/2020 06:00:00 PM,50,14,36
07/31/2020 07:00:00 PM,24,14,10
07/31/2020 08:00:00 PM,19,10,9
07/31/2020 09:00:00 PM,11,7,4
07/31/2020 10:00:00 PM,6,4,2
07/31/2020 11:00:00 PM,6,5,1
08/01/2020 12:00:00 AM,4,1,3
08/01/2020 01:00:00 AM,3,2,1
08/01/2020 02:00:00 AM,1,0,1
08/01/2020 03:00:00 AM,0,0,0
08/01/2020 04:00:00 AM,1,1,0
08/01/2020 05:00:00 AM,3,3,0
08/01/2020 06:00:00 AM,3,2,1
08/01/2020 07:00:00 AM,9,6,3
08/01/2020 08:00:00 AM,7,2,5
08/01/2020 09:00:00 AM,25,14,11
08/01/2020 10:00:00 AM,32,13,19
08/01/2020 11:00:00 AM,43,14,29
08/01/2020 12:00:00 PM,35,12,23
08/01/2020 01:00:00 PM,25,13,12
08/01/2020 02:00:00 PM,49,21,28
08/01/2020 03:00:00 PM,26,12,14
08/01/2020 04:00:00 PM,25,9,16
08/01/2020 05:00:00 PM,46,31,15
08/01/2020 06:00:00 PM,34,16,18
08/01/2020 07:00:00 PM,41,28,13
08/01/2020 08:00:00 PM,22,9,13
08/01/2020 09:00:00 PM,9,7,2
08/01/2020 10:00:00 PM,10,7,3
08/01/2020 11:00:00 PM,4,3,1
08/02/2020 12:00:00 AM,0,0,0
08/02/2020 01:00:00 AM,2,0,2
08/02/2020 02:00:00 AM,0,0,0
08/02/2020 03:00:00 AM,0,0,0
08/02/2020 04:00:00 AM,1,1,0
08/02/2020 05:00:00 AM,4,2,2
08/02/2020 06:00:00 AM,6,3,3
08/02/2020 07:00:00 AM,6,1,5
08/02/2020 08:00:00 AM,14,4,10
08/02/2020 09:00:00 AM,16,6,10
08/02/2020 10:00:00 AM,17,4,13
08/02/2020 11:00:00 AM,39,20,19
08/02/2020 12:00:00 PM,34,19,15
08/02/2020 01:00:00 PM,40,23,17
08/02/2020 02:00:00 PM,27,12,15
08/02/2020 03:00:00 PM,37,21,16
08/02/2020 04:00:00 PM,46,21,25
08/02/2020 05:00:00 PM,31,18,13
08/02/2020 06:00:00 PM,24,11,13
08/02/2020 07:00:00 PM,11,6,5
08/02/2020 08:00:00 PM,19,8,11
08/02/2020 09:00:00 PM,3,1,2
08/02/2020 10:00:00 PM,4,2,2
08/02/2020 11:00:00 PM,1,0,1
08/03/2020 12:00:00 AM,2,2,0
08/03/2020 01:00:00 AM,1,0,1
08/03/2020 02:00:00 AM,0,0,0
08/03/2020 03:00:00 AM,0,0,0
08/03/2020 04:00:00 AM,0,0,0
08/03/2020 05:00:00 AM,9,5,4
08/03/2020 06:00:00 AM,26,18,8
08/03/2020 07:00:00 AM,33,22,11
08/03/2020 08:00:00 AM,45,29,16
08/03/2020 09:00:00 AM,21,11,10
08/03/2020 10:00:00 AM,12,3,9
08/03/2020 11:00:00 AM,25,9,16
08/03/2020 12:00:00 PM,11,7,4
08/03/2020 01:00:00 PM,22,14,8
08/03/2020 02:00:00 PM,31,17,14
08/03/2020 03:00:00 PM,28,7,21
08/03/2020 04:00:00 PM,49,18,31
08/03/2020 05:00:00 PM,59,25,34
08/03/2020 06:00:00 PM,38,19,19
08/03/2020 07:00:00 PM,39,22,17
08/03/2020 08:00:00 PM,13,8,5
08/03/2020 09:00:00 PM,9,5,4
08/03/2020 10:00:00 PM,6,4,2
08/03/2020 11:00:00 PM,5,3,2
08/04/2020 12:00:00 AM,2,2,0
08/04/2020 01:00:00 AM,0,0,0
08/04/2020 02:00:00 AM,2,1,1
08/04/2020 03:00:00 AM,1,1,0
08/04/2020 04:00:00 AM,1,0,1
08/04/2020 05:00:00 AM,12,7,5
08/04/2020 06:00:00 AM,34,23,11
08/04/2020 07:00:00 AM,41,25,16
08/04/2020 08:00:00 AM,37,15,22
08/04/2020 09:00:00 AM,29,20,9
08/04/2020 10:00:00 AM,17,5,12
08/04/2020 11:00:00 AM,23,12,11
08/04/2020 12:00:00 PM,33,19,14
08/04/2020 01:00:00 PM,37,22,15
08/04/2020 02:00:00 PM,34,15,19
08/04/2020 03:00:00 PM,37,11,26
08/04/2020 04:00:00 PM,61,24,37
08/04/2020 05:00:00 PM,75,34,41
08/04/2020 06:00:00 PM,46,25,21
08/04/2020 07:00:00 PM,43,25,18
08/04/2020 08:00:00 PM,8,3,5
08/04/2020 09:00:00 PM,11,5,6
08/04/2020 10:00:00 PM,4,4,0
08/04/2020 11:00:00 PM,2,2,0
08/05/2020 12:00:00 AM,0,0,0
08/05/2020 01:00:00 AM,1,1,0
08/05/2020 02:00:00 AM,0,0,0
08/05/2020 03:00:00 AM,1,1,0
08/05/2020 04:00:00 AM,2,1,1
08/05/2020 05:00:00 AM,10,5,5
08/05/2020 06:00:00 AM,34,24,10
08/05/2020 07:00:00 AM,41,28,13
08/05/2020 08:00:00 AM,38,16,22
08/05/2020 09:00:00 AM,27,18,9
08/05/2020 10:00:00 AM,12,6,6
08/05/2020 11:00:00 AM,25,12,13
08/05/2020 12:00:00 PM,25,12,13
08/05/2020 01:00:00 PM,28,14,14
08/05/2020 02:00:00 PM,44,18,26
08/05/2020 03:00:00 PM,58,22,36
08/05/2020 04:00:00 PM,48,20,28
08/05/2020 05:00:00 PM,66,29,37
08/05/2020 06:00:00 PM,40,21,19
08/05/2020 07:00:00 PM,35,20,15
08/05/2020 08:00:00 PM,32,19,13
08/05/2020 09:00:00 PM,19,14,5
08/05/2020 10:00:00 PM,6,5,1
08/05/2020 11:00:00 PM,2,2,0
08/06/2020 12:00:00 AM,2,2,0
08/06/2020 01:00:00 AM,0,0,0
08/06/2020 02:00:00 AM,0,0,0
08/06/2020 03:00:00 AM,0,0,0
08/06/2020 04:00:00 AM,3,1,2
08/06/2020 05:00:00 AM,10,4,6
08/06/2020 06:00:00 AM,27,23,4
08/06/2020 07:00:00 AM,20,13,7
08/06/2020 08:00:00 AM,18,12,6
08/06/2020 09:00:00 AM,15,11,4
08/06/2020 10:00:00 AM,11,3,8
08/06/2020 11:00:00 AM,8,4,4
08/06/2020 12:00:00 PM,18,11,7
08/06/2020 01:00:00 PM,20,8,12
08/06/2020 02:00:00 PM,14,9,5
08/06/2020 03:00:00 PM,23,8,15
08/06/2020 04:00:00 PM,32,9,23
08/06/2020 05:00:00 PM,40,14,26
08/06/2020 06:00:00 PM,22,8,14
08/06/2020 07:00:00 PM,8,2,6
08/06/2020 08:00:00 PM,15,10,5
08/06/2020 09:00:00 PM,4,1,3
08/06/2020 10:00:00 PM,2,1,1
08/06/2020 11:00:00 PM,1,0,1
08/07/2020 12:00:00 AM,1,0,1
08/07/2020 01:00:00 AM,0,0,0
08/07/2020 02:00:00 AM,2,1,1
08/07/2020 03:00:00 AM,0,0,0
08/07/2020 04:00:00 AM,1,0,1
08/07/2020 05:00:00 AM,8,2,6
08/07/2020 06:00:00 AM,19,15,4
08/07/2020 07:00:00 AM,22,14,8
08/07/2020 08:00:00 AM,29,20,9
08/07/2020 09:00:00 AM,25,15,10
08/07/2020 10:00:00 AM,21,10,11
08/07/2020 11:00:00 AM,29,10,19
08/07/2020 12:00:00 PM,36,18,18
08/07/2020 01:00:00 PM,37,15,22
08/07/2020 02:00:00 PM,41,23,18
08/07/2020 03:00:00 PM,39,14,25
08/07/2020 04:00:00 PM,59,29,30
08/07/2020 05:00:00 PM,61,34,27
08/07/2020 06:00:00 PM,42,21,21
08/07/2020 07:00:00 PM,29,13,16
08/07/2020 08:00:00 PM,16,11,5
08/07/2020 09:00:00 PM,8,3,5
08/07/2020 10:00:00 PM,8,8,0
08/07/2020 11:00:00 PM,3,1,2
08/08/2020 12:00:00 AM,3,2,1
08/08/2020 01:00:00 AM,3,2,1
08/08/2020 02:00:00 AM,4,0,4
08/08/2020 03:00:00 AM,0,0,0
08/08/2020 04:00:00 AM,2,1,1
08/08/2020 05:00:00 AM,2,1,1
08/08/2020 06:00:00 AM,5,3,2
08/08/2020 07:00:00 AM,8,3,5
08/08/2020 08:00:00 AM,7,2,5
08/08/2020 09:00:00 AM,21,7,14
08/08/2020 10:00:00 AM,14,5,9
08/08/2020 11:00:00 AM,32,16,16
08/08/2020 12:00:00 PM,29,13,16
08/08/2020 01:00:00 PM,27,11,16
08/08/2020 02:00:00 PM,29,10,19
08/08/2020 03:00:00 PM,16,8,8
08/08/2020 04:00:00 PM,31,15,16
08/08/2020 05:00:00 PM,38,19,19
08/08/2020 06:00:00 PM,25,14,11
08/08/2020 07:00:00 PM,28,19,9
08/08/2020 08:00:00 PM,8,5,3
08/08/2020 09:00:00 PM,18,5,13
08/08/2020 10:00:00 PM,6,4,2
08/08/2020 11:00:00 PM,5,3,2
08/09/2020 12:00:00 AM,3,3,0
08/09/2020 01:00:00 AM,2,0,2
08/09/2020 02:00:00 AM,1,0,1
08/09/2020 03:00:00 AM,0,0,0
08/09/2020 04:00:00 AM,1,1,0
08/09/2020 05:00:00 AM,1,1,0
08/09/2020 06:00:00 AM,5,2,3
08/09/2020 07:00:00 AM,12,3,9
08/09/2020 08:00:00 AM,14,6,8
08/09/2020 09:00:00 AM,15,8,7
08/09/2020 10:00:00 AM,23,7,16
08/09/2020 11:00:00 AM,33,17,16
08/09/2020 12:00:00 PM,42,22,20
08/09/2020 01:00:00 PM,34,13,21
08/09/2020 02:00:00 PM,35,8,27
08/09/2020 03:00:00 PM,31,23,8
08/09/2020 04:00:00 PM,48,25,23
08/09/2020 05:00:00 PM,31,21,10
08/09/2020 06:00:00 PM,32,11,21
08/09/2020 07:00:00 PM,24,15,9
08/09/2020 08:00:00 PM,31,21,10
08/09/2020 09:00:00 PM,9,5,4
08/09/2020 10:00:00 PM,4,2,2
08/09/2020 11:00:00 PM,1,1,0
08/10/2020 12:00:00 AM,0,0,0
08/10/2020 01:00:00 AM,0,0,0
08/10/2020 02:00:00 AM,2,0,2
08/10/2020 03:00:00 AM,1,0,1
08/10/2020 04:00:00 AM,1,0,1
08/10/2020 05:00:00 AM,7,4,3
08/10/2020 06:00:00 AM,23,17,6
08/10/2020 07:00:00 AM,29,18,11
08/10/2020 08:00:00 AM,33,18,15
08/10/2020 09:00:00 AM,26,16,10
08/10/2020 10:00:00 AM,16,7,9
08/10/2020 11:00:00 AM,23,9,14
08/10/2020 12:00:00 PM,28,8,20
08/10/2020 01:00:00 PM,24,17,7
08/10/2020 02:00:00 PM,25,10,15
08/10/2020 03:00:00 PM,40,18,22
08/10/2020 04:00:00 PM,49,18,31
08/10/2020 05:00:00 PM,56,23,33
08/10/2020 06:00:00 PM,35,18,17
08/10/2020 07:00:00 PM,27,11,16
08/10/2020 08:00:00 PM,18,8,10
08/10/2020 09:00:00 PM,11,7,4
08/10/2020 10:00:00 PM,4,2,2
08/10/2020 11:00:00 PM,1,1,0
08/11/2020 12:00:00 AM,0,0,0
08/11/2020 01:00:00 AM,2,2,0
08/11/2020 02:00:00 AM,2,0,2
08/11/2020 03:00:00 AM,2,1,1
08/11/2020 04:00:00 AM,2,0,2
08/11/2020 05:00:00 AM,15,10,5
08/11/2020 06:00:00 AM,25,15,10
08/11/2020 07:00:00 AM,40,22,18
08/11/2020 08:00:00 AM,40,22,18
08/11/2020 09:00:00 AM,26,15,11
08/11/2020 10:00:00 AM,16,10,6
08/11/2020 11:00:00 AM,33,10,23
08/11/2020 12:00:00 PM,24,12,12
08/11/2020 01:00:00 PM,25,14,11
08/11/2020 02:00:00 PM,42,20,22
08/11/2020 03:00:00 PM,46,20,26
08/11/2020 04:00:00 PM,55,25,30
08/11/2020 05:00:00 PM,82,40,42
08/11/2020 06:00:00 PM,42,15,27
08/11/2020 07:00:00 PM,33,15,18
08/11/2020 08:00:00 PM,24,8,16
08/11/2020 09:00:00 PM,11,6,5
08/11/2020 10:00:00 PM,4,4,0
08/11/2020 11:00:00 PM,2,1,1
08/12/2020 12:00:00 AM,2,0,2
08/12/2020 01:00:00 AM,1,1,0
08/12/2020 02:00:00 AM,0,0,0
08/12/2020 03:00:00 AM,1,0,1
08/12/2020 04:00:00 AM,1,1,0
08/12/2020 05:00:00 AM,10,5,5
08/12/2020 06:00:00 AM,33,24,9
08/12/2020 07:00:00 AM,38,24,14
08/12/2020 08:00:00 AM,38,18,20
08/12/2020 09:00:00 AM,20,16,4
08/12/2020 10:00:00 AM,21,10,11
08/12/2020 11:00:00 AM,22,9,13
08/12/2020 12:00:00 PM,24,13,11
08/12/2020 01:00:00 PM,29,14,15
08/12/2020 02:00:00 PM,33,15,18
08/12/2020 03:00:00 PM,33,9,24
08/12/2020 04:00:00 PM,60,19,41
08/12/2020 05:00:00 PM,59,24,35
08/12/2020 06:00:00 PM,36,13,23
08/12/2020 07:00:00 PM,34,16,18
08/12/2020 08:00:00 PM,21,15,6
08/12/2020 09:00:00 PM,11,6,5
08/12/2020 10:00:00 PM,7,6,1
08/12/2020 11:00:00 PM,4,4,0
08/13/2020 12:00:00 AM,2,0,2
08/13/2020 01:00:00 AM,2,1,1
08/13/2020 02:00:00 AM,0,0,0
08/13/2020 03:00:00 AM,0,0,0
08/13/2020 04:00:00 AM,1,1,0
08/13/2020 05:00:00 AM,14,8,6
08/13/2020 06:00:00 AM,21,17,4
08/13/2020 07:00:00 AM,37,20,17
08/13/2020 08:00:00 AM,42,23,19
08/13/2020 09:00:00 AM,26,15,11
08/13/2020 10:00:00 AM,31,15,16
08/13/2020 11:00:00 AM,28,17,11
08/13/2020 12:00:00 PM,35,22,13
08/13/2020 01:00:00 PM,26,12,14
08/13/2020 02:00:00 PM,39,14,25
08/13/2020 03:00:00 PM,54,26,28
08/13/2020 04:00:00 PM,57,25,32
08/13/2020 05:00:00 PM,68,35,33
08/13/2020 06:00:00 PM,52,18,34
08/13/2020 07:00:00 PM,44,27,17
08/13/2020 08:00:00 PM,10,7,3
08/13/2020 09:00:00 PM,13,5,8
08/13/2020 10:00:00 PM,11,7,4
08/13/2020 11:00:00 PM,3,2,1
08/14/2020 12:00:00 AM,1,0,1
08/14/2020 01:00:00 AM,0,0,0
08/14/2020 02:00:00 AM,0,0,0
08/14/2020 03:00:00 AM,0,0,0
08/14/2020 04:00:00 AM,0,0,0
08/14/2020 05:00:00 AM,16,10,6
08/14/2020 06:00:00 AM,23,17,6
08/14/2020 07:00:00 AM,33,23,10
08/14/2020 08:00:00 AM,38,19,19
08/14/2020 09:00:00 AM,34,19,15
08/14/2020 10:00:00 AM,14,5,9
08/14/2020 11:00:00 AM,26,10,16
08/14/2020 12:00:00 PM,28,11,17
08/14/2020 01:00:00 PM,32,14,18
08/14/2020 02:00:00 PM,44,22,22
08/14/2020 03:00:00 PM,46,18,28
08/14/2020 04:00:00 PM,55,24,31
08/14/2020 05:00:00 PM,52,27,25
08/14/2020 06:00:00 PM,42,12,30
08/14/2020 07:00:00 PM,29,17,12
08/14/2020 08:00:00 PM,16,11,5
08/14/2020 09:00:00 PM,10,3,7
08/14/2020 10:00:00 PM,5,4,1
08/14/2020 11:00:00 PM,3,1,2
08/15/2020 12:00:00 AM,3,2,1
08/15/2020 01:00:00 AM,1,1,0
08/15/2020 02:00:00 AM,2,1,1
08/15/2020 03:00:00 AM,3,0,3
08/15/2020 04:00:00 AM,3,1,2
08/15/2020 05:00:00 AM,1,0,1
08/15/2020 06:00:00 AM,4,3,1
08/15/2020 07:00:00 AM,8,2,6
08/15/2020 08:00:00 AM,16,5,11
08/15/2020 09:00:00 AM,28,10,18
08/15/2020 10:00:00 AM,25,9,16
08/15/2020 11:00:00 AM,34,13,21
08/15/2020 12:00:00 PM,41,15,26
08/15/2020 01:00:00 PM,42,23,19
08/15/2020 02:00:00 PM,50,21,29
08/15/2020 03:00:00 PM,44,24,20
08/15/2020 04:00:00 PM,33,13,20
08/15/2020 05:00:00 PM,42,21,21
08/15/2020 06:00:00 PM,39,25,14
08/15/2020 07:00:00 PM,13,7,6
08/15/2020 08:00:00 PM,15,6,9
08/15/2020 09:00:00 PM,7,5,2
08/15/2020 10:00:00 PM,16,11,5
08/15/2020 11:00:00 PM,6,3,3
08/16/2020 12:00:00 AM,1,0,1
08/16/2020 01:00:00 AM,1,1,0
08/16/2020 02:00:00 AM,2,0,2
08/16/2020 03:00:00 AM,1,1,0
08/16/2020 04:00:00 AM,0,0,0
08/16/2020 05:00:00 AM,1,0,1
08/16/2020 06:00:00 AM,5,3,2
08/16/2020 07:00:00 AM,12,8,4
08/16/2020 08:00:00 AM,12,3,9
08/16/2020 09:00:00 AM,27,13,14
08/16/2020 10:00:00 AM,27,13,14
08/16/2020 11:00:00 AM,31,16,15
08/16/2020 12:00:00 PM,21,9,12
08/16/2020 01:00:00 PM,24,14,10
08/16/2020 02:00:00 PM,27,14,13
08/16/2020 03:00:00 PM,22,16,6
08/16/2020 04:00:00 PM,26,19,7
08/16/2020 05:00:00 PM,12,6,6
08/16/2020 06:00:00 PM,17,9,8
08/16/2020 07:00:00 PM,17,6,11
08/16/2020 08:00:00 PM,19,11,8
08/16/2020 09:00:00 PM,12,7,5
08/16/2020 10:00:00 PM,7,6,1
08/16/2020 11:00:00 PM,2,1,1
08/17/2020 12:00:00 AM,0,0,0
08/17/2020 01:00:00 AM,1,1,0
08/17/2020 02:00:00 AM,2,2,0
08/17/2020 03:00:00 AM,1,0,1
08/17/2020 04:00:00 AM,0,0,0
08/17/2020 05:00:00 AM,15,10,5
08/17/2020 06:00:00 AM,17,11,6
08/17/2020 07:00:00 AM,41,31,10
08/17/2020 08:00:00 AM,44,24,20
08/17/2020 09:00:00 AM,21,15,6
08/17/2020 10:00:00 AM,20,8,12
08/17/2020 11:00:00 AM,17,8,9
08/17/2020 12:00:00 PM,25,15,10
08/17/2020 01:00:00 PM,27,14,13
08/17/2020 02:00:00 PM,29,15,14
08/17/2020 03:00:00 PM,44,19,25
08/17/2020 04:00:00 PM,68,24,44
08/17/2020 05:00:00 PM,54,22,32
08/17/2020 06:00:00 PM,31,13,18
08/17/2020 07:00:00 PM,23,13,10
08/17/2020 08:00:00 PM,17,5,12
08/17/2020 09:00:00 PM,5,1,4
08/17/2020 10:00:00 PM,2,1,1
08/17/2020 11:00:00 PM,2,2,0
08/18/2020 12:00:00 AM,1,0,1
08/18/2020 01:00:00 AM,0,0,0
08/18/2020 02:00:00 AM,0,0,0
08/18/2020 03:00:00 AM,0,0,0
08/18/2020 04:00:00 AM,0,0,0
08/18/2020 05:00:00 AM,15,7,8
08/18/2020 06:00:00 AM,27,18,9
08/18/2020 07:00:00 AM,40,25,15
08/18/2020 08:00:00 AM,32,16,16
08/18/2020 09:00:00 AM,27,13,14
08/18/2020 10:00:00 AM,10,4,6
08/18/2020 11:00:00 AM,27,11,16
08/18/2020 12:00:00 PM,23,11,12
08/18/2020 01:00:00 PM,35,19,16
08/18/2020 02:00:00 PM,29,12,17
08/18/2020 03:00:00 PM,45,16,29
08/18/2020 04:00:00 PM,52,19,33
08/18/2020 05:00:00 PM,77,35,42
08/18/2020 06:00:00 PM,30,15,15
08/18/2020 07:00:00 PM,31,15,16
08/18/2020 08:00:00 PM,18,9,9
08/18/2020 09:00:00 PM,12,8,4
08/18/2020 10:00:00 PM,9,6,3
08/18/2020 11:00:00 PM,3,3,0
08/19/2020 12:00:00 AM,6,5,1
08/19/2020 01:00:00 AM,0,0,0
08/19/2020 02:00:00 AM,1,1,0
08/19/2020 03:00:00 AM,1,0,1
08/19/2020 04:00:00 AM,1,0,1
08/19/2020 05:00:00 AM,18,11,7
08/19/2020 06:00:00 AM,23,18,5
08/19/2020 07:00:00 AM,41,26,15
08/19/2020 08:00:00 AM,40,26,14
08/19/2020 09:00:00 AM,27,14,13
08/19/2020 10:00:00 AM,18,10,8
08/19/2020 11:00:00 AM,27,8,19
08/19/2020 12:00:00 PM,24,9,15
08/19/2020 01:00:00 PM,26,11,15
08/19/2020 02:00:00 PM,39,16,23
08/19/2020 03:00:00 PM,40,13,27
08/19/2020 04:00:00 PM,41,11,30
08/19/2020 05:00:00 PM,84,30,54
08/19/2020 06:00:00 PM,46,24,22
08/19/2020 07:00:00 PM,27,9,18
08/19/2020 08:00:00 PM,21,10,11
08/19/2020 09:00:00 PM,12,6,6
08/19/2020 10:00:00 PM,11,9,2
08/19/2020 11:00:00 PM,6,5,1
08/20/2020 12:00:00 AM,1,1,0
08/20/2020 01:00:00 AM,0,0,0
08/20/2020 02:00:00 AM,1,1,0
08/20/2020 03:00:00 AM,0,0,0
08/20/2020 04:00:00 AM,1,0,1
08/20/2020 05:00:00 AM,10,8,2
08/20/2020 06:00:00 AM,22,15,7
08/20/2020 07:00:00 AM,26,17,9
08/20/2020 08:00:00 AM,27,15,12
08/20/2020 09:00:00 AM,28,16,12
08/20/2020 10:00:00 AM,14,8,6
08/20/2020 11:00:00 AM,31,13,18
08/20/2020 12:00:00 PM,30,18,12
08/20/2020 01:00:00 PM,30,12,18
08/20/2020 02:00:00 PM,35,12,23
08/20/2020 03:00:00 PM,39,13,26
08/20/2020 04:00:00 PM,49,21,28
08/20/2020 05:00:00 PM,50,22,28
08/20/2020 06:00:00 PM,37,18,19
08/20/2020 07:00:00 PM,32,18,14
08/20/2020 08:00:00 PM,14,4,10
08/20/2020 09:00:00 PM,9,5,4
08/20/2020 10:00:00 PM,9,6,3
08/20/2020 11:00:00 PM,6,3,3
08/21/2020 12:00:00 AM,1,1,0
08/21/2020 01:00:00 AM,0,0,0
08/21/2020 02:00:00 AM,1,1,0
08/21/2020 03:00:00 AM,0,0,0
08/21/2020 04:00:00 AM,1,1,0
08/21/2020 05:00:00 AM,6,4,2
08/21/2020 06:00:00 AM,19,13,6
08/21/2020 07:00:00 AM,33,23,10
08/21/2020 08:00:00 AM,28,14,14
08/21/2020 09:00:00 AM,27,14,13
08/21/2020 10:00:00 AM,14,5,9
08/21/2020 11:00:00 AM,33,13,20
08/21/2020 12:00:00 PM,15,9,6
08/21/2020 01:00:00 PM,17,10,7
08/21/2020 02:00:00 PM,36,15,21
08/21/2020 03:00:00 PM,28,8,20
08/21/2020 04:00:00 PM,43,11,32
08/21/2020 05:00:00 PM,44,16,28
08/21/2020 06:00:00 PM,32,8,24
08/21/2020 07:00:00 PM,26,16,10
08/21/2020 08:00:00 PM,14,9,5
08/21/2020 09:00:00 PM,9,2,7
08/21/2020 10:00:00 PM,6,4,2
08/21/2020 11:00:00 PM,5,4,1
08/22/2020 12:00:00 AM,5,4,1
08/22/2020 01:00:00 AM,0,0,0
08/22/2020 02:00:00 AM,3,2,1
08/22/2020 03:00:00 AM,1,0,1
08/22/2020 04:00:00 AM,0,0,0
08/22/2020 05:00:00 AM,1,1,0
08/22/2020 06:00:00 AM,6,4,2
08/22/2020 07:00:00 AM,8,3,5
08/22/2020 08:00:00 AM,10,4,6
08/22/2020 09:00:00 AM,19,8,11
08/22/2020 10:00:00 AM,15,7,8
08/22/2020 11:00:00 AM,47,20,27
08/22/2020 12:00:00 PM,30,17,13
08/22/2020 01:00:00 PM,48,24,24
08/22/2020 02:00:00 PM,34,13,21
08/22/2020 03:00:00 PM,36,18,18
08/22/2020 04:00:00 PM,40,22,18
08/22/2020 05:00:00 PM,42,20,22
08/22/2020 06:00:00 PM,23,12,11
08/22/2020 07:00:00 PM,26,18,8
08/22/2020 08:00:00 PM,14,8,6
08/22/2020 09:00:00 PM,11,6,5
08/22/2020 10:00:00 PM,5,5,0
08/22/2020 11:00:00 PM,7,6,1
08/23/2020 12:00:00 AM,3,2,1
08/23/2020 01:00:00 AM,2,2,0
08/23/2020 02:00:00 AM,0,0,0
08/23/2020 03:00:00 AM,0,0,0
08/23/2020 04:00:00 AM,1,1,0
08/23/2020 05:00:00 AM,4,1,3
08/23/2020 06:00:00 AM,3,0,3
08/23/2020 07:00:00 AM,8,1,7
08/23/2020 08:00:00 AM,9,1,8
08/23/2020 09:00:00 AM,16,8,8
08/23/2020 10:00:00 AM,17,6,11
08/23/2020 11:00:00 AM,41,23,18
08/23/2020 12:00:00 PM,41,21,20
08/23/2020 01:00:00 PM,39,24,15
08/23/2020 02:00:00 PM,54,25,29
08/23/2020 03:00:00 PM,56,27,29
08/23/2020 04:00:00 PM,37,24,13
08/23/2020 05:00:00 PM,32,20,12
08/23/2020 06:00:00 PM,30,17,13
08/23/2020 07:00:00 PM,25,15,10
08/23/2020 08:00:00 PM,15,8,7
08/23/2020 09:00:00 PM,3,1,2
08/23/2020 10:00:00 PM,8,3,5
08/23/2020 11:00:00 PM,1,0,1
08/24/2020 12:00:00 AM,1,0,1
08/24/2020 01:00:00 AM,1,0,1
08/24/2020 02:00:00 AM,0,0,0
08/24/2020 03:00:00 AM,1,0,1
08/24/2020 04:00:00 AM,1,0,1
08/24/2020 05:00:00 AM,13,9,4
08/24/2020 06:00:00 AM,24,14,10
08/24/2020 07:00:00 AM,37,22,15
08/24/2020 08:00:00 AM,39,22,17
08/24/2020 09:00:00 AM,29,13,16
08/24/2020 10:00:00 AM,12,4,8
08/24/2020 11:00:00 AM,11,6,5
08/24/2020 12:00:00 PM,24,14,10
08/24/2020 01:00:00 PM,19,12,7
08/24/2020 02:00:00 PM,31,12,19
08/24/2020 03:00:00 PM,49,22,27
08/24/2020 04:00:00 PM,54,28,26
08/24/2020 05:00:00 PM,75,29,46
08/24/2020 06:00:00 PM,35,14,21
08/24/2020 07:00:00 PM,30,22,8
08/24/2020 08:00:00 PM,14,5,9
08/24/2020 09:00:00 PM,8,4,4
08/24/2020 10:00:00 PM,3,2,1
08/24/2020 11:00:00 PM,6,5,1
08/25/2020 12:00:00 AM,0,0,0
08/25/2020 01:00:00 AM,1,0,1
08/25/2020 02:00:00 AM,0,0,0
08/25/2020 03:00:00 AM,0,0,0
08/25/2020 04:00:00 AM,1,0,1
08/25/2020 05:00:00 AM,14,10,4
08/25/2020 06:00:00 AM,34,22,12
08/25/2020 07:00:00 AM,40,18,22
08/25/2020 08:00:00 AM,28,13,15
08/25/2020 09:00:00 AM,33,15,18
08/25/2020 10:00:00 AM,19,14,5
08/25/2020 11:00:00 AM,18,2,16
08/25/2020 12:00:00 PM,36,16,20
08/25/2020 01:00:00 PM,32,21,11
08/25/2020 02:00:00 PM,31,11,20
08/25/2020 03:00:00 PM,42,17,25
08/25/2020 04:00:00 PM,53,22,31
08/25/2020 05:00:00 PM,68,29,39
08/25/2020 06:00:00 PM,40,16,24
08/25/2020 07:00:00 PM,32,20,12
08/25/2020 08:00:00 PM,15,8,7
08/25/2020 09:00:00 PM,10,6,4
08/25/2020 10:00:00 PM,4,4,0
08/25/2020 11:00:00 PM,5,5,0
08/26/2020 12:00:00 AM,2,2,0
08/26/2020 01:00:00 AM,0,0,0
08/26/2020 02:00:00 AM,0,0,0
08/26/2020 03:00:00 AM,0,0,0
08/26/2020 04:00:00 AM,3,1,2
08/26/2020 05:00:00 AM,8,5,3
08/26/2020 06:00:00 AM,30,19,11
08/26/2020 07:00:00 AM,40,22,18
08/26/2020 08:00:00 AM,40,19,21
08/26/2020 09:00:00 AM,36,23,13
08/26/2020 10:00:00 AM,20,14,6
08/26/2020 11:00:00 AM,28,13,15
08/26/2020 12:00:00 PM,36,17,19
08/26/2020 01:00:00 PM,30,13,17
08/26/2020 02:00:00 PM,40,15,25
08/26/2020 03:00:00 PM,40,15,25
08/26/2020 04:00:00 PM,48,20,28
08/26/2020 05:00:00 PM,83,40,43
08/26/2020 06:00:00 PM,45,26,19
08/26/2020 07:00:00 PM,25,17,8
08/26/2020 08:00:00 PM,13,6,7
08/26/2020 09:00:00 PM,17,10,7
08/26/2020 10:00:00 PM,11,5,6
08/26/2020 11:00:00 PM,5,3,2
08/27/2020 12:00:00 AM,0,0,0
08/27/2020 01:00:00 AM,0,0,0
08/27/2020 02:00:00 AM,4,1,3
08/27/2020 03:00:00 AM,0,0,0
08/27/2020 04:00:00 AM,0,0,0
08/27/2020 05:00:00 AM,10,8,2
08/27/2020 06:00:00 AM,29,20,9
08/27/2020 07:00:00 AM,29,14,15
08/27/2020 08:00:00 AM,31,17,14
08/27/2020 09:00:00 AM,23,13,10
08/27/2020 10:00:00 AM,32,13,19
08/27/2020 11:00:00 AM,33,17,16
08/27/2020 12:00:00 PM,22,8,14
08/27/2020 01:00:00 PM,43,20,23
08/27/2020 02:00:00 PM,27,9,18
08/27/2020 03:00:00 PM,56,25,31
08/27/2020 04:00:00 PM,55,21,34
08/27/2020 05:00:00 PM,79,26,53
08/27/2020 06:00:00 PM,43,21,22
08/27/2020 07:00:00 PM,23,13,10
08/27/2020 08:00:00 PM,23,8,15
08/27/2020 09:00:00 PM,9,4,5
08/27/2020 10:00:00 PM,10,6,4
08/27/2020 11:00:00 PM,2,2,0
08/28/2020 12:00:00 AM,2,1,1
08/28/2020 01:00:00 AM,0,0,0
08/28/2020 02:00:00 AM,0,0,0
08/28/2020 03:00:00 AM,1,0,1
08/28/2020 04:00:00 AM,0,0,0
08/28/2020 05:00:00 AM,5,4,1
08/28/2020 06:00:00 AM,26,20,6
08/28/2020 07:00:00 AM,33,18,15
08/28/2020 08:00:00 AM,39,19,20
08/28/2020 09:00:00 AM,26,16,10
08/28/2020 10:00:00 AM,27,14,13
08/28/2020 11:00:00 AM,23,11,12
08/28/2020 12:00:00 PM,31,18,13
08/28/2020 01:00:00 PM,26,13,13
08/28/2020 02:00:00 PM,51,15,36
08/28/2020 03:00:00 PM,58,22,36
08/28/2020 04:00:00 PM,45,17,28
08/28/2020 05:00:00 PM,67,28,39
08/28/2020 06:00:00 PM,39,13,26
08/28/2020 07:00:00 PM,32,19,13
08/28/2020 08:00:00 PM,22,8,14
08/28/2020 09:00:00 PM,11,3,8
08/28/2020 10:00:00 PM,11,9,2
08/28/2020 11:00:00 PM,7,4,3
08/29/2020 12:00:00 AM,2,1,1
08/29/2020 01:00:00 AM,1,1,0
08/29/2020 02:00:00 AM,0,0,0
08/29/2020 03:00:00 AM,0,0,0
08/29/2020 04:00:00 AM,1,1,0
08/29/2020 05:00:00 AM,0,0,0
08/29/2020 06:00:00 AM,6,4,2
08/29/2020 07:00:00 AM,12,8,4
08/29/2020 08:00:00 AM,15,6,9
08/29/2020 09:00:00 AM,16,10,6
08/29/2020 10:00:00 AM,24,6,18
08/29/2020 11:00:00 AM,34,18,16
08/29/2020 12:00:00 PM,52,20,32
08/29/2020 01:00:00 PM,27,16,11
08/29/2020 02:00:00 PM,44,21,23
08/29/2020 03:00:00 PM,40,15,25
08/29/2020 04:00:00 PM,34,19,15
08/29/2020 05:00:00 PM,32,18,14
08/29/2020 06:00:00 PM,35,15,20
08/29/2020 07:00:00 PM,23,19,4
08/29/2020 08:00:00 PM,3,2,1
08/29/2020 09:00:00 PM,8,4,4
08/29/2020 10:00:00 PM,7,4,3
08/29/2020 11:00:00 PM,3,2,1
08/30/2020 12:00:00 AM,3,3,0
08/30/2020 01:00:00 AM,0,0,0
08/30/2020 02:00:00 AM,1,1,0
08/30/2020 03:00:00 AM,0,0,0
08/30/2020 04:00:00 AM,0,0,0
08/30/2020 05:00:00 AM,2,0,2
08/30/2020 06:00:00 AM,3,1,2
08/30/2020 07:00:00 AM,6,4,2
08/30/2020 08:00:00 AM,8,3,5
08/30/2020 09:00:00 AM,29,10,19
08/30/2020 10:00:00 AM,24,11,13
08/30/2020 11:00:00 AM,43,23,20
08/30/2020 12:00:00 PM,40,18,22
08/30/2020 01:00:00 PM,39,19,20
08/30/2020 02:00:00 PM,53,32,21
08/30/2020 03:00:00 PM,33,20,13
08/30/2020 04:00:00 PM,44,20,24
08/30/2020 05:00:00 PM,40,21,19
08/30/2020 06:00:00 PM,24,15,9
08/30/2020 07:00:00 PM,17,6,11
08/30/2020 08:00:00 PM,8,5,3
08/30/2020 09:00:00 PM,6,6,0
08/30/2020 10:00:00 PM,3,2,1
08/30/2020 11:00:00 PM,2,1,1
08/31/2020 12:00:00 AM,1,0,1
08/31/2020 01:00:00 AM,1,0,1
08/31/2020 02:00:00 AM,0,0,0
08/31/2020 03:00:00 AM,2,2,0
08/31/2020 04:00:00 AM,1,0,1
08/31/2020 05:00:00 AM,16,13,3
08/31/2020 06:00:00 AM,23,16,7
08/31/2020 07:00:00 AM,33,18,15
08/31/2020 08:00:00 AM,38,21,17
08/31/2020 09:00:00 AM,20,12,8
08/31/2020 10:00:00 AM,17,10,7
08/31/2020 11:00:00 AM,27,8,19
08/31/2020 12:00:00 PM,34,19,15
08/31/2020 01:00:00 PM,40,21,19
08/31/2020 02:00:00 PM,51,17,34
08/31/2020 03:00:00 PM,42,15,27
08/31/2020 04:00:00 PM,57,22,35
08/31/2020 05:00:00 PM,45,19,26
08/31/2020 06:00:00 PM,18,6,12
08/31/2020 07:00:00 PM,27,10,17
08/31/2020 08:00:00 PM,10,4,6
08/31/2020 09:00:00 PM,12,7,5
08/31/2020 10:00:00 PM,6,2,4
08/31/2020 11:00:00 PM,1,1,0
09/01/2020 12:00:00 AM,2,0,2
09/01/2020 01:00:00 AM,0,0,0
09/01/2020 02:00:00 AM,3,2,1
09/01/2020 03:00:00 AM,0,0,0
09/01/2020 04:00:00 AM,0,0,0
09/01/2020 05:00:00 AM,13,5,8
09/01/2020 06:00:00 AM,25,10,15
09/01/2020 07:00:00 AM,40,15,25
09/01/2020 08:00:00 AM,39,13,26
09/01/2020 09:00:00 AM,22,9,13
09/01/2020 10:00:00 AM,21,11,10
09/01/2020 11:00:00 AM,30,15,15
09/01/2020 12:00:00 PM,36,24,12
09/01/2020 01:00:00 PM,22,12,10
09/01/2020 02:00:00 PM,38,20,18
09/01/2020 03:00:00 PM,38,27,11
09/01/2020 04:00:00 PM,60,35,25
09/01/2020 05:00:00 PM,77,40,37
09/01/2020 06:00:00 PM,53,29,24
09/01/2020 07:00:00 PM,34,19,15
09/01/2020 08:00:00 PM,21,15,6
09/01/2020 09:00:00 PM,12,3,9
09/01/2020 10:00:00 PM,4,3,1
09/01/2020 11:00:00 PM,4,2,2
09/02/2020 12:00:00 AM,2,0,2
09/02/2020 01:00:00 AM,1,0,1
09/02/2020 02:00:00 AM,3,3,0
09/02/2020 03:00:00 AM,0,0,0
09/02/2020 04:00:00 AM,2,1,1
09/02/2020 05:00:00 AM,13,5,8
09/02/2020 06:00:00 AM,29,8,21
09/02/2020 07:00:00 AM,52,20,32
09/02/2020 08:00:00 AM,44,21,23
09/02/2020 09:00:00 AM,23,5,18
09/02/2020 10:00:00 AM,25,12,13
09/02/2020 11:00:00 AM,31,14,17
09/02/2020 12:00:00 PM,32,18,14
09/02/2020 01:00:00 PM,34,18,16
09/02/2020 02:00:00 PM,51,30,21
09/02/2020 03:00:00 PM,43,25,18
09/02/2020 04:00:00 PM,57,38,19
09/02/2020 05:00:00 PM,103,54,49
09/02/2020 06:00:00 PM,57,39,18
09/02/2020 07:00:00 PM,26,12,14
09/02/2020 08:00:00 PM,24,10,14
09/02/2020 09:00:00 PM,12,4,8
09/02/2020 10:00:00 PM,16,6,10
09/02/2020 11:00:00 PM,3,2,1
09/03/2020 12:00:00 AM,2,1,1
09/03/2020 01:00:00 AM,0,0,0
09/03/2020 02:00:00 AM,0,0,0
09/03/2020 03:00:00 AM,1,1,0
09/03/2020 04:00:00 AM,2,0,2
09/03/2020 05:00:00 AM,16,6,10
09/03/2020 06:00:00 AM,29,8,21
09/03/2020 07:00:00 AM,53,22,31
09/03/2020 08:00:00 AM,41,16,25
09/03/2020 09:00:00 AM,26,9,17
09/03/2020 10:00:00 AM,20,13,7
09/03/2020 11:00:00 AM,30,18,12
09/03/2020 12:00:00 PM,35,15,20
09/03/2020 01:00:00 PM,42,22,20
09/03/2020 02:00:00 PM,45,23,22
09/03/2020 03:00:00 PM,56,31,25
09/03/2020 04:00:00 PM,63,42,21
09/03/2020 05:00:00 PM,69,46,23
09/03/2020 06:00:00 PM,59,30,29
09/03/2020 07:00:00 PM,25,9,16
09/03/2020 08:00:00 PM,19,14,5
09/03/2020 09:00:00 PM,20,7,13
09/03/2020 10:00:00 PM,4,2,2
09/03/2020 11:00:00 PM,6,0,6
09/04/2020 12:00:00 AM,7,3,4
09/04/2020 01:00:00 AM,1,0,1
09/04/2020 02:00:00 AM,0,0,0
09/04/2020 03:00:00 AM,1,1,0
09/04/2020 04:00:00 AM,1,1,0
09/04/2020 05:00:00 AM,10,3,7
09/04/2020 06:00:00 AM,27,10,17
09/04/2020 07:00:00 AM,36,18,18
09/04/2020 08:00:00 AM,39,13,26
09/04/2020 09:00:00 AM,23,9,14
09/04/2020 10:00:00 AM,26,12,14
09/04/2020 11:00:00 AM,28,17,11
09/04/2020 12:00:00 PM,38,25,13
09/04/2020 01:00:00 PM,25,13,12
09/04/2020 02:00:00 PM,46,30,16
09/04/2020 03:00:00 PM,61,32,29
09/04/2020 04:00:00 PM,58,36,22
09/04/2020 05:00:00 PM,63,36,27
09/04/2020 06:00:00 PM,26,17,9
09/04/2020 07:00:00 PM,33,17,16
09/04/2020 08:00:00 PM,22,7,15
09/04/2020 09:00:00 PM,10,7,3
09/04/2020 10:00:00 PM,10,6,4
09/04/2020 11:00:00 PM,8,3,5
09/05/2020 12:00:00 AM,2,1,1
09/05/2020 01:00:00 AM,0,0,0
09/05/2020 02:00:00 AM,4,1,3
09/05/2020 03:00:00 AM,1,0,1
09/05/2020 04:00:00 AM,1,0,1
09/05/2020 05:00:00 AM,4,3,1
09/05/2020 06:00:00 AM,2,1,1
09/05/2020 07:00:00 AM,7,4,3
09/05/2020 08:00:00 AM,6,5,1
09/05/2020 09:00:00 AM,27,16,11
09/05/2020 10:00:00 AM,26,19,7
09/05/2020 11:00:00 AM,59,45,14
09/05/2020 12:00:00 PM,52,31,21
09/05/2020 01:00:00 PM,51,23,28
09/05/2020 02:00:00 PM,72,39,33
09/05/2020 03:00:00 PM,29,17,12
09/05/2020 04:00:00 PM,39,15,24
09/05/2020 05:00:00 PM,21,9,12
09/05/2020 06:00:00 PM,29,10,19
09/05/2020 07:00:00 PM,26,12,14
09/05/2020 08:00:00 PM,10,5,5
09/05/2020 09:00:00 PM,4,3,1
09/05/2020 10:00:00 PM,28,8,20
09/05/2020 11:00:00 PM,14,1,13
09/06/2020 12:00:00 AM,2,1,1
09/06/2020 01:00:00 AM,2,1,1
09/06/2020 02:00:00 AM,0,0,0
09/06/2020 03:00:00 AM,0,0,0
09/06/2020 04:00:00 AM,1,0,1
09/06/2020 05:00:00 AM,0,0,0
09/06/2020 06:00:00 AM,6,5,1
09/06/2020 07:00:00 AM,4,1,3
09/06/2020 08:00:00 AM,7,7,0
09/06/2020 09:00:00 AM,21,12,9
09/06/2020 10:00:00 AM,34,20,14
09/06/2020 11:00:00 AM,29,18,11
09/06/2020 12:00:00 PM,37,22,15
09/06/2020 01:00:00 PM,29,17,12
09/06/2020 02:00:00 PM,52,24,28
09/06/2020 03:00:00 PM,46,16,30
09/06/2020 04:00:00 PM,38,18,20
09/06/2020 05:00:00 PM,32,15,17
09/06/2020 06:00:00 PM,28,16,12
09/06/2020 07:00:00 PM,18,6,12
09/06/2020 08:00:00 PM,13,5,8
09/06/2020 09:00:00 PM,10,5,5
09/06/2020 10:00:00 PM,5,2,3
09/06/2020 11:00:00 PM,2,1,1
09/07/2020 12:00:00 AM,0,0,0
09/07/2020 01:00:00 AM,0,0,0
09/07/2020 02:00:00 AM,0,0,0
09/07/2020 03:00:00 AM,1,0,1
09/07/2020 04:00:00 AM,0,0,0
09/07/2020 05:00:00 AM,2,2,0
09/07/2020 06:00:00 AM,6,3,3
09/07/2020 07:00:00 AM,16,8,8
09/07/2020 08:00:00 AM,9,5,4
09/07/2020 09:00:00 AM,12,7,5
09/07/2020 10:00:00 AM,15,8,7
09/07/2020 11:00:00 AM,30,15,15
09/07/2020 12:00:00 PM,40,19,21
09/07/2020 01:00:00 PM,24,8,16
09/07/2020 02:00:00 PM,25,8,17
09/07/2020 03:00:00 PM,37,17,20
09/07/2020 04:00:00 PM,35,16,19
09/07/2020 05:00:00 PM,15,6,9
09/07/2020 06:00:00 PM,24,5,19
09/07/2020 07:00:00 PM,18,4,14
09/07/2020 08:00:00 PM,14,4,10
09/07/2020 09:00:00 PM,7,1,6
09/07/2020 10:00:00 PM,6,0,6
09/07/2020 11:00:00 PM,4,0,4
09/08/2020 12:00:00 AM,3,1,2
09/08/2020 01:00:00 AM,0,0,0
09/08/2020 02:00:00 AM,2,2,0
09/08/2020 03:00:00 AM,0,0,0
09/08/2020 04:00:00 AM,4,3,1
09/08/2020 05:00:00 AM,11,2,9
09/08/2020 06:00:00 AM,21,6,15
09/08/2020 07:00:00 AM,27,13,14
09/08/2020 08:00:00 AM,24,7,17
09/08/2020 09:00:00 AM,22,10,12
09/08/2020 10:00:00 AM,11,6,5
09/08/2020 11:00:00 AM,14,9,5
09/08/2020 12:00:00 PM,24,13,11
09/08/2020 01:00:00 PM,23,14,9
09/08/2020 02:00:00 PM,31,17,14
09/08/2020 03:00:00 PM,27,10,17
09/08/2020 04:00:00 PM,37,19,18
09/08/2020 05:00:00 PM,53,34,19
09/08/2020 06:00:00 PM,26,12,14
09/08/2020 07:00:00 PM,21,4,17
09/08/2020 08:00:00 PM,14,8,6
09/08/2020 09:00:00 PM,1,1,0
09/08/2020 10:00:00 PM,1,1,0
09/08/2020 11:00:00 PM,4,2,2
09/09/2020 12:00:00 AM,3,2,1
09/09/2020 01:00:00 AM,1,1,0
09/09/2020 02:00:00 AM,1,1,0
09/09/2020 03:00:00 AM,1,1,0
09/09/2020 04:00:00 AM,1,0,1
09/09/2020 05:00:00 AM,17,11,6
09/09/2020 06:00:00 AM,30,11,19
09/09/2020 07:00:00 AM,34,16,18
09/09/2020 08:00:00 AM,31,12,19
09/09/2020 09:00:00 AM,26,8,18
09/09/2020 10:00:00 AM,16,10,6
09/09/2020 11:00:00 AM,20,13,7
09/09/2020 12:00:00 PM,31,10,21
09/09/2020 01:00:00 PM,22,13,9
09/09/2020 02:00:00 PM,41,23,18
09/09/2020 03:00:00 PM,34,18,16
09/09/2020 04:00:00 PM,43,14,29
09/09/2020 05:00:00 PM,66,39,27
09/09/2020 06:00:00 PM,32,19,13
09/09/2020 07:00:00 PM,13,4,9
09/09/2020 08:00:00 PM,6,4,2
09/09/2020 09:00:00 PM,6,2,4
09/09/2020 10:00:00 PM,3,1,2
09/09/2020 11:00:00 PM,1,0,1
09/10/2020 12:00:00 AM,2,1,1
09/10/2020 01:00:00 AM,1,0,1
09/10/2020 02:00:00 AM,0,0,0
09/10/2020 03:00:00 AM,0,0,0
09/10/2020 04:00:00 AM,1,0,1
09/10/2020 05:00:00 AM,13,5,8
09/10/2020 06:00:00 AM,24,8,16
09/10/2020 07:00:00 AM,33,15,18
09/10/2020 08:00:00 AM,36,13,23
09/10/2020 09:00:00 AM,32,11,21
09/10/2020 10:00:00 AM,16,8,8
09/10/2020 11:00:00 AM,24,13,11
09/10/2020 12:00:00 PM,21,13,8
09/10/2020 01:00:00 PM,23,13,10
09/10/2020 02:00:00 PM,42,27,15
09/10/2020 03:00:00 PM,35,23,12
09/10/2020 04:00:00 PM,45,27,18
09/10/2020 05:00:00 PM,75,46,29
09/10/2020 06:00:00 PM,22,8,14
09/10/2020 07:00:00 PM,12,7,5
09/10/2020 08:00:00 PM,13,3,10
09/10/2020 09:00:00 PM,6,5,1
09/10/2020 10:00:00 PM,7,5,2
09/10/2020 11:00:00 PM,4,1,3
09/11/2020 12:00:00 AM,0,0,0
09/11/2020 01:00:00 AM,2,1,1
09/11/2020 02:00:00 AM,0,0,0
09/11/2020 03:00:00 AM,0,0,0
09/11/2020 04:00:00 AM,0,0,0
09/11/2020 05:00:00 AM,11,5,6
09/11/2020 06:00:00 AM,19,5,14
09/11/2020 07:00:00 AM,25,13,12
09/11/2020 08:00:00 AM,18,6,12
09/11/2020 09:00:00 AM,13,7,6
09/11/2020 10:00:00 AM,9,3,6
09/11/2020 11:00:00 AM,15,8,7
09/11/2020 12:00:00 PM,19,14,5
09/11/2020 01:00:00 PM,19,11,8
09/11/2020 02:00:00 PM,32,16,16
09/11/2020 03:00:00 PM,21,12,9
09/11/2020 04:00:00 PM,28,15,13
09/11/2020 05:00:00 PM,27,14,13
09/11/2020 06:00:00 PM,22,12,10
09/11/2020 07:00:00 PM,8,2,6
09/11/2020 08:00:00 PM,7,3,4
09/11/2020 09:00:00 PM,10,1,9
09/11/2020 10:00:00 PM,5,0,5
09/11/2020 11:00:00 PM,8,3,5
09/12/2020 12:00:00 AM,1,1,0
09/12/2020 01:00:00 AM,4,2,2
09/12/2020 02:00:00 AM,0,0,0
09/12/2020 03:00:00 AM,0,0,0
09/12/2020 04:00:00 AM,1,0,1
09/12/2020 05:00:00 AM,2,2,0
09/12/2020 06:00:00 AM,3,2,1
09/12/2020 07:00:00 AM,6,4,2
09/12/2020 08:00:00 AM,4,2,2
09/12/2020 09:00:00 AM,5,3,2
09/12/2020 10:00:00 AM,6,3,3
09/12/2020 11:00:00 AM,4,3,1
09/12/2020 12:00:00 PM,3,2,1
09/12/2020 01:00:00 PM,3,2,1
09/12/2020 02:00:00 PM,17,7,10
09/12/2020 03:00:00 PM,11,6,5
09/12/2020 04:00:00 PM,12,5,7
09/12/2020 05:00:00 PM,4,2,2
09/12/2020 06:00:00 PM,8,4,4
09/12/2020 07:00:00 PM,7,5,2
09/12/2020 08:00:00 PM,6,2,4
09/12/2020 09:00:00 PM,1,0,1
09/12/2020 10:00:00 PM,1,1,0
09/12/2020 11:00:00 PM,3,2,1
09/13/2020 12:00:00 AM,3,2,1
09/13/2020 01:00:00 AM,0,0,0
09/13/2020 02:00:00 AM,0,0,0
09/13/2020 03:00:00 AM,1,1,0
09/13/2020 04:00:00 AM,1,0,1
09/13/2020 05:00:00 AM,2,2,0
09/13/2020 06:00:00 AM,1,0,1
09/13/2020 07:00:00 AM,2,0,2
09/13/2020 08:00:00 AM,2,1,1
09/13/2020 09:00:00 AM,3,3,0
09/13/2020 10:00:00 AM,2,1,1
09/13/2020 11:00:00 AM,8,2,6
09/13/2020 12:00:00 PM,8,2,6
09/13/2020 01:00:00 PM,13,8,5
09/13/2020 02:00:00 PM,8,5,3
09/13/2020 03:00:00 PM,7,4,3
09/13/2020 04:00:00 PM,12,8,4
09/13/2020 05:00:00 PM,5,2,3
09/13/2020 06:00:00 PM,7,2,5
09/13/2020 07:00:00 PM,7,4,3
09/13/2020 08:00:00 PM,2,0,2
09/13/2020 09:00:00 PM,3,3,0
09/13/2020 10:00:00 PM,2,0,2
09/13/2020 11:00:00 PM,0,0,0
09/14/2020 12:00:00 AM,0,0,0
09/14/2020 01:00:00 AM,0,0,0
09/14/2020 02:00:00 AM,1,1,0
09/14/2020 03:00:00 AM,0,0,0
09/14/2020 04:00:00 AM,0,0,0
09/14/2020 05:00:00 AM,7,3,4
09/14/2020 06:00:00 AM,15,4,11
09/14/2020 07:00:00 AM,15,7,8
09/14/2020 08:00:00 AM,21,11,10
09/14/2020 09:00:00 AM,15,7,8
09/14/2020 10:00:00 AM,4,1,3
09/14/2020 11:00:00 AM,7,6,1
09/14/2020 12:00:00 PM,11,6,5
09/14/2020 01:00:00 PM,8,2,6
09/14/2020 02:00:00 PM,24,15,9
09/14/2020 03:00:00 PM,12,6,6
09/14/2020 04:00:00 PM,23,15,8
09/14/2020 05:00:00 PM,21,10,11
09/14/2020 06:00:00 PM,20,12,8
09/14/2020 07:00:00 PM,8,2,6
09/14/2020 08:00:00 PM,3,0,3
09/14/2020 09:00:00 PM,10,4,6
09/14/2020 10:00:00 PM,5,2,3
09/14/2020 11:00:00 PM,0,0,0
09/15/2020 12:00:00 AM,2,1,1
09/15/2020 01:00:00 AM,2,0,2
09/15/2020 02:00:00 AM,1,1,0
09/15/2020 03:00:00 AM,0,0,0
09/15/2020 04:00:00 AM,0,0,0
09/15/2020 05:00:00 AM,9,2,7
09/15/2020 06:00:00 AM,11,4,7
09/15/2020 07:00:00 AM,18,8,10
09/15/2020 08:00:00 AM,10,1,9
09/15/2020 09:00:00 AM,12,5,7
09/15/2020 10:00:00 AM,4,2,2
09/15/2020 11:00:00 AM,10,4,6
09/15/2020 12:00:00 PM,20,11,9
09/15/2020 01:00:00 PM,14,7,7
09/15/2020 02:00:00 PM,16,15,1
09/15/2020 03:00:00 PM,10,8,2
09/15/2020 04:00:00 PM,24,15,9
09/15/2020 05:00:00 PM,29,18,11
09/15/2020 06:00:00 PM,7,4,3
09/15/2020 07:00:00 PM,6,3,3
09/15/2020 08:00:00 PM,8,1,7
09/15/2020 09:00:00 PM,3,3,0
09/15/2020 10:00:00 PM,2,2,0
09/15/2020 11:00:00 PM,2,1,1
09/16/2020 12:00:00 AM,0,0,0
09/16/2020 01:00:00 AM,0,0,0
09/16/2020 02:00:00 AM,2,1,1
09/16/2020 03:00:00 AM,0,0,0
09/16/2020 04:00:00 AM,3,2,1
09/16/2020 05:00:00 AM,9,4,5
09/16/2020 06:00:00 AM,24,9,15
09/16/2020 07:00:00 AM,18,9,9
09/16/2020 08:00:00 AM,9,1,8
09/16/2020 09:00:00 AM,9,3,6
09/16/2020 10:00:00 AM,4,2,2
09/16/2020 11:00:00 AM,12,7,5
09/16/2020 12:00:00 PM,14,8,6
09/16/2020 01:00:00 PM,13,5,8
09/16/2020 02:00:00 PM,21,16,5
09/16/2020 03:00:00 PM,23,14,9
09/16/2020 04:00:00 PM,27,15,12
09/16/2020 05:00:00 PM,38,26,12
09/16/2020 06:00:00 PM,19,11,8
09/16/2020 07:00:00 PM,12,7,5
09/16/2020 08:00:00 PM,5,2,3
09/16/2020 09:00:00 PM,3,1,2
09/16/2020 10:00:00 PM,3,3,0
09/16/2020 11:00:00 PM,3,2,1
09/17/2020 12:00:00 AM,3,1,2
09/17/2020 01:00:00 AM,0,0,0
09/17/2020 02:00:00 AM,1,1,0
09/17/2020 03:00:00 AM,2,1,1
09/17/2020 04:00:00 AM,3,1,2
09/17/2020 05:00:00 AM,11,3,8
09/17/2020 06:00:00 AM,13,5,8
09/17/2020 07:00:00 AM,23,13,10
09/17/2020 08:00:00 AM,9,4,5
09/17/2020 09:00:00 AM,18,8,10
09/17/2020 10:00:00 AM,9,2,7
09/17/2020 11:00:00 AM,15,6,9
09/17/2020 12:00:00 PM,16,8,8
09/17/2020 01:00:00 PM,13,5,8
09/17/2020 02:00:00 PM,18,13,5
09/17/2020 03:00:00 PM,33,21,12
09/17/2020 04:00:00 PM,22,15,7
09/17/2020 05:00:00 PM,34,18,16
09/17/2020 06:00:00 PM,16,13,3
09/17/2020 07:00:00 PM,11,4,7
09/17/2020 08:00:00 PM,8,3,5
09/17/2020 09:00:00 PM,8,3,5
09/17/2020 10:00:00 PM,5,2,3
09/17/2020 11:00:00 PM,4,3,1
09/18/2020 12:00:00 AM,1,0,1
09/18/2020 01:00:00 AM,2,2,0
09/18/2020 02:00:00 AM,3,1,2
09/18/2020 03:00:00 AM,0,0,0
09/18/2020 04:00:00 AM,2,1,1
09/18/2020 05:00:00 AM,13,8,5
09/18/2020 06:00:00 AM,16,5,11
09/18/2020 07:00:00 AM,27,10,17
09/18/2020 08:00:00 AM,23,11,12
09/18/2020 09:00:00 AM,13,6,7
09/18/2020 10:00:00 AM,8,3,5
09/18/2020 11:00:00 AM,9,2,7
09/18/2020 12:00:00 PM,30,23,7
09/18/2020 01:00:00 PM,11,8,3
09/18/2020 02:00:00 PM,19,12,7
09/18/2020 03:00:00 PM,13,8,5
09/18/2020 04:00:00 PM,20,13,7
09/18/2020 05:00:00 PM,26,13,13
09/18/2020 06:00:00 PM,15,8,7
09/18/2020 07:00:00 PM,11,6,5
09/18/2020 08:00:00 PM,6,3,3
09/18/2020 09:00:00 PM,5,3,2
09/18/2020 10:00:00 PM,5,1,4
09/18/2020 11:00:00 PM,5,3,2
09/19/2020 12:00:00 AM,1,0,1
09/19/2020 01:00:00 AM,2,0,2
09/19/2020 02:00:00 AM,2,1,1
09/19/2020 03:00:00 AM,0,0,0
09/19/2020 04:00:00 AM,2,0,2
09/19/2020 05:00:00 AM,3,2,1
09/19/2020 06:00:00 AM,3,2,1
09/19/2020 07:00:00 AM,2,0,2
09/19/2020 08:00:00 AM,8,7,1
09/19/2020 09:00:00 AM,15,8,7
09/19/2020 10:00:00 AM,16,6,10
09/19/2020 11:00:00 AM,27,12,15
09/19/2020 12:00:00 PM,22,13,9
09/19/2020 01:00:00 PM,27,15,12
09/19/2020 02:00:00 PM,40,25,15
09/19/2020 03:00:00 PM,40,21,19
09/19/2020 04:00:00 PM,50,27,23
09/19/2020 05:00:00 PM,16,9,7
09/19/2020 06:00:00 PM,7,5,2
09/19/2020 07:00:00 PM,11,7,4
09/19/2020 08:00:00 PM,3,1,2
09/19/2020 09:00:00 PM,6,3,3
09/19/2020 10:00:00 PM,5,2,3
09/19/2020 11:00:00 PM,6,2,4
09/20/2020 12:00:00 AM,0,0,0
09/20/2020 01:00:00 AM,0,0,0
09/20/2020 02:00:00 AM,1,0,1
09/20/2020 03:00:00 AM,1,1,0
09/20/2020 04:00:00 AM,2,1,1
09/20/2020 05:00:00 AM,1,0,1
09/20/2020 06:00:00 AM,9,9,0
09/20/2020 07:00:00 AM,11,5,6
09/20/2020 08:00:00 AM,19,12,7
09/20/2020 09:00:00 AM,26,13,13
09/20/2020 10:00:00 AM,30,21,9
09/20/2020 11:00:00 AM,29,12,17
09/20/2020 12:00:00 PM,38,15,23
09/20/2020 01:00:00 PM,45,26,19
09/20/2020 02:00:00 PM,51,23,28
09/20/2020 03:00:00 PM,47,23,24
09/20/2020 04:00:00 PM,38,23,15
09/20/2020 05:00:00 PM,30,14,16
09/20/2020 06:00:00 PM,38,15,23
09/20/2020 07:00:00 PM,15,3,12
09/20/2020 08:00:00 PM,8,4,4
09/20/2020 09:00:00 PM,6,1,5
09/20/2020 10:00:00 PM,4,2,2
09/20/2020 11:00:00 PM,7,4,3
09/21/2020 12:00:00 AM,5,3,2
09/21/2020 01:00:00 AM,1,0,1
09/21/2020 02:00:00 AM,0,0,0
09/21/2020 03:00:00 AM,0,0,0
09/21/2020 04:00:00 AM,0,0,0
09/21/2020 05:00:00 AM,12,6,6
09/21/2020 06:00:00 AM,20,7,13
09/21/2020 07:00:00 AM,40,16,24
09/21/2020 08:00:00 AM,38,18,20
09/21/2020 09:00:00 AM,17,10,7
09/21/2020 10:00:00 AM,18,9,9
09/21/2020 11:00:00 AM,29,16,13
09/21/2020 12:00:00 PM,27,22,5
09/21/2020 01:00:00 PM,22,9,13
09/21/2020 02:00:00 PM,37,23,14
09/21/2020 03:00:00 PM,44,27,17
09/21/2020 04:00:00 PM,45,25,20
09/21/2020 05:00:00 PM,60,31,29
09/21/2020 06:00:00 PM,47,23,24
09/21/2020 07:00:00 PM,43,26,17
09/21/2020 08:00:00 PM,13,7,6
09/21/2020 09:00:00 PM,9,6,3
09/21/2020 10:00:00 PM,4,1,3
09/21/2020 11:00:00 PM,5,3,2
09/22/2020 12:00:00 AM,4,1,3
09/22/2020 01:00:00 AM,2,0,2
09/22/2020 02:00:00 AM,0,0,0
09/22/2020 03:00:00 AM,1,0,1
09/22/2020 04:00:00 AM,0,0,0
09/22/2020 05:00:00 AM,10,4,6
09/22/2020 06:00:00 AM,30,11,19
09/22/2020 07:00:00 AM,36,14,22
09/22/2020 08:00:00 AM,43,15,28
09/22/2020 09:00:00 AM,20,11,9
09/22/2020 10:00:00 AM,17,10,7
09/22/2020 11:00:00 AM,30,20,10
09/22/2020 12:00:00 PM,38,23,15
09/22/2020 01:00:00 PM,25,14,11
09/22/2020 02:00:00 PM,45,26,19
09/22/2020 03:00:00 PM,49,27,22
09/22/2020 04:00:00 PM,72,50,22
09/22/2020 05:00:00 PM,70,39,31
09/22/2020 06:00:00 PM,41,23,18
09/22/2020 07:00:00 PM,19,6,13
09/22/2020 08:00:00 PM,11,7,4
09/22/2020 09:00:00 PM,8,7,1
09/22/2020 10:00:00 PM,7,3,4
09/22/2020 11:00:00 PM,4,2,2
09/23/2020 12:00:00 AM,2,1,1
09/23/2020 01:00:00 AM,0,0,0
09/23/2020 02:00:00 AM,1,0,1
09/23/2020 03:00:00 AM,0,0,0
09/23/2020 04:00:00 AM,1,0,1
09/23/2020 05:00:00 AM,6,3,3
09/23/2020 06:00:00 AM,22,7,15
09/23/2020 07:00:00 AM,23,10,13
09/23/2020 08:00:00 AM,24,11,13
09/23/2020 09:00:00 AM,14,6,8
09/23/2020 10:00:00 AM,10,7,3
09/23/2020 11:00:00 AM,12,5,7
09/23/2020 12:00:00 PM,2,1,1
09/23/2020 01:00:00 PM,13,9,4
09/23/2020 02:00:00 PM,16,12,4
09/23/2020 03:00:00 PM,14,8,6
09/23/2020 04:00:00 PM,17,10,7
09/23/2020 05:00:00 PM,26,17,9
09/23/2020 06:00:00 PM,14,5,9
09/23/2020 07:00:00 PM,8,3,5
09/23/2020 08:00:00 PM,5,2,3
09/23/2020 09:00:00 PM,7,5,2
09/23/2020 10:00:00 PM,5,3,2
09/23/2020 11:00:00 PM,3,2,1
09/24/2020 12:00:00 AM,3,1,2
09/24/2020 01:00:00 AM,0,0,0
09/24/2020 02:00:00 AM,0,0,0
09/24/2020 03:00:00 AM,3,2,1
09/24/2020 04:00:00 AM,1,0,1
09/24/2020 05:00:00 AM,7,1,6
09/24/2020 06:00:00 AM,13,4,9
09/24/2020 07:00:00 AM,16,7,9
09/24/2020 08:00:00 AM,16,4,12
09/24/2020 09:00:00 AM,10,6,4
09/24/2020 10:00:00 AM,5,2,3
09/24/2020 11:00:00 AM,9,4,5
09/24/2020 12:00:00 PM,15,6,9
09/24/2020 01:00:00 PM,10,5,5
09/24/2020 02:00:00 PM,23,16,7
09/24/2020 03:00:00 PM,28,19,9
09/24/2020 04:00:00 PM,25,13,12
09/24/2020 05:00:00 PM,45,26,19
09/24/2020 06:00:00 PM,20,11,9
09/24/2020 07:00:00 PM,14,8,6
09/24/2020 08:00:00 PM,13,9,4
09/24/2020 09:00:00 PM,5,3,2
09/24/2020 10:00:00 PM,2,2,0
09/24/2020 11:00:00 PM,4,1,3
09/25/2020 12:00:00 AM,4,2,2
09/25/2020 01:00:00 AM,0,0,0
09/25/2020 02:00:00 AM,0,0,0
09/25/2020 03:00:00 AM,0,0,0
09/25/2020 04:00:00 AM,0,0,0
09/25/2020 05:00:00 AM,5,3,2
09/25/2020 06:00:00 AM,9,3,6
09/25/2020 07:00:00 AM,20,7,13
09/25/2020 08:00:00 AM,15,7,8
09/25/2020 09:00:00 AM,10,6,4
09/25/2020 10:00:00 AM,7,4,3
09/25/2020 11:00:00 AM,12,3,9
09/25/2020 12:00:00 PM,8,3,5
09/25/2020 01:00:00 PM,12,4,8
09/25/2020 02:00:00 PM,23,15,8
09/25/2020 03:00:00 PM,32,20,12
09/25/2020 04:00:00 PM,24,14,10
09/25/2020 05:00:00 PM,38,19,19
09/25/2020 06:00:00 PM,21,10,11
09/25/2020 07:00:00 PM,13,6,7
09/25/2020 08:00:00 PM,15,7,8
09/25/2020 09:00:00 PM,9,5,4
09/25/2020 10:00:00 PM,7,2,5
09/25/2020 11:00:00 PM,7,2,5
09/26/2020 12:00:00 AM,8,5,3
09/26/2020 01:00:00 AM,1,0,1
09/26/2020 02:00:00 AM,0,0,0
09/26/2020 03:00:00 AM,0,0,0
09/26/2020 04:00:00 AM,1,0,1
09/26/2020 05:00:00 AM,2,2,0
09/26/2020 06:00:00 AM,4,2,2
09/26/2020 07:00:00 AM,3,1,2
09/26/2020 08:00:00 AM,14,9,5
09/26/2020 09:00:00 AM,14,4,10
09/26/2020 10:00:00 AM,16,9,7
09/26/2020 11:00:00 AM,19,12,7
09/26/2020 12:00:00 PM,33,21,12
09/26/2020 01:00:00 PM,45,20,25
09/26/2020 02:00:00 PM,38,25,13
09/26/2020 03:00:00 PM,29,16,13
09/26/2020 04:00:00 PM,35,15,20
09/26/2020 05:00:00 PM,31,21,10
09/26/2020 06:00:00 PM,22,7,15
09/26/2020 07:00:00 PM,21,13,8
09/26/2020 08:00:00 PM,8,3,5
09/26/2020 09:00:00 PM,6,4,2
09/26/2020 10:00:00 PM,3,2,1
09/26/2020 11:00:00 PM,4,3,1
09/27/2020 12:00:00 AM,2,0,2
09/27/2020 01:00:00 AM,0,0,0
09/27/2020 02:00:00 AM,1,0,1
09/27/2020 03:00:00 AM,0,0,0
09/27/2020 04:00:00 AM,1,0,1
09/27/2020 05:00:00 AM,0,0,0
09/27/2020 06:00:00 AM,3,2,1
09/27/2020 07:00:00 AM,13,8,5
09/27/2020 08:00:00 AM,12,7,5
09/27/2020 09:00:00 AM,32,21,11
09/27/2020 10:00:00 AM,37,20,17
09/27/2020 11:00:00 AM,35,17,18
09/27/2020 12:00:00 PM,41,17,24
09/27/2020 01:00:00 PM,67,31,36
09/27/2020 02:00:00 PM,56,35,21
09/27/2020 03:00:00 PM,56,32,24
09/27/2020 04:00:00 PM,45,16,29
09/27/2020 05:00:00 PM,48,25,23
09/27/2020 06:00:00 PM,53,24,29
09/27/2020 07:00:00 PM,16,9,7
09/27/2020 08:00:00 PM,14,3,11
09/27/2020 09:00:00 PM,9,1,8
09/27/2020 10:00:00 PM,5,3,2
09/27/2020 11:00:00 PM,3,1,2
09/28/2020 12:00:00 AM,0,0,0
09/28/2020 01:00:00 AM,0,0,0
09/28/2020 02:00:00 AM,3,2,1
09/28/2020 03:00:00 AM,0,0,0
09/28/2020 04:00:00 AM,3,0,3
09/28/2020 05:00:00 AM,10,3,7
09/28/2020 06:00:00 AM,21,9,12
09/28/2020 07:00:00 AM,39,16,23
09/28/2020 08:00:00 AM,43,16,27
09/28/2020 09:00:00 AM,20,7,13
09/28/2020 10:00:00 AM,16,11,5
09/28/2020 11:00:00 AM,29,18,11
09/28/2020 12:00:00 PM,19,11,8
09/28/2020 01:00:00 PM,26,11,15
09/28/2020 02:00:00 PM,33,20,13
09/28/2020 03:00:00 PM,23,14,9
09/28/2020 04:00:00 PM,71,50,21
09/28/2020 05:00:00 PM,71,38,33
09/28/2020 06:00:00 PM,33,22,11
09/28/2020 07:00:00 PM,20,6,14
09/28/2020 08:00:00 PM,7,2,5
09/28/2020 09:00:00 PM,3,3,0
09/28/2020 10:00:00 PM,4,1,3
09/28/2020 11:00:00 PM,3,1,2
09/29/2020 12:00:00 AM,1,0,1
09/29/2020 01:00:00 AM,1,0,1
09/29/2020 02:00:00 AM,0,0,0
09/29/2020 03:00:00 AM,0,0,0
09/29/2020 04:00:00 AM,2,2,0
09/29/2020 05:00:00 AM,16,5,11
09/29/2020 06:00:00 AM,22,8,14
09/29/2020 07:00:00 AM,42,16,26
09/29/2020 08:00:00 AM,49,20,29
09/29/2020 09:00:00 AM,21,8,13
09/29/2020 10:00:00 AM,27,14,13
09/29/2020 11:00:00 AM,18,12,6
09/29/2020 12:00:00 PM,31,19,12
09/29/2020 01:00:00 PM,31,15,16
09/29/2020 02:00:00 PM,33,24,9
09/29/2020 03:00:00 PM,54,30,24
09/29/2020 04:00:00 PM,64,38,26
09/29/2020 05:00:00 PM,77,43,34
09/29/2020 06:00:00 PM,35,19,16
09/29/2020 07:00:00 PM,18,8,10
09/29/2020 08:00:00 PM,10,4,6
09/29/2020 09:00:00 PM,9,5,4
09/29/2020 10:00:00 PM,7,1,6
09/29/2020 11:00:00 PM,4,3,1
09/30/2020 12:00:00 AM,0,0,0
09/30/2020 01:00:00 AM,3,0,3
09/30/2020 02:00:00 AM,2,1,1
09/30/2020 03:00:00 AM,1,1,0
09/30/2020 04:00:00 AM,3,1,2
09/30/2020 05:00:00 AM,7,2,5
09/30/2020 06:00:00 AM,20,6,14
09/30/2020 07:00:00 AM,45,15,30
09/30/2020 08:00:00 AM,49,15,34
09/30/2020 09:00:00 AM,19,8,11
09/30/2020 10:00:00 AM,19,10,9
09/30/2020 11:00:00 AM,21,12,9
09/30/2020 12:00:00 PM,26,13,13
09/30/2020 01:00:00 PM,26,12,14
09/30/2020 02:00:00 PM,43,27,16
09/30/2020 03:00:00 PM,44,25,19
09/30/2020 04:00:00 PM,49,28,21
09/30/2020 05:00:00 PM,70,48,22
09/30/2020 06:00:00 PM,48,31,17
09/30/2020 07:00:00 PM,21,11,10
09/30/2020 08:00:00 PM,11,6,5
09/30/2020 09:00:00 PM,9,6,3
09/30/2020 10:00:00 PM,8,3,5
09/30/2020 11:00:00 PM,3,2,1
10/01/2020 12:00:00 AM,1,0,1
10/01/2020 01:00:00 AM,1,0,1
10/01/2020 02:00:00 AM,1,0,1
10/01/2020 03:00:00 AM,1,0,1
10/01/2020 04:00:00 AM,2,1,1
10/01/2020 05:00:00 AM,13,3,10
10/01/2020 06:00:00 AM,20,9,11
10/01/2020 07:00:00 AM,43,17,26
10/01/2020 08:00:00 AM,35,14,21
10/01/2020 09:00:00 AM,27,8,19
10/01/2020 10:00:00 AM,22,11,11
10/01/2020 11:00:00 AM,21,14,7
10/01/2020 12:00:00 PM,25,9,16
10/01/2020 01:00:00 PM,26,14,12
10/01/2020 02:00:00 PM,34,24,10
10/01/2020 03:00:00 PM,45,28,17
10/01/2020 04:00:00 PM,52,32,20
10/01/2020 05:00:00 PM,67,40,27
10/01/2020 06:00:00 PM,35,21,14
10/01/2020 07:00:00 PM,22,12,10
10/01/2020 08:00:00 PM,5,1,4
10/01/2020 09:00:00 PM,4,2,2
10/01/2020 10:00:00 PM,8,2,6
10/01/2020 11:00:00 PM,4,1,3
10/02/2020 12:00:00 AM,3,2,1
10/02/2020 01:00:00 AM,0,0,0
10/02/2020 02:00:00 AM,0,0,0
10/02/2020 03:00:00 AM,0,0,0
10/02/2020 04:00:00 AM,0,0,0
10/02/2020 05:00:00 AM,11,7,4
10/02/2020 06:00:00 AM,25,7,18
10/02/2020 07:00:00 AM,29,15,14
10/02/2020 08:00:00 AM,35,12,23
10/02/2020 09:00:00 AM,23,12,11
10/02/2020 10:00:00 AM,18,12,6
10/02/2020 11:00:00 AM,19,10,9
10/02/2020 12:00:00 PM,26,12,14
10/02/2020 01:00:00 PM,40,28,12
10/02/2020 02:00:00 PM,46,24,22
10/02/2020 03:00:00 PM,45,25,20
10/02/2020 04:00:00 PM,53,34,19
10/02/2020 05:00:00 PM,66,36,30
10/02/2020 06:00:00 PM,42,29,13
10/02/2020 07:00:00 PM,24,14,10
10/02/2020 08:00:00 PM,16,6,10
10/02/2020 09:00:00 PM,15,3,12
10/02/2020 10:00:00 PM,9,4,5
10/02/2020 11:00:00 PM,12,4,8
10/03/2020 12:00:00 AM,1,0,1
10/03/2020 01:00:00 AM,4,3,1
10/03/2020 02:00:00 AM,1,0,1
10/03/2020 03:00:00 AM,0,0,0
10/03/2020 04:00:00 AM,3,2,1
10/03/2020 05:00:00 AM,1,1,0
10/03/2020 06:00:00 AM,6,2,4
10/03/2020 07:00:00 AM,6,4,2
10/03/2020 08:00:00 AM,15,10,5
10/03/2020 09:00:00 AM,25,15,10
10/03/2020 10:00:00 AM,22,14,8
10/03/2020 11:00:00 AM,20,11,9
10/03/2020 12:00:00 PM,36,14,22
10/03/2020 01:00:00 PM,47,24,23
10/03/2020 02:00:00 PM,35,20,15
10/03/2020 03:00:00 PM,44,26,18
10/03/2020 04:00:00 PM,23,11,12
10/03/2020 05:00:00 PM,35,15,20
10/03/2020 06:00:00 PM,25,13,12
10/03/2020 07:00:00 PM,15,7,8
10/03/2020 08:00:00 PM,12,7,5
10/03/2020 09:00:00 PM,6,3,3
10/03/2020 10:00:00 PM,10,4,6
10/03/2020 11:00:00 PM,2,0,2
10/04/2020 12:00:00 AM,2,1,1
10/04/2020 01:00:00 AM,2,2,0
10/04/2020 02:00:00 AM,3,1,2
10/04/2020 03:00:00 AM,0,0,0
10/04/2020 04:00:00 AM,1,0,1
10/04/2020 05:00:00 AM,0,0,0
10/04/2020 06:00:00 AM,3,1,2
10/04/2020 07:00:00 AM,6,2,4
10/04/2020 08:00:00 AM,4,1,3
10/04/2020 09:00:00 AM,7,2,5
10/04/2020 10:00:00 AM,18,8,10
10/04/2020 11:00:00 AM,27,11,16
10/04/2020 12:00:00 PM,30,13,17
10/04/2020 01:00:00 PM,33,21,12
10/04/2020 02:00:00 PM,39,25,14
10/04/2020 03:00:00 PM,27,8,19
10/04/2020 04:00:00 PM,30,22,8
10/04/2020 05:00:00 PM,21,9,12
10/04/2020 06:00:00 PM,20,7,13
10/04/2020 07:00:00 PM,13,6,7
10/04/2020 08:00:00 PM,12,4,8
10/04/2020 09:00:00 PM,6,3,3
10/04/2020 10:00:00 PM,3,2,1
10/04/2020 11:00:00 PM,4,3,1
10/05/2020 12:00:00 AM,2,0,2
10/05/2020 01:00:00 AM,2,2,0
10/05/2020 02:00:00 AM,0,0,0
10/05/2020 03:00:00 AM,0,0,0
10/05/2020 04:00:00 AM,1,1,0
10/05/2020 05:00:00 AM,9,4,5
10/05/2020 06:00:00 AM,19,4,15
10/05/2020 07:00:00 AM,37,12,25
10/05/2020 08:00:00 AM,44,16,28
10/05/2020 09:00:00 AM,20,7,13
10/05/2020 10:00:00 AM,11,5,6
10/05/2020 11:00:00 AM,16,6,10
10/05/2020 12:00:00 PM,20,10,10
10/05/2020 01:00:00 PM,21,13,8
10/05/2020 02:00:00 PM,32,24,8
10/05/2020 03:00:00 PM,40,27,13
10/05/2020 04:00:00 PM,51,28,23
10/05/2020 05:00:00 PM,69,38,31
10/05/2020 06:00:00 PM,42,26,16
10/05/2020 07:00:00 PM,14,7,7
10/05/2020 08:00:00 PM,10,2,8
10/05/2020 09:00:00 PM,5,3,2
10/05/2020 10:00:00 PM,1,1,0
10/05/2020 11:00:00 PM,2,0,2
10/06/2020 12:00:00 AM,1,0,1
10/06/2020 01:00:00 AM,2,0,2
10/06/2020 02:00:00 AM,0,0,0
10/06/2020 03:00:00 AM,0,0,0
10/06/2020 04:00:00 AM,0,0,0
10/06/2020 05:00:00 AM,10,4,6
10/06/2020 06:00:00 AM,28,8,20
10/06/2020 07:00:00 AM,51,19,32
10/06/2020 08:00:00 AM,36,13,23
10/06/2020 09:00:00 AM,29,13,16
10/06/2020 10:00:00 AM,9,5,4
10/06/2020 11:00:00 AM,23,14,9
10/06/2020 12:00:00 PM,24,7,17
10/06/2020 01:00:00 PM,28,18,10
10/06/2020 02:00:00 PM,29,15,14
10/06/2020 03:00:00 PM,36,21,15
10/06/2020 04:00:00 PM,65,46,19
10/06/2020 05:00:00 PM,63,36,27
10/06/2020 06:00:00 PM,35,20,15
10/06/2020 07:00:00 PM,18,9,9
10/06/2020 08:00:00 PM,19,7,12
10/06/2020 09:00:00 PM,10,8,2
10/06/2020 10:00:00 PM,8,1,7
10/06/2020 11:00:00 PM,12,8,4
10/07/2020 12:00:00 AM,1,0,1
10/07/2020 01:00:00 AM,0,0,0
10/07/2020 02:00:00 AM,0,0,0
10/07/2020 03:00:00 AM,0,0,0
10/07/2020 04:00:00 AM,3,1,2
10/07/2020 05:00:00 AM,12,4,8
10/07/2020 06:00:00 AM,19,6,13
10/07/2020 07:00:00 AM,35,13,22
10/07/2020 08:00:00 AM,43,17,26
10/07/2020 09:00:00 AM,33,15,18
10/07/2020 10:00:00 AM,14,8,6
10/07/2020 11:00:00 AM,23,9,14
10/07/2020 12:00:00 PM,28,14,14
10/07/2020 01:00:00 PM,28,12,16
10/07/2020 02:00:00 PM,47,33,14
10/07/2020 03:00:00 PM,48,30,18
10/07/2020 04:00:00 PM,46,30,16
10/07/2020 05:00:00 PM,73,46,27
10/07/2020 06:00:00 PM,28,17,11
10/07/2020 07:00:00 PM,19,5,14
10/07/2020 08:00:00 PM,14,8,6
10/07/2020 09:00:00 PM,9,4,5
10/07/2020 10:00:00 PM,6,1,5
10/07/2020 11:00:00 PM,8,2,6
10/08/2020 12:00:00 AM,5,3,2
10/08/2020 01:00:00 AM,0,0,0
10/08/2020 02:00:00 AM,1,1,0
10/08/2020 03:00:00 AM,2,2,0
10/08/2020 04:00:00 AM,1,0,1
10/08/2020 05:00:00 AM,18,6,12
10/08/2020 06:00:00 AM,22,6,16
10/08/2020 07:00:00 AM,29,14,15
10/08/2020 08:00:00 AM,35,14,21
10/08/2020 09:00:00 AM,34,13,21
10/08/2020 10:00:00 AM,17,10,7
10/08/2020 11:00:00 AM,17,8,9
10/08/2020 12:00:00 PM,27,16,11
10/08/2020 01:00:00 PM,36,17,19
10/08/2020 02:00:00 PM,32,19,13
10/08/2020 03:00:00 PM,49,33,16
10/08/2020 04:00:00 PM,46,29,17
10/08/2020 05:00:00 PM,75,38,37
10/08/2020 06:00:00 PM,43,25,18
10/08/2020 07:00:00 PM,21,15,6
10/08/2020 08:00:00 PM,19,6,13
10/08/2020 09:00:00 PM,8,4,4
10/08/2020 10:00:00 PM,7,4,3
10/08/2020 11:00:00 PM,11,7,4
10/09/2020 12:00:00 AM,1,1,0
10/09/2020 01:00:00 AM,2,1,1
10/09/2020 02:00:00 AM,0,0,0
10/09/2020 03:00:00 AM,3,3,0
10/09/2020 04:00:00 AM,0,0,0
10/09/2020 05:00:00 AM,10,6,4
10/09/2020 06:00:00 AM,20,6,14
10/09/2020 07:00:00 AM,32,12,20
10/09/2020 08:00:00 AM,28,15,13
10/09/2020 09:00:00 AM,45,19,26
10/09/2020 10:00:00 AM,23,9,14
10/09/2020 11:00:00 AM,24,10,14
10/09/2020 12:00:00 PM,32,22,10
10/09/2020 01:00:00 PM,38,25,13
10/09/2020 02:00:00 PM,52,31,21
10/09/2020 03:00:00 PM,43,28,15
10/09/2020 04:00:00 PM,64,40,24
10/09/2020 05:00:00 PM,59,35,24
10/09/2020 06:00:00 PM,28,15,13
10/09/2020 07:00:00 PM,22,9,13
10/09/2020 08:00:00 PM,9,2,7
10/09/2020 09:00:00 PM,4,2,2
10/09/2020 10:00:00 PM,2,1,1
10/09/2020 11:00:00 PM,6,4,2
10/10/2020 12:00:00 AM,1,0,1
10/10/2020 01:00:00 AM,1,1,0
10/10/2020 02:00:00 AM,0,0,0
10/10/2020 03:00:00 AM,1,1,0
10/10/2020 04:00:00 AM,0,0,0
10/10/2020 05:00:00 AM,4,2,2
10/10/2020 06:00:00 AM,2,0,2
10/10/2020 07:00:00 AM,7,3,4
10/10/2020 08:00:00 AM,8,6,2
10/10/2020 09:00:00 AM,15,11,4
10/10/2020 10:00:00 AM,6,5,1
10/10/2020 11:00:00 AM,9,3,6
10/10/2020 12:00:00 PM,20,10,10
10/10/2020 01:00:00 PM,25,15,10
10/10/2020 02:00:00 PM,33,22,11
10/10/2020 03:00:00 PM,32,16,16
10/10/2020 04:00:00 PM,35,23,12
10/10/2020 05:00:00 PM,22,10,12
10/10/2020 06:00:00 PM,19,11,8
10/10/2020 07:00:00 PM,8,2,6
10/10/2020 08:00:00 PM,10,3,7
10/10/2020 09:00:00 PM,5,1,4
10/10/2020 10:00:00 PM,3,0,3
10/10/2020 11:00:00 PM,3,0,3
10/11/2020 12:00:00 AM,2,1,1
10/11/2020 01:00:00 AM,0,0,0
10/11/2020 02:00:00 AM,0,0,0
10/11/2020 03:00:00 AM,0,0,0
10/11/2020 04:00:00 AM,0,0,0
10/11/2020 05:00:00 AM,1,0,1
10/11/2020 06:00:00 AM,2,1,1
10/11/2020 07:00:00 AM,3,1,2
10/11/2020 08:00:00 AM,9,7,2
10/11/2020 09:00:00 AM,7,4,3
10/11/2020 10:00:00 AM,6,3,3
10/11/2020 11:00:00 AM,4,3,1
10/11/2020 12:00:00 PM,8,2,6
10/11/2020 01:00:00 PM,11,3,8
10/11/2020 02:00:00 PM,10,5,5
10/11/2020 03:00:00 PM,11,4,7
10/11/2020 04:00:00 PM,9,4,5
10/11/2020 05:00:00 PM,12,4,8
10/11/2020 06:00:00 PM,3,2,1
10/11/2020 07:00:00 PM,7,2,5
10/11/2020 08:00:00 PM,1,0,1
10/11/2020 09:00:00 PM,3,3,0
10/11/2020 10:00:00 PM,1,1,0
10/11/2020 11:00:00 PM,2,1,1
10/12/2020 12:00:00 AM,0,0,0
10/12/2020 01:00:00 AM,1,1,0
10/12/2020 02:00:00 AM,1,0,1
10/12/2020 03:00:00 AM,3,1,2
10/12/2020 04:00:00 AM,1,0,1
10/12/2020 05:00:00 AM,6,3,3
10/12/2020 06:00:00 AM,16,1,15
10/12/2020 07:00:00 AM,26,6,20
10/12/2020 08:00:00 AM,25,9,16
10/12/2020 09:00:00 AM,26,10,16
10/12/2020 10:00:00 AM,10,6,4
10/12/2020 11:00:00 AM,15,8,7
10/12/2020 12:00:00 PM,28,14,14
10/12/2020 01:00:00 PM,26,15,11
10/12/2020 02:00:00 PM,31,15,16
10/12/2020 03:00:00 PM,30,23,7
10/12/2020 04:00:00 PM,48,34,14
10/12/2020 05:00:00 PM,47,28,19
10/12/2020 06:00:00 PM,37,24,13
10/12/2020 07:00:00 PM,11,6,5
10/12/2020 08:00:00 PM,11,6,5
10/12/2020 09:00:00 PM,3,1,2
10/12/2020 10:00:00 PM,6,4,2
10/12/2020 11:00:00 PM,0,0,0
10/13/2020 12:00:00 AM,1,1,0
10/13/2020 01:00:00 AM,2,1,1
10/13/2020 02:00:00 AM,1,1,0
10/13/2020 03:00:00 AM,2,2,0
10/13/2020 04:00:00 AM,0,0,0
10/13/2020 05:00:00 AM,7,3,4
10/13/2020 06:00:00 AM,13,3,10
10/13/2020 07:00:00 AM,23,9,14
10/13/2020 08:00:00 AM,22,7,15
10/13/2020 09:00:00 AM,13,5,8
10/13/2020 10:00:00 AM,9,5,4
10/13/2020 11:00:00 AM,7,3,4
10/13/2020 12:00:00 PM,15,7,8
10/13/2020 01:00:00 PM,20,12,8
10/13/2020 02:00:00 PM,24,21,3
10/13/2020 03:00:00 PM,18,13,5
10/13/2020 04:00:00 PM,36,23,13
10/13/2020 05:00:00 PM,34,21,13
10/13/2020 06:00:00 PM,21,13,8
10/13/2020 07:00:00 PM,19,10,9
10/13/2020 08:00:00 PM,11,5,6
10/13/2020 09:00:00 PM,6,4,2
10/13/2020 10:00:00 PM,7,3,4
10/13/2020 11:00:00 PM,8,4,4
10/14/2020 12:00:00 AM,1,0,1
10/14/2020 01:00:00 AM,0,0,0
10/14/2020 02:00:00 AM,1,1,0
10/14/2020 03:00:00 AM,1,1,0
10/14/2020 04:00:00 AM,1,1,0
10/14/2020 05:00:00 AM,12,5,7
10/14/2020 06:00:00 AM,18,6,12
10/14/2020 07:00:00 AM,41,19,22
10/14/2020 08:00:00 AM,40,11,29
10/14/2020 09:00:00 AM,22,8,14
10/14/2020 10:00:00 AM,17,6,11
10/14/2020 11:00:00 AM,22,14,8
10/14/2020 12:00:00 PM,28,11,17
10/14/2020 01:00:00 PM,31,16,15
10/14/2020 02:00:00 PM,38,24,14
10/14/2020 03:00:00 PM,39,24,15
10/14/2020 04:00:00 PM,51,33,18
10/14/2020 05:00:00 PM,51,31,20
10/14/2020 06:00:00 PM,38,17,21
10/14/2020 07:00:00 PM,18,10,8
10/14/2020 08:00:00 PM,6,4,2
10/14/2020 09:00:00 PM,8,1,7
10/14/2020 10:00:00 PM,5,2,3
10/14/2020 11:00:00 PM,6,6,0
10/15/2020 12:00:00 AM,2,0,2
10/15/2020 01:00:00 AM,1,0,1
10/15/2020 02:00:00 AM,0,0,0
10/15/2020 03:00:00 AM,1,0,1
10/15/2020 04:00:00 AM,1,1,0
10/15/2020 05:00:00 AM,7,5,2
10/15/2020 06:00:00 AM,23,7,16
10/15/2020 07:00:00 AM,41,18,23
10/15/2020 08:00:00 AM,27,8,19
10/15/2020 09:00:00 AM,33,14,19
10/15/2020 10:00:00 AM,17,11,6
10/15/2020 11:00:00 AM,16,9,7
10/15/2020 12:00:00 PM,29,12,17
10/15/2020 01:00:00 PM,21,11,10
10/15/2020 02:00:00 PM,29,21,8
10/15/2020 03:00:00 PM,52,34,18
10/15/2020 04:00:00 PM,52,29,23
10/15/2020 05:00:00 PM,64,36,28
10/15/2020 06:00:00 PM,39,23,16
10/15/2020 07:00:00 PM,17,7,10
10/15/2020 08:00:00 PM,8,3,5
10/15/2020 09:00:00 PM,17,9,8
10/15/2020 10:00:00 PM,5,4,1
10/15/2020 11:00:00 PM,7,4,3
10/16/2020 12:00:00 AM,2,2,0
10/16/2020 01:00:00 AM,0,0,0
10/16/2020 02:00:00 AM,2,2,0
10/16/2020 03:00:00 AM,0,0,0
10/16/2020 04:00:00 AM,0,0,0
10/16/2020 05:00:00 AM,10,7,3
10/16/2020 06:00:00 AM,21,7,14
10/16/2020 07:00:00 AM,22,9,13
10/16/2020 08:00:00 AM,28,9,19
10/16/2020 09:00:00 AM,19,8,11
10/16/2020 10:00:00 AM,18,7,11
10/16/2020 11:00:00 AM,16,4,12
10/16/2020 12:00:00 PM,25,11,14
10/16/2020 01:00:00 PM,30,20,10
10/16/2020 02:00:00 PM,30,19,11
10/16/2020 03:00:00 PM,29,16,13
10/16/2020 04:00:00 PM,43,24,19
10/16/2020 05:00:00 PM,50,29,21
10/16/2020 06:00:00 PM,29,18,11
10/16/2020 07:00:00 PM,11,6,5
10/16/2020 08:00:00 PM,13,5,8
10/16/2020 09:00:00 PM,5,3,2
10/16/2020 10:00:00 PM,6,3,3
10/16/2020 11:00:00 PM,7,1,6
10/17/2020 12:00:00 AM,0,0,0
10/17/2020 01:00:00 AM,0,0,0
10/17/2020 02:00:00 AM,1,1,0
10/17/2020 03:00:00 AM,0,0,0
10/17/2020 04:00:00 AM,0,0,0
10/17/2020 05:00:00 AM,3,3,0
10/17/2020 06:00:00 AM,1,0,1
10/17/2020 07:00:00 AM,6,3,3
10/17/2020 08:00:00 AM,12,6,6
10/17/2020 09:00:00 AM,18,11,7
10/17/2020 10:00:00 AM,28,21,7
10/17/2020 11:00:00 AM,28,21,7
10/17/2020 12:00:00 PM,32,18,14
10/17/2020 01:00:00 PM,33,27,6
10/17/2020 02:00:00 PM,34,12,22
10/17/2020 03:00:00 PM,43,31,12
10/17/2020 04:00:00 PM,42,13,29
10/17/2020 05:00:00 PM,38,8,30
10/17/2020 06:00:00 PM,16,7,9
10/17/2020 07:00:00 PM,22,9,13
10/17/2020 08:00:00 PM,7,3,4
10/17/2020 09:00:00 PM,6,4,2
10/17/2020 10:00:00 PM,4,3,1
10/17/2020 11:00:00 PM,7,3,4
10/18/2020 12:00:00 AM,4,2,2
10/18/2020 01:00:00 AM,0,0,0
10/18/2020 02:00:00 AM,1,0,1
10/18/2020 03:00:00 AM,0,0,0
10/18/2020 04:00:00 AM,1,1,0
10/18/2020 05:00:00 AM,2,0,2
10/18/2020 06:00:00 AM,1,1,0
10/18/2020 07:00:00 AM,4,2,2
10/18/2020 08:00:00 AM,2,1,1
10/18/2020 09:00:00 AM,9,1,8
10/18/2020 10:00:00 AM,5,2,3
10/18/2020 11:00:00 AM,12,5,7
10/18/2020 12:00:00 PM,11,6,5
10/18/2020 01:00:00 PM,12,6,6
10/18/2020 02:00:00 PM,18,11,7
10/18/2020 03:00:00 PM,14,9,5
10/18/2020 04:00:00 PM,15,7,8
10/18/2020 05:00:00 PM,19,12,7
10/18/2020 06:00:00 PM,6,5,1
10/18/2020 07:00:00 PM,9,6,3
10/18/2020 08:00:00 PM,1,1,0
10/18/2020 09:00:00 PM,9,3,6
10/18/2020 10:00:00 PM,8,3,5
10/18/2020 11:00:00 PM,2,1,1
10/19/2020 12:00:00 AM,4,4,0
10/19/2020 01:00:00 AM,0,0,0
10/19/2020 02:00:00 AM,1,0,1
10/19/2020 03:00:00 AM,0,0,0
10/19/2020 04:00:00 AM,2,2,0
10/19/2020 05:00:00 AM,5,2,3
10/19/2020 06:00:00 AM,19,4,15
10/19/2020 07:00:00 AM,29,10,19
10/19/2020 08:00:00 AM,37,14,23
10/19/2020 09:00:00 AM,27,11,16
10/19/2020 10:00:00 AM,17,8,9
10/19/2020 11:00:00 AM,16,10,6
10/19/2020 12:00:00 PM,25,12,13
10/19/2020 01:00:00 PM,14,8,6
10/19/2020 02:00:00 PM,34,22,12
10/19/2020 03:00:00 PM,24,12,12
10/19/2020 04:00:00 PM,43,24,19
10/19/2020 05:00:00 PM,38,22,16
10/19/2020 06:00:00 PM,19,9,10
10/19/2020 07:00:00 PM,12,5,7
10/19/2020 08:00:00 PM,3,0,3
10/19/2020 09:00:00 PM,2,0,2
10/19/2020 10:00:00 PM,3,1,2
10/19/2020 11:00:00 PM,1,1,0
10/20/2020 12:00:00 AM,0,0,0
10/20/2020 01:00:00 AM,1,0,1
10/20/2020 02:00:00 AM,0,0,0
10/20/2020 03:00:00 AM,0,0,0
10/20/2020 04:00:00 AM,0,0,0
10/20/2020 05:00:00 AM,10,4,6
10/20/2020 06:00:00 AM,21,6,15
10/20/2020 07:00:00 AM,30,15,15
10/20/2020 08:00:00 AM,35,11,24
10/20/2020 09:00:00 AM,18,7,11
10/20/2020 10:00:00 AM,13,5,8
10/20/2020 11:00:00 AM,16,5,11
10/20/2020 12:00:00 PM,18,11,7
10/20/2020 01:00:00 PM,18,9,9
10/20/2020 02:00:00 PM,29,16,13
10/20/2020 03:00:00 PM,35,22,13
10/20/2020 04:00:00 PM,52,30,22
10/20/2020 05:00:00 PM,69,30,39
10/20/2020 06:00:00 PM,30,17,13
10/20/2020 07:00:00 PM,23,12,11
10/20/2020 08:00:00 PM,4,0,4
10/20/2020 09:00:00 PM,3,2,1
10/20/2020 10:00:00 PM,2,0,2
10/20/2020 11:00:00 PM,9,2,7
10/21/2020 12:00:00 AM,1,0,1
10/21/2020 01:00:00 AM,2,1,1
10/21/2020 02:00:00 AM,0,0,0
10/21/2020 03:00:00 AM,0,0,0
10/21/2020 04:00:00 AM,0,0,0
10/21/2020 05:00:00 AM,6,2,4
10/21/2020 06:00:00 AM,21,10,11
10/21/2020 07:00:00 AM,33,12,21
10/21/2020 08:00:00 AM,27,11,16
10/21/2020 09:00:00 AM,16,5,11
10/21/2020 10:00:00 AM,12,5,7
10/21/2020 11:00:00 AM,14,10,4
10/21/2020 12:00:00 PM,11,7,4
10/21/2020 01:00:00 PM,20,13,7
10/21/2020 02:00:00 PM,27,19,8
10/21/2020 03:00:00 PM,24,16,8
10/21/2020 04:00:00 PM,47,31,16
10/21/2020 05:00:00 PM,47,26,21
10/21/2020 06:00:00 PM,29,13,16
10/21/2020 07:00:00 PM,8,3,5
10/21/2020 08:00:00 PM,3,2,1
10/21/2020 09:00:00 PM,2,0,2
10/21/2020 10:00:00 PM,2,0,2
10/21/2020 11:00:00 PM,6,2,4
10/22/2020 12:00:00 AM,1,0,1
10/22/2020 01:00:00 AM,0,0,0
10/22/2020 02:00:00 AM,2,1,1
10/22/2020 03:00:00 AM,0,0,0
10/22/2020 04:00:00 AM,1,1,0
10/22/2020 05:00:00 AM,9,3,6
10/22/2020 06:00:00 AM,15,6,9
10/22/2020 07:00:00 AM,35,15,20
10/22/2020 08:00:00 AM,23,12,11
10/22/2020 09:00:00 AM,12,3,9
10/22/2020 10:00:00 AM,21,12,9
10/22/2020 11:00:00 AM,21,11,10
10/22/2020 12:00:00 PM,21,10,11
10/22/2020 01:00:00 PM,15,9,6
10/22/2020 02:00:00 PM,32,19,13
10/22/2020 03:00:00 PM,49,33,16
10/22/2020 04:00:00 PM,50,36,14
10/22/2020 05:00:00 PM,61,31,30
10/22/2020 06:00:00 PM,27,16,11
10/22/2020 07:00:00 PM,22,9,13
10/22/2020 08:00:00 PM,13,9,4
10/22/2020 09:00:00 PM,6,3,3
10/22/2020 10:00:00 PM,6,1,5
10/22/2020 11:00:00 PM,3,1,2
10/23/2020 12:00:00 AM,1,0,1
10/23/2020 01:00:00 AM,2,1,1
10/23/2020 02:00:00 AM,2,2,0
10/23/2020 03:00:00 AM,0,0,0
10/23/2020 04:00:00 AM,1,0,1
10/23/2020 05:00:00 AM,4,2,2
10/23/2020 06:00:00 AM,20,5,15
10/23/2020 07:00:00 AM,23,6,17
10/23/2020 08:00:00 AM,22,10,12
10/23/2020 09:00:00 AM,12,6,6
10/23/2020 10:00:00 AM,8,5,3
10/23/2020 11:00:00 AM,9,4,5
10/23/2020 12:00:00 PM,9,3,6
10/23/2020 01:00:00 PM,19,12,7
10/23/2020 02:00:00 PM,23,17,6
10/23/2020 03:00:00 PM,27,21,6
10/23/2020 04:00:00 PM,38,23,15
10/23/2020 05:00:00 PM,27,11,16
10/23/2020 06:00:00 PM,17,8,9
10/23/2020 07:00:00 PM,6,5,1
10/23/2020 08:00:00 PM,6,5,1
10/23/2020 09:00:00 PM,6,1,5
10/23/2020 10:00:00 PM,2,1,1
10/23/2020 11:00:00 PM,4,1,3
10/24/2020 12:00:00 AM,1,0,1
10/24/2020 01:00:00 AM,1,0,1
10/24/2020 02:00:00 AM,1,1,0
10/24/2020 03:00:00 AM,1,0,1
10/24/2020 04:00:00 AM,1,0,1
10/24/2020 05:00:00 AM,2,1,1
10/24/2020 06:00:00 AM,3,1,2
10/24/2020 07:00:00 AM,4,2,2
10/24/2020 08:00:00 AM,4,0,4
10/24/2020 09:00:00 AM,17,13,4
10/24/2020 10:00:00 AM,16,12,4
10/24/2020 11:00:00 AM,31,18,13
10/24/2020 12:00:00 PM,25,21,4
10/24/2020 01:00:00 PM,39,18,21
10/24/2020 02:00:00 PM,42,21,21
10/24/2020 03:00:00 PM,32,20,12
10/24/2020 04:00:00 PM,32,14,18
10/24/2020 05:00:00 PM,40,11,29
10/24/2020 06:00:00 PM,24,9,15
10/24/2020 07:00:00 PM,17,6,11
10/24/2020 08:00:00 PM,7,2,5
10/24/2020 09:00:00 PM,3,2,1
10/24/2020 10:00:00 PM,4,3,1
10/24/2020 11:00:00 PM,4,0,4
10/25/2020 12:00:00 AM,5,2,3
10/25/2020 01:00:00 AM,1,1,0
10/25/2020 02:00:00 AM,0,0,0
10/25/2020 03:00:00 AM,0,0,0
10/25/2020 04:00:00 AM,0,0,0
10/25/2020 05:00:00 AM,0,0,0
10/25/2020 06:00:00 AM,1,0,1
10/25/2020 07:00:00 AM,7,1,6
10/25/2020 08:00:00 AM,3,0,3
10/25/2020 09:00:00 AM,15,5,10
10/25/2020 10:00:00 AM,16,10,6
10/25/2020 11:00:00 AM,20,13,7
10/25/2020 12:00:00 PM,25,14,11
10/25/2020 01:00:00 PM,15,7,8
10/25/2020 02:00:00 PM,36,18,18
10/25/2020 03:00:00 PM,26,12,14
10/25/2020 04:00:00 PM,19,8,11
10/25/2020 05:00:00 PM,15,5,10
10/25/2020 06:00:00 PM,20,5,15
10/25/2020 07:00:00 PM,11,5,6
10/25/2020 08:00:00 PM,1,0,1
10/25/2020 09:00:00 PM,6,6,0
10/25/2020 10:00:00 PM,4,1,3
10/25/2020 11:00:00 PM,1,0,1
10/26/2020 12:00:00 AM,4,3,1
10/26/2020 01:00:00 AM,0,0,0
10/26/2020 02:00:00 AM,0,0,0
10/26/2020 03:00:00 AM,0,0,0
10/26/2020 04:00:00 AM,1,1,0
10/26/2020 05:00:00 AM,11,5,6
10/26/2020 06:00:00 AM,11,3,8
10/26/2020 07:00:00 AM,29,6,23
10/26/2020 08:00:00 AM,22,7,15
10/26/2020 09:00:00 AM,16,5,11
10/26/2020 10:00:00 AM,5,3,2
10/26/2020 11:00:00 AM,18,9,9
10/26/2020 12:00:00 PM,16,8,8
10/26/2020 01:00:00 PM,20,9,11
10/26/2020 02:00:00 PM,19,13,6
10/26/2020 03:00:00 PM,21,16,5
10/26/2020 04:00:00 PM,44,28,16
10/26/2020 05:00:00 PM,49,28,21
10/26/2020 06:00:00 PM,21,11,10
10/26/2020 07:00:00 PM,14,5,9
10/26/2020 08:00:00 PM,3,1,2
10/26/2020 09:00:00 PM,11,6,5
10/26/2020 10:00:00 PM,5,4,1
10/26/2020 11:00:00 PM,3,3,0
10/27/2020 12:00:00 AM,3,2,1
10/27/2020 01:00:00 AM,1,0,1
10/27/2020 02:00:00 AM,1,1,0
10/27/2020 03:00:00 AM,0,0,0
10/27/2020 04:00:00 AM,2,1,1
10/27/2020 05:00:00 AM,13,4,9
10/27/2020 06:00:00 AM,19,5,14
10/27/2020 07:00:00 AM,37,11,26
10/27/2020 08:00:00 AM,33,12,21
10/27/2020 09:00:00 AM,12,3,9
10/27/2020 10:00:00 AM,20,11,9
10/27/2020 11:00:00 AM,22,11,11
10/27/2020 12:00:00 PM,15,7,8
10/27/2020 01:00:00 PM,23,10,13
10/27/2020 02:00:00 PM,34,22,12
10/27/2020 03:00:00 PM,35,19,16
10/27/2020 04:00:00 PM,53,40,13
10/27/2020 05:00:00 PM,54,29,25
10/27/2020 06:00:00 PM,33,23,10
10/27/2020 07:00:00 PM,8,3,5
10/27/2020 08:00:00 PM,8,3,5
10/27/2020 09:00:00 PM,1,0,1
10/27/2020 10:00:00 PM,6,1,5
10/27/2020 11:00:00 PM,4,1,3
10/28/2020 12:00:00 AM,0,0,0
10/28/2020 01:00:00 AM,2,1,1
10/28/2020 02:00:00 AM,0,0,0
10/28/2020 03:00:00 AM,0,0,0
10/28/2020 04:00:00 AM,2,2,0
10/28/2020 05:00:00 AM,11,5,6
10/28/2020 06:00:00 AM,21,5,16
10/28/2020 07:00:00 AM,34,15,19
10/28/2020 08:00:00 AM,45,17,28
10/28/2020 09:00:00 AM,33,12,21
10/28/2020 10:00:00 AM,16,9,7
10/28/2020 11:00:00 AM,17,7,10
10/28/2020 12:00:00 PM,25,12,13
10/28/2020 01:00:00 PM,24,15,9
10/28/2020 02:00:00 PM,29,24,5
10/28/2020 03:00:00 PM,36,22,14
10/28/2020 04:00:00 PM,53,35,18
10/28/2020 05:00:00 PM,50,29,21
10/28/2020 06:00:00 PM,42,16,26
10/28/2020 07:00:00 PM,18,7,11
10/28/2020 08:00:00 PM,5,3,2
10/28/2020 09:00:00 PM,7,4,3
10/28/2020 10:00:00 PM,4,1,3
10/28/2020 11:00:00 PM,3,1,2
10/29/2020 12:00:00 AM,1,0,1
10/29/2020 01:00:00 AM,0,0,0
10/29/2020 02:00:00 AM,0,0,0
10/29/2020 03:00:00 AM,2,1,1
10/29/2020 04:00:00 AM,1,0,1
10/29/2020 05:00:00 AM,14,3,11
10/29/2020 06:00:00 AM,20,7,13
10/29/2020 07:00:00 AM,35,14,21
10/29/2020 08:00:00 AM,29,14,15
10/29/2020 09:00:00 AM,22,8,14
10/29/2020 10:00:00 AM,21,13,8
10/29/2020 11:00:00 AM,18,6,12
10/29/2020 12:00:00 PM,23,11,12
10/29/2020 01:00:00 PM,16,4,12
10/29/2020 02:00:00 PM,30,20,10
10/29/2020 03:00:00 PM,36,26,10
10/29/2020 04:00:00 PM,49,34,15
10/29/2020 05:00:00 PM,73,42,31
10/29/2020 06:00:00 PM,32,17,15
10/29/2020 07:00:00 PM,24,8,16
10/29/2020 08:00:00 PM,7,5,2
10/29/2020 09:00:00 PM,13,6,7
10/29/2020 10:00:00 PM,8,2,6
10/29/2020 11:00:00 PM,1,0,1
10/30/2020 12:00:00 AM,0,0,0
10/30/2020 01:00:00 AM,0,0,0
10/30/2020 02:00:00 AM,1,0,1
10/30/2020 03:00:00 AM,0,0,0
10/30/2020 04:00:00 AM,0,0,0
10/30/2020 05:00:00 AM,12,6,6
10/30/2020 06:00:00 AM,15,5,10
10/30/2020 07:00:00 AM,29,10,19
10/30/2020 08:00:00 AM,27,10,17
10/30/2020 09:00:00 AM,17,9,8
10/30/2020 10:00:00 AM,19,7,12
10/30/2020 11:00:00 AM,15,7,8
10/30/2020 12:00:00 PM,20,13,7
10/30/2020 01:00:00 PM,24,16,8
10/30/2020 02:00:00 PM,31,23,8
10/30/2020 03:00:00 PM,38,25,13
10/30/2020 04:00:00 PM,51,33,18
10/30/2020 05:00:00 PM,52,30,22
10/30/2020 06:00:00 PM,37,17,20
10/30/2020 07:00:00 PM,17,13,4
10/30/2020 08:00:00 PM,14,5,9
10/30/2020 09:00:00 PM,11,8,3
10/30/2020 10:00:00 PM,5,2,3
10/30/2020 11:00:00 PM,7,4,3
10/31/2020 12:00:00 AM,3,1,2
10/31/2020 01:00:00 AM,3,2,1
10/31/2020 02:00:00 AM,0,0,0
10/31/2020 03:00:00 AM,0,0,0
10/31/2020 04:00:00 AM,0,0,0
10/31/2020 05:00:00 AM,4,1,3
10/31/2020 06:00:00 AM,3,3,0
10/31/2020 07:00:00 AM,4,3,1
10/31/2020 08:00:00 AM,13,6,7
10/31/2020 09:00:00 AM,15,11,4
10/31/2020 10:00:00 AM,13,8,5
10/31/2020 11:00:00 AM,35,27,8
10/31/2020 12:00:00 PM,34,23,11
10/31/2020 01:00:00 PM,46,24,22
10/31/2020 02:00:00 PM,42,19,23
10/31/2020 03:00:00 PM,24,11,13
10/31/2020 04:00:00 PM,44,18,26
10/31/2020 05:00:00 PM,23,13,10
10/31/2020 06:00:00 PM,22,12,10
10/31/2020 07:00:00 PM,7,4,3
10/31/2020 08:00:00 PM,5,2,3
10/31/2020 09:00:00 PM,4,1,3
10/31/2020 10:00:00 PM,5,2,3
10/31/2020 11:00:00 PM,4,1,3
10/01/2020 12:00:00 AM,1,1,0
10/01/2020 01:00:00 AM,1,1,0
10/01/2020 02:00:00 AM,1,1,0
10/01/2020 03:00:00 AM,1,1,0
10/01/2020 04:00:00 AM,2,1,1
10/01/2020 05:00:00 AM,13,10,3
10/01/2020 06:00:00 AM,20,11,9
10/01/2020 07:00:00 AM,43,26,17
10/01/2020 08:00:00 AM,35,21,14
10/01/2020 09:00:00 AM,27,19,8
10/01/2020 10:00:00 AM,22,11,11
10/01/2020 11:00:00 AM,21,7,14
10/01/2020 12:00:00 PM,25,16,9
10/01/2020 01:00:00 PM,26,12,14
10/01/2020 02:00:00 PM,34,10,24
10/01/2020 03:00:00 PM,45,17,28
10/01/2020 04:00:00 PM,52,20,32
10/01/2020 05:00:00 PM,67,27,40
10/01/2020 06:00:00 PM,35,14,21
10/01/2020 07:00:00 PM,22,10,12
10/01/2020 08:00:00 PM,5,4,1
10/01/2020 09:00:00 PM,4,2,2
10/01/2020 10:00:00 PM,8,6,2
10/01/2020 11:00:00 PM,4,3,1
10/02/2020 12:00:00 AM,3,1,2
10/02/2020 01:00:00 AM,0,0,0
10/02/2020 02:00:00 AM,0,0,0
10/02/2020 03:00:00 AM,0,0,0
10/02/2020 04:00:00 AM,0,0,0
10/02/2020 05:00:00 AM,11,4,7
10/02/2020 06:00:00 AM,25,18,7
10/02/2020 07:00:00 AM,29,14,15
10/02/2020 08:00:00 AM,35,23,12
10/02/2020 09:00:00 AM,23,11,12
10/02/2020 10:00:00 AM,18,6,12
10/02/2020 11:00:00 AM,19,9,10
10/02/2020 12:00:00 PM,26,14,12
10/02/2020 01:00:00 PM,40,12,28
10/02/2020 02:00:00 PM,46,22,24
10/02/2020 03:00:00 PM,45,20,25
10/02/2020 04:00:00 PM,53,19,34
10/02/2020 05:00:00 PM,66,30,36
10/02/2020 06:00:00 PM,42,13,29
10/02/2020 07:00:00 PM,24,10,14
10/02/2020 08:00:00 PM,16,10,6
10/02/2020 09:00:00 PM,15,12,3
10/02/2020 10:00:00 PM,9,5,4
10/02/2020 11:00:00 PM,12,8,4
10/03/2020 12:00:00 AM,1,1,0
10/03/2020 01:00:00 AM,4,1,3
10/03/2020 02:00:00 AM,1,1,0
10/03/2020 03:00:00 AM,0,0,0
10/03/2020 04:00:00 AM,3,1,2
10/03/2020 05:00:00 AM,1,0,1
10/03/2020 06:00:00 AM,6,4,2
10/03/2020 07:00:00 AM,6,2,4
10/03/2020 08:00:00 AM,15,5,10
10/03/2020 09:00:00 AM,25,10,15
10/03/2020 10:00:00 AM,22,8,14
10/03/2020 11:00:00 AM,20,9,11
10/03/2020 12:00:00 PM,36,22,14
10/03/2020 01:00:00 PM,47,23,24
10/03/2020 02:00:00 PM,35,15,20
10/03/2020 03:00:00 PM,44,18,26
10/03/2020 04:00:00 PM,23,12,11
10/03/2020 05:00:00 PM,35,20,15
10/03/2020 06:00:00 PM,25,12,13
10/03/2020 07:00:00 PM,15,8,7
10/03/2020 08:00:00 PM,12,5,7
10/03/2020 09:00:00 PM,6,3,3
10/03/2020 10:00:00 PM,10,6,4
10/03/2020 11:00:00 PM,2,2,0
10/04/2020 12:00:00 AM,2,1,1
10/04/2020 01:00:00 AM,2,0,2
10/04/2020 02:00:00 AM,3,2,1
10/04/2020 03:00:00 AM,0,0,0
10/04/2020 04:00:00 AM,1,1,0
10/04/2020 05:00:00 AM,0,0,0
10/04/2020 06:00:00 AM,3,2,1
10/04/2020 07:00:00 AM,6,4,2
10/04/2020 08:00:00 AM,4,3,1
10/04/2020 09:00:00 AM,7,5,2
10/04/2020 10:00:00 AM,18,10,8
10/04/2020 11:00:00 AM,27,16,11
10/04/2020 12:00:00 PM,30,17,13
10/04/2020 01:00:00 PM,33,12,21
10/04/2020 02:00:00 PM,39,14,25
10/04/2020 03:00:00 PM,27,19,8
10/04/2020 04:00:00 PM,30,8,22
10/04/2020 05:00:00 PM,21,12,9
10/04/2020 06:00:00 PM,20,13,7
10/04/2020 07:00:00 PM,13,7,6
10/04/2020 08:00:00 PM,12,8,4
10/04/2020 09:00:00 PM,6,3,3
10/04/2020 10:00:00 PM,3,1,2
10/04/2020 11:00:00 PM,4,1,3
10/05/2020 12:00:00 AM,2,2,0
10/05/2020 01:00:00 AM,2,0,2
10/05/2020 02:00:00 AM,0,0,0
10/05/2020 03:00:00 AM,0,0,0
10/05/2020 04:00:00 AM,1,0,1
10/05/2020 05:00:00 AM,9,5,4
10/05/2020 06:00:00 AM,19,15,4
10/05/2020 07:00:00 AM,37,25,12
10/05/2020 08:00:00 AM,44,28,16
10/05/2020 09:00:00 AM,20,13,7
10/05/2020 10:00:00 AM,11,6,5
10/05/2020 11:00:00 AM,16,10,6
10/05/2020 12:00:00 PM,20,10,10
10/05/2020 01:00:00 PM,21,8,13
10/05/2020 02:00:00 PM,32,8,24
10/05/2020 03:00:00 PM,40,13,27
10/05/2020 04:00:00 PM,51,23,28
10/05/2020 05:00:00 PM,69,31,38
10/05/2020 06:00:00 PM,42,16,26
10/05/2020 07:00:00 PM,14,7,7
10/05/2020 08:00:00 PM,10,8,2
10/05/2020 09:00:00 PM,5,2,3
10/05/2020 10:00:00 PM,1,0,1
10/05/2020 11:00:00 PM,2,2,0
10/06/2020 12:00:00 AM,1,1,0
10/06/2020 01:00:00 AM,2,2,0
10/06/2020 02:00:00 AM,0,0,0
10/06/2020 03:00:00 AM,0,0,0
10/06/2020 04:00:00 AM,0,0,0
10/06/2020 05:00:00 AM,10,6,4
10/06/2020 06:00:00 AM,28,20,8
10/06/2020 07:00:00 AM,51,32,19
10/06/2020 08:00:00 AM,36,23,13
10/06/2020 09:00:00 AM,29,16,13
10/06/2020 10:00:00 AM,9,4,5
10/06/2020 11:00:00 AM,23,9,14
10/06/2020 12:00:00 PM,24,17,7
10/06/2020 01:00:00 PM,28,10,18
10/06/2020 02:00:00 PM,29,14,15
10/06/2020 03:00:00 PM,36,15,21
10/06/2020 04:00:00 PM,65,19,46
10/06/2020 05:00:00 PM,63,27,36
10/06/2020 06:00:00 PM,35,15,20
10/06/2020 07:00:00 PM,18,9,9
10/06/2020 08:00:00 PM,19,12,7
10/06/2020 09:00:00 PM,10,2,8
10/06/2020 10:00:00 PM,8,7,1
10/06/2020 11:00:00 PM,12,4,8
10/07/2020 12:00:00 AM,1,1,0
10/07/2020 01:00:00 AM,0,0,0
10/07/2020 02:00:00 AM,0,0,0
10/07/2020 03:00:00 AM,0,0,0
10/07/2020 04:00:00 AM,3,2,1
10/07/2020 05:00:00 AM,12,8,4
10/07/2020 06:00:00 AM,19,13,6
10/07/2020 07:00:00 AM,35,22,13
10/07/2020 08:00:00 AM,43,26,17
10/07/2020 09:00:00 AM,33,18,15
10/07/2020 10:00:00 AM,14,6,8
10/07/2020 11:00:00 AM,23,14,9
10/07/2020 12:00:00 PM,28,14,14
10/07/2020 01:00:00 PM,28,16,12
10/07/2020 02:00:00 PM,47,14,33
10/07/2020 03:00:00 PM,48,18,30
10/07/2020 04:00:00 PM,46,16,30
10/07/2020 05:00:00 PM,73,27,46
10/07/2020 06:00:00 PM,28,11,17
10/07/2020 07:00:00 PM,19,14,5
10/07/2020 08:00:00 PM,14,6,8
10/07/2020 09:00:00 PM,9,5,4
10/07/2020 10:00:00 PM,6,5,1
10/07/2020 11:00:00 PM,8,6,2
10/08/2020 12:00:00 AM,5,2,3
10/08/2020 01:00:00 AM,0,0,0
10/08/2020 02:00:00 AM,1,0,1
10/08/2020 03:00:00 AM,2,0,2
10/08/2020 04:00:00 AM,1,1,0
10/08/2020 05:00:00 AM,18,12,6
10/08/2020 06:00:00 AM,22,16,6
10/08/2020 07:00:00 AM,29,15,14
10/08/2020 08:00:00 AM,35,21,14
10/08/2020 09:00:00 AM,34,21,13
10/08/2020 10:00:00 AM,17,7,10
10/08/2020 11:00:00 AM,17,9,8
10/08/2020 12:00:00 PM,27,11,16
10/08/2020 01:00:00 PM,36,19,17
10/08/2020 02:00:00 PM,32,13,19
10/08/2020 03:00:00 PM,49,16,33
10/08/2020 04:00:00 PM,46,17,29
10/08/2020 05:00:00 PM,75,37,38
10/08/2020 06:00:00 PM,43,18,25
10/08/2020 07:00:00 PM,21,6,15
10/08/2020 08:00:00 PM,19,13,6
10/08/2020 09:00:00 PM,8,4,4
10/08/2020 10:00:00 PM,7,3,4
10/08/2020 11:00:00 PM,11,4,7
10/09/2020 12:00:00 AM,1,0,1
10/09/2020 01:00:00 AM,2,1,1
10/09/2020 02:00:00 AM,0,0,0
10/09/2020 03:00:00 AM,3,0,3
10/09/2020 04:00:00 AM,0,0,0
10/09/2020 05:00:00 AM,10,4,6
10/09/2020 06:00:00 AM,20,14,6
10/09/2020 07:00:00 AM,32,20,12
10/09/2020 08:00:00 AM,28,13,15
10/09/2020 09:00:00 AM,45,26,19
10/09/2020 10:00:00 AM,23,14,9
10/09/2020 11:00:00 AM,24,14,10
10/09/2020 12:00:00 PM,32,10,22
10/09/2020 01:00:00 PM,38,13,25
10/09/2020 02:00:00 PM,52,21,31
10/09/2020 03:00:00 PM,43,15,28
10/09/2020 04:00:00 PM,64,24,40
10/09/2020 05:00:00 PM,59,24,35
10/09/2020 06:00:00 PM,28,13,15
10/09/2020 07:00:00 PM,22,13,9
10/09/2020 08:00:00 PM,9,7,2
10/09/2020 09:00:00 PM,4,2,2
10/09/2020 10:00:00 PM,2,1,1
10/09/2020 11:00:00 PM,6,2,4
10/10/2020 12:00:00 AM,1,1,0
10/10/2020 01:00:00 AM,1,0,1
10/10/2020 02:00:00 AM,0,0,0
10/10/2020 03:00:00 AM,1,0,1
10/10/2020 04:00:00 AM,0,0,0
10/10/2020 05:00:00 AM,4,2,2
10/10/2020 06:00:00 AM,2,2,0
10/10/2020 07:00:00 AM,7,4,3
10/10/2020 08:00:00 AM,8,2,6
10/10/2020 09:00:00 AM,15,4,11
10/10/2020 10:00:00 AM,6,1,5
10/10/2020 11:00:00 AM,9,6,3
10/10/2020 12:00:00 PM,20,10,10
10/10/2020 01:00:00 PM,25,10,15
10/10/2020 02:00:00 PM,33,11,22
10/10/2020 03:00:00 PM,32,16,16
10/10/2020 04:00:00 PM,35,12,23
10/10/2020 05:00:00 PM,22,12,10
10/10/2020 06:00:00 PM,19,8,11
10/10/2020 07:00:00 PM,8,6,2
10/10/2020 08:00:00 PM,10,7,3
10/10/2020 09:00:00 PM,5,4,1
10/10/2020 10:00:00 PM,3,3,0
10/10/2020 11:00:00 PM,3,3,0
10/11/2020 12:00:00 AM,2,1,1
10/11/2020 01:00:00 AM,0,0,0
10/11/2020 02:00:00 AM,0,0,0
10/11/2020 03:00:00 AM,0,0,0
10/11/2020 04:00:00 AM,0,0,0
10/11/2020 05:00:00 AM,1,1,0
10/11/2020 06:00:00 AM,2,1,1
10/11/2020 07:00:00 AM,3,2,1
10/11/2020 08:00:00 AM,9,2,7
10/11/2020 09:00:00 AM,7,3,4
10/11/2020 10:00:00 AM,6,3,3
10/11/2020 11:00:00 AM,4,1,3
10/11/2020 12:00:00 PM,8,6,2
10/11/2020 01:00:00 PM,11,8,3
10/11/2020 02:00:00 PM,10,5,5
10/11/2020 03:00:00 PM,11,7,4
10/11/2020 04:00:00 PM,9,5,4
10/11/2020 05:00:00 PM,12,8,4
10/11/2020 06:00:00 PM,3,1,2
10/11/2020 07:00:00 PM,7,5,2
10/11/2020 08:00:00 PM,1,1,0
10/11/2020 09:00:00 PM,3,0,3
10/11/2020 10:00:00 PM,1,0,1
10/11/2020 11:00:00 PM,2,1,1
10/12/2020 12:00:00 AM,0,0,0
10/12/2020 01:00:00 AM,1,0,1
10/12/2020 02:00:00 AM,1,1,0
10/12/2020 03:00:00 AM,3,2,1
10/12/2020 04:00:00 AM,1,1,0
10/12/2020 05:00:00 AM,6,3,3
10/12/2020 06:00:00 AM,16,15,1
10/12/2020 07:00:00 AM,26,20,6
10/12/2020 08:00:00 AM,25,16,9
10/12/2020 09:00:00 AM,26,16,10
10/12/2020 10:00:00 AM,10,4,6
10/12/2020 11:00:00 AM,15,7,8
10/12/2020 12:00:00 PM,28,14,14
10/12/2020 01:00:00 PM,26,11,15
10/12/2020 02:00:00 PM,31,16,15
10/12/2020 03:00:00 PM,30,7,23
10/12/2020 04:00:00 PM,48,14,34
10/12/2020 05:00:00 PM,47,19,28
10/12/2020 06:00:00 PM,37,13,24
10/12/2020 07:00:00 PM,11,5,6
10/12/2020 08:00:00 PM,11,5,6
10/12/2020 09:00:00 PM,3,2,1
10/12/2020 10:00:00 PM,6,2,4
10/12/2020 11:00:00 PM,0,0,0
10/13/2020 12:00:00 AM,1,0,1
10/13/2020 01:00:00 AM,2,1,1
10/13/2020 02:00:00 AM,1,0,1
10/13/2020 03:00:00 AM,2,0,2
10/13/2020 04:00:00 AM,0,0,0
10/13/2020 05:00:00 AM,7,4,3
10/13/2020 06:00:00 AM,13,10,3
10/13/2020 07:00:00 AM,23,14,9
10/13/2020 08:00:00 AM,22,15,7
10/13/2020 09:00:00 AM,13,8,5
10/13/2020 10:00:00 AM,9,4,5
10/13/2020 11:00:00 AM,7,4,3
10/13/2020 12:00:00 PM,15,8,7
10/13/2020 01:00:00 PM,20,8,12
10/13/2020 02:00:00 PM,24,3,21
10/13/2020 03:00:00 PM,18,5,13
10/13/2020 04:00:00 PM,36,13,23
10/13/2020 05:00:00 PM,34,13,21
10/13/2020 06:00:00 PM,21,8,13
10/13/2020 07:00:00 PM,19,9,10
10/13/2020 08:00:00 PM,11,6,5
10/13/2020 09:00:00 PM,6,2,4
10/13/2020 10:00:00 PM,7,4,3
10/13/2020 11:00:00 PM,8,4,4
10/14/2020 12:00:00 AM,1,1,0
10/14/2020 01:00:00 AM,0,0,0
10/14/2020 02:00:00 AM,1,0,1
10/14/2020 03:00:00 AM,1,0,1
10/14/2020 04:00:00 AM,1,0,1
10/14/2020 05:00:00 AM,12,7,5
10/14/2020 06:00:00 AM,18,12,6
10/14/2020 07:00:00 AM,41,22,19
10/14/2020 08:00:00 AM,40,29,11
10/14/2020 09:00:00 AM,22,14,8
10/14/2020 10:00:00 AM,17,11,6
10/14/2020 11:00:00 AM,22,8,14
10/14/2020 12:00:00 PM,28,17,11
10/14/2020 01:00:00 PM,31,15,16
10/14/2020 02:00:00 PM,38,14,24
10/14/2020 03:00:00 PM,39,15,24
10/14/2020 04:00:00 PM,51,18,33
10/14/2020 05:00:00 PM,51,20,31
10/14/2020 06:00:00 PM,38,21,17
10/14/2020 07:00:00 PM,18,8,10
10/14/2020 08:00:00 PM,6,2,4
10/14/2020 09:00:00 PM,8,7,1
10/14/2020 10:00:00 PM,5,3,2
10/14/2020 11:00:00 PM,6,0,6
10/15/2020 12:00:00 AM,2,2,0
10/15/2020 01:00:00 AM,1,1,0
10/15/2020 02:00:00 AM,0,0,0
10/15/2020 03:00:00 AM,1,1,0
10/15/2020 04:00:00 AM,1,0,1
10/15/2020 05:00:00 AM,7,2,5
10/15/2020 06:00:00 AM,23,16,7
10/15/2020 07:00:00 AM,41,23,18
10/15/2020 08:00:00 AM,27,19,8
10/15/2020 09:00:00 AM,33,19,14
10/15/2020 10:00:00 AM,17,6,11
10/15/2020 11:00:00 AM,16,7,9
10/15/2020 12:00:00 PM,29,17,12
10/15/2020 01:00:00 PM,21,10,11
10/15/2020 02:00:00 PM,29,8,21
10/15/2020 03:00:00 PM,52,18,34
10/15/2020 04:00:00 PM,52,23,29
10/15/2020 05:00:00 PM,64,28,36
10/15/2020 06:00:00 PM,39,16,23
10/15/2020 07:00:00 PM,17,10,7
10/15/2020 08:00:00 PM,8,5,3
10/15/2020 09:00:00 PM,17,8,9
10/15/2020 10:00:00 PM,5,1,4
10/15/2020 11:00:00 PM,7,3,4
10/16/2020 12:00:00 AM,2,0,2
10/16/2020 01:00:00 AM,0,0,0
10/16/2020 02:00:00 AM,2,0,2
10/16/2020 03:00:00 AM,0,0,0
10/16/2020 04:00:00 AM,0,0,0
10/16/2020 05:00:00 AM,10,3,7
10/16/2020 06:00:00 AM,21,14,7
10/16/2020 07:00:00 AM,22,13,9
10/16/2020 08:00:00 AM,28,19,9
10/16/2020 09:00:00 AM,19,11,8
10/16/2020 10:00:00 AM,18,11,7
10/16/2020 11:00:00 AM,16,12,4
10/16/2020 12:00:00 PM,25,14,11
10/16/2020 01:00:00 PM,30,10,20
10/16/2020 02:00:00 PM,30,11,19
10/16/2020 03:00:00 PM,29,13,16
10/16/2020 04:00:00 PM,43,19,24
10/16/2020 05:00:00 PM,50,21,29
10/16/2020 06:00:00 PM,29,11,18
10/16/2020 07:00:00 PM,11,5,6
10/16/2020 08:00:00 PM,13,8,5
10/16/2020 09:00:00 PM,5,2,3
10/16/2020 10:00:00 PM,6,3,3
10/16/2020 11:00:00 PM,7,6,1
10/17/2020 12:00:00 AM,0,0,0
10/17/2020 01:00:00 AM,0,0,0
10/17/2020 02:00:00 AM,1,0,1
10/17/2020 03:00:00 AM,0,0,0
10/17/2020 04:00:00 AM,0,0,0
10/17/2020 05:00:00 AM,3,0,3
10/17/2020 06:00:00 AM,1,1,0
10/17/2020 07:00:00 AM,6,3,3
10/17/2020 08:00:00 AM,12,6,6
10/17/2020 09:00:00 AM,18,7,11
10/17/2020 10:00:00 AM,28,7,21
10/17/2020 11:00:00 AM,28,7,21
10/17/2020 12:00:00 PM,32,14,18
10/17/2020 01:00:00 PM,33,6,27
10/17/2020 02:00:00 PM,34,22,12
10/17/2020 03:00:00 PM,43,12,31
10/17/2020 04:00:00 PM,42,29,13
10/17/2020 05:00:00 PM,38,30,8
10/17/2020 06:00:00 PM,16,9,7
10/17/2020 07:00:00 PM,22,13,9
10/17/2020 08:00:00 PM,7,4,3
10/17/2020 09:00:00 PM,6,2,4
10/17/2020 10:00:00 PM,4,1,3
10/17/2020 11:00:00 PM,7,4,3
10/18/2020 12:00:00 AM,4,2,2
10/18/2020 01:00:00 AM,0,0,0
10/18/2020 02:00:00 AM,1,1,0
10/18/2020 03:00:00 AM,0,0,0
10/18/2020 04:00:00 AM,1,0,1
10/18/2020 05:00:00 AM,2,2,0
10/18/2020 06:00:00 AM,1,0,1
10/18/2020 07:00:00 AM,4,2,2
10/18/2020 08:00:00 AM,2,1,1
10/18/2020 09:00:00 AM,9,8,1
10/18/2020 10:00:00 AM,5,3,2
10/18/2020 11:00:00 AM,12,7,5
10/18/2020 12:00:00 PM,11,5,6
10/18/2020 01:00:00 PM,12,6,6
10/18/2020 02:00:00 PM,18,7,11
10/18/2020 03:00:00 PM,14,5,9
10/18/2020 04:00:00 PM,15,8,7
10/18/2020 05:00:00 PM,19,7,12
10/18/2020 06:00:00 PM,6,1,5
10/18/2020 07:00:00 PM,9,3,6
10/18/2020 08:00:00 PM,1,0,1
10/18/2020 09:00:00 PM,9,6,3
10/18/2020 10:00:00 PM,8,5,3
10/18/2020 11:00:00 PM,2,1,1
10/19/2020 12:00:00 AM,4,0,4
10/19/2020 01:00:00 AM,0,0,0
10/19/2020 02:00:00 AM,1,1,0
10/19/2020 03:00:00 AM,0,0,0
10/19/2020 04:00:00 AM,2,0,2
10/19/2020 05:00:00 AM,5,3,2
10/19/2020 06:00:00 AM,19,15,4
10/19/2020 07:00:00 AM,29,19,10
10/19/2020 08:00:00 AM,37,23,14
10/19/2020 09:00:00 AM,27,16,11
10/19/2020 10:00:00 AM,17,9,8
10/19/2020 11:00:00 AM,16,6,10
10/19/2020 12:00:00 PM,25,13,12
10/19/2020 01:00:00 PM,14,6,8
10/19/2020 02:00:00 PM,34,12,22
10/19/2020 03:00:00 PM,24,12,12
10/19/2020 04:00:00 PM,43,19,24
10/19/2020 05:00:00 PM,38,16,22
10/19/2020 06:00:00 PM,19,10,9
10/19/2020 07:00:00 PM,12,7,5
10/19/2020 08:00:00 PM,3,3,0
10/19/2020 09:00:00 PM,2,2,0
10/19/2020 10:00:00 PM,3,2,1
10/19/2020 11:00:00 PM,1,0,1
10/20/2020 12:00:00 AM,0,0,0
10/20/2020 01:00:00 AM,1,1,0
10/20/2020 02:00:00 AM,0,0,0
10/20/2020 03:00:00 AM,0,0,0
10/20/2020 04:00:00 AM,0,0,0
10/20/2020 05:00:00 AM,10,6,4
10/20/2020 06:00:00 AM,21,15,6
10/20/2020 07:00:00 AM,30,15,15
10/20/2020 08:00:00 AM,35,24,11
10/20/2020 09:00:00 AM,18,11,7
10/20/2020 10:00:00 AM,13,8,5
10/20/2020 11:00:00 AM,16,11,5
10/20/2020 12:00:00 PM,18,7,11
10/20/2020 01:00:00 PM,18,9,9
10/20/2020 02:00:00 PM,29,13,16
10/20/2020 03:00:00 PM,35,13,22
10/20/2020 04:00:00 PM,52,22,30
10/20/2020 05:00:00 PM,69,39,30
10/20/2020 06:00:00 PM,30,13,17
10/20/2020 07:00:00 PM,23,11,12
10/20/2020 08:00:00 PM,4,4,0
10/20/2020 09:00:00 PM,3,1,2
10/20/2020 10:00:00 PM,2,2,0
10/20/2020 11:00:00 PM,9,7,2
10/21/2020 12:00:00 AM,1,1,0
10/21/2020 01:00:00 AM,2,1,1
10/21/2020 02:00:00 AM,0,0,0
10/21/2020 03:00:00 AM,0,0,0
10/21/2020 04:00:00 AM,0,0,0
10/21/2020 05:00:00 AM,6,4,2
10/21/2020 06:00:00 AM,21,11,10
10/21/2020 07:00:00 AM,33,21,12
10/21/2020 08:00:00 AM,27,16,11
10/21/2020 09:00:00 AM,16,11,5
10/21/2020 10:00:00 AM,12,7,5
10/21/2020 11:00:00 AM,14,4,10
10/21/2020 12:00:00 PM,11,4,7
10/21/2020 01:00:00 PM,20,7,13
10/21/2020 02:00:00 PM,27,8,19
10/21/2020 03:00:00 PM,24,8,16
10/21/2020 04:00:00 PM,47,16,31
10/21/2020 05:00:00 PM,47,21,26
10/21/2020 06:00:00 PM,29,16,13
10/21/2020 07:00:00 PM,8,5,3
10/21/2020 08:00:00 PM,3,1,2
10/21/2020 09:00:00 PM,2,2,0
10/21/2020 10:00:00 PM,2,2,0
10/21/2020 11:00:00 PM,6,4,2
10/22/2020 12:00:00 AM,1,1,0
10/22/2020 01:00:00 AM,0,0,0
10/22/2020 02:00:00 AM,2,1,1
10/22/2020 03:00:00 AM,0,0,0
10/22/2020 04:00:00 AM,1,0,1
10/22/2020 05:00:00 AM,9,6,3
10/22/2020 06:00:00 AM,15,9,6
10/22/2020 07:00:00 AM,35,20,15
10/22/2020 08:00:00 AM,23,11,12
10/22/2020 09:00:00 AM,12,9,3
10/22/2020 10:00:00 AM,21,9,12
10/22/2020 11:00:00 AM,21,10,11
10/22/2020 12:00:00 PM,21,11,10
10/22/2020 01:00:00 PM,15,6,9
10/22/2020 02:00:00 PM,32,13,19
10/22/2020 03:00:00 PM,49,16,33
10/22/2020 04:00:00 PM,50,14,36
10/22/2020 05:00:00 PM,61,30,31
10/22/2020 06:00:00 PM,27,11,16
10/22/2020 07:00:00 PM,22,13,9
10/22/2020 08:00:00 PM,13,4,9
10/22/2020 09:00:00 PM,6,3,3
10/22/2020 10:00:00 PM,6,5,1
10/22/2020 11:00:00 PM,3,2,1
10/23/2020 12:00:00 AM,1,1,0
10/23/2020 01:00:00 AM,2,1,1
10/23/2020 02:00:00 AM,2,0,2
10/23/2020 03:00:00 AM,0,0,0
10/23/2020 04:00:00 AM,1,1,0
10/23/2020 05:00:00 AM,4,2,2
10/23/2020 06:00:00 AM,20,15,5
10/23/2020 07:00:00 AM,23,17,6
10/23/2020 08:00:00 AM,22,12,10
10/23/2020 09:00:00 AM,12,6,6
10/23/2020 10:00:00 AM,8,3,5
10/23/2020 11:00:00 AM,9,5,4
10/23/2020 12:00:00 PM,9,6,3
10/23/2020 01:00:00 PM,19,7,12
10/23/2020 02:00:00 PM,23,6,17
10/23/2020 03:00:00 PM,27,6,21
10/23/2020 04:00:00 PM,38,15,23
10/23/2020 05:00:00 PM,27,16,11
10/23/2020 06:00:00 PM,17,9,8
10/23/2020 07:00:00 PM,6,1,5
10/23/2020 08:00:00 PM,6,1,5
10/23/2020 09:00:00 PM,6,5,1
10/23/2020 10:00:00 PM,2,1,1
10/23/2020 11:00:00 PM,4,3,1
10/24/2020 12:00:00 AM,1,1,0
10/24/2020 01:00:00 AM,1,1,0
10/24/2020 02:00:00 AM,1,0,1
10/24/2020 03:00:00 AM,1,1,0
10/24/2020 04:00:00 AM,1,1,0
10/24/2020 05:00:00 AM,2,1,1
10/24/2020 06:00:00 AM,3,2,1
10/24/2020 07:00:00 AM,4,2,2
10/24/2020 08:00:00 AM,4,4,0
10/24/2020 09:00:00 AM,17,4,13
10/24/2020 10:00:00 AM,16,4,12
10/24/2020 11:00:00 AM,31,13,18
10/24/2020 12:00:00 PM,25,4,21
10/24/2020 01:00:00 PM,39,21,18
10/24/2020 02:00:00 PM,42,21,21
10/24/2020 03:00:00 PM,32,12,20
10/24/2020 04:00:00 PM,32,18,14
10/24/2020 05:00:00 PM,40,29,11
10/24/2020 06:00:00 PM,24,15,9
10/24/2020 07:00:00 PM,17,11,6
10/24/2020 08:00:00 PM,7,5,2
10/24/2020 09:00:00 PM,3,1,2
10/24/2020 10:00:00 PM,4,1,3
10/24/2020 11:00:00 PM,4,4,0
10/25/2020 12:00:00 AM,5,3,2
10/25/2020 01:00:00 AM,1,0,1
10/25/2020 02:00:00 AM,0,0,0
10/25/2020 03:00:00 AM,0,0,0
10/25/2020 04:00:00 AM,0,0,0
10/25/2020 05:00:00 AM,0,0,0
10/25/2020 06:00:00 AM,1,1,0
10/25/2020 07:00:00 AM,7,6,1
10/25/2020 08:00:00 AM,3,3,0
10/25/2020 09:00:00 AM,15,10,5
10/25/2020 10:00:00 AM,16,6,10
10/25/2020 11:00:00 AM,20,7,13
10/25/2020 12:00:00 PM,25,11,14
10/25/2020 01:00:00 PM,15,8,7
10/25/2020 02:00:00 PM,36,18,18
10/25/2020 03:00:00 PM,26,14,12
10/25/2020 04:00:00 PM,19,11,8
10/25/2020 05:00:00 PM,15,10,5
10/25/2020 06:00:00 PM,20,15,5
10/25/2020 07:00:00 PM,11,6,5
10/25/2020 08:00:00 PM,1,1,0
10/25/2020 09:00:00 PM,6,0,6
10/25/2020 10:00:00 PM,4,3,1
10/25/2020 11:00:00 PM,1,1,0
10/26/2020 12:00:00 AM,4,1,3
10/26/2020 01:00:00 AM,0,0,0
10/26/2020 02:00:00 AM,0,0,0
10/26/2020 03:00:00 AM,0,0,0
10/26/2020 04:00:00 AM,1,0,1
10/26/2020 05:00:00 AM,11,6,5
10/26/2020 06:00:00 AM,11,8,3
10/26/2020 07:00:00 AM,29,23,6
10/26/2020 08:00:00 AM,22,15,7
10/26/2020 09:00:00 AM,16,11,5
10/26/2020 10:00:00 AM,5,2,3
10/26/2020 11:00:00 AM,18,9,9
10/26/2020 12:00:00 PM,16,8,8
10/26/2020 01:00:00 PM,20,11,9
10/26/2020 02:00:00 PM,19,6,13
10/26/2020 03:00:00 PM,21,5,16
10/26/2020 04:00:00 PM,44,16,28
10/26/2020 05:00:00 PM,49,21,28
10/26/2020 06:00:00 PM,21,10,11
10/26/2020 07:00:00 PM,14,9,5
10/26/2020 08:00:00 PM,3,2,1
10/26/2020 09:00:00 PM,11,5,6
10/26/2020 10:00:00 PM,5,1,4
10/26/2020 11:00:00 PM,3,0,3
10/27/2020 12:00:00 AM,3,1,2
10/27/2020 01:00:00 AM,1,1,0
10/27/2020 02:00:00 AM,1,0,1
10/27/2020 03:00:00 AM,0,0,0
10/27/2020 04:00:00 AM,2,1,1
10/27/2020 05:00:00 AM,13,9,4
10/27/2020 06:00:00 AM,19,14,5
10/27/2020 07:00:00 AM,37,26,11
10/27/2020 08:00:00 AM,33,21,12
10/27/2020 09:00:00 AM,12,9,3
10/27/2020 10:00:00 AM,20,9,11
10/27/2020 11:00:00 AM,22,11,11
10/27/2020 12:00:00 PM,15,8,7
10/27/2020 01:00:00 PM,23,13,10
10/27/2020 02:00:00 PM,34,12,22
10/27/2020 03:00:00 PM,35,16,19
10/27/2020 04:00:00 PM,53,13,40
10/27/2020 05:00:00 PM,54,25,29
10/27/2020 06:00:00 PM,33,10,23
10/27/2020 07:00:00 PM,8,5,3
10/27/2020 08:00:00 PM,8,5,3
10/27/2020 09:00:00 PM,1,1,0
10/27/2020 10:00:00 PM,6,5,1
10/27/2020 11:00:00 PM,4,3,1
10/28/2020 12:00:00 AM,0,0,0
10/28/2020 01:00:00 AM,2,1,1
10/28/2020 02:00:00 AM,0,0,0
10/28/2020 03:00:00 AM,0,0,0
10/28/2020 04:00:00 AM,2,0,2
10/28/2020 05:00:00 AM,11,6,5
10/28/2020 06:00:00 AM,21,16,5
10/28/2020 07:00:00 AM,34,19,15
10/28/2020 08:00:00 AM,45,28,17
10/28/2020 09:00:00 AM,33,21,12
10/28/2020 10:00:00 AM,16,7,9
10/28/2020 11:00:00 AM,17,10,7
10/28/2020 12:00:00 PM,25,13,12
10/28/2020 01:00:00 PM,24,9,15
10/28/2020 02:00:00 PM,29,5,24
10/28/2020 03:00:00 PM,36,14,22
10/28/2020 04:00:00 PM,53,18,35
10/28/2020 05:00:00 PM,50,21,29
10/28/2020 06:00:00 PM,42,26,16
10/28/2020 07:00:00 PM,18,11,7
10/28/2020 08:00:00 PM,5,2,3
10/28/2020 09:00:00 PM,7,3,4
10/28/2020 10:00:00 PM,4,3,1
10/28/2020 11:00:00 PM,3,2,1
10/29/2020 12:00:00 AM,1,1,0
10/29/2020 01:00:00 AM,0,0,0
10/29/2020 02:00:00 AM,0,0,0
10/29/2020 03:00:00 AM,2,1,1
10/29/2020 04:00:00 AM,1,1,0
10/29/2020 05:00:00 AM,14,11,3
10/29/2020 06:00:00 AM,20,13,7
10/29/2020 07:00:00 AM,35,21,14
10/29/2020 08:00:00 AM,29,15,14
10/29/2020 09:00:00 AM,22,14,8
10/29/2020 10:00:00 AM,21,8,13
10/29/2020 11:00:00 AM,18,12,6
10/29/2020 12:00:00 PM,23,12,11
10/29/2020 01:00:00 PM,16,12,4
10/29/2020 02:00:00 PM,30,10,20
10/29/2020 03:00:00 PM,36,10,26
10/29/2020 04:00:00 PM,49,15,34
10/29/2020 05:00:00 PM,73,31,42
10/29/2020 06:00:00 PM,32,15,17
10/29/2020 07:00:00 PM,24,16,8
10/29/2020 08:00:00 PM,7,2,5
10/29/2020 09:00:00 PM,13,7,6
10/29/2020 10:00:00 PM,8,6,2
10/29/2020 11:00:00 PM,1,1,0
10/30/2020 12:00:00 AM,0,0,0
10/30/2020 01:00:00 AM,0,0,0
10/30/2020 02:00:00 AM,1,1,0
10/30/2020 03:00:00 AM,0,0,0
10/30/2020 04:00:00 AM,0,0,0
10/30/2020 05:00:00 AM,12,6,6
10/30/2020 06:00:00 AM,15,10,5
10/30/2020 07:00:00 AM,29,19,10
10/30/2020 08:00:00 AM,27,17,10
10/30/2020 09:00:00 AM,17,8,9
10/30/2020 10:00:00 AM,19,12,7
10/30/2020 11:00:00 AM,15,8,7
10/30/2020 12:00:00 PM,20,7,13
10/30/2020 01:00:00 PM,24,8,16
10/30/2020 02:00:00 PM,31,8,23
10/30/2020 03:00:00 PM,38,13,25
10/30/2020 04:00:00 PM,51,18,33
10/30/2020 05:00:00 PM,52,22,30
10/30/2020 06:00:00 PM,37,20,17
10/30/2020 07:00:00 PM,17,4,13
10/30/2020 08:00:00 PM,14,9,5
10/30/2020 09:00:00 PM,11,3,8
10/30/2020 10:00:00 PM,5,3,2
10/30/2020 11:00:00 PM,7,3,4
10/31/2020 12:00:00 AM,3,2,1
10/31/2020 01:00:00 AM,3,1,2
10/31/2020 02:00:00 AM,0,0,0
10/31/2020 03:00:00 AM,0,0,0
10/31/2020 04:00:00 AM,0,0,0
10/31/2020 05:00:00 AM,4,3,1
10/31/2020 06:00:00 AM,3,0,3
10/31/2020 07:00:00 AM,4,1,3
10/31/2020 08:00:00 AM,13,7,6
10/31/2020 09:00:00 AM,15,4,11
10/31/2020 10:00:00 AM,13,5,8
10/31/2020 11:00:00 AM,35,8,27
10/31/2020 12:00:00 PM,34,11,23
10/31/2020 01:00:00 PM,46,22,24
10/31/2020 02:00:00 PM,42,23,19
10/31/2020 03:00:00 PM,24,13,11
10/31/2020 04:00:00 PM,44,26,18
10/31/2020 05:00:00 PM,23,10,13
10/31/2020 06:00:00 PM,22,10,12
10/31/2020 07:00:00 PM,7,3,4
10/31/2020 08:00:00 PM,5,3,2
10/31/2020 09:00:00 PM,4,3,1
10/31/2020 10:00:00 PM,5,3,2
10/31/2020 11:00:00 PM,4,3,1
11/01/2020 12:00:00 AM,5,3,2
11/01/2020 01:00:00 AM,3,2,1
11/01/2020 02:00:00 AM,0,0,0
11/01/2020 03:00:00 AM,0,0,0
11/01/2020 04:00:00 AM,0,0,0
11/01/2020 05:00:00 AM,1,1,0
11/01/2020 06:00:00 AM,2,2,0
11/01/2020 07:00:00 AM,8,1,7
11/01/2020 08:00:00 AM,6,3,3
11/01/2020 09:00:00 AM,19,7,12
11/01/2020 10:00:00 AM,16,11,5
11/01/2020 11:00:00 AM,30,12,18
11/01/2020 12:00:00 PM,41,15,26
11/01/2020 01:00:00 PM,41,19,22
11/01/2020 02:00:00 PM,37,24,13
11/01/2020 03:00:00 PM,36,19,17
11/01/2020 04:00:00 PM,22,8,14
11/01/2020 05:00:00 PM,17,5,12
11/01/2020 06:00:00 PM,19,13,6
11/01/2020 07:00:00 PM,17,7,10
11/01/2020 08:00:00 PM,10,3,7
11/01/2020 09:00:00 PM,3,2,1
11/01/2020 10:00:00 PM,2,1,1
11/01/2020 11:00:00 PM,1,1,0
11/02/2020 12:00:00 AM,1,1,0
11/02/2020 01:00:00 AM,0,0,0
11/02/2020 02:00:00 AM,0,0,0
11/02/2020 03:00:00 AM,0,0,0
11/02/2020 04:00:00 AM,0,0,0
11/02/2020 05:00:00 AM,16,9,7
11/02/2020 06:00:00 AM,19,14,5
11/02/2020 07:00:00 AM,41,29,12
11/02/2020 08:00:00 AM,34,17,17
11/02/2020 09:00:00 AM,23,14,9
11/02/2020 10:00:00 AM,10,4,6
11/02/2020 11:00:00 AM,22,10,12
11/02/2020 12:00:00 PM,21,10,11
11/02/2020 01:00:00 PM,31,16,15
11/02/2020 02:00:00 PM,39,12,27
11/02/2020 03:00:00 PM,42,14,28
11/02/2020 04:00:00 PM,51,16,35
11/02/2020 05:00:00 PM,49,20,29
11/02/2020 06:00:00 PM,23,12,11
11/02/2020 07:00:00 PM,18,9,9
11/02/2020 08:00:00 PM,9,4,5
11/02/2020 09:00:00 PM,3,2,1
11/02/2020 10:00:00 PM,3,2,1
11/02/2020 11:00:00 PM,2,2,0
11/03/2020 12:00:00 AM,1,0,1
11/03/2020 01:00:00 AM,0,0,0
11/03/2020 02:00:00 AM,1,1,0
11/03/2020 03:00:00 AM,0,0,0
11/03/2020 04:00:00 AM,1,1,0
11/03/2020 05:00:00 AM,9,4,5
11/03/2020 06:00:00 AM,19,14,5
11/03/2020 07:00:00 AM,24,13,11
11/03/2020 08:00:00 AM,19,12,7
11/03/2020 09:00:00 AM,7,5,2
11/03/2020 10:00:00 AM,5,4,1
11/03/2020 11:00:00 AM,8,2,6
11/03/2020 12:00:00 PM,16,8,8
11/03/2020 01:00:00 PM,11,8,3
11/03/2020 02:00:00 PM,14,6,8
11/03/2020 03:00:00 PM,23,13,10
11/03/2020 04:00:00 PM,28,8,20
11/03/2020 05:00:00 PM,35,16,19
11/03/2020 06:00:00 PM,13,5,8
11/03/2020 07:00:00 PM,12,4,8
11/03/2020 08:00:00 PM,2,2,0
11/03/2020 09:00:00 PM,3,2,1
11/03/2020 10:00:00 PM,5,4,1
11/03/2020 11:00:00 PM,4,3,1
11/04/2020 12:00:00 AM,0,0,0
11/04/2020 01:00:00 AM,1,0,1
11/04/2020 02:00:00 AM,0,0,0
11/04/2020 03:00:00 AM,1,0,1
11/04/2020 04:00:00 AM,1,0,1
11/04/2020 05:00:00 AM,9,4,5
11/04/2020 06:00:00 AM,19,13,6
11/04/2020 07:00:00 AM,20,12,8
11/04/2020 08:00:00 AM,17,10,7
11/04/2020 09:00:00 AM,15,11,4
11/04/2020 10:00:00 AM,5,1,4
11/04/2020 11:00:00 AM,11,4,7
11/04/2020 12:00:00 PM,14,7,7
11/04/2020 01:00:00 PM,12,7,5
11/04/2020 02:00:00 PM,15,6,9
11/04/2020 03:00:00 PM,26,5,21
11/04/2020 04:00:00 PM,40,8,32
11/04/2020 05:00:00 PM,59,18,41
11/04/2020 06:00:00 PM,26,16,10
11/04/2020 07:00:00 PM,12,8,4
11/04/2020 08:00:00 PM,28,27,1
11/04/2020 09:00:00 PM,5,4,1
11/04/2020 10:00:00 PM,3,3,0
11/04/2020 11:00:00 PM,3,3,0
11/05/2020 12:00:00 AM,0,0,0
11/05/2020 01:00:00 AM,1,1,0
11/05/2020 02:00:00 AM,0,0,0
11/05/2020 03:00:00 AM,0,0,0
11/05/2020 04:00:00 AM,0,0,0
11/05/2020 05:00:00 AM,11,5,6
11/05/2020 06:00:00 AM,20,13,7
11/05/2020 07:00:00 AM,27,20,7
11/05/2020 08:00:00 AM,17,9,8
11/05/2020 09:00:00 AM,15,11,4
11/05/2020 10:00:00 AM,14,7,7
11/05/2020 11:00:00 AM,12,7,5
11/05/2020 12:00:00 PM,10,7,3
11/05/2020 01:00:00 PM,18,11,7
11/05/2020 02:00:00 PM,21,4,17
11/05/2020 03:00:00 PM,25,11,14
11/05/2020 04:00:00 PM,39,10,29
11/05/2020 05:00:00 PM,29,13,16
11/05/2020 06:00:00 PM,28,10,18
11/05/2020 07:00:00 PM,5,1,4
11/05/2020 08:00:00 PM,6,3,3
11/05/2020 09:00:00 PM,6,3,3
11/05/2020 10:00:00 PM,7,6,1
11/05/2020 11:00:00 PM,2,1,1
11/06/2020 12:00:00 AM,1,0,1
11/06/2020 01:00:00 AM,0,0,0
11/06/2020 02:00:00 AM,0,0,0
11/06/2020 03:00:00 AM,0,0,0
11/06/2020 04:00:00 AM,0,0,0
11/06/2020 05:00:00 AM,14,7,7
11/06/2020 06:00:00 AM,23,12,11
11/06/2020 07:00:00 AM,20,11,9
11/06/2020 08:00:00 AM,19,11,8
11/06/2020 09:00:00 AM,23,12,11
11/06/2020 10:00:00 AM,18,6,12
11/06/2020 11:00:00 AM,20,8,12
11/06/2020 12:00:00 PM,21,10,11
11/06/2020 01:00:00 PM,26,12,14
11/06/2020 02:00:00 PM,28,17,11
11/06/2020 03:00:00 PM,31,13,18
11/06/2020 04:00:00 PM,47,15,32
11/06/2020 05:00:00 PM,32,14,18
11/06/2020 06:00:00 PM,27,6,21
11/06/2020 07:00:00 PM,12,7,5
11/06/2020 08:00:00 PM,5,3,2
11/06/2020 09:00:00 PM,9,4,5
11/06/2020 10:00:00 PM,8,5,3
11/06/2020 11:00:00 PM,3,1,2
11/07/2020 12:00:00 AM,2,1,1
11/07/2020 01:00:00 AM,1,0,1
11/07/2020 02:00:00 AM,1,0,1
11/07/2020 03:00:00 AM,0,0,0
11/07/2020 04:00:00 AM,0,0,0
11/07/2020 05:00:00 AM,5,3,2
11/07/2020 06:00:00 AM,3,1,2
11/07/2020 07:00:00 AM,8,2,6
11/07/2020 08:00:00 AM,6,5,1
11/07/2020 09:00:00 AM,10,6,4
11/07/2020 10:00:00 AM,20,4,16
11/07/2020 11:00:00 AM,28,10,18
11/07/2020 12:00:00 PM,24,12,12
11/07/2020 01:00:00 PM,22,13,9
11/07/2020 02:00:00 PM,32,14,18
11/07/2020 03:00:00 PM,29,21,8
11/07/2020 04:00:00 PM,36,14,22
11/07/2020 05:00:00 PM,12,8,4
11/07/2020 06:00:00 PM,12,6,6
11/07/2020 07:00:00 PM,6,4,2
11/07/2020 08:00:00 PM,2,2,0
11/07/2020 09:00:00 PM,1,0,1
11/07/2020 10:00:00 PM,6,3,3
11/07/2020 11:00:00 PM,5,4,1
11/08/2020 12:00:00 AM,1,0,1
11/08/2020 01:00:00 AM,1,1,0
11/08/2020 02:00:00 AM,2,0,2
11/08/2020 03:00:00 AM,0,0,0
11/08/2020 04:00:00 AM,0,0,0
11/08/2020 05:00:00 AM,3,3,0
11/08/2020 06:00:00 AM,1,0,1
11/08/2020 07:00:00 AM,4,2,2
11/08/2020 08:00:00 AM,3,2,1
11/08/2020 09:00:00 AM,11,8,3
11/08/2020 10:00:00 AM,16,11,5
11/08/2020 11:00:00 AM,24,11,13
11/08/2020 12:00:00 PM,24,13,11
11/08/2020 01:00:00 PM,29,16,13
11/08/2020 02:00:00 PM,33,17,16
11/08/2020 03:00:00 PM,27,12,15
11/08/2020 04:00:00 PM,31,17,14
11/08/2020 05:00:00 PM,22,10,12
11/08/2020 06:00:00 PM,6,3,3
11/08/2020 07:00:00 PM,7,3,4
11/08/2020 08:00:00 PM,7,2,5
11/08/2020 09:00:00 PM,2,0,2
11/08/2020 10:00:00 PM,2,1,1
11/08/2020 11:00:00 PM,1,0,1
11/09/2020 12:00:00 AM,0,0,0
11/09/2020 01:00:00 AM,0,0,0
11/09/2020 02:00:00 AM,0,0,0
11/09/2020 03:00:00 AM,0,0,0
11/09/2020 04:00:00 AM,0,0,0
11/09/2020 05:00:00 AM,7,2,5
11/09/2020 06:00:00 AM,16,9,7
11/09/2020 07:00:00 AM,30,21,9
11/09/2020 08:00:00 AM,24,15,9
11/09/2020 09:00:00 AM,18,12,6
11/09/2020 10:00:00 AM,10,6,4
11/09/2020 11:00:00 AM,14,6,8
11/09/2020 12:00:00 PM,15,8,7
11/09/2020 01:00:00 PM,19,7,12
11/09/2020 02:00:00 PM,25,8,17
11/09/2020 03:00:00 PM,28,6,22
11/09/2020 04:00:00 PM,37,14,23
11/09/2020 05:00:00 PM,31,12,19
11/09/2020 06:00:00 PM,12,2,10
11/09/2020 07:00:00 PM,10,7,3
11/09/2020 08:00:00 PM,3,1,2
11/09/2020 09:00:00 PM,2,2,0
11/09/2020 10:00:00 PM,2,1,1
11/09/2020 11:00:00 PM,4,3,1
11/10/2020 12:00:00 AM,0,0,0
11/10/2020 01:00:00 AM,0,0,0
11/10/2020 02:00:00 AM,1,1,0
11/10/2020 03:00:00 AM,0,0,0
11/10/2020 04:00:00 AM,0,0,0
11/10/2020 05:00:00 AM,7,3,4
11/10/2020 06:00:00 AM,18,12,6
11/10/2020 07:00:00 AM,23,12,11
11/10/2020 08:00:00 AM,27,16,11
11/10/2020 09:00:00 AM,14,10,4
11/10/2020 10:00:00 AM,19,9,10
11/10/2020 11:00:00 AM,13,6,7
11/10/2020 12:00:00 PM,9,4,5
11/10/2020 01:00:00 PM,26,9,17
11/10/2020 02:00:00 PM,24,8,16
11/10/2020 03:00:00 PM,19,7,12
11/10/2020 04:00:00 PM,24,9,15
11/10/2020 05:00:00 PM,38,14,24
11/10/2020 06:00:00 PM,15,4,11
11/10/2020 07:00:00 PM,9,5,4
11/10/2020 08:00:00 PM,5,2,3
11/10/2020 09:00:00 PM,1,1,0
11/10/2020 10:00:00 PM,4,3,1
11/10/2020 11:00:00 PM,3,3,0
11/11/2020 12:00:00 AM,0,0,0
11/11/2020 01:00:00 AM,0,0,0
11/11/2020 02:00:00 AM,0,0,0
11/11/2020 03:00:00 AM,0,0,0
11/11/2020 04:00:00 AM,1,0,1
11/11/2020 05:00:00 AM,9,4,5
11/11/2020 06:00:00 AM,13,10,3
11/11/2020 07:00:00 AM,16,8,8
11/11/2020 08:00:00 AM,17,10,7
11/11/2020 09:00:00 AM,21,11,10
11/11/2020 10:00:00 AM,15,5,10
11/11/2020 11:00:00 AM,19,5,14
11/11/2020 12:00:00 PM,17,7,10
11/11/2020 01:00:00 PM,31,17,14
11/11/2020 02:00:00 PM,40,12,28
11/11/2020 03:00:00 PM,29,8,21
11/11/2020 04:00:00 PM,35,20,15
11/11/2020 05:00:00 PM,29,17,12
11/11/2020 06:00:00 PM,14,7,7
11/11/2020 07:00:00 PM,10,6,4
11/11/2020 08:00:00 PM,3,2,1
11/11/2020 09:00:00 PM,4,2,2
11/11/2020 10:00:00 PM,3,2,1
11/11/2020 11:00:00 PM,4,3,1
11/12/2020 12:00:00 AM,2,1,1
11/12/2020 01:00:00 AM,0,0,0
11/12/2020 02:00:00 AM,0,0,0
11/12/2020 03:00:00 AM,0,0,0
11/12/2020 04:00:00 AM,2,1,1
11/12/2020 05:00:00 AM,6,4,2
11/12/2020 06:00:00 AM,16,9,7
11/12/2020 07:00:00 AM,25,15,10
11/12/2020 08:00:00 AM,15,10,5
11/12/2020 09:00:00 AM,25,18,7
11/12/2020 10:00:00 AM,6,2,4
11/12/2020 11:00:00 AM,18,12,6
11/12/2020 12:00:00 PM,13,6,7
11/12/2020 01:00:00 PM,18,8,10
11/12/2020 02:00:00 PM,17,10,7
11/12/2020 03:00:00 PM,20,8,12
11/12/2020 04:00:00 PM,25,8,17
11/12/2020 05:00:00 PM,31,11,20
11/12/2020 06:00:00 PM,16,5,11
11/12/2020 07:00:00 PM,7,5,2
11/12/2020 08:00:00 PM,5,1,4
11/12/2020 09:00:00 PM,3,2,1
11/12/2020 10:00:00 PM,3,2,1
11/12/2020 11:00:00 PM,4,2,2
11/13/2020 12:00:00 AM,0,0,0
11/13/2020 01:00:00 AM,1,1,0
11/13/2020 02:00:00 AM,1,1,0
11/13/2020 03:00:00 AM,0,0,0
11/13/2020 04:00:00 AM,0,0,0
11/13/2020 05:00:00 AM,4,2,2
11/13/2020 06:00:00 AM,15,8,7
11/13/2020 07:00:00 AM,17,10,7
11/13/2020 08:00:00 AM,26,13,13
11/13/2020 09:00:00 AM,16,7,9
11/13/2020 10:00:00 AM,17,11,6
11/13/2020 11:00:00 AM,15,7,8
11/13/2020 12:00:00 PM,14,5,9
11/13/2020 01:00:00 PM,13,5,8
11/13/2020 02:00:00 PM,27,7,20
11/13/2020 03:00:00 PM,19,6,13
11/13/2020 04:00:00 PM,36,14,22
11/13/2020 05:00:00 PM,39,19,20
11/13/2020 06:00:00 PM,19,7,12
11/13/2020 07:00:00 PM,8,3,5
11/13/2020 08:00:00 PM,3,1,2
11/13/2020 09:00:00 PM,5,3,2
11/13/2020 10:00:00 PM,7,4,3
11/13/2020 11:00:00 PM,4,2,2
11/14/2020 12:00:00 AM,2,1,1
11/14/2020 01:00:00 AM,1,1,0
11/14/2020 02:00:00 AM,1,0,1
11/14/2020 03:00:00 AM,0,0,0
11/14/2020 04:00:00 AM,0,0,0
11/14/2020 05:00:00 AM,4,2,2
11/14/2020 06:00:00 AM,3,1,2
11/14/2020 07:00:00 AM,6,3,3
11/14/2020 08:00:00 AM,9,5,4
11/14/2020 09:00:00 AM,10,4,6
11/14/2020 10:00:00 AM,9,4,5
11/14/2020 11:00:00 AM,18,8,10
11/14/2020 12:00:00 PM,21,11,10
11/14/2020 01:00:00 PM,15,4,11
11/14/2020 02:00:00 PM,18,8,10
11/14/2020 03:00:00 PM,9,4,5
11/14/2020 04:00:00 PM,12,7,5
11/14/2020 05:00:00 PM,6,3,3
11/14/2020 06:00:00 PM,7,2,5
11/14/2020 07:00:00 PM,4,4,0
11/14/2020 08:00:00 PM,0,0,0
11/14/2020 09:00:00 PM,0,0,0
11/14/2020 10:00:00 PM,1,1,0
11/14/2020 11:00:00 PM,1,1,0
11/15/2020 12:00:00 AM,3,2,1
11/15/2020 01:00:00 AM,0,0,0
11/15/2020 02:00:00 AM,0,0,0
11/15/2020 03:00:00 AM,1,0,1
11/15/2020 04:00:00 AM,0,0,0
11/15/2020 05:00:00 AM,2,2,0
11/15/2020 06:00:00 AM,4,1,3
11/15/2020 07:00:00 AM,6,1,5
11/15/2020 08:00:00 AM,2,2,0
11/15/2020 09:00:00 AM,15,7,8
11/15/2020 10:00:00 AM,13,6,7
11/15/2020 11:00:00 AM,15,8,7
11/15/2020 12:00:00 PM,16,7,9
11/15/2020 01:00:00 PM,17,10,7
11/15/2020 02:00:00 PM,17,10,7
11/15/2020 03:00:00 PM,13,4,9
11/15/2020 04:00:00 PM,16,7,9
11/15/2020 05:00:00 PM,11,5,6
11/15/2020 06:00:00 PM,3,1,2
11/15/2020 07:00:00 PM,10,5,5
11/15/2020 08:00:00 PM,1,0,1
11/15/2020 09:00:00 PM,1,0,1
11/15/2020 10:00:00 PM,3,3,0
11/15/2020 11:00:00 PM,2,1,1
11/16/2020 12:00:00 AM,0,0,0
11/16/2020 01:00:00 AM,0,0,0
11/16/2020 02:00:00 AM,0,0,0
11/16/2020 03:00:00 AM,1,1,0
11/16/2020 04:00:00 AM,0,0,0
11/16/2020 05:00:00 AM,8,4,4
11/16/2020 06:00:00 AM,16,9,7
11/16/2020 07:00:00 AM,26,18,8
11/16/2020 08:00:00 AM,22,14,8
11/16/2020 09:00:00 AM,14,11,3
11/16/2020 10:00:00 AM,4,3,1
11/16/2020 11:00:00 AM,10,6,4
11/16/2020 12:00:00 PM,8,2,6
11/16/2020 01:00:00 PM,6,3,3
11/16/2020 02:00:00 PM,11,5,6
11/16/2020 03:00:00 PM,12,6,6
11/16/2020 04:00:00 PM,29,7,22
11/16/2020 05:00:00 PM,31,18,13
11/16/2020 06:00:00 PM,11,3,8
11/16/2020 07:00:00 PM,9,6,3
11/16/2020 08:00:00 PM,5,4,1
11/16/2020 09:00:00 PM,0,0,0
11/16/2020 10:00:00 PM,1,0,1
11/16/2020 11:00:00 PM,3,3,0
11/17/2020 12:00:00 AM,0,0,0
11/17/2020 01:00:00 AM,1,0,1
11/17/2020 02:00:00 AM,0,0,0
11/17/2020 03:00:00 AM,0,0,0
11/17/2020 04:00:00 AM,1,0,1
11/17/2020 05:00:00 AM,9,5,4
11/17/2020 06:00:00 AM,13,9,4
11/17/2020 07:00:00 AM,17,11,6
11/17/2020 08:00:00 AM,27,17,10
11/17/2020 09:00:00 AM,9,5,4
11/17/2020 10:00:00 AM,8,4,4
11/17/2020 11:00:00 AM,8,3,5
11/17/2020 12:00:00 PM,15,10,5
11/17/2020 01:00:00 PM,7,4,3
11/17/2020 02:00:00 PM,13,5,8
11/17/2020 03:00:00 PM,16,4,12
11/17/2020 04:00:00 PM,26,7,19
11/17/2020 05:00:00 PM,33,14,19
11/17/2020 06:00:00 PM,10,4,6
11/17/2020 07:00:00 PM,4,2,2
11/17/2020 08:00:00 PM,2,1,1
11/17/2020 09:00:00 PM,3,1,2
11/17/2020 10:00:00 PM,1,0,1
11/17/2020 11:00:00 PM,3,3,0
11/18/2020 12:00:00 AM,0,0,0
11/18/2020 01:00:00 AM,0,0,0
11/18/2020 02:00:00 AM,0,0,0
11/18/2020 03:00:00 AM,0,0,0
11/18/2020 04:00:00 AM,0,0,0
11/18/2020 05:00:00 AM,6,4,2
11/18/2020 06:00:00 AM,16,12,4
11/18/2020 07:00:00 AM,20,12,8
11/18/2020 08:00:00 AM,20,12,8
11/18/2020 09:00:00 AM,16,12,4
11/18/2020 10:00:00 AM,9,5,4
11/18/2020 11:00:00 AM,8,4,4
11/18/2020 12:00:00 PM,9,7,2
11/18/2020 01:00:00 PM,10,3,7
11/18/2020 02:00:00 PM,13,4,9
11/18/2020 03:00:00 PM,12,4,8
11/18/2020 04:00:00 PM,14,3,11
11/18/2020 05:00:00 PM,23,15,8
11/18/2020 06:00:00 PM,12,4,8
11/18/2020 07:00:00 PM,8,5,3
11/18/2020 08:00:00 PM,4,4,0
11/18/2020 09:00:00 PM,2,0,2
11/18/2020 10:00:00 PM,3,1,2
11/18/2020 11:00:00 PM,7,5,2
11/19/2020 12:00:00 AM,1,1,0
11/19/2020 01:00:00 AM,0,0,0
11/19/2020 02:00:00 AM,1,0,1
11/19/2020 03:00:00 AM,3,0,3
11/19/2020 04:00:00 AM,0,0,0
11/19/2020 05:00:00 AM,9,6,3
11/19/2020 06:00:00 AM,14,9,5
11/19/2020 07:00:00 AM,17,6,11
11/19/2020 08:00:00 AM,16,11,5
11/19/2020 09:00:00 AM,16,11,5
11/19/2020 10:00:00 AM,9,6,3
11/19/2020 11:00:00 AM,10,4,6
11/19/2020 12:00:00 PM,31,13,18
11/19/2020 01:00:00 PM,15,4,11
11/19/2020 02:00:00 PM,12,5,7
11/19/2020 03:00:00 PM,22,11,11
11/19/2020 04:00:00 PM,27,10,17
11/19/2020 05:00:00 PM,33,12,21
11/19/2020 06:00:00 PM,15,9,6
11/19/2020 07:00:00 PM,9,5,4
11/19/2020 08:00:00 PM,6,3,3
11/19/2020 09:00:00 PM,5,1,4
11/19/2020 10:00:00 PM,3,3,0
11/19/2020 11:00:00 PM,3,2,1
11/20/2020 12:00:00 AM,0,0,0
11/20/2020 01:00:00 AM,2,1,1
11/20/2020 02:00:00 AM,1,0,1
11/20/2020 03:00:00 AM,1,0,1
11/20/2020 04:00:00 AM,0,0,0
11/20/2020 05:00:00 AM,9,4,5
11/20/2020 06:00:00 AM,16,11,5
11/20/2020 07:00:00 AM,19,16,3
11/20/2020 08:00:00 AM,21,14,7
11/20/2020 09:00:00 AM,8,8,0
11/20/2020 10:00:00 AM,15,5,10
11/20/2020 11:00:00 AM,13,5,8
11/20/2020 12:00:00 PM,13,5,8
11/20/2020 01:00:00 PM,15,7,8
11/20/2020 02:00:00 PM,30,6,24
11/20/2020 03:00:00 PM,17,9,8
11/20/2020 04:00:00 PM,29,8,21
11/20/2020 05:00:00 PM,39,18,21
11/20/2020 06:00:00 PM,19,8,11
11/20/2020 07:00:00 PM,11,3,8
11/20/2020 08:00:00 PM,1,1,0
11/20/2020 09:00:00 PM,5,4,1
11/20/2020 10:00:00 PM,4,1,3
11/20/2020 11:00:00 PM,3,2,1
11/21/2020 12:00:00 AM,1,0,1
11/21/2020 01:00:00 AM,0,0,0
11/21/2020 02:00:00 AM,1,0,1
11/21/2020 03:00:00 AM,0,0,0
11/21/2020 04:00:00 AM,0,0,0
11/21/2020 05:00:00 AM,6,3,3
11/21/2020 06:00:00 AM,4,1,3
11/21/2020 07:00:00 AM,3,2,1
11/21/2020 08:00:00 AM,7,6,1
11/21/2020 09:00:00 AM,17,6,11
11/21/2020 10:00:00 AM,13,6,7
11/21/2020 11:00:00 AM,40,22,18
11/21/2020 12:00:00 PM,36,17,19
11/21/2020 01:00:00 PM,55,19,36
11/21/2020 02:00:00 PM,61,22,39
11/21/2020 03:00:00 PM,32,17,15
11/21/2020 04:00:00 PM,43,22,21
11/21/2020 05:00:00 PM,18,10,8
11/21/2020 06:00:00 PM,15,7,8
11/21/2020 07:00:00 PM,4,3,1
11/21/2020 08:00:00 PM,4,3,1
11/21/2020 09:00:00 PM,4,2,2
11/21/2020 10:00:00 PM,3,2,1
11/21/2020 11:00:00 PM,4,2,2
11/22/2020 12:00:00 AM,3,0,3
11/22/2020 01:00:00 AM,0,0,0
11/22/2020 02:00:00 AM,0,0,0
11/22/2020 03:00:00 AM,1,0,1
11/22/2020 04:00:00 AM,0,0,0
11/22/2020 05:00:00 AM,2,2,0
11/22/2020 06:00:00 AM,2,0,2
11/22/2020 07:00:00 AM,5,2,3
11/22/2020 08:00:00 AM,3,2,1
11/22/2020 09:00:00 AM,8,3,5
11/22/2020 10:00:00 AM,16,8,8
11/22/2020 11:00:00 AM,16,6,10
11/22/2020 12:00:00 PM,20,11,9
11/22/2020 01:00:00 PM,15,9,6
11/22/2020 02:00:00 PM,8,1,7
11/22/2020 03:00:00 PM,10,6,4
11/22/2020 04:00:00 PM,5,1,4
11/22/2020 05:00:00 PM,4,3,1
11/22/2020 06:00:00 PM,3,3,0
11/22/2020 07:00:00 PM,1,1,0
11/22/2020 08:00:00 PM,3,1,2
11/22/2020 09:00:00 PM,1,0,1
11/22/2020 10:00:00 PM,4,2,2
11/22/2020 11:00:00 PM,0,0,0
11/23/2020 12:00:00 AM,1,0,1
11/23/2020 01:00:00 AM,1,0,1
11/23/2020 02:00:00 AM,0,0,0
11/23/2020 03:00:00 AM,0,0,0
11/23/2020 04:00:00 AM,0,0,0
11/23/2020 05:00:00 AM,7,4,3
11/23/2020 06:00:00 AM,11,6,5
11/23/2020 07:00:00 AM,23,17,6
11/23/2020 08:00:00 AM,22,13,9
11/23/2020 09:00:00 AM,10,8,2
11/23/2020 10:00:00 AM,8,2,6
11/23/2020 11:00:00 AM,7,2,5
11/23/2020 12:00:00 PM,16,8,8
11/23/2020 01:00:00 PM,17,8,9
11/23/2020 02:00:00 PM,23,8,15
11/23/2020 03:00:00 PM,21,6,15
11/23/2020 04:00:00 PM,33,14,19
11/23/2020 05:00:00 PM,40,16,24
11/23/2020 06:00:00 PM,16,7,9
11/23/2020 07:00:00 PM,7,5,2
11/23/2020 08:00:00 PM,2,1,1
11/23/2020 09:00:00 PM,1,0,1
11/23/2020 10:00:00 PM,3,2,1
11/23/2020 11:00:00 PM,2,1,1
11/24/2020 12:00:00 AM,2,2,0
11/24/2020 01:00:00 AM,1,0,1
11/24/2020 02:00:00 AM,0,0,0
11/24/2020 03:00:00 AM,1,0,1
11/24/2020 04:00:00 AM,0,0,0
11/24/2020 05:00:00 AM,14,9,5
11/24/2020 06:00:00 AM,15,10,5
11/24/2020 07:00:00 AM,28,18,10
11/24/2020 08:00:00 AM,18,14,4
11/24/2020 09:00:00 AM,16,8,8
11/24/2020 10:00:00 AM,6,3,3
11/24/2020 11:00:00 AM,17,9,8
11/24/2020 12:00:00 PM,17,10,7
11/24/2020 01:00:00 PM,14,6,8
11/24/2020 02:00:00 PM,15,4,11
11/24/2020 03:00:00 PM,22,5,17
11/24/2020 04:00:00 PM,19,6,13
11/24/2020 05:00:00 PM,33,10,23
11/24/2020 06:00:00 PM,10,5,5
11/24/2020 07:00:00 PM,6,4,2
11/24/2020 08:00:00 PM,3,2,1
11/24/2020 09:00:00 PM,3,1,2
11/24/2020 10:00:00 PM,2,2,0
11/24/2020 11:00:00 PM,3,2,1
11/25/2020 12:00:00 AM,1,0,1
11/25/2020 01:00:00 AM,0,0,0
11/25/2020 02:00:00 AM,0,0,0
11/25/2020 03:00:00 AM,0,0,0
11/25/2020 04:00:00 AM,0,0,0
11/25/2020 05:00:00 AM,6,3,3
11/25/2020 06:00:00 AM,11,8,3
11/25/2020 07:00:00 AM,25,13,12
11/25/2020 08:00:00 AM,16,9,7
11/25/2020 09:00:00 AM,13,8,5
11/25/2020 10:00:00 AM,15,10,5
11/25/2020 11:00:00 AM,19,6,13
11/25/2020 12:00:00 PM,32,16,16
11/25/2020 01:00:00 PM,18,8,10
11/25/2020 02:00:00 PM,21,5,16
11/25/2020 03:00:00 PM,28,11,17
11/25/2020 04:00:00 PM,21,9,12
11/25/2020 05:00:00 PM,24,14,10
11/25/2020 06:00:00 PM,11,2,9
11/25/2020 07:00:00 PM,5,5,0
11/25/2020 08:00:00 PM,8,6,2
11/25/2020 09:00:00 PM,3,0,3
11/25/2020 10:00:00 PM,3,0,3
11/25/2020 11:00:00 PM,5,4,1
11/26/2020 12:00:00 AM,0,0,0
11/26/2020 01:00:00 AM,1,1,0
11/26/2020 02:00:00 AM,0,0,0
11/26/2020 03:00:00 AM,1,1,0
11/26/2020 04:00:00 AM,0,0,0
11/26/2020 05:00:00 AM,3,2,1
11/26/2020 06:00:00 AM,3,1,2
11/26/2020 07:00:00 AM,1,1,0
11/26/2020 08:00:00 AM,4,1,3
11/26/2020 09:00:00 AM,1,1,0
11/26/2020 10:00:00 AM,7,7,0
11/26/2020 11:00:00 AM,14,2,12
11/26/2020 12:00:00 PM,13,5,8
11/26/2020 01:00:00 PM,9,5,4
11/26/2020 02:00:00 PM,9,4,5
11/26/2020 03:00:00 PM,12,7,5
11/26/2020 04:00:00 PM,5,2,3
11/26/2020 05:00:00 PM,6,1,5
11/26/2020 06:00:00 PM,1,1,0
11/26/2020 07:00:00 PM,4,2,2
11/26/2020 08:00:00 PM,1,1,0
11/26/2020 09:00:00 PM,1,0,1
11/26/2020 10:00:00 PM,0,0,0
11/26/2020 11:00:00 PM,1,0,1
11/27/2020 12:00:00 AM,0,0,0
11/27/2020 01:00:00 AM,0,0,0
11/27/2020 02:00:00 AM,0,0,0
11/27/2020 03:00:00 AM,1,1,0
11/27/2020 04:00:00 AM,0,0,0
11/27/2020 05:00:00 AM,4,2,2
11/27/2020 06:00:00 AM,6,4,2
11/27/2020 07:00:00 AM,8,4,4
11/27/2020 08:00:00 AM,6,2,4
11/27/2020 09:00:00 AM,12,6,6
11/27/2020 10:00:00 AM,15,4,11
11/27/2020 11:00:00 AM,16,5,11
11/27/2020 12:00:00 PM,29,10,19
11/27/2020 01:00:00 PM,36,20,16
11/27/2020 02:00:00 PM,31,14,17
11/27/2020 03:00:00 PM,45,23,22
11/27/2020 04:00:00 PM,33,21,12
11/27/2020 05:00:00 PM,14,7,7
11/27/2020 06:00:00 PM,13,7,6
11/27/2020 07:00:00 PM,7,4,3
11/27/2020 08:00:00 PM,4,0,4
11/27/2020 09:00:00 PM,3,0,3
11/27/2020 10:00:00 PM,1,0,1
11/27/2020 11:00:00 PM,1,1,0
11/28/2020 12:00:00 AM,0,0,0
11/28/2020 01:00:00 AM,1,0,1
11/28/2020 02:00:00 AM,0,0,0
11/28/2020 03:00:00 AM,1,1,0
11/28/2020 04:00:00 AM,0,0,0
11/28/2020 05:00:00 AM,4,3,1
11/28/2020 06:00:00 AM,4,0,4
11/28/2020 07:00:00 AM,3,2,1
11/28/2020 08:00:00 AM,4,1,3
11/28/2020 09:00:00 AM,6,6,0
11/28/2020 10:00:00 AM,19,8,11
11/28/2020 11:00:00 AM,16,5,11
11/28/2020 12:00:00 PM,17,10,7
11/28/2020 01:00:00 PM,7,3,4
11/28/2020 02:00:00 PM,10,5,5
11/28/2020 03:00:00 PM,18,7,11
11/28/2020 04:00:00 PM,18,8,10
11/28/2020 05:00:00 PM,12,5,7
11/28/2020 06:00:00 PM,7,5,2
11/28/2020 07:00:00 PM,2,1,1
11/28/2020 08:00:00 PM,3,1,2
11/28/2020 09:00:00 PM,2,2,0
11/28/2020 10:00:00 PM,1,0,1
11/28/2020 11:00:00 PM,1,1,0
11/29/2020 12:00:00 AM,0,0,0
11/29/2020 01:00:00 AM,1,1,0
11/29/2020 02:00:00 AM,0,0,0
11/29/2020 03:00:00 AM,0,0,0
11/29/2020 04:00:00 AM,1,1,0
11/29/2020 05:00:00 AM,1,1,0
11/29/2020 06:00:00 AM,3,1,2
11/29/2020 07:00:00 AM,4,1,3
11/29/2020 08:00:00 AM,3,1,2
11/29/2020 09:00:00 AM,12,10,2
11/29/2020 10:00:00 AM,9,8,1
11/29/2020 11:00:00 AM,10,2,8
11/29/2020 12:00:00 PM,22,10,12
11/29/2020 01:00:00 PM,30,17,13
11/29/2020 02:00:00 PM,23,12,11
11/29/2020 03:00:00 PM,35,16,19
11/29/2020 04:00:00 PM,28,9,19
11/29/2020 05:00:00 PM,7,5,2
11/29/2020 06:00:00 PM,3,0,3
11/29/2020 07:00:00 PM,6,1,5
11/29/2020 08:00:00 PM,2,2,0
11/29/2020 09:00:00 PM,2,1,1
11/29/2020 10:00:00 PM,1,0,1
11/29/2020 11:00:00 PM,0,0,0
11/30/2020 12:00:00 AM,1,0,1
11/30/2020 01:00:00 AM,0,0,0
11/30/2020 02:00:00 AM,0,0,0
11/30/2020 03:00:00 AM,0,0,0
11/30/2020 04:00:00 AM,0,0,0
11/30/2020 05:00:00 AM,6,5,1
11/30/2020 06:00:00 AM,14,8,6
11/30/2020 07:00:00 AM,17,12,5
11/30/2020 08:00:00 AM,20,10,10
11/30/2020 09:00:00 AM,13,9,4
11/30/2020 10:00:00 AM,3,1,2
11/30/2020 11:00:00 AM,17,6,11
11/30/2020 12:00:00 PM,16,10,6
11/30/2020 01:00:00 PM,19,12,7
11/30/2020 02:00:00 PM,19,7,12
11/30/2020 03:00:00 PM,27,12,15
11/30/2020 04:00:00 PM,23,6,17
11/30/2020 05:00:00 PM,30,15,15
11/30/2020 06:00:00 PM,20,12,8
11/30/2020 07:00:00 PM,9,4,5
11/30/2020 08:00:00 PM,4,3,1
11/30/2020 09:00:00 PM,5,1,4
11/30/2020 10:00:00 PM,4,1,3
11/30/2020 11:00:00 PM,4,3,1
12/01/2020 12:00:00 AM,0,0,0
12/01/2020 01:00:00 AM,0,0,0
12/01/2020 02:00:00 AM,0,0,0
12/01/2020 03:00:00 AM,0,0,0
12/01/2020 04:00:00 AM,0,0,0
12/01/2020 05:00:00 AM,5,3,2
12/01/2020 06:00:00 AM,22,16,6
12/01/2020 07:00:00 AM,29,18,11
12/01/2020 08:00:00 AM,20,11,9
12/01/2020 09:00:00 AM,12,8,4
12/01/2020 10:00:00 AM,12,3,9
12/01/2020 11:00:00 AM,11,3,8
12/01/2020 12:00:00 PM,30,14,16
12/01/2020 01:00:00 PM,16,7,9
12/01/2020 02:00:00 PM,30,11,19
12/01/2020 03:00:00 PM,42,19,23
12/01/2020 04:00:00 PM,28,7,21
12/01/2020 05:00:00 PM,38,15,23
12/01/2020 06:00:00 PM,21,9,12
12/01/2020 07:00:00 PM,8,6,2
12/01/2020 08:00:00 PM,6,4,2
12/01/2020 09:00:00 PM,7,2,5
12/01/2020 10:00:00 PM,1,1,0
12/01/2020 11:00:00 PM,2,2,0
12/02/2020 12:00:00 AM,0,0,0
12/02/2020 01:00:00 AM,1,0,1
12/02/2020 02:00:00 AM,0,0,0
12/02/2020 03:00:00 AM,0,0,0
12/02/2020 04:00:00 AM,0,0,0
12/02/2020 05:00:00 AM,6,6,0
12/02/2020 06:00:00 AM,13,11,2
12/02/2020 07:00:00 AM,25,15,10
12/02/2020 08:00:00 AM,30,15,15
12/02/2020 09:00:00 AM,14,11,3
12/02/2020 10:00:00 AM,11,4,7
12/02/2020 11:00:00 AM,13,7,6
12/02/2020 12:00:00 PM,24,14,10
12/02/2020 01:00:00 PM,23,9,14
12/02/2020 02:00:00 PM,24,9,15
12/02/2020 03:00:00 PM,34,9,25
12/02/2020 04:00:00 PM,36,13,23
12/02/2020 05:00:00 PM,46,17,29
12/02/2020 06:00:00 PM,24,15,9
12/02/2020 07:00:00 PM,15,6,9
12/02/2020 08:00:00 PM,7,4,3
12/02/2020 09:00:00 PM,2,1,1
12/02/2020 10:00:00 PM,3,1,2
12/02/2020 11:00:00 PM,1,1,0
12/03/2020 12:00:00 AM,1,1,0
12/03/2020 01:00:00 AM,0,0,0
12/03/2020 02:00:00 AM,1,0,1
12/03/2020 03:00:00 AM,0,0,0
12/03/2020 04:00:00 AM,0,0,0
12/03/2020 05:00:00 AM,6,4,2
12/03/2020 06:00:00 AM,14,12,2
12/03/2020 07:00:00 AM,21,12,9
12/03/2020 08:00:00 AM,32,16,16
12/03/2020 09:00:00 AM,20,11,9
12/03/2020 10:00:00 AM,19,11,8
12/03/2020 11:00:00 AM,27,12,15
12/03/2020 12:00:00 PM,23,12,11
12/03/2020 01:00:00 PM,21,9,12
12/03/2020 02:00:00 PM,24,6,18
12/03/2020 03:00:00 PM,33,14,19
12/03/2020 04:00:00 PM,30,7,23
12/03/2020 05:00:00 PM,31,13,18
12/03/2020 06:00:00 PM,21,8,13
12/03/2020 07:00:00 PM,12,8,4
12/03/2020 08:00:00 PM,13,5,8
12/03/2020 09:00:00 PM,7,2,5
12/03/2020 10:00:00 PM,3,2,1
12/03/2020 11:00:00 PM,2,1,1
12/04/2020 12:00:00 AM,1,0,1
12/04/2020 01:00:00 AM,0,0,0
12/04/2020 02:00:00 AM,0,0,0
12/04/2020 03:00:00 AM,0,0,0
12/04/2020 04:00:00 AM,0,0,0
12/04/2020 05:00:00 AM,7,5,2
12/04/2020 06:00:00 AM,22,12,10
12/04/2020 07:00:00 AM,13,11,2
12/04/2020 08:00:00 AM,31,18,13
12/04/2020 09:00:00 AM,12,8,4
12/04/2020 10:00:00 AM,19,8,11
12/04/2020 11:00:00 AM,16,9,7
12/04/2020 12:00:00 PM,25,8,17
12/04/2020 01:00:00 PM,29,16,13
12/04/2020 02:00:00 PM,29,9,20
12/04/2020 03:00:00 PM,41,12,29
12/04/2020 04:00:00 PM,46,19,27
12/04/2020 05:00:00 PM,36,13,23
12/04/2020 06:00:00 PM,26,13,13
12/04/2020 07:00:00 PM,11,3,8
12/04/2020 08:00:00 PM,7,5,2
12/04/2020 09:00:00 PM,3,1,2
12/04/2020 10:00:00 PM,4,2,2
12/04/2020 11:00:00 PM,0,0,0
12/05/2020 12:00:00 AM,3,2,1
12/05/2020 01:00:00 AM,1,0,1
12/05/2020 02:00:00 AM,1,1,0
12/05/2020 03:00:00 AM,0,0,0
12/05/2020 04:00:00 AM,0,0,0
12/05/2020 05:00:00 AM,5,3,2
12/05/2020 06:00:00 AM,4,0,4
12/05/2020 07:00:00 AM,4,3,1
12/05/2020 08:00:00 AM,14,6,8
12/05/2020 09:00:00 AM,18,11,7
12/05/2020 10:00:00 AM,28,10,18
12/05/2020 11:00:00 AM,32,10,22
12/05/2020 12:00:00 PM,44,16,28
12/05/2020 01:00:00 PM,22,13,9
12/05/2020 02:00:00 PM,39,14,25
12/05/2020 03:00:00 PM,46,20,26
12/05/2020 04:00:00 PM,33,18,15
12/05/2020 05:00:00 PM,15,6,9
12/05/2020 06:00:00 PM,12,7,5
12/05/2020 07:00:00 PM,13,9,4
12/05/2020 08:00:00 PM,8,5,3
12/05/2020 09:00:00 PM,1,0,1
12/05/2020 10:00:00 PM,5,1,4
12/05/2020 11:00:00 PM,0,0,0
12/06/2020 12:00:00 AM,2,1,1
12/06/2020 01:00:00 AM,1,0,1
12/06/2020 02:00:00 AM,1,1,0
12/06/2020 03:00:00 AM,0,0,0
12/06/2020 04:00:00 AM,0,0,0
12/06/2020 05:00:00 AM,2,2,0
12/06/2020 06:00:00 AM,1,0,1
12/06/2020 07:00:00 AM,2,1,1
12/06/2020 08:00:00 AM,7,4,3
12/06/2020 09:00:00 AM,9,6,3
12/06/2020 10:00:00 AM,13,5,8
12/06/2020 11:00:00 AM,26,12,14
12/06/2020 12:00:00 PM,39,18,21
12/06/2020 01:00:00 PM,16,6,10
12/06/2020 02:00:00 PM,26,15,11
12/06/2020 03:00:00 PM,35,15,20
12/06/2020 04:00:00 PM,16,12,4
12/06/2020 05:00:00 PM,11,5,6
12/06/2020 06:00:00 PM,7,4,3
12/06/2020 07:00:00 PM,1,1,0
12/06/2020 08:00:00 PM,4,3,1
12/06/2020 09:00:00 PM,2,0,2
12/06/2020 10:00:00 PM,2,0,2
12/06/2020 11:00:00 PM,2,1,1
12/07/2020 12:00:00 AM,1,0,1
12/07/2020 01:00:00 AM,1,0,1
12/07/2020 02:00:00 AM,2,1,1
12/07/2020 03:00:00 AM,0,0,0
12/07/2020 04:00:00 AM,0,0,0
12/07/2020 05:00:00 AM,7,4,3
12/07/2020 06:00:00 AM,21,16,5
12/07/2020 07:00:00 AM,21,16,5
12/07/2020 08:00:00 AM,24,14,10
12/07/2020 09:00:00 AM,15,9,6
12/07/2020 10:00:00 AM,15,8,7
12/07/2020 11:00:00 AM,19,9,10
12/07/2020 12:00:00 PM,23,8,15
12/07/2020 01:00:00 PM,19,10,9
12/07/2020 02:00:00 PM,26,5,21
12/07/2020 03:00:00 PM,25,7,18
12/07/2020 04:00:00 PM,36,12,24
12/07/2020 05:00:00 PM,34,17,17
12/07/2020 06:00:00 PM,20,8,12
12/07/2020 07:00:00 PM,9,5,4
12/07/2020 08:00:00 PM,8,5,3
12/07/2020 09:00:00 PM,2,1,1
12/07/2020 10:00:00 PM,2,0,2
12/07/2020 11:00:00 PM,1,1,0
12/08/2020 12:00:00 AM,0,0,0
12/08/2020 01:00:00 AM,0,0,0
12/08/2020 02:00:00 AM,1,1,0
12/08/2020 03:00:00 AM,1,0,1
12/08/2020 04:00:00 AM,2,1,1
12/08/2020 05:00:00 AM,8,4,4
12/08/2020 06:00:00 AM,22,16,6
12/08/2020 07:00:00 AM,23,16,7
12/08/2020 08:00:00 AM,26,19,7
12/08/2020 09:00:00 AM,6,5,1
12/08/2020 10:00:00 AM,9,5,4
12/08/2020 11:00:00 AM,8,4,4
12/08/2020 12:00:00 PM,13,6,7
12/08/2020 01:00:00 PM,21,7,14
12/08/2020 02:00:00 PM,19,11,8
12/08/2020 03:00:00 PM,17,4,13
12/08/2020 04:00:00 PM,20,5,15
12/08/2020 05:00:00 PM,33,16,17
12/08/2020 06:00:00 PM,12,6,6
12/08/2020 07:00:00 PM,11,4,7
12/08/2020 08:00:00 PM,3,2,1
12/08/2020 09:00:00 PM,1,1,0
12/08/2020 10:00:00 PM,3,2,1
12/08/2020 11:00:00 PM,4,3,1
12/09/2020 12:00:00 AM,1,1,0
12/09/2020 01:00:00 AM,0,0,0
12/09/2020 02:00:00 AM,0,0,0
12/09/2020 03:00:00 AM,2,1,1
12/09/2020 04:00:00 AM,0,0,0
12/09/2020 05:00:00 AM,10,7,3
12/09/2020 06:00:00 AM,14,10,4
12/09/2020 07:00:00 AM,18,11,7
12/09/2020 08:00:00 AM,18,12,6
12/09/2020 09:00:00 AM,12,7,5
12/09/2020 10:00:00 AM,8,5,3
12/09/2020 11:00:00 AM,14,4,10
12/09/2020 12:00:00 PM,22,10,12
12/09/2020 01:00:00 PM,23,10,13
12/09/2020 02:00:00 PM,13,3,10
12/09/2020 03:00:00 PM,30,7,23
12/09/2020 04:00:00 PM,24,7,17
12/09/2020 05:00:00 PM,33,10,23
12/09/2020 06:00:00 PM,22,12,10
12/09/2020 07:00:00 PM,9,6,3
12/09/2020 08:00:00 PM,8,5,3
12/09/2020 09:00:00 PM,4,1,3
12/09/2020 10:00:00 PM,5,1,4
12/09/2020 11:00:00 PM,3,3,0
12/10/2020 12:00:00 AM,6,5,1
12/10/2020 01:00:00 AM,0,0,0
12/10/2020 02:00:00 AM,1,1,0
12/10/2020 03:00:00 AM,0,0,0
12/10/2020 04:00:00 AM,0,0,0
12/10/2020 05:00:00 AM,9,6,3
12/10/2020 06:00:00 AM,11,8,3
12/10/2020 07:00:00 AM,23,16,7
12/10/2020 08:00:00 AM,22,14,8
12/10/2020 09:00:00 AM,9,7,2
12/10/2020 10:00:00 AM,21,6,15
12/10/2020 11:00:00 AM,15,9,6
12/10/2020 12:00:00 PM,20,12,8
12/10/2020 01:00:00 PM,20,8,12
12/10/2020 02:00:00 PM,29,5,24
12/10/2020 03:00:00 PM,33,13,20
12/10/2020 04:00:00 PM,27,11,16
12/10/2020 05:00:00 PM,36,13,23
12/10/2020 06:00:00 PM,15,7,8
12/10/2020 07:00:00 PM,13,6,7
12/10/2020 08:00:00 PM,4,3,1
12/10/2020 09:00:00 PM,2,1,1
12/10/2020 10:00:00 PM,3,2,1
12/10/2020 11:00:00 PM,4,3,1
12/11/2020 12:00:00 AM,0,0,0
12/11/2020 01:00:00 AM,0,0,0
12/11/2020 02:00:00 AM,0,0,0
12/11/2020 03:00:00 AM,0,0,0
12/11/2020 04:00:00 AM,0,0,0
12/11/2020 05:00:00 AM,1,0,1
12/11/2020 06:00:00 AM,11,7,4
12/11/2020 07:00:00 AM,12,4,8
12/11/2020 08:00:00 AM,27,12,15
12/11/2020 09:00:00 AM,12,8,4
12/11/2020 10:00:00 AM,18,9,9
12/11/2020 11:00:00 AM,35,21,14
12/11/2020 12:00:00 PM,17,8,9
12/11/2020 01:00:00 PM,26,17,9
12/11/2020 02:00:00 PM,39,22,17
12/11/2020 03:00:00 PM,33,21,12
12/11/2020 04:00:00 PM,37,22,15
12/11/2020 05:00:00 PM,25,18,7
12/11/2020 06:00:00 PM,15,5,10
12/11/2020 07:00:00 PM,11,5,6
12/11/2020 08:00:00 PM,10,6,4
12/11/2020 09:00:00 PM,5,1,4
12/11/2020 10:00:00 PM,1,0,1
12/11/2020 11:00:00 PM,0,0,0
12/12/2020 12:00:00 AM,1,1,0
12/12/2020 01:00:00 AM,2,1,1
12/12/2020 02:00:00 AM,0,0,0
12/12/2020 03:00:00 AM,0,0,0
12/12/2020 04:00:00 AM,0,0,0
12/12/2020 05:00:00 AM,4,0,4
12/12/2020 06:00:00 AM,4,2,2
12/12/2020 07:00:00 AM,4,3,1
12/12/2020 08:00:00 AM,6,2,4
12/12/2020 09:00:00 AM,8,5,3
12/12/2020 10:00:00 AM,17,8,9
12/12/2020 11:00:00 AM,11,5,6
12/12/2020 12:00:00 PM,17,11,6
12/12/2020 01:00:00 PM,44,18,26
12/12/2020 02:00:00 PM,45,30,15
12/12/2020 03:00:00 PM,32,16,16
12/12/2020 04:00:00 PM,26,14,12
12/12/2020 05:00:00 PM,18,5,13
12/12/2020 06:00:00 PM,11,7,4
12/12/2020 07:00:00 PM,1,0,1
12/12/2020 08:00:00 PM,7,4,3
12/12/2020 09:00:00 PM,8,7,1
12/12/2020 10:00:00 PM,3,1,2
12/12/2020 11:00:00 PM,0,0,0
12/13/2020 12:00:00 AM,1,0,1
12/13/2020 01:00:00 AM,1,0,1
12/13/2020 02:00:00 AM,3,0,3
12/13/2020 03:00:00 AM,0,0,0
12/13/2020 04:00:00 AM,1,1,0
12/13/2020 05:00:00 AM,1,0,1
12/13/2020 06:00:00 AM,1,1,0
12/13/2020 07:00:00 AM,1,0,1
12/13/2020 08:00:00 AM,1,1,0
12/13/2020 09:00:00 AM,8,4,4
12/13/2020 10:00:00 AM,5,1,4
12/13/2020 11:00:00 AM,7,2,5
12/13/2020 12:00:00 PM,4,2,2
12/13/2020 01:00:00 PM,7,4,3
12/13/2020 02:00:00 PM,7,3,4
12/13/2020 03:00:00 PM,13,9,4
12/13/2020 04:00:00 PM,5,3,2
12/13/2020 05:00:00 PM,5,1,4
12/13/2020 06:00:00 PM,5,4,1
12/13/2020 07:00:00 PM,5,2,3
12/13/2020 08:00:00 PM,1,0,1
12/13/2020 09:00:00 PM,3,1,2
12/13/2020 10:00:00 PM,2,2,0
12/13/2020 11:00:00 PM,1,0,1
12/14/2020 12:00:00 AM,0,0,0
12/14/2020 01:00:00 AM,0,0,0
12/14/2020 02:00:00 AM,1,1,0
12/14/2020 03:00:00 AM,0,0,0
12/14/2020 04:00:00 AM,0,0,0
12/14/2020 05:00:00 AM,5,2,3
12/14/2020 06:00:00 AM,14,5,9
12/14/2020 07:00:00 AM,24,7,17
12/14/2020 08:00:00 AM,18,8,10
12/14/2020 09:00:00 AM,19,6,13
12/14/2020 10:00:00 AM,6,5,1
12/14/2020 11:00:00 AM,15,8,7
12/14/2020 12:00:00 PM,7,5,2
12/14/2020 01:00:00 PM,17,9,8
12/14/2020 02:00:00 PM,17,10,7
12/14/2020 03:00:00 PM,28,21,7
12/14/2020 04:00:00 PM,22,17,5
12/14/2020 05:00:00 PM,28,18,10
12/14/2020 06:00:00 PM,15,11,4
12/14/2020 07:00:00 PM,6,2,4
12/14/2020 08:00:00 PM,7,2,5
12/14/2020 09:00:00 PM,1,1,0
12/14/2020 10:00:00 PM,2,1,1
12/14/2020 11:00:00 PM,3,1,2
12/15/2020 12:00:00 AM,1,1,0
12/15/2020 01:00:00 AM,0,0,0
12/15/2020 02:00:00 AM,3,2,1
12/15/2020 03:00:00 AM,0,0,0
12/15/2020 04:00:00 AM,0,0,0
12/15/2020 05:00:00 AM,7,1,6
12/15/2020 06:00:00 AM,8,3,5
12/15/2020 07:00:00 AM,23,7,16
12/15/2020 08:00:00 AM,18,4,14
12/15/2020 09:00:00 AM,8,3,5
12/15/2020 10:00:00 AM,5,3,2
12/15/2020 11:00:00 AM,14,7,7
12/15/2020 12:00:00 PM,14,10,4
12/15/2020 01:00:00 PM,16,13,3
12/15/2020 02:00:00 PM,17,10,7
12/15/2020 03:00:00 PM,16,13,3
12/15/2020 04:00:00 PM,19,10,9
12/15/2020 05:00:00 PM,35,18,17
12/15/2020 06:00:00 PM,11,3,8
12/15/2020 07:00:00 PM,8,4,4
12/15/2020 08:00:00 PM,11,6,5
12/15/2020 09:00:00 PM,3,1,2
12/15/2020 10:00:00 PM,2,0,2
12/15/2020 11:00:00 PM,5,3,2
12/16/2020 12:00:00 AM,1,0,1
12/16/2020 01:00:00 AM,0,0,0
12/16/2020 02:00:00 AM,0,0,0
12/16/2020 03:00:00 AM,0,0,0
12/16/2020 04:00:00 AM,0,0,0
12/16/2020 05:00:00 AM,7,1,6
12/16/2020 06:00:00 AM,10,2,8
12/16/2020 07:00:00 AM,19,8,11
12/16/2020 08:00:00 AM,28,9,19
12/16/2020 09:00:00 AM,13,3,10
12/16/2020 10:00:00 AM,11,7,4
12/16/2020 11:00:00 AM,12,8,4
12/16/2020 12:00:00 PM,21,12,9
12/16/2020 01:00:00 PM,14,6,8
12/16/2020 02:00:00 PM,17,10,7
12/16/2020 03:00:00 PM,11,7,4
12/16/2020 04:00:00 PM,8,5,3
12/16/2020 05:00:00 PM,22,16,6
12/16/2020 06:00:00 PM,10,5,5
12/16/2020 07:00:00 PM,5,1,4
12/16/2020 08:00:00 PM,2,2,0
12/16/2020 09:00:00 PM,2,0,2
12/16/2020 10:00:00 PM,2,1,1
12/16/2020 11:00:00 PM,3,0,3
12/17/2020 12:00:00 AM,1,1,0
12/17/2020 01:00:00 AM,0,0,0
12/17/2020 02:00:00 AM,2,1,1
12/17/2020 03:00:00 AM,0,0,0
12/17/2020 04:00:00 AM,0,0,0
12/17/2020 05:00:00 AM,8,1,7
12/17/2020 06:00:00 AM,8,0,8
12/17/2020 07:00:00 AM,19,7,12
12/17/2020 08:00:00 AM,21,11,10
12/17/2020 09:00:00 AM,18,6,12
12/17/2020 10:00:00 AM,12,9,3
12/17/2020 11:00:00 AM,22,12,10
12/17/2020 12:00:00 PM,27,16,11
12/17/2020 01:00:00 PM,26,17,9
12/17/2020 02:00:00 PM,31,18,13
12/17/2020 03:00:00 PM,40,24,16
12/17/2020 04:00:00 PM,33,21,12
12/17/2020 05:00:00 PM,29,13,16
12/17/2020 06:00:00 PM,16,7,9
12/17/2020 07:00:00 PM,10,3,7
12/17/2020 08:00:00 PM,5,2,3
12/17/2020 09:00:00 PM,4,2,2
12/17/2020 10:00:00 PM,1,0,1
12/17/2020 11:00:00 PM,3,1,2
12/18/2020 12:00:00 AM,1,1,0
12/18/2020 01:00:00 AM,0,0,0
12/18/2020 02:00:00 AM,0,0,0
12/18/2020 03:00:00 AM,0,0,0
12/18/2020 04:00:00 AM,0,0,0
12/18/2020 05:00:00 AM,4,0,4
12/18/2020 06:00:00 AM,8,2,6
12/18/2020 07:00:00 AM,14,4,10
12/18/2020 08:00:00 AM,14,3,11
12/18/2020 09:00:00 AM,9,6,3
12/18/2020 10:00:00 AM,9,6,3
12/18/2020 11:00:00 AM,13,5,8
12/18/2020 12:00:00 PM,27,13,14
12/18/2020 01:00:00 PM,13,8,5
12/18/2020 02:00:00 PM,16,9,7
12/18/2020 03:00:00 PM,17,14,3
12/18/2020 04:00:00 PM,13,11,2
12/18/2020 05:00:00 PM,20,11,9
12/18/2020 06:00:00 PM,16,6,10
12/18/2020 07:00:00 PM,5,2,3
12/18/2020 08:00:00 PM,7,4,3
12/18/2020 09:00:00 PM,4,2,2
12/18/2020 10:00:00 PM,4,3,1
12/18/2020 11:00:00 PM,1,0,1
12/19/2020 12:00:00 AM,2,0,2
12/19/2020 01:00:00 AM,3,1,2
12/19/2020 02:00:00 AM,0,0,0
12/19/2020 03:00:00 AM,0,0,0
12/19/2020 04:00:00 AM,0,0,0
12/19/2020 05:00:00 AM,2,0,2
12/19/2020 06:00:00 AM,2,2,0
12/19/2020 07:00:00 AM,2,1,1
12/19/2020 08:00:00 AM,5,0,5
12/19/2020 09:00:00 AM,8,4,4
12/19/2020 10:00:00 AM,7,5,2
12/19/2020 11:00:00 AM,21,10,11
12/19/2020 12:00:00 PM,21,14,7
12/19/2020 01:00:00 PM,13,6,7
12/19/2020 02:00:00 PM,9,5,4
12/19/2020 03:00:00 PM,11,6,5
12/19/2020 04:00:00 PM,12,9,3
12/19/2020 05:00:00 PM,5,2,3
12/19/2020 06:00:00 PM,5,3,2
12/19/2020 07:00:00 PM,5,3,2
12/19/2020 08:00:00 PM,1,0,1
12/19/2020 09:00:00 PM,1,0,1
12/19/2020 10:00:00 PM,0,0,0
12/19/2020 11:00:00 PM,1,1,0
12/20/2020 12:00:00 AM,3,2,1
12/20/2020 01:00:00 AM,0,0,0
12/20/2020 02:00:00 AM,0,0,0
12/20/2020 03:00:00 AM,0,0,0
12/20/2020 04:00:00 AM,0,0,0
12/20/2020 05:00:00 AM,0,0,0
12/20/2020 06:00:00 AM,2,2,0
12/20/2020 07:00:00 AM,1,0,1
12/20/2020 08:00:00 AM,6,2,4
12/20/2020 09:00:00 AM,5,2,3
12/20/2020 10:00:00 AM,16,11,5
12/20/2020 11:00:00 AM,18,11,7
12/20/2020 12:00:00 PM,22,8,14
12/20/2020 01:00:00 PM,16,11,5
12/20/2020 02:00:00 PM,16,11,5
12/20/2020 03:00:00 PM,25,15,10
12/20/2020 04:00:00 PM,14,6,8
12/20/2020 05:00:00 PM,12,7,5
12/20/2020 06:00:00 PM,10,5,5
12/20/2020 07:00:00 PM,4,3,1
12/20/2020 08:00:00 PM,5,2,3
12/20/2020 09:00:00 PM,0,0,0
12/20/2020 10:00:00 PM,1,0,1
12/20/2020 11:00:00 PM,1,1,0
12/21/2020 12:00:00 AM,3,3,0
12/21/2020 01:00:00 AM,1,1,0
12/21/2020 02:00:00 AM,0,0,0
12/21/2020 03:00:00 AM,0,0,0
12/21/2020 04:00:00 AM,0,0,0
12/21/2020 05:00:00 AM,3,1,2
12/21/2020 06:00:00 AM,9,4,5
12/21/2020 07:00:00 AM,17,6,11
12/21/2020 08:00:00 AM,10,3,7
12/21/2020 09:00:00 AM,7,3,4
12/21/2020 10:00:00 AM,8,6,2
12/21/2020 11:00:00 AM,4,3,1
12/21/2020 12:00:00 PM,9,4,5
12/21/2020 01:00:00 PM,7,1,6
12/21/2020 02:00:00 PM,8,3,5
12/21/2020 03:00:00 PM,10,7,3
12/21/2020 04:00:00 PM,10,9,1
12/21/2020 05:00:00 PM,12,6,6
12/21/2020 06:00:00 PM,1,1,0
12/21/2020 07:00:00 PM,1,0,1
12/21/2020 08:00:00 PM,1,0,1
12/21/2020 09:00:00 PM,0,0,0
12/21/2020 10:00:00 PM,1,0,1
12/21/2020 11:00:00 PM,2,1,1
12/22/2020 12:00:00 AM,4,1,3
12/22/2020 01:00:00 AM,1,1,0
12/22/2020 02:00:00 AM,1,1,0
12/22/2020 03:00:00 AM,1,1,0
12/22/2020 04:00:00 AM,0,0,0
12/22/2020 05:00:00 AM,3,1,2
12/22/2020 06:00:00 AM,8,2,6
12/22/2020 07:00:00 AM,16,5,11
12/22/2020 08:00:00 AM,13,6,7
12/22/2020 09:00:00 AM,10,3,7
12/22/2020 10:00:00 AM,5,3,2
12/22/2020 11:00:00 AM,21,8,13
12/22/2020 12:00:00 PM,27,12,15
12/22/2020 01:00:00 PM,24,17,7
12/22/2020 02:00:00 PM,16,10,6
12/22/2020 03:00:00 PM,26,19,7
12/22/2020 04:00:00 PM,24,16,8
12/22/2020 05:00:00 PM,25,15,10
12/22/2020 06:00:00 PM,5,4,1
12/22/2020 07:00:00 PM,13,7,6
12/22/2020 08:00:00 PM,3,2,1
12/22/2020 09:00:00 PM,3,1,2
12/22/2020 10:00:00 PM,3,0,3
12/22/2020 11:00:00 PM,3,1,2
12/23/2020 12:00:00 AM,1,1,0
12/23/2020 01:00:00 AM,0,0,0
12/23/2020 02:00:00 AM,0,0,0
12/23/2020 03:00:00 AM,1,0,1
12/23/2020 04:00:00 AM,0,0,0
12/23/2020 05:00:00 AM,2,0,2
12/23/2020 06:00:00 AM,9,4,5
12/23/2020 07:00:00 AM,14,5,9
12/23/2020 08:00:00 AM,13,5,8
12/23/2020 09:00:00 AM,11,4,7
12/23/2020 10:00:00 AM,7,5,2
12/23/2020 11:00:00 AM,14,8,6
12/23/2020 12:00:00 PM,17,10,7
12/23/2020 01:00:00 PM,16,9,7
12/23/2020 02:00:00 PM,26,15,11
12/23/2020 03:00:00 PM,26,15,11
12/23/2020 04:00:00 PM,30,18,12
12/23/2020 05:00:00 PM,17,9,8
12/23/2020 06:00:00 PM,15,10,5
12/23/2020 07:00:00 PM,12,6,6
12/23/2020 08:00:00 PM,9,6,3
12/23/2020 09:00:00 PM,4,1,3
12/23/2020 10:00:00 PM,3,1,2
12/23/2020 11:00:00 PM,5,3,2
12/24/2020 12:00:00 AM,1,1,0
12/24/2020 01:00:00 AM,0,0,0
12/24/2020 02:00:00 AM,0,0,0
12/24/2020 03:00:00 AM,0,0,0
12/24/2020 04:00:00 AM,1,1,0
12/24/2020 05:00:00 AM,5,2,3
12/24/2020 06:00:00 AM,6,3,3
12/24/2020 07:00:00 AM,6,3,3
12/24/2020 08:00:00 AM,6,3,3
12/24/2020 09:00:00 AM,7,2,5
12/24/2020 10:00:00 AM,17,8,9
12/24/2020 11:00:00 AM,32,16,16
12/24/2020 12:00:00 PM,27,20,7
12/24/2020 01:00:00 PM,18,9,9
12/24/2020 02:00:00 PM,20,11,9
12/24/2020 03:00:00 PM,24,16,8
12/24/2020 04:00:00 PM,9,8,1
12/24/2020 05:00:00 PM,13,7,6
12/24/2020 06:00:00 PM,5,3,2
12/24/2020 07:00:00 PM,8,3,5
12/24/2020 08:00:00 PM,8,4,4
12/24/2020 09:00:00 PM,2,1,1
12/24/2020 10:00:00 PM,0,0,0
12/24/2020 11:00:00 PM,1,0,1
12/25/2020 12:00:00 AM,0,0,0
12/25/2020 01:00:00 AM,0,0,0
12/25/2020 02:00:00 AM,1,0,1
12/25/2020 03:00:00 AM,0,0,0
12/25/2020 04:00:00 AM,1,1,0
12/25/2020 05:00:00 AM,0,0,0
12/25/2020 06:00:00 AM,0,0,0
12/25/2020 07:00:00 AM,1,0,1
12/25/2020 08:00:00 AM,1,1,0
12/25/2020 09:00:00 AM,0,0,0
12/25/2020 10:00:00 AM,2,2,0
12/25/2020 11:00:00 AM,8,3,5
12/25/2020 12:00:00 PM,4,1,3
12/25/2020 01:00:00 PM,1,1,0
12/25/2020 02:00:00 PM,10,5,5
12/25/2020 03:00:00 PM,6,3,3
12/25/2020 04:00:00 PM,2,1,1
12/25/2020 05:00:00 PM,1,0,1
12/25/2020 06:00:00 PM,0,0,0
12/25/2020 07:00:00 PM,1,1,0
12/25/2020 08:00:00 PM,1,0,1
12/25/2020 09:00:00 PM,5,1,4
12/25/2020 10:00:00 PM,0,0,0
12/25/2020 11:00:00 PM,0,0,0
12/26/2020 12:00:00 AM,0,0,0
12/26/2020 01:00:00 AM,0,0,0
12/26/2020 02:00:00 AM,1,1,0
12/26/2020 03:00:00 AM,0,0,0
12/26/2020 04:00:00 AM,0,0,0
12/26/2020 05:00:00 AM,1,0,1
12/26/2020 06:00:00 AM,4,3,1
12/26/2020 07:00:00 AM,1,0,1
12/26/2020 08:00:00 AM,5,2,3
12/26/2020 09:00:00 AM,6,2,4
12/26/2020 10:00:00 AM,13,8,5
12/26/2020 11:00:00 AM,3,2,1
12/26/2020 12:00:00 PM,14,6,8
12/26/2020 01:00:00 PM,8,2,6
12/26/2020 02:00:00 PM,24,11,13
12/26/2020 03:00:00 PM,19,15,4
12/26/2020 04:00:00 PM,12,8,4
12/26/2020 05:00:00 PM,18,8,10
12/26/2020 06:00:00 PM,12,5,7
12/26/2020 07:00:00 PM,3,1,2
12/26/2020 08:00:00 PM,7,2,5
12/26/2020 09:00:00 PM,5,2,3
12/26/2020 10:00:00 PM,2,0,2
12/26/2020 11:00:00 PM,0,0,0
12/27/2020 12:00:00 AM,3,1,2
12/27/2020 01:00:00 AM,0,0,0
12/27/2020 02:00:00 AM,0,0,0
12/27/2020 03:00:00 AM,0,0,0
12/27/2020 04:00:00 AM,1,1,0
12/27/2020 05:00:00 AM,2,1,1
12/27/2020 06:00:00 AM,4,3,1
12/27/2020 07:00:00 AM,0,0,0
12/27/2020 08:00:00 AM,4,2,2
12/27/2020 09:00:00 AM,5,1,4
12/27/2020 10:00:00 AM,4,3,1
12/27/2020 11:00:00 AM,3,3,0
12/27/2020 12:00:00 PM,9,3,6
12/27/2020 01:00:00 PM,19,13,6
12/27/2020 02:00:00 PM,8,5,3
12/27/2020 03:00:00 PM,17,12,5
12/27/2020 04:00:00 PM,27,22,5
12/27/2020 05:00:00 PM,18,9,9
12/27/2020 06:00:00 PM,22,4,18
12/27/2020 07:00:00 PM,9,6,3
12/27/2020 08:00:00 PM,4,3,1
12/27/2020 09:00:00 PM,2,1,1
12/27/2020 10:00:00 PM,3,1,2
12/27/2020 11:00:00 PM,1,1,0
12/28/2020 12:00:00 AM,0,0,0
12/28/2020 01:00:00 AM,1,1,0
12/28/2020 02:00:00 AM,0,0,0
12/28/2020 03:00:00 AM,0,0,0
12/28/2020 04:00:00 AM,1,0,1
12/28/2020 05:00:00 AM,2,0,2
12/28/2020 06:00:00 AM,10,4,6
12/28/2020 07:00:00 AM,9,5,4
12/28/2020 08:00:00 AM,11,4,7
12/28/2020 09:00:00 AM,11,2,9
12/28/2020 10:00:00 AM,19,13,6
12/28/2020 11:00:00 AM,23,15,8
12/28/2020 12:00:00 PM,30,13,17
12/28/2020 01:00:00 PM,39,21,18
12/28/2020 02:00:00 PM,30,17,13
12/28/2020 03:00:00 PM,29,19,10
12/28/2020 04:00:00 PM,39,19,20
12/28/2020 05:00:00 PM,15,7,8
12/28/2020 06:00:00 PM,18,12,6
12/28/2020 07:00:00 PM,11,2,9
12/28/2020 08:00:00 PM,5,3,2
12/28/2020 09:00:00 PM,5,3,2
12/28/2020 10:00:00 PM,8,6,2
12/28/2020 11:00:00 PM,1,0,1
12/29/2020 12:00:00 AM,1,0,1
12/29/2020 01:00:00 AM,0,0,0
12/29/2020 02:00:00 AM,2,1,1
12/29/2020 03:00:00 AM,0,0,0
12/29/2020 04:00:00 AM,1,1,0
12/29/2020 05:00:00 AM,5,1,4
12/29/2020 06:00:00 AM,8,2,6
12/29/2020 07:00:00 AM,13,7,6
12/29/2020 08:00:00 AM,16,5,11
12/29/2020 09:00:00 AM,6,3,3
12/29/2020 10:00:00 AM,11,5,6
12/29/2020 11:00:00 AM,11,4,7
12/29/2020 12:00:00 PM,21,11,10
12/29/2020 01:00:00 PM,25,13,12
12/29/2020 02:00:00 PM,27,19,8
12/29/2020 03:00:00 PM,14,10,4
12/29/2020 04:00:00 PM,26,16,10
12/29/2020 05:00:00 PM,14,8,6
12/29/2020 06:00:00 PM,9,7,2
12/29/2020 07:00:00 PM,7,2,5
12/29/2020 08:00:00 PM,5,2,3
12/29/2020 09:00:00 PM,8,5,3
12/29/2020 10:00:00 PM,2,0,2
12/29/2020 11:00:00 PM,5,1,4
12/30/2020 12:00:00 AM,1,1,0
12/30/2020 01:00:00 AM,0,0,0
12/30/2020 02:00:00 AM,0,0,0
12/30/2020 03:00:00 AM,0,0,0
12/30/2020 04:00:00 AM,1,1,0
12/30/2020 05:00:00 AM,3,0,3
12/30/2020 06:00:00 AM,8,3,5
12/30/2020 07:00:00 AM,12,7,5
12/30/2020 08:00:00 AM,8,2,6
12/30/2020 09:00:00 AM,4,1,3
12/30/2020 10:00:00 AM,7,5,2
12/30/2020 11:00:00 AM,16,8,8
12/30/2020 12:00:00 PM,17,9,8
12/30/2020 01:00:00 PM,13,9,4
12/30/2020 02:00:00 PM,12,8,4
12/30/2020 03:00:00 PM,7,5,2
12/30/2020 04:00:00 PM,15,9,6
12/30/2020 05:00:00 PM,9,6,3
12/30/2020 06:00:00 PM,9,7,2
12/30/2020 07:00:00 PM,1,1,0
12/30/2020 08:00:00 PM,3,0,3
12/30/2020 09:00:00 PM,2,0,2
12/30/2020 10:00:00 PM,4,0,4
12/30/2020 11:00:00 PM,2,0,2
12/31/2020 12:00:00 AM,0,0,0
12/31/2020 01:00:00 AM,0,0,0
12/31/2020 02:00:00 AM,0,0,0
12/31/2020 03:00:00 AM,0,0,0
12/31/2020 04:00:00 AM,0,0,0
12/31/2020 05:00:00 AM,3,1,2
12/31/2020 06:00:00 AM,6,2,4
12/31/2020 07:00:00 AM,12,5,7
12/31/2020 08:00:00 AM,11,7,4
12/31/2020 09:00:00 AM,6,1,5
12/31/2020 10:00:00 AM,11,5,6
12/31/2020 11:00:00 AM,16,8,8
12/31/2020 12:00:00 PM,25,16,9
12/31/2020 01:00:00 PM,30,18,12
12/31/2020 02:00:00 PM,32,22,10
12/31/2020 03:00:00 PM,29,17,12
12/31/2020 04:00:00 PM,18,12,6
12/31/2020 05:00:00 PM,13,9,4
12/31/2020 06:00:00 PM,13,5,8
12/31/2020 07:00:00 PM,5,3,2
12/31/2020 08:00:00 PM,10,4,6
12/31/2020 09:00:00 PM,9,5,4
12/31/2020 10:00:00 PM,7,2,5
12/31/2020 11:00:00 PM,2,1,1
01/01/2021 12:00:00 AM,4,3,1
01/01/2021 01:00:00 AM,1,0,1
01/01/2021 02:00:00 AM,5,2,3
01/01/2021 03:00:00 AM,0,0,0
01/01/2021 04:00:00 AM,0,0,0
01/01/2021 05:00:00 AM,1,0,1
01/01/2021 06:00:00 AM,1,1,0
01/01/2021 07:00:00 AM,4,2,2
01/01/2021 08:00:00 AM,2,1,1
01/01/2021 09:00:00 AM,2,1,1
01/01/2021 10:00:00 AM,2,0,2
01/01/2021 11:00:00 AM,5,5,0
01/01/2021 12:00:00 PM,7,6,1
01/01/2021 01:00:00 PM,12,4,8
01/01/2021 02:00:00 PM,12,1,11
01/01/2021 03:00:00 PM,5,4,1
01/01/2021 04:00:00 PM,11,6,5
01/01/2021 05:00:00 PM,10,4,6
01/01/2021 06:00:00 PM,6,1,5
01/01/2021 07:00:00 PM,6,3,3
01/01/2021 08:00:00 PM,8,6,2
01/01/2021 09:00:00 PM,8,4,4
01/01/2021 10:00:00 PM,4,3,1
01/01/2021 11:00:00 PM,5,2,3
01/02/2021 12:00:00 AM,7,5,2
01/02/2021 01:00:00 AM,1,1,0
01/02/2021 02:00:00 AM,1,1,0
01/02/2021 03:00:00 AM,1,0,1
01/02/2021 04:00:00 AM,1,0,1
01/02/2021 05:00:00 AM,1,0,1
01/02/2021 06:00:00 AM,4,4,0
01/02/2021 07:00:00 AM,5,1,4
01/02/2021 08:00:00 AM,1,0,1
01/02/2021 09:00:00 AM,1,0,1
01/02/2021 10:00:00 AM,3,1,2
01/02/2021 11:00:00 AM,1,0,1
01/02/2021 12:00:00 PM,8,5,3
01/02/2021 01:00:00 PM,5,5,0
01/02/2021 02:00:00 PM,2,0,2
01/02/2021 03:00:00 PM,5,3,2
01/02/2021 04:00:00 PM,6,4,2
01/02/2021 05:00:00 PM,4,2,2
01/02/2021 06:00:00 PM,5,3,2
01/02/2021 07:00:00 PM,3,1,2
01/02/2021 08:00:00 PM,5,3,2
01/02/2021 09:00:00 PM,2,0,2
01/02/2021 10:00:00 PM,2,1,1
01/02/2021 11:00:00 PM,0,0,0
01/03/2021 12:00:00 AM,1,1,0
01/03/2021 01:00:00 AM,0,0,0
01/03/2021 02:00:00 AM,1,1,0
01/03/2021 03:00:00 AM,0,0,0
01/03/2021 04:00:00 AM,0,0,0
01/03/2021 05:00:00 AM,0,0,0
01/03/2021 06:00:00 AM,3,2,1
01/03/2021 07:00:00 AM,2,0,2
01/03/2021 08:00:00 AM,4,2,2
01/03/2021 09:00:00 AM,5,2,3
01/03/2021 10:00:00 AM,3,0,3
01/03/2021 11:00:00 AM,7,3,4
01/03/2021 12:00:00 PM,14,9,5
01/03/2021 01:00:00 PM,14,8,6
01/03/2021 02:00:00 PM,12,6,6
01/03/2021 03:00:00 PM,26,12,14
01/03/2021 04:00:00 PM,14,5,9
01/03/2021 05:00:00 PM,12,5,7
01/03/2021 06:00:00 PM,6,1,5
01/03/2021 07:00:00 PM,7,3,4
01/03/2021 08:00:00 PM,5,3,2
01/03/2021 09:00:00 PM,6,1,5
01/03/2021 10:00:00 PM,2,2,0
01/03/2021 11:00:00 PM,1,0,1
01/04/2021 12:00:00 AM,0,0,0
01/04/2021 01:00:00 AM,1,1,0
01/04/2021 02:00:00 AM,0,0,0
01/04/2021 03:00:00 AM,0,0,0
01/04/2021 04:00:00 AM,0,0,0
01/04/2021 05:00:00 AM,7,3,4
01/04/2021 06:00:00 AM,13,5,8
01/04/2021 07:00:00 AM,10,5,5
01/04/2021 08:00:00 AM,16,8,8
01/04/2021 09:00:00 AM,10,4,6
01/04/2021 10:00:00 AM,9,6,3
01/04/2021 11:00:00 AM,10,6,4
01/04/2021 12:00:00 PM,11,5,6
01/04/2021 01:00:00 PM,6,4,2
01/04/2021 02:00:00 PM,9,5,4
01/04/2021 03:00:00 PM,17,14,3
01/04/2021 04:00:00 PM,25,18,7
01/04/2021 05:00:00 PM,17,10,7
01/04/2021 06:00:00 PM,10,6,4
01/04/2021 07:00:00 PM,8,6,2
01/04/2021 08:00:00 PM,6,1,5
01/04/2021 09:00:00 PM,4,1,3
01/04/2021 10:00:00 PM,0,0,0
01/04/2021 11:00:00 PM,1,0,1
01/05/2021 12:00:00 AM,1,0,1
01/05/2021 01:00:00 AM,0,0,0
01/05/2021 02:00:00 AM,0,0,0
01/05/2021 03:00:00 AM,0,0,0
01/05/2021 04:00:00 AM,0,0,0
01/05/2021 05:00:00 AM,9,2,7
01/05/2021 06:00:00 AM,15,3,12
01/05/2021 07:00:00 AM,14,6,8
01/05/2021 08:00:00 AM,23,10,13
01/05/2021 09:00:00 AM,7,5,2
01/05/2021 10:00:00 AM,7,4,3
01/05/2021 11:00:00 AM,17,9,8
01/05/2021 12:00:00 PM,22,10,12
01/05/2021 01:00:00 PM,10,6,4
01/05/2021 02:00:00 PM,5,5,0
01/05/2021 03:00:00 PM,17,14,3
01/05/2021 04:00:00 PM,23,14,9
01/05/2021 05:00:00 PM,21,12,9
01/05/2021 06:00:00 PM,8,6,2
01/05/2021 07:00:00 PM,4,1,3
01/05/2021 08:00:00 PM,5,2,3
01/05/2021 09:00:00 PM,2,1,1
01/05/2021 10:00:00 PM,1,0,1
01/05/2021 11:00:00 PM,5,2,3
01/06/2021 12:00:00 AM,0,0,0
01/06/2021 01:00:00 AM,1,1,0
01/06/2021 02:00:00 AM,1,0,1
01/06/2021 03:00:00 AM,0,0,0
01/06/2021 04:00:00 AM,0,0,0
01/06/2021 05:00:00 AM,7,2,5
01/06/2021 06:00:00 AM,15,1,14
01/06/2021 07:00:00 AM,16,7,9
01/06/2021 08:00:00 AM,22,9,13
01/06/2021 09:00:00 AM,10,5,5
01/06/2021 10:00:00 AM,8,3,5
01/06/2021 11:00:00 AM,19,13,6
01/06/2021 12:00:00 PM,21,11,10
01/06/2021 01:00:00 PM,14,8,6
01/06/2021 02:00:00 PM,25,15,10
01/06/2021 03:00:00 PM,23,13,10
01/06/2021 04:00:00 PM,35,23,12
01/06/2021 05:00:00 PM,26,16,10
01/06/2021 06:00:00 PM,11,4,7
01/06/2021 07:00:00 PM,13,7,6
01/06/2021 08:00:00 PM,6,3,3
01/06/2021 09:00:00 PM,2,1,1
01/06/2021 10:00:00 PM,4,2,2
01/06/2021 11:00:00 PM,6,2,4
01/07/2021 12:00:00 AM,0,0,0
01/07/2021 01:00:00 AM,0,0,0
01/07/2021 02:00:00 AM,1,1,0
01/07/2021 03:00:00 AM,0,0,0
01/07/2021 04:00:00 AM,0,0,0
01/07/2021 05:00:00 AM,3,1,2
01/07/2021 06:00:00 AM,21,8,13
01/07/2021 07:00:00 AM,28,8,20
01/07/2021 08:00:00 AM,19,8,11
01/07/2021 09:00:00 AM,13,5,8
01/07/2021 10:00:00 AM,7,5,2
01/07/2021 11:00:00 AM,18,7,11
01/07/2021 12:00:00 PM,19,7,12
01/07/2021 01:00:00 PM,17,8,9
01/07/2021 02:00:00 PM,30,23,7
01/07/2021 03:00:00 PM,32,20,12
01/07/2021 04:00:00 PM,32,23,9
01/07/2021 05:00:00 PM,34,21,13
01/07/2021 06:00:00 PM,17,9,8
01/07/2021 07:00:00 PM,8,5,3
01/07/2021 08:00:00 PM,10,4,6
01/07/2021 09:00:00 PM,3,1,2
01/07/2021 10:00:00 PM,3,1,2
01/07/2021 11:00:00 PM,3,0,3
01/08/2021 12:00:00 AM,3,0,3
01/08/2021 01:00:00 AM,4,3,1
01/08/2021 02:00:00 AM,0,0,0
01/08/2021 03:00:00 AM,1,1,0
01/08/2021 04:00:00 AM,0,0,0
01/08/2021 05:00:00 AM,6,3,3
01/08/2021 06:00:00 AM,13,1,12
01/08/2021 07:00:00 AM,16,3,13
01/08/2021 08:00:00 AM,13,8,5
01/08/2021 09:00:00 AM,10,4,6
01/08/2021 10:00:00 AM,6,4,2
01/08/2021 11:00:00 AM,5,0,5
01/08/2021 12:00:00 PM,16,9,7
01/08/2021 01:00:00 PM,17,6,11
01/08/2021 02:00:00 PM,14,8,6
01/08/2021 03:00:00 PM,13,9,4
01/08/2021 04:00:00 PM,17,10,7
01/08/2021 05:00:00 PM,22,14,8
01/08/2021 06:00:00 PM,13,6,7
01/08/2021 07:00:00 PM,6,4,2
01/08/2021 08:00:00 PM,11,6,5
01/08/2021 09:00:00 PM,11,7,4
01/08/2021 10:00:00 PM,4,1,3
01/08/2021 11:00:00 PM,9,5,4
01/09/2021 12:00:00 AM,5,2,3
01/09/2021 01:00:00 AM,1,1,0
01/09/2021 02:00:00 AM,0,0,0
01/09/2021 03:00:00 AM,0,0,0
01/09/2021 04:00:00 AM,1,0,1
01/09/2021 05:00:00 AM,1,0,1
01/09/2021 06:00:00 AM,3,2,1
01/09/2021 07:00:00 AM,2,1,1
01/09/2021 08:00:00 AM,5,0,5
01/09/2021 09:00:00 AM,15,11,4
01/09/2021 10:00:00 AM,13,8,5
01/09/2021 11:00:00 AM,19,16,3
01/09/2021 12:00:00 PM,33,25,8
01/09/2021 01:00:00 PM,29,19,10
01/09/2021 02:00:00 PM,35,16,19
01/09/2021 03:00:00 PM,22,14,8
01/09/2021 04:00:00 PM,15,7,8
01/09/2021 05:00:00 PM,16,11,5
01/09/2021 06:00:00 PM,20,9,11
01/09/2021 07:00:00 PM,8,4,4
01/09/2021 08:00:00 PM,5,3,2
01/09/2021 09:00:00 PM,7,4,3
01/09/2021 10:00:00 PM,6,4,2
01/09/2021 11:00:00 PM,2,1,1
01/10/2021 12:00:00 AM,3,2,1
01/10/2021 01:00:00 AM,0,0,0
01/10/2021 02:00:00 AM,0,0,0
01/10/2021 03:00:00 AM,0,0,0
01/10/2021 04:00:00 AM,0,0,0
01/10/2021 05:00:00 AM,1,0,1
01/10/2021 06:00:00 AM,1,1,0
01/10/2021 07:00:00 AM,4,1,3
01/10/2021 08:00:00 AM,0,0,0
01/10/2021 09:00:00 AM,10,6,4
01/10/2021 10:00:00 AM,7,4,3
01/10/2021 11:00:00 AM,28,14,14
01/10/2021 12:00:00 PM,17,6,11
01/10/2021 01:00:00 PM,21,14,7
01/10/2021 02:00:00 PM,25,14,11
01/10/2021 03:00:00 PM,25,12,13
01/10/2021 04:00:00 PM,14,7,7
01/10/2021 05:00:00 PM,17,11,6
01/10/2021 06:00:00 PM,6,2,4
01/10/2021 07:00:00 PM,8,5,3
01/10/2021 08:00:00 PM,3,3,0
01/10/2021 09:00:00 PM,6,2,4
01/10/2021 10:00:00 PM,1,1,0
01/10/2021 11:00:00 PM,1,0,1
01/11/2021 12:00:00 AM,1,1,0
01/11/2021 01:00:00 AM,0,0,0
01/11/2021 02:00:00 AM,0,0,0
01/11/2021 03:00:00 AM,0,0,0
01/11/2021 04:00:00 AM,0,0,0
01/11/2021 05:00:00 AM,4,1,3
01/11/2021 06:00:00 AM,14,4,10
01/11/2021 07:00:00 AM,16,7,9
01/11/2021 08:00:00 AM,9,3,6
01/11/2021 09:00:00 AM,10,5,5
01/11/2021 10:00:00 AM,5,5,0
01/11/2021 11:00:00 AM,12,8,4
01/11/2021 12:00:00 PM,12,5,7
01/11/2021 01:00:00 PM,11,4,7
01/11/2021 02:00:00 PM,9,6,3
01/11/2021 03:00:00 PM,16,12,4
01/11/2021 04:00:00 PM,17,10,7
01/11/2021 05:00:00 PM,18,9,9
01/11/2021 06:00:00 PM,8,5,3
01/11/2021 07:00:00 PM,2,0,2
01/11/2021 08:00:00 PM,3,0,3
01/11/2021 09:00:00 PM,4,1,3
01/11/2021 10:00:00 PM,1,0,1
01/11/2021 11:00:00 PM,0,0,0
01/12/2021 12:00:00 AM,0,0,0
01/12/2021 01:00:00 AM,1,0,1
01/12/2021 02:00:00 AM,0,0,0
01/12/2021 03:00:00 AM,1,1,0
01/12/2021 04:00:00 AM,0,0,0
01/12/2021 05:00:00 AM,6,2,4
01/12/2021 06:00:00 AM,8,3,5
01/12/2021 07:00:00 AM,9,4,5
01/12/2021 08:00:00 AM,19,5,14
01/12/2021 09:00:00 AM,10,3,7
01/12/2021 10:00:00 AM,5,2,3
01/12/2021 11:00:00 AM,10,5,5
01/12/2021 12:00:00 PM,10,6,4
01/12/2021 01:00:00 PM,13,5,8
01/12/2021 02:00:00 PM,13,7,6
01/12/2021 03:00:00 PM,19,13,6
01/12/2021 04:00:00 PM,26,19,7
01/12/2021 05:00:00 PM,14,6,8
01/12/2021 06:00:00 PM,8,2,6
01/12/2021 07:00:00 PM,7,4,3
01/12/2021 08:00:00 PM,2,1,1
01/12/2021 09:00:00 PM,1,0,1
01/12/2021 10:00:00 PM,4,2,2
01/12/2021 11:00:00 PM,3,1,2
01/13/2021 12:00:00 AM,1,0,1
01/13/2021 01:00:00 AM,0,0,0
01/13/2021 02:00:00 AM,0,0,0
01/13/2021 03:00:00 AM,1,0,1
01/13/2021 04:00:00 AM,0,0,0
01/13/2021 05:00:00 AM,5,1,4
01/13/2021 06:00:00 AM,12,5,7
01/13/2021 07:00:00 AM,26,12,14
01/13/2021 08:00:00 AM,19,10,9
01/13/2021 09:00:00 AM,16,6,10
01/13/2021 10:00:00 AM,15,7,8
01/13/2021 11:00:00 AM,14,6,8
01/13/2021 12:00:00 PM,18,13,5
01/13/2021 01:00:00 PM,30,22,8
01/13/2021 02:00:00 PM,34,22,12
01/13/2021 03:00:00 PM,36,21,15
01/13/2021 04:00:00 PM,40,29,11
01/13/2021 05:00:00 PM,31,17,14
01/13/2021 06:00:00 PM,11,6,5
01/13/2021 07:00:00 PM,9,4,5
01/13/2021 08:00:00 PM,7,2,5
01/13/2021 09:00:00 PM,2,2,0
01/13/2021 10:00:00 PM,3,0,3
01/13/2021 11:00:00 PM,2,1,1
01/14/2021 12:00:00 AM,1,0,1
01/14/2021 01:00:00 AM,1,0,1
01/14/2021 02:00:00 AM,1,1,0
01/14/2021 03:00:00 AM,0,0,0
01/14/2021 04:00:00 AM,0,0,0
01/14/2021 05:00:00 AM,10,1,9
01/14/2021 06:00:00 AM,17,4,13
01/14/2021 07:00:00 AM,26,14,12
01/14/2021 08:00:00 AM,23,11,12
01/14/2021 09:00:00 AM,19,8,11
01/14/2021 10:00:00 AM,7,3,4
01/14/2021 11:00:00 AM,19,12,7
01/14/2021 12:00:00 PM,28,14,14
01/14/2021 01:00:00 PM,20,8,12
01/14/2021 02:00:00 PM,27,17,10
01/14/2021 03:00:00 PM,27,17,10
01/14/2021 04:00:00 PM,30,13,17
01/14/2021 05:00:00 PM,38,27,11
01/14/2021 06:00:00 PM,18,8,10
01/14/2021 07:00:00 PM,15,7,8
01/14/2021 08:00:00 PM,3,1,2
01/14/2021 09:00:00 PM,5,2,3
01/14/2021 10:00:00 PM,2,0,2
01/14/2021 11:00:00 PM,1,0,1
01/15/2021 12:00:00 AM,0,0,0
01/15/2021 01:00:00 AM,1,1,0
01/15/2021 02:00:00 AM,0,0,0
01/15/2021 03:00:00 AM,0,0,0
01/15/2021 04:00:00 AM,0,0,0
01/15/2021 05:00:00 AM,8,3,5
01/15/2021 06:00:00 AM,9,5,4
01/15/2021 07:00:00 AM,23,8,15
01/15/2021 08:00:00 AM,19,8,11
01/15/2021 09:00:00 AM,18,6,12
01/15/2021 10:00:00 AM,10,6,4
01/15/2021 11:00:00 AM,13,5,8
01/15/2021 12:00:00 PM,22,11,11
01/15/2021 01:00:00 PM,30,20,10
01/15/2021 02:00:00 PM,21,9,12
01/15/2021 03:00:00 PM,19,15,4
01/15/2021 04:00:00 PM,29,17,12
01/15/2021 05:00:00 PM,34,20,14
01/15/2021 06:00:00 PM,16,10,6
01/15/2021 07:00:00 PM,12,9,3
01/15/2021 08:00:00 PM,11,8,3
01/15/2021 09:00:00 PM,2,2,0
01/15/2021 10:00:00 PM,3,0,3
01/15/2021 11:00:00 PM,3,1,2
01/16/2021 12:00:00 AM,3,0,3
01/16/2021 01:00:00 AM,4,1,3
01/16/2021 02:00:00 AM,0,0,0
01/16/2021 03:00:00 AM,1,0,1
01/16/2021 04:00:00 AM,0,0,0
01/16/2021 05:00:00 AM,1,0,1
01/16/2021 06:00:00 AM,0,0,0
01/16/2021 07:00:00 AM,1,0,1
01/16/2021 08:00:00 AM,8,3,5
01/16/2021 09:00:00 AM,10,4,6
01/16/2021 10:00:00 AM,15,5,10
01/16/2021 11:00:00 AM,27,15,12
01/16/2021 12:00:00 PM,32,27,5
01/16/2021 01:00:00 PM,35,17,18
01/16/2021 02:00:00 PM,32,10,22
01/16/2021 03:00:00 PM,28,20,8
01/16/2021 04:00:00 PM,31,14,17
01/16/2021 05:00:00 PM,18,9,9
01/16/2021 06:00:00 PM,8,3,5
01/16/2021 07:00:00 PM,8,5,3
01/16/2021 08:00:00 PM,7,4,3
01/16/2021 09:00:00 PM,5,4,1
01/16/2021 10:00:00 PM,4,1,3
01/16/2021 11:00:00 PM,0,0,0
01/17/2021 12:00:00 AM,0,0,0
01/17/2021 01:00:00 AM,0,0,0
01/17/2021 02:00:00 AM,0,0,0
01/17/2021 03:00:00 AM,0,0,0
01/17/2021 04:00:00 AM,0,0,0
01/17/2021 05:00:00 AM,1,0,1
01/17/2021 06:00:00 AM,0,0,0
01/17/2021 07:00:00 AM,2,0,2
01/17/2021 08:00:00 AM,10,5,5
01/17/2021 09:00:00 AM,11,7,4
01/17/2021 10:00:00 AM,16,9,7
01/17/2021 11:00:00 AM,20,10,10
01/17/2021 12:00:00 PM,22,13,9
01/17/2021 01:00:00 PM,12,8,4
01/17/2021 02:00:00 PM,31,15,16
01/17/2021 03:00:00 PM,13,7,6
01/17/2021 04:00:00 PM,19,11,8
01/17/2021 05:00:00 PM,17,12,5
01/17/2021 06:00:00 PM,11,3,8
01/17/2021 07:00:00 PM,9,4,5
01/17/2021 08:00:00 PM,10,5,5
01/17/2021 09:00:00 PM,7,5,2
01/17/2021 10:00:00 PM,13,3,10
01/17/2021 11:00:00 PM,0,0,0
01/18/2021 12:00:00 AM,1,1,0
01/18/2021 01:00:00 AM,2,2,0
01/18/2021 02:00:00 AM,2,2,0
01/18/2021 03:00:00 AM,0,0,0
01/18/2021 04:00:00 AM,0,0,0
01/18/2021 05:00:00 AM,5,1,4
01/18/2021 06:00:00 AM,9,6,3
01/18/2021 07:00:00 AM,8,4,4
01/18/2021 08:00:00 AM,16,11,5
01/18/2021 09:00:00 AM,14,6,8
01/18/2021 10:00:00 AM,13,8,5
01/18/2021 11:00:00 AM,19,11,8
01/18/2021 12:00:00 PM,32,24,8
01/18/2021 01:00:00 PM,26,14,12
01/18/2021 02:00:00 PM,38,20,18
01/18/2021 03:00:00 PM,48,23,25
01/18/2021 04:00:00 PM,21,14,7
01/18/2021 05:00:00 PM,23,11,12
01/18/2021 06:00:00 PM,11,7,4
01/18/2021 07:00:00 PM,12,6,6
01/18/2021 08:00:00 PM,4,3,1
01/18/2021 09:00:00 PM,6,3,3
01/18/2021 10:00:00 PM,5,2,3
01/18/2021 11:00:00 PM,1,0,1
01/19/2021 12:00:00 AM,1,1,0
01/19/2021 01:00:00 AM,0,0,0
01/19/2021 02:00:00 AM,1,1,0
01/19/2021 03:00:00 AM,1,0,1
01/19/2021 04:00:00 AM,0,0,0
01/19/2021 05:00:00 AM,7,3,4
01/19/2021 06:00:00 AM,14,4,10
01/19/2021 07:00:00 AM,17,6,11
01/19/2021 08:00:00 AM,16,8,8
01/19/2021 09:00:00 AM,16,9,7
01/19/2021 10:00:00 AM,7,2,5
01/19/2021 11:00:00 AM,8,3,5
01/19/2021 12:00:00 PM,19,13,6
01/19/2021 01:00:00 PM,23,12,11
01/19/2021 02:00:00 PM,26,18,8
01/19/2021 03:00:00 PM,24,16,8
01/19/2021 04:00:00 PM,27,14,13
01/19/2021 05:00:00 PM,29,20,9
01/19/2021 06:00:00 PM,10,5,5
01/19/2021 07:00:00 PM,5,2,3
01/19/2021 08:00:00 PM,7,3,4
01/19/2021 09:00:00 PM,7,2,5
01/19/2021 10:00:00 PM,4,1,3
01/19/2021 11:00:00 PM,0,0,0
01/20/2021 12:00:00 AM,0,0,0
01/20/2021 01:00:00 AM,0,0,0
01/20/2021 02:00:00 AM,3,2,1
01/20/2021 03:00:00 AM,3,2,1
01/20/2021 04:00:00 AM,0,0,0
01/20/2021 05:00:00 AM,4,1,3
01/20/2021 06:00:00 AM,15,4,11
01/20/2021 07:00:00 AM,20,6,14
01/20/2021 08:00:00 AM,13,8,5
01/20/2021 09:00:00 AM,22,10,12
01/20/2021 10:00:00 AM,9,4,5
01/20/2021 11:00:00 AM,11,7,4
01/20/2021 12:00:00 PM,16,8,8
01/20/2021 01:00:00 PM,11,5,6
01/20/2021 02:00:00 PM,14,13,1
01/20/2021 03:00:00 PM,21,17,4
01/20/2021 04:00:00 PM,25,14,11
01/20/2021 05:00:00 PM,31,23,8
01/20/2021 06:00:00 PM,40,20,20
01/20/2021 07:00:00 PM,13,5,8
01/20/2021 08:00:00 PM,25,6,19
01/20/2021 09:00:00 PM,18,3,15
01/20/2021 10:00:00 PM,5,1,4
01/20/2021 11:00:00 PM,4,1,3
01/21/2021 12:00:00 AM,3,2,1
01/21/2021 01:00:00 AM,0,0,0
01/21/2021 02:00:00 AM,3,3,0
01/21/2021 03:00:00 AM,0,0,0
01/21/2021 04:00:00 AM,1,1,0
01/21/2021 05:00:00 AM,4,1,3
01/21/2021 06:00:00 AM,12,3,9
01/21/2021 07:00:00 AM,20,5,15
01/21/2021 08:00:00 AM,17,12,5
01/21/2021 09:00:00 AM,13,1,12
01/21/2021 10:00:00 AM,6,4,2
01/21/2021 11:00:00 AM,12,4,8
01/21/2021 12:00:00 PM,8,7,1
01/21/2021 01:00:00 PM,22,7,15
01/21/2021 02:00:00 PM,21,13,8
01/21/2021 03:00:00 PM,21,15,6
01/21/2021 04:00:00 PM,25,14,11
01/21/2021 05:00:00 PM,35,23,12
01/21/2021 06:00:00 PM,14,7,7
01/21/2021 07:00:00 PM,7,1,6
01/21/2021 08:00:00 PM,4,0,4
01/21/2021 09:00:00 PM,4,0,4
01/21/2021 10:00:00 PM,4,1,3
01/21/2021 11:00:00 PM,2,1,1
01/22/2021 12:00:00 AM,0,0,0
01/22/2021 01:00:00 AM,0,0,0
01/22/2021 02:00:00 AM,2,0,2
01/22/2021 03:00:00 AM,0,0,0
01/22/2021 04:00:00 AM,0,0,0
01/22/2021 05:00:00 AM,7,3,4
01/22/2021 06:00:00 AM,11,3,8
01/22/2021 07:00:00 AM,20,8,12
01/22/2021 08:00:00 AM,17,8,9
01/22/2021 09:00:00 AM,14,5,9
01/22/2021 10:00:00 AM,9,3,6
01/22/2021 11:00:00 AM,11,6,5
01/22/2021 12:00:00 PM,16,8,8
01/22/2021 01:00:00 PM,21,11,10
01/22/2021 02:00:00 PM,27,15,12
01/22/2021 03:00:00 PM,33,28,5
01/22/2021 04:00:00 PM,31,20,11
01/22/2021 05:00:00 PM,30,14,16
01/22/2021 06:00:00 PM,13,8,5
01/22/2021 07:00:00 PM,8,5,3
01/22/2021 08:00:00 PM,5,2,3
01/22/2021 09:00:00 PM,0,0,0
01/22/2021 10:00:00 PM,0,0,0
01/22/2021 11:00:00 PM,1,0,1
01/23/2021 12:00:00 AM,0,0,0
01/23/2021 01:00:00 AM,0,0,0
01/23/2021 02:00:00 AM,0,0,0
01/23/2021 03:00:00 AM,0,0,0
01/23/2021 04:00:00 AM,0,0,0
01/23/2021 05:00:00 AM,2,1,1
01/23/2021 06:00:00 AM,0,0,0
01/23/2021 07:00:00 AM,0,0,0
01/23/2021 08:00:00 AM,5,2,3
01/23/2021 09:00:00 AM,9,4,5
01/23/2021 10:00:00 AM,15,13,2
01/23/2021 11:00:00 AM,24,12,12
01/23/2021 12:00:00 PM,20,10,10
01/23/2021 01:00:00 PM,33,21,12
01/23/2021 02:00:00 PM,45,26,19
01/23/2021 03:00:00 PM,43,25,18
01/23/2021 04:00:00 PM,38,23,15
01/23/2021 05:00:00 PM,28,12,16
01/23/2021 06:00:00 PM,7,2,5
01/23/2021 07:00:00 PM,15,4,11
01/23/2021 08:00:00 PM,7,4,3
01/23/2021 09:00:00 PM,8,5,3
01/23/2021 10:00:00 PM,12,10,2
01/23/2021 11:00:00 PM,5,0,5
01/24/2021 12:00:00 AM,0,0,0
01/24/2021 01:00:00 AM,0,0,0
01/24/2021 02:00:00 AM,0,0,0
01/24/2021 03:00:00 AM,0,0,0
01/24/2021 04:00:00 AM,2,2,0
01/24/2021 05:00:00 AM,2,0,2
01/24/2021 06:00:00 AM,1,0,1
01/24/2021 07:00:00 AM,1,0,1
01/24/2021 08:00:00 AM,8,3,5
01/24/2021 09:00:00 AM,9,4,5
01/24/2021 10:00:00 AM,9,4,5
01/24/2021 11:00:00 AM,5,4,1
01/24/2021 12:00:00 PM,8,4,4
01/24/2021 01:00:00 PM,3,2,1
01/24/2021 02:00:00 PM,6,3,3
01/24/2021 03:00:00 PM,4,2,2
01/24/2021 04:00:00 PM,12,7,5
01/24/2021 05:00:00 PM,8,2,6
01/24/2021 06:00:00 PM,4,3,1
01/24/2021 07:00:00 PM,0,0,0
01/24/2021 08:00:00 PM,3,1,2
01/24/2021 09:00:00 PM,2,1,1
01/24/2021 10:00:00 PM,2,1,1
01/24/2021 11:00:00 PM,0,0,0
01/25/2021 12:00:00 AM,2,1,1
01/25/2021 01:00:00 AM,0,0,0
01/25/2021 02:00:00 AM,0,0,0
01/25/2021 03:00:00 AM,0,0,0
01/25/2021 04:00:00 AM,2,2,0
01/25/2021 05:00:00 AM,4,1,3
01/25/2021 06:00:00 AM,9,4,5
01/25/2021 07:00:00 AM,26,11,15
01/25/2021 08:00:00 AM,27,8,19
01/25/2021 09:00:00 AM,14,7,7
01/25/2021 10:00:00 AM,6,5,1
01/25/2021 11:00:00 AM,12,8,4
01/25/2021 12:00:00 PM,19,11,8
01/25/2021 01:00:00 PM,13,6,7
01/25/2021 02:00:00 PM,16,12,4
01/25/2021 03:00:00 PM,21,13,8
01/25/2021 04:00:00 PM,22,15,7
01/25/2021 05:00:00 PM,27,19,8
01/25/2021 06:00:00 PM,16,10,6
01/25/2021 07:00:00 PM,4,2,2
01/25/2021 08:00:00 PM,5,1,4
01/25/2021 09:00:00 PM,3,2,1
01/25/2021 10:00:00 PM,0,0,0
01/25/2021 11:00:00 PM,3,1,2
01/26/2021 12:00:00 AM,1,0,1
01/26/2021 01:00:00 AM,0,0,0
01/26/2021 02:00:00 AM,1,1,0
01/26/2021 03:00:00 AM,0,0,0
01/26/2021 04:00:00 AM,0,0,0
01/26/2021 05:00:00 AM,7,1,6
01/26/2021 06:00:00 AM,18,6,12
01/26/2021 07:00:00 AM,18,7,11
01/26/2021 08:00:00 AM,23,8,15
01/26/2021 09:00:00 AM,9,4,5
01/26/2021 10:00:00 AM,13,6,7
01/26/2021 11:00:00 AM,15,7,8
01/26/2021 12:00:00 PM,18,11,7
01/26/2021 01:00:00 PM,21,9,12
01/26/2021 02:00:00 PM,20,15,5
01/26/2021 03:00:00 PM,18,11,7
01/26/2021 04:00:00 PM,22,15,7
01/26/2021 05:00:00 PM,30,20,10
01/26/2021 06:00:00 PM,11,6,5
01/26/2021 07:00:00 PM,8,1,7
01/26/2021 08:00:00 PM,5,2,3
01/26/2021 09:00:00 PM,0,0,0
01/26/2021 10:00:00 PM,6,0,6
01/26/2021 11:00:00 PM,4,3,1
01/27/2021 12:00:00 AM,0,0,0
01/27/2021 01:00:00 AM,0,0,0
01/27/2021 02:00:00 AM,0,0,0
01/27/2021 03:00:00 AM,2,2,0
01/27/2021 04:00:00 AM,1,1,0
01/27/2021 05:00:00 AM,8,1,7
01/27/2021 06:00:00 AM,9,3,6
01/27/2021 07:00:00 AM,23,6,17
01/27/2021 08:00:00 AM,18,6,12
01/27/2021 09:00:00 AM,13,5,8
01/27/2021 10:00:00 AM,6,5,1
01/27/2021 11:00:00 AM,10,5,5
01/27/2021 12:00:00 PM,18,10,8
01/27/2021 01:00:00 PM,16,10,6
01/27/2021 02:00:00 PM,23,15,8
01/27/2021 03:00:00 PM,18,14,4
01/27/2021 04:00:00 PM,18,8,10
01/27/2021 05:00:00 PM,23,16,7
01/27/2021 06:00:00 PM,22,14,8
01/27/2021 07:00:00 PM,13,5,8
01/27/2021 08:00:00 PM,11,4,7
01/27/2021 09:00:00 PM,1,0,1
01/27/2021 10:00:00 PM,4,0,4
01/27/2021 11:00:00 PM,2,1,1
01/28/2021 12:00:00 AM,0,0,0
01/28/2021 01:00:00 AM,2,2,0
01/28/2021 02:00:00 AM,0,0,0
01/28/2021 03:00:00 AM,0,0,0
01/28/2021 04:00:00 AM,0,0,0
01/28/2021 05:00:00 AM,10,3,7
01/28/2021 06:00:00 AM,9,3,6
01/28/2021 07:00:00 AM,22,2,20
01/28/2021 08:00:00 AM,13,8,5
01/28/2021 09:00:00 AM,8,3,5
01/28/2021 10:00:00 AM,4,2,2
01/28/2021 11:00:00 AM,8,5,3
01/28/2021 12:00:00 PM,11,9,2
01/28/2021 01:00:00 PM,19,8,11
01/28/2021 02:00:00 PM,27,13,14
01/28/2021 03:00:00 PM,26,18,8
01/28/2021 04:00:00 PM,28,18,10
01/28/2021 05:00:00 PM,32,19,13
01/28/2021 06:00:00 PM,12,8,4
01/28/2021 07:00:00 PM,21,8,13
01/28/2021 08:00:00 PM,4,1,3
01/28/2021 09:00:00 PM,11,5,6
01/28/2021 10:00:00 PM,0,0,0
01/28/2021 11:00:00 PM,4,1,3
01/29/2021 12:00:00 AM,0,0,0
01/29/2021 01:00:00 AM,0,0,0
01/29/2021 02:00:00 AM,1,0,1
01/29/2021 03:00:00 AM,0,0,0
01/29/2021 04:00:00 AM,0,0,0
01/29/2021 05:00:00 AM,7,2,5
01/29/2021 06:00:00 AM,8,2,6
01/29/2021 07:00:00 AM,26,10,16
01/29/2021 08:00:00 AM,17,8,9
01/29/2021 09:00:00 AM,16,8,8
01/29/2021 10:00:00 AM,13,5,8
01/29/2021 11:00:00 AM,20,12,8
01/29/2021 12:00:00 PM,19,11,8
01/29/2021 01:00:00 PM,14,8,6
01/29/2021 02:00:00 PM,22,13,9
01/29/2021 03:00:00 PM,23,16,7
01/29/2021 04:00:00 PM,30,18,12
01/29/2021 05:00:00 PM,30,23,7
01/29/2021 06:00:00 PM,14,9,5
01/29/2021 07:00:00 PM,10,4,6
01/29/2021 08:00:00 PM,5,1,4
01/29/2021 09:00:00 PM,6,3,3
01/29/2021 10:00:00 PM,3,1,2
01/29/2021 11:00:00 PM,0,0,0
01/30/2021 12:00:00 AM,2,1,1
01/30/2021 01:00:00 AM,2,1,1
01/30/2021 02:00:00 AM,1,0,1
01/30/2021 03:00:00 AM,1,1,0
01/30/2021 04:00:00 AM,1,1,0
01/30/2021 05:00:00 AM,2,0,2
01/30/2021 06:00:00 AM,1,0,1
01/30/2021 07:00:00 AM,6,2,4
01/30/2021 08:00:00 AM,4,2,2
01/30/2021 09:00:00 AM,13,7,6
01/30/2021 10:00:00 AM,9,3,6
01/30/2021 11:00:00 AM,17,12,5
01/30/2021 12:00:00 PM,15,9,6
01/30/2021 01:00:00 PM,11,5,6
01/30/2021 02:00:00 PM,20,14,6
01/30/2021 03:00:00 PM,13,6,7
01/30/2021 04:00:00 PM,18,8,10
01/30/2021 05:00:00 PM,15,8,7
01/30/2021 06:00:00 PM,7,4,3
01/30/2021 07:00:00 PM,5,4,1
01/30/2021 08:00:00 PM,4,3,1
01/30/2021 09:00:00 PM,2,2,0
01/30/2021 10:00:00 PM,1,0,1
01/30/2021 11:00:00 PM,3,1,2
01/31/2021 12:00:00 AM,1,0,1
01/31/2021 01:00:00 AM,1,1,0
01/31/2021 02:00:00 AM,0,0,0
01/31/2021 03:00:00 AM,1,1,0
01/31/2021 04:00:00 AM,0,0,0
01/31/2021 05:00:00 AM,1,0,1
01/31/2021 06:00:00 AM,2,1,1
01/31/2021 07:00:00 AM,3,1,2
01/31/2021 08:00:00 AM,3,0,3
01/31/2021 09:00:00 AM,8,3,5
01/31/2021 10:00:00 AM,9,5,4
01/31/2021 11:00:00 AM,5,3,2
01/31/2021 12:00:00 PM,12,6,6
01/31/2021 01:00:00 PM,5,2,3
01/31/2021 02:00:00 PM,4,3,1
01/31/2021 03:00:00 PM,5,5,0
01/31/2021 04:00:00 PM,8,6,2
01/31/2021 05:00:00 PM,7,3,4
01/31/2021 06:00:00 PM,2,1,1
01/31/2021 07:00:00 PM,3,2,1
01/31/2021 08:00:00 PM,2,1,1
01/31/2021 09:00:00 PM,6,4,2
01/31/2021 10:00:00 PM,0,0,0
01/31/2021 11:00:00 PM,2,1,1
02/01/2021 12:00:00 AM,0,0,0
02/01/2021 01:00:00 AM,0,0,0
02/01/2021 02:00:00 AM,0,0,0
02/01/2021 03:00:00 AM,0,0,0
02/01/2021 04:00:00 AM,0,0,0
02/01/2021 05:00:00 AM,7,1,6
02/01/2021 06:00:00 AM,8,4,4
02/01/2021 07:00:00 AM,21,7,14
02/01/2021 08:00:00 AM,24,9,15
02/01/2021 09:00:00 AM,12,6,6
02/01/2021 10:00:00 AM,6,2,4
02/01/2021 11:00:00 AM,10,5,5
02/01/2021 12:00:00 PM,8,5,3
02/01/2021 01:00:00 PM,13,11,2
02/01/2021 02:00:00 PM,14,7,7
02/01/2021 03:00:00 PM,21,15,6
02/01/2021 04:00:00 PM,12,11,1
02/01/2021 05:00:00 PM,36,22,14
02/01/2021 06:00:00 PM,9,6,3
02/01/2021 07:00:00 PM,8,3,5
02/01/2021 08:00:00 PM,6,3,3
02/01/2021 09:00:00 PM,6,5,1
02/01/2021 10:00:00 PM,2,0,2
02/01/2021 11:00:00 PM,5,1,4
02/02/2021 12:00:00 AM,0,0,0
02/02/2021 01:00:00 AM,0,0,0
02/02/2021 02:00:00 AM,0,0,0
02/02/2021 03:00:00 AM,0,0,0
02/02/2021 04:00:00 AM,0,0,0
02/02/2021 05:00:00 AM,6,1,5
02/02/2021 06:00:00 AM,9,5,4
02/02/2021 07:00:00 AM,22,5,17
02/02/2021 08:00:00 AM,16,8,8
02/02/2021 09:00:00 AM,13,4,9
02/02/2021 10:00:00 AM,12,4,8
02/02/2021 11:00:00 AM,9,7,2
02/02/2021 12:00:00 PM,15,9,6
02/02/2021 01:00:00 PM,13,8,5
02/02/2021 02:00:00 PM,13,9,4
02/02/2021 03:00:00 PM,14,9,5
02/02/2021 04:00:00 PM,20,12,8
02/02/2021 05:00:00 PM,32,21,11
02/02/2021 06:00:00 PM,13,10,3
02/02/2021 07:00:00 PM,8,4,4
02/02/2021 08:00:00 PM,4,3,1
02/02/2021 09:00:00 PM,0,0,0
02/02/2021 10:00:00 PM,5,1,4
02/02/2021 11:00:00 PM,0,0,0
02/03/2021 12:00:00 AM,1,1,0
02/03/2021 01:00:00 AM,0,0,0
02/03/2021 02:00:00 AM,0,0,0
02/03/2021 03:00:00 AM,0,0,0
02/03/2021 04:00:00 AM,0,0,0
02/03/2021 05:00:00 AM,7,2,5
02/03/2021 06:00:00 AM,15,6,9
02/03/2021 07:00:00 AM,19,6,13
02/03/2021 08:00:00 AM,23,9,14
02/03/2021 09:00:00 AM,15,8,7
02/03/2021 10:00:00 AM,10,6,4
02/03/2021 11:00:00 AM,17,6,11
02/03/2021 12:00:00 PM,16,7,9
02/03/2021 01:00:00 PM,10,6,4
02/03/2021 02:00:00 PM,24,15,9
02/03/2021 03:00:00 PM,34,19,15
02/03/2021 04:00:00 PM,41,26,15
02/03/2021 05:00:00 PM,51,37,14
02/03/2021 06:00:00 PM,19,14,5
02/03/2021 07:00:00 PM,8,1,7
02/03/2021 08:00:00 PM,13,8,5
02/03/2021 09:00:00 PM,3,0,3
02/03/2021 10:00:00 PM,7,1,6
02/03/2021 11:00:00 PM,3,2,1
02/04/2021 12:00:00 AM,0,0,0
02/04/2021 01:00:00 AM,0,0,0
02/04/2021 02:00:00 AM,1,0,1
02/04/2021 03:00:00 AM,0,0,0
02/04/2021 04:00:00 AM,0,0,0
02/04/2021 05:00:00 AM,12,1,11
02/04/2021 06:00:00 AM,11,6,5
02/04/2021 07:00:00 AM,26,9,17
02/04/2021 08:00:00 AM,20,11,9
02/04/2021 09:00:00 AM,11,5,6
02/04/2021 10:00:00 AM,10,6,4
02/04/2021 11:00:00 AM,7,4,3
02/04/2021 12:00:00 PM,9,5,4
02/04/2021 01:00:00 PM,12,8,4
02/04/2021 02:00:00 PM,16,9,7
02/04/2021 03:00:00 PM,23,12,11
02/04/2021 04:00:00 PM,25,13,12
02/04/2021 05:00:00 PM,30,18,12
02/04/2021 06:00:00 PM,22,15,7
02/04/2021 07:00:00 PM,8,3,5
02/04/2021 08:00:00 PM,10,3,7
02/04/2021 09:00:00 PM,2,1,1
02/04/2021 10:00:00 PM,3,0,3
02/04/2021 11:00:00 PM,3,0,3
02/05/2021 12:00:00 AM,0,0,0
02/05/2021 01:00:00 AM,0,0,0
02/05/2021 02:00:00 AM,2,1,1
02/05/2021 03:00:00 AM,0,0,0
02/05/2021 04:00:00 AM,0,0,0
02/05/2021 05:00:00 AM,6,2,4
02/05/2021 06:00:00 AM,11,4,7
02/05/2021 07:00:00 AM,24,6,18
02/05/2021 08:00:00 AM,23,9,14
02/05/2021 09:00:00 AM,14,8,6
02/05/2021 10:00:00 AM,11,5,6
02/05/2021 11:00:00 AM,19,10,9
02/05/2021 12:00:00 PM,32,16,16
02/05/2021 01:00:00 PM,23,17,6
02/05/2021 02:00:00 PM,25,17,8
02/05/2021 03:00:00 PM,25,18,7
02/05/2021 04:00:00 PM,35,21,14
02/05/2021 05:00:00 PM,39,23,16
02/05/2021 06:00:00 PM,28,16,12
02/05/2021 07:00:00 PM,15,4,11
02/05/2021 08:00:00 PM,9,3,6
02/05/2021 09:00:00 PM,5,1,4
02/05/2021 10:00:00 PM,5,1,4
02/05/2021 11:00:00 PM,2,1,1
02/06/2021 12:00:00 AM,1,0,1
02/06/2021 01:00:00 AM,3,2,1
02/06/2021 02:00:00 AM,2,2,0
02/06/2021 03:00:00 AM,0,0,0
02/06/2021 04:00:00 AM,0,0,0
02/06/2021 05:00:00 AM,2,0,2
02/06/2021 06:00:00 AM,0,0,0
02/06/2021 07:00:00 AM,2,2,0
02/06/2021 08:00:00 AM,6,2,4
02/06/2021 09:00:00 AM,12,5,7
02/06/2021 10:00:00 AM,14,6,8
02/06/2021 11:00:00 AM,7,3,4
02/06/2021 12:00:00 PM,15,7,8
02/06/2021 01:00:00 PM,27,17,10
02/06/2021 02:00:00 PM,21,12,9
02/06/2021 03:00:00 PM,11,5,6
02/06/2021 04:00:00 PM,25,16,9
02/06/2021 05:00:00 PM,14,7,7
02/06/2021 06:00:00 PM,28,17,11
02/06/2021 07:00:00 PM,13,6,7
02/06/2021 08:00:00 PM,14,12,2
02/06/2021 09:00:00 PM,7,3,4
02/06/2021 10:00:00 PM,0,0,0
02/06/2021 11:00:00 PM,4,1,3
02/07/2021 12:00:00 AM,2,0,2
02/07/2021 01:00:00 AM,6,4,2
02/07/2021 02:00:00 AM,2,2,0
02/07/2021 03:00:00 AM,0,0,0
02/07/2021 04:00:00 AM,0,0,0
02/07/2021 05:00:00 AM,0,0,0
02/07/2021 06:00:00 AM,1,0,1
02/07/2021 07:00:00 AM,3,2,1
02/07/2021 08:00:00 AM,8,7,1
02/07/2021 09:00:00 AM,13,3,10
02/07/2021 10:00:00 AM,14,8,6
02/07/2021 11:00:00 AM,20,11,9
02/07/2021 12:00:00 PM,37,21,16
02/07/2021 01:00:00 PM,42,23,19
02/07/2021 02:00:00 PM,32,19,13
02/07/2021 03:00:00 PM,15,7,8
02/07/2021 04:00:00 PM,11,5,6
02/07/2021 05:00:00 PM,9,4,5
02/07/2021 06:00:00 PM,4,3,1
02/07/2021 07:00:00 PM,5,2,3
02/07/2021 08:00:00 PM,8,2,6
02/07/2021 09:00:00 PM,3,0,3
02/07/2021 10:00:00 PM,4,0,4
02/07/2021 11:00:00 PM,0,0,0
02/08/2021 12:00:00 AM,0,0,0
02/08/2021 01:00:00 AM,1,1,0
02/08/2021 02:00:00 AM,2,2,0
02/08/2021 03:00:00 AM,0,0,0
02/08/2021 04:00:00 AM,0,0,0
02/08/2021 05:00:00 AM,6,1,5
02/08/2021 06:00:00 AM,12,3,9
02/08/2021 07:00:00 AM,21,9,12
02/08/2021 08:00:00 AM,22,12,10
02/08/2021 09:00:00 AM,17,4,13
02/08/2021 10:00:00 AM,7,3,4
02/08/2021 11:00:00 AM,10,6,4
02/08/2021 12:00:00 PM,16,6,10
02/08/2021 01:00:00 PM,13,5,8
02/08/2021 02:00:00 PM,26,14,12
02/08/2021 03:00:00 PM,28,22,6
02/08/2021 04:00:00 PM,30,20,10
02/08/2021 05:00:00 PM,48,29,19
02/08/2021 06:00:00 PM,13,7,6
02/08/2021 07:00:00 PM,9,5,4
02/08/2021 08:00:00 PM,9,6,3
02/08/2021 09:00:00 PM,2,2,0
02/08/2021 10:00:00 PM,3,1,2
02/08/2021 11:00:00 PM,0,0,0
02/09/2021 12:00:00 AM,1,1,0
02/09/2021 01:00:00 AM,1,1,0
02/09/2021 02:00:00 AM,4,2,2
02/09/2021 03:00:00 AM,0,0,0
02/09/2021 04:00:00 AM,0,0,0
02/09/2021 05:00:00 AM,4,1,3
02/09/2021 06:00:00 AM,12,5,7
02/09/2021 07:00:00 AM,20,3,17
02/09/2021 08:00:00 AM,14,7,7
02/09/2021 09:00:00 AM,13,6,7
02/09/2021 10:00:00 AM,14,6,8
02/09/2021 11:00:00 AM,9,6,3
02/09/2021 12:00:00 PM,19,9,10
02/09/2021 01:00:00 PM,22,11,11
02/09/2021 02:00:00 PM,22,16,6
02/09/2021 03:00:00 PM,18,13,5
02/09/2021 04:00:00 PM,35,19,16
02/09/2021 05:00:00 PM,48,28,20
02/09/2021 06:00:00 PM,20,8,12
02/09/2021 07:00:00 PM,10,2,8
02/09/2021 08:00:00 PM,5,2,3
02/09/2021 09:00:00 PM,6,2,4
02/09/2021 10:00:00 PM,0,0,0
02/09/2021 11:00:00 PM,0,0,0
02/10/2021 12:00:00 AM,1,0,1
02/10/2021 01:00:00 AM,0,0,0
02/10/2021 02:00:00 AM,0,0,0
02/10/2021 03:00:00 AM,0,0,0
02/10/2021 04:00:00 AM,0,0,0
02/10/2021 05:00:00 AM,5,2,3
02/10/2021 06:00:00 AM,12,5,7
02/10/2021 07:00:00 AM,15,5,10
02/10/2021 08:00:00 AM,15,7,8
02/10/2021 09:00:00 AM,10,3,7
02/10/2021 10:00:00 AM,8,3,5
02/10/2021 11:00:00 AM,9,6,3
02/10/2021 12:00:00 PM,8,3,5
02/10/2021 01:00:00 PM,11,8,3
02/10/2021 02:00:00 PM,20,14,6
02/10/2021 03:00:00 PM,26,17,9
02/10/2021 04:00:00 PM,25,14,11
02/10/2021 05:00:00 PM,23,12,11
02/10/2021 06:00:00 PM,14,9,5
02/10/2021 07:00:00 PM,12,6,6
02/10/2021 08:00:00 PM,5,0,5
02/10/2021 09:00:00 PM,4,3,1
02/10/2021 10:00:00 PM,4,0,4
02/10/2021 11:00:00 PM,3,2,1
02/11/2021 12:00:00 AM,1,0,1
02/11/2021 01:00:00 AM,1,0,1
02/11/2021 02:00:00 AM,1,0,1
02/11/2021 03:00:00 AM,0,0,0
02/11/2021 04:00:00 AM,0,0,0
02/11/2021 05:00:00 AM,7,1,6
02/11/2021 06:00:00 AM,5,2,3
02/11/2021 07:00:00 AM,16,6,10
02/11/2021 08:00:00 AM,12,8,4
02/11/2021 09:00:00 AM,19,5,14
02/11/2021 10:00:00 AM,11,5,6
02/11/2021 11:00:00 AM,11,7,4
02/11/2021 12:00:00 PM,16,10,6
02/11/2021 01:00:00 PM,24,12,12
02/11/2021 02:00:00 PM,20,12,8
02/11/2021 03:00:00 PM,13,5,8
02/11/2021 04:00:00 PM,17,10,7
02/11/2021 05:00:00 PM,25,11,14
02/11/2021 06:00:00 PM,14,10,4
02/11/2021 07:00:00 PM,3,2,1
02/11/2021 08:00:00 PM,3,2,1
02/11/2021 09:00:00 PM,0,0,0
02/11/2021 10:00:00 PM,3,0,3
02/11/2021 11:00:00 PM,3,2,1
02/12/2021 12:00:00 AM,0,0,0
02/12/2021 01:00:00 AM,0,0,0
02/12/2021 02:00:00 AM,0,0,0
02/12/2021 03:00:00 AM,0,0,0
02/12/2021 04:00:00 AM,1,0,1
02/12/2021 05:00:00 AM,5,2,3
02/12/2021 06:00:00 AM,4,2,2
02/12/2021 07:00:00 AM,7,3,4
02/12/2021 08:00:00 AM,4,2,2
02/12/2021 09:00:00 AM,4,2,2
02/12/2021 10:00:00 AM,11,8,3
02/12/2021 11:00:00 AM,13,8,5
02/12/2021 12:00:00 PM,12,3,9
02/12/2021 01:00:00 PM,14,8,6
02/12/2021 02:00:00 PM,14,12,2
02/12/2021 03:00:00 PM,9,5,4
02/12/2021 04:00:00 PM,9,6,3
02/12/2021 05:00:00 PM,22,12,10
02/12/2021 06:00:00 PM,11,7,4
02/12/2021 07:00:00 PM,13,7,6
02/12/2021 08:00:00 PM,4,3,1
02/12/2021 09:00:00 PM,0,0,0
02/12/2021 10:00:00 PM,0,0,0
02/12/2021 11:00:00 PM,0,0,0
02/13/2021 12:00:00 AM,0,0,0
02/13/2021 01:00:00 AM,1,1,0
02/13/2021 02:00:00 AM,0,0,0
02/13/2021 03:00:00 AM,0,0,0
02/13/2021 04:00:00 AM,0,0,0
02/13/2021 05:00:00 AM,0,0,0
02/13/2021 06:00:00 AM,0,0,0
02/13/2021 07:00:00 AM,0,0,0
02/13/2021 08:00:00 AM,0,0,0
02/13/2021 09:00:00 AM,1,1,0
02/13/2021 10:00:00 AM,0,0,0
02/13/2021 11:00:00 AM,1,1,0
02/13/2021 12:00:00 PM,0,0,0
02/13/2021 01:00:00 PM,1,1,0
02/13/2021 02:00:00 PM,2,2,0
02/13/2021 03:00:00 PM,0,0,0
02/13/2021 04:00:00 PM,1,0,1
02/13/2021 05:00:00 PM,0,0,0
02/13/2021 06:00:00 PM,1,0,1
02/13/2021 07:00:00 PM,2,0,2
02/13/2021 08:00:00 PM,0,0,0
02/13/2021 09:00:00 PM,0,0,0
02/13/2021 10:00:00 PM,0,0,0
02/13/2021 11:00:00 PM,0,0,0
02/14/2021 12:00:00 AM,0,0,0
02/14/2021 01:00:00 AM,0,0,0
02/14/2021 02:00:00 AM,0,0,0
02/14/2021 03:00:00 AM,0,0,0
02/14/2021 04:00:00 AM,0,0,0
02/14/2021 05:00:00 AM,0,0,0
02/14/2021 06:00:00 AM,0,0,0
02/14/2021 07:00:00 AM,0,0,0
02/14/2021 08:00:00 AM,0,0,0
02/14/2021 09:00:00 AM,0,0,0
02/14/2021 10:00:00 AM,0,0,0
02/14/2021 11:00:00 AM,0,0,0
02/14/2021 12:00:00 PM,0,0,0
02/14/2021 01:00:00 PM,1,1,0
02/14/2021 02:00:00 PM,0,0,0
02/14/2021 03:00:00 PM,1,1,0
02/14/2021 04:00:00 PM,2,1,1
02/14/2021 05:00:00 PM,3,2,1
02/14/2021 06:00:00 PM,1,0,1
02/14/2021 07:00:00 PM,0,0,0
02/14/2021 08:00:00 PM,0,0,0
02/14/2021 09:00:00 PM,0,0,0
02/14/2021 10:00:00 PM,1,0,1
02/14/2021 11:00:00 PM,0,0,0
02/15/2021 12:00:00 AM,0,0,0
02/15/2021 01:00:00 AM,0,0,0
02/15/2021 02:00:00 AM,0,0,0
02/15/2021 03:00:00 AM,0,0,0
02/15/2021 04:00:00 AM,0,0,0
02/15/2021 05:00:00 AM,0,0,0
02/15/2021 06:00:00 AM,0,0,0
02/15/2021 07:00:00 AM,2,0,2
02/15/2021 08:00:00 AM,4,1,3
02/15/2021 09:00:00 AM,1,1,0
02/15/2021 10:00:00 AM,4,1,3
02/15/2021 11:00:00 AM,2,1,1
02/15/2021 12:00:00 PM,8,4,4
02/15/2021 01:00:00 PM,5,2,3
02/15/2021 02:00:00 PM,5,3,2
02/15/2021 03:00:00 PM,6,4,2
02/15/2021 04:00:00 PM,7,3,4
02/15/2021 05:00:00 PM,8,4,4
02/15/2021 06:00:00 PM,10,6,4
02/15/2021 07:00:00 PM,4,1,3
02/15/2021 08:00:00 PM,2,1,1
02/15/2021 09:00:00 PM,4,1,3
02/15/2021 10:00:00 PM,0,0,0
02/15/2021 11:00:00 PM,0,0,0
02/16/2021 12:00:00 AM,0,0,0
02/16/2021 01:00:00 AM,0,0,0
02/16/2021 02:00:00 AM,0,0,0
02/16/2021 03:00:00 AM,3,0,3
02/16/2021 04:00:00 AM,0,0,0
02/16/2021 05:00:00 AM,4,1,3
02/16/2021 06:00:00 AM,2,0,2
02/16/2021 07:00:00 AM,13,5,8
02/16/2021 08:00:00 AM,11,4,7
02/16/2021 09:00:00 AM,6,2,4
02/16/2021 10:00:00 AM,13,8,5
02/16/2021 11:00:00 AM,9,4,5
02/16/2021 12:00:00 PM,14,6,8
02/16/2021 01:00:00 PM,18,10,8
02/16/2021 02:00:00 PM,14,7,7
02/16/2021 03:00:00 PM,14,7,7
02/16/2021 04:00:00 PM,10,6,4
02/16/2021 05:00:00 PM,18,9,9
02/16/2021 06:00:00 PM,10,5,5
02/16/2021 07:00:00 PM,10,4,6
02/16/2021 08:00:00 PM,8,2,6
02/16/2021 09:00:00 PM,6,4,2
02/16/2021 10:00:00 PM,7,1,6
02/16/2021 11:00:00 PM,2,0,2
02/17/2021 12:00:00 AM,2,2,0
02/17/2021 01:00:00 AM,0,0,0
02/17/2021 02:00:00 AM,1,0,1
02/17/2021 03:00:00 AM,0,0,0
02/17/2021 04:00:00 AM,0,0,0
02/17/2021 05:00:00 AM,2,1,1
02/17/2021 06:00:00 AM,10,3,7
02/17/2021 07:00:00 AM,21,9,12
02/17/2021 08:00:00 AM,16,6,10
02/17/2021 09:00:00 AM,15,4,11
02/17/2021 10:00:00 AM,10,3,7
02/17/2021 11:00:00 AM,17,12,5
02/17/2021 12:00:00 PM,20,10,10
02/17/2021 01:00:00 PM,13,10,3
02/17/2021 02:00:00 PM,20,10,10
02/17/2021 03:00:00 PM,22,15,7
02/17/2021 04:00:00 PM,29,19,10
02/17/2021 05:00:00 PM,36,22,14
02/17/2021 06:00:00 PM,24,14,10
02/17/2021 07:00:00 PM,19,9,10
02/17/2021 08:00:00 PM,7,2,5
02/17/2021 09:00:00 PM,8,5,3
02/17/2021 10:00:00 PM,10,4,6
02/17/2021 11:00:00 PM,1,0,1
02/18/2021 12:00:00 AM,2,1,1
02/18/2021 01:00:00 AM,1,0,1
02/18/2021 02:00:00 AM,0,0,0
02/18/2021 03:00:00 AM,0,0,0
02/18/2021 04:00:00 AM,0,0,0
02/18/2021 05:00:00 AM,7,0,7
02/18/2021 06:00:00 AM,9,4,5
02/18/2021 07:00:00 AM,15,3,12
02/18/2021 08:00:00 AM,11,4,7
02/18/2021 09:00:00 AM,16,3,13
02/18/2021 10:00:00 AM,13,9,4
02/18/2021 11:00:00 AM,11,5,6
02/18/2021 12:00:00 PM,16,10,6
02/18/2021 01:00:00 PM,14,7,7
02/18/2021 02:00:00 PM,12,8,4
02/18/2021 03:00:00 PM,17,11,6
02/18/2021 04:00:00 PM,22,13,9
02/18/2021 05:00:00 PM,31,20,11
02/18/2021 06:00:00 PM,12,10,2
02/18/2021 07:00:00 PM,7,6,1
02/18/2021 08:00:00 PM,2,1,1
02/18/2021 09:00:00 PM,3,2,1
02/18/2021 10:00:00 PM,4,0,4
02/18/2021 11:00:00 PM,2,2,0
02/19/2021 12:00:00 AM,0,0,0
02/19/2021 01:00:00 AM,0,0,0
02/19/2021 02:00:00 AM,1,0,1
02/19/2021 03:00:00 AM,0,0,0
02/19/2021 04:00:00 AM,1,1,0
02/19/2021 05:00:00 AM,4,1,3
02/19/2021 06:00:00 AM,5,3,2
02/19/2021 07:00:00 AM,13,3,10
02/19/2021 08:00:00 AM,13,7,6
02/19/2021 09:00:00 AM,10,6,4
02/19/2021 10:00:00 AM,9,4,5
02/19/2021 11:00:00 AM,17,5,12
02/19/2021 12:00:00 PM,13,7,6
02/19/2021 01:00:00 PM,16,7,9
02/19/2021 02:00:00 PM,15,9,6
02/19/2021 03:00:00 PM,19,12,7
02/19/2021 04:00:00 PM,17,8,9
02/19/2021 05:00:00 PM,26,19,7
02/19/2021 06:00:00 PM,13,7,6
02/19/2021 07:00:00 PM,10,5,5
02/19/2021 08:00:00 PM,10,4,6
02/19/2021 09:00:00 PM,6,4,2
02/19/2021 10:00:00 PM,8,4,4
02/19/2021 11:00:00 PM,9,6,3
02/20/2021 12:00:00 AM,4,2,2
02/20/2021 01:00:00 AM,2,2,0
02/20/2021 02:00:00 AM,1,1,0
02/20/2021 03:00:00 AM,0,0,0
02/20/2021 04:00:00 AM,0,0,0
02/20/2021 05:00:00 AM,2,0,2
02/20/2021 06:00:00 AM,2,2,0
02/20/2021 07:00:00 AM,4,4,0
02/20/2021 08:00:00 AM,8,6,2
02/20/2021 09:00:00 AM,14,3,11
02/20/2021 10:00:00 AM,10,6,4
02/20/2021 11:00:00 AM,25,19,6
02/20/2021 12:00:00 PM,31,19,12
02/20/2021 01:00:00 PM,30,18,12
02/20/2021 02:00:00 PM,42,22,20
02/20/2021 03:00:00 PM,37,16,21
02/20/2021 04:00:00 PM,27,15,12
02/20/2021 05:00:00 PM,23,12,11
02/20/2021 06:00:00 PM,24,13,11
02/20/2021 07:00:00 PM,13,9,4
02/20/2021 08:00:00 PM,1,1,0
02/20/2021 09:00:00 PM,4,3,1
02/20/2021 10:00:00 PM,4,1,3
02/20/2021 11:00:00 PM,3,3,0
02/21/2021 12:00:00 AM,4,2,2
02/21/2021 01:00:00 AM,1,0,1
02/21/2021 02:00:00 AM,0,0,0
02/21/2021 03:00:00 AM,1,1,0
02/21/2021 04:00:00 AM,0,0,0
02/21/2021 05:00:00 AM,1,0,1
02/21/2021 06:00:00 AM,1,1,0
02/21/2021 07:00:00 AM,5,4,1
02/21/2021 08:00:00 AM,2,1,1
02/21/2021 09:00:00 AM,7,2,5
02/21/2021 10:00:00 AM,8,4,4
02/21/2021 11:00:00 AM,6,4,2
02/21/2021 12:00:00 PM,19,10,9
02/21/2021 01:00:00 PM,10,8,2
02/21/2021 02:00:00 PM,12,8,4
02/21/2021 03:00:00 PM,15,6,9
02/21/2021 04:00:00 PM,14,3,11
02/21/2021 05:00:00 PM,9,3,6
02/21/2021 06:00:00 PM,7,5,2
02/21/2021 07:00:00 PM,3,3,0
02/21/2021 08:00:00 PM,4,1,3
02/21/2021 09:00:00 PM,1,1,0
02/21/2021 10:00:00 PM,2,1,1
02/21/2021 11:00:00 PM,0,0,0
02/22/2021 12:00:00 AM,0,0,0
02/22/2021 01:00:00 AM,0,0,0
02/22/2021 02:00:00 AM,0,0,0
02/22/2021 03:00:00 AM,0,0,0
02/22/2021 04:00:00 AM,0,0,0
02/22/2021 05:00:00 AM,4,1,3
02/22/2021 06:00:00 AM,6,2,4
02/22/2021 07:00:00 AM,15,4,11
02/22/2021 08:00:00 AM,9,2,7
02/22/2021 09:00:00 AM,8,4,4
02/22/2021 10:00:00 AM,8,5,3
02/22/2021 11:00:00 AM,9,5,4
02/22/2021 12:00:00 PM,12,5,7
02/22/2021 01:00:00 PM,9,3,6
02/22/2021 02:00:00 PM,11,5,6
02/22/2021 03:00:00 PM,15,8,7
02/22/2021 04:00:00 PM,23,14,9
02/22/2021 05:00:00 PM,44,30,14
02/22/2021 06:00:00 PM,16,10,6
02/22/2021 07:00:00 PM,12,6,6
02/22/2021 08:00:00 PM,6,2,4
02/22/2021 09:00:00 PM,2,2,0
02/22/2021 10:00:00 PM,0,0,0
02/22/2021 11:00:00 PM,1,1,0
02/23/2021 12:00:00 AM,0,0,0
02/23/2021 01:00:00 AM,2,0,2
02/23/2021 02:00:00 AM,0,0,0
02/23/2021 03:00:00 AM,2,1,1
02/23/2021 04:00:00 AM,0,0,0
02/23/2021 05:00:00 AM,8,1,7
02/23/2021 06:00:00 AM,9,3,6
02/23/2021 07:00:00 AM,19,5,14
02/23/2021 08:00:00 AM,20,10,10
02/23/2021 09:00:00 AM,12,4,8
02/23/2021 10:00:00 AM,13,7,6
02/23/2021 11:00:00 AM,7,3,4
02/23/2021 12:00:00 PM,24,14,10
02/23/2021 01:00:00 PM,17,11,6
02/23/2021 02:00:00 PM,22,11,11
02/23/2021 03:00:00 PM,20,13,7
02/23/2021 04:00:00 PM,18,10,8
02/23/2021 05:00:00 PM,23,14,9
02/23/2021 06:00:00 PM,17,11,6
02/23/2021 07:00:00 PM,13,4,9
02/23/2021 08:00:00 PM,6,1,5
02/23/2021 09:00:00 PM,5,2,3
02/23/2021 10:00:00 PM,5,2,3
02/23/2021 11:00:00 PM,1,1,0
02/24/2021 12:00:00 AM,2,2,0
02/24/2021 01:00:00 AM,0,0,0
02/24/2021 02:00:00 AM,1,0,1
02/24/2021 03:00:00 AM,1,0,1
02/24/2021 04:00:00 AM,0,0,0
02/24/2021 05:00:00 AM,5,0,5
02/24/2021 06:00:00 AM,8,3,5
02/24/2021 07:00:00 AM,16,8,8
02/24/2021 08:00:00 AM,27,13,14
02/24/2021 09:00:00 AM,15,5,10
02/24/2021 10:00:00 AM,9,6,3
02/24/2021 11:00:00 AM,11,2,9
02/24/2021 12:00:00 PM,16,6,10
02/24/2021 01:00:00 PM,26,15,11
02/24/2021 02:00:00 PM,29,20,9
02/24/2021 03:00:00 PM,19,12,7
02/24/2021 04:00:00 PM,24,15,9
02/24/2021 05:00:00 PM,45,31,14
02/24/2021 06:00:00 PM,16,10,6
02/24/2021 07:00:00 PM,13,4,9
02/24/2021 08:00:00 PM,5,1,4
02/24/2021 09:00:00 PM,3,3,0
02/24/2021 10:00:00 PM,9,3,6
02/24/2021 11:00:00 PM,3,2,1
02/25/2021 12:00:00 AM,0,0,0
02/25/2021 01:00:00 AM,0,0,0
02/25/2021 02:00:00 AM,0,0,0
02/25/2021 03:00:00 AM,0,0,0
02/25/2021 04:00:00 AM,1,0,1
02/25/2021 05:00:00 AM,4,1,3
02/25/2021 06:00:00 AM,9,1,8
02/25/2021 07:00:00 AM,17,8,9
02/25/2021 08:00:00 AM,22,10,12
02/25/2021 09:00:00 AM,19,7,12
02/25/2021 10:00:00 AM,15,6,9
02/25/2021 11:00:00 AM,10,6,4
02/25/2021 12:00:00 PM,16,5,11
02/25/2021 01:00:00 PM,15,9,6
02/25/2021 02:00:00 PM,25,20,5
02/25/2021 03:00:00 PM,19,11,8
02/25/2021 04:00:00 PM,11,7,4
02/25/2021 05:00:00 PM,28,19,9
02/25/2021 06:00:00 PM,16,11,5
02/25/2021 07:00:00 PM,7,4,3
02/25/2021 08:00:00 PM,6,3,3
02/25/2021 09:00:00 PM,7,3,4
02/25/2021 10:00:00 PM,7,3,4
02/25/2021 11:00:00 PM,0,0,0
02/26/2021 12:00:00 AM,0,0,0
02/26/2021 01:00:00 AM,0,0,0
02/26/2021 02:00:00 AM,2,2,0
02/26/2021 03:00:00 AM,0,0,0
02/26/2021 04:00:00 AM,0,0,0
02/26/2021 05:00:00 AM,8,1,7
02/26/2021 06:00:00 AM,14,3,11
02/26/2021 07:00:00 AM,26,9,17
02/26/2021 08:00:00 AM,26,12,14
02/26/2021 09:00:00 AM,17,8,9
02/26/2021 10:00:00 AM,9,6,3
02/26/2021 11:00:00 AM,15,9,6
02/26/2021 12:00:00 PM,25,11,14
02/26/2021 01:00:00 PM,21,10,11
02/26/2021 02:00:00 PM,26,19,7
02/26/2021 03:00:00 PM,20,10,10
02/26/2021 04:00:00 PM,21,10,11
02/26/2021 05:00:00 PM,37,23,14
02/26/2021 06:00:00 PM,17,9,8
02/26/2021 07:00:00 PM,11,4,7
02/26/2021 08:00:00 PM,8,3,5
02/26/2021 09:00:00 PM,7,2,5
02/26/2021 10:00:00 PM,12,5,7
02/26/2021 11:00:00 PM,8,5,3
02/27/2021 12:00:00 AM,0,0,0
02/27/2021 01:00:00 AM,0,0,0
02/27/2021 02:00:00 AM,0,0,0
02/27/2021 03:00:00 AM,0,0,0
02/27/2021 04:00:00 AM,1,1,0
02/27/2021 05:00:00 AM,3,1,2
02/27/2021 06:00:00 AM,4,4,0
02/27/2021 07:00:00 AM,5,2,3
02/27/2021 08:00:00 AM,15,9,6
02/27/2021 09:00:00 AM,20,9,11
02/27/2021 10:00:00 AM,21,8,13
02/27/2021 11:00:00 AM,18,12,6
02/27/2021 12:00:00 PM,24,16,8
02/27/2021 01:00:00 PM,30,17,13
02/27/2021 02:00:00 PM,26,16,10
02/27/2021 03:00:00 PM,35,14,21
02/27/2021 04:00:00 PM,36,20,16
02/27/2021 05:00:00 PM,41,18,23
02/27/2021 06:00:00 PM,20,11,9
02/27/2021 07:00:00 PM,4,0,4
02/27/2021 08:00:00 PM,12,6,6
02/27/2021 09:00:00 PM,7,4,3
02/27/2021 10:00:00 PM,9,4,5
02/27/2021 11:00:00 PM,10,3,7
02/28/2021 12:00:00 AM,5,2,3
02/28/2021 01:00:00 AM,0,0,0
02/28/2021 02:00:00 AM,0,0,0
02/28/2021 03:00:00 AM,0,0,0
02/28/2021 04:00:00 AM,0,0,0
02/28/2021 05:00:00 AM,3,0,3
02/28/2021 06:00:00 AM,2,1,1
02/28/2021 07:00:00 AM,5,2,3
02/28/2021 08:00:00 AM,1,1,0
02/28/2021 09:00:00 AM,8,4,4
02/28/2021 10:00:00 AM,16,13,3
02/28/2021 11:00:00 AM,13,10,3
02/28/2021 12:00:00 PM,28,12,16
02/28/2021 01:00:00 PM,12,8,4
02/28/2021 02:00:00 PM,27,9,18
02/28/2021 03:00:00 PM,35,22,13
02/28/2021 04:00:00 PM,24,13,11
02/28/2021 05:00:00 PM,19,9,10
02/28/2021 06:00:00 PM,11,8,3
02/28/2021 07:00:00 PM,12,6,6
02/28/2021 08:00:00 PM,7,5,2
02/28/2021 09:00:00 PM,4,2,2
02/28/2021 10:00:00 PM,4,2,2
02/28/2021 11:00:00 PM,7,3,4
03/01/2021 12:00:00 AM,2,2,0
03/01/2021 01:00:00 AM,0,0,0
03/01/2021 02:00:00 AM,0,0,0
03/01/2021 03:00:00 AM,0,0,0
03/01/2021 04:00:00 AM,2,0,2
03/01/2021 05:00:00 AM,7,1,6
03/01/2021 06:00:00 AM,10,3,7
03/01/2021 07:00:00 AM,20,10,10
03/01/2021 08:00:00 AM,28,8,20
03/01/2021 09:00:00 AM,17,6,11
03/01/2021 10:00:00 AM,10,6,4
03/01/2021 11:00:00 AM,26,17,9
03/01/2021 12:00:00 PM,27,20,7
03/01/2021 01:00:00 PM,19,8,11
03/01/2021 02:00:00 PM,28,15,13
03/01/2021 03:00:00 PM,27,22,5
03/01/2021 04:00:00 PM,40,28,12
03/01/2021 05:00:00 PM,42,24,18
03/01/2021 06:00:00 PM,25,14,11
03/01/2021 07:00:00 PM,4,2,2
03/01/2021 08:00:00 PM,6,3,3
03/01/2021 09:00:00 PM,6,2,4
03/01/2021 10:00:00 PM,2,2,0
03/01/2021 11:00:00 PM,5,3,2
03/02/2021 12:00:00 AM,2,1,1
03/02/2021 01:00:00 AM,0,0,0
03/02/2021 02:00:00 AM,0,0,0
03/02/2021 03:00:00 AM,3,1,2
03/02/2021 04:00:00 AM,4,4,0
03/02/2021 05:00:00 AM,11,1,10
03/02/2021 06:00:00 AM,14,3,11
03/02/2021 07:00:00 AM,20,8,12
03/02/2021 08:00:00 AM,24,10,14
03/02/2021 09:00:00 AM,12,2,10
03/02/2021 10:00:00 AM,12,7,5
03/02/2021 11:00:00 AM,16,7,9
03/02/2021 12:00:00 PM,13,6,7
03/02/2021 01:00:00 PM,23,17,6
03/02/2021 02:00:00 PM,20,9,11
03/02/2021 03:00:00 PM,28,16,12
03/02/2021 04:00:00 PM,32,19,13
03/02/2021 05:00:00 PM,36,22,14
03/02/2021 06:00:00 PM,27,19,8
03/02/2021 07:00:00 PM,16,7,9
03/02/2021 08:00:00 PM,9,2,7
03/02/2021 09:00:00 PM,6,4,2
03/02/2021 10:00:00 PM,2,1,1
03/02/2021 11:00:00 PM,5,2,3
03/03/2021 12:00:00 AM,3,3,0
03/03/2021 01:00:00 AM,0,0,0
03/03/2021 02:00:00 AM,1,1,0
03/03/2021 03:00:00 AM,1,0,1
03/03/2021 04:00:00 AM,4,0,4
03/03/2021 05:00:00 AM,9,2,7
03/03/2021 06:00:00 AM,11,4,7
03/03/2021 07:00:00 AM,18,7,11
03/03/2021 08:00:00 AM,21,10,11
03/03/2021 09:00:00 AM,19,6,13
03/03/2021 10:00:00 AM,10,1,9
03/03/2021 11:00:00 AM,21,13,8
03/03/2021 12:00:00 PM,14,10,4
03/03/2021 01:00:00 PM,28,15,13
03/03/2021 02:00:00 PM,27,14,13
03/03/2021 03:00:00 PM,38,23,15
03/03/2021 04:00:00 PM,53,35,18
03/03/2021 05:00:00 PM,53,35,18
03/03/2021 06:00:00 PM,27,16,11
03/03/2021 07:00:00 PM,15,6,9
03/03/2021 08:00:00 PM,16,5,11
03/03/2021 09:00:00 PM,1,0,1
03/03/2021 10:00:00 PM,8,2,6
03/03/2021 11:00:00 PM,9,6,3
03/04/2021 12:00:00 AM,1,1,0
03/04/2021 01:00:00 AM,0,0,0
03/04/2021 02:00:00 AM,1,1,0
03/04/2021 03:00:00 AM,0,0,0
03/04/2021 04:00:00 AM,0,0,0
03/04/2021 05:00:00 AM,8,1,7
03/04/2021 06:00:00 AM,9,4,5
03/04/2021 07:00:00 AM,19,7,12
03/04/2021 08:00:00 AM,23,8,15
03/04/2021 09:00:00 AM,24,14,10
03/04/2021 10:00:00 AM,13,6,7
03/04/2021 11:00:00 AM,26,17,9
03/04/2021 12:00:00 PM,19,12,7
03/04/2021 01:00:00 PM,23,9,14
03/04/2021 02:00:00 PM,23,16,7
03/04/2021 03:00:00 PM,10,6,4
03/04/2021 04:00:00 PM,27,14,13
03/04/2021 05:00:00 PM,31,20,11
03/04/2021 06:00:00 PM,15,9,6
03/04/2021 07:00:00 PM,12,4,8
03/04/2021 08:00:00 PM,5,1,4
03/04/2021 09:00:00 PM,3,1,2
03/04/2021 10:00:00 PM,7,3,4
03/04/2021 11:00:00 PM,2,0,2
03/05/2021 12:00:00 AM,3,2,1
03/05/2021 01:00:00 AM,0,0,0
03/05/2021 02:00:00 AM,0,0,0
03/05/2021 03:00:00 AM,0,0,0
03/05/2021 04:00:00 AM,0,0,0
03/05/2021 05:00:00 AM,6,2,4
03/05/2021 06:00:00 AM,8,2,6
03/05/2021 07:00:00 AM,21,8,13
03/05/2021 08:00:00 AM,15,10,5
03/05/2021 09:00:00 AM,10,5,5
03/05/2021 10:00:00 AM,9,6,3
03/05/2021 11:00:00 AM,9,4,5
03/05/2021 12:00:00 PM,9,4,5
03/05/2021 01:00:00 PM,22,13,9
03/05/2021 02:00:00 PM,15,5,10
03/05/2021 03:00:00 PM,17,11,6
03/05/2021 04:00:00 PM,26,12,14
03/05/2021 05:00:00 PM,32,17,15
03/05/2021 06:00:00 PM,15,12,3
03/05/2021 07:00:00 PM,15,2,13
03/05/2021 08:00:00 PM,9,6,3
03/05/2021 09:00:00 PM,10,4,6
03/05/2021 10:00:00 PM,7,4,3
03/05/2021 11:00:00 PM,14,6,8
03/06/2021 12:00:00 AM,3,0,3
03/06/2021 01:00:00 AM,2,2,0
03/06/2021 02:00:00 AM,1,0,1
03/06/2021 03:00:00 AM,1,0,1
03/06/2021 04:00:00 AM,0,0,0
03/06/2021 05:00:00 AM,3,0,3
03/06/2021 06:00:00 AM,1,1,0
03/06/2021 07:00:00 AM,4,3,1
03/06/2021 08:00:00 AM,10,6,4
03/06/2021 09:00:00 AM,19,13,6
03/06/2021 10:00:00 AM,23,12,11
03/06/2021 11:00:00 AM,22,16,6
03/06/2021 12:00:00 PM,39,26,13
03/06/2021 01:00:00 PM,26,16,10
03/06/2021 02:00:00 PM,55,27,28
03/06/2021 03:00:00 PM,23,8,15
03/06/2021 04:00:00 PM,38,21,17
03/06/2021 05:00:00 PM,15,10,5
03/06/2021 06:00:00 PM,5,4,1
03/06/2021 07:00:00 PM,13,7,6
03/06/2021 08:00:00 PM,8,5,3
03/06/2021 09:00:00 PM,8,2,6
03/06/2021 10:00:00 PM,8,3,5
03/06/2021 11:00:00 PM,5,4,1
03/07/2021 12:00:00 AM,6,4,2
03/07/2021 01:00:00 AM,1,0,1
03/07/2021 02:00:00 AM,1,0,1
03/07/2021 03:00:00 AM,0,0,0
03/07/2021 04:00:00 AM,0,0,0
03/07/2021 05:00:00 AM,0,0,0
03/07/2021 06:00:00 AM,0,0,0
03/07/2021 07:00:00 AM,6,4,2
03/07/2021 08:00:00 AM,2,1,1
03/07/2021 09:00:00 AM,11,6,5
03/07/2021 10:00:00 AM,5,4,1
03/07/2021 11:00:00 AM,8,5,3
03/07/2021 12:00:00 PM,4,3,1
03/07/2021 01:00:00 PM,15,7,8
03/07/2021 02:00:00 PM,12,6,6
03/07/2021 03:00:00 PM,12,9,3
03/07/2021 04:00:00 PM,8,4,4
03/07/2021 05:00:00 PM,7,4,3
03/07/2021 06:00:00 PM,1,1,0
03/07/2021 07:00:00 PM,6,2,4
03/07/2021 08:00:00 PM,6,2,4
03/07/2021 09:00:00 PM,4,3,1
03/07/2021 10:00:00 PM,2,1,1
03/07/2021 11:00:00 PM,3,2,1
03/08/2021 12:00:00 AM,0,0,0
03/08/2021 01:00:00 AM,0,0,0
03/08/2021 02:00:00 AM,0,0,0
03/08/2021 03:00:00 AM,0,0,0
03/08/2021 04:00:00 AM,0,0,0
03/08/2021 05:00:00 AM,11,1,10
03/08/2021 06:00:00 AM,11,2,9
03/08/2021 07:00:00 AM,23,12,11
03/08/2021 08:00:00 AM,23,11,12
03/08/2021 09:00:00 AM,15,4,11
03/08/2021 10:00:00 AM,19,7,12
03/08/2021 11:00:00 AM,16,12,4
03/08/2021 12:00:00 PM,21,12,9
03/08/2021 01:00:00 PM,16,11,5
03/08/2021 02:00:00 PM,27,14,13
03/08/2021 03:00:00 PM,20,14,6
03/08/2021 04:00:00 PM,24,17,7
03/08/2021 05:00:00 PM,44,24,20
03/08/2021 06:00:00 PM,21,12,9
03/08/2021 07:00:00 PM,10,2,8
03/08/2021 08:00:00 PM,8,4,4
03/08/2021 09:00:00 PM,3,0,3
03/08/2021 10:00:00 PM,5,2,3
03/08/2021 11:00:00 PM,2,1,1
03/09/2021 12:00:00 AM,1,1,0
03/09/2021 01:00:00 AM,2,1,1
03/09/2021 02:00:00 AM,2,1,1
03/09/2021 03:00:00 AM,1,0,1
03/09/2021 04:00:00 AM,0,0,0
03/09/2021 05:00:00 AM,8,0,8
03/09/2021 06:00:00 AM,13,3,10
03/09/2021 07:00:00 AM,25,9,16
03/09/2021 08:00:00 AM,25,10,15
03/09/2021 09:00:00 AM,21,10,11
03/09/2021 10:00:00 AM,9,5,4
03/09/2021 11:00:00 AM,19,10,9
03/09/2021 12:00:00 PM,23,13,10
03/09/2021 01:00:00 PM,18,7,11
03/09/2021 02:00:00 PM,16,9,7
03/09/2021 03:00:00 PM,20,13,7
03/09/2021 04:00:00 PM,37,22,15
03/09/2021 05:00:00 PM,36,23,13
03/09/2021 06:00:00 PM,28,15,13
03/09/2021 07:00:00 PM,14,6,8
03/09/2021 08:00:00 PM,9,5,4
03/09/2021 09:00:00 PM,7,4,3
03/09/2021 10:00:00 PM,1,0,1
03/09/2021 11:00:00 PM,9,5,4
03/10/2021 12:00:00 AM,1,1,0
03/10/2021 01:00:00 AM,0,0,0
03/10/2021 02:00:00 AM,2,2,0
03/10/2021 03:00:00 AM,0,0,0
03/10/2021 04:00:00 AM,0,0,0
03/10/2021 05:00:00 AM,7,1,6
03/10/2021 06:00:00 AM,16,5,11
03/10/2021 07:00:00 AM,24,10,14
03/10/2021 08:00:00 AM,29,14,15
03/10/2021 09:00:00 AM,24,13,11
03/10/2021 10:00:00 AM,18,9,9
03/10/2021 11:00:00 AM,26,16,10
03/10/2021 12:00:00 PM,26,13,13
03/10/2021 01:00:00 PM,39,23,16
03/10/2021 02:00:00 PM,36,19,17
03/10/2021 03:00:00 PM,32,16,16
03/10/2021 04:00:00 PM,42,25,17
03/10/2021 05:00:00 PM,49,28,21
03/10/2021 06:00:00 PM,29,19,10
03/10/2021 07:00:00 PM,13,6,7
03/10/2021 08:00:00 PM,13,7,6
03/10/2021 09:00:00 PM,9,2,7
03/10/2021 10:00:00 PM,4,2,2
03/10/2021 11:00:00 PM,1,1,0
03/11/2021 12:00:00 AM,0,0,0
03/11/2021 01:00:00 AM,2,0,2
03/11/2021 02:00:00 AM,0,0,0
03/11/2021 03:00:00 AM,0,0,0
03/11/2021 04:00:00 AM,1,0,1
03/11/2021 05:00:00 AM,9,0,9
03/11/2021 06:00:00 AM,10,3,7
03/11/2021 07:00:00 AM,29,9,20
03/11/2021 08:00:00 AM,24,14,10
03/11/2021 09:00:00 AM,20,8,12
03/11/2021 10:00:00 AM,21,9,12
03/11/2021 11:00:00 AM,15,8,7
03/11/2021 12:00:00 PM,29,16,13
03/11/2021 01:00:00 PM,30,19,11
03/11/2021 02:00:00 PM,30,21,9
03/11/2021 03:00:00 PM,27,19,8
03/11/2021 04:00:00 PM,37,22,15
03/11/2021 05:00:00 PM,48,31,17
03/11/2021 06:00:00 PM,28,14,14
03/11/2021 07:00:00 PM,16,8,8
03/11/2021 08:00:00 PM,8,4,4
03/11/2021 09:00:00 PM,7,4,3
03/11/2021 10:00:00 PM,6,4,2
03/11/2021 11:00:00 PM,5,3,2
03/12/2021 12:00:00 AM,3,0,3
03/12/2021 01:00:00 AM,0,0,0
03/12/2021 02:00:00 AM,0,0,0
03/12/2021 03:00:00 AM,0,0,0
03/12/2021 04:00:00 AM,0,0,0
03/12/2021 05:00:00 AM,1,0,1
03/12/2021 06:00:00 AM,12,3,9
03/12/2021 07:00:00 AM,29,7,22
03/12/2021 08:00:00 AM,21,10,11
03/12/2021 09:00:00 AM,19,9,10
03/12/2021 10:00:00 AM,18,12,6
03/12/2021 11:00:00 AM,23,11,12
03/12/2021 12:00:00 PM,21,13,8
03/12/2021 01:00:00 PM,28,18,10
03/12/2021 02:00:00 PM,29,18,11
03/12/2021 03:00:00 PM,42,29,13
03/12/2021 04:00:00 PM,31,19,12
03/12/2021 05:00:00 PM,47,27,20
03/12/2021 06:00:00 PM,31,20,11
03/12/2021 07:00:00 PM,14,5,9
03/12/2021 08:00:00 PM,15,7,8
03/12/2021 09:00:00 PM,8,3,5
03/12/2021 10:00:00 PM,11,6,5
03/12/2021 11:00:00 PM,4,2,2
03/13/2021 12:00:00 AM,8,2,6
03/13/2021 01:00:00 AM,0,0,0
03/13/2021 02:00:00 AM,2,1,1
03/13/2021 03:00:00 AM,1,1,0
03/13/2021 04:00:00 AM,0,0,0
03/13/2021 05:00:00 AM,4,1,3
03/13/2021 06:00:00 AM,1,1,0
03/13/2021 07:00:00 AM,13,8,5
03/13/2021 08:00:00 AM,7,5,2
03/13/2021 09:00:00 AM,22,11,11
03/13/2021 10:00:00 AM,39,23,16
03/13/2021 11:00:00 AM,47,29,18
03/13/2021 12:00:00 PM,50,31,19
03/13/2021 01:00:00 PM,51,29,22
03/13/2021 02:00:00 PM,56,32,24
03/13/2021 03:00:00 PM,57,35,22
03/13/2021 04:00:00 PM,66,31,35
03/13/2021 05:00:00 PM,40,19,21
03/13/2021 06:00:00 PM,32,16,16
03/13/2021 07:00:00 PM,19,13,6
03/13/2021 08:00:00 PM,19,8,11
03/13/2021 09:00:00 PM,11,4,7
03/13/2021 10:00:00 PM,22,7,15
03/13/2021 11:00:00 PM,4,0,4
03/14/2021 12:00:00 AM,1,0,1
03/14/2021 01:00:00 AM,1,0,1
03/14/2021 02:00:00 AM,,,
03/14/2021 03:00:00 AM,1,1,0
03/14/2021 04:00:00 AM,2,2,0
03/14/2021 05:00:00 AM,2,1,1
03/14/2021 06:00:00 AM,1,0,1
03/14/2021 07:00:00 AM,3,1,2
03/14/2021 08:00:00 AM,5,4,1
03/14/2021 09:00:00 AM,11,6,5
03/14/2021 10:00:00 AM,9,5,4
03/14/2021 11:00:00 AM,10,8,2
03/14/2021 12:00:00 PM,4,1,3
03/14/2021 01:00:00 PM,5,2,3
03/14/2021 02:00:00 PM,11,9,2
03/14/2021 03:00:00 PM,5,3,2
03/14/2021 04:00:00 PM,5,3,2
03/14/2021 05:00:00 PM,4,2,2
03/14/2021 06:00:00 PM,5,3,2
03/14/2021 07:00:00 PM,0,0,0
03/14/2021 08:00:00 PM,8,3,5
03/14/2021 09:00:00 PM,1,0,1
03/14/2021 10:00:00 PM,1,0,1
03/14/2021 11:00:00 PM,4,2,2
03/15/2021 12:00:00 AM,2,1,1
03/15/2021 01:00:00 AM,0,0,0
03/15/2021 02:00:00 AM,0,0,0
03/15/2021 03:00:00 AM,0,0,0
03/15/2021 04:00:00 AM,0,0,0
03/15/2021 05:00:00 AM,6,1,5
03/15/2021 06:00:00 AM,5,1,4
03/15/2021 07:00:00 AM,20,6,14
03/15/2021 08:00:00 AM,17,7,10
03/15/2021 09:00:00 AM,20,5,15
03/15/2021 10:00:00 AM,11,8,3
03/15/2021 11:00:00 AM,9,7,2
03/15/2021 12:00:00 PM,13,3,10
03/15/2021 01:00:00 PM,21,8,13
03/15/2021 02:00:00 PM,20,12,8
03/15/2021 03:00:00 PM,27,17,10
03/15/2021 04:00:00 PM,25,16,9
03/15/2021 05:00:00 PM,40,22,18
03/15/2021 06:00:00 PM,22,11,11
03/15/2021 07:00:00 PM,5,3,2
03/15/2021 08:00:00 PM,7,4,3
03/15/2021 09:00:00 PM,4,3,1
03/15/2021 10:00:00 PM,7,4,3
03/15/2021 11:00:00 PM,2,1,1
03/16/2021 12:00:00 AM,1,1,0
03/16/2021 01:00:00 AM,0,0,0
03/16/2021 02:00:00 AM,0,0,0
03/16/2021 03:00:00 AM,0,0,0
03/16/2021 04:00:00 AM,0,0,0
03/16/2021 05:00:00 AM,6,1,5
03/16/2021 06:00:00 AM,9,4,5
03/16/2021 07:00:00 AM,22,6,16
03/16/2021 08:00:00 AM,23,8,15
03/16/2021 09:00:00 AM,24,8,16
03/16/2021 10:00:00 AM,8,5,3
03/16/2021 11:00:00 AM,12,7,5
03/16/2021 12:00:00 PM,19,8,11
03/16/2021 01:00:00 PM,17,6,11
03/16/2021 02:00:00 PM,21,12,9
03/16/2021 03:00:00 PM,27,20,7
03/16/2021 04:00:00 PM,55,31,24
03/16/2021 05:00:00 PM,37,23,14
03/16/2021 06:00:00 PM,31,12,19
03/16/2021 07:00:00 PM,14,5,9
03/16/2021 08:00:00 PM,13,7,6
03/16/2021 09:00:00 PM,9,6,3
03/16/2021 10:00:00 PM,3,2,1
03/16/2021 11:00:00 PM,4,1,3
03/17/2021 12:00:00 AM,0,0,0
03/17/2021 01:00:00 AM,2,2,0
03/17/2021 02:00:00 AM,0,0,0
03/17/2021 03:00:00 AM,0,0,0
03/17/2021 04:00:00 AM,0,0,0
03/17/2021 05:00:00 AM,6,2,4
03/17/2021 06:00:00 AM,10,2,8
03/17/2021 07:00:00 AM,23,7,16
03/17/2021 08:00:00 AM,34,15,19
03/17/2021 09:00:00 AM,22,6,16
03/17/2021 10:00:00 AM,13,7,6
03/17/2021 11:00:00 AM,23,15,8
03/17/2021 12:00:00 PM,22,13,9
03/17/2021 01:00:00 PM,29,20,9
03/17/2021 02:00:00 PM,36,19,17
03/17/2021 03:00:00 PM,27,15,12
03/17/2021 04:00:00 PM,37,25,12
03/17/2021 05:00:00 PM,58,36,22
03/17/2021 06:00:00 PM,35,22,13
03/17/2021 07:00:00 PM,23,12,11
03/17/2021 08:00:00 PM,8,5,3
03/17/2021 09:00:00 PM,10,5,5
03/17/2021 10:00:00 PM,3,1,2
03/17/2021 11:00:00 PM,10,7,3
03/18/2021 12:00:00 AM,4,1,3
03/18/2021 01:00:00 AM,2,1,1
03/18/2021 02:00:00 AM,0,0,0
03/18/2021 03:00:00 AM,0,0,0
03/18/2021 04:00:00 AM,1,0,1
03/18/2021 05:00:00 AM,4,1,3
03/18/2021 06:00:00 AM,8,0,8
03/18/2021 07:00:00 AM,20,5,15
03/18/2021 08:00:00 AM,24,11,13
03/18/2021 09:00:00 AM,11,5,6
03/18/2021 10:00:00 AM,12,9,3
03/18/2021 11:00:00 AM,20,7,13
03/18/2021 12:00:00 PM,18,11,7
03/18/2021 01:00:00 PM,21,14,7
03/18/2021 02:00:00 PM,15,8,7
03/18/2021 03:00:00 PM,20,11,9
03/18/2021 04:00:00 PM,23,15,8
03/18/2021 05:00:00 PM,30,19,11
03/18/2021 06:00:00 PM,14,9,5
03/18/2021 07:00:00 PM,11,6,5
03/18/2021 08:00:00 PM,7,2,5
03/18/2021 09:00:00 PM,1,1,0
03/18/2021 10:00:00 PM,3,1,2
03/18/2021 11:00:00 PM,2,1,1
03/19/2021 12:00:00 AM,1,1,0
03/19/2021 01:00:00 AM,0,0,0
03/19/2021 02:00:00 AM,0,0,0
03/19/2021 03:00:00 AM,0,0,0
03/19/2021 04:00:00 AM,2,2,0
03/19/2021 05:00:00 AM,7,2,5
03/19/2021 06:00:00 AM,8,2,6
03/19/2021 07:00:00 AM,19,8,11
03/19/2021 08:00:00 AM,21,11,10
03/19/2021 09:00:00 AM,12,5,7
03/19/2021 10:00:00 AM,9,3,6
03/19/2021 11:00:00 AM,22,14,8
03/19/2021 12:00:00 PM,26,13,13
03/19/2021 01:00:00 PM,19,8,11
03/19/2021 02:00:00 PM,22,13,9
03/19/2021 03:00:00 PM,32,17,15
03/19/2021 04:00:00 PM,16,9,7
03/19/2021 05:00:00 PM,30,15,15
03/19/2021 06:00:00 PM,24,12,12
03/19/2021 07:00:00 PM,13,7,6
03/19/2021 08:00:00 PM,5,2,3
03/19/2021 09:00:00 PM,2,0,2
03/19/2021 10:00:00 PM,6,3,3
03/19/2021 11:00:00 PM,6,5,1
03/20/2021 12:00:00 AM,9,3,6
03/20/2021 01:00:00 AM,3,1,2
03/20/2021 02:00:00 AM,0,0,0
03/20/2021 03:00:00 AM,0,0,0
03/20/2021 04:00:00 AM,1,0,1
03/20/2021 05:00:00 AM,3,1,2
03/20/2021 06:00:00 AM,3,2,1
03/20/2021 07:00:00 AM,6,3,3
03/20/2021 08:00:00 AM,3,1,2
03/20/2021 09:00:00 AM,6,1,5
03/20/2021 10:00:00 AM,21,14,7
03/20/2021 11:00:00 AM,13,10,3
03/20/2021 12:00:00 PM,32,19,13
03/20/2021 01:00:00 PM,33,17,16
03/20/2021 02:00:00 PM,28,18,10
03/20/2021 03:00:00 PM,40,21,19
03/20/2021 04:00:00 PM,25,13,12
03/20/2021 05:00:00 PM,11,3,8
03/20/2021 06:00:00 PM,7,5,2
03/20/2021 07:00:00 PM,6,1,5
03/20/2021 08:00:00 PM,6,5,1
03/20/2021 09:00:00 PM,5,3,2
03/20/2021 10:00:00 PM,6,3,3
03/20/2021 11:00:00 PM,9,6,3
03/21/2021 12:00:00 AM,2,1,1
03/21/2021 01:00:00 AM,2,1,1
03/21/2021 02:00:00 AM,0,0,0
03/21/2021 03:00:00 AM,0,0,0
03/21/2021 04:00:00 AM,0,0,0
03/21/2021 05:00:00 AM,0,0,0
03/21/2021 06:00:00 AM,0,0,0
03/21/2021 07:00:00 AM,5,3,2
03/21/2021 08:00:00 AM,5,1,4
03/21/2021 09:00:00 AM,5,2,3
03/21/2021 10:00:00 AM,12,4,8
03/21/2021 11:00:00 AM,11,3,8
03/21/2021 12:00:00 PM,10,5,5
03/21/2021 01:00:00 PM,9,4,5
03/21/2021 02:00:00 PM,12,7,5
03/21/2021 03:00:00 PM,7,6,1
03/21/2021 04:00:00 PM,20,11,9
03/21/2021 05:00:00 PM,13,6,7
03/21/2021 06:00:00 PM,4,2,2
03/21/2021 07:00:00 PM,6,4,2
03/21/2021 08:00:00 PM,1,0,1
03/21/2021 09:00:00 PM,4,3,1
03/21/2021 10:00:00 PM,2,0,2
03/21/2021 11:00:00 PM,2,1,1
03/22/2021 12:00:00 AM,3,3,0
03/22/2021 01:00:00 AM,0,0,0
03/22/2021 02:00:00 AM,0,0,0
03/22/2021 03:00:00 AM,0,0,0
03/22/2021 04:00:00 AM,0,0,0
03/22/2021 05:00:00 AM,6,1,5
03/22/2021 06:00:00 AM,8,2,6
03/22/2021 07:00:00 AM,13,2,11
03/22/2021 08:00:00 AM,24,9,15
03/22/2021 09:00:00 AM,19,13,6
03/22/2021 10:00:00 AM,5,3,2
03/22/2021 11:00:00 AM,16,8,8
03/22/2021 12:00:00 PM,15,9,6
03/22/2021 01:00:00 PM,30,12,18
03/22/2021 02:00:00 PM,14,7,7
03/22/2021 03:00:00 PM,23,13,10
03/22/2021 04:00:00 PM,26,18,8
03/22/2021 05:00:00 PM,47,27,20
03/22/2021 06:00:00 PM,26,16,10
03/22/2021 07:00:00 PM,14,10,4
03/22/2021 08:00:00 PM,9,2,7
03/22/2021 09:00:00 PM,7,2,5
03/22/2021 10:00:00 PM,6,2,4
03/22/2021 11:00:00 PM,1,1,0
03/23/2021 12:00:00 AM,0,0,0
03/23/2021 01:00:00 AM,2,1,1
03/23/2021 02:00:00 AM,0,0,0
03/23/2021 03:00:00 AM,1,1,0
03/23/2021 04:00:00 AM,0,0,0
03/23/2021 05:00:00 AM,5,0,5
03/23/2021 06:00:00 AM,15,5,10
03/23/2021 07:00:00 AM,23,8,15
03/23/2021 08:00:00 AM,26,13,13
03/23/2021 09:00:00 AM,21,12,9
03/23/2021 10:00:00 AM,13,9,4
03/23/2021 11:00:00 AM,22,11,11
03/23/2021 12:00:00 PM,31,19,12
03/23/2021 01:00:00 PM,20,9,11
03/23/2021 02:00:00 PM,24,12,12
03/23/2021 03:00:00 PM,36,22,14
03/23/2021 04:00:00 PM,35,22,13
03/23/2021 05:00:00 PM,52,33,19
03/23/2021 06:00:00 PM,40,22,18
03/23/2021 07:00:00 PM,13,8,5
03/23/2021 08:00:00 PM,14,7,7
03/23/2021 09:00:00 PM,5,4,1
03/23/2021 10:00:00 PM,6,2,4
03/23/2021 11:00:00 PM,1,1,0
03/24/2021 12:00:00 AM,5,3,2
03/24/2021 01:00:00 AM,1,0,1
03/24/2021 02:00:00 AM,0,0,0
03/24/2021 03:00:00 AM,0,0,0
03/24/2021 04:00:00 AM,0,0,0
03/24/2021 05:00:00 AM,7,1,6
03/24/2021 06:00:00 AM,11,1,10
03/24/2021 07:00:00 AM,22,5,17
03/24/2021 08:00:00 AM,26,10,16
03/24/2021 09:00:00 AM,15,6,9
03/24/2021 10:00:00 AM,15,9,6
03/24/2021 11:00:00 AM,13,6,7
03/24/2021 12:00:00 PM,20,10,10
03/24/2021 01:00:00 PM,15,8,7
03/24/2021 02:00:00 PM,16,8,8
03/24/2021 03:00:00 PM,17,14,3
03/24/2021 04:00:00 PM,18,13,5
03/24/2021 05:00:00 PM,23,15,8
03/24/2021 06:00:00 PM,12,5,7
03/24/2021 07:00:00 PM,11,5,6
03/24/2021 08:00:00 PM,4,4,0
03/24/2021 09:00:00 PM,7,4,3
03/24/2021 10:00:00 PM,12,4,8
03/24/2021 11:00:00 PM,5,3,2
03/25/2021 12:00:00 AM,0,0,0
03/25/2021 01:00:00 AM,0,0,0
03/25/2021 02:00:00 AM,2,1,1
03/25/2021 03:00:00 AM,0,0,0
03/25/2021 04:00:00 AM,0,0,0
03/25/2021 05:00:00 AM,8,2,6
03/25/2021 06:00:00 AM,4,2,2
03/25/2021 07:00:00 AM,22,5,17
03/25/2021 08:00:00 AM,22,10,12
03/25/2021 09:00:00 AM,12,5,7
03/25/2021 10:00:00 AM,8,4,4
03/25/2021 11:00:00 AM,12,3,9
03/25/2021 12:00:00 PM,16,7,9
03/25/2021 01:00:00 PM,12,7,5
03/25/2021 02:00:00 PM,23,13,10
03/25/2021 03:00:00 PM,26,17,9
03/25/2021 04:00:00 PM,30,13,17
03/25/2021 05:00:00 PM,48,32,16
03/25/2021 06:00:00 PM,33,19,14
03/25/2021 07:00:00 PM,13,4,9
03/25/2021 08:00:00 PM,9,4,5
03/25/2021 09:00:00 PM,9,6,3
03/25/2021 10:00:00 PM,6,3,3
03/25/2021 11:00:00 PM,3,3,0
03/26/2021 12:00:00 AM,0,0,0
03/26/2021 01:00:00 AM,1,1,0
03/26/2021 02:00:00 AM,0,0,0
03/26/2021 03:00:00 AM,0,0,0
03/26/2021 04:00:00 AM,0,0,0
03/26/2021 05:00:00 AM,13,5,8
03/26/2021 06:00:00 AM,7,3,4
03/26/2021 07:00:00 AM,20,8,12
03/26/2021 08:00:00 AM,19,9,10
03/26/2021 09:00:00 AM,23,11,12
03/26/2021 10:00:00 AM,17,6,11
03/26/2021 11:00:00 AM,16,4,12
03/26/2021 12:00:00 PM,30,19,11
03/26/2021 01:00:00 PM,29,14,15
03/26/2021 02:00:00 PM,17,11,6
03/26/2021 03:00:00 PM,31,20,11
03/26/2021 04:00:00 PM,34,21,13
03/26/2021 05:00:00 PM,37,22,15
03/26/2021 06:00:00 PM,37,23,14
03/26/2021 07:00:00 PM,15,10,5
03/26/2021 08:00:00 PM,22,10,12
03/26/2021 09:00:00 PM,9,6,3
03/26/2021 10:00:00 PM,8,6,2
03/26/2021 11:00:00 PM,3,2,1
03/27/2021 12:00:00 AM,7,5,2
03/27/2021 01:00:00 AM,0,0,0
03/27/2021 02:00:00 AM,0,0,0
03/27/2021 03:00:00 AM,1,0,1
03/27/2021 04:00:00 AM,0,0,0
03/27/2021 05:00:00 AM,4,1,3
03/27/2021 06:00:00 AM,5,2,3
03/27/2021 07:00:00 AM,7,3,4
03/27/2021 08:00:00 AM,18,10,8
03/27/2021 09:00:00 AM,17,6,11
03/27/2021 10:00:00 AM,30,19,11
03/27/2021 11:00:00 AM,28,17,11
03/27/2021 12:00:00 PM,31,14,17
03/27/2021 01:00:00 PM,37,28,9
03/27/2021 02:00:00 PM,41,19,22
03/27/2021 03:00:00 PM,43,29,14
03/27/2021 04:00:00 PM,38,25,13
03/27/2021 05:00:00 PM,35,11,24
03/27/2021 06:00:00 PM,37,17,20
03/27/2021 07:00:00 PM,13,8,5
03/27/2021 08:00:00 PM,23,14,9
03/27/2021 09:00:00 PM,8,3,5
03/27/2021 10:00:00 PM,12,7,5
03/27/2021 11:00:00 PM,7,6,1
03/28/2021 12:00:00 AM,14,12,2
03/28/2021 01:00:00 AM,5,3,2
03/28/2021 02:00:00 AM,0,0,0
03/28/2021 03:00:00 AM,1,1,0
03/28/2021 04:00:00 AM,1,0,1
03/28/2021 05:00:00 AM,2,0,2
03/28/2021 06:00:00 AM,3,1,2
03/28/2021 07:00:00 AM,2,1,1
03/28/2021 08:00:00 AM,6,1,5
03/28/2021 09:00:00 AM,13,7,6
03/28/2021 10:00:00 AM,7,3,4
03/28/2021 11:00:00 AM,10,4,6
03/28/2021 12:00:00 PM,5,3,2
03/28/2021 01:00:00 PM,4,3,1
03/28/2021 02:00:00 PM,3,2,1
03/28/2021 03:00:00 PM,4,3,1
03/28/2021 04:00:00 PM,3,1,2
03/28/2021 05:00:00 PM,13,4,9
03/28/2021 06:00:00 PM,5,3,2
03/28/2021 07:00:00 PM,11,6,5
03/28/2021 08:00:00 PM,5,3,2
03/28/2021 09:00:00 PM,6,2,4
03/28/2021 10:00:00 PM,2,1,1
03/28/2021 11:00:00 PM,3,1,2
03/29/2021 12:00:00 AM,0,0,0
03/29/2021 01:00:00 AM,3,1,2
03/29/2021 02:00:00 AM,0,0,0
03/29/2021 03:00:00 AM,0,0,0
03/29/2021 04:00:00 AM,0,0,0
03/29/2021 05:00:00 AM,8,2,6
03/29/2021 06:00:00 AM,10,2,8
03/29/2021 07:00:00 AM,25,6,19
03/29/2021 08:00:00 AM,31,10,21
03/29/2021 09:00:00 AM,15,8,7
03/29/2021 10:00:00 AM,15,6,9
03/29/2021 11:00:00 AM,22,7,15
03/29/2021 12:00:00 PM,32,14,18
03/29/2021 01:00:00 PM,22,13,9
03/29/2021 02:00:00 PM,25,13,12
03/29/2021 03:00:00 PM,21,14,7
03/29/2021 04:00:00 PM,24,16,8
03/29/2021 05:00:00 PM,47,31,16
03/29/2021 06:00:00 PM,25,16,9
03/29/2021 07:00:00 PM,19,8,11
03/29/2021 08:00:00 PM,10,5,5
03/29/2021 09:00:00 PM,8,4,4
03/29/2021 10:00:00 PM,6,1,5
03/29/2021 11:00:00 PM,3,2,1
03/30/2021 12:00:00 AM,4,1,3
03/30/2021 01:00:00 AM,2,1,1
03/30/2021 02:00:00 AM,4,3,1
03/30/2021 03:00:00 AM,2,1,1
03/30/2021 04:00:00 AM,0,0,0
03/30/2021 05:00:00 AM,9,2,7
03/30/2021 06:00:00 AM,10,2,8
03/30/2021 07:00:00 AM,21,4,17
03/30/2021 08:00:00 AM,26,11,15
03/30/2021 09:00:00 AM,27,15,12
03/30/2021 10:00:00 AM,11,3,8
03/30/2021 11:00:00 AM,19,9,10
03/30/2021 12:00:00 PM,24,13,11
03/30/2021 01:00:00 PM,22,8,14
03/30/2021 02:00:00 PM,26,16,10
03/30/2021 03:00:00 PM,26,15,11
03/30/2021 04:00:00 PM,48,33,15
03/30/2021 05:00:00 PM,52,37,15
03/30/2021 06:00:00 PM,37,19,18
03/30/2021 07:00:00 PM,14,7,7
03/30/2021 08:00:00 PM,12,7,5
03/30/2021 09:00:00 PM,8,4,4
03/30/2021 10:00:00 PM,6,1,5
03/30/2021 11:00:00 PM,3,2,1
03/31/2021 12:00:00 AM,1,0,1
03/31/2021 01:00:00 AM,1,0,1
03/31/2021 02:00:00 AM,0,0,0
03/31/2021 03:00:00 AM,0,0,0
03/31/2021 04:00:00 AM,0,0,0
03/31/2021 05:00:00 AM,8,2,6
03/31/2021 06:00:00 AM,13,2,11
03/31/2021 07:00:00 AM,24,9,15
03/31/2021 08:00:00 AM,33,15,18
03/31/2021 09:00:00 AM,19,6,13
03/31/2021 10:00:00 AM,24,13,11
03/31/2021 11:00:00 AM,20,12,8
03/31/2021 12:00:00 PM,33,17,16
03/31/2021 01:00:00 PM,30,17,13
03/31/2021 02:00:00 PM,28,21,7
03/31/2021 03:00:00 PM,45,28,17
03/31/2021 04:00:00 PM,52,33,19
03/31/2021 05:00:00 PM,74,45,29
03/31/2021 06:00:00 PM,26,15,11
03/31/2021 07:00:00 PM,24,13,11
03/31/2021 08:00:00 PM,12,2,10
03/31/2021 09:00:00 PM,11,7,4
03/31/2021 10:00:00 PM,9,4,5
03/31/2021 11:00:00 PM,6,1,5
04/01/2021 12:00:00 AM,4,0,4
04/01/2021 01:00:00 AM,1,1,0
04/01/2021 02:00:00 AM,0,0,0
04/01/2021 03:00:00 AM,1,1,0
04/01/2021 04:00:00 AM,1,0,1
04/01/2021 05:00:00 AM,10,4,6
04/01/2021 06:00:00 AM,15,3,12
04/01/2021 07:00:00 AM,20,6,14
04/01/2021 08:00:00 AM,33,15,18
04/01/2021 09:00:00 AM,26,13,13
04/01/2021 10:00:00 AM,19,11,8
04/01/2021 11:00:00 AM,19,9,10
04/01/2021 12:00:00 PM,29,11,18
04/01/2021 01:00:00 PM,38,20,18
04/01/2021 02:00:00 PM,22,14,8
04/01/2021 03:00:00 PM,42,29,13
04/01/2021 04:00:00 PM,34,22,12
04/01/2021 05:00:00 PM,63,40,23
04/01/2021 06:00:00 PM,44,35,9
04/01/2021 07:00:00 PM,26,10,16
04/01/2021 08:00:00 PM,19,3,16
04/01/2021 09:00:00 PM,8,5,3
04/01/2021 10:00:00 PM,5,1,4
04/01/2021 11:00:00 PM,16,3,13
04/02/2021 12:00:00 AM,4,4,0
04/02/2021 01:00:00 AM,1,0,1
04/02/2021 02:00:00 AM,2,2,0
04/02/2021 03:00:00 AM,0,0,0
04/02/2021 04:00:00 AM,0,0,0
04/02/2021 05:00:00 AM,11,3,8
04/02/2021 06:00:00 AM,12,7,5
04/02/2021 07:00:00 AM,19,7,12
04/02/2021 08:00:00 AM,18,7,11
04/02/2021 09:00:00 AM,21,12,9
04/02/2021 10:00:00 AM,9,5,4
04/02/2021 11:00:00 AM,27,14,13
04/02/2021 12:00:00 PM,28,13,15
04/02/2021 01:00:00 PM,28,14,14
04/02/2021 02:00:00 PM,17,8,9
04/02/2021 03:00:00 PM,42,25,17
04/02/2021 04:00:00 PM,39,23,16
04/02/2021 05:00:00 PM,65,42,23
04/02/2021 06:00:00 PM,50,39,11
04/02/2021 07:00:00 PM,19,12,7
04/02/2021 08:00:00 PM,14,6,8
04/02/2021 09:00:00 PM,12,4,8
04/02/2021 10:00:00 PM,21,8,13
04/02/2021 11:00:00 PM,15,10,5
04/03/2021 12:00:00 AM,14,6,8
04/03/2021 01:00:00 AM,3,2,1
04/03/2021 02:00:00 AM,0,0,0
04/03/2021 03:00:00 AM,0,0,0
04/03/2021 04:00:00 AM,0,0,0
04/03/2021 05:00:00 AM,1,0,1
04/03/2021 06:00:00 AM,1,1,0
04/03/2021 07:00:00 AM,4,1,3
04/03/2021 08:00:00 AM,9,7,2
04/03/2021 09:00:00 AM,12,6,6
04/03/2021 10:00:00 AM,22,14,8
04/03/2021 11:00:00 AM,43,22,21
04/03/2021 12:00:00 PM,35,13,22
04/03/2021 01:00:00 PM,39,27,12
04/03/2021 02:00:00 PM,36,20,16
04/03/2021 03:00:00 PM,36,21,15
04/03/2021 04:00:00 PM,57,32,25
04/03/2021 05:00:00 PM,30,15,15
04/03/2021 06:00:00 PM,43,23,20
04/03/2021 07:00:00 PM,28,20,8
04/03/2021 08:00:00 PM,21,10,11
04/03/2021 09:00:00 PM,16,9,7
04/03/2021 10:00:00 PM,15,4,11
04/03/2021 11:00:00 PM,11,8,3
04/04/2021 12:00:00 AM,4,2,2
04/04/2021 01:00:00 AM,0,0,0
04/04/2021 02:00:00 AM,0,0,0
04/04/2021 03:00:00 AM,0,0,0
04/04/2021 04:00:00 AM,0,0,0
04/04/2021 05:00:00 AM,0,0,0
04/04/2021 06:00:00 AM,3,2,1
04/04/2021 07:00:00 AM,2,0,2
04/04/2021 08:00:00 AM,3,1,2
04/04/2021 09:00:00 AM,7,4,3
04/04/2021 10:00:00 AM,17,9,8
04/04/2021 11:00:00 AM,6,3,3
04/04/2021 12:00:00 PM,12,8,4
04/04/2021 01:00:00 PM,33,15,18
04/04/2021 02:00:00 PM,14,6,8
04/04/2021 03:00:00 PM,19,12,7
04/04/2021 04:00:00 PM,19,10,9
04/04/2021 05:00:00 PM,18,14,4
04/04/2021 06:00:00 PM,22,12,10
04/04/2021 07:00:00 PM,5,2,3
04/04/2021 08:00:00 PM,10,4,6
04/04/2021 09:00:00 PM,12,5,7
04/04/2021 10:00:00 PM,2,0,2
04/04/2021 11:00:00 PM,2,1,1
04/05/2021 12:00:00 AM,1,0,1
04/05/2021 01:00:00 AM,2,1,1
04/05/2021 02:00:00 AM,2,2,0
04/05/2021 03:00:00 AM,0,0,0
04/05/2021 04:00:00 AM,0,0,0
04/05/2021 05:00:00 AM,12,4,8
04/05/2021 06:00:00 AM,13,6,7
04/05/2021 07:00:00 AM,25,8,17
04/05/2021 08:00:00 AM,25,11,14
04/05/2021 09:00:00 AM,14,4,10
04/05/2021 10:00:00 AM,11,6,5
04/05/2021 11:00:00 AM,14,9,5
04/05/2021 12:00:00 PM,25,13,12
04/05/2021 01:00:00 PM,27,16,11
04/05/2021 02:00:00 PM,32,21,11
04/05/2021 03:00:00 PM,49,34,15
04/05/2021 04:00:00 PM,37,26,11
04/05/2021 05:00:00 PM,87,51,36
04/05/2021 06:00:00 PM,35,20,15
04/05/2021 07:00:00 PM,23,17,6
04/05/2021 08:00:00 PM,16,5,11
04/05/2021 09:00:00 PM,6,4,2
04/05/2021 10:00:00 PM,7,2,5
04/05/2021 11:00:00 PM,2,0,2
04/06/2021 12:00:00 AM,1,0,1
04/06/2021 01:00:00 AM,1,0,1
04/06/2021 02:00:00 AM,1,1,0
04/06/2021 03:00:00 AM,0,0,0
04/06/2021 04:00:00 AM,0,0,0
04/06/2021 05:00:00 AM,8,2,6
04/06/2021 06:00:00 AM,22,6,16
04/06/2021 07:00:00 AM,24,11,13
04/06/2021 08:00:00 AM,29,14,15
04/06/2021 09:00:00 AM,13,6,7
04/06/2021 10:00:00 AM,15,6,9
04/06/2021 11:00:00 AM,17,10,7
04/06/2021 12:00:00 PM,16,12,4
04/06/2021 01:00:00 PM,34,22,12
04/06/2021 02:00:00 PM,31,14,17
04/06/2021 03:00:00 PM,42,31,11
04/06/2021 04:00:00 PM,61,42,19
04/06/2021 05:00:00 PM,72,45,27
04/06/2021 06:00:00 PM,52,34,18
04/06/2021 07:00:00 PM,19,4,15
04/06/2021 08:00:00 PM,11,5,6
04/06/2021 09:00:00 PM,7,4,3
04/06/2021 10:00:00 PM,6,1,5
04/06/2021 11:00:00 PM,6,1,5
04/07/2021 12:00:00 AM,2,1,1
04/07/2021 01:00:00 AM,3,1,2
04/07/2021 02:00:00 AM,1,0,1
04/07/2021 03:00:00 AM,2,1,1
04/07/2021 04:00:00 AM,1,0,1
04/07/2021 05:00:00 AM,10,2,8
04/07/2021 06:00:00 AM,24,6,18
04/07/2021 07:00:00 AM,22,8,14
04/07/2021 08:00:00 AM,31,15,16
04/07/2021 09:00:00 AM,13,7,6
04/07/2021 10:00:00 AM,8,6,2
04/07/2021 11:00:00 AM,12,7,5
04/07/2021 12:00:00 PM,24,17,7
04/07/2021 01:00:00 PM,20,12,8
04/07/2021 02:00:00 PM,20,11,9
04/07/2021 03:00:00 PM,34,23,11
04/07/2021 04:00:00 PM,37,20,17
04/07/2021 05:00:00 PM,49,24,25
04/07/2021 06:00:00 PM,32,15,17
04/07/2021 07:00:00 PM,15,11,4
04/07/2021 08:00:00 PM,11,4,7
04/07/2021 09:00:00 PM,4,3,1
04/07/2021 10:00:00 PM,2,0,2
04/07/2021 11:00:00 PM,3,2,1
04/08/2021 12:00:00 AM,1,1,0
04/08/2021 01:00:00 AM,0,0,0
04/08/2021 02:00:00 AM,1,0,1
04/08/2021 03:00:00 AM,3,2,1
04/08/2021 04:00:00 AM,1,0,1
04/08/2021 05:00:00 AM,6,2,4
04/08/2021 06:00:00 AM,13,6,7
04/08/2021 07:00:00 AM,29,8,21
04/08/2021 08:00:00 AM,25,11,14
04/08/2021 09:00:00 AM,24,11,13
04/08/2021 10:00:00 AM,13,6,7
04/08/2021 11:00:00 AM,22,10,12
04/08/2021 12:00:00 PM,22,12,10
04/08/2021 01:00:00 PM,33,17,16
04/08/2021 02:00:00 PM,26,17,9
04/08/2021 03:00:00 PM,37,19,18
04/08/2021 04:00:00 PM,56,32,24
04/08/2021 05:00:00 PM,52,34,18
04/08/2021 06:00:00 PM,50,25,25
04/08/2021 07:00:00 PM,18,9,9
04/08/2021 08:00:00 PM,16,9,7
04/08/2021 09:00:00 PM,11,5,6
04/08/2021 10:00:00 PM,20,7,13
04/08/2021 11:00:00 PM,2,0,2
04/09/2021 12:00:00 AM,2,2,0
04/09/2021 01:00:00 AM,1,0,1
04/09/2021 02:00:00 AM,1,1,0
04/09/2021 03:00:00 AM,0,0,0
04/09/2021 04:00:00 AM,2,1,1
04/09/2021 05:00:00 AM,7,2,5
04/09/2021 06:00:00 AM,14,5,9
04/09/2021 07:00:00 AM,28,7,21
04/09/2021 08:00:00 AM,26,14,12
04/09/2021 09:00:00 AM,14,2,12
04/09/2021 10:00:00 AM,17,9,8
04/09/2021 11:00:00 AM,21,8,13
04/09/2021 12:00:00 PM,18,10,8
04/09/2021 01:00:00 PM,22,10,12
04/09/2021 02:00:00 PM,26,18,8
04/09/2021 03:00:00 PM,36,29,7
04/09/2021 04:00:00 PM,26,15,11
04/09/2021 05:00:00 PM,37,24,13
04/09/2021 06:00:00 PM,26,14,12
04/09/2021 07:00:00 PM,12,4,8
04/09/2021 08:00:00 PM,7,2,5
04/09/2021 09:00:00 PM,7,3,4
04/09/2021 10:00:00 PM,7,3,4
04/09/2021 11:00:00 PM,3,2,1
04/10/2021 12:00:00 AM,6,2,4
04/10/2021 01:00:00 AM,0,0,0
04/10/2021 02:00:00 AM,0,0,0
04/10/2021 03:00:00 AM,0,0,0
04/10/2021 04:00:00 AM,0,0,0
04/10/2021 05:00:00 AM,0,0,0
04/10/2021 06:00:00 AM,3,1,2
04/10/2021 07:00:00 AM,5,2,3
04/10/2021 08:00:00 AM,7,2,5
04/10/2021 09:00:00 AM,15,8,7
04/10/2021 10:00:00 AM,30,22,8
04/10/2021 11:00:00 AM,15,12,3
04/10/2021 12:00:00 PM,31,17,14
04/10/2021 01:00:00 PM,38,22,16
04/10/2021 02:00:00 PM,65,36,29
04/10/2021 03:00:00 PM,46,17,29
04/10/2021 04:00:00 PM,48,28,20
04/10/2021 05:00:00 PM,28,15,13
04/10/2021 06:00:00 PM,29,11,18
04/10/2021 07:00:00 PM,15,9,6
04/10/2021 08:00:00 PM,10,4,6
04/10/2021 09:00:00 PM,11,8,3
04/10/2021 10:00:00 PM,9,3,6
04/10/2021 11:00:00 PM,8,5,3
04/11/2021 12:00:00 AM,6,4,2
04/11/2021 01:00:00 AM,4,0,4
04/11/2021 02:00:00 AM,1,0,1
04/11/2021 03:00:00 AM,1,0,1
04/11/2021 04:00:00 AM,1,0,1
04/11/2021 05:00:00 AM,2,1,1
04/11/2021 06:00:00 AM,3,3,0
04/11/2021 07:00:00 AM,3,1,2
04/11/2021 08:00:00 AM,8,4,4
04/11/2021 09:00:00 AM,23,15,8
04/11/2021 10:00:00 AM,29,9,20
04/11/2021 11:00:00 AM,39,32,7
04/11/2021 12:00:00 PM,33,17,16
04/11/2021 01:00:00 PM,33,18,15
04/11/2021 02:00:00 PM,47,24,23
04/11/2021 03:00:00 PM,30,18,12
04/11/2021 04:00:00 PM,41,21,20
04/11/2021 05:00:00 PM,30,14,16
04/11/2021 06:00:00 PM,16,3,13
04/11/2021 07:00:00 PM,14,7,7
04/11/2021 08:00:00 PM,4,1,3
04/11/2021 09:00:00 PM,6,3,3
04/11/2021 10:00:00 PM,3,2,1
04/11/2021 11:00:00 PM,3,2,1
04/12/2021 12:00:00 AM,3,2,1
04/12/2021 01:00:00 AM,0,0,0
04/12/2021 02:00:00 AM,2,2,0
04/12/2021 03:00:00 AM,0,0,0
04/12/2021 04:00:00 AM,1,0,1
04/12/2021 05:00:00 AM,7,0,7
04/12/2021 06:00:00 AM,18,7,11
04/12/2021 07:00:00 AM,27,10,17
04/12/2021 08:00:00 AM,31,7,24
04/12/2021 09:00:00 AM,23,11,12
04/12/2021 10:00:00 AM,12,6,6
04/12/2021 11:00:00 AM,21,8,13
04/12/2021 12:00:00 PM,17,9,8
04/12/2021 01:00:00 PM,27,14,13
04/12/2021 02:00:00 PM,25,13,12
04/12/2021 03:00:00 PM,52,37,15
04/12/2021 04:00:00 PM,39,26,13
04/12/2021 05:00:00 PM,46,26,20
04/12/2021 06:00:00 PM,27,13,14
04/12/2021 07:00:00 PM,19,11,8
04/12/2021 08:00:00 PM,16,3,13
04/12/2021 09:00:00 PM,16,8,8
04/12/2021 10:00:00 PM,8,5,3
04/12/2021 11:00:00 PM,5,2,3
04/13/2021 12:00:00 AM,4,3,1
04/13/2021 01:00:00 AM,0,0,0
04/13/2021 02:00:00 AM,1,0,1
04/13/2021 03:00:00 AM,1,0,1
04/13/2021 04:00:00 AM,1,0,1
04/13/2021 05:00:00 AM,9,3,6
04/13/2021 06:00:00 AM,19,4,15
04/13/2021 07:00:00 AM,33,11,22
04/13/2021 08:00:00 AM,33,12,21
04/13/2021 09:00:00 AM,24,14,10
04/13/2021 10:00:00 AM,21,11,10
04/13/2021 11:00:00 AM,23,15,8
04/13/2021 12:00:00 PM,29,17,12
04/13/2021 01:00:00 PM,21,9,12
04/13/2021 02:00:00 PM,25,14,11
04/13/2021 03:00:00 PM,43,26,17
04/13/2021 04:00:00 PM,45,28,17
04/13/2021 05:00:00 PM,53,35,18
04/13/2021 06:00:00 PM,36,23,13
04/13/2021 07:00:00 PM,28,12,16
04/13/2021 08:00:00 PM,9,4,5
04/13/2021 09:00:00 PM,15,7,8
04/13/2021 10:00:00 PM,6,2,4
04/13/2021 11:00:00 PM,1,1,0
04/14/2021 12:00:00 AM,8,6,2
04/14/2021 01:00:00 AM,1,0,1
04/14/2021 02:00:00 AM,0,0,0
04/14/2021 03:00:00 AM,2,2,0
04/14/2021 04:00:00 AM,0,0,0
04/14/2021 05:00:00 AM,12,3,9
04/14/2021 06:00:00 AM,11,5,6
04/14/2021 07:00:00 AM,45,15,30
04/14/2021 08:00:00 AM,38,14,24
04/14/2021 09:00:00 AM,30,10,20
04/14/2021 10:00:00 AM,12,8,4
04/14/2021 11:00:00 AM,18,8,10
04/14/2021 12:00:00 PM,23,12,11
04/14/2021 01:00:00 PM,29,16,13
04/14/2021 02:00:00 PM,29,13,16
04/14/2021 03:00:00 PM,53,42,11
04/14/2021 04:00:00 PM,55,36,19
04/14/2021 05:00:00 PM,62,37,25
04/14/2021 06:00:00 PM,46,26,20
04/14/2021 07:00:00 PM,24,13,11
04/14/2021 08:00:00 PM,17,5,12
04/14/2021 09:00:00 PM,12,5,7
04/14/2021 10:00:00 PM,6,0,6
04/14/2021 11:00:00 PM,5,2,3
04/15/2021 12:00:00 AM,4,3,1
04/15/2021 01:00:00 AM,1,0,1
04/15/2021 02:00:00 AM,1,1,0
04/15/2021 03:00:00 AM,0,0,0
04/15/2021 04:00:00 AM,0,0,0
04/15/2021 05:00:00 AM,15,3,12
04/15/2021 06:00:00 AM,14,7,7
04/15/2021 07:00:00 AM,43,15,28
04/15/2021 08:00:00 AM,42,18,24
04/15/2021 09:00:00 AM,25,7,18
04/15/2021 10:00:00 AM,13,8,5
04/15/2021 11:00:00 AM,22,13,9
04/15/2021 12:00:00 PM,27,18,9
04/15/2021 01:00:00 PM,28,12,16
04/15/2021 02:00:00 PM,40,29,11
04/15/2021 03:00:00 PM,50,33,17
04/15/2021 04:00:00 PM,56,36,20
04/15/2021 05:00:00 PM,74,43,31
04/15/2021 06:00:00 PM,45,21,24
04/15/2021 07:00:00 PM,31,15,16
04/15/2021 08:00:00 PM,14,5,9
04/15/2021 09:00:00 PM,18,10,8
04/15/2021 10:00:00 PM,18,6,12
04/15/2021 11:00:00 PM,5,2,3
04/16/2021 12:00:00 AM,5,2,3
04/16/2021 01:00:00 AM,0,0,0
04/16/2021 02:00:00 AM,0,0,0
04/16/2021 03:00:00 AM,1,1,0
04/16/2021 04:00:00 AM,0,0,0
04/16/2021 05:00:00 AM,14,4,10
04/16/2021 06:00:00 AM,13,5,8
04/16/2021 07:00:00 AM,23,9,14
04/16/2021 08:00:00 AM,32,13,19
04/16/2021 09:00:00 AM,24,14,10
04/16/2021 10:00:00 AM,28,15,13
04/16/2021 11:00:00 AM,32,16,16
04/16/2021 12:00:00 PM,29,18,11
04/16/2021 01:00:00 PM,34,23,11
04/16/2021 02:00:00 PM,50,21,29
04/16/2021 03:00:00 PM,59,38,21
04/16/2021 04:00:00 PM,55,39,16
04/16/2021 05:00:00 PM,81,49,32
04/16/2021 06:00:00 PM,54,32,22
04/16/2021 07:00:00 PM,31,21,10
04/16/2021 08:00:00 PM,23,3,20
04/16/2021 09:00:00 PM,28,7,21
04/16/2021 10:00:00 PM,33,9,24
04/16/2021 11:00:00 PM,12,4,8
04/17/2021 12:00:00 AM,17,8,9
04/17/2021 01:00:00 AM,7,6,1
04/17/2021 02:00:00 AM,0,0,0
04/17/2021 03:00:00 AM,0,0,0
04/17/2021 04:00:00 AM,1,0,1
04/17/2021 05:00:00 AM,0,0,0
04/17/2021 06:00:00 AM,2,2,0
04/17/2021 07:00:00 AM,13,7,6
04/17/2021 08:00:00 AM,13,7,6
04/17/2021 09:00:00 AM,25,10,15
04/17/2021 10:00:00 AM,33,20,13
04/17/2021 11:00:00 AM,47,30,17
04/17/2021 12:00:00 PM,47,31,16
04/17/2021 01:00:00 PM,50,29,21
04/17/2021 02:00:00 PM,87,51,36
04/17/2021 03:00:00 PM,58,41,17
04/17/2021 04:00:00 PM,78,46,32
04/17/2021 05:00:00 PM,42,22,20
04/17/2021 06:00:00 PM,50,21,29
04/17/2021 07:00:00 PM,32,17,15
04/17/2021 08:00:00 PM,22,8,14
04/17/2021 09:00:00 PM,34,8,26
04/17/2021 10:00:00 PM,10,4,6
04/17/2021 11:00:00 PM,14,11,3
04/18/2021 12:00:00 AM,10,7,3
04/18/2021 01:00:00 AM,3,3,0
04/18/2021 02:00:00 AM,3,2,1
04/18/2021 03:00:00 AM,4,2,2
04/18/2021 04:00:00 AM,0,0,0
04/18/2021 05:00:00 AM,1,0,1
04/18/2021 06:00:00 AM,1,1,0
04/18/2021 07:00:00 AM,7,4,3
04/18/2021 08:00:00 AM,10,2,8
04/18/2021 09:00:00 AM,23,8,15
04/18/2021 10:00:00 AM,33,21,12
04/18/2021 11:00:00 AM,44,23,21
04/18/2021 12:00:00 PM,46,29,17
04/18/2021 01:00:00 PM,41,17,24
04/18/2021 02:00:00 PM,47,24,23
04/18/2021 03:00:00 PM,58,27,31
04/18/2021 04:00:00 PM,45,24,21
04/18/2021 05:00:00 PM,34,16,18
04/18/2021 06:00:00 PM,25,13,12
04/18/2021 07:00:00 PM,28,20,8
04/18/2021 08:00:00 PM,14,6,8
04/18/2021 09:00:00 PM,25,13,12
04/18/2021 10:00:00 PM,3,2,1
04/18/2021 11:00:00 PM,5,4,1
04/19/2021 12:00:00 AM,3,2,1
04/19/2021 01:00:00 AM,0,0,0
04/19/2021 02:00:00 AM,2,1,1
04/19/2021 03:00:00 AM,0,0,0
04/19/2021 04:00:00 AM,3,2,1
04/19/2021 05:00:00 AM,13,4,9
04/19/2021 06:00:00 AM,11,3,8
04/19/2021 07:00:00 AM,45,13,32
04/19/2021 08:00:00 AM,28,11,17
04/19/2021 09:00:00 AM,25,10,15
04/19/2021 10:00:00 AM,16,12,4
04/19/2021 11:00:00 AM,20,14,6
04/19/2021 12:00:00 PM,28,9,19
04/19/2021 01:00:00 PM,25,14,11
04/19/2021 02:00:00 PM,36,22,14
04/19/2021 03:00:00 PM,45,23,22
04/19/2021 04:00:00 PM,58,43,15
04/19/2021 05:00:00 PM,82,51,31
04/19/2021 06:00:00 PM,49,38,11
04/19/2021 07:00:00 PM,21,12,9
04/19/2021 08:00:00 PM,21,13,8
04/19/2021 09:00:00 PM,17,6,11
04/19/2021 10:00:00 PM,15,2,13
04/19/2021 11:00:00 PM,14,2,12
04/20/2021 12:00:00 AM,0,0,0
04/20/2021 01:00:00 AM,2,1,1
04/20/2021 02:00:00 AM,1,0,1
04/20/2021 03:00:00 AM,0,0,0
04/20/2021 04:00:00 AM,0,0,0
04/20/2021 05:00:00 AM,16,4,12
04/20/2021 06:00:00 AM,11,3,8
04/20/2021 07:00:00 AM,35,10,25
04/20/2021 08:00:00 AM,30,11,19
04/20/2021 09:00:00 AM,30,13,17
04/20/2021 10:00:00 AM,17,13,4
04/20/2021 11:00:00 AM,26,15,11
04/20/2021 12:00:00 PM,40,31,9
04/20/2021 01:00:00 PM,22,13,9
04/20/2021 02:00:00 PM,35,16,19
04/20/2021 03:00:00 PM,41,26,15
04/20/2021 04:00:00 PM,69,29,40
04/20/2021 05:00:00 PM,54,28,26
04/20/2021 06:00:00 PM,65,45,20
04/20/2021 07:00:00 PM,28,15,13
04/20/2021 08:00:00 PM,18,7,11
04/20/2021 09:00:00 PM,12,6,6
04/20/2021 10:00:00 PM,2,1,1
04/20/2021 11:00:00 PM,8,3,5
04/21/2021 12:00:00 AM,0,0,0
04/21/2021 01:00:00 AM,1,0,1
04/21/2021 02:00:00 AM,1,1,0
04/21/2021 03:00:00 AM,0,0,0
04/21/2021 04:00:00 AM,0,0,0
04/21/2021 05:00:00 AM,13,3,10
04/21/2021 06:00:00 AM,25,5,20
04/21/2021 07:00:00 AM,38,16,22
04/21/2021 08:00:00 AM,36,13,23
04/21/2021 09:00:00 AM,29,12,17
04/21/2021 10:00:00 AM,14,11,3
04/21/2021 11:00:00 AM,21,8,13
04/21/2021 12:00:00 PM,25,15,10
04/21/2021 01:00:00 PM,42,24,18
04/21/2021 02:00:00 PM,47,28,19
04/21/2021 03:00:00 PM,49,30,19
04/21/2021 04:00:00 PM,50,28,22
04/21/2021 05:00:00 PM,81,47,34
04/21/2021 06:00:00 PM,44,28,16
04/21/2021 07:00:00 PM,21,8,13
04/21/2021 08:00:00 PM,28,19,9
04/21/2021 09:00:00 PM,46,18,28
04/21/2021 10:00:00 PM,14,9,5
04/21/2021 11:00:00 PM,5,1,4
04/22/2021 12:00:00 AM,4,4,0
04/22/2021 01:00:00 AM,1,0,1
04/22/2021 02:00:00 AM,1,0,1
04/22/2021 03:00:00 AM,2,1,1
04/22/2021 04:00:00 AM,1,0,1
04/22/2021 05:00:00 AM,11,1,10
04/22/2021 06:00:00 AM,20,8,12
04/22/2021 07:00:00 AM,37,15,22
04/22/2021 08:00:00 AM,28,10,18
04/22/2021 09:00:00 AM,32,12,20
04/22/2021 10:00:00 AM,20,14,6
04/22/2021 11:00:00 AM,16,11,5
04/22/2021 12:00:00 PM,28,19,9
04/22/2021 01:00:00 PM,27,15,12
04/22/2021 02:00:00 PM,24,19,5
04/22/2021 03:00:00 PM,44,31,13
04/22/2021 04:00:00 PM,53,37,16
04/22/2021 05:00:00 PM,59,35,24
04/22/2021 06:00:00 PM,44,27,17
04/22/2021 07:00:00 PM,23,14,9
04/22/2021 08:00:00 PM,11,5,6
04/22/2021 09:00:00 PM,16,5,11
04/22/2021 10:00:00 PM,10,5,5
04/22/2021 11:00:00 PM,3,1,2
04/23/2021 12:00:00 AM,3,2,1
04/23/2021 01:00:00 AM,1,0,1
04/23/2021 02:00:00 AM,1,0,1
04/23/2021 03:00:00 AM,1,1,0
04/23/2021 04:00:00 AM,0,0,0
04/23/2021 05:00:00 AM,10,1,9
04/23/2021 06:00:00 AM,26,10,16
04/23/2021 07:00:00 AM,27,12,15
04/23/2021 08:00:00 AM,21,10,11
04/23/2021 09:00:00 AM,18,7,11
04/23/2021 10:00:00 AM,16,7,9
04/23/2021 11:00:00 AM,16,4,12
04/23/2021 12:00:00 PM,21,12,9
04/23/2021 01:00:00 PM,27,15,12
04/23/2021 02:00:00 PM,35,20,15
04/23/2021 03:00:00 PM,48,30,18
04/23/2021 04:00:00 PM,46,34,12
04/23/2021 05:00:00 PM,54,37,17
04/23/2021 06:00:00 PM,38,20,18
04/23/2021 07:00:00 PM,26,10,16
04/23/2021 08:00:00 PM,17,7,10
04/23/2021 09:00:00 PM,14,9,5
04/23/2021 10:00:00 PM,11,5,6
04/23/2021 11:00:00 PM,9,6,3
04/24/2021 12:00:00 AM,2,1,1
04/24/2021 01:00:00 AM,1,0,1
04/24/2021 02:00:00 AM,0,0,0
04/24/2021 03:00:00 AM,0,0,0
04/24/2021 04:00:00 AM,0,0,0
04/24/2021 05:00:00 AM,2,0,2
04/24/2021 06:00:00 AM,2,2,0
04/24/2021 07:00:00 AM,5,1,4
04/24/2021 08:00:00 AM,4,3,1
04/24/2021 09:00:00 AM,13,3,10
04/24/2021 10:00:00 AM,10,9,1
04/24/2021 11:00:00 AM,18,13,5
04/24/2021 12:00:00 PM,11,5,6
04/24/2021 01:00:00 PM,15,9,6
04/24/2021 02:00:00 PM,23,10,13
04/24/2021 03:00:00 PM,27,16,11
04/24/2021 04:00:00 PM,27,12,15
04/24/2021 05:00:00 PM,22,17,5
04/24/2021 06:00:00 PM,12,8,4
04/24/2021 07:00:00 PM,9,5,4
04/24/2021 08:00:00 PM,9,6,3
04/24/2021 09:00:00 PM,5,2,3
04/24/2021 10:00:00 PM,9,5,4
04/24/2021 11:00:00 PM,4,2,2
04/25/2021 12:00:00 AM,6,2,4
04/25/2021 01:00:00 AM,1,1,0
04/25/2021 02:00:00 AM,0,0,0
04/25/2021 03:00:00 AM,0,0,0
04/25/2021 04:00:00 AM,0,0,0
04/25/2021 05:00:00 AM,0,0,0
04/25/2021 06:00:00 AM,3,3,0
04/25/2021 07:00:00 AM,4,1,3
04/25/2021 08:00:00 AM,9,2,7
04/25/2021 09:00:00 AM,6,3,3
04/25/2021 10:00:00 AM,9,7,2
04/25/2021 11:00:00 AM,16,7,9
04/25/2021 12:00:00 PM,24,13,11
04/25/2021 01:00:00 PM,24,14,10
04/25/2021 02:00:00 PM,31,21,10
04/25/2021 03:00:00 PM,24,18,6
04/25/2021 04:00:00 PM,20,9,11
04/25/2021 05:00:00 PM,25,14,11
04/25/2021 06:00:00 PM,11,6,5
04/25/2021 07:00:00 PM,11,3,8
04/25/2021 08:00:00 PM,10,4,6
04/25/2021 09:00:00 PM,5,3,2
04/25/2021 10:00:00 PM,9,6,3
04/25/2021 11:00:00 PM,1,1,0
04/26/2021 12:00:00 AM,3,3,0
04/26/2021 01:00:00 AM,0,0,0
04/26/2021 02:00:00 AM,0,0,0
04/26/2021 03:00:00 AM,2,0,2
04/26/2021 04:00:00 AM,1,1,0
04/26/2021 05:00:00 AM,10,3,7
04/26/2021 06:00:00 AM,14,3,11
04/26/2021 07:00:00 AM,30,11,19
04/26/2021 08:00:00 AM,26,8,18
04/26/2021 09:00:00 AM,20,6,14
04/26/2021 10:00:00 AM,12,9,3
04/26/2021 11:00:00 AM,21,13,8
04/26/2021 12:00:00 PM,24,13,11
04/26/2021 01:00:00 PM,15,9,6
04/26/2021 02:00:00 PM,28,14,14
04/26/2021 03:00:00 PM,39,28,11
04/26/2021 04:00:00 PM,49,38,11
04/26/2021 05:00:00 PM,70,42,28
04/26/2021 06:00:00 PM,27,18,9
04/26/2021 07:00:00 PM,31,15,16
04/26/2021 08:00:00 PM,17,4,13
04/26/2021 09:00:00 PM,10,3,7
04/26/2021 10:00:00 PM,7,3,4
04/26/2021 11:00:00 PM,2,1,1
04/27/2021 12:00:00 AM,1,0,1
04/27/2021 01:00:00 AM,1,0,1
04/27/2021 02:00:00 AM,2,2,0
04/27/2021 03:00:00 AM,0,0,0
04/27/2021 04:00:00 AM,0,0,0
04/27/2021 05:00:00 AM,16,3,13
04/27/2021 06:00:00 AM,18,5,13
04/27/2021 07:00:00 AM,37,12,25
04/27/2021 08:00:00 AM,32,11,21
04/27/2021 09:00:00 AM,27,11,16
04/27/2021 10:00:00 AM,16,8,8
04/27/2021 11:00:00 AM,24,16,8
04/27/2021 12:00:00 PM,23,10,13
04/27/2021 01:00:00 PM,20,12,8
04/27/2021 02:00:00 PM,24,15,9
04/27/2021 03:00:00 PM,43,27,16
04/27/2021 04:00:00 PM,60,37,23
04/27/2021 05:00:00 PM,78,46,32
04/27/2021 06:00:00 PM,39,24,15
04/27/2021 07:00:00 PM,21,7,14
04/27/2021 08:00:00 PM,8,4,4
04/27/2021 09:00:00 PM,9,6,3
04/27/2021 10:00:00 PM,7,0,7
04/27/2021 11:00:00 PM,4,0,4
04/28/2021 12:00:00 AM,0,0,0
04/28/2021 01:00:00 AM,1,0,1
04/28/2021 02:00:00 AM,2,1,1
04/28/2021 03:00:00 AM,1,1,0
04/28/2021 04:00:00 AM,4,2,2
04/28/2021 05:00:00 AM,14,3,11
04/28/2021 06:00:00 AM,21,10,11
04/28/2021 07:00:00 AM,46,16,30
04/28/2021 08:00:00 AM,34,12,22
04/28/2021 09:00:00 AM,26,10,16
04/28/2021 10:00:00 AM,25,16,9
04/28/2021 11:00:00 AM,35,15,20
04/28/2021 12:00:00 PM,36,15,21
04/28/2021 01:00:00 PM,42,24,18
04/28/2021 02:00:00 PM,43,26,17
04/28/2021 03:00:00 PM,60,36,24
04/28/2021 04:00:00 PM,59,36,23
04/28/2021 05:00:00 PM,75,48,27
04/28/2021 06:00:00 PM,50,27,23
04/28/2021 07:00:00 PM,15,7,8
04/28/2021 08:00:00 PM,17,10,7
04/28/2021 09:00:00 PM,15,8,7
04/28/2021 10:00:00 PM,4,1,3
04/28/2021 11:00:00 PM,9,4,5
04/29/2021 12:00:00 AM,8,6,2
04/29/2021 01:00:00 AM,1,1,0
04/29/2021 02:00:00 AM,1,1,0
04/29/2021 03:00:00 AM,6,2,4
04/29/2021 04:00:00 AM,0,0,0
04/29/2021 05:00:00 AM,9,0,9
04/29/2021 06:00:00 AM,18,6,12
04/29/2021 07:00:00 AM,37,13,24
04/29/2021 08:00:00 AM,27,10,17
04/29/2021 09:00:00 AM,24,11,13
04/29/2021 10:00:00 AM,19,12,7
04/29/2021 11:00:00 AM,15,6,9
04/29/2021 12:00:00 PM,22,13,9
04/29/2021 01:00:00 PM,32,21,11
04/29/2021 02:00:00 PM,46,28,18
04/29/2021 03:00:00 PM,42,32,10
04/29/2021 04:00:00 PM,67,50,17
04/29/2021 05:00:00 PM,51,28,23
04/29/2021 06:00:00 PM,41,21,20
04/29/2021 07:00:00 PM,21,8,13
04/29/2021 08:00:00 PM,22,9,13
04/29/2021 09:00:00 PM,7,4,3
04/29/2021 10:00:00 PM,10,4,6
04/29/2021 11:00:00 PM,8,2,6
04/30/2021 12:00:00 AM,1,1,0
04/30/2021 01:00:00 AM,0,0,0
04/30/2021 02:00:00 AM,2,1,1
04/30/2021 03:00:00 AM,0,0,0
04/30/2021 04:00:00 AM,0,0,0
04/30/2021 05:00:00 AM,13,2,11
04/30/2021 06:00:00 AM,11,4,7
04/30/2021 07:00:00 AM,26,7,19
04/30/2021 08:00:00 AM,19,7,12
04/30/2021 09:00:00 AM,15,6,9
04/30/2021 10:00:00 AM,7,3,4
04/30/2021 11:00:00 AM,15,7,8
04/30/2021 12:00:00 PM,22,9,13
04/30/2021 01:00:00 PM,32,22,10
04/30/2021 02:00:00 PM,35,22,13
04/30/2021 03:00:00 PM,40,27,13
04/30/2021 04:00:00 PM,44,25,19
04/30/2021 05:00:00 PM,48,29,19
04/30/2021 06:00:00 PM,52,24,28
04/30/2021 07:00:00 PM,24,12,12
04/30/2021 08:00:00 PM,28,12,16
04/30/2021 09:00:00 PM,19,9,10
04/30/2021 10:00:00 PM,10,3,7
04/30/2021 11:00:00 PM,15,6,9
05/01/2021 12:00:00 AM,8,6,2
05/01/2021 01:00:00 AM,1,1,0
05/01/2021 02:00:00 AM,2,2,0
05/01/2021 03:00:00 AM,0,0,0
05/01/2021 04:00:00 AM,0,0,0
05/01/2021 05:00:00 AM,1,0,1
05/01/2021 06:00:00 AM,2,2,0
05/01/2021 07:00:00 AM,3,2,1
05/01/2021 08:00:00 AM,10,2,8
05/01/2021 09:00:00 AM,16,10,6
05/01/2021 10:00:00 AM,27,12,15
05/01/2021 11:00:00 AM,21,16,5
05/01/2021 12:00:00 PM,40,22,18
05/01/2021 01:00:00 PM,44,26,18
05/01/2021 02:00:00 PM,44,21,23
05/01/2021 03:00:00 PM,42,27,15
05/01/2021 04:00:00 PM,37,22,15
05/01/2021 05:00:00 PM,36,24,12
05/01/2021 06:00:00 PM,35,22,13
05/01/2021 07:00:00 PM,27,13,14
05/01/2021 08:00:00 PM,27,15,12
05/01/2021 09:00:00 PM,33,10,23
05/01/2021 10:00:00 PM,14,8,6
05/01/2021 11:00:00 PM,11,7,4
05/02/2021 12:00:00 AM,19,11,8
05/02/2021 01:00:00 AM,5,3,2
05/02/2021 02:00:00 AM,2,2,0
05/02/2021 03:00:00 AM,2,1,1
05/02/2021 04:00:00 AM,3,1,2
05/02/2021 05:00:00 AM,1,0,1
05/02/2021 06:00:00 AM,4,3,1
05/02/2021 07:00:00 AM,3,2,1
05/02/2021 08:00:00 AM,13,8,5
05/02/2021 09:00:00 AM,24,12,12
05/02/2021 10:00:00 AM,33,20,13
05/02/2021 11:00:00 AM,31,22,9
05/02/2021 12:00:00 PM,68,58,10
05/02/2021 01:00:00 PM,44,31,13
05/02/2021 02:00:00 PM,47,23,24
05/02/2021 03:00:00 PM,40,19,21
05/02/2021 04:00:00 PM,53,26,27
05/02/2021 05:00:00 PM,40,19,21
05/02/2021 06:00:00 PM,38,15,23
05/02/2021 07:00:00 PM,25,8,17
05/02/2021 08:00:00 PM,25,8,17
05/02/2021 09:00:00 PM,13,3,10
05/02/2021 10:00:00 PM,8,4,4
05/02/2021 11:00:00 PM,6,3,3
05/03/2021 12:00:00 AM,2,1,1
05/03/2021 01:00:00 AM,3,1,2
05/03/2021 02:00:00 AM,0,0,0
05/03/2021 03:00:00 AM,4,0,4
05/03/2021 04:00:00 AM,0,0,0
05/03/2021 05:00:00 AM,10,3,7
05/03/2021 06:00:00 AM,23,7,16
05/03/2021 07:00:00 AM,34,11,23
05/03/2021 08:00:00 AM,29,13,16
05/03/2021 09:00:00 AM,26,9,17
05/03/2021 10:00:00 AM,16,8,8
05/03/2021 11:00:00 AM,15,8,7
05/03/2021 12:00:00 PM,19,8,11
05/03/2021 01:00:00 PM,24,7,17
05/03/2021 02:00:00 PM,25,11,14
05/03/2021 03:00:00 PM,25,17,8
05/03/2021 04:00:00 PM,22,17,5
05/03/2021 05:00:00 PM,44,27,17
05/03/2021 06:00:00 PM,22,11,11
05/03/2021 07:00:00 PM,10,2,8
05/03/2021 08:00:00 PM,9,5,4
05/03/2021 09:00:00 PM,7,2,5
05/03/2021 10:00:00 PM,4,1,3
05/03/2021 11:00:00 PM,5,1,4
05/04/2021 12:00:00 AM,1,1,0
05/04/2021 01:00:00 AM,3,1,2
05/04/2021 02:00:00 AM,0,0,0
05/04/2021 03:00:00 AM,1,1,0
05/04/2021 04:00:00 AM,0,0,0
05/04/2021 05:00:00 AM,10,2,8
05/04/2021 06:00:00 AM,22,6,16
05/04/2021 07:00:00 AM,39,13,26
05/04/2021 08:00:00 AM,35,13,22
05/04/2021 09:00:00 AM,23,6,17
05/04/2021 10:00:00 AM,17,10,7
05/04/2021 11:00:00 AM,21,8,13
05/04/2021 12:00:00 PM,20,11,9
05/04/2021 01:00:00 PM,40,18,22
05/04/2021 02:00:00 PM,30,13,17
05/04/2021 03:00:00 PM,54,36,18
05/04/2021 04:00:00 PM,53,38,15
05/04/2021 05:00:00 PM,71,45,26
05/04/2021 06:00:00 PM,47,36,11
05/04/2021 07:00:00 PM,29,17,12
05/04/2021 08:00:00 PM,10,3,7
05/04/2021 09:00:00 PM,11,5,6
05/04/2021 10:00:00 PM,15,4,11
05/04/2021 11:00:00 PM,4,0,4
05/05/2021 12:00:00 AM,3,3,0
05/05/2021 01:00:00 AM,1,1,0
05/05/2021 02:00:00 AM,1,0,1
05/05/2021 03:00:00 AM,0,0,0
05/05/2021 04:00:00 AM,1,0,1
05/05/2021 05:00:00 AM,14,3,11
05/05/2021 06:00:00 AM,27,5,22
05/05/2021 07:00:00 AM,43,15,28
05/05/2021 08:00:00 AM,44,13,31
05/05/2021 09:00:00 AM,21,10,11
05/05/2021 10:00:00 AM,17,11,6
05/05/2021 11:00:00 AM,35,22,13
05/05/2021 12:00:00 PM,57,40,17
05/05/2021 01:00:00 PM,29,12,17
05/05/2021 02:00:00 PM,31,19,12
05/05/2021 03:00:00 PM,60,36,24
05/05/2021 04:00:00 PM,55,37,18
05/05/2021 05:00:00 PM,71,48,23
05/05/2021 06:00:00 PM,44,28,16
05/05/2021 07:00:00 PM,33,14,19
05/05/2021 08:00:00 PM,11,4,7
05/05/2021 09:00:00 PM,13,8,5
05/05/2021 10:00:00 PM,11,7,4
05/05/2021 11:00:00 PM,3,0,3
05/06/2021 12:00:00 AM,1,1,0
05/06/2021 01:00:00 AM,3,1,2
05/06/2021 02:00:00 AM,0,0,0
05/06/2021 03:00:00 AM,1,1,0
05/06/2021 04:00:00 AM,0,0,0
05/06/2021 05:00:00 AM,10,2,8
05/06/2021 06:00:00 AM,25,8,17
05/06/2021 07:00:00 AM,38,9,29
05/06/2021 08:00:00 AM,27,15,12
05/06/2021 09:00:00 AM,29,13,16
05/06/2021 10:00:00 AM,19,8,11
05/06/2021 11:00:00 AM,25,17,8
05/06/2021 12:00:00 PM,34,21,13
05/06/2021 01:00:00 PM,41,19,22
05/06/2021 02:00:00 PM,32,19,13
05/06/2021 03:00:00 PM,37,23,14
05/06/2021 04:00:00 PM,45,24,21
05/06/2021 05:00:00 PM,63,41,22
05/06/2021 06:00:00 PM,32,19,13
05/06/2021 07:00:00 PM,22,13,9
05/06/2021 08:00:00 PM,13,7,6
05/06/2021 09:00:00 PM,14,7,7
05/06/2021 10:00:00 PM,9,5,4
05/06/2021 11:00:00 PM,8,1,7
05/07/2021 12:00:00 AM,3,2,1
05/07/2021 01:00:00 AM,0,0,0
05/07/2021 02:00:00 AM,0,0,0
05/07/2021 03:00:00 AM,1,0,1
05/07/2021 04:00:00 AM,0,0,0
05/07/2021 05:00:00 AM,8,1,7
05/07/2021 06:00:00 AM,15,3,12
05/07/2021 07:00:00 AM,20,7,13
05/07/2021 08:00:00 AM,22,6,16
05/07/2021 09:00:00 AM,20,10,10
05/07/2021 10:00:00 AM,13,6,7
05/07/2021 11:00:00 AM,18,9,9
05/07/2021 12:00:00 PM,13,9,4
05/07/2021 01:00:00 PM,23,13,10
05/07/2021 02:00:00 PM,20,15,5
05/07/2021 03:00:00 PM,34,22,12
05/07/2021 04:00:00 PM,40,24,16
05/07/2021 05:00:00 PM,50,30,20
05/07/2021 06:00:00 PM,40,26,14
05/07/2021 07:00:00 PM,23,14,9
05/07/2021 08:00:00 PM,12,6,6
05/07/2021 09:00:00 PM,10,3,7
05/07/2021 10:00:00 PM,12,5,7
05/07/2021 11:00:00 PM,4,2,2
05/08/2021 12:00:00 AM,11,4,7
05/08/2021 01:00:00 AM,4,3,1
05/08/2021 02:00:00 AM,1,1,0
05/08/2021 03:00:00 AM,2,0,2
05/08/2021 04:00:00 AM,1,1,0
05/08/2021 05:00:00 AM,1,0,1
05/08/2021 06:00:00 AM,2,2,0
05/08/2021 07:00:00 AM,7,4,3
05/08/2021 08:00:00 AM,8,6,2
05/08/2021 09:00:00 AM,11,2,9
05/08/2021 10:00:00 AM,10,6,4
05/08/2021 11:00:00 AM,21,13,8
05/08/2021 12:00:00 PM,40,25,15
05/08/2021 01:00:00 PM,27,14,13
05/08/2021 02:00:00 PM,39,23,16
05/08/2021 03:00:00 PM,40,23,17
05/08/2021 04:00:00 PM,42,19,23
05/08/2021 05:00:00 PM,29,15,14
05/08/2021 06:00:00 PM,25,12,13
05/08/2021 07:00:00 PM,15,7,8
05/08/2021 08:00:00 PM,23,17,6
05/08/2021 09:00:00 PM,21,7,14
05/08/2021 10:00:00 PM,21,6,15
05/08/2021 11:00:00 PM,5,3,2
05/09/2021 12:00:00 AM,12,3,9
05/09/2021 01:00:00 AM,0,0,0
05/09/2021 02:00:00 AM,1,0,1
05/09/2021 03:00:00 AM,0,0,0
05/09/2021 04:00:00 AM,0,0,0
05/09/2021 05:00:00 AM,1,0,1
05/09/2021 06:00:00 AM,1,1,0
05/09/2021 07:00:00 AM,5,3,2
05/09/2021 08:00:00 AM,13,10,3
05/09/2021 09:00:00 AM,11,6,5
05/09/2021 10:00:00 AM,18,4,14
05/09/2021 11:00:00 AM,23,19,4
05/09/2021 12:00:00 PM,34,22,12
05/09/2021 01:00:00 PM,34,19,15
05/09/2021 02:00:00 PM,33,22,11
05/09/2021 03:00:00 PM,32,9,23
05/09/2021 04:00:00 PM,31,19,12
05/09/2021 05:00:00 PM,23,13,10
05/09/2021 06:00:00 PM,27,13,14
05/09/2021 07:00:00 PM,21,10,11
05/09/2021 08:00:00 PM,22,5,17
05/09/2021 09:00:00 PM,8,4,4
05/09/2021 10:00:00 PM,5,2,3
05/09/2021 11:00:00 PM,6,2,4
05/10/2021 12:00:00 AM,6,3,3
05/10/2021 01:00:00 AM,0,0,0
05/10/2021 02:00:00 AM,0,0,0
05/10/2021 03:00:00 AM,0,0,0
05/10/2021 04:00:00 AM,0,0,0
05/10/2021 05:00:00 AM,16,4,12
05/10/2021 06:00:00 AM,19,10,9
05/10/2021 07:00:00 AM,18,4,14
05/10/2021 08:00:00 AM,27,12,15
05/10/2021 09:00:00 AM,28,18,10
05/10/2021 10:00:00 AM,14,6,8
05/10/2021 11:00:00 AM,15,8,7
05/10/2021 12:00:00 PM,29,14,15
05/10/2021 01:00:00 PM,25,10,15
05/10/2021 02:00:00 PM,23,14,9
05/10/2021 03:00:00 PM,45,31,14
05/10/2021 04:00:00 PM,43,27,16
05/10/2021 05:00:00 PM,73,42,31
05/10/2021 06:00:00 PM,45,24,21
05/10/2021 07:00:00 PM,12,6,6
05/10/2021 08:00:00 PM,15,11,4
05/10/2021 09:00:00 PM,7,4,3
05/10/2021 10:00:00 PM,3,1,2
05/10/2021 11:00:00 PM,3,0,3
05/11/2021 12:00:00 AM,1,0,1
05/11/2021 01:00:00 AM,1,0,1
05/11/2021 02:00:00 AM,0,0,0
05/11/2021 03:00:00 AM,0,0,0
05/11/2021 04:00:00 AM,1,0,1
05/11/2021 05:00:00 AM,15,2,13
05/11/2021 06:00:00 AM,24,5,19
05/11/2021 07:00:00 AM,47,14,33
05/11/2021 08:00:00 AM,32,14,18
05/11/2021 09:00:00 AM,26,11,15
05/11/2021 10:00:00 AM,30,18,12
05/11/2021 11:00:00 AM,19,11,8
05/11/2021 12:00:00 PM,29,21,8
05/11/2021 01:00:00 PM,22,18,4
05/11/2021 02:00:00 PM,35,22,13
05/11/2021 03:00:00 PM,37,23,14
05/11/2021 04:00:00 PM,62,44,18
05/11/2021 05:00:00 PM,75,54,21
05/11/2021 06:00:00 PM,42,23,19
05/11/2021 07:00:00 PM,15,9,6
05/11/2021 08:00:00 PM,17,7,10
05/11/2021 09:00:00 PM,17,4,13
05/11/2021 10:00:00 PM,5,1,4
05/11/2021 11:00:00 PM,2,1,1
05/12/2021 12:00:00 AM,2,1,1
05/12/2021 01:00:00 AM,1,1,0
05/12/2021 02:00:00 AM,0,0,0
05/12/2021 03:00:00 AM,0,0,0
05/12/2021 04:00:00 AM,2,2,0
05/12/2021 05:00:00 AM,7,1,6
05/12/2021 06:00:00 AM,22,9,13
05/12/2021 07:00:00 AM,44,13,31
05/12/2021 08:00:00 AM,41,19,22
05/12/2021 09:00:00 AM,26,8,18
05/12/2021 10:00:00 AM,28,14,14
05/12/2021 11:00:00 AM,31,18,13
05/12/2021 12:00:00 PM,26,14,12
05/12/2021 01:00:00 PM,36,18,18
05/12/2021 02:00:00 PM,34,18,16
05/12/2021 03:00:00 PM,49,37,12
05/12/2021 04:00:00 PM,53,40,13
05/12/2021 05:00:00 PM,82,52,30
05/12/2021 06:00:00 PM,49,28,21
05/12/2021 07:00:00 PM,25,10,15
05/12/2021 08:00:00 PM,18,6,12
05/12/2021 09:00:00 PM,13,6,7
05/12/2021 10:00:00 PM,9,5,4
05/12/2021 11:00:00 PM,7,4,3
05/13/2021 12:00:00 AM,4,3,1
05/13/2021 01:00:00 AM,1,1,0
05/13/2021 02:00:00 AM,1,1,0
05/13/2021 03:00:00 AM,0,0,0
05/13/2021 04:00:00 AM,3,1,2
05/13/2021 05:00:00 AM,13,1,12
05/13/2021 06:00:00 AM,23,7,16
05/13/2021 07:00:00 AM,34,12,22
05/13/2021 08:00:00 AM,35,13,22
05/13/2021 09:00:00 AM,22,8,14
05/13/2021 10:00:00 AM,17,13,4
05/13/2021 11:00:00 AM,31,13,18
05/13/2021 12:00:00 PM,35,18,17
05/13/2021 01:00:00 PM,49,28,21
05/13/2021 02:00:00 PM,33,22,11
05/13/2021 03:00:00 PM,47,35,12
05/13/2021 04:00:00 PM,59,37,22
05/13/2021 05:00:00 PM,80,62,18
05/13/2021 06:00:00 PM,76,53,23
05/13/2021 07:00:00 PM,38,17,21
05/13/2021 08:00:00 PM,24,6,18
05/13/2021 09:00:00 PM,21,5,16
05/13/2021 10:00:00 PM,25,6,19
05/13/2021 11:00:00 PM,4,2,2
05/14/2021 12:00:00 AM,2,1,1
05/14/2021 01:00:00 AM,2,2,0
05/14/2021 02:00:00 AM,1,1,0
05/14/2021 03:00:00 AM,4,4,0
05/14/2021 04:00:00 AM,2,1,1
05/14/2021 05:00:00 AM,9,0,9
05/14/2021 06:00:00 AM,21,9,12
05/14/2021 07:00:00 AM,45,18,27
05/14/2021 08:00:00 AM,45,25,20
05/14/2021 09:00:00 AM,24,14,10
05/14/2021 10:00:00 AM,20,9,11
05/14/2021 11:00:00 AM,29,14,15
05/14/2021 12:00:00 PM,33,20,13
05/14/2021 01:00:00 PM,42,24,18
05/14/2021 02:00:00 PM,40,24,16
05/14/2021 03:00:00 PM,71,44,27
05/14/2021 04:00:00 PM,69,37,32
05/14/2021 05:00:00 PM,67,52,15
05/14/2021 06:00:00 PM,61,37,24
05/14/2021 07:00:00 PM,37,23,14
05/14/2021 08:00:00 PM,35,15,20
05/14/2021 09:00:00 PM,26,12,14
05/14/2021 10:00:00 PM,36,13,23
05/14/2021 11:00:00 PM,16,7,9
05/15/2021 12:00:00 AM,12,7,5
05/15/2021 01:00:00 AM,5,2,3
05/15/2021 02:00:00 AM,1,0,1
05/15/2021 03:00:00 AM,1,0,1
05/15/2021 04:00:00 AM,1,1,0
05/15/2021 05:00:00 AM,4,1,3
05/15/2021 06:00:00 AM,5,3,2
05/15/2021 07:00:00 AM,6,3,3
05/15/2021 08:00:00 AM,9,7,2
05/15/2021 09:00:00 AM,14,10,4
05/15/2021 10:00:00 AM,31,19,12
05/15/2021 11:00:00 AM,48,29,19
05/15/2021 12:00:00 PM,53,27,26
05/15/2021 01:00:00 PM,69,34,35
05/15/2021 02:00:00 PM,71,44,27
05/15/2021 03:00:00 PM,81,39,42
05/15/2021 04:00:00 PM,45,18,27
05/15/2021 05:00:00 PM,58,37,21
05/15/2021 06:00:00 PM,56,32,24
05/15/2021 07:00:00 PM,24,8,16
05/15/2021 08:00:00 PM,44,18,26
05/15/2021 09:00:00 PM,40,14,26
05/15/2021 10:00:00 PM,16,4,12
05/15/2021 11:00:00 PM,15,8,7
05/16/2021 12:00:00 AM,6,3,3
05/16/2021 01:00:00 AM,5,2,3
05/16/2021 02:00:00 AM,0,0,0
05/16/2021 03:00:00 AM,0,0,0
05/16/2021 04:00:00 AM,1,0,1
05/16/2021 05:00:00 AM,0,0,0
05/16/2021 06:00:00 AM,3,2,1
05/16/2021 07:00:00 AM,6,4,2
05/16/2021 08:00:00 AM,10,8,2
05/16/2021 09:00:00 AM,15,8,7
05/16/2021 10:00:00 AM,31,14,17
05/16/2021 11:00:00 AM,25,16,9
05/16/2021 12:00:00 PM,52,32,20
05/16/2021 01:00:00 PM,50,26,24
05/16/2021 02:00:00 PM,29,14,15
05/16/2021 03:00:00 PM,35,28,7
05/16/2021 04:00:00 PM,37,21,16
05/16/2021 05:00:00 PM,60,32,28
05/16/2021 06:00:00 PM,42,24,18
05/16/2021 07:00:00 PM,30,13,17
05/16/2021 08:00:00 PM,29,11,18
05/16/2021 09:00:00 PM,19,13,6
05/16/2021 10:00:00 PM,12,7,5
05/16/2021 11:00:00 PM,5,4,1
05/17/2021 12:00:00 AM,5,3,2
05/17/2021 01:00:00 AM,0,0,0
05/17/2021 02:00:00 AM,1,0,1
05/17/2021 03:00:00 AM,0,0,0
05/17/2021 04:00:00 AM,0,0,0
05/17/2021 05:00:00 AM,9,2,7
05/17/2021 06:00:00 AM,9,1,8
05/17/2021 07:00:00 AM,43,14,29
05/17/2021 08:00:00 AM,31,8,23
05/17/2021 09:00:00 AM,34,15,19
05/17/2021 10:00:00 AM,20,8,12
05/17/2021 11:00:00 AM,31,20,11
05/17/2021 12:00:00 PM,17,8,9
05/17/2021 01:00:00 PM,28,11,17
05/17/2021 02:00:00 PM,27,20,7
05/17/2021 03:00:00 PM,35,22,13
05/17/2021 04:00:00 PM,43,28,15
05/17/2021 05:00:00 PM,64,40,24
05/17/2021 06:00:00 PM,30,22,8
05/17/2021 07:00:00 PM,8,5,3
05/17/2021 08:00:00 PM,9,3,6
05/17/2021 09:00:00 PM,5,3,2
05/17/2021 10:00:00 PM,10,3,7
05/17/2021 11:00:00 PM,1,0,1
05/18/2021 12:00:00 AM,0,0,0
05/18/2021 01:00:00 AM,2,0,2
05/18/2021 02:00:00 AM,2,1,1
05/18/2021 03:00:00 AM,0,0,0
05/18/2021 04:00:00 AM,0,0,0
05/18/2021 05:00:00 AM,8,2,6
05/18/2021 06:00:00 AM,13,5,8
05/18/2021 07:00:00 AM,25,8,17
05/18/2021 08:00:00 AM,30,12,18
05/18/2021 09:00:00 AM,25,13,12
05/18/2021 10:00:00 AM,19,7,12
05/18/2021 11:00:00 AM,18,13,5
05/18/2021 12:00:00 PM,29,13,16
05/18/2021 01:00:00 PM,37,17,20
05/18/2021 02:00:00 PM,24,14,10
05/18/2021 03:00:00 PM,31,22,9
05/18/2021 04:00:00 PM,33,19,14
05/18/2021 05:00:00 PM,48,26,22
05/18/2021 06:00:00 PM,38,26,12
05/18/2021 07:00:00 PM,18,14,4
05/18/2021 08:00:00 PM,9,4,5
05/18/2021 09:00:00 PM,12,8,4
05/18/2021 10:00:00 PM,7,0,7
05/18/2021 11:00:00 PM,1,0,1
05/19/2021 12:00:00 AM,2,0,2
05/19/2021 01:00:00 AM,0,0,0
05/19/2021 02:00:00 AM,0,0,0
05/19/2021 03:00:00 AM,0,0,0
05/19/2021 04:00:00 AM,3,2,1
05/19/2021 05:00:00 AM,13,2,11
05/19/2021 06:00:00 AM,16,5,11
05/19/2021 07:00:00 AM,27,8,19
05/19/2021 08:00:00 AM,36,15,21
05/19/2021 09:00:00 AM,20,5,15
05/19/2021 10:00:00 AM,19,11,8
05/19/2021 11:00:00 AM,30,16,14
05/19/2021 12:00:00 PM,23,12,11
05/19/2021 01:00:00 PM,22,15,7
05/19/2021 02:00:00 PM,35,18,17
05/19/2021 03:00:00 PM,53,43,10
05/19/2021 04:00:00 PM,37,23,14
05/19/2021 05:00:00 PM,83,53,30
05/19/2021 06:00:00 PM,56,39,17
05/19/2021 07:00:00 PM,28,18,10
05/19/2021 08:00:00 PM,14,5,9
05/19/2021 09:00:00 PM,17,8,9
05/19/2021 10:00:00 PM,18,5,13
05/19/2021 11:00:00 PM,5,3,2
05/20/2021 12:00:00 AM,5,3,2
05/20/2021 01:00:00 AM,0,0,0
05/20/2021 02:00:00 AM,0,0,0
05/20/2021 03:00:00 AM,1,0,1
05/20/2021 04:00:00 AM,0,0,0
05/20/2021 05:00:00 AM,14,2,12
05/20/2021 06:00:00 AM,19,9,10
05/20/2021 07:00:00 AM,32,9,23
05/20/2021 08:00:00 AM,27,11,16
05/20/2021 09:00:00 AM,30,12,18
05/20/2021 10:00:00 AM,25,16,9
05/20/2021 11:00:00 AM,22,10,12
05/20/2021 12:00:00 PM,32,22,10
05/20/2021 01:00:00 PM,30,16,14
05/20/2021 02:00:00 PM,33,20,13
05/20/2021 03:00:00 PM,30,22,8
05/20/2021 04:00:00 PM,55,34,21
05/20/2021 05:00:00 PM,75,51,24
05/20/2021 06:00:00 PM,37,25,12
05/20/2021 07:00:00 PM,36,25,11
05/20/2021 08:00:00 PM,29,14,15
05/20/2021 09:00:00 PM,20,7,13
05/20/2021 10:00:00 PM,14,9,5
05/20/2021 11:00:00 PM,8,4,4
05/21/2021 12:00:00 AM,1,0,1
05/21/2021 01:00:00 AM,0,0,0
05/21/2021 02:00:00 AM,0,0,0
05/21/2021 03:00:00 AM,0,0,0
05/21/2021 04:00:00 AM,3,3,0
05/21/2021 05:00:00 AM,13,4,9
05/21/2021 06:00:00 AM,21,5,16
05/21/2021 07:00:00 AM,38,13,25
05/21/2021 08:00:00 AM,44,18,26
05/21/2021 09:00:00 AM,28,17,11
05/21/2021 10:00:00 AM,15,9,6
05/21/2021 11:00:00 AM,34,15,19
05/21/2021 12:00:00 PM,33,15,18
05/21/2021 01:00:00 PM,32,22,10
05/21/2021 02:00:00 PM,43,27,16
05/21/2021 03:00:00 PM,54,37,17
05/21/2021 04:00:00 PM,63,38,25
05/21/2021 05:00:00 PM,76,49,27
05/21/2021 06:00:00 PM,36,17,19
05/21/2021 07:00:00 PM,31,17,14
05/21/2021 08:00:00 PM,29,18,11
05/21/2021 09:00:00 PM,24,14,10
05/21/2021 10:00:00 PM,17,7,10
05/21/2021 11:00:00 PM,7,5,2
05/22/2021 12:00:00 AM,11,5,6
05/22/2021 01:00:00 AM,4,2,2
05/22/2021 02:00:00 AM,1,1,0
05/22/2021 03:00:00 AM,0,0,0
05/22/2021 04:00:00 AM,0,0,0
05/22/2021 05:00:00 AM,5,2,3
05/22/2021 06:00:00 AM,4,3,1
05/22/2021 07:00:00 AM,9,5,4
05/22/2021 08:00:00 AM,13,7,6
05/22/2021 09:00:00 AM,23,12,11
05/22/2021 10:00:00 AM,24,18,6
05/22/2021 11:00:00 AM,20,10,10
05/22/2021 12:00:00 PM,51,24,27
05/22/2021 01:00:00 PM,46,27,19
05/22/2021 02:00:00 PM,61,33,28
05/22/2021 03:00:00 PM,55,26,29
05/22/2021 04:00:00 PM,46,25,21
05/22/2021 05:00:00 PM,57,28,29
05/22/2021 06:00:00 PM,42,22,20
05/22/2021 07:00:00 PM,44,25,19
05/22/2021 08:00:00 PM,39,17,22
05/22/2021 09:00:00 PM,18,10,8
05/22/2021 10:00:00 PM,15,9,6
05/22/2021 11:00:00 PM,14,6,8
05/23/2021 12:00:00 AM,12,8,4
05/23/2021 01:00:00 AM,6,4,2
05/23/2021 02:00:00 AM,1,0,1
05/23/2021 03:00:00 AM,1,1,0
05/23/2021 04:00:00 AM,0,0,0
05/23/2021 05:00:00 AM,2,1,1
05/23/2021 06:00:00 AM,2,2,0
05/23/2021 07:00:00 AM,9,4,5
05/23/2021 08:00:00 AM,4,3,1
05/23/2021 09:00:00 AM,12,6,6
05/23/2021 10:00:00 AM,22,15,7
05/23/2021 11:00:00 AM,21,8,13
05/23/2021 12:00:00 PM,53,34,19
05/23/2021 01:00:00 PM,67,44,23
05/23/2021 02:00:00 PM,23,15,8
05/23/2021 03:00:00 PM,32,10,22
05/23/2021 04:00:00 PM,65,17,48
05/23/2021 05:00:00 PM,24,15,9
05/23/2021 06:00:00 PM,17,5,12
05/23/2021 07:00:00 PM,20,9,11
05/23/2021 08:00:00 PM,16,9,7
05/23/2021 09:00:00 PM,2,1,1
05/23/2021 10:00:00 PM,9,4,5
05/23/2021 11:00:00 PM,10,7,3
05/24/2021 12:00:00 AM,2,2,0
05/24/2021 01:00:00 AM,0,0,0
05/24/2021 02:00:00 AM,1,0,1
05/24/2021 03:00:00 AM,2,0,2
05/24/2021 04:00:00 AM,1,0,1
05/24/2021 05:00:00 AM,12,1,11
05/24/2021 06:00:00 AM,14,5,9
05/24/2021 07:00:00 AM,27,10,17
05/24/2021 08:00:00 AM,16,5,11
05/24/2021 09:00:00 AM,27,11,16
05/24/2021 10:00:00 AM,14,8,6
05/24/2021 11:00:00 AM,13,7,6
05/24/2021 12:00:00 PM,13,8,5
05/24/2021 01:00:00 PM,20,6,14
05/24/2021 02:00:00 PM,14,10,4
05/24/2021 03:00:00 PM,27,21,6
05/24/2021 04:00:00 PM,37,24,13
05/24/2021 05:00:00 PM,46,21,25
05/24/2021 06:00:00 PM,24,16,8
05/24/2021 07:00:00 PM,16,5,11
05/24/2021 08:00:00 PM,12,6,6
05/24/2021 09:00:00 PM,12,6,6
05/24/2021 10:00:00 PM,9,5,4
05/24/2021 11:00:00 PM,2,2,0
05/25/2021 12:00:00 AM,1,0,1
05/25/2021 01:00:00 AM,0,0,0
05/25/2021 02:00:00 AM,1,0,1
05/25/2021 03:00:00 AM,1,0,1
05/25/2021 04:00:00 AM,2,1,1
05/25/2021 05:00:00 AM,9,0,9
05/25/2021 06:00:00 AM,25,9,16
05/25/2021 07:00:00 AM,40,11,29
05/25/2021 08:00:00 AM,42,13,29
05/25/2021 09:00:00 AM,21,10,11
05/25/2021 10:00:00 AM,12,6,6
05/25/2021 11:00:00 AM,17,10,7
05/25/2021 12:00:00 PM,22,13,9
05/25/2021 01:00:00 PM,27,15,12
05/25/2021 02:00:00 PM,31,21,10
05/25/2021 03:00:00 PM,54,35,19
05/25/2021 04:00:00 PM,53,37,16
05/25/2021 05:00:00 PM,63,41,22
05/25/2021 06:00:00 PM,31,16,15
05/25/2021 07:00:00 PM,27,13,14
05/25/2021 08:00:00 PM,23,13,10
05/25/2021 09:00:00 PM,14,8,6
05/25/2021 10:00:00 PM,8,4,4
05/25/2021 11:00:00 PM,4,3,1
05/26/2021 12:00:00 AM,6,1,5
05/26/2021 01:00:00 AM,0,0,0
05/26/2021 02:00:00 AM,0,0,0
05/26/2021 03:00:00 AM,1,1,0
05/26/2021 04:00:00 AM,1,0,1
05/26/2021 05:00:00 AM,8,0,8
05/26/2021 06:00:00 AM,29,11,18
05/26/2021 07:00:00 AM,42,14,28
05/26/2021 08:00:00 AM,39,17,22
05/26/2021 09:00:00 AM,42,18,24
05/26/2021 10:00:00 AM,12,7,5
05/26/2021 11:00:00 AM,20,11,9
05/26/2021 12:00:00 PM,27,14,13
05/26/2021 01:00:00 PM,31,19,12
05/26/2021 02:00:00 PM,36,23,13
05/26/2021 03:00:00 PM,43,29,14
05/26/2021 04:00:00 PM,55,34,21
05/26/2021 05:00:00 PM,86,50,36
05/26/2021 06:00:00 PM,63,37,26
05/26/2021 07:00:00 PM,35,19,16
05/26/2021 08:00:00 PM,14,5,9
05/26/2021 09:00:00 PM,18,12,6
05/26/2021 10:00:00 PM,9,2,7
05/26/2021 11:00:00 PM,1,1,0
05/27/2021 12:00:00 AM,1,1,0
05/27/2021 01:00:00 AM,2,1,1
05/27/2021 02:00:00 AM,2,0,2
05/27/2021 03:00:00 AM,1,1,0
05/27/2021 04:00:00 AM,0,0,0
05/27/2021 05:00:00 AM,6,0,6
05/27/2021 06:00:00 AM,14,5,9
05/27/2021 07:00:00 AM,24,6,18
05/27/2021 08:00:00 AM,25,13,12
05/27/2021 09:00:00 AM,21,15,6
05/27/2021 10:00:00 AM,10,3,7
05/27/2021 11:00:00 AM,11,4,7
05/27/2021 12:00:00 PM,17,11,6
05/27/2021 01:00:00 PM,30,19,11
05/27/2021 02:00:00 PM,20,11,9
05/27/2021 03:00:00 PM,26,19,7
05/27/2021 04:00:00 PM,20,9,11
05/27/2021 05:00:00 PM,36,23,13
05/27/2021 06:00:00 PM,25,19,6
05/27/2021 07:00:00 PM,21,11,10
05/27/2021 08:00:00 PM,12,4,8
05/27/2021 09:00:00 PM,19,6,13
05/27/2021 10:00:00 PM,15,5,10
05/27/2021 11:00:00 PM,8,3,5
05/28/2021 12:00:00 AM,4,3,1
05/28/2021 01:00:00 AM,0,0,0
05/28/2021 02:00:00 AM,1,0,1
05/28/2021 03:00:00 AM,2,2,0
05/28/2021 04:00:00 AM,0,0,0
05/28/2021 05:00:00 AM,12,1,11
05/28/2021 06:00:00 AM,20,10,10
05/28/2021 07:00:00 AM,28,15,13
05/28/2021 08:00:00 AM,56,37,19
05/28/2021 09:00:00 AM,23,13,10
05/28/2021 10:00:00 AM,27,16,11
05/28/2021 11:00:00 AM,31,17,14
05/28/2021 12:00:00 PM,37,20,17
05/28/2021 01:00:00 PM,48,28,20
05/28/2021 02:00:00 PM,41,21,20
05/28/2021 03:00:00 PM,74,40,34
05/28/2021 04:00:00 PM,60,37,23
05/28/2021 05:00:00 PM,57,32,25
05/28/2021 06:00:00 PM,42,28,14
05/28/2021 07:00:00 PM,35,18,17
05/28/2021 08:00:00 PM,27,21,6
05/28/2021 09:00:00 PM,10,2,8
05/28/2021 10:00:00 PM,30,3,27
05/28/2021 11:00:00 PM,5,3,2
05/29/2021 12:00:00 AM,12,6,6
05/29/2021 01:00:00 AM,2,1,1
05/29/2021 02:00:00 AM,1,1,0
05/29/2021 03:00:00 AM,0,0,0
05/29/2021 04:00:00 AM,1,0,1
05/29/2021 05:00:00 AM,1,0,1
05/29/2021 06:00:00 AM,1,1,0
05/29/2021 07:00:00 AM,8,4,4
05/29/2021 08:00:00 AM,18,14,4
05/29/2021 09:00:00 AM,39,21,18
05/29/2021 10:00:00 AM,23,8,15
05/29/2021 11:00:00 AM,58,41,17
05/29/2021 12:00:00 PM,34,22,12
05/29/2021 01:00:00 PM,58,33,25
05/29/2021 02:00:00 PM,71,48,23
05/29/2021 03:00:00 PM,55,27,28
05/29/2021 04:00:00 PM,49,29,20
05/29/2021 05:00:00 PM,66,32,34
05/29/2021 06:00:00 PM,51,29,22
05/29/2021 07:00:00 PM,29,17,12
05/29/2021 08:00:00 PM,29,9,20
05/29/2021 09:00:00 PM,26,8,18
05/29/2021 10:00:00 PM,46,11,35
05/29/2021 11:00:00 PM,14,7,7
05/30/2021 12:00:00 AM,9,6,3
05/30/2021 01:00:00 AM,2,2,0
05/30/2021 02:00:00 AM,0,0,0
05/30/2021 03:00:00 AM,0,0,0
05/30/2021 04:00:00 AM,1,0,1
05/30/2021 05:00:00 AM,1,1,0
05/30/2021 06:00:00 AM,3,2,1
05/30/2021 07:00:00 AM,5,0,5
05/30/2021 08:00:00 AM,16,13,3
05/30/2021 09:00:00 AM,30,17,13
05/30/2021 10:00:00 AM,31,19,12
05/30/2021 11:00:00 AM,40,30,10
05/30/2021 12:00:00 PM,62,45,17
05/30/2021 01:00:00 PM,47,31,16
05/30/2021 02:00:00 PM,63,39,24
05/30/2021 03:00:00 PM,34,27,7
05/30/2021 04:00:00 PM,48,24,24
05/30/2021 05:00:00 PM,56,33,23
05/30/2021 06:00:00 PM,35,27,8
05/30/2021 07:00:00 PM,25,15,10
05/30/2021 08:00:00 PM,41,13,28
05/30/2021 09:00:00 PM,46,11,35
05/30/2021 10:00:00 PM,16,4,12
05/30/2021 11:00:00 PM,12,6,6
05/31/2021 12:00:00 AM,12,7,5
05/31/2021 01:00:00 AM,4,4,0
05/31/2021 02:00:00 AM,0,0,0
05/31/2021 03:00:00 AM,0,0,0
05/31/2021 04:00:00 AM,0,0,0
05/31/2021 05:00:00 AM,1,1,0
05/31/2021 06:00:00 AM,10,7,3
05/31/2021 07:00:00 AM,6,1,5
05/31/2021 08:00:00 AM,13,10,3
05/31/2021 09:00:00 AM,23,8,15
05/31/2021 10:00:00 AM,24,17,7
05/31/2021 11:00:00 AM,56,32,24
05/31/2021 12:00:00 PM,73,41,32
05/31/2021 01:00:00 PM,58,38,20
05/31/2021 02:00:00 PM,51,35,16
05/31/2021 03:00:00 PM,48,29,19
05/31/2021 04:00:00 PM,51,14,37
05/31/2021 05:00:00 PM,40,12,28
05/31/2021 06:00:00 PM,24,14,10
05/31/2021 07:00:00 PM,25,19,6
05/31/2021 08:00:00 PM,20,8,12
05/31/2021 09:00:00 PM,13,7,6
05/31/2021 10:00:00 PM,12,6,6
05/31/2021 11:00:00 PM,3,2,1
06/01/2021 12:00:00 AM,4,3,1
06/01/2021 01:00:00 AM,3,2,1
06/01/2021 02:00:00 AM,1,0,1
06/01/2021 03:00:00 AM,1,1,0
06/01/2021 04:00:00 AM,0,0,0
06/01/2021 05:00:00 AM,13,4,9
06/01/2021 06:00:00 AM,22,3,19
06/01/2021 07:00:00 AM,39,12,27
06/01/2021 08:00:00 AM,46,18,28
06/01/2021 09:00:00 AM,30,13,17
06/01/2021 10:00:00 AM,24,13,11
06/01/2021 11:00:00 AM,35,18,17
06/01/2021 12:00:00 PM,33,19,14
06/01/2021 01:00:00 PM,38,25,13
06/01/2021 02:00:00 PM,34,17,17
06/01/2021 03:00:00 PM,53,38,15
06/01/2021 04:00:00 PM,66,39,27
06/01/2021 05:00:00 PM,84,58,26
06/01/2021 06:00:00 PM,66,44,22
06/01/2021 07:00:00 PM,31,18,13
06/01/2021 08:00:00 PM,12,5,7
06/01/2021 09:00:00 PM,18,12,6
06/01/2021 10:00:00 PM,17,1,16
06/01/2021 11:00:00 PM,13,3,10
06/02/2021 12:00:00 AM,2,0,2
06/02/2021 01:00:00 AM,2,1,1
06/02/2021 02:00:00 AM,0,0,0
06/02/2021 03:00:00 AM,1,0,1
06/02/2021 04:00:00 AM,0,0,0
06/02/2021 05:00:00 AM,16,3,13
06/02/2021 06:00:00 AM,35,12,23
06/02/2021 07:00:00 AM,52,14,38
06/02/2021 08:00:00 AM,52,23,29
06/02/2021 09:00:00 AM,38,18,20
06/02/2021 10:00:00 AM,29,20,9
06/02/2021 11:00:00 AM,22,12,10
06/02/2021 12:00:00 PM,32,16,16
06/02/2021 01:00:00 PM,32,18,14
06/02/2021 02:00:00 PM,38,18,20
06/02/2021 03:00:00 PM,57,39,18
06/02/2021 04:00:00 PM,73,50,23
06/02/2021 05:00:00 PM,85,52,33
06/02/2021 06:00:00 PM,69,45,24
06/02/2021 07:00:00 PM,55,33,22
06/02/2021 08:00:00 PM,20,12,8
06/02/2021 09:00:00 PM,32,13,19
06/02/2021 10:00:00 PM,28,9,19
06/02/2021 11:00:00 PM,3,1,2
06/03/2021 12:00:00 AM,2,1,1
06/03/2021 01:00:00 AM,1,0,1
06/03/2021 02:00:00 AM,0,0,0
06/03/2021 03:00:00 AM,4,1,3
06/03/2021 04:00:00 AM,1,0,1
06/03/2021 05:00:00 AM,10,2,8
06/03/2021 06:00:00 AM,22,5,17
06/03/2021 07:00:00 AM,43,14,29
06/03/2021 08:00:00 AM,48,18,30
06/03/2021 09:00:00 AM,32,17,15
06/03/2021 10:00:00 AM,20,14,6
06/03/2021 11:00:00 AM,21,12,9
06/03/2021 12:00:00 PM,47,21,26
06/03/2021 01:00:00 PM,44,26,18
06/03/2021 02:00:00 PM,36,18,18
06/03/2021 03:00:00 PM,49,30,19
06/03/2021 04:00:00 PM,68,40,28
06/03/2021 05:00:00 PM,92,51,41
06/03/2021 06:00:00 PM,48,25,23
06/03/2021 07:00:00 PM,33,19,14
06/03/2021 08:00:00 PM,16,7,9
06/03/2021 09:00:00 PM,14,5,9
06/03/2021 10:00:00 PM,8,2,6
06/03/2021 11:00:00 PM,9,4,5
06/04/2021 12:00:00 AM,0,0,0
06/04/2021 01:00:00 AM,3,1,2
06/04/2021 02:00:00 AM,1,0,1
06/04/2021 03:00:00 AM,3,2,1
06/04/2021 04:00:00 AM,1,1,0
06/04/2021 05:00:00 AM,12,2,10
06/04/2021 06:00:00 AM,19,5,14
06/04/2021 07:00:00 AM,34,15,19
06/04/2021 08:00:00 AM,46,23,23
06/04/2021 09:00:00 AM,40,24,16
06/04/2021 10:00:00 AM,20,14,6
06/04/2021 11:00:00 AM,27,12,15
06/04/2021 12:00:00 PM,21,14,7
06/04/2021 01:00:00 PM,27,16,11
06/04/2021 02:00:00 PM,47,24,23
06/04/2021 03:00:00 PM,51,33,18
06/04/2021 04:00:00 PM,56,35,21
06/04/2021 05:00:00 PM,74,41,33
06/04/2021 06:00:00 PM,58,38,20
06/04/2021 07:00:00 PM,49,30,19
06/04/2021 08:00:00 PM,23,13,10
06/04/2021 09:00:00 PM,25,14,11
06/04/2021 10:00:00 PM,11,4,7
06/04/2021 11:00:00 PM,11,4,7
06/05/2021 12:00:00 AM,7,4,3
06/05/2021 01:00:00 AM,8,1,7
06/05/2021 02:00:00 AM,4,4,0
06/05/2021 03:00:00 AM,7,6,1
06/05/2021 04:00:00 AM,3,2,1
06/05/2021 05:00:00 AM,3,1,2
06/05/2021 06:00:00 AM,2,1,1
06/05/2021 07:00:00 AM,8,4,4
06/05/2021 08:00:00 AM,13,3,10
06/05/2021 09:00:00 AM,31,24,7
06/05/2021 10:00:00 AM,25,15,10
06/05/2021 11:00:00 AM,35,19,16
06/05/2021 12:00:00 PM,27,16,11
06/05/2021 01:00:00 PM,36,31,5
06/05/2021 02:00:00 PM,52,39,13
06/05/2021 03:00:00 PM,28,18,10
06/05/2021 04:00:00 PM,40,15,25
06/05/2021 05:00:00 PM,27,12,15
06/05/2021 06:00:00 PM,23,15,8
06/05/2021 07:00:00 PM,19,9,10
06/05/2021 08:00:00 PM,14,7,7
06/05/2021 09:00:00 PM,22,14,8
06/05/2021 10:00:00 PM,5,1,4
06/05/2021 11:00:00 PM,6,4,2
06/06/2021 12:00:00 AM,8,4,4
06/06/2021 01:00:00 AM,3,1,2
06/06/2021 02:00:00 AM,0,0,0
06/06/2021 03:00:00 AM,3,0,3
06/06/2021 04:00:00 AM,1,1,0
06/06/2021 05:00:00 AM,1,0,1
06/06/2021 06:00:00 AM,2,1,1
06/06/2021 07:00:00 AM,4,1,3
06/06/2021 08:00:00 AM,3,1,2
06/06/2021 09:00:00 AM,17,5,12
06/06/2021 10:00:00 AM,17,5,12
06/06/2021 11:00:00 AM,11,1,10
06/06/2021 12:00:00 PM,16,10,6
06/06/2021 01:00:00 PM,18,11,7
06/06/2021 02:00:00 PM,12,7,5
06/06/2021 03:00:00 PM,14,5,9
06/06/2021 04:00:00 PM,17,15,2
06/06/2021 05:00:00 PM,17,11,6
06/06/2021 06:00:00 PM,8,6,2
06/06/2021 07:00:00 PM,9,1,8
06/06/2021 08:00:00 PM,8,3,5
06/06/2021 09:00:00 PM,9,7,2
06/06/2021 10:00:00 PM,2,1,1
06/06/2021 11:00:00 PM,2,1,1
06/07/2021 12:00:00 AM,4,3,1
06/07/2021 01:00:00 AM,1,1,0
06/07/2021 02:00:00 AM,2,0,2
06/07/2021 03:00:00 AM,1,1,0
06/07/2021 04:00:00 AM,0,0,0
06/07/2021 05:00:00 AM,8,2,6
06/07/2021 06:00:00 AM,20,9,11
06/07/2021 07:00:00 AM,24,8,16
06/07/2021 08:00:00 AM,39,17,22
06/07/2021 09:00:00 AM,24,13,11
06/07/2021 10:00:00 AM,12,6,6
06/07/2021 11:00:00 AM,21,8,13
06/07/2021 12:00:00 PM,26,14,12
06/07/2021 01:00:00 PM,34,19,15
06/07/2021 02:00:00 PM,29,18,11
06/07/2021 03:00:00 PM,31,21,10
06/07/2021 04:00:00 PM,34,20,14
06/07/2021 05:00:00 PM,85,51,34
06/07/2021 06:00:00 PM,46,24,22
06/07/2021 07:00:00 PM,24,13,11
06/07/2021 08:00:00 PM,15,9,6
06/07/2021 09:00:00 PM,13,6,7
06/07/2021 10:00:00 PM,5,3,2
06/07/2021 11:00:00 PM,5,4,1
06/08/2021 12:00:00 AM,2,0,2
06/08/2021 01:00:00 AM,0,0,0
06/08/2021 02:00:00 AM,1,0,1
06/08/2021 03:00:00 AM,1,1,0
06/08/2021 04:00:00 AM,0,0,0
06/08/2021 05:00:00 AM,9,1,8
06/08/2021 06:00:00 AM,28,11,17
06/08/2021 07:00:00 AM,55,17,38
06/08/2021 08:00:00 AM,46,18,28
06/08/2021 09:00:00 AM,28,9,19
06/08/2021 10:00:00 AM,35,18,17
06/08/2021 11:00:00 AM,26,14,12
06/08/2021 12:00:00 PM,33,20,13
06/08/2021 01:00:00 PM,30,12,18
06/08/2021 02:00:00 PM,37,22,15
06/08/2021 03:00:00 PM,48,35,13
06/08/2021 04:00:00 PM,59,38,21
06/08/2021 05:00:00 PM,93,59,34
06/08/2021 06:00:00 PM,62,33,29
06/08/2021 07:00:00 PM,24,14,10
06/08/2021 08:00:00 PM,26,10,16
06/08/2021 09:00:00 PM,9,7,2
06/08/2021 10:00:00 PM,7,1,6
06/08/2021 11:00:00 PM,4,4,0
06/09/2021 12:00:00 AM,1,1,0
06/09/2021 01:00:00 AM,1,0,1
06/09/2021 02:00:00 AM,1,0,1
06/09/2021 03:00:00 AM,0,0,0
06/09/2021 04:00:00 AM,1,1,0
06/09/2021 05:00:00 AM,13,3,10
06/09/2021 06:00:00 AM,23,10,13
06/09/2021 07:00:00 AM,49,18,31
06/09/2021 08:00:00 AM,62,20,42
06/09/2021 09:00:00 AM,34,19,15
06/09/2021 10:00:00 AM,23,15,8
06/09/2021 11:00:00 AM,28,12,16
06/09/2021 12:00:00 PM,32,13,19
06/09/2021 01:00:00 PM,36,20,16
06/09/2021 02:00:00 PM,55,30,25
06/09/2021 03:00:00 PM,42,27,15
06/09/2021 04:00:00 PM,89,64,25
06/09/2021 05:00:00 PM,92,50,42
06/09/2021 06:00:00 PM,50,28,22
06/09/2021 07:00:00 PM,29,19,10
06/09/2021 08:00:00 PM,24,12,12
06/09/2021 09:00:00 PM,28,7,21
06/09/2021 10:00:00 PM,4,3,1
06/09/2021 11:00:00 PM,7,4,3
06/10/2021 12:00:00 AM,4,3,1
06/10/2021 01:00:00 AM,2,1,1
06/10/2021 02:00:00 AM,0,0,0
06/10/2021 03:00:00 AM,3,1,2
06/10/2021 04:00:00 AM,1,1,0
06/10/2021 05:00:00 AM,14,3,11
06/10/2021 06:00:00 AM,22,9,13
06/10/2021 07:00:00 AM,49,15,34
06/10/2021 08:00:00 AM,48,18,30
06/10/2021 09:00:00 AM,32,14,18
06/10/2021 10:00:00 AM,29,9,20
06/10/2021 11:00:00 AM,18,11,7
06/10/2021 12:00:00 PM,26,13,13
06/10/2021 01:00:00 PM,27,14,13
06/10/2021 02:00:00 PM,41,24,17
06/10/2021 03:00:00 PM,52,34,18
06/10/2021 04:00:00 PM,59,41,18
06/10/2021 05:00:00 PM,82,53,29
06/10/2021 06:00:00 PM,61,39,22
06/10/2021 07:00:00 PM,33,12,21
06/10/2021 08:00:00 PM,21,12,9
06/10/2021 09:00:00 PM,11,6,5
06/10/2021 10:00:00 PM,15,5,10
06/10/2021 11:00:00 PM,6,3,3
06/11/2021 12:00:00 AM,2,1,1
06/11/2021 01:00:00 AM,1,1,0
06/11/2021 02:00:00 AM,0,0,0
06/11/2021 03:00:00 AM,2,1,1
06/11/2021 04:00:00 AM,2,2,0
06/11/2021 05:00:00 AM,7,2,5
06/11/2021 06:00:00 AM,15,5,10
06/11/2021 07:00:00 AM,42,12,30
06/11/2021 08:00:00 AM,26,10,16
06/11/2021 09:00:00 AM,23,15,8
06/11/2021 10:00:00 AM,15,8,7
06/11/2021 11:00:00 AM,15,12,3
06/11/2021 12:00:00 PM,14,6,8
06/11/2021 01:00:00 PM,25,13,12
06/11/2021 02:00:00 PM,21,19,2
06/11/2021 03:00:00 PM,17,14,3
06/11/2021 04:00:00 PM,29,18,11
06/11/2021 05:00:00 PM,45,27,18
06/11/2021 06:00:00 PM,20,15,5
06/11/2021 07:00:00 PM,17,10,7
06/11/2021 08:00:00 PM,11,4,7
06/11/2021 09:00:00 PM,11,4,7
06/11/2021 10:00:00 PM,6,1,5
06/11/2021 11:00:00 PM,8,5,3
06/12/2021 12:00:00 AM,10,6,4
06/12/2021 01:00:00 AM,0,0,0
06/12/2021 02:00:00 AM,2,0,2
06/12/2021 03:00:00 AM,1,0,1
06/12/2021 04:00:00 AM,0,0,0
06/12/2021 05:00:00 AM,5,3,2
06/12/2021 06:00:00 AM,3,3,0
06/12/2021 07:00:00 AM,7,4,3
06/12/2021 08:00:00 AM,18,10,8
06/12/2021 09:00:00 AM,32,22,10
06/12/2021 10:00:00 AM,42,31,11
06/12/2021 11:00:00 AM,50,25,25
06/12/2021 12:00:00 PM,47,27,20
06/12/2021 01:00:00 PM,53,33,20
06/12/2021 02:00:00 PM,67,40,27
06/12/2021 03:00:00 PM,73,45,28
06/12/2021 04:00:00 PM,74,36,38
06/12/2021 05:00:00 PM,49,25,24
06/12/2021 06:00:00 PM,33,18,15
06/12/2021 07:00:00 PM,19,12,7
06/12/2021 08:00:00 PM,32,15,17
06/12/2021 09:00:00 PM,15,11,4
06/12/2021 10:00:00 PM,4,3,1
06/12/2021 11:00:00 PM,9,5,4
06/13/2021 12:00:00 AM,8,3,5
06/13/2021 01:00:00 AM,0,0,0
06/13/2021 02:00:00 AM,0,0,0
06/13/2021 03:00:00 AM,1,1,0
06/13/2021 04:00:00 AM,4,0,4
06/13/2021 05:00:00 AM,2,0,2
06/13/2021 06:00:00 AM,3,3,0
06/13/2021 07:00:00 AM,1,1,0
06/13/2021 08:00:00 AM,4,2,2
06/13/2021 09:00:00 AM,8,4,4
06/13/2021 10:00:00 AM,20,12,8
06/13/2021 11:00:00 AM,20,9,11
06/13/2021 12:00:00 PM,14,9,5
06/13/2021 01:00:00 PM,31,13,18
06/13/2021 02:00:00 PM,14,8,6
06/13/2021 03:00:00 PM,13,10,3
06/13/2021 04:00:00 PM,8,3,5
06/13/2021 05:00:00 PM,11,5,6
06/13/2021 06:00:00 PM,8,5,3
06/13/2021 07:00:00 PM,2,0,2
06/13/2021 08:00:00 PM,4,1,3
06/13/2021 09:00:00 PM,10,5,5
06/13/2021 10:00:00 PM,4,1,3
06/13/2021 11:00:00 PM,5,1,4
06/14/2021 12:00:00 AM,,,
06/14/2021 01:00:00 AM,,,
06/14/2021 02:00:00 AM,,,
06/14/2021 03:00:00 AM,,,
06/14/2021 04:00:00 AM,,,
06/14/2021 05:00:00 AM,,,
06/14/2021 06:00:00 AM,,,
06/14/2021 07:00:00 AM,,,
06/14/2021 08:00:00 AM,,,
06/14/2021 09:00:00 AM,,,
06/14/2021 10:00:00 AM,,,
06/14/2021 11:00:00 AM,,,
06/14/2021 12:00:00 PM,,,
06/14/2021 01:00:00 PM,,,
06/14/2021 02:00:00 PM,,,
06/14/2021 03:00:00 PM,,,
06/14/2021 04:00:00 PM,,,
06/14/2021 05:00:00 PM,,,
06/14/2021 06:00:00 PM,,,
06/14/2021 07:00:00 PM,,,
06/14/2021 08:00:00 PM,,,
06/14/2021 09:00:00 PM,,,
06/14/2021 10:00:00 PM,,,
06/14/2021 11:00:00 PM,,,
06/15/2021 12:00:00 AM,,,
06/15/2021 01:00:00 AM,,,
06/15/2021 02:00:00 AM,,,
06/15/2021 03:00:00 AM,,,
06/15/2021 04:00:00 AM,,,
06/15/2021 05:00:00 AM,,,
06/15/2021 06:00:00 AM,,,
06/15/2021 07:00:00 AM,,,
06/15/2021 08:00:00 AM,,,
06/15/2021 09:00:00 AM,,,
06/15/2021 10:00:00 AM,,,
06/15/2021 11:00:00 AM,,,
06/15/2021 12:00:00 PM,,,
06/15/2021 01:00:00 PM,,,
06/15/2021 02:00:00 PM,,,
06/15/2021 03:00:00 PM,,,
06/15/2021 04:00:00 PM,,,
06/15/2021 05:00:00 PM,,,
06/15/2021 06:00:00 PM,,,
06/15/2021 07:00:00 PM,,,
06/15/2021 08:00:00 PM,,,
06/15/2021 09:00:00 PM,,,
06/15/2021 10:00:00 PM,,,
06/15/2021 11:00:00 PM,,,
06/16/2021 12:00:00 AM,,,
06/16/2021 01:00:00 AM,,,
06/16/2021 02:00:00 AM,,,
06/16/2021 03:00:00 AM,,,
06/16/2021 04:00:00 AM,,,
06/16/2021 05:00:00 AM,15,3,12
06/16/2021 06:00:00 AM,32,8,24
06/16/2021 07:00:00 AM,59,21,38
06/16/2021 08:00:00 AM,59,27,32
06/16/2021 09:00:00 AM,45,17,28
06/16/2021 10:00:00 AM,18,8,10
06/16/2021 11:00:00 AM,34,20,14
06/16/2021 12:00:00 PM,37,24,13
06/16/2021 01:00:00 PM,32,18,14
06/16/2021 02:00:00 PM,46,28,18
06/16/2021 03:00:00 PM,61,48,13
06/16/2021 04:00:00 PM,60,42,18
06/16/2021 05:00:00 PM,114,74,40
06/16/2021 06:00:00 PM,85,58,27
06/16/2021 07:00:00 PM,40,21,19
06/16/2021 08:00:00 PM,38,19,19
06/16/2021 09:00:00 PM,33,16,17
06/16/2021 10:00:00 PM,33,12,21
06/16/2021 11:00:00 PM,15,7,8
06/17/2021 12:00:00 AM,8,3,5
06/17/2021 01:00:00 AM,1,1,0
06/17/2021 02:00:00 AM,2,2,0
06/17/2021 03:00:00 AM,1,1,0
06/17/2021 04:00:00 AM,0,0,0
06/17/2021 05:00:00 AM,14,2,12
06/17/2021 06:00:00 AM,21,7,14
06/17/2021 07:00:00 AM,51,15,36
06/17/2021 08:00:00 AM,52,22,30
06/17/2021 09:00:00 AM,33,17,16
06/17/2021 10:00:00 AM,24,19,5
06/17/2021 11:00:00 AM,42,20,22
06/17/2021 12:00:00 PM,28,14,14
06/17/2021 01:00:00 PM,37,19,18
06/17/2021 02:00:00 PM,49,33,16
06/17/2021 03:00:00 PM,62,34,28
06/17/2021 04:00:00 PM,71,50,21
06/17/2021 05:00:00 PM,98,69,29
06/17/2021 06:00:00 PM,64,40,24
06/17/2021 07:00:00 PM,42,25,17
06/17/2021 08:00:00 PM,21,10,11
06/17/2021 09:00:00 PM,16,5,11
06/17/2021 10:00:00 PM,20,3,17
06/17/2021 11:00:00 PM,18,6,12
06/18/2021 12:00:00 AM,6,3,3
06/18/2021 01:00:00 AM,1,0,1
06/18/2021 02:00:00 AM,2,1,1
06/18/2021 03:00:00 AM,0,0,0
06/18/2021 04:00:00 AM,0,0,0
06/18/2021 05:00:00 AM,9,1,8
06/18/2021 06:00:00 AM,15,3,12
06/18/2021 07:00:00 AM,42,15,27
06/18/2021 08:00:00 AM,44,20,24
06/18/2021 09:00:00 AM,35,13,22
06/18/2021 10:00:00 AM,33,15,18
06/18/2021 11:00:00 AM,30,18,12
06/18/2021 12:00:00 PM,39,18,21
06/18/2021 01:00:00 PM,43,22,21
06/18/2021 02:00:00 PM,45,24,21
06/18/2021 03:00:00 PM,74,49,25
06/18/2021 04:00:00 PM,82,62,20
06/18/2021 05:00:00 PM,79,47,32
06/18/2021 06:00:00 PM,70,44,26
06/18/2021 07:00:00 PM,45,31,14
06/18/2021 08:00:00 PM,26,15,11
06/18/2021 09:00:00 PM,18,8,10
06/18/2021 10:00:00 PM,27,7,20
06/18/2021 11:00:00 PM,16,9,7
06/19/2021 12:00:00 AM,10,5,5
06/19/2021 01:00:00 AM,4,1,3
06/19/2021 02:00:00 AM,1,0,1
06/19/2021 03:00:00 AM,1,1,0
06/19/2021 04:00:00 AM,1,1,0
06/19/2021 05:00:00 AM,1,0,1
06/19/2021 06:00:00 AM,3,1,2
06/19/2021 07:00:00 AM,15,11,4
06/19/2021 08:00:00 AM,16,11,5
06/19/2021 09:00:00 AM,29,21,8
06/19/2021 10:00:00 AM,30,24,6
06/19/2021 11:00:00 AM,44,31,13
06/19/2021 12:00:00 PM,73,50,23
06/19/2021 01:00:00 PM,42,20,22
06/19/2021 02:00:00 PM,65,41,24
06/19/2021 03:00:00 PM,56,33,23
06/19/2021 04:00:00 PM,46,33,13
06/19/2021 05:00:00 PM,70,49,21
06/19/2021 06:00:00 PM,56,34,22
06/19/2021 07:00:00 PM,42,25,17
06/19/2021 08:00:00 PM,19,7,12
06/19/2021 09:00:00 PM,34,11,23
06/19/2021 10:00:00 PM,64,16,48
06/19/2021 11:00:00 PM,15,5,10
06/20/2021 12:00:00 AM,21,13,8
06/20/2021 01:00:00 AM,15,8,7
06/20/2021 02:00:00 AM,1,0,1
06/20/2021 03:00:00 AM,3,1,2
06/20/2021 04:00:00 AM,2,1,1
06/20/2021 05:00:00 AM,2,1,1
06/20/2021 06:00:00 AM,1,1,0
06/20/2021 07:00:00 AM,6,1,5
06/20/2021 08:00:00 AM,17,13,4
06/20/2021 09:00:00 AM,33,23,10
06/20/2021 10:00:00 AM,26,16,10
06/20/2021 11:00:00 AM,41,22,19
06/20/2021 12:00:00 PM,59,35,24
06/20/2021 01:00:00 PM,49,26,23
06/20/2021 02:00:00 PM,47,26,21
06/20/2021 03:00:00 PM,46,26,20
06/20/2021 04:00:00 PM,57,17,40
06/20/2021 05:00:00 PM,54,19,35
06/20/2021 06:00:00 PM,44,25,19
06/20/2021 07:00:00 PM,38,21,17
06/20/2021 08:00:00 PM,29,15,14
06/20/2021 09:00:00 PM,14,9,5
06/20/2021 10:00:00 PM,20,7,13
06/20/2021 11:00:00 PM,11,7,4
06/21/2021 12:00:00 AM,4,2,2
06/21/2021 01:00:00 AM,1,1,0
06/21/2021 02:00:00 AM,1,1,0
06/21/2021 03:00:00 AM,2,2,0
06/21/2021 04:00:00 AM,2,2,0
06/21/2021 05:00:00 AM,13,5,8
06/21/2021 06:00:00 AM,23,7,16
06/21/2021 07:00:00 AM,49,12,37
06/21/2021 08:00:00 AM,46,20,26
06/21/2021 09:00:00 AM,37,15,22
06/21/2021 10:00:00 AM,25,12,13
06/21/2021 11:00:00 AM,35,16,19
06/21/2021 12:00:00 PM,32,18,14
06/21/2021 01:00:00 PM,38,18,20
06/21/2021 02:00:00 PM,41,23,18
06/21/2021 03:00:00 PM,45,33,12
06/21/2021 04:00:00 PM,56,31,25
06/21/2021 05:00:00 PM,76,52,24
06/21/2021 06:00:00 PM,50,33,17
06/21/2021 07:00:00 PM,30,16,14
06/21/2021 08:00:00 PM,24,15,9
06/21/2021 09:00:00 PM,16,7,9
06/21/2021 10:00:00 PM,16,7,9
06/21/2021 11:00:00 PM,7,4,3
06/22/2021 12:00:00 AM,3,3,0
06/22/2021 01:00:00 AM,0,0,0
06/22/2021 02:00:00 AM,0,0,0
06/22/2021 03:00:00 AM,0,0,0
06/22/2021 04:00:00 AM,1,1,0
06/22/2021 05:00:00 AM,13,3,10
06/22/2021 06:00:00 AM,38,13,25
06/22/2021 07:00:00 AM,45,12,33
06/22/2021 08:00:00 AM,52,25,27
06/22/2021 09:00:00 AM,46,24,22
06/22/2021 10:00:00 AM,26,12,14
06/22/2021 11:00:00 AM,23,10,13
06/22/2021 12:00:00 PM,39,17,22
06/22/2021 01:00:00 PM,37,19,18
06/22/2021 02:00:00 PM,35,25,10
06/22/2021 03:00:00 PM,51,38,13
06/22/2021 04:00:00 PM,84,62,22
06/22/2021 05:00:00 PM,108,73,35
06/22/2021 06:00:00 PM,77,55,22
06/22/2021 07:00:00 PM,45,32,13
06/22/2021 08:00:00 PM,29,15,14
06/22/2021 09:00:00 PM,20,9,11
06/22/2021 10:00:00 PM,44,5,39
06/22/2021 11:00:00 PM,6,0,6
06/23/2021 12:00:00 AM,4,3,1
06/23/2021 01:00:00 AM,0,0,0
06/23/2021 02:00:00 AM,0,0,0
06/23/2021 03:00:00 AM,0,0,0
06/23/2021 04:00:00 AM,1,0,1
06/23/2021 05:00:00 AM,12,1,11
06/23/2021 06:00:00 AM,30,7,23
06/23/2021 07:00:00 AM,40,15,25
06/23/2021 08:00:00 AM,56,31,25
06/23/2021 09:00:00 AM,43,18,25
06/23/2021 10:00:00 AM,29,22,7
06/23/2021 11:00:00 AM,20,10,10
06/23/2021 12:00:00 PM,49,31,18
06/23/2021 01:00:00 PM,29,15,14
06/23/2021 02:00:00 PM,33,15,18
06/23/2021 03:00:00 PM,60,39,21
06/23/2021 04:00:00 PM,85,46,39
06/23/2021 05:00:00 PM,102,77,25
06/23/2021 06:00:00 PM,100,79,21
06/23/2021 07:00:00 PM,49,25,24
06/23/2021 08:00:00 PM,29,14,15
06/23/2021 09:00:00 PM,70,7,63
06/23/2021 10:00:00 PM,14,2,12
06/23/2021 11:00:00 PM,8,2,6
06/24/2021 12:00:00 AM,5,2,3
06/24/2021 01:00:00 AM,1,1,0
06/24/2021 02:00:00 AM,3,3,0
06/24/2021 03:00:00 AM,1,0,1
06/24/2021 04:00:00 AM,1,1,0
06/24/2021 05:00:00 AM,13,4,9
06/24/2021 06:00:00 AM,18,4,14
06/24/2021 07:00:00 AM,58,17,41
06/24/2021 08:00:00 AM,56,22,34
06/24/2021 09:00:00 AM,30,12,18
06/24/2021 10:00:00 AM,31,15,16
06/24/2021 11:00:00 AM,32,15,17
06/24/2021 12:00:00 PM,29,16,13
06/24/2021 01:00:00 PM,45,23,22
06/24/2021 02:00:00 PM,38,25,13
06/24/2021 03:00:00 PM,58,33,25
06/24/2021 04:00:00 PM,61,45,16
06/24/2021 05:00:00 PM,85,57,28
06/24/2021 06:00:00 PM,63,30,33
06/24/2021 07:00:00 PM,45,29,16
06/24/2021 08:00:00 PM,33,12,21
06/24/2021 09:00:00 PM,42,25,17
06/24/2021 10:00:00 PM,10,7,3
06/24/2021 11:00:00 PM,16,10,6
06/25/2021 12:00:00 AM,2,1,1
06/25/2021 01:00:00 AM,2,0,2
06/25/2021 02:00:00 AM,2,1,1
06/25/2021 03:00:00 AM,0,0,0
06/25/2021 04:00:00 AM,2,0,2
06/25/2021 05:00:00 AM,20,9,11
06/25/2021 06:00:00 AM,27,8,19
06/25/2021 07:00:00 AM,43,16,27
06/25/2021 08:00:00 AM,40,16,24
06/25/2021 09:00:00 AM,32,20,12
06/25/2021 10:00:00 AM,26,12,14
06/25/2021 11:00:00 AM,28,19,9
06/25/2021 12:00:00 PM,36,23,13
06/25/2021 01:00:00 PM,41,23,18
06/25/2021 02:00:00 PM,47,34,13
06/25/2021 03:00:00 PM,59,36,23
06/25/2021 04:00:00 PM,55,38,17
06/25/2021 05:00:00 PM,68,51,17
06/25/2021 06:00:00 PM,52,28,24
06/25/2021 07:00:00 PM,38,19,19
06/25/2021 08:00:00 PM,30,20,10
06/25/2021 09:00:00 PM,24,10,14
06/25/2021 10:00:00 PM,28,14,14
06/25/2021 11:00:00 PM,13,7,6
06/26/2021 12:00:00 AM,15,12,3
06/26/2021 01:00:00 AM,5,3,2
06/26/2021 02:00:00 AM,1,1,0
06/26/2021 03:00:00 AM,3,3,0
06/26/2021 04:00:00 AM,1,0,1
06/26/2021 05:00:00 AM,5,0,5
06/26/2021 06:00:00 AM,8,4,4
06/26/2021 07:00:00 AM,20,12,8
06/26/2021 08:00:00 AM,29,14,15
06/26/2021 09:00:00 AM,26,10,16
06/26/2021 10:00:00 AM,17,10,7
06/26/2021 11:00:00 AM,27,15,12
06/26/2021 12:00:00 PM,29,15,14
06/26/2021 01:00:00 PM,31,15,16
06/26/2021 02:00:00 PM,35,21,14
06/26/2021 03:00:00 PM,14,10,4
06/26/2021 04:00:00 PM,45,35,10
06/26/2021 05:00:00 PM,46,27,19
06/26/2021 06:00:00 PM,39,27,12
06/26/2021 07:00:00 PM,20,9,11
06/26/2021 08:00:00 PM,49,14,35
06/26/2021 09:00:00 PM,32,12,20
06/26/2021 10:00:00 PM,17,8,9
06/26/2021 11:00:00 PM,12,7,5
06/27/2021 12:00:00 AM,14,11,3
06/27/2021 01:00:00 AM,10,8,2
06/27/2021 02:00:00 AM,3,0,3
06/27/2021 03:00:00 AM,1,1,0
06/27/2021 04:00:00 AM,0,0,0
06/27/2021 05:00:00 AM,0,0,0
06/27/2021 06:00:00 AM,6,4,2
06/27/2021 07:00:00 AM,10,7,3
06/27/2021 08:00:00 AM,8,5,3
06/27/2021 09:00:00 AM,17,10,7
06/27/2021 10:00:00 AM,16,12,4
06/27/2021 11:00:00 AM,22,11,11
06/27/2021 12:00:00 PM,13,9,4
06/27/2021 01:00:00 PM,23,15,8
06/27/2021 02:00:00 PM,13,8,5
06/27/2021 03:00:00 PM,26,19,7
06/27/2021 04:00:00 PM,12,4,8
06/27/2021 05:00:00 PM,24,13,11
06/27/2021 06:00:00 PM,17,11,6
06/27/2021 07:00:00 PM,12,8,4
06/27/2021 08:00:00 PM,16,11,5
06/27/2021 09:00:00 PM,6,2,4
06/27/2021 10:00:00 PM,11,4,7
06/27/2021 11:00:00 PM,6,3,3
06/28/2021 12:00:00 AM,9,1,8
06/28/2021 01:00:00 AM,0,0,0
06/28/2021 02:00:00 AM,0,0,0
06/28/2021 03:00:00 AM,4,4,0
06/28/2021 04:00:00 AM,6,4,2
06/28/2021 05:00:00 AM,9,3,6
06/28/2021 06:00:00 AM,13,5,8
06/28/2021 07:00:00 AM,28,14,14
06/28/2021 08:00:00 AM,28,9,19
06/28/2021 09:00:00 AM,29,18,11
06/28/2021 10:00:00 AM,10,5,5
06/28/2021 11:00:00 AM,19,12,7
06/28/2021 12:00:00 PM,19,10,9
06/28/2021 01:00:00 PM,14,6,8
06/28/2021 02:00:00 PM,12,6,6
06/28/2021 03:00:00 PM,25,17,8
06/28/2021 04:00:00 PM,23,14,9
06/28/2021 05:00:00 PM,29,16,13
06/28/2021 06:00:00 PM,18,11,7
06/28/2021 07:00:00 PM,16,8,8
06/28/2021 08:00:00 PM,13,6,7
06/28/2021 09:00:00 PM,17,10,7
06/28/2021 10:00:00 PM,6,3,3
06/28/2021 11:00:00 PM,6,1,5
06/29/2021 12:00:00 AM,0,0,0
06/29/2021 01:00:00 AM,0,0,0
06/29/2021 02:00:00 AM,1,1,0
06/29/2021 03:00:00 AM,1,0,1
06/29/2021 04:00:00 AM,1,1,0
06/29/2021 05:00:00 AM,14,3,11
06/29/2021 06:00:00 AM,22,6,16
06/29/2021 07:00:00 AM,33,14,19
06/29/2021 08:00:00 AM,42,17,25
06/29/2021 09:00:00 AM,24,15,9
06/29/2021 10:00:00 AM,19,11,8
06/29/2021 11:00:00 AM,19,10,9
06/29/2021 12:00:00 PM,29,19,10
06/29/2021 01:00:00 PM,34,19,15
06/29/2021 02:00:00 PM,31,12,19
06/29/2021 03:00:00 PM,49,36,13
06/29/2021 04:00:00 PM,63,39,24
06/29/2021 05:00:00 PM,71,49,22
06/29/2021 06:00:00 PM,44,24,20
06/29/2021 07:00:00 PM,19,12,7
06/29/2021 08:00:00 PM,28,17,11
06/29/2021 09:00:00 PM,13,10,3
06/29/2021 10:00:00 PM,13,5,8
06/29/2021 11:00:00 PM,6,2,4
06/30/2021 12:00:00 AM,2,0,2
06/30/2021 01:00:00 AM,5,4,1
06/30/2021 02:00:00 AM,2,1,1
06/30/2021 03:00:00 AM,2,2,0
06/30/2021 04:00:00 AM,2,1,1
06/30/2021 05:00:00 AM,11,5,6
06/30/2021 06:00:00 AM,29,7,22
06/30/2021 07:00:00 AM,51,21,30
06/30/2021 08:00:00 AM,68,32,36
06/30/2021 09:00:00 AM,41,24,17
06/30/2021 10:00:00 AM,28,15,13
06/30/2021 11:00:00 AM,35,16,19
06/30/2021 12:00:00 PM,25,14,11
06/30/2021 01:00:00 PM,32,15,17
06/30/2021 02:00:00 PM,47,29,18
06/30/2021 03:00:00 PM,51,28,23
06/30/2021 04:00:00 PM,84,52,32
06/30/2021 05:00:00 PM,106,64,42
06/30/2021 06:00:00 PM,67,39,28
06/30/2021 07:00:00 PM,32,17,15
06/30/2021 08:00:00 PM,23,5,18
06/30/2021 09:00:00 PM,29,18,11
06/30/2021 10:00:00 PM,15,3,12
06/30/2021 11:00:00 PM,10,4,6
07/01/2021 12:00:00 AM,5,3,2
07/01/2021 01:00:00 AM,1,0,1
07/01/2021 02:00:00 AM,4,3,1
07/01/2021 03:00:00 AM,1,1,0
07/01/2021 04:00:00 AM,4,1,3
07/01/2021 05:00:00 AM,17,3,14
07/01/2021 06:00:00 AM,24,5,19
07/01/2021 07:00:00 AM,50,17,33
07/01/2021 08:00:00 AM,52,19,33
07/01/2021 09:00:00 AM,48,29,19
07/01/2021 10:00:00 AM,33,22,11
07/01/2021 11:00:00 AM,17,10,7
07/01/2021 12:00:00 PM,39,15,24
07/01/2021 01:00:00 PM,34,19,15
07/01/2021 02:00:00 PM,48,26,22
07/01/2021 03:00:00 PM,83,40,43
07/01/2021 04:00:00 PM,74,46,28
07/01/2021 05:00:00 PM,94,62,32
07/01/2021 06:00:00 PM,65,41,24
07/01/2021 07:00:00 PM,47,28,19
07/01/2021 08:00:00 PM,24,13,11
07/01/2021 09:00:00 PM,24,16,8
07/01/2021 10:00:00 PM,13,5,8
07/01/2021 11:00:00 PM,6,1,5
07/02/2021 12:00:00 AM,8,7,1
07/02/2021 01:00:00 AM,6,4,2
07/02/2021 02:00:00 AM,2,2,0
07/02/2021 03:00:00 AM,1,0,1
07/02/2021 04:00:00 AM,0,0,0
07/02/2021 05:00:00 AM,14,2,12
07/02/2021 06:00:00 AM,21,5,16
07/02/2021 07:00:00 AM,41,9,32
07/02/2021 08:00:00 AM,37,17,20
07/02/2021 09:00:00 AM,37,26,11
07/02/2021 10:00:00 AM,31,23,8
07/02/2021 11:00:00 AM,31,16,15
07/02/2021 12:00:00 PM,19,10,9
07/02/2021 01:00:00 PM,53,28,25
07/02/2021 02:00:00 PM,61,35,26
07/02/2021 03:00:00 PM,59,36,23
07/02/2021 04:00:00 PM,71,47,24
07/02/2021 05:00:00 PM,102,61,41
07/02/2021 06:00:00 PM,74,57,17
07/02/2021 07:00:00 PM,49,30,19
07/02/2021 08:00:00 PM,33,21,12
07/02/2021 09:00:00 PM,26,16,10
07/02/2021 10:00:00 PM,31,8,23
07/02/2021 11:00:00 PM,46,19,27
07/03/2021 12:00:00 AM,55,9,46
07/03/2021 01:00:00 AM,6,4,2
07/03/2021 02:00:00 AM,5,3,2
07/03/2021 03:00:00 AM,2,0,2
07/03/2021 04:00:00 AM,2,0,2
07/03/2021 05:00:00 AM,6,2,4
07/03/2021 06:00:00 AM,4,2,2
07/03/2021 07:00:00 AM,16,12,4
07/03/2021 08:00:00 AM,26,16,10
07/03/2021 09:00:00 AM,24,13,11
07/03/2021 10:00:00 AM,42,29,13
07/03/2021 11:00:00 AM,44,32,12
07/03/2021 12:00:00 PM,33,21,12
07/03/2021 01:00:00 PM,42,22,20
07/03/2021 02:00:00 PM,63,37,26
07/03/2021 03:00:00 PM,47,25,22
07/03/2021 04:00:00 PM,70,39,31
07/03/2021 05:00:00 PM,45,33,12
07/03/2021 06:00:00 PM,61,34,27
07/03/2021 07:00:00 PM,29,16,13
07/03/2021 08:00:00 PM,26,15,11
07/03/2021 09:00:00 PM,42,20,22
07/03/2021 10:00:00 PM,39,11,28
07/03/2021 11:00:00 PM,18,9,9
07/04/2021 12:00:00 AM,5,4,1
07/04/2021 01:00:00 AM,15,12,3
07/04/2021 02:00:00 AM,2,1,1
07/04/2021 03:00:00 AM,3,2,1
07/04/2021 04:00:00 AM,1,1,0
07/04/2021 05:00:00 AM,4,3,1
07/04/2021 06:00:00 AM,2,2,0
07/04/2021 07:00:00 AM,5,2,3
07/04/2021 08:00:00 AM,16,9,7
07/04/2021 09:00:00 AM,21,15,6
07/04/2021 10:00:00 AM,34,27,7
07/04/2021 11:00:00 AM,29,19,10
07/04/2021 12:00:00 PM,56,38,18
07/04/2021 01:00:00 PM,58,40,18
07/04/2021 02:00:00 PM,34,19,15
07/04/2021 03:00:00 PM,45,19,26
07/04/2021 04:00:00 PM,56,12,44
07/04/2021 05:00:00 PM,35,17,18
07/04/2021 06:00:00 PM,36,28,8
07/04/2021 07:00:00 PM,33,15,18
07/04/2021 08:00:00 PM,22,9,13
07/04/2021 09:00:00 PM,18,10,8
07/04/2021 10:00:00 PM,23,14,9
07/04/2021 11:00:00 PM,13,8,5
07/05/2021 12:00:00 AM,3,3,0
07/05/2021 01:00:00 AM,10,6,4
07/05/2021 02:00:00 AM,4,1,3
07/05/2021 03:00:00 AM,0,0,0
07/05/2021 04:00:00 AM,2,2,0
07/05/2021 05:00:00 AM,2,0,2
07/05/2021 06:00:00 AM,3,2,1
07/05/2021 07:00:00 AM,13,3,10
07/05/2021 08:00:00 AM,8,3,5
07/05/2021 09:00:00 AM,21,12,9
07/05/2021 10:00:00 AM,20,19,1
07/05/2021 11:00:00 AM,31,18,13
07/05/2021 12:00:00 PM,51,34,17
07/05/2021 01:00:00 PM,51,19,32
07/05/2021 02:00:00 PM,32,16,16
07/05/2021 03:00:00 PM,33,17,16
07/05/2021 04:00:00 PM,38,19,19
07/05/2021 05:00:00 PM,36,15,21
07/05/2021 06:00:00 PM,35,13,22
07/05/2021 07:00:00 PM,19,7,12
07/05/2021 08:00:00 PM,11,6,5
07/05/2021 09:00:00 PM,15,8,7
07/05/2021 10:00:00 PM,13,5,8
07/05/2021 11:00:00 PM,11,3,8
07/06/2021 12:00:00 AM,2,1,1
07/06/2021 01:00:00 AM,2,2,0
07/06/2021 02:00:00 AM,3,1,2
07/06/2021 03:00:00 AM,0,0,0
07/06/2021 04:00:00 AM,0,0,0
07/06/2021 05:00:00 AM,12,2,10
07/06/2021 06:00:00 AM,35,10,25
07/06/2021 07:00:00 AM,52,19,33
07/06/2021 08:00:00 AM,58,27,31
07/06/2021 09:00:00 AM,34,19,15
07/06/2021 10:00:00 AM,26,15,11
07/06/2021 11:00:00 AM,33,15,18
07/06/2021 12:00:00 PM,38,18,20
07/06/2021 01:00:00 PM,34,17,17
07/06/2021 02:00:00 PM,42,26,16
07/06/2021 03:00:00 PM,58,38,20
07/06/2021 04:00:00 PM,79,48,31
07/06/2021 05:00:00 PM,109,71,38
07/06/2021 06:00:00 PM,73,51,22
07/06/2021 07:00:00 PM,31,17,14
07/06/2021 08:00:00 PM,20,9,11
07/06/2021 09:00:00 PM,20,7,13
07/06/2021 10:00:00 PM,28,6,22
07/06/2021 11:00:00 PM,9,4,5
07/07/2021 12:00:00 AM,13,6,7
07/07/2021 01:00:00 AM,2,0,2
07/07/2021 02:00:00 AM,1,1,0
07/07/2021 03:00:00 AM,1,1,0
07/07/2021 04:00:00 AM,4,3,1
07/07/2021 05:00:00 AM,14,2,12
07/07/2021 06:00:00 AM,28,9,19
07/07/2021 07:00:00 AM,60,26,34
07/07/2021 08:00:00 AM,62,26,36
07/07/2021 09:00:00 AM,34,17,17
07/07/2021 10:00:00 AM,26,13,13
07/07/2021 11:00:00 AM,33,21,12
07/07/2021 12:00:00 PM,42,24,18
07/07/2021 01:00:00 PM,29,19,10
07/07/2021 02:00:00 PM,39,19,20
07/07/2021 03:00:00 PM,44,33,11
07/07/2021 04:00:00 PM,85,50,35
07/07/2021 05:00:00 PM,165,126,39
07/07/2021 06:00:00 PM,111,77,34
07/07/2021 07:00:00 PM,49,30,19
07/07/2021 08:00:00 PM,78,14,64
07/07/2021 09:00:00 PM,29,10,19
07/07/2021 10:00:00 PM,45,11,34
07/07/2021 11:00:00 PM,23,12,11
07/08/2021 12:00:00 AM,8,2,6
07/08/2021 01:00:00 AM,6,6,0
07/08/2021 02:00:00 AM,0,0,0
07/08/2021 03:00:00 AM,1,0,1
07/08/2021 04:00:00 AM,0,0,0
07/08/2021 05:00:00 AM,17,2,15
07/08/2021 06:00:00 AM,30,9,21
07/08/2021 07:00:00 AM,59,22,37
07/08/2021 08:00:00 AM,51,22,29
07/08/2021 09:00:00 AM,44,27,17
07/08/2021 10:00:00 AM,44,24,20
07/08/2021 11:00:00 AM,46,26,20
07/08/2021 12:00:00 PM,48,29,19
07/08/2021 01:00:00 PM,47,30,17
07/08/2021 02:00:00 PM,36,22,14
07/08/2021 03:00:00 PM,61,43,18
07/08/2021 04:00:00 PM,103,54,49
07/08/2021 05:00:00 PM,111,72,39
07/08/2021 06:00:00 PM,60,33,27
07/08/2021 07:00:00 PM,41,15,26
07/08/2021 08:00:00 PM,29,10,19
07/08/2021 09:00:00 PM,20,11,9
07/08/2021 10:00:00 PM,19,11,8
07/08/2021 11:00:00 PM,8,4,4
07/09/2021 12:00:00 AM,5,1,4
07/09/2021 01:00:00 AM,2,2,0
07/09/2021 02:00:00 AM,4,4,0
07/09/2021 03:00:00 AM,1,1,0
07/09/2021 04:00:00 AM,2,1,1
07/09/2021 05:00:00 AM,18,6,12
07/09/2021 06:00:00 AM,21,7,14
07/09/2021 07:00:00 AM,51,20,31
07/09/2021 08:00:00 AM,50,23,27
07/09/2021 09:00:00 AM,44,27,17
07/09/2021 10:00:00 AM,38,20,18
07/09/2021 11:00:00 AM,34,21,13
07/09/2021 12:00:00 PM,45,24,21
07/09/2021 01:00:00 PM,50,31,19
07/09/2021 02:00:00 PM,52,32,20
07/09/2021 03:00:00 PM,55,32,23
07/09/2021 04:00:00 PM,86,52,34
07/09/2021 05:00:00 PM,107,78,29
07/09/2021 06:00:00 PM,74,48,26
07/09/2021 07:00:00 PM,31,18,13
07/09/2021 08:00:00 PM,33,18,15
07/09/2021 09:00:00 PM,36,15,21
07/09/2021 10:00:00 PM,39,15,24
07/09/2021 11:00:00 PM,45,8,37
07/10/2021 12:00:00 AM,16,5,11
07/10/2021 01:00:00 AM,8,5,3
07/10/2021 02:00:00 AM,5,3,2
07/10/2021 03:00:00 AM,3,1,2
07/10/2021 04:00:00 AM,0,0,0
07/10/2021 05:00:00 AM,2,0,2
07/10/2021 06:00:00 AM,5,3,2
07/10/2021 07:00:00 AM,14,8,6
07/10/2021 08:00:00 AM,31,17,14
07/10/2021 09:00:00 AM,23,11,12
07/10/2021 10:00:00 AM,30,22,8
07/10/2021 11:00:00 AM,27,17,10
07/10/2021 12:00:00 PM,43,21,22
07/10/2021 01:00:00 PM,54,42,12
07/10/2021 02:00:00 PM,66,43,23
07/10/2021 03:00:00 PM,52,38,14
07/10/2021 04:00:00 PM,66,38,28
07/10/2021 05:00:00 PM,43,26,17
07/10/2021 06:00:00 PM,48,30,18
07/10/2021 07:00:00 PM,49,25,24
07/10/2021 08:00:00 PM,44,18,26
07/10/2021 09:00:00 PM,24,8,16
07/10/2021 10:00:00 PM,60,9,51
07/10/2021 11:00:00 PM,5,4,1
07/11/2021 12:00:00 AM,9,5,4
07/11/2021 01:00:00 AM,6,5,1
07/11/2021 02:00:00 AM,1,1,0
07/11/2021 03:00:00 AM,0,0,0
07/11/2021 04:00:00 AM,0,0,0
07/11/2021 05:00:00 AM,1,0,1
07/11/2021 06:00:00 AM,5,4,1
07/11/2021 07:00:00 AM,4,1,3
07/11/2021 08:00:00 AM,9,7,2
07/11/2021 09:00:00 AM,21,12,9
07/11/2021 10:00:00 AM,24,13,11
07/11/2021 11:00:00 AM,43,19,24
07/11/2021 12:00:00 PM,62,45,17
07/11/2021 01:00:00 PM,50,35,15
07/11/2021 02:00:00 PM,55,30,25
07/11/2021 03:00:00 PM,48,23,25
07/11/2021 04:00:00 PM,49,19,30
07/11/2021 05:00:00 PM,46,19,27
07/11/2021 06:00:00 PM,45,17,28
07/11/2021 07:00:00 PM,20,8,12
07/11/2021 08:00:00 PM,26,15,11
07/11/2021 09:00:00 PM,21,10,11
07/11/2021 10:00:00 PM,17,9,8
07/11/2021 11:00:00 PM,11,3,8
07/12/2021 12:00:00 AM,6,2,4
07/12/2021 01:00:00 AM,5,3,2
07/12/2021 02:00:00 AM,0,0,0
07/12/2021 03:00:00 AM,0,0,0
07/12/2021 04:00:00 AM,2,2,0
07/12/2021 05:00:00 AM,10,3,7
07/12/2021 06:00:00 AM,22,6,16
07/12/2021 07:00:00 AM,65,24,41
07/12/2021 08:00:00 AM,54,25,29
07/12/2021 09:00:00 AM,39,19,20
07/12/2021 10:00:00 AM,27,18,9
07/12/2021 11:00:00 AM,25,12,13
07/12/2021 12:00:00 PM,27,14,13
07/12/2021 01:00:00 PM,32,20,12
07/12/2021 02:00:00 PM,37,23,14
07/12/2021 03:00:00 PM,54,41,13
07/12/2021 04:00:00 PM,43,28,15
07/12/2021 05:00:00 PM,109,70,39
07/12/2021 06:00:00 PM,67,39,28
07/12/2021 07:00:00 PM,37,21,16
07/12/2021 08:00:00 PM,16,9,7
07/12/2021 09:00:00 PM,30,22,8
07/12/2021 10:00:00 PM,10,1,9
07/12/2021 11:00:00 PM,6,1,5
07/13/2021 12:00:00 AM,5,4,1
07/13/2021 01:00:00 AM,1,0,1
07/13/2021 02:00:00 AM,1,0,1
07/13/2021 03:00:00 AM,0,0,0
07/13/2021 04:00:00 AM,2,2,0
07/13/2021 05:00:00 AM,20,5,15
07/13/2021 06:00:00 AM,25,7,18
07/13/2021 07:00:00 AM,68,31,37
07/13/2021 08:00:00 AM,73,28,45
07/13/2021 09:00:00 AM,45,16,29
07/13/2021 10:00:00 AM,26,18,8
07/13/2021 11:00:00 AM,26,17,9
07/13/2021 12:00:00 PM,45,20,25
07/13/2021 01:00:00 PM,31,17,14
07/13/2021 02:00:00 PM,37,21,16
07/13/2021 03:00:00 PM,50,33,17
07/13/2021 04:00:00 PM,78,52,26
07/13/2021 05:00:00 PM,137,90,47
07/13/2021 06:00:00 PM,64,38,26
07/13/2021 07:00:00 PM,26,11,15
07/13/2021 08:00:00 PM,29,19,10
07/13/2021 09:00:00 PM,22,15,7
07/13/2021 10:00:00 PM,16,7,9
07/13/2021 11:00:00 PM,14,4,10
07/14/2021 12:00:00 AM,4,2,2
07/14/2021 01:00:00 AM,2,0,2
07/14/2021 02:00:00 AM,0,0,0
07/14/2021 03:00:00 AM,3,3,0
07/14/2021 04:00:00 AM,1,1,0
07/14/2021 05:00:00 AM,14,3,11
07/14/2021 06:00:00 AM,34,6,28
07/14/2021 07:00:00 AM,64,17,47
07/14/2021 08:00:00 AM,84,37,47
07/14/2021 09:00:00 AM,40,22,18
07/14/2021 10:00:00 AM,24,13,11
07/14/2021 11:00:00 AM,32,18,14
07/14/2021 12:00:00 PM,42,23,19
07/14/2021 01:00:00 PM,34,17,17
07/14/2021 02:00:00 PM,44,23,21
07/14/2021 03:00:00 PM,65,47,18
07/14/2021 04:00:00 PM,89,58,31
07/14/2021 05:00:00 PM,123,83,40
07/14/2021 06:00:00 PM,73,47,26
07/14/2021 07:00:00 PM,39,21,18
07/14/2021 08:00:00 PM,29,16,13
07/14/2021 09:00:00 PM,19,9,10
07/14/2021 10:00:00 PM,11,3,8
07/14/2021 11:00:00 PM,5,3,2
07/15/2021 12:00:00 AM,4,2,2
07/15/2021 01:00:00 AM,4,4,0
07/15/2021 02:00:00 AM,2,2,0
07/15/2021 03:00:00 AM,0,0,0
07/15/2021 04:00:00 AM,3,1,2
07/15/2021 05:00:00 AM,15,4,11
07/15/2021 06:00:00 AM,31,9,22
07/15/2021 07:00:00 AM,61,19,42
07/15/2021 08:00:00 AM,72,30,42
07/15/2021 09:00:00 AM,46,22,24
07/15/2021 10:00:00 AM,40,23,17
07/15/2021 11:00:00 AM,23,14,9
07/15/2021 12:00:00 PM,35,13,22
07/15/2021 01:00:00 PM,41,23,18
07/15/2021 02:00:00 PM,56,31,25
07/15/2021 03:00:00 PM,73,50,23
07/15/2021 04:00:00 PM,85,56,29
07/15/2021 05:00:00 PM,129,84,45
07/15/2021 06:00:00 PM,69,46,23
07/15/2021 07:00:00 PM,33,18,15
07/15/2021 08:00:00 PM,29,17,12
07/15/2021 09:00:00 PM,25,16,9
07/15/2021 10:00:00 PM,17,8,9
07/15/2021 11:00:00 PM,5,4,1
07/16/2021 12:00:00 AM,4,1,3
07/16/2021 01:00:00 AM,3,2,1
07/16/2021 02:00:00 AM,3,2,1
07/16/2021 03:00:00 AM,2,1,1
07/16/2021 04:00:00 AM,3,0,3
07/16/2021 05:00:00 AM,14,2,12
07/16/2021 06:00:00 AM,24,10,14
07/16/2021 07:00:00 AM,52,14,38
07/16/2021 08:00:00 AM,48,19,29
07/16/2021 09:00:00 AM,43,23,20
07/16/2021 10:00:00 AM,41,26,15
07/16/2021 11:00:00 AM,16,6,10
07/16/2021 12:00:00 PM,43,22,21
07/16/2021 01:00:00 PM,44,25,19
07/16/2021 02:00:00 PM,38,26,12
07/16/2021 03:00:00 PM,61,46,15
07/16/2021 04:00:00 PM,77,42,35
07/16/2021 05:00:00 PM,88,46,42
07/16/2021 06:00:00 PM,45,29,16
07/16/2021 07:00:00 PM,38,22,16
07/16/2021 08:00:00 PM,24,9,15
07/16/2021 09:00:00 PM,26,15,11
07/16/2021 10:00:00 PM,24,18,6
07/16/2021 11:00:00 PM,12,3,9
07/17/2021 12:00:00 AM,4,1,3
07/17/2021 01:00:00 AM,6,3,3
07/17/2021 02:00:00 AM,2,1,1
07/17/2021 03:00:00 AM,0,0,0
07/17/2021 04:00:00 AM,2,1,1
07/17/2021 05:00:00 AM,1,0,1
07/17/2021 06:00:00 AM,1,0,1
07/17/2021 07:00:00 AM,15,9,6
07/17/2021 08:00:00 AM,18,12,6
07/17/2021 09:00:00 AM,32,20,12
07/17/2021 10:00:00 AM,30,19,11
07/17/2021 11:00:00 AM,52,30,22
07/17/2021 12:00:00 PM,52,31,21
07/17/2021 01:00:00 PM,68,38,30
07/17/2021 02:00:00 PM,53,32,21
07/17/2021 03:00:00 PM,55,27,28
07/17/2021 04:00:00 PM,54,29,25
07/17/2021 05:00:00 PM,60,32,28
07/17/2021 06:00:00 PM,59,31,28
07/17/2021 07:00:00 PM,40,15,25
07/17/2021 08:00:00 PM,38,19,19
07/17/2021 09:00:00 PM,29,13,16
07/17/2021 10:00:00 PM,12,9,3
07/17/2021 11:00:00 PM,13,3,10
07/18/2021 12:00:00 AM,7,4,3
07/18/2021 01:00:00 AM,4,3,1
07/18/2021 02:00:00 AM,7,4,3
07/18/2021 03:00:00 AM,1,0,1
07/18/2021 04:00:00 AM,2,0,2
07/18/2021 05:00:00 AM,1,1,0
07/18/2021 06:00:00 AM,4,4,0
07/18/2021 07:00:00 AM,14,10,4
07/18/2021 08:00:00 AM,13,8,5
07/18/2021 09:00:00 AM,17,11,6
07/18/2021 10:00:00 AM,30,16,14
07/18/2021 11:00:00 AM,44,21,23
07/18/2021 12:00:00 PM,46,21,25
07/18/2021 01:00:00 PM,45,25,20
07/18/2021 02:00:00 PM,59,27,32
07/18/2021 03:00:00 PM,50,27,23
07/18/2021 04:00:00 PM,26,13,13
07/18/2021 05:00:00 PM,40,23,17
07/18/2021 06:00:00 PM,43,17,26
07/18/2021 07:00:00 PM,27,16,11
07/18/2021 08:00:00 PM,22,10,12
07/18/2021 09:00:00 PM,15,6,9
07/18/2021 10:00:00 PM,11,9,2
07/18/2021 11:00:00 PM,9,1,8
07/19/2021 12:00:00 AM,2,0,2
07/19/2021 01:00:00 AM,4,4,0
07/19/2021 02:00:00 AM,0,0,0
07/19/2021 03:00:00 AM,0,0,0
07/19/2021 04:00:00 AM,0,0,0
07/19/2021 05:00:00 AM,20,3,17
07/19/2021 06:00:00 AM,32,9,23
07/19/2021 07:00:00 AM,48,15,33
07/19/2021 08:00:00 AM,63,21,42
07/19/2021 09:00:00 AM,60,25,35
07/19/2021 10:00:00 AM,33,19,14
07/19/2021 11:00:00 AM,34,12,22
07/19/2021 12:00:00 PM,49,29,20
07/19/2021 01:00:00 PM,33,21,12
07/19/2021 02:00:00 PM,53,34,19
07/19/2021 03:00:00 PM,50,35,15
07/19/2021 04:00:00 PM,53,41,12
07/19/2021 05:00:00 PM,109,70,39
07/19/2021 06:00:00 PM,58,32,26
07/19/2021 07:00:00 PM,54,33,21
07/19/2021 08:00:00 PM,28,12,16
07/19/2021 09:00:00 PM,19,8,11
07/19/2021 10:00:00 PM,13,4,9
07/19/2021 11:00:00 PM,6,4,2
07/20/2021 12:00:00 AM,3,2,1
07/20/2021 01:00:00 AM,1,1,0
07/20/2021 02:00:00 AM,0,0,0
07/20/2021 03:00:00 AM,1,0,1
07/20/2021 04:00:00 AM,3,1,2
07/20/2021 05:00:00 AM,21,5,16
07/20/2021 06:00:00 AM,32,11,21
07/20/2021 07:00:00 AM,65,18,47
07/20/2021 08:00:00 AM,76,37,39
07/20/2021 09:00:00 AM,38,22,16
07/20/2021 10:00:00 AM,33,19,14
07/20/2021 11:00:00 AM,34,20,14
07/20/2021 12:00:00 PM,41,22,19
07/20/2021 01:00:00 PM,48,21,27
07/20/2021 02:00:00 PM,41,21,20
07/20/2021 03:00:00 PM,56,40,16
07/20/2021 04:00:00 PM,73,49,24
07/20/2021 05:00:00 PM,130,84,46
07/20/2021 06:00:00 PM,78,46,32
07/20/2021 07:00:00 PM,44,18,26
07/20/2021 08:00:00 PM,20,11,9
07/20/2021 09:00:00 PM,23,13,10
07/20/2021 10:00:00 PM,19,7,12
07/20/2021 11:00:00 PM,7,3,4
07/21/2021 12:00:00 AM,1,0,1
07/21/2021 01:00:00 AM,2,1,1
07/21/2021 02:00:00 AM,1,1,0
07/21/2021 03:00:00 AM,0,0,0
07/21/2021 04:00:00 AM,3,1,2
07/21/2021 05:00:00 AM,19,3,16
07/21/2021 06:00:00 AM,29,11,18
07/21/2021 07:00:00 AM,81,26,55
07/21/2021 08:00:00 AM,58,22,36
07/21/2021 09:00:00 AM,43,19,24
07/21/2021 10:00:00 AM,39,20,19
07/21/2021 11:00:00 AM,34,16,18
07/21/2021 12:00:00 PM,40,24,16
07/21/2021 01:00:00 PM,43,26,17
07/21/2021 02:00:00 PM,50,26,24
07/21/2021 03:00:00 PM,63,35,28
07/21/2021 04:00:00 PM,69,45,24
07/21/2021 05:00:00 PM,122,73,49
07/21/2021 06:00:00 PM,71,44,27
07/21/2021 07:00:00 PM,37,20,17
07/21/2021 08:00:00 PM,31,14,17
07/21/2021 09:00:00 PM,22,11,11
07/21/2021 10:00:00 PM,17,6,11
07/21/2021 11:00:00 PM,6,1,5
07/22/2021 12:00:00 AM,8,6,2
07/22/2021 01:00:00 AM,3,1,2
07/22/2021 02:00:00 AM,3,1,2
07/22/2021 03:00:00 AM,0,0,0
07/22/2021 04:00:00 AM,2,1,1
07/22/2021 05:00:00 AM,22,3,19
07/22/2021 06:00:00 AM,28,8,20
07/22/2021 07:00:00 AM,78,22,56
07/22/2021 08:00:00 AM,67,33,34
07/22/2021 09:00:00 AM,47,29,18
07/22/2021 10:00:00 AM,42,18,24
07/22/2021 11:00:00 AM,24,9,15
07/22/2021 12:00:00 PM,38,24,14
07/22/2021 01:00:00 PM,42,26,16
07/22/2021 02:00:00 PM,50,35,15
07/22/2021 03:00:00 PM,73,52,21
07/22/2021 04:00:00 PM,83,54,29
07/22/2021 05:00:00 PM,145,93,52
07/22/2021 06:00:00 PM,97,64,33
07/22/2021 07:00:00 PM,45,25,20
07/22/2021 08:00:00 PM,35,17,18
07/22/2021 09:00:00 PM,48,19,29
07/22/2021 10:00:00 PM,36,15,21
07/22/2021 11:00:00 PM,15,3,12
07/23/2021 12:00:00 AM,5,3,2
07/23/2021 01:00:00 AM,0,0,0
07/23/2021 02:00:00 AM,3,1,2
07/23/2021 03:00:00 AM,2,2,0
07/23/2021 04:00:00 AM,0,0,0
07/23/2021 05:00:00 AM,13,2,11
07/23/2021 06:00:00 AM,39,14,25
07/23/2021 07:00:00 AM,49,18,31
07/23/2021 08:00:00 AM,58,27,31
07/23/2021 09:00:00 AM,43,19,24
07/23/2021 10:00:00 AM,37,26,11
07/23/2021 11:00:00 AM,34,23,11
07/23/2021 12:00:00 PM,34,20,14
07/23/2021 01:00:00 PM,44,24,20
07/23/2021 02:00:00 PM,52,35,17
07/23/2021 03:00:00 PM,74,49,25
07/23/2021 04:00:00 PM,91,64,27
07/23/2021 05:00:00 PM,101,63,38
07/23/2021 06:00:00 PM,62,39,23
07/23/2021 07:00:00 PM,49,23,26
07/23/2021 08:00:00 PM,36,17,19
07/23/2021 09:00:00 PM,27,12,15
07/23/2021 10:00:00 PM,50,21,29
07/23/2021 11:00:00 PM,31,10,21
07/24/2021 12:00:00 AM,13,12,1
07/24/2021 01:00:00 AM,5,3,2
07/24/2021 02:00:00 AM,5,1,4
07/24/2021 03:00:00 AM,3,0,3
07/24/2021 04:00:00 AM,0,0,0
07/24/2021 05:00:00 AM,2,0,2
07/24/2021 06:00:00 AM,5,2,3
07/24/2021 07:00:00 AM,6,4,2
07/24/2021 08:00:00 AM,23,17,6
07/24/2021 09:00:00 AM,24,16,8
07/24/2021 10:00:00 AM,40,32,8
07/24/2021 11:00:00 AM,60,40,20
07/24/2021 12:00:00 PM,90,40,50
07/24/2021 01:00:00 PM,79,37,42
07/24/2021 02:00:00 PM,75,47,28
07/24/2021 03:00:00 PM,67,38,29
07/24/2021 04:00:00 PM,70,32,38
07/24/2021 05:00:00 PM,68,42,26
07/24/2021 06:00:00 PM,73,46,27
07/24/2021 07:00:00 PM,42,23,19
07/24/2021 08:00:00 PM,20,8,12
07/24/2021 09:00:00 PM,36,14,22
07/24/2021 10:00:00 PM,25,6,19
07/24/2021 11:00:00 PM,37,9,28
07/25/2021 12:00:00 AM,7,2,5
07/25/2021 01:00:00 AM,9,5,4
07/25/2021 02:00:00 AM,5,4,1
07/25/2021 03:00:00 AM,2,1,1
07/25/2021 04:00:00 AM,1,1,0
07/25/2021 05:00:00 AM,1,0,1
07/25/2021 06:00:00 AM,3,2,1
07/25/2021 07:00:00 AM,14,8,6
07/25/2021 08:00:00 AM,13,5,8
07/25/2021 09:00:00 AM,38,24,14
07/25/2021 10:00:00 AM,46,26,20
07/25/2021 11:00:00 AM,44,32,12
07/25/2021 12:00:00 PM,57,44,13
07/25/2021 01:00:00 PM,53,34,19
07/25/2021 02:00:00 PM,46,24,22
07/25/2021 03:00:00 PM,72,42,30
07/25/2021 04:00:00 PM,88,50,38
07/25/2021 05:00:00 PM,74,47,27
07/25/2021 06:00:00 PM,43,22,21
07/25/2021 07:00:00 PM,34,12,22
07/25/2021 08:00:00 PM,66,10,56
07/25/2021 09:00:00 PM,30,16,14
07/25/2021 10:00:00 PM,10,6,4
07/25/2021 11:00:00 PM,4,0,4
07/26/2021 12:00:00 AM,3,2,1
07/26/2021 01:00:00 AM,4,2,2
07/26/2021 02:00:00 AM,0,0,0
07/26/2021 03:00:00 AM,0,0,0
07/26/2021 04:00:00 AM,2,2,0
07/26/2021 05:00:00 AM,17,6,11
07/26/2021 06:00:00 AM,28,7,21
07/26/2021 07:00:00 AM,61,24,37
07/26/2021 08:00:00 AM,56,26,30
07/26/2021 09:00:00 AM,45,22,23
07/26/2021 10:00:00 AM,32,16,16
07/26/2021 11:00:00 AM,41,27,14
07/26/2021 12:00:00 PM,42,20,22
07/26/2021 01:00:00 PM,38,25,13
07/26/2021 02:00:00 PM,42,23,19
07/26/2021 03:00:00 PM,60,36,24
07/26/2021 04:00:00 PM,88,54,34
07/26/2021 05:00:00 PM,118,68,50
07/26/2021 06:00:00 PM,75,49,26
07/26/2021 07:00:00 PM,35,21,14
07/26/2021 08:00:00 PM,33,18,15
07/26/2021 09:00:00 PM,30,12,18
07/26/2021 10:00:00 PM,10,2,8
07/26/2021 11:00:00 PM,32,2,30
07/27/2021 12:00:00 AM,2,1,1
07/27/2021 01:00:00 AM,5,3,2
07/27/2021 02:00:00 AM,2,0,2
07/27/2021 03:00:00 AM,1,0,1
07/27/2021 04:00:00 AM,1,1,0
07/27/2021 05:00:00 AM,21,7,14
07/27/2021 06:00:00 AM,26,8,18
07/27/2021 07:00:00 AM,64,23,41
07/27/2021 08:00:00 AM,62,19,43
07/27/2021 09:00:00 AM,50,33,17
07/27/2021 10:00:00 AM,44,24,20
07/27/2021 11:00:00 AM,33,14,19
07/27/2021 12:00:00 PM,32,18,14
07/27/2021 01:00:00 PM,37,25,12
07/27/2021 02:00:00 PM,47,28,19
07/27/2021 03:00:00 PM,63,43,20
07/27/2021 04:00:00 PM,89,63,26
07/27/2021 05:00:00 PM,125,76,49
07/27/2021 06:00:00 PM,112,77,35
07/27/2021 07:00:00 PM,54,33,21
07/27/2021 08:00:00 PM,29,15,14
07/27/2021 09:00:00 PM,20,10,10
07/27/2021 10:00:00 PM,34,3,31
07/27/2021 11:00:00 PM,26,4,22
07/28/2021 12:00:00 AM,5,1,4
07/28/2021 01:00:00 AM,4,3,1
07/28/2021 02:00:00 AM,0,0,0
07/28/2021 03:00:00 AM,2,2,0
07/28/2021 04:00:00 AM,0,0,0
07/28/2021 05:00:00 AM,14,5,9
07/28/2021 06:00:00 AM,30,9,21
07/28/2021 07:00:00 AM,76,13,63
07/28/2021 08:00:00 AM,75,37,38
07/28/2021 09:00:00 AM,43,24,19
07/28/2021 10:00:00 AM,45,28,17
07/28/2021 11:00:00 AM,57,34,23
07/28/2021 12:00:00 PM,44,36,8
07/28/2021 01:00:00 PM,42,24,18
07/28/2021 02:00:00 PM,52,29,23
07/28/2021 03:00:00 PM,68,46,22
07/28/2021 04:00:00 PM,115,56,59
07/28/2021 05:00:00 PM,135,88,47
07/28/2021 06:00:00 PM,73,33,40
07/28/2021 07:00:00 PM,58,28,30
07/28/2021 08:00:00 PM,27,20,7
07/28/2021 09:00:00 PM,28,12,16
07/28/2021 10:00:00 PM,17,8,9
07/28/2021 11:00:00 PM,5,4,1
07/29/2021 12:00:00 AM,5,4,1
07/29/2021 01:00:00 AM,1,1,0
07/29/2021 02:00:00 AM,1,1,0
07/29/2021 03:00:00 AM,1,0,1
07/29/2021 04:00:00 AM,2,2,0
07/29/2021 05:00:00 AM,13,2,11
07/29/2021 06:00:00 AM,18,9,9
07/29/2021 07:00:00 AM,54,21,33
07/29/2021 08:00:00 AM,72,31,41
07/29/2021 09:00:00 AM,41,26,15
07/29/2021 10:00:00 AM,28,11,17
07/29/2021 11:00:00 AM,28,13,15
07/29/2021 12:00:00 PM,23,14,9
07/29/2021 01:00:00 PM,34,18,16
07/29/2021 02:00:00 PM,46,27,19
07/29/2021 03:00:00 PM,64,41,23
07/29/2021 04:00:00 PM,81,50,31
07/29/2021 05:00:00 PM,108,63,45
07/29/2021 06:00:00 PM,71,54,17
07/29/2021 07:00:00 PM,51,32,19
07/29/2021 08:00:00 PM,28,17,11
07/29/2021 09:00:00 PM,26,11,15
07/29/2021 10:00:00 PM,23,14,9
07/29/2021 11:00:00 PM,13,6,7
07/30/2021 12:00:00 AM,5,3,2
07/30/2021 01:00:00 AM,1,1,0
07/30/2021 02:00:00 AM,3,2,1
07/30/2021 03:00:00 AM,0,0,0
07/30/2021 04:00:00 AM,1,0,1
07/30/2021 05:00:00 AM,16,4,12
07/30/2021 06:00:00 AM,28,10,18
07/30/2021 07:00:00 AM,45,13,32
07/30/2021 08:00:00 AM,54,24,30
07/30/2021 09:00:00 AM,46,24,22
07/30/2021 10:00:00 AM,23,14,9
07/30/2021 11:00:00 AM,40,23,17
07/30/2021 12:00:00 PM,49,23,26
07/30/2021 01:00:00 PM,48,30,18
07/30/2021 02:00:00 PM,60,44,16
07/30/2021 03:00:00 PM,51,25,26
07/30/2021 04:00:00 PM,76,41,35
07/30/2021 05:00:00 PM,86,44,42
07/30/2021 06:00:00 PM,73,37,36
07/30/2021 07:00:00 PM,44,19,25
07/30/2021 08:00:00 PM,23,11,12
07/30/2021 09:00:00 PM,18,13,5
07/30/2021 10:00:00 PM,9,6,3
07/30/2021 11:00:00 PM,23,11,12
07/31/2021 12:00:00 AM,8,5,3
07/31/2021 01:00:00 AM,8,5,3
07/31/2021 02:00:00 AM,19,4,15
07/31/2021 03:00:00 AM,1,0,1
07/31/2021 04:00:00 AM,7,1,6
07/31/2021 05:00:00 AM,4,0,4
07/31/2021 06:00:00 AM,2,1,1
07/31/2021 07:00:00 AM,12,6,6
07/31/2021 08:00:00 AM,23,12,11
07/31/2021 09:00:00 AM,21,11,10
07/31/2021 10:00:00 AM,37,30,7
07/31/2021 11:00:00 AM,35,25,10
07/31/2021 12:00:00 PM,70,47,23
07/31/2021 01:00:00 PM,102,73,29
07/31/2021 02:00:00 PM,68,49,19
07/31/2021 03:00:00 PM,57,33,24
07/31/2021 04:00:00 PM,110,31,79
07/31/2021 05:00:00 PM,47,24,23
07/31/2021 06:00:00 PM,49,23,26
07/31/2021 07:00:00 PM,41,24,17
07/31/2021 08:00:00 PM,21,5,16
07/31/2021 09:00:00 PM,13,11,2
07/31/2021 10:00:00 PM,12,8,4
07/31/2021 11:00:00 PM,13,5,8
08/01/2021 12:00:00 AM,9,3,6
08/01/2021 01:00:00 AM,6,1,5
08/01/2021 02:00:00 AM,17,3,14
08/01/2021 03:00:00 AM,1,0,1
08/01/2021 04:00:00 AM,0,0,0
08/01/2021 05:00:00 AM,5,1,4
08/01/2021 06:00:00 AM,3,3,0
08/01/2021 07:00:00 AM,41,36,5
08/01/2021 08:00:00 AM,45,37,8
08/01/2021 09:00:00 AM,25,15,10
08/01/2021 10:00:00 AM,38,19,19
08/01/2021 11:00:00 AM,44,29,15
08/01/2021 12:00:00 PM,53,21,32
08/01/2021 01:00:00 PM,71,25,46
08/01/2021 02:00:00 PM,90,27,63
08/01/2021 03:00:00 PM,74,33,41
08/01/2021 04:00:00 PM,51,12,39
08/01/2021 05:00:00 PM,28,12,16
08/01/2021 06:00:00 PM,31,17,14
08/01/2021 07:00:00 PM,24,13,11
08/01/2021 08:00:00 PM,25,11,14
08/01/2021 09:00:00 PM,19,15,4
08/01/2021 10:00:00 PM,13,6,7
08/01/2021 11:00:00 PM,3,1,2
08/02/2021 12:00:00 AM,4,2,2
08/02/2021 01:00:00 AM,3,1,2
08/02/2021 02:00:00 AM,2,0,2
08/02/2021 03:00:00 AM,2,2,0
08/02/2021 04:00:00 AM,3,1,2
08/02/2021 05:00:00 AM,17,4,13
08/02/2021 06:00:00 AM,27,9,18
08/02/2021 07:00:00 AM,46,16,30
08/02/2021 08:00:00 AM,69,30,39
08/02/2021 09:00:00 AM,51,29,22
08/02/2021 10:00:00 AM,52,30,22
08/02/2021 11:00:00 AM,43,28,15
08/02/2021 12:00:00 PM,46,26,20
08/02/2021 01:00:00 PM,40,18,22
08/02/2021 02:00:00 PM,34,19,15
08/02/2021 03:00:00 PM,71,39,32
08/02/2021 04:00:00 PM,87,52,35
08/02/2021 05:00:00 PM,100,52,48
08/02/2021 06:00:00 PM,58,39,19
08/02/2021 07:00:00 PM,43,26,17
08/02/2021 08:00:00 PM,24,10,14
08/02/2021 09:00:00 PM,17,12,5
08/02/2021 10:00:00 PM,12,4,8
08/02/2021 11:00:00 PM,7,4,3
08/03/2021 12:00:00 AM,4,1,3
08/03/2021 01:00:00 AM,2,1,1
08/03/2021 02:00:00 AM,2,2,0
08/03/2021 03:00:00 AM,1,0,1
08/03/2021 04:00:00 AM,2,0,2
08/03/2021 05:00:00 AM,15,4,11
08/03/2021 06:00:00 AM,33,8,25
08/03/2021 07:00:00 AM,67,21,46
08/03/2021 08:00:00 AM,71,34,37
08/03/2021 09:00:00 AM,47,21,26
08/03/2021 10:00:00 AM,35,17,18
08/03/2021 11:00:00 AM,50,26,24
08/03/2021 12:00:00 PM,41,26,15
08/03/2021 01:00:00 PM,33,18,15
08/03/2021 02:00:00 PM,42,21,21
08/03/2021 03:00:00 PM,44,27,17
08/03/2021 04:00:00 PM,94,71,23
08/03/2021 05:00:00 PM,97,56,41
08/03/2021 06:00:00 PM,87,63,24
08/03/2021 07:00:00 PM,32,19,13
08/03/2021 08:00:00 PM,25,17,8
08/03/2021 09:00:00 PM,25,12,13
08/03/2021 10:00:00 PM,9,4,5
08/03/2021 11:00:00 PM,13,5,8
08/04/2021 12:00:00 AM,3,2,1
08/04/2021 01:00:00 AM,1,1,0
08/04/2021 02:00:00 AM,0,0,0
08/04/2021 03:00:00 AM,0,0,0
08/04/2021 04:00:00 AM,1,0,1
08/04/2021 05:00:00 AM,16,3,13
08/04/2021 06:00:00 AM,27,9,18
08/04/2021 07:00:00 AM,58,16,42
08/04/2021 08:00:00 AM,82,30,52
08/04/2021 09:00:00 AM,49,27,22
08/04/2021 10:00:00 AM,24,8,16
08/04/2021 11:00:00 AM,23,14,9
08/04/2021 12:00:00 PM,33,24,9
08/04/2021 01:00:00 PM,50,32,18
08/04/2021 02:00:00 PM,47,26,21
08/04/2021 03:00:00 PM,67,43,24
08/04/2021 04:00:00 PM,90,61,29
08/04/2021 05:00:00 PM,138,94,44
08/04/2021 06:00:00 PM,109,72,37
08/04/2021 07:00:00 PM,46,28,18
08/04/2021 08:00:00 PM,28,15,13
08/04/2021 09:00:00 PM,90,11,79
08/04/2021 10:00:00 PM,16,8,8
08/04/2021 11:00:00 PM,12,4,8
08/05/2021 12:00:00 AM,2,0,2
08/05/2021 01:00:00 AM,3,1,2
08/05/2021 02:00:00 AM,2,1,1
08/05/2021 03:00:00 AM,2,1,1
08/05/2021 04:00:00 AM,2,0,2
08/05/2021 05:00:00 AM,21,4,17
08/05/2021 06:00:00 AM,28,11,17
08/05/2021 07:00:00 AM,74,26,48
08/05/2021 08:00:00 AM,56,26,30
08/05/2021 09:00:00 AM,48,30,18
08/05/2021 10:00:00 AM,34,17,17
08/05/2021 11:00:00 AM,26,12,14
08/05/2021 12:00:00 PM,33,23,10
08/05/2021 01:00:00 PM,37,14,23
08/05/2021 02:00:00 PM,39,21,18
08/05/2021 03:00:00 PM,65,46,19
08/05/2021 04:00:00 PM,78,47,31
08/05/2021 05:00:00 PM,108,66,42
08/05/2021 06:00:00 PM,75,48,27
08/05/2021 07:00:00 PM,67,21,46
08/05/2021 08:00:00 PM,25,9,16
08/05/2021 09:00:00 PM,14,8,6
08/05/2021 10:00:00 PM,20,10,10
08/05/2021 11:00:00 PM,6,6,0
08/06/2021 12:00:00 AM,1,0,1
08/06/2021 01:00:00 AM,1,0,1
08/06/2021 02:00:00 AM,3,1,2
08/06/2021 03:00:00 AM,3,2,1
08/06/2021 04:00:00 AM,1,0,1
08/06/2021 05:00:00 AM,13,4,9
08/06/2021 06:00:00 AM,20,12,8
08/06/2021 07:00:00 AM,46,13,33
08/06/2021 08:00:00 AM,52,14,38
08/06/2021 09:00:00 AM,40,25,15
08/06/2021 10:00:00 AM,36,16,20
08/06/2021 11:00:00 AM,22,7,15
08/06/2021 12:00:00 PM,37,19,18
08/06/2021 01:00:00 PM,56,36,20
08/06/2021 02:00:00 PM,36,25,11
08/06/2021 03:00:00 PM,42,20,22
08/06/2021 04:00:00 PM,80,54,26
08/06/2021 05:00:00 PM,79,48,31
08/06/2021 06:00:00 PM,53,23,30
08/06/2021 07:00:00 PM,23,12,11
08/06/2021 08:00:00 PM,30,16,14
08/06/2021 09:00:00 PM,14,4,10
08/06/2021 10:00:00 PM,10,3,7
08/06/2021 11:00:00 PM,11,5,6
08/07/2021 12:00:00 AM,13,2,11
08/07/2021 01:00:00 AM,12,7,5
08/07/2021 02:00:00 AM,8,2,6
08/07/2021 03:00:00 AM,2,2,0
08/07/2021 04:00:00 AM,1,0,1
08/07/2021 05:00:00 AM,2,0,2
08/07/2021 06:00:00 AM,3,2,1
08/07/2021 07:00:00 AM,4,1,3
08/07/2021 08:00:00 AM,18,7,11
08/07/2021 09:00:00 AM,21,10,11
08/07/2021 10:00:00 AM,31,18,13
08/07/2021 11:00:00 AM,37,22,15
08/07/2021 12:00:00 PM,56,34,22
08/07/2021 01:00:00 PM,45,26,19
08/07/2021 02:00:00 PM,70,36,34
08/07/2021 03:00:00 PM,47,18,29
08/07/2021 04:00:00 PM,67,38,29
08/07/2021 05:00:00 PM,41,25,16
08/07/2021 06:00:00 PM,50,23,27
08/07/2021 07:00:00 PM,41,19,22
08/07/2021 08:00:00 PM,30,10,20
08/07/2021 09:00:00 PM,16,5,11
08/07/2021 10:00:00 PM,11,5,6
08/07/2021 11:00:00 PM,10,4,6
08/08/2021 12:00:00 AM,11,6,5
08/08/2021 01:00:00 AM,1,1,0
08/08/2021 02:00:00 AM,7,2,5
08/08/2021 03:00:00 AM,2,1,1
08/08/2021 04:00:00 AM,2,2,0
08/08/2021 05:00:00 AM,1,0,1
08/08/2021 06:00:00 AM,4,2,2
08/08/2021 07:00:00 AM,7,6,1
08/08/2021 08:00:00 AM,23,17,6
08/08/2021 09:00:00 AM,30,21,9
08/08/2021 10:00:00 AM,23,14,9
08/08/2021 11:00:00 AM,57,33,24
08/08/2021 12:00:00 PM,35,23,12
08/08/2021 01:00:00 PM,43,16,27
08/08/2021 02:00:00 PM,53,29,24
08/08/2021 03:00:00 PM,54,14,40
08/08/2021 04:00:00 PM,52,27,25
08/08/2021 05:00:00 PM,66,34,32
08/08/2021 06:00:00 PM,31,21,10
08/08/2021 07:00:00 PM,30,15,15
08/08/2021 08:00:00 PM,19,9,10
08/08/2021 09:00:00 PM,11,5,6
08/08/2021 10:00:00 PM,9,5,4
08/08/2021 11:00:00 PM,6,0,6
08/09/2021 12:00:00 AM,1,1,0
08/09/2021 01:00:00 AM,4,3,1
08/09/2021 02:00:00 AM,1,1,0
08/09/2021 03:00:00 AM,1,0,1
08/09/2021 04:00:00 AM,3,1,2
08/09/2021 05:00:00 AM,12,3,9
08/09/2021 06:00:00 AM,28,9,19
08/09/2021 07:00:00 AM,66,26,40
08/09/2021 08:00:00 AM,48,22,26
08/09/2021 09:00:00 AM,39,20,19
08/09/2021 10:00:00 AM,31,17,14
08/09/2021 11:00:00 AM,32,18,14
08/09/2021 12:00:00 PM,38,26,12
08/09/2021 01:00:00 PM,41,22,19
08/09/2021 02:00:00 PM,41,21,20
08/09/2021 03:00:00 PM,40,26,14
08/09/2021 04:00:00 PM,93,52,41
08/09/2021 05:00:00 PM,111,63,48
08/09/2021 06:00:00 PM,69,41,28
08/09/2021 07:00:00 PM,33,21,12
08/09/2021 08:00:00 PM,28,16,12
08/09/2021 09:00:00 PM,14,7,7
08/09/2021 10:00:00 PM,10,4,6
08/09/2021 11:00:00 PM,12,4,8
08/10/2021 12:00:00 AM,5,1,4
08/10/2021 01:00:00 AM,4,1,3
08/10/2021 02:00:00 AM,0,0,0
08/10/2021 03:00:00 AM,0,0,0
08/10/2021 04:00:00 AM,2,1,1
08/10/2021 05:00:00 AM,20,3,17
08/10/2021 06:00:00 AM,25,6,19
08/10/2021 07:00:00 AM,62,20,42
08/10/2021 08:00:00 AM,73,29,44
08/10/2021 09:00:00 AM,45,23,22
08/10/2021 10:00:00 AM,22,15,7
08/10/2021 11:00:00 AM,39,18,21
08/10/2021 12:00:00 PM,41,17,24
08/10/2021 01:00:00 PM,33,15,18
08/10/2021 02:00:00 PM,41,21,20
08/10/2021 03:00:00 PM,83,60,23
08/10/2021 04:00:00 PM,87,58,29
08/10/2021 05:00:00 PM,114,72,42
08/10/2021 06:00:00 PM,112,81,31
08/10/2021 07:00:00 PM,41,21,20
08/10/2021 08:00:00 PM,23,11,12
08/10/2021 09:00:00 PM,47,14,33
08/10/2021 10:00:00 PM,35,8,27
08/10/2021 11:00:00 PM,25,5,20
08/11/2021 12:00:00 AM,4,4,0
08/11/2021 01:00:00 AM,2,2,0
08/11/2021 02:00:00 AM,3,3,0
08/11/2021 03:00:00 AM,0,0,0
08/11/2021 04:00:00 AM,0,0,0
08/11/2021 05:00:00 AM,19,6,13
08/11/2021 06:00:00 AM,29,14,15
08/11/2021 07:00:00 AM,59,20,39
08/11/2021 08:00:00 AM,89,33,56
08/11/2021 09:00:00 AM,52,26,26
08/11/2021 10:00:00 AM,23,11,12
08/11/2021 11:00:00 AM,32,19,13
08/11/2021 12:00:00 PM,36,19,17
08/11/2021 01:00:00 PM,37,22,15
08/11/2021 02:00:00 PM,45,30,15
08/11/2021 03:00:00 PM,50,26,24
08/11/2021 04:00:00 PM,86,59,27
08/11/2021 05:00:00 PM,95,59,36
08/11/2021 06:00:00 PM,91,56,35
08/11/2021 07:00:00 PM,45,27,18
08/11/2021 08:00:00 PM,21,12,9
08/11/2021 09:00:00 PM,29,12,17
08/11/2021 10:00:00 PM,24,9,15
08/11/2021 11:00:00 PM,9,3,6
08/12/2021 12:00:00 AM,2,0,2
08/12/2021 01:00:00 AM,3,1,2
08/12/2021 02:00:00 AM,3,3,0
08/12/2021 03:00:00 AM,2,2,0
08/12/2021 04:00:00 AM,2,1,1
08/12/2021 05:00:00 AM,14,4,10
08/12/2021 06:00:00 AM,23,4,19
08/12/2021 07:00:00 AM,59,21,38
08/12/2021 08:00:00 AM,72,31,41
08/12/2021 09:00:00 AM,53,29,24
08/12/2021 10:00:00 AM,27,14,13
08/12/2021 11:00:00 AM,30,18,12
08/12/2021 12:00:00 PM,54,33,21
08/12/2021 01:00:00 PM,48,33,15
08/12/2021 02:00:00 PM,46,27,19
08/12/2021 03:00:00 PM,56,20,36
08/12/2021 04:00:00 PM,76,41,35
08/12/2021 05:00:00 PM,92,56,36
08/12/2021 06:00:00 PM,45,27,18
08/12/2021 07:00:00 PM,34,18,16
08/12/2021 08:00:00 PM,19,5,14
08/12/2021 09:00:00 PM,20,10,10
08/12/2021 10:00:00 PM,17,9,8
08/12/2021 11:00:00 PM,5,2,3
08/13/2021 12:00:00 AM,3,2,1
08/13/2021 01:00:00 AM,3,2,1
08/13/2021 02:00:00 AM,5,3,2
08/13/2021 03:00:00 AM,1,0,1
08/13/2021 04:00:00 AM,1,1,0
08/13/2021 05:00:00 AM,14,4,10
08/13/2021 06:00:00 AM,17,7,10
08/13/2021 07:00:00 AM,42,15,27
08/13/2021 08:00:00 AM,43,13,30
08/13/2021 09:00:00 AM,25,11,14
08/13/2021 10:00:00 AM,37,22,15
08/13/2021 11:00:00 AM,23,12,11
08/13/2021 12:00:00 PM,22,11,11
08/13/2021 01:00:00 PM,26,12,14
08/13/2021 02:00:00 PM,46,25,21
08/13/2021 03:00:00 PM,49,33,16
08/13/2021 04:00:00 PM,66,47,19
08/13/2021 05:00:00 PM,73,43,30
08/13/2021 06:00:00 PM,77,59,18
08/13/2021 07:00:00 PM,43,25,18
08/13/2021 08:00:00 PM,35,15,20
08/13/2021 09:00:00 PM,25,8,17
08/13/2021 10:00:00 PM,29,10,19
08/13/2021 11:00:00 PM,36,10,26
08/14/2021 12:00:00 AM,19,9,10
08/14/2021 01:00:00 AM,4,1,3
08/14/2021 02:00:00 AM,4,2,2
08/14/2021 03:00:00 AM,2,2,0
08/14/2021 04:00:00 AM,1,1,0
08/14/2021 05:00:00 AM,4,1,3
08/14/2021 06:00:00 AM,4,2,2
08/14/2021 07:00:00 AM,9,7,2
08/14/2021 08:00:00 AM,16,9,7
08/14/2021 09:00:00 AM,27,15,12
08/14/2021 10:00:00 AM,22,12,10
08/14/2021 11:00:00 AM,55,25,30
08/14/2021 12:00:00 PM,37,23,14
08/14/2021 01:00:00 PM,45,29,16
08/14/2021 02:00:00 PM,51,30,21
08/14/2021 03:00:00 PM,56,39,17
08/14/2021 04:00:00 PM,71,43,28
08/14/2021 05:00:00 PM,57,38,19
08/14/2021 06:00:00 PM,52,41,11
08/14/2021 07:00:00 PM,39,21,18
08/14/2021 08:00:00 PM,17,5,12
08/14/2021 09:00:00 PM,30,9,21
08/14/2021 10:00:00 PM,51,12,39
08/14/2021 11:00:00 PM,41,19,22
08/15/2021 12:00:00 AM,9,8,1
08/15/2021 01:00:00 AM,6,3,3
08/15/2021 02:00:00 AM,6,3,3
08/15/2021 03:00:00 AM,3,3,0
08/15/2021 04:00:00 AM,4,2,2
08/15/2021 05:00:00 AM,2,1,1
08/15/2021 06:00:00 AM,4,2,2
08/15/2021 07:00:00 AM,6,5,1
08/15/2021 08:00:00 AM,14,6,8
08/15/2021 09:00:00 AM,25,18,7
08/15/2021 10:00:00 AM,27,19,8
08/15/2021 11:00:00 AM,45,29,16
08/15/2021 12:00:00 PM,60,43,17
08/15/2021 01:00:00 PM,63,39,24
08/15/2021 02:00:00 PM,139,68,71
08/15/2021 03:00:00 PM,65,30,35
08/15/2021 04:00:00 PM,70,25,45
08/15/2021 05:00:00 PM,47,18,29
08/15/2021 06:00:00 PM,28,17,11
08/15/2021 07:00:00 PM,31,19,12
08/15/2021 08:00:00 PM,27,18,9
08/15/2021 09:00:00 PM,16,10,6
08/15/2021 10:00:00 PM,9,7,2
08/15/2021 11:00:00 PM,8,3,5
08/16/2021 12:00:00 AM,4,3,1
08/16/2021 01:00:00 AM,0,0,0
08/16/2021 02:00:00 AM,2,0,2
08/16/2021 03:00:00 AM,3,2,1
08/16/2021 04:00:00 AM,0,0,0
08/16/2021 05:00:00 AM,19,3,16
08/16/2021 06:00:00 AM,25,9,16
08/16/2021 07:00:00 AM,52,20,32
08/16/2021 08:00:00 AM,49,19,30
08/16/2021 09:00:00 AM,42,24,18
08/16/2021 10:00:00 AM,17,7,10
08/16/2021 11:00:00 AM,34,19,15
08/16/2021 12:00:00 PM,30,13,17
08/16/2021 01:00:00 PM,48,22,26
08/16/2021 02:00:00 PM,38,22,16
08/16/2021 03:00:00 PM,46,30,16
08/16/2021 04:00:00 PM,77,61,16
08/16/2021 05:00:00 PM,74,45,29
08/16/2021 06:00:00 PM,70,48,22
08/16/2021 07:00:00 PM,22,7,15
08/16/2021 08:00:00 PM,9,5,4
08/16/2021 09:00:00 PM,13,11,2
08/16/2021 10:00:00 PM,13,5,8
08/16/2021 11:00:00 PM,5,4,1
08/17/2021 12:00:00 AM,2,0,2
08/17/2021 01:00:00 AM,1,1,0
08/17/2021 02:00:00 AM,0,0,0
08/17/2021 03:00:00 AM,2,2,0
08/17/2021 04:00:00 AM,1,1,0
08/17/2021 05:00:00 AM,19,4,15
08/17/2021 06:00:00 AM,29,12,17
08/17/2021 07:00:00 AM,58,26,32
08/17/2021 08:00:00 AM,60,26,34
08/17/2021 09:00:00 AM,36,15,21
08/17/2021 10:00:00 AM,34,22,12
08/17/2021 11:00:00 AM,38,23,15
08/17/2021 12:00:00 PM,39,18,21
08/17/2021 01:00:00 PM,32,18,14
08/17/2021 02:00:00 PM,37,19,18
08/17/2021 03:00:00 PM,73,45,28
08/17/2021 04:00:00 PM,97,67,30
08/17/2021 05:00:00 PM,104,59,45
08/17/2021 06:00:00 PM,66,44,22
08/17/2021 07:00:00 PM,35,16,19
08/17/2021 08:00:00 PM,34,15,19
08/17/2021 09:00:00 PM,19,10,9
08/17/2021 10:00:00 PM,10,6,4
08/17/2021 11:00:00 PM,6,4,2
08/18/2021 12:00:00 AM,1,1,0
08/18/2021 01:00:00 AM,2,1,1
08/18/2021 02:00:00 AM,0,0,0
08/18/2021 03:00:00 AM,3,2,1
08/18/2021 04:00:00 AM,1,0,1
08/18/2021 05:00:00 AM,25,5,20
08/18/2021 06:00:00 AM,26,10,16
08/18/2021 07:00:00 AM,69,28,41
08/18/2021 08:00:00 AM,70,28,42
08/18/2021 09:00:00 AM,45,29,16
08/18/2021 10:00:00 AM,20,10,10
08/18/2021 11:00:00 AM,27,16,11
08/18/2021 12:00:00 PM,32,17,15
08/18/2021 01:00:00 PM,42,21,21
08/18/2021 02:00:00 PM,43,24,19
08/18/2021 03:00:00 PM,64,43,21
08/18/2021 04:00:00 PM,97,57,40
08/18/2021 05:00:00 PM,120,70,50
08/18/2021 06:00:00 PM,80,40,40
08/18/2021 07:00:00 PM,34,17,17
08/18/2021 08:00:00 PM,22,9,13
08/18/2021 09:00:00 PM,22,12,10
08/18/2021 10:00:00 PM,23,14,9
08/18/2021 11:00:00 PM,5,2,3
08/19/2021 12:00:00 AM,3,1,2
08/19/2021 01:00:00 AM,5,5,0
08/19/2021 02:00:00 AM,2,1,1
08/19/2021 03:00:00 AM,2,1,1
08/19/2021 04:00:00 AM,1,0,1
08/19/2021 05:00:00 AM,19,5,14
08/19/2021 06:00:00 AM,28,11,17
08/19/2021 07:00:00 AM,57,26,31
08/19/2021 08:00:00 AM,64,24,40
08/19/2021 09:00:00 AM,41,20,21
08/19/2021 10:00:00 AM,39,23,16
08/19/2021 11:00:00 AM,27,11,16
08/19/2021 12:00:00 PM,40,21,19
08/19/2021 01:00:00 PM,50,26,24
08/19/2021 02:00:00 PM,63,38,25
08/19/2021 03:00:00 PM,72,43,29
08/19/2021 04:00:00 PM,73,45,28
08/19/2021 05:00:00 PM,121,73,48
08/19/2021 06:00:00 PM,79,40,39
08/19/2021 07:00:00 PM,48,29,19
08/19/2021 08:00:00 PM,33,18,15
08/19/2021 09:00:00 PM,23,7,16
08/19/2021 10:00:00 PM,18,11,7
08/19/2021 11:00:00 PM,3,0,3
08/20/2021 12:00:00 AM,3,3,0
08/20/2021 01:00:00 AM,1,1,0
08/20/2021 02:00:00 AM,2,2,0
08/20/2021 03:00:00 AM,1,1,0
08/20/2021 04:00:00 AM,1,1,0
08/20/2021 05:00:00 AM,12,3,9
08/20/2021 06:00:00 AM,18,5,13
08/20/2021 07:00:00 AM,42,12,30
08/20/2021 08:00:00 AM,40,16,24
08/20/2021 09:00:00 AM,42,23,19
08/20/2021 10:00:00 AM,38,17,21
08/20/2021 11:00:00 AM,29,10,19
08/20/2021 12:00:00 PM,44,26,18
08/20/2021 01:00:00 PM,38,21,17
08/20/2021 02:00:00 PM,47,25,22
08/20/2021 03:00:00 PM,52,37,15
08/20/2021 04:00:00 PM,77,47,30
08/20/2021 05:00:00 PM,95,59,36
08/20/2021 06:00:00 PM,55,25,30
08/20/2021 07:00:00 PM,23,12,11
08/20/2021 08:00:00 PM,30,11,19
08/20/2021 09:00:00 PM,19,11,8
08/20/2021 10:00:00 PM,18,12,6
08/20/2021 11:00:00 PM,12,9,3
08/21/2021 12:00:00 AM,8,4,4
08/21/2021 01:00:00 AM,5,3,2
08/21/2021 02:00:00 AM,1,0,1
08/21/2021 03:00:00 AM,4,3,1
08/21/2021 04:00:00 AM,0,0,0
08/21/2021 05:00:00 AM,5,1,4
08/21/2021 06:00:00 AM,3,3,0
08/21/2021 07:00:00 AM,4,1,3
08/21/2021 08:00:00 AM,11,7,4
08/21/2021 09:00:00 AM,28,17,11
08/21/2021 10:00:00 AM,29,14,15
08/21/2021 11:00:00 AM,37,19,18
08/21/2021 12:00:00 PM,41,24,17
08/21/2021 01:00:00 PM,57,37,20
08/21/2021 02:00:00 PM,57,25,32
08/21/2021 03:00:00 PM,51,31,20
08/21/2021 04:00:00 PM,72,38,34
08/21/2021 05:00:00 PM,80,50,30
08/21/2021 06:00:00 PM,71,64,7
08/21/2021 07:00:00 PM,49,33,16
08/21/2021 08:00:00 PM,19,7,12
08/21/2021 09:00:00 PM,56,4,52
08/21/2021 10:00:00 PM,58,9,49
08/21/2021 11:00:00 PM,14,7,7
08/22/2021 12:00:00 AM,7,1,6
08/22/2021 01:00:00 AM,0,0,0
08/22/2021 02:00:00 AM,6,4,2
08/22/2021 03:00:00 AM,3,2,1
08/22/2021 04:00:00 AM,1,1,0
08/22/2021 05:00:00 AM,1,0,1
08/22/2021 06:00:00 AM,7,6,1
08/22/2021 07:00:00 AM,7,2,5
08/22/2021 08:00:00 AM,5,3,2
08/22/2021 09:00:00 AM,21,12,9
08/22/2021 10:00:00 AM,26,17,9
08/22/2021 11:00:00 AM,26,17,9
08/22/2021 12:00:00 PM,29,20,9
08/22/2021 01:00:00 PM,41,21,20
08/22/2021 02:00:00 PM,31,20,11
08/22/2021 03:00:00 PM,36,23,13
08/22/2021 04:00:00 PM,24,11,13
08/22/2021 05:00:00 PM,40,23,17
08/22/2021 06:00:00 PM,26,11,15
08/22/2021 07:00:00 PM,40,22,18
08/22/2021 08:00:00 PM,31,13,18
08/22/2021 09:00:00 PM,10,5,5
08/22/2021 10:00:00 PM,16,9,7
08/22/2021 11:00:00 PM,11,6,5
08/23/2021 12:00:00 AM,5,4,1
08/23/2021 01:00:00 AM,3,2,1
08/23/2021 02:00:00 AM,1,0,1
08/23/2021 03:00:00 AM,2,1,1
08/23/2021 04:00:00 AM,1,0,1
08/23/2021 05:00:00 AM,14,5,9
08/23/2021 06:00:00 AM,28,7,21
08/23/2021 07:00:00 AM,42,19,23
08/23/2021 08:00:00 AM,43,13,30
08/23/2021 09:00:00 AM,41,23,18
08/23/2021 10:00:00 AM,22,13,9
08/23/2021 11:00:00 AM,21,15,6
08/23/2021 12:00:00 PM,43,19,24
08/23/2021 01:00:00 PM,32,16,16
08/23/2021 02:00:00 PM,40,25,15
08/23/2021 03:00:00 PM,46,29,17
08/23/2021 04:00:00 PM,71,35,36
08/23/2021 05:00:00 PM,103,67,36
08/23/2021 06:00:00 PM,62,33,29
08/23/2021 07:00:00 PM,45,33,12
08/23/2021 08:00:00 PM,25,13,12
08/23/2021 09:00:00 PM,10,6,4
08/23/2021 10:00:00 PM,10,8,2
08/23/2021 11:00:00 PM,6,4,2
08/24/2021 12:00:00 AM,3,1,2
08/24/2021 01:00:00 AM,3,2,1
08/24/2021 02:00:00 AM,2,2,0
08/24/2021 03:00:00 AM,1,1,0
08/24/2021 04:00:00 AM,1,0,1
08/24/2021 05:00:00 AM,18,2,16
08/24/2021 06:00:00 AM,24,10,14
08/24/2021 07:00:00 AM,66,28,38
08/24/2021 08:00:00 AM,62,25,37
08/24/2021 09:00:00 AM,45,26,19
08/24/2021 10:00:00 AM,39,21,18
08/24/2021 11:00:00 AM,33,18,15
08/24/2021 12:00:00 PM,35,17,18
08/24/2021 01:00:00 PM,41,24,17
08/24/2021 02:00:00 PM,45,31,14
08/24/2021 03:00:00 PM,68,42,26
08/24/2021 04:00:00 PM,89,50,39
08/24/2021 05:00:00 PM,100,58,42
08/24/2021 06:00:00 PM,66,40,26
08/24/2021 07:00:00 PM,36,16,20
08/24/2021 08:00:00 PM,18,12,6
08/24/2021 09:00:00 PM,19,12,7
08/24/2021 10:00:00 PM,10,6,4
08/24/2021 11:00:00 PM,10,4,6
08/25/2021 12:00:00 AM,4,2,2
08/25/2021 01:00:00 AM,4,2,2
08/25/2021 02:00:00 AM,0,0,0
08/25/2021 03:00:00 AM,0,0,0
08/25/2021 04:00:00 AM,3,1,2
08/25/2021 05:00:00 AM,16,4,12
08/25/2021 06:00:00 AM,27,9,18
08/25/2021 07:00:00 AM,59,28,31
08/25/2021 08:00:00 AM,55,26,29
08/25/2021 09:00:00 AM,54,29,25
08/25/2021 10:00:00 AM,25,13,12
08/25/2021 11:00:00 AM,28,11,17
08/25/2021 12:00:00 PM,39,19,20
08/25/2021 01:00:00 PM,44,24,20
08/25/2021 02:00:00 PM,60,28,32
08/25/2021 03:00:00 PM,51,34,17
08/25/2021 04:00:00 PM,86,61,25
08/25/2021 05:00:00 PM,114,71,43
08/25/2021 06:00:00 PM,66,33,33
08/25/2021 07:00:00 PM,44,24,20
08/25/2021 08:00:00 PM,23,8,15
08/25/2021 09:00:00 PM,22,14,8
08/25/2021 10:00:00 PM,14,6,8
08/25/2021 11:00:00 PM,8,4,4
08/26/2021 12:00:00 AM,5,2,3
08/26/2021 01:00:00 AM,3,2,1
08/26/2021 02:00:00 AM,1,0,1
08/26/2021 03:00:00 AM,2,1,1
08/26/2021 04:00:00 AM,2,1,1
08/26/2021 05:00:00 AM,14,0,14
08/26/2021 06:00:00 AM,23,11,12
08/26/2021 07:00:00 AM,52,18,34
08/26/2021 08:00:00 AM,53,21,32
08/26/2021 09:00:00 AM,45,22,23
08/26/2021 10:00:00 AM,30,14,16
08/26/2021 11:00:00 AM,32,16,16
08/26/2021 12:00:00 PM,39,24,15
08/26/2021 01:00:00 PM,40,22,18
08/26/2021 02:00:00 PM,45,33,12
08/26/2021 03:00:00 PM,53,36,17
08/26/2021 04:00:00 PM,82,57,25
08/26/2021 05:00:00 PM,102,75,27
08/26/2021 06:00:00 PM,80,55,25
08/26/2021 07:00:00 PM,51,32,19
08/26/2021 08:00:00 PM,25,12,13
08/26/2021 09:00:00 PM,21,8,13
08/26/2021 10:00:00 PM,41,13,28
08/26/2021 11:00:00 PM,24,2,22
08/27/2021 12:00:00 AM,6,4,2
08/27/2021 01:00:00 AM,5,1,4
08/27/2021 02:00:00 AM,2,1,1
08/27/2021 03:00:00 AM,0,0,0
08/27/2021 04:00:00 AM,2,2,0
08/27/2021 05:00:00 AM,11,1,10
08/27/2021 06:00:00 AM,16,3,13
08/27/2021 07:00:00 AM,51,21,30
08/27/2021 08:00:00 AM,41,14,27
08/27/2021 09:00:00 AM,26,10,16
08/27/2021 10:00:00 AM,38,19,19
08/27/2021 11:00:00 AM,34,20,14
08/27/2021 12:00:00 PM,36,22,14
08/27/2021 01:00:00 PM,42,26,16
08/27/2021 02:00:00 PM,51,32,19
08/27/2021 03:00:00 PM,52,35,17
08/27/2021 04:00:00 PM,69,38,31
08/27/2021 05:00:00 PM,77,54,23
08/27/2021 06:00:00 PM,81,55,26
08/27/2021 07:00:00 PM,53,35,18
08/27/2021 08:00:00 PM,22,9,13
08/27/2021 09:00:00 PM,22,7,15
08/27/2021 10:00:00 PM,33,9,24
08/27/2021 11:00:00 PM,29,9,20
08/28/2021 12:00:00 AM,27,4,23
08/28/2021 01:00:00 AM,6,1,5
08/28/2021 02:00:00 AM,7,4,3
08/28/2021 03:00:00 AM,4,2,2
08/28/2021 04:00:00 AM,0,0,0
08/28/2021 05:00:00 AM,1,0,1
08/28/2021 06:00:00 AM,5,4,1
08/28/2021 07:00:00 AM,8,3,5
08/28/2021 08:00:00 AM,20,9,11
08/28/2021 09:00:00 AM,33,22,11
08/28/2021 10:00:00 AM,45,23,22
08/28/2021 11:00:00 AM,43,25,18
08/28/2021 12:00:00 PM,70,40,30
08/28/2021 01:00:00 PM,78,44,34
08/28/2021 02:00:00 PM,44,19,25
08/28/2021 03:00:00 PM,46,25,21
08/28/2021 04:00:00 PM,61,22,39
08/28/2021 05:00:00 PM,86,44,42
08/28/2021 06:00:00 PM,114,79,35
08/28/2021 07:00:00 PM,61,47,14
08/28/2021 08:00:00 PM,30,14,16
08/28/2021 09:00:00 PM,74,11,63
08/28/2021 10:00:00 PM,38,7,31
08/28/2021 11:00:00 PM,26,12,14
08/29/2021 12:00:00 AM,3,1,2
08/29/2021 01:00:00 AM,3,3,0
08/29/2021 02:00:00 AM,9,2,7
08/29/2021 03:00:00 AM,1,0,1
08/29/2021 04:00:00 AM,0,0,0
08/29/2021 05:00:00 AM,1,0,1
08/29/2021 06:00:00 AM,2,2,0
08/29/2021 07:00:00 AM,2,0,2
08/29/2021 08:00:00 AM,11,5,6
08/29/2021 09:00:00 AM,37,16,21
08/29/2021 10:00:00 AM,40,32,8
08/29/2021 11:00:00 AM,39,28,11
08/29/2021 12:00:00 PM,87,59,28
08/29/2021 01:00:00 PM,70,46,24
08/29/2021 02:00:00 PM,54,30,24
08/29/2021 03:00:00 PM,101,71,30
08/29/2021 04:00:00 PM,95,37,58
08/29/2021 05:00:00 PM,73,42,31
08/29/2021 06:00:00 PM,64,38,26
08/29/2021 07:00:00 PM,61,39,22
08/29/2021 08:00:00 PM,29,12,17
08/29/2021 09:00:00 PM,97,11,86
08/29/2021 10:00:00 PM,27,2,25
08/29/2021 11:00:00 PM,16,5,11
08/30/2021 12:00:00 AM,3,3,0
08/30/2021 01:00:00 AM,4,3,1
08/30/2021 02:00:00 AM,0,0,0
08/30/2021 03:00:00 AM,0,0,0
08/30/2021 04:00:00 AM,1,1,0
08/30/2021 05:00:00 AM,14,2,12
08/30/2021 06:00:00 AM,23,10,13
08/30/2021 07:00:00 AM,48,22,26
08/30/2021 08:00:00 AM,61,22,39
08/30/2021 09:00:00 AM,41,22,19
08/30/2021 10:00:00 AM,36,20,16
08/30/2021 11:00:00 AM,25,17,8
08/30/2021 12:00:00 PM,22,9,13
08/30/2021 01:00:00 PM,36,21,15
08/30/2021 02:00:00 PM,33,20,13
08/30/2021 03:00:00 PM,42,26,16
08/30/2021 04:00:00 PM,74,52,22
08/30/2021 05:00:00 PM,101,67,34
08/30/2021 06:00:00 PM,75,51,24
08/30/2021 07:00:00 PM,29,12,17
08/30/2021 08:00:00 PM,16,8,8
08/30/2021 09:00:00 PM,14,6,8
08/30/2021 10:00:00 PM,14,3,11
08/30/2021 11:00:00 PM,9,1,8
08/31/2021 12:00:00 AM,3,0,3
08/31/2021 01:00:00 AM,4,3,1
08/31/2021 02:00:00 AM,1,0,1
08/31/2021 03:00:00 AM,1,1,0
08/31/2021 04:00:00 AM,2,2,0
08/31/2021 05:00:00 AM,15,1,14
08/31/2021 06:00:00 AM,28,10,18
08/31/2021 07:00:00 AM,60,20,40
08/31/2021 08:00:00 AM,52,24,28
08/31/2021 09:00:00 AM,35,19,16
08/31/2021 10:00:00 AM,23,13,10
08/31/2021 11:00:00 AM,29,17,12
08/31/2021 12:00:00 PM,29,14,15
08/31/2021 01:00:00 PM,40,23,17
08/31/2021 02:00:00 PM,38,26,12
08/31/2021 03:00:00 PM,35,25,10
08/31/2021 04:00:00 PM,61,45,16
08/31/2021 05:00:00 PM,109,73,36
08/31/2021 06:00:00 PM,83,53,30
08/31/2021 07:00:00 PM,31,24,7
08/31/2021 08:00:00 PM,23,7,16
08/31/2021 09:00:00 PM,12,6,6
08/31/2021 10:00:00 PM,24,7,17
08/31/2021 11:00:00 PM,9,6,3
09/01/2021 12:00:00 AM,2,2,0
09/01/2021 01:00:00 AM,1,1,0
09/01/2021 02:00:00 AM,2,0,2
09/01/2021 03:00:00 AM,0,0,0
09/01/2021 04:00:00 AM,3,2,1
09/01/2021 05:00:00 AM,14,1,13
09/01/2021 06:00:00 AM,29,10,19
09/01/2021 07:00:00 AM,49,17,32
09/01/2021 08:00:00 AM,65,29,36
09/01/2021 09:00:00 AM,38,24,14
09/01/2021 10:00:00 AM,22,11,11
09/01/2021 11:00:00 AM,31,16,15
09/01/2021 12:00:00 PM,66,47,19
09/01/2021 01:00:00 PM,35,19,16
09/01/2021 02:00:00 PM,42,29,13
09/01/2021 03:00:00 PM,52,30,22
09/01/2021 04:00:00 PM,83,42,41
09/01/2021 05:00:00 PM,118,73,45
09/01/2021 06:00:00 PM,63,32,31
09/01/2021 07:00:00 PM,47,24,23
09/01/2021 08:00:00 PM,14,9,5
09/01/2021 09:00:00 PM,20,11,9
09/01/2021 10:00:00 PM,6,4,2
09/01/2021 11:00:00 PM,6,3,3
09/02/2021 12:00:00 AM,7,5,2
09/02/2021 01:00:00 AM,6,1,5
09/02/2021 02:00:00 AM,3,3,0
09/02/2021 03:00:00 AM,3,3,0
09/02/2021 04:00:00 AM,1,1,0
09/02/2021 05:00:00 AM,16,2,14
09/02/2021 06:00:00 AM,25,10,15
09/02/2021 07:00:00 AM,57,15,42
09/02/2021 08:00:00 AM,51,21,30
09/02/2021 09:00:00 AM,42,24,18
09/02/2021 10:00:00 AM,26,15,11
09/02/2021 11:00:00 AM,26,9,17
09/02/2021 12:00:00 PM,40,19,21
09/02/2021 01:00:00 PM,31,16,15
09/02/2021 02:00:00 PM,52,33,19
09/02/2021 03:00:00 PM,44,31,13
09/02/2021 04:00:00 PM,73,45,28
09/02/2021 05:00:00 PM,104,54,50
09/02/2021 06:00:00 PM,63,37,26
09/02/2021 07:00:00 PM,31,15,16
09/02/2021 08:00:00 PM,24,12,12
09/02/2021 09:00:00 PM,12,9,3
09/02/2021 10:00:00 PM,13,7,6
09/02/2021 11:00:00 PM,8,1,7
09/03/2021 12:00:00 AM,6,5,1
09/03/2021 01:00:00 AM,3,2,1
09/03/2021 02:00:00 AM,3,0,3
09/03/2021 03:00:00 AM,0,0,0
09/03/2021 04:00:00 AM,2,2,0
09/03/2021 05:00:00 AM,10,1,9
09/03/2021 06:00:00 AM,20,5,15
09/03/2021 07:00:00 AM,39,12,27
09/03/2021 08:00:00 AM,40,18,22
09/03/2021 09:00:00 AM,44,22,22
09/03/2021 10:00:00 AM,28,15,13
09/03/2021 11:00:00 AM,31,22,9
09/03/2021 12:00:00 PM,39,19,20
09/03/2021 01:00:00 PM,44,29,15
09/03/2021 02:00:00 PM,51,29,22
09/03/2021 03:00:00 PM,51,25,26
09/03/2021 04:00:00 PM,66,44,22
09/03/2021 05:00:00 PM,62,40,22
09/03/2021 06:00:00 PM,55,33,22
09/03/2021 07:00:00 PM,36,18,18
09/03/2021 08:00:00 PM,26,10,16
09/03/2021 09:00:00 PM,21,6,15
09/03/2021 10:00:00 PM,13,4,9
09/03/2021 11:00:00 PM,11,6,5
09/04/2021 12:00:00 AM,2,1,1
09/04/2021 01:00:00 AM,8,2,6
09/04/2021 02:00:00 AM,4,2,2
09/04/2021 03:00:00 AM,0,0,0
09/04/2021 04:00:00 AM,1,1,0
09/04/2021 05:00:00 AM,3,0,3
09/04/2021 06:00:00 AM,5,2,3
09/04/2021 07:00:00 AM,8,6,2
09/04/2021 08:00:00 AM,21,15,6
09/04/2021 09:00:00 AM,27,13,14
09/04/2021 10:00:00 AM,41,29,12
09/04/2021 11:00:00 AM,37,22,15
09/04/2021 12:00:00 PM,68,32,36
09/04/2021 01:00:00 PM,54,35,19
09/04/2021 02:00:00 PM,64,33,31
09/04/2021 03:00:00 PM,56,35,21
09/04/2021 04:00:00 PM,59,27,32
09/04/2021 05:00:00 PM,55,32,23
09/04/2021 06:00:00 PM,36,17,19
09/04/2021 07:00:00 PM,37,26,11
09/04/2021 08:00:00 PM,23,8,15
09/04/2021 09:00:00 PM,38,14,24
09/04/2021 10:00:00 PM,10,6,4
09/04/2021 11:00:00 PM,12,7,5
09/05/2021 12:00:00 AM,10,5,5
09/05/2021 01:00:00 AM,12,3,9
09/05/2021 02:00:00 AM,5,4,1
09/05/2021 03:00:00 AM,3,2,1
09/05/2021 04:00:00 AM,2,1,1
09/05/2021 05:00:00 AM,3,1,2
09/05/2021 06:00:00 AM,1,1,0
09/05/2021 07:00:00 AM,5,3,2
09/05/2021 08:00:00 AM,7,3,4
09/05/2021 09:00:00 AM,26,16,10
09/05/2021 10:00:00 AM,27,16,11
09/05/2021 11:00:00 AM,41,25,16
09/05/2021 12:00:00 PM,45,27,18
09/05/2021 01:00:00 PM,59,35,24
09/05/2021 02:00:00 PM,53,25,28
09/05/2021 03:00:00 PM,44,29,15
09/05/2021 04:00:00 PM,55,27,28
09/05/2021 05:00:00 PM,41,22,19
09/05/2021 06:00:00 PM,34,18,16
09/05/2021 07:00:00 PM,28,12,16
09/05/2021 08:00:00 PM,10,5,5
09/05/2021 09:00:00 PM,17,3,14
09/05/2021 10:00:00 PM,15,7,8
09/05/2021 11:00:00 PM,19,8,11
09/06/2021 12:00:00 AM,9,6,3
09/06/2021 01:00:00 AM,3,2,1
09/06/2021 02:00:00 AM,2,2,0
09/06/2021 03:00:00 AM,2,1,1
09/06/2021 04:00:00 AM,3,1,2
09/06/2021 05:00:00 AM,2,0,2
09/06/2021 06:00:00 AM,4,1,3
09/06/2021 07:00:00 AM,10,3,7
09/06/2021 08:00:00 AM,5,4,1
09/06/2021 09:00:00 AM,17,8,9
09/06/2021 10:00:00 AM,18,10,8
09/06/2021 11:00:00 AM,29,16,13
09/06/2021 12:00:00 PM,53,32,21
09/06/2021 01:00:00 PM,61,34,27
09/06/2021 02:00:00 PM,58,29,29
09/06/2021 03:00:00 PM,60,36,24
09/06/2021 04:00:00 PM,60,33,27
09/06/2021 05:00:00 PM,74,54,20
09/06/2021 06:00:00 PM,51,18,33
09/06/2021 07:00:00 PM,45,27,18
09/06/2021 08:00:00 PM,16,9,7
09/06/2021 09:00:00 PM,12,8,4
09/06/2021 10:00:00 PM,15,5,10
09/06/2021 11:00:00 PM,66,7,59
09/07/2021 12:00:00 AM,11,2,9
09/07/2021 01:00:00 AM,3,1,2
09/07/2021 02:00:00 AM,2,2,0
09/07/2021 03:00:00 AM,0,0,0
09/07/2021 04:00:00 AM,3,3,0
09/07/2021 05:00:00 AM,21,2,19
09/07/2021 06:00:00 AM,29,13,16
09/07/2021 07:00:00 AM,56,19,37
09/07/2021 08:00:00 AM,65,27,38
09/07/2021 09:00:00 AM,38,15,23
09/07/2021 10:00:00 AM,31,21,10
09/07/2021 11:00:00 AM,34,19,15
09/07/2021 12:00:00 PM,35,16,19
09/07/2021 01:00:00 PM,34,18,16
09/07/2021 02:00:00 PM,55,36,19
09/07/2021 03:00:00 PM,62,33,29
09/07/2021 04:00:00 PM,82,48,34
09/07/2021 05:00:00 PM,115,78,37
09/07/2021 06:00:00 PM,58,27,31
09/07/2021 07:00:00 PM,26,12,14
09/07/2021 08:00:00 PM,9,6,3
09/07/2021 09:00:00 PM,11,8,3
09/07/2021 10:00:00 PM,12,5,7
09/07/2021 11:00:00 PM,7,4,3
09/08/2021 12:00:00 AM,4,1,3
09/08/2021 01:00:00 AM,3,2,1
09/08/2021 02:00:00 AM,3,2,1
09/08/2021 03:00:00 AM,2,1,1
09/08/2021 04:00:00 AM,4,2,2
09/08/2021 05:00:00 AM,14,1,13
09/08/2021 06:00:00 AM,31,9,22
09/08/2021 07:00:00 AM,65,25,40
09/08/2021 08:00:00 AM,66,26,40
09/08/2021 09:00:00 AM,22,11,11
09/08/2021 10:00:00 AM,33,18,15
09/08/2021 11:00:00 AM,35,22,13
09/08/2021 12:00:00 PM,28,18,10
09/08/2021 01:00:00 PM,33,16,17
09/08/2021 02:00:00 PM,44,26,18
09/08/2021 03:00:00 PM,56,43,13
09/08/2021 04:00:00 PM,80,55,25
09/08/2021 05:00:00 PM,109,73,36
09/08/2021 06:00:00 PM,55,34,21
09/08/2021 07:00:00 PM,34,16,18
09/08/2021 08:00:00 PM,14,5,9
09/08/2021 09:00:00 PM,16,8,8
09/08/2021 10:00:00 PM,17,12,5
09/08/2021 11:00:00 PM,16,4,12
09/09/2021 12:00:00 AM,6,3,3
09/09/2021 01:00:00 AM,9,5,4
09/09/2021 02:00:00 AM,1,1,0
09/09/2021 03:00:00 AM,1,0,1
09/09/2021 04:00:00 AM,2,1,1
09/09/2021 05:00:00 AM,21,3,18
09/09/2021 06:00:00 AM,26,11,15
09/09/2021 07:00:00 AM,46,18,28
09/09/2021 08:00:00 AM,73,30,43
09/09/2021 09:00:00 AM,51,26,25
09/09/2021 10:00:00 AM,28,16,12
09/09/2021 11:00:00 AM,45,29,16
09/09/2021 12:00:00 PM,38,15,23
09/09/2021 01:00:00 PM,50,28,22
09/09/2021 02:00:00 PM,57,35,22
09/09/2021 03:00:00 PM,49,28,21
09/09/2021 04:00:00 PM,67,47,20
09/09/2021 05:00:00 PM,105,71,34
09/09/2021 06:00:00 PM,67,34,33
09/09/2021 07:00:00 PM,31,16,15
09/09/2021 08:00:00 PM,23,15,8
09/09/2021 09:00:00 PM,21,12,9
09/09/2021 10:00:00 PM,28,15,13
09/09/2021 11:00:00 PM,4,4,0
09/10/2021 12:00:00 AM,4,3,1
09/10/2021 01:00:00 AM,6,4,2
09/10/2021 02:00:00 AM,2,0,2
09/10/2021 03:00:00 AM,1,1,0
09/10/2021 04:00:00 AM,2,2,0
09/10/2021 05:00:00 AM,11,3,8
09/10/2021 06:00:00 AM,30,7,23
09/10/2021 07:00:00 AM,45,13,32
09/10/2021 08:00:00 AM,48,21,27
09/10/2021 09:00:00 AM,37,19,18
09/10/2021 10:00:00 AM,31,23,8
09/10/2021 11:00:00 AM,33,21,12
09/10/2021 12:00:00 PM,33,16,17
09/10/2021 01:00:00 PM,40,19,21
09/10/2021 02:00:00 PM,51,31,20
09/10/2021 03:00:00 PM,54,28,26
09/10/2021 04:00:00 PM,61,37,24
09/10/2021 05:00:00 PM,71,43,28
09/10/2021 06:00:00 PM,43,29,14
09/10/2021 07:00:00 PM,27,15,12
09/10/2021 08:00:00 PM,28,13,15
09/10/2021 09:00:00 PM,18,7,11
09/10/2021 10:00:00 PM,41,18,23
09/10/2021 11:00:00 PM,21,7,14
09/11/2021 12:00:00 AM,6,4,2
09/11/2021 01:00:00 AM,5,2,3
09/11/2021 02:00:00 AM,5,1,4
09/11/2021 03:00:00 AM,2,0,2
09/11/2021 04:00:00 AM,2,2,0
09/11/2021 05:00:00 AM,0,0,0
09/11/2021 06:00:00 AM,5,4,1
09/11/2021 07:00:00 AM,11,6,5
09/11/2021 08:00:00 AM,9,5,4
09/11/2021 09:00:00 AM,26,11,15
09/11/2021 10:00:00 AM,31,21,10
09/11/2021 11:00:00 AM,30,14,16
09/11/2021 12:00:00 PM,65,50,15
09/11/2021 01:00:00 PM,129,108,21
09/11/2021 02:00:00 PM,67,38,29
09/11/2021 03:00:00 PM,47,27,20
09/11/2021 04:00:00 PM,138,46,92
09/11/2021 05:00:00 PM,77,50,27
09/11/2021 06:00:00 PM,52,32,20
09/11/2021 07:00:00 PM,33,19,14
09/11/2021 08:00:00 PM,26,11,15
09/11/2021 09:00:00 PM,51,21,30
09/11/2021 10:00:00 PM,23,10,13
09/11/2021 11:00:00 PM,24,6,18
09/12/2021 12:00:00 AM,17,4,13
09/12/2021 01:00:00 AM,9,5,4
09/12/2021 02:00:00 AM,1,1,0
09/12/2021 03:00:00 AM,3,3,0
09/12/2021 04:00:00 AM,4,2,2
09/12/2021 05:00:00 AM,2,1,1
09/12/2021 06:00:00 AM,4,2,2
09/12/2021 07:00:00 AM,2,0,2
09/12/2021 08:00:00 AM,9,7,2
09/12/2021 09:00:00 AM,9,4,5
09/12/2021 10:00:00 AM,34,21,13
09/12/2021 11:00:00 AM,25,16,9
09/12/2021 12:00:00 PM,43,30,13
09/12/2021 01:00:00 PM,40,23,17
09/12/2021 02:00:00 PM,33,12,21
09/12/2021 03:00:00 PM,23,16,7
09/12/2021 04:00:00 PM,47,13,34
09/12/2021 05:00:00 PM,41,24,17
09/12/2021 06:00:00 PM,19,12,7
09/12/2021 07:00:00 PM,22,8,14
09/12/2021 08:00:00 PM,12,4,8
09/12/2021 09:00:00 PM,6,5,1
09/12/2021 10:00:00 PM,7,2,5
09/12/2021 11:00:00 PM,5,3,2
09/13/2021 12:00:00 AM,4,3,1
09/13/2021 01:00:00 AM,0,0,0
09/13/2021 02:00:00 AM,2,2,0
09/13/2021 03:00:00 AM,2,1,1
09/13/2021 04:00:00 AM,1,1,0
09/13/2021 05:00:00 AM,8,2,6
09/13/2021 06:00:00 AM,34,11,23
09/13/2021 07:00:00 AM,44,16,28
09/13/2021 08:00:00 AM,66,30,36
09/13/2021 09:00:00 AM,30,11,19
09/13/2021 10:00:00 AM,21,13,8
09/13/2021 11:00:00 AM,41,21,20
09/13/2021 12:00:00 PM,47,25,22
09/13/2021 01:00:00 PM,28,16,12
09/13/2021 02:00:00 PM,50,28,22
09/13/2021 03:00:00 PM,36,24,12
09/13/2021 04:00:00 PM,68,47,21
09/13/2021 05:00:00 PM,134,84,50
09/13/2021 06:00:00 PM,52,35,17
09/13/2021 07:00:00 PM,52,39,13
09/13/2021 08:00:00 PM,24,7,17
09/13/2021 09:00:00 PM,26,10,16
09/13/2021 10:00:00 PM,46,6,40
09/13/2021 11:00:00 PM,9,6,3
09/14/2021 12:00:00 AM,4,1,3
09/14/2021 01:00:00 AM,2,2,0
09/14/2021 02:00:00 AM,5,2,3
09/14/2021 03:00:00 AM,2,1,1
09/14/2021 04:00:00 AM,2,2,0
09/14/2021 05:00:00 AM,14,1,13
09/14/2021 06:00:00 AM,30,12,18
09/14/2021 07:00:00 AM,62,17,45
09/14/2021 08:00:00 AM,72,33,39
09/14/2021 09:00:00 AM,36,18,18
09/14/2021 10:00:00 AM,28,11,17
09/14/2021 11:00:00 AM,25,18,7
09/14/2021 12:00:00 PM,30,13,17
09/14/2021 01:00:00 PM,29,19,10
09/14/2021 02:00:00 PM,31,17,14
09/14/2021 03:00:00 PM,40,28,12
09/14/2021 04:00:00 PM,105,71,34
09/14/2021 05:00:00 PM,118,76,42
09/14/2021 06:00:00 PM,111,95,16
09/14/2021 07:00:00 PM,49,26,23
09/14/2021 08:00:00 PM,18,5,13
09/14/2021 09:00:00 PM,41,11,30
09/14/2021 10:00:00 PM,33,6,27
09/14/2021 11:00:00 PM,30,5,25
09/15/2021 12:00:00 AM,11,5,6
09/15/2021 01:00:00 AM,4,3,1
09/15/2021 02:00:00 AM,1,1,0
09/15/2021 03:00:00 AM,2,0,2
09/15/2021 04:00:00 AM,2,2,0
09/15/2021 05:00:00 AM,10,3,7
09/15/2021 06:00:00 AM,28,16,12
09/15/2021 07:00:00 AM,56,19,37
09/15/2021 08:00:00 AM,66,27,39
09/15/2021 09:00:00 AM,40,19,21
09/15/2021 10:00:00 AM,28,14,14
09/15/2021 11:00:00 AM,43,25,18
09/15/2021 12:00:00 PM,46,27,19
09/15/2021 01:00:00 PM,61,46,15
09/15/2021 02:00:00 PM,37,17,20
09/15/2021 03:00:00 PM,43,31,12
09/15/2021 04:00:00 PM,84,47,37
09/15/2021 05:00:00 PM,136,71,65
09/15/2021 06:00:00 PM,61,32,29
09/15/2021 07:00:00 PM,43,24,19
09/15/2021 08:00:00 PM,13,7,6
09/15/2021 09:00:00 PM,15,12,3
09/15/2021 10:00:00 PM,12,7,5
09/15/2021 11:00:00 PM,6,2,4
09/16/2021 12:00:00 AM,5,2,3
09/16/2021 01:00:00 AM,0,0,0
09/16/2021 02:00:00 AM,2,0,2
09/16/2021 03:00:00 AM,0,0,0
09/16/2021 04:00:00 AM,3,2,1
09/16/2021 05:00:00 AM,13,1,12
09/16/2021 06:00:00 AM,31,12,19
09/16/2021 07:00:00 AM,51,20,31
09/16/2021 08:00:00 AM,63,22,41
09/16/2021 09:00:00 AM,38,26,12
09/16/2021 10:00:00 AM,25,13,12
09/16/2021 11:00:00 AM,40,27,13
09/16/2021 12:00:00 PM,35,19,16
09/16/2021 01:00:00 PM,35,22,13
09/16/2021 02:00:00 PM,42,27,15
09/16/2021 03:00:00 PM,64,44,20
09/16/2021 04:00:00 PM,81,55,26
09/16/2021 05:00:00 PM,118,74,44
09/16/2021 06:00:00 PM,74,46,28
09/16/2021 07:00:00 PM,40,16,24
09/16/2021 08:00:00 PM,24,8,16
09/16/2021 09:00:00 PM,9,6,3
09/16/2021 10:00:00 PM,14,11,3
09/16/2021 11:00:00 PM,5,4,1
09/17/2021 12:00:00 AM,5,1,4
09/17/2021 01:00:00 AM,5,3,2
09/17/2021 02:00:00 AM,1,1,0
09/17/2021 03:00:00 AM,1,1,0
09/17/2021 04:00:00 AM,1,1,0
09/17/2021 05:00:00 AM,11,3,8
09/17/2021 06:00:00 AM,23,8,15
09/17/2021 07:00:00 AM,26,13,13
09/17/2021 08:00:00 AM,32,16,16
09/17/2021 09:00:00 AM,22,7,15
09/17/2021 10:00:00 AM,17,11,6
09/17/2021 11:00:00 AM,19,13,6
09/17/2021 12:00:00 PM,22,10,12
09/17/2021 01:00:00 PM,35,15,20
09/17/2021 02:00:00 PM,31,16,15
09/17/2021 03:00:00 PM,30,18,12
09/17/2021 04:00:00 PM,46,32,14
09/17/2021 05:00:00 PM,55,30,25
09/17/2021 06:00:00 PM,39,23,16
09/17/2021 07:00:00 PM,30,23,7
09/17/2021 08:00:00 PM,10,7,3
09/17/2021 09:00:00 PM,9,3,6
09/17/2021 10:00:00 PM,6,4,2
09/17/2021 11:00:00 PM,4,1,3
09/18/2021 12:00:00 AM,1,1,0
09/18/2021 01:00:00 AM,1,0,1
09/18/2021 02:00:00 AM,2,0,2
09/18/2021 03:00:00 AM,1,1,0
09/18/2021 04:00:00 AM,0,0,0
09/18/2021 05:00:00 AM,1,0,1
09/18/2021 06:00:00 AM,2,1,1
09/18/2021 07:00:00 AM,6,3,3
09/18/2021 08:00:00 AM,6,2,4
09/18/2021 09:00:00 AM,23,12,11
09/18/2021 10:00:00 AM,22,17,5
09/18/2021 11:00:00 AM,27,16,11
09/18/2021 12:00:00 PM,29,18,11
09/18/2021 01:00:00 PM,25,13,12
09/18/2021 02:00:00 PM,13,7,6
09/18/2021 03:00:00 PM,14,9,5
09/18/2021 04:00:00 PM,18,11,7
09/18/2021 05:00:00 PM,15,12,3
09/18/2021 06:00:00 PM,16,11,5
09/18/2021 07:00:00 PM,14,8,6
09/18/2021 08:00:00 PM,11,7,4
09/18/2021 09:00:00 PM,8,5,3
09/18/2021 10:00:00 PM,10,3,7
09/18/2021 11:00:00 PM,8,4,4
09/19/2021 12:00:00 AM,3,0,3
09/19/2021 01:00:00 AM,6,4,2
09/19/2021 02:00:00 AM,0,0,0
09/19/2021 03:00:00 AM,1,1,0
09/19/2021 04:00:00 AM,2,0,2
09/19/2021 05:00:00 AM,3,3,0
09/19/2021 06:00:00 AM,3,1,2
09/19/2021 07:00:00 AM,9,5,4
09/19/2021 08:00:00 AM,17,9,8
09/19/2021 09:00:00 AM,22,17,5
09/19/2021 10:00:00 AM,58,42,16
09/19/2021 11:00:00 AM,66,60,6
09/19/2021 12:00:00 PM,113,98,15
09/19/2021 01:00:00 PM,81,65,16
09/19/2021 02:00:00 PM,39,23,16
09/19/2021 03:00:00 PM,40,12,28
09/19/2021 04:00:00 PM,51,13,38
09/19/2021 05:00:00 PM,182,15,167
09/19/2021 06:00:00 PM,41,20,21
09/19/2021 07:00:00 PM,11,3,8
09/19/2021 08:00:00 PM,24,9,15
09/19/2021 09:00:00 PM,4,0,4
09/19/2021 10:00:00 PM,8,4,4
09/19/2021 11:00:00 PM,1,0,1
09/20/2021 12:00:00 AM,2,2,0
09/20/2021 01:00:00 AM,1,0,1
09/20/2021 02:00:00 AM,3,2,1
09/20/2021 03:00:00 AM,1,1,0
09/20/2021 04:00:00 AM,1,1,0
09/20/2021 05:00:00 AM,5,2,3
09/20/2021 06:00:00 AM,27,10,17
09/20/2021 07:00:00 AM,52,16,36
09/20/2021 08:00:00 AM,58,19,39
09/20/2021 09:00:00 AM,36,19,17
09/20/2021 10:00:00 AM,24,15,9
09/20/2021 11:00:00 AM,29,18,11
09/20/2021 12:00:00 PM,38,28,10
09/20/2021 01:00:00 PM,25,16,9
09/20/2021 02:00:00 PM,42,27,15
09/20/2021 03:00:00 PM,38,18,20
09/20/2021 04:00:00 PM,80,41,39
09/20/2021 05:00:00 PM,119,71,48
09/20/2021 06:00:00 PM,64,30,34
09/20/2021 07:00:00 PM,29,19,10
09/20/2021 08:00:00 PM,17,6,11
09/20/2021 09:00:00 PM,12,4,8
09/20/2021 10:00:00 PM,7,5,2
09/20/2021 11:00:00 PM,9,6,3
09/21/2021 12:00:00 AM,5,1,4
09/21/2021 01:00:00 AM,3,3,0
09/21/2021 02:00:00 AM,2,1,1
09/21/2021 03:00:00 AM,0,0,0
09/21/2021 04:00:00 AM,1,1,0
09/21/2021 05:00:00 AM,6,2,4
09/21/2021 06:00:00 AM,31,10,21
09/21/2021 07:00:00 AM,56,18,38
09/21/2021 08:00:00 AM,58,23,35
09/21/2021 09:00:00 AM,40,22,18
09/21/2021 10:00:00 AM,21,13,8
09/21/2021 11:00:00 AM,38,26,12
09/21/2021 12:00:00 PM,27,14,13
09/21/2021 01:00:00 PM,36,17,19
09/21/2021 02:00:00 PM,41,26,15
09/21/2021 03:00:00 PM,53,38,15
09/21/2021 04:00:00 PM,80,50,30
09/21/2021 05:00:00 PM,112,70,42
09/21/2021 06:00:00 PM,60,35,25
09/21/2021 07:00:00 PM,24,9,15
09/21/2021 08:00:00 PM,16,7,9
09/21/2021 09:00:00 PM,20,15,5
09/21/2021 10:00:00 PM,5,1,4
09/21/2021 11:00:00 PM,4,0,4
09/22/2021 12:00:00 AM,1,1,0
09/22/2021 01:00:00 AM,0,0,0
09/22/2021 02:00:00 AM,5,3,2
09/22/2021 03:00:00 AM,0,0,0
09/22/2021 04:00:00 AM,1,1,0
09/22/2021 05:00:00 AM,12,2,10
09/22/2021 06:00:00 AM,24,12,12
09/22/2021 07:00:00 AM,62,26,36
09/22/2021 08:00:00 AM,63,18,45
09/22/2021 09:00:00 AM,49,27,22
09/22/2021 10:00:00 AM,23,16,7
09/22/2021 11:00:00 AM,25,16,9
09/22/2021 12:00:00 PM,28,15,13
09/22/2021 01:00:00 PM,33,15,18
09/22/2021 02:00:00 PM,39,22,17
09/22/2021 03:00:00 PM,47,30,17
09/22/2021 04:00:00 PM,80,47,33
09/22/2021 05:00:00 PM,103,66,37
09/22/2021 06:00:00 PM,61,41,20
09/22/2021 07:00:00 PM,33,14,19
09/22/2021 08:00:00 PM,19,9,10
09/22/2021 09:00:00 PM,19,8,11
09/22/2021 10:00:00 PM,8,4,4
09/22/2021 11:00:00 PM,3,0,3
09/23/2021 12:00:00 AM,6,2,4
09/23/2021 01:00:00 AM,1,1,0
09/23/2021 02:00:00 AM,3,1,2
09/23/2021 03:00:00 AM,1,1,0
09/23/2021 04:00:00 AM,2,1,1
09/23/2021 05:00:00 AM,11,2,9
09/23/2021 06:00:00 AM,29,12,17
09/23/2021 07:00:00 AM,47,17,30
09/23/2021 08:00:00 AM,69,25,44
09/23/2021 09:00:00 AM,35,12,23
09/23/2021 10:00:00 AM,27,13,14
09/23/2021 11:00:00 AM,26,18,8
09/23/2021 12:00:00 PM,44,27,17
09/23/2021 01:00:00 PM,54,26,28
09/23/2021 02:00:00 PM,55,32,23
09/23/2021 03:00:00 PM,59,31,28
09/23/2021 04:00:00 PM,76,42,34
09/23/2021 05:00:00 PM,105,72,33
09/23/2021 06:00:00 PM,61,32,29
09/23/2021 07:00:00 PM,30,15,15
09/23/2021 08:00:00 PM,15,9,6
09/23/2021 09:00:00 PM,16,8,8
09/23/2021 10:00:00 PM,10,8,2
09/23/2021 11:00:00 PM,9,4,5
09/24/2021 12:00:00 AM,7,5,2
09/24/2021 01:00:00 AM,1,0,1
09/24/2021 02:00:00 AM,0,0,0
09/24/2021 03:00:00 AM,3,1,2
09/24/2021 04:00:00 AM,1,1,0
09/24/2021 05:00:00 AM,13,4,9
09/24/2021 06:00:00 AM,17,9,8
09/24/2021 07:00:00 AM,46,14,32
09/24/2021 08:00:00 AM,56,24,32
09/24/2021 09:00:00 AM,33,18,15
09/24/2021 10:00:00 AM,24,12,12
09/24/2021 11:00:00 AM,49,25,24
09/24/2021 12:00:00 PM,43,27,16
09/24/2021 01:00:00 PM,43,22,21
09/24/2021 02:00:00 PM,42,28,14
09/24/2021 03:00:00 PM,52,34,18
09/24/2021 04:00:00 PM,82,51,31
09/24/2021 05:00:00 PM,89,43,46
09/24/2021 06:00:00 PM,55,31,24
09/24/2021 07:00:00 PM,33,13,20
09/24/2021 08:00:00 PM,26,16,10
09/24/2021 09:00:00 PM,21,10,11
09/24/2021 10:00:00 PM,27,16,11
09/24/2021 11:00:00 PM,18,6,12
09/25/2021 12:00:00 AM,11,5,6
09/25/2021 01:00:00 AM,4,1,3
09/25/2021 02:00:00 AM,2,1,1
09/25/2021 03:00:00 AM,0,0,0
09/25/2021 04:00:00 AM,1,0,1
09/25/2021 05:00:00 AM,2,0,2
09/25/2021 06:00:00 AM,5,4,1
09/25/2021 07:00:00 AM,5,3,2
09/25/2021 08:00:00 AM,21,9,12
09/25/2021 09:00:00 AM,27,13,14
09/25/2021 10:00:00 AM,36,25,11
09/25/2021 11:00:00 AM,51,36,15
09/25/2021 12:00:00 PM,58,35,23
09/25/2021 01:00:00 PM,45,30,15
09/25/2021 02:00:00 PM,56,26,30
09/25/2021 03:00:00 PM,73,41,32
09/25/2021 04:00:00 PM,62,26,36
09/25/2021 05:00:00 PM,70,40,30
09/25/2021 06:00:00 PM,55,34,21
09/25/2021 07:00:00 PM,30,12,18
09/25/2021 08:00:00 PM,16,5,11
09/25/2021 09:00:00 PM,23,14,9
09/25/2021 10:00:00 PM,19,14,5
09/25/2021 11:00:00 PM,22,11,11
09/26/2021 12:00:00 AM,15,6,9
09/26/2021 01:00:00 AM,9,6,3
09/26/2021 02:00:00 AM,7,3,4
09/26/2021 03:00:00 AM,1,1,0
09/26/2021 04:00:00 AM,1,1,0
09/26/2021 05:00:00 AM,0,0,0
09/26/2021 06:00:00 AM,3,2,1
09/26/2021 07:00:00 AM,6,4,2
09/26/2021 08:00:00 AM,7,1,6
09/26/2021 09:00:00 AM,9,5,4
09/26/2021 10:00:00 AM,30,19,11
09/26/2021 11:00:00 AM,49,23,26
09/26/2021 12:00:00 PM,36,22,14
09/26/2021 01:00:00 PM,24,12,12
09/26/2021 02:00:00 PM,23,13,10
09/26/2021 03:00:00 PM,11,10,1
09/26/2021 04:00:00 PM,6,3,3
09/26/2021 05:00:00 PM,11,5,6
09/26/2021 06:00:00 PM,4,3,1
09/26/2021 07:00:00 PM,4,2,2
09/26/2021 08:00:00 PM,11,7,4
09/26/2021 09:00:00 PM,1,1,0
09/26/2021 10:00:00 PM,1,1,0
09/26/2021 11:00:00 PM,5,4,1
09/27/2021 12:00:00 AM,4,1,3
09/27/2021 01:00:00 AM,3,3,0
09/27/2021 02:00:00 AM,1,0,1
09/27/2021 03:00:00 AM,2,1,1
09/27/2021 04:00:00 AM,0,0,0
09/27/2021 05:00:00 AM,11,3,8
09/27/2021 06:00:00 AM,16,6,10
09/27/2021 07:00:00 AM,35,12,23
09/27/2021 08:00:00 AM,37,11,26
09/27/2021 09:00:00 AM,22,10,12
09/27/2021 10:00:00 AM,17,9,8
09/27/2021 11:00:00 AM,31,22,9
09/27/2021 12:00:00 PM,26,13,13
09/27/2021 01:00:00 PM,32,24,8
09/27/2021 02:00:00 PM,22,13,9
09/27/2021 03:00:00 PM,32,25,7
09/27/2021 04:00:00 PM,42,34,8
09/27/2021 05:00:00 PM,74,41,33
09/27/2021 06:00:00 PM,39,24,15
09/27/2021 07:00:00 PM,23,11,12
09/27/2021 08:00:00 PM,10,3,7
09/27/2021 09:00:00 PM,4,3,1
09/27/2021 10:00:00 PM,26,5,21
09/27/2021 11:00:00 PM,12,2,10
09/28/2021 12:00:00 AM,1,0,1
09/28/2021 01:00:00 AM,3,3,0
09/28/2021 02:00:00 AM,2,0,2
09/28/2021 03:00:00 AM,0,0,0
09/28/2021 04:00:00 AM,3,2,1
09/28/2021 05:00:00 AM,9,1,8
09/28/2021 06:00:00 AM,19,8,11
09/28/2021 07:00:00 AM,38,10,28
09/28/2021 08:00:00 AM,46,15,31
09/28/2021 09:00:00 AM,31,18,13
09/28/2021 10:00:00 AM,23,12,11
09/28/2021 11:00:00 AM,21,10,11
09/28/2021 12:00:00 PM,34,11,23
09/28/2021 01:00:00 PM,31,18,13
09/28/2021 02:00:00 PM,43,30,13
09/28/2021 03:00:00 PM,34,21,13
09/28/2021 04:00:00 PM,65,47,18
09/28/2021 05:00:00 PM,70,54,16
09/28/2021 06:00:00 PM,84,58,26
09/28/2021 07:00:00 PM,34,23,11
09/28/2021 08:00:00 PM,24,6,18
09/28/2021 09:00:00 PM,12,7,5
09/28/2021 10:00:00 PM,40,5,35
09/28/2021 11:00:00 PM,4,0,4
09/29/2021 12:00:00 AM,5,0,5
09/29/2021 01:00:00 AM,2,2,0
09/29/2021 02:00:00 AM,0,0,0
09/29/2021 03:00:00 AM,2,2,0
09/29/2021 04:00:00 AM,1,1,0
09/29/2021 05:00:00 AM,13,1,12
09/29/2021 06:00:00 AM,15,6,9
09/29/2021 07:00:00 AM,41,12,29
09/29/2021 08:00:00 AM,39,14,25
09/29/2021 09:00:00 AM,30,18,12
09/29/2021 10:00:00 AM,16,8,8
09/29/2021 11:00:00 AM,25,11,14
09/29/2021 12:00:00 PM,18,10,8
09/29/2021 01:00:00 PM,35,21,14
09/29/2021 02:00:00 PM,39,24,15
09/29/2021 03:00:00 PM,43,34,9
09/29/2021 04:00:00 PM,57,36,21
09/29/2021 05:00:00 PM,87,62,25
09/29/2021 06:00:00 PM,64,49,15
09/29/2021 07:00:00 PM,36,24,12
09/29/2021 08:00:00 PM,13,6,7
09/29/2021 09:00:00 PM,10,2,8
09/29/2021 10:00:00 PM,49,6,43
09/29/2021 11:00:00 PM,7,1,6
09/30/2021 12:00:00 AM,3,2,1
09/30/2021 01:00:00 AM,1,0,1
09/30/2021 02:00:00 AM,0,0,0
09/30/2021 03:00:00 AM,1,1,0
09/30/2021 04:00:00 AM,1,1,0
09/30/2021 05:00:00 AM,9,1,8
09/30/2021 06:00:00 AM,23,7,16
09/30/2021 07:00:00 AM,40,15,25
09/30/2021 08:00:00 AM,48,13,35
09/30/2021 09:00:00 AM,28,12,16
09/30/2021 10:00:00 AM,20,10,10
09/30/2021 11:00:00 AM,14,6,8
09/30/2021 12:00:00 PM,21,14,7
09/30/2021 01:00:00 PM,19,11,8
09/30/2021 02:00:00 PM,22,12,10
09/30/2021 03:00:00 PM,30,15,15
09/30/2021 04:00:00 PM,46,28,18
09/30/2021 05:00:00 PM,72,49,23
09/30/2021 06:00:00 PM,37,27,10
09/30/2021 07:00:00 PM,27,13,14
09/30/2021 08:00:00 PM,13,5,8
09/30/2021 09:00:00 PM,10,6,4
09/30/2021 10:00:00 PM,5,1,4
09/30/2021 11:00:00 PM,9,6,3
10/01/2021 12:00:00 AM,7,2,5
10/01/2021 01:00:00 AM,2,2,0
10/01/2021 02:00:00 AM,5,0,5
10/01/2021 03:00:00 AM,1,0,1
10/01/2021 04:00:00 AM,1,1,0
10/01/2021 05:00:00 AM,10,3,7
10/01/2021 06:00:00 AM,20,9,11
10/01/2021 07:00:00 AM,42,14,28
10/01/2021 08:00:00 AM,46,21,25
10/01/2021 09:00:00 AM,32,17,15
10/01/2021 10:00:00 AM,30,19,11
10/01/2021 11:00:00 AM,35,10,25
10/01/2021 12:00:00 PM,26,14,12
10/01/2021 01:00:00 PM,60,32,28
10/01/2021 02:00:00 PM,41,22,19
10/01/2021 03:00:00 PM,67,38,29
10/01/2021 04:00:00 PM,64,42,22
10/01/2021 05:00:00 PM,119,74,45
10/01/2021 06:00:00 PM,112,86,26
10/01/2021 07:00:00 PM,49,42,7
10/01/2021 08:00:00 PM,28,17,11
10/01/2021 09:00:00 PM,30,10,20
10/01/2021 10:00:00 PM,84,12,72
10/01/2021 11:00:00 PM,37,7,30
10/02/2021 12:00:00 AM,7,5,2
10/02/2021 01:00:00 AM,4,1,3
10/02/2021 02:00:00 AM,9,3,6
10/02/2021 03:00:00 AM,4,2,2
10/02/2021 04:00:00 AM,1,0,1
10/02/2021 05:00:00 AM,2,1,1
10/02/2021 06:00:00 AM,4,2,2
10/02/2021 07:00:00 AM,10,5,5
10/02/2021 08:00:00 AM,9,3,6
10/02/2021 09:00:00 AM,15,6,9
10/02/2021 10:00:00 AM,26,15,11
10/02/2021 11:00:00 AM,35,23,12
10/02/2021 12:00:00 PM,26,18,8
10/02/2021 01:00:00 PM,45,33,12
10/02/2021 02:00:00 PM,49,27,22
10/02/2021 03:00:00 PM,51,21,30
10/02/2021 04:00:00 PM,82,59,23
10/02/2021 05:00:00 PM,111,95,16
10/02/2021 06:00:00 PM,50,38,12
10/02/2021 07:00:00 PM,26,11,15
10/02/2021 08:00:00 PM,22,8,14
10/02/2021 09:00:00 PM,38,13,25
10/02/2021 10:00:00 PM,78,9,69
10/02/2021 11:00:00 PM,19,6,13
10/03/2021 12:00:00 AM,9,1,8
10/03/2021 01:00:00 AM,4,2,2
10/03/2021 02:00:00 AM,5,2,3
10/03/2021 03:00:00 AM,0,0,0
10/03/2021 04:00:00 AM,1,1,0
10/03/2021 05:00:00 AM,0,0,0
10/03/2021 06:00:00 AM,2,2,0
10/03/2021 07:00:00 AM,4,3,1
10/03/2021 08:00:00 AM,11,5,6
10/03/2021 09:00:00 AM,14,10,4
10/03/2021 10:00:00 AM,32,18,14
10/03/2021 11:00:00 AM,67,56,11
10/03/2021 12:00:00 PM,19,17,2
10/03/2021 01:00:00 PM,26,18,8
10/03/2021 02:00:00 PM,17,7,10
10/03/2021 03:00:00 PM,36,18,18
10/03/2021 04:00:00 PM,93,21,72
10/03/2021 05:00:00 PM,41,20,21
10/03/2021 06:00:00 PM,48,43,5
10/03/2021 07:00:00 PM,19,14,5
10/03/2021 08:00:00 PM,19,5,14
10/03/2021 09:00:00 PM,39,7,32
10/03/2021 10:00:00 PM,6,2,4
10/03/2021 11:00:00 PM,8,1,7
10/04/2021 12:00:00 AM,4,1,3
10/04/2021 01:00:00 AM,2,2,0
10/04/2021 02:00:00 AM,3,0,3
10/04/2021 03:00:00 AM,1,1,0
10/04/2021 04:00:00 AM,1,0,1
10/04/2021 05:00:00 AM,17,5,12
10/04/2021 06:00:00 AM,17,8,9
10/04/2021 07:00:00 AM,43,16,27
10/04/2021 08:00:00 AM,58,14,44
10/04/2021 09:00:00 AM,39,23,16
10/04/2021 10:00:00 AM,28,19,9
10/04/2021 11:00:00 AM,38,22,16
10/04/2021 12:00:00 PM,13,8,5
10/04/2021 01:00:00 PM,32,14,18
10/04/2021 02:00:00 PM,32,21,11
10/04/2021 03:00:00 PM,44,21,23
10/04/2021 04:00:00 PM,60,38,22
10/04/2021 05:00:00 PM,94,55,39
10/04/2021 06:00:00 PM,44,29,15
10/04/2021 07:00:00 PM,22,12,10
10/04/2021 08:00:00 PM,15,11,4
10/04/2021 09:00:00 PM,7,3,4
10/04/2021 10:00:00 PM,6,2,4
10/04/2021 11:00:00 PM,5,2,3
10/05/2021 12:00:00 AM,4,1,3
10/05/2021 01:00:00 AM,3,3,0
10/05/2021 02:00:00 AM,5,1,4
10/05/2021 03:00:00 AM,1,1,0
10/05/2021 04:00:00 AM,4,4,0
10/05/2021 05:00:00 AM,13,4,9
10/05/2021 06:00:00 AM,27,9,18
10/05/2021 07:00:00 AM,32,12,20
10/05/2021 08:00:00 AM,31,10,21
10/05/2021 09:00:00 AM,15,5,10
10/05/2021 10:00:00 AM,18,9,9
10/05/2021 11:00:00 AM,8,5,3
10/05/2021 12:00:00 PM,12,6,6
10/05/2021 01:00:00 PM,15,13,2
10/05/2021 02:00:00 PM,27,15,12
10/05/2021 03:00:00 PM,21,13,8
10/05/2021 04:00:00 PM,46,32,14
10/05/2021 05:00:00 PM,59,40,19
10/05/2021 06:00:00 PM,35,18,17
10/05/2021 07:00:00 PM,16,11,5
10/05/2021 08:00:00 PM,17,8,9
10/05/2021 09:00:00 PM,4,3,1
10/05/2021 10:00:00 PM,8,3,5
10/05/2021 11:00:00 PM,8,2,6
10/06/2021 12:00:00 AM,1,1,0
10/06/2021 01:00:00 AM,0,0,0
10/06/2021 02:00:00 AM,2,0,2
10/06/2021 03:00:00 AM,1,0,1
10/06/2021 04:00:00 AM,1,1,0
10/06/2021 05:00:00 AM,11,1,10
10/06/2021 06:00:00 AM,27,15,12
10/06/2021 07:00:00 AM,42,13,29
10/06/2021 08:00:00 AM,47,15,32
10/06/2021 09:00:00 AM,30,12,18
10/06/2021 10:00:00 AM,25,16,9
10/06/2021 11:00:00 AM,28,19,9
10/06/2021 12:00:00 PM,25,17,8
10/06/2021 01:00:00 PM,19,10,9
10/06/2021 02:00:00 PM,32,17,15
10/06/2021 03:00:00 PM,35,29,6
10/06/2021 04:00:00 PM,61,39,22
10/06/2021 05:00:00 PM,91,50,41
10/06/2021 06:00:00 PM,49,31,18
10/06/2021 07:00:00 PM,23,13,10
10/06/2021 08:00:00 PM,12,4,8
10/06/2021 09:00:00 PM,16,9,7
10/06/2021 10:00:00 PM,9,4,5
10/06/2021 11:00:00 PM,4,3,1
10/07/2021 12:00:00 AM,0,0,0
10/07/2021 01:00:00 AM,3,1,2
10/07/2021 02:00:00 AM,3,1,2
10/07/2021 03:00:00 AM,1,0,1
10/07/2021 04:00:00 AM,1,1,0
10/07/2021 05:00:00 AM,11,2,9
10/07/2021 06:00:00 AM,24,13,11
10/07/2021 07:00:00 AM,51,19,32
10/07/2021 08:00:00 AM,56,20,36
10/07/2021 09:00:00 AM,36,20,16
10/07/2021 10:00:00 AM,30,18,12
10/07/2021 11:00:00 AM,39,23,16
10/07/2021 12:00:00 PM,42,23,19
10/07/2021 01:00:00 PM,44,22,22
10/07/2021 02:00:00 PM,65,38,27
10/07/2021 03:00:00 PM,103,77,26
10/07/2021 04:00:00 PM,198,168,30
10/07/2021 05:00:00 PM,158,121,37
10/07/2021 06:00:00 PM,70,35,35
10/07/2021 07:00:00 PM,34,18,16
10/07/2021 08:00:00 PM,221,20,201
10/07/2021 09:00:00 PM,80,15,65
10/07/2021 10:00:00 PM,22,10,12
10/07/2021 11:00:00 PM,12,6,6
10/08/2021 12:00:00 AM,3,0,3
10/08/2021 01:00:00 AM,5,4,1
10/08/2021 02:00:00 AM,2,1,1
10/08/2021 03:00:00 AM,0,0,0
10/08/2021 04:00:00 AM,2,1,1
10/08/2021 05:00:00 AM,12,4,8
10/08/2021 06:00:00 AM,21,13,8
10/08/2021 07:00:00 AM,30,8,22
10/08/2021 08:00:00 AM,45,13,32
10/08/2021 09:00:00 AM,34,24,10
10/08/2021 10:00:00 AM,30,16,14
10/08/2021 11:00:00 AM,31,23,8
10/08/2021 12:00:00 PM,42,22,20
10/08/2021 01:00:00 PM,43,24,19
10/08/2021 02:00:00 PM,48,30,18
10/08/2021 03:00:00 PM,62,33,29
10/08/2021 04:00:00 PM,77,47,30
10/08/2021 05:00:00 PM,64,41,23
10/08/2021 06:00:00 PM,59,37,22
10/08/2021 07:00:00 PM,42,17,25
10/08/2021 08:00:00 PM,12,8,4
10/08/2021 09:00:00 PM,8,7,1
10/08/2021 10:00:00 PM,16,11,5
10/08/2021 11:00:00 PM,15,2,13
10/09/2021 12:00:00 AM,11,6,5
10/09/2021 01:00:00 AM,4,1,3
10/09/2021 02:00:00 AM,2,0,2
10/09/2021 03:00:00 AM,3,0,3
10/09/2021 04:00:00 AM,0,0,0
10/09/2021 05:00:00 AM,0,0,0
10/09/2021 06:00:00 AM,2,2,0
10/09/2021 07:00:00 AM,11,6,5
10/09/2021 08:00:00 AM,16,14,2
10/09/2021 09:00:00 AM,19,5,14
10/09/2021 10:00:00 AM,16,9,7
10/09/2021 11:00:00 AM,25,20,5
10/09/2021 12:00:00 PM,55,39,16
10/09/2021 01:00:00 PM,49,30,19
10/09/2021 02:00:00 PM,37,20,17
10/09/2021 03:00:00 PM,39,20,19
10/09/2021 04:00:00 PM,63,45,18
10/09/2021 05:00:00 PM,71,45,26
10/09/2021 06:00:00 PM,15,9,6
10/09/2021 07:00:00 PM,12,4,8
10/09/2021 08:00:00 PM,43,5,38
10/09/2021 09:00:00 PM,10,9,1
10/09/2021 10:00:00 PM,16,8,8
10/09/2021 11:00:00 PM,5,3,2
10/10/2021 12:00:00 AM,7,4,3
10/10/2021 01:00:00 AM,3,2,1
10/10/2021 02:00:00 AM,4,3,1
10/10/2021 03:00:00 AM,3,2,1
10/10/2021 04:00:00 AM,0,0,0
10/10/2021 05:00:00 AM,2,1,1
10/10/2021 06:00:00 AM,5,2,3
10/10/2021 07:00:00 AM,2,1,1
10/10/2021 08:00:00 AM,8,4,4
10/10/2021 09:00:00 AM,14,5,9
10/10/2021 10:00:00 AM,7,2,5
10/10/2021 11:00:00 AM,13,6,7
10/10/2021 12:00:00 PM,20,9,11
10/10/2021 01:00:00 PM,21,7,14
10/10/2021 02:00:00 PM,30,13,17
10/10/2021 03:00:00 PM,32,18,14
10/10/2021 04:00:00 PM,29,12,17
10/10/2021 05:00:00 PM,31,19,12
10/10/2021 06:00:00 PM,9,5,4
10/10/2021 07:00:00 PM,12,6,6
10/10/2021 08:00:00 PM,2,0,2
10/10/2021 09:00:00 PM,2,2,0
10/10/2021 10:00:00 PM,9,4,5
10/10/2021 11:00:00 PM,9,2,7
10/11/2021 12:00:00 AM,2,0,2
10/11/2021 01:00:00 AM,3,2,1
10/11/2021 02:00:00 AM,2,0,2
10/11/2021 03:00:00 AM,0,0,0
10/11/2021 04:00:00 AM,3,2,1
10/11/2021 05:00:00 AM,7,1,6
10/11/2021 06:00:00 AM,18,6,12
10/11/2021 07:00:00 AM,40,11,29
10/11/2021 08:00:00 AM,40,16,24
10/11/2021 09:00:00 AM,38,15,23
10/11/2021 10:00:00 AM,26,14,12
10/11/2021 11:00:00 AM,26,19,7
10/11/2021 12:00:00 PM,23,9,14
10/11/2021 01:00:00 PM,18,11,7
10/11/2021 02:00:00 PM,19,15,4
10/11/2021 03:00:00 PM,31,18,13
10/11/2021 04:00:00 PM,47,29,18
10/11/2021 05:00:00 PM,84,49,35
10/11/2021 06:00:00 PM,52,32,20
10/11/2021 07:00:00 PM,34,20,14
10/11/2021 08:00:00 PM,5,4,1
10/11/2021 09:00:00 PM,5,1,4
10/11/2021 10:00:00 PM,2,1,1
10/11/2021 11:00:00 PM,8,2,6
10/12/2021 12:00:00 AM,1,1,0
10/12/2021 01:00:00 AM,4,1,3
10/12/2021 02:00:00 AM,1,1,0
10/12/2021 03:00:00 AM,0,0,0
10/12/2021 04:00:00 AM,1,1,0
10/12/2021 05:00:00 AM,10,4,6
10/12/2021 06:00:00 AM,21,7,14
10/12/2021 07:00:00 AM,49,11,38
10/12/2021 08:00:00 AM,50,19,31
10/12/2021 09:00:00 AM,33,20,13
10/12/2021 10:00:00 AM,18,12,6
10/12/2021 11:00:00 AM,24,14,10
10/12/2021 12:00:00 PM,23,11,12
10/12/2021 01:00:00 PM,23,14,9
10/12/2021 02:00:00 PM,29,19,10
10/12/2021 03:00:00 PM,34,25,9
10/12/2021 04:00:00 PM,66,48,18
10/12/2021 05:00:00 PM,91,58,33
10/12/2021 06:00:00 PM,39,20,19
10/12/2021 07:00:00 PM,14,8,6
10/12/2021 08:00:00 PM,8,7,1
10/12/2021 09:00:00 PM,5,3,2
10/12/2021 10:00:00 PM,4,1,3
10/12/2021 11:00:00 PM,4,1,3
10/13/2021 12:00:00 AM,2,1,1
10/13/2021 01:00:00 AM,5,3,2
10/13/2021 02:00:00 AM,0,0,0
10/13/2021 03:00:00 AM,0,0,0
10/13/2021 04:00:00 AM,1,1,0
10/13/2021 05:00:00 AM,13,3,10
10/13/2021 06:00:00 AM,19,7,12
10/13/2021 07:00:00 AM,37,18,19
10/13/2021 08:00:00 AM,48,15,33
10/13/2021 09:00:00 AM,34,22,12
10/13/2021 10:00:00 AM,18,8,10
10/13/2021 11:00:00 AM,16,7,9
10/13/2021 12:00:00 PM,17,10,7
10/13/2021 01:00:00 PM,24,15,9
10/13/2021 02:00:00 PM,32,20,12
10/13/2021 03:00:00 PM,37,29,8
10/13/2021 04:00:00 PM,68,42,26
10/13/2021 05:00:00 PM,98,56,42
10/13/2021 06:00:00 PM,29,15,14
10/13/2021 07:00:00 PM,22,9,13
10/13/2021 08:00:00 PM,14,6,8
10/13/2021 09:00:00 PM,5,4,1
10/13/2021 10:00:00 PM,5,2,3
10/13/2021 11:00:00 PM,2,1,1
10/14/2021 12:00:00 AM,4,1,3
10/14/2021 01:00:00 AM,0,0,0
10/14/2021 02:00:00 AM,1,1,0
10/14/2021 03:00:00 AM,1,0,1
10/14/2021 04:00:00 AM,3,3,0
10/14/2021 05:00:00 AM,13,2,11
10/14/2021 06:00:00 AM,17,8,9
10/14/2021 07:00:00 AM,50,14,36
10/14/2021 08:00:00 AM,49,17,32
10/14/2021 09:00:00 AM,18,9,9
10/14/2021 10:00:00 AM,15,8,7
10/14/2021 11:00:00 AM,27,16,11
10/14/2021 12:00:00 PM,19,8,11
10/14/2021 01:00:00 PM,31,17,14
10/14/2021 02:00:00 PM,35,24,11
10/14/2021 03:00:00 PM,40,25,15
10/14/2021 04:00:00 PM,51,38,13
10/14/2021 05:00:00 PM,69,47,22
10/14/2021 06:00:00 PM,41,21,20
10/14/2021 07:00:00 PM,23,5,18
10/14/2021 08:00:00 PM,10,5,5
10/14/2021 09:00:00 PM,13,5,8
10/14/2021 10:00:00 PM,7,3,4
10/14/2021 11:00:00 PM,8,2,6
10/15/2021 12:00:00 AM,2,2,0
10/15/2021 01:00:00 AM,3,1,2
10/15/2021 02:00:00 AM,3,3,0
10/15/2021 03:00:00 AM,1,1,0
10/15/2021 04:00:00 AM,1,1,0
10/15/2021 05:00:00 AM,8,2,6
10/15/2021 06:00:00 AM,24,9,15
10/15/2021 07:00:00 AM,38,14,24
10/15/2021 08:00:00 AM,45,20,25
10/15/2021 09:00:00 AM,29,17,12
10/15/2021 10:00:00 AM,24,11,13
10/15/2021 11:00:00 AM,33,18,15
10/15/2021 12:00:00 PM,24,12,12
10/15/2021 01:00:00 PM,26,15,11
10/15/2021 02:00:00 PM,38,18,20
10/15/2021 03:00:00 PM,62,34,28
10/15/2021 04:00:00 PM,69,45,24
10/15/2021 05:00:00 PM,70,40,30
10/15/2021 06:00:00 PM,42,21,21
10/15/2021 07:00:00 PM,21,13,8
10/15/2021 08:00:00 PM,14,3,11
10/15/2021 09:00:00 PM,5,3,2
10/15/2021 10:00:00 PM,11,5,6
10/15/2021 11:00:00 PM,6,4,2
10/16/2021 12:00:00 AM,4,3,1
10/16/2021 01:00:00 AM,2,1,1
10/16/2021 02:00:00 AM,1,0,1
10/16/2021 03:00:00 AM,4,1,3
10/16/2021 04:00:00 AM,1,0,1
10/16/2021 05:00:00 AM,2,1,1
10/16/2021 06:00:00 AM,6,3,3
10/16/2021 07:00:00 AM,8,4,4
10/16/2021 08:00:00 AM,10,7,3
10/16/2021 09:00:00 AM,19,12,7
10/16/2021 10:00:00 AM,13,9,4
10/16/2021 11:00:00 AM,31,11,20
10/16/2021 12:00:00 PM,30,22,8
10/16/2021 01:00:00 PM,33,14,19
10/16/2021 02:00:00 PM,44,26,18
10/16/2021 03:00:00 PM,49,28,21
10/16/2021 04:00:00 PM,56,36,20
10/16/2021 05:00:00 PM,32,10,22
10/16/2021 06:00:00 PM,25,10,15
10/16/2021 07:00:00 PM,23,11,12
10/16/2021 08:00:00 PM,18,10,8
10/16/2021 09:00:00 PM,9,3,6
10/16/2021 10:00:00 PM,17,13,4
10/16/2021 11:00:00 PM,17,7,10
10/17/2021 12:00:00 AM,10,6,4
10/17/2021 01:00:00 AM,7,1,6
10/17/2021 02:00:00 AM,6,2,4
10/17/2021 03:00:00 AM,2,2,0
10/17/2021 04:00:00 AM,2,2,0
10/17/2021 05:00:00 AM,2,2,0
10/17/2021 06:00:00 AM,3,2,1
10/17/2021 07:00:00 AM,3,0,3
10/17/2021 08:00:00 AM,8,3,5
10/17/2021 09:00:00 AM,17,10,7
10/17/2021 10:00:00 AM,21,16,5
10/17/2021 11:00:00 AM,34,17,17
10/17/2021 12:00:00 PM,27,17,10
10/17/2021 01:00:00 PM,34,17,17
10/17/2021 02:00:00 PM,21,10,11
10/17/2021 03:00:00 PM,27,15,12
10/17/2021 04:00:00 PM,30,14,16
10/17/2021 05:00:00 PM,29,19,10
10/17/2021 06:00:00 PM,13,5,8
10/17/2021 07:00:00 PM,12,4,8
10/17/2021 08:00:00 PM,6,3,3
10/17/2021 09:00:00 PM,3,3,0
10/17/2021 10:00:00 PM,4,1,3
10/17/2021 11:00:00 PM,7,5,2
10/18/2021 12:00:00 AM,5,4,1
10/18/2021 01:00:00 AM,3,1,2
10/18/2021 02:00:00 AM,3,1,2
10/18/2021 03:00:00 AM,1,0,1
10/18/2021 04:00:00 AM,1,0,1
10/18/2021 05:00:00 AM,16,5,11
10/18/2021 06:00:00 AM,21,7,14
10/18/2021 07:00:00 AM,40,9,31
10/18/2021 08:00:00 AM,58,22,36
10/18/2021 09:00:00 AM,34,15,19
10/18/2021 10:00:00 AM,13,7,6
10/18/2021 11:00:00 AM,13,9,4
10/18/2021 12:00:00 PM,23,10,13
10/18/2021 01:00:00 PM,19,12,7
10/18/2021 02:00:00 PM,34,16,18
10/18/2021 03:00:00 PM,39,30,9
10/18/2021 04:00:00 PM,52,33,19
10/18/2021 05:00:00 PM,94,61,33
10/18/2021 06:00:00 PM,32,15,17
10/18/2021 07:00:00 PM,24,10,14
10/18/2021 08:00:00 PM,4,1,3
10/18/2021 09:00:00 PM,4,1,3
10/18/2021 10:00:00 PM,6,1,5
10/18/2021 11:00:00 PM,5,2,3
10/19/2021 12:00:00 AM,1,1,0
10/19/2021 01:00:00 AM,5,3,2
10/19/2021 02:00:00 AM,2,1,1
10/19/2021 03:00:00 AM,2,0,2
10/19/2021 04:00:00 AM,3,3,0
10/19/2021 05:00:00 AM,18,5,13
10/19/2021 06:00:00 AM,20,9,11
10/19/2021 07:00:00 AM,60,19,41
10/19/2021 08:00:00 AM,72,22,50
10/19/2021 09:00:00 AM,23,14,9
10/19/2021 10:00:00 AM,17,9,8
10/19/2021 11:00:00 AM,30,16,14
10/19/2021 12:00:00 PM,24,10,14
10/19/2021 01:00:00 PM,33,17,16
10/19/2021 02:00:00 PM,40,25,15
10/19/2021 03:00:00 PM,60,41,19
10/19/2021 04:00:00 PM,80,51,29
10/19/2021 05:00:00 PM,101,64,37
10/19/2021 06:00:00 PM,51,31,20
10/19/2021 07:00:00 PM,26,11,15
10/19/2021 08:00:00 PM,11,7,4
10/19/2021 09:00:00 PM,14,8,6
10/19/2021 10:00:00 PM,3,0,3
10/19/2021 11:00:00 PM,12,4,8
10/20/2021 12:00:00 AM,2,2,0
10/20/2021 01:00:00 AM,0,0,0
10/20/2021 02:00:00 AM,0,0,0
10/20/2021 03:00:00 AM,2,2,0
10/20/2021 04:00:00 AM,1,1,0
10/20/2021 05:00:00 AM,9,0,9
10/20/2021 06:00:00 AM,15,6,9
10/20/2021 07:00:00 AM,29,9,20
10/20/2021 08:00:00 AM,45,20,25
10/20/2021 09:00:00 AM,18,6,12
10/20/2021 10:00:00 AM,19,8,11
10/20/2021 11:00:00 AM,15,5,10
10/20/2021 12:00:00 PM,10,6,4
10/20/2021 01:00:00 PM,12,7,5
10/20/2021 02:00:00 PM,24,13,11
10/20/2021 03:00:00 PM,31,21,10
10/20/2021 04:00:00 PM,52,36,16
10/20/2021 05:00:00 PM,72,43,29
10/20/2021 06:00:00 PM,29,18,11
10/20/2021 07:00:00 PM,27,10,17
10/20/2021 08:00:00 PM,6,4,2
10/20/2021 09:00:00 PM,11,4,7
10/20/2021 10:00:00 PM,7,3,4
10/20/2021 11:00:00 PM,6,3,3
10/21/2021 12:00:00 AM,2,1,1
10/21/2021 01:00:00 AM,3,2,1
10/21/2021 02:00:00 AM,5,2,3
10/21/2021 03:00:00 AM,3,2,1
10/21/2021 04:00:00 AM,2,2,0
10/21/2021 05:00:00 AM,14,3,11
10/21/2021 06:00:00 AM,19,7,12
10/21/2021 07:00:00 AM,37,12,25
10/21/2021 08:00:00 AM,46,17,29
10/21/2021 09:00:00 AM,27,12,15
10/21/2021 10:00:00 AM,22,9,13
10/21/2021 11:00:00 AM,30,17,13
10/21/2021 12:00:00 PM,29,19,10
10/21/2021 01:00:00 PM,27,11,16
10/21/2021 02:00:00 PM,40,29,11
10/21/2021 03:00:00 PM,31,24,7
10/21/2021 04:00:00 PM,45,31,14
10/21/2021 05:00:00 PM,79,55,24
10/21/2021 06:00:00 PM,42,19,23
10/21/2021 07:00:00 PM,12,5,7
10/21/2021 08:00:00 PM,8,2,6
10/21/2021 09:00:00 PM,3,0,3
10/21/2021 10:00:00 PM,7,4,3
10/21/2021 11:00:00 PM,3,1,2
10/22/2021 12:00:00 AM,0,0,0
10/22/2021 01:00:00 AM,0,0,0
10/22/2021 02:00:00 AM,1,0,1
10/22/2021 03:00:00 AM,0,0,0
10/22/2021 04:00:00 AM,1,1,0
10/22/2021 05:00:00 AM,12,6,6
10/22/2021 06:00:00 AM,15,4,11
10/22/2021 07:00:00 AM,31,10,21
10/22/2021 08:00:00 AM,41,13,28
10/22/2021 09:00:00 AM,23,13,10
10/22/2021 10:00:00 AM,11,5,6
10/22/2021 11:00:00 AM,7,2,5
10/22/2021 12:00:00 PM,19,14,5
10/22/2021 01:00:00 PM,21,11,10
10/22/2021 02:00:00 PM,28,17,11
10/22/2021 03:00:00 PM,50,34,16
10/22/2021 04:00:00 PM,43,24,19
10/22/2021 05:00:00 PM,45,27,18
10/22/2021 06:00:00 PM,29,16,13
10/22/2021 07:00:00 PM,13,5,8
10/22/2021 08:00:00 PM,12,9,3
10/22/2021 09:00:00 PM,26,20,6
10/22/2021 10:00:00 PM,7,5,2
10/22/2021 11:00:00 PM,13,5,8
10/23/2021 12:00:00 AM,6,4,2
10/23/2021 01:00:00 AM,3,2,1
10/23/2021 02:00:00 AM,5,1,4
10/23/2021 03:00:00 AM,3,0,3
10/23/2021 04:00:00 AM,2,2,0
10/23/2021 05:00:00 AM,3,1,2
10/23/2021 06:00:00 AM,2,2,0
10/23/2021 07:00:00 AM,6,2,4
10/23/2021 08:00:00 AM,8,3,5
10/23/2021 09:00:00 AM,23,9,14
10/23/2021 10:00:00 AM,25,16,9
10/23/2021 11:00:00 AM,33,21,12
10/23/2021 12:00:00 PM,61,47,14
10/23/2021 01:00:00 PM,20,16,4
10/23/2021 02:00:00 PM,24,10,14
10/23/2021 03:00:00 PM,73,28,45
10/23/2021 04:00:00 PM,31,13,18
10/23/2021 05:00:00 PM,26,15,11
10/23/2021 06:00:00 PM,31,17,14
10/23/2021 07:00:00 PM,7,2,5
10/23/2021 08:00:00 PM,12,2,10
10/23/2021 09:00:00 PM,13,8,5
10/23/2021 10:00:00 PM,18,13,5
10/23/2021 11:00:00 PM,13,6,7
10/24/2021 12:00:00 AM,8,6,2
10/24/2021 01:00:00 AM,3,1,2
10/24/2021 02:00:00 AM,3,1,2
10/24/2021 03:00:00 AM,0,0,0
10/24/2021 04:00:00 AM,1,0,1
10/24/2021 05:00:00 AM,1,1,0
10/24/2021 06:00:00 AM,1,1,0
10/24/2021 07:00:00 AM,7,5,2
10/24/2021 08:00:00 AM,4,1,3
10/24/2021 09:00:00 AM,12,2,10
10/24/2021 10:00:00 AM,2,1,1
10/24/2021 11:00:00 AM,12,5,7
10/24/2021 12:00:00 PM,23,10,13
10/24/2021 01:00:00 PM,8,5,3
10/24/2021 02:00:00 PM,1,1,0
10/24/2021 03:00:00 PM,11,4,7
10/24/2021 04:00:00 PM,19,11,8
10/24/2021 05:00:00 PM,22,12,10
10/24/2021 06:00:00 PM,9,5,4
10/24/2021 07:00:00 PM,16,2,14
10/24/2021 08:00:00 PM,13,10,3
10/24/2021 09:00:00 PM,10,5,5
10/24/2021 10:00:00 PM,6,1,5
10/24/2021 11:00:00 PM,6,1,5
10/25/2021 12:00:00 AM,1,1,0
10/25/2021 01:00:00 AM,1,0,1
10/25/2021 02:00:00 AM,0,0,0
10/25/2021 03:00:00 AM,2,1,1
10/25/2021 04:00:00 AM,1,1,0
10/25/2021 05:00:00 AM,6,3,3
10/25/2021 06:00:00 AM,13,6,7
10/25/2021 07:00:00 AM,39,11,28
10/25/2021 08:00:00 AM,35,14,21
10/25/2021 09:00:00 AM,24,12,12
10/25/2021 10:00:00 AM,18,12,6
10/25/2021 11:00:00 AM,18,9,9
10/25/2021 12:00:00 PM,20,7,13
10/25/2021 01:00:00 PM,34,23,11
10/25/2021 02:00:00 PM,38,28,10
10/25/2021 03:00:00 PM,77,66,11
10/25/2021 04:00:00 PM,92,87,5
10/25/2021 05:00:00 PM,69,53,16
10/25/2021 06:00:00 PM,19,10,9
10/25/2021 07:00:00 PM,25,6,19
10/25/2021 08:00:00 PM,120,5,115
10/25/2021 09:00:00 PM,45,14,31
10/25/2021 10:00:00 PM,9,2,7
10/25/2021 11:00:00 PM,3,0,3
10/26/2021 12:00:00 AM,3,1,2
10/26/2021 01:00:00 AM,0,0,0
10/26/2021 02:00:00 AM,3,2,1
10/26/2021 03:00:00 AM,0,0,0
10/26/2021 04:00:00 AM,1,1,0
10/26/2021 05:00:00 AM,6,2,4
10/26/2021 06:00:00 AM,12,5,7
10/26/2021 07:00:00 AM,45,13,32
10/26/2021 08:00:00 AM,36,11,25
10/26/2021 09:00:00 AM,20,9,11
10/26/2021 10:00:00 AM,27,11,16
10/26/2021 11:00:00 AM,14,5,9
10/26/2021 12:00:00 PM,12,6,6
10/26/2021 01:00:00 PM,12,7,5
10/26/2021 02:00:00 PM,14,10,4
10/26/2021 03:00:00 PM,30,21,9
10/26/2021 04:00:00 PM,50,31,19
10/26/2021 05:00:00 PM,63,41,22
10/26/2021 06:00:00 PM,34,18,16
10/26/2021 07:00:00 PM,17,7,10
10/26/2021 08:00:00 PM,4,2,2
10/26/2021 09:00:00 PM,4,0,4
10/26/2021 10:00:00 PM,16,12,4
10/26/2021 11:00:00 PM,8,3,5
10/27/2021 12:00:00 AM,5,3,2
10/27/2021 01:00:00 AM,2,2,0
10/27/2021 02:00:00 AM,2,2,0
10/27/2021 03:00:00 AM,1,1,0
10/27/2021 04:00:00 AM,0,0,0
10/27/2021 05:00:00 AM,9,2,7
10/27/2021 06:00:00 AM,22,6,16
10/27/2021 07:00:00 AM,42,15,27
10/27/2021 08:00:00 AM,54,29,25
10/27/2021 09:00:00 AM,29,16,13
10/27/2021 10:00:00 AM,19,4,15
10/27/2021 11:00:00 AM,20,11,9
10/27/2021 12:00:00 PM,25,8,17
10/27/2021 01:00:00 PM,20,9,11
10/27/2021 02:00:00 PM,33,21,12
10/27/2021 03:00:00 PM,34,24,10
10/27/2021 04:00:00 PM,50,31,19
10/27/2021 05:00:00 PM,82,51,31
10/27/2021 06:00:00 PM,29,19,10
10/27/2021 07:00:00 PM,13,7,6
10/27/2021 08:00:00 PM,8,0,8
10/27/2021 09:00:00 PM,8,5,3
10/27/2021 10:00:00 PM,9,5,4
10/27/2021 11:00:00 PM,2,1,1
10/28/2021 12:00:00 AM,5,0,5
10/28/2021 01:00:00 AM,1,1,0
10/28/2021 02:00:00 AM,5,3,2
10/28/2021 03:00:00 AM,0,0,0
10/28/2021 04:00:00 AM,1,1,0
10/28/2021 05:00:00 AM,8,2,6
10/28/2021 06:00:00 AM,18,5,13
10/28/2021 07:00:00 AM,28,6,22
10/28/2021 08:00:00 AM,28,9,19
10/28/2021 09:00:00 AM,22,13,9
10/28/2021 10:00:00 AM,12,6,6
10/28/2021 11:00:00 AM,10,7,3
10/28/2021 12:00:00 PM,16,12,4
10/28/2021 01:00:00 PM,10,6,4
10/28/2021 02:00:00 PM,16,9,7
10/28/2021 03:00:00 PM,21,13,8
10/28/2021 04:00:00 PM,38,25,13
10/28/2021 05:00:00 PM,56,36,20
10/28/2021 06:00:00 PM,20,14,6
10/28/2021 07:00:00 PM,3,0,3
10/28/2021 08:00:00 PM,6,3,3
10/28/2021 09:00:00 PM,5,3,2
10/28/2021 10:00:00 PM,7,5,2
10/28/2021 11:00:00 PM,6,4,2
10/29/2021 12:00:00 AM,0,0,0
10/29/2021 01:00:00 AM,0,0,0
10/29/2021 02:00:00 AM,1,0,1
10/29/2021 03:00:00 AM,0,0,0
10/29/2021 04:00:00 AM,4,4,0
10/29/2021 05:00:00 AM,4,2,2
10/29/2021 06:00:00 AM,18,6,12
10/29/2021 07:00:00 AM,29,10,19
10/29/2021 08:00:00 AM,27,6,21
10/29/2021 09:00:00 AM,13,7,6
10/29/2021 10:00:00 AM,14,10,4
10/29/2021 11:00:00 AM,17,8,9
10/29/2021 12:00:00 PM,34,23,11
10/29/2021 01:00:00 PM,25,15,10
10/29/2021 02:00:00 PM,24,13,11
10/29/2021 03:00:00 PM,43,32,11
10/29/2021 04:00:00 PM,52,31,21
10/29/2021 05:00:00 PM,53,32,21
10/29/2021 06:00:00 PM,34,16,18
10/29/2021 07:00:00 PM,19,13,6
10/29/2021 08:00:00 PM,7,4,3
10/29/2021 09:00:00 PM,4,4,0
10/29/2021 10:00:00 PM,9,5,4
10/29/2021 11:00:00 PM,7,2,5
10/30/2021 12:00:00 AM,17,8,9
10/30/2021 01:00:00 AM,1,1,0
10/30/2021 02:00:00 AM,6,3,3
10/30/2021 03:00:00 AM,3,2,1
10/30/2021 04:00:00 AM,1,1,0
10/30/2021 05:00:00 AM,3,2,1
10/30/2021 06:00:00 AM,2,2,0
10/30/2021 07:00:00 AM,8,5,3
10/30/2021 08:00:00 AM,9,4,5
10/30/2021 09:00:00 AM,16,14,2
10/30/2021 10:00:00 AM,20,9,11
10/30/2021 11:00:00 AM,23,14,9
10/30/2021 12:00:00 PM,47,33,14
10/30/2021 01:00:00 PM,37,20,17
10/30/2021 02:00:00 PM,41,10,31
10/30/2021 03:00:00 PM,54,30,24
10/30/2021 04:00:00 PM,48,18,30
10/30/2021 05:00:00 PM,47,26,21
10/30/2021 06:00:00 PM,31,13,18
10/30/2021 07:00:00 PM,12,7,5
10/30/2021 08:00:00 PM,15,8,7
10/30/2021 09:00:00 PM,2,1,1
10/30/2021 10:00:00 PM,12,3,9
10/30/2021 11:00:00 PM,14,8,6
11/01/2021 12:00:00 AM,3,2,1
11/01/2021 01:00:00 AM,2,1,1
11/01/2021 02:00:00 AM,3,2,1
11/01/2021 03:00:00 AM,2,1,1
11/01/2021 04:00:00 AM,1,1,0
11/01/2021 05:00:00 AM,9,3,6
11/01/2021 06:00:00 AM,25,9,16
11/01/2021 07:00:00 AM,42,12,30
11/01/2021 08:00:00 AM,49,15,34
11/01/2021 09:00:00 AM,28,15,13
11/01/2021 10:00:00 AM,14,7,7
11/01/2021 11:00:00 AM,25,16,9
11/01/2021 12:00:00 PM,19,10,9
11/01/2021 01:00:00 PM,22,15,7
11/01/2021 02:00:00 PM,26,17,9
11/01/2021 03:00:00 PM,29,23,6
11/01/2021 04:00:00 PM,45,35,10
11/01/2021 05:00:00 PM,65,48,17
11/01/2021 06:00:00 PM,55,39,16
11/01/2021 07:00:00 PM,15,10,5
11/01/2021 08:00:00 PM,13,6,7
11/01/2021 09:00:00 PM,40,4,36
11/01/2021 10:00:00 PM,11,3,8
11/01/2021 11:00:00 PM,7,3,4
11/02/2021 12:00:00 AM,0,0,0
11/02/2021 01:00:00 AM,1,1,0
11/02/2021 02:00:00 AM,0,0,0
11/02/2021 03:00:00 AM,2,1,1
11/02/2021 04:00:00 AM,2,2,0
11/02/2021 05:00:00 AM,12,4,8
11/02/2021 06:00:00 AM,18,3,15
11/02/2021 07:00:00 AM,43,14,29
11/02/2021 08:00:00 AM,57,13,44
11/02/2021 09:00:00 AM,37,21,16
11/02/2021 10:00:00 AM,26,11,15
11/02/2021 11:00:00 AM,20,12,8
11/02/2021 12:00:00 PM,14,6,8
11/02/2021 01:00:00 PM,16,8,8
11/02/2021 02:00:00 PM,20,13,7
11/02/2021 03:00:00 PM,33,20,13
11/02/2021 04:00:00 PM,53,40,13
11/02/2021 05:00:00 PM,68,45,23
11/02/2021 06:00:00 PM,42,25,17
11/02/2021 07:00:00 PM,13,6,7
11/02/2021 08:00:00 PM,5,1,4
11/02/2021 09:00:00 PM,6,3,3
11/02/2021 10:00:00 PM,6,4,2
11/02/2021 11:00:00 PM,9,2,7
11/03/2021 12:00:00 AM,3,1,2
11/03/2021 01:00:00 AM,1,1,0
11/03/2021 02:00:00 AM,1,1,0
11/03/2021 03:00:00 AM,2,1,1
11/03/2021 04:00:00 AM,5,2,3
11/03/2021 05:00:00 AM,14,1,13
11/03/2021 06:00:00 AM,21,7,14
11/03/2021 07:00:00 AM,39,9,30
11/03/2021 08:00:00 AM,44,15,29
11/03/2021 09:00:00 AM,28,11,17
11/03/2021 10:00:00 AM,16,8,8
11/03/2021 11:00:00 AM,17,12,5
11/03/2021 12:00:00 PM,20,10,10
11/03/2021 01:00:00 PM,23,9,14
11/03/2021 02:00:00 PM,32,20,12
11/03/2021 03:00:00 PM,38,22,16
11/03/2021 04:00:00 PM,63,43,20
11/03/2021 05:00:00 PM,87,55,32
11/03/2021 06:00:00 PM,40,27,13
11/03/2021 07:00:00 PM,16,6,10
11/03/2021 08:00:00 PM,10,6,4
11/03/2021 09:00:00 PM,7,3,4
11/03/2021 10:00:00 PM,10,7,3
11/03/2021 11:00:00 PM,7,0,7
11/04/2021 12:00:00 AM,4,2,2
11/04/2021 01:00:00 AM,0,0,0
11/04/2021 02:00:00 AM,3,2,1
11/04/2021 03:00:00 AM,0,0,0
11/04/2021 04:00:00 AM,2,2,0
11/04/2021 05:00:00 AM,9,3,6
11/04/2021 06:00:00 AM,15,4,11
11/04/2021 07:00:00 AM,35,6,29
11/04/2021 08:00:00 AM,30,12,18
11/04/2021 09:00:00 AM,16,7,9
11/04/2021 10:00:00 AM,12,10,2
11/04/2021 11:00:00 AM,15,3,12
11/04/2021 12:00:00 PM,6,3,3
11/04/2021 01:00:00 PM,23,7,16
11/04/2021 02:00:00 PM,16,10,6
11/04/2021 03:00:00 PM,26,14,12
11/04/2021 04:00:00 PM,53,39,14
11/04/2021 05:00:00 PM,46,33,13
11/04/2021 06:00:00 PM,38,26,12
11/04/2021 07:00:00 PM,16,8,8
11/04/2021 08:00:00 PM,5,2,3
11/04/2021 09:00:00 PM,8,6,2
11/04/2021 10:00:00 PM,11,7,4
11/04/2021 11:00:00 PM,7,4,3
11/05/2021 12:00:00 AM,1,1,0
11/05/2021 01:00:00 AM,3,0,3
11/05/2021 02:00:00 AM,1,1,0
11/05/2021 03:00:00 AM,3,2,1
11/05/2021 04:00:00 AM,2,1,1
11/05/2021 05:00:00 AM,10,2,8
11/05/2021 06:00:00 AM,14,5,9
11/05/2021 07:00:00 AM,28,6,22
11/05/2021 08:00:00 AM,26,9,17
11/05/2021 09:00:00 AM,22,10,12
11/05/2021 10:00:00 AM,18,9,9
11/05/2021 11:00:00 AM,19,13,6
11/05/2021 12:00:00 PM,24,11,13
11/05/2021 01:00:00 PM,22,9,13
11/05/2021 02:00:00 PM,24,15,9
11/05/2021 03:00:00 PM,40,26,14
11/05/2021 04:00:00 PM,65,37,28
11/05/2021 05:00:00 PM,51,29,22
11/05/2021 06:00:00 PM,38,23,15
11/05/2021 07:00:00 PM,15,8,7
11/05/2021 08:00:00 PM,24,10,14
11/05/2021 09:00:00 PM,15,8,7
11/05/2021 10:00:00 PM,9,3,6
11/05/2021 11:00:00 PM,13,9,4
11/06/2021 12:00:00 AM,15,5,10
11/06/2021 01:00:00 AM,6,3,3
11/06/2021 02:00:00 AM,2,1,1
11/06/2021 03:00:00 AM,1,0,1
11/06/2021 04:00:00 AM,1,1,0
11/06/2021 05:00:00 AM,3,1,2
11/06/2021 06:00:00 AM,4,3,1
11/06/2021 07:00:00 AM,8,3,5
11/06/2021 08:00:00 AM,4,2,2
11/06/2021 09:00:00 AM,8,3,5
11/06/2021 10:00:00 AM,11,5,6
11/06/2021 11:00:00 AM,6,2,4
11/06/2021 12:00:00 PM,12,3,9
11/06/2021 01:00:00 PM,28,17,11
11/06/2021 02:00:00 PM,11,4,7
11/06/2021 03:00:00 PM,21,13,8
11/06/2021 04:00:00 PM,22,13,9
11/06/2021 05:00:00 PM,13,7,6
11/06/2021 06:00:00 PM,10,5,5
11/06/2021 07:00:00 PM,3,2,1
11/06/2021 08:00:00 PM,3,2,1
11/06/2021 09:00:00 PM,2,2,0
11/06/2021 10:00:00 PM,6,4,2
11/06/2021 11:00:00 PM,6,3,3
11/07/2021 12:00:00 AM,3,3,0
11/07/2021 01:00:00 AM,8,2,6
11/07/2021 02:00:00 AM,0,0,0
11/07/2021 03:00:00 AM,1,0,1
11/07/2021 04:00:00 AM,0,0,0
11/07/2021 05:00:00 AM,2,2,0
11/07/2021 06:00:00 AM,3,3,0
11/07/2021 07:00:00 AM,9,3,6
11/07/2021 08:00:00 AM,8,4,4
11/07/2021 09:00:00 AM,8,6,2
11/07/2021 10:00:00 AM,10,8,2
11/07/2021 11:00:00 AM,6,2,4
11/07/2021 12:00:00 PM,13,5,8
11/07/2021 01:00:00 PM,7,3,4
11/07/2021 02:00:00 PM,11,4,7
11/07/2021 03:00:00 PM,12,5,7
11/07/2021 04:00:00 PM,11,9,2
11/07/2021 05:00:00 PM,7,5,2
11/07/2021 06:00:00 PM,10,5,5
11/07/2021 07:00:00 PM,6,5,1
11/07/2021 08:00:00 PM,9,5,4
11/07/2021 09:00:00 PM,8,5,3
11/07/2021 10:00:00 PM,4,2,2
11/07/2021 11:00:00 PM,2,1,1
11/08/2021 12:00:00 AM,3,2,1
11/08/2021 01:00:00 AM,0,0,0
11/08/2021 02:00:00 AM,0,0,0
11/08/2021 03:00:00 AM,2,0,2
11/08/2021 04:00:00 AM,1,1,0
11/08/2021 05:00:00 AM,15,4,11
11/08/2021 06:00:00 AM,21,10,11
11/08/2021 07:00:00 AM,43,10,33
11/08/2021 08:00:00 AM,53,19,34
11/08/2021 09:00:00 AM,36,14,22
11/08/2021 10:00:00 AM,19,14,5
11/08/2021 11:00:00 AM,15,5,10
11/08/2021 12:00:00 PM,16,8,8
11/08/2021 01:00:00 PM,33,12,21
11/08/2021 02:00:00 PM,39,18,21
11/08/2021 03:00:00 PM,41,31,10
11/08/2021 04:00:00 PM,62,43,19
11/08/2021 05:00:00 PM,84,49,35
11/08/2021 06:00:00 PM,36,23,13
11/08/2021 07:00:00 PM,6,3,3
11/08/2021 08:00:00 PM,8,5,3
11/08/2021 09:00:00 PM,7,2,5
11/08/2021 10:00:00 PM,4,3,1
11/08/2021 11:00:00 PM,7,5,2
11/09/2021 12:00:00 AM,1,1,0
11/09/2021 01:00:00 AM,0,0,0
11/09/2021 02:00:00 AM,0,0,0
11/09/2021 03:00:00 AM,0,0,0
11/09/2021 04:00:00 AM,2,2,0
11/09/2021 05:00:00 AM,14,2,12
11/09/2021 06:00:00 AM,13,2,11
11/09/2021 07:00:00 AM,39,14,25
11/09/2021 08:00:00 AM,39,12,27
11/09/2021 09:00:00 AM,43,14,29
11/09/2021 10:00:00 AM,16,8,8
11/09/2021 11:00:00 AM,17,11,6
11/09/2021 12:00:00 PM,26,10,16
11/09/2021 01:00:00 PM,20,10,10
11/09/2021 02:00:00 PM,23,16,7
11/09/2021 03:00:00 PM,21,17,4
11/09/2021 04:00:00 PM,35,29,6
11/09/2021 05:00:00 PM,46,19,27
11/09/2021 06:00:00 PM,29,17,12
11/09/2021 07:00:00 PM,10,5,5
11/09/2021 08:00:00 PM,3,3,0
11/09/2021 09:00:00 PM,7,3,4
11/09/2021 10:00:00 PM,5,2,3
11/09/2021 11:00:00 PM,5,1,4
11/10/2021 12:00:00 AM,2,1,1
11/10/2021 01:00:00 AM,1,0,1
11/10/2021 02:00:00 AM,1,1,0
11/10/2021 03:00:00 AM,0,0,0
11/10/2021 04:00:00 AM,2,2,0
11/10/2021 05:00:00 AM,10,2,8
11/10/2021 06:00:00 AM,21,10,11
11/10/2021 07:00:00 AM,42,12,30
11/10/2021 08:00:00 AM,66,21,45
11/10/2021 09:00:00 AM,29,15,14
11/10/2021 10:00:00 AM,12,6,6
11/10/2021 11:00:00 AM,28,12,16
11/10/2021 12:00:00 PM,31,15,16
11/10/2021 01:00:00 PM,37,20,17
11/10/2021 02:00:00 PM,40,28,12
11/10/2021 03:00:00 PM,51,37,14
11/10/2021 04:00:00 PM,71,52,19
11/10/2021 05:00:00 PM,82,41,41
11/10/2021 06:00:00 PM,38,23,15
11/10/2021 07:00:00 PM,14,6,8
11/10/2021 08:00:00 PM,9,6,3
11/10/2021 09:00:00 PM,7,5,2
11/10/2021 10:00:00 PM,5,2,3
11/10/2021 11:00:00 PM,7,4,3
11/11/2021 12:00:00 AM,1,0,1
11/11/2021 01:00:00 AM,2,1,1
11/11/2021 02:00:00 AM,0,0,0
11/11/2021 03:00:00 AM,0,0,0
11/11/2021 04:00:00 AM,1,1,0
11/11/2021 05:00:00 AM,12,2,10
11/11/2021 06:00:00 AM,13,4,9
11/11/2021 07:00:00 AM,37,12,25
11/11/2021 08:00:00 AM,25,7,18
11/11/2021 09:00:00 AM,17,8,9
11/11/2021 10:00:00 AM,13,8,5
11/11/2021 11:00:00 AM,13,8,5
11/11/2021 12:00:00 PM,9,4,5
11/11/2021 01:00:00 PM,10,6,4
11/11/2021 02:00:00 PM,17,12,5
11/11/2021 03:00:00 PM,25,13,12
11/11/2021 04:00:00 PM,31,19,12
11/11/2021 05:00:00 PM,25,14,11
11/11/2021 06:00:00 PM,16,10,6
11/11/2021 07:00:00 PM,8,4,4
11/11/2021 08:00:00 PM,3,2,1
11/11/2021 09:00:00 PM,3,1,2
11/11/2021 10:00:00 PM,6,5,1
11/11/2021 11:00:00 PM,2,1,1
11/12/2021 12:00:00 AM,1,1,0
11/12/2021 01:00:00 AM,0,0,0
11/12/2021 02:00:00 AM,1,0,1
11/12/2021 03:00:00 AM,0,0,0
11/12/2021 04:00:00 AM,0,0,0
11/12/2021 05:00:00 AM,10,4,6
11/12/2021 06:00:00 AM,18,4,14
11/12/2021 07:00:00 AM,20,5,15
11/12/2021 08:00:00 AM,21,4,17
11/12/2021 09:00:00 AM,22,11,11
11/12/2021 10:00:00 AM,9,5,4
11/12/2021 11:00:00 AM,15,7,8
11/12/2021 12:00:00 PM,10,5,5
11/12/2021 01:00:00 PM,13,8,5
11/12/2021 02:00:00 PM,21,14,7
11/12/2021 03:00:00 PM,30,20,10
11/12/2021 04:00:00 PM,39,29,10
11/12/2021 05:00:00 PM,41,25,16
11/12/2021 06:00:00 PM,19,9,10
11/12/2021 07:00:00 PM,19,9,10
11/12/2021 08:00:00 PM,5,3,2
11/12/2021 09:00:00 PM,7,6,1
11/12/2021 10:00:00 PM,10,5,5
11/12/2021 11:00:00 PM,13,6,7
11/13/2021 12:00:00 AM,7,2,5
11/13/2021 01:00:00 AM,3,0,3
11/13/2021 02:00:00 AM,5,1,4
11/13/2021 03:00:00 AM,0,0,0
11/13/2021 04:00:00 AM,0,0,0
11/13/2021 05:00:00 AM,5,2,3
11/13/2021 06:00:00 AM,3,2,1
11/13/2021 07:00:00 AM,12,8,4
11/13/2021 08:00:00 AM,13,7,6
11/13/2021 09:00:00 AM,21,11,10
11/13/2021 10:00:00 AM,18,9,9
11/13/2021 11:00:00 AM,21,10,11
11/13/2021 12:00:00 PM,31,19,12
11/13/2021 01:00:00 PM,42,18,24
11/13/2021 02:00:00 PM,39,19,20
11/13/2021 03:00:00 PM,40,16,24
11/13/2021 04:00:00 PM,21,9,12
11/13/2021 05:00:00 PM,11,3,8
11/13/2021 06:00:00 PM,10,5,5
11/13/2021 07:00:00 PM,7,2,5
11/13/2021 08:00:00 PM,6,5,1
11/13/2021 09:00:00 PM,5,5,0
11/13/2021 10:00:00 PM,3,2,1
11/13/2021 11:00:00 PM,5,1,4
11/14/2021 12:00:00 AM,1,1,0
11/14/2021 01:00:00 AM,6,2,4
11/14/2021 02:00:00 AM,2,0,2
11/14/2021 03:00:00 AM,2,1,1
11/14/2021 04:00:00 AM,0,0,0
11/14/2021 05:00:00 AM,3,1,2
11/14/2021 06:00:00 AM,1,0,1
11/14/2021 07:00:00 AM,3,1,2
11/14/2021 08:00:00 AM,5,2,3
11/14/2021 09:00:00 AM,20,16,4
11/14/2021 10:00:00 AM,7,1,6
11/14/2021 11:00:00 AM,6,4,2
11/14/2021 12:00:00 PM,9,5,4
11/14/2021 01:00:00 PM,7,2,5
11/14/2021 02:00:00 PM,11,5,6
11/14/2021 03:00:00 PM,15,12,3
11/14/2021 04:00:00 PM,15,6,9
11/14/2021 05:00:00 PM,7,3,4
11/14/2021 06:00:00 PM,13,8,5
11/14/2021 07:00:00 PM,4,2,2
11/14/2021 08:00:00 PM,3,0,3
11/14/2021 09:00:00 PM,4,2,2
11/14/2021 10:00:00 PM,1,1,0
11/14/2021 11:00:00 PM,2,1,1
11/15/2021 12:00:00 AM,1,1,0
11/15/2021 01:00:00 AM,0,0,0
11/15/2021 02:00:00 AM,0,0,0
11/15/2021 03:00:00 AM,1,0,1
11/15/2021 04:00:00 AM,2,2,0
11/15/2021 05:00:00 AM,10,1,9
11/15/2021 06:00:00 AM,25,11,14
11/15/2021 07:00:00 AM,29,8,21
11/15/2021 08:00:00 AM,22,15,7
11/15/2021 09:00:00 AM,23,8,15
11/15/2021 10:00:00 AM,13,4,9
11/15/2021 11:00:00 AM,6,3,3
11/15/2021 12:00:00 PM,10,5,5
11/15/2021 01:00:00 PM,10,5,5
11/15/2021 02:00:00 PM,9,5,4
11/15/2021 03:00:00 PM,28,18,10
11/15/2021 04:00:00 PM,42,30,12
11/15/2021 05:00:00 PM,43,26,17
11/15/2021 06:00:00 PM,20,13,7
11/15/2021 07:00:00 PM,11,3,8
11/15/2021 08:00:00 PM,0,0,0
11/15/2021 09:00:00 PM,4,1,3
11/15/2021 10:00:00 PM,2,0,2
11/15/2021 11:00:00 PM,2,1,1
11/16/2021 12:00:00 AM,0,0,0
11/16/2021 01:00:00 AM,0,0,0
11/16/2021 02:00:00 AM,1,1,0
11/16/2021 03:00:00 AM,0,0,0
11/16/2021 04:00:00 AM,1,1,0
11/16/2021 05:00:00 AM,20,6,14
11/16/2021 06:00:00 AM,20,8,12
11/16/2021 07:00:00 AM,45,14,31
11/16/2021 08:00:00 AM,47,25,22
11/16/2021 09:00:00 AM,32,11,21
11/16/2021 10:00:00 AM,32,14,18
11/16/2021 11:00:00 AM,19,8,11
11/16/2021 12:00:00 PM,17,9,8
11/16/2021 01:00:00 PM,22,11,11
11/16/2021 02:00:00 PM,38,23,15
11/16/2021 03:00:00 PM,49,30,19
11/16/2021 04:00:00 PM,71,51,20
11/16/2021 05:00:00 PM,67,39,28
11/16/2021 06:00:00 PM,31,17,14
11/16/2021 07:00:00 PM,16,7,9
11/16/2021 08:00:00 PM,2,1,1
11/16/2021 09:00:00 PM,7,0,7
11/16/2021 10:00:00 PM,4,0,4
11/16/2021 11:00:00 PM,3,0,3
11/17/2021 12:00:00 AM,0,0,0
11/17/2021 01:00:00 AM,1,0,1
11/17/2021 02:00:00 AM,0,0,0
11/17/2021 03:00:00 AM,0,0,0
11/17/2021 04:00:00 AM,1,1,0
11/17/2021 05:00:00 AM,11,2,9
11/17/2021 06:00:00 AM,21,9,12
11/17/2021 07:00:00 AM,36,13,23
11/17/2021 08:00:00 AM,36,11,25
11/17/2021 09:00:00 AM,27,16,11
11/17/2021 10:00:00 AM,16,5,11
11/17/2021 11:00:00 AM,19,8,11
11/17/2021 12:00:00 PM,26,13,13
11/17/2021 01:00:00 PM,21,9,12
11/17/2021 02:00:00 PM,36,24,12
11/17/2021 03:00:00 PM,36,24,12
11/17/2021 04:00:00 PM,65,41,24
11/17/2021 05:00:00 PM,65,46,19
11/17/2021 06:00:00 PM,33,21,12
11/17/2021 07:00:00 PM,8,2,6
11/17/2021 08:00:00 PM,5,0,5
11/17/2021 09:00:00 PM,5,1,4
11/17/2021 10:00:00 PM,4,3,1
11/17/2021 11:00:00 PM,4,4,0
11/18/2021 12:00:00 AM,2,1,1
11/18/2021 01:00:00 AM,2,1,1
11/18/2021 02:00:00 AM,0,0,0
11/18/2021 03:00:00 AM,1,0,1
11/18/2021 04:00:00 AM,2,1,1
11/18/2021 05:00:00 AM,2,1,1
11/18/2021 06:00:00 AM,34,12,22
11/18/2021 07:00:00 AM,39,14,25
11/18/2021 08:00:00 AM,45,17,28
11/18/2021 09:00:00 AM,23,10,13
11/18/2021 10:00:00 AM,17,7,10
11/18/2021 11:00:00 AM,20,10,10
11/18/2021 12:00:00 PM,14,4,10
11/18/2021 01:00:00 PM,22,11,11
11/18/2021 02:00:00 PM,21,16,5
11/18/2021 03:00:00 PM,29,21,8
11/18/2021 04:00:00 PM,37,27,10
11/18/2021 05:00:00 PM,43,22,21
11/18/2021 06:00:00 PM,22,14,8
11/18/2021 07:00:00 PM,7,2,5
11/18/2021 08:00:00 PM,8,5,3
11/18/2021 09:00:00 PM,2,1,1
11/18/2021 10:00:00 PM,1,0,1
11/18/2021 11:00:00 PM,1,0,1
11/19/2021 12:00:00 AM,1,1,0
11/19/2021 01:00:00 AM,1,0,1
11/19/2021 02:00:00 AM,0,0,0
11/19/2021 03:00:00 AM,0,0,0
11/19/2021 04:00:00 AM,0,0,0
11/19/2021 05:00:00 AM,7,2,5
11/19/2021 06:00:00 AM,17,8,9
11/19/2021 07:00:00 AM,28,10,18
11/19/2021 08:00:00 AM,28,9,19
11/19/2021 09:00:00 AM,22,8,14
11/19/2021 10:00:00 AM,11,5,6
11/19/2021 11:00:00 AM,10,7,3
11/19/2021 12:00:00 PM,21,11,10
11/19/2021 01:00:00 PM,17,12,5
11/19/2021 02:00:00 PM,46,33,13
11/19/2021 03:00:00 PM,38,22,16
11/19/2021 04:00:00 PM,51,32,19
11/19/2021 05:00:00 PM,47,31,16
11/19/2021 06:00:00 PM,24,12,12
11/19/2021 07:00:00 PM,9,4,5
11/19/2021 08:00:00 PM,10,3,7
11/19/2021 09:00:00 PM,7,5,2
11/19/2021 10:00:00 PM,18,16,2
11/19/2021 11:00:00 PM,9,5,4
11/20/2021 12:00:00 AM,2,1,1
11/20/2021 01:00:00 AM,2,1,1
11/20/2021 02:00:00 AM,1,1,0
11/20/2021 03:00:00 AM,1,0,1
11/20/2021 04:00:00 AM,0,0,0
11/20/2021 05:00:00 AM,4,2,2
11/20/2021 06:00:00 AM,4,4,0
11/20/2021 07:00:00 AM,9,3,6
11/20/2021 08:00:00 AM,6,3,3
11/20/2021 09:00:00 AM,18,13,5
11/20/2021 10:00:00 AM,24,19,5
11/20/2021 11:00:00 AM,25,13,12
11/20/2021 12:00:00 PM,41,19,22
11/20/2021 01:00:00 PM,42,35,7
11/20/2021 02:00:00 PM,38,18,20
11/20/2021 03:00:00 PM,41,22,19
11/20/2021 04:00:00 PM,20,3,17
11/20/2021 05:00:00 PM,23,14,9
11/20/2021 06:00:00 PM,18,12,6
11/20/2021 07:00:00 PM,12,7,5
11/20/2021 08:00:00 PM,13,9,4
11/20/2021 09:00:00 PM,6,3,3
11/20/2021 10:00:00 PM,8,4,4
11/20/2021 11:00:00 PM,10,4,6
11/21/2021 12:00:00 AM,3,1,2
11/21/2021 01:00:00 AM,4,2,2
11/21/2021 02:00:00 AM,1,0,1
11/21/2021 03:00:00 AM,2,2,0
11/21/2021 04:00:00 AM,2,1,1
11/21/2021 05:00:00 AM,2,2,0
11/21/2021 06:00:00 AM,3,3,0
11/21/2021 07:00:00 AM,9,3,6
11/21/2021 08:00:00 AM,8,5,3
11/21/2021 09:00:00 AM,21,12,9
11/21/2021 10:00:00 AM,30,23,7
11/21/2021 11:00:00 AM,54,48,6
11/21/2021 12:00:00 PM,86,76,10
11/21/2021 01:00:00 PM,59,44,15
11/21/2021 02:00:00 PM,22,13,9
11/21/2021 03:00:00 PM,29,18,11
11/21/2021 04:00:00 PM,123,14,109
11/21/2021 05:00:00 PM,41,10,31
11/21/2021 06:00:00 PM,13,6,7
11/21/2021 07:00:00 PM,4,3,1
11/21/2021 08:00:00 PM,8,5,3
11/21/2021 09:00:00 PM,15,12,3
11/21/2021 10:00:00 PM,5,3,2
11/21/2021 11:00:00 PM,3,2,1
11/22/2021 12:00:00 AM,3,2,1
11/22/2021 01:00:00 AM,1,0,1
11/22/2021 02:00:00 AM,1,0,1
11/22/2021 03:00:00 AM,0,0,0
11/22/2021 04:00:00 AM,2,2,0
11/22/2021 05:00:00 AM,8,1,7
11/22/2021 06:00:00 AM,23,9,14
11/22/2021 07:00:00 AM,32,10,22
11/22/2021 08:00:00 AM,27,11,16
11/22/2021 09:00:00 AM,19,7,12
11/22/2021 10:00:00 AM,9,4,5
11/22/2021 11:00:00 AM,18,11,7
11/22/2021 12:00:00 PM,18,9,9
11/22/2021 01:00:00 PM,15,7,8
11/22/2021 02:00:00 PM,16,10,6
11/22/2021 03:00:00 PM,24,19,5
11/22/2021 04:00:00 PM,27,22,5
11/22/2021 05:00:00 PM,42,29,13
11/22/2021 06:00:00 PM,20,14,6
11/22/2021 07:00:00 PM,5,3,2
11/22/2021 08:00:00 PM,4,2,2
11/22/2021 09:00:00 PM,5,4,1
11/22/2021 10:00:00 PM,1,0,1
11/22/2021 11:00:00 PM,1,1,0
11/23/2021 12:00:00 AM,0,0,0
11/23/2021 01:00:00 AM,4,3,1
11/23/2021 02:00:00 AM,1,1,0
11/23/2021 03:00:00 AM,0,0,0
11/23/2021 04:00:00 AM,1,1,0
11/23/2021 05:00:00 AM,10,3,7
11/23/2021 06:00:00 AM,14,4,10
11/23/2021 07:00:00 AM,23,7,16
11/23/2021 08:00:00 AM,38,10,28
11/23/2021 09:00:00 AM,16,6,10
11/23/2021 10:00:00 AM,14,5,9
11/23/2021 11:00:00 AM,20,15,5
11/23/2021 12:00:00 PM,19,12,7
11/23/2021 01:00:00 PM,15,8,7
11/23/2021 02:00:00 PM,29,23,6
11/23/2021 03:00:00 PM,27,18,9
11/23/2021 04:00:00 PM,58,35,23
11/23/2021 05:00:00 PM,62,44,18
11/23/2021 06:00:00 PM,44,29,15
11/23/2021 07:00:00 PM,29,27,2
11/23/2021 08:00:00 PM,9,5,4
11/23/2021 09:00:00 PM,6,2,4
11/23/2021 10:00:00 PM,55,4,51
11/23/2021 11:00:00 PM,16,6,10
11/24/2021 12:00:00 AM,5,3,2
11/24/2021 01:00:00 AM,1,0,1
11/24/2021 02:00:00 AM,1,1,0
11/24/2021 03:00:00 AM,0,0,0
11/24/2021 04:00:00 AM,2,2,0
11/24/2021 05:00:00 AM,11,3,8
11/24/2021 06:00:00 AM,15,7,8
11/24/2021 07:00:00 AM,13,5,8
11/24/2021 08:00:00 AM,24,7,17
11/24/2021 09:00:00 AM,33,26,7
11/24/2021 10:00:00 AM,14,5,9
11/24/2021 11:00:00 AM,34,18,16
11/24/2021 12:00:00 PM,22,12,10
11/24/2021 01:00:00 PM,26,16,10
11/24/2021 02:00:00 PM,30,21,9
11/24/2021 03:00:00 PM,26,16,10
11/24/2021 04:00:00 PM,46,35,11
11/24/2021 05:00:00 PM,34,25,9
11/24/2021 06:00:00 PM,9,5,4
11/24/2021 07:00:00 PM,11,5,6
11/24/2021 08:00:00 PM,7,3,4
11/24/2021 09:00:00 PM,5,3,2
11/24/2021 10:00:00 PM,9,8,1
11/24/2021 11:00:00 PM,2,1,1
11/25/2021 12:00:00 AM,1,1,0
11/25/2021 01:00:00 AM,2,1,1
11/25/2021 02:00:00 AM,0,0,0
11/25/2021 03:00:00 AM,1,1,0
11/25/2021 04:00:00 AM,1,1,0
11/25/2021 05:00:00 AM,1,0,1
11/25/2021 06:00:00 AM,2,0,2
11/25/2021 07:00:00 AM,3,1,2
11/25/2021 08:00:00 AM,2,1,1
11/25/2021 09:00:00 AM,9,7,2
11/25/2021 10:00:00 AM,6,4,2
11/25/2021 11:00:00 AM,6,3,3
11/25/2021 12:00:00 PM,4,4,0
11/25/2021 01:00:00 PM,11,4,7
11/25/2021 02:00:00 PM,7,4,3
11/25/2021 03:00:00 PM,8,5,3
11/25/2021 04:00:00 PM,4,2,2
11/25/2021 05:00:00 PM,1,1,0
11/25/2021 06:00:00 PM,2,2,0
11/25/2021 07:00:00 PM,2,1,1
11/25/2021 08:00:00 PM,3,0,3
11/25/2021 09:00:00 PM,1,0,1
11/25/2021 10:00:00 PM,2,1,1
11/25/2021 11:00:00 PM,0,0,0
11/26/2021 12:00:00 AM,2,2,0
11/26/2021 01:00:00 AM,1,0,1
11/26/2021 02:00:00 AM,0,0,0
11/26/2021 03:00:00 AM,0,0,0
11/26/2021 04:00:00 AM,0,0,0
11/26/2021 05:00:00 AM,3,2,1
11/26/2021 06:00:00 AM,7,2,5
11/26/2021 07:00:00 AM,11,2,9
11/26/2021 08:00:00 AM,5,3,2
11/26/2021 09:00:00 AM,7,0,7
11/26/2021 10:00:00 AM,5,4,1
11/26/2021 11:00:00 AM,12,9,3
11/26/2021 12:00:00 PM,15,8,7
11/26/2021 01:00:00 PM,29,19,10
11/26/2021 02:00:00 PM,19,11,8
11/26/2021 03:00:00 PM,19,7,12
11/26/2021 04:00:00 PM,19,10,9
11/26/2021 05:00:00 PM,12,8,4
11/26/2021 06:00:00 PM,15,9,6
11/26/2021 07:00:00 PM,19,16,3
11/26/2021 08:00:00 PM,16,8,8
11/26/2021 09:00:00 PM,3,2,1
11/26/2021 10:00:00 PM,13,12,1
11/26/2021 11:00:00 PM,12,7,5
11/27/2021 12:00:00 AM,4,2,2
11/27/2021 01:00:00 AM,0,0,0
11/27/2021 02:00:00 AM,3,1,2
11/27/2021 03:00:00 AM,1,0,1
11/27/2021 04:00:00 AM,1,1,0
11/27/2021 05:00:00 AM,3,2,1
11/27/2021 06:00:00 AM,3,1,2
11/27/2021 07:00:00 AM,7,1,6
11/27/2021 08:00:00 AM,11,2,9
11/27/2021 09:00:00 AM,7,2,5
11/27/2021 10:00:00 AM,7,3,4
11/27/2021 11:00:00 AM,9,4,5
11/27/2021 12:00:00 PM,10,3,7
11/27/2021 01:00:00 PM,10,9,1
11/27/2021 02:00:00 PM,7,6,1
11/27/2021 03:00:00 PM,8,6,2
11/27/2021 04:00:00 PM,6,3,3
11/27/2021 05:00:00 PM,6,4,2
11/27/2021 06:00:00 PM,8,3,5
11/27/2021 07:00:00 PM,6,4,2
11/27/2021 08:00:00 PM,6,5,1
11/27/2021 09:00:00 PM,1,1,0
11/27/2021 10:00:00 PM,4,2,2
11/27/2021 11:00:00 PM,3,2,1
11/28/2021 12:00:00 AM,6,3,3
11/28/2021 01:00:00 AM,3,2,1
11/28/2021 02:00:00 AM,0,0,0
11/28/2021 03:00:00 AM,0,0,0
11/28/2021 04:00:00 AM,0,0,0
11/28/2021 05:00:00 AM,1,1,0
11/28/2021 06:00:00 AM,2,1,1
11/28/2021 07:00:00 AM,4,1,3
11/28/2021 08:00:00 AM,6,5,1
11/28/2021 09:00:00 AM,8,3,5
11/28/2021 10:00:00 AM,2,2,0
11/28/2021 11:00:00 AM,5,1,4
11/28/2021 12:00:00 PM,10,6,4
11/28/2021 01:00:00 PM,13,9,4
11/28/2021 02:00:00 PM,4,1,3
11/28/2021 03:00:00 PM,5,3,2
11/28/2021 04:00:00 PM,13,5,8
11/28/2021 05:00:00 PM,10,6,4
11/28/2021 06:00:00 PM,5,4,1
11/28/2021 07:00:00 PM,6,4,2
11/28/2021 08:00:00 PM,5,2,3
11/28/2021 09:00:00 PM,3,1,2
11/28/2021 10:00:00 PM,4,0,4
11/28/2021 11:00:00 PM,2,0,2
11/29/2021 12:00:00 AM,1,1,0
11/29/2021 01:00:00 AM,1,1,0
11/29/2021 02:00:00 AM,0,0,0
11/29/2021 03:00:00 AM,1,1,0
11/29/2021 04:00:00 AM,1,1,0
11/29/2021 05:00:00 AM,9,2,7
11/29/2021 06:00:00 AM,17,6,11
11/29/2021 07:00:00 AM,36,13,23
11/29/2021 08:00:00 AM,40,14,26
11/29/2021 09:00:00 AM,22,10,12
11/29/2021 10:00:00 AM,13,7,6
11/29/2021 11:00:00 AM,21,11,10
11/29/2021 12:00:00 PM,17,8,9
11/29/2021 01:00:00 PM,25,15,10
11/29/2021 02:00:00 PM,27,18,9
11/29/2021 03:00:00 PM,33,26,7
11/29/2021 04:00:00 PM,50,35,15
11/29/2021 05:00:00 PM,70,48,22
11/29/2021 06:00:00 PM,18,11,7
11/29/2021 07:00:00 PM,11,8,3
11/29/2021 08:00:00 PM,7,3,4
11/29/2021 09:00:00 PM,7,5,2
11/29/2021 10:00:00 PM,3,1,2
11/29/2021 11:00:00 PM,2,0,2
11/30/2021 12:00:00 AM,3,0,3
11/30/2021 01:00:00 AM,0,0,0
11/30/2021 02:00:00 AM,1,0,1
11/30/2021 03:00:00 AM,0,0,0
11/30/2021 04:00:00 AM,2,1,1
11/30/2021 05:00:00 AM,9,1,8
11/30/2021 06:00:00 AM,20,7,13
11/30/2021 07:00:00 AM,37,8,29
11/30/2021 08:00:00 AM,51,24,27
11/30/2021 09:00:00 AM,25,9,16
11/30/2021 10:00:00 AM,14,4,10
11/30/2021 11:00:00 AM,16,7,9
11/30/2021 12:00:00 PM,17,11,6
11/30/2021 01:00:00 PM,24,14,10
11/30/2021 02:00:00 PM,34,20,14
11/30/2021 03:00:00 PM,29,22,7
11/30/2021 04:00:00 PM,49,36,13
11/30/2021 05:00:00 PM,58,34,24
11/30/2021 06:00:00 PM,31,18,13
11/30/2021 07:00:00 PM,16,9,7
11/30/2021 08:00:00 PM,5,5,0
11/30/2021 09:00:00 PM,8,6,2
11/30/2021 10:00:00 PM,3,1,2
11/30/2021 11:00:00 PM,3,0,3
12/01/2021 12:00:00 AM,1,0,1
12/01/2021 01:00:00 AM,0,0,0
12/01/2021 02:00:00 AM,1,1,0
12/01/2021 03:00:00 AM,1,0,1
12/01/2021 04:00:00 AM,2,1,1
12/01/2021 05:00:00 AM,13,4,9
12/01/2021 06:00:00 AM,24,12,12
12/01/2021 07:00:00 AM,37,13,24
12/01/2021 08:00:00 AM,51,21,30
12/01/2021 09:00:00 AM,19,14,5
12/01/2021 10:00:00 AM,21,7,14
12/01/2021 11:00:00 AM,19,9,10
12/01/2021 12:00:00 PM,24,12,12
12/01/2021 01:00:00 PM,18,11,7
12/01/2021 02:00:00 PM,30,16,14
12/01/2021 03:00:00 PM,36,24,12
12/01/2021 04:00:00 PM,58,40,18
12/01/2021 05:00:00 PM,52,28,24
12/01/2021 06:00:00 PM,37,23,14
12/01/2021 07:00:00 PM,14,9,5
12/01/2021 08:00:00 PM,5,2,3
12/01/2021 09:00:00 PM,8,2,6
12/01/2021 10:00:00 PM,7,5,2
12/01/2021 11:00:00 PM,9,4,5
12/02/2021 12:00:00 AM,0,0,0
12/02/2021 01:00:00 AM,3,2,1
12/02/2021 02:00:00 AM,0,0,0
12/02/2021 03:00:00 AM,0,0,0
12/02/2021 04:00:00 AM,1,1,0
12/02/2021 05:00:00 AM,7,2,5
12/02/2021 06:00:00 AM,23,10,13
12/02/2021 07:00:00 AM,40,13,27
12/02/2021 08:00:00 AM,40,13,27
12/02/2021 09:00:00 AM,21,8,13
12/02/2021 10:00:00 AM,13,7,6
12/02/2021 11:00:00 AM,8,3,5
12/02/2021 12:00:00 PM,17,7,10
12/02/2021 01:00:00 PM,20,9,11
12/02/2021 02:00:00 PM,26,22,4
12/02/2021 03:00:00 PM,37,26,11
12/02/2021 04:00:00 PM,43,29,14
12/02/2021 05:00:00 PM,53,29,24
12/02/2021 06:00:00 PM,24,16,8
12/02/2021 07:00:00 PM,16,8,8
12/02/2021 08:00:00 PM,12,4,8
12/02/2021 09:00:00 PM,10,5,5
12/02/2021 10:00:00 PM,10,6,4
12/02/2021 11:00:00 PM,5,3,2
12/03/2021 12:00:00 AM,1,0,1
12/03/2021 01:00:00 AM,2,1,1
12/03/2021 02:00:00 AM,2,1,1
12/03/2021 03:00:00 AM,0,0,0
12/03/2021 04:00:00 AM,1,0,1
12/03/2021 05:00:00 AM,8,5,3
12/03/2021 06:00:00 AM,22,10,12
12/03/2021 07:00:00 AM,27,12,15
12/03/2021 08:00:00 AM,40,14,26
12/03/2021 09:00:00 AM,21,11,10
12/03/2021 10:00:00 AM,18,9,9
12/03/2021 11:00:00 AM,15,7,8
12/03/2021 12:00:00 PM,20,11,9
12/03/2021 01:00:00 PM,20,11,9
12/03/2021 02:00:00 PM,25,16,9
12/03/2021 03:00:00 PM,41,29,12
12/03/2021 04:00:00 PM,64,37,27
12/03/2021 05:00:00 PM,44,22,22
12/03/2021 06:00:00 PM,29,13,16
12/03/2021 07:00:00 PM,17,8,9
12/03/2021 08:00:00 PM,13,3,10
12/03/2021 09:00:00 PM,9,8,1
12/03/2021 10:00:00 PM,13,10,3
12/03/2021 11:00:00 PM,4,4,0
12/04/2021 12:00:00 AM,2,1,1
12/04/2021 01:00:00 AM,2,0,2
12/04/2021 02:00:00 AM,4,2,2
12/04/2021 03:00:00 AM,1,0,1
12/04/2021 04:00:00 AM,0,0,0
12/04/2021 05:00:00 AM,3,1,2
12/04/2021 06:00:00 AM,2,2,0
12/04/2021 07:00:00 AM,4,2,2
12/04/2021 08:00:00 AM,3,1,2
12/04/2021 09:00:00 AM,8,1,7
12/04/2021 10:00:00 AM,11,8,3
12/04/2021 11:00:00 AM,23,17,6
12/04/2021 12:00:00 PM,6,2,4
12/04/2021 01:00:00 PM,5,3,2
12/04/2021 02:00:00 PM,7,4,3
12/04/2021 03:00:00 PM,8,8,0
12/04/2021 04:00:00 PM,14,8,6
12/04/2021 05:00:00 PM,14,5,9
12/04/2021 06:00:00 PM,4,4,0
12/04/2021 07:00:00 PM,1,1,0
12/04/2021 08:00:00 PM,5,1,4
12/04/2021 09:00:00 PM,3,2,1
12/04/2021 10:00:00 PM,2,2,0
12/04/2021 11:00:00 PM,2,1,1
12/05/2021 12:00:00 AM,3,1,2
12/05/2021 01:00:00 AM,1,1,0
12/05/2021 02:00:00 AM,1,0,1
12/05/2021 03:00:00 AM,0,0,0
12/05/2021 04:00:00 AM,3,2,1
12/05/2021 05:00:00 AM,1,1,0
12/05/2021 06:00:00 AM,2,2,0
12/05/2021 07:00:00 AM,6,2,4
12/05/2021 08:00:00 AM,11,9,2
12/05/2021 09:00:00 AM,18,7,11
12/05/2021 10:00:00 AM,17,13,4
12/05/2021 11:00:00 AM,58,50,8
12/05/2021 12:00:00 PM,65,59,6
12/05/2021 01:00:00 PM,59,44,15
12/05/2021 02:00:00 PM,21,11,10
12/05/2021 03:00:00 PM,20,12,8
12/05/2021 04:00:00 PM,56,16,40
12/05/2021 05:00:00 PM,100,18,82
12/05/2021 06:00:00 PM,9,5,4
12/05/2021 07:00:00 PM,11,5,6
12/05/2021 08:00:00 PM,6,5,1
12/05/2021 09:00:00 PM,8,3,5
12/05/2021 10:00:00 PM,7,4,3
12/05/2021 11:00:00 PM,4,4,0
12/06/2021 12:00:00 AM,4,2,2
12/06/2021 01:00:00 AM,0,0,0
12/06/2021 02:00:00 AM,1,1,0
12/06/2021 03:00:00 AM,1,0,1
12/06/2021 04:00:00 AM,1,0,1
12/06/2021 05:00:00 AM,14,4,10
12/06/2021 06:00:00 AM,15,6,9
12/06/2021 07:00:00 AM,26,12,14
12/06/2021 08:00:00 AM,34,13,21
12/06/2021 09:00:00 AM,21,12,9
12/06/2021 10:00:00 AM,13,9,4
12/06/2021 11:00:00 AM,12,6,6
12/06/2021 12:00:00 PM,11,5,6
12/06/2021 01:00:00 PM,11,5,6
12/06/2021 02:00:00 PM,23,15,8
12/06/2021 03:00:00 PM,21,16,5
12/06/2021 04:00:00 PM,43,31,12
12/06/2021 05:00:00 PM,53,33,20
12/06/2021 06:00:00 PM,20,12,8
12/06/2021 07:00:00 PM,5,1,4
12/06/2021 08:00:00 PM,15,11,4
12/06/2021 09:00:00 PM,4,2,2
12/06/2021 10:00:00 PM,1,1,0
12/06/2021 11:00:00 PM,3,1,2
12/07/2021 12:00:00 AM,1,0,1
12/07/2021 01:00:00 AM,1,0,1
12/07/2021 02:00:00 AM,0,0,0
12/07/2021 03:00:00 AM,1,0,1
12/07/2021 04:00:00 AM,2,1,1
12/07/2021 05:00:00 AM,11,4,7
12/07/2021 06:00:00 AM,22,6,16
12/07/2021 07:00:00 AM,35,15,20
12/07/2021 08:00:00 AM,48,23,25
12/07/2021 09:00:00 AM,22,11,11
12/07/2021 10:00:00 AM,13,6,7
12/07/2021 11:00:00 AM,12,3,9
12/07/2021 12:00:00 PM,16,8,8
12/07/2021 01:00:00 PM,16,9,7
12/07/2021 02:00:00 PM,26,16,10
12/07/2021 03:00:00 PM,38,27,11
12/07/2021 04:00:00 PM,52,37,15
12/07/2021 05:00:00 PM,56,29,27
12/07/2021 06:00:00 PM,33,19,14
12/07/2021 07:00:00 PM,12,5,7
12/07/2021 08:00:00 PM,8,4,4
12/07/2021 09:00:00 PM,7,5,2
12/07/2021 10:00:00 PM,9,6,3
12/07/2021 11:00:00 PM,4,2,2
12/08/2021 12:00:00 AM,1,0,1
12/08/2021 01:00:00 AM,1,0,1
12/08/2021 02:00:00 AM,3,1,2
12/08/2021 03:00:00 AM,2,0,2
12/08/2021 04:00:00 AM,0,0,0
12/08/2021 05:00:00 AM,8,3,5
12/08/2021 06:00:00 AM,22,8,14
12/08/2021 07:00:00 AM,39,9,30
12/08/2021 08:00:00 AM,41,20,21
12/08/2021 09:00:00 AM,23,14,9
12/08/2021 10:00:00 AM,17,12,5
12/08/2021 11:00:00 AM,13,5,8
12/08/2021 12:00:00 PM,10,7,3
12/08/2021 01:00:00 PM,21,14,7
12/08/2021 02:00:00 PM,34,22,12
12/08/2021 03:00:00 PM,33,22,11
12/08/2021 04:00:00 PM,43,31,12
12/08/2021 05:00:00 PM,68,41,27
12/08/2021 06:00:00 PM,25,13,12
12/08/2021 07:00:00 PM,12,9,3
12/08/2021 08:00:00 PM,7,5,2
12/08/2021 09:00:00 PM,7,3,4
12/08/2021 10:00:00 PM,5,5,0
12/08/2021 11:00:00 PM,3,1,2
12/09/2021 12:00:00 AM,1,1,0
12/09/2021 01:00:00 AM,1,1,0
12/09/2021 02:00:00 AM,2,2,0
12/09/2021 03:00:00 AM,0,0,0
12/09/2021 04:00:00 AM,1,1,0
12/09/2021 05:00:00 AM,12,5,7
12/09/2021 06:00:00 AM,22,10,12
12/09/2021 07:00:00 AM,36,12,24
12/09/2021 08:00:00 AM,44,17,27
12/09/2021 09:00:00 AM,21,9,12
12/09/2021 10:00:00 AM,18,9,9
12/09/2021 11:00:00 AM,8,6,2
12/09/2021 12:00:00 PM,22,14,8
12/09/2021 01:00:00 PM,21,16,5
12/09/2021 02:00:00 PM,23,16,7
12/09/2021 03:00:00 PM,40,25,15
12/09/2021 04:00:00 PM,52,31,21
12/09/2021 05:00:00 PM,46,32,14
12/09/2021 06:00:00 PM,38,27,11
12/09/2021 07:00:00 PM,10,6,4
12/09/2021 08:00:00 PM,6,4,2
12/09/2021 09:00:00 PM,7,4,3
12/09/2021 10:00:00 PM,12,11,1
12/09/2021 11:00:00 PM,3,2,1
12/10/2021 12:00:00 AM,2,2,0
12/10/2021 01:00:00 AM,6,2,4
12/10/2021 02:00:00 AM,3,3,0
12/10/2021 03:00:00 AM,0,0,0
12/10/2021 04:00:00 AM,2,2,0
12/10/2021 05:00:00 AM,10,6,4
12/10/2021 06:00:00 AM,12,3,9
12/10/2021 07:00:00 AM,31,13,18
12/10/2021 08:00:00 AM,26,7,19
12/10/2021 09:00:00 AM,24,13,11
12/10/2021 10:00:00 AM,19,7,12
12/10/2021 11:00:00 AM,22,12,10
12/10/2021 12:00:00 PM,18,8,10
12/10/2021 01:00:00 PM,14,9,5
12/10/2021 02:00:00 PM,25,16,9
12/10/2021 03:00:00 PM,30,19,11
12/10/2021 04:00:00 PM,28,15,13
12/10/2021 05:00:00 PM,30,13,17
12/10/2021 06:00:00 PM,18,13,5
12/10/2021 07:00:00 PM,9,5,4
12/10/2021 08:00:00 PM,0,0,0
12/10/2021 09:00:00 PM,4,2,2
12/10/2021 10:00:00 PM,2,2,0
12/10/2021 11:00:00 PM,1,1,0
12/11/2021 12:00:00 AM,2,1,1
12/11/2021 01:00:00 AM,1,1,0
12/11/2021 02:00:00 AM,2,2,0
12/11/2021 03:00:00 AM,2,0,2
12/11/2021 04:00:00 AM,0,0,0
12/11/2021 05:00:00 AM,2,1,1
12/11/2021 06:00:00 AM,0,0,0
12/11/2021 07:00:00 AM,1,0,1
12/11/2021 08:00:00 AM,3,1,2
12/11/2021 09:00:00 AM,10,2,8
12/11/2021 10:00:00 AM,7,3,4
12/11/2021 11:00:00 AM,21,9,12
12/11/2021 12:00:00 PM,21,14,7
12/11/2021 01:00:00 PM,21,11,10
12/11/2021 02:00:00 PM,28,21,7
12/11/2021 03:00:00 PM,15,12,3
12/11/2021 04:00:00 PM,14,7,7
12/11/2021 05:00:00 PM,15,9,6
12/11/2021 06:00:00 PM,11,7,4
12/11/2021 07:00:00 PM,12,10,2
12/11/2021 08:00:00 PM,9,5,4
12/11/2021 09:00:00 PM,5,4,1
12/11/2021 10:00:00 PM,11,7,4
12/11/2021 11:00:00 PM,8,3,5
12/12/2021 12:00:00 AM,3,2,1
12/12/2021 01:00:00 AM,3,1,2
12/12/2021 02:00:00 AM,0,0,0
12/12/2021 03:00:00 AM,1,1,0
12/12/2021 04:00:00 AM,0,0,0
12/12/2021 05:00:00 AM,2,2,0
12/12/2021 06:00:00 AM,2,2,0
12/12/2021 07:00:00 AM,2,0,2
12/12/2021 08:00:00 AM,4,3,1
12/12/2021 09:00:00 AM,13,6,7
12/12/2021 10:00:00 AM,2,1,1
12/12/2021 11:00:00 AM,12,6,6
12/12/2021 12:00:00 PM,14,7,7
12/12/2021 01:00:00 PM,10,7,3
12/12/2021 02:00:00 PM,8,3,5
12/12/2021 03:00:00 PM,11,8,3
12/12/2021 04:00:00 PM,1,1,0
12/12/2021 05:00:00 PM,3,1,2
12/12/2021 06:00:00 PM,9,3,6
12/12/2021 07:00:00 PM,9,9,0
12/12/2021 08:00:00 PM,9,6,3
12/12/2021 09:00:00 PM,2,2,0
12/12/2021 10:00:00 PM,2,2,0
12/12/2021 11:00:00 PM,1,1,0
12/13/2021 12:00:00 AM,0,0,0
12/13/2021 01:00:00 AM,0,0,0
12/13/2021 02:00:00 AM,1,1,0
12/13/2021 03:00:00 AM,0,0,0
12/13/2021 04:00:00 AM,1,1,0
12/13/2021 05:00:00 AM,7,2,5
12/13/2021 06:00:00 AM,16,6,10
12/13/2021 07:00:00 AM,30,10,20
12/13/2021 08:00:00 AM,30,10,20
12/13/2021 09:00:00 AM,17,10,7
12/13/2021 10:00:00 AM,13,6,7
12/13/2021 11:00:00 AM,22,11,11
12/13/2021 12:00:00 PM,8,6,2
12/13/2021 01:00:00 PM,17,7,10
12/13/2021 02:00:00 PM,16,11,5
12/13/2021 03:00:00 PM,24,18,6
12/13/2021 04:00:00 PM,24,19,5
12/13/2021 05:00:00 PM,39,26,13
12/13/2021 06:00:00 PM,25,14,11
12/13/2021 07:00:00 PM,6,5,1
12/13/2021 08:00:00 PM,4,3,1
12/13/2021 09:00:00 PM,7,3,4
12/13/2021 10:00:00 PM,2,0,2
12/13/2021 11:00:00 PM,3,0,3
12/14/2021 12:00:00 AM,0,0,0
12/14/2021 01:00:00 AM,0,0,0
12/14/2021 02:00:00 AM,1,1,0
12/14/2021 03:00:00 AM,0,0,0
12/14/2021 04:00:00 AM,2,1,1
12/14/2021 05:00:00 AM,7,2,5
12/14/2021 06:00:00 AM,16,7,9
12/14/2021 07:00:00 AM,34,8,26
12/14/2021 08:00:00 AM,37,13,24
12/14/2021 09:00:00 AM,24,13,11
12/14/2021 10:00:00 AM,12,6,6
12/14/2021 11:00:00 AM,11,7,4
12/14/2021 12:00:00 PM,16,11,5
12/14/2021 01:00:00 PM,9,4,5
12/14/2021 02:00:00 PM,23,13,10
12/14/2021 03:00:00 PM,33,19,14
12/14/2021 04:00:00 PM,34,27,7
12/14/2021 05:00:00 PM,50,30,20
12/14/2021 06:00:00 PM,23,18,5
12/14/2021 07:00:00 PM,11,7,4
12/14/2021 08:00:00 PM,3,1,2
12/14/2021 09:00:00 PM,1,1,0
12/14/2021 10:00:00 PM,5,3,2
12/14/2021 11:00:00 PM,2,0,2
12/15/2021 12:00:00 AM,5,2,3
12/15/2021 01:00:00 AM,0,0,0
12/15/2021 02:00:00 AM,1,0,1
12/15/2021 03:00:00 AM,1,0,1
12/15/2021 04:00:00 AM,2,2,0
12/15/2021 05:00:00 AM,7,1,6
12/15/2021 06:00:00 AM,15,6,9
12/15/2021 07:00:00 AM,34,11,23
12/15/2021 08:00:00 AM,32,19,13
12/15/2021 09:00:00 AM,16,5,11
12/15/2021 10:00:00 AM,10,7,3
12/15/2021 11:00:00 AM,16,6,10
12/15/2021 12:00:00 PM,20,7,13
12/15/2021 01:00:00 PM,13,7,6
12/15/2021 02:00:00 PM,16,9,7
12/15/2021 03:00:00 PM,25,19,6
12/15/2021 04:00:00 PM,30,23,7
12/15/2021 05:00:00 PM,45,27,18
12/15/2021 06:00:00 PM,24,18,6
12/15/2021 07:00:00 PM,15,5,10
12/15/2021 08:00:00 PM,9,7,2
12/15/2021 09:00:00 PM,5,5,0
12/15/2021 10:00:00 PM,4,3,1
12/15/2021 11:00:00 PM,0,0,0
12/16/2021 12:00:00 AM,3,3,0
12/16/2021 01:00:00 AM,0,0,0
12/16/2021 02:00:00 AM,0,0,0
12/16/2021 03:00:00 AM,0,0,0
12/16/2021 04:00:00 AM,1,1,0
12/16/2021 05:00:00 AM,4,2,2
12/16/2021 06:00:00 AM,8,5,3
12/16/2021 07:00:00 AM,32,5,27
12/16/2021 08:00:00 AM,32,12,20
12/16/2021 09:00:00 AM,18,9,9
12/16/2021 10:00:00 AM,13,7,6
12/16/2021 11:00:00 AM,20,9,11
12/16/2021 12:00:00 PM,15,10,5
12/16/2021 01:00:00 PM,17,10,7
12/16/2021 02:00:00 PM,19,11,8
12/16/2021 03:00:00 PM,23,15,8
12/16/2021 04:00:00 PM,36,25,11
12/16/2021 05:00:00 PM,38,27,11
12/16/2021 06:00:00 PM,24,13,11
12/16/2021 07:00:00 PM,12,5,7
12/16/2021 08:00:00 PM,8,5,3
12/16/2021 09:00:00 PM,17,11,6
12/16/2021 10:00:00 PM,5,4,1
12/16/2021 11:00:00 PM,1,1,0
12/17/2021 12:00:00 AM,1,1,0
12/17/2021 01:00:00 AM,0,0,0
12/17/2021 02:00:00 AM,1,1,0
12/17/2021 03:00:00 AM,2,2,0
12/17/2021 04:00:00 AM,1,1,0
12/17/2021 05:00:00 AM,9,5,4
12/17/2021 06:00:00 AM,12,3,9
12/17/2021 07:00:00 AM,29,7,22
12/17/2021 08:00:00 AM,33,17,16
12/17/2021 09:00:00 AM,17,5,12
12/17/2021 10:00:00 AM,17,9,8
12/17/2021 11:00:00 AM,16,5,11
12/17/2021 12:00:00 PM,13,5,8
12/17/2021 01:00:00 PM,26,14,12
12/17/2021 02:00:00 PM,49,32,17
12/17/2021 03:00:00 PM,32,21,11
12/17/2021 04:00:00 PM,52,33,19
12/17/2021 05:00:00 PM,38,20,18
12/17/2021 06:00:00 PM,16,9,7
12/17/2021 07:00:00 PM,6,3,3
12/17/2021 08:00:00 PM,4,2,2
12/17/2021 09:00:00 PM,3,2,1
12/17/2021 10:00:00 PM,4,3,1
12/17/2021 11:00:00 PM,2,2,0
12/18/2021 12:00:00 AM,8,6,2
12/18/2021 01:00:00 AM,0,0,0
12/18/2021 02:00:00 AM,2,0,2
12/18/2021 03:00:00 AM,1,0,1
12/18/2021 04:00:00 AM,0,0,0
12/18/2021 05:00:00 AM,1,0,1
12/18/2021 06:00:00 AM,0,0,0
12/18/2021 07:00:00 AM,4,2,2
12/18/2021 08:00:00 AM,4,1,3
12/18/2021 09:00:00 AM,5,3,2
12/18/2021 10:00:00 AM,7,4,3
12/18/2021 11:00:00 AM,5,0,5
12/18/2021 12:00:00 PM,9,4,5
12/18/2021 01:00:00 PM,3,1,2
12/18/2021 02:00:00 PM,8,6,2
12/18/2021 03:00:00 PM,10,7,3
12/18/2021 04:00:00 PM,5,3,2
12/18/2021 05:00:00 PM,2,0,2
12/18/2021 06:00:00 PM,3,3,0
12/18/2021 07:00:00 PM,4,3,1
12/18/2021 08:00:00 PM,8,2,6
12/18/2021 09:00:00 PM,6,4,2
12/18/2021 10:00:00 PM,11,9,2
12/18/2021 11:00:00 PM,6,4,2
12/19/2021 12:00:00 AM,1,0,1
12/19/2021 01:00:00 AM,2,2,0
12/19/2021 02:00:00 AM,3,1,2
12/19/2021 03:00:00 AM,2,2,0
12/19/2021 04:00:00 AM,0,0,0
12/19/2021 05:00:00 AM,0,0,0
12/19/2021 06:00:00 AM,0,0,0
12/19/2021 07:00:00 AM,5,2,3
12/19/2021 08:00:00 AM,5,3,2
12/19/2021 09:00:00 AM,16,7,9
12/19/2021 10:00:00 AM,14,10,4
12/19/2021 11:00:00 AM,13,5,8
12/19/2021 12:00:00 PM,12,5,7
12/19/2021 01:00:00 PM,25,15,10
12/19/2021 02:00:00 PM,19,10,9
12/19/2021 03:00:00 PM,21,12,9
12/19/2021 04:00:00 PM,16,8,8
12/19/2021 05:00:00 PM,14,6,8
12/19/2021 06:00:00 PM,9,7,2
12/19/2021 07:00:00 PM,3,1,2
12/19/2021 08:00:00 PM,5,4,1
12/19/2021 09:00:00 PM,3,3,0
12/19/2021 10:00:00 PM,7,4,3
12/19/2021 11:00:00 PM,3,3,0
12/20/2021 12:00:00 AM,1,1,0
12/20/2021 01:00:00 AM,2,1,1
12/20/2021 02:00:00 AM,0,0,0
12/20/2021 03:00:00 AM,0,0,0
12/20/2021 04:00:00 AM,1,1,0
12/20/2021 05:00:00 AM,3,3,0
12/20/2021 06:00:00 AM,16,7,9
12/20/2021 07:00:00 AM,27,9,18
12/20/2021 08:00:00 AM,30,12,18
12/20/2021 09:00:00 AM,17,9,8
12/20/2021 10:00:00 AM,7,4,3
12/20/2021 11:00:00 AM,11,4,7
12/20/2021 12:00:00 PM,11,6,5
12/20/2021 01:00:00 PM,16,12,4
12/20/2021 02:00:00 PM,28,18,10
12/20/2021 03:00:00 PM,19,12,7
12/20/2021 04:00:00 PM,26,19,7
12/20/2021 05:00:00 PM,32,18,14
12/20/2021 06:00:00 PM,9,6,3
12/20/2021 07:00:00 PM,8,7,1
12/20/2021 08:00:00 PM,11,5,6
12/20/2021 09:00:00 PM,6,2,4
12/20/2021 10:00:00 PM,0,0,0
12/20/2021 11:00:00 PM,3,2,1
12/21/2021 12:00:00 AM,1,0,1
12/21/2021 01:00:00 AM,1,0,1
12/21/2021 02:00:00 AM,2,2,0
12/21/2021 03:00:00 AM,0,0,0
12/21/2021 04:00:00 AM,2,2,0
12/21/2021 05:00:00 AM,5,2,3
12/21/2021 06:00:00 AM,12,7,5
12/21/2021 07:00:00 AM,19,4,15
12/21/2021 08:00:00 AM,19,6,13
12/21/2021 09:00:00 AM,16,5,11
12/21/2021 10:00:00 AM,13,7,6
12/21/2021 11:00:00 AM,15,5,10
12/21/2021 12:00:00 PM,9,5,4
12/21/2021 01:00:00 PM,11,10,1
12/21/2021 02:00:00 PM,19,11,8
12/21/2021 03:00:00 PM,30,21,9
12/21/2021 04:00:00 PM,30,19,11
12/21/2021 05:00:00 PM,26,17,9
12/21/2021 06:00:00 PM,16,11,5
12/21/2021 07:00:00 PM,6,4,2
12/21/2021 08:00:00 PM,8,5,3
12/21/2021 09:00:00 PM,2,1,1
12/21/2021 10:00:00 PM,3,3,0
12/21/2021 11:00:00 PM,1,0,1
12/22/2021 12:00:00 AM,2,0,2
12/22/2021 01:00:00 AM,0,0,0
12/22/2021 02:00:00 AM,0,0,0
12/22/2021 03:00:00 AM,1,1,0
12/22/2021 04:00:00 AM,2,2,0
12/22/2021 05:00:00 AM,5,3,2
12/22/2021 06:00:00 AM,8,3,5
12/22/2021 07:00:00 AM,11,2,9
12/22/2021 08:00:00 AM,19,4,15
12/22/2021 09:00:00 AM,12,3,9
12/22/2021 10:00:00 AM,5,3,2
12/22/2021 11:00:00 AM,23,12,11
12/22/2021 12:00:00 PM,19,10,9
12/22/2021 01:00:00 PM,18,15,3
12/22/2021 02:00:00 PM,19,10,9
12/22/2021 03:00:00 PM,10,8,2
12/22/2021 04:00:00 PM,15,11,4
12/22/2021 05:00:00 PM,14,12,2
12/22/2021 06:00:00 PM,9,3,6
12/22/2021 07:00:00 PM,6,4,2
12/22/2021 08:00:00 PM,6,1,5
12/22/2021 09:00:00 PM,2,2,0
12/22/2021 10:00:00 PM,5,3,2
12/22/2021 11:00:00 PM,1,1,0
12/23/2021 12:00:00 AM,4,3,1
12/23/2021 01:00:00 AM,2,0,2
12/23/2021 02:00:00 AM,0,0,0
12/23/2021 03:00:00 AM,1,1,0
12/23/2021 04:00:00 AM,0,0,0
12/23/2021 05:00:00 AM,2,1,1
12/23/2021 06:00:00 AM,10,2,8
12/23/2021 07:00:00 AM,12,3,9
12/23/2021 08:00:00 AM,11,5,6
12/23/2021 09:00:00 AM,4,3,1
12/23/2021 10:00:00 AM,9,6,3
12/23/2021 11:00:00 AM,11,8,3
12/23/2021 12:00:00 PM,16,8,8
12/23/2021 01:00:00 PM,11,8,3
12/23/2021 02:00:00 PM,22,15,7
12/23/2021 03:00:00 PM,14,12,2
12/23/2021 04:00:00 PM,20,13,7
12/23/2021 05:00:00 PM,17,11,6
12/23/2021 06:00:00 PM,12,7,5
12/23/2021 07:00:00 PM,8,5,3
12/23/2021 08:00:00 PM,2,0,2
12/23/2021 09:00:00 PM,9,4,5
12/23/2021 10:00:00 PM,4,3,1
12/23/2021 11:00:00 PM,4,3,1
12/24/2021 12:00:00 AM,2,2,0
12/24/2021 01:00:00 AM,4,1,3
12/24/2021 02:00:00 AM,1,1,0
12/24/2021 03:00:00 AM,0,0,0
12/24/2021 04:00:00 AM,0,0,0
12/24/2021 05:00:00 AM,3,3,0
12/24/2021 06:00:00 AM,2,1,1
12/24/2021 07:00:00 AM,6,2,4
12/24/2021 08:00:00 AM,1,1,0
12/24/2021 09:00:00 AM,6,4,2
12/24/2021 10:00:00 AM,9,5,4
12/24/2021 11:00:00 AM,8,5,3
12/24/2021 12:00:00 PM,13,11,2
12/24/2021 01:00:00 PM,4,2,2
12/24/2021 02:00:00 PM,13,6,7
12/24/2021 03:00:00 PM,6,4,2
12/24/2021 04:00:00 PM,10,8,2
12/24/2021 05:00:00 PM,10,7,3
12/24/2021 06:00:00 PM,1,0,1
12/24/2021 07:00:00 PM,4,3,1
12/24/2021 08:00:00 PM,2,1,1
12/24/2021 09:00:00 PM,2,1,1
12/24/2021 10:00:00 PM,2,2,0
12/24/2021 11:00:00 PM,2,2,0
12/25/2021 12:00:00 AM,3,2,1
12/25/2021 01:00:00 AM,0,0,0
12/25/2021 02:00:00 AM,2,2,0
12/25/2021 03:00:00 AM,0,0,0
12/25/2021 04:00:00 AM,0,0,0
12/25/2021 05:00:00 AM,1,1,0
12/25/2021 06:00:00 AM,0,0,0
12/25/2021 07:00:00 AM,0,0,0
12/25/2021 08:00:00 AM,2,0,2
12/25/2021 09:00:00 AM,3,2,1
12/25/2021 10:00:00 AM,4,3,1
12/25/2021 11:00:00 AM,7,2,5
12/25/2021 12:00:00 PM,4,1,3
12/25/2021 01:00:00 PM,2,1,1
12/25/2021 02:00:00 PM,2,1,1
12/25/2021 03:00:00 PM,4,3,1
12/25/2021 04:00:00 PM,2,1,1
12/25/2021 05:00:00 PM,3,2,1
12/25/2021 06:00:00 PM,1,1,0
12/25/2021 07:00:00 PM,1,0,1
12/25/2021 08:00:00 PM,3,2,1
12/25/2021 09:00:00 PM,6,4,2
12/25/2021 10:00:00 PM,1,1,0
12/25/2021 11:00:00 PM,0,0,0
12/26/2021 12:00:00 AM,1,0,1
12/26/2021 01:00:00 AM,1,1,0
12/26/2021 02:00:00 AM,1,1,0
12/26/2021 03:00:00 AM,0,0,0
12/26/2021 04:00:00 AM,0,0,0
12/26/2021 05:00:00 AM,0,0,0
12/26/2021 06:00:00 AM,3,1,2
12/26/2021 07:00:00 AM,0,0,0
12/26/2021 08:00:00 AM,0,0,0
12/26/2021 09:00:00 AM,2,2,0
12/26/2021 10:00:00 AM,0,0,0
12/26/2021 11:00:00 AM,2,0,2
12/26/2021 12:00:00 PM,2,1,1
12/26/2021 01:00:00 PM,1,0,1
12/26/2021 02:00:00 PM,1,1,0
12/26/2021 03:00:00 PM,3,2,1
12/26/2021 04:00:00 PM,5,0,5
12/26/2021 05:00:00 PM,2,0,2
12/26/2021 06:00:00 PM,3,1,2
12/26/2021 07:00:00 PM,0,0,0
12/26/2021 08:00:00 PM,0,0,0
12/26/2021 09:00:00 PM,0,0,0
12/26/2021 10:00:00 PM,1,1,0
12/26/2021 11:00:00 PM,0,0,0
12/27/2021 12:00:00 AM,0,0,0
12/27/2021 01:00:00 AM,0,0,0
12/27/2021 02:00:00 AM,0,0,0
12/27/2021 03:00:00 AM,0,0,0
12/27/2021 04:00:00 AM,0,0,0
12/27/2021 05:00:00 AM,0,0,0
12/27/2021 06:00:00 AM,0,0,0
12/27/2021 07:00:00 AM,0,0,0
12/27/2021 08:00:00 AM,0,0,0
12/27/2021 09:00:00 AM,0,0,0
12/27/2021 10:00:00 AM,1,1,0
12/27/2021 11:00:00 AM,0,0,0
12/27/2021 12:00:00 PM,0,0,0
12/27/2021 01:00:00 PM,2,2,0
12/27/2021 02:00:00 PM,0,0,0
12/27/2021 03:00:00 PM,3,2,1
12/27/2021 04:00:00 PM,3,3,0
12/27/2021 05:00:00 PM,0,0,0
12/27/2021 06:00:00 PM,0,0,0
12/27/2021 07:00:00 PM,1,1,0
12/27/2021 08:00:00 PM,0,0,0
12/27/2021 09:00:00 PM,2,1,1
12/27/2021 10:00:00 PM,0,0,0
12/27/2021 11:00:00 PM,0,0,0
12/28/2021 12:00:00 AM,1,1,0
12/28/2021 01:00:00 AM,0,0,0
12/28/2021 02:00:00 AM,0,0,0
12/28/2021 03:00:00 AM,0,0,0
12/28/2021 04:00:00 AM,0,0,0
12/28/2021 05:00:00 AM,0,0,0
12/28/2021 06:00:00 AM,1,0,1
12/28/2021 07:00:00 AM,0,0,0
12/28/2021 08:00:00 AM,0,0,0
12/28/2021 09:00:00 AM,0,0,0
12/28/2021 10:00:00 AM,1,1,0
12/28/2021 11:00:00 AM,0,0,0
12/28/2021 12:00:00 PM,2,0,2
12/28/2021 01:00:00 PM,0,0,0
12/28/2021 02:00:00 PM,0,0,0
12/28/2021 03:00:00 PM,0,0,0
12/28/2021 04:00:00 PM,1,0,1
12/28/2021 05:00:00 PM,1,0,1
12/28/2021 06:00:00 PM,0,0,0
12/28/2021 07:00:00 PM,2,2,0
12/28/2021 08:00:00 PM,0,0,0
12/28/2021 09:00:00 PM,0,0,0
12/28/2021 10:00:00 PM,0,0,0
12/28/2021 11:00:00 PM,0,0,0
12/29/2021 12:00:00 AM,0,0,0
12/29/2021 01:00:00 AM,0,0,0
12/29/2021 02:00:00 AM,0,0,0
12/29/2021 03:00:00 AM,0,0,0
12/29/2021 04:00:00 AM,0,0,0
12/29/2021 05:00:00 AM,0,0,0
12/29/2021 06:00:00 AM,0,0,0
12/29/2021 07:00:00 AM,0,0,0
12/29/2021 08:00:00 AM,0,0,0
12/29/2021 09:00:00 AM,1,1,0
12/29/2021 10:00:00 AM,0,0,0
12/29/2021 11:00:00 AM,0,0,0
12/29/2021 12:00:00 PM,0,0,0
12/29/2021 01:00:00 PM,0,0,0
12/29/2021 02:00:00 PM,1,0,1
12/29/2021 03:00:00 PM,5,1,4
12/29/2021 04:00:00 PM,0,0,0
12/29/2021 05:00:00 PM,1,0,1
12/29/2021 06:00:00 PM,0,0,0
12/29/2021 07:00:00 PM,0,0,0
12/29/2021 08:00:00 PM,0,0,0
12/29/2021 09:00:00 PM,0,0,0
12/29/2021 10:00:00 PM,0,0,0
12/29/2021 11:00:00 PM,1,1,0
12/30/2021 12:00:00 AM,0,0,0
12/30/2021 01:00:00 AM,1,1,0
12/30/2021 02:00:00 AM,0,0,0
12/30/2021 03:00:00 AM,0,0,0
12/30/2021 04:00:00 AM,0,0,0
12/30/2021 05:00:00 AM,0,0,0
12/30/2021 06:00:00 AM,0,0,0
12/30/2021 07:00:00 AM,0,0,0
12/30/2021 08:00:00 AM,0,0,0
12/30/2021 09:00:00 AM,0,0,0
12/30/2021 10:00:00 AM,0,0,0
12/30/2021 11:00:00 AM,0,0,0
12/30/2021 12:00:00 PM,7,3,4
12/30/2021 01:00:00 PM,0,0,0
12/30/2021 02:00:00 PM,3,1,2
12/30/2021 03:00:00 PM,1,1,0
12/30/2021 04:00:00 PM,3,1,2
12/30/2021 05:00:00 PM,2,2,0
12/30/2021 06:00:00 PM,2,1,1
12/30/2021 07:00:00 PM,0,0,0
12/30/2021 08:00:00 PM,0,0,0
12/30/2021 09:00:00 PM,0,0,0
12/30/2021 10:00:00 PM,2,1,1
12/30/2021 11:00:00 PM,0,0,0
12/31/2021 12:00:00 AM,1,0,1
12/31/2021 01:00:00 AM,0,0,0
12/31/2021 02:00:00 AM,1,1,0
12/31/2021 03:00:00 AM,0,0,0
12/31/2021 04:00:00 AM,0,0,0
12/31/2021 05:00:00 AM,0,0,0
12/31/2021 06:00:00 AM,1,0,1
12/31/2021 07:00:00 AM,2,1,1
12/31/2021 08:00:00 AM,0,0,0
12/31/2021 09:00:00 AM,0,0,0
12/31/2021 10:00:00 AM,1,0,1
12/31/2021 11:00:00 AM,1,0,1
12/31/2021 12:00:00 PM,1,0,1
12/31/2021 01:00:00 PM,2,0,2
12/31/2021 02:00:00 PM,3,1,2
12/31/2021 03:00:00 PM,0,0,0
12/31/2021 04:00:00 PM,2,1,1
12/31/2021 05:00:00 PM,1,0,1
12/31/2021 06:00:00 PM,0,0,0
12/31/2021 07:00:00 PM,5,1,4
12/31/2021 08:00:00 PM,1,0,1
12/31/2021 09:00:00 PM,0,0,0
12/31/2021 10:00:00 PM,0,0,0
12/31/2021 11:00:00 PM,2,1,1
01/01/2022 12:00:00 AM,1,0,1
01/01/2022 01:00:00 AM,0,0,0
01/01/2022 02:00:00 AM,2,1,1
01/01/2022 03:00:00 AM,0,0,0
01/01/2022 04:00:00 AM,0,0,0
01/01/2022 05:00:00 AM,0,0,0
01/01/2022 06:00:00 AM,0,0,0
01/01/2022 07:00:00 AM,0,0,0
01/01/2022 08:00:00 AM,0,0,0
01/01/2022 09:00:00 AM,0,0,0
01/01/2022 10:00:00 AM,0,0,0
01/01/2022 11:00:00 AM,1,0,1
01/01/2022 12:00:00 PM,0,0,0
01/01/2022 01:00:00 PM,3,0,3
01/01/2022 02:00:00 PM,4,1,3
01/01/2022 03:00:00 PM,2,0,2
01/01/2022 04:00:00 PM,0,0,0
01/01/2022 05:00:00 PM,2,0,2
01/01/2022 06:00:00 PM,1,0,1
01/01/2022 07:00:00 PM,2,1,1
01/01/2022 08:00:00 PM,0,0,0
01/01/2022 09:00:00 PM,1,0,1
01/01/2022 10:00:00 PM,1,0,1
01/01/2022 11:00:00 PM,0,0,0
01/02/2022 12:00:00 AM,0,0,0
01/02/2022 01:00:00 AM,1,1,0
01/02/2022 02:00:00 AM,0,0,0
01/02/2022 03:00:00 AM,0,0,0
01/02/2022 04:00:00 AM,0,0,0
01/02/2022 05:00:00 AM,0,0,0
01/02/2022 06:00:00 AM,0,0,0
01/02/2022 07:00:00 AM,1,0,1
01/02/2022 08:00:00 AM,1,1,0
01/02/2022 09:00:00 AM,1,0,1
01/02/2022 10:00:00 AM,4,1,3
01/02/2022 11:00:00 AM,0,0,0
01/02/2022 12:00:00 PM,4,4,0
01/02/2022 01:00:00 PM,1,1,0
01/02/2022 02:00:00 PM,1,1,0
01/02/2022 03:00:00 PM,8,6,2
01/02/2022 04:00:00 PM,8,2,6
01/02/2022 05:00:00 PM,10,6,4
01/02/2022 06:00:00 PM,4,2,2
01/02/2022 07:00:00 PM,2,1,1
01/02/2022 08:00:00 PM,0,0,0
01/02/2022 09:00:00 PM,2,1,1
01/02/2022 10:00:00 PM,0,0,0
01/02/2022 11:00:00 PM,0,0,0
01/03/2022 12:00:00 AM,0,0,0
01/03/2022 01:00:00 AM,0,0,0
01/03/2022 02:00:00 AM,0,0,0
01/03/2022 03:00:00 AM,0,0,0
01/03/2022 04:00:00 AM,0,0,0
01/03/2022 05:00:00 AM,2,0,2
01/03/2022 06:00:00 AM,6,2,4
01/03/2022 07:00:00 AM,9,3,6
01/03/2022 08:00:00 AM,5,0,5
01/03/2022 09:00:00 AM,4,0,4
01/03/2022 10:00:00 AM,5,4,1
01/03/2022 11:00:00 AM,8,3,5
01/03/2022 12:00:00 PM,9,3,6
01/03/2022 01:00:00 PM,3,2,1
01/03/2022 02:00:00 PM,16,12,4
01/03/2022 03:00:00 PM,19,15,4
01/03/2022 04:00:00 PM,7,4,3
01/03/2022 05:00:00 PM,3,2,1
01/03/2022 06:00:00 PM,0,0,0
01/03/2022 07:00:00 PM,2,1,1
01/03/2022 08:00:00 PM,2,2,0
01/03/2022 09:00:00 PM,1,1,0
01/03/2022 10:00:00 PM,3,3,0
01/03/2022 11:00:00 PM,0,0,0
01/04/2022 12:00:00 AM,0,0,0
01/04/2022 01:00:00 AM,0,0,0
01/04/2022 02:00:00 AM,0,0,0
01/04/2022 03:00:00 AM,0,0,0
01/04/2022 04:00:00 AM,1,1,0
01/04/2022 05:00:00 AM,11,3,8
01/04/2022 06:00:00 AM,10,3,7
01/04/2022 07:00:00 AM,11,4,7
01/04/2022 08:00:00 AM,11,4,7
01/04/2022 09:00:00 AM,10,7,3
01/04/2022 10:00:00 AM,8,8,0
01/04/2022 11:00:00 AM,9,7,2
01/04/2022 12:00:00 PM,17,5,12
01/04/2022 01:00:00 PM,10,6,4
01/04/2022 02:00:00 PM,12,10,2
01/04/2022 03:00:00 PM,10,5,5
01/04/2022 04:00:00 PM,18,8,10
01/04/2022 05:00:00 PM,10,6,4
01/04/2022 06:00:00 PM,10,9,1
01/04/2022 07:00:00 PM,3,2,1
01/04/2022 08:00:00 PM,6,3,3
01/04/2022 09:00:00 PM,2,2,0
01/04/2022 10:00:00 PM,3,3,0
01/04/2022 11:00:00 PM,2,2,0
01/05/2022 12:00:00 AM,0,0,0
01/05/2022 01:00:00 AM,0,0,0
01/05/2022 02:00:00 AM,0,0,0
01/05/2022 03:00:00 AM,1,0,1
01/05/2022 04:00:00 AM,2,2,0
01/05/2022 05:00:00 AM,5,2,3
01/05/2022 06:00:00 AM,10,3,7
01/05/2022 07:00:00 AM,11,4,7
01/05/2022 08:00:00 AM,15,6,9
01/05/2022 09:00:00 AM,7,4,3
01/05/2022 10:00:00 AM,11,1,10
01/05/2022 11:00:00 AM,14,7,7
01/05/2022 12:00:00 PM,7,3,4
01/05/2022 01:00:00 PM,11,7,4
01/05/2022 02:00:00 PM,11,9,2
01/05/2022 03:00:00 PM,19,16,3
01/05/2022 04:00:00 PM,14,6,8
01/05/2022 05:00:00 PM,16,9,7
01/05/2022 06:00:00 PM,6,3,3
01/05/2022 07:00:00 PM,8,6,2
01/05/2022 08:00:00 PM,5,3,2
01/05/2022 09:00:00 PM,2,0,2
01/05/2022 10:00:00 PM,2,2,0
01/05/2022 11:00:00 PM,2,0,2
01/06/2022 12:00:00 AM,0,0,0
01/06/2022 01:00:00 AM,0,0,0
01/06/2022 02:00:00 AM,2,1,1
01/06/2022 03:00:00 AM,1,1,0
01/06/2022 04:00:00 AM,2,1,1
01/06/2022 05:00:00 AM,5,2,3
01/06/2022 06:00:00 AM,8,2,6
01/06/2022 07:00:00 AM,16,6,10
01/06/2022 08:00:00 AM,15,5,10
01/06/2022 09:00:00 AM,9,7,2
01/06/2022 10:00:00 AM,5,1,4
01/06/2022 11:00:00 AM,8,5,3
01/06/2022 12:00:00 PM,3,2,1
01/06/2022 01:00:00 PM,7,4,3
01/06/2022 02:00:00 PM,22,14,8
01/06/2022 03:00:00 PM,13,8,5
01/06/2022 04:00:00 PM,15,7,8
01/06/2022 05:00:00 PM,19,11,8
01/06/2022 06:00:00 PM,7,6,1
01/06/2022 07:00:00 PM,5,4,1
01/06/2022 08:00:00 PM,2,1,1
01/06/2022 09:00:00 PM,2,1,1
01/06/2022 10:00:00 PM,2,1,1
01/06/2022 11:00:00 PM,2,1,1
01/07/2022 12:00:00 AM,0,0,0
01/07/2022 01:00:00 AM,0,0,0
01/07/2022 02:00:00 AM,0,0,0
01/07/2022 03:00:00 AM,1,0,1
01/07/2022 04:00:00 AM,0,0,0
01/07/2022 05:00:00 AM,8,4,4
01/07/2022 06:00:00 AM,8,2,6
01/07/2022 07:00:00 AM,22,5,17
01/07/2022 08:00:00 AM,10,3,7
01/07/2022 09:00:00 AM,11,7,4
01/07/2022 10:00:00 AM,9,4,5
01/07/2022 11:00:00 AM,11,7,4
01/07/2022 12:00:00 PM,4,1,3
01/07/2022 01:00:00 PM,8,2,6
01/07/2022 02:00:00 PM,12,7,5
01/07/2022 03:00:00 PM,16,9,7
01/07/2022 04:00:00 PM,17,13,4
01/07/2022 05:00:00 PM,22,13,9
01/07/2022 06:00:00 PM,14,9,5
01/07/2022 07:00:00 PM,6,4,2
01/07/2022 08:00:00 PM,1,0,1
01/07/2022 09:00:00 PM,11,10,1
01/07/2022 10:00:00 PM,1,1,0
01/07/2022 11:00:00 PM,3,1,2
01/08/2022 12:00:00 AM,1,1,0
01/08/2022 01:00:00 AM,1,0,1
01/08/2022 02:00:00 AM,0,0,0
01/08/2022 03:00:00 AM,2,0,2
01/08/2022 04:00:00 AM,0,0,0
01/08/2022 05:00:00 AM,2,0,2
01/08/2022 06:00:00 AM,1,1,0
01/08/2022 07:00:00 AM,4,3,1
01/08/2022 08:00:00 AM,2,2,0
01/08/2022 09:00:00 AM,14,5,9
01/08/2022 10:00:00 AM,14,12,2
01/08/2022 11:00:00 AM,13,5,8
01/08/2022 12:00:00 PM,13,7,6
01/08/2022 01:00:00 PM,22,15,7
01/08/2022 02:00:00 PM,34,22,12
01/08/2022 03:00:00 PM,20,11,9
01/08/2022 04:00:00 PM,33,19,14
01/08/2022 05:00:00 PM,12,5,7
01/08/2022 06:00:00 PM,8,0,8
01/08/2022 07:00:00 PM,16,11,5
01/08/2022 08:00:00 PM,6,3,3
01/08/2022 09:00:00 PM,11,9,2
01/08/2022 10:00:00 PM,1,1,0
01/08/2022 11:00:00 PM,3,3,0
01/09/2022 12:00:00 AM,1,1,0
01/09/2022 01:00:00 AM,4,3,1
01/09/2022 02:00:00 AM,0,0,0
01/09/2022 03:00:00 AM,0,0,0
01/09/2022 04:00:00 AM,0,0,0
01/09/2022 05:00:00 AM,1,1,0
01/09/2022 06:00:00 AM,0,0,0
01/09/2022 07:00:00 AM,6,3,3
01/09/2022 08:00:00 AM,3,3,0
01/09/2022 09:00:00 AM,12,10,2
01/09/2022 10:00:00 AM,11,8,3
01/09/2022 11:00:00 AM,16,7,9
01/09/2022 12:00:00 PM,25,19,6
01/09/2022 01:00:00 PM,36,25,11
01/09/2022 02:00:00 PM,35,12,23
01/09/2022 03:00:00 PM,28,20,8
01/09/2022 04:00:00 PM,30,17,13
01/09/2022 05:00:00 PM,23,6,17
01/09/2022 06:00:00 PM,13,4,9
01/09/2022 07:00:00 PM,3,2,1
01/09/2022 08:00:00 PM,2,1,1
01/09/2022 09:00:00 PM,3,1,2
01/09/2022 10:00:00 PM,1,0,1
01/09/2022 11:00:00 PM,1,0,1
01/10/2022 12:00:00 AM,1,1,0
01/10/2022 01:00:00 AM,1,1,0
01/10/2022 02:00:00 AM,0,0,0
01/10/2022 03:00:00 AM,0,0,0
01/10/2022 04:00:00 AM,3,2,1
01/10/2022 05:00:00 AM,7,3,4
01/10/2022 06:00:00 AM,14,4,10
01/10/2022 07:00:00 AM,23,6,17
01/10/2022 08:00:00 AM,17,7,10
01/10/2022 09:00:00 AM,9,6,3
01/10/2022 10:00:00 AM,1,1,0
01/10/2022 11:00:00 AM,3,1,2
01/10/2022 12:00:00 PM,10,6,4
01/10/2022 01:00:00 PM,17,7,10
01/10/2022 02:00:00 PM,13,8,5
01/10/2022 03:00:00 PM,15,10,5
01/10/2022 04:00:00 PM,22,16,6
01/10/2022 05:00:00 PM,24,13,11
01/10/2022 06:00:00 PM,11,8,3
01/10/2022 07:00:00 PM,10,5,5
01/10/2022 08:00:00 PM,2,0,2
01/10/2022 09:00:00 PM,5,2,3
01/10/2022 10:00:00 PM,2,1,1
01/10/2022 11:00:00 PM,1,1,0
01/11/2022 12:00:00 AM,2,2,0
01/11/2022 01:00:00 AM,0,0,0
01/11/2022 02:00:00 AM,1,0,1
01/11/2022 03:00:00 AM,0,0,0
01/11/2022 04:00:00 AM,2,0,2
01/11/2022 05:00:00 AM,5,1,4
01/11/2022 06:00:00 AM,12,5,7
01/11/2022 07:00:00 AM,20,6,14
01/11/2022 08:00:00 AM,18,8,10
01/11/2022 09:00:00 AM,6,5,1
01/11/2022 10:00:00 AM,8,4,4
01/11/2022 11:00:00 AM,6,3,3
01/11/2022 12:00:00 PM,8,4,4
01/11/2022 01:00:00 PM,7,5,2
01/11/2022 02:00:00 PM,17,9,8
01/11/2022 03:00:00 PM,17,12,5
01/11/2022 04:00:00 PM,21,14,7
01/11/2022 05:00:00 PM,26,15,11
01/11/2022 06:00:00 PM,20,12,8
01/11/2022 07:00:00 PM,5,1,4
01/11/2022 08:00:00 PM,1,1,0
01/11/2022 09:00:00 PM,2,1,1
01/11/2022 10:00:00 PM,3,3,0
01/11/2022 11:00:00 PM,4,1,3
01/12/2022 12:00:00 AM,0,0,0
01/12/2022 01:00:00 AM,7,7,0
01/12/2022 02:00:00 AM,2,2,0
01/12/2022 03:00:00 AM,0,0,0
01/12/2022 04:00:00 AM,0,0,0
01/12/2022 05:00:00 AM,7,2,5
01/12/2022 06:00:00 AM,14,5,9
01/12/2022 07:00:00 AM,23,4,19
01/12/2022 08:00:00 AM,16,6,10
01/12/2022 09:00:00 AM,16,10,6
01/12/2022 10:00:00 AM,9,5,4
01/12/2022 11:00:00 AM,6,3,3
01/12/2022 12:00:00 PM,15,8,7
01/12/2022 01:00:00 PM,19,4,15
01/12/2022 02:00:00 PM,14,11,3
01/12/2022 03:00:00 PM,34,17,17
01/12/2022 04:00:00 PM,44,30,14
01/12/2022 05:00:00 PM,33,20,13
01/12/2022 06:00:00 PM,16,7,9
01/12/2022 07:00:00 PM,7,5,2
01/12/2022 08:00:00 PM,5,2,3
01/12/2022 09:00:00 PM,3,0,3
01/12/2022 10:00:00 PM,9,7,2
01/12/2022 11:00:00 PM,3,2,1
01/13/2022 12:00:00 AM,0,0,0
01/13/2022 01:00:00 AM,4,1,3
01/13/2022 02:00:00 AM,0,0,0
01/13/2022 03:00:00 AM,0,0,0
01/13/2022 04:00:00 AM,0,0,0
01/13/2022 05:00:00 AM,9,3,6
01/13/2022 06:00:00 AM,10,4,6
01/13/2022 07:00:00 AM,15,6,9
01/13/2022 08:00:00 AM,22,8,14
01/13/2022 09:00:00 AM,19,8,11
01/13/2022 10:00:00 AM,14,8,6
01/13/2022 11:00:00 AM,13,6,7
01/13/2022 12:00:00 PM,13,6,7
01/13/2022 01:00:00 PM,19,11,8
01/13/2022 02:00:00 PM,25,16,9
01/13/2022 03:00:00 PM,27,19,8
01/13/2022 04:00:00 PM,35,22,13
01/13/2022 05:00:00 PM,35,22,13
01/13/2022 06:00:00 PM,18,9,9
01/13/2022 07:00:00 PM,7,5,2
01/13/2022 08:00:00 PM,11,4,7
01/13/2022 09:00:00 PM,4,4,0
01/13/2022 10:00:00 PM,6,5,1
01/13/2022 11:00:00 PM,7,4,3
01/14/2022 12:00:00 AM,4,3,1
01/14/2022 01:00:00 AM,2,0,2
01/14/2022 02:00:00 AM,1,0,1
01/14/2022 03:00:00 AM,0,0,0
01/14/2022 04:00:00 AM,1,1,0
01/14/2022 05:00:00 AM,6,2,4
01/14/2022 06:00:00 AM,10,5,5
01/14/2022 07:00:00 AM,26,5,21
01/14/2022 08:00:00 AM,25,14,11
01/14/2022 09:00:00 AM,19,9,10
01/14/2022 10:00:00 AM,12,4,8
01/14/2022 11:00:00 AM,11,10,1
01/14/2022 12:00:00 PM,28,12,16
01/14/2022 01:00:00 PM,22,10,12
01/14/2022 02:00:00 PM,25,18,7
01/14/2022 03:00:00 PM,29,19,10
01/14/2022 04:00:00 PM,45,26,19
01/14/2022 05:00:00 PM,42,24,18
01/14/2022 06:00:00 PM,17,11,6
01/14/2022 07:00:00 PM,15,8,7
01/14/2022 08:00:00 PM,9,5,4
01/14/2022 09:00:00 PM,7,4,3
01/14/2022 10:00:00 PM,9,5,4
01/14/2022 11:00:00 PM,9,2,7
01/15/2022 12:00:00 AM,6,2,4
01/15/2022 01:00:00 AM,1,0,1
01/15/2022 02:00:00 AM,3,2,1
01/15/2022 03:00:00 AM,0,0,0
01/15/2022 04:00:00 AM,1,0,1
01/15/2022 05:00:00 AM,1,0,1
01/15/2022 06:00:00 AM,2,2,0
01/15/2022 07:00:00 AM,4,2,2
01/15/2022 08:00:00 AM,6,3,3
01/15/2022 09:00:00 AM,7,6,1
01/15/2022 10:00:00 AM,14,8,6
01/15/2022 11:00:00 AM,17,9,8
01/15/2022 12:00:00 PM,25,19,6
01/15/2022 01:00:00 PM,36,27,9
01/15/2022 02:00:00 PM,29,14,15
01/15/2022 03:00:00 PM,26,16,10
01/15/2022 04:00:00 PM,35,19,16
01/15/2022 05:00:00 PM,20,9,11
01/15/2022 06:00:00 PM,10,4,6
01/15/2022 07:00:00 PM,9,7,2
01/15/2022 08:00:00 PM,17,11,6
01/15/2022 09:00:00 PM,14,10,4
01/15/2022 10:00:00 PM,8,6,2
01/15/2022 11:00:00 PM,10,7,3
01/16/2022 12:00:00 AM,6,3,3
01/16/2022 01:00:00 AM,3,3,0
01/16/2022 02:00:00 AM,0,0,0
01/16/2022 03:00:00 AM,2,0,2
01/16/2022 04:00:00 AM,0,0,0
01/16/2022 05:00:00 AM,1,1,0
01/16/2022 06:00:00 AM,0,0,0
01/16/2022 07:00:00 AM,9,3,6
01/16/2022 08:00:00 AM,6,3,3
01/16/2022 09:00:00 AM,9,8,1
01/16/2022 10:00:00 AM,11,6,5
01/16/2022 11:00:00 AM,18,7,11
01/16/2022 12:00:00 PM,15,10,5
01/16/2022 01:00:00 PM,18,12,6
01/16/2022 02:00:00 PM,21,13,8
01/16/2022 03:00:00 PM,24,15,9
01/16/2022 04:00:00 PM,30,19,11
01/16/2022 05:00:00 PM,18,8,10
01/16/2022 06:00:00 PM,7,4,3
01/16/2022 07:00:00 PM,10,7,3
01/16/2022 08:00:00 PM,4,2,2
01/16/2022 09:00:00 PM,2,2,0
01/16/2022 10:00:00 PM,4,2,2
01/16/2022 11:00:00 PM,8,6,2
01/17/2022 12:00:00 AM,2,1,1
01/17/2022 01:00:00 AM,5,1,4
01/17/2022 02:00:00 AM,0,0,0
01/17/2022 03:00:00 AM,0,0,0
01/17/2022 04:00:00 AM,0,0,0
01/17/2022 05:00:00 AM,3,3,0
01/17/2022 06:00:00 AM,12,5,7
01/17/2022 07:00:00 AM,17,8,9
01/17/2022 08:00:00 AM,6,1,5
01/17/2022 09:00:00 AM,7,4,3
01/17/2022 10:00:00 AM,8,4,4
01/17/2022 11:00:00 AM,21,13,8
01/17/2022 12:00:00 PM,16,10,6
01/17/2022 01:00:00 PM,14,9,5
01/17/2022 02:00:00 PM,26,15,11
01/17/2022 03:00:00 PM,37,26,11
01/17/2022 04:00:00 PM,33,15,18
01/17/2022 05:00:00 PM,30,16,14
01/17/2022 06:00:00 PM,12,3,9
01/17/2022 07:00:00 PM,5,3,2
01/17/2022 08:00:00 PM,7,6,1
01/17/2022 09:00:00 PM,6,3,3
01/17/2022 10:00:00 PM,3,1,2
01/17/2022 11:00:00 PM,5,2,3
01/18/2022 12:00:00 AM,0,0,0
01/18/2022 01:00:00 AM,1,1,0
01/18/2022 02:00:00 AM,0,0,0
01/18/2022 03:00:00 AM,1,0,1
01/18/2022 04:00:00 AM,1,0,1
01/18/2022 05:00:00 AM,6,2,4
01/18/2022 06:00:00 AM,14,4,10
01/18/2022 07:00:00 AM,22,5,17
01/18/2022 08:00:00 AM,23,11,12
01/18/2022 09:00:00 AM,16,7,9
01/18/2022 10:00:00 AM,11,5,6
01/18/2022 11:00:00 AM,9,5,4
01/18/2022 12:00:00 PM,16,10,6
01/18/2022 01:00:00 PM,19,10,9
01/18/2022 02:00:00 PM,14,9,5
01/18/2022 03:00:00 PM,29,19,10
01/18/2022 04:00:00 PM,41,28,13
01/18/2022 05:00:00 PM,36,19,17
01/18/2022 06:00:00 PM,14,10,4
01/18/2022 07:00:00 PM,13,8,5
01/18/2022 08:00:00 PM,3,1,2
01/18/2022 09:00:00 PM,6,1,5
01/18/2022 10:00:00 PM,1,1,0
01/18/2022 11:00:00 PM,1,1,0
01/19/2022 12:00:00 AM,0,0,0
01/19/2022 01:00:00 AM,0,0,0
01/19/2022 02:00:00 AM,5,3,2
01/19/2022 03:00:00 AM,2,1,1
01/19/2022 04:00:00 AM,0,0,0
01/19/2022 05:00:00 AM,9,3,6
01/19/2022 06:00:00 AM,13,4,9
01/19/2022 07:00:00 AM,24,8,16
01/19/2022 08:00:00 AM,34,10,24
01/19/2022 09:00:00 AM,18,10,8
01/19/2022 10:00:00 AM,10,4,6
01/19/2022 11:00:00 AM,11,7,4
01/19/2022 12:00:00 PM,13,4,9
01/19/2022 01:00:00 PM,18,10,8
01/19/2022 02:00:00 PM,28,13,15
01/19/2022 03:00:00 PM,25,16,9
01/19/2022 04:00:00 PM,39,25,14
01/19/2022 05:00:00 PM,40,20,20
01/19/2022 06:00:00 PM,16,11,5
01/19/2022 07:00:00 PM,13,8,5
01/19/2022 08:00:00 PM,9,4,5
01/19/2022 09:00:00 PM,6,2,4
01/19/2022 10:00:00 PM,2,2,0
01/19/2022 11:00:00 PM,1,0,1
01/20/2022 12:00:00 AM,3,3,0
01/20/2022 01:00:00 AM,1,0,1
01/20/2022 02:00:00 AM,0,0,0
01/20/2022 03:00:00 AM,0,0,0
01/20/2022 04:00:00 AM,0,0,0
01/20/2022 05:00:00 AM,10,3,7
01/20/2022 06:00:00 AM,10,4,6
01/20/2022 07:00:00 AM,24,9,15
01/20/2022 08:00:00 AM,15,6,9
01/20/2022 09:00:00 AM,12,6,6
01/20/2022 10:00:00 AM,16,6,10
01/20/2022 11:00:00 AM,11,7,4
01/20/2022 12:00:00 PM,15,6,9
01/20/2022 01:00:00 PM,16,9,7
01/20/2022 02:00:00 PM,15,9,6
01/20/2022 03:00:00 PM,26,15,11
01/20/2022 04:00:00 PM,25,18,7
01/20/2022 05:00:00 PM,30,13,17
01/20/2022 06:00:00 PM,18,13,5
01/20/2022 07:00:00 PM,8,4,4
01/20/2022 08:00:00 PM,8,5,3
01/20/2022 09:00:00 PM,4,4,0
01/20/2022 10:00:00 PM,3,1,2
01/20/2022 11:00:00 PM,3,1,2
01/21/2022 12:00:00 AM,2,1,1
01/21/2022 01:00:00 AM,2,1,1
01/21/2022 02:00:00 AM,1,1,0
01/21/2022 03:00:00 AM,0,0,0
01/21/2022 04:00:00 AM,3,2,1
01/21/2022 05:00:00 AM,13,7,6
01/21/2022 06:00:00 AM,12,3,9
01/21/2022 07:00:00 AM,28,8,20
01/21/2022 08:00:00 AM,26,9,17
01/21/2022 09:00:00 AM,13,8,5
01/21/2022 10:00:00 AM,7,3,4
01/21/2022 11:00:00 AM,17,11,6
01/21/2022 12:00:00 PM,25,10,15
01/21/2022 01:00:00 PM,22,16,6
01/21/2022 02:00:00 PM,27,14,13
01/21/2022 03:00:00 PM,27,17,10
01/21/2022 04:00:00 PM,53,27,26
01/21/2022 05:00:00 PM,31,20,11
01/21/2022 06:00:00 PM,19,12,7
01/21/2022 07:00:00 PM,7,5,2
01/21/2022 08:00:00 PM,15,4,11
01/21/2022 09:00:00 PM,7,5,2
01/21/2022 10:00:00 PM,15,14,1
01/21/2022 11:00:00 PM,12,3,9
01/22/2022 12:00:00 AM,6,5,1
01/22/2022 01:00:00 AM,2,1,1
01/22/2022 02:00:00 AM,2,2,0
01/22/2022 03:00:00 AM,1,0,1
01/22/2022 04:00:00 AM,1,1,0
01/22/2022 05:00:00 AM,3,2,1
01/22/2022 06:00:00 AM,1,1,0
01/22/2022 07:00:00 AM,5,3,2
01/22/2022 08:00:00 AM,6,5,1
01/22/2022 09:00:00 AM,20,9,11
01/22/2022 10:00:00 AM,18,7,11
01/22/2022 11:00:00 AM,20,18,2
01/22/2022 12:00:00 PM,26,16,10
01/22/2022 01:00:00 PM,24,11,13
01/22/2022 02:00:00 PM,39,25,14
01/22/2022 03:00:00 PM,36,15,21
01/22/2022 04:00:00 PM,25,12,13
01/22/2022 05:00:00 PM,22,9,13
01/22/2022 06:00:00 PM,15,11,4
01/22/2022 07:00:00 PM,10,4,6
01/22/2022 08:00:00 PM,11,4,7
01/22/2022 09:00:00 PM,5,2,3
01/22/2022 10:00:00 PM,4,3,1
01/22/2022 11:00:00 PM,4,2,2
01/23/2022 12:00:00 AM,3,3,0
01/23/2022 01:00:00 AM,0,0,0
01/23/2022 02:00:00 AM,1,0,1
01/23/2022 03:00:00 AM,2,1,1
01/23/2022 04:00:00 AM,3,0,3
01/23/2022 05:00:00 AM,1,1,0
01/23/2022 06:00:00 AM,1,1,0
01/23/2022 07:00:00 AM,5,2,3
01/23/2022 08:00:00 AM,4,4,0
01/23/2022 09:00:00 AM,9,5,4
01/23/2022 10:00:00 AM,11,9,2
01/23/2022 11:00:00 AM,23,11,12
01/23/2022 12:00:00 PM,14,8,6
01/23/2022 01:00:00 PM,20,9,11
01/23/2022 02:00:00 PM,10,5,5
01/23/2022 03:00:00 PM,27,13,14
01/23/2022 04:00:00 PM,19,13,6
01/23/2022 05:00:00 PM,12,6,6
01/23/2022 06:00:00 PM,16,5,11
01/23/2022 07:00:00 PM,2,0,2
01/23/2022 08:00:00 PM,4,3,1
01/23/2022 09:00:00 PM,6,4,2
01/23/2022 10:00:00 PM,9,7,2
01/23/2022 11:00:00 PM,2,1,1
01/24/2022 12:00:00 AM,2,1,1
01/24/2022 01:00:00 AM,2,1,1
01/24/2022 02:00:00 AM,1,1,0
01/24/2022 03:00:00 AM,0,0,0
01/24/2022 04:00:00 AM,1,0,1
01/24/2022 05:00:00 AM,7,4,3
01/24/2022 06:00:00 AM,15,6,9
01/24/2022 07:00:00 AM,27,9,18
01/24/2022 08:00:00 AM,30,12,18
01/24/2022 09:00:00 AM,20,10,10
01/24/2022 10:00:00 AM,9,5,4
01/24/2022 11:00:00 AM,10,6,4
01/24/2022 12:00:00 PM,13,8,5
01/24/2022 01:00:00 PM,8,5,3
01/24/2022 02:00:00 PM,26,16,10
01/24/2022 03:00:00 PM,31,25,6
01/24/2022 04:00:00 PM,26,19,7
01/24/2022 05:00:00 PM,37,22,15
01/24/2022 06:00:00 PM,16,9,7
01/24/2022 07:00:00 PM,11,6,5
01/24/2022 08:00:00 PM,5,4,1
01/24/2022 09:00:00 PM,6,2,4
01/24/2022 10:00:00 PM,5,4,1
01/24/2022 11:00:00 PM,1,1,0
01/25/2022 12:00:00 AM,3,2,1
01/25/2022 01:00:00 AM,1,0,1
01/25/2022 02:00:00 AM,3,1,2
01/25/2022 03:00:00 AM,1,1,0
01/25/2022 04:00:00 AM,1,1,0
01/25/2022 05:00:00 AM,8,2,6
01/25/2022 06:00:00 AM,20,9,11
01/25/2022 07:00:00 AM,28,9,19
01/25/2022 08:00:00 AM,16,7,9
01/25/2022 09:00:00 AM,22,12,10
01/25/2022 10:00:00 AM,5,1,4
01/25/2022 11:00:00 AM,12,7,5
01/25/2022 12:00:00 PM,21,10,11
01/25/2022 01:00:00 PM,21,14,7
01/25/2022 02:00:00 PM,36,27,9
01/25/2022 03:00:00 PM,27,21,6
01/25/2022 04:00:00 PM,42,25,17
01/25/2022 05:00:00 PM,42,29,13
01/25/2022 06:00:00 PM,25,11,14
01/25/2022 07:00:00 PM,8,6,2
01/25/2022 08:00:00 PM,9,4,5
01/25/2022 09:00:00 PM,13,8,5
01/25/2022 10:00:00 PM,5,4,1
01/25/2022 11:00:00 PM,2,1,1
01/26/2022 12:00:00 AM,2,0,2
01/26/2022 01:00:00 AM,2,1,1
01/26/2022 02:00:00 AM,1,1,0
01/26/2022 03:00:00 AM,2,1,1
01/26/2022 04:00:00 AM,3,2,1
01/26/2022 05:00:00 AM,6,2,4
01/26/2022 06:00:00 AM,18,9,9
01/26/2022 07:00:00 AM,26,13,13
01/26/2022 08:00:00 AM,37,14,23
01/26/2022 09:00:00 AM,15,9,6
01/26/2022 10:00:00 AM,17,8,9
01/26/2022 11:00:00 AM,10,7,3
01/26/2022 12:00:00 PM,19,10,9
01/26/2022 01:00:00 PM,18,11,7
01/26/2022 02:00:00 PM,18,15,3
01/26/2022 03:00:00 PM,29,19,10
01/26/2022 04:00:00 PM,29,20,9
01/26/2022 05:00:00 PM,52,31,21
01/26/2022 06:00:00 PM,10,6,4
01/26/2022 07:00:00 PM,17,13,4
01/26/2022 08:00:00 PM,3,2,1
01/26/2022 09:00:00 PM,7,3,4
01/26/2022 10:00:00 PM,8,5,3
01/26/2022 11:00:00 PM,3,2,1
01/27/2022 12:00:00 AM,3,2,1
01/27/2022 01:00:00 AM,2,1,1
01/27/2022 02:00:00 AM,0,0,0
01/27/2022 03:00:00 AM,0,0,0
01/27/2022 04:00:00 AM,2,2,0
01/27/2022 05:00:00 AM,5,2,3
01/27/2022 06:00:00 AM,14,4,10
01/27/2022 07:00:00 AM,27,13,14
01/27/2022 08:00:00 AM,35,18,17
01/27/2022 09:00:00 AM,10,4,6
01/27/2022 10:00:00 AM,13,9,4
01/27/2022 11:00:00 AM,10,8,2
01/27/2022 12:00:00 PM,19,11,8
01/27/2022 01:00:00 PM,25,12,13
01/27/2022 02:00:00 PM,26,19,7
01/27/2022 03:00:00 PM,27,18,9
01/27/2022 04:00:00 PM,49,30,19
01/27/2022 05:00:00 PM,48,33,15
01/27/2022 06:00:00 PM,21,11,10
01/27/2022 07:00:00 PM,9,6,3
01/27/2022 08:00:00 PM,13,7,6
01/27/2022 09:00:00 PM,5,3,2
01/27/2022 10:00:00 PM,8,8,0
01/27/2022 11:00:00 PM,2,0,2
01/28/2022 12:00:00 AM,1,1,0
01/28/2022 01:00:00 AM,1,1,0
01/28/2022 02:00:00 AM,1,0,1
01/28/2022 03:00:00 AM,1,1,0
01/28/2022 04:00:00 AM,2,2,0
01/28/2022 05:00:00 AM,7,3,4
01/28/2022 06:00:00 AM,10,3,7
01/28/2022 07:00:00 AM,27,12,15
01/28/2022 08:00:00 AM,21,10,11
01/28/2022 09:00:00 AM,10,5,5
01/28/2022 10:00:00 AM,12,5,7
01/28/2022 11:00:00 AM,12,6,6
01/28/2022 12:00:00 PM,19,9,10
01/28/2022 01:00:00 PM,18,9,9
01/28/2022 02:00:00 PM,25,19,6
01/28/2022 03:00:00 PM,29,18,11
01/28/2022 04:00:00 PM,39,18,21
01/28/2022 05:00:00 PM,42,23,19
01/28/2022 06:00:00 PM,18,10,8
01/28/2022 07:00:00 PM,19,9,10
01/28/2022 08:00:00 PM,7,2,5
01/28/2022 09:00:00 PM,8,2,6
01/28/2022 10:00:00 PM,6,3,3
01/28/2022 11:00:00 PM,8,7,1
01/29/2022 12:00:00 AM,5,2,3
01/29/2022 01:00:00 AM,1,1,0
01/29/2022 02:00:00 AM,2,1,1
01/29/2022 03:00:00 AM,1,0,1
01/29/2022 04:00:00 AM,2,1,1
01/29/2022 05:00:00 AM,2,1,1
01/29/2022 06:00:00 AM,5,5,0
01/29/2022 07:00:00 AM,5,3,2
01/29/2022 08:00:00 AM,6,3,3
01/29/2022 09:00:00 AM,15,9,6
01/29/2022 10:00:00 AM,22,16,6
01/29/2022 11:00:00 AM,20,10,10
01/29/2022 12:00:00 PM,24,9,15
01/29/2022 01:00:00 PM,28,16,12
01/29/2022 02:00:00 PM,36,20,16
01/29/2022 03:00:00 PM,31,13,18
01/29/2022 04:00:00 PM,22,9,13
01/29/2022 05:00:00 PM,25,12,13
01/29/2022 06:00:00 PM,14,5,9
01/29/2022 07:00:00 PM,18,8,10
01/29/2022 08:00:00 PM,10,4,6
01/29/2022 09:00:00 PM,9,6,3
01/29/2022 10:00:00 PM,6,3,3
01/29/2022 11:00:00 PM,5,5,0
01/30/2022 12:00:00 AM,3,1,2
01/30/2022 01:00:00 AM,4,3,1
01/30/2022 02:00:00 AM,5,2,3
01/30/2022 03:00:00 AM,1,1,0
01/30/2022 04:00:00 AM,1,1,0
01/30/2022 05:00:00 AM,1,1,0
01/30/2022 06:00:00 AM,2,2,0
01/30/2022 07:00:00 AM,2,1,1
01/30/2022 08:00:00 AM,1,1,0
01/30/2022 09:00:00 AM,4,3,1
01/30/2022 10:00:00 AM,9,4,5
01/30/2022 11:00:00 AM,13,7,6
01/30/2022 12:00:00 PM,6,5,1
01/30/2022 01:00:00 PM,12,6,6
01/30/2022 02:00:00 PM,9,2,7
01/30/2022 03:00:00 PM,9,3,6
01/30/2022 04:00:00 PM,11,6,5
01/30/2022 05:00:00 PM,6,3,3
01/30/2022 06:00:00 PM,7,6,1
01/30/2022 07:00:00 PM,4,4,0
01/30/2022 08:00:00 PM,9,6,3
01/30/2022 09:00:00 PM,3,1,2
01/30/2022 10:00:00 PM,3,1,2
01/30/2022 11:00:00 PM,1,0,1
01/31/2022 12:00:00 AM,0,0,0
01/31/2022 01:00:00 AM,1,0,1
01/31/2022 02:00:00 AM,0,0,0
01/31/2022 03:00:00 AM,0,0,0
01/31/2022 04:00:00 AM,1,1,0
01/31/2022 05:00:00 AM,8,3,5
01/31/2022 06:00:00 AM,11,5,6
01/31/2022 07:00:00 AM,30,9,21
01/31/2022 08:00:00 AM,25,14,11
01/31/2022 09:00:00 AM,20,11,9
01/31/2022 10:00:00 AM,11,6,5
01/31/2022 11:00:00 AM,16,6,10
01/31/2022 12:00:00 PM,15,7,8
01/31/2022 01:00:00 PM,5,1,4
01/31/2022 02:00:00 PM,14,9,5
01/31/2022 03:00:00 PM,31,21,10
01/31/2022 04:00:00 PM,42,22,20
01/31/2022 05:00:00 PM,49,33,16
01/31/2022 06:00:00 PM,30,13,17
01/31/2022 07:00:00 PM,8,4,4
01/31/2022 08:00:00 PM,6,5,1
01/31/2022 09:00:00 PM,3,3,0
01/31/2022 10:00:00 PM,5,2,3
01/31/2022 11:00:00 PM,8,6,2
02/01/2022 12:00:00 AM,2,1,1
02/01/2022 01:00:00 AM,1,1,0
02/01/2022 02:00:00 AM,1,0,1
02/01/2022 03:00:00 AM,1,0,1
02/01/2022 04:00:00 AM,2,1,1
02/01/2022 05:00:00 AM,11,3,8
02/01/2022 06:00:00 AM,14,6,8
02/01/2022 07:00:00 AM,31,8,23
02/01/2022 08:00:00 AM,32,13,19
02/01/2022 09:00:00 AM,23,12,11
02/01/2022 10:00:00 AM,15,4,11
02/01/2022 11:00:00 AM,14,6,8
02/01/2022 12:00:00 PM,22,14,8
02/01/2022 01:00:00 PM,16,12,4
02/01/2022 02:00:00 PM,25,13,12
02/01/2022 03:00:00 PM,22,16,6
02/01/2022 04:00:00 PM,33,21,12
02/01/2022 05:00:00 PM,49,31,18
02/01/2022 06:00:00 PM,27,12,15
02/01/2022 07:00:00 PM,5,3,2
02/01/2022 08:00:00 PM,4,3,1
02/01/2022 09:00:00 PM,7,4,3
02/01/2022 10:00:00 PM,6,4,2
02/01/2022 11:00:00 PM,1,0,1
02/02/2022 12:00:00 AM,1,0,1
02/02/2022 01:00:00 AM,0,0,0
02/02/2022 02:00:00 AM,0,0,0
02/02/2022 03:00:00 AM,0,0,0
02/02/2022 04:00:00 AM,1,1,0
02/02/2022 05:00:00 AM,8,2,6
02/02/2022 06:00:00 AM,11,5,6
02/02/2022 07:00:00 AM,24,8,16
02/02/2022 08:00:00 AM,34,14,20
02/02/2022 09:00:00 AM,18,9,9
02/02/2022 10:00:00 AM,13,4,9
02/02/2022 11:00:00 AM,13,7,6
02/02/2022 12:00:00 PM,15,6,9
02/02/2022 01:00:00 PM,26,13,13
02/02/2022 02:00:00 PM,12,7,5
02/02/2022 03:00:00 PM,16,12,4
02/02/2022 04:00:00 PM,40,28,12
02/02/2022 05:00:00 PM,36,23,13
02/02/2022 06:00:00 PM,17,10,7
02/02/2022 07:00:00 PM,4,3,1
02/02/2022 08:00:00 PM,3,2,1
02/02/2022 09:00:00 PM,4,1,3
02/02/2022 10:00:00 PM,5,4,1
02/02/2022 11:00:00 PM,4,3,1
02/03/2022 12:00:00 AM,2,0,2
02/03/2022 01:00:00 AM,2,1,1
02/03/2022 02:00:00 AM,0,0,0
02/03/2022 03:00:00 AM,0,0,0
02/03/2022 04:00:00 AM,2,2,0
02/03/2022 05:00:00 AM,8,4,4
02/03/2022 06:00:00 AM,12,5,7
02/03/2022 07:00:00 AM,27,8,19
02/03/2022 08:00:00 AM,31,14,17
02/03/2022 09:00:00 AM,9,5,4
02/03/2022 10:00:00 AM,14,8,6
02/03/2022 11:00:00 AM,7,3,4
02/03/2022 12:00:00 PM,13,7,6
02/03/2022 01:00:00 PM,19,12,7
02/03/2022 02:00:00 PM,19,11,8
02/03/2022 03:00:00 PM,20,18,2
02/03/2022 04:00:00 PM,40,26,14
02/03/2022 05:00:00 PM,49,27,22
02/03/2022 06:00:00 PM,14,11,3
02/03/2022 07:00:00 PM,21,15,6
02/03/2022 08:00:00 PM,14,9,5
02/03/2022 09:00:00 PM,7,4,3
02/03/2022 10:00:00 PM,6,5,1
02/03/2022 11:00:00 PM,4,3,1
02/04/2022 12:00:00 AM,0,0,0
02/04/2022 01:00:00 AM,1,0,1
02/04/2022 02:00:00 AM,4,3,1
02/04/2022 03:00:00 AM,0,0,0
02/04/2022 04:00:00 AM,1,0,1
02/04/2022 05:00:00 AM,6,3,3
02/04/2022 06:00:00 AM,14,6,8
02/04/2022 07:00:00 AM,27,13,14
02/04/2022 08:00:00 AM,17,8,9
02/04/2022 09:00:00 AM,18,9,9
02/04/2022 10:00:00 AM,11,9,2
02/04/2022 11:00:00 AM,15,10,5
02/04/2022 12:00:00 PM,15,7,8
02/04/2022 01:00:00 PM,24,14,10
02/04/2022 02:00:00 PM,22,17,5
02/04/2022 03:00:00 PM,26,16,10
02/04/2022 04:00:00 PM,48,33,15
02/04/2022 05:00:00 PM,34,23,11
02/04/2022 06:00:00 PM,12,4,8
02/04/2022 07:00:00 PM,11,7,4
02/04/2022 08:00:00 PM,4,3,1
02/04/2022 09:00:00 PM,10,5,5
02/04/2022 10:00:00 PM,0,0,0
02/04/2022 11:00:00 PM,4,3,1
02/05/2022 12:00:00 AM,5,3,2
02/05/2022 01:00:00 AM,1,1,0
02/05/2022 02:00:00 AM,3,2,1
02/05/2022 03:00:00 AM,3,1,2
02/05/2022 04:00:00 AM,1,1,0
02/05/2022 05:00:00 AM,1,0,1
02/05/2022 06:00:00 AM,2,2,0
02/05/2022 07:00:00 AM,7,2,5
02/05/2022 08:00:00 AM,4,4,0
02/05/2022 09:00:00 AM,8,6,2
02/05/2022 10:00:00 AM,10,7,3
02/05/2022 11:00:00 AM,18,10,8
02/05/2022 12:00:00 PM,16,10,6
02/05/2022 01:00:00 PM,24,13,11
02/05/2022 02:00:00 PM,15,7,8
02/05/2022 03:00:00 PM,16,11,5
02/05/2022 04:00:00 PM,19,6,13
02/05/2022 05:00:00 PM,19,6,13
02/05/2022 06:00:00 PM,7,4,3
02/05/2022 07:00:00 PM,22,18,4
02/05/2022 08:00:00 PM,9,3,6
02/05/2022 09:00:00 PM,4,2,2
02/05/2022 10:00:00 PM,7,4,3
02/05/2022 11:00:00 PM,4,3,1
02/06/2022 12:00:00 AM,3,2,1
02/06/2022 01:00:00 AM,1,1,0
02/06/2022 02:00:00 AM,2,2,0
02/06/2022 03:00:00 AM,0,0,0
02/06/2022 04:00:00 AM,1,1,0
02/06/2022 05:00:00 AM,0,0,0
02/06/2022 06:00:00 AM,4,3,1
02/06/2022 07:00:00 AM,7,3,4
02/06/2022 08:00:00 AM,4,3,1
02/06/2022 09:00:00 AM,13,9,4
02/06/2022 10:00:00 AM,21,15,6
02/06/2022 11:00:00 AM,12,6,6
02/06/2022 12:00:00 PM,17,6,11
02/06/2022 01:00:00 PM,23,14,9
02/06/2022 02:00:00 PM,27,18,9
02/06/2022 03:00:00 PM,27,13,14
02/06/2022 04:00:00 PM,34,17,17
02/06/2022 05:00:00 PM,21,10,11
02/06/2022 06:00:00 PM,14,10,4
02/06/2022 07:00:00 PM,2,0,2
02/06/2022 08:00:00 PM,6,2,4
02/06/2022 09:00:00 PM,4,3,1
02/06/2022 10:00:00 PM,1,0,1
02/06/2022 11:00:00 PM,3,2,1
02/07/2022 12:00:00 AM,1,1,0
02/07/2022 01:00:00 AM,2,1,1
02/07/2022 02:00:00 AM,2,2,0
02/07/2022 03:00:00 AM,0,0,0
02/07/2022 04:00:00 AM,1,1,0
02/07/2022 05:00:00 AM,7,2,5
02/07/2022 06:00:00 AM,18,8,10
02/07/2022 07:00:00 AM,31,10,21
02/07/2022 08:00:00 AM,24,11,13
02/07/2022 09:00:00 AM,15,8,7
02/07/2022 10:00:00 AM,16,12,4
02/07/2022 11:00:00 AM,6,3,3
02/07/2022 12:00:00 PM,20,13,7
02/07/2022 01:00:00 PM,3,2,1
02/07/2022 02:00:00 PM,9,6,3
02/07/2022 03:00:00 PM,32,18,14
02/07/2022 04:00:00 PM,45,32,13
02/07/2022 05:00:00 PM,55,34,21
02/07/2022 06:00:00 PM,19,4,15
02/07/2022 07:00:00 PM,11,7,4
02/07/2022 08:00:00 PM,4,3,1
02/07/2022 09:00:00 PM,1,0,1
02/07/2022 10:00:00 PM,7,2,5
02/07/2022 11:00:00 PM,5,3,2
02/08/2022 12:00:00 AM,1,1,0
02/08/2022 01:00:00 AM,1,1,0
02/08/2022 02:00:00 AM,2,2,0
02/08/2022 03:00:00 AM,0,0,0
02/08/2022 04:00:00 AM,3,1,2
02/08/2022 05:00:00 AM,8,6,2
02/08/2022 06:00:00 AM,20,10,10
02/08/2022 07:00:00 AM,35,8,27
02/08/2022 08:00:00 AM,25,12,13
02/08/2022 09:00:00 AM,17,11,6
02/08/2022 10:00:00 AM,16,6,10
02/08/2022 11:00:00 AM,19,10,9
02/08/2022 12:00:00 PM,17,11,6
02/08/2022 01:00:00 PM,19,11,8
02/08/2022 02:00:00 PM,21,15,6
02/08/2022 03:00:00 PM,30,23,7
02/08/2022 04:00:00 PM,50,32,18
02/08/2022 05:00:00 PM,51,34,17
02/08/2022 06:00:00 PM,34,17,17
02/08/2022 07:00:00 PM,7,3,4
02/08/2022 08:00:00 PM,2,1,1
02/08/2022 09:00:00 PM,8,5,3
02/08/2022 10:00:00 PM,5,2,3
02/08/2022 11:00:00 PM,1,1,0
02/09/2022 12:00:00 AM,1,1,0
02/09/2022 01:00:00 AM,2,0,2
02/09/2022 02:00:00 AM,1,0,1
02/09/2022 03:00:00 AM,1,0,1
02/09/2022 04:00:00 AM,3,3,0
02/09/2022 05:00:00 AM,10,3,7
02/09/2022 06:00:00 AM,20,9,11
02/09/2022 07:00:00 AM,26,9,17
02/09/2022 08:00:00 AM,39,13,26
02/09/2022 09:00:00 AM,21,12,9
02/09/2022 10:00:00 AM,23,15,8
02/09/2022 11:00:00 AM,18,7,11
02/09/2022 12:00:00 PM,21,7,14
02/09/2022 01:00:00 PM,22,16,6
02/09/2022 02:00:00 PM,17,12,5
02/09/2022 03:00:00 PM,48,35,13
02/09/2022 04:00:00 PM,60,38,22
02/09/2022 05:00:00 PM,60,31,29
02/09/2022 06:00:00 PM,22,8,14
02/09/2022 07:00:00 PM,15,8,7
02/09/2022 08:00:00 PM,7,2,5
02/09/2022 09:00:00 PM,15,8,7
02/09/2022 10:00:00 PM,15,11,4
02/09/2022 11:00:00 PM,9,7,2
02/10/2022 12:00:00 AM,3,2,1
02/10/2022 01:00:00 AM,0,0,0
02/10/2022 02:00:00 AM,0,0,0
02/10/2022 03:00:00 AM,2,2,0
02/10/2022 04:00:00 AM,4,4,0
02/10/2022 05:00:00 AM,9,3,6
02/10/2022 06:00:00 AM,14,6,8
02/10/2022 07:00:00 AM,43,14,29
02/10/2022 08:00:00 AM,32,15,17
02/10/2022 09:00:00 AM,14,9,5
02/10/2022 10:00:00 AM,11,5,6
02/10/2022 11:00:00 AM,19,12,7
02/10/2022 12:00:00 PM,27,14,13
02/10/2022 01:00:00 PM,20,12,8
02/10/2022 02:00:00 PM,18,12,6
02/10/2022 03:00:00 PM,37,27,10
02/10/2022 04:00:00 PM,50,32,18
02/10/2022 05:00:00 PM,49,29,20
02/10/2022 06:00:00 PM,28,17,11
02/10/2022 07:00:00 PM,16,5,11
02/10/2022 08:00:00 PM,9,7,2
02/10/2022 09:00:00 PM,9,7,2
02/10/2022 10:00:00 PM,5,3,2
02/10/2022 11:00:00 PM,6,2,4
02/11/2022 12:00:00 AM,1,0,1
02/11/2022 01:00:00 AM,2,1,1
02/11/2022 02:00:00 AM,3,1,2
02/11/2022 03:00:00 AM,0,0,0
02/11/2022 04:00:00 AM,4,4,0
02/11/2022 05:00:00 AM,7,1,6
02/11/2022 06:00:00 AM,15,6,9
02/11/2022 07:00:00 AM,29,11,18
02/11/2022 08:00:00 AM,31,19,12
02/11/2022 09:00:00 AM,23,12,11
02/11/2022 10:00:00 AM,10,6,4
02/11/2022 11:00:00 AM,12,6,6
02/11/2022 12:00:00 PM,20,8,12
02/11/2022 01:00:00 PM,28,14,14
02/11/2022 02:00:00 PM,31,19,12
02/11/2022 03:00:00 PM,39,19,20
02/11/2022 04:00:00 PM,46,31,15
02/11/2022 05:00:00 PM,47,26,21
02/11/2022 06:00:00 PM,21,16,5
02/11/2022 07:00:00 PM,12,3,9
02/11/2022 08:00:00 PM,10,5,5
02/11/2022 09:00:00 PM,7,3,4
02/11/2022 10:00:00 PM,3,2,1
02/11/2022 11:00:00 PM,2,2,0
02/12/2022 12:00:00 AM,3,2,1
02/12/2022 01:00:00 AM,4,3,1
02/12/2022 02:00:00 AM,1,1,0
02/12/2022 03:00:00 AM,1,0,1
02/12/2022 04:00:00 AM,1,0,1
02/12/2022 05:00:00 AM,1,0,1
02/12/2022 06:00:00 AM,0,0,0
02/12/2022 07:00:00 AM,3,2,1
02/12/2022 08:00:00 AM,8,7,1
02/12/2022 09:00:00 AM,18,12,6
02/12/2022 10:00:00 AM,19,10,9
02/12/2022 11:00:00 AM,35,20,15
02/12/2022 12:00:00 PM,34,14,20
02/12/2022 01:00:00 PM,27,19,8
02/12/2022 02:00:00 PM,37,25,12
02/12/2022 03:00:00 PM,64,27,37
02/12/2022 04:00:00 PM,49,18,31
02/12/2022 05:00:00 PM,31,18,13
02/12/2022 06:00:00 PM,22,10,12
02/12/2022 07:00:00 PM,12,3,9
02/12/2022 08:00:00 PM,6,3,3
02/12/2022 09:00:00 PM,4,3,1
02/12/2022 10:00:00 PM,2,1,1
02/12/2022 11:00:00 PM,7,4,3
02/13/2022 12:00:00 AM,4,3,1
02/13/2022 01:00:00 AM,0,0,0
02/13/2022 02:00:00 AM,2,1,1
02/13/2022 03:00:00 AM,0,0,0
02/13/2022 04:00:00 AM,0,0,0
02/13/2022 05:00:00 AM,1,1,0
02/13/2022 06:00:00 AM,1,1,0
02/13/2022 07:00:00 AM,4,3,1
02/13/2022 08:00:00 AM,6,5,1
02/13/2022 09:00:00 AM,16,10,6
02/13/2022 10:00:00 AM,15,10,5
02/13/2022 11:00:00 AM,25,13,12
02/13/2022 12:00:00 PM,27,17,10
02/13/2022 01:00:00 PM,32,20,12
02/13/2022 02:00:00 PM,33,15,18
02/13/2022 03:00:00 PM,21,6,15
02/13/2022 04:00:00 PM,31,19,12
02/13/2022 05:00:00 PM,24,12,12
02/13/2022 06:00:00 PM,13,7,6
02/13/2022 07:00:00 PM,14,7,7
02/13/2022 08:00:00 PM,5,1,4
02/13/2022 09:00:00 PM,9,6,3
02/13/2022 10:00:00 PM,5,3,2
02/13/2022 11:00:00 PM,4,2,2
02/14/2022 12:00:00 AM,4,1,3
02/14/2022 01:00:00 AM,1,0,1
02/14/2022 02:00:00 AM,2,2,0
02/14/2022 03:00:00 AM,1,1,0
02/14/2022 04:00:00 AM,0,0,0
02/14/2022 05:00:00 AM,7,1,6
02/14/2022 06:00:00 AM,19,7,12
02/14/2022 07:00:00 AM,24,5,19
02/14/2022 08:00:00 AM,24,8,16
02/14/2022 09:00:00 AM,16,11,5
02/14/2022 10:00:00 AM,5,3,2
02/14/2022 11:00:00 AM,9,5,4
02/14/2022 12:00:00 PM,13,8,5
02/14/2022 01:00:00 PM,11,3,8
02/14/2022 02:00:00 PM,14,8,6
02/14/2022 03:00:00 PM,21,12,9
02/14/2022 04:00:00 PM,40,27,13
02/14/2022 05:00:00 PM,35,27,8
02/14/2022 06:00:00 PM,19,11,8
02/14/2022 07:00:00 PM,11,4,7
02/14/2022 08:00:00 PM,12,3,9
02/14/2022 09:00:00 PM,3,2,1
02/14/2022 10:00:00 PM,3,1,2
02/14/2022 11:00:00 PM,7,4,3
02/15/2022 12:00:00 AM,6,2,4
02/15/2022 01:00:00 AM,1,1,0
02/15/2022 02:00:00 AM,0,0,0
02/15/2022 03:00:00 AM,0,0,0
02/15/2022 04:00:00 AM,1,0,1
02/15/2022 05:00:00 AM,11,2,9
02/15/2022 06:00:00 AM,17,7,10
02/15/2022 07:00:00 AM,34,10,24
02/15/2022 08:00:00 AM,34,14,20
02/15/2022 09:00:00 AM,27,14,13
02/15/2022 10:00:00 AM,13,6,7
02/15/2022 11:00:00 AM,15,8,7
02/15/2022 12:00:00 PM,11,4,7
02/15/2022 01:00:00 PM,16,11,5
02/15/2022 02:00:00 PM,36,23,13
02/15/2022 03:00:00 PM,26,17,9
02/15/2022 04:00:00 PM,58,41,17
02/15/2022 05:00:00 PM,51,35,16
02/15/2022 06:00:00 PM,26,13,13
02/15/2022 07:00:00 PM,12,6,6
02/15/2022 08:00:00 PM,1,1,0
02/15/2022 09:00:00 PM,6,2,4
02/15/2022 10:00:00 PM,2,1,1
02/15/2022 11:00:00 PM,2,1,1
02/16/2022 12:00:00 AM,0,0,0
02/16/2022 01:00:00 AM,2,2,0
02/16/2022 02:00:00 AM,1,1,0
02/16/2022 03:00:00 AM,1,1,0
02/16/2022 04:00:00 AM,0,0,0
02/16/2022 05:00:00 AM,9,1,8
02/16/2022 06:00:00 AM,20,7,13
02/16/2022 07:00:00 AM,37,18,19
02/16/2022 08:00:00 AM,41,16,25
02/16/2022 09:00:00 AM,28,13,15
02/16/2022 10:00:00 AM,13,7,6
02/16/2022 11:00:00 AM,15,10,5
02/16/2022 12:00:00 PM,17,8,9
02/16/2022 01:00:00 PM,17,11,6
02/16/2022 02:00:00 PM,23,14,9
02/16/2022 03:00:00 PM,33,18,15
02/16/2022 04:00:00 PM,57,37,20
02/16/2022 05:00:00 PM,67,44,23
02/16/2022 06:00:00 PM,38,17,21
02/16/2022 07:00:00 PM,10,6,4
02/16/2022 08:00:00 PM,13,7,6
02/16/2022 09:00:00 PM,2,1,1
02/16/2022 10:00:00 PM,4,2,2
02/16/2022 11:00:00 PM,2,1,1
02/17/2022 12:00:00 AM,1,0,1
02/17/2022 01:00:00 AM,1,1,0
02/17/2022 02:00:00 AM,1,0,1
02/17/2022 03:00:00 AM,0,0,0
02/17/2022 04:00:00 AM,2,1,1
02/17/2022 05:00:00 AM,6,1,5
02/17/2022 06:00:00 AM,23,10,13
02/17/2022 07:00:00 AM,37,15,22
02/17/2022 08:00:00 AM,38,17,21
02/17/2022 09:00:00 AM,29,14,15
02/17/2022 10:00:00 AM,14,5,9
02/17/2022 11:00:00 AM,14,10,4
02/17/2022 12:00:00 PM,22,10,12
02/17/2022 01:00:00 PM,23,15,8
02/17/2022 02:00:00 PM,19,11,8
02/17/2022 03:00:00 PM,26,20,6
02/17/2022 04:00:00 PM,44,35,9
02/17/2022 05:00:00 PM,50,34,16
02/17/2022 06:00:00 PM,23,10,13
02/17/2022 07:00:00 PM,15,11,4
02/17/2022 08:00:00 PM,6,2,4
02/17/2022 09:00:00 PM,8,6,2
02/17/2022 10:00:00 PM,8,6,2
02/17/2022 11:00:00 PM,5,4,1
02/18/2022 12:00:00 AM,5,3,2
02/18/2022 01:00:00 AM,1,1,0
02/18/2022 02:00:00 AM,3,2,1
02/18/2022 03:00:00 AM,0,0,0
02/18/2022 04:00:00 AM,3,2,1
02/18/2022 05:00:00 AM,7,3,4
02/18/2022 06:00:00 AM,20,8,12
02/18/2022 07:00:00 AM,30,12,18
02/18/2022 08:00:00 AM,24,10,14
02/18/2022 09:00:00 AM,15,7,8
02/18/2022 10:00:00 AM,18,9,9
02/18/2022 11:00:00 AM,19,11,8
02/18/2022 12:00:00 PM,27,16,11
02/18/2022 01:00:00 PM,30,15,15
02/18/2022 02:00:00 PM,43,25,18
02/18/2022 03:00:00 PM,27,15,12
02/18/2022 04:00:00 PM,49,30,19
02/18/2022 05:00:00 PM,46,23,23
02/18/2022 06:00:00 PM,20,11,9
02/18/2022 07:00:00 PM,17,9,8
02/18/2022 08:00:00 PM,6,4,2
02/18/2022 09:00:00 PM,10,6,4
02/18/2022 10:00:00 PM,5,4,1
02/18/2022 11:00:00 PM,6,2,4
02/19/2022 12:00:00 AM,5,3,2
02/19/2022 01:00:00 AM,5,1,4
02/19/2022 02:00:00 AM,6,3,3
02/19/2022 03:00:00 AM,2,0,2
02/19/2022 04:00:00 AM,0,0,0
02/19/2022 05:00:00 AM,2,0,2
02/19/2022 06:00:00 AM,1,1,0
02/19/2022 07:00:00 AM,4,3,1
02/19/2022 08:00:00 AM,8,3,5
02/19/2022 09:00:00 AM,9,7,2
02/19/2022 10:00:00 AM,13,8,5
02/19/2022 11:00:00 AM,7,4,3
02/19/2022 12:00:00 PM,18,6,12
02/19/2022 01:00:00 PM,18,11,7
02/19/2022 02:00:00 PM,20,14,6
02/19/2022 03:00:00 PM,23,14,9
02/19/2022 04:00:00 PM,22,16,6
02/19/2022 05:00:00 PM,17,14,3
02/19/2022 06:00:00 PM,9,6,3
02/19/2022 07:00:00 PM,14,9,5
02/19/2022 08:00:00 PM,6,3,3
02/19/2022 09:00:00 PM,11,5,6
02/19/2022 10:00:00 PM,3,3,0
02/19/2022 11:00:00 PM,3,3,0
02/20/2022 12:00:00 AM,2,1,1
02/20/2022 01:00:00 AM,3,3,0
02/20/2022 02:00:00 AM,1,0,1
02/20/2022 03:00:00 AM,0,0,0
02/20/2022 04:00:00 AM,2,2,0
02/20/2022 05:00:00 AM,1,0,1
02/20/2022 06:00:00 AM,3,3,0
02/20/2022 07:00:00 AM,5,2,3
02/20/2022 08:00:00 AM,3,3,0
02/20/2022 09:00:00 AM,3,1,2
02/20/2022 10:00:00 AM,5,1,4
02/20/2022 11:00:00 AM,14,3,11
02/20/2022 12:00:00 PM,21,14,7
02/20/2022 01:00:00 PM,21,12,9
02/20/2022 02:00:00 PM,21,12,9
02/20/2022 03:00:00 PM,26,12,14
02/20/2022 04:00:00 PM,14,8,6
02/20/2022 05:00:00 PM,16,8,8
02/20/2022 06:00:00 PM,15,7,8
02/20/2022 07:00:00 PM,7,5,2
02/20/2022 08:00:00 PM,3,1,2
02/20/2022 09:00:00 PM,1,1,0
02/20/2022 10:00:00 PM,2,2,0
02/20/2022 11:00:00 PM,2,0,2
02/21/2022 12:00:00 AM,2,2,0
02/21/2022 01:00:00 AM,0,0,0
02/21/2022 02:00:00 AM,0,0,0
02/21/2022 03:00:00 AM,0,0,0
02/21/2022 04:00:00 AM,2,1,1
02/21/2022 05:00:00 AM,5,1,4
02/21/2022 06:00:00 AM,5,4,1
02/21/2022 07:00:00 AM,13,2,11
02/21/2022 08:00:00 AM,9,3,6
02/21/2022 09:00:00 AM,11,4,7
02/21/2022 10:00:00 AM,5,3,2
02/21/2022 11:00:00 AM,18,8,10
02/21/2022 12:00:00 PM,15,9,6
02/21/2022 01:00:00 PM,13,8,5
02/21/2022 02:00:00 PM,22,15,7
02/21/2022 03:00:00 PM,26,18,8
02/21/2022 04:00:00 PM,25,10,15
02/21/2022 05:00:00 PM,21,11,10
02/21/2022 06:00:00 PM,11,8,3
02/21/2022 07:00:00 PM,6,3,3
02/21/2022 08:00:00 PM,7,2,5
02/21/2022 09:00:00 PM,4,2,2
02/21/2022 10:00:00 PM,3,2,1
02/21/2022 11:00:00 PM,0,0,0
02/22/2022 12:00:00 AM,1,1,0
02/22/2022 01:00:00 AM,0,0,0
02/22/2022 02:00:00 AM,0,0,0
02/22/2022 03:00:00 AM,1,0,1
02/22/2022 04:00:00 AM,2,1,1
02/22/2022 05:00:00 AM,4,1,3
02/22/2022 06:00:00 AM,15,6,9
02/22/2022 07:00:00 AM,14,3,11
02/22/2022 08:00:00 AM,23,8,15
02/22/2022 09:00:00 AM,16,7,9
02/22/2022 10:00:00 AM,14,8,6
02/22/2022 11:00:00 AM,6,2,4
02/22/2022 12:00:00 PM,8,3,5
02/22/2022 01:00:00 PM,7,6,1
02/22/2022 02:00:00 PM,19,14,5
02/22/2022 03:00:00 PM,12,10,2
02/22/2022 04:00:00 PM,30,20,10
02/22/2022 05:00:00 PM,34,25,9
02/22/2022 06:00:00 PM,13,10,3
02/22/2022 07:00:00 PM,4,2,2
02/22/2022 08:00:00 PM,8,4,4
02/22/2022 09:00:00 PM,8,5,3
02/22/2022 10:00:00 PM,1,1,0
02/22/2022 11:00:00 PM,2,2,0
02/23/2022 12:00:00 AM,1,1,0
02/23/2022 01:00:00 AM,0,0,0
02/23/2022 02:00:00 AM,1,1,0
02/23/2022 03:00:00 AM,1,0,1
02/23/2022 04:00:00 AM,1,1,0
02/23/2022 05:00:00 AM,8,3,5
02/23/2022 06:00:00 AM,12,3,9
02/23/2022 07:00:00 AM,17,5,12
02/23/2022 08:00:00 AM,20,8,12
02/23/2022 09:00:00 AM,14,9,5
02/23/2022 10:00:00 AM,8,4,4
02/23/2022 11:00:00 AM,19,11,8
02/23/2022 12:00:00 PM,25,12,13
02/23/2022 01:00:00 PM,17,13,4
02/23/2022 02:00:00 PM,17,8,9
02/23/2022 03:00:00 PM,24,16,8
02/23/2022 04:00:00 PM,36,25,11
02/23/2022 05:00:00 PM,32,20,12
02/23/2022 06:00:00 PM,16,7,9
02/23/2022 07:00:00 PM,8,3,5
02/23/2022 08:00:00 PM,9,4,5
02/23/2022 09:00:00 PM,4,4,0
02/23/2022 10:00:00 PM,6,1,5
02/23/2022 11:00:00 PM,5,3,2
02/24/2022 12:00:00 AM,0,0,0
02/24/2022 01:00:00 AM,2,1,1
02/24/2022 02:00:00 AM,1,0,1
02/24/2022 03:00:00 AM,3,3,0
02/24/2022 04:00:00 AM,3,2,1
02/24/2022 05:00:00 AM,4,1,3
02/24/2022 06:00:00 AM,12,4,8
02/24/2022 07:00:00 AM,16,4,12
02/24/2022 08:00:00 AM,13,3,10
02/24/2022 09:00:00 AM,10,6,4
02/24/2022 10:00:00 AM,11,8,3
02/24/2022 11:00:00 AM,12,7,5
02/24/2022 12:00:00 PM,15,8,7
02/24/2022 01:00:00 PM,20,12,8
02/24/2022 02:00:00 PM,20,12,8
02/24/2022 03:00:00 PM,26,20,6
02/24/2022 04:00:00 PM,33,22,11
02/24/2022 05:00:00 PM,37,20,17
02/24/2022 06:00:00 PM,29,17,12
02/24/2022 07:00:00 PM,17,13,4
02/24/2022 08:00:00 PM,17,9,8
02/24/2022 09:00:00 PM,23,5,18
02/24/2022 10:00:00 PM,12,9,3
02/24/2022 11:00:00 PM,3,1,2
02/25/2022 12:00:00 AM,6,4,2
02/25/2022 01:00:00 AM,0,0,0
02/25/2022 02:00:00 AM,1,1,0
02/25/2022 03:00:00 AM,2,2,0
02/25/2022 04:00:00 AM,2,1,1
02/25/2022 05:00:00 AM,7,2,5
02/25/2022 06:00:00 AM,11,4,7
02/25/2022 07:00:00 AM,21,9,12
02/25/2022 08:00:00 AM,14,7,7
02/25/2022 09:00:00 AM,14,6,8
02/25/2022 10:00:00 AM,9,7,2
02/25/2022 11:00:00 AM,16,10,6
02/25/2022 12:00:00 PM,13,5,8
02/25/2022 01:00:00 PM,22,12,10
02/25/2022 02:00:00 PM,29,18,11
02/25/2022 03:00:00 PM,32,22,10
02/25/2022 04:00:00 PM,48,29,19
02/25/2022 05:00:00 PM,35,20,15
02/25/2022 06:00:00 PM,18,7,11
02/25/2022 07:00:00 PM,9,4,5
02/25/2022 08:00:00 PM,8,7,1
02/25/2022 09:00:00 PM,4,2,2
02/25/2022 10:00:00 PM,7,2,5
02/25/2022 11:00:00 PM,5,3,2
02/26/2022 12:00:00 AM,3,2,1
02/26/2022 01:00:00 AM,5,1,4
02/26/2022 02:00:00 AM,2,1,1
02/26/2022 03:00:00 AM,2,2,0
02/26/2022 04:00:00 AM,0,0,0
02/26/2022 05:00:00 AM,1,0,1
02/26/2022 06:00:00 AM,3,3,0
02/26/2022 07:00:00 AM,6,2,4
02/26/2022 08:00:00 AM,8,8,0
02/26/2022 09:00:00 AM,9,4,5
02/26/2022 10:00:00 AM,12,3,9
02/26/2022 11:00:00 AM,18,6,12
02/26/2022 12:00:00 PM,23,15,8
02/26/2022 01:00:00 PM,26,17,9
02/26/2022 02:00:00 PM,18,11,7
02/26/2022 03:00:00 PM,17,9,8
02/26/2022 04:00:00 PM,7,5,2
02/26/2022 05:00:00 PM,17,4,13
02/26/2022 06:00:00 PM,7,5,2
02/26/2022 07:00:00 PM,1,1,0
02/26/2022 08:00:00 PM,3,1,2
02/26/2022 09:00:00 PM,4,4,0
02/26/2022 10:00:00 PM,1,1,0
02/26/2022 11:00:00 PM,4,4,0
02/27/2022 12:00:00 AM,1,0,1
02/27/2022 01:00:00 AM,1,1,0
02/27/2022 02:00:00 AM,0,0,0
02/27/2022 03:00:00 AM,0,0,0
02/27/2022 04:00:00 AM,1,0,1
02/27/2022 05:00:00 AM,4,2,2
02/27/2022 06:00:00 AM,2,2,0
02/27/2022 07:00:00 AM,46,44,2
02/27/2022 08:00:00 AM,47,41,6
02/27/2022 09:00:00 AM,5,2,3
02/27/2022 10:00:00 AM,5,4,1
02/27/2022 11:00:00 AM,13,4,9
02/27/2022 12:00:00 PM,19,6,13
02/27/2022 01:00:00 PM,26,4,22
02/27/2022 02:00:00 PM,56,6,50
02/27/2022 03:00:00 PM,21,8,13
02/27/2022 04:00:00 PM,25,21,4
02/27/2022 05:00:00 PM,7,5,2
02/27/2022 06:00:00 PM,8,5,3
02/27/2022 07:00:00 PM,20,2,18
02/27/2022 08:00:00 PM,2,1,1
02/27/2022 09:00:00 PM,1,1,0
02/27/2022 10:00:00 PM,1,1,0
02/27/2022 11:00:00 PM,2,0,2
02/28/2022 12:00:00 AM,2,1,1
02/28/2022 01:00:00 AM,0,0,0
02/28/2022 02:00:00 AM,0,0,0
02/28/2022 03:00:00 AM,2,1,1
02/28/2022 04:00:00 AM,1,1,0
02/28/2022 05:00:00 AM,4,1,3
02/28/2022 06:00:00 AM,13,5,8
02/28/2022 07:00:00 AM,16,5,11
02/28/2022 08:00:00 AM,11,3,8
02/28/2022 09:00:00 AM,15,8,7
02/28/2022 10:00:00 AM,7,4,3
02/28/2022 11:00:00 AM,10,9,1
02/28/2022 12:00:00 PM,21,7,14
02/28/2022 01:00:00 PM,16,4,12
02/28/2022 02:00:00 PM,8,7,1
02/28/2022 03:00:00 PM,12,7,5
02/28/2022 04:00:00 PM,16,14,2
02/28/2022 05:00:00 PM,30,15,15
02/28/2022 06:00:00 PM,12,8,4
02/28/2022 07:00:00 PM,7,3,4
02/28/2022 08:00:00 PM,6,4,2
02/28/2022 09:00:00 PM,4,3,1
02/28/2022 10:00:00 PM,0,0,0
02/28/2022 11:00:00 PM,3,1,2
03/01/2022 12:00:00 AM,9,2,7
03/01/2022 01:00:00 AM,0,0,0
03/01/2022 02:00:00 AM,0,0,0
03/01/2022 03:00:00 AM,2,1,1
03/01/2022 04:00:00 AM,1,0,1
03/01/2022 05:00:00 AM,6,2,4
03/01/2022 06:00:00 AM,11,3,8
03/01/2022 07:00:00 AM,22,9,13
03/01/2022 08:00:00 AM,30,9,21
03/01/2022 09:00:00 AM,25,13,12
03/01/2022 10:00:00 AM,12,3,9
03/01/2022 11:00:00 AM,7,4,3
03/01/2022 12:00:00 PM,12,7,5
03/01/2022 01:00:00 PM,12,7,5
03/01/2022 02:00:00 PM,36,20,16
03/01/2022 03:00:00 PM,33,19,14
03/01/2022 04:00:00 PM,34,25,9
03/01/2022 05:00:00 PM,56,40,16
03/01/2022 06:00:00 PM,15,9,6
03/01/2022 07:00:00 PM,14,6,8
03/01/2022 08:00:00 PM,8,2,6
03/01/2022 09:00:00 PM,9,5,4
03/01/2022 10:00:00 PM,7,7,0
03/01/2022 11:00:00 PM,9,7,2
03/02/2022 12:00:00 AM,2,2,0
03/02/2022 01:00:00 AM,1,1,0
03/02/2022 02:00:00 AM,1,0,1
03/02/2022 03:00:00 AM,0,0,0
03/02/2022 04:00:00 AM,0,0,0
03/02/2022 05:00:00 AM,7,1,6
03/02/2022 06:00:00 AM,15,5,10
03/02/2022 07:00:00 AM,30,9,21
03/02/2022 08:00:00 AM,32,7,25
03/02/2022 09:00:00 AM,20,14,6
03/02/2022 10:00:00 AM,17,10,7
03/02/2022 11:00:00 AM,15,6,9
03/02/2022 12:00:00 PM,19,8,11
03/02/2022 01:00:00 PM,21,15,6
03/02/2022 02:00:00 PM,21,11,10
03/02/2022 03:00:00 PM,15,14,1
03/02/2022 04:00:00 PM,28,20,8
03/02/2022 05:00:00 PM,48,39,9
03/02/2022 06:00:00 PM,20,11,9
03/02/2022 07:00:00 PM,9,3,6
03/02/2022 08:00:00 PM,16,9,7
03/02/2022 09:00:00 PM,11,6,5
03/02/2022 10:00:00 PM,8,6,2
03/02/2022 11:00:00 PM,1,1,0
03/03/2022 12:00:00 AM,7,5,2
03/03/2022 01:00:00 AM,1,0,1
03/03/2022 02:00:00 AM,0,0,0
03/03/2022 03:00:00 AM,0,0,0
03/03/2022 04:00:00 AM,3,2,1
03/03/2022 05:00:00 AM,7,1,6
03/03/2022 06:00:00 AM,14,4,10
03/03/2022 07:00:00 AM,24,11,13
03/03/2022 08:00:00 AM,28,9,19
03/03/2022 09:00:00 AM,18,13,5
03/03/2022 10:00:00 AM,5,3,2
03/03/2022 11:00:00 AM,16,10,6
03/03/2022 12:00:00 PM,10,3,7
03/03/2022 01:00:00 PM,15,10,5
03/03/2022 02:00:00 PM,30,17,13
03/03/2022 03:00:00 PM,41,20,21
03/03/2022 04:00:00 PM,48,31,17
03/03/2022 05:00:00 PM,38,22,16
03/03/2022 06:00:00 PM,38,26,12
03/03/2022 07:00:00 PM,15,10,5
03/03/2022 08:00:00 PM,16,9,7
03/03/2022 09:00:00 PM,12,9,3
03/03/2022 10:00:00 PM,3,3,0
03/03/2022 11:00:00 PM,5,4,1
03/04/2022 12:00:00 AM,2,1,1
03/04/2022 01:00:00 AM,2,0,2
03/04/2022 02:00:00 AM,0,0,0
03/04/2022 03:00:00 AM,0,0,0
03/04/2022 04:00:00 AM,1,1,0
03/04/2022 05:00:00 AM,5,1,4
03/04/2022 06:00:00 AM,15,7,8
03/04/2022 07:00:00 AM,32,11,21
03/04/2022 08:00:00 AM,29,13,16
03/04/2022 09:00:00 AM,21,11,10
03/04/2022 10:00:00 AM,7,6,1
03/04/2022 11:00:00 AM,10,6,4
03/04/2022 12:00:00 PM,23,11,12
03/04/2022 01:00:00 PM,20,13,7
03/04/2022 02:00:00 PM,28,16,12
03/04/2022 03:00:00 PM,26,14,12
03/04/2022 04:00:00 PM,35,24,11
03/04/2022 05:00:00 PM,43,25,18
03/04/2022 06:00:00 PM,26,17,9
03/04/2022 07:00:00 PM,14,5,9
03/04/2022 08:00:00 PM,15,8,7
03/04/2022 09:00:00 PM,9,4,5
03/04/2022 10:00:00 PM,5,2,3
03/04/2022 11:00:00 PM,7,3,4
03/05/2022 12:00:00 AM,0,0,0
03/05/2022 01:00:00 AM,1,1,0
03/05/2022 02:00:00 AM,1,1,0
03/05/2022 03:00:00 AM,3,0,3
03/05/2022 04:00:00 AM,2,2,0
03/05/2022 05:00:00 AM,4,0,4
03/05/2022 06:00:00 AM,2,2,0
03/05/2022 07:00:00 AM,4,2,2
03/05/2022 08:00:00 AM,10,10,0
03/05/2022 09:00:00 AM,14,8,6
03/05/2022 10:00:00 AM,9,6,3
03/05/2022 11:00:00 AM,18,11,7
03/05/2022 12:00:00 PM,26,15,11
03/05/2022 01:00:00 PM,31,19,12
03/05/2022 02:00:00 PM,24,14,10
03/05/2022 03:00:00 PM,30,16,14
03/05/2022 04:00:00 PM,36,20,16
03/05/2022 05:00:00 PM,33,16,17
03/05/2022 06:00:00 PM,22,9,13
03/05/2022 07:00:00 PM,34,12,22
03/05/2022 08:00:00 PM,13,7,6
03/05/2022 09:00:00 PM,11,6,5
03/05/2022 10:00:00 PM,5,4,1
03/05/2022 11:00:00 PM,8,7,1
03/06/2022 12:00:00 AM,5,3,2
03/06/2022 01:00:00 AM,1,1,0
03/06/2022 02:00:00 AM,2,1,1
03/06/2022 03:00:00 AM,0,0,0
03/06/2022 04:00:00 AM,2,1,1
03/06/2022 05:00:00 AM,1,0,1
03/06/2022 06:00:00 AM,4,3,1
03/06/2022 07:00:00 AM,6,3,3
03/06/2022 08:00:00 AM,5,4,1
03/06/2022 09:00:00 AM,7,3,4
03/06/2022 10:00:00 AM,12,3,9
03/06/2022 11:00:00 AM,17,15,2
03/06/2022 12:00:00 PM,9,5,4
03/06/2022 01:00:00 PM,25,16,9
03/06/2022 02:00:00 PM,33,15,18
03/06/2022 03:00:00 PM,19,10,9
03/06/2022 04:00:00 PM,31,18,13
03/06/2022 05:00:00 PM,20,7,13
03/06/2022 06:00:00 PM,15,6,9
03/06/2022 07:00:00 PM,3,1,2
03/06/2022 08:00:00 PM,5,4,1
03/06/2022 09:00:00 PM,4,3,1
03/06/2022 10:00:00 PM,4,3,1
03/06/2022 11:00:00 PM,4,2,2
03/07/2022 12:00:00 AM,3,1,2
03/07/2022 01:00:00 AM,0,0,0
03/07/2022 02:00:00 AM,0,0,0
03/07/2022 03:00:00 AM,1,0,1
03/07/2022 04:00:00 AM,1,1,0
03/07/2022 05:00:00 AM,11,2,9
03/07/2022 06:00:00 AM,15,7,8
03/07/2022 07:00:00 AM,32,11,21
03/07/2022 08:00:00 AM,30,12,18
03/07/2022 09:00:00 AM,19,14,5
03/07/2022 10:00:00 AM,16,9,7
03/07/2022 11:00:00 AM,9,6,3
03/07/2022 12:00:00 PM,15,3,12
03/07/2022 01:00:00 PM,18,10,8
03/07/2022 02:00:00 PM,24,13,11
03/07/2022 03:00:00 PM,27,21,6
03/07/2022 04:00:00 PM,50,33,17
03/07/2022 05:00:00 PM,53,33,20
03/07/2022 06:00:00 PM,18,13,5
03/07/2022 07:00:00 PM,14,5,9
03/07/2022 08:00:00 PM,4,0,4
03/07/2022 09:00:00 PM,4,2,2
03/07/2022 10:00:00 PM,1,1,0
03/07/2022 11:00:00 PM,1,1,0
03/08/2022 12:00:00 AM,4,2,2
03/08/2022 01:00:00 AM,2,0,2
03/08/2022 02:00:00 AM,0,0,0
03/08/2022 03:00:00 AM,2,1,1
03/08/2022 04:00:00 AM,0,0,0
03/08/2022 05:00:00 AM,8,2,6
03/08/2022 06:00:00 AM,15,4,11
03/08/2022 07:00:00 AM,28,4,24
03/08/2022 08:00:00 AM,22,6,16
03/08/2022 09:00:00 AM,38,23,15
03/08/2022 10:00:00 AM,10,5,5
03/08/2022 11:00:00 AM,16,7,9
03/08/2022 12:00:00 PM,9,4,5
03/08/2022 01:00:00 PM,9,5,4
03/08/2022 02:00:00 PM,15,10,5
03/08/2022 03:00:00 PM,33,19,14
03/08/2022 04:00:00 PM,56,37,19
03/08/2022 05:00:00 PM,58,44,14
03/08/2022 06:00:00 PM,39,32,7
03/08/2022 07:00:00 PM,21,17,4
03/08/2022 08:00:00 PM,15,4,11
03/08/2022 09:00:00 PM,42,11,31
03/08/2022 10:00:00 PM,7,2,5
03/08/2022 11:00:00 PM,2,0,2
03/09/2022 12:00:00 AM,1,1,0
03/09/2022 01:00:00 AM,1,1,0
03/09/2022 02:00:00 AM,0,0,0
03/09/2022 03:00:00 AM,0,0,0
03/09/2022 04:00:00 AM,2,2,0
03/09/2022 05:00:00 AM,12,2,10
03/09/2022 06:00:00 AM,22,6,16
03/09/2022 07:00:00 AM,27,10,17
03/09/2022 08:00:00 AM,46,15,31
03/09/2022 09:00:00 AM,32,17,15
03/09/2022 10:00:00 AM,17,6,11
03/09/2022 11:00:00 AM,22,15,7
03/09/2022 12:00:00 PM,18,10,8
03/09/2022 01:00:00 PM,26,16,10
03/09/2022 02:00:00 PM,31,19,12
03/09/2022 03:00:00 PM,50,32,18
03/09/2022 04:00:00 PM,57,43,14
03/09/2022 05:00:00 PM,57,38,19
03/09/2022 06:00:00 PM,43,19,24
03/09/2022 07:00:00 PM,18,8,10
03/09/2022 08:00:00 PM,7,3,4
03/09/2022 09:00:00 PM,4,1,3
03/09/2022 10:00:00 PM,6,5,1
03/09/2022 11:00:00 PM,2,1,1
03/10/2022 12:00:00 AM,4,2,2
03/10/2022 01:00:00 AM,2,2,0
03/10/2022 02:00:00 AM,0,0,0
03/10/2022 03:00:00 AM,0,0,0
03/10/2022 04:00:00 AM,2,2,0
03/10/2022 05:00:00 AM,10,2,8
03/10/2022 06:00:00 AM,15,4,11
03/10/2022 07:00:00 AM,30,11,19
03/10/2022 08:00:00 AM,40,14,26
03/10/2022 09:00:00 AM,32,18,14
03/10/2022 10:00:00 AM,16,9,7
03/10/2022 11:00:00 AM,18,9,9
03/10/2022 12:00:00 PM,20,13,7
03/10/2022 01:00:00 PM,29,16,13
03/10/2022 02:00:00 PM,27,15,12
03/10/2022 03:00:00 PM,33,21,12
03/10/2022 04:00:00 PM,52,41,11
03/10/2022 05:00:00 PM,42,30,12
03/10/2022 06:00:00 PM,31,21,10
03/10/2022 07:00:00 PM,14,10,4
03/10/2022 08:00:00 PM,12,6,6
03/10/2022 09:00:00 PM,10,9,1
03/10/2022 10:00:00 PM,15,5,10
03/10/2022 11:00:00 PM,5,1,4
03/11/2022 12:00:00 AM,6,5,1
03/11/2022 01:00:00 AM,0,0,0
03/11/2022 02:00:00 AM,1,1,0
03/11/2022 03:00:00 AM,0,0,0
03/11/2022 04:00:00 AM,1,1,0
03/11/2022 05:00:00 AM,6,2,4
03/11/2022 06:00:00 AM,18,7,11
03/11/2022 07:00:00 AM,30,8,22
03/11/2022 08:00:00 AM,25,8,17
03/11/2022 09:00:00 AM,25,18,7
03/11/2022 10:00:00 AM,12,4,8
03/11/2022 11:00:00 AM,18,12,6
03/11/2022 12:00:00 PM,14,10,4
03/11/2022 01:00:00 PM,23,15,8
03/11/2022 02:00:00 PM,17,11,6
03/11/2022 03:00:00 PM,50,32,18
03/11/2022 04:00:00 PM,56,32,24
03/11/2022 05:00:00 PM,45,25,20
03/11/2022 06:00:00 PM,36,17,19
03/11/2022 07:00:00 PM,21,11,10
03/11/2022 08:00:00 PM,10,2,8
03/11/2022 09:00:00 PM,11,5,6
03/11/2022 10:00:00 PM,10,4,6
03/11/2022 11:00:00 PM,19,5,14
03/12/2022 12:00:00 AM,3,2,1
03/12/2022 01:00:00 AM,4,2,2
03/12/2022 02:00:00 AM,8,6,2
03/12/2022 03:00:00 AM,2,0,2
03/12/2022 04:00:00 AM,0,0,0
03/12/2022 05:00:00 AM,3,1,2
03/12/2022 06:00:00 AM,1,1,0
03/12/2022 07:00:00 AM,3,1,2
03/12/2022 08:00:00 AM,12,8,4
03/12/2022 09:00:00 AM,18,10,8
03/12/2022 10:00:00 AM,25,10,15
03/12/2022 11:00:00 AM,29,20,9
03/12/2022 12:00:00 PM,70,57,13
03/12/2022 01:00:00 PM,40,17,23
03/12/2022 02:00:00 PM,41,22,19
03/12/2022 03:00:00 PM,76,17,59
03/12/2022 04:00:00 PM,18,6,12
03/12/2022 05:00:00 PM,11,6,5
03/12/2022 06:00:00 PM,13,7,6
03/12/2022 07:00:00 PM,7,3,4
03/12/2022 08:00:00 PM,4,1,3
03/12/2022 09:00:00 PM,4,3,1
03/12/2022 10:00:00 PM,6,3,3
03/12/2022 11:00:00 PM,8,5,3
03/13/2022 12:00:00 AM,2,1,1
03/13/2022 01:00:00 AM,3,3,0
03/13/2022 02:00:00 AM,,,
03/13/2022 03:00:00 AM,3,3,0
03/13/2022 04:00:00 AM,0,0,0
03/13/2022 05:00:00 AM,2,0,2
03/13/2022 06:00:00 AM,0,0,0
03/13/2022 07:00:00 AM,4,2,2
03/13/2022 08:00:00 AM,7,4,3
03/13/2022 09:00:00 AM,11,5,6
03/13/2022 10:00:00 AM,14,6,8
03/13/2022 11:00:00 AM,23,14,9
03/13/2022 12:00:00 PM,26,12,14
03/13/2022 01:00:00 PM,30,17,13
03/13/2022 02:00:00 PM,26,10,16
03/13/2022 03:00:00 PM,16,11,5
03/13/2022 04:00:00 PM,25,12,13
03/13/2022 05:00:00 PM,18,8,10
03/13/2022 06:00:00 PM,14,7,7
03/13/2022 07:00:00 PM,15,7,8
03/13/2022 08:00:00 PM,9,5,4
03/13/2022 09:00:00 PM,9,5,4
03/13/2022 10:00:00 PM,5,3,2
03/13/2022 11:00:00 PM,3,0,3
03/14/2022 12:00:00 AM,4,3,1
03/14/2022 01:00:00 AM,0,0,0
03/14/2022 02:00:00 AM,0,0,0
03/14/2022 03:00:00 AM,0,0,0
03/14/2022 04:00:00 AM,0,0,0
03/14/2022 05:00:00 AM,10,4,6
03/14/2022 06:00:00 AM,7,1,6
03/14/2022 07:00:00 AM,25,5,20
03/14/2022 08:00:00 AM,25,13,12
03/14/2022 09:00:00 AM,19,6,13
03/14/2022 10:00:00 AM,10,8,2
03/14/2022 11:00:00 AM,21,9,12
03/14/2022 12:00:00 PM,13,7,6
03/14/2022 01:00:00 PM,9,4,5
03/14/2022 02:00:00 PM,11,5,6
03/14/2022 03:00:00 PM,22,19,3
03/14/2022 04:00:00 PM,22,17,5
03/14/2022 05:00:00 PM,34,24,10
03/14/2022 06:00:00 PM,15,9,6
03/14/2022 07:00:00 PM,8,3,5
03/14/2022 08:00:00 PM,7,1,6
03/14/2022 09:00:00 PM,4,2,2
03/14/2022 10:00:00 PM,3,2,1
03/14/2022 11:00:00 PM,3,2,1
03/15/2022 12:00:00 AM,1,0,1
03/15/2022 01:00:00 AM,1,0,1
03/15/2022 02:00:00 AM,0,0,0
03/15/2022 03:00:00 AM,2,1,1
03/15/2022 04:00:00 AM,0,0,0
03/15/2022 05:00:00 AM,7,2,5
03/15/2022 06:00:00 AM,14,3,11
03/15/2022 07:00:00 AM,29,10,19
03/15/2022 08:00:00 AM,33,12,21
03/15/2022 09:00:00 AM,25,12,13
03/15/2022 10:00:00 AM,10,5,5
03/15/2022 11:00:00 AM,16,6,10
03/15/2022 12:00:00 PM,23,10,13
03/15/2022 01:00:00 PM,14,6,8
03/15/2022 02:00:00 PM,26,15,11
03/15/2022 03:00:00 PM,40,23,17
03/15/2022 04:00:00 PM,46,33,13
03/15/2022 05:00:00 PM,46,38,8
03/15/2022 06:00:00 PM,40,30,10
03/15/2022 07:00:00 PM,16,9,7
03/15/2022 08:00:00 PM,19,13,6
03/15/2022 09:00:00 PM,11,6,5
03/15/2022 10:00:00 PM,6,1,5
03/15/2022 11:00:00 PM,2,1,1
03/16/2022 12:00:00 AM,,,
03/16/2022 01:00:00 AM,,,
03/16/2022 02:00:00 AM,,,
03/16/2022 03:00:00 AM,,,
03/16/2022 04:00:00 AM,,,
03/16/2022 05:00:00 AM,,,
03/16/2022 06:00:00 AM,,,
03/16/2022 07:00:00 AM,,,
03/16/2022 08:00:00 AM,,,
03/16/2022 09:00:00 AM,,,
03/16/2022 10:00:00 AM,,,
03/16/2022 11:00:00 AM,,,
03/16/2022 12:00:00 PM,,,
03/16/2022 01:00:00 PM,0,0,0
03/16/2022 02:00:00 PM,23,15,8
03/16/2022 03:00:00 PM,42,21,21
03/16/2022 04:00:00 PM,71,44,27
03/16/2022 05:00:00 PM,68,48,20
03/16/2022 06:00:00 PM,33,17,16
03/16/2022 07:00:00 PM,23,13,10
03/16/2022 08:00:00 PM,22,7,15
03/16/2022 09:00:00 PM,15,7,8
03/16/2022 10:00:00 PM,14,9,5
03/16/2022 11:00:00 PM,6,4,2
03/17/2022 12:00:00 AM,5,3,2
03/17/2022 01:00:00 AM,0,0,0
03/17/2022 02:00:00 AM,0,0,0
03/17/2022 03:00:00 AM,0,0,0
03/17/2022 04:00:00 AM,3,3,0
03/17/2022 05:00:00 AM,10,3,7
03/17/2022 06:00:00 AM,15,5,10
03/17/2022 07:00:00 AM,32,13,19
03/17/2022 08:00:00 AM,32,16,16
03/17/2022 09:00:00 AM,24,13,11
03/17/2022 10:00:00 AM,14,8,6
03/17/2022 11:00:00 AM,24,12,12
03/17/2022 12:00:00 PM,12,9,3
03/17/2022 01:00:00 PM,20,11,9
03/17/2022 02:00:00 PM,38,23,15
03/17/2022 03:00:00 PM,36,23,13
03/17/2022 04:00:00 PM,42,27,15
03/17/2022 05:00:00 PM,52,30,22
03/17/2022 06:00:00 PM,40,21,19
03/17/2022 07:00:00 PM,15,7,8
03/17/2022 08:00:00 PM,18,7,11
03/17/2022 09:00:00 PM,11,5,6
03/17/2022 10:00:00 PM,8,5,3
03/17/2022 11:00:00 PM,8,1,7
03/18/2022 12:00:00 AM,1,0,1
03/18/2022 01:00:00 AM,1,0,1
03/18/2022 02:00:00 AM,0,0,0
03/18/2022 03:00:00 AM,2,1,1
03/18/2022 04:00:00 AM,3,3,0
03/18/2022 05:00:00 AM,11,5,6
03/18/2022 06:00:00 AM,19,7,12
03/18/2022 07:00:00 AM,29,10,19
03/18/2022 08:00:00 AM,27,10,17
03/18/2022 09:00:00 AM,15,9,6
03/18/2022 10:00:00 AM,11,5,6
03/18/2022 11:00:00 AM,25,15,10
03/18/2022 12:00:00 PM,16,6,10
03/18/2022 01:00:00 PM,23,11,12
03/18/2022 02:00:00 PM,37,24,13
03/18/2022 03:00:00 PM,44,30,14
03/18/2022 04:00:00 PM,46,31,15
03/18/2022 05:00:00 PM,44,28,16
03/18/2022 06:00:00 PM,34,25,9
03/18/2022 07:00:00 PM,29,19,10
03/18/2022 08:00:00 PM,12,7,5
03/18/2022 09:00:00 PM,17,7,10
03/18/2022 10:00:00 PM,4,4,0
03/18/2022 11:00:00 PM,6,2,4
03/19/2022 12:00:00 AM,5,1,4
03/19/2022 01:00:00 AM,6,5,1
03/19/2022 02:00:00 AM,4,1,3
03/19/2022 03:00:00 AM,2,1,1
03/19/2022 04:00:00 AM,0,0,0
03/19/2022 05:00:00 AM,4,0,4
03/19/2022 06:00:00 AM,2,2,0
03/19/2022 07:00:00 AM,2,0,2
03/19/2022 08:00:00 AM,3,2,1
03/19/2022 09:00:00 AM,10,7,3
03/19/2022 10:00:00 AM,8,6,2
03/19/2022 11:00:00 AM,12,8,4
03/19/2022 12:00:00 PM,10,6,4
03/19/2022 01:00:00 PM,23,13,10
03/19/2022 02:00:00 PM,22,11,11
03/19/2022 03:00:00 PM,15,8,7
03/19/2022 04:00:00 PM,17,7,10
03/19/2022 05:00:00 PM,8,6,2
03/19/2022 06:00:00 PM,13,10,3
03/19/2022 07:00:00 PM,16,5,11
03/19/2022 08:00:00 PM,3,0,3
03/19/2022 09:00:00 PM,7,4,3
03/19/2022 10:00:00 PM,12,7,5
03/19/2022 11:00:00 PM,12,11,1
03/20/2022 12:00:00 AM,3,3,0
03/20/2022 01:00:00 AM,3,2,1
03/20/2022 02:00:00 AM,2,2,0
03/20/2022 03:00:00 AM,1,1,0
03/20/2022 04:00:00 AM,0,0,0
03/20/2022 05:00:00 AM,0,0,0
03/20/2022 06:00:00 AM,1,1,0
03/20/2022 07:00:00 AM,1,1,0
03/20/2022 08:00:00 AM,6,2,4
03/20/2022 09:00:00 AM,8,2,6
03/20/2022 10:00:00 AM,22,13,9
03/20/2022 11:00:00 AM,15,5,10
03/20/2022 12:00:00 PM,24,16,8
03/20/2022 01:00:00 PM,12,8,4
03/20/2022 02:00:00 PM,21,7,14
03/20/2022 03:00:00 PM,5,2,3
03/20/2022 04:00:00 PM,10,4,6
03/20/2022 05:00:00 PM,8,3,5
03/20/2022 06:00:00 PM,8,7,1
03/20/2022 07:00:00 PM,6,3,3
03/20/2022 08:00:00 PM,5,4,1
03/20/2022 09:00:00 PM,2,2,0
03/20/2022 10:00:00 PM,3,3,0
03/20/2022 11:00:00 PM,5,3,2
03/21/2022 12:00:00 AM,2,1,1
03/21/2022 01:00:00 AM,0,0,0
03/21/2022 02:00:00 AM,0,0,0
03/21/2022 03:00:00 AM,0,0,0
03/21/2022 04:00:00 AM,2,1,1
03/21/2022 05:00:00 AM,3,1,2
03/21/2022 06:00:00 AM,13,2,11
03/21/2022 07:00:00 AM,25,6,19
03/21/2022 08:00:00 AM,22,9,13
03/21/2022 09:00:00 AM,6,4,2
03/21/2022 10:00:00 AM,6,4,2
03/21/2022 11:00:00 AM,9,3,6
03/21/2022 12:00:00 PM,12,6,6
03/21/2022 01:00:00 PM,9,5,4
03/21/2022 02:00:00 PM,14,10,4
03/21/2022 03:00:00 PM,27,16,11
03/21/2022 04:00:00 PM,38,29,9
03/21/2022 05:00:00 PM,35,21,14
03/21/2022 06:00:00 PM,18,5,13
03/21/2022 07:00:00 PM,9,5,4
03/21/2022 08:00:00 PM,5,0,5
03/21/2022 09:00:00 PM,10,5,5
03/21/2022 10:00:00 PM,4,2,2
03/21/2022 11:00:00 PM,2,0,2
03/22/2022 12:00:00 AM,0,0,0
03/22/2022 01:00:00 AM,2,1,1
03/22/2022 02:00:00 AM,1,0,1
03/22/2022 03:00:00 AM,1,0,1
03/22/2022 04:00:00 AM,1,1,0
03/22/2022 05:00:00 AM,8,2,6
03/22/2022 06:00:00 AM,27,7,20
03/22/2022 07:00:00 AM,32,12,20
03/22/2022 08:00:00 AM,43,16,27
03/22/2022 09:00:00 AM,32,19,13
03/22/2022 10:00:00 AM,11,5,6
03/22/2022 11:00:00 AM,33,21,12
03/22/2022 12:00:00 PM,18,11,7
03/22/2022 01:00:00 PM,28,12,16
03/22/2022 02:00:00 PM,41,21,20
03/22/2022 03:00:00 PM,39,29,10
03/22/2022 04:00:00 PM,69,47,22
03/22/2022 05:00:00 PM,81,52,29
03/22/2022 06:00:00 PM,41,27,14
03/22/2022 07:00:00 PM,22,9,13
03/22/2022 08:00:00 PM,18,5,13
03/22/2022 09:00:00 PM,20,10,10
03/22/2022 10:00:00 PM,9,7,2
03/22/2022 11:00:00 PM,8,4,4
03/23/2022 12:00:00 AM,6,4,2
03/23/2022 01:00:00 AM,1,1,0
03/23/2022 02:00:00 AM,3,3,0
03/23/2022 03:00:00 AM,1,1,0
03/23/2022 04:00:00 AM,2,1,1
03/23/2022 05:00:00 AM,15,2,13
03/23/2022 06:00:00 AM,17,5,12
03/23/2022 07:00:00 AM,33,10,23
03/23/2022 08:00:00 AM,48,15,33
03/23/2022 09:00:00 AM,32,22,10
03/23/2022 10:00:00 AM,15,8,7
03/23/2022 11:00:00 AM,20,11,9
03/23/2022 12:00:00 PM,15,12,3
03/23/2022 01:00:00 PM,16,8,8
03/23/2022 02:00:00 PM,22,17,5
03/23/2022 03:00:00 PM,26,16,10
03/23/2022 04:00:00 PM,54,39,15
03/23/2022 05:00:00 PM,52,37,15
03/23/2022 06:00:00 PM,17,13,4
03/23/2022 07:00:00 PM,12,8,4
03/23/2022 08:00:00 PM,5,3,2
03/23/2022 09:00:00 PM,3,2,1
03/23/2022 10:00:00 PM,3,2,1
03/23/2022 11:00:00 PM,13,11,2
03/24/2022 12:00:00 AM,3,1,2
03/24/2022 01:00:00 AM,1,0,1
03/24/2022 02:00:00 AM,4,1,3
03/24/2022 03:00:00 AM,1,0,1
03/24/2022 04:00:00 AM,2,2,0
03/24/2022 05:00:00 AM,9,4,5
03/24/2022 06:00:00 AM,23,11,12
03/24/2022 07:00:00 AM,42,16,26
03/24/2022 08:00:00 AM,46,21,25
03/24/2022 09:00:00 AM,23,14,9
03/24/2022 10:00:00 AM,14,9,5
03/24/2022 11:00:00 AM,20,9,11
03/24/2022 12:00:00 PM,23,11,12
03/24/2022 01:00:00 PM,36,18,18
03/24/2022 02:00:00 PM,32,18,14
03/24/2022 03:00:00 PM,35,26,9
03/24/2022 04:00:00 PM,45,33,12
03/24/2022 05:00:00 PM,57,34,23
03/24/2022 06:00:00 PM,48,33,15
03/24/2022 07:00:00 PM,26,11,15
03/24/2022 08:00:00 PM,12,6,6
03/24/2022 09:00:00 PM,8,4,4
03/24/2022 10:00:00 PM,7,6,1
03/24/2022 11:00:00 PM,7,5,2
03/25/2022 12:00:00 AM,0,0,0
03/25/2022 01:00:00 AM,0,0,0
03/25/2022 02:00:00 AM,0,0,0
03/25/2022 03:00:00 AM,1,0,1
03/25/2022 04:00:00 AM,3,3,0
03/25/2022 05:00:00 AM,9,5,4
03/25/2022 06:00:00 AM,12,5,7
03/25/2022 07:00:00 AM,33,12,21
03/25/2022 08:00:00 AM,27,18,9
03/25/2022 09:00:00 AM,24,19,5
03/25/2022 10:00:00 AM,20,9,11
03/25/2022 11:00:00 AM,23,10,13
03/25/2022 12:00:00 PM,20,5,15
03/25/2022 01:00:00 PM,35,19,16
03/25/2022 02:00:00 PM,37,22,15
03/25/2022 03:00:00 PM,41,26,15
03/25/2022 04:00:00 PM,72,42,30
03/25/2022 05:00:00 PM,57,32,25
03/25/2022 06:00:00 PM,48,25,23
03/25/2022 07:00:00 PM,36,19,17
03/25/2022 08:00:00 PM,22,12,10
03/25/2022 09:00:00 PM,11,6,5
03/25/2022 10:00:00 PM,15,9,6
03/25/2022 11:00:00 PM,12,10,2
03/26/2022 12:00:00 AM,11,9,2
03/26/2022 01:00:00 AM,4,0,4
03/26/2022 02:00:00 AM,7,5,2
03/26/2022 03:00:00 AM,1,0,1
03/26/2022 04:00:00 AM,1,0,1
03/26/2022 05:00:00 AM,5,1,4
03/26/2022 06:00:00 AM,0,0,0
03/26/2022 07:00:00 AM,5,3,2
03/26/2022 08:00:00 AM,10,4,6
03/26/2022 09:00:00 AM,9,2,7
03/26/2022 10:00:00 AM,29,17,12
03/26/2022 11:00:00 AM,20,11,9
03/26/2022 12:00:00 PM,28,17,11
03/26/2022 01:00:00 PM,41,26,15
03/26/2022 02:00:00 PM,55,31,24
03/26/2022 03:00:00 PM,38,24,14
03/26/2022 04:00:00 PM,40,27,13
03/26/2022 05:00:00 PM,32,25,7
03/26/2022 06:00:00 PM,25,22,3
03/26/2022 07:00:00 PM,22,14,8
03/26/2022 08:00:00 PM,9,5,4
03/26/2022 09:00:00 PM,17,7,10
03/26/2022 10:00:00 PM,56,8,48
03/26/2022 11:00:00 PM,20,10,10
03/27/2022 12:00:00 AM,14,9,5
03/27/2022 01:00:00 AM,6,2,4
03/27/2022 02:00:00 AM,8,2,6
03/27/2022 03:00:00 AM,2,2,0
03/27/2022 04:00:00 AM,4,1,3
03/27/2022 05:00:00 AM,1,0,1
03/27/2022 06:00:00 AM,3,2,1
03/27/2022 07:00:00 AM,5,4,1
03/27/2022 08:00:00 AM,4,3,1
03/27/2022 09:00:00 AM,14,5,9
03/27/2022 10:00:00 AM,23,11,12
03/27/2022 11:00:00 AM,20,10,10
03/27/2022 12:00:00 PM,37,14,23
03/27/2022 01:00:00 PM,52,22,30
03/27/2022 02:00:00 PM,43,28,15
03/27/2022 03:00:00 PM,44,30,14
03/27/2022 04:00:00 PM,32,22,10
03/27/2022 05:00:00 PM,32,12,20
03/27/2022 06:00:00 PM,20,13,7
03/27/2022 07:00:00 PM,10,3,7
03/27/2022 08:00:00 PM,16,8,8
03/27/2022 09:00:00 PM,11,9,2
03/27/2022 10:00:00 PM,13,2,11
03/27/2022 11:00:00 PM,4,1,3
03/28/2022 12:00:00 AM,2,1,1
03/28/2022 01:00:00 AM,2,1,1
03/28/2022 02:00:00 AM,3,2,1
03/28/2022 03:00:00 AM,3,1,2
03/28/2022 04:00:00 AM,1,1,0
03/28/2022 05:00:00 AM,10,6,4
03/28/2022 06:00:00 AM,19,8,11
03/28/2022 07:00:00 AM,33,13,20
03/28/2022 08:00:00 AM,31,9,22
03/28/2022 09:00:00 AM,31,16,15
03/28/2022 10:00:00 AM,18,7,11
03/28/2022 11:00:00 AM,21,12,9
03/28/2022 12:00:00 PM,13,4,9
03/28/2022 01:00:00 PM,15,8,7
03/28/2022 02:00:00 PM,28,17,11
03/28/2022 03:00:00 PM,45,34,11
03/28/2022 04:00:00 PM,60,38,22
03/28/2022 05:00:00 PM,52,30,22
03/28/2022 06:00:00 PM,26,16,10
03/28/2022 07:00:00 PM,12,8,4
03/28/2022 08:00:00 PM,11,5,6
03/28/2022 09:00:00 PM,12,9,3
03/28/2022 10:00:00 PM,5,4,1
03/28/2022 11:00:00 PM,2,2,0
03/29/2022 12:00:00 AM,6,4,2
03/29/2022 01:00:00 AM,0,0,0
03/29/2022 02:00:00 AM,2,0,2
03/29/2022 03:00:00 AM,1,0,1
03/29/2022 04:00:00 AM,2,2,0
03/29/2022 05:00:00 AM,10,5,5
03/29/2022 06:00:00 AM,18,7,11
03/29/2022 07:00:00 AM,48,13,35
03/29/2022 08:00:00 AM,63,27,36
03/29/2022 09:00:00 AM,42,20,22
03/29/2022 10:00:00 AM,17,8,9
03/29/2022 11:00:00 AM,29,13,16
03/29/2022 12:00:00 PM,17,8,9
03/29/2022 01:00:00 PM,31,18,13
03/29/2022 02:00:00 PM,32,22,10
03/29/2022 03:00:00 PM,35,22,13
03/29/2022 04:00:00 PM,97,66,31
03/29/2022 05:00:00 PM,77,49,28
03/29/2022 06:00:00 PM,49,30,19
03/29/2022 07:00:00 PM,21,17,4
03/29/2022 08:00:00 PM,18,5,13
03/29/2022 09:00:00 PM,11,8,3
03/29/2022 10:00:00 PM,7,3,4
03/29/2022 11:00:00 PM,10,3,7
03/30/2022 12:00:00 AM,4,3,1
03/30/2022 01:00:00 AM,1,1,0
03/30/2022 02:00:00 AM,1,0,1
03/30/2022 03:00:00 AM,1,0,1
03/30/2022 04:00:00 AM,2,2,0
03/30/2022 05:00:00 AM,5,3,2
03/30/2022 06:00:00 AM,20,6,14
03/30/2022 07:00:00 AM,34,12,22
03/30/2022 08:00:00 AM,45,18,27
03/30/2022 09:00:00 AM,28,16,12
03/30/2022 10:00:00 AM,19,10,9
03/30/2022 11:00:00 AM,33,18,15
03/30/2022 12:00:00 PM,25,8,17
03/30/2022 01:00:00 PM,23,12,11
03/30/2022 02:00:00 PM,27,16,11
03/30/2022 03:00:00 PM,26,16,10
03/30/2022 04:00:00 PM,62,39,23
03/30/2022 05:00:00 PM,51,33,18
03/30/2022 06:00:00 PM,26,8,18
03/30/2022 07:00:00 PM,8,5,3
03/30/2022 08:00:00 PM,6,3,3
03/30/2022 09:00:00 PM,7,3,4
03/30/2022 10:00:00 PM,10,6,4
03/30/2022 11:00:00 PM,6,4,2
03/31/2022 12:00:00 AM,5,2,3
03/31/2022 01:00:00 AM,0,0,0
03/31/2022 02:00:00 AM,0,0,0
03/31/2022 03:00:00 AM,3,1,2
03/31/2022 04:00:00 AM,0,0,0
03/31/2022 05:00:00 AM,6,2,4
03/31/2022 06:00:00 AM,20,8,12
03/31/2022 07:00:00 AM,46,14,32
03/31/2022 08:00:00 AM,60,32,28
03/31/2022 09:00:00 AM,32,21,11
03/31/2022 10:00:00 AM,11,4,7
03/31/2022 11:00:00 AM,21,13,8
03/31/2022 12:00:00 PM,24,13,11
03/31/2022 01:00:00 PM,31,17,14
03/31/2022 02:00:00 PM,30,18,12
03/31/2022 03:00:00 PM,40,26,14
03/31/2022 04:00:00 PM,74,48,26
03/31/2022 05:00:00 PM,74,45,29
03/31/2022 06:00:00 PM,44,29,15
03/31/2022 07:00:00 PM,24,11,13
03/31/2022 08:00:00 PM,18,7,11
03/31/2022 09:00:00 PM,17,10,7
03/31/2022 10:00:00 PM,7,4,3
03/31/2022 11:00:00 PM,14,10,4
03/01/2022 12:00:00 AM,9,2,7
03/01/2022 01:00:00 AM,0,0,0
03/01/2022 02:00:00 AM,0,0,0
03/01/2022 03:00:00 AM,2,1,1
03/01/2022 04:00:00 AM,1,0,1
03/01/2022 05:00:00 AM,6,2,4
03/01/2022 06:00:00 AM,11,3,8
03/01/2022 07:00:00 AM,22,9,13
03/01/2022 08:00:00 AM,30,9,21
03/01/2022 09:00:00 AM,25,13,12
03/01/2022 10:00:00 AM,12,3,9
03/01/2022 11:00:00 AM,7,4,3
03/01/2022 12:00:00 PM,12,7,5
03/01/2022 01:00:00 PM,12,7,5
03/01/2022 02:00:00 PM,36,20,16
03/01/2022 03:00:00 PM,33,19,14
03/01/2022 04:00:00 PM,34,25,9
03/01/2022 05:00:00 PM,56,40,16
03/01/2022 06:00:00 PM,15,9,6
03/01/2022 07:00:00 PM,14,6,8
03/01/2022 08:00:00 PM,8,2,6
03/01/2022 09:00:00 PM,9,5,4
03/01/2022 10:00:00 PM,7,7,0
03/01/2022 11:00:00 PM,9,7,2
03/02/2022 12:00:00 AM,2,2,0
03/02/2022 01:00:00 AM,1,1,0
03/02/2022 02:00:00 AM,1,0,1
03/02/2022 03:00:00 AM,0,0,0
03/02/2022 04:00:00 AM,0,0,0
03/02/2022 05:00:00 AM,7,1,6
03/02/2022 06:00:00 AM,15,5,10
03/02/2022 07:00:00 AM,30,9,21
03/02/2022 08:00:00 AM,32,7,25
03/02/2022 09:00:00 AM,20,14,6
03/02/2022 10:00:00 AM,17,10,7
03/02/2022 11:00:00 AM,15,6,9
03/02/2022 12:00:00 PM,19,8,11
03/02/2022 01:00:00 PM,21,15,6
03/02/2022 02:00:00 PM,21,11,10
03/02/2022 03:00:00 PM,15,14,1
03/02/2022 04:00:00 PM,28,20,8
03/02/2022 05:00:00 PM,48,39,9
03/02/2022 06:00:00 PM,20,11,9
03/02/2022 07:00:00 PM,9,3,6
03/02/2022 08:00:00 PM,16,9,7
03/02/2022 09:00:00 PM,11,6,5
03/02/2022 10:00:00 PM,8,6,2
03/02/2022 11:00:00 PM,1,1,0
03/03/2022 12:00:00 AM,7,5,2
03/03/2022 01:00:00 AM,1,0,1
03/03/2022 02:00:00 AM,0,0,0
03/03/2022 03:00:00 AM,0,0,0
03/03/2022 04:00:00 AM,3,2,1
03/03/2022 05:00:00 AM,7,1,6
03/03/2022 06:00:00 AM,14,4,10
03/03/2022 07:00:00 AM,24,11,13
03/03/2022 08:00:00 AM,28,9,19
03/03/2022 09:00:00 AM,18,13,5
03/03/2022 10:00:00 AM,5,3,2
03/03/2022 11:00:00 AM,16,10,6
03/03/2022 12:00:00 PM,10,3,7
03/03/2022 01:00:00 PM,15,10,5
03/03/2022 02:00:00 PM,30,17,13
03/03/2022 03:00:00 PM,41,20,21
03/03/2022 04:00:00 PM,48,31,17
03/03/2022 05:00:00 PM,38,22,16
03/03/2022 06:00:00 PM,38,26,12
03/03/2022 07:00:00 PM,15,10,5
03/03/2022 08:00:00 PM,16,9,7
03/03/2022 09:00:00 PM,12,9,3
03/03/2022 10:00:00 PM,3,3,0
03/03/2022 11:00:00 PM,5,4,1
03/04/2022 12:00:00 AM,2,1,1
03/04/2022 01:00:00 AM,2,0,2
03/04/2022 02:00:00 AM,0,0,0
03/04/2022 03:00:00 AM,0,0,0
03/04/2022 04:00:00 AM,1,1,0
03/04/2022 05:00:00 AM,5,1,4
03/04/2022 06:00:00 AM,15,7,8
03/04/2022 07:00:00 AM,32,11,21
03/04/2022 08:00:00 AM,29,13,16
03/04/2022 09:00:00 AM,21,11,10
03/04/2022 10:00:00 AM,7,6,1
03/04/2022 11:00:00 AM,10,6,4
03/04/2022 12:00:00 PM,23,11,12
03/04/2022 01:00:00 PM,20,13,7
03/04/2022 02:00:00 PM,28,16,12
03/04/2022 03:00:00 PM,26,14,12
03/04/2022 04:00:00 PM,35,24,11
03/04/2022 05:00:00 PM,43,25,18
03/04/2022 06:00:00 PM,26,17,9
03/04/2022 07:00:00 PM,14,5,9
03/04/2022 08:00:00 PM,15,8,7
03/04/2022 09:00:00 PM,9,4,5
03/04/2022 10:00:00 PM,5,2,3
03/04/2022 11:00:00 PM,7,3,4
03/05/2022 12:00:00 AM,0,0,0
03/05/2022 01:00:00 AM,1,1,0
03/05/2022 02:00:00 AM,1,1,0
03/05/2022 03:00:00 AM,3,0,3
03/05/2022 04:00:00 AM,2,2,0
03/05/2022 05:00:00 AM,4,0,4
03/05/2022 06:00:00 AM,2,2,0
03/05/2022 07:00:00 AM,4,2,2
03/05/2022 08:00:00 AM,10,10,0
03/05/2022 09:00:00 AM,14,8,6
03/05/2022 10:00:00 AM,9,6,3
03/05/2022 11:00:00 AM,18,11,7
03/05/2022 12:00:00 PM,26,15,11
03/05/2022 01:00:00 PM,31,19,12
03/05/2022 02:00:00 PM,24,14,10
03/05/2022 03:00:00 PM,30,16,14
03/05/2022 04:00:00 PM,36,20,16
03/05/2022 05:00:00 PM,33,16,17
03/05/2022 06:00:00 PM,22,9,13
03/05/2022 07:00:00 PM,34,12,22
03/05/2022 08:00:00 PM,13,7,6
03/05/2022 09:00:00 PM,11,6,5
03/05/2022 10:00:00 PM,5,4,1
03/05/2022 11:00:00 PM,8,7,1
03/06/2022 12:00:00 AM,5,3,2
03/06/2022 01:00:00 AM,1,1,0
03/06/2022 02:00:00 AM,2,1,1
03/06/2022 03:00:00 AM,0,0,0
03/06/2022 04:00:00 AM,2,1,1
03/06/2022 05:00:00 AM,1,0,1
03/06/2022 06:00:00 AM,4,3,1
03/06/2022 07:00:00 AM,6,3,3
03/06/2022 08:00:00 AM,5,4,1
03/06/2022 09:00:00 AM,7,3,4
03/06/2022 10:00:00 AM,12,3,9
03/06/2022 11:00:00 AM,17,15,2
03/06/2022 12:00:00 PM,9,5,4
03/06/2022 01:00:00 PM,25,16,9
03/06/2022 02:00:00 PM,33,15,18
03/06/2022 03:00:00 PM,19,10,9
03/06/2022 04:00:00 PM,31,18,13
03/06/2022 05:00:00 PM,20,7,13
03/06/2022 06:00:00 PM,15,6,9
03/06/2022 07:00:00 PM,3,1,2
03/06/2022 08:00:00 PM,5,4,1
03/06/2022 09:00:00 PM,4,3,1
03/06/2022 10:00:00 PM,4,3,1
03/06/2022 11:00:00 PM,4,2,2
03/07/2022 12:00:00 AM,3,1,2
03/07/2022 01:00:00 AM,0,0,0
03/07/2022 02:00:00 AM,0,0,0
03/07/2022 03:00:00 AM,1,0,1
03/07/2022 04:00:00 AM,1,1,0
03/07/2022 05:00:00 AM,11,2,9
03/07/2022 06:00:00 AM,15,7,8
03/07/2022 07:00:00 AM,32,11,21
03/07/2022 08:00:00 AM,30,12,18
03/07/2022 09:00:00 AM,19,14,5
03/07/2022 10:00:00 AM,16,9,7
03/07/2022 11:00:00 AM,9,6,3
03/07/2022 12:00:00 PM,15,3,12
03/07/2022 01:00:00 PM,18,10,8
03/07/2022 02:00:00 PM,24,13,11
03/07/2022 03:00:00 PM,27,21,6
03/07/2022 04:00:00 PM,50,33,17
03/07/2022 05:00:00 PM,53,33,20
03/07/2022 06:00:00 PM,18,13,5
03/07/2022 07:00:00 PM,14,5,9
03/07/2022 08:00:00 PM,4,0,4
03/07/2022 09:00:00 PM,4,2,2
03/07/2022 10:00:00 PM,1,1,0
03/07/2022 11:00:00 PM,1,1,0
03/08/2022 12:00:00 AM,4,2,2
03/08/2022 01:00:00 AM,2,0,2
03/08/2022 02:00:00 AM,0,0,0
03/08/2022 03:00:00 AM,2,1,1
03/08/2022 04:00:00 AM,0,0,0
03/08/2022 05:00:00 AM,8,2,6
03/08/2022 06:00:00 AM,15,4,11
03/08/2022 07:00:00 AM,28,4,24
03/08/2022 08:00:00 AM,22,6,16
03/08/2022 09:00:00 AM,38,23,15
03/08/2022 10:00:00 AM,10,5,5
03/08/2022 11:00:00 AM,16,7,9
03/08/2022 12:00:00 PM,9,4,5
03/08/2022 01:00:00 PM,9,5,4
03/08/2022 02:00:00 PM,15,10,5
03/08/2022 03:00:00 PM,33,19,14
03/08/2022 04:00:00 PM,56,37,19
03/08/2022 05:00:00 PM,58,44,14
03/08/2022 06:00:00 PM,39,32,7
03/08/2022 07:00:00 PM,21,17,4
03/08/2022 08:00:00 PM,15,4,11
03/08/2022 09:00:00 PM,42,11,31
03/08/2022 10:00:00 PM,7,2,5
03/08/2022 11:00:00 PM,2,0,2
03/09/2022 12:00:00 AM,1,1,0
03/09/2022 01:00:00 AM,1,1,0
03/09/2022 02:00:00 AM,0,0,0
03/09/2022 03:00:00 AM,0,0,0
03/09/2022 04:00:00 AM,2,2,0
03/09/2022 05:00:00 AM,12,2,10
03/09/2022 06:00:00 AM,22,6,16
03/09/2022 07:00:00 AM,27,10,17
03/09/2022 08:00:00 AM,46,15,31
03/09/2022 09:00:00 AM,32,17,15
03/09/2022 10:00:00 AM,17,6,11
03/09/2022 11:00:00 AM,22,15,7
03/09/2022 12:00:00 PM,18,10,8
03/09/2022 01:00:00 PM,26,16,10
03/09/2022 02:00:00 PM,31,19,12
03/09/2022 03:00:00 PM,50,32,18
03/09/2022 04:00:00 PM,57,43,14
03/09/2022 05:00:00 PM,57,38,19
03/09/2022 06:00:00 PM,43,19,24
03/09/2022 07:00:00 PM,18,8,10
03/09/2022 08:00:00 PM,7,3,4
03/09/2022 09:00:00 PM,4,1,3
03/09/2022 10:00:00 PM,6,5,1
03/09/2022 11:00:00 PM,2,1,1
03/10/2022 12:00:00 AM,4,2,2
03/10/2022 01:00:00 AM,2,2,0
03/10/2022 02:00:00 AM,0,0,0
03/10/2022 03:00:00 AM,0,0,0
03/10/2022 04:00:00 AM,2,2,0
03/10/2022 05:00:00 AM,10,2,8
03/10/2022 06:00:00 AM,15,4,11
03/10/2022 07:00:00 AM,30,11,19
03/10/2022 08:00:00 AM,40,14,26
03/10/2022 09:00:00 AM,32,18,14
03/10/2022 10:00:00 AM,16,9,7
03/10/2022 11:00:00 AM,18,9,9
03/10/2022 12:00:00 PM,20,13,7
03/10/2022 01:00:00 PM,29,16,13
03/10/2022 02:00:00 PM,27,15,12
03/10/2022 03:00:00 PM,33,21,12
03/10/2022 04:00:00 PM,52,41,11
03/10/2022 05:00:00 PM,42,30,12
03/10/2022 06:00:00 PM,31,21,10
03/10/2022 07:00:00 PM,14,10,4
03/10/2022 08:00:00 PM,12,6,6
03/10/2022 09:00:00 PM,10,9,1
03/10/2022 10:00:00 PM,15,5,10
03/10/2022 11:00:00 PM,5,1,4
03/11/2022 12:00:00 AM,6,5,1
03/11/2022 01:00:00 AM,0,0,0
03/11/2022 02:00:00 AM,1,1,0
03/11/2022 03:00:00 AM,0,0,0
03/11/2022 04:00:00 AM,1,1,0
03/11/2022 05:00:00 AM,6,2,4
03/11/2022 06:00:00 AM,18,7,11
03/11/2022 07:00:00 AM,30,8,22
03/11/2022 08:00:00 AM,25,8,17
03/11/2022 09:00:00 AM,25,18,7
03/11/2022 10:00:00 AM,12,4,8
03/11/2022 11:00:00 AM,18,12,6
03/11/2022 12:00:00 PM,14,10,4
03/11/2022 01:00:00 PM,23,15,8
03/11/2022 02:00:00 PM,17,11,6
03/11/2022 03:00:00 PM,50,32,18
03/11/2022 04:00:00 PM,56,32,24
03/11/2022 05:00:00 PM,45,25,20
03/11/2022 06:00:00 PM,36,17,19
03/11/2022 07:00:00 PM,21,11,10
03/11/2022 08:00:00 PM,10,2,8
03/11/2022 09:00:00 PM,11,5,6
03/11/2022 10:00:00 PM,10,4,6
03/11/2022 11:00:00 PM,19,5,14
03/12/2022 12:00:00 AM,3,2,1
03/12/2022 01:00:00 AM,4,2,2
03/12/2022 02:00:00 AM,8,6,2
03/12/2022 03:00:00 AM,2,0,2
03/12/2022 04:00:00 AM,0,0,0
03/12/2022 05:00:00 AM,3,1,2
03/12/2022 06:00:00 AM,1,1,0
03/12/2022 07:00:00 AM,3,1,2
03/12/2022 08:00:00 AM,12,8,4
03/12/2022 09:00:00 AM,18,10,8
03/12/2022 10:00:00 AM,25,10,15
03/12/2022 11:00:00 AM,29,20,9
03/12/2022 12:00:00 PM,70,57,13
03/12/2022 01:00:00 PM,40,17,23
03/12/2022 02:00:00 PM,41,22,19
03/12/2022 03:00:00 PM,76,17,59
03/12/2022 04:00:00 PM,18,6,12
03/12/2022 05:00:00 PM,11,6,5
03/12/2022 06:00:00 PM,13,7,6
03/12/2022 07:00:00 PM,7,3,4
03/12/2022 08:00:00 PM,4,1,3
03/12/2022 09:00:00 PM,4,3,1
03/12/2022 10:00:00 PM,6,3,3
03/12/2022 11:00:00 PM,8,5,3
03/13/2022 12:00:00 AM,2,1,1
03/13/2022 01:00:00 AM,3,3,0
03/13/2022 02:00:00 AM,,,
03/13/2022 03:00:00 AM,3,3,0
03/13/2022 04:00:00 AM,0,0,0
03/13/2022 05:00:00 AM,2,0,2
03/13/2022 06:00:00 AM,0,0,0
03/13/2022 07:00:00 AM,4,2,2
03/13/2022 08:00:00 AM,7,4,3
03/13/2022 09:00:00 AM,11,5,6
03/13/2022 10:00:00 AM,14,6,8
03/13/2022 11:00:00 AM,23,14,9
03/13/2022 12:00:00 PM,26,12,14
03/13/2022 01:00:00 PM,30,17,13
03/13/2022 02:00:00 PM,26,10,16
03/13/2022 03:00:00 PM,16,11,5
03/13/2022 04:00:00 PM,25,12,13
03/13/2022 05:00:00 PM,18,8,10
03/13/2022 06:00:00 PM,14,7,7
03/13/2022 07:00:00 PM,15,7,8
03/13/2022 08:00:00 PM,9,5,4
03/13/2022 09:00:00 PM,9,5,4
03/13/2022 10:00:00 PM,5,3,2
03/13/2022 11:00:00 PM,3,0,3
03/14/2022 12:00:00 AM,4,3,1
03/14/2022 01:00:00 AM,0,0,0
03/14/2022 02:00:00 AM,0,0,0
03/14/2022 03:00:00 AM,0,0,0
03/14/2022 04:00:00 AM,0,0,0
03/14/2022 05:00:00 AM,10,4,6
03/14/2022 06:00:00 AM,7,1,6
03/14/2022 07:00:00 AM,25,5,20
03/14/2022 08:00:00 AM,25,13,12
03/14/2022 09:00:00 AM,19,6,13
03/14/2022 10:00:00 AM,10,8,2
03/14/2022 11:00:00 AM,21,9,12
03/14/2022 12:00:00 PM,13,7,6
03/14/2022 01:00:00 PM,9,4,5
03/14/2022 02:00:00 PM,11,5,6
03/14/2022 03:00:00 PM,22,19,3
03/14/2022 04:00:00 PM,22,17,5
03/14/2022 05:00:00 PM,34,24,10
03/14/2022 06:00:00 PM,15,9,6
03/14/2022 07:00:00 PM,8,3,5
03/14/2022 08:00:00 PM,7,1,6
03/14/2022 09:00:00 PM,4,2,2
03/14/2022 10:00:00 PM,3,2,1
03/14/2022 11:00:00 PM,3,2,1
03/15/2022 12:00:00 AM,1,0,1
03/15/2022 01:00:00 AM,1,0,1
03/15/2022 02:00:00 AM,0,0,0
03/15/2022 03:00:00 AM,2,1,1
03/15/2022 04:00:00 AM,0,0,0
03/15/2022 05:00:00 AM,7,2,5
03/15/2022 06:00:00 AM,14,3,11
03/15/2022 07:00:00 AM,29,10,19
03/15/2022 08:00:00 AM,33,12,21
03/15/2022 09:00:00 AM,25,12,13
03/15/2022 10:00:00 AM,10,5,5
03/15/2022 11:00:00 AM,16,6,10
03/15/2022 12:00:00 PM,23,10,13
03/15/2022 01:00:00 PM,14,6,8
03/15/2022 02:00:00 PM,26,15,11
03/15/2022 03:00:00 PM,40,23,17
03/15/2022 04:00:00 PM,46,33,13
03/15/2022 05:00:00 PM,46,38,8
03/15/2022 06:00:00 PM,40,30,10
03/15/2022 07:00:00 PM,16,9,7
03/15/2022 08:00:00 PM,19,13,6
03/15/2022 09:00:00 PM,11,6,5
03/15/2022 10:00:00 PM,6,1,5
03/15/2022 11:00:00 PM,2,1,1
03/16/2022 12:00:00 AM,,,
03/16/2022 01:00:00 AM,,,
03/16/2022 02:00:00 AM,,,
03/16/2022 03:00:00 AM,,,
03/16/2022 04:00:00 AM,,,
03/16/2022 05:00:00 AM,,,
03/16/2022 06:00:00 AM,,,
03/16/2022 07:00:00 AM,,,
03/16/2022 08:00:00 AM,,,
03/16/2022 09:00:00 AM,,,
03/16/2022 10:00:00 AM,,,
03/16/2022 11:00:00 AM,,,
03/16/2022 12:00:00 PM,,,
03/16/2022 01:00:00 PM,0,0,0
03/16/2022 02:00:00 PM,23,15,8
03/16/2022 03:00:00 PM,42,21,21
03/16/2022 04:00:00 PM,71,44,27
03/16/2022 05:00:00 PM,68,48,20
03/16/2022 06:00:00 PM,33,17,16
03/16/2022 07:00:00 PM,23,13,10
03/16/2022 08:00:00 PM,22,7,15
03/16/2022 09:00:00 PM,15,7,8
03/16/2022 10:00:00 PM,14,9,5
03/16/2022 11:00:00 PM,6,4,2
03/17/2022 12:00:00 AM,5,3,2
03/17/2022 01:00:00 AM,0,0,0
03/17/2022 02:00:00 AM,0,0,0
03/17/2022 03:00:00 AM,0,0,0
03/17/2022 04:00:00 AM,3,3,0
03/17/2022 05:00:00 AM,10,3,7
03/17/2022 06:00:00 AM,15,5,10
03/17/2022 07:00:00 AM,32,13,19
03/17/2022 08:00:00 AM,32,16,16
03/17/2022 09:00:00 AM,24,13,11
03/17/2022 10:00:00 AM,14,8,6
03/17/2022 11:00:00 AM,24,12,12
03/17/2022 12:00:00 PM,12,9,3
03/17/2022 01:00:00 PM,20,11,9
03/17/2022 02:00:00 PM,38,23,15
03/17/2022 03:00:00 PM,36,23,13
03/17/2022 04:00:00 PM,42,27,15
03/17/2022 05:00:00 PM,52,30,22
03/17/2022 06:00:00 PM,40,21,19
03/17/2022 07:00:00 PM,15,7,8
03/17/2022 08:00:00 PM,18,7,11
03/17/2022 09:00:00 PM,11,5,6
03/17/2022 10:00:00 PM,8,5,3
03/17/2022 11:00:00 PM,8,1,7
03/18/2022 12:00:00 AM,1,0,1
03/18/2022 01:00:00 AM,1,0,1
03/18/2022 02:00:00 AM,0,0,0
03/18/2022 03:00:00 AM,2,1,1
03/18/2022 04:00:00 AM,3,3,0
03/18/2022 05:00:00 AM,11,5,6
03/18/2022 06:00:00 AM,19,7,12
03/18/2022 07:00:00 AM,29,10,19
03/18/2022 08:00:00 AM,27,10,17
03/18/2022 09:00:00 AM,15,9,6
03/18/2022 10:00:00 AM,11,5,6
03/18/2022 11:00:00 AM,25,15,10
03/18/2022 12:00:00 PM,16,6,10
03/18/2022 01:00:00 PM,23,11,12
03/18/2022 02:00:00 PM,37,24,13
03/18/2022 03:00:00 PM,44,30,14
03/18/2022 04:00:00 PM,46,31,15
03/18/2022 05:00:00 PM,44,28,16
03/18/2022 06:00:00 PM,34,25,9
03/18/2022 07:00:00 PM,29,19,10
03/18/2022 08:00:00 PM,12,7,5
03/18/2022 09:00:00 PM,17,7,10
03/18/2022 10:00:00 PM,4,4,0
03/18/2022 11:00:00 PM,6,2,4
03/19/2022 12:00:00 AM,5,1,4
03/19/2022 01:00:00 AM,6,5,1
03/19/2022 02:00:00 AM,4,1,3
03/19/2022 03:00:00 AM,2,1,1
03/19/2022 04:00:00 AM,0,0,0
03/19/2022 05:00:00 AM,4,0,4
03/19/2022 06:00:00 AM,2,2,0
03/19/2022 07:00:00 AM,2,0,2
03/19/2022 08:00:00 AM,3,2,1
03/19/2022 09:00:00 AM,10,7,3
03/19/2022 10:00:00 AM,8,6,2
03/19/2022 11:00:00 AM,12,8,4
03/19/2022 12:00:00 PM,10,6,4
03/19/2022 01:00:00 PM,23,13,10
03/19/2022 02:00:00 PM,22,11,11
03/19/2022 03:00:00 PM,15,8,7
03/19/2022 04:00:00 PM,17,7,10
03/19/2022 05:00:00 PM,8,6,2
03/19/2022 06:00:00 PM,13,10,3
03/19/2022 07:00:00 PM,16,5,11
03/19/2022 08:00:00 PM,3,0,3
03/19/2022 09:00:00 PM,7,4,3
03/19/2022 10:00:00 PM,12,7,5
03/19/2022 11:00:00 PM,12,11,1
03/20/2022 12:00:00 AM,3,3,0
03/20/2022 01:00:00 AM,3,2,1
03/20/2022 02:00:00 AM,2,2,0
03/20/2022 03:00:00 AM,1,1,0
03/20/2022 04:00:00 AM,0,0,0
03/20/2022 05:00:00 AM,0,0,0
03/20/2022 06:00:00 AM,1,1,0
03/20/2022 07:00:00 AM,1,1,0
03/20/2022 08:00:00 AM,6,2,4
03/20/2022 09:00:00 AM,8,2,6
03/20/2022 10:00:00 AM,22,13,9
03/20/2022 11:00:00 AM,15,5,10
03/20/2022 12:00:00 PM,24,16,8
03/20/2022 01:00:00 PM,12,8,4
03/20/2022 02:00:00 PM,21,7,14
03/20/2022 03:00:00 PM,5,2,3
03/20/2022 04:00:00 PM,10,4,6
03/20/2022 05:00:00 PM,8,3,5
03/20/2022 06:00:00 PM,8,7,1
03/20/2022 07:00:00 PM,6,3,3
03/20/2022 08:00:00 PM,5,4,1
03/20/2022 09:00:00 PM,2,2,0
03/20/2022 10:00:00 PM,3,3,0
03/20/2022 11:00:00 PM,5,3,2
03/21/2022 12:00:00 AM,2,1,1
03/21/2022 01:00:00 AM,0,0,0
03/21/2022 02:00:00 AM,0,0,0
03/21/2022 03:00:00 AM,0,0,0
03/21/2022 04:00:00 AM,2,1,1
03/21/2022 05:00:00 AM,3,1,2
03/21/2022 06:00:00 AM,13,2,11
03/21/2022 07:00:00 AM,25,6,19
03/21/2022 08:00:00 AM,22,9,13
03/21/2022 09:00:00 AM,6,4,2
03/21/2022 10:00:00 AM,6,4,2
03/21/2022 11:00:00 AM,9,3,6
03/21/2022 12:00:00 PM,12,6,6
03/21/2022 01:00:00 PM,9,5,4
03/21/2022 02:00:00 PM,14,10,4
03/21/2022 03:00:00 PM,27,16,11
03/21/2022 04:00:00 PM,38,29,9
03/21/2022 05:00:00 PM,35,21,14
03/21/2022 06:00:00 PM,18,5,13
03/21/2022 07:00:00 PM,9,5,4
03/21/2022 08:00:00 PM,5,0,5
03/21/2022 09:00:00 PM,10,5,5
03/21/2022 10:00:00 PM,4,2,2
03/21/2022 11:00:00 PM,2,0,2
03/22/2022 12:00:00 AM,0,0,0
03/22/2022 01:00:00 AM,2,1,1
03/22/2022 02:00:00 AM,1,0,1
03/22/2022 03:00:00 AM,1,0,1
03/22/2022 04:00:00 AM,1,1,0
03/22/2022 05:00:00 AM,8,2,6
03/22/2022 06:00:00 AM,27,7,20
03/22/2022 07:00:00 AM,32,12,20
03/22/2022 08:00:00 AM,43,16,27
03/22/2022 09:00:00 AM,32,19,13
03/22/2022 10:00:00 AM,11,5,6
03/22/2022 11:00:00 AM,33,21,12
03/22/2022 12:00:00 PM,18,11,7
03/22/2022 01:00:00 PM,28,12,16
03/22/2022 02:00:00 PM,41,21,20
03/22/2022 03:00:00 PM,39,29,10
03/22/2022 04:00:00 PM,69,47,22
03/22/2022 05:00:00 PM,81,52,29
03/22/2022 06:00:00 PM,41,27,14
03/22/2022 07:00:00 PM,22,9,13
03/22/2022 08:00:00 PM,18,5,13
03/22/2022 09:00:00 PM,20,10,10
03/22/2022 10:00:00 PM,9,7,2
03/22/2022 11:00:00 PM,8,4,4
03/23/2022 12:00:00 AM,6,4,2
03/23/2022 01:00:00 AM,1,1,0
03/23/2022 02:00:00 AM,3,3,0
03/23/2022 03:00:00 AM,1,1,0
03/23/2022 04:00:00 AM,2,1,1
03/23/2022 05:00:00 AM,15,2,13
03/23/2022 06:00:00 AM,17,5,12
03/23/2022 07:00:00 AM,33,10,23
03/23/2022 08:00:00 AM,48,15,33
03/23/2022 09:00:00 AM,32,22,10
03/23/2022 10:00:00 AM,15,8,7
03/23/2022 11:00:00 AM,20,11,9
03/23/2022 12:00:00 PM,15,12,3
03/23/2022 01:00:00 PM,16,8,8
03/23/2022 02:00:00 PM,22,17,5
03/23/2022 03:00:00 PM,26,16,10
03/23/2022 04:00:00 PM,54,39,15
03/23/2022 05:00:00 PM,52,37,15
03/23/2022 06:00:00 PM,17,13,4
03/23/2022 07:00:00 PM,12,8,4
03/23/2022 08:00:00 PM,5,3,2
03/23/2022 09:00:00 PM,3,2,1
03/23/2022 10:00:00 PM,3,2,1
03/23/2022 11:00:00 PM,13,11,2
03/24/2022 12:00:00 AM,3,1,2
03/24/2022 01:00:00 AM,1,0,1
03/24/2022 02:00:00 AM,4,1,3
03/24/2022 03:00:00 AM,1,0,1
03/24/2022 04:00:00 AM,2,2,0
03/24/2022 05:00:00 AM,9,4,5
03/24/2022 06:00:00 AM,23,11,12
03/24/2022 07:00:00 AM,42,16,26
03/24/2022 08:00:00 AM,46,21,25
03/24/2022 09:00:00 AM,23,14,9
03/24/2022 10:00:00 AM,14,9,5
03/24/2022 11:00:00 AM,20,9,11
03/24/2022 12:00:00 PM,23,11,12
03/24/2022 01:00:00 PM,36,18,18
03/24/2022 02:00:00 PM,32,18,14
03/24/2022 03:00:00 PM,35,26,9
03/24/2022 04:00:00 PM,45,33,12
03/24/2022 05:00:00 PM,57,34,23
03/24/2022 06:00:00 PM,48,33,15
03/24/2022 07:00:00 PM,26,11,15
03/24/2022 08:00:00 PM,12,6,6
03/24/2022 09:00:00 PM,8,4,4
03/24/2022 10:00:00 PM,7,6,1
03/24/2022 11:00:00 PM,7,5,2
03/25/2022 12:00:00 AM,0,0,0
03/25/2022 01:00:00 AM,0,0,0
03/25/2022 02:00:00 AM,0,0,0
03/25/2022 03:00:00 AM,1,0,1
03/25/2022 04:00:00 AM,3,3,0
03/25/2022 05:00:00 AM,9,5,4
03/25/2022 06:00:00 AM,12,5,7
03/25/2022 07:00:00 AM,33,12,21
03/25/2022 08:00:00 AM,27,18,9
03/25/2022 09:00:00 AM,24,19,5
03/25/2022 10:00:00 AM,20,9,11
03/25/2022 11:00:00 AM,23,10,13
03/25/2022 12:00:00 PM,20,5,15
03/25/2022 01:00:00 PM,35,19,16
03/25/2022 02:00:00 PM,37,22,15
03/25/2022 03:00:00 PM,41,26,15
03/25/2022 04:00:00 PM,72,42,30
03/25/2022 05:00:00 PM,57,32,25
03/25/2022 06:00:00 PM,48,25,23
03/25/2022 07:00:00 PM,36,19,17
03/25/2022 08:00:00 PM,22,12,10
03/25/2022 09:00:00 PM,11,6,5
03/25/2022 10:00:00 PM,15,9,6
03/25/2022 11:00:00 PM,12,10,2
03/26/2022 12:00:00 AM,11,9,2
03/26/2022 01:00:00 AM,4,0,4
03/26/2022 02:00:00 AM,7,5,2
03/26/2022 03:00:00 AM,1,0,1
03/26/2022 04:00:00 AM,1,0,1
03/26/2022 05:00:00 AM,5,1,4
03/26/2022 06:00:00 AM,0,0,0
03/26/2022 07:00:00 AM,5,3,2
03/26/2022 08:00:00 AM,10,4,6
03/26/2022 09:00:00 AM,9,2,7
03/26/2022 10:00:00 AM,29,17,12
03/26/2022 11:00:00 AM,20,11,9
03/26/2022 12:00:00 PM,28,17,11
03/26/2022 01:00:00 PM,41,26,15
03/26/2022 02:00:00 PM,55,31,24
03/26/2022 03:00:00 PM,38,24,14
03/26/2022 04:00:00 PM,40,27,13
03/26/2022 05:00:00 PM,32,25,7
03/26/2022 06:00:00 PM,25,22,3
03/26/2022 07:00:00 PM,22,14,8
03/26/2022 08:00:00 PM,9,5,4
03/26/2022 09:00:00 PM,17,7,10
03/26/2022 10:00:00 PM,56,8,48
03/26/2022 11:00:00 PM,20,10,10
03/27/2022 12:00:00 AM,14,9,5
03/27/2022 01:00:00 AM,6,2,4
03/27/2022 02:00:00 AM,8,2,6
03/27/2022 03:00:00 AM,2,2,0
03/27/2022 04:00:00 AM,4,1,3
03/27/2022 05:00:00 AM,1,0,1
03/27/2022 06:00:00 AM,3,2,1
03/27/2022 07:00:00 AM,5,4,1
03/27/2022 08:00:00 AM,4,3,1
03/27/2022 09:00:00 AM,14,5,9
03/27/2022 10:00:00 AM,23,11,12
03/27/2022 11:00:00 AM,20,10,10
03/27/2022 12:00:00 PM,37,14,23
03/27/2022 01:00:00 PM,52,22,30
03/27/2022 02:00:00 PM,43,28,15
03/27/2022 03:00:00 PM,44,30,14
03/27/2022 04:00:00 PM,32,22,10
03/27/2022 05:00:00 PM,32,12,20
03/27/2022 06:00:00 PM,20,13,7
03/27/2022 07:00:00 PM,10,3,7
03/27/2022 08:00:00 PM,16,8,8
03/27/2022 09:00:00 PM,11,9,2
03/27/2022 10:00:00 PM,13,2,11
03/27/2022 11:00:00 PM,4,1,3
03/28/2022 12:00:00 AM,2,1,1
03/28/2022 01:00:00 AM,2,1,1
03/28/2022 02:00:00 AM,3,2,1
03/28/2022 03:00:00 AM,3,1,2
03/28/2022 04:00:00 AM,1,1,0
03/28/2022 05:00:00 AM,10,6,4
03/28/2022 06:00:00 AM,19,8,11
03/28/2022 07:00:00 AM,33,13,20
03/28/2022 08:00:00 AM,31,9,22
03/28/2022 09:00:00 AM,31,16,15
03/28/2022 10:00:00 AM,18,7,11
03/28/2022 11:00:00 AM,21,12,9
03/28/2022 12:00:00 PM,13,4,9
03/28/2022 01:00:00 PM,15,8,7
03/28/2022 02:00:00 PM,28,17,11
03/28/2022 03:00:00 PM,45,34,11
03/28/2022 04:00:00 PM,60,38,22
03/28/2022 05:00:00 PM,52,30,22
03/28/2022 06:00:00 PM,26,16,10
03/28/2022 07:00:00 PM,12,8,4
03/28/2022 08:00:00 PM,11,5,6
03/28/2022 09:00:00 PM,12,9,3
03/28/2022 10:00:00 PM,5,4,1
03/28/2022 11:00:00 PM,2,2,0
03/29/2022 12:00:00 AM,6,4,2
03/29/2022 01:00:00 AM,0,0,0
03/29/2022 02:00:00 AM,2,0,2
03/29/2022 03:00:00 AM,1,0,1
03/29/2022 04:00:00 AM,2,2,0
03/29/2022 05:00:00 AM,10,5,5
03/29/2022 06:00:00 AM,18,7,11
03/29/2022 07:00:00 AM,48,13,35
03/29/2022 08:00:00 AM,63,27,36
03/29/2022 09:00:00 AM,42,20,22
03/29/2022 10:00:00 AM,17,8,9
03/29/2022 11:00:00 AM,29,13,16
03/29/2022 12:00:00 PM,17,8,9
03/29/2022 01:00:00 PM,31,18,13
03/29/2022 02:00:00 PM,32,22,10
03/29/2022 03:00:00 PM,35,22,13
03/29/2022 04:00:00 PM,97,66,31
03/29/2022 05:00:00 PM,77,49,28
03/29/2022 06:00:00 PM,49,30,19
03/29/2022 07:00:00 PM,21,17,4
03/29/2022 08:00:00 PM,18,5,13
03/29/2022 09:00:00 PM,11,8,3
03/29/2022 10:00:00 PM,7,3,4
03/29/2022 11:00:00 PM,10,3,7
03/30/2022 12:00:00 AM,4,3,1
03/30/2022 01:00:00 AM,1,1,0
03/30/2022 02:00:00 AM,1,0,1
03/30/2022 03:00:00 AM,1,0,1
03/30/2022 04:00:00 AM,2,2,0
03/30/2022 05:00:00 AM,5,3,2
03/30/2022 06:00:00 AM,20,6,14
03/30/2022 07:00:00 AM,34,12,22
03/30/2022 08:00:00 AM,45,18,27
03/30/2022 09:00:00 AM,28,16,12
03/30/2022 10:00:00 AM,19,10,9
03/30/2022 11:00:00 AM,33,18,15
03/30/2022 12:00:00 PM,25,8,17
03/30/2022 01:00:00 PM,23,12,11
03/30/2022 02:00:00 PM,27,16,11
03/30/2022 03:00:00 PM,26,16,10
03/30/2022 04:00:00 PM,62,39,23
03/30/2022 05:00:00 PM,51,33,18
03/30/2022 06:00:00 PM,26,8,18
03/30/2022 07:00:00 PM,8,5,3
03/30/2022 08:00:00 PM,6,3,3
03/30/2022 09:00:00 PM,7,3,4
03/30/2022 10:00:00 PM,10,6,4
03/30/2022 11:00:00 PM,6,4,2
03/31/2022 12:00:00 AM,5,2,3
03/31/2022 01:00:00 AM,0,0,0
03/31/2022 02:00:00 AM,0,0,0
03/31/2022 03:00:00 AM,3,1,2
03/31/2022 04:00:00 AM,0,0,0
03/31/2022 05:00:00 AM,6,2,4
03/31/2022 06:00:00 AM,20,8,12
03/31/2022 07:00:00 AM,46,14,32
03/31/2022 08:00:00 AM,60,32,28
03/31/2022 09:00:00 AM,32,21,11
03/31/2022 10:00:00 AM,11,4,7
03/31/2022 11:00:00 AM,21,13,8
03/31/2022 12:00:00 PM,24,13,11
03/31/2022 01:00:00 PM,31,17,14
03/31/2022 02:00:00 PM,30,18,12
03/31/2022 03:00:00 PM,40,26,14
03/31/2022 04:00:00 PM,74,48,26
03/31/2022 05:00:00 PM,74,45,29
03/31/2022 06:00:00 PM,44,29,15
03/31/2022 07:00:00 PM,24,11,13
03/31/2022 08:00:00 PM,18,7,11
03/31/2022 09:00:00 PM,17,10,7
03/31/2022 10:00:00 PM,7,4,3
03/31/2022 11:00:00 PM,14,10,4
04/01/2022 12:00:00 AM,4,3,1
04/01/2022 01:00:00 AM,2,2,0
04/01/2022 02:00:00 AM,2,2,0
04/01/2022 03:00:00 AM,2,1,1
04/01/2022 04:00:00 AM,1,1,0
04/01/2022 05:00:00 AM,11,5,6
04/01/2022 06:00:00 AM,16,5,11
04/01/2022 07:00:00 AM,35,11,24
04/01/2022 08:00:00 AM,46,25,21
04/01/2022 09:00:00 AM,31,18,13
04/01/2022 10:00:00 AM,16,5,11
04/01/2022 11:00:00 AM,32,15,17
04/01/2022 12:00:00 PM,19,8,11
04/01/2022 01:00:00 PM,25,13,12
04/01/2022 02:00:00 PM,34,21,13
04/01/2022 03:00:00 PM,44,28,16
04/01/2022 04:00:00 PM,56,39,17
04/01/2022 05:00:00 PM,50,30,20
04/01/2022 06:00:00 PM,42,23,19
04/01/2022 07:00:00 PM,23,12,11
04/01/2022 08:00:00 PM,7,2,5
04/01/2022 09:00:00 PM,9,5,4
04/01/2022 10:00:00 PM,9,3,6
04/01/2022 11:00:00 PM,7,5,2
04/02/2022 12:00:00 AM,1,0,1
04/02/2022 01:00:00 AM,1,1,0
04/02/2022 02:00:00 AM,6,2,4
04/02/2022 03:00:00 AM,3,0,3
04/02/2022 04:00:00 AM,0,0,0
04/02/2022 05:00:00 AM,1,0,1
04/02/2022 06:00:00 AM,0,0,0
04/02/2022 07:00:00 AM,4,1,3
04/02/2022 08:00:00 AM,2,1,1
04/02/2022 09:00:00 AM,7,2,5
04/02/2022 10:00:00 AM,19,9,10
04/02/2022 11:00:00 AM,13,2,11
04/02/2022 12:00:00 PM,33,10,23
04/02/2022 01:00:00 PM,40,21,19
04/02/2022 02:00:00 PM,36,18,18
04/02/2022 03:00:00 PM,18,4,14
04/02/2022 04:00:00 PM,23,5,18
04/02/2022 05:00:00 PM,26,11,15
04/02/2022 06:00:00 PM,33,14,19
04/02/2022 07:00:00 PM,31,17,14
04/02/2022 08:00:00 PM,16,3,13
04/02/2022 09:00:00 PM,16,7,9
04/02/2022 10:00:00 PM,11,3,8
04/02/2022 11:00:00 PM,8,7,1
04/03/2022 12:00:00 AM,7,7,0
04/03/2022 01:00:00 AM,2,1,1
04/03/2022 02:00:00 AM,8,0,8
04/03/2022 03:00:00 AM,3,3,0
04/03/2022 04:00:00 AM,1,1,0
04/03/2022 05:00:00 AM,1,0,1
04/03/2022 06:00:00 AM,2,2,0
04/03/2022 07:00:00 AM,3,1,2
04/03/2022 08:00:00 AM,2,0,2
04/03/2022 09:00:00 AM,7,2,5
04/03/2022 10:00:00 AM,10,3,7
04/03/2022 11:00:00 AM,13,7,6
04/03/2022 12:00:00 PM,21,6,15
04/03/2022 01:00:00 PM,12,6,6
04/03/2022 02:00:00 PM,16,8,8
04/03/2022 03:00:00 PM,22,7,15
04/03/2022 04:00:00 PM,17,9,8
04/03/2022 05:00:00 PM,7,2,5
04/03/2022 06:00:00 PM,11,6,5
04/03/2022 07:00:00 PM,4,1,3
04/03/2022 08:00:00 PM,9,7,2
04/03/2022 09:00:00 PM,2,1,1
04/03/2022 10:00:00 PM,2,2,0
04/03/2022 11:00:00 PM,4,2,2
04/04/2022 12:00:00 AM,2,0,2
04/04/2022 01:00:00 AM,3,2,1
04/04/2022 02:00:00 AM,0,0,0
04/04/2022 03:00:00 AM,1,0,1
04/04/2022 04:00:00 AM,3,2,1
04/04/2022 05:00:00 AM,5,2,3
04/04/2022 06:00:00 AM,9,1,8
04/04/2022 07:00:00 AM,26,9,17
04/04/2022 08:00:00 AM,23,12,11
04/04/2022 09:00:00 AM,26,13,13
04/04/2022 10:00:00 AM,9,5,4
04/04/2022 11:00:00 AM,13,4,9
04/04/2022 12:00:00 PM,15,7,8
04/04/2022 01:00:00 PM,9,4,5
04/04/2022 02:00:00 PM,16,10,6
04/04/2022 03:00:00 PM,26,13,13
04/04/2022 04:00:00 PM,33,25,8
04/04/2022 05:00:00 PM,51,28,23
04/04/2022 06:00:00 PM,20,9,11
04/04/2022 07:00:00 PM,11,4,7
04/04/2022 08:00:00 PM,7,1,6
04/04/2022 09:00:00 PM,8,8,0
04/04/2022 10:00:00 PM,2,1,1
04/04/2022 11:00:00 PM,4,0,4
04/05/2022 12:00:00 AM,1,1,0
04/05/2022 01:00:00 AM,1,1,0
04/05/2022 02:00:00 AM,1,1,0
04/05/2022 03:00:00 AM,1,0,1
04/05/2022 04:00:00 AM,1,1,0
04/05/2022 05:00:00 AM,6,3,3
04/05/2022 06:00:00 AM,15,3,12
04/05/2022 07:00:00 AM,36,9,27
04/05/2022 08:00:00 AM,51,18,33
04/05/2022 09:00:00 AM,43,20,23
04/05/2022 10:00:00 AM,25,13,12
04/05/2022 11:00:00 AM,20,8,12
04/05/2022 12:00:00 PM,16,9,7
04/05/2022 01:00:00 PM,30,16,14
04/05/2022 02:00:00 PM,29,15,14
04/05/2022 03:00:00 PM,48,28,20
04/05/2022 04:00:00 PM,68,49,19
04/05/2022 05:00:00 PM,70,45,25
04/05/2022 06:00:00 PM,42,27,15
04/05/2022 07:00:00 PM,19,8,11
04/05/2022 08:00:00 PM,15,4,11
04/05/2022 09:00:00 PM,23,15,8
04/05/2022 10:00:00 PM,10,6,4
04/05/2022 11:00:00 PM,3,1,2
04/06/2022 12:00:00 AM,3,2,1
04/06/2022 01:00:00 AM,4,3,1
04/06/2022 02:00:00 AM,0,0,0
04/06/2022 03:00:00 AM,0,0,0
04/06/2022 04:00:00 AM,1,1,0
04/06/2022 05:00:00 AM,12,5,7
04/06/2022 06:00:00 AM,16,6,10
04/06/2022 07:00:00 AM,39,14,25
04/06/2022 08:00:00 AM,54,23,31
04/06/2022 09:00:00 AM,41,28,13
04/06/2022 10:00:00 AM,22,8,14
04/06/2022 11:00:00 AM,28,13,15
04/06/2022 12:00:00 PM,36,18,18
04/06/2022 01:00:00 PM,24,15,9
04/06/2022 02:00:00 PM,42,25,17
04/06/2022 03:00:00 PM,46,40,6
04/06/2022 04:00:00 PM,70,46,24
04/06/2022 05:00:00 PM,84,53,31
04/06/2022 06:00:00 PM,79,57,22
04/06/2022 07:00:00 PM,48,26,22
04/06/2022 08:00:00 PM,14,5,9
04/06/2022 09:00:00 PM,78,14,64
04/06/2022 10:00:00 PM,15,1,14
04/06/2022 11:00:00 PM,4,2,2
04/07/2022 12:00:00 AM,4,3,1
04/07/2022 01:00:00 AM,0,0,0
04/07/2022 02:00:00 AM,2,2,0
04/07/2022 03:00:00 AM,1,0,1
04/07/2022 04:00:00 AM,3,3,0
04/07/2022 05:00:00 AM,16,5,11
04/07/2022 06:00:00 AM,22,5,17
04/07/2022 07:00:00 AM,47,15,32
04/07/2022 08:00:00 AM,62,22,40
04/07/2022 09:00:00 AM,39,20,19
04/07/2022 10:00:00 AM,27,13,14
04/07/2022 11:00:00 AM,27,13,14
04/07/2022 12:00:00 PM,21,13,8
04/07/2022 01:00:00 PM,27,15,12
04/07/2022 02:00:00 PM,33,24,9
04/07/2022 03:00:00 PM,59,36,23
04/07/2022 04:00:00 PM,100,55,45
04/07/2022 05:00:00 PM,112,68,44
04/07/2022 06:00:00 PM,74,46,28
04/07/2022 07:00:00 PM,41,21,20
04/07/2022 08:00:00 PM,31,12,19
04/07/2022 09:00:00 PM,22,11,11
04/07/2022 10:00:00 PM,13,6,7
04/07/2022 11:00:00 PM,10,8,2
04/08/2022 12:00:00 AM,6,1,5
04/08/2022 01:00:00 AM,2,1,1
04/08/2022 02:00:00 AM,1,1,0
04/08/2022 03:00:00 AM,0,0,0
04/08/2022 04:00:00 AM,1,1,0
04/08/2022 05:00:00 AM,7,0,7
04/08/2022 06:00:00 AM,23,6,17
04/08/2022 07:00:00 AM,18,3,15
04/08/2022 08:00:00 AM,29,13,16
04/08/2022 09:00:00 AM,23,15,8
04/08/2022 10:00:00 AM,20,7,13
04/08/2022 11:00:00 AM,15,9,6
04/08/2022 12:00:00 PM,20,5,15
04/08/2022 01:00:00 PM,27,12,15
04/08/2022 02:00:00 PM,25,17,8
04/08/2022 03:00:00 PM,32,17,15
04/08/2022 04:00:00 PM,36,26,10
04/08/2022 05:00:00 PM,47,32,15
04/08/2022 06:00:00 PM,40,23,17
04/08/2022 07:00:00 PM,20,11,9
04/08/2022 08:00:00 PM,22,12,10
04/08/2022 09:00:00 PM,17,10,7
04/08/2022 10:00:00 PM,18,6,12
04/08/2022 11:00:00 PM,7,6,1
04/09/2022 12:00:00 AM,25,6,19
04/09/2022 01:00:00 AM,4,2,2
04/09/2022 02:00:00 AM,4,3,1
04/09/2022 03:00:00 AM,1,0,1
04/09/2022 04:00:00 AM,0,0,0
04/09/2022 05:00:00 AM,3,0,3
04/09/2022 06:00:00 AM,3,2,1
04/09/2022 07:00:00 AM,8,3,5
04/09/2022 08:00:00 AM,6,5,1
04/09/2022 09:00:00 AM,23,11,12
04/09/2022 10:00:00 AM,17,12,5
04/09/2022 11:00:00 AM,26,19,7
04/09/2022 12:00:00 PM,20,8,12
04/09/2022 01:00:00 PM,31,21,10
04/09/2022 02:00:00 PM,24,10,14
04/09/2022 03:00:00 PM,31,14,17
04/09/2022 04:00:00 PM,25,16,9
04/09/2022 05:00:00 PM,13,9,4
04/09/2022 06:00:00 PM,21,12,9
04/09/2022 07:00:00 PM,15,10,5
04/09/2022 08:00:00 PM,19,10,9
04/09/2022 09:00:00 PM,6,4,2
04/09/2022 10:00:00 PM,5,4,1
04/09/2022 11:00:00 PM,9,2,7
04/10/2022 12:00:00 AM,2,2,0
04/10/2022 01:00:00 AM,1,1,0
04/10/2022 02:00:00 AM,2,0,2
04/10/2022 03:00:00 AM,1,1,0
04/10/2022 04:00:00 AM,1,0,1
04/10/2022 05:00:00 AM,1,0,1
04/10/2022 06:00:00 AM,2,2,0
04/10/2022 07:00:00 AM,3,1,2
04/10/2022 08:00:00 AM,2,0,2
04/10/2022 09:00:00 AM,7,2,5
04/10/2022 10:00:00 AM,6,3,3
04/10/2022 11:00:00 AM,12,6,6
04/10/2022 12:00:00 PM,10,4,6
04/10/2022 01:00:00 PM,13,4,9
04/10/2022 02:00:00 PM,15,5,10
04/10/2022 03:00:00 PM,14,8,6
04/10/2022 04:00:00 PM,12,4,8
04/10/2022 05:00:00 PM,26,7,19
04/10/2022 06:00:00 PM,16,9,7
04/10/2022 07:00:00 PM,6,4,2
04/10/2022 08:00:00 PM,4,3,1
04/10/2022 09:00:00 PM,5,3,2
04/10/2022 10:00:00 PM,6,2,4
04/10/2022 11:00:00 PM,0,0,0
04/11/2022 12:00:00 AM,1,0,1
04/11/2022 01:00:00 AM,3,3,0
04/11/2022 02:00:00 AM,2,1,1
04/11/2022 03:00:00 AM,0,0,0
04/11/2022 04:00:00 AM,0,0,0
04/11/2022 05:00:00 AM,12,4,8
04/11/2022 06:00:00 AM,8,1,7
04/11/2022 07:00:00 AM,26,6,20
04/11/2022 08:00:00 AM,28,14,14
04/11/2022 09:00:00 AM,19,10,9
04/11/2022 10:00:00 AM,15,8,7
04/11/2022 11:00:00 AM,14,9,5
04/11/2022 12:00:00 PM,10,3,7
04/11/2022 01:00:00 PM,11,6,5
04/11/2022 02:00:00 PM,18,10,8
04/11/2022 03:00:00 PM,30,16,14
04/11/2022 04:00:00 PM,45,37,8
04/11/2022 05:00:00 PM,48,31,17
04/11/2022 06:00:00 PM,22,10,12
04/11/2022 07:00:00 PM,15,7,8
04/11/2022 08:00:00 PM,18,7,11
04/11/2022 09:00:00 PM,6,3,3
04/11/2022 10:00:00 PM,4,2,2
04/11/2022 11:00:00 PM,0,0,0
04/12/2022 12:00:00 AM,1,0,1
04/12/2022 01:00:00 AM,2,2,0
04/12/2022 02:00:00 AM,0,0,0
04/12/2022 03:00:00 AM,1,0,1
04/12/2022 04:00:00 AM,1,1,0
04/12/2022 05:00:00 AM,10,5,5
04/12/2022 06:00:00 AM,16,6,10
04/12/2022 07:00:00 AM,27,11,16
04/12/2022 08:00:00 AM,36,9,27
04/12/2022 09:00:00 AM,21,12,9
04/12/2022 10:00:00 AM,20,13,7
04/12/2022 11:00:00 AM,10,6,4
04/12/2022 12:00:00 PM,12,6,6
04/12/2022 01:00:00 PM,19,8,11
04/12/2022 02:00:00 PM,18,13,5
04/12/2022 03:00:00 PM,40,29,11
04/12/2022 04:00:00 PM,53,38,15
04/12/2022 05:00:00 PM,61,43,18
04/12/2022 06:00:00 PM,25,13,12
04/12/2022 07:00:00 PM,13,9,4
04/12/2022 08:00:00 PM,13,7,6
04/12/2022 09:00:00 PM,10,3,7
04/12/2022 10:00:00 PM,3,2,1
04/12/2022 11:00:00 PM,5,2,3
04/13/2022 12:00:00 AM,2,1,1
04/13/2022 01:00:00 AM,0,0,0
04/13/2022 02:00:00 AM,0,0,0
04/13/2022 03:00:00 AM,2,0,2
04/13/2022 04:00:00 AM,1,1,0
04/13/2022 05:00:00 AM,13,4,9
04/13/2022 06:00:00 AM,25,8,17
04/13/2022 07:00:00 AM,28,8,20
04/13/2022 08:00:00 AM,47,19,28
04/13/2022 09:00:00 AM,24,16,8
04/13/2022 10:00:00 AM,16,5,11
04/13/2022 11:00:00 AM,13,7,6
04/13/2022 12:00:00 PM,18,9,9
04/13/2022 01:00:00 PM,15,8,7
04/13/2022 02:00:00 PM,27,16,11
04/13/2022 03:00:00 PM,35,24,11
04/13/2022 04:00:00 PM,48,36,12
04/13/2022 05:00:00 PM,61,37,24
04/13/2022 06:00:00 PM,33,19,14
04/13/2022 07:00:00 PM,18,7,11
04/13/2022 08:00:00 PM,8,3,5
04/13/2022 09:00:00 PM,8,3,5
04/13/2022 10:00:00 PM,4,4,0
04/13/2022 11:00:00 PM,5,2,3
04/14/2022 12:00:00 AM,2,2,0
04/14/2022 01:00:00 AM,2,2,0
04/14/2022 02:00:00 AM,0,0,0
04/14/2022 03:00:00 AM,0,0,0
04/14/2022 04:00:00 AM,1,1,0
04/14/2022 05:00:00 AM,12,5,7
04/14/2022 06:00:00 AM,13,4,9
04/14/2022 07:00:00 AM,29,12,17
04/14/2022 08:00:00 AM,30,14,16
04/14/2022 09:00:00 AM,20,13,7
04/14/2022 10:00:00 AM,7,4,3
04/14/2022 11:00:00 AM,10,5,5
04/14/2022 12:00:00 PM,15,10,5
04/14/2022 01:00:00 PM,20,10,10
04/14/2022 02:00:00 PM,33,18,15
04/14/2022 03:00:00 PM,30,22,8
04/14/2022 04:00:00 PM,46,32,14
04/14/2022 05:00:00 PM,47,28,19
04/14/2022 06:00:00 PM,32,16,16
04/14/2022 07:00:00 PM,28,16,12
04/14/2022 08:00:00 PM,19,10,9
04/14/2022 09:00:00 PM,12,4,8
04/14/2022 10:00:00 PM,7,4,3
04/14/2022 11:00:00 PM,5,1,4
04/15/2022 12:00:00 AM,2,0,2
04/15/2022 01:00:00 AM,3,0,3
04/15/2022 02:00:00 AM,2,2,0
04/15/2022 03:00:00 AM,0,0,0
04/15/2022 04:00:00 AM,2,1,1
04/15/2022 05:00:00 AM,13,4,9
04/15/2022 06:00:00 AM,11,3,8
04/15/2022 07:00:00 AM,24,8,16
04/15/2022 08:00:00 AM,29,11,18
04/15/2022 09:00:00 AM,13,8,5
04/15/2022 10:00:00 AM,12,6,6
04/15/2022 11:00:00 AM,10,5,5
04/15/2022 12:00:00 PM,18,7,11
04/15/2022 01:00:00 PM,27,13,14
04/15/2022 02:00:00 PM,49,30,19
04/15/2022 03:00:00 PM,52,34,18
04/15/2022 04:00:00 PM,90,65,25
04/15/2022 05:00:00 PM,101,80,21
04/15/2022 06:00:00 PM,80,58,22
04/15/2022 07:00:00 PM,40,18,22
04/15/2022 08:00:00 PM,25,8,17
04/15/2022 09:00:00 PM,44,10,34
04/15/2022 10:00:00 PM,65,5,60
04/15/2022 11:00:00 PM,12,2,10
04/16/2022 12:00:00 AM,10,5,5
04/16/2022 01:00:00 AM,4,1,3
04/16/2022 02:00:00 AM,5,2,3
04/16/2022 03:00:00 AM,0,0,0
04/16/2022 04:00:00 AM,1,0,1
04/16/2022 05:00:00 AM,2,0,2
04/16/2022 06:00:00 AM,3,3,0
04/16/2022 07:00:00 AM,12,8,4
04/16/2022 08:00:00 AM,4,3,1
04/16/2022 09:00:00 AM,17,7,10
04/16/2022 10:00:00 AM,14,8,6
04/16/2022 11:00:00 AM,17,11,6
04/16/2022 12:00:00 PM,22,13,9
04/16/2022 01:00:00 PM,24,12,12
04/16/2022 02:00:00 PM,27,16,11
04/16/2022 03:00:00 PM,25,14,11
04/16/2022 04:00:00 PM,36,24,12
04/16/2022 05:00:00 PM,52,42,10
04/16/2022 06:00:00 PM,34,32,2
04/16/2022 07:00:00 PM,23,19,4
04/16/2022 08:00:00 PM,23,4,19
04/16/2022 09:00:00 PM,55,4,51
04/16/2022 10:00:00 PM,13,3,10
04/16/2022 11:00:00 PM,7,1,6
04/17/2022 12:00:00 AM,1,0,1
04/17/2022 01:00:00 AM,0,0,0
04/17/2022 02:00:00 AM,4,0,4
04/17/2022 03:00:00 AM,6,2,4
04/17/2022 04:00:00 AM,1,1,0
04/17/2022 05:00:00 AM,1,0,1
04/17/2022 06:00:00 AM,2,2,0
04/17/2022 07:00:00 AM,3,1,2
04/17/2022 08:00:00 AM,8,6,2
04/17/2022 09:00:00 AM,20,11,9
04/17/2022 10:00:00 AM,32,23,9
04/17/2022 11:00:00 AM,17,7,10
04/17/2022 12:00:00 PM,52,39,13
04/17/2022 01:00:00 PM,65,47,18
04/17/2022 02:00:00 PM,48,24,24
04/17/2022 03:00:00 PM,59,24,35
04/17/2022 04:00:00 PM,56,24,32
04/17/2022 05:00:00 PM,36,11,25
04/17/2022 06:00:00 PM,21,8,13
04/17/2022 07:00:00 PM,22,10,12
04/17/2022 08:00:00 PM,10,3,7
04/17/2022 09:00:00 PM,8,6,2
04/17/2022 10:00:00 PM,7,3,4
04/17/2022 11:00:00 PM,1,1,0
04/18/2022 12:00:00 AM,0,0,0
04/18/2022 01:00:00 AM,1,1,0
04/18/2022 02:00:00 AM,1,0,1
04/18/2022 03:00:00 AM,1,0,1
04/18/2022 04:00:00 AM,1,0,1
04/18/2022 05:00:00 AM,14,4,10
04/18/2022 06:00:00 AM,15,5,10
04/18/2022 07:00:00 AM,20,4,16
04/18/2022 08:00:00 AM,35,14,21
04/18/2022 09:00:00 AM,30,12,18
04/18/2022 10:00:00 AM,9,5,4
04/18/2022 11:00:00 AM,15,7,8
04/18/2022 12:00:00 PM,13,5,8
04/18/2022 01:00:00 PM,11,3,8
04/18/2022 02:00:00 PM,20,14,6
04/18/2022 03:00:00 PM,19,13,6
04/18/2022 04:00:00 PM,24,22,2
04/18/2022 05:00:00 PM,39,23,16
04/18/2022 06:00:00 PM,15,10,5
04/18/2022 07:00:00 PM,7,5,2
04/18/2022 08:00:00 PM,4,2,2
04/18/2022 09:00:00 PM,2,2,0
04/18/2022 10:00:00 PM,8,7,1
04/18/2022 11:00:00 PM,1,0,1
04/19/2022 12:00:00 AM,1,0,1
04/19/2022 01:00:00 AM,0,0,0
04/19/2022 02:00:00 AM,1,0,1
04/19/2022 03:00:00 AM,1,0,1
04/19/2022 04:00:00 AM,1,1,0
04/19/2022 05:00:00 AM,10,3,7
04/19/2022 06:00:00 AM,24,6,18
04/19/2022 07:00:00 AM,29,5,24
04/19/2022 08:00:00 AM,53,24,29
04/19/2022 09:00:00 AM,29,15,14
04/19/2022 10:00:00 AM,29,19,10
04/19/2022 11:00:00 AM,20,10,10
04/19/2022 12:00:00 PM,19,8,11
04/19/2022 01:00:00 PM,23,17,6
04/19/2022 02:00:00 PM,23,16,7
04/19/2022 03:00:00 PM,37,24,13
04/19/2022 04:00:00 PM,60,46,14
04/19/2022 05:00:00 PM,80,51,29
04/19/2022 06:00:00 PM,63,45,18
04/19/2022 07:00:00 PM,23,8,15
04/19/2022 08:00:00 PM,21,11,10
04/19/2022 09:00:00 PM,33,8,25
04/19/2022 10:00:00 PM,10,5,5
04/19/2022 11:00:00 PM,4,3,1
04/20/2022 12:00:00 AM,2,2,0
04/20/2022 01:00:00 AM,2,1,1
04/20/2022 02:00:00 AM,1,0,1
04/20/2022 03:00:00 AM,0,0,0
04/20/2022 04:00:00 AM,5,4,1
04/20/2022 05:00:00 AM,9,4,5
04/20/2022 06:00:00 AM,19,5,14
04/20/2022 07:00:00 AM,30,11,19
04/20/2022 08:00:00 AM,56,22,34
04/20/2022 09:00:00 AM,26,12,14
04/20/2022 10:00:00 AM,18,11,7
04/20/2022 11:00:00 AM,16,9,7
04/20/2022 12:00:00 PM,34,19,15
04/20/2022 01:00:00 PM,14,9,5
04/20/2022 02:00:00 PM,39,23,16
04/20/2022 03:00:00 PM,31,22,9
04/20/2022 04:00:00 PM,52,39,13
04/20/2022 05:00:00 PM,86,58,28
04/20/2022 06:00:00 PM,43,32,11
04/20/2022 07:00:00 PM,18,11,7
04/20/2022 08:00:00 PM,7,6,1
04/20/2022 09:00:00 PM,27,13,14
04/20/2022 10:00:00 PM,19,7,12
04/20/2022 11:00:00 PM,8,3,5
04/21/2022 12:00:00 AM,2,1,1
04/21/2022 01:00:00 AM,2,2,0
04/21/2022 02:00:00 AM,0,0,0
04/21/2022 03:00:00 AM,2,2,0
04/21/2022 04:00:00 AM,3,2,1
04/21/2022 05:00:00 AM,9,2,7
04/21/2022 06:00:00 AM,12,3,9
04/21/2022 07:00:00 AM,32,10,22
04/21/2022 08:00:00 AM,37,11,26
04/21/2022 09:00:00 AM,28,15,13
04/21/2022 10:00:00 AM,19,12,7
04/21/2022 11:00:00 AM,17,8,9
04/21/2022 12:00:00 PM,22,9,13
04/21/2022 01:00:00 PM,21,14,7
04/21/2022 02:00:00 PM,22,15,7
04/21/2022 03:00:00 PM,33,26,7
04/21/2022 04:00:00 PM,62,44,18
04/21/2022 05:00:00 PM,70,43,27
04/21/2022 06:00:00 PM,42,32,10
04/21/2022 07:00:00 PM,19,9,10
04/21/2022 08:00:00 PM,16,6,10
04/21/2022 09:00:00 PM,6,2,4
04/21/2022 10:00:00 PM,14,1,13
04/21/2022 11:00:00 PM,6,5,1
04/22/2022 12:00:00 AM,1,0,1
04/22/2022 01:00:00 AM,1,1,0
04/22/2022 02:00:00 AM,4,2,2
04/22/2022 03:00:00 AM,0,0,0
04/22/2022 04:00:00 AM,1,1,0
04/22/2022 05:00:00 AM,8,2,6
04/22/2022 06:00:00 AM,19,6,13
04/22/2022 07:00:00 AM,28,13,15
04/22/2022 08:00:00 AM,30,12,18
04/22/2022 09:00:00 AM,18,7,11
04/22/2022 10:00:00 AM,29,17,12
04/22/2022 11:00:00 AM,29,10,19
04/22/2022 12:00:00 PM,32,18,14
04/22/2022 01:00:00 PM,28,21,7
04/22/2022 02:00:00 PM,43,29,14
04/22/2022 03:00:00 PM,51,40,11
04/22/2022 04:00:00 PM,82,57,25
04/22/2022 05:00:00 PM,94,64,30
04/22/2022 06:00:00 PM,67,45,22
04/22/2022 07:00:00 PM,35,16,19
04/22/2022 08:00:00 PM,18,8,10
04/22/2022 09:00:00 PM,50,11,39
04/22/2022 10:00:00 PM,25,5,20
04/22/2022 11:00:00 PM,7,4,3
04/23/2022 12:00:00 AM,9,2,7
04/23/2022 01:00:00 AM,5,5,0
04/23/2022 02:00:00 AM,4,1,3
04/23/2022 03:00:00 AM,2,1,1
04/23/2022 04:00:00 AM,2,0,2
04/23/2022 05:00:00 AM,3,1,2
04/23/2022 06:00:00 AM,3,2,1
04/23/2022 07:00:00 AM,5,3,2
04/23/2022 08:00:00 AM,10,5,5
04/23/2022 09:00:00 AM,26,19,7
04/23/2022 10:00:00 AM,36,17,19
04/23/2022 11:00:00 AM,22,9,13
04/23/2022 12:00:00 PM,34,23,11
04/23/2022 01:00:00 PM,47,26,21
04/23/2022 02:00:00 PM,40,21,19
04/23/2022 03:00:00 PM,52,34,18
04/23/2022 04:00:00 PM,69,41,28
04/23/2022 05:00:00 PM,89,61,28
04/23/2022 06:00:00 PM,55,37,18
04/23/2022 07:00:00 PM,41,20,21
04/23/2022 08:00:00 PM,21,7,14
04/23/2022 09:00:00 PM,18,10,8
04/23/2022 10:00:00 PM,42,8,34
04/23/2022 11:00:00 PM,12,7,5
04/24/2022 12:00:00 AM,15,7,8
04/24/2022 01:00:00 AM,4,1,3
04/24/2022 02:00:00 AM,3,1,2
04/24/2022 03:00:00 AM,1,1,0
04/24/2022 04:00:00 AM,1,0,1
04/24/2022 05:00:00 AM,2,1,1
04/24/2022 06:00:00 AM,0,0,0
04/24/2022 07:00:00 AM,5,2,3
04/24/2022 08:00:00 AM,13,8,5
04/24/2022 09:00:00 AM,12,8,4
04/24/2022 10:00:00 AM,40,20,20
04/24/2022 11:00:00 AM,43,21,22
04/24/2022 12:00:00 PM,73,49,24
04/24/2022 01:00:00 PM,53,33,20
04/24/2022 02:00:00 PM,51,36,15
04/24/2022 03:00:00 PM,52,27,25
04/24/2022 04:00:00 PM,38,18,20
04/24/2022 05:00:00 PM,37,8,29
04/24/2022 06:00:00 PM,37,17,20
04/24/2022 07:00:00 PM,27,12,15
04/24/2022 08:00:00 PM,18,10,8
04/24/2022 09:00:00 PM,12,6,6
04/24/2022 10:00:00 PM,11,9,2
04/24/2022 11:00:00 PM,2,1,1
04/25/2022 12:00:00 AM,1,1,0
04/25/2022 01:00:00 AM,3,1,2
04/25/2022 02:00:00 AM,2,0,2
04/25/2022 03:00:00 AM,1,1,0
04/25/2022 04:00:00 AM,1,0,1
04/25/2022 05:00:00 AM,7,3,4
04/25/2022 06:00:00 AM,11,2,9
04/25/2022 07:00:00 AM,29,8,21
04/25/2022 08:00:00 AM,30,10,20
04/25/2022 09:00:00 AM,22,9,13
04/25/2022 10:00:00 AM,18,9,9
04/25/2022 11:00:00 AM,26,14,12
04/25/2022 12:00:00 PM,26,15,11
04/25/2022 01:00:00 PM,13,4,9
04/25/2022 02:00:00 PM,21,15,6
04/25/2022 03:00:00 PM,35,23,12
04/25/2022 04:00:00 PM,47,26,21
04/25/2022 05:00:00 PM,60,36,24
04/25/2022 06:00:00 PM,35,15,20
04/25/2022 07:00:00 PM,15,10,5
04/25/2022 08:00:00 PM,12,8,4
04/25/2022 09:00:00 PM,5,1,4
04/25/2022 10:00:00 PM,10,5,5
04/25/2022 11:00:00 PM,1,0,1
04/26/2022 12:00:00 AM,2,0,2
04/26/2022 01:00:00 AM,0,0,0
04/26/2022 02:00:00 AM,2,2,0
04/26/2022 03:00:00 AM,0,0,0
04/26/2022 04:00:00 AM,3,2,1
04/26/2022 05:00:00 AM,8,3,5
04/26/2022 06:00:00 AM,25,5,20
04/26/2022 07:00:00 AM,48,21,27
04/26/2022 08:00:00 AM,56,20,36
04/26/2022 09:00:00 AM,39,20,19
04/26/2022 10:00:00 AM,15,6,9
04/26/2022 11:00:00 AM,11,4,7
04/26/2022 12:00:00 PM,23,10,13
04/26/2022 01:00:00 PM,22,13,9
04/26/2022 02:00:00 PM,19,9,10
04/26/2022 03:00:00 PM,37,26,11
04/26/2022 04:00:00 PM,67,48,19
04/26/2022 05:00:00 PM,84,62,22
04/26/2022 06:00:00 PM,42,25,17
04/26/2022 07:00:00 PM,24,13,11
04/26/2022 08:00:00 PM,21,13,8
04/26/2022 09:00:00 PM,9,7,2
04/26/2022 10:00:00 PM,6,4,2
04/26/2022 11:00:00 PM,5,2,3
04/27/2022 12:00:00 AM,3,1,2
04/27/2022 01:00:00 AM,1,1,0
04/27/2022 02:00:00 AM,0,0,0
04/27/2022 03:00:00 AM,0,0,0
04/27/2022 04:00:00 AM,2,1,1
04/27/2022 05:00:00 AM,17,6,11
04/27/2022 06:00:00 AM,20,6,14
04/27/2022 07:00:00 AM,47,21,26
04/27/2022 08:00:00 AM,56,14,42
04/27/2022 09:00:00 AM,48,26,22
04/27/2022 10:00:00 AM,25,13,12
04/27/2022 11:00:00 AM,26,12,14
04/27/2022 12:00:00 PM,28,18,10
04/27/2022 01:00:00 PM,28,19,9
04/27/2022 02:00:00 PM,35,25,10
04/27/2022 03:00:00 PM,48,31,17
04/27/2022 04:00:00 PM,73,54,19
04/27/2022 05:00:00 PM,92,61,31
04/27/2022 06:00:00 PM,56,35,21
04/27/2022 07:00:00 PM,22,12,10
04/27/2022 08:00:00 PM,34,13,21
04/27/2022 09:00:00 PM,17,12,5
04/27/2022 10:00:00 PM,15,9,6
04/27/2022 11:00:00 PM,5,3,2
04/28/2022 12:00:00 AM,,,
04/28/2022 01:00:00 AM,,,
04/28/2022 02:00:00 AM,,,
04/28/2022 03:00:00 AM,,,
04/28/2022 04:00:00 AM,,,
04/28/2022 05:00:00 AM,,,
04/28/2022 06:00:00 AM,,,
04/28/2022 07:00:00 AM,,,
04/28/2022 08:00:00 AM,,,
04/28/2022 09:00:00 AM,,,
04/28/2022 10:00:00 AM,,,
04/28/2022 11:00:00 AM,,,
04/28/2022 12:00:00 PM,,,
04/28/2022 01:00:00 PM,,,
04/28/2022 02:00:00 PM,,,
04/28/2022 03:00:00 PM,,,
04/28/2022 04:00:00 PM,,,
04/28/2022 05:00:00 PM,,,
04/28/2022 06:00:00 PM,,,
04/28/2022 07:00:00 PM,,,
04/28/2022 08:00:00 PM,,,
04/28/2022 09:00:00 PM,,,
04/28/2022 10:00:00 PM,,,
04/28/2022 11:00:00 PM,,,
04/29/2022 12:00:00 AM,,,
04/29/2022 01:00:00 AM,,,
04/29/2022 02:00:00 AM,,,
04/29/2022 03:00:00 AM,,,
04/29/2022 04:00:00 AM,2,1,1
04/29/2022 05:00:00 AM,16,5,11
04/29/2022 06:00:00 AM,12,7,5
04/29/2022 07:00:00 AM,24,9,15
04/29/2022 08:00:00 AM,45,20,25
04/29/2022 09:00:00 AM,33,22,11
04/29/2022 10:00:00 AM,24,14,10
04/29/2022 11:00:00 AM,27,13,14
04/29/2022 12:00:00 PM,29,14,15
04/29/2022 01:00:00 PM,37,29,8
04/29/2022 02:00:00 PM,37,18,19
04/29/2022 03:00:00 PM,50,29,21
04/29/2022 04:00:00 PM,87,54,33
04/29/2022 05:00:00 PM,89,43,46
04/29/2022 06:00:00 PM,67,34,33
04/29/2022 07:00:00 PM,26,16,10
04/29/2022 08:00:00 PM,28,22,6
04/29/2022 09:00:00 PM,23,10,13
04/29/2022 10:00:00 PM,27,19,8
04/29/2022 11:00:00 PM,15,0,15
04/30/2022 12:00:00 AM,5,3,2
04/30/2022 01:00:00 AM,11,6,5
04/30/2022 02:00:00 AM,7,3,4
04/30/2022 03:00:00 AM,6,4,2
04/30/2022 04:00:00 AM,0,0,0
04/30/2022 05:00:00 AM,2,0,2
04/30/2022 06:00:00 AM,3,2,1
04/30/2022 07:00:00 AM,3,0,3
04/30/2022 08:00:00 AM,9,1,8
04/30/2022 09:00:00 AM,10,8,2
04/30/2022 10:00:00 AM,11,3,8
04/30/2022 11:00:00 AM,21,13,8
04/30/2022 12:00:00 PM,34,15,19
04/30/2022 01:00:00 PM,37,20,17
04/30/2022 02:00:00 PM,40,21,19
04/30/2022 03:00:00 PM,50,32,18
04/30/2022 04:00:00 PM,47,28,19
04/30/2022 05:00:00 PM,44,23,21
04/30/2022 06:00:00 PM,24,15,9
04/30/2022 07:00:00 PM,36,19,17
04/30/2022 08:00:00 PM,34,16,18
04/30/2022 09:00:00 PM,14,6,8
04/30/2022 10:00:00 PM,30,15,15
04/30/2022 11:00:00 PM,12,8,4
