Date,Spokane St. Bridge Total,West,East
06/01/2020 12:00:00 AM,2,2,0
06/01/2020 01:00:00 AM,1,0,1
06/01/2020 02:00:00 AM,2,2,0
06/01/2020 03:00:00 AM,1,0,1
06/01/2020 04:00:00 AM,3,1,2
06/01/2020 05:00:00 AM,36,5,31
06/01/2020 06:00:00 AM,79,20,59
06/01/2020 07:00:00 AM,58,8,50
06/01/2020 08:00:00 AM,53,13,40
06/01/2020 09:00:00 AM,32,11,21
06/01/2020 10:00:00 AM,26,10,16
06/01/2020 11:00:00 AM,34,14,20
06/01/2020 12:00:00 PM,41,19,22
06/01/2020 01:00:00 PM,44,20,24
06/01/2020 02:00:00 PM,73,42,31
06/01/2020 03:00:00 PM,95,62,33
06/01/2020 04:00:00 PM,117,70,47
06/01/2020 05:00:00 PM,125,86,39
06/01/2020 06:00:00 PM,62,46,16
06/01/2020 07:00:00 PM,35,25,10
06/01/2020 08:00:00 PM,21,7,14
06/01/2020 09:00:00 PM,9,5,4
06/01/2020 10:00:00 PM,0,0,0
06/01/2020 11:00:00 PM,0,0,0
06/02/2020 12:00:00 AM,0,0,0
06/02/2020 01:00:00 AM,0,0,0
06/02/2020 02:00:00 AM,0,0,0
06/02/2020 03:00:00 AM,0,0,0
06/02/2020 04:00:00 AM,0,0,0
06/02/2020 05:00:00 AM,0,0,0
06/02/2020 06:00:00 AM,0,0,0
06/02/2020 07:00:00 AM,0,0,0
06/02/2020 08:00:00 AM,54,9,45
06/02/2020 09:00:00 AM,40,8,32
06/02/2020 10:00:00 AM,44,19,25
06/02/2020 11:00:00 AM,41,15,26
06/02/2020 12:00:00 PM,35,16,19
06/02/2020 01:00:00 PM,50,22,28
06/02/2020 02:00:00 PM,76,46,30
06/02/2020 03:00:00 PM,68,45,23
06/02/2020 04:00:00 PM,77,55,22
06/02/2020 05:00:00 PM,75,57,18
06/02/2020 06:00:00 PM,45,36,9
06/02/2020 07:00:00 PM,33,18,15
06/02/2020 08:00:00 PM,16,10,6
06/02/2020 09:00:00 PM,19,12,7
06/02/2020 10:00:00 PM,9,4,5
06/02/2020 11:00:00 PM,8,5,3
06/03/2020 12:00:00 AM,10,8,2
06/03/2020 01:00:00 AM,9,6,3
06/03/2020 02:00:00 AM,1,1,0
06/03/2020 03:00:00 AM,1,0,1
06/03/2020 04:00:00 AM,2,1,1
06/03/2020 05:00:00 AM,25,5,20
06/03/2020 06:00:00 AM,74,13,61
06/03/2020 07:00:00 AM,73,20,53
06/03/2020 08:00:00 AM,49,12,37
06/03/2020 09:00:00 AM,33,7,26
06/03/2020 10:00:00 AM,30,14,16
06/03/2020 11:00:00 AM,40,17,23
06/03/2020 12:00:00 PM,54,31,23
06/03/2020 01:00:00 PM,55,24,31
06/03/2020 02:00:00 PM,71,36,35
06/03/2020 03:00:00 PM,100,65,35
06/03/2020 04:00:00 PM,120,69,51
06/03/2020 05:00:00 PM,139,91,48
06/03/2020 06:00:00 PM,100,65,35
06/03/2020 07:00:00 PM,68,30,38
06/03/2020 08:00:00 PM,30,17,13
06/03/2020 09:00:00 PM,18,9,9
06/03/2020 10:00:00 PM,9,6,3
06/03/2020 11:00:00 PM,3,3,0
06/04/2020 12:00:00 AM,3,3,0
06/04/2020 01:00:00 AM,8,6,2
06/04/2020 02:00:00 AM,2,1,1
06/04/2020 03:00:00 AM,1,0,1
06/04/2020 04:00:00 AM,3,1,2
06/04/2020 05:00:00 AM,29,7,22
06/04/2020 06:00:00 AM,82,15,67
06/04/2020 07:00:00 AM,62,15,47
06/04/2020 08:00:00 AM,44,3,41
06/04/2020 09:00:00 AM,32,15,17
06/04/2020 10:00:00 AM,36,11,25
06/04/2020 11:00:00 AM,29,10,19
06/04/2020 12:00:00 PM,36,14,22
06/04/2020 01:00:00 PM,66,33,33
06/04/2020 02:00:00 PM,67,29,38
06/04/2020 03:00:00 PM,97,61,36
06/04/2020 04:00:00 PM,105,68,37
06/04/2020 05:00:00 PM,142,93,49
06/04/2020 06:00:00 PM,102,61,41
06/04/2020 07:00:00 PM,55,30,25
06/04/2020 08:00:00 PM,39,26,13
06/04/2020 09:00:00 PM,19,15,4
06/04/2020 10:00:00 PM,14,7,7
06/04/2020 11:00:00 PM,5,2,3
06/05/2020 12:00:00 AM,2,1,1
06/05/2020 01:00:00 AM,2,0,2
06/05/2020 02:00:00 AM,3,3,0
06/05/2020 03:00:00 AM,1,1,0
06/05/2020 04:00:00 AM,2,0,2
06/05/2020 05:00:00 AM,28,7,21
06/05/2020 06:00:00 AM,47,10,37
06/05/2020 07:00:00 AM,70,19,51
06/05/2020 08:00:00 AM,50,15,35
06/05/2020 09:00:00 AM,40,13,27
06/05/2020 10:00:00 AM,44,13,31
06/05/2020 11:00:00 AM,45,24,21
06/05/2020 12:00:00 PM,67,36,31
06/05/2020 01:00:00 PM,62,31,31
06/05/2020 02:00:00 PM,63,35,28
06/05/2020 03:00:00 PM,104,63,41
06/05/2020 04:00:00 PM,92,54,38
06/05/2020 05:00:00 PM,121,79,42
06/05/2020 06:00:00 PM,80,57,23
06/05/2020 07:00:00 PM,37,21,16
06/05/2020 08:00:00 PM,22,6,16
06/05/2020 09:00:00 PM,18,15,3
06/05/2020 10:00:00 PM,4,2,2
06/05/2020 11:00:00 PM,2,0,2
06/06/2020 12:00:00 AM,5,3,2
06/06/2020 01:00:00 AM,3,1,2
06/06/2020 02:00:00 AM,2,1,1
06/06/2020 03:00:00 AM,2,2,0
06/06/2020 04:00:00 AM,0,0,0
06/06/2020 05:00:00 AM,3,1,2
06/06/2020 06:00:00 AM,7,0,7
06/06/2020 07:00:00 AM,35,13,22
06/06/2020 08:00:00 AM,75,28,47
06/06/2020 09:00:00 AM,71,30,41
06/06/2020 10:00:00 AM,99,44,55
06/06/2020 11:00:00 AM,235,173,62
06/06/2020 12:00:00 PM,360,96,264
06/06/2020 01:00:00 PM,123,60,63
06/06/2020 02:00:00 PM,144,102,42
06/06/2020 03:00:00 PM,37,22,15
06/06/2020 04:00:00 PM,38,23,15
06/06/2020 05:00:00 PM,28,14,14
06/06/2020 06:00:00 PM,25,14,11
06/06/2020 07:00:00 PM,24,15,9
06/06/2020 08:00:00 PM,14,10,4
06/06/2020 09:00:00 PM,12,5,7
06/06/2020 10:00:00 PM,8,5,3
06/06/2020 11:00:00 PM,2,2,0
06/07/2020 12:00:00 AM,4,1,3
06/07/2020 01:00:00 AM,1,1,0
06/07/2020 02:00:00 AM,1,0,1
06/07/2020 03:00:00 AM,2,1,1
06/07/2020 04:00:00 AM,0,0,0
06/07/2020 05:00:00 AM,2,1,1
06/07/2020 06:00:00 AM,1,1,0
06/07/2020 07:00:00 AM,8,2,6
06/07/2020 08:00:00 AM,13,7,6
06/07/2020 09:00:00 AM,16,6,10
06/07/2020 10:00:00 AM,40,16,24
06/07/2020 11:00:00 AM,31,14,17
06/07/2020 12:00:00 PM,32,12,20
06/07/2020 01:00:00 PM,49,33,16
06/07/2020 02:00:00 PM,74,34,40
06/07/2020 03:00:00 PM,65,26,39
06/07/2020 04:00:00 PM,61,30,31
06/07/2020 05:00:00 PM,61,30,31
06/07/2020 06:00:00 PM,41,23,18
06/07/2020 07:00:00 PM,32,22,10
06/07/2020 08:00:00 PM,10,5,5
06/07/2020 09:00:00 PM,18,7,11
06/07/2020 10:00:00 PM,5,4,1
06/07/2020 11:00:00 PM,2,1,1
06/08/2020 12:00:00 AM,3,1,2
06/08/2020 01:00:00 AM,7,4,3
06/08/2020 02:00:00 AM,1,0,1
06/08/2020 03:00:00 AM,0,0,0
06/08/2020 04:00:00 AM,6,2,4
06/08/2020 05:00:00 AM,34,3,31
06/08/2020 06:00:00 AM,71,9,62
06/08/2020 07:00:00 AM,66,13,53
06/08/2020 08:00:00 AM,57,7,50
06/08/2020 09:00:00 AM,35,8,27
06/08/2020 10:00:00 AM,30,12,18
06/08/2020 11:00:00 AM,36,16,20
06/08/2020 12:00:00 PM,52,27,25
06/08/2020 01:00:00 PM,52,29,23
06/08/2020 02:00:00 PM,66,39,27
06/08/2020 03:00:00 PM,85,53,32
06/08/2020 04:00:00 PM,97,60,37
06/08/2020 05:00:00 PM,112,77,35
06/08/2020 06:00:00 PM,95,68,27
06/08/2020 07:00:00 PM,50,29,21
06/08/2020 08:00:00 PM,35,17,18
06/08/2020 09:00:00 PM,13,11,2
06/08/2020 10:00:00 PM,8,3,5
06/08/2020 11:00:00 PM,8,5,3
06/09/2020 12:00:00 AM,2,1,1
06/09/2020 01:00:00 AM,7,4,3
06/09/2020 02:00:00 AM,5,3,2
06/09/2020 03:00:00 AM,1,0,1
06/09/2020 04:00:00 AM,3,2,1
06/09/2020 05:00:00 AM,19,3,16
06/09/2020 06:00:00 AM,38,6,32
06/09/2020 07:00:00 AM,47,10,37
06/09/2020 08:00:00 AM,26,2,24
06/09/2020 09:00:00 AM,17,6,11
06/09/2020 10:00:00 AM,15,3,12
06/09/2020 11:00:00 AM,14,4,10
06/09/2020 12:00:00 PM,10,4,6
06/09/2020 01:00:00 PM,14,8,6
06/09/2020 02:00:00 PM,12,6,6
06/09/2020 03:00:00 PM,36,22,14
06/09/2020 04:00:00 PM,44,29,15
06/09/2020 05:00:00 PM,58,44,14
06/09/2020 06:00:00 PM,50,35,15
06/09/2020 07:00:00 PM,16,10,6
06/09/2020 08:00:00 PM,8,7,1
06/09/2020 09:00:00 PM,9,5,4
06/09/2020 10:00:00 PM,5,3,2
06/09/2020 11:00:00 PM,2,1,1
06/10/2020 12:00:00 AM,4,3,1
06/10/2020 01:00:00 AM,6,3,3
06/10/2020 02:00:00 AM,4,3,1
06/10/2020 03:00:00 AM,2,0,2
06/10/2020 04:00:00 AM,4,2,2
06/10/2020 05:00:00 AM,28,7,21
06/10/2020 06:00:00 AM,71,11,60
06/10/2020 07:00:00 AM,68,11,57
06/10/2020 08:00:00 AM,43,9,34
06/10/2020 09:00:00 AM,26,8,18
06/10/2020 10:00:00 AM,43,13,30
06/10/2020 11:00:00 AM,49,13,36
06/10/2020 12:00:00 PM,72,34,38
06/10/2020 01:00:00 PM,77,40,37
06/10/2020 02:00:00 PM,65,33,32
06/10/2020 03:00:00 PM,111,68,43
06/10/2020 04:00:00 PM,113,74,39
06/10/2020 05:00:00 PM,178,135,43
06/10/2020 06:00:00 PM,130,85,45
06/10/2020 07:00:00 PM,90,52,38
06/10/2020 08:00:00 PM,67,22,45
06/10/2020 09:00:00 PM,20,9,11
06/10/2020 10:00:00 PM,10,5,5
06/10/2020 11:00:00 PM,6,4,2
06/11/2020 12:00:00 AM,8,5,3
06/11/2020 01:00:00 AM,5,4,1
06/11/2020 02:00:00 AM,7,3,4
06/11/2020 03:00:00 AM,1,1,0
06/11/2020 04:00:00 AM,3,1,2
06/11/2020 05:00:00 AM,24,3,21
06/11/2020 06:00:00 AM,59,7,52
06/11/2020 07:00:00 AM,72,21,51
06/11/2020 08:00:00 AM,54,8,46
06/11/2020 09:00:00 AM,34,8,26
06/11/2020 10:00:00 AM,14,6,8
06/11/2020 11:00:00 AM,21,8,13
06/11/2020 12:00:00 PM,32,13,19
06/11/2020 01:00:00 PM,27,10,17
06/11/2020 02:00:00 PM,48,21,27
06/11/2020 03:00:00 PM,82,52,30
06/11/2020 04:00:00 PM,112,75,37
06/11/2020 05:00:00 PM,124,82,42
06/11/2020 06:00:00 PM,108,75,33
06/11/2020 07:00:00 PM,65,34,31
06/11/2020 08:00:00 PM,45,25,20
06/11/2020 09:00:00 PM,36,19,17
06/11/2020 10:00:00 PM,3,3,0
06/11/2020 11:00:00 PM,11,5,6
06/12/2020 12:00:00 AM,3,3,0
06/12/2020 01:00:00 AM,2,1,1
06/12/2020 02:00:00 AM,3,1,2
06/12/2020 03:00:00 AM,0,0,0
06/12/2020 04:00:00 AM,1,1,0
06/12/2020 05:00:00 AM,13,4,9
06/12/2020 06:00:00 AM,49,6,43
06/12/2020 07:00:00 AM,52,8,44
06/12/2020 08:00:00 AM,37,6,31
06/12/2020 09:00:00 AM,27,7,20
06/12/2020 10:00:00 AM,30,14,16
06/12/2020 11:00:00 AM,29,8,21
06/12/2020 12:00:00 PM,55,12,43
06/12/2020 01:00:00 PM,60,5,55
06/12/2020 02:00:00 PM,32,20,12
06/12/2020 03:00:00 PM,34,22,12
06/12/2020 04:00:00 PM,83,71,12
06/12/2020 05:00:00 PM,96,80,16
06/12/2020 06:00:00 PM,62,49,13
06/12/2020 07:00:00 PM,34,27,7
06/12/2020 08:00:00 PM,29,13,16
06/12/2020 09:00:00 PM,6,4,2
06/12/2020 10:00:00 PM,5,2,3
06/12/2020 11:00:00 PM,4,2,2
06/13/2020 12:00:00 AM,5,4,1
06/13/2020 01:00:00 AM,1,0,1
06/13/2020 02:00:00 AM,4,4,0
06/13/2020 03:00:00 AM,1,1,0
06/13/2020 04:00:00 AM,0,0,0
06/13/2020 05:00:00 AM,7,0,7
06/13/2020 06:00:00 AM,12,4,8
06/13/2020 07:00:00 AM,12,4,8
06/13/2020 08:00:00 AM,25,12,13
06/13/2020 09:00:00 AM,17,7,10
06/13/2020 10:00:00 AM,41,14,27
06/13/2020 11:00:00 AM,68,22,46
06/13/2020 12:00:00 PM,87,35,52
06/13/2020 01:00:00 PM,52,15,37
06/13/2020 02:00:00 PM,64,44,20
06/13/2020 03:00:00 PM,64,40,24
06/13/2020 04:00:00 PM,52,33,19
06/13/2020 05:00:00 PM,43,29,14
06/13/2020 06:00:00 PM,41,17,24
06/13/2020 07:00:00 PM,35,21,14
06/13/2020 08:00:00 PM,26,14,12
06/13/2020 09:00:00 PM,2,0,2
06/13/2020 10:00:00 PM,4,3,1
06/13/2020 11:00:00 PM,1,1,0
06/14/2020 12:00:00 AM,4,2,2
06/14/2020 01:00:00 AM,5,3,2
06/14/2020 02:00:00 AM,1,1,0
06/14/2020 03:00:00 AM,3,2,1
06/14/2020 04:00:00 AM,1,0,1
06/14/2020 05:00:00 AM,6,1,5
06/14/2020 06:00:00 AM,19,2,17
06/14/2020 07:00:00 AM,28,12,16
06/14/2020 08:00:00 AM,45,22,23
06/14/2020 09:00:00 AM,58,27,31
06/14/2020 10:00:00 AM,96,41,55
06/14/2020 11:00:00 AM,153,83,70
06/14/2020 12:00:00 PM,140,70,70
06/14/2020 01:00:00 PM,155,82,73
06/14/2020 02:00:00 PM,166,79,87
06/14/2020 03:00:00 PM,153,75,78
06/14/2020 04:00:00 PM,160,71,89
06/14/2020 05:00:00 PM,106,63,43
06/14/2020 06:00:00 PM,69,38,31
06/14/2020 07:00:00 PM,58,34,24
06/14/2020 08:00:00 PM,33,16,17
06/14/2020 09:00:00 PM,14,2,12
06/14/2020 10:00:00 PM,3,2,1
06/14/2020 11:00:00 PM,7,5,2
06/15/2020 12:00:00 AM,7,1,6
06/15/2020 01:00:00 AM,1,1,0
06/15/2020 02:00:00 AM,2,0,2
06/15/2020 03:00:00 AM,2,1,1
06/15/2020 04:00:00 AM,2,1,1
06/15/2020 05:00:00 AM,19,1,18
06/15/2020 06:00:00 AM,43,7,36
06/15/2020 07:00:00 AM,39,4,35
06/15/2020 08:00:00 AM,35,4,31
06/15/2020 09:00:00 AM,23,2,21
06/15/2020 10:00:00 AM,12,2,10
06/15/2020 11:00:00 AM,14,8,6
06/15/2020 12:00:00 PM,20,8,12
06/15/2020 01:00:00 PM,21,11,10
06/15/2020 02:00:00 PM,30,19,11
06/15/2020 03:00:00 PM,29,23,6
06/15/2020 04:00:00 PM,68,45,23
06/15/2020 05:00:00 PM,82,55,27
06/15/2020 06:00:00 PM,42,31,11
06/15/2020 07:00:00 PM,22,17,5
06/15/2020 08:00:00 PM,10,8,2
06/15/2020 09:00:00 PM,7,5,2
06/15/2020 10:00:00 PM,5,4,1
06/15/2020 11:00:00 PM,2,1,1
06/16/2020 12:00:00 AM,4,3,1
06/16/2020 01:00:00 AM,2,1,1
06/16/2020 02:00:00 AM,1,0,1
06/16/2020 03:00:00 AM,0,0,0
06/16/2020 04:00:00 AM,1,1,0
06/16/2020 05:00:00 AM,23,1,22
06/16/2020 06:00:00 AM,70,12,58
06/16/2020 07:00:00 AM,67,10,57
06/16/2020 08:00:00 AM,69,9,60
06/16/2020 09:00:00 AM,41,16,25
06/16/2020 10:00:00 AM,31,8,23
06/16/2020 11:00:00 AM,39,13,26
06/16/2020 12:00:00 PM,50,18,32
06/16/2020 01:00:00 PM,60,25,35
06/16/2020 02:00:00 PM,66,34,32
06/16/2020 03:00:00 PM,90,62,28
06/16/2020 04:00:00 PM,124,84,40
06/16/2020 05:00:00 PM,170,106,64
06/16/2020 06:00:00 PM,98,71,27
06/16/2020 07:00:00 PM,58,44,14
06/16/2020 08:00:00 PM,35,14,21
06/16/2020 09:00:00 PM,29,15,14
06/16/2020 10:00:00 PM,5,2,3
06/16/2020 11:00:00 PM,9,6,3
06/17/2020 12:00:00 AM,7,5,2
06/17/2020 01:00:00 AM,2,1,1
06/17/2020 02:00:00 AM,2,1,1
06/17/2020 03:00:00 AM,0,0,0
06/17/2020 04:00:00 AM,5,3,2
06/17/2020 05:00:00 AM,30,5,25
06/17/2020 06:00:00 AM,76,10,66
06/17/2020 07:00:00 AM,85,10,75
06/17/2020 08:00:00 AM,60,13,47
06/17/2020 09:00:00 AM,58,16,42
06/17/2020 10:00:00 AM,54,13,41
06/17/2020 11:00:00 AM,56,28,28
06/17/2020 12:00:00 PM,55,19,36
06/17/2020 01:00:00 PM,52,33,19
06/17/2020 02:00:00 PM,95,57,38
06/17/2020 03:00:00 PM,125,84,41
06/17/2020 04:00:00 PM,141,88,53
06/17/2020 05:00:00 PM,172,120,52
06/17/2020 06:00:00 PM,142,93,49
06/17/2020 07:00:00 PM,96,54,42
06/17/2020 08:00:00 PM,53,21,32
06/17/2020 09:00:00 PM,34,23,11
06/17/2020 10:00:00 PM,9,5,4
06/17/2020 11:00:00 PM,17,8,9
06/18/2020 12:00:00 AM,5,2,3
06/18/2020 01:00:00 AM,3,1,2
06/18/2020 02:00:00 AM,2,1,1
06/18/2020 03:00:00 AM,1,0,1
06/18/2020 04:00:00 AM,5,0,5
06/18/2020 05:00:00 AM,26,3,23
06/18/2020 06:00:00 AM,73,12,61
06/18/2020 07:00:00 AM,88,15,73
06/18/2020 08:00:00 AM,74,17,57
06/18/2020 09:00:00 AM,64,19,45
06/18/2020 10:00:00 AM,50,16,34
06/18/2020 11:00:00 AM,74,32,42
06/18/2020 12:00:00 PM,62,33,29
06/18/2020 01:00:00 PM,75,40,35
06/18/2020 02:00:00 PM,76,46,30
06/18/2020 03:00:00 PM,147,84,63
06/18/2020 04:00:00 PM,168,114,54
06/18/2020 05:00:00 PM,163,105,58
06/18/2020 06:00:00 PM,126,88,38
06/18/2020 07:00:00 PM,81,44,37
06/18/2020 08:00:00 PM,53,27,26
06/18/2020 09:00:00 PM,36,16,20
06/18/2020 10:00:00 PM,12,6,6
06/18/2020 11:00:00 PM,12,9,3
06/19/2020 12:00:00 AM,3,2,1
06/19/2020 01:00:00 AM,2,0,2
06/19/2020 02:00:00 AM,5,2,3
06/19/2020 03:00:00 AM,0,0,0
06/19/2020 04:00:00 AM,5,0,5
06/19/2020 05:00:00 AM,31,4,27
06/19/2020 06:00:00 AM,52,6,46
06/19/2020 07:00:00 AM,83,17,66
06/19/2020 08:00:00 AM,68,14,54
06/19/2020 09:00:00 AM,58,18,40
06/19/2020 10:00:00 AM,65,22,43
06/19/2020 11:00:00 AM,78,34,44
06/19/2020 12:00:00 PM,81,39,42
06/19/2020 01:00:00 PM,92,39,53
06/19/2020 02:00:00 PM,101,59,42
06/19/2020 03:00:00 PM,132,81,51
06/19/2020 04:00:00 PM,150,96,54
06/19/2020 05:00:00 PM,123,88,35
06/19/2020 06:00:00 PM,88,57,31
06/19/2020 07:00:00 PM,71,43,28
06/19/2020 08:00:00 PM,54,31,23
06/19/2020 09:00:00 PM,23,10,13
06/19/2020 10:00:00 PM,7,2,5
06/19/2020 11:00:00 PM,3,2,1
06/20/2020 12:00:00 AM,10,1,9
06/20/2020 01:00:00 AM,1,0,1
06/20/2020 02:00:00 AM,0,0,0
06/20/2020 03:00:00 AM,4,4,0
06/20/2020 04:00:00 AM,1,1,0
06/20/2020 05:00:00 AM,2,0,2
06/20/2020 06:00:00 AM,9,4,5
06/20/2020 07:00:00 AM,15,5,10
06/20/2020 08:00:00 AM,14,4,10
06/20/2020 09:00:00 AM,18,9,9
06/20/2020 10:00:00 AM,35,16,19
06/20/2020 11:00:00 AM,35,17,18
06/20/2020 12:00:00 PM,40,26,14
06/20/2020 01:00:00 PM,56,24,32
06/20/2020 02:00:00 PM,58,37,21
06/20/2020 03:00:00 PM,85,50,35
06/20/2020 04:00:00 PM,79,41,38
06/20/2020 05:00:00 PM,52,27,25
06/20/2020 06:00:00 PM,53,32,21
06/20/2020 07:00:00 PM,41,24,17
06/20/2020 08:00:00 PM,21,10,11
06/20/2020 09:00:00 PM,27,13,14
06/20/2020 10:00:00 PM,10,3,7
06/20/2020 11:00:00 PM,5,2,3
06/21/2020 12:00:00 AM,2,0,2
06/21/2020 01:00:00 AM,3,3,0
06/21/2020 02:00:00 AM,2,1,1
06/21/2020 03:00:00 AM,3,2,1
06/21/2020 04:00:00 AM,0,0,0
06/21/2020 05:00:00 AM,5,0,5
06/21/2020 06:00:00 AM,15,5,10
06/21/2020 07:00:00 AM,13,5,8
06/21/2020 08:00:00 AM,32,11,21
06/21/2020 09:00:00 AM,41,21,20
06/21/2020 10:00:00 AM,70,26,44
06/21/2020 11:00:00 AM,81,46,35
06/21/2020 12:00:00 PM,91,43,48
06/21/2020 01:00:00 PM,124,75,49
06/21/2020 02:00:00 PM,121,67,54
06/21/2020 03:00:00 PM,120,57,63
06/21/2020 04:00:00 PM,123,67,56
06/21/2020 05:00:00 PM,77,39,38
06/21/2020 06:00:00 PM,51,20,31
06/21/2020 07:00:00 PM,41,15,26
06/21/2020 08:00:00 PM,24,9,15
06/21/2020 09:00:00 PM,11,5,6
06/21/2020 10:00:00 PM,6,4,2
06/21/2020 11:00:00 PM,4,3,1
06/22/2020 12:00:00 AM,3,0,3
06/22/2020 01:00:00 AM,2,1,1
06/22/2020 02:00:00 AM,0,0,0
06/22/2020 03:00:00 AM,1,1,0
06/22/2020 04:00:00 AM,7,3,4
06/22/2020 05:00:00 AM,29,3,26
06/22/2020 06:00:00 AM,75,9,66
06/22/2020 07:00:00 AM,89,18,71
06/22/2020 08:00:00 AM,85,15,70
06/22/2020 09:00:00 AM,47,14,33
06/22/2020 10:00:00 AM,40,21,19
06/22/2020 11:00:00 AM,63,28,35
06/22/2020 12:00:00 PM,67,29,38
06/22/2020 01:00:00 PM,67,34,33
06/22/2020 02:00:00 PM,78,39,39
06/22/2020 03:00:00 PM,112,75,37
06/22/2020 04:00:00 PM,115,78,37
06/22/2020 05:00:00 PM,167,124,43
06/22/2020 06:00:00 PM,127,80,47
06/22/2020 07:00:00 PM,71,34,37
06/22/2020 08:00:00 PM,49,26,23
06/22/2020 09:00:00 PM,19,5,14
06/22/2020 10:00:00 PM,7,4,3
06/22/2020 11:00:00 PM,6,6,0
06/23/2020 12:00:00 AM,2,1,1
06/23/2020 01:00:00 AM,3,1,2
06/23/2020 02:00:00 AM,2,0,2
06/23/2020 03:00:00 AM,2,0,2
06/23/2020 04:00:00 AM,8,2,6
06/23/2020 05:00:00 AM,30,2,28
06/23/2020 06:00:00 AM,78,9,69
06/23/2020 07:00:00 AM,106,14,92
06/23/2020 08:00:00 AM,76,17,59
06/23/2020 09:00:00 AM,63,22,41
06/23/2020 10:00:00 AM,48,14,34
06/23/2020 11:00:00 AM,60,33,27
06/23/2020 12:00:00 PM,61,25,36
06/23/2020 01:00:00 PM,80,44,36
06/23/2020 02:00:00 PM,74,39,35
06/23/2020 03:00:00 PM,120,78,42
06/23/2020 04:00:00 PM,112,73,39
06/23/2020 05:00:00 PM,156,118,38
06/23/2020 06:00:00 PM,97,71,26
06/23/2020 07:00:00 PM,71,37,34
06/23/2020 08:00:00 PM,38,20,18
06/23/2020 09:00:00 PM,16,8,8
06/23/2020 10:00:00 PM,10,7,3
06/23/2020 11:00:00 PM,8,7,1
06/24/2020 12:00:00 AM,2,1,1
06/24/2020 01:00:00 AM,5,4,1
06/24/2020 02:00:00 AM,1,0,1
06/24/2020 03:00:00 AM,2,1,1
06/24/2020 04:00:00 AM,13,4,9
06/24/2020 05:00:00 AM,25,8,17
06/24/2020 06:00:00 AM,93,19,74
06/24/2020 07:00:00 AM,83,9,74
06/24/2020 08:00:00 AM,79,18,61
06/24/2020 09:00:00 AM,51,14,37
06/24/2020 10:00:00 AM,48,14,34
06/24/2020 11:00:00 AM,42,15,27
06/24/2020 12:00:00 PM,51,23,28
06/24/2020 01:00:00 PM,40,24,16
06/24/2020 02:00:00 PM,57,29,28
06/24/2020 03:00:00 PM,94,60,34
06/24/2020 04:00:00 PM,132,97,35
06/24/2020 05:00:00 PM,138,110,28
06/24/2020 06:00:00 PM,107,74,33
06/24/2020 07:00:00 PM,69,37,32
06/24/2020 08:00:00 PM,60,33,27
06/24/2020 09:00:00 PM,25,14,11
06/24/2020 10:00:00 PM,9,5,4
06/24/2020 11:00:00 PM,11,9,2
06/25/2020 12:00:00 AM,1,0,1
06/25/2020 01:00:00 AM,3,3,0
06/25/2020 02:00:00 AM,2,2,0
06/25/2020 03:00:00 AM,8,3,5
06/25/2020 04:00:00 AM,11,1,10
06/25/2020 05:00:00 AM,40,6,34
06/25/2020 06:00:00 AM,83,10,73
06/25/2020 07:00:00 AM,99,12,87
06/25/2020 08:00:00 AM,64,13,51
06/25/2020 09:00:00 AM,72,28,44
06/25/2020 10:00:00 AM,37,16,21
06/25/2020 11:00:00 AM,52,21,31
06/25/2020 12:00:00 PM,53,29,24
06/25/2020 01:00:00 PM,79,41,38
06/25/2020 02:00:00 PM,83,47,36
06/25/2020 03:00:00 PM,117,66,51
06/25/2020 04:00:00 PM,163,105,58
06/25/2020 05:00:00 PM,146,108,38
06/25/2020 06:00:00 PM,123,90,33
06/25/2020 07:00:00 PM,97,62,35
06/25/2020 08:00:00 PM,51,29,22
06/25/2020 09:00:00 PM,59,21,38
06/25/2020 10:00:00 PM,16,8,8
06/25/2020 11:00:00 PM,13,6,7
06/26/2020 12:00:00 AM,6,4,2
06/26/2020 01:00:00 AM,2,0,2
06/26/2020 02:00:00 AM,7,3,4
06/26/2020 03:00:00 AM,0,0,0
06/26/2020 04:00:00 AM,8,1,7
06/26/2020 05:00:00 AM,26,3,23
06/26/2020 06:00:00 AM,68,14,54
06/26/2020 07:00:00 AM,71,11,60
06/26/2020 08:00:00 AM,70,14,56
06/26/2020 09:00:00 AM,63,21,42
06/26/2020 10:00:00 AM,52,21,31
06/26/2020 11:00:00 AM,73,26,47
06/26/2020 12:00:00 PM,67,37,30
06/26/2020 01:00:00 PM,86,52,34
06/26/2020 02:00:00 PM,100,58,42
06/26/2020 03:00:00 PM,138,88,50
06/26/2020 04:00:00 PM,145,91,54
06/26/2020 05:00:00 PM,127,85,42
06/26/2020 06:00:00 PM,83,60,23
06/26/2020 07:00:00 PM,60,35,25
06/26/2020 08:00:00 PM,42,19,23
06/26/2020 09:00:00 PM,31,11,20
06/26/2020 10:00:00 PM,8,6,2
06/26/2020 11:00:00 PM,8,4,4
06/27/2020 12:00:00 AM,3,2,1
06/27/2020 01:00:00 AM,1,0,1
06/27/2020 02:00:00 AM,0,0,0
06/27/2020 03:00:00 AM,1,1,0
06/27/2020 04:00:00 AM,3,2,1
06/27/2020 05:00:00 AM,12,2,10
06/27/2020 06:00:00 AM,8,2,6
06/27/2020 07:00:00 AM,11,5,6
06/27/2020 08:00:00 AM,12,8,4
06/27/2020 09:00:00 AM,30,20,10
06/27/2020 10:00:00 AM,31,14,17
06/27/2020 11:00:00 AM,52,20,32
06/27/2020 12:00:00 PM,30,12,18
06/27/2020 01:00:00 PM,19,7,12
06/27/2020 02:00:00 PM,30,12,18
06/27/2020 03:00:00 PM,33,23,10
06/27/2020 04:00:00 PM,24,13,11
06/27/2020 05:00:00 PM,28,13,15
06/27/2020 06:00:00 PM,19,12,7
06/27/2020 07:00:00 PM,14,7,7
06/27/2020 08:00:00 PM,6,6,0
06/27/2020 09:00:00 PM,4,1,3
06/27/2020 10:00:00 PM,3,3,0
06/27/2020 11:00:00 PM,0,0,0
06/28/2020 12:00:00 AM,0,0,0
06/28/2020 01:00:00 AM,0,0,0
06/28/2020 02:00:00 AM,2,1,1
06/28/2020 03:00:00 AM,3,1,2
06/28/2020 04:00:00 AM,0,0,0
06/28/2020 05:00:00 AM,2,0,2
06/28/2020 06:00:00 AM,10,1,9
06/28/2020 07:00:00 AM,15,10,5
06/28/2020 08:00:00 AM,17,6,11
06/28/2020 09:00:00 AM,17,9,8
06/28/2020 10:00:00 AM,42,25,17
06/28/2020 11:00:00 AM,61,37,24
06/28/2020 12:00:00 PM,73,32,41
06/28/2020 01:00:00 PM,116,55,61
06/28/2020 02:00:00 PM,115,55,60
06/28/2020 03:00:00 PM,118,54,64
06/28/2020 04:00:00 PM,94,51,43
06/28/2020 05:00:00 PM,98,53,45
06/28/2020 06:00:00 PM,61,37,24
06/28/2020 07:00:00 PM,49,25,24
06/28/2020 08:00:00 PM,33,18,15
06/28/2020 09:00:00 PM,27,8,19
06/28/2020 10:00:00 PM,8,4,4
06/28/2020 11:00:00 PM,12,6,6
06/29/2020 12:00:00 AM,7,2,5
06/29/2020 01:00:00 AM,1,1,0
06/29/2020 02:00:00 AM,1,0,1
06/29/2020 03:00:00 AM,1,0,1
06/29/2020 04:00:00 AM,5,1,4
06/29/2020 05:00:00 AM,24,2,22
06/29/2020 06:00:00 AM,68,9,59
06/29/2020 07:00:00 AM,70,13,57
06/29/2020 08:00:00 AM,79,8,71
06/29/2020 09:00:00 AM,45,12,33
06/29/2020 10:00:00 AM,34,11,23
06/29/2020 11:00:00 AM,50,19,31
06/29/2020 12:00:00 PM,53,28,25
06/29/2020 01:00:00 PM,50,24,26
06/29/2020 02:00:00 PM,80,46,34
06/29/2020 03:00:00 PM,81,47,34
06/29/2020 04:00:00 PM,113,75,38
06/29/2020 05:00:00 PM,132,107,25
06/29/2020 06:00:00 PM,90,65,25
06/29/2020 07:00:00 PM,44,24,20
06/29/2020 08:00:00 PM,31,15,16
06/29/2020 09:00:00 PM,17,12,5
06/29/2020 10:00:00 PM,5,4,1
06/29/2020 11:00:00 PM,8,7,1
06/30/2020 12:00:00 AM,3,2,1
06/30/2020 01:00:00 AM,1,0,1
06/30/2020 02:00:00 AM,1,1,0
06/30/2020 03:00:00 AM,0,0,0
06/30/2020 04:00:00 AM,2,0,2
06/30/2020 05:00:00 AM,24,3,21
06/30/2020 06:00:00 AM,51,9,42
06/30/2020 07:00:00 AM,52,9,43
06/30/2020 08:00:00 AM,35,6,29
06/30/2020 09:00:00 AM,22,6,16
06/30/2020 10:00:00 AM,12,3,9
06/30/2020 11:00:00 AM,26,9,17
06/30/2020 12:00:00 PM,27,13,14
06/30/2020 01:00:00 PM,30,10,20
06/30/2020 02:00:00 PM,52,26,26
06/30/2020 03:00:00 PM,45,31,14
06/30/2020 04:00:00 PM,68,49,19
06/30/2020 05:00:00 PM,80,62,18
06/30/2020 06:00:00 PM,56,45,11
06/30/2020 07:00:00 PM,31,18,13
06/30/2020 08:00:00 PM,30,14,16
06/30/2020 09:00:00 PM,22,12,10
06/30/2020 10:00:00 PM,8,4,4
06/30/2020 11:00:00 PM,6,5,1
10/01/2020 12:00:00 AM,4,2,2
10/01/2020 01:00:00 AM,4,2,2
10/01/2020 02:00:00 AM,2,0,2
10/01/2020 03:00:00 AM,3,1,2
10/01/2020 04:00:00 AM,3,1,2
10/01/2020 05:00:00 AM,39,7,32
10/01/2020 06:00:00 AM,65,9,56
10/01/2020 07:00:00 AM,84,10,74
10/01/2020 08:00:00 AM,74,13,61
10/01/2020 09:00:00 AM,62,21,41
10/01/2020 10:00:00 AM,25,12,13
10/01/2020 11:00:00 AM,43,17,26
10/01/2020 12:00:00 PM,35,17,18
10/01/2020 01:00:00 PM,41,20,21
10/01/2020 02:00:00 PM,44,26,18
10/01/2020 03:00:00 PM,82,57,25
10/01/2020 04:00:00 PM,86,59,27
10/01/2020 05:00:00 PM,126,89,37
10/01/2020 06:00:00 PM,90,66,24
10/01/2020 07:00:00 PM,35,25,10
10/01/2020 08:00:00 PM,22,12,10
10/01/2020 09:00:00 PM,14,8,6
10/01/2020 10:00:00 PM,11,9,2
10/01/2020 11:00:00 PM,6,5,1
10/02/2020 12:00:00 AM,3,3,0
10/02/2020 01:00:00 AM,3,2,1
10/02/2020 02:00:00 AM,7,4,3
10/02/2020 03:00:00 AM,3,1,2
10/02/2020 04:00:00 AM,6,2,4
10/02/2020 05:00:00 AM,22,3,19
10/02/2020 06:00:00 AM,52,3,49
10/02/2020 07:00:00 AM,73,18,55
10/02/2020 08:00:00 AM,67,10,57
10/02/2020 09:00:00 AM,45,15,30
10/02/2020 10:00:00 AM,38,16,22
10/02/2020 11:00:00 AM,26,8,18
10/02/2020 12:00:00 PM,44,22,22
10/02/2020 01:00:00 PM,52,24,28
10/02/2020 02:00:00 PM,77,46,31
10/02/2020 03:00:00 PM,95,66,29
10/02/2020 04:00:00 PM,109,71,38
10/02/2020 05:00:00 PM,92,69,23
10/02/2020 06:00:00 PM,70,47,23
10/02/2020 07:00:00 PM,33,14,19
10/02/2020 08:00:00 PM,14,10,4
10/02/2020 09:00:00 PM,16,11,5
10/02/2020 10:00:00 PM,13,6,7
10/02/2020 11:00:00 PM,2,0,2
10/03/2020 12:00:00 AM,2,1,1
10/03/2020 01:00:00 AM,2,2,0
10/03/2020 02:00:00 AM,4,2,2
10/03/2020 03:00:00 AM,2,1,1
10/03/2020 04:00:00 AM,1,1,0
10/03/2020 05:00:00 AM,9,0,9
10/03/2020 06:00:00 AM,11,5,6
07/01/2020 12:00:00 AM,4,3,1
07/01/2020 01:00:00 AM,0,0,0
07/01/2020 02:00:00 AM,2,1,1
07/01/2020 03:00:00 AM,0,0,0
07/01/2020 04:00:00 AM,4,0,4
07/01/2020 05:00:00 AM,28,3,25
07/01/2020 06:00:00 AM,65,5,60
07/01/2020 07:00:00 AM,80,9,71
07/01/2020 08:00:00 AM,57,19,38
07/01/2020 09:00:00 AM,42,13,29
07/01/2020 10:00:00 AM,27,8,19
07/01/2020 11:00:00 AM,32,6,26
07/01/2020 12:00:00 PM,47,20,27
07/01/2020 01:00:00 PM,34,16,18
07/01/2020 02:00:00 PM,65,32,33
07/01/2020 03:00:00 PM,104,68,36
07/01/2020 04:00:00 PM,113,79,34
07/01/2020 05:00:00 PM,115,83,32
07/01/2020 06:00:00 PM,65,48,17
07/01/2020 07:00:00 PM,42,29,13
07/01/2020 08:00:00 PM,24,13,11
07/01/2020 09:00:00 PM,14,11,3
07/01/2020 10:00:00 PM,8,6,2
07/01/2020 11:00:00 PM,5,4,1
07/02/2020 12:00:00 AM,4,1,3
07/02/2020 01:00:00 AM,3,1,2
07/02/2020 02:00:00 AM,0,0,0
07/02/2020 03:00:00 AM,1,0,1
07/02/2020 04:00:00 AM,6,4,2
07/02/2020 05:00:00 AM,25,4,21
07/02/2020 06:00:00 AM,65,15,50
07/02/2020 07:00:00 AM,74,9,65
07/02/2020 08:00:00 AM,68,19,49
07/02/2020 09:00:00 AM,36,11,25
07/02/2020 10:00:00 AM,34,10,24
07/02/2020 11:00:00 AM,35,20,15
07/02/2020 12:00:00 PM,53,26,27
07/02/2020 01:00:00 PM,46,24,22
07/02/2020 02:00:00 PM,60,34,26
07/02/2020 03:00:00 PM,71,42,29
07/02/2020 04:00:00 PM,102,74,28
07/02/2020 05:00:00 PM,108,71,37
07/02/2020 06:00:00 PM,80,48,32
07/02/2020 07:00:00 PM,54,41,13
07/02/2020 08:00:00 PM,34,21,13
07/02/2020 09:00:00 PM,12,8,4
07/02/2020 10:00:00 PM,11,4,7
07/02/2020 11:00:00 PM,6,5,1
07/03/2020 12:00:00 AM,2,2,0
07/03/2020 01:00:00 AM,2,1,1
07/03/2020 02:00:00 AM,1,1,0
07/03/2020 03:00:00 AM,2,0,2
07/03/2020 04:00:00 AM,4,4,0
07/03/2020 05:00:00 AM,10,2,8
07/03/2020 06:00:00 AM,19,4,15
07/03/2020 07:00:00 AM,28,7,21
07/03/2020 08:00:00 AM,35,17,18
07/03/2020 09:00:00 AM,60,23,37
07/03/2020 10:00:00 AM,53,31,22
07/03/2020 11:00:00 AM,73,28,45
07/03/2020 12:00:00 PM,66,31,35
07/03/2020 01:00:00 PM,108,48,60
07/03/2020 02:00:00 PM,91,52,39
07/03/2020 03:00:00 PM,94,49,45
07/03/2020 04:00:00 PM,86,51,35
07/03/2020 05:00:00 PM,51,33,18
07/03/2020 06:00:00 PM,54,25,29
07/03/2020 07:00:00 PM,35,18,17
07/03/2020 08:00:00 PM,26,12,14
07/03/2020 09:00:00 PM,20,13,7
07/03/2020 10:00:00 PM,9,7,2
07/03/2020 11:00:00 PM,4,2,2
07/04/2020 12:00:00 AM,7,3,4
07/04/2020 01:00:00 AM,5,2,3
07/04/2020 02:00:00 AM,4,1,3
07/04/2020 03:00:00 AM,3,0,3
07/04/2020 04:00:00 AM,3,3,0
07/04/2020 05:00:00 AM,9,1,8
07/04/2020 06:00:00 AM,6,4,2
07/04/2020 07:00:00 AM,15,6,9
07/04/2020 08:00:00 AM,35,19,16
07/04/2020 09:00:00 AM,44,19,25
07/04/2020 10:00:00 AM,46,21,25
07/04/2020 11:00:00 AM,75,42,33
07/04/2020 12:00:00 PM,96,43,53
07/04/2020 01:00:00 PM,91,44,47
07/04/2020 02:00:00 PM,118,57,61
07/04/2020 03:00:00 PM,93,55,38
07/04/2020 04:00:00 PM,95,58,37
07/04/2020 05:00:00 PM,58,27,31
07/04/2020 06:00:00 PM,34,16,18
07/04/2020 07:00:00 PM,40,19,21
07/04/2020 08:00:00 PM,29,12,17
07/04/2020 09:00:00 PM,25,9,16
07/04/2020 10:00:00 PM,6,4,2
07/04/2020 11:00:00 PM,3,2,1
07/05/2020 12:00:00 AM,7,2,5
07/05/2020 01:00:00 AM,5,4,1
07/05/2020 02:00:00 AM,0,0,0
07/05/2020 03:00:00 AM,1,0,1
07/05/2020 04:00:00 AM,3,2,1
07/05/2020 05:00:00 AM,6,1,5
07/05/2020 06:00:00 AM,6,2,4
07/05/2020 07:00:00 AM,17,4,13
07/05/2020 08:00:00 AM,35,15,20
07/05/2020 09:00:00 AM,45,20,25
07/05/2020 10:00:00 AM,82,48,34
07/05/2020 11:00:00 AM,105,57,48
07/05/2020 12:00:00 PM,116,53,63
07/05/2020 01:00:00 PM,118,53,65
07/05/2020 02:00:00 PM,130,70,60
07/05/2020 03:00:00 PM,146,80,66
07/05/2020 04:00:00 PM,119,64,55
07/05/2020 05:00:00 PM,87,44,43
07/05/2020 06:00:00 PM,61,28,33
07/05/2020 07:00:00 PM,42,16,26
07/05/2020 08:00:00 PM,38,21,17
07/05/2020 09:00:00 PM,26,9,17
07/05/2020 10:00:00 PM,2,0,2
07/05/2020 11:00:00 PM,2,0,2
07/06/2020 12:00:00 AM,9,5,4
07/06/2020 01:00:00 AM,1,1,0
07/06/2020 02:00:00 AM,1,0,1
07/06/2020 03:00:00 AM,4,0,4
07/06/2020 04:00:00 AM,6,0,6
07/06/2020 05:00:00 AM,37,5,32
07/06/2020 06:00:00 AM,57,7,50
07/06/2020 07:00:00 AM,75,7,68
07/06/2020 08:00:00 AM,61,10,51
07/06/2020 09:00:00 AM,36,12,24
07/06/2020 10:00:00 AM,36,10,26
07/06/2020 11:00:00 AM,69,27,42
07/06/2020 12:00:00 PM,60,38,22
07/06/2020 01:00:00 PM,47,29,18
07/06/2020 02:00:00 PM,85,36,49
07/06/2020 03:00:00 PM,94,70,24
07/06/2020 04:00:00 PM,111,59,52
07/06/2020 05:00:00 PM,127,92,35
07/06/2020 06:00:00 PM,94,65,29
07/06/2020 07:00:00 PM,54,35,19
07/06/2020 08:00:00 PM,36,23,13
07/06/2020 09:00:00 PM,14,9,5
07/06/2020 10:00:00 PM,2,1,1
07/06/2020 11:00:00 PM,3,1,2
07/07/2020 12:00:00 AM,7,4,3
07/07/2020 01:00:00 AM,2,0,2
07/07/2020 02:00:00 AM,1,1,0
07/07/2020 03:00:00 AM,1,0,1
07/07/2020 04:00:00 AM,4,0,4
07/07/2020 05:00:00 AM,28,4,24
07/07/2020 06:00:00 AM,65,7,58
07/07/2020 07:00:00 AM,82,8,74
07/07/2020 08:00:00 AM,52,7,45
07/07/2020 09:00:00 AM,43,12,31
07/07/2020 10:00:00 AM,39,11,28
07/07/2020 11:00:00 AM,41,22,19
07/07/2020 12:00:00 PM,37,17,20
07/07/2020 01:00:00 PM,26,13,13
07/07/2020 02:00:00 PM,56,28,28
07/07/2020 03:00:00 PM,61,37,24
07/07/2020 04:00:00 PM,96,70,26
07/07/2020 05:00:00 PM,114,79,35
07/07/2020 06:00:00 PM,94,67,27
07/07/2020 07:00:00 PM,53,33,20
07/07/2020 08:00:00 PM,24,19,5
07/07/2020 09:00:00 PM,13,8,5
07/07/2020 10:00:00 PM,3,1,2
07/07/2020 11:00:00 PM,7,5,2
07/08/2020 12:00:00 AM,2,0,2
07/08/2020 01:00:00 AM,1,1,0
07/08/2020 02:00:00 AM,1,0,1
07/08/2020 03:00:00 AM,1,0,1
07/08/2020 04:00:00 AM,4,0,4
07/08/2020 05:00:00 AM,27,5,22
07/08/2020 06:00:00 AM,72,9,63
07/08/2020 07:00:00 AM,100,15,85
07/08/2020 08:00:00 AM,70,10,60
07/08/2020 09:00:00 AM,40,14,26
07/08/2020 10:00:00 AM,31,13,18
07/08/2020 11:00:00 AM,57,28,29
07/08/2020 12:00:00 PM,54,20,34
07/08/2020 01:00:00 PM,58,30,28
07/08/2020 02:00:00 PM,64,32,32
07/08/2020 03:00:00 PM,86,55,31
07/08/2020 04:00:00 PM,130,82,48
07/08/2020 05:00:00 PM,176,124,52
07/08/2020 06:00:00 PM,145,87,58
07/08/2020 07:00:00 PM,86,50,36
07/08/2020 08:00:00 PM,75,35,40
07/08/2020 09:00:00 PM,20,10,10
07/08/2020 10:00:00 PM,9,8,1
07/08/2020 11:00:00 PM,7,6,1
07/09/2020 12:00:00 AM,3,2,1
07/09/2020 01:00:00 AM,3,1,2
07/09/2020 02:00:00 AM,4,2,2
07/09/2020 03:00:00 AM,2,1,1
07/09/2020 04:00:00 AM,6,1,5
07/09/2020 05:00:00 AM,25,3,22
07/09/2020 06:00:00 AM,74,9,65
07/09/2020 07:00:00 AM,73,14,59
07/09/2020 08:00:00 AM,57,12,45
07/09/2020 09:00:00 AM,38,3,35
07/09/2020 10:00:00 AM,32,7,25
07/09/2020 11:00:00 AM,50,27,23
07/09/2020 12:00:00 PM,40,17,23
07/09/2020 01:00:00 PM,34,15,19
07/09/2020 02:00:00 PM,54,24,30
07/09/2020 03:00:00 PM,74,46,28
07/09/2020 04:00:00 PM,108,81,27
07/09/2020 05:00:00 PM,126,89,37
07/09/2020 06:00:00 PM,96,62,34
07/09/2020 07:00:00 PM,61,37,24
07/09/2020 08:00:00 PM,32,23,9
07/09/2020 09:00:00 PM,6,4,2
07/09/2020 10:00:00 PM,11,7,4
07/09/2020 11:00:00 PM,5,3,2
07/10/2020 12:00:00 AM,5,4,1
07/10/2020 01:00:00 AM,4,2,2
07/10/2020 02:00:00 AM,1,1,0
07/10/2020 03:00:00 AM,0,0,0
07/10/2020 04:00:00 AM,4,1,3
07/10/2020 05:00:00 AM,26,4,22
07/10/2020 06:00:00 AM,79,12,67
07/10/2020 07:00:00 AM,73,9,64
07/10/2020 08:00:00 AM,78,18,60
07/10/2020 09:00:00 AM,44,11,33
07/10/2020 10:00:00 AM,70,25,45
07/10/2020 11:00:00 AM,66,22,44
07/10/2020 12:00:00 PM,40,20,20
07/10/2020 01:00:00 PM,72,44,28
07/10/2020 02:00:00 PM,92,51,41
07/10/2020 03:00:00 PM,98,55,43
07/10/2020 04:00:00 PM,147,96,51
07/10/2020 05:00:00 PM,151,115,36
07/10/2020 06:00:00 PM,96,68,28
07/10/2020 07:00:00 PM,50,26,24
07/10/2020 08:00:00 PM,51,23,28
07/10/2020 09:00:00 PM,23,10,13
07/10/2020 10:00:00 PM,21,14,7
07/10/2020 11:00:00 PM,8,5,3
07/11/2020 12:00:00 AM,8,7,1
07/11/2020 01:00:00 AM,5,1,4
07/11/2020 02:00:00 AM,2,1,1
07/11/2020 03:00:00 AM,2,1,1
07/11/2020 04:00:00 AM,4,1,3
07/11/2020 05:00:00 AM,10,2,8
07/11/2020 06:00:00 AM,19,7,12
07/11/2020 07:00:00 AM,33,14,19
07/11/2020 08:00:00 AM,51,16,35
07/11/2020 09:00:00 AM,55,25,30
07/11/2020 10:00:00 AM,86,36,50
07/11/2020 11:00:00 AM,96,46,50
07/11/2020 12:00:00 PM,104,54,50
07/11/2020 01:00:00 PM,112,62,50
07/11/2020 02:00:00 PM,121,70,51
07/11/2020 03:00:00 PM,100,53,47
07/11/2020 04:00:00 PM,104,44,60
07/11/2020 05:00:00 PM,66,37,29
07/11/2020 06:00:00 PM,46,28,18
07/11/2020 07:00:00 PM,25,16,9
07/11/2020 08:00:00 PM,19,11,8
07/11/2020 09:00:00 PM,12,4,8
07/11/2020 10:00:00 PM,5,3,2
07/11/2020 11:00:00 PM,7,4,3
07/12/2020 12:00:00 AM,4,1,3
07/12/2020 01:00:00 AM,1,0,1
07/12/2020 02:00:00 AM,2,1,1
07/12/2020 03:00:00 AM,0,0,0
07/12/2020 04:00:00 AM,1,0,1
07/12/2020 05:00:00 AM,2,1,1
07/12/2020 06:00:00 AM,11,5,6
07/12/2020 07:00:00 AM,12,4,8
07/12/2020 08:00:00 AM,10,5,5
07/12/2020 09:00:00 AM,19,8,11
07/12/2020 10:00:00 AM,18,7,11
07/12/2020 11:00:00 AM,42,19,23
07/12/2020 12:00:00 PM,58,22,36
07/12/2020 01:00:00 PM,76,35,41
07/12/2020 02:00:00 PM,116,63,53
07/12/2020 03:00:00 PM,130,59,71
07/12/2020 04:00:00 PM,124,65,59
07/12/2020 05:00:00 PM,89,42,47
07/12/2020 06:00:00 PM,84,46,38
07/12/2020 07:00:00 PM,43,23,20
07/12/2020 08:00:00 PM,35,21,14
07/12/2020 09:00:00 PM,10,5,5
07/12/2020 10:00:00 PM,10,6,4
07/12/2020 11:00:00 PM,10,6,4
07/13/2020 12:00:00 AM,2,0,2
07/13/2020 01:00:00 AM,3,1,2
07/13/2020 02:00:00 AM,1,0,1
07/13/2020 03:00:00 AM,2,2,0
07/13/2020 04:00:00 AM,4,0,4
07/13/2020 05:00:00 AM,31,5,26
07/13/2020 06:00:00 AM,78,8,70
07/13/2020 07:00:00 AM,91,15,76
07/13/2020 08:00:00 AM,83,14,69
07/13/2020 09:00:00 AM,60,17,43
07/13/2020 10:00:00 AM,49,12,37
07/13/2020 11:00:00 AM,52,28,24
07/13/2020 12:00:00 PM,56,26,30
07/13/2020 01:00:00 PM,54,27,27
07/13/2020 02:00:00 PM,68,47,21
07/13/2020 03:00:00 PM,101,71,30
07/13/2020 04:00:00 PM,109,80,29
07/13/2020 05:00:00 PM,163,113,50
07/13/2020 06:00:00 PM,117,74,43
07/13/2020 07:00:00 PM,62,40,22
07/13/2020 08:00:00 PM,36,15,21
07/13/2020 09:00:00 PM,25,11,14
07/13/2020 10:00:00 PM,6,2,4
07/13/2020 11:00:00 PM,4,3,1
07/14/2020 12:00:00 AM,10,6,4
07/14/2020 01:00:00 AM,2,2,0
07/14/2020 02:00:00 AM,0,0,0
07/14/2020 03:00:00 AM,2,1,1
07/14/2020 04:00:00 AM,9,0,9
07/14/2020 05:00:00 AM,34,6,28
07/14/2020 06:00:00 AM,92,14,78
07/14/2020 07:00:00 AM,97,15,82
07/14/2020 08:00:00 AM,78,16,62
07/14/2020 09:00:00 AM,55,16,39
07/14/2020 10:00:00 AM,74,24,50
07/14/2020 11:00:00 AM,38,21,17
07/14/2020 12:00:00 PM,71,30,41
07/14/2020 01:00:00 PM,54,26,28
07/14/2020 02:00:00 PM,59,37,22
07/14/2020 03:00:00 PM,96,60,36
07/14/2020 04:00:00 PM,126,86,40
07/14/2020 05:00:00 PM,177,125,52
07/14/2020 06:00:00 PM,132,100,32
07/14/2020 07:00:00 PM,67,47,20
07/14/2020 08:00:00 PM,70,31,39
07/14/2020 09:00:00 PM,24,9,15
07/14/2020 10:00:00 PM,7,3,4
07/14/2020 11:00:00 PM,4,1,3
07/15/2020 12:00:00 AM,5,2,3
07/15/2020 01:00:00 AM,0,0,0
07/15/2020 02:00:00 AM,5,3,2
07/15/2020 03:00:00 AM,3,1,2
07/15/2020 04:00:00 AM,7,1,6
07/15/2020 05:00:00 AM,34,6,28
07/15/2020 06:00:00 AM,90,11,79
07/15/2020 07:00:00 AM,83,12,71
07/15/2020 08:00:00 AM,82,16,66
07/15/2020 09:00:00 AM,61,21,40
07/15/2020 10:00:00 AM,38,10,28
07/15/2020 11:00:00 AM,53,23,30
07/15/2020 12:00:00 PM,62,35,27
07/15/2020 01:00:00 PM,47,28,19
07/15/2020 02:00:00 PM,78,38,40
07/15/2020 03:00:00 PM,103,73,30
07/15/2020 04:00:00 PM,156,102,54
07/15/2020 05:00:00 PM,152,102,50
07/15/2020 06:00:00 PM,133,89,44
07/15/2020 07:00:00 PM,83,45,38
07/15/2020 08:00:00 PM,57,30,27
07/15/2020 09:00:00 PM,32,17,15
07/15/2020 10:00:00 PM,13,5,8
07/15/2020 11:00:00 PM,7,4,3
07/16/2020 12:00:00 AM,4,1,3
07/16/2020 01:00:00 AM,4,4,0
07/16/2020 02:00:00 AM,7,3,4
07/16/2020 03:00:00 AM,1,0,1
07/16/2020 04:00:00 AM,6,1,5
07/16/2020 05:00:00 AM,44,7,37
07/16/2020 06:00:00 AM,95,14,81
07/16/2020 07:00:00 AM,104,15,89
07/16/2020 08:00:00 AM,77,14,63
07/16/2020 09:00:00 AM,54,18,36
07/16/2020 10:00:00 AM,71,32,39
07/16/2020 11:00:00 AM,63,21,42
07/16/2020 12:00:00 PM,72,41,31
07/16/2020 01:00:00 PM,62,34,28
07/16/2020 02:00:00 PM,62,30,32
07/16/2020 03:00:00 PM,89,61,28
07/16/2020 04:00:00 PM,127,93,34
07/16/2020 05:00:00 PM,173,127,46
07/16/2020 06:00:00 PM,100,66,34
07/16/2020 07:00:00 PM,66,49,17
07/16/2020 08:00:00 PM,51,33,18
07/16/2020 09:00:00 PM,19,13,6
07/16/2020 10:00:00 PM,15,6,9
07/16/2020 11:00:00 PM,6,3,3
07/17/2020 12:00:00 AM,5,4,1
07/17/2020 01:00:00 AM,3,1,2
07/17/2020 02:00:00 AM,3,0,3
07/17/2020 03:00:00 AM,3,2,1
07/17/2020 04:00:00 AM,4,0,4
07/17/2020 05:00:00 AM,15,1,14
07/17/2020 06:00:00 AM,44,9,35
07/17/2020 07:00:00 AM,41,9,32
07/17/2020 08:00:00 AM,47,10,37
07/17/2020 09:00:00 AM,26,12,14
07/17/2020 10:00:00 AM,34,14,20
07/17/2020 11:00:00 AM,34,15,19
07/17/2020 12:00:00 PM,39,19,20
07/17/2020 01:00:00 PM,39,21,18
07/17/2020 02:00:00 PM,47,26,21
07/17/2020 03:00:00 PM,56,32,24
07/17/2020 04:00:00 PM,72,44,28
07/17/2020 05:00:00 PM,110,83,27
07/17/2020 06:00:00 PM,61,38,23
07/17/2020 07:00:00 PM,37,26,11
07/17/2020 08:00:00 PM,40,26,14
07/17/2020 09:00:00 PM,23,7,16
07/17/2020 10:00:00 PM,7,4,3
07/17/2020 11:00:00 PM,6,3,3
07/18/2020 12:00:00 AM,7,4,3
07/18/2020 01:00:00 AM,1,1,0
07/18/2020 02:00:00 AM,1,0,1
07/18/2020 03:00:00 AM,2,1,1
07/18/2020 04:00:00 AM,3,2,1
07/18/2020 05:00:00 AM,8,0,8
07/18/2020 06:00:00 AM,14,3,11
07/18/2020 07:00:00 AM,35,14,21
07/18/2020 08:00:00 AM,49,19,30
07/18/2020 09:00:00 AM,96,53,43
07/18/2020 10:00:00 AM,105,52,53
07/18/2020 11:00:00 AM,131,64,67
07/18/2020 12:00:00 PM,148,67,81
07/18/2020 01:00:00 PM,128,64,64
07/18/2020 02:00:00 PM,126,69,57
07/18/2020 03:00:00 PM,135,83,52
07/18/2020 04:00:00 PM,131,62,69
07/18/2020 05:00:00 PM,103,62,41
07/18/2020 06:00:00 PM,100,59,41
07/18/2020 07:00:00 PM,63,25,38
07/18/2020 08:00:00 PM,48,14,34
07/18/2020 09:00:00 PM,19,6,13
07/18/2020 10:00:00 PM,9,8,1
07/18/2020 11:00:00 PM,2,1,1
07/19/2020 12:00:00 AM,3,3,0
07/19/2020 01:00:00 AM,0,0,0
07/19/2020 02:00:00 AM,1,1,0
07/19/2020 03:00:00 AM,2,1,1
07/19/2020 04:00:00 AM,2,2,0
07/19/2020 05:00:00 AM,3,0,3
07/19/2020 06:00:00 AM,15,8,7
07/19/2020 07:00:00 AM,36,10,26
07/19/2020 08:00:00 AM,40,20,20
07/19/2020 09:00:00 AM,70,25,45
07/19/2020 10:00:00 AM,84,37,47
07/19/2020 11:00:00 AM,109,51,58
07/19/2020 12:00:00 PM,127,69,58
07/19/2020 01:00:00 PM,147,77,70
07/19/2020 02:00:00 PM,115,56,59
07/19/2020 03:00:00 PM,108,52,56
07/19/2020 04:00:00 PM,96,47,49
07/19/2020 05:00:00 PM,73,38,35
07/19/2020 06:00:00 PM,53,35,18
07/19/2020 07:00:00 PM,37,20,17
07/19/2020 08:00:00 PM,32,15,17
07/19/2020 09:00:00 PM,14,7,7
07/19/2020 10:00:00 PM,4,2,2
07/19/2020 11:00:00 PM,7,4,3
07/20/2020 12:00:00 AM,2,0,2
07/20/2020 01:00:00 AM,3,1,2
07/20/2020 02:00:00 AM,1,1,0
07/20/2020 03:00:00 AM,1,1,0
07/20/2020 04:00:00 AM,6,3,3
07/20/2020 05:00:00 AM,38,7,31
07/20/2020 06:00:00 AM,79,10,69
07/20/2020 07:00:00 AM,83,8,75
07/20/2020 08:00:00 AM,75,16,59
07/20/2020 09:00:00 AM,64,11,53
07/20/2020 10:00:00 AM,48,23,25
07/20/2020 11:00:00 AM,53,29,24
07/20/2020 12:00:00 PM,53,22,31
07/20/2020 01:00:00 PM,70,37,33
07/20/2020 02:00:00 PM,66,42,24
07/20/2020 03:00:00 PM,87,54,33
07/20/2020 04:00:00 PM,109,81,28
07/20/2020 05:00:00 PM,124,94,30
07/20/2020 06:00:00 PM,95,70,25
07/20/2020 07:00:00 PM,66,42,24
07/20/2020 08:00:00 PM,41,19,22
07/20/2020 09:00:00 PM,14,8,6
07/20/2020 10:00:00 PM,6,5,1
07/20/2020 11:00:00 PM,10,5,5
07/21/2020 12:00:00 AM,3,2,1
07/21/2020 01:00:00 AM,1,1,0
07/21/2020 02:00:00 AM,1,0,1
07/21/2020 03:00:00 AM,1,0,1
07/21/2020 04:00:00 AM,8,1,7
07/21/2020 05:00:00 AM,44,7,37
07/21/2020 06:00:00 AM,98,8,90
07/21/2020 07:00:00 AM,88,22,66
07/21/2020 08:00:00 AM,83,15,68
07/21/2020 09:00:00 AM,70,28,42
07/21/2020 10:00:00 AM,59,17,42
07/21/2020 11:00:00 AM,55,26,29
07/21/2020 12:00:00 PM,56,31,25
07/21/2020 01:00:00 PM,46,23,23
07/21/2020 02:00:00 PM,60,41,19
07/21/2020 03:00:00 PM,96,58,38
07/21/2020 04:00:00 PM,137,90,47
07/21/2020 05:00:00 PM,153,111,42
07/21/2020 06:00:00 PM,131,85,46
07/21/2020 07:00:00 PM,74,44,30
07/21/2020 08:00:00 PM,59,34,25
07/21/2020 09:00:00 PM,28,11,17
07/21/2020 10:00:00 PM,7,6,1
07/21/2020 11:00:00 PM,5,3,2
07/22/2020 12:00:00 AM,6,5,1
07/22/2020 01:00:00 AM,5,1,4
07/22/2020 02:00:00 AM,3,0,3
07/22/2020 03:00:00 AM,1,0,1
07/22/2020 04:00:00 AM,8,3,5
07/22/2020 05:00:00 AM,28,4,24
07/22/2020 06:00:00 AM,91,8,83
07/22/2020 07:00:00 AM,90,15,75
07/22/2020 08:00:00 AM,69,20,49
07/22/2020 09:00:00 AM,45,12,33
07/22/2020 10:00:00 AM,35,6,29
07/22/2020 11:00:00 AM,34,12,22
07/22/2020 12:00:00 PM,34,12,22
07/22/2020 01:00:00 PM,40,16,24
07/22/2020 02:00:00 PM,64,44,20
07/22/2020 03:00:00 PM,79,56,23
07/22/2020 04:00:00 PM,129,80,49
07/22/2020 05:00:00 PM,136,99,37
07/22/2020 06:00:00 PM,102,77,25
07/22/2020 07:00:00 PM,68,41,27
07/22/2020 08:00:00 PM,32,15,17
07/22/2020 09:00:00 PM,29,13,16
07/22/2020 10:00:00 PM,10,4,6
07/22/2020 11:00:00 PM,4,2,2
07/23/2020 12:00:00 AM,2,1,1
07/23/2020 01:00:00 AM,3,2,1
07/23/2020 02:00:00 AM,2,0,2
07/23/2020 03:00:00 AM,3,1,2
07/23/2020 04:00:00 AM,4,1,3
07/23/2020 05:00:00 AM,26,2,24
07/23/2020 06:00:00 AM,87,13,74
07/23/2020 07:00:00 AM,93,14,79
07/23/2020 08:00:00 AM,67,16,51
07/23/2020 09:00:00 AM,48,15,33
07/23/2020 10:00:00 AM,33,11,22
07/23/2020 11:00:00 AM,44,26,18
07/23/2020 12:00:00 PM,65,29,36
07/23/2020 01:00:00 PM,54,22,32
07/23/2020 02:00:00 PM,81,47,34
07/23/2020 03:00:00 PM,83,51,32
07/23/2020 04:00:00 PM,107,77,30
07/23/2020 05:00:00 PM,155,108,47
07/23/2020 06:00:00 PM,103,78,25
07/23/2020 07:00:00 PM,67,39,28
07/23/2020 08:00:00 PM,50,24,26
07/23/2020 09:00:00 PM,21,9,12
07/23/2020 10:00:00 PM,7,3,4
07/23/2020 11:00:00 PM,7,4,3
07/24/2020 12:00:00 AM,2,1,1
07/24/2020 01:00:00 AM,4,2,2
07/24/2020 02:00:00 AM,5,1,4
07/24/2020 03:00:00 AM,1,0,1
07/24/2020 04:00:00 AM,10,2,8
07/24/2020 05:00:00 AM,31,5,26
07/24/2020 06:00:00 AM,55,6,49
07/24/2020 07:00:00 AM,79,7,72
07/24/2020 08:00:00 AM,77,24,53
07/24/2020 09:00:00 AM,69,29,40
07/24/2020 10:00:00 AM,47,16,31
07/24/2020 11:00:00 AM,53,19,34
07/24/2020 12:00:00 PM,70,30,40
07/24/2020 01:00:00 PM,49,28,21
07/24/2020 02:00:00 PM,73,38,35
07/24/2020 03:00:00 PM,91,63,28
07/24/2020 04:00:00 PM,94,72,22
07/24/2020 05:00:00 PM,122,89,33
07/24/2020 06:00:00 PM,83,54,29
07/24/2020 07:00:00 PM,52,32,20
07/24/2020 08:00:00 PM,35,19,16
07/24/2020 09:00:00 PM,16,11,5
07/24/2020 10:00:00 PM,10,5,5
07/24/2020 11:00:00 PM,11,6,5
07/25/2020 12:00:00 AM,2,1,1
07/25/2020 01:00:00 AM,1,0,1
07/25/2020 02:00:00 AM,5,2,3
07/25/2020 03:00:00 AM,1,0,1
07/25/2020 04:00:00 AM,0,0,0
07/25/2020 05:00:00 AM,12,1,11
07/25/2020 06:00:00 AM,22,3,19
07/25/2020 07:00:00 AM,23,7,16
07/25/2020 08:00:00 AM,45,18,27
07/25/2020 09:00:00 AM,76,37,39
07/25/2020 10:00:00 AM,89,50,39
07/25/2020 11:00:00 AM,129,58,71
07/25/2020 12:00:00 PM,117,51,66
07/25/2020 01:00:00 PM,110,58,52
07/25/2020 02:00:00 PM,132,71,61
07/25/2020 03:00:00 PM,109,53,56
07/25/2020 04:00:00 PM,106,62,44
07/25/2020 05:00:00 PM,92,50,42
07/25/2020 06:00:00 PM,78,43,35
07/25/2020 07:00:00 PM,49,30,19
07/25/2020 08:00:00 PM,23,12,11
07/25/2020 09:00:00 PM,28,15,13
07/25/2020 10:00:00 PM,17,6,11
07/25/2020 11:00:00 PM,4,2,2
07/26/2020 12:00:00 AM,6,3,3
07/26/2020 01:00:00 AM,1,0,1
07/26/2020 02:00:00 AM,4,1,3
07/26/2020 03:00:00 AM,1,0,1
07/26/2020 04:00:00 AM,3,2,1
07/26/2020 05:00:00 AM,7,1,6
07/26/2020 06:00:00 AM,26,8,18
07/26/2020 07:00:00 AM,29,16,13
07/26/2020 08:00:00 AM,58,32,26
07/26/2020 09:00:00 AM,73,30,43
07/26/2020 10:00:00 AM,92,45,47
07/26/2020 11:00:00 AM,139,79,60
07/26/2020 12:00:00 PM,136,60,76
07/26/2020 01:00:00 PM,109,51,58
07/26/2020 02:00:00 PM,113,55,58
07/26/2020 03:00:00 PM,98,52,46
07/26/2020 04:00:00 PM,80,46,34
07/26/2020 05:00:00 PM,109,51,58
07/26/2020 06:00:00 PM,57,28,29
07/26/2020 07:00:00 PM,33,15,18
07/26/2020 08:00:00 PM,35,17,18
07/26/2020 09:00:00 PM,22,11,11
07/26/2020 10:00:00 PM,1,0,1
07/26/2020 11:00:00 PM,9,6,3
07/27/2020 12:00:00 AM,2,0,2
07/27/2020 01:00:00 AM,5,3,2
07/27/2020 02:00:00 AM,2,1,1
07/27/2020 03:00:00 AM,0,0,0
07/27/2020 04:00:00 AM,10,0,10
07/27/2020 05:00:00 AM,34,5,29
07/27/2020 06:00:00 AM,74,18,56
07/27/2020 07:00:00 AM,90,11,79
07/27/2020 08:00:00 AM,63,15,48
07/27/2020 09:00:00 AM,51,13,38
07/27/2020 10:00:00 AM,47,25,22
07/27/2020 11:00:00 AM,47,13,34
07/27/2020 12:00:00 PM,41,21,20
07/27/2020 01:00:00 PM,49,26,23
07/27/2020 02:00:00 PM,63,37,26
07/27/2020 03:00:00 PM,90,57,33
07/27/2020 04:00:00 PM,89,59,30
07/27/2020 05:00:00 PM,110,82,28
07/27/2020 06:00:00 PM,88,70,18
07/27/2020 07:00:00 PM,51,34,17
07/27/2020 08:00:00 PM,31,19,12
07/27/2020 09:00:00 PM,20,6,14
07/27/2020 10:00:00 PM,9,6,3
07/27/2020 11:00:00 PM,5,4,1
07/28/2020 12:00:00 AM,4,3,1
07/28/2020 01:00:00 AM,3,2,1
07/28/2020 02:00:00 AM,4,1,3
07/28/2020 03:00:00 AM,3,2,1
07/28/2020 04:00:00 AM,6,0,6
07/28/2020 05:00:00 AM,39,5,34
07/28/2020 06:00:00 AM,85,10,75
07/28/2020 07:00:00 AM,95,10,85
07/28/2020 08:00:00 AM,78,17,61
07/28/2020 09:00:00 AM,50,12,38
07/28/2020 10:00:00 AM,43,15,28
07/28/2020 11:00:00 AM,55,24,31
07/28/2020 12:00:00 PM,49,21,28
07/28/2020 01:00:00 PM,50,24,26
07/28/2020 02:00:00 PM,64,38,26
07/28/2020 03:00:00 PM,96,68,28
07/28/2020 04:00:00 PM,131,98,33
07/28/2020 05:00:00 PM,141,104,37
07/28/2020 06:00:00 PM,108,85,23
07/28/2020 07:00:00 PM,60,30,30
07/28/2020 08:00:00 PM,69,46,23
07/28/2020 09:00:00 PM,19,10,9
07/28/2020 10:00:00 PM,12,8,4
07/28/2020 11:00:00 PM,4,1,3
07/29/2020 12:00:00 AM,3,2,1
07/29/2020 01:00:00 AM,1,0,1
07/29/2020 02:00:00 AM,6,2,4
07/29/2020 03:00:00 AM,1,1,0
07/29/2020 04:00:00 AM,8,3,5
07/29/2020 05:00:00 AM,45,9,36
07/29/2020 06:00:00 AM,69,8,61
07/29/2020 07:00:00 AM,93,17,76
07/29/2020 08:00:00 AM,85,21,64
07/29/2020 09:00:00 AM,37,10,27
07/29/2020 10:00:00 AM,55,25,30
07/29/2020 11:00:00 AM,51,26,25
07/29/2020 12:00:00 PM,54,22,32
07/29/2020 01:00:00 PM,69,35,34
07/29/2020 02:00:00 PM,78,31,47
07/29/2020 03:00:00 PM,85,56,29
07/29/2020 04:00:00 PM,121,90,31
07/29/2020 05:00:00 PM,157,110,47
07/29/2020 06:00:00 PM,96,66,30
07/29/2020 07:00:00 PM,72,41,31
07/29/2020 08:00:00 PM,50,33,17
07/29/2020 09:00:00 PM,24,10,14
07/29/2020 10:00:00 PM,24,12,12
07/29/2020 11:00:00 PM,9,7,2
07/30/2020 12:00:00 AM,5,3,2
07/30/2020 01:00:00 AM,3,2,1
07/30/2020 02:00:00 AM,3,1,2
07/30/2020 03:00:00 AM,2,2,0
07/30/2020 04:00:00 AM,9,3,6
07/30/2020 05:00:00 AM,38,7,31
07/30/2020 06:00:00 AM,80,10,70
07/30/2020 07:00:00 AM,102,13,89
07/30/2020 08:00:00 AM,82,20,62
07/30/2020 09:00:00 AM,82,21,61
07/30/2020 10:00:00 AM,44,21,23
07/30/2020 11:00:00 AM,53,27,26
07/30/2020 12:00:00 PM,64,27,37
07/30/2020 01:00:00 PM,47,22,25
07/30/2020 02:00:00 PM,81,49,32
07/30/2020 03:00:00 PM,96,60,36
07/30/2020 04:00:00 PM,124,85,39
07/30/2020 05:00:00 PM,137,92,45
07/30/2020 06:00:00 PM,103,77,26
07/30/2020 07:00:00 PM,70,51,19
07/30/2020 08:00:00 PM,51,28,23
07/30/2020 09:00:00 PM,34,20,14
07/30/2020 10:00:00 PM,14,6,8
07/30/2020 11:00:00 PM,12,10,2
07/31/2020 12:00:00 AM,9,6,3
07/31/2020 01:00:00 AM,4,2,2
07/31/2020 02:00:00 AM,5,2,3
07/31/2020 03:00:00 AM,2,1,1
07/31/2020 04:00:00 AM,9,1,8
07/31/2020 05:00:00 AM,40,3,37
07/31/2020 06:00:00 AM,54,10,44
07/31/2020 07:00:00 AM,94,19,75
07/31/2020 08:00:00 AM,85,24,61
07/31/2020 09:00:00 AM,65,21,44
07/31/2020 10:00:00 AM,40,17,23
07/31/2020 11:00:00 AM,61,26,35
07/31/2020 12:00:00 PM,46,23,23
07/31/2020 01:00:00 PM,72,26,46
07/31/2020 02:00:00 PM,69,36,33
07/31/2020 03:00:00 PM,98,64,34
07/31/2020 04:00:00 PM,95,69,26
07/31/2020 05:00:00 PM,110,83,27
07/31/2020 06:00:00 PM,78,55,23
07/31/2020 07:00:00 PM,53,34,19
07/31/2020 08:00:00 PM,40,19,21
07/31/2020 09:00:00 PM,18,12,6
07/31/2020 10:00:00 PM,7,7,0
07/31/2020 11:00:00 PM,8,6,2
10/03/2020 07:00:00 AM,17,5,12
10/03/2020 08:00:00 AM,39,24,15
10/03/2020 09:00:00 AM,44,21,23
10/03/2020 10:00:00 AM,59,15,44
10/03/2020 11:00:00 AM,68,34,34
10/03/2020 12:00:00 PM,59,28,31
10/03/2020 01:00:00 PM,68,39,29
10/03/2020 02:00:00 PM,74,32,42
10/03/2020 03:00:00 PM,85,41,44
10/03/2020 04:00:00 PM,68,41,27
10/03/2020 05:00:00 PM,53,26,27
10/03/2020 06:00:00 PM,33,10,23
10/03/2020 07:00:00 PM,14,9,5
10/03/2020 08:00:00 PM,3,0,3
10/03/2020 09:00:00 PM,7,3,4
10/03/2020 10:00:00 PM,1,1,0
10/03/2020 11:00:00 PM,4,3,1
10/04/2020 12:00:00 AM,2,0,2
10/04/2020 01:00:00 AM,0,0,0
10/04/2020 02:00:00 AM,5,3,2
10/04/2020 03:00:00 AM,0,0,0
10/04/2020 04:00:00 AM,3,2,1
10/04/2020 05:00:00 AM,3,1,2
10/04/2020 06:00:00 AM,13,3,10
10/04/2020 07:00:00 AM,12,6,6
10/04/2020 08:00:00 AM,24,12,12
10/04/2020 09:00:00 AM,27,15,12
10/04/2020 10:00:00 AM,29,15,14
10/04/2020 11:00:00 AM,46,16,30
10/04/2020 12:00:00 PM,32,16,16
10/04/2020 01:00:00 PM,53,28,25
10/04/2020 02:00:00 PM,62,26,36
08/01/2020 12:00:00 AM,9,6,3
08/01/2020 01:00:00 AM,1,0,1
08/01/2020 02:00:00 AM,3,0,3
08/01/2020 03:00:00 AM,4,1,3
08/01/2020 04:00:00 AM,3,0,3
08/01/2020 05:00:00 AM,13,5,8
08/01/2020 06:00:00 AM,20,3,17
08/01/2020 07:00:00 AM,37,18,19
08/01/2020 08:00:00 AM,60,31,29
08/01/2020 09:00:00 AM,69,31,38
08/01/2020 10:00:00 AM,94,53,41
08/01/2020 11:00:00 AM,72,38,34
08/01/2020 12:00:00 PM,93,40,53
08/01/2020 01:00:00 PM,112,54,58
08/01/2020 02:00:00 PM,103,50,53
08/01/2020 03:00:00 PM,98,52,46
08/01/2020 04:00:00 PM,99,59,40
08/01/2020 05:00:00 PM,76,35,41
08/01/2020 06:00:00 PM,58,26,32
08/01/2020 07:00:00 PM,65,31,34
08/01/2020 08:00:00 PM,31,14,17
08/01/2020 09:00:00 PM,28,9,19
08/01/2020 10:00:00 PM,12,6,6
08/01/2020 11:00:00 PM,4,4,0
08/02/2020 12:00:00 AM,7,6,1
08/02/2020 01:00:00 AM,2,1,1
08/02/2020 02:00:00 AM,3,2,1
08/02/2020 03:00:00 AM,2,0,2
08/02/2020 04:00:00 AM,1,0,1
08/02/2020 05:00:00 AM,9,4,5
08/02/2020 06:00:00 AM,20,8,12
08/02/2020 07:00:00 AM,31,15,16
08/02/2020 08:00:00 AM,54,27,27
08/02/2020 09:00:00 AM,75,39,36
08/02/2020 10:00:00 AM,91,48,43
08/02/2020 11:00:00 AM,107,57,50
08/02/2020 12:00:00 PM,144,81,63
08/02/2020 01:00:00 PM,126,57,69
08/02/2020 02:00:00 PM,119,66,53
08/02/2020 03:00:00 PM,104,54,50
08/02/2020 04:00:00 PM,121,69,52
08/02/2020 05:00:00 PM,76,38,38
08/02/2020 06:00:00 PM,74,32,42
08/02/2020 07:00:00 PM,55,30,25
08/02/2020 08:00:00 PM,19,9,10
08/02/2020 09:00:00 PM,10,5,5
08/02/2020 10:00:00 PM,7,4,3
08/02/2020 11:00:00 PM,3,1,2
08/03/2020 12:00:00 AM,7,4,3
08/03/2020 01:00:00 AM,4,1,3
08/03/2020 02:00:00 AM,3,1,2
08/03/2020 03:00:00 AM,1,0,1
08/03/2020 04:00:00 AM,7,1,6
08/03/2020 05:00:00 AM,38,5,33
08/03/2020 06:00:00 AM,90,14,76
08/03/2020 07:00:00 AM,81,9,72
08/03/2020 08:00:00 AM,85,13,72
08/03/2020 09:00:00 AM,41,17,24
08/03/2020 10:00:00 AM,37,17,20
08/03/2020 11:00:00 AM,38,15,23
08/03/2020 12:00:00 PM,34,14,20
08/03/2020 01:00:00 PM,40,17,23
08/03/2020 02:00:00 PM,62,34,28
08/03/2020 03:00:00 PM,94,58,36
08/03/2020 04:00:00 PM,102,65,37
08/03/2020 05:00:00 PM,151,117,34
08/03/2020 06:00:00 PM,86,61,25
08/03/2020 07:00:00 PM,49,28,21
08/03/2020 08:00:00 PM,47,30,17
08/03/2020 09:00:00 PM,14,7,7
08/03/2020 10:00:00 PM,11,8,3
08/03/2020 11:00:00 PM,7,4,3
08/04/2020 12:00:00 AM,4,4,0
08/04/2020 01:00:00 AM,2,2,0
08/04/2020 02:00:00 AM,2,0,2
08/04/2020 03:00:00 AM,2,1,1
08/04/2020 04:00:00 AM,10,4,6
08/04/2020 05:00:00 AM,42,5,37
08/04/2020 06:00:00 AM,92,12,80
08/04/2020 07:00:00 AM,104,18,86
08/04/2020 08:00:00 AM,82,16,66
08/04/2020 09:00:00 AM,63,23,40
08/04/2020 10:00:00 AM,51,16,35
08/04/2020 11:00:00 AM,49,19,30
08/04/2020 12:00:00 PM,39,23,16
08/04/2020 01:00:00 PM,53,31,22
08/04/2020 02:00:00 PM,69,43,26
08/04/2020 03:00:00 PM,88,58,30
08/04/2020 04:00:00 PM,112,81,31
08/04/2020 05:00:00 PM,148,102,46
08/04/2020 06:00:00 PM,111,83,28
08/04/2020 07:00:00 PM,84,54,30
08/04/2020 08:00:00 PM,54,29,25
08/04/2020 09:00:00 PM,17,8,9
08/04/2020 10:00:00 PM,14,8,6
08/04/2020 11:00:00 PM,6,4,2
08/05/2020 12:00:00 AM,5,4,1
08/05/2020 01:00:00 AM,2,2,0
08/05/2020 02:00:00 AM,3,0,3
08/05/2020 03:00:00 AM,1,1,0
08/05/2020 04:00:00 AM,3,1,2
08/05/2020 05:00:00 AM,45,6,39
08/05/2020 06:00:00 AM,84,15,69
08/05/2020 07:00:00 AM,93,19,74
08/05/2020 08:00:00 AM,87,17,70
08/05/2020 09:00:00 AM,71,16,55
08/05/2020 10:00:00 AM,47,19,28
08/05/2020 11:00:00 AM,51,20,31
08/05/2020 12:00:00 PM,57,23,34
08/05/2020 01:00:00 PM,58,35,23
08/05/2020 02:00:00 PM,84,43,41
08/05/2020 03:00:00 PM,99,62,37
08/05/2020 04:00:00 PM,137,100,37
08/05/2020 05:00:00 PM,151,114,37
08/05/2020 06:00:00 PM,122,84,38
08/05/2020 07:00:00 PM,69,46,23
08/05/2020 08:00:00 PM,78,30,48
08/05/2020 09:00:00 PM,30,15,15
08/05/2020 10:00:00 PM,10,4,6
08/05/2020 11:00:00 PM,10,5,5
08/06/2020 12:00:00 AM,6,6,0
08/06/2020 01:00:00 AM,4,2,2
08/06/2020 02:00:00 AM,4,1,3
08/06/2020 03:00:00 AM,3,2,1
08/06/2020 04:00:00 AM,6,4,2
08/06/2020 05:00:00 AM,28,7,21
08/06/2020 06:00:00 AM,82,5,77
08/06/2020 07:00:00 AM,71,11,60
08/06/2020 08:00:00 AM,34,5,29
08/06/2020 09:00:00 AM,41,14,27
08/06/2020 10:00:00 AM,21,3,18
08/06/2020 11:00:00 AM,21,6,15
08/06/2020 12:00:00 PM,24,10,14
08/06/2020 01:00:00 PM,30,14,16
08/06/2020 02:00:00 PM,42,31,11
08/06/2020 03:00:00 PM,57,37,20
08/06/2020 04:00:00 PM,76,57,19
08/06/2020 05:00:00 PM,99,80,19
08/06/2020 06:00:00 PM,60,41,19
08/06/2020 07:00:00 PM,24,20,4
08/06/2020 08:00:00 PM,26,16,10
08/06/2020 09:00:00 PM,12,8,4
08/06/2020 10:00:00 PM,8,5,3
08/06/2020 11:00:00 PM,3,1,2
08/07/2020 12:00:00 AM,5,3,2
08/07/2020 01:00:00 AM,1,0,1
08/07/2020 02:00:00 AM,3,1,2
08/07/2020 03:00:00 AM,2,1,1
08/07/2020 04:00:00 AM,9,3,6
08/07/2020 05:00:00 AM,26,1,25
08/07/2020 06:00:00 AM,62,6,56
08/07/2020 07:00:00 AM,68,10,58
08/07/2020 08:00:00 AM,66,14,52
08/07/2020 09:00:00 AM,62,13,49
08/07/2020 10:00:00 AM,57,27,30
08/07/2020 11:00:00 AM,55,26,29
08/07/2020 12:00:00 PM,63,31,32
08/07/2020 01:00:00 PM,82,33,49
08/07/2020 02:00:00 PM,74,47,27
08/07/2020 03:00:00 PM,112,75,37
08/07/2020 04:00:00 PM,125,86,39
08/07/2020 05:00:00 PM,139,81,58
08/07/2020 06:00:00 PM,134,91,43
08/07/2020 07:00:00 PM,47,33,14
08/07/2020 08:00:00 PM,49,14,35
08/07/2020 09:00:00 PM,15,8,7
08/07/2020 10:00:00 PM,9,8,1
08/07/2020 11:00:00 PM,13,10,3
08/08/2020 12:00:00 AM,4,4,0
08/08/2020 01:00:00 AM,2,1,1
08/08/2020 02:00:00 AM,3,0,3
08/08/2020 03:00:00 AM,3,1,2
08/08/2020 04:00:00 AM,2,0,2
08/08/2020 05:00:00 AM,9,0,9
08/08/2020 06:00:00 AM,11,5,6
08/08/2020 07:00:00 AM,21,7,14
08/08/2020 08:00:00 AM,46,24,22
08/08/2020 09:00:00 AM,38,16,22
08/08/2020 10:00:00 AM,65,36,29
08/08/2020 11:00:00 AM,63,33,30
08/08/2020 12:00:00 PM,67,29,38
08/08/2020 01:00:00 PM,63,23,40
08/08/2020 02:00:00 PM,89,55,34
08/08/2020 03:00:00 PM,59,34,25
08/08/2020 04:00:00 PM,79,36,43
08/08/2020 05:00:00 PM,72,32,40
08/08/2020 06:00:00 PM,49,22,27
08/08/2020 07:00:00 PM,40,28,12
08/08/2020 08:00:00 PM,14,11,3
08/08/2020 09:00:00 PM,19,9,10
08/08/2020 10:00:00 PM,10,3,7
08/08/2020 11:00:00 PM,5,3,2
08/09/2020 12:00:00 AM,1,1,0
08/09/2020 01:00:00 AM,5,2,3
08/09/2020 02:00:00 AM,0,0,0
08/09/2020 03:00:00 AM,1,1,0
08/09/2020 04:00:00 AM,1,1,0
08/09/2020 05:00:00 AM,5,2,3
08/09/2020 06:00:00 AM,20,8,12
08/09/2020 07:00:00 AM,29,16,13
08/09/2020 08:00:00 AM,60,30,30
08/09/2020 09:00:00 AM,78,37,41
08/09/2020 10:00:00 AM,91,40,51
08/09/2020 11:00:00 AM,121,61,60
08/09/2020 12:00:00 PM,161,80,81
08/09/2020 01:00:00 PM,145,71,74
08/09/2020 02:00:00 PM,154,72,82
08/09/2020 03:00:00 PM,132,58,74
08/09/2020 04:00:00 PM,127,71,56
08/09/2020 05:00:00 PM,105,56,49
08/09/2020 06:00:00 PM,82,34,48
08/09/2020 07:00:00 PM,46,18,28
08/09/2020 08:00:00 PM,25,11,14
08/09/2020 09:00:00 PM,22,13,9
08/09/2020 10:00:00 PM,13,5,8
08/09/2020 11:00:00 PM,6,2,4
08/10/2020 12:00:00 AM,2,2,0
08/10/2020 01:00:00 AM,2,1,1
08/10/2020 02:00:00 AM,1,0,1
08/10/2020 03:00:00 AM,3,2,1
08/10/2020 04:00:00 AM,7,2,5
08/10/2020 05:00:00 AM,38,3,35
08/10/2020 06:00:00 AM,67,6,61
08/10/2020 07:00:00 AM,81,7,74
08/10/2020 08:00:00 AM,65,18,47
08/10/2020 09:00:00 AM,57,18,39
08/10/2020 10:00:00 AM,44,15,29
08/10/2020 11:00:00 AM,48,28,20
08/10/2020 12:00:00 PM,51,26,25
08/10/2020 01:00:00 PM,61,29,32
08/10/2020 02:00:00 PM,69,41,28
08/10/2020 03:00:00 PM,78,49,29
08/10/2020 04:00:00 PM,118,79,39
08/10/2020 05:00:00 PM,153,109,44
08/10/2020 06:00:00 PM,84,54,30
08/10/2020 07:00:00 PM,67,38,29
08/10/2020 08:00:00 PM,46,27,19
08/10/2020 09:00:00 PM,13,7,6
08/10/2020 10:00:00 PM,9,6,3
08/10/2020 11:00:00 PM,8,6,2
08/11/2020 12:00:00 AM,8,6,2
08/11/2020 01:00:00 AM,6,2,4
08/11/2020 02:00:00 AM,9,6,3
08/11/2020 03:00:00 AM,4,1,3
08/11/2020 04:00:00 AM,10,4,6
08/11/2020 05:00:00 AM,36,4,32
08/11/2020 06:00:00 AM,72,10,62
08/11/2020 07:00:00 AM,96,11,85
08/11/2020 08:00:00 AM,79,14,65
08/11/2020 09:00:00 AM,50,15,35
08/11/2020 10:00:00 AM,35,5,30
08/11/2020 11:00:00 AM,53,21,32
08/11/2020 12:00:00 PM,47,24,23
08/11/2020 01:00:00 PM,65,37,28
08/11/2020 02:00:00 PM,67,38,29
08/11/2020 03:00:00 PM,100,58,42
08/11/2020 04:00:00 PM,113,81,32
08/11/2020 05:00:00 PM,151,103,48
08/11/2020 06:00:00 PM,108,79,29
08/11/2020 07:00:00 PM,72,51,21
08/11/2020 08:00:00 PM,41,21,20
08/11/2020 09:00:00 PM,22,12,10
08/11/2020 10:00:00 PM,15,6,9
08/11/2020 11:00:00 PM,10,7,3
08/12/2020 12:00:00 AM,6,4,2
08/12/2020 01:00:00 AM,2,1,1
08/12/2020 02:00:00 AM,5,3,2
08/12/2020 03:00:00 AM,2,2,0
08/12/2020 04:00:00 AM,9,2,7
08/12/2020 05:00:00 AM,42,6,36
08/12/2020 06:00:00 AM,89,7,82
08/12/2020 07:00:00 AM,94,17,77
08/12/2020 08:00:00 AM,87,22,65
08/12/2020 09:00:00 AM,61,18,43
08/12/2020 10:00:00 AM,40,18,22
08/12/2020 11:00:00 AM,33,13,20
08/12/2020 12:00:00 PM,36,16,20
08/12/2020 01:00:00 PM,43,30,13
08/12/2020 02:00:00 PM,81,36,45
08/12/2020 03:00:00 PM,99,69,30
08/12/2020 04:00:00 PM,128,91,37
08/12/2020 05:00:00 PM,127,97,30
08/12/2020 06:00:00 PM,101,65,36
08/12/2020 07:00:00 PM,51,25,26
08/12/2020 08:00:00 PM,39,25,14
08/12/2020 09:00:00 PM,19,9,10
08/12/2020 10:00:00 PM,11,5,6
08/12/2020 11:00:00 PM,9,8,1
08/13/2020 12:00:00 AM,1,0,1
08/13/2020 01:00:00 AM,5,3,2
08/13/2020 02:00:00 AM,6,1,5
08/13/2020 03:00:00 AM,2,1,1
08/13/2020 04:00:00 AM,11,3,8
08/13/2020 05:00:00 AM,41,6,35
08/13/2020 06:00:00 AM,87,5,82
08/13/2020 07:00:00 AM,80,13,67
08/13/2020 08:00:00 AM,82,17,65
08/13/2020 09:00:00 AM,61,16,45
08/13/2020 10:00:00 AM,51,25,26
08/13/2020 11:00:00 AM,47,14,33
08/13/2020 12:00:00 PM,45,25,20
08/13/2020 01:00:00 PM,44,19,25
08/13/2020 02:00:00 PM,87,49,38
08/13/2020 03:00:00 PM,97,66,31
08/13/2020 04:00:00 PM,131,89,42
08/13/2020 05:00:00 PM,156,104,52
08/13/2020 06:00:00 PM,117,89,28
08/13/2020 07:00:00 PM,69,44,25
08/13/2020 08:00:00 PM,46,20,26
08/13/2020 09:00:00 PM,23,13,10
08/13/2020 10:00:00 PM,13,6,7
08/13/2020 11:00:00 PM,5,3,2
08/14/2020 12:00:00 AM,9,6,3
08/14/2020 01:00:00 AM,4,1,3
08/14/2020 02:00:00 AM,5,1,4
08/14/2020 03:00:00 AM,2,1,1
08/14/2020 04:00:00 AM,7,2,5
08/14/2020 05:00:00 AM,38,6,32
08/14/2020 06:00:00 AM,61,11,50
08/14/2020 07:00:00 AM,91,15,76
08/14/2020 08:00:00 AM,70,16,54
08/14/2020 09:00:00 AM,61,20,41
08/14/2020 10:00:00 AM,61,27,34
08/14/2020 11:00:00 AM,55,23,32
08/14/2020 12:00:00 PM,58,31,27
08/14/2020 01:00:00 PM,82,38,44
08/14/2020 02:00:00 PM,79,44,35
08/14/2020 03:00:00 PM,104,62,42
08/14/2020 04:00:00 PM,119,79,40
08/14/2020 05:00:00 PM,145,109,36
08/14/2020 06:00:00 PM,102,73,29
08/14/2020 07:00:00 PM,84,50,34
08/14/2020 08:00:00 PM,42,16,26
08/14/2020 09:00:00 PM,20,13,7
08/14/2020 10:00:00 PM,12,9,3
08/14/2020 11:00:00 PM,6,4,2
08/15/2020 12:00:00 AM,12,6,6
08/15/2020 01:00:00 AM,5,2,3
08/15/2020 02:00:00 AM,5,3,2
08/15/2020 03:00:00 AM,4,0,4
08/15/2020 04:00:00 AM,2,0,2
08/15/2020 05:00:00 AM,6,0,6
08/15/2020 06:00:00 AM,30,13,17
08/15/2020 07:00:00 AM,40,14,26
08/15/2020 08:00:00 AM,61,28,33
08/15/2020 09:00:00 AM,75,33,42
08/15/2020 10:00:00 AM,114,55,59
08/15/2020 11:00:00 AM,114,61,53
08/15/2020 12:00:00 PM,122,50,72
08/15/2020 01:00:00 PM,117,61,56
08/15/2020 02:00:00 PM,126,73,53
08/15/2020 03:00:00 PM,92,51,41
08/15/2020 04:00:00 PM,101,43,58
08/15/2020 05:00:00 PM,87,51,36
08/15/2020 06:00:00 PM,50,29,21
08/15/2020 07:00:00 PM,61,34,27
08/15/2020 08:00:00 PM,31,17,14
08/15/2020 09:00:00 PM,30,12,18
08/15/2020 10:00:00 PM,15,8,7
08/15/2020 11:00:00 PM,6,2,4
08/16/2020 12:00:00 AM,2,1,1
08/16/2020 01:00:00 AM,2,0,2
08/16/2020 02:00:00 AM,4,2,2
08/16/2020 03:00:00 AM,1,1,0
08/16/2020 04:00:00 AM,0,0,0
08/16/2020 05:00:00 AM,5,1,4
08/16/2020 06:00:00 AM,18,4,14
08/16/2020 07:00:00 AM,39,17,22
08/16/2020 08:00:00 AM,64,35,29
08/16/2020 09:00:00 AM,99,46,53
08/16/2020 10:00:00 AM,139,86,53
08/16/2020 11:00:00 AM,110,48,62
08/16/2020 12:00:00 PM,107,49,58
08/16/2020 01:00:00 PM,87,40,47
08/16/2020 02:00:00 PM,78,36,42
08/16/2020 03:00:00 PM,50,28,22
08/16/2020 04:00:00 PM,46,29,17
08/16/2020 05:00:00 PM,51,26,25
08/16/2020 06:00:00 PM,42,25,17
08/16/2020 07:00:00 PM,36,18,18
08/16/2020 08:00:00 PM,22,10,12
08/16/2020 09:00:00 PM,10,2,8
08/16/2020 10:00:00 PM,7,4,3
08/16/2020 11:00:00 PM,8,6,2
08/17/2020 12:00:00 AM,4,2,2
08/17/2020 01:00:00 AM,2,1,1
08/17/2020 02:00:00 AM,1,0,1
08/17/2020 03:00:00 AM,3,3,0
08/17/2020 04:00:00 AM,10,2,8
08/17/2020 05:00:00 AM,43,8,35
08/17/2020 06:00:00 AM,81,10,71
08/17/2020 07:00:00 AM,82,10,72
08/17/2020 08:00:00 AM,75,10,65
08/17/2020 09:00:00 AM,51,18,33
08/17/2020 10:00:00 AM,53,28,25
08/17/2020 11:00:00 AM,47,18,29
08/17/2020 12:00:00 PM,45,18,27
08/17/2020 01:00:00 PM,60,38,22
08/17/2020 02:00:00 PM,78,34,44
08/17/2020 03:00:00 PM,89,51,38
08/17/2020 04:00:00 PM,104,82,22
08/17/2020 05:00:00 PM,118,96,22
08/17/2020 06:00:00 PM,73,62,11
08/17/2020 07:00:00 PM,52,36,16
08/17/2020 08:00:00 PM,34,16,18
08/17/2020 09:00:00 PM,18,10,8
08/17/2020 10:00:00 PM,9,6,3
08/17/2020 11:00:00 PM,8,5,3
08/18/2020 12:00:00 AM,5,3,2
08/18/2020 01:00:00 AM,3,1,2
08/18/2020 02:00:00 AM,2,1,1
08/18/2020 03:00:00 AM,2,1,1
08/18/2020 04:00:00 AM,8,1,7
08/18/2020 05:00:00 AM,42,3,39
08/18/2020 06:00:00 AM,88,7,81
08/18/2020 07:00:00 AM,91,13,78
08/18/2020 08:00:00 AM,88,13,75
08/18/2020 09:00:00 AM,55,19,36
08/18/2020 10:00:00 AM,40,13,27
08/18/2020 11:00:00 AM,41,16,25
08/18/2020 12:00:00 PM,47,19,28
08/18/2020 01:00:00 PM,56,31,25
08/18/2020 02:00:00 PM,75,41,34
08/18/2020 03:00:00 PM,98,68,30
08/18/2020 04:00:00 PM,111,82,29
08/18/2020 05:00:00 PM,135,89,46
08/18/2020 06:00:00 PM,120,88,32
08/18/2020 07:00:00 PM,78,45,33
08/18/2020 08:00:00 PM,29,16,13
08/18/2020 09:00:00 PM,27,15,12
08/18/2020 10:00:00 PM,8,6,2
08/18/2020 11:00:00 PM,15,6,9
08/19/2020 12:00:00 AM,8,7,1
08/19/2020 01:00:00 AM,7,3,4
08/19/2020 02:00:00 AM,3,0,3
08/19/2020 03:00:00 AM,0,0,0
08/19/2020 04:00:00 AM,6,1,5
08/19/2020 05:00:00 AM,39,5,34
08/19/2020 06:00:00 AM,71,7,64
08/19/2020 07:00:00 AM,112,23,89
08/19/2020 08:00:00 AM,86,19,67
08/19/2020 09:00:00 AM,65,18,47
08/19/2020 10:00:00 AM,42,14,28
08/19/2020 11:00:00 AM,49,19,30
08/19/2020 12:00:00 PM,51,19,32
08/19/2020 01:00:00 PM,61,39,22
08/19/2020 02:00:00 PM,66,32,34
08/19/2020 03:00:00 PM,103,67,36
08/19/2020 04:00:00 PM,109,84,25
08/19/2020 05:00:00 PM,140,106,34
08/19/2020 06:00:00 PM,99,64,35
08/19/2020 07:00:00 PM,50,34,16
08/19/2020 08:00:00 PM,37,17,20
08/19/2020 09:00:00 PM,26,13,13
08/19/2020 10:00:00 PM,15,7,8
08/19/2020 11:00:00 PM,9,8,1
08/20/2020 12:00:00 AM,5,4,1
08/20/2020 01:00:00 AM,4,1,3
08/20/2020 02:00:00 AM,4,2,2
08/20/2020 03:00:00 AM,2,2,0
08/20/2020 04:00:00 AM,4,1,3
08/20/2020 05:00:00 AM,36,6,30
08/20/2020 06:00:00 AM,65,7,58
08/20/2020 07:00:00 AM,77,9,68
08/20/2020 08:00:00 AM,73,16,57
08/20/2020 09:00:00 AM,60,18,42
08/20/2020 10:00:00 AM,46,16,30
08/20/2020 11:00:00 AM,43,24,19
08/20/2020 12:00:00 PM,49,18,31
08/20/2020 01:00:00 PM,43,24,19
08/20/2020 02:00:00 PM,73,45,28
08/20/2020 03:00:00 PM,71,51,20
08/20/2020 04:00:00 PM,99,64,35
08/20/2020 05:00:00 PM,137,82,55
08/20/2020 06:00:00 PM,81,61,20
08/20/2020 07:00:00 PM,62,41,21
08/20/2020 08:00:00 PM,23,15,8
08/20/2020 09:00:00 PM,20,10,10
08/20/2020 10:00:00 PM,6,6,0
08/20/2020 11:00:00 PM,8,3,5
08/21/2020 12:00:00 AM,5,3,2
08/21/2020 01:00:00 AM,2,0,2
08/21/2020 02:00:00 AM,3,1,2
08/21/2020 03:00:00 AM,1,1,0
08/21/2020 04:00:00 AM,7,4,3
08/21/2020 05:00:00 AM,25,2,23
08/21/2020 06:00:00 AM,64,6,58
08/21/2020 07:00:00 AM,62,16,46
08/21/2020 08:00:00 AM,66,15,51
08/21/2020 09:00:00 AM,44,13,31
08/21/2020 10:00:00 AM,36,16,20
08/21/2020 11:00:00 AM,33,10,23
08/21/2020 12:00:00 PM,26,13,13
08/21/2020 01:00:00 PM,38,21,17
08/21/2020 02:00:00 PM,44,24,20
08/21/2020 03:00:00 PM,45,25,20
08/21/2020 04:00:00 PM,78,54,24
08/21/2020 05:00:00 PM,89,67,22
08/21/2020 06:00:00 PM,63,49,14
08/21/2020 07:00:00 PM,46,21,25
08/21/2020 08:00:00 PM,20,14,6
08/21/2020 09:00:00 PM,17,10,7
08/21/2020 10:00:00 PM,4,2,2
08/21/2020 11:00:00 PM,6,2,4
08/22/2020 12:00:00 AM,4,3,1
08/22/2020 01:00:00 AM,2,2,0
08/22/2020 02:00:00 AM,2,1,1
08/22/2020 03:00:00 AM,1,0,1
08/22/2020 04:00:00 AM,2,1,1
08/22/2020 05:00:00 AM,9,3,6
08/22/2020 06:00:00 AM,15,2,13
08/22/2020 07:00:00 AM,16,3,13
08/22/2020 08:00:00 AM,32,17,15
08/22/2020 09:00:00 AM,59,24,35
08/22/2020 10:00:00 AM,106,54,52
08/22/2020 11:00:00 AM,97,51,46
08/22/2020 12:00:00 PM,104,51,53
08/22/2020 01:00:00 PM,92,43,49
08/22/2020 02:00:00 PM,102,55,47
08/22/2020 03:00:00 PM,100,49,51
08/22/2020 04:00:00 PM,99,54,45
08/22/2020 05:00:00 PM,85,52,33
08/22/2020 06:00:00 PM,67,42,25
08/22/2020 07:00:00 PM,44,20,24
08/22/2020 08:00:00 PM,23,8,15
08/22/2020 09:00:00 PM,15,6,9
08/22/2020 10:00:00 PM,5,4,1
08/22/2020 11:00:00 PM,2,0,2
08/23/2020 12:00:00 AM,6,3,3
08/23/2020 01:00:00 AM,0,0,0
08/23/2020 02:00:00 AM,0,0,0
08/23/2020 03:00:00 AM,3,2,1
08/23/2020 04:00:00 AM,3,2,1
08/23/2020 05:00:00 AM,5,1,4
08/23/2020 06:00:00 AM,22,8,14
08/23/2020 07:00:00 AM,33,10,23
08/23/2020 08:00:00 AM,53,30,23
08/23/2020 09:00:00 AM,71,32,39
08/23/2020 10:00:00 AM,100,43,57
08/23/2020 11:00:00 AM,97,45,52
08/23/2020 12:00:00 PM,144,71,73
08/23/2020 01:00:00 PM,126,75,51
08/23/2020 02:00:00 PM,141,63,78
08/23/2020 03:00:00 PM,119,65,54
08/23/2020 04:00:00 PM,107,67,40
08/23/2020 05:00:00 PM,83,36,47
08/23/2020 06:00:00 PM,58,19,39
08/23/2020 07:00:00 PM,32,15,17
08/23/2020 08:00:00 PM,23,13,10
08/23/2020 09:00:00 PM,20,16,4
08/23/2020 10:00:00 PM,11,5,6
08/23/2020 11:00:00 PM,9,3,6
08/24/2020 12:00:00 AM,3,3,0
08/24/2020 01:00:00 AM,2,2,0
08/24/2020 02:00:00 AM,1,0,1
08/24/2020 03:00:00 AM,2,0,2
08/24/2020 04:00:00 AM,8,2,6
08/24/2020 05:00:00 AM,35,6,29
08/24/2020 06:00:00 AM,87,12,75
08/24/2020 07:00:00 AM,83,14,69
08/24/2020 08:00:00 AM,67,15,52
08/24/2020 09:00:00 AM,62,17,45
08/24/2020 10:00:00 AM,24,9,15
08/24/2020 11:00:00 AM,44,16,28
08/24/2020 12:00:00 PM,37,16,21
08/24/2020 01:00:00 PM,46,17,29
08/24/2020 02:00:00 PM,67,41,26
08/24/2020 03:00:00 PM,81,43,38
08/24/2020 04:00:00 PM,108,80,28
08/24/2020 05:00:00 PM,128,96,32
08/24/2020 06:00:00 PM,95,71,24
08/24/2020 07:00:00 PM,47,30,17
08/24/2020 08:00:00 PM,37,22,15
08/24/2020 09:00:00 PM,17,9,8
08/24/2020 10:00:00 PM,7,5,2
08/24/2020 11:00:00 PM,6,4,2
08/25/2020 12:00:00 AM,5,3,2
08/25/2020 01:00:00 AM,3,1,2
08/25/2020 02:00:00 AM,3,0,3
08/25/2020 03:00:00 AM,2,0,2
08/25/2020 04:00:00 AM,6,1,5
08/25/2020 05:00:00 AM,34,5,29
08/25/2020 06:00:00 AM,72,5,67
08/25/2020 07:00:00 AM,79,15,64
08/25/2020 08:00:00 AM,74,14,60
08/25/2020 09:00:00 AM,59,15,44
08/25/2020 10:00:00 AM,60,28,32
08/25/2020 11:00:00 AM,50,23,27
08/25/2020 12:00:00 PM,48,21,27
08/25/2020 01:00:00 PM,61,29,32
08/25/2020 02:00:00 PM,71,40,31
08/25/2020 03:00:00 PM,90,49,41
08/25/2020 04:00:00 PM,142,90,52
08/25/2020 05:00:00 PM,150,109,41
08/25/2020 06:00:00 PM,122,86,36
08/25/2020 07:00:00 PM,82,43,39
08/25/2020 08:00:00 PM,37,20,17
08/25/2020 09:00:00 PM,25,11,14
08/25/2020 10:00:00 PM,7,4,3
08/25/2020 11:00:00 PM,7,5,2
08/26/2020 12:00:00 AM,8,3,5
08/26/2020 01:00:00 AM,2,1,1
08/26/2020 02:00:00 AM,5,2,3
08/26/2020 03:00:00 AM,5,1,4
08/26/2020 04:00:00 AM,12,3,9
08/26/2020 05:00:00 AM,34,5,29
08/26/2020 06:00:00 AM,91,8,83
08/26/2020 07:00:00 AM,92,20,72
08/26/2020 08:00:00 AM,81,21,60
08/26/2020 09:00:00 AM,66,16,50
08/26/2020 10:00:00 AM,51,18,33
08/26/2020 11:00:00 AM,47,17,30
08/26/2020 12:00:00 PM,57,32,25
08/26/2020 01:00:00 PM,56,33,23
08/26/2020 02:00:00 PM,86,48,38
08/26/2020 03:00:00 PM,95,59,36
08/26/2020 04:00:00 PM,104,72,32
08/26/2020 05:00:00 PM,145,98,47
08/26/2020 06:00:00 PM,139,100,39
08/26/2020 07:00:00 PM,73,42,31
08/26/2020 08:00:00 PM,55,22,33
08/26/2020 09:00:00 PM,21,11,10
08/26/2020 10:00:00 PM,13,7,6
08/26/2020 11:00:00 PM,10,5,5
08/27/2020 12:00:00 AM,4,3,1
08/27/2020 01:00:00 AM,2,0,2
08/27/2020 02:00:00 AM,5,0,5
08/27/2020 03:00:00 AM,2,1,1
08/27/2020 04:00:00 AM,6,4,2
08/27/2020 05:00:00 AM,34,4,30
08/27/2020 06:00:00 AM,71,10,61
08/27/2020 07:00:00 AM,101,16,85
08/27/2020 08:00:00 AM,90,22,68
08/27/2020 09:00:00 AM,53,17,36
08/27/2020 10:00:00 AM,34,16,18
08/27/2020 11:00:00 AM,61,19,42
08/27/2020 12:00:00 PM,46,18,28
08/27/2020 01:00:00 PM,61,33,28
08/27/2020 02:00:00 PM,73,45,28
08/27/2020 03:00:00 PM,103,59,44
08/27/2020 04:00:00 PM,110,77,33
08/27/2020 05:00:00 PM,143,102,41
08/27/2020 06:00:00 PM,125,88,37
08/27/2020 07:00:00 PM,72,38,34
08/27/2020 08:00:00 PM,49,27,22
08/27/2020 09:00:00 PM,26,15,11
08/27/2020 10:00:00 PM,10,1,9
08/27/2020 11:00:00 PM,7,7,0
08/28/2020 12:00:00 AM,4,3,1
08/28/2020 01:00:00 AM,1,0,1
08/28/2020 02:00:00 AM,2,0,2
08/28/2020 03:00:00 AM,5,2,3
08/28/2020 04:00:00 AM,2,0,2
08/28/2020 05:00:00 AM,26,2,24
08/28/2020 06:00:00 AM,59,9,50
08/28/2020 07:00:00 AM,79,21,58
08/28/2020 08:00:00 AM,81,24,57
08/28/2020 09:00:00 AM,72,28,44
08/28/2020 10:00:00 AM,52,19,33
08/28/2020 11:00:00 AM,53,22,31
08/28/2020 12:00:00 PM,63,27,36
08/28/2020 01:00:00 PM,64,29,35
08/28/2020 02:00:00 PM,81,47,34
08/28/2020 03:00:00 PM,101,62,39
08/28/2020 04:00:00 PM,111,75,36
08/28/2020 05:00:00 PM,114,83,31
08/28/2020 06:00:00 PM,94,71,23
08/28/2020 07:00:00 PM,60,33,27
08/28/2020 08:00:00 PM,39,19,20
08/28/2020 09:00:00 PM,14,6,8
08/28/2020 10:00:00 PM,9,6,3
08/28/2020 11:00:00 PM,11,8,3
08/29/2020 12:00:00 AM,9,5,4
08/29/2020 01:00:00 AM,2,2,0
08/29/2020 02:00:00 AM,5,1,4
08/29/2020 03:00:00 AM,4,3,1
08/29/2020 04:00:00 AM,2,0,2
08/29/2020 05:00:00 AM,7,1,6
08/29/2020 06:00:00 AM,23,5,18
08/29/2020 07:00:00 AM,29,13,16
08/29/2020 08:00:00 AM,42,15,27
08/29/2020 09:00:00 AM,74,32,42
08/29/2020 10:00:00 AM,74,32,42
08/29/2020 11:00:00 AM,101,50,51
08/29/2020 12:00:00 PM,88,41,47
08/29/2020 01:00:00 PM,104,51,53
08/29/2020 02:00:00 PM,82,49,33
08/29/2020 03:00:00 PM,88,38,50
08/29/2020 04:00:00 PM,89,44,45
08/29/2020 05:00:00 PM,73,43,30
08/29/2020 06:00:00 PM,53,28,25
08/29/2020 07:00:00 PM,48,33,15
08/29/2020 08:00:00 PM,29,13,16
08/29/2020 09:00:00 PM,19,8,11
08/29/2020 10:00:00 PM,11,6,5
08/29/2020 11:00:00 PM,9,5,4
08/30/2020 12:00:00 AM,9,4,5
08/30/2020 01:00:00 AM,2,2,0
08/30/2020 02:00:00 AM,0,0,0
08/30/2020 03:00:00 AM,3,2,1
08/30/2020 04:00:00 AM,3,2,1
08/30/2020 05:00:00 AM,7,0,7
08/30/2020 06:00:00 AM,10,3,7
08/30/2020 07:00:00 AM,28,13,15
08/30/2020 08:00:00 AM,32,19,13
08/30/2020 09:00:00 AM,76,40,36
08/30/2020 10:00:00 AM,91,39,52
08/30/2020 11:00:00 AM,103,60,43
08/30/2020 12:00:00 PM,146,74,72
08/30/2020 01:00:00 PM,133,73,60
08/30/2020 02:00:00 PM,125,65,60
08/30/2020 03:00:00 PM,111,48,63
08/30/2020 04:00:00 PM,113,57,56
08/30/2020 05:00:00 PM,96,47,49
08/30/2020 06:00:00 PM,48,29,19
08/30/2020 07:00:00 PM,34,13,21
08/30/2020 08:00:00 PM,14,9,5
08/30/2020 09:00:00 PM,9,5,4
08/30/2020 10:00:00 PM,8,3,5
08/30/2020 11:00:00 PM,8,3,5
08/31/2020 12:00:00 AM,1,0,1
08/31/2020 01:00:00 AM,1,0,1
08/31/2020 02:00:00 AM,5,2,3
08/31/2020 03:00:00 AM,0,0,0
08/31/2020 04:00:00 AM,8,4,4
08/31/2020 05:00:00 AM,34,5,29
08/31/2020 06:00:00 AM,69,7,62
08/31/2020 07:00:00 AM,73,9,64
08/31/2020 08:00:00 AM,73,13,60
08/31/2020 09:00:00 AM,41,6,35
08/31/2020 10:00:00 AM,35,13,22
08/31/2020 11:00:00 AM,45,22,23
08/31/2020 12:00:00 PM,32,13,19
08/31/2020 01:00:00 PM,45,25,20
08/31/2020 02:00:00 PM,53,27,26
08/31/2020 03:00:00 PM,64,43,21
08/31/2020 04:00:00 PM,103,79,24
08/31/2020 05:00:00 PM,109,85,24
08/31/2020 06:00:00 PM,83,70,13
08/31/2020 07:00:00 PM,48,26,22
08/31/2020 08:00:00 PM,25,20,5
08/31/2020 09:00:00 PM,14,6,8
08/31/2020 10:00:00 PM,8,4,4
08/31/2020 11:00:00 PM,9,4,5
10/04/2020 03:00:00 PM,62,28,34
10/04/2020 04:00:00 PM,53,29,24
10/04/2020 05:00:00 PM,28,17,11
10/04/2020 06:00:00 PM,37,15,22
10/04/2020 07:00:00 PM,8,6,2
10/04/2020 08:00:00 PM,10,6,4
10/04/2020 09:00:00 PM,2,1,1
10/04/2020 10:00:00 PM,4,2,2
10/04/2020 11:00:00 PM,4,4,0
10/05/2020 12:00:00 AM,1,0,1
10/05/2020 01:00:00 AM,2,1,1
10/05/2020 02:00:00 AM,3,1,2
10/05/2020 03:00:00 AM,4,2,2
10/05/2020 04:00:00 AM,3,1,2
10/05/2020 05:00:00 AM,31,6,25
10/05/2020 06:00:00 AM,58,3,55
10/05/2020 07:00:00 AM,66,7,59
10/05/2020 08:00:00 AM,74,15,59
10/05/2020 09:00:00 AM,33,6,27
10/05/2020 10:00:00 AM,37,15,22
10/05/2020 11:00:00 AM,35,12,23
10/05/2020 12:00:00 PM,34,21,13
10/05/2020 01:00:00 PM,48,22,26
10/05/2020 02:00:00 PM,61,33,28
10/05/2020 03:00:00 PM,91,60,31
10/05/2020 04:00:00 PM,102,73,29
10/05/2020 05:00:00 PM,111,74,37
10/05/2020 06:00:00 PM,67,53,14
10/05/2020 07:00:00 PM,31,20,11
10/05/2020 08:00:00 PM,15,9,6
10/05/2020 09:00:00 PM,11,6,5
10/05/2020 10:00:00 PM,5,4,1
09/01/2020 12:00:00 AM,2,1,1
09/01/2020 01:00:00 AM,1,1,0
09/01/2020 02:00:00 AM,2,1,1
09/01/2020 03:00:00 AM,1,0,1
09/01/2020 04:00:00 AM,7,0,7
09/01/2020 05:00:00 AM,33,4,29
09/01/2020 06:00:00 AM,95,9,86
09/01/2020 07:00:00 AM,94,14,80
09/01/2020 08:00:00 AM,84,10,74
09/01/2020 09:00:00 AM,63,17,46
09/01/2020 10:00:00 AM,46,18,28
09/01/2020 11:00:00 AM,47,23,24
09/01/2020 12:00:00 PM,44,24,20
09/01/2020 01:00:00 PM,59,35,24
09/01/2020 02:00:00 PM,80,45,35
09/01/2020 03:00:00 PM,85,51,34
09/01/2020 04:00:00 PM,128,84,44
09/01/2020 05:00:00 PM,168,116,52
09/01/2020 06:00:00 PM,126,89,37
09/01/2020 07:00:00 PM,72,41,31
09/01/2020 08:00:00 PM,34,23,11
09/01/2020 09:00:00 PM,22,10,12
09/01/2020 10:00:00 PM,4,4,0
09/01/2020 11:00:00 PM,5,3,2
09/02/2020 12:00:00 AM,3,3,0
09/02/2020 01:00:00 AM,2,2,0
09/02/2020 02:00:00 AM,3,0,3
09/02/2020 03:00:00 AM,5,3,2
09/02/2020 04:00:00 AM,9,0,9
09/02/2020 05:00:00 AM,29,7,22
09/02/2020 06:00:00 AM,92,10,82
09/02/2020 07:00:00 AM,116,20,96
09/02/2020 08:00:00 AM,78,13,65
09/02/2020 09:00:00 AM,66,15,51
09/02/2020 10:00:00 AM,48,20,28
09/02/2020 11:00:00 AM,53,29,24
09/02/2020 12:00:00 PM,52,23,29
09/02/2020 01:00:00 PM,64,30,34
09/02/2020 02:00:00 PM,71,40,31
09/02/2020 03:00:00 PM,71,51,20
09/02/2020 04:00:00 PM,161,115,46
09/02/2020 05:00:00 PM,145,100,45
09/02/2020 06:00:00 PM,137,98,39
09/02/2020 07:00:00 PM,80,45,35
09/02/2020 08:00:00 PM,35,17,18
09/02/2020 09:00:00 PM,16,12,4
09/02/2020 10:00:00 PM,19,14,5
09/02/2020 11:00:00 PM,9,7,2
09/03/2020 12:00:00 AM,8,5,3
09/03/2020 01:00:00 AM,4,2,2
09/03/2020 02:00:00 AM,2,1,1
09/03/2020 03:00:00 AM,4,2,2
09/03/2020 04:00:00 AM,7,1,6
09/03/2020 05:00:00 AM,33,7,26
09/03/2020 06:00:00 AM,86,9,77
09/03/2020 07:00:00 AM,120,18,102
09/03/2020 08:00:00 AM,91,20,71
09/03/2020 09:00:00 AM,59,14,45
09/03/2020 10:00:00 AM,45,17,28
09/03/2020 11:00:00 AM,50,27,23
09/03/2020 12:00:00 PM,59,30,29
09/03/2020 01:00:00 PM,69,36,33
09/03/2020 02:00:00 PM,85,53,32
09/03/2020 03:00:00 PM,106,59,47
09/03/2020 04:00:00 PM,109,83,26
09/03/2020 05:00:00 PM,172,121,51
09/03/2020 06:00:00 PM,97,74,23
09/03/2020 07:00:00 PM,91,50,41
09/03/2020 08:00:00 PM,44,26,18
09/03/2020 09:00:00 PM,22,15,7
09/03/2020 10:00:00 PM,7,4,3
09/03/2020 11:00:00 PM,11,5,6
09/04/2020 12:00:00 AM,5,4,1
09/04/2020 01:00:00 AM,1,0,1
09/04/2020 02:00:00 AM,6,2,4
09/04/2020 03:00:00 AM,5,3,2
09/04/2020 04:00:00 AM,7,0,7
09/04/2020 05:00:00 AM,27,5,22
09/04/2020 06:00:00 AM,66,10,56
09/04/2020 07:00:00 AM,76,11,65
09/04/2020 08:00:00 AM,69,16,53
09/04/2020 09:00:00 AM,61,21,40
09/04/2020 10:00:00 AM,66,25,41
09/04/2020 11:00:00 AM,51,21,30
09/04/2020 12:00:00 PM,76,33,43
09/04/2020 01:00:00 PM,59,26,33
09/04/2020 02:00:00 PM,75,42,33
09/04/2020 03:00:00 PM,101,63,38
09/04/2020 04:00:00 PM,96,65,31
09/04/2020 05:00:00 PM,145,115,30
09/04/2020 06:00:00 PM,82,55,27
09/04/2020 07:00:00 PM,80,41,39
09/04/2020 08:00:00 PM,31,18,13
09/04/2020 09:00:00 PM,15,9,6
09/04/2020 10:00:00 PM,13,8,5
09/04/2020 11:00:00 PM,11,5,6
09/05/2020 12:00:00 AM,10,9,1
09/05/2020 01:00:00 AM,3,0,3
09/05/2020 02:00:00 AM,3,3,0
09/05/2020 03:00:00 AM,1,1,0
09/05/2020 04:00:00 AM,9,6,3
09/05/2020 05:00:00 AM,5,1,4
09/05/2020 06:00:00 AM,6,0,6
09/05/2020 07:00:00 AM,32,15,17
09/05/2020 08:00:00 AM,59,30,29
09/05/2020 09:00:00 AM,69,27,42
09/05/2020 10:00:00 AM,91,46,45
09/05/2020 11:00:00 AM,95,40,55
09/05/2020 12:00:00 PM,93,53,40
09/05/2020 01:00:00 PM,82,27,55
09/05/2020 02:00:00 PM,92,47,45
09/05/2020 03:00:00 PM,76,35,41
09/05/2020 04:00:00 PM,87,41,46
09/05/2020 05:00:00 PM,67,36,31
09/05/2020 06:00:00 PM,69,34,35
09/05/2020 07:00:00 PM,41,24,17
09/05/2020 08:00:00 PM,209,187,22
09/05/2020 09:00:00 PM,17,2,15
09/05/2020 10:00:00 PM,81,8,73
09/05/2020 11:00:00 PM,10,7,3
09/06/2020 12:00:00 AM,6,2,4
09/06/2020 01:00:00 AM,2,1,1
09/06/2020 02:00:00 AM,1,0,1
09/06/2020 03:00:00 AM,1,0,1
09/06/2020 04:00:00 AM,4,3,1
09/06/2020 05:00:00 AM,4,0,4
09/06/2020 06:00:00 AM,25,9,16
09/06/2020 07:00:00 AM,29,13,16
09/06/2020 08:00:00 AM,44,20,24
09/06/2020 09:00:00 AM,46,24,22
09/06/2020 10:00:00 AM,106,55,51
09/06/2020 11:00:00 AM,122,52,70
09/06/2020 12:00:00 PM,116,59,57
09/06/2020 01:00:00 PM,139,73,66
09/06/2020 02:00:00 PM,100,57,43
09/06/2020 03:00:00 PM,124,49,75
09/06/2020 04:00:00 PM,91,48,43
09/06/2020 05:00:00 PM,69,27,42
09/06/2020 06:00:00 PM,68,42,26
09/06/2020 07:00:00 PM,47,23,24
09/06/2020 08:00:00 PM,31,19,12
09/06/2020 09:00:00 PM,10,6,4
09/06/2020 10:00:00 PM,10,2,8
09/06/2020 11:00:00 PM,5,3,2
09/07/2020 12:00:00 AM,2,2,0
09/07/2020 01:00:00 AM,2,2,0
09/07/2020 02:00:00 AM,3,1,2
09/07/2020 03:00:00 AM,2,1,1
09/07/2020 04:00:00 AM,4,1,3
09/07/2020 05:00:00 AM,5,0,5
09/07/2020 06:00:00 AM,9,3,6
09/07/2020 07:00:00 AM,28,11,17
09/07/2020 08:00:00 AM,52,17,35
09/07/2020 09:00:00 AM,56,27,29
09/07/2020 10:00:00 AM,74,41,33
09/07/2020 11:00:00 AM,89,46,43
09/07/2020 12:00:00 PM,93,48,45
09/07/2020 01:00:00 PM,116,63,53
09/07/2020 02:00:00 PM,98,41,57
09/07/2020 03:00:00 PM,85,40,45
09/07/2020 04:00:00 PM,81,38,43
09/07/2020 05:00:00 PM,62,35,27
09/07/2020 06:00:00 PM,65,37,28
09/07/2020 07:00:00 PM,35,18,17
09/07/2020 08:00:00 PM,12,4,8
09/07/2020 09:00:00 PM,16,4,12
09/07/2020 10:00:00 PM,14,7,7
09/07/2020 11:00:00 PM,6,5,1
09/08/2020 12:00:00 AM,6,1,5
09/08/2020 01:00:00 AM,0,0,0
09/08/2020 02:00:00 AM,4,3,1
09/08/2020 03:00:00 AM,2,0,2
09/08/2020 04:00:00 AM,4,1,3
09/08/2020 05:00:00 AM,23,6,17
09/08/2020 06:00:00 AM,55,5,50
09/08/2020 07:00:00 AM,78,14,64
09/08/2020 08:00:00 AM,56,9,47
09/08/2020 09:00:00 AM,29,4,25
09/08/2020 10:00:00 AM,22,8,14
09/08/2020 11:00:00 AM,38,15,23
09/08/2020 12:00:00 PM,37,21,16
09/08/2020 01:00:00 PM,31,16,15
09/08/2020 02:00:00 PM,55,23,32
09/08/2020 03:00:00 PM,61,38,23
09/08/2020 04:00:00 PM,79,54,25
09/08/2020 05:00:00 PM,98,72,26
09/08/2020 06:00:00 PM,62,46,16
09/08/2020 07:00:00 PM,40,23,17
09/08/2020 08:00:00 PM,17,12,5
09/08/2020 09:00:00 PM,6,5,1
09/08/2020 10:00:00 PM,8,6,2
09/08/2020 11:00:00 PM,7,3,4
09/09/2020 12:00:00 AM,9,7,2
09/09/2020 01:00:00 AM,1,1,0
09/09/2020 02:00:00 AM,0,0,0
09/09/2020 03:00:00 AM,3,1,2
09/09/2020 04:00:00 AM,6,2,4
09/09/2020 05:00:00 AM,27,5,22
09/09/2020 06:00:00 AM,86,10,76
09/09/2020 07:00:00 AM,80,12,68
09/09/2020 08:00:00 AM,63,15,48
09/09/2020 09:00:00 AM,36,15,21
09/09/2020 10:00:00 AM,29,5,24
09/09/2020 11:00:00 AM,37,18,19
09/09/2020 12:00:00 PM,31,7,24
09/09/2020 01:00:00 PM,44,23,21
09/09/2020 02:00:00 PM,48,28,20
09/09/2020 03:00:00 PM,65,42,23
09/09/2020 04:00:00 PM,75,47,28
09/09/2020 05:00:00 PM,114,87,27
09/09/2020 06:00:00 PM,75,47,28
09/09/2020 07:00:00 PM,52,38,14
09/09/2020 08:00:00 PM,29,15,14
09/09/2020 09:00:00 PM,24,15,9
09/09/2020 10:00:00 PM,7,3,4
09/09/2020 11:00:00 PM,4,4,0
09/10/2020 12:00:00 AM,2,1,1
09/10/2020 01:00:00 AM,3,1,2
09/10/2020 02:00:00 AM,4,3,1
09/10/2020 03:00:00 AM,3,1,2
09/10/2020 04:00:00 AM,6,3,3
09/10/2020 05:00:00 AM,35,9,26
09/10/2020 06:00:00 AM,70,6,64
09/10/2020 07:00:00 AM,94,15,79
09/10/2020 08:00:00 AM,74,18,56
09/10/2020 09:00:00 AM,46,15,31
09/10/2020 10:00:00 AM,30,10,20
09/10/2020 11:00:00 AM,34,14,20
09/10/2020 12:00:00 PM,31,10,21
09/10/2020 01:00:00 PM,53,31,22
09/10/2020 02:00:00 PM,64,37,27
09/10/2020 03:00:00 PM,66,45,21
09/10/2020 04:00:00 PM,87,57,30
09/10/2020 05:00:00 PM,115,87,28
09/10/2020 06:00:00 PM,69,58,11
09/10/2020 07:00:00 PM,50,32,18
09/10/2020 08:00:00 PM,16,10,6
09/10/2020 09:00:00 PM,17,11,6
09/10/2020 10:00:00 PM,9,3,6
09/10/2020 11:00:00 PM,2,2,0
09/11/2020 12:00:00 AM,4,3,1
09/11/2020 01:00:00 AM,4,2,2
09/11/2020 02:00:00 AM,1,0,1
09/11/2020 03:00:00 AM,2,2,0
09/11/2020 04:00:00 AM,7,1,6
09/11/2020 05:00:00 AM,14,4,10
09/11/2020 06:00:00 AM,48,6,42
09/11/2020 07:00:00 AM,39,7,32
09/11/2020 08:00:00 AM,58,11,47
09/11/2020 09:00:00 AM,32,7,25
09/11/2020 10:00:00 AM,24,7,17
09/11/2020 11:00:00 AM,14,6,8
09/11/2020 12:00:00 PM,24,17,7
09/11/2020 01:00:00 PM,18,12,6
09/11/2020 02:00:00 PM,38,20,18
09/11/2020 03:00:00 PM,46,32,14
09/11/2020 04:00:00 PM,44,33,11
09/11/2020 05:00:00 PM,44,35,9
09/11/2020 06:00:00 PM,33,24,9
09/11/2020 07:00:00 PM,18,14,4
09/11/2020 08:00:00 PM,12,5,7
09/11/2020 09:00:00 PM,8,4,4
09/11/2020 10:00:00 PM,5,3,2
09/11/2020 11:00:00 PM,4,3,1
09/12/2020 12:00:00 AM,2,2,0
09/12/2020 01:00:00 AM,0,0,0
09/12/2020 02:00:00 AM,1,0,1
09/12/2020 03:00:00 AM,6,3,3
09/12/2020 04:00:00 AM,6,4,2
09/12/2020 05:00:00 AM,6,2,4
09/12/2020 06:00:00 AM,6,2,4
09/12/2020 07:00:00 AM,5,3,2
09/12/2020 08:00:00 AM,8,2,6
09/12/2020 09:00:00 AM,12,5,7
09/12/2020 10:00:00 AM,16,5,11
09/12/2020 11:00:00 AM,9,4,5
09/12/2020 12:00:00 PM,5,0,5
09/12/2020 01:00:00 PM,7,5,2
09/12/2020 02:00:00 PM,10,2,8
09/12/2020 03:00:00 PM,12,9,3
09/12/2020 04:00:00 PM,14,8,6
09/12/2020 05:00:00 PM,18,11,7
09/12/2020 06:00:00 PM,14,7,7
09/12/2020 07:00:00 PM,11,2,9
09/12/2020 08:00:00 PM,3,2,1
09/12/2020 09:00:00 PM,7,3,4
09/12/2020 10:00:00 PM,5,2,3
09/12/2020 11:00:00 PM,5,4,1
09/13/2020 12:00:00 AM,1,1,0
09/13/2020 01:00:00 AM,1,0,1
09/13/2020 02:00:00 AM,2,0,2
09/13/2020 03:00:00 AM,3,1,2
09/13/2020 04:00:00 AM,1,1,0
09/13/2020 05:00:00 AM,1,0,1
09/13/2020 06:00:00 AM,3,1,2
09/13/2020 07:00:00 AM,3,1,2
09/13/2020 08:00:00 AM,3,2,1
09/13/2020 09:00:00 AM,9,5,4
09/13/2020 10:00:00 AM,10,8,2
09/13/2020 11:00:00 AM,2,1,1
09/13/2020 12:00:00 PM,8,2,6
09/13/2020 01:00:00 PM,5,1,4
09/13/2020 02:00:00 PM,10,7,3
09/13/2020 03:00:00 PM,9,3,6
09/13/2020 04:00:00 PM,8,6,2
09/13/2020 05:00:00 PM,7,4,3
09/13/2020 06:00:00 PM,6,3,3
09/13/2020 07:00:00 PM,3,2,1
09/13/2020 08:00:00 PM,11,6,5
09/13/2020 09:00:00 PM,6,3,3
09/13/2020 10:00:00 PM,5,3,2
09/13/2020 11:00:00 PM,5,3,2
09/14/2020 12:00:00 AM,2,2,0
09/14/2020 01:00:00 AM,5,2,3
09/14/2020 02:00:00 AM,2,1,1
09/14/2020 03:00:00 AM,7,6,1
09/14/2020 04:00:00 AM,2,0,2
09/14/2020 05:00:00 AM,11,1,10
09/14/2020 06:00:00 AM,30,2,28
09/14/2020 07:00:00 AM,35,6,29
09/14/2020 08:00:00 AM,24,4,20
09/14/2020 09:00:00 AM,19,5,14
09/14/2020 10:00:00 AM,7,2,5
09/14/2020 11:00:00 AM,14,8,6
09/14/2020 12:00:00 PM,11,3,8
09/14/2020 01:00:00 PM,16,8,8
09/14/2020 02:00:00 PM,25,17,8
09/14/2020 03:00:00 PM,35,19,16
09/14/2020 04:00:00 PM,31,26,5
09/14/2020 05:00:00 PM,39,30,9
09/14/2020 06:00:00 PM,24,22,2
09/14/2020 07:00:00 PM,11,7,4
09/14/2020 08:00:00 PM,9,3,6
09/14/2020 09:00:00 PM,7,5,2
09/14/2020 10:00:00 PM,7,4,3
09/14/2020 11:00:00 PM,2,2,0
09/15/2020 12:00:00 AM,3,3,0
09/15/2020 01:00:00 AM,0,0,0
09/15/2020 02:00:00 AM,3,2,1
09/15/2020 03:00:00 AM,2,1,1
09/15/2020 04:00:00 AM,3,0,3
09/15/2020 05:00:00 AM,18,3,15
09/15/2020 06:00:00 AM,24,2,22
09/15/2020 07:00:00 AM,35,7,28
09/15/2020 08:00:00 AM,29,8,21
09/15/2020 09:00:00 AM,19,1,18
09/15/2020 10:00:00 AM,13,3,10
09/15/2020 11:00:00 AM,11,5,6
09/15/2020 12:00:00 PM,11,4,7
09/15/2020 01:00:00 PM,25,17,8
09/15/2020 02:00:00 PM,23,14,9
09/15/2020 03:00:00 PM,33,19,14
09/15/2020 04:00:00 PM,28,22,6
09/15/2020 05:00:00 PM,47,39,8
09/15/2020 06:00:00 PM,21,19,2
09/15/2020 07:00:00 PM,13,7,6
09/15/2020 08:00:00 PM,10,7,3
09/15/2020 09:00:00 PM,4,3,1
09/15/2020 10:00:00 PM,13,8,5
09/15/2020 11:00:00 PM,7,3,4
09/16/2020 12:00:00 AM,4,1,3
09/16/2020 01:00:00 AM,2,2,0
09/16/2020 02:00:00 AM,4,2,2
09/16/2020 03:00:00 AM,8,5,3
09/16/2020 04:00:00 AM,7,1,6
09/16/2020 05:00:00 AM,19,5,14
09/16/2020 06:00:00 AM,31,1,30
09/16/2020 07:00:00 AM,13,4,9
09/16/2020 08:00:00 AM,33,0,33
09/16/2020 09:00:00 AM,19,4,15
09/16/2020 10:00:00 AM,16,5,11
09/16/2020 11:00:00 AM,15,4,11
09/16/2020 12:00:00 PM,21,9,12
09/16/2020 01:00:00 PM,17,11,6
09/16/2020 02:00:00 PM,26,15,11
09/16/2020 03:00:00 PM,34,19,15
09/16/2020 04:00:00 PM,41,35,6
09/16/2020 05:00:00 PM,45,27,18
09/16/2020 06:00:00 PM,38,30,8
09/16/2020 07:00:00 PM,19,13,6
09/16/2020 08:00:00 PM,5,4,1
09/16/2020 09:00:00 PM,5,3,2
09/16/2020 10:00:00 PM,9,4,5
09/16/2020 11:00:00 PM,4,3,1
09/17/2020 12:00:00 AM,3,1,2
09/17/2020 01:00:00 AM,3,1,2
09/17/2020 02:00:00 AM,2,1,1
09/17/2020 03:00:00 AM,1,1,0
09/17/2020 04:00:00 AM,7,2,5
09/17/2020 05:00:00 AM,19,6,13
09/17/2020 06:00:00 AM,37,6,31
09/17/2020 07:00:00 AM,32,6,26
09/17/2020 08:00:00 AM,30,3,27
09/17/2020 09:00:00 AM,30,4,26
09/17/2020 10:00:00 AM,12,6,6
09/17/2020 11:00:00 AM,12,3,9
09/17/2020 12:00:00 PM,16,6,10
09/17/2020 01:00:00 PM,14,7,7
09/17/2020 02:00:00 PM,29,16,13
09/17/2020 03:00:00 PM,34,23,11
09/17/2020 04:00:00 PM,54,43,11
09/17/2020 05:00:00 PM,64,45,19
09/17/2020 06:00:00 PM,31,23,8
09/17/2020 07:00:00 PM,11,7,4
09/17/2020 08:00:00 PM,14,6,8
09/17/2020 09:00:00 PM,8,5,3
09/17/2020 10:00:00 PM,4,3,1
09/17/2020 11:00:00 PM,2,2,0
09/18/2020 12:00:00 AM,2,1,1
09/18/2020 01:00:00 AM,3,2,1
09/18/2020 02:00:00 AM,2,1,1
09/18/2020 03:00:00 AM,5,2,3
09/18/2020 04:00:00 AM,1,1,0
09/18/2020 05:00:00 AM,14,2,12
09/18/2020 06:00:00 AM,31,5,26
09/18/2020 07:00:00 AM,32,4,28
09/18/2020 08:00:00 AM,31,3,28
09/18/2020 09:00:00 AM,28,7,21
09/18/2020 10:00:00 AM,19,8,11
09/18/2020 11:00:00 AM,14,7,7
09/18/2020 12:00:00 PM,15,7,8
09/18/2020 01:00:00 PM,9,7,2
09/18/2020 02:00:00 PM,15,8,7
09/18/2020 03:00:00 PM,28,20,8
09/18/2020 04:00:00 PM,33,22,11
09/18/2020 05:00:00 PM,34,23,11
09/18/2020 06:00:00 PM,29,21,8
09/18/2020 07:00:00 PM,12,10,2
09/18/2020 08:00:00 PM,6,6,0
09/18/2020 09:00:00 PM,4,3,1
09/18/2020 10:00:00 PM,6,2,4
09/18/2020 11:00:00 PM,6,3,3
09/19/2020 12:00:00 AM,2,1,1
09/19/2020 01:00:00 AM,3,2,1
09/19/2020 02:00:00 AM,3,2,1
09/19/2020 03:00:00 AM,1,1,0
09/19/2020 04:00:00 AM,0,0,0
09/19/2020 05:00:00 AM,8,1,7
09/19/2020 06:00:00 AM,4,1,3
09/19/2020 07:00:00 AM,12,6,6
09/19/2020 08:00:00 AM,22,13,9
09/19/2020 09:00:00 AM,23,6,17
09/19/2020 10:00:00 AM,46,20,26
09/19/2020 11:00:00 AM,28,11,17
09/19/2020 12:00:00 PM,66,32,34
09/19/2020 01:00:00 PM,58,26,32
09/19/2020 02:00:00 PM,78,47,31
09/19/2020 03:00:00 PM,74,41,33
09/19/2020 04:00:00 PM,56,24,32
09/19/2020 05:00:00 PM,47,23,24
09/19/2020 06:00:00 PM,23,13,10
09/19/2020 07:00:00 PM,15,6,9
09/19/2020 08:00:00 PM,8,4,4
09/19/2020 09:00:00 PM,2,0,2
09/19/2020 10:00:00 PM,3,1,2
09/19/2020 11:00:00 PM,8,3,5
09/20/2020 12:00:00 AM,1,1,0
09/20/2020 01:00:00 AM,2,2,0
09/20/2020 02:00:00 AM,0,0,0
09/20/2020 03:00:00 AM,2,2,0
09/20/2020 04:00:00 AM,3,1,2
09/20/2020 05:00:00 AM,4,2,2
09/20/2020 06:00:00 AM,12,6,6
09/20/2020 07:00:00 AM,26,6,20
09/20/2020 08:00:00 AM,44,23,21
09/20/2020 09:00:00 AM,57,21,36
09/20/2020 10:00:00 AM,57,29,28
09/20/2020 11:00:00 AM,70,31,39
09/20/2020 12:00:00 PM,88,41,47
09/20/2020 01:00:00 PM,93,49,44
09/20/2020 02:00:00 PM,98,55,43
09/20/2020 03:00:00 PM,114,67,47
09/20/2020 04:00:00 PM,118,61,57
09/20/2020 05:00:00 PM,96,52,44
09/20/2020 06:00:00 PM,44,15,29
09/20/2020 07:00:00 PM,29,10,19
09/20/2020 08:00:00 PM,9,4,5
09/20/2020 09:00:00 PM,4,2,2
09/20/2020 10:00:00 PM,4,0,4
09/20/2020 11:00:00 PM,3,1,2
09/21/2020 12:00:00 AM,5,3,2
09/21/2020 01:00:00 AM,7,4,3
09/21/2020 02:00:00 AM,3,2,1
09/21/2020 03:00:00 AM,1,0,1
09/21/2020 04:00:00 AM,6,0,6
09/21/2020 05:00:00 AM,23,5,18
09/21/2020 06:00:00 AM,62,9,53
09/21/2020 07:00:00 AM,98,19,79
09/21/2020 08:00:00 AM,51,8,43
09/21/2020 09:00:00 AM,36,6,30
09/21/2020 10:00:00 AM,36,13,23
09/21/2020 11:00:00 AM,41,14,27
09/21/2020 12:00:00 PM,36,16,20
09/21/2020 01:00:00 PM,38,19,19
09/21/2020 02:00:00 PM,70,36,34
09/21/2020 03:00:00 PM,78,52,26
09/21/2020 04:00:00 PM,117,85,32
09/21/2020 05:00:00 PM,125,86,39
09/21/2020 06:00:00 PM,68,54,14
09/21/2020 07:00:00 PM,40,29,11
09/21/2020 08:00:00 PM,18,12,6
09/21/2020 09:00:00 PM,9,7,2
09/21/2020 10:00:00 PM,5,5,0
09/21/2020 11:00:00 PM,4,3,1
09/22/2020 12:00:00 AM,4,4,0
09/22/2020 01:00:00 AM,2,1,1
09/22/2020 02:00:00 AM,3,0,3
09/22/2020 03:00:00 AM,2,1,1
09/22/2020 04:00:00 AM,4,1,3
09/22/2020 05:00:00 AM,45,7,38
09/22/2020 06:00:00 AM,60,8,52
09/22/2020 07:00:00 AM,84,11,73
09/22/2020 08:00:00 AM,76,20,56
09/22/2020 09:00:00 AM,52,12,40
09/22/2020 10:00:00 AM,26,6,20
09/22/2020 11:00:00 AM,44,23,21
09/22/2020 12:00:00 PM,59,26,33
09/22/2020 01:00:00 PM,64,32,32
09/22/2020 02:00:00 PM,78,46,32
09/22/2020 03:00:00 PM,98,59,39
09/22/2020 04:00:00 PM,137,91,46
09/22/2020 05:00:00 PM,173,123,50
09/22/2020 06:00:00 PM,99,68,31
09/22/2020 07:00:00 PM,45,29,16
09/22/2020 08:00:00 PM,15,12,3
09/22/2020 09:00:00 PM,17,8,9
09/22/2020 10:00:00 PM,11,8,3
09/22/2020 11:00:00 PM,3,2,1
09/23/2020 12:00:00 AM,8,5,3
09/23/2020 01:00:00 AM,1,0,1
09/23/2020 02:00:00 AM,2,1,1
09/23/2020 03:00:00 AM,3,2,1
09/23/2020 04:00:00 AM,0,0,0
09/23/2020 05:00:00 AM,24,5,19
09/23/2020 06:00:00 AM,41,5,36
09/23/2020 07:00:00 AM,48,9,39
09/23/2020 08:00:00 AM,39,9,30
09/23/2020 09:00:00 AM,12,4,8
09/23/2020 10:00:00 AM,11,5,6
09/23/2020 11:00:00 AM,11,0,11
09/23/2020 12:00:00 PM,8,3,5
09/23/2020 01:00:00 PM,17,6,11
09/23/2020 02:00:00 PM,18,12,6
09/23/2020 03:00:00 PM,26,16,10
09/23/2020 04:00:00 PM,38,29,9
09/23/2020 05:00:00 PM,45,35,10
09/23/2020 06:00:00 PM,16,12,4
09/23/2020 07:00:00 PM,18,14,4
09/23/2020 08:00:00 PM,7,6,1
09/23/2020 09:00:00 PM,9,5,4
09/23/2020 10:00:00 PM,1,0,1
09/23/2020 11:00:00 PM,4,4,0
09/24/2020 12:00:00 AM,2,1,1
09/24/2020 01:00:00 AM,1,1,0
09/24/2020 02:00:00 AM,3,2,1
09/24/2020 03:00:00 AM,4,1,3
09/24/2020 04:00:00 AM,0,0,0
09/24/2020 05:00:00 AM,23,8,15
09/24/2020 06:00:00 AM,35,4,31
09/24/2020 07:00:00 AM,43,8,35
09/24/2020 08:00:00 AM,34,5,29
09/24/2020 09:00:00 AM,24,8,16
09/24/2020 10:00:00 AM,14,7,7
09/24/2020 11:00:00 AM,13,6,7
09/24/2020 12:00:00 PM,10,7,3
09/24/2020 01:00:00 PM,9,6,3
09/24/2020 02:00:00 PM,21,13,8
09/24/2020 03:00:00 PM,35,21,14
09/24/2020 04:00:00 PM,54,35,19
09/24/2020 05:00:00 PM,56,41,15
09/24/2020 06:00:00 PM,45,32,13
09/24/2020 07:00:00 PM,21,9,12
09/24/2020 08:00:00 PM,12,8,4
09/24/2020 09:00:00 PM,5,3,2
09/24/2020 10:00:00 PM,4,3,1
09/24/2020 11:00:00 PM,4,3,1
09/25/2020 12:00:00 AM,3,3,0
09/25/2020 01:00:00 AM,5,4,1
09/25/2020 02:00:00 AM,6,3,3
09/25/2020 03:00:00 AM,4,1,3
09/25/2020 04:00:00 AM,7,3,4
09/25/2020 05:00:00 AM,17,6,11
09/25/2020 06:00:00 AM,24,2,22
09/25/2020 07:00:00 AM,34,7,27
09/25/2020 08:00:00 AM,31,4,27
09/25/2020 09:00:00 AM,11,4,7
09/25/2020 10:00:00 AM,16,3,13
09/25/2020 11:00:00 AM,8,2,6
09/25/2020 12:00:00 PM,10,4,6
09/25/2020 01:00:00 PM,14,6,8
09/25/2020 02:00:00 PM,26,14,12
09/25/2020 03:00:00 PM,37,20,17
09/25/2020 04:00:00 PM,49,30,19
09/25/2020 05:00:00 PM,40,29,11
09/25/2020 06:00:00 PM,49,29,20
09/25/2020 07:00:00 PM,23,15,8
09/25/2020 08:00:00 PM,13,10,3
09/25/2020 09:00:00 PM,7,5,2
09/25/2020 10:00:00 PM,4,1,3
09/25/2020 11:00:00 PM,5,3,2
09/26/2020 12:00:00 AM,4,1,3
09/26/2020 01:00:00 AM,3,3,0
09/26/2020 02:00:00 AM,1,0,1
09/26/2020 03:00:00 AM,4,3,1
09/26/2020 04:00:00 AM,4,4,0
09/26/2020 05:00:00 AM,6,1,5
09/26/2020 06:00:00 AM,5,1,4
09/26/2020 07:00:00 AM,12,4,8
09/26/2020 08:00:00 AM,38,13,25
09/26/2020 09:00:00 AM,45,15,30
09/26/2020 10:00:00 AM,54,25,29
09/26/2020 11:00:00 AM,63,27,36
09/26/2020 12:00:00 PM,81,36,45
09/26/2020 01:00:00 PM,62,25,37
09/26/2020 02:00:00 PM,51,31,20
09/26/2020 03:00:00 PM,41,26,15
09/26/2020 04:00:00 PM,44,21,23
09/26/2020 05:00:00 PM,40,16,24
09/26/2020 06:00:00 PM,33,18,15
09/26/2020 07:00:00 PM,17,11,6
09/26/2020 08:00:00 PM,10,8,2
09/26/2020 09:00:00 PM,8,4,4
09/26/2020 10:00:00 PM,5,2,3
09/26/2020 11:00:00 PM,4,2,2
09/27/2020 12:00:00 AM,1,1,0
09/27/2020 01:00:00 AM,2,0,2
09/27/2020 02:00:00 AM,0,0,0
09/27/2020 03:00:00 AM,3,1,2
09/27/2020 04:00:00 AM,0,0,0
09/27/2020 05:00:00 AM,3,0,3
09/27/2020 06:00:00 AM,12,6,6
09/27/2020 07:00:00 AM,15,7,8
09/27/2020 08:00:00 AM,32,12,20
09/27/2020 09:00:00 AM,78,44,34
09/27/2020 10:00:00 AM,99,42,57
09/27/2020 11:00:00 AM,132,73,59
09/27/2020 12:00:00 PM,139,70,69
09/27/2020 01:00:00 PM,123,52,71
09/27/2020 02:00:00 PM,91,49,42
09/27/2020 03:00:00 PM,105,43,62
09/27/2020 04:00:00 PM,90,47,43
09/27/2020 05:00:00 PM,90,48,42
09/27/2020 06:00:00 PM,64,37,27
09/27/2020 07:00:00 PM,30,13,17
09/27/2020 08:00:00 PM,12,7,5
09/27/2020 09:00:00 PM,12,6,6
09/27/2020 10:00:00 PM,8,5,3
09/27/2020 11:00:00 PM,5,3,2
09/28/2020 12:00:00 AM,2,1,1
09/28/2020 01:00:00 AM,3,1,2
09/28/2020 02:00:00 AM,2,0,2
09/28/2020 03:00:00 AM,1,0,1
09/28/2020 04:00:00 AM,5,1,4
09/28/2020 05:00:00 AM,31,6,25
09/28/2020 06:00:00 AM,60,7,53
09/28/2020 07:00:00 AM,84,7,77
09/28/2020 08:00:00 AM,75,10,65
09/28/2020 09:00:00 AM,44,13,31
09/28/2020 10:00:00 AM,40,14,26
09/28/2020 11:00:00 AM,37,17,20
09/28/2020 12:00:00 PM,35,17,18
09/28/2020 01:00:00 PM,53,31,22
09/28/2020 02:00:00 PM,69,44,25
09/28/2020 03:00:00 PM,78,45,33
09/28/2020 04:00:00 PM,107,79,28
09/28/2020 05:00:00 PM,140,107,33
09/28/2020 06:00:00 PM,92,60,32
09/28/2020 07:00:00 PM,55,36,19
09/28/2020 08:00:00 PM,23,15,8
09/28/2020 09:00:00 PM,13,8,5
09/28/2020 10:00:00 PM,10,6,4
09/28/2020 11:00:00 PM,5,3,2
09/29/2020 12:00:00 AM,5,3,2
09/29/2020 01:00:00 AM,5,3,2
09/29/2020 02:00:00 AM,4,1,3
09/29/2020 03:00:00 AM,0,0,0
09/29/2020 04:00:00 AM,6,3,3
09/29/2020 05:00:00 AM,27,5,22
09/29/2020 06:00:00 AM,68,8,60
09/29/2020 07:00:00 AM,96,15,81
09/29/2020 08:00:00 AM,85,20,65
09/29/2020 09:00:00 AM,50,11,39
09/29/2020 10:00:00 AM,38,16,22
09/29/2020 11:00:00 AM,41,13,28
09/29/2020 12:00:00 PM,53,22,31
09/29/2020 01:00:00 PM,63,37,26
09/29/2020 02:00:00 PM,73,45,28
09/29/2020 03:00:00 PM,78,46,32
09/29/2020 04:00:00 PM,134,89,45
09/29/2020 05:00:00 PM,171,126,45
09/29/2020 06:00:00 PM,88,63,25
09/29/2020 07:00:00 PM,38,25,13
09/29/2020 08:00:00 PM,21,14,7
09/29/2020 09:00:00 PM,18,9,9
09/29/2020 10:00:00 PM,8,7,1
09/29/2020 11:00:00 PM,4,3,1
09/30/2020 12:00:00 AM,5,4,1
09/30/2020 01:00:00 AM,0,0,0
09/30/2020 02:00:00 AM,4,1,3
09/30/2020 03:00:00 AM,7,3,4
09/30/2020 04:00:00 AM,4,1,3
09/30/2020 05:00:00 AM,30,7,23
09/30/2020 06:00:00 AM,82,11,71
09/30/2020 07:00:00 AM,83,10,73
09/30/2020 08:00:00 AM,85,16,69
09/30/2020 09:00:00 AM,55,20,35
09/30/2020 10:00:00 AM,26,15,11
09/30/2020 11:00:00 AM,35,19,16
09/30/2020 12:00:00 PM,45,24,21
09/30/2020 01:00:00 PM,47,23,24
09/30/2020 02:00:00 PM,67,29,38
09/30/2020 03:00:00 PM,71,51,20
09/30/2020 04:00:00 PM,137,89,48
09/30/2020 05:00:00 PM,141,95,46
09/30/2020 06:00:00 PM,86,70,16
09/30/2020 07:00:00 PM,40,21,19
09/30/2020 08:00:00 PM,23,18,5
09/30/2020 09:00:00 PM,13,10,3
09/30/2020 10:00:00 PM,15,5,10
09/30/2020 11:00:00 PM,10,6,4
10/05/2020 11:00:00 PM,8,7,1
10/06/2020 12:00:00 AM,4,4,0
10/06/2020 01:00:00 AM,5,1,4
10/06/2020 02:00:00 AM,3,1,2
10/06/2020 03:00:00 AM,2,0,2
10/06/2020 04:00:00 AM,7,2,5
10/06/2020 05:00:00 AM,45,12,33
10/06/2020 06:00:00 AM,69,10,59
10/06/2020 07:00:00 AM,79,11,68
10/06/2020 08:00:00 AM,79,10,69
10/06/2020 09:00:00 AM,40,8,32
10/06/2020 10:00:00 AM,21,9,12
10/06/2020 11:00:00 AM,47,22,25
10/06/2020 12:00:00 PM,43,19,24
10/06/2020 01:00:00 PM,57,30,27
10/06/2020 02:00:00 PM,75,35,40
10/06/2020 03:00:00 PM,71,49,22
10/06/2020 04:00:00 PM,140,96,44
10/06/2020 05:00:00 PM,133,105,28
10/06/2020 06:00:00 PM,99,68,31
10/06/2020 07:00:00 PM,33,23,10
10/06/2020 08:00:00 PM,29,18,11
10/06/2020 09:00:00 PM,15,8,7
10/06/2020 10:00:00 PM,10,8,2
10/06/2020 11:00:00 PM,5,5,0
10/07/2020 12:00:00 AM,2,1,1
10/07/2020 01:00:00 AM,4,4,0
10/07/2020 02:00:00 AM,3,0,3
10/07/2020 03:00:00 AM,3,1,2
10/07/2020 04:00:00 AM,9,4,5
10/07/2020 05:00:00 AM,32,8,24
10/07/2020 06:00:00 AM,73,6,67
10/07/2020 07:00:00 AM,89,16,73
10/07/2020 08:00:00 AM,82,12,70
10/07/2020 09:00:00 AM,49,19,30
10/07/2020 10:00:00 AM,38,13,25
10/07/2020 11:00:00 AM,55,25,30
10/07/2020 12:00:00 PM,30,16,14
10/07/2020 01:00:00 PM,38,16,22
10/07/2020 02:00:00 PM,61,30,31
10/07/2020 03:00:00 PM,81,56,25
10/07/2020 04:00:00 PM,106,81,25
10/07/2020 05:00:00 PM,119,97,22
10/07/2020 06:00:00 PM,73,50,23
10/07/2020 07:00:00 PM,33,22,11
10/07/2020 08:00:00 PM,11,7,4
10/07/2020 09:00:00 PM,17,8,9
10/07/2020 10:00:00 PM,14,6,8
10/07/2020 11:00:00 PM,6,3,3
10/08/2020 12:00:00 AM,3,3,0
10/08/2020 01:00:00 AM,3,1,2
10/08/2020 02:00:00 AM,5,1,4
10/08/2020 03:00:00 AM,5,1,4
10/08/2020 04:00:00 AM,2,1,1
10/08/2020 05:00:00 AM,32,9,23
10/08/2020 06:00:00 AM,63,3,60
10/08/2020 07:00:00 AM,64,8,56
10/08/2020 08:00:00 AM,71,14,57
10/08/2020 09:00:00 AM,45,11,34
10/08/2020 10:00:00 AM,27,9,18
10/08/2020 11:00:00 AM,47,17,30
10/08/2020 12:00:00 PM,41,21,20
10/08/2020 01:00:00 PM,47,26,21
10/08/2020 02:00:00 PM,63,35,28
10/08/2020 03:00:00 PM,83,53,30
10/08/2020 04:00:00 PM,104,72,32
10/08/2020 05:00:00 PM,106,81,25
10/08/2020 06:00:00 PM,75,60,15
10/08/2020 07:00:00 PM,32,22,10
10/08/2020 08:00:00 PM,20,10,10
10/08/2020 09:00:00 PM,8,3,5
10/08/2020 10:00:00 PM,16,12,4
10/08/2020 11:00:00 PM,4,3,1
10/09/2020 12:00:00 AM,1,1,0
10/09/2020 01:00:00 AM,2,1,1
10/09/2020 02:00:00 AM,3,2,1
10/09/2020 03:00:00 AM,3,2,1
10/09/2020 04:00:00 AM,3,2,1
10/09/2020 05:00:00 AM,28,9,19
10/09/2020 06:00:00 AM,48,7,41
10/09/2020 07:00:00 AM,65,8,57
10/09/2020 08:00:00 AM,61,10,51
10/09/2020 09:00:00 AM,41,14,27
10/09/2020 10:00:00 AM,38,11,27
10/09/2020 11:00:00 AM,41,12,29
10/09/2020 12:00:00 PM,36,20,16
10/09/2020 01:00:00 PM,46,29,17
10/09/2020 02:00:00 PM,65,36,29
10/09/2020 03:00:00 PM,75,47,28
10/09/2020 04:00:00 PM,84,52,32
10/09/2020 05:00:00 PM,94,67,27
10/09/2020 06:00:00 PM,54,39,15
10/09/2020 07:00:00 PM,20,12,8
10/09/2020 08:00:00 PM,13,10,3
10/09/2020 09:00:00 PM,6,4,2
10/09/2020 10:00:00 PM,7,5,2
10/09/2020 11:00:00 PM,2,1,1
10/10/2020 12:00:00 AM,4,1,3
10/10/2020 01:00:00 AM,3,2,1
10/10/2020 02:00:00 AM,2,1,1
10/10/2020 03:00:00 AM,1,1,0
10/10/2020 04:00:00 AM,1,0,1
10/10/2020 05:00:00 AM,3,0,3
10/10/2020 06:00:00 AM,4,2,2
10/10/2020 07:00:00 AM,6,5,1
10/10/2020 08:00:00 AM,14,10,4
10/10/2020 09:00:00 AM,13,4,9
10/10/2020 10:00:00 AM,22,8,14
10/10/2020 11:00:00 AM,25,10,15
10/10/2020 12:00:00 PM,32,16,16
10/10/2020 01:00:00 PM,51,17,34
10/10/2020 02:00:00 PM,46,22,24
10/10/2020 03:00:00 PM,60,21,39
10/10/2020 04:00:00 PM,49,30,19
10/10/2020 05:00:00 PM,52,22,30
10/10/2020 06:00:00 PM,37,16,21
10/10/2020 07:00:00 PM,19,13,6
10/10/2020 08:00:00 PM,7,3,4
10/10/2020 09:00:00 PM,9,5,4
10/10/2020 10:00:00 PM,3,3,0
10/10/2020 11:00:00 PM,4,2,2
10/11/2020 12:00:00 AM,6,2,4
10/11/2020 01:00:00 AM,1,1,0
10/11/2020 02:00:00 AM,4,2,2
10/11/2020 03:00:00 AM,1,1,0
10/11/2020 04:00:00 AM,4,1,3
10/11/2020 05:00:00 AM,6,3,3
10/11/2020 06:00:00 AM,9,5,4
10/11/2020 07:00:00 AM,19,6,13
10/11/2020 08:00:00 AM,18,5,13
10/11/2020 09:00:00 AM,27,16,11
10/11/2020 10:00:00 AM,34,20,14
10/11/2020 11:00:00 AM,23,10,13
10/11/2020 12:00:00 PM,10,6,4
10/11/2020 01:00:00 PM,9,1,8
10/11/2020 02:00:00 PM,12,3,9
10/11/2020 03:00:00 PM,10,6,4
10/11/2020 04:00:00 PM,8,4,4
10/11/2020 05:00:00 PM,2,1,1
10/11/2020 06:00:00 PM,6,6,0
10/11/2020 07:00:00 PM,1,0,1
10/11/2020 08:00:00 PM,3,2,1
10/11/2020 09:00:00 PM,2,0,2
10/11/2020 10:00:00 PM,1,1,0
10/11/2020 11:00:00 PM,2,2,0
10/12/2020 12:00:00 AM,3,1,2
10/12/2020 01:00:00 AM,2,0,2
10/12/2020 02:00:00 AM,1,0,1
10/12/2020 03:00:00 AM,3,1,2
10/12/2020 04:00:00 AM,2,1,1
10/12/2020 05:00:00 AM,29,10,19
10/12/2020 06:00:00 AM,41,5,36
10/12/2020 07:00:00 AM,56,9,47
10/12/2020 08:00:00 AM,51,7,44
10/12/2020 09:00:00 AM,28,5,23
10/12/2020 10:00:00 AM,28,15,13
10/12/2020 11:00:00 AM,32,10,22
10/12/2020 12:00:00 PM,30,17,13
10/12/2020 01:00:00 PM,39,16,23
10/12/2020 02:00:00 PM,68,39,29
10/12/2020 03:00:00 PM,71,38,33
10/12/2020 04:00:00 PM,106,72,34
10/12/2020 05:00:00 PM,122,89,33
10/12/2020 06:00:00 PM,63,45,18
10/12/2020 07:00:00 PM,31,24,7
10/12/2020 08:00:00 PM,16,12,4
10/12/2020 09:00:00 PM,11,8,3
10/12/2020 10:00:00 PM,6,4,2
10/12/2020 11:00:00 PM,3,2,1
10/13/2020 12:00:00 AM,1,1,0
10/13/2020 01:00:00 AM,1,1,0
10/13/2020 02:00:00 AM,4,3,1
10/13/2020 03:00:00 AM,3,2,1
10/13/2020 04:00:00 AM,2,0,2
10/13/2020 05:00:00 AM,22,5,17
10/13/2020 06:00:00 AM,30,1,29
10/13/2020 07:00:00 AM,30,3,27
10/13/2020 08:00:00 AM,43,7,36
10/13/2020 09:00:00 AM,22,5,17
10/13/2020 10:00:00 AM,15,3,12
10/13/2020 11:00:00 AM,11,1,10
10/13/2020 12:00:00 PM,11,5,6
10/13/2020 01:00:00 PM,14,7,7
10/13/2020 02:00:00 PM,26,19,7
10/13/2020 03:00:00 PM,38,22,16
10/13/2020 04:00:00 PM,51,38,13
10/13/2020 05:00:00 PM,67,49,18
10/13/2020 06:00:00 PM,54,36,18
10/13/2020 07:00:00 PM,26,22,4
10/13/2020 08:00:00 PM,11,8,3
10/13/2020 09:00:00 PM,8,6,2
10/13/2020 10:00:00 PM,5,3,2
10/13/2020 11:00:00 PM,2,1,1
10/14/2020 12:00:00 AM,2,1,1
10/14/2020 01:00:00 AM,1,1,0
10/14/2020 02:00:00 AM,5,4,1
10/14/2020 03:00:00 AM,8,2,6
10/14/2020 04:00:00 AM,7,1,6
10/14/2020 05:00:00 AM,27,7,20
10/14/2020 06:00:00 AM,61,5,56
10/14/2020 07:00:00 AM,84,14,70
10/14/2020 08:00:00 AM,77,13,64
10/14/2020 09:00:00 AM,40,14,26
10/14/2020 10:00:00 AM,27,12,15
10/14/2020 11:00:00 AM,45,14,31
10/14/2020 12:00:00 PM,31,16,15
10/14/2020 01:00:00 PM,38,16,22
10/14/2020 02:00:00 PM,68,40,28
10/14/2020 03:00:00 PM,85,54,31
10/14/2020 04:00:00 PM,132,101,31
10/14/2020 05:00:00 PM,142,102,40
10/14/2020 06:00:00 PM,69,47,22
10/14/2020 07:00:00 PM,34,20,14
10/14/2020 08:00:00 PM,18,9,9
10/14/2020 09:00:00 PM,15,10,5
10/14/2020 10:00:00 PM,6,3,3
10/14/2020 11:00:00 PM,5,4,1
10/15/2020 12:00:00 AM,3,3,0
10/15/2020 01:00:00 AM,0,0,0
10/15/2020 02:00:00 AM,2,0,2
10/15/2020 03:00:00 AM,7,4,3
10/15/2020 04:00:00 AM,6,2,4
10/15/2020 05:00:00 AM,37,10,27
10/15/2020 06:00:00 AM,62,4,58
10/15/2020 07:00:00 AM,99,17,82
10/15/2020 08:00:00 AM,70,9,61
10/15/2020 09:00:00 AM,53,15,38
10/15/2020 10:00:00 AM,50,17,33
10/15/2020 11:00:00 AM,36,13,23
10/15/2020 12:00:00 PM,60,30,30
10/15/2020 01:00:00 PM,48,21,27
10/15/2020 02:00:00 PM,83,50,33
10/15/2020 03:00:00 PM,77,50,27
10/15/2020 04:00:00 PM,130,92,38
10/15/2020 05:00:00 PM,161,112,49
10/15/2020 06:00:00 PM,97,54,43
10/15/2020 07:00:00 PM,37,27,10
10/15/2020 08:00:00 PM,22,11,11
10/15/2020 09:00:00 PM,24,13,11
10/15/2020 10:00:00 PM,7,4,3
10/15/2020 11:00:00 PM,7,4,3
10/16/2020 12:00:00 AM,2,2,0
10/16/2020 01:00:00 AM,1,1,0
10/16/2020 02:00:00 AM,1,1,0
10/16/2020 03:00:00 AM,7,4,3
10/16/2020 04:00:00 AM,6,2,4
10/16/2020 05:00:00 AM,31,9,22
10/16/2020 06:00:00 AM,34,3,31
10/16/2020 07:00:00 AM,72,12,60
10/16/2020 08:00:00 AM,66,15,51
10/16/2020 09:00:00 AM,45,8,37
10/16/2020 10:00:00 AM,42,15,27
10/16/2020 11:00:00 AM,31,13,18
10/16/2020 12:00:00 PM,32,20,12
10/16/2020 01:00:00 PM,25,16,9
10/16/2020 02:00:00 PM,40,26,14
10/16/2020 03:00:00 PM,48,32,16
10/16/2020 04:00:00 PM,69,50,19
10/16/2020 05:00:00 PM,82,65,17
10/16/2020 06:00:00 PM,38,32,6
10/16/2020 07:00:00 PM,20,14,6
10/16/2020 08:00:00 PM,12,10,2
10/16/2020 09:00:00 PM,9,5,4
10/16/2020 10:00:00 PM,3,1,2
10/16/2020 11:00:00 PM,5,4,1
10/17/2020 12:00:00 AM,6,5,1
10/17/2020 01:00:00 AM,2,0,2
10/17/2020 02:00:00 AM,1,0,1
10/17/2020 03:00:00 AM,4,2,2
10/17/2020 04:00:00 AM,2,0,2
10/17/2020 05:00:00 AM,6,1,5
10/17/2020 06:00:00 AM,9,3,6
10/17/2020 07:00:00 AM,8,4,4
10/17/2020 08:00:00 AM,26,11,15
10/17/2020 09:00:00 AM,33,11,22
10/17/2020 10:00:00 AM,44,23,21
10/17/2020 11:00:00 AM,64,33,31
10/17/2020 12:00:00 PM,32,16,16
10/17/2020 01:00:00 PM,69,29,40
10/17/2020 02:00:00 PM,72,35,37
10/17/2020 03:00:00 PM,56,31,25
10/17/2020 04:00:00 PM,65,34,31
10/17/2020 05:00:00 PM,43,22,21
10/17/2020 06:00:00 PM,32,21,11
10/17/2020 07:00:00 PM,17,12,5
10/17/2020 08:00:00 PM,6,3,3
10/17/2020 09:00:00 PM,7,4,3
10/17/2020 10:00:00 PM,7,3,4
10/17/2020 11:00:00 PM,10,6,4
10/18/2020 12:00:00 AM,3,1,2
10/18/2020 01:00:00 AM,1,1,0
10/18/2020 02:00:00 AM,2,1,1
10/18/2020 03:00:00 AM,1,1,0
10/18/2020 04:00:00 AM,1,1,0
10/18/2020 05:00:00 AM,6,1,5
10/18/2020 06:00:00 AM,9,4,5
10/18/2020 07:00:00 AM,10,4,6
10/18/2020 08:00:00 AM,16,8,8
10/18/2020 09:00:00 AM,18,3,15
10/18/2020 10:00:00 AM,20,11,9
10/18/2020 11:00:00 AM,16,8,8
10/18/2020 12:00:00 PM,14,8,6
10/18/2020 01:00:00 PM,19,11,8
10/18/2020 02:00:00 PM,23,9,14
10/18/2020 03:00:00 PM,26,11,15
10/18/2020 04:00:00 PM,23,14,9
10/18/2020 05:00:00 PM,22,12,10
10/18/2020 06:00:00 PM,15,9,6
10/18/2020 07:00:00 PM,9,7,2
10/18/2020 08:00:00 PM,13,9,4
10/18/2020 09:00:00 PM,0,0,0
10/18/2020 10:00:00 PM,5,4,1
10/18/2020 11:00:00 PM,0,0,0
10/19/2020 12:00:00 AM,2,0,2
10/19/2020 01:00:00 AM,2,1,1
10/19/2020 02:00:00 AM,2,1,1
10/19/2020 03:00:00 AM,0,0,0
10/19/2020 04:00:00 AM,4,1,3
10/19/2020 05:00:00 AM,30,7,23
10/19/2020 06:00:00 AM,50,6,44
10/19/2020 07:00:00 AM,71,7,64
10/19/2020 08:00:00 AM,60,13,47
10/19/2020 09:00:00 AM,37,5,32
10/19/2020 10:00:00 AM,40,14,26
10/19/2020 11:00:00 AM,28,10,18
10/19/2020 12:00:00 PM,22,11,11
10/19/2020 01:00:00 PM,27,17,10
10/19/2020 02:00:00 PM,48,30,18
10/19/2020 03:00:00 PM,56,38,18
10/19/2020 04:00:00 PM,71,60,11
10/19/2020 05:00:00 PM,73,56,17
10/19/2020 06:00:00 PM,45,37,8
10/19/2020 07:00:00 PM,14,12,2
10/19/2020 08:00:00 PM,13,8,5
10/19/2020 09:00:00 PM,6,4,2
10/19/2020 10:00:00 PM,4,3,1
10/19/2020 11:00:00 PM,1,1,0
10/20/2020 12:00:00 AM,4,4,0
10/20/2020 01:00:00 AM,0,0,0
10/20/2020 02:00:00 AM,3,2,1
10/20/2020 03:00:00 AM,2,1,1
10/20/2020 04:00:00 AM,3,0,3
10/20/2020 05:00:00 AM,30,9,21
10/20/2020 06:00:00 AM,63,7,56
10/20/2020 07:00:00 AM,62,7,55
10/20/2020 08:00:00 AM,72,15,57
10/20/2020 09:00:00 AM,38,11,27
10/20/2020 10:00:00 AM,29,8,21
10/20/2020 11:00:00 AM,38,15,23
10/20/2020 12:00:00 PM,30,10,20
10/20/2020 01:00:00 PM,46,24,22
10/20/2020 02:00:00 PM,59,36,23
10/20/2020 03:00:00 PM,71,53,18
10/20/2020 04:00:00 PM,91,67,24
10/20/2020 05:00:00 PM,121,83,38
10/20/2020 06:00:00 PM,73,54,19
10/20/2020 07:00:00 PM,18,17,1
10/20/2020 08:00:00 PM,10,7,3
10/20/2020 09:00:00 PM,18,15,3
10/20/2020 10:00:00 PM,9,6,3
10/20/2020 11:00:00 PM,5,2,3
10/21/2020 12:00:00 AM,2,1,1
10/21/2020 01:00:00 AM,1,1,0
10/21/2020 02:00:00 AM,4,2,2
10/21/2020 03:00:00 AM,4,3,1
10/21/2020 04:00:00 AM,4,1,3
10/21/2020 05:00:00 AM,27,7,20
10/21/2020 06:00:00 AM,61,4,57
10/21/2020 07:00:00 AM,66,5,61
10/21/2020 08:00:00 AM,58,6,52
10/21/2020 09:00:00 AM,42,13,29
10/21/2020 10:00:00 AM,28,7,21
10/21/2020 11:00:00 AM,16,8,8
10/21/2020 12:00:00 PM,16,8,8
10/21/2020 01:00:00 PM,25,15,10
10/21/2020 02:00:00 PM,34,17,17
10/21/2020 03:00:00 PM,45,34,11
10/21/2020 04:00:00 PM,72,55,17
10/21/2020 05:00:00 PM,113,92,21
10/21/2020 06:00:00 PM,58,44,14
10/21/2020 07:00:00 PM,31,23,8
10/21/2020 08:00:00 PM,16,12,4
10/21/2020 09:00:00 PM,13,11,2
10/21/2020 10:00:00 PM,4,1,3
10/21/2020 11:00:00 PM,8,5,3
10/22/2020 12:00:00 AM,6,5,1
10/22/2020 01:00:00 AM,0,0,0
10/22/2020 02:00:00 AM,1,0,1
10/22/2020 03:00:00 AM,2,1,1
10/22/2020 04:00:00 AM,7,0,7
10/22/2020 05:00:00 AM,26,7,19
10/22/2020 06:00:00 AM,64,7,57
10/22/2020 07:00:00 AM,64,9,55
10/22/2020 08:00:00 AM,62,9,53
10/22/2020 09:00:00 AM,44,10,34
10/22/2020 10:00:00 AM,31,13,18
10/22/2020 11:00:00 AM,34,14,20
10/22/2020 12:00:00 PM,27,7,20
10/22/2020 01:00:00 PM,33,16,17
10/22/2020 02:00:00 PM,56,33,23
10/22/2020 03:00:00 PM,66,44,22
10/22/2020 04:00:00 PM,113,87,26
10/22/2020 05:00:00 PM,129,93,36
10/22/2020 06:00:00 PM,66,49,17
10/22/2020 07:00:00 PM,19,13,6
10/22/2020 08:00:00 PM,11,10,1
10/22/2020 09:00:00 PM,17,11,6
10/22/2020 10:00:00 PM,5,2,3
10/22/2020 11:00:00 PM,6,4,2
10/23/2020 12:00:00 AM,4,4,0
10/23/2020 01:00:00 AM,0,0,0
10/23/2020 02:00:00 AM,2,0,2
10/23/2020 03:00:00 AM,4,1,3
10/23/2020 04:00:00 AM,10,0,10
10/23/2020 05:00:00 AM,16,3,13
10/23/2020 06:00:00 AM,45,7,38
10/23/2020 07:00:00 AM,48,13,35
10/23/2020 08:00:00 AM,36,5,31
10/23/2020 09:00:00 AM,21,4,17
10/23/2020 10:00:00 AM,17,7,10
10/23/2020 11:00:00 AM,12,4,8
10/23/2020 12:00:00 PM,11,7,4
10/23/2020 01:00:00 PM,21,11,10
10/23/2020 02:00:00 PM,33,19,14
10/23/2020 03:00:00 PM,46,36,10
10/23/2020 04:00:00 PM,54,36,18
10/23/2020 05:00:00 PM,45,38,7
10/23/2020 06:00:00 PM,24,13,11
10/23/2020 07:00:00 PM,12,7,5
10/23/2020 08:00:00 PM,14,10,4
10/23/2020 09:00:00 PM,7,5,2
10/23/2020 10:00:00 PM,6,6,0
10/23/2020 11:00:00 PM,1,1,0
10/24/2020 12:00:00 AM,1,1,0
10/24/2020 01:00:00 AM,0,0,0
10/24/2020 02:00:00 AM,1,1,0
10/24/2020 03:00:00 AM,3,1,2
10/24/2020 04:00:00 AM,5,3,2
10/24/2020 05:00:00 AM,7,4,3
10/24/2020 06:00:00 AM,10,3,7
10/24/2020 07:00:00 AM,12,7,5
10/24/2020 08:00:00 AM,26,10,16
10/24/2020 09:00:00 AM,29,17,12
10/24/2020 10:00:00 AM,31,16,15
10/24/2020 11:00:00 AM,41,28,13
10/24/2020 12:00:00 PM,55,23,32
10/24/2020 01:00:00 PM,52,20,32
10/24/2020 02:00:00 PM,54,22,32
10/24/2020 03:00:00 PM,50,31,19
10/24/2020 04:00:00 PM,60,32,28
10/24/2020 05:00:00 PM,45,22,23
10/24/2020 06:00:00 PM,27,16,11
10/24/2020 07:00:00 PM,18,10,8
10/24/2020 08:00:00 PM,14,10,4
10/24/2020 09:00:00 PM,5,4,1
10/24/2020 10:00:00 PM,3,3,0
10/24/2020 11:00:00 PM,4,0,4
10/25/2020 12:00:00 AM,3,3,0
10/25/2020 01:00:00 AM,0,0,0
10/25/2020 02:00:00 AM,2,0,2
10/25/2020 03:00:00 AM,3,0,3
10/25/2020 04:00:00 AM,1,1,0
10/25/2020 05:00:00 AM,2,1,1
10/25/2020 06:00:00 AM,8,4,4
10/25/2020 07:00:00 AM,10,7,3
10/25/2020 08:00:00 AM,18,10,8
10/25/2020 09:00:00 AM,29,8,21
10/25/2020 10:00:00 AM,46,32,14
10/25/2020 11:00:00 AM,89,60,29
10/25/2020 12:00:00 PM,98,33,65
10/25/2020 01:00:00 PM,70,34,36
10/25/2020 02:00:00 PM,103,37,66
10/25/2020 03:00:00 PM,72,38,34
10/25/2020 04:00:00 PM,80,37,43
10/25/2020 05:00:00 PM,47,22,25
10/25/2020 06:00:00 PM,28,17,11
10/25/2020 07:00:00 PM,9,6,3
10/25/2020 08:00:00 PM,12,6,6
10/25/2020 09:00:00 PM,5,3,2
10/25/2020 10:00:00 PM,5,2,3
10/25/2020 11:00:00 PM,3,3,0
10/26/2020 12:00:00 AM,3,2,1
10/26/2020 01:00:00 AM,3,1,2
10/26/2020 02:00:00 AM,0,0,0
10/26/2020 03:00:00 AM,0,0,0
10/26/2020 04:00:00 AM,5,2,3
10/26/2020 05:00:00 AM,29,7,22
10/26/2020 06:00:00 AM,42,3,39
10/26/2020 07:00:00 AM,48,11,37
10/26/2020 08:00:00 AM,53,10,43
10/26/2020 09:00:00 AM,35,6,29
10/26/2020 10:00:00 AM,24,5,19
10/26/2020 11:00:00 AM,27,10,17
10/26/2020 12:00:00 PM,25,13,12
10/26/2020 01:00:00 PM,36,17,19
10/26/2020 02:00:00 PM,52,34,18
10/26/2020 03:00:00 PM,46,27,19
10/26/2020 04:00:00 PM,75,55,20
10/26/2020 05:00:00 PM,79,62,17
10/26/2020 06:00:00 PM,40,34,6
10/26/2020 07:00:00 PM,24,19,5
10/26/2020 08:00:00 PM,9,5,4
10/26/2020 09:00:00 PM,7,4,3
10/26/2020 10:00:00 PM,2,1,1
10/26/2020 11:00:00 PM,4,4,0
10/27/2020 12:00:00 AM,5,3,2
10/27/2020 01:00:00 AM,0,0,0
10/27/2020 02:00:00 AM,4,1,3
10/27/2020 03:00:00 AM,2,0,2
10/27/2020 04:00:00 AM,6,2,4
10/27/2020 05:00:00 AM,27,6,21
10/27/2020 06:00:00 AM,63,10,53
10/27/2020 07:00:00 AM,55,7,48
10/27/2020 08:00:00 AM,71,9,62
10/27/2020 09:00:00 AM,41,9,32
10/27/2020 10:00:00 AM,32,11,21
10/27/2020 11:00:00 AM,30,11,19
10/27/2020 12:00:00 PM,19,5,14
10/27/2020 01:00:00 PM,44,25,19
10/27/2020 02:00:00 PM,56,37,19
10/27/2020 03:00:00 PM,65,42,23
10/27/2020 04:00:00 PM,106,77,29
10/27/2020 05:00:00 PM,108,84,24
10/27/2020 06:00:00 PM,56,43,13
10/27/2020 07:00:00 PM,25,21,4
10/27/2020 08:00:00 PM,14,11,3
10/27/2020 09:00:00 PM,9,6,3
10/27/2020 10:00:00 PM,5,3,2
10/27/2020 11:00:00 PM,6,4,2
10/28/2020 12:00:00 AM,2,1,1
10/28/2020 01:00:00 AM,3,3,0
10/28/2020 02:00:00 AM,0,0,0
10/28/2020 03:00:00 AM,4,2,2
10/28/2020 04:00:00 AM,6,0,6
10/28/2020 05:00:00 AM,28,6,22
10/28/2020 06:00:00 AM,69,2,67
10/28/2020 07:00:00 AM,58,7,51
10/28/2020 08:00:00 AM,73,13,60
10/28/2020 09:00:00 AM,45,9,36
10/28/2020 10:00:00 AM,27,8,19
10/28/2020 11:00:00 AM,32,11,21
10/28/2020 12:00:00 PM,31,15,16
10/28/2020 01:00:00 PM,38,21,17
10/28/2020 02:00:00 PM,55,36,19
10/28/2020 03:00:00 PM,67,43,24
10/28/2020 04:00:00 PM,113,88,25
10/28/2020 05:00:00 PM,110,84,26
10/28/2020 06:00:00 PM,68,44,24
10/28/2020 07:00:00 PM,32,25,7
10/28/2020 08:00:00 PM,11,7,4
10/28/2020 09:00:00 PM,9,3,6
10/28/2020 10:00:00 PM,2,1,1
10/28/2020 11:00:00 PM,9,7,2
10/29/2020 12:00:00 AM,5,3,2
10/29/2020 01:00:00 AM,4,3,1
10/29/2020 02:00:00 AM,3,0,3
10/29/2020 03:00:00 AM,3,1,2
10/29/2020 04:00:00 AM,6,0,6
10/29/2020 05:00:00 AM,22,5,17
10/29/2020 06:00:00 AM,62,6,56
10/29/2020 07:00:00 AM,58,5,53
10/29/2020 08:00:00 AM,69,9,60
10/29/2020 09:00:00 AM,57,10,47
10/29/2020 10:00:00 AM,26,9,17
10/29/2020 11:00:00 AM,37,15,22
10/29/2020 12:00:00 PM,32,11,21
10/29/2020 01:00:00 PM,37,15,22
10/29/2020 02:00:00 PM,53,31,22
10/29/2020 03:00:00 PM,69,49,20
10/29/2020 04:00:00 PM,91,67,24
10/29/2020 05:00:00 PM,146,109,37
10/29/2020 06:00:00 PM,60,47,13
10/29/2020 07:00:00 PM,45,32,13
10/29/2020 08:00:00 PM,21,16,5
10/29/2020 09:00:00 PM,11,7,4
10/29/2020 10:00:00 PM,12,6,6
10/29/2020 11:00:00 PM,7,6,1
10/30/2020 12:00:00 AM,5,3,2
10/30/2020 01:00:00 AM,6,4,2
10/30/2020 02:00:00 AM,4,2,2
10/30/2020 03:00:00 AM,2,1,1
10/30/2020 04:00:00 AM,6,0,6
10/30/2020 05:00:00 AM,19,2,17
10/30/2020 06:00:00 AM,46,4,42
10/30/2020 07:00:00 AM,45,5,40
10/30/2020 08:00:00 AM,63,8,55
10/30/2020 09:00:00 AM,36,10,26
10/30/2020 10:00:00 AM,38,15,23
10/30/2020 11:00:00 AM,37,20,17
10/30/2020 12:00:00 PM,35,15,20
10/30/2020 01:00:00 PM,46,25,21
10/30/2020 02:00:00 PM,54,38,16
10/30/2020 03:00:00 PM,85,42,43
10/30/2020 04:00:00 PM,92,64,28
10/30/2020 05:00:00 PM,113,81,32
10/30/2020 06:00:00 PM,60,40,20
10/30/2020 07:00:00 PM,25,20,5
10/30/2020 08:00:00 PM,16,13,3
10/30/2020 09:00:00 PM,6,5,1
10/30/2020 10:00:00 PM,4,2,2
10/30/2020 11:00:00 PM,14,5,9
10/31/2020 12:00:00 AM,7,5,2
10/31/2020 01:00:00 AM,1,1,0
10/31/2020 02:00:00 AM,5,2,3
10/31/2020 03:00:00 AM,5,2,3
10/31/2020 04:00:00 AM,4,1,3
10/31/2020 05:00:00 AM,8,1,7
10/31/2020 06:00:00 AM,12,3,9
10/31/2020 07:00:00 AM,17,5,12
10/31/2020 08:00:00 AM,27,7,20
10/31/2020 09:00:00 AM,35,20,15
10/31/2020 10:00:00 AM,89,54,35
10/31/2020 11:00:00 AM,87,37,50
10/31/2020 12:00:00 PM,81,51,30
10/31/2020 01:00:00 PM,104,49,55
10/31/2020 02:00:00 PM,87,54,33
10/31/2020 03:00:00 PM,103,52,51
10/31/2020 04:00:00 PM,73,33,40
10/31/2020 05:00:00 PM,38,22,16
10/31/2020 06:00:00 PM,18,6,12
10/31/2020 07:00:00 PM,22,15,7
10/31/2020 08:00:00 PM,10,9,1
10/31/2020 09:00:00 PM,4,4,0
10/31/2020 10:00:00 PM,2,1,1
10/31/2020 11:00:00 PM,6,4,2
11/01/2020 12:00:00 AM,3,1,2
11/01/2020 01:00:00 AM,5,3,2
11/01/2020 02:00:00 AM,1,0,1
11/01/2020 03:00:00 AM,1,1,0
11/01/2020 04:00:00 AM,1,0,1
11/01/2020 05:00:00 AM,5,4,1
11/01/2020 06:00:00 AM,9,6,3
11/01/2020 07:00:00 AM,13,7,6
11/01/2020 08:00:00 AM,34,10,24
11/01/2020 09:00:00 AM,41,18,23
11/01/2020 10:00:00 AM,77,54,23
11/01/2020 11:00:00 AM,99,56,43
11/01/2020 12:00:00 PM,98,44,54
11/01/2020 01:00:00 PM,108,50,58
11/01/2020 02:00:00 PM,95,49,46
11/01/2020 03:00:00 PM,86,45,41
11/01/2020 04:00:00 PM,68,30,38
11/01/2020 05:00:00 PM,36,15,21
11/01/2020 06:00:00 PM,17,8,9
11/01/2020 07:00:00 PM,9,2,7
11/01/2020 08:00:00 PM,4,0,4
11/01/2020 09:00:00 PM,5,2,3
11/01/2020 10:00:00 PM,3,1,2
11/01/2020 11:00:00 PM,1,1,0
11/02/2020 12:00:00 AM,1,0,1
11/02/2020 01:00:00 AM,3,1,2
11/02/2020 02:00:00 AM,3,2,1
11/02/2020 03:00:00 AM,2,2,0
11/02/2020 04:00:00 AM,0,0,0
11/02/2020 05:00:00 AM,29,25,4
11/02/2020 06:00:00 AM,69,67,2
11/02/2020 07:00:00 AM,73,63,10
11/02/2020 08:00:00 AM,71,62,9
11/02/2020 09:00:00 AM,33,21,12
11/02/2020 10:00:00 AM,42,30,12
11/02/2020 11:00:00 AM,43,26,17
11/02/2020 12:00:00 PM,41,25,16
11/02/2020 01:00:00 PM,59,23,36
11/02/2020 02:00:00 PM,80,31,49
11/02/2020 03:00:00 PM,83,20,63
11/02/2020 04:00:00 PM,118,37,81
11/02/2020 05:00:00 PM,104,20,84
11/02/2020 06:00:00 PM,32,6,26
11/02/2020 07:00:00 PM,29,8,21
11/02/2020 08:00:00 PM,16,3,13
11/02/2020 09:00:00 PM,5,1,4
11/02/2020 10:00:00 PM,2,1,1
11/02/2020 11:00:00 PM,2,1,1
11/03/2020 12:00:00 AM,1,0,1
11/03/2020 01:00:00 AM,6,0,6
11/03/2020 02:00:00 AM,0,0,0
11/03/2020 03:00:00 AM,2,1,1
11/03/2020 04:00:00 AM,5,4,1
11/03/2020 05:00:00 AM,25,20,5
11/03/2020 06:00:00 AM,47,40,7
11/03/2020 07:00:00 AM,45,40,5
11/03/2020 08:00:00 AM,38,33,5
11/03/2020 09:00:00 AM,22,17,5
11/03/2020 10:00:00 AM,9,5,4
11/03/2020 11:00:00 AM,8,4,4
11/03/2020 12:00:00 PM,13,9,4
11/03/2020 01:00:00 PM,14,8,6
11/03/2020 02:00:00 PM,8,2,6
11/03/2020 03:00:00 PM,40,8,32
11/03/2020 04:00:00 PM,52,13,39
11/03/2020 05:00:00 PM,55,8,47
11/03/2020 06:00:00 PM,21,1,20
11/03/2020 07:00:00 PM,10,1,9
11/03/2020 08:00:00 PM,9,1,8
11/03/2020 09:00:00 PM,6,3,3
11/03/2020 10:00:00 PM,2,0,2
11/03/2020 11:00:00 PM,3,2,1
11/04/2020 12:00:00 AM,0,0,0
11/04/2020 01:00:00 AM,1,0,1
11/04/2020 02:00:00 AM,3,1,2
11/04/2020 03:00:00 AM,4,2,2
11/04/2020 04:00:00 AM,3,2,1
11/04/2020 05:00:00 AM,17,15,2
11/04/2020 06:00:00 AM,49,45,4
11/04/2020 07:00:00 AM,31,27,4
11/04/2020 08:00:00 AM,43,39,4
11/04/2020 09:00:00 AM,26,16,10
11/04/2020 10:00:00 AM,13,9,4
11/04/2020 11:00:00 AM,25,19,6
11/04/2020 12:00:00 PM,21,14,7
11/04/2020 01:00:00 PM,27,14,13
11/04/2020 02:00:00 PM,32,16,16
11/04/2020 03:00:00 PM,44,18,26
11/04/2020 04:00:00 PM,57,10,47
11/04/2020 05:00:00 PM,57,9,48
11/04/2020 06:00:00 PM,27,2,25
11/04/2020 07:00:00 PM,10,1,9
11/04/2020 08:00:00 PM,13,3,10
11/04/2020 09:00:00 PM,3,0,3
11/04/2020 10:00:00 PM,1,0,1
11/04/2020 11:00:00 PM,5,0,5
11/05/2020 12:00:00 AM,2,1,1
11/05/2020 01:00:00 AM,0,0,0
11/05/2020 02:00:00 AM,0,0,0
11/05/2020 03:00:00 AM,5,2,3
11/05/2020 04:00:00 AM,5,2,3
11/05/2020 05:00:00 AM,23,16,7
11/05/2020 06:00:00 AM,46,42,4
11/05/2020 07:00:00 AM,54,46,8
11/05/2020 08:00:00 AM,36,32,4
11/05/2020 09:00:00 AM,30,23,7
11/05/2020 10:00:00 AM,21,14,7
11/05/2020 11:00:00 AM,16,9,7
11/05/2020 12:00:00 PM,9,5,4
11/05/2020 01:00:00 PM,14,9,5
11/05/2020 02:00:00 PM,30,11,19
11/05/2020 03:00:00 PM,37,6,31
11/05/2020 04:00:00 PM,60,14,46
11/05/2020 05:00:00 PM,63,13,50
11/05/2020 06:00:00 PM,29,7,22
11/05/2020 07:00:00 PM,25,5,20
11/05/2020 08:00:00 PM,13,4,9
11/05/2020 09:00:00 PM,7,2,5
11/05/2020 10:00:00 PM,13,4,9
11/05/2020 11:00:00 PM,1,1,0
11/06/2020 12:00:00 AM,4,0,4
11/06/2020 01:00:00 AM,0,0,0
11/06/2020 02:00:00 AM,5,2,3
11/06/2020 03:00:00 AM,4,3,1
11/06/2020 04:00:00 AM,6,5,1
11/06/2020 05:00:00 AM,25,19,6
11/06/2020 06:00:00 AM,54,45,9
11/06/2020 07:00:00 AM,40,33,7
11/06/2020 08:00:00 AM,72,64,8
11/06/2020 09:00:00 AM,36,25,11
11/06/2020 10:00:00 AM,25,14,11
11/06/2020 11:00:00 AM,27,18,9
11/06/2020 12:00:00 PM,25,13,12
11/06/2020 01:00:00 PM,44,22,22
11/06/2020 02:00:00 PM,59,27,32
11/06/2020 03:00:00 PM,73,34,39
11/06/2020 04:00:00 PM,77,15,62
11/06/2020 05:00:00 PM,69,11,58
11/06/2020 06:00:00 PM,40,15,25
11/06/2020 07:00:00 PM,18,4,14
11/06/2020 08:00:00 PM,13,3,10
11/06/2020 09:00:00 PM,3,0,3
11/06/2020 10:00:00 PM,9,2,7
11/06/2020 11:00:00 PM,7,3,4
11/07/2020 12:00:00 AM,5,0,5
11/07/2020 01:00:00 AM,1,1,0
11/07/2020 02:00:00 AM,1,1,0
11/07/2020 03:00:00 AM,3,2,1
11/07/2020 04:00:00 AM,6,3,3
11/07/2020 05:00:00 AM,5,4,1
11/07/2020 06:00:00 AM,11,5,6
11/07/2020 07:00:00 AM,12,7,5
11/07/2020 08:00:00 AM,23,13,10
11/07/2020 09:00:00 AM,36,26,10
11/07/2020 10:00:00 AM,32,10,22
11/07/2020 11:00:00 AM,55,23,32
11/07/2020 12:00:00 PM,63,27,36
11/07/2020 01:00:00 PM,44,13,31
11/07/2020 02:00:00 PM,62,35,27
11/07/2020 03:00:00 PM,50,34,16
11/07/2020 04:00:00 PM,25,10,15
11/07/2020 05:00:00 PM,14,5,9
11/07/2020 06:00:00 PM,13,6,7
11/07/2020 07:00:00 PM,7,4,3
11/07/2020 08:00:00 PM,13,3,10
11/07/2020 09:00:00 PM,6,3,3
11/07/2020 10:00:00 PM,5,0,5
11/07/2020 11:00:00 PM,4,2,2
11/08/2020 12:00:00 AM,2,1,1
11/08/2020 01:00:00 AM,4,2,2
11/08/2020 02:00:00 AM,1,0,1
11/08/2020 03:00:00 AM,2,2,0
11/08/2020 04:00:00 AM,1,0,1
11/08/2020 05:00:00 AM,3,2,1
11/08/2020 06:00:00 AM,4,1,3
11/08/2020 07:00:00 AM,20,14,6
11/08/2020 08:00:00 AM,27,10,17
11/08/2020 09:00:00 AM,24,14,10
11/08/2020 10:00:00 AM,37,24,13
11/08/2020 11:00:00 AM,51,27,24
11/08/2020 12:00:00 PM,66,33,33
11/08/2020 01:00:00 PM,68,34,34
11/08/2020 02:00:00 PM,88,39,49
11/08/2020 03:00:00 PM,71,31,40
11/08/2020 04:00:00 PM,46,25,21
11/08/2020 05:00:00 PM,28,14,14
11/08/2020 06:00:00 PM,8,6,2
11/08/2020 07:00:00 PM,6,2,4
11/08/2020 08:00:00 PM,9,2,7
11/08/2020 09:00:00 PM,3,1,2
11/08/2020 10:00:00 PM,1,1,0
11/08/2020 11:00:00 PM,0,0,0
11/09/2020 12:00:00 AM,1,1,0
11/09/2020 01:00:00 AM,2,1,1
11/09/2020 02:00:00 AM,2,2,0
11/09/2020 03:00:00 AM,2,2,0
11/09/2020 04:00:00 AM,1,1,0
11/09/2020 05:00:00 AM,19,14,5
11/09/2020 06:00:00 AM,50,43,7
11/09/2020 07:00:00 AM,46,43,3
11/09/2020 08:00:00 AM,55,46,9
11/09/2020 09:00:00 AM,29,23,6
11/09/2020 10:00:00 AM,22,19,3
11/09/2020 11:00:00 AM,19,15,4
11/09/2020 12:00:00 PM,27,15,12
11/09/2020 01:00:00 PM,22,10,12
11/09/2020 02:00:00 PM,40,18,22
11/09/2020 03:00:00 PM,55,10,45
11/09/2020 04:00:00 PM,57,10,47
11/09/2020 05:00:00 PM,67,14,53
11/09/2020 06:00:00 PM,32,5,27
11/09/2020 07:00:00 PM,9,2,7
11/09/2020 08:00:00 PM,8,1,7
11/09/2020 09:00:00 PM,7,3,4
11/09/2020 10:00:00 PM,1,0,1
11/09/2020 11:00:00 PM,6,1,5
11/10/2020 12:00:00 AM,2,0,2
11/10/2020 01:00:00 AM,3,0,3
11/10/2020 02:00:00 AM,2,2,0
11/10/2020 03:00:00 AM,1,1,0
11/10/2020 04:00:00 AM,5,2,3
11/10/2020 05:00:00 AM,21,17,4
11/10/2020 06:00:00 AM,40,28,12
11/10/2020 07:00:00 AM,53,51,2
11/10/2020 08:00:00 AM,44,35,9
11/10/2020 09:00:00 AM,29,21,8
11/10/2020 10:00:00 AM,26,16,10
11/10/2020 11:00:00 AM,13,6,7
11/10/2020 12:00:00 PM,14,3,11
11/10/2020 01:00:00 PM,15,9,6
11/10/2020 02:00:00 PM,26,11,15
11/10/2020 03:00:00 PM,50,17,33
11/10/2020 04:00:00 PM,46,5,41
11/10/2020 05:00:00 PM,66,10,56
11/10/2020 06:00:00 PM,36,12,24
11/10/2020 07:00:00 PM,19,5,14
11/10/2020 08:00:00 PM,14,3,11
11/10/2020 09:00:00 PM,6,1,5
11/10/2020 10:00:00 PM,0,0,0
11/10/2020 11:00:00 PM,5,2,3
11/11/2020 12:00:00 AM,2,0,2
11/11/2020 01:00:00 AM,4,2,2
11/11/2020 02:00:00 AM,2,2,0
11/11/2020 03:00:00 AM,1,0,1
11/11/2020 04:00:00 AM,3,3,0
11/11/2020 05:00:00 AM,13,10,3
11/11/2020 06:00:00 AM,41,38,3
11/11/2020 07:00:00 AM,47,40,7
11/11/2020 08:00:00 AM,35,29,6
11/11/2020 09:00:00 AM,34,25,9
11/11/2020 10:00:00 AM,27,16,11
11/11/2020 11:00:00 AM,38,21,17
11/11/2020 12:00:00 PM,37,18,19
11/11/2020 01:00:00 PM,49,33,16
11/11/2020 02:00:00 PM,67,33,34
11/11/2020 03:00:00 PM,78,29,49
11/11/2020 04:00:00 PM,79,19,60
11/11/2020 05:00:00 PM,54,11,43
11/11/2020 06:00:00 PM,36,10,26
11/11/2020 07:00:00 PM,14,4,10
11/11/2020 08:00:00 PM,11,4,7
11/11/2020 09:00:00 PM,5,1,4
11/11/2020 10:00:00 PM,9,1,8
11/11/2020 11:00:00 PM,3,0,3
11/12/2020 12:00:00 AM,1,0,1
11/12/2020 01:00:00 AM,0,0,0
11/12/2020 02:00:00 AM,5,3,2
11/12/2020 03:00:00 AM,3,2,1
11/12/2020 04:00:00 AM,4,3,1
11/12/2020 05:00:00 AM,28,24,4
11/12/2020 06:00:00 AM,46,39,7
11/12/2020 07:00:00 AM,48,42,6
11/12/2020 08:00:00 AM,44,36,8
11/12/2020 09:00:00 AM,39,29,10
11/12/2020 10:00:00 AM,21,13,8
11/12/2020 11:00:00 AM,22,15,7
11/12/2020 12:00:00 PM,28,13,15
11/12/2020 01:00:00 PM,26,12,14
11/12/2020 02:00:00 PM,32,13,19
11/12/2020 03:00:00 PM,32,8,24
11/12/2020 04:00:00 PM,51,10,41
11/12/2020 05:00:00 PM,51,7,44
11/12/2020 06:00:00 PM,36,3,33
11/12/2020 07:00:00 PM,18,5,13
11/12/2020 08:00:00 PM,8,2,6
11/12/2020 09:00:00 PM,8,2,6
11/12/2020 10:00:00 PM,4,2,2
11/12/2020 11:00:00 PM,0,0,0
11/13/2020 12:00:00 AM,3,0,3
11/13/2020 01:00:00 AM,3,2,1
11/13/2020 02:00:00 AM,3,1,2
11/13/2020 03:00:00 AM,2,1,1
11/13/2020 04:00:00 AM,3,3,0
11/13/2020 05:00:00 AM,18,13,5
11/13/2020 06:00:00 AM,17,16,1
11/13/2020 07:00:00 AM,28,22,6
11/13/2020 08:00:00 AM,35,31,4
11/13/2020 09:00:00 AM,29,18,11
11/13/2020 10:00:00 AM,19,13,6
11/13/2020 11:00:00 AM,14,10,4
11/13/2020 12:00:00 PM,19,11,8
11/13/2020 01:00:00 PM,21,8,13
11/13/2020 02:00:00 PM,44,18,26
11/13/2020 03:00:00 PM,53,23,30
11/13/2020 04:00:00 PM,46,16,30
11/13/2020 05:00:00 PM,49,9,40
11/13/2020 06:00:00 PM,24,7,17
11/13/2020 07:00:00 PM,9,5,4
11/13/2020 08:00:00 PM,12,0,12
11/13/2020 09:00:00 PM,9,1,8
11/13/2020 10:00:00 PM,7,3,4
11/13/2020 11:00:00 PM,3,2,1
11/14/2020 12:00:00 AM,2,1,1
11/14/2020 01:00:00 AM,3,1,2
11/14/2020 02:00:00 AM,6,4,2
11/14/2020 03:00:00 AM,3,2,1
11/14/2020 04:00:00 AM,3,2,1
11/14/2020 05:00:00 AM,3,3,0
11/14/2020 06:00:00 AM,9,7,2
11/14/2020 07:00:00 AM,5,4,1
11/14/2020 08:00:00 AM,20,8,12
11/14/2020 09:00:00 AM,32,21,11
11/14/2020 10:00:00 AM,49,24,25
11/14/2020 11:00:00 AM,38,21,17
11/14/2020 12:00:00 PM,40,16,24
11/14/2020 01:00:00 PM,28,15,13
11/14/2020 02:00:00 PM,20,4,16
11/14/2020 03:00:00 PM,20,12,8
11/14/2020 04:00:00 PM,16,6,10
11/14/2020 05:00:00 PM,6,3,3
11/14/2020 06:00:00 PM,13,5,8
11/14/2020 07:00:00 PM,9,3,6
11/14/2020 08:00:00 PM,4,0,4
11/14/2020 09:00:00 PM,1,0,1
11/14/2020 10:00:00 PM,3,2,1
11/14/2020 11:00:00 PM,3,1,2
11/15/2020 12:00:00 AM,2,1,1
11/15/2020 01:00:00 AM,1,0,1
11/15/2020 02:00:00 AM,2,0,2
11/15/2020 03:00:00 AM,3,2,1
11/15/2020 04:00:00 AM,0,0,0
11/15/2020 05:00:00 AM,2,2,0
11/15/2020 06:00:00 AM,10,4,6
11/15/2020 07:00:00 AM,10,7,3
11/15/2020 08:00:00 AM,14,8,6
11/15/2020 09:00:00 AM,13,8,5
11/15/2020 10:00:00 AM,47,25,22
11/15/2020 11:00:00 AM,23,15,8
11/15/2020 12:00:00 PM,33,17,16
11/15/2020 01:00:00 PM,36,11,25
11/15/2020 02:00:00 PM,28,18,10
11/15/2020 03:00:00 PM,33,17,16
11/15/2020 04:00:00 PM,40,20,20
11/15/2020 05:00:00 PM,16,2,14
11/15/2020 06:00:00 PM,13,6,7
11/15/2020 07:00:00 PM,7,2,5
11/15/2020 08:00:00 PM,8,3,5
11/15/2020 09:00:00 PM,3,1,2
11/15/2020 10:00:00 PM,1,1,0
11/15/2020 11:00:00 PM,0,0,0
11/16/2020 12:00:00 AM,0,0,0
11/16/2020 01:00:00 AM,2,1,1
11/16/2020 02:00:00 AM,2,2,0
11/16/2020 03:00:00 AM,2,1,1
11/16/2020 04:00:00 AM,1,1,0
11/16/2020 05:00:00 AM,23,18,5
11/16/2020 06:00:00 AM,40,37,3
11/16/2020 07:00:00 AM,39,35,4
11/16/2020 08:00:00 AM,37,34,3
11/16/2020 09:00:00 AM,25,20,5
11/16/2020 10:00:00 AM,11,8,3
11/16/2020 11:00:00 AM,12,7,5
11/16/2020 12:00:00 PM,8,5,3
11/16/2020 01:00:00 PM,14,7,7
11/16/2020 02:00:00 PM,13,6,7
11/16/2020 03:00:00 PM,28,8,20
11/16/2020 04:00:00 PM,43,3,40
11/16/2020 05:00:00 PM,41,6,35
11/16/2020 06:00:00 PM,28,1,27
11/16/2020 07:00:00 PM,15,3,12
11/16/2020 08:00:00 PM,12,4,8
11/16/2020 09:00:00 PM,6,1,5
11/16/2020 10:00:00 PM,5,0,5
11/16/2020 11:00:00 PM,3,2,1
11/17/2020 12:00:00 AM,5,1,4
11/17/2020 01:00:00 AM,1,0,1
11/17/2020 02:00:00 AM,3,1,2
11/17/2020 03:00:00 AM,3,1,2
11/17/2020 04:00:00 AM,4,2,2
11/17/2020 05:00:00 AM,26,17,9
11/17/2020 06:00:00 AM,39,36,3
11/17/2020 07:00:00 AM,39,35,4
11/17/2020 08:00:00 AM,53,47,6
11/17/2020 09:00:00 AM,26,17,9
11/17/2020 10:00:00 AM,18,12,6
11/17/2020 11:00:00 AM,9,4,5
11/17/2020 12:00:00 PM,10,6,4
11/17/2020 01:00:00 PM,7,3,4
11/17/2020 02:00:00 PM,26,9,17
11/17/2020 03:00:00 PM,44,15,29
11/17/2020 04:00:00 PM,42,8,34
11/17/2020 05:00:00 PM,49,10,39
11/17/2020 06:00:00 PM,26,5,21
11/17/2020 07:00:00 PM,19,2,17
11/17/2020 08:00:00 PM,5,2,3
11/17/2020 09:00:00 PM,4,0,4
11/17/2020 10:00:00 PM,2,2,0
11/17/2020 11:00:00 PM,4,0,4
11/18/2020 12:00:00 AM,1,0,1
11/18/2020 01:00:00 AM,2,2,0
11/18/2020 02:00:00 AM,0,0,0
11/18/2020 03:00:00 AM,2,1,1
11/18/2020 04:00:00 AM,1,1,0
11/18/2020 05:00:00 AM,26,18,8
11/18/2020 06:00:00 AM,39,31,8
11/18/2020 07:00:00 AM,27,25,2
11/18/2020 08:00:00 AM,38,33,5
11/18/2020 09:00:00 AM,22,19,3
11/18/2020 10:00:00 AM,14,6,8
11/18/2020 11:00:00 AM,15,11,4
11/18/2020 12:00:00 PM,19,8,11
11/18/2020 01:00:00 PM,12,5,7
11/18/2020 02:00:00 PM,14,4,10
11/18/2020 03:00:00 PM,31,8,23
11/18/2020 04:00:00 PM,37,7,30
11/18/2020 05:00:00 PM,50,10,40
11/18/2020 06:00:00 PM,24,5,19
11/18/2020 07:00:00 PM,16,1,15
11/18/2020 08:00:00 PM,9,5,4
11/18/2020 09:00:00 PM,7,1,6
11/18/2020 10:00:00 PM,2,2,0
11/18/2020 11:00:00 PM,2,0,2
11/19/2020 12:00:00 AM,3,1,2
11/19/2020 01:00:00 AM,3,1,2
11/19/2020 02:00:00 AM,4,2,2
11/19/2020 03:00:00 AM,3,2,1
11/19/2020 04:00:00 AM,5,5,0
11/19/2020 05:00:00 AM,26,23,3
11/19/2020 06:00:00 AM,34,30,4
11/19/2020 07:00:00 AM,48,43,5
11/19/2020 08:00:00 AM,40,33,7
11/19/2020 09:00:00 AM,42,29,13
11/19/2020 10:00:00 AM,25,18,7
11/19/2020 11:00:00 AM,25,9,16
11/19/2020 12:00:00 PM,19,11,8
11/19/2020 01:00:00 PM,21,11,10
11/19/2020 02:00:00 PM,28,11,17
11/19/2020 03:00:00 PM,47,16,31
11/19/2020 04:00:00 PM,63,14,49
11/19/2020 05:00:00 PM,65,11,54
11/19/2020 06:00:00 PM,31,7,24
11/19/2020 07:00:00 PM,14,6,8
11/19/2020 08:00:00 PM,9,5,4
11/19/2020 09:00:00 PM,5,1,4
11/19/2020 10:00:00 PM,1,0,1
11/19/2020 11:00:00 PM,3,1,2
11/20/2020 12:00:00 AM,5,0,5
11/20/2020 01:00:00 AM,2,1,1
11/20/2020 02:00:00 AM,3,2,1
11/20/2020 03:00:00 AM,3,1,2
11/20/2020 04:00:00 AM,3,3,0
11/20/2020 05:00:00 AM,23,21,2
11/20/2020 06:00:00 AM,35,30,5
11/20/2020 07:00:00 AM,45,39,6
11/20/2020 08:00:00 AM,48,40,8
11/20/2020 09:00:00 AM,32,22,10
11/20/2020 10:00:00 AM,16,9,7
11/20/2020 11:00:00 AM,32,25,7
11/20/2020 12:00:00 PM,24,7,17
11/20/2020 01:00:00 PM,30,18,12
11/20/2020 02:00:00 PM,36,13,23
11/20/2020 03:00:00 PM,46,15,31
11/20/2020 04:00:00 PM,51,4,47
11/20/2020 05:00:00 PM,70,18,52
11/20/2020 06:00:00 PM,32,7,25
11/20/2020 07:00:00 PM,17,4,13
11/20/2020 08:00:00 PM,6,1,5
11/20/2020 09:00:00 PM,10,7,3
11/20/2020 10:00:00 PM,5,2,3
11/20/2020 11:00:00 PM,2,1,1
11/21/2020 12:00:00 AM,6,2,4
11/21/2020 01:00:00 AM,0,0,0
11/21/2020 02:00:00 AM,0,0,0
11/21/2020 03:00:00 AM,4,2,2
11/21/2020 04:00:00 AM,3,2,1
11/21/2020 05:00:00 AM,10,7,3
11/21/2020 06:00:00 AM,2,1,1
11/21/2020 07:00:00 AM,19,8,11
11/21/2020 08:00:00 AM,36,22,14
11/21/2020 09:00:00 AM,60,34,26
11/21/2020 10:00:00 AM,81,47,34
11/21/2020 11:00:00 AM,98,59,39
11/21/2020 12:00:00 PM,126,49,77
11/21/2020 01:00:00 PM,148,62,86
11/21/2020 02:00:00 PM,127,51,76
11/21/2020 03:00:00 PM,133,69,64
11/21/2020 04:00:00 PM,73,42,31
11/21/2020 05:00:00 PM,32,20,12
11/21/2020 06:00:00 PM,15,4,11
11/21/2020 07:00:00 PM,5,1,4
11/21/2020 08:00:00 PM,10,1,9
11/21/2020 09:00:00 PM,4,0,4
11/21/2020 10:00:00 PM,5,3,2
11/21/2020 11:00:00 PM,5,0,5
11/22/2020 12:00:00 AM,5,1,4
11/22/2020 01:00:00 AM,0,0,0
11/22/2020 02:00:00 AM,0,0,0
11/22/2020 03:00:00 AM,0,0,0
11/22/2020 04:00:00 AM,1,1,0
11/22/2020 05:00:00 AM,4,3,1
11/22/2020 06:00:00 AM,7,4,3
11/22/2020 07:00:00 AM,13,7,6
11/22/2020 08:00:00 AM,16,10,6
11/22/2020 09:00:00 AM,18,13,5
11/22/2020 10:00:00 AM,43,16,27
11/22/2020 11:00:00 AM,39,18,21
11/22/2020 12:00:00 PM,46,18,28
11/22/2020 01:00:00 PM,32,19,13
11/22/2020 02:00:00 PM,26,13,13
11/22/2020 03:00:00 PM,13,4,9
11/22/2020 04:00:00 PM,4,2,2
11/22/2020 05:00:00 PM,10,4,6
11/22/2020 06:00:00 PM,4,2,2
11/22/2020 07:00:00 PM,3,1,2
11/22/2020 08:00:00 PM,4,0,4
11/22/2020 09:00:00 PM,3,1,2
11/22/2020 10:00:00 PM,4,0,4
11/22/2020 11:00:00 PM,0,0,0
11/23/2020 12:00:00 AM,1,1,0
11/23/2020 01:00:00 AM,3,1,2
11/23/2020 02:00:00 AM,1,1,0
11/23/2020 03:00:00 AM,1,1,0
11/23/2020 04:00:00 AM,6,3,3
11/23/2020 05:00:00 AM,15,14,1
11/23/2020 06:00:00 AM,35,31,4
11/23/2020 07:00:00 AM,37,33,4
11/23/2020 08:00:00 AM,41,37,4
11/23/2020 09:00:00 AM,19,17,2
11/23/2020 10:00:00 AM,10,7,3
11/23/2020 11:00:00 AM,9,8,1
11/23/2020 12:00:00 PM,16,8,8
11/23/2020 01:00:00 PM,16,9,7
11/23/2020 02:00:00 PM,25,9,16
11/23/2020 03:00:00 PM,39,8,31
11/23/2020 04:00:00 PM,49,12,37
11/23/2020 05:00:00 PM,52,11,41
11/23/2020 06:00:00 PM,33,1,32
11/23/2020 07:00:00 PM,12,2,10
11/23/2020 08:00:00 PM,12,4,8
11/23/2020 09:00:00 PM,2,1,1
11/23/2020 10:00:00 PM,7,2,5
11/23/2020 11:00:00 PM,6,1,5
11/24/2020 12:00:00 AM,6,4,2
11/24/2020 01:00:00 AM,2,2,0
11/24/2020 02:00:00 AM,2,2,0
11/24/2020 03:00:00 AM,1,0,1
11/24/2020 04:00:00 AM,4,3,1
11/24/2020 05:00:00 AM,18,16,2
11/24/2020 06:00:00 AM,40,36,4
11/24/2020 07:00:00 AM,44,41,3
11/24/2020 08:00:00 AM,47,39,8
11/24/2020 09:00:00 AM,29,20,9
11/24/2020 10:00:00 AM,9,6,3
11/24/2020 11:00:00 AM,11,6,5
11/24/2020 12:00:00 PM,14,8,6
11/24/2020 01:00:00 PM,4,3,1
11/24/2020 02:00:00 PM,23,7,16
11/24/2020 03:00:00 PM,28,8,20
11/24/2020 04:00:00 PM,37,2,35
11/24/2020 05:00:00 PM,57,16,41
11/24/2020 06:00:00 PM,30,7,23
11/24/2020 07:00:00 PM,15,1,14
11/24/2020 08:00:00 PM,5,3,2
11/24/2020 09:00:00 PM,2,2,0
11/24/2020 10:00:00 PM,6,4,2
11/24/2020 11:00:00 PM,2,0,2
11/25/2020 12:00:00 AM,2,1,1
11/25/2020 01:00:00 AM,2,0,2
11/25/2020 02:00:00 AM,3,2,1
11/25/2020 03:00:00 AM,2,0,2
11/25/2020 04:00:00 AM,6,4,2
11/25/2020 05:00:00 AM,17,11,6
11/25/2020 06:00:00 AM,39,35,4
11/25/2020 07:00:00 AM,29,25,4
11/25/2020 08:00:00 AM,32,23,9
11/25/2020 09:00:00 AM,27,17,10
11/25/2020 10:00:00 AM,30,22,8
11/25/2020 11:00:00 AM,15,4,11
11/25/2020 12:00:00 PM,17,9,8
11/25/2020 01:00:00 PM,43,21,22
11/25/2020 02:00:00 PM,49,25,24
11/25/2020 03:00:00 PM,66,19,47
11/25/2020 04:00:00 PM,44,10,34
11/25/2020 05:00:00 PM,31,8,23
11/25/2020 06:00:00 PM,22,8,14
11/25/2020 07:00:00 PM,16,3,13
11/25/2020 08:00:00 PM,11,3,8
11/25/2020 09:00:00 PM,4,0,4
11/25/2020 10:00:00 PM,0,0,0
11/25/2020 11:00:00 PM,5,0,5
11/26/2020 12:00:00 AM,8,5,3
11/26/2020 01:00:00 AM,0,0,0
11/26/2020 02:00:00 AM,1,1,0
11/26/2020 03:00:00 AM,2,1,1
11/26/2020 04:00:00 AM,1,0,1
11/26/2020 05:00:00 AM,6,3,3
11/26/2020 06:00:00 AM,3,1,2
11/26/2020 07:00:00 AM,7,6,1
11/26/2020 08:00:00 AM,3,2,1
11/26/2020 09:00:00 AM,21,12,9
11/26/2020 10:00:00 AM,17,12,5
11/26/2020 11:00:00 AM,23,9,14
11/26/2020 12:00:00 PM,37,14,23
11/26/2020 01:00:00 PM,27,15,12
11/26/2020 02:00:00 PM,24,13,11
11/26/2020 03:00:00 PM,20,9,11
11/26/2020 04:00:00 PM,13,7,6
11/26/2020 05:00:00 PM,4,3,1
11/26/2020 06:00:00 PM,5,1,4
11/26/2020 07:00:00 PM,4,3,1
11/26/2020 08:00:00 PM,8,4,4
11/26/2020 09:00:00 PM,7,4,3
11/26/2020 10:00:00 PM,3,1,2
11/26/2020 11:00:00 PM,5,1,4
11/27/2020 12:00:00 AM,3,2,1
11/27/2020 01:00:00 AM,2,1,1
11/27/2020 02:00:00 AM,3,2,1
11/27/2020 03:00:00 AM,1,0,1
11/27/2020 04:00:00 AM,4,4,0
11/27/2020 05:00:00 AM,6,3,3
11/27/2020 06:00:00 AM,17,16,1
11/27/2020 07:00:00 AM,18,12,6
11/27/2020 08:00:00 AM,24,17,7
11/27/2020 09:00:00 AM,36,18,18
11/27/2020 10:00:00 AM,54,32,22
11/27/2020 11:00:00 AM,82,44,38
11/27/2020 12:00:00 PM,84,39,45
11/27/2020 01:00:00 PM,92,49,43
11/27/2020 02:00:00 PM,97,43,54
11/27/2020 03:00:00 PM,94,42,52
11/27/2020 04:00:00 PM,49,17,32
11/27/2020 05:00:00 PM,27,15,12
11/27/2020 06:00:00 PM,19,4,15
11/27/2020 07:00:00 PM,9,5,4
11/27/2020 08:00:00 PM,4,1,3
11/27/2020 09:00:00 PM,7,3,4
11/27/2020 10:00:00 PM,5,2,3
11/27/2020 11:00:00 PM,4,1,3
11/28/2020 12:00:00 AM,5,0,5
11/28/2020 01:00:00 AM,1,0,1
11/28/2020 02:00:00 AM,4,3,1
11/28/2020 03:00:00 AM,3,2,1
11/28/2020 04:00:00 AM,2,2,0
11/28/2020 05:00:00 AM,8,6,2
11/28/2020 06:00:00 AM,6,4,2
11/28/2020 07:00:00 AM,7,6,1
11/28/2020 08:00:00 AM,17,9,8
11/28/2020 09:00:00 AM,17,9,8
11/28/2020 10:00:00 AM,20,16,4
11/28/2020 11:00:00 AM,31,17,14
11/28/2020 12:00:00 PM,23,13,10
11/28/2020 01:00:00 PM,32,18,14
11/28/2020 02:00:00 PM,32,16,16
11/28/2020 03:00:00 PM,37,19,18
11/28/2020 04:00:00 PM,33,9,24
11/28/2020 05:00:00 PM,25,15,10
11/28/2020 06:00:00 PM,14,7,7
11/28/2020 07:00:00 PM,6,1,5
11/28/2020 08:00:00 PM,12,3,9
11/28/2020 09:00:00 PM,8,3,5
11/28/2020 10:00:00 PM,6,4,2
11/28/2020 11:00:00 PM,10,7,3
11/29/2020 12:00:00 AM,0,0,0
11/29/2020 01:00:00 AM,3,3,0
11/29/2020 02:00:00 AM,3,1,2
11/29/2020 03:00:00 AM,2,2,0
11/29/2020 04:00:00 AM,1,1,0
11/29/2020 05:00:00 AM,3,2,1
11/29/2020 06:00:00 AM,7,5,2
11/29/2020 07:00:00 AM,10,7,3
11/29/2020 08:00:00 AM,19,13,6
11/29/2020 09:00:00 AM,20,11,9
11/29/2020 10:00:00 AM,34,17,17
11/29/2020 11:00:00 AM,54,25,29
11/29/2020 12:00:00 PM,52,27,25
11/29/2020 01:00:00 PM,77,43,34
11/29/2020 02:00:00 PM,89,44,45
11/29/2020 03:00:00 PM,70,33,37
11/29/2020 04:00:00 PM,46,23,23
11/29/2020 05:00:00 PM,18,9,9
11/29/2020 06:00:00 PM,11,4,7
11/29/2020 07:00:00 PM,4,1,3
11/29/2020 08:00:00 PM,5,0,5
11/29/2020 09:00:00 PM,3,3,0
11/29/2020 10:00:00 PM,4,1,3
11/29/2020 11:00:00 PM,1,1,0
11/30/2020 12:00:00 AM,3,2,1
11/30/2020 01:00:00 AM,1,0,1
11/30/2020 02:00:00 AM,1,0,1
11/30/2020 03:00:00 AM,2,2,0
11/30/2020 04:00:00 AM,3,3,0
11/30/2020 05:00:00 AM,20,17,3
11/30/2020 06:00:00 AM,29,27,2
11/30/2020 07:00:00 AM,36,32,4
11/30/2020 08:00:00 AM,29,27,2
11/30/2020 09:00:00 AM,10,10,0
11/30/2020 10:00:00 AM,24,18,6
11/30/2020 11:00:00 AM,28,17,11
11/30/2020 12:00:00 PM,28,18,10
11/30/2020 01:00:00 PM,42,24,18
11/30/2020 02:00:00 PM,52,18,34
11/30/2020 03:00:00 PM,55,18,37
11/30/2020 04:00:00 PM,63,15,48
11/30/2020 05:00:00 PM,60,16,44
11/30/2020 06:00:00 PM,24,1,23
11/30/2020 07:00:00 PM,9,1,8
11/30/2020 08:00:00 PM,11,3,8
11/30/2020 09:00:00 PM,1,1,0
11/30/2020 10:00:00 PM,3,0,3
11/30/2020 11:00:00 PM,4,2,2
05/21/2017 02:00:00 PM,90,52,38
05/21/2017 03:00:00 PM,68,35,33
05/21/2017 04:00:00 PM,67,29,38
05/21/2017 05:00:00 PM,70,41,29
05/21/2017 06:00:00 PM,34,22,12
05/21/2017 07:00:00 PM,33,20,13
05/21/2017 08:00:00 PM,13,5,8
05/21/2017 09:00:00 PM,14,4,10
05/21/2017 10:00:00 PM,13,6,7
05/21/2017 11:00:00 PM,3,3,0
05/22/2017 12:00:00 AM,1,1,0
05/22/2017 01:00:00 AM,0,0,0
05/22/2017 02:00:00 AM,0,0,0
05/22/2017 03:00:00 AM,0,0,0
05/22/2017 04:00:00 AM,7,4,3
05/22/2017 05:00:00 AM,29,4,25
05/22/2017 06:00:00 AM,101,17,84
05/22/2017 07:00:00 AM,204,15,189
05/22/2017 08:00:00 AM,187,15,172
05/22/2017 09:00:00 AM,62,13,49
05/22/2017 10:00:00 AM,32,7,25
05/22/2017 11:00:00 AM,37,18,19
05/22/2017 12:00:00 PM,30,13,17
05/22/2017 01:00:00 PM,37,16,21
05/22/2017 02:00:00 PM,43,23,20
05/22/2017 03:00:00 PM,67,47,20
05/22/2017 04:00:00 PM,173,145,28
05/22/2017 05:00:00 PM,272,227,45
05/22/2017 06:00:00 PM,131,108,23
05/22/2017 07:00:00 PM,73,60,13
05/22/2017 08:00:00 PM,30,15,15
05/22/2017 09:00:00 PM,24,9,15
05/22/2017 10:00:00 PM,5,4,1
05/22/2017 11:00:00 PM,3,2,1
05/23/2017 12:00:00 AM,5,3,2
05/23/2017 01:00:00 AM,2,0,2
05/23/2017 02:00:00 AM,1,1,0
05/23/2017 03:00:00 AM,4,3,1
05/23/2017 04:00:00 AM,6,2,4
05/23/2017 05:00:00 AM,43,5,38
05/23/2017 06:00:00 AM,111,18,93
05/23/2017 07:00:00 AM,223,22,201
05/23/2017 08:00:00 AM,215,28,187
05/23/2017 09:00:00 AM,69,10,59
05/23/2017 10:00:00 AM,40,18,22
05/23/2017 11:00:00 AM,22,12,10
05/23/2017 12:00:00 PM,24,5,19
05/23/2017 01:00:00 PM,36,21,15
05/23/2017 02:00:00 PM,34,22,12
05/23/2017 03:00:00 PM,93,64,29
05/23/2017 04:00:00 PM,154,117,37
05/23/2017 05:00:00 PM,302,258,44
05/23/2017 06:00:00 PM,157,130,27
05/23/2017 07:00:00 PM,53,40,13
05/23/2017 08:00:00 PM,32,21,11
05/23/2017 09:00:00 PM,26,22,4
05/23/2017 10:00:00 PM,7,7,0
05/23/2017 11:00:00 PM,6,3,3
05/24/2017 12:00:00 AM,2,0,2
05/24/2017 01:00:00 AM,3,0,3
05/24/2017 02:00:00 AM,2,1,1
05/24/2017 03:00:00 AM,1,0,1
05/24/2017 04:00:00 AM,9,2,7
05/24/2017 05:00:00 AM,40,8,32
05/24/2017 06:00:00 AM,93,16,77
05/24/2017 07:00:00 AM,203,22,181
05/24/2017 08:00:00 AM,151,20,131
05/24/2017 09:00:00 AM,60,12,48
05/24/2017 10:00:00 AM,40,11,29
05/24/2017 11:00:00 AM,17,8,9
05/24/2017 12:00:00 PM,32,13,19
05/24/2017 01:00:00 PM,24,13,11
05/24/2017 02:00:00 PM,30,18,12
05/24/2017 03:00:00 PM,55,36,19
05/24/2017 04:00:00 PM,115,96,19
05/24/2017 05:00:00 PM,220,199,21
05/24/2017 06:00:00 PM,120,104,16
05/24/2017 07:00:00 PM,51,39,12
05/24/2017 08:00:00 PM,27,19,8
05/24/2017 09:00:00 PM,20,14,6
05/24/2017 10:00:00 PM,11,5,6
05/24/2017 11:00:00 PM,2,1,1
05/25/2017 12:00:00 AM,2,0,2
05/25/2017 01:00:00 AM,3,1,2
05/25/2017 02:00:00 AM,0,0,0
05/25/2017 03:00:00 AM,1,1,0
05/25/2017 04:00:00 AM,7,3,4
05/25/2017 05:00:00 AM,30,4,26
05/25/2017 06:00:00 AM,93,17,76
05/25/2017 07:00:00 AM,183,25,158
05/25/2017 08:00:00 AM,191,16,175
05/25/2017 09:00:00 AM,67,8,59
05/25/2017 10:00:00 AM,29,9,20
05/25/2017 11:00:00 AM,24,13,11
05/25/2017 12:00:00 PM,22,11,11
05/25/2017 01:00:00 PM,30,17,13
05/25/2017 02:00:00 PM,40,25,15
05/25/2017 03:00:00 PM,84,67,17
05/25/2017 04:00:00 PM,134,101,33
05/25/2017 05:00:00 PM,249,199,50
05/25/2017 06:00:00 PM,141,126,15
05/25/2017 07:00:00 PM,93,64,29
05/25/2017 08:00:00 PM,34,19,15
05/25/2017 09:00:00 PM,21,15,6
05/25/2017 10:00:00 PM,8,5,3
05/25/2017 11:00:00 PM,6,4,2
05/26/2017 12:00:00 AM,2,2,0
05/26/2017 01:00:00 AM,6,4,2
05/26/2017 02:00:00 AM,2,1,1
05/26/2017 03:00:00 AM,1,1,0
05/26/2017 04:00:00 AM,2,1,1
05/26/2017 05:00:00 AM,27,3,24
05/26/2017 06:00:00 AM,76,15,61
05/26/2017 07:00:00 AM,168,15,153
05/26/2017 08:00:00 AM,144,21,123
05/26/2017 09:00:00 AM,63,11,52
05/26/2017 10:00:00 AM,38,14,24
05/26/2017 11:00:00 AM,31,15,16
05/26/2017 12:00:00 PM,54,28,26
05/26/2017 01:00:00 PM,57,34,23
05/26/2017 02:00:00 PM,74,55,19
05/26/2017 03:00:00 PM,106,79,27
05/26/2017 04:00:00 PM,139,111,28
05/26/2017 05:00:00 PM,147,118,29
05/26/2017 06:00:00 PM,76,63,13
05/26/2017 07:00:00 PM,39,29,10
05/26/2017 08:00:00 PM,37,24,13
05/26/2017 09:00:00 PM,22,13,9
05/26/2017 10:00:00 PM,14,8,6
05/26/2017 11:00:00 PM,5,3,2
05/27/2017 12:00:00 AM,2,0,2
05/27/2017 01:00:00 AM,1,0,1
05/27/2017 02:00:00 AM,3,3,0
05/27/2017 03:00:00 AM,0,0,0
05/27/2017 04:00:00 AM,1,0,1
05/27/2017 05:00:00 AM,6,0,6
05/27/2017 06:00:00 AM,9,4,5
05/27/2017 07:00:00 AM,23,8,15
05/27/2017 08:00:00 AM,50,24,26
05/27/2017 09:00:00 AM,77,38,39
05/27/2017 10:00:00 AM,85,26,59
05/27/2017 11:00:00 AM,83,41,42
05/27/2017 12:00:00 PM,66,38,28
05/27/2017 01:00:00 PM,63,29,34
05/27/2017 02:00:00 PM,74,49,25
05/27/2017 03:00:00 PM,63,29,34
05/27/2017 04:00:00 PM,70,40,30
05/27/2017 05:00:00 PM,53,33,20
05/27/2017 06:00:00 PM,31,21,10
05/27/2017 07:00:00 PM,40,23,17
05/27/2017 08:00:00 PM,18,11,7
05/27/2017 09:00:00 PM,21,12,9
05/27/2017 10:00:00 PM,11,4,7
05/27/2017 11:00:00 PM,7,3,4
05/28/2017 12:00:00 AM,8,4,4
05/28/2017 01:00:00 AM,5,2,3
05/28/2017 02:00:00 AM,2,1,1
05/28/2017 03:00:00 AM,3,1,2
05/28/2017 04:00:00 AM,4,1,3
05/28/2017 05:00:00 AM,42,3,39
05/28/2017 06:00:00 AM,101,4,97
05/28/2017 07:00:00 AM,34,5,29
05/28/2017 08:00:00 AM,62,40,22
05/28/2017 09:00:00 AM,117,96,21
05/28/2017 10:00:00 AM,124,88,36
05/28/2017 11:00:00 AM,100,64,36
05/28/2017 12:00:00 PM,92,43,49
05/28/2017 01:00:00 PM,58,34,24
05/28/2017 02:00:00 PM,84,38,46
05/28/2017 03:00:00 PM,73,30,43
05/28/2017 04:00:00 PM,52,27,25
05/28/2017 05:00:00 PM,49,20,29
05/28/2017 06:00:00 PM,41,17,24
05/28/2017 07:00:00 PM,36,20,16
05/28/2017 08:00:00 PM,8,1,7
05/28/2017 09:00:00 PM,8,5,3
05/28/2017 10:00:00 PM,8,4,4
05/28/2017 11:00:00 PM,3,0,3
05/29/2017 12:00:00 AM,11,6,5
05/29/2017 01:00:00 AM,1,0,1
05/29/2017 02:00:00 AM,0,0,0
05/29/2017 03:00:00 AM,2,1,1
05/29/2017 04:00:00 AM,3,1,2
05/29/2017 05:00:00 AM,7,2,5
05/29/2017 06:00:00 AM,5,0,5
05/29/2017 07:00:00 AM,17,5,12
05/29/2017 08:00:00 AM,27,13,14
05/29/2017 09:00:00 AM,44,20,24
05/29/2017 10:00:00 AM,49,33,16
05/29/2017 11:00:00 AM,52,23,29
05/29/2017 12:00:00 PM,67,36,31
05/29/2017 01:00:00 PM,90,56,34
05/29/2017 02:00:00 PM,84,41,43
05/29/2017 03:00:00 PM,75,40,35
05/29/2017 04:00:00 PM,75,35,40
05/29/2017 05:00:00 PM,42,19,23
05/29/2017 06:00:00 PM,50,25,25
05/29/2017 07:00:00 PM,35,18,17
05/29/2017 08:00:00 PM,15,7,8
05/29/2017 09:00:00 PM,12,5,7
05/29/2017 10:00:00 PM,7,4,3
05/29/2017 11:00:00 PM,2,2,0
05/30/2017 12:00:00 AM,2,1,1
05/30/2017 01:00:00 AM,1,1,0
05/30/2017 02:00:00 AM,1,0,1
05/30/2017 03:00:00 AM,0,0,0
05/30/2017 04:00:00 AM,6,3,3
05/30/2017 05:00:00 AM,23,2,21
05/30/2017 06:00:00 AM,74,11,63
05/30/2017 07:00:00 AM,158,7,151
05/30/2017 08:00:00 AM,152,15,137
05/30/2017 09:00:00 AM,51,4,47
05/30/2017 10:00:00 AM,20,3,17
05/30/2017 11:00:00 AM,14,5,9
05/30/2017 12:00:00 PM,13,4,9
05/30/2017 01:00:00 PM,20,9,11
05/30/2017 02:00:00 PM,16,14,2
05/30/2017 03:00:00 PM,33,30,3
05/30/2017 04:00:00 PM,83,73,10
05/30/2017 05:00:00 PM,179,159,20
05/30/2017 06:00:00 PM,93,85,8
05/30/2017 07:00:00 PM,43,37,6
05/30/2017 08:00:00 PM,18,15,3
05/30/2017 09:00:00 PM,11,8,3
05/30/2017 10:00:00 PM,5,4,1
05/30/2017 11:00:00 PM,3,1,2
05/31/2017 12:00:00 AM,2,0,2
05/31/2017 01:00:00 AM,1,1,0
05/31/2017 02:00:00 AM,1,1,0
05/31/2017 03:00:00 AM,2,2,0
05/31/2017 04:00:00 AM,7,2,5
05/31/2017 05:00:00 AM,25,5,20
05/31/2017 06:00:00 AM,86,10,76
05/31/2017 07:00:00 AM,192,23,169
05/31/2017 08:00:00 AM,159,15,144
05/31/2017 09:00:00 AM,66,12,54
05/31/2017 10:00:00 AM,30,5,25
05/31/2017 11:00:00 AM,22,9,13
05/31/2017 12:00:00 PM,25,12,13
05/31/2017 01:00:00 PM,28,11,17
05/31/2017 02:00:00 PM,28,14,14
05/31/2017 03:00:00 PM,54,41,13
05/31/2017 04:00:00 PM,137,117,20
05/31/2017 05:00:00 PM,227,200,27
05/31/2017 06:00:00 PM,135,114,21
05/31/2017 07:00:00 PM,49,39,10
05/31/2017 08:00:00 PM,26,22,4
05/31/2017 09:00:00 PM,9,8,1
05/31/2017 10:00:00 PM,10,9,1
05/31/2017 11:00:00 PM,2,2,0
06/01/2017 12:00:00 AM,3,2,1
06/01/2017 01:00:00 AM,1,1,0
06/01/2017 02:00:00 AM,3,2,1
06/01/2017 03:00:00 AM,1,0,1
06/01/2017 04:00:00 AM,4,0,4
06/01/2017 05:00:00 AM,28,3,25
06/01/2017 06:00:00 AM,85,17,68
06/01/2017 07:00:00 AM,140,14,126
06/01/2017 08:00:00 AM,135,13,122
06/01/2017 09:00:00 AM,58,11,47
06/01/2017 10:00:00 AM,31,10,21
06/01/2017 11:00:00 AM,23,7,16
06/01/2017 12:00:00 PM,25,7,18
06/01/2017 01:00:00 PM,21,9,12
06/01/2017 02:00:00 PM,35,20,15
06/01/2017 03:00:00 PM,44,30,14
06/01/2017 04:00:00 PM,98,85,13
06/01/2017 05:00:00 PM,179,161,18
01/01/2014 12:00:00 AM,0,0,0
01/01/2014 01:00:00 AM,3,3,0
01/01/2014 02:00:00 AM,6,5,1
01/01/2014 03:00:00 AM,7,6,1
01/01/2014 04:00:00 AM,0,0,0
01/01/2014 05:00:00 AM,6,5,1
01/01/2014 06:00:00 AM,1,1,0
01/01/2014 07:00:00 AM,2,0,2
01/01/2014 08:00:00 AM,7,1,6
01/01/2014 09:00:00 AM,6,2,4
01/01/2014 10:00:00 AM,17,6,11
01/01/2014 11:00:00 AM,35,18,17
01/01/2014 12:00:00 PM,28,12,16
01/01/2014 01:00:00 PM,24,12,12
01/01/2014 02:00:00 PM,40,18,22
01/01/2014 03:00:00 PM,29,15,14
01/01/2014 04:00:00 PM,20,9,11
01/01/2014 05:00:00 PM,10,5,5
01/01/2014 06:00:00 PM,1,1,0
01/01/2014 07:00:00 PM,1,0,1
01/01/2014 08:00:00 PM,0,0,0
01/01/2014 09:00:00 PM,0,0,0
01/01/2014 10:00:00 PM,3,2,1
01/01/2014 11:00:00 PM,0,0,0
01/02/2014 12:00:00 AM,1,1,0
01/02/2014 01:00:00 AM,2,1,1
01/02/2014 02:00:00 AM,0,0,0
01/02/2014 03:00:00 AM,1,0,1
01/02/2014 04:00:00 AM,2,0,2
01/02/2014 05:00:00 AM,10,1,9
01/02/2014 06:00:00 AM,37,8,29
01/02/2014 07:00:00 AM,59,10,49
01/02/2014 08:00:00 AM,76,9,67
01/02/2014 09:00:00 AM,30,2,28
01/02/2014 10:00:00 AM,5,0,5
01/02/2014 11:00:00 AM,11,4,7
01/02/2014 12:00:00 PM,13,1,12
01/02/2014 01:00:00 PM,19,9,10
01/02/2014 02:00:00 PM,16,10,6
01/02/2014 03:00:00 PM,23,20,3
01/02/2014 04:00:00 PM,38,27,11
01/02/2014 05:00:00 PM,76,64,12
01/02/2014 06:00:00 PM,41,38,3
01/02/2014 07:00:00 PM,24,21,3
01/02/2014 08:00:00 PM,3,2,1
01/02/2014 09:00:00 PM,3,2,1
01/02/2014 10:00:00 PM,3,2,1
01/02/2014 11:00:00 PM,3,1,2
01/03/2014 12:00:00 AM,8,0,8
01/03/2014 01:00:00 AM,1,1,0
01/03/2014 02:00:00 AM,0,0,0
01/03/2014 03:00:00 AM,0,0,0
01/03/2014 04:00:00 AM,2,0,2
01/03/2014 05:00:00 AM,15,3,12
01/03/2014 06:00:00 AM,34,3,31
01/03/2014 07:00:00 AM,48,9,39
01/03/2014 08:00:00 AM,69,8,61
01/03/2014 09:00:00 AM,32,4,28
01/03/2014 10:00:00 AM,11,4,7
01/03/2014 11:00:00 AM,8,3,5
01/03/2014 12:00:00 PM,16,7,9
01/03/2014 01:00:00 PM,23,11,12
01/03/2014 02:00:00 PM,28,11,17
01/03/2014 03:00:00 PM,37,22,15
01/03/2014 04:00:00 PM,51,40,11
01/03/2014 05:00:00 PM,67,58,9
01/03/2014 06:00:00 PM,27,26,1
01/03/2014 07:00:00 PM,11,9,2
01/03/2014 08:00:00 PM,8,8,0
01/03/2014 09:00:00 PM,3,3,0
01/03/2014 10:00:00 PM,9,7,2
01/03/2014 11:00:00 PM,2,1,1
01/04/2014 12:00:00 AM,0,0,0
01/04/2014 01:00:00 AM,1,1,0
01/04/2014 02:00:00 AM,4,2,2
01/04/2014 03:00:00 AM,0,0,0
01/04/2014 04:00:00 AM,1,1,0
01/04/2014 05:00:00 AM,6,0,6
01/04/2014 06:00:00 AM,5,1,4
01/04/2014 07:00:00 AM,2,0,2
01/04/2014 08:00:00 AM,13,2,11
01/04/2014 09:00:00 AM,14,5,9
01/04/2014 10:00:00 AM,37,28,9
01/04/2014 11:00:00 AM,43,29,14
01/04/2014 12:00:00 PM,45,18,27
01/04/2014 01:00:00 PM,85,23,62
01/04/2014 02:00:00 PM,51,22,29
01/04/2014 03:00:00 PM,46,33,13
01/04/2014 04:00:00 PM,32,10,22
01/04/2014 05:00:00 PM,15,9,6
01/04/2014 06:00:00 PM,5,2,3
01/04/2014 07:00:00 PM,4,0,4
01/04/2014 08:00:00 PM,1,1,0
01/04/2014 09:00:00 PM,5,1,4
01/04/2014 10:00:00 PM,3,2,1
01/04/2014 11:00:00 PM,2,0,2
01/05/2014 12:00:00 AM,1,1,0
01/05/2014 01:00:00 AM,0,0,0
01/05/2014 02:00:00 AM,1,1,0
01/05/2014 03:00:00 AM,1,1,0
01/05/2014 04:00:00 AM,0,0,0
01/05/2014 05:00:00 AM,3,1,2
01/05/2014 06:00:00 AM,1,1,0
01/05/2014 07:00:00 AM,5,4,1
01/05/2014 08:00:00 AM,5,0,5
01/05/2014 09:00:00 AM,7,3,4
01/05/2014 10:00:00 AM,23,10,13
01/05/2014 11:00:00 AM,28,8,20
01/05/2014 12:00:00 PM,33,20,13
01/05/2014 01:00:00 PM,50,28,22
01/05/2014 02:00:00 PM,50,26,24
01/05/2014 03:00:00 PM,41,19,22
01/05/2014 04:00:00 PM,22,11,11
01/05/2014 05:00:00 PM,7,2,5
01/05/2014 06:00:00 PM,4,3,1
01/05/2014 07:00:00 PM,5,4,1
01/05/2014 08:00:00 PM,1,1,0
01/05/2014 09:00:00 PM,0,0,0
01/05/2014 10:00:00 PM,1,0,1
01/05/2014 11:00:00 PM,0,0,0
01/06/2014 12:00:00 AM,0,0,0
01/06/2014 01:00:00 AM,1,1,0
01/06/2014 02:00:00 AM,0,0,0
01/06/2014 03:00:00 AM,3,3,0
01/06/2014 04:00:00 AM,4,1,3
01/06/2014 05:00:00 AM,18,5,13
01/06/2014 06:00:00 AM,54,7,47
01/06/2014 07:00:00 AM,72,13,59
01/06/2014 08:00:00 AM,67,3,64
01/06/2014 09:00:00 AM,32,4,28
01/06/2014 10:00:00 AM,15,2,13
01/06/2014 11:00:00 AM,12,6,6
01/06/2014 12:00:00 PM,3,0,3
01/06/2014 01:00:00 PM,12,2,10
01/06/2014 02:00:00 PM,17,11,6
01/06/2014 03:00:00 PM,32,23,9
01/06/2014 04:00:00 PM,60,42,18
01/06/2014 05:00:00 PM,95,78,17
01/06/2014 06:00:00 PM,57,50,7
01/06/2014 07:00:00 PM,12,11,1
01/06/2014 08:00:00 PM,10,8,2
01/06/2014 09:00:00 PM,4,4,0
01/06/2014 10:00:00 PM,2,2,0
01/06/2014 11:00:00 PM,1,1,0
01/07/2014 12:00:00 AM,2,2,0
01/07/2014 01:00:00 AM,0,0,0
01/07/2014 02:00:00 AM,1,1,0
01/07/2014 03:00:00 AM,0,0,0
01/07/2014 04:00:00 AM,3,0,3
01/07/2014 05:00:00 AM,18,3,15
01/07/2014 06:00:00 AM,47,10,37
01/07/2014 07:00:00 AM,71,12,59
01/07/2014 08:00:00 AM,83,4,79
01/07/2014 09:00:00 AM,28,4,24
01/07/2014 10:00:00 AM,14,0,14
01/07/2014 11:00:00 AM,7,5,2
01/07/2014 12:00:00 PM,7,3,4
01/07/2014 01:00:00 PM,11,5,6
01/07/2014 02:00:00 PM,9,7,2
01/07/2014 03:00:00 PM,24,16,8
01/07/2014 04:00:00 PM,49,31,18
01/07/2014 05:00:00 PM,82,70,12
01/07/2014 06:00:00 PM,52,46,6
01/07/2014 07:00:00 PM,15,14,1
01/07/2014 08:00:00 PM,14,13,1
01/07/2014 09:00:00 PM,2,2,0
01/07/2014 10:00:00 PM,0,0,0
01/07/2014 11:00:00 PM,2,2,0
01/08/2014 12:00:00 AM,2,2,0
01/08/2014 01:00:00 AM,0,0,0
01/08/2014 02:00:00 AM,1,1,0
01/08/2014 03:00:00 AM,0,0,0
01/08/2014 04:00:00 AM,3,0,3
01/08/2014 05:00:00 AM,16,3,13
01/08/2014 06:00:00 AM,47,9,38
01/08/2014 07:00:00 AM,60,11,49
01/08/2014 08:00:00 AM,86,7,79
01/08/2014 09:00:00 AM,29,3,26
01/08/2014 10:00:00 AM,13,3,10
01/08/2014 11:00:00 AM,5,1,4
01/08/2014 12:00:00 PM,9,5,4
01/08/2014 01:00:00 PM,16,6,10
01/08/2014 02:00:00 PM,11,6,5
01/08/2014 03:00:00 PM,20,19,1
01/08/2014 04:00:00 PM,57,44,13
01/08/2014 05:00:00 PM,62,52,10
01/08/2014 06:00:00 PM,43,37,6
01/08/2014 07:00:00 PM,16,13,3
01/08/2014 08:00:00 PM,8,8,0
01/08/2014 09:00:00 PM,6,5,1
01/08/2014 10:00:00 PM,6,5,1
01/08/2014 11:00:00 PM,5,4,1
01/09/2014 12:00:00 AM,2,2,0
01/09/2014 01:00:00 AM,0,0,0
01/09/2014 02:00:00 AM,1,0,1
01/09/2014 03:00:00 AM,0,0,0
01/09/2014 04:00:00 AM,4,1,3
01/09/2014 05:00:00 AM,17,3,14
01/09/2014 06:00:00 AM,42,10,32
01/09/2014 07:00:00 AM,72,9,63
01/09/2014 08:00:00 AM,63,3,60
01/09/2014 09:00:00 AM,42,0,42
01/09/2014 10:00:00 AM,13,1,12
01/09/2014 11:00:00 AM,9,2,7
01/09/2014 12:00:00 PM,12,6,6
01/09/2014 01:00:00 PM,12,6,6
01/09/2014 02:00:00 PM,13,10,3
01/09/2014 03:00:00 PM,21,16,5
01/09/2014 04:00:00 PM,41,28,13
01/09/2014 05:00:00 PM,84,71,13
01/09/2014 06:00:00 PM,51,48,3
01/09/2014 07:00:00 PM,19,13,6
01/09/2014 08:00:00 PM,12,12,0
01/09/2014 09:00:00 PM,8,6,2
01/09/2014 10:00:00 PM,2,1,1
01/09/2014 11:00:00 PM,3,1,2
01/10/2014 12:00:00 AM,2,2,0
01/10/2014 01:00:00 AM,1,1,0
01/10/2014 02:00:00 AM,1,1,0
01/10/2014 03:00:00 AM,3,3,0
01/10/2014 04:00:00 AM,3,1,2
01/10/2014 05:00:00 AM,11,3,8
01/10/2014 06:00:00 AM,30,6,24
01/10/2014 07:00:00 AM,64,13,51
01/10/2014 08:00:00 AM,51,3,48
01/10/2014 09:00:00 AM,30,7,23
01/10/2014 10:00:00 AM,11,0,11
01/10/2014 11:00:00 AM,5,1,4
01/10/2014 12:00:00 PM,8,3,5
01/10/2014 01:00:00 PM,6,4,2
01/10/2014 02:00:00 PM,10,6,4
01/10/2014 03:00:00 PM,25,21,4
01/10/2014 04:00:00 PM,30,20,10
01/10/2014 05:00:00 PM,60,50,10
01/10/2014 06:00:00 PM,39,32,7
01/10/2014 07:00:00 PM,12,11,1
01/10/2014 08:00:00 PM,2,2,0
01/10/2014 09:00:00 PM,1,1,0
01/10/2014 10:00:00 PM,4,4,0
01/10/2014 11:00:00 PM,3,2,1
01/11/2014 12:00:00 AM,0,0,0
01/11/2014 01:00:00 AM,1,1,0
01/11/2014 02:00:00 AM,1,1,0
01/11/2014 03:00:00 AM,3,2,1
01/11/2014 04:00:00 AM,0,0,0
01/11/2014 05:00:00 AM,1,0,1
01/11/2014 06:00:00 AM,2,1,1
01/11/2014 07:00:00 AM,2,1,1
01/11/2014 08:00:00 AM,6,1,5
01/11/2014 09:00:00 AM,15,7,8
01/11/2014 10:00:00 AM,8,2,6
01/11/2014 11:00:00 AM,11,6,5
01/11/2014 12:00:00 PM,5,1,4
01/11/2014 01:00:00 PM,5,0,5
01/11/2014 02:00:00 PM,3,1,2
01/11/2014 03:00:00 PM,3,2,1
01/11/2014 04:00:00 PM,5,1,4
01/11/2014 05:00:00 PM,3,2,1
01/11/2014 06:00:00 PM,4,3,1
01/11/2014 07:00:00 PM,1,0,1
01/11/2014 08:00:00 PM,2,1,1
01/11/2014 09:00:00 PM,2,2,0
01/11/2014 10:00:00 PM,2,2,0
01/11/2014 11:00:00 PM,1,1,0
01/12/2014 12:00:00 AM,0,0,0
01/12/2014 01:00:00 AM,0,0,0
01/12/2014 02:00:00 AM,1,1,0
01/12/2014 03:00:00 AM,0,0,0
01/12/2014 04:00:00 AM,0,0,0
01/12/2014 05:00:00 AM,3,1,2
01/12/2014 06:00:00 AM,3,1,2
01/12/2014 07:00:00 AM,0,0,0
01/12/2014 08:00:00 AM,6,0,6
01/12/2014 09:00:00 AM,4,2,2
01/12/2014 10:00:00 AM,11,6,5
01/12/2014 11:00:00 AM,9,2,7
01/12/2014 12:00:00 PM,11,3,8
01/12/2014 01:00:00 PM,8,5,3
01/12/2014 02:00:00 PM,8,5,3
01/12/2014 03:00:00 PM,14,9,5
01/12/2014 04:00:00 PM,11,5,6
01/12/2014 05:00:00 PM,8,4,4
01/12/2014 06:00:00 PM,5,3,2
01/12/2014 07:00:00 PM,2,1,1
01/12/2014 08:00:00 PM,1,1,0
01/12/2014 09:00:00 PM,0,0,0
01/12/2014 10:00:00 PM,0,0,0
01/12/2014 11:00:00 PM,1,1,0
01/13/2014 12:00:00 AM,0,0,0
01/13/2014 01:00:00 AM,1,1,0
01/13/2014 02:00:00 AM,2,0,2
01/13/2014 03:00:00 AM,4,4,0
01/13/2014 04:00:00 AM,4,0,4
01/13/2014 05:00:00 AM,19,3,16
01/13/2014 06:00:00 AM,37,7,30
01/13/2014 07:00:00 AM,75,9,66
01/13/2014 08:00:00 AM,75,8,67
01/13/2014 09:00:00 AM,38,6,32
01/13/2014 10:00:00 AM,27,4,23
01/13/2014 11:00:00 AM,12,3,9
01/13/2014 12:00:00 PM,15,6,9
01/13/2014 01:00:00 PM,16,3,13
01/13/2014 02:00:00 PM,15,11,4
01/13/2014 03:00:00 PM,25,18,7
01/13/2014 04:00:00 PM,54,41,13
01/13/2014 05:00:00 PM,93,81,12
01/13/2014 06:00:00 PM,73,65,8
01/13/2014 07:00:00 PM,20,15,5
01/13/2014 08:00:00 PM,16,14,2
01/13/2014 09:00:00 PM,6,4,2
01/13/2014 10:00:00 PM,3,2,1
01/13/2014 11:00:00 PM,3,2,1
01/14/2014 12:00:00 AM,3,1,2
01/14/2014 01:00:00 AM,1,0,1
01/14/2014 02:00:00 AM,1,0,1
01/14/2014 03:00:00 AM,1,0,1
01/14/2014 04:00:00 AM,5,1,4
01/14/2014 05:00:00 AM,28,5,23
01/14/2014 06:00:00 AM,66,13,53
01/14/2014 07:00:00 AM,101,15,86
01/14/2014 08:00:00 AM,98,6,92
01/14/2014 09:00:00 AM,33,7,26
01/14/2014 10:00:00 AM,21,6,15
01/14/2014 11:00:00 AM,18,5,13
01/14/2014 12:00:00 PM,12,6,6
01/14/2014 01:00:00 PM,17,9,8
01/14/2014 02:00:00 PM,28,19,9
01/14/2014 03:00:00 PM,30,27,3
01/14/2014 04:00:00 PM,81,59,22
01/14/2014 05:00:00 PM,104,89,15
01/14/2014 06:00:00 PM,70,57,13
01/14/2014 07:00:00 PM,22,18,4
01/14/2014 08:00:00 PM,9,6,3
01/14/2014 09:00:00 PM,10,9,1
01/14/2014 10:00:00 PM,5,4,1
01/14/2014 11:00:00 PM,3,3,0
01/15/2014 12:00:00 AM,3,2,1
01/15/2014 01:00:00 AM,0,0,0
01/15/2014 02:00:00 AM,2,2,0
01/15/2014 03:00:00 AM,2,2,0
01/15/2014 04:00:00 AM,7,0,7
01/15/2014 05:00:00 AM,25,7,18
01/15/2014 06:00:00 AM,59,11,48
01/15/2014 07:00:00 AM,73,10,63
01/15/2014 08:00:00 AM,111,12,99
01/15/2014 09:00:00 AM,36,5,31
01/15/2014 10:00:00 AM,21,6,15
01/15/2014 11:00:00 AM,27,13,14
01/15/2014 12:00:00 PM,20,7,13
01/15/2014 01:00:00 PM,27,14,13
01/15/2014 02:00:00 PM,22,11,11
01/15/2014 03:00:00 PM,32,25,7
01/15/2014 04:00:00 PM,73,55,18
01/15/2014 05:00:00 PM,85,72,13
01/15/2014 06:00:00 PM,80,70,10
01/15/2014 07:00:00 PM,47,38,9
01/15/2014 08:00:00 PM,27,16,11
01/15/2014 09:00:00 PM,8,8,0
01/15/2014 10:00:00 PM,8,5,3
01/15/2014 11:00:00 PM,2,1,1
01/16/2014 12:00:00 AM,0,0,0
01/16/2014 01:00:00 AM,0,0,0
01/16/2014 02:00:00 AM,1,1,0
01/16/2014 03:00:00 AM,1,1,0
01/16/2014 04:00:00 AM,4,0,4
01/16/2014 05:00:00 AM,13,4,9
01/16/2014 06:00:00 AM,56,8,48
01/16/2014 07:00:00 AM,97,13,84
01/16/2014 08:00:00 AM,91,4,87
01/16/2014 09:00:00 AM,51,9,42
01/16/2014 10:00:00 AM,10,2,8
01/16/2014 11:00:00 AM,12,6,6
01/16/2014 12:00:00 PM,20,7,13
01/16/2014 01:00:00 PM,19,7,12
01/16/2014 02:00:00 PM,18,11,7
01/16/2014 03:00:00 PM,31,21,10
01/16/2014 04:00:00 PM,61,44,17
01/16/2014 05:00:00 PM,115,95,20
01/16/2014 06:00:00 PM,57,46,11
01/16/2014 07:00:00 PM,36,26,10
01/16/2014 08:00:00 PM,16,12,4
01/16/2014 09:00:00 PM,9,5,4
01/16/2014 10:00:00 PM,7,7,0
01/16/2014 11:00:00 PM,5,4,1
01/17/2014 12:00:00 AM,2,2,0
01/17/2014 01:00:00 AM,1,1,0
01/17/2014 02:00:00 AM,0,0,0
01/17/2014 03:00:00 AM,2,2,0
01/17/2014 04:00:00 AM,2,0,2
01/17/2014 05:00:00 AM,15,3,12
01/17/2014 06:00:00 AM,56,11,45
01/17/2014 07:00:00 AM,92,12,80
01/17/2014 08:00:00 AM,73,7,66
01/17/2014 09:00:00 AM,39,4,35
01/17/2014 10:00:00 AM,11,1,10
01/17/2014 11:00:00 AM,14,6,8
01/17/2014 12:00:00 PM,18,6,12
01/17/2014 01:00:00 PM,24,11,13
01/17/2014 02:00:00 PM,23,14,9
01/17/2014 03:00:00 PM,33,21,12
01/17/2014 04:00:00 PM,70,60,10
01/17/2014 05:00:00 PM,80,69,11
01/17/2014 06:00:00 PM,53,40,13
01/17/2014 07:00:00 PM,22,18,4
01/17/2014 08:00:00 PM,7,6,1
01/17/2014 09:00:00 PM,8,6,2
01/17/2014 10:00:00 PM,3,2,1
01/17/2014 11:00:00 PM,3,3,0
01/18/2014 12:00:00 AM,3,3,0
01/18/2014 01:00:00 AM,1,1,0
01/18/2014 02:00:00 AM,3,2,1
01/18/2014 03:00:00 AM,0,0,0
01/18/2014 04:00:00 AM,2,1,1
01/18/2014 05:00:00 AM,4,0,4
01/18/2014 06:00:00 AM,5,1,4
01/18/2014 07:00:00 AM,12,1,11
01/18/2014 08:00:00 AM,21,1,20
01/18/2014 09:00:00 AM,14,4,10
01/18/2014 10:00:00 AM,13,3,10
01/18/2014 11:00:00 AM,28,19,9
01/18/2014 12:00:00 PM,43,17,26
01/18/2014 01:00:00 PM,36,13,23
01/18/2014 02:00:00 PM,44,22,22
01/18/2014 03:00:00 PM,44,24,20
01/18/2014 04:00:00 PM,43,26,17
01/18/2014 05:00:00 PM,28,16,12
01/18/2014 06:00:00 PM,17,13,4
01/18/2014 07:00:00 PM,9,4,5
01/18/2014 08:00:00 PM,9,5,4
01/18/2014 09:00:00 PM,5,2,3
01/18/2014 10:00:00 PM,5,3,2
01/18/2014 11:00:00 PM,3,3,0
01/19/2014 12:00:00 AM,0,0,0
01/19/2014 01:00:00 AM,3,3,0
01/19/2014 02:00:00 AM,4,1,3
01/19/2014 03:00:00 AM,1,1,0
01/19/2014 04:00:00 AM,2,2,0
01/19/2014 05:00:00 AM,3,0,3
01/19/2014 06:00:00 AM,3,0,3
01/19/2014 07:00:00 AM,4,1,3
01/19/2014 08:00:00 AM,11,2,9
01/19/2014 09:00:00 AM,18,5,13
01/19/2014 10:00:00 AM,28,14,14
01/19/2014 11:00:00 AM,34,17,17
01/19/2014 12:00:00 PM,35,16,19
01/19/2014 01:00:00 PM,16,6,10
01/19/2014 02:00:00 PM,25,10,15
01/19/2014 03:00:00 PM,6,4,2
01/19/2014 04:00:00 PM,6,6,0
01/19/2014 05:00:00 PM,5,2,3
01/19/2014 06:00:00 PM,2,2,0
01/19/2014 07:00:00 PM,9,7,2
01/19/2014 08:00:00 PM,8,5,3
01/19/2014 09:00:00 PM,6,4,2
01/19/2014 10:00:00 PM,2,1,1
01/19/2014 11:00:00 PM,0,0,0
01/20/2014 12:00:00 AM,0,0,0
01/20/2014 01:00:00 AM,0,0,0
01/20/2014 02:00:00 AM,3,1,2
01/20/2014 03:00:00 AM,2,1,1
01/20/2014 04:00:00 AM,4,1,3
01/20/2014 05:00:00 AM,12,5,7
01/20/2014 06:00:00 AM,27,6,21
01/20/2014 07:00:00 AM,47,10,37
01/20/2014 08:00:00 AM,46,3,43
01/20/2014 09:00:00 AM,29,7,22
01/20/2014 10:00:00 AM,30,9,21
01/20/2014 11:00:00 AM,14,7,7
01/20/2014 12:00:00 PM,33,20,13
01/20/2014 01:00:00 PM,25,10,15
01/20/2014 02:00:00 PM,31,17,14
01/20/2014 03:00:00 PM,57,34,23
01/20/2014 04:00:00 PM,65,40,25
01/20/2014 05:00:00 PM,50,39,11
01/20/2014 06:00:00 PM,36,28,8
01/20/2014 07:00:00 PM,20,16,4
01/20/2014 08:00:00 PM,9,7,2
01/20/2014 09:00:00 PM,3,3,0
01/20/2014 10:00:00 PM,2,2,0
01/20/2014 11:00:00 PM,1,1,0
01/21/2014 12:00:00 AM,0,0,0
01/21/2014 01:00:00 AM,0,0,0
01/21/2014 02:00:00 AM,1,1,0
01/21/2014 03:00:00 AM,1,1,0
01/21/2014 04:00:00 AM,2,0,2
01/21/2014 05:00:00 AM,26,4,22
01/21/2014 06:00:00 AM,56,10,46
01/21/2014 07:00:00 AM,98,11,87
01/21/2014 08:00:00 AM,99,5,94
01/21/2014 09:00:00 AM,34,4,30
01/21/2014 10:00:00 AM,13,1,12
01/21/2014 11:00:00 AM,16,7,9
01/21/2014 12:00:00 PM,18,8,10
01/21/2014 01:00:00 PM,19,5,14
01/21/2014 02:00:00 PM,20,13,7
01/21/2014 03:00:00 PM,41,32,9
01/21/2014 04:00:00 PM,64,51,13
01/21/2014 05:00:00 PM,103,82,21
01/21/2014 06:00:00 PM,81,74,7
01/21/2014 07:00:00 PM,27,21,6
01/21/2014 08:00:00 PM,13,12,1
01/21/2014 09:00:00 PM,13,10,3
01/21/2014 10:00:00 PM,4,3,1
01/21/2014 11:00:00 PM,1,1,0
01/22/2014 12:00:00 AM,2,2,0
01/22/2014 01:00:00 AM,1,1,0
01/22/2014 02:00:00 AM,0,0,0
01/22/2014 03:00:00 AM,2,2,0
01/22/2014 04:00:00 AM,9,0,9
01/22/2014 05:00:00 AM,17,3,14
01/22/2014 06:00:00 AM,57,8,49
01/22/2014 07:00:00 AM,94,17,77
01/22/2014 08:00:00 AM,97,10,87
01/22/2014 09:00:00 AM,32,5,27
01/22/2014 10:00:00 AM,25,5,20
01/22/2014 11:00:00 AM,19,7,12
01/22/2014 12:00:00 PM,12,7,5
01/22/2014 01:00:00 PM,20,5,15
01/22/2014 02:00:00 PM,22,16,6
01/22/2014 03:00:00 PM,38,30,8
01/22/2014 04:00:00 PM,58,43,15
01/22/2014 05:00:00 PM,112,97,15
01/22/2014 06:00:00 PM,77,65,12
01/22/2014 07:00:00 PM,19,16,3
01/22/2014 08:00:00 PM,25,23,2
01/22/2014 09:00:00 PM,5,5,0
01/22/2014 10:00:00 PM,7,5,2
01/22/2014 11:00:00 PM,2,2,0
01/23/2014 12:00:00 AM,1,1,0
01/23/2014 01:00:00 AM,1,1,0
01/23/2014 02:00:00 AM,1,1,0
01/23/2014 03:00:00 AM,3,1,2
01/23/2014 04:00:00 AM,6,1,5
01/23/2014 05:00:00 AM,18,2,16
01/23/2014 06:00:00 AM,58,7,51
01/23/2014 07:00:00 AM,89,8,81
01/23/2014 08:00:00 AM,93,4,89
01/23/2014 09:00:00 AM,36,4,32
01/23/2014 10:00:00 AM,22,10,12
01/23/2014 11:00:00 AM,14,7,7
01/23/2014 12:00:00 PM,17,8,9
01/23/2014 01:00:00 PM,22,7,15
01/23/2014 02:00:00 PM,33,16,17
01/23/2014 03:00:00 PM,53,37,16
01/23/2014 04:00:00 PM,86,56,30
01/23/2014 05:00:00 PM,104,92,12
01/23/2014 06:00:00 PM,56,51,5
01/23/2014 07:00:00 PM,27,24,3
01/23/2014 08:00:00 PM,17,11,6
01/23/2014 09:00:00 PM,10,5,5
01/23/2014 10:00:00 PM,11,9,2
01/23/2014 11:00:00 PM,4,3,1
01/24/2014 12:00:00 AM,2,2,0
01/24/2014 01:00:00 AM,1,1,0
01/24/2014 02:00:00 AM,2,1,1
01/24/2014 03:00:00 AM,4,2,2
01/24/2014 04:00:00 AM,5,0,5
01/24/2014 05:00:00 AM,16,3,13
01/24/2014 06:00:00 AM,43,6,37
01/24/2014 07:00:00 AM,85,9,76
01/24/2014 08:00:00 AM,84,8,76
01/24/2014 09:00:00 AM,28,1,27
01/24/2014 10:00:00 AM,17,3,14
01/24/2014 11:00:00 AM,20,5,15
01/24/2014 12:00:00 PM,10,5,5
01/24/2014 01:00:00 PM,21,9,12
01/24/2014 02:00:00 PM,38,25,13
01/24/2014 03:00:00 PM,47,35,12
01/24/2014 04:00:00 PM,67,49,18
01/24/2014 05:00:00 PM,96,79,17
01/24/2014 06:00:00 PM,56,49,7
01/24/2014 07:00:00 PM,18,11,7
01/24/2014 08:00:00 PM,12,10,2
01/24/2014 09:00:00 PM,4,4,0
01/24/2014 10:00:00 PM,6,5,1
01/24/2014 11:00:00 PM,4,2,2
01/25/2014 12:00:00 AM,3,3,0
01/25/2014 01:00:00 AM,1,1,0
01/25/2014 02:00:00 AM,0,0,0
01/25/2014 03:00:00 AM,1,1,0
01/25/2014 04:00:00 AM,3,1,2
01/25/2014 05:00:00 AM,1,0,1
01/25/2014 06:00:00 AM,6,0,6
01/25/2014 07:00:00 AM,9,1,8
01/25/2014 08:00:00 AM,19,7,12
01/25/2014 09:00:00 AM,21,3,18
01/25/2014 10:00:00 AM,25,9,16
01/25/2014 11:00:00 AM,31,19,12
01/25/2014 12:00:00 PM,45,28,17
01/25/2014 01:00:00 PM,70,26,44
01/25/2014 02:00:00 PM,66,26,40
01/25/2014 03:00:00 PM,64,43,21
01/25/2014 04:00:00 PM,55,19,36
01/25/2014 05:00:00 PM,17,11,6
01/25/2014 06:00:00 PM,6,4,2
01/25/2014 07:00:00 PM,7,7,0
01/25/2014 08:00:00 PM,2,0,2
01/25/2014 09:00:00 PM,2,1,1
01/25/2014 10:00:00 PM,1,1,0
01/25/2014 11:00:00 PM,2,2,0
01/26/2014 12:00:00 AM,3,3,0
01/26/2014 01:00:00 AM,5,1,4
01/26/2014 02:00:00 AM,2,1,1
01/26/2014 03:00:00 AM,1,0,1
01/26/2014 04:00:00 AM,2,1,1
01/26/2014 05:00:00 AM,2,0,2
01/26/2014 06:00:00 AM,2,0,2
01/26/2014 07:00:00 AM,7,2,5
01/26/2014 08:00:00 AM,9,1,8
01/26/2014 09:00:00 AM,19,8,11
01/26/2014 10:00:00 AM,19,10,9
01/26/2014 11:00:00 AM,35,22,13
01/26/2014 12:00:00 PM,46,29,17
01/26/2014 01:00:00 PM,39,11,28
01/26/2014 02:00:00 PM,57,31,26
01/26/2014 03:00:00 PM,45,27,18
01/26/2014 04:00:00 PM,42,19,23
01/26/2014 05:00:00 PM,16,13,3
01/26/2014 06:00:00 PM,10,6,4
01/26/2014 07:00:00 PM,1,0,1
01/26/2014 08:00:00 PM,3,2,1
01/26/2014 09:00:00 PM,2,0,2
01/26/2014 10:00:00 PM,1,1,0
01/26/2014 11:00:00 PM,3,1,2
01/27/2014 12:00:00 AM,2,1,1
01/27/2014 01:00:00 AM,0,0,0
01/27/2014 02:00:00 AM,0,0,0
01/27/2014 03:00:00 AM,1,1,0
01/27/2014 04:00:00 AM,5,0,5
01/27/2014 05:00:00 AM,15,4,11
01/27/2014 06:00:00 AM,45,9,36
01/27/2014 07:00:00 AM,94,13,81
01/27/2014 08:00:00 AM,82,1,81
01/27/2014 09:00:00 AM,33,4,29
01/27/2014 10:00:00 AM,19,4,15
01/27/2014 11:00:00 AM,6,0,6
01/27/2014 12:00:00 PM,15,8,7
01/27/2014 01:00:00 PM,13,5,8
01/27/2014 02:00:00 PM,18,9,9
01/27/2014 03:00:00 PM,32,24,8
01/27/2014 04:00:00 PM,64,46,18
01/27/2014 05:00:00 PM,105,93,12
01/27/2014 06:00:00 PM,61,56,5
01/27/2014 07:00:00 PM,22,21,1
01/27/2014 08:00:00 PM,12,11,1
01/27/2014 09:00:00 PM,4,2,2
01/27/2014 10:00:00 PM,3,3,0
01/27/2014 11:00:00 PM,4,4,0
01/28/2014 12:00:00 AM,2,1,1
01/28/2014 01:00:00 AM,0,0,0
01/28/2014 02:00:00 AM,0,0,0
01/28/2014 03:00:00 AM,1,0,1
01/28/2014 04:00:00 AM,3,1,2
01/28/2014 05:00:00 AM,22,6,16
01/28/2014 06:00:00 AM,51,8,43
01/28/2014 07:00:00 AM,84,11,73
01/28/2014 08:00:00 AM,94,3,91
01/28/2014 09:00:00 AM,26,3,23
01/28/2014 10:00:00 AM,9,2,7
01/28/2014 11:00:00 AM,13,7,6
01/28/2014 12:00:00 PM,12,5,7
01/28/2014 01:00:00 PM,13,6,7
01/28/2014 02:00:00 PM,21,14,7
01/28/2014 03:00:00 PM,37,28,9
01/28/2014 04:00:00 PM,54,39,15
01/28/2014 05:00:00 PM,107,96,11
01/28/2014 06:00:00 PM,62,53,9
01/28/2014 07:00:00 PM,18,14,4
01/28/2014 08:00:00 PM,8,7,1
01/28/2014 09:00:00 PM,5,2,3
01/28/2014 10:00:00 PM,3,3,0
01/28/2014 11:00:00 PM,1,1,0
01/29/2014 12:00:00 AM,2,2,0
01/29/2014 01:00:00 AM,0,0,0
01/29/2014 02:00:00 AM,1,1,0
01/29/2014 03:00:00 AM,1,1,0
01/29/2014 04:00:00 AM,4,2,2
01/29/2014 05:00:00 AM,11,3,8
01/29/2014 06:00:00 AM,42,8,34
01/29/2014 07:00:00 AM,65,6,59
01/29/2014 08:00:00 AM,82,7,75
01/29/2014 09:00:00 AM,21,4,17
01/29/2014 10:00:00 AM,6,0,6
01/29/2014 11:00:00 AM,7,3,4
01/29/2014 12:00:00 PM,6,3,3
01/29/2014 01:00:00 PM,6,2,4
01/29/2014 02:00:00 PM,10,6,4
01/29/2014 03:00:00 PM,27,19,8
01/29/2014 04:00:00 PM,42,31,11
01/29/2014 05:00:00 PM,69,55,14
01/29/2014 06:00:00 PM,55,46,9
01/29/2014 07:00:00 PM,23,19,4
01/29/2014 08:00:00 PM,11,9,2
01/29/2014 09:00:00 PM,4,3,1
01/29/2014 10:00:00 PM,5,4,1
01/29/2014 11:00:00 PM,2,2,0
01/30/2014 12:00:00 AM,1,1,0
01/30/2014 01:00:00 AM,2,2,0
01/30/2014 02:00:00 AM,2,2,0
01/30/2014 03:00:00 AM,0,0,0
01/30/2014 04:00:00 AM,2,1,1
01/30/2014 05:00:00 AM,11,3,8
01/30/2014 06:00:00 AM,46,7,39
01/30/2014 07:00:00 AM,63,12,51
01/30/2014 08:00:00 AM,81,4,77
01/30/2014 09:00:00 AM,36,5,31
01/30/2014 10:00:00 AM,9,1,8
01/30/2014 11:00:00 AM,10,5,5
01/30/2014 12:00:00 PM,10,4,6
01/30/2014 01:00:00 PM,18,9,9
01/30/2014 02:00:00 PM,26,12,14
01/30/2014 03:00:00 PM,27,18,9
01/30/2014 04:00:00 PM,57,40,17
01/30/2014 05:00:00 PM,90,81,9
01/30/2014 06:00:00 PM,54,48,6
01/30/2014 07:00:00 PM,22,19,3
01/30/2014 08:00:00 PM,11,6,5
01/30/2014 09:00:00 PM,7,6,1
01/30/2014 10:00:00 PM,6,3,3
01/30/2014 11:00:00 PM,8,5,3
01/31/2014 12:00:00 AM,2,1,1
01/31/2014 01:00:00 AM,2,1,1
01/31/2014 02:00:00 AM,2,1,1
01/31/2014 03:00:00 AM,2,1,1
01/31/2014 04:00:00 AM,3,0,3
01/31/2014 05:00:00 AM,15,3,12
01/31/2014 06:00:00 AM,37,8,29
01/31/2014 07:00:00 AM,65,10,55
01/31/2014 08:00:00 AM,68,4,64
01/31/2014 09:00:00 AM,36,5,31
01/31/2014 10:00:00 AM,20,8,12
01/31/2014 11:00:00 AM,10,3,7
01/31/2014 12:00:00 PM,18,9,9
01/31/2014 01:00:00 PM,21,8,13
01/31/2014 02:00:00 PM,18,7,11
01/31/2014 03:00:00 PM,35,27,8
01/31/2014 04:00:00 PM,55,45,10
01/31/2014 05:00:00 PM,81,68,13
01/31/2014 06:00:00 PM,41,31,10
01/31/2014 07:00:00 PM,18,13,5
01/31/2014 08:00:00 PM,0,0,0
01/31/2014 09:00:00 PM,0,0,0
01/31/2014 10:00:00 PM,0,0,0
01/31/2014 11:00:00 PM,0,0,0
02/01/2014 12:00:00 AM,4,4,0
02/01/2014 01:00:00 AM,0,0,0
02/01/2014 02:00:00 AM,0,0,0
02/01/2014 03:00:00 AM,1,1,0
02/01/2014 04:00:00 AM,1,0,1
02/01/2014 05:00:00 AM,3,0,3
02/01/2014 06:00:00 AM,7,1,6
02/01/2014 07:00:00 AM,11,3,8
02/01/2014 08:00:00 AM,33,8,25
02/01/2014 09:00:00 AM,35,23,12
02/01/2014 10:00:00 AM,34,18,16
02/01/2014 11:00:00 AM,40,27,13
02/01/2014 12:00:00 PM,37,14,23
02/01/2014 01:00:00 PM,28,18,10
02/01/2014 02:00:00 PM,32,13,19
02/01/2014 03:00:00 PM,41,22,19
02/01/2014 04:00:00 PM,22,16,6
02/01/2014 05:00:00 PM,20,7,13
02/01/2014 06:00:00 PM,16,7,9
02/01/2014 07:00:00 PM,8,7,1
02/01/2014 08:00:00 PM,5,5,0
02/01/2014 09:00:00 PM,5,3,2
02/01/2014 10:00:00 PM,3,3,0
02/01/2014 11:00:00 PM,2,1,1
02/02/2014 12:00:00 AM,2,2,0
02/02/2014 01:00:00 AM,3,3,0
02/02/2014 02:00:00 AM,0,0,0
02/02/2014 03:00:00 AM,1,0,1
02/02/2014 04:00:00 AM,1,1,0
02/02/2014 05:00:00 AM,2,2,0
02/02/2014 06:00:00 AM,2,1,1
02/02/2014 07:00:00 AM,9,5,4
02/02/2014 08:00:00 AM,12,5,7
02/02/2014 09:00:00 AM,12,5,7
02/02/2014 10:00:00 AM,30,10,20
02/02/2014 11:00:00 AM,41,28,13
02/02/2014 12:00:00 PM,44,17,27
02/02/2014 01:00:00 PM,41,19,22
02/02/2014 02:00:00 PM,36,20,16
02/02/2014 03:00:00 PM,13,9,4
02/02/2014 04:00:00 PM,16,9,7
02/02/2014 05:00:00 PM,7,3,4
02/02/2014 06:00:00 PM,5,2,3
02/02/2014 07:00:00 PM,2,0,2
02/02/2014 08:00:00 PM,8,3,5
02/02/2014 09:00:00 PM,3,1,2
02/02/2014 10:00:00 PM,3,1,2
02/02/2014 11:00:00 PM,3,2,1
02/03/2014 12:00:00 AM,2,1,1
02/03/2014 01:00:00 AM,2,2,0
02/03/2014 02:00:00 AM,1,1,0
02/03/2014 03:00:00 AM,2,2,0
02/03/2014 04:00:00 AM,4,1,3
02/03/2014 05:00:00 AM,17,5,12
02/03/2014 06:00:00 AM,46,10,36
02/03/2014 07:00:00 AM,72,9,63
02/03/2014 08:00:00 AM,79,3,76
02/03/2014 09:00:00 AM,39,6,33
02/03/2014 10:00:00 AM,16,1,15
02/03/2014 11:00:00 AM,11,5,6
02/03/2014 12:00:00 PM,15,5,10
02/03/2014 01:00:00 PM,16,6,10
02/03/2014 02:00:00 PM,14,9,5
02/03/2014 03:00:00 PM,28,19,9
02/03/2014 04:00:00 PM,62,47,15
02/03/2014 05:00:00 PM,101,86,15
02/03/2014 06:00:00 PM,58,55,3
02/03/2014 07:00:00 PM,23,18,5
02/03/2014 08:00:00 PM,8,6,2
02/03/2014 09:00:00 PM,4,3,1
02/03/2014 10:00:00 PM,4,4,0
02/03/2014 11:00:00 PM,0,0,0
02/04/2014 12:00:00 AM,2,2,0
02/04/2014 01:00:00 AM,0,0,0
02/04/2014 02:00:00 AM,0,0,0
02/04/2014 03:00:00 AM,0,0,0
02/04/2014 04:00:00 AM,2,1,1
02/04/2014 05:00:00 AM,13,2,11
02/04/2014 06:00:00 AM,35,7,28
02/04/2014 07:00:00 AM,73,12,61
02/04/2014 08:00:00 AM,85,2,83
02/04/2014 09:00:00 AM,33,5,28
02/04/2014 10:00:00 AM,9,1,8
02/04/2014 11:00:00 AM,15,6,9
02/04/2014 12:00:00 PM,11,6,5
02/04/2014 01:00:00 PM,14,5,9
02/04/2014 02:00:00 PM,10,9,1
02/04/2014 03:00:00 PM,27,21,6
02/04/2014 04:00:00 PM,44,29,15
02/04/2014 05:00:00 PM,95,85,10
02/04/2014 06:00:00 PM,54,48,6
02/04/2014 07:00:00 PM,24,20,4
02/04/2014 08:00:00 PM,9,7,2
02/04/2014 09:00:00 PM,3,2,1
02/04/2014 10:00:00 PM,2,2,0
02/04/2014 11:00:00 PM,3,3,0
02/05/2014 12:00:00 AM,3,2,1
02/05/2014 01:00:00 AM,1,0,1
02/05/2014 02:00:00 AM,0,0,0
02/05/2014 03:00:00 AM,2,1,1
02/05/2014 04:00:00 AM,3,0,3
02/05/2014 05:00:00 AM,16,5,11
02/05/2014 06:00:00 AM,43,7,36
02/05/2014 07:00:00 AM,74,10,64
02/05/2014 08:00:00 AM,69,3,66
02/05/2014 09:00:00 AM,61,4,57
02/05/2014 10:00:00 AM,52,2,50
02/05/2014 11:00:00 AM,48,8,40
02/05/2014 12:00:00 PM,37,11,26
02/05/2014 01:00:00 PM,29,20,9
02/05/2014 02:00:00 PM,60,44,16
02/05/2014 03:00:00 PM,55,47,8
02/05/2014 04:00:00 PM,63,48,15
02/05/2014 05:00:00 PM,96,84,12
02/05/2014 06:00:00 PM,60,51,9
02/05/2014 07:00:00 PM,21,19,2
02/05/2014 08:00:00 PM,4,2,2
02/05/2014 09:00:00 PM,4,4,0
02/05/2014 10:00:00 PM,7,6,1
02/05/2014 11:00:00 PM,5,5,0
02/06/2014 12:00:00 AM,0,0,0
02/06/2014 01:00:00 AM,7,1,6
02/06/2014 02:00:00 AM,0,0,0
02/06/2014 03:00:00 AM,1,1,0
02/06/2014 04:00:00 AM,3,0,3
02/06/2014 05:00:00 AM,10,2,8
02/06/2014 06:00:00 AM,28,8,20
02/06/2014 07:00:00 AM,43,7,36
02/06/2014 08:00:00 AM,54,5,49
02/06/2014 09:00:00 AM,20,2,18
02/06/2014 10:00:00 AM,16,4,12
02/06/2014 11:00:00 AM,7,2,5
02/06/2014 12:00:00 PM,11,4,7
02/06/2014 01:00:00 PM,7,3,4
02/06/2014 02:00:00 PM,9,5,4
02/06/2014 03:00:00 PM,13,9,4
02/06/2014 04:00:00 PM,43,29,14
02/06/2014 05:00:00 PM,62,57,5
02/06/2014 06:00:00 PM,34,30,4
02/06/2014 07:00:00 PM,11,9,2
02/06/2014 08:00:00 PM,4,4,0
02/06/2014 09:00:00 PM,8,5,3
02/06/2014 10:00:00 PM,3,1,2
02/06/2014 11:00:00 PM,5,3,2
02/07/2014 12:00:00 AM,1,1,0
02/07/2014 01:00:00 AM,0,0,0
02/07/2014 02:00:00 AM,1,1,0
02/07/2014 03:00:00 AM,0,0,0
02/07/2014 04:00:00 AM,3,1,2
02/07/2014 05:00:00 AM,9,2,7
02/07/2014 06:00:00 AM,33,1,32
02/07/2014 07:00:00 AM,37,8,29
02/07/2014 08:00:00 AM,49,0,49
02/07/2014 09:00:00 AM,23,1,22
02/07/2014 10:00:00 AM,11,4,7
02/07/2014 11:00:00 AM,11,1,10
02/07/2014 12:00:00 PM,3,1,2
02/07/2014 01:00:00 PM,3,2,1
02/07/2014 02:00:00 PM,11,7,4
02/07/2014 03:00:00 PM,27,19,8
02/07/2014 04:00:00 PM,41,33,8
02/07/2014 05:00:00 PM,45,37,8
02/07/2014 06:00:00 PM,30,25,5
02/07/2014 07:00:00 PM,9,8,1
02/07/2014 08:00:00 PM,7,3,4
02/07/2014 09:00:00 PM,3,2,1
02/07/2014 10:00:00 PM,3,2,1
02/07/2014 11:00:00 PM,3,3,0
02/08/2014 12:00:00 AM,3,3,0
02/08/2014 01:00:00 AM,1,1,0
02/08/2014 02:00:00 AM,0,0,0
02/08/2014 03:00:00 AM,3,2,1
02/08/2014 04:00:00 AM,0,0,0
02/08/2014 05:00:00 AM,1,0,1
02/08/2014 06:00:00 AM,1,0,1
02/08/2014 07:00:00 AM,5,1,4
02/08/2014 08:00:00 AM,10,1,9
02/08/2014 09:00:00 AM,9,1,8
02/08/2014 10:00:00 AM,10,7,3
02/08/2014 11:00:00 AM,23,10,13
02/08/2014 12:00:00 PM,24,14,10
02/08/2014 01:00:00 PM,18,12,6
02/08/2014 02:00:00 PM,16,8,8
02/08/2014 03:00:00 PM,27,13,14
02/08/2014 04:00:00 PM,9,3,6
02/08/2014 05:00:00 PM,10,2,8
02/08/2014 06:00:00 PM,4,3,1
02/08/2014 07:00:00 PM,2,2,0
02/08/2014 08:00:00 PM,1,1,0
02/08/2014 09:00:00 PM,1,1,0
02/08/2014 10:00:00 PM,1,1,0
02/08/2014 11:00:00 PM,1,0,1
02/09/2014 12:00:00 AM,1,0,1
02/09/2014 01:00:00 AM,0,0,0
02/09/2014 02:00:00 AM,0,0,0
02/09/2014 03:00:00 AM,2,0,2
02/09/2014 04:00:00 AM,0,0,0
02/09/2014 05:00:00 AM,0,0,0
02/09/2014 06:00:00 AM,0,0,0
02/09/2014 07:00:00 AM,0,0,0
02/09/2014 08:00:00 AM,0,0,0
02/09/2014 09:00:00 AM,1,0,1
02/09/2014 10:00:00 AM,2,1,1
02/09/2014 11:00:00 AM,0,0,0
02/09/2014 12:00:00 PM,1,1,0
02/09/2014 01:00:00 PM,0,0,0
02/09/2014 02:00:00 PM,0,0,0
02/09/2014 03:00:00 PM,1,0,1
02/09/2014 04:00:00 PM,2,0,2
02/09/2014 05:00:00 PM,6,5,1
02/09/2014 06:00:00 PM,2,2,0
02/09/2014 07:00:00 PM,0,0,0
02/09/2014 08:00:00 PM,1,0,1
02/09/2014 09:00:00 PM,0,0,0
02/09/2014 10:00:00 PM,0,0,0
02/09/2014 11:00:00 PM,0,0,0
02/10/2014 12:00:00 AM,1,1,0
02/10/2014 01:00:00 AM,0,0,0
02/10/2014 02:00:00 AM,2,1,1
02/10/2014 03:00:00 AM,1,1,0
02/10/2014 04:00:00 AM,5,0,5
02/10/2014 05:00:00 AM,4,1,3
02/10/2014 06:00:00 AM,26,4,22
02/10/2014 07:00:00 AM,41,7,34
02/10/2014 08:00:00 AM,44,3,41
02/10/2014 09:00:00 AM,27,3,24
02/10/2014 10:00:00 AM,9,2,7
02/10/2014 11:00:00 AM,7,3,4
02/10/2014 12:00:00 PM,7,3,4
02/10/2014 01:00:00 PM,7,3,4
02/10/2014 02:00:00 PM,4,2,2
02/10/2014 03:00:00 PM,25,17,8
02/10/2014 04:00:00 PM,33,22,11
02/10/2014 05:00:00 PM,44,35,9
02/10/2014 06:00:00 PM,39,32,7
02/10/2014 07:00:00 PM,16,14,2
02/10/2014 08:00:00 PM,8,5,3
02/10/2014 09:00:00 PM,6,6,0
02/10/2014 10:00:00 PM,1,1,0
02/10/2014 11:00:00 PM,0,0,0
02/11/2014 12:00:00 AM,2,2,0
02/11/2014 01:00:00 AM,0,0,0
02/11/2014 02:00:00 AM,1,1,0
02/11/2014 03:00:00 AM,2,2,0
02/11/2014 04:00:00 AM,1,0,1
02/11/2014 05:00:00 AM,16,5,11
02/11/2014 06:00:00 AM,47,8,39
02/11/2014 07:00:00 AM,75,15,60
02/11/2014 08:00:00 AM,79,8,71
02/11/2014 09:00:00 AM,27,2,25
02/11/2014 10:00:00 AM,10,1,9
02/11/2014 11:00:00 AM,8,4,4
02/11/2014 12:00:00 PM,11,6,5
02/11/2014 01:00:00 PM,8,2,6
02/11/2014 02:00:00 PM,11,9,2
02/11/2014 03:00:00 PM,37,27,10
02/11/2014 04:00:00 PM,41,28,13
02/11/2014 05:00:00 PM,68,56,12
02/11/2014 06:00:00 PM,53,47,6
02/11/2014 07:00:00 PM,18,18,0
02/11/2014 08:00:00 PM,10,8,2
02/11/2014 09:00:00 PM,5,4,1
02/11/2014 10:00:00 PM,2,1,1
02/11/2014 11:00:00 PM,2,2,0
02/12/2014 12:00:00 AM,4,4,0
02/12/2014 01:00:00 AM,0,0,0
02/12/2014 02:00:00 AM,0,0,0
02/12/2014 03:00:00 AM,5,2,3
02/12/2014 04:00:00 AM,4,2,2
02/12/2014 05:00:00 AM,14,4,10
02/12/2014 06:00:00 AM,37,2,35
02/12/2014 07:00:00 AM,52,9,43
02/12/2014 08:00:00 AM,64,4,60
02/12/2014 09:00:00 AM,30,1,29
02/12/2014 10:00:00 AM,15,2,13
02/12/2014 11:00:00 AM,10,2,8
02/12/2014 12:00:00 PM,18,9,9
02/12/2014 01:00:00 PM,15,6,9
02/12/2014 02:00:00 PM,19,11,8
02/12/2014 03:00:00 PM,41,25,16
02/12/2014 04:00:00 PM,62,46,16
02/12/2014 05:00:00 PM,82,64,18
02/12/2014 06:00:00 PM,52,38,14
02/12/2014 07:00:00 PM,7,5,2
02/12/2014 08:00:00 PM,20,18,2
02/12/2014 09:00:00 PM,9,6,3
02/12/2014 10:00:00 PM,4,4,0
02/12/2014 11:00:00 PM,4,3,1
02/13/2014 12:00:00 AM,2,2,0
02/13/2014 01:00:00 AM,2,1,1
02/13/2014 02:00:00 AM,2,1,1
02/13/2014 03:00:00 AM,0,0,0
02/13/2014 04:00:00 AM,6,3,3
02/13/2014 05:00:00 AM,12,2,10
02/13/2014 06:00:00 AM,57,10,47
02/13/2014 07:00:00 AM,61,11,50
02/13/2014 08:00:00 AM,82,5,77
02/13/2014 09:00:00 AM,33,3,30
02/13/2014 10:00:00 AM,13,0,13
02/13/2014 11:00:00 AM,20,4,16
02/13/2014 12:00:00 PM,14,5,9
02/13/2014 01:00:00 PM,18,7,11
02/13/2014 02:00:00 PM,27,17,10
02/13/2014 03:00:00 PM,33,22,11
02/13/2014 04:00:00 PM,63,48,15
02/13/2014 05:00:00 PM,98,88,10
02/13/2014 06:00:00 PM,57,45,12
02/13/2014 07:00:00 PM,17,14,3
02/13/2014 08:00:00 PM,14,12,2
02/13/2014 09:00:00 PM,9,6,3
02/13/2014 10:00:00 PM,5,4,1
02/13/2014 11:00:00 PM,3,2,1
02/14/2014 12:00:00 AM,6,3,3
02/14/2014 01:00:00 AM,3,2,1
02/14/2014 02:00:00 AM,0,0,0
02/14/2014 03:00:00 AM,3,2,1
02/14/2014 04:00:00 AM,5,0,5
02/14/2014 05:00:00 AM,10,2,8
02/14/2014 06:00:00 AM,40,9,31
02/14/2014 07:00:00 AM,51,8,43
02/14/2014 08:00:00 AM,48,3,45
02/14/2014 09:00:00 AM,17,2,15
02/14/2014 10:00:00 AM,10,1,9
02/14/2014 11:00:00 AM,3,2,1
02/14/2014 12:00:00 PM,6,4,2
02/14/2014 01:00:00 PM,9,5,4
02/14/2014 02:00:00 PM,15,7,8
02/14/2014 03:00:00 PM,27,17,10
02/14/2014 04:00:00 PM,55,42,13
02/14/2014 05:00:00 PM,50,40,10
02/14/2014 06:00:00 PM,34,30,4
02/14/2014 07:00:00 PM,10,6,4
02/14/2014 08:00:00 PM,8,7,1
02/14/2014 09:00:00 PM,2,2,0
02/14/2014 10:00:00 PM,3,2,1
02/14/2014 11:00:00 PM,2,2,0
02/15/2014 12:00:00 AM,2,1,1
02/15/2014 01:00:00 AM,1,1,0
02/15/2014 02:00:00 AM,1,1,0
02/15/2014 03:00:00 AM,4,4,0
02/15/2014 04:00:00 AM,1,0,1
02/15/2014 05:00:00 AM,3,1,2
02/15/2014 06:00:00 AM,6,3,3
02/15/2014 07:00:00 AM,6,2,4
02/15/2014 08:00:00 AM,18,4,14
02/15/2014 09:00:00 AM,25,6,19
02/15/2014 10:00:00 AM,27,11,16
02/15/2014 11:00:00 AM,27,18,9
02/15/2014 12:00:00 PM,14,8,6
02/15/2014 01:00:00 PM,12,8,4
02/15/2014 02:00:00 PM,3,1,2
02/15/2014 03:00:00 PM,5,5,0
02/15/2014 04:00:00 PM,4,1,3
02/15/2014 05:00:00 PM,16,11,5
02/15/2014 06:00:00 PM,3,3,0
02/15/2014 07:00:00 PM,5,3,2
02/15/2014 08:00:00 PM,3,2,1
02/15/2014 09:00:00 PM,2,2,0
02/15/2014 10:00:00 PM,1,1,0
02/15/2014 11:00:00 PM,1,1,0
02/16/2014 12:00:00 AM,2,1,1
02/16/2014 01:00:00 AM,0,0,0
02/16/2014 02:00:00 AM,0,0,0
02/16/2014 03:00:00 AM,1,0,1
02/16/2014 04:00:00 AM,1,0,1
02/16/2014 05:00:00 AM,0,0,0
02/16/2014 06:00:00 AM,2,1,1
02/16/2014 07:00:00 AM,3,0,3
02/16/2014 08:00:00 AM,5,1,4
02/16/2014 09:00:00 AM,11,2,9
02/16/2014 10:00:00 AM,11,6,5
02/16/2014 11:00:00 AM,8,5,3
02/16/2014 12:00:00 PM,5,1,4
02/16/2014 01:00:00 PM,9,7,2
02/16/2014 02:00:00 PM,11,1,10
02/16/2014 03:00:00 PM,5,2,3
02/16/2014 04:00:00 PM,4,2,2
02/16/2014 05:00:00 PM,8,6,2
02/16/2014 06:00:00 PM,3,2,1
02/16/2014 07:00:00 PM,1,0,1
02/16/2014 08:00:00 PM,1,1,0
02/16/2014 09:00:00 PM,1,1,0
02/16/2014 10:00:00 PM,1,1,0
02/16/2014 11:00:00 PM,0,0,0
02/17/2014 12:00:00 AM,0,0,0
02/17/2014 01:00:00 AM,1,0,1
02/17/2014 02:00:00 AM,0,0,0
02/17/2014 03:00:00 AM,4,3,1
02/17/2014 04:00:00 AM,2,0,2
02/17/2014 05:00:00 AM,4,2,2
02/17/2014 06:00:00 AM,10,3,7
02/17/2014 07:00:00 AM,13,1,12
02/17/2014 08:00:00 AM,21,3,18
02/17/2014 09:00:00 AM,23,1,22
02/17/2014 10:00:00 AM,12,4,8
02/17/2014 11:00:00 AM,5,1,4
02/17/2014 12:00:00 PM,13,3,10
02/17/2014 01:00:00 PM,8,5,3
02/17/2014 02:00:00 PM,8,5,3
02/17/2014 03:00:00 PM,16,9,7
02/17/2014 04:00:00 PM,24,16,8
02/17/2014 05:00:00 PM,26,18,8
02/17/2014 06:00:00 PM,25,23,2
02/17/2014 07:00:00 PM,11,8,3
02/17/2014 08:00:00 PM,5,3,2
02/17/2014 09:00:00 PM,4,3,1
02/17/2014 10:00:00 PM,6,5,1
02/17/2014 11:00:00 PM,1,0,1
02/18/2014 12:00:00 AM,0,0,0
02/18/2014 01:00:00 AM,0,0,0
02/18/2014 02:00:00 AM,0,0,0
02/18/2014 03:00:00 AM,3,2,1
02/18/2014 04:00:00 AM,3,1,2
02/18/2014 05:00:00 AM,19,4,15
02/18/2014 06:00:00 AM,37,4,33
02/18/2014 07:00:00 AM,59,8,51
02/18/2014 08:00:00 AM,56,4,52
02/18/2014 09:00:00 AM,23,2,21
02/18/2014 10:00:00 AM,4,0,4
02/18/2014 11:00:00 AM,4,2,2
02/18/2014 12:00:00 PM,5,1,4
02/18/2014 01:00:00 PM,4,3,1
02/18/2014 02:00:00 PM,8,4,4
02/18/2014 03:00:00 PM,19,15,4
02/18/2014 04:00:00 PM,47,36,11
02/18/2014 05:00:00 PM,73,64,9
02/18/2014 06:00:00 PM,32,28,4
02/18/2014 07:00:00 PM,11,10,1
02/18/2014 08:00:00 PM,9,8,1
02/18/2014 09:00:00 PM,5,3,2
02/18/2014 10:00:00 PM,4,4,0
02/18/2014 11:00:00 PM,1,1,0
02/19/2014 12:00:00 AM,1,1,0
02/19/2014 01:00:00 AM,0,0,0
02/19/2014 02:00:00 AM,0,0,0
02/19/2014 03:00:00 AM,3,2,1
02/19/2014 04:00:00 AM,2,0,2
02/19/2014 05:00:00 AM,13,3,10
02/19/2014 06:00:00 AM,40,9,31
02/19/2014 07:00:00 AM,71,8,63
02/19/2014 08:00:00 AM,71,6,65
02/19/2014 09:00:00 AM,40,6,34
02/19/2014 10:00:00 AM,15,2,13
02/19/2014 11:00:00 AM,10,1,9
02/19/2014 12:00:00 PM,14,7,7
02/19/2014 01:00:00 PM,11,4,7
02/19/2014 02:00:00 PM,28,19,9
02/19/2014 03:00:00 PM,35,24,11
02/19/2014 04:00:00 PM,48,31,17
02/19/2014 05:00:00 PM,89,78,11
02/19/2014 06:00:00 PM,53,47,6
02/19/2014 07:00:00 PM,29,23,6
02/19/2014 08:00:00 PM,14,10,4
02/19/2014 09:00:00 PM,3,3,0
02/19/2014 10:00:00 PM,4,4,0
02/19/2014 11:00:00 PM,4,4,0
02/20/2014 12:00:00 AM,1,1,0
02/20/2014 01:00:00 AM,1,0,1
02/20/2014 02:00:00 AM,4,2,2
02/20/2014 03:00:00 AM,1,1,0
02/20/2014 04:00:00 AM,3,0,3
02/20/2014 05:00:00 AM,7,2,5
02/20/2014 06:00:00 AM,41,6,35
02/20/2014 07:00:00 AM,64,8,56
02/20/2014 08:00:00 AM,67,7,60
02/20/2014 09:00:00 AM,22,3,19
02/20/2014 10:00:00 AM,11,3,8
02/20/2014 11:00:00 AM,11,2,9
02/20/2014 12:00:00 PM,10,6,4
02/20/2014 01:00:00 PM,15,5,10
02/20/2014 02:00:00 PM,21,8,13
02/20/2014 03:00:00 PM,36,30,6
02/20/2014 04:00:00 PM,44,33,11
02/20/2014 05:00:00 PM,85,71,14
02/20/2014 06:00:00 PM,48,39,9
02/20/2014 07:00:00 PM,21,18,3
02/20/2014 08:00:00 PM,14,7,7
02/20/2014 09:00:00 PM,7,4,3
02/20/2014 10:00:00 PM,7,7,0
02/20/2014 11:00:00 PM,8,4,4
02/21/2014 12:00:00 AM,2,2,0
02/21/2014 01:00:00 AM,0,0,0
02/21/2014 02:00:00 AM,1,1,0
02/21/2014 03:00:00 AM,2,1,1
02/21/2014 04:00:00 AM,6,1,5
02/21/2014 05:00:00 AM,13,1,12
02/21/2014 06:00:00 AM,33,6,27
02/21/2014 07:00:00 AM,57,6,51
02/21/2014 08:00:00 AM,53,5,48
02/21/2014 09:00:00 AM,40,6,34
02/21/2014 10:00:00 AM,9,1,8
02/21/2014 11:00:00 AM,10,2,8
02/21/2014 12:00:00 PM,4,4,0
02/21/2014 01:00:00 PM,7,6,1
02/21/2014 02:00:00 PM,19,8,11
02/21/2014 03:00:00 PM,29,23,6
02/21/2014 04:00:00 PM,44,35,9
02/21/2014 05:00:00 PM,74,62,12
02/21/2014 06:00:00 PM,41,34,7
02/21/2014 07:00:00 PM,12,10,2
02/21/2014 08:00:00 PM,7,5,2
02/21/2014 09:00:00 PM,3,3,0
02/21/2014 10:00:00 PM,7,4,3
02/21/2014 11:00:00 PM,3,2,1
02/22/2014 12:00:00 AM,1,0,1
02/22/2014 01:00:00 AM,3,2,1
02/22/2014 02:00:00 AM,1,0,1
02/22/2014 03:00:00 AM,2,2,0
02/22/2014 04:00:00 AM,0,0,0
02/22/2014 05:00:00 AM,0,0,0
02/22/2014 06:00:00 AM,3,0,3
02/22/2014 07:00:00 AM,7,4,3
02/22/2014 08:00:00 AM,14,2,12
02/22/2014 09:00:00 AM,7,2,5
02/22/2014 10:00:00 AM,14,7,7
02/22/2014 11:00:00 AM,15,13,2
02/22/2014 12:00:00 PM,15,6,9
02/22/2014 01:00:00 PM,16,7,9
02/22/2014 02:00:00 PM,14,7,7
02/22/2014 03:00:00 PM,13,6,7
02/22/2014 04:00:00 PM,10,5,5
02/22/2014 05:00:00 PM,15,9,6
02/22/2014 06:00:00 PM,9,6,3
02/22/2014 07:00:00 PM,1,1,0
02/22/2014 08:00:00 PM,1,1,0
02/22/2014 09:00:00 PM,0,0,0
02/22/2014 10:00:00 PM,4,3,1
02/22/2014 11:00:00 PM,3,1,2
02/23/2014 12:00:00 AM,1,0,1
02/23/2014 01:00:00 AM,1,0,1
02/23/2014 02:00:00 AM,0,0,0
02/23/2014 03:00:00 AM,0,0,0
02/23/2014 04:00:00 AM,0,0,0
02/23/2014 05:00:00 AM,2,2,0
02/23/2014 06:00:00 AM,6,0,6
02/23/2014 07:00:00 AM,29,1,28
02/23/2014 08:00:00 AM,18,2,16
02/23/2014 09:00:00 AM,15,4,11
02/23/2014 10:00:00 AM,14,11,3
02/23/2014 11:00:00 AM,28,11,17
02/23/2014 12:00:00 PM,22,17,5
02/23/2014 01:00:00 PM,29,18,11
02/23/2014 02:00:00 PM,12,9,3
02/23/2014 03:00:00 PM,17,14,3
02/23/2014 04:00:00 PM,9,5,4
02/23/2014 05:00:00 PM,4,2,2
02/23/2014 06:00:00 PM,7,3,4
02/23/2014 07:00:00 PM,0,0,0
02/23/2014 08:00:00 PM,1,1,0
02/23/2014 09:00:00 PM,1,1,0
02/23/2014 10:00:00 PM,2,0,2
02/23/2014 11:00:00 PM,1,0,1
02/24/2014 12:00:00 AM,1,1,0
02/24/2014 01:00:00 AM,0,0,0
02/24/2014 02:00:00 AM,1,0,1
02/24/2014 03:00:00 AM,2,1,1
02/24/2014 04:00:00 AM,2,0,2
02/24/2014 05:00:00 AM,20,5,15
02/24/2014 06:00:00 AM,40,9,31
02/24/2014 07:00:00 AM,69,9,60
02/24/2014 08:00:00 AM,56,7,49
02/24/2014 09:00:00 AM,22,3,19
02/24/2014 10:00:00 AM,6,0,6
02/24/2014 11:00:00 AM,5,1,4
02/24/2014 12:00:00 PM,3,1,2
02/24/2014 01:00:00 PM,7,2,5
02/24/2014 02:00:00 PM,8,5,3
02/24/2014 03:00:00 PM,26,21,5
02/24/2014 04:00:00 PM,41,29,12
02/24/2014 05:00:00 PM,81,67,14
02/24/2014 06:00:00 PM,47,42,5
02/24/2014 07:00:00 PM,13,11,2
02/24/2014 08:00:00 PM,8,7,1
02/24/2014 09:00:00 PM,5,3,2
02/24/2014 10:00:00 PM,2,2,0
02/24/2014 11:00:00 PM,0,0,0
02/25/2014 12:00:00 AM,1,1,0
02/25/2014 01:00:00 AM,3,2,1
02/25/2014 02:00:00 AM,1,0,1
02/25/2014 03:00:00 AM,3,2,1
02/25/2014 04:00:00 AM,0,0,0
02/25/2014 05:00:00 AM,25,5,20
02/25/2014 06:00:00 AM,44,6,38
02/25/2014 07:00:00 AM,87,14,73
02/25/2014 08:00:00 AM,92,8,84
02/25/2014 09:00:00 AM,34,4,30
02/25/2014 10:00:00 AM,18,6,12
02/25/2014 11:00:00 AM,13,3,10
02/25/2014 12:00:00 PM,18,7,11
02/25/2014 01:00:00 PM,14,4,10
02/25/2014 02:00:00 PM,35,20,15
02/25/2014 03:00:00 PM,43,28,15
02/25/2014 04:00:00 PM,68,46,22
02/25/2014 05:00:00 PM,110,91,19
02/25/2014 06:00:00 PM,68,55,13
02/25/2014 07:00:00 PM,22,18,4
02/25/2014 08:00:00 PM,16,16,0
02/25/2014 09:00:00 PM,9,8,1
02/25/2014 10:00:00 PM,2,2,0
02/25/2014 11:00:00 PM,5,3,2
02/26/2014 12:00:00 AM,3,2,1
02/26/2014 01:00:00 AM,0,0,0
02/26/2014 02:00:00 AM,2,1,1
02/26/2014 03:00:00 AM,2,1,1
02/26/2014 04:00:00 AM,3,0,3
02/26/2014 05:00:00 AM,21,3,18
02/26/2014 06:00:00 AM,64,11,53
02/26/2014 07:00:00 AM,98,17,81
02/26/2014 08:00:00 AM,80,9,71
02/26/2014 09:00:00 AM,51,3,48
02/26/2014 10:00:00 AM,17,5,12
02/26/2014 11:00:00 AM,15,3,12
02/26/2014 12:00:00 PM,23,11,12
02/26/2014 01:00:00 PM,20,10,10
02/26/2014 02:00:00 PM,25,14,11
02/26/2014 03:00:00 PM,39,27,12
02/26/2014 04:00:00 PM,86,54,32
02/26/2014 05:00:00 PM,141,114,27
02/26/2014 06:00:00 PM,76,61,15
02/26/2014 07:00:00 PM,32,27,5
02/26/2014 08:00:00 PM,25,17,8
02/26/2014 09:00:00 PM,6,4,2
02/26/2014 10:00:00 PM,6,5,1
02/26/2014 11:00:00 PM,5,4,1
02/27/2014 12:00:00 AM,1,1,0
02/27/2014 01:00:00 AM,1,1,0
02/27/2014 02:00:00 AM,0,0,0
02/27/2014 03:00:00 AM,1,1,0
02/27/2014 04:00:00 AM,3,1,2
02/27/2014 05:00:00 AM,16,5,11
02/27/2014 06:00:00 AM,42,6,36
02/27/2014 07:00:00 AM,97,15,82
02/27/2014 08:00:00 AM,87,10,77
02/27/2014 09:00:00 AM,50,8,42
02/27/2014 10:00:00 AM,21,5,16
02/27/2014 11:00:00 AM,18,4,14
02/27/2014 12:00:00 PM,22,12,10
02/27/2014 01:00:00 PM,16,12,4
02/27/2014 02:00:00 PM,34,22,12
02/27/2014 03:00:00 PM,37,21,16
02/27/2014 04:00:00 PM,66,46,20
02/27/2014 05:00:00 PM,109,90,19
02/27/2014 06:00:00 PM,70,60,10
02/27/2014 07:00:00 PM,25,21,4
02/27/2014 08:00:00 PM,21,15,6
02/27/2014 09:00:00 PM,7,6,1
02/27/2014 10:00:00 PM,9,7,2
02/27/2014 11:00:00 PM,6,4,2
02/28/2014 12:00:00 AM,3,2,1
02/28/2014 01:00:00 AM,2,1,1
02/28/2014 02:00:00 AM,2,1,1
02/28/2014 03:00:00 AM,5,3,2
02/28/2014 04:00:00 AM,5,0,5
02/28/2014 05:00:00 AM,17,3,14
02/28/2014 06:00:00 AM,38,7,31
02/28/2014 07:00:00 AM,92,13,79
02/28/2014 08:00:00 AM,83,10,73
02/28/2014 09:00:00 AM,31,2,29
02/28/2014 10:00:00 AM,25,4,21
02/28/2014 11:00:00 AM,22,8,14
02/28/2014 12:00:00 PM,19,11,8
02/28/2014 01:00:00 PM,28,13,15
02/28/2014 02:00:00 PM,38,21,17
02/28/2014 03:00:00 PM,47,29,18
02/28/2014 04:00:00 PM,67,48,19
02/28/2014 05:00:00 PM,99,81,18
02/28/2014 06:00:00 PM,54,39,15
02/28/2014 07:00:00 PM,24,17,7
02/28/2014 08:00:00 PM,11,8,3
02/28/2014 09:00:00 PM,5,5,0
02/28/2014 10:00:00 PM,4,4,0
02/28/2014 11:00:00 PM,6,2,4
03/01/2014 12:00:00 AM,3,1,2
03/01/2014 01:00:00 AM,2,1,1
03/01/2014 02:00:00 AM,2,1,1
03/01/2014 03:00:00 AM,1,1,0
03/01/2014 04:00:00 AM,3,2,1
03/01/2014 05:00:00 AM,4,1,3
03/01/2014 06:00:00 AM,5,1,4
03/01/2014 07:00:00 AM,5,0,5
03/01/2014 08:00:00 AM,20,3,17
03/01/2014 09:00:00 AM,32,14,18
03/01/2014 10:00:00 AM,29,9,20
03/01/2014 11:00:00 AM,38,22,16
03/01/2014 12:00:00 PM,39,21,18
03/01/2014 01:00:00 PM,33,20,13
03/01/2014 02:00:00 PM,8,5,3
03/01/2014 03:00:00 PM,14,8,6
03/01/2014 04:00:00 PM,11,9,2
03/01/2014 05:00:00 PM,14,13,1
03/01/2014 06:00:00 PM,9,5,4
03/01/2014 07:00:00 PM,5,4,1
03/01/2014 08:00:00 PM,4,2,2
03/01/2014 09:00:00 PM,1,1,0
03/01/2014 10:00:00 PM,2,1,1
03/01/2014 11:00:00 PM,3,1,2
03/02/2014 12:00:00 AM,2,1,1
03/02/2014 01:00:00 AM,3,3,0
03/02/2014 02:00:00 AM,2,0,2
03/02/2014 03:00:00 AM,2,1,1
03/02/2014 04:00:00 AM,2,0,2
03/02/2014 05:00:00 AM,2,1,1
03/02/2014 06:00:00 AM,2,1,1
03/02/2014 07:00:00 AM,3,0,3
03/02/2014 08:00:00 AM,3,1,2
03/02/2014 09:00:00 AM,9,4,5
03/02/2014 10:00:00 AM,16,4,12
03/02/2014 11:00:00 AM,7,3,4
03/02/2014 12:00:00 PM,5,3,2
03/02/2014 01:00:00 PM,4,3,1
03/02/2014 02:00:00 PM,5,4,1
03/02/2014 03:00:00 PM,12,9,3
03/02/2014 04:00:00 PM,7,6,1
03/02/2014 05:00:00 PM,4,3,1
03/02/2014 06:00:00 PM,2,0,2
03/02/2014 07:00:00 PM,0,0,0
03/02/2014 08:00:00 PM,1,1,0
03/02/2014 09:00:00 PM,1,0,1
03/02/2014 10:00:00 PM,1,1,0
03/02/2014 11:00:00 PM,0,0,0
03/03/2014 12:00:00 AM,0,0,0
03/03/2014 01:00:00 AM,0,0,0
03/03/2014 02:00:00 AM,0,0,0
03/03/2014 03:00:00 AM,2,1,1
03/03/2014 04:00:00 AM,3,1,2
03/03/2014 05:00:00 AM,13,3,10
03/03/2014 06:00:00 AM,34,3,31
03/03/2014 07:00:00 AM,60,6,54
03/03/2014 08:00:00 AM,48,2,46
03/03/2014 09:00:00 AM,16,2,14
03/03/2014 10:00:00 AM,4,0,4
03/03/2014 11:00:00 AM,4,1,3
03/03/2014 12:00:00 PM,9,3,6
03/03/2014 01:00:00 PM,10,3,7
03/03/2014 02:00:00 PM,14,8,6
03/03/2014 03:00:00 PM,36,28,8
03/03/2014 04:00:00 PM,51,31,20
03/03/2014 05:00:00 PM,79,68,11
03/03/2014 06:00:00 PM,38,33,5
03/03/2014 07:00:00 PM,27,21,6
03/03/2014 08:00:00 PM,7,6,1
03/03/2014 09:00:00 PM,4,3,1
03/03/2014 10:00:00 PM,3,1,2
03/03/2014 11:00:00 PM,1,1,0
03/04/2014 12:00:00 AM,2,1,1
03/04/2014 01:00:00 AM,2,1,1
03/04/2014 02:00:00 AM,1,0,1
03/04/2014 03:00:00 AM,2,0,2
03/04/2014 04:00:00 AM,1,1,0
03/04/2014 05:00:00 AM,16,3,13
03/04/2014 06:00:00 AM,48,6,42
03/04/2014 07:00:00 AM,70,13,57
03/04/2014 08:00:00 AM,56,5,51
03/04/2014 09:00:00 AM,29,1,28
03/04/2014 10:00:00 AM,6,2,4
03/04/2014 11:00:00 AM,5,0,5
03/04/2014 12:00:00 PM,7,4,3
03/04/2014 01:00:00 PM,10,6,4
03/04/2014 02:00:00 PM,8,6,2
03/04/2014 03:00:00 PM,20,11,9
03/04/2014 04:00:00 PM,38,27,11
03/04/2014 05:00:00 PM,89,72,17
03/04/2014 06:00:00 PM,34,31,3
03/04/2014 07:00:00 PM,21,19,2
03/04/2014 08:00:00 PM,8,6,2
03/04/2014 09:00:00 PM,3,3,0
03/04/2014 10:00:00 PM,1,0,1
03/04/2014 11:00:00 PM,5,5,0
03/05/2014 12:00:00 AM,2,2,0
03/05/2014 01:00:00 AM,1,0,1
03/05/2014 02:00:00 AM,1,1,0
03/05/2014 03:00:00 AM,1,0,1
03/05/2014 04:00:00 AM,2,0,2
03/05/2014 05:00:00 AM,9,1,8
03/05/2014 06:00:00 AM,33,5,28
03/05/2014 07:00:00 AM,59,8,51
03/05/2014 08:00:00 AM,63,8,55
03/05/2014 09:00:00 AM,18,1,17
03/05/2014 10:00:00 AM,16,5,11
03/05/2014 11:00:00 AM,6,1,5
03/05/2014 12:00:00 PM,16,5,11
03/05/2014 01:00:00 PM,12,3,9
03/05/2014 02:00:00 PM,19,11,8
03/05/2014 03:00:00 PM,23,18,5
03/05/2014 04:00:00 PM,36,25,11
03/05/2014 05:00:00 PM,53,45,8
03/05/2014 06:00:00 PM,49,44,5
03/05/2014 07:00:00 PM,16,13,3
03/05/2014 08:00:00 PM,14,11,3
03/05/2014 09:00:00 PM,9,8,1
03/05/2014 10:00:00 PM,4,3,1
03/05/2014 11:00:00 PM,4,2,2
03/06/2014 12:00:00 AM,1,1,0
03/06/2014 01:00:00 AM,0,0,0
03/06/2014 02:00:00 AM,2,1,1
03/06/2014 03:00:00 AM,1,0,1
03/06/2014 04:00:00 AM,2,0,2
03/06/2014 05:00:00 AM,11,2,9
03/06/2014 06:00:00 AM,34,6,28
03/06/2014 07:00:00 AM,56,5,51
03/06/2014 08:00:00 AM,66,6,60
03/06/2014 09:00:00 AM,28,3,25
03/06/2014 10:00:00 AM,7,2,5
03/06/2014 11:00:00 AM,5,2,3
03/06/2014 12:00:00 PM,12,6,6
03/06/2014 01:00:00 PM,10,1,9
03/06/2014 02:00:00 PM,10,2,8
03/06/2014 03:00:00 PM,24,19,5
03/06/2014 04:00:00 PM,43,29,14
03/06/2014 05:00:00 PM,62,54,8
03/06/2014 06:00:00 PM,56,44,12
03/06/2014 07:00:00 PM,20,16,4
03/06/2014 08:00:00 PM,12,9,3
03/06/2014 09:00:00 PM,9,4,5
03/06/2014 10:00:00 PM,5,4,1
03/06/2014 11:00:00 PM,3,3,0
03/07/2014 12:00:00 AM,7,5,2
03/07/2014 01:00:00 AM,1,1,0
03/07/2014 02:00:00 AM,3,2,1
03/07/2014 03:00:00 AM,2,1,1
03/07/2014 04:00:00 AM,4,0,4
03/07/2014 05:00:00 AM,14,2,12
03/07/2014 06:00:00 AM,45,8,37
03/07/2014 07:00:00 AM,93,18,75
03/07/2014 08:00:00 AM,67,3,64
03/07/2014 09:00:00 AM,33,8,25
03/07/2014 10:00:00 AM,28,7,21
03/07/2014 11:00:00 AM,14,3,11
03/07/2014 12:00:00 PM,17,6,11
03/07/2014 01:00:00 PM,33,13,20
03/07/2014 02:00:00 PM,26,15,11
03/07/2014 03:00:00 PM,54,39,15
03/07/2014 04:00:00 PM,69,50,19
03/07/2014 05:00:00 PM,100,85,15
03/07/2014 06:00:00 PM,64,50,14
03/07/2014 07:00:00 PM,19,13,6
03/07/2014 08:00:00 PM,14,10,4
03/07/2014 09:00:00 PM,5,5,0
03/07/2014 10:00:00 PM,3,2,1
03/07/2014 11:00:00 PM,5,2,3
03/08/2014 12:00:00 AM,3,3,0
03/08/2014 01:00:00 AM,0,0,0
03/08/2014 02:00:00 AM,1,1,0
03/08/2014 03:00:00 AM,6,2,4
03/08/2014 04:00:00 AM,3,1,2
03/08/2014 05:00:00 AM,2,0,2
03/08/2014 06:00:00 AM,9,2,7
03/08/2014 07:00:00 AM,10,4,6
03/08/2014 08:00:00 AM,29,9,20
03/08/2014 09:00:00 AM,33,19,14
03/08/2014 10:00:00 AM,31,15,16
03/08/2014 11:00:00 AM,24,12,12
03/08/2014 12:00:00 PM,12,5,7
03/08/2014 01:00:00 PM,12,7,5
03/08/2014 02:00:00 PM,6,3,3
03/08/2014 03:00:00 PM,10,6,4
03/08/2014 04:00:00 PM,5,1,4
03/08/2014 05:00:00 PM,3,3,0
03/08/2014 06:00:00 PM,2,2,0
03/08/2014 07:00:00 PM,3,1,2
03/08/2014 08:00:00 PM,0,0,0
03/08/2014 09:00:00 PM,1,1,0
03/08/2014 10:00:00 PM,0,0,0
03/08/2014 11:00:00 PM,1,0,1
03/09/2014 12:00:00 AM,2,2,0
03/09/2014 01:00:00 AM,0,0,0
03/09/2014 02:00:00 AM,0,0,0
03/09/2014 03:00:00 AM,2,2,0
03/09/2014 04:00:00 AM,1,0,1
03/09/2014 05:00:00 AM,2,1,1
03/09/2014 06:00:00 AM,1,1,0
03/09/2014 07:00:00 AM,0,0,0
03/09/2014 08:00:00 AM,1,0,1
03/09/2014 09:00:00 AM,6,2,4
03/09/2014 10:00:00 AM,12,4,8
03/09/2014 11:00:00 AM,17,10,7
03/09/2014 12:00:00 PM,31,18,13
03/09/2014 01:00:00 PM,40,16,24
03/09/2014 02:00:00 PM,43,20,23
03/09/2014 03:00:00 PM,54,40,14
03/09/2014 04:00:00 PM,40,16,24
03/09/2014 05:00:00 PM,13,5,8
03/09/2014 06:00:00 PM,13,3,10
03/09/2014 07:00:00 PM,6,2,4
03/09/2014 08:00:00 PM,3,0,3
03/09/2014 09:00:00 PM,2,2,0
03/09/2014 10:00:00 PM,3,2,1
03/09/2014 11:00:00 PM,0,0,0
03/10/2014 12:00:00 AM,1,1,0
03/10/2014 01:00:00 AM,0,0,0
03/10/2014 02:00:00 AM,0,0,0
03/10/2014 03:00:00 AM,3,2,1
03/10/2014 04:00:00 AM,3,1,2
03/10/2014 05:00:00 AM,9,4,5
03/10/2014 06:00:00 AM,42,6,36
03/10/2014 07:00:00 AM,62,11,51
03/10/2014 08:00:00 AM,55,9,46
03/10/2014 09:00:00 AM,32,2,30
03/10/2014 10:00:00 AM,10,0,10
03/10/2014 11:00:00 AM,7,2,5
03/10/2014 12:00:00 PM,6,0,6
03/10/2014 01:00:00 PM,8,4,4
03/10/2014 02:00:00 PM,14,7,7
03/10/2014 03:00:00 PM,23,14,9
03/10/2014 04:00:00 PM,65,44,21
03/10/2014 05:00:00 PM,63,54,9
03/10/2014 06:00:00 PM,54,47,7
03/10/2014 07:00:00 PM,22,20,2
03/10/2014 08:00:00 PM,5,4,1
03/10/2014 09:00:00 PM,3,3,0
03/10/2014 10:00:00 PM,6,5,1
03/10/2014 11:00:00 PM,2,2,0
03/11/2014 12:00:00 AM,1,1,0
03/11/2014 01:00:00 AM,0,0,0
03/11/2014 02:00:00 AM,1,1,0
03/11/2014 03:00:00 AM,1,1,0
03/11/2014 04:00:00 AM,2,0,2
03/11/2014 05:00:00 AM,18,4,14
03/11/2014 06:00:00 AM,56,10,46
03/11/2014 07:00:00 AM,107,17,90
03/11/2014 08:00:00 AM,94,11,83
03/11/2014 09:00:00 AM,52,10,42
03/11/2014 10:00:00 AM,16,4,12
03/11/2014 11:00:00 AM,22,8,14
03/11/2014 12:00:00 PM,25,15,10
03/11/2014 01:00:00 PM,33,14,19
03/11/2014 02:00:00 PM,31,20,11
03/11/2014 03:00:00 PM,71,51,20
03/11/2014 04:00:00 PM,84,55,29
03/11/2014 05:00:00 PM,146,120,26
03/11/2014 06:00:00 PM,101,83,18
03/11/2014 07:00:00 PM,35,29,6
03/11/2014 08:00:00 PM,12,10,2
03/11/2014 09:00:00 PM,17,11,6
03/11/2014 10:00:00 PM,9,7,2
03/11/2014 11:00:00 PM,0,0,0
03/12/2014 12:00:00 AM,6,4,2
03/12/2014 01:00:00 AM,2,0,2
03/12/2014 02:00:00 AM,1,1,0
03/12/2014 03:00:00 AM,2,1,1
03/12/2014 04:00:00 AM,4,0,4
03/12/2014 05:00:00 AM,19,5,14
03/12/2014 06:00:00 AM,62,12,50
03/12/2014 07:00:00 AM,108,17,91
03/12/2014 08:00:00 AM,120,11,109
03/12/2014 09:00:00 AM,55,6,49
03/12/2014 10:00:00 AM,30,6,24
03/12/2014 11:00:00 AM,19,11,8
03/12/2014 12:00:00 PM,21,8,13
03/12/2014 01:00:00 PM,39,25,14
03/12/2014 02:00:00 PM,47,29,18
03/12/2014 03:00:00 PM,54,38,16
03/12/2014 04:00:00 PM,95,63,32
03/12/2014 05:00:00 PM,141,116,25
03/12/2014 06:00:00 PM,134,108,26
03/12/2014 07:00:00 PM,40,35,5
03/12/2014 08:00:00 PM,22,14,8
03/12/2014 09:00:00 PM,9,4,5
03/12/2014 10:00:00 PM,10,10,0
03/12/2014 11:00:00 PM,7,2,5
03/13/2014 12:00:00 AM,0,0,0
03/13/2014 01:00:00 AM,1,1,0
03/13/2014 02:00:00 AM,1,1,0
03/13/2014 03:00:00 AM,3,2,1
03/13/2014 04:00:00 AM,5,0,5
03/13/2014 05:00:00 AM,21,4,17
03/13/2014 06:00:00 AM,61,7,54
03/13/2014 07:00:00 AM,114,12,102
03/13/2014 08:00:00 AM,83,9,74
03/13/2014 09:00:00 AM,50,9,41
03/13/2014 10:00:00 AM,21,2,19
03/13/2014 11:00:00 AM,17,5,12
03/13/2014 12:00:00 PM,26,15,11
03/13/2014 01:00:00 PM,25,12,13
03/13/2014 02:00:00 PM,30,16,14
03/13/2014 03:00:00 PM,47,31,16
03/13/2014 04:00:00 PM,68,51,17
03/13/2014 05:00:00 PM,127,105,22
03/13/2014 06:00:00 PM,95,75,20
03/13/2014 07:00:00 PM,104,93,11
03/13/2014 08:00:00 PM,24,11,13
03/13/2014 09:00:00 PM,15,6,9
03/13/2014 10:00:00 PM,13,7,6
03/13/2014 11:00:00 PM,10,4,6
03/14/2014 12:00:00 AM,15,4,11
03/14/2014 01:00:00 AM,9,1,8
03/14/2014 02:00:00 AM,0,0,0
03/14/2014 03:00:00 AM,1,0,1
03/14/2014 04:00:00 AM,4,0,4
03/14/2014 05:00:00 AM,12,1,11
03/14/2014 06:00:00 AM,30,5,25
03/14/2014 07:00:00 AM,53,9,44
03/14/2014 08:00:00 AM,64,5,59
03/14/2014 09:00:00 AM,18,1,17
03/14/2014 10:00:00 AM,13,1,12
03/14/2014 11:00:00 AM,10,4,6
03/14/2014 12:00:00 PM,18,9,9
03/14/2014 01:00:00 PM,15,6,9
03/14/2014 02:00:00 PM,20,12,8
03/14/2014 03:00:00 PM,24,20,4
03/14/2014 04:00:00 PM,53,37,16
03/14/2014 05:00:00 PM,52,45,7
03/14/2014 06:00:00 PM,53,44,9
03/14/2014 07:00:00 PM,15,9,6
03/14/2014 08:00:00 PM,11,8,3
03/14/2014 09:00:00 PM,3,3,0
03/14/2014 10:00:00 PM,4,2,2
03/14/2014 11:00:00 PM,5,2,3
03/15/2014 12:00:00 AM,1,1,0
03/15/2014 01:00:00 AM,5,3,2
03/15/2014 02:00:00 AM,3,3,0
03/15/2014 03:00:00 AM,4,2,2
03/15/2014 04:00:00 AM,0,0,0
03/15/2014 05:00:00 AM,2,0,2
03/15/2014 06:00:00 AM,2,0,2
03/15/2014 07:00:00 AM,1,1,0
03/15/2014 08:00:00 AM,26,13,13
03/15/2014 09:00:00 AM,16,6,10
03/15/2014 10:00:00 AM,19,8,11
03/15/2014 11:00:00 AM,24,19,5
03/15/2014 12:00:00 PM,35,12,23
03/15/2014 01:00:00 PM,35,15,20
03/15/2014 02:00:00 PM,28,10,18
03/15/2014 03:00:00 PM,29,15,14
03/15/2014 04:00:00 PM,20,14,6
03/15/2014 05:00:00 PM,19,12,7
03/15/2014 06:00:00 PM,11,7,4
03/15/2014 07:00:00 PM,1,1,0
03/15/2014 08:00:00 PM,5,3,2
03/15/2014 09:00:00 PM,4,1,3
03/15/2014 10:00:00 PM,0,0,0
03/15/2014 11:00:00 PM,2,1,1
03/16/2014 12:00:00 AM,2,1,1
03/16/2014 01:00:00 AM,1,1,0
03/16/2014 02:00:00 AM,1,1,0
03/16/2014 03:00:00 AM,0,0,0
03/16/2014 04:00:00 AM,0,0,0
03/16/2014 05:00:00 AM,3,2,1
03/16/2014 06:00:00 AM,3,1,2
03/16/2014 07:00:00 AM,4,2,2
03/16/2014 08:00:00 AM,1,0,1
03/16/2014 09:00:00 AM,3,0,3
03/16/2014 10:00:00 AM,9,0,9
03/16/2014 11:00:00 AM,3,3,0
03/16/2014 12:00:00 PM,9,3,6
03/16/2014 01:00:00 PM,5,1,4
03/16/2014 02:00:00 PM,6,4,2
03/16/2014 03:00:00 PM,8,4,4
03/16/2014 04:00:00 PM,5,5,0
03/16/2014 05:00:00 PM,3,3,0
03/16/2014 06:00:00 PM,2,0,2
03/16/2014 07:00:00 PM,4,2,2
03/16/2014 08:00:00 PM,1,1,0
03/16/2014 09:00:00 PM,0,0,0
03/16/2014 10:00:00 PM,0,0,0
03/16/2014 11:00:00 PM,2,2,0
03/17/2014 12:00:00 AM,1,0,1
03/17/2014 01:00:00 AM,0,0,0
03/17/2014 02:00:00 AM,0,0,0
03/17/2014 03:00:00 AM,1,0,1
03/17/2014 04:00:00 AM,2,1,1
03/17/2014 05:00:00 AM,15,3,12
03/17/2014 06:00:00 AM,54,7,47
03/17/2014 07:00:00 AM,86,12,74
03/17/2014 08:00:00 AM,86,8,78
03/17/2014 09:00:00 AM,48,8,40
03/17/2014 10:00:00 AM,18,6,12
03/17/2014 11:00:00 AM,15,7,8
03/17/2014 12:00:00 PM,11,4,7
03/17/2014 01:00:00 PM,21,9,12
03/17/2014 02:00:00 PM,26,15,11
03/17/2014 03:00:00 PM,54,40,14
03/17/2014 04:00:00 PM,81,53,28
03/17/2014 05:00:00 PM,116,100,16
03/17/2014 06:00:00 PM,89,74,15
03/17/2014 07:00:00 PM,26,19,7
03/17/2014 08:00:00 PM,14,11,3
03/17/2014 09:00:00 PM,11,8,3
03/17/2014 10:00:00 PM,3,3,0
03/17/2014 11:00:00 PM,3,2,1
03/18/2014 12:00:00 AM,1,1,0
03/18/2014 01:00:00 AM,0,0,0
03/18/2014 02:00:00 AM,0,0,0
03/18/2014 03:00:00 AM,2,1,1
03/18/2014 04:00:00 AM,0,0,0
03/18/2014 05:00:00 AM,22,5,17
03/18/2014 06:00:00 AM,63,14,49
03/18/2014 07:00:00 AM,93,11,82
03/18/2014 08:00:00 AM,102,20,82
03/18/2014 09:00:00 AM,47,8,39
03/18/2014 10:00:00 AM,20,3,17
03/18/2014 11:00:00 AM,24,11,13
03/18/2014 12:00:00 PM,21,3,18
03/18/2014 01:00:00 PM,17,8,9
03/18/2014 02:00:00 PM,24,16,8
03/18/2014 03:00:00 PM,42,28,14
03/18/2014 04:00:00 PM,59,44,15
03/18/2014 05:00:00 PM,115,99,16
03/18/2014 06:00:00 PM,72,62,10
03/18/2014 07:00:00 PM,28,25,3
03/18/2014 08:00:00 PM,14,13,1
03/18/2014 09:00:00 PM,5,5,0
03/18/2014 10:00:00 PM,5,4,1
03/18/2014 11:00:00 PM,4,4,0
03/19/2014 12:00:00 AM,5,3,2
03/19/2014 01:00:00 AM,0,0,0
03/19/2014 02:00:00 AM,3,2,1
03/19/2014 03:00:00 AM,3,3,0
03/19/2014 04:00:00 AM,5,1,4
03/19/2014 05:00:00 AM,15,4,11
03/19/2014 06:00:00 AM,47,6,41
03/19/2014 07:00:00 AM,72,11,61
03/19/2014 08:00:00 AM,83,7,76
03/19/2014 09:00:00 AM,33,3,30
03/19/2014 10:00:00 AM,13,4,9
03/19/2014 11:00:00 AM,13,3,10
03/19/2014 12:00:00 PM,10,2,8
03/19/2014 01:00:00 PM,19,6,13
03/19/2014 02:00:00 PM,17,10,7
03/19/2014 03:00:00 PM,39,29,10
03/19/2014 04:00:00 PM,62,50,12
03/19/2014 05:00:00 PM,75,59,16
03/19/2014 06:00:00 PM,64,54,10
03/19/2014 07:00:00 PM,23,21,2
03/19/2014 08:00:00 PM,12,10,2
03/19/2014 09:00:00 PM,13,11,2
03/19/2014 10:00:00 PM,4,2,2
03/19/2014 11:00:00 PM,5,2,3
03/20/2014 12:00:00 AM,3,3,0
03/20/2014 01:00:00 AM,1,1,0
03/20/2014 02:00:00 AM,2,1,1
03/20/2014 03:00:00 AM,2,0,2
03/20/2014 04:00:00 AM,3,1,2
03/20/2014 05:00:00 AM,18,2,16
03/20/2014 06:00:00 AM,59,10,49
03/20/2014 07:00:00 AM,74,8,66
03/20/2014 08:00:00 AM,92,8,84
03/20/2014 09:00:00 AM,39,4,35
03/20/2014 10:00:00 AM,14,4,10
03/20/2014 11:00:00 AM,19,7,12
03/20/2014 12:00:00 PM,24,10,14
03/20/2014 01:00:00 PM,19,9,10
03/20/2014 02:00:00 PM,25,18,7
03/20/2014 03:00:00 PM,47,32,15
03/20/2014 04:00:00 PM,64,43,21
03/20/2014 05:00:00 PM,105,92,13
03/20/2014 06:00:00 PM,62,45,17
03/20/2014 07:00:00 PM,35,29,6
03/20/2014 08:00:00 PM,19,16,3
03/20/2014 09:00:00 PM,9,4,5
03/20/2014 10:00:00 PM,5,4,1
03/20/2014 11:00:00 PM,5,5,0
03/21/2014 12:00:00 AM,0,0,0
03/21/2014 01:00:00 AM,0,0,0
03/21/2014 02:00:00 AM,2,2,0
03/21/2014 03:00:00 AM,4,3,1
03/21/2014 04:00:00 AM,4,0,4
03/21/2014 05:00:00 AM,11,1,10
03/21/2014 06:00:00 AM,42,10,32
03/21/2014 07:00:00 AM,81,8,73
03/21/2014 08:00:00 AM,86,14,72
03/21/2014 09:00:00 AM,51,8,43
03/21/2014 10:00:00 AM,28,9,19
03/21/2014 11:00:00 AM,24,10,14
03/21/2014 12:00:00 PM,26,13,13
03/21/2014 01:00:00 PM,34,18,16
03/21/2014 02:00:00 PM,41,27,14
03/21/2014 03:00:00 PM,45,31,14
03/21/2014 04:00:00 PM,75,56,19
03/21/2014 05:00:00 PM,94,69,25
03/21/2014 06:00:00 PM,76,63,13
03/21/2014 07:00:00 PM,22,14,8
03/21/2014 08:00:00 PM,10,7,3
03/21/2014 09:00:00 PM,3,1,2
03/21/2014 10:00:00 PM,0,0,0
03/21/2014 11:00:00 PM,5,1,4
03/22/2014 12:00:00 AM,3,1,2
03/22/2014 01:00:00 AM,3,2,1
03/22/2014 02:00:00 AM,1,1,0
03/22/2014 03:00:00 AM,1,0,1
03/22/2014 04:00:00 AM,0,0,0
03/22/2014 05:00:00 AM,2,0,2
03/22/2014 06:00:00 AM,3,0,3
03/22/2014 07:00:00 AM,11,1,10
03/22/2014 08:00:00 AM,23,7,16
03/22/2014 09:00:00 AM,35,14,21
03/22/2014 10:00:00 AM,70,37,33
03/22/2014 11:00:00 AM,59,32,27
03/22/2014 12:00:00 PM,52,27,25
03/22/2014 01:00:00 PM,46,24,22
03/22/2014 02:00:00 PM,53,19,34
03/22/2014 03:00:00 PM,50,31,19
03/22/2014 04:00:00 PM,44,21,23
03/22/2014 05:00:00 PM,42,16,26
03/22/2014 06:00:00 PM,19,13,6
03/22/2014 07:00:00 PM,10,8,2
03/22/2014 08:00:00 PM,6,4,2
03/22/2014 09:00:00 PM,3,1,2
03/22/2014 10:00:00 PM,11,8,3
03/22/2014 11:00:00 PM,5,3,2
03/23/2014 12:00:00 AM,4,4,0
03/23/2014 01:00:00 AM,0,0,0
03/23/2014 02:00:00 AM,1,1,0
03/23/2014 03:00:00 AM,1,0,1
03/23/2014 04:00:00 AM,0,0,0
03/23/2014 05:00:00 AM,2,1,1
03/23/2014 06:00:00 AM,4,1,3
03/23/2014 07:00:00 AM,7,2,5
03/23/2014 08:00:00 AM,16,3,13
03/23/2014 09:00:00 AM,44,25,19
03/23/2014 10:00:00 AM,45,25,20
03/23/2014 11:00:00 AM,64,32,32
03/23/2014 12:00:00 PM,58,37,21
03/23/2014 01:00:00 PM,71,30,41
03/23/2014 02:00:00 PM,81,35,46
03/23/2014 03:00:00 PM,79,42,37
03/23/2014 04:00:00 PM,68,37,31
03/23/2014 05:00:00 PM,55,16,39
03/23/2014 06:00:00 PM,19,10,9
03/23/2014 07:00:00 PM,16,10,6
03/23/2014 08:00:00 PM,11,8,3
03/23/2014 09:00:00 PM,6,5,1
03/23/2014 10:00:00 PM,3,0,3
03/23/2014 11:00:00 PM,1,1,0
03/24/2014 12:00:00 AM,2,2,0
03/24/2014 01:00:00 AM,1,0,1
03/24/2014 02:00:00 AM,0,0,0
03/24/2014 03:00:00 AM,1,0,1
03/24/2014 04:00:00 AM,5,0,5
03/24/2014 05:00:00 AM,22,4,18
03/24/2014 06:00:00 AM,66,12,54
03/24/2014 07:00:00 AM,111,10,101
03/24/2014 08:00:00 AM,105,10,95
03/24/2014 09:00:00 AM,54,5,49
03/24/2014 10:00:00 AM,26,13,13
03/24/2014 11:00:00 AM,17,8,9
03/24/2014 12:00:00 PM,20,8,12
03/24/2014 01:00:00 PM,42,19,23
03/24/2014 02:00:00 PM,40,24,16
03/24/2014 03:00:00 PM,83,56,27
03/24/2014 04:00:00 PM,117,92,25
03/24/2014 05:00:00 PM,164,129,35
03/24/2014 06:00:00 PM,102,78,24
03/24/2014 07:00:00 PM,49,33,16
03/24/2014 08:00:00 PM,21,12,9
03/24/2014 09:00:00 PM,11,8,3
03/24/2014 10:00:00 PM,8,6,2
03/24/2014 11:00:00 PM,6,4,2
03/25/2014 12:00:00 AM,5,4,1
03/25/2014 01:00:00 AM,0,0,0
03/25/2014 02:00:00 AM,1,1,0
03/25/2014 03:00:00 AM,1,1,0
03/25/2014 04:00:00 AM,4,1,3
03/25/2014 05:00:00 AM,24,6,18
03/25/2014 06:00:00 AM,54,11,43
03/25/2014 07:00:00 AM,91,21,70
03/25/2014 08:00:00 AM,71,10,61
03/25/2014 09:00:00 AM,34,3,31
03/25/2014 10:00:00 AM,6,2,4
03/25/2014 11:00:00 AM,6,3,3
03/25/2014 12:00:00 PM,13,8,5
03/25/2014 01:00:00 PM,8,3,5
03/25/2014 02:00:00 PM,13,8,5
03/25/2014 03:00:00 PM,29,18,11
03/25/2014 04:00:00 PM,47,40,7
03/25/2014 05:00:00 PM,65,61,4
03/25/2014 06:00:00 PM,55,47,8
03/25/2014 07:00:00 PM,19,17,2
03/25/2014 08:00:00 PM,12,9,3
03/25/2014 09:00:00 PM,7,5,2
03/25/2014 10:00:00 PM,2,1,1
03/25/2014 11:00:00 PM,0,0,0
03/26/2014 12:00:00 AM,1,0,1
03/26/2014 01:00:00 AM,0,0,0
03/26/2014 02:00:00 AM,2,1,1
03/26/2014 03:00:00 AM,3,1,2
03/26/2014 04:00:00 AM,3,1,2
03/26/2014 05:00:00 AM,18,4,14
03/26/2014 06:00:00 AM,44,6,38
03/26/2014 07:00:00 AM,72,15,57
03/26/2014 08:00:00 AM,79,5,74
03/26/2014 09:00:00 AM,31,5,26
03/26/2014 10:00:00 AM,13,3,10
03/26/2014 11:00:00 AM,13,4,9
03/26/2014 12:00:00 PM,9,4,5
03/26/2014 01:00:00 PM,18,6,12
03/26/2014 02:00:00 PM,11,8,3
03/26/2014 03:00:00 PM,32,27,5
03/26/2014 04:00:00 PM,49,34,15
03/26/2014 05:00:00 PM,87,78,9
03/26/2014 06:00:00 PM,52,44,8
03/26/2014 07:00:00 PM,16,15,1
03/26/2014 08:00:00 PM,13,9,4
03/26/2014 09:00:00 PM,6,6,0
03/26/2014 10:00:00 PM,4,4,0
03/26/2014 11:00:00 PM,4,3,1
03/27/2014 12:00:00 AM,2,1,1
03/27/2014 01:00:00 AM,3,0,3
03/27/2014 02:00:00 AM,1,0,1
03/27/2014 03:00:00 AM,2,0,2
03/27/2014 04:00:00 AM,2,1,1
03/27/2014 05:00:00 AM,16,2,14
03/27/2014 06:00:00 AM,51,9,42
03/27/2014 07:00:00 AM,76,10,66
03/27/2014 08:00:00 AM,68,4,64
03/27/2014 09:00:00 AM,33,8,25
03/27/2014 10:00:00 AM,10,2,8
03/27/2014 11:00:00 AM,7,2,5
03/27/2014 12:00:00 PM,21,10,11
03/27/2014 01:00:00 PM,13,6,7
03/27/2014 02:00:00 PM,24,12,12
03/27/2014 03:00:00 PM,39,25,14
03/27/2014 04:00:00 PM,57,46,11
03/27/2014 05:00:00 PM,92,70,22
03/27/2014 06:00:00 PM,77,64,13
03/27/2014 07:00:00 PM,24,17,7
03/27/2014 08:00:00 PM,12,8,4
03/27/2014 09:00:00 PM,12,8,4
03/27/2014 10:00:00 PM,5,2,3
03/27/2014 11:00:00 PM,4,3,1
03/28/2014 12:00:00 AM,2,1,1
03/28/2014 01:00:00 AM,1,1,0
03/28/2014 02:00:00 AM,2,1,1
03/28/2014 03:00:00 AM,2,1,1
03/28/2014 04:00:00 AM,3,0,3
03/28/2014 05:00:00 AM,15,2,13
03/28/2014 06:00:00 AM,25,5,20
03/28/2014 07:00:00 AM,43,4,39
03/28/2014 08:00:00 AM,47,3,44
03/28/2014 09:00:00 AM,18,5,13
03/28/2014 10:00:00 AM,10,2,8
03/28/2014 11:00:00 AM,8,3,5
03/28/2014 12:00:00 PM,6,2,4
03/28/2014 01:00:00 PM,6,4,2
03/28/2014 02:00:00 PM,16,12,4
03/28/2014 03:00:00 PM,14,8,6
03/28/2014 04:00:00 PM,39,34,5
03/28/2014 05:00:00 PM,46,41,5
03/28/2014 06:00:00 PM,30,25,5
03/28/2014 07:00:00 PM,16,15,1
03/28/2014 08:00:00 PM,7,5,2
03/28/2014 09:00:00 PM,3,2,1
03/28/2014 10:00:00 PM,2,1,1
03/28/2014 11:00:00 PM,4,3,1
03/29/2014 12:00:00 AM,0,0,0
03/29/2014 01:00:00 AM,2,2,0
03/29/2014 02:00:00 AM,1,0,1
03/29/2014 03:00:00 AM,1,1,0
03/29/2014 04:00:00 AM,1,0,1
03/29/2014 05:00:00 AM,3,0,3
03/29/2014 06:00:00 AM,1,0,1
03/29/2014 07:00:00 AM,5,1,4
03/29/2014 08:00:00 AM,7,3,4
03/29/2014 09:00:00 AM,7,2,5
03/29/2014 10:00:00 AM,6,0,6
03/29/2014 11:00:00 AM,6,3,3
03/29/2014 12:00:00 PM,8,4,4
03/29/2014 01:00:00 PM,13,11,2
03/29/2014 02:00:00 PM,13,6,7
03/29/2014 03:00:00 PM,12,5,7
03/29/2014 04:00:00 PM,4,1,3
03/29/2014 05:00:00 PM,8,4,4
03/29/2014 06:00:00 PM,8,4,4
03/29/2014 07:00:00 PM,5,1,4
03/29/2014 08:00:00 PM,3,3,0
03/29/2014 09:00:00 PM,1,0,1
03/29/2014 10:00:00 PM,2,0,2
03/29/2014 11:00:00 PM,0,0,0
03/30/2014 12:00:00 AM,0,0,0
03/30/2014 01:00:00 AM,3,3,0
03/30/2014 02:00:00 AM,0,0,0
03/30/2014 03:00:00 AM,0,0,0
03/30/2014 04:00:00 AM,2,1,1
03/30/2014 05:00:00 AM,0,0,0
03/30/2014 06:00:00 AM,9,2,7
03/30/2014 07:00:00 AM,6,1,5
03/30/2014 08:00:00 AM,7,4,3
03/30/2014 09:00:00 AM,22,10,12
03/30/2014 10:00:00 AM,14,3,11
03/30/2014 11:00:00 AM,30,16,14
03/30/2014 12:00:00 PM,32,11,21
03/30/2014 01:00:00 PM,33,20,13
03/30/2014 02:00:00 PM,39,28,11
03/30/2014 03:00:00 PM,37,14,23
03/30/2014 04:00:00 PM,32,15,17
03/30/2014 05:00:00 PM,20,14,6
03/30/2014 06:00:00 PM,13,4,9
03/30/2014 07:00:00 PM,10,3,7
03/30/2014 08:00:00 PM,5,3,2
03/30/2014 09:00:00 PM,1,0,1
03/30/2014 10:00:00 PM,3,1,2
03/30/2014 11:00:00 PM,6,2,4
03/31/2014 12:00:00 AM,1,1,0
03/31/2014 01:00:00 AM,0,0,0
03/31/2014 02:00:00 AM,2,0,2
03/31/2014 03:00:00 AM,2,0,2
03/31/2014 04:00:00 AM,5,2,3
03/31/2014 05:00:00 AM,20,1,19
03/31/2014 06:00:00 AM,67,14,53
03/31/2014 07:00:00 AM,101,12,89
03/31/2014 08:00:00 AM,112,8,104
03/31/2014 09:00:00 AM,58,10,48
03/31/2014 10:00:00 AM,26,4,22
03/31/2014 11:00:00 AM,24,8,16
03/31/2014 12:00:00 PM,24,8,16
03/31/2014 01:00:00 PM,29,16,13
03/31/2014 02:00:00 PM,31,17,14
03/31/2014 03:00:00 PM,60,37,23
03/31/2014 04:00:00 PM,87,61,26
03/31/2014 05:00:00 PM,158,134,24
03/31/2014 06:00:00 PM,120,95,25
03/31/2014 07:00:00 PM,47,33,14
03/31/2014 08:00:00 PM,15,12,3
03/31/2014 09:00:00 PM,9,8,1
03/31/2014 10:00:00 PM,10,6,4
03/31/2014 11:00:00 PM,2,2,0
04/01/2014 12:00:00 AM,3,3,0
04/01/2014 01:00:00 AM,0,0,0
04/01/2014 02:00:00 AM,0,0,0
04/01/2014 03:00:00 AM,0,0,0
04/01/2014 04:00:00 AM,3,0,3
04/01/2014 05:00:00 AM,28,6,22
04/01/2014 06:00:00 AM,66,10,56
04/01/2014 07:00:00 AM,123,20,103
04/01/2014 08:00:00 AM,122,14,108
04/01/2014 09:00:00 AM,53,10,43
04/01/2014 10:00:00 AM,28,5,23
04/01/2014 11:00:00 AM,17,9,8
04/01/2014 12:00:00 PM,24,9,15
04/01/2014 01:00:00 PM,24,8,16
04/01/2014 02:00:00 PM,35,23,12
04/01/2014 03:00:00 PM,52,33,19
04/01/2014 04:00:00 PM,98,74,24
04/01/2014 05:00:00 PM,155,129,26
04/01/2014 06:00:00 PM,113,90,23
04/01/2014 07:00:00 PM,44,35,9
04/01/2014 08:00:00 PM,26,14,12
04/01/2014 09:00:00 PM,12,10,2
04/01/2014 10:00:00 PM,9,6,3
04/01/2014 11:00:00 PM,5,5,0
04/02/2014 12:00:00 AM,2,2,0
04/02/2014 01:00:00 AM,2,1,1
04/02/2014 02:00:00 AM,1,0,1
04/02/2014 03:00:00 AM,2,1,1
04/02/2014 04:00:00 AM,4,0,4
04/02/2014 05:00:00 AM,22,4,18
04/02/2014 06:00:00 AM,66,14,52
04/02/2014 07:00:00 AM,101,17,84
04/02/2014 08:00:00 AM,113,10,103
04/02/2014 09:00:00 AM,39,1,38
04/02/2014 10:00:00 AM,25,6,19
04/02/2014 11:00:00 AM,14,6,8
04/02/2014 12:00:00 PM,24,11,13
04/02/2014 01:00:00 PM,29,14,15
04/02/2014 02:00:00 PM,34,16,18
04/02/2014 03:00:00 PM,51,29,22
04/02/2014 04:00:00 PM,82,57,25
04/02/2014 05:00:00 PM,146,126,20
04/02/2014 06:00:00 PM,97,76,21
04/02/2014 07:00:00 PM,42,31,11
04/02/2014 08:00:00 PM,26,17,9
04/02/2014 09:00:00 PM,16,15,1
04/02/2014 10:00:00 PM,5,5,0
04/02/2014 11:00:00 PM,4,3,1
04/03/2014 12:00:00 AM,3,2,1
04/03/2014 01:00:00 AM,3,3,0
04/03/2014 02:00:00 AM,2,1,1
04/03/2014 03:00:00 AM,4,2,2
04/03/2014 04:00:00 AM,6,2,4
04/03/2014 05:00:00 AM,24,3,21
04/03/2014 06:00:00 AM,52,12,40
04/03/2014 07:00:00 AM,88,10,78
04/03/2014 08:00:00 AM,100,15,85
04/03/2014 09:00:00 AM,37,7,30
04/03/2014 10:00:00 AM,14,1,13
04/03/2014 11:00:00 AM,10,4,6
04/03/2014 12:00:00 PM,14,8,6
04/03/2014 01:00:00 PM,25,10,15
04/03/2014 02:00:00 PM,30,13,17
04/03/2014 03:00:00 PM,22,16,6
04/03/2014 04:00:00 PM,54,39,15
04/03/2014 05:00:00 PM,86,74,12
04/03/2014 06:00:00 PM,57,50,7
04/03/2014 07:00:00 PM,20,17,3
04/03/2014 08:00:00 PM,9,6,3
04/03/2014 09:00:00 PM,6,4,2
04/03/2014 10:00:00 PM,6,4,2
04/03/2014 11:00:00 PM,3,3,0
04/04/2014 12:00:00 AM,2,2,0
04/04/2014 01:00:00 AM,0,0,0
04/04/2014 02:00:00 AM,0,0,0
04/04/2014 03:00:00 AM,2,0,2
04/04/2014 04:00:00 AM,3,0,3
04/04/2014 05:00:00 AM,15,2,13
04/04/2014 06:00:00 AM,39,7,32
04/04/2014 07:00:00 AM,78,10,68
04/04/2014 08:00:00 AM,74,5,69
04/04/2014 09:00:00 AM,35,4,31
04/04/2014 10:00:00 AM,15,5,10
04/04/2014 11:00:00 AM,12,5,7
04/04/2014 12:00:00 PM,18,5,13
04/04/2014 01:00:00 PM,13,8,5
04/04/2014 02:00:00 PM,27,21,6
04/04/2014 03:00:00 PM,39,21,18
04/04/2014 04:00:00 PM,75,53,22
04/04/2014 05:00:00 PM,93,77,16
04/04/2014 06:00:00 PM,68,57,11
04/04/2014 07:00:00 PM,22,15,7
04/04/2014 08:00:00 PM,17,14,3
04/04/2014 09:00:00 PM,3,3,0
04/04/2014 10:00:00 PM,7,5,2
04/04/2014 11:00:00 PM,5,3,2
04/05/2014 12:00:00 AM,3,2,1
04/05/2014 01:00:00 AM,2,1,1
04/05/2014 02:00:00 AM,3,3,0
04/05/2014 03:00:00 AM,1,1,0
04/05/2014 04:00:00 AM,2,1,1
04/05/2014 05:00:00 AM,4,1,3
04/05/2014 06:00:00 AM,4,2,2
04/05/2014 07:00:00 AM,4,1,3
04/05/2014 08:00:00 AM,22,10,12
04/05/2014 09:00:00 AM,26,8,18
04/05/2014 10:00:00 AM,16,3,13
04/05/2014 11:00:00 AM,38,24,14
04/05/2014 12:00:00 PM,27,17,10
04/05/2014 01:00:00 PM,27,17,10
04/05/2014 02:00:00 PM,29,10,19
04/05/2014 03:00:00 PM,9,5,4
04/05/2014 04:00:00 PM,16,6,10
04/05/2014 05:00:00 PM,12,7,5
04/05/2014 06:00:00 PM,7,6,1
04/05/2014 07:00:00 PM,7,5,2
04/05/2014 08:00:00 PM,5,2,3
04/05/2014 09:00:00 PM,5,4,1
04/05/2014 10:00:00 PM,3,1,2
04/05/2014 11:00:00 PM,3,0,3
04/06/2014 12:00:00 AM,3,3,0
04/06/2014 01:00:00 AM,2,1,1
04/06/2014 02:00:00 AM,3,3,0
04/06/2014 03:00:00 AM,2,0,2
04/06/2014 04:00:00 AM,0,0,0
04/06/2014 05:00:00 AM,3,2,1
04/06/2014 06:00:00 AM,3,1,2
04/06/2014 07:00:00 AM,9,3,6
04/06/2014 08:00:00 AM,16,9,7
04/06/2014 09:00:00 AM,33,13,20
04/06/2014 10:00:00 AM,26,9,17
04/06/2014 11:00:00 AM,50,27,23
04/06/2014 12:00:00 PM,62,34,28
04/06/2014 01:00:00 PM,52,19,33
04/06/2014 02:00:00 PM,41,18,23
04/06/2014 03:00:00 PM,47,24,23
04/06/2014 04:00:00 PM,51,21,30
04/06/2014 05:00:00 PM,21,18,3
04/06/2014 06:00:00 PM,26,15,11
04/06/2014 07:00:00 PM,9,6,3
04/06/2014 08:00:00 PM,4,4,0
04/06/2014 09:00:00 PM,3,0,3
04/06/2014 10:00:00 PM,4,2,2
04/06/2014 11:00:00 PM,0,0,0
04/07/2014 12:00:00 AM,2,2,0
04/07/2014 01:00:00 AM,1,0,1
04/07/2014 02:00:00 AM,1,0,1
04/07/2014 03:00:00 AM,1,0,1
04/07/2014 04:00:00 AM,4,1,3
04/07/2014 05:00:00 AM,17,2,15
04/07/2014 06:00:00 AM,74,14,60
04/07/2014 07:00:00 AM,139,21,118
04/07/2014 08:00:00 AM,126,16,110
04/07/2014 09:00:00 AM,73,11,62
04/07/2014 10:00:00 AM,24,6,18
04/07/2014 11:00:00 AM,39,18,21
04/07/2014 12:00:00 PM,47,16,31
04/07/2014 01:00:00 PM,39,18,21
04/07/2014 02:00:00 PM,58,37,21
04/07/2014 03:00:00 PM,80,49,31
04/07/2014 04:00:00 PM,134,94,40
04/07/2014 05:00:00 PM,204,159,45
04/07/2014 06:00:00 PM,142,113,29
04/07/2014 07:00:00 PM,49,35,14
04/07/2014 08:00:00 PM,20,15,5
04/07/2014 09:00:00 PM,20,10,10
04/07/2014 10:00:00 PM,12,10,2
04/07/2014 11:00:00 PM,2,2,0
04/08/2014 12:00:00 AM,4,3,1
04/08/2014 01:00:00 AM,2,2,0
04/08/2014 02:00:00 AM,3,2,1
04/08/2014 03:00:00 AM,0,0,0
04/08/2014 04:00:00 AM,3,1,2
04/08/2014 05:00:00 AM,20,6,14
04/08/2014 06:00:00 AM,48,12,36
04/08/2014 07:00:00 AM,109,12,97
04/08/2014 08:00:00 AM,102,9,93
04/08/2014 09:00:00 AM,39,7,32
04/08/2014 10:00:00 AM,17,1,16
04/08/2014 11:00:00 AM,15,6,9
04/08/2014 12:00:00 PM,13,8,5
04/08/2014 01:00:00 PM,16,9,7
04/08/2014 02:00:00 PM,20,13,7
04/08/2014 03:00:00 PM,39,27,12
04/08/2014 04:00:00 PM,53,38,15
04/08/2014 05:00:00 PM,87,70,17
04/08/2014 06:00:00 PM,65,58,7
04/08/2014 07:00:00 PM,27,24,3
04/08/2014 08:00:00 PM,12,10,2
04/08/2014 09:00:00 PM,11,10,1
04/08/2014 10:00:00 PM,5,4,1
04/08/2014 11:00:00 PM,4,4,0
04/09/2014 12:00:00 AM,2,2,0
04/09/2014 01:00:00 AM,1,1,0
04/09/2014 02:00:00 AM,1,1,0
04/09/2014 03:00:00 AM,0,0,0
04/09/2014 04:00:00 AM,4,0,4
04/09/2014 05:00:00 AM,17,3,14
04/09/2014 06:00:00 AM,69,18,51
04/09/2014 07:00:00 AM,102,22,80
04/09/2014 08:00:00 AM,112,13,99
04/09/2014 09:00:00 AM,48,7,41
04/09/2014 10:00:00 AM,27,13,14
04/09/2014 11:00:00 AM,25,5,20
04/09/2014 12:00:00 PM,26,10,16
04/09/2014 01:00:00 PM,27,11,16
04/09/2014 02:00:00 PM,33,20,13
04/09/2014 03:00:00 PM,52,31,21
04/09/2014 04:00:00 PM,88,66,22
04/09/2014 05:00:00 PM,138,120,18
04/09/2014 06:00:00 PM,104,83,21
04/09/2014 07:00:00 PM,36,31,5
04/09/2014 08:00:00 PM,25,20,5
04/09/2014 09:00:00 PM,13,10,3
04/09/2014 10:00:00 PM,8,7,1
04/09/2014 11:00:00 PM,4,3,1
04/10/2014 12:00:00 AM,6,4,2
04/10/2014 01:00:00 AM,0,0,0
04/10/2014 02:00:00 AM,2,1,1
04/10/2014 03:00:00 AM,2,0,2
04/10/2014 04:00:00 AM,3,0,3
04/10/2014 05:00:00 AM,21,4,17
04/10/2014 06:00:00 AM,67,13,54
04/10/2014 07:00:00 AM,137,21,116
04/10/2014 08:00:00 AM,107,7,100
04/10/2014 09:00:00 AM,53,6,47
04/10/2014 10:00:00 AM,25,6,19
04/10/2014 11:00:00 AM,18,7,11
04/10/2014 12:00:00 PM,31,19,12
04/10/2014 01:00:00 PM,50,21,29
04/10/2014 02:00:00 PM,31,21,10
04/10/2014 03:00:00 PM,45,28,17
04/10/2014 04:00:00 PM,92,64,28
04/10/2014 05:00:00 PM,163,138,25
04/10/2014 06:00:00 PM,107,87,20
04/10/2014 07:00:00 PM,56,45,11
04/10/2014 08:00:00 PM,25,9,16
04/10/2014 09:00:00 PM,9,5,4
04/10/2014 10:00:00 PM,5,2,3
04/10/2014 11:00:00 PM,13,11,2
04/11/2014 12:00:00 AM,1,0,1
04/11/2014 01:00:00 AM,1,1,0
04/11/2014 02:00:00 AM,3,1,2
04/11/2014 03:00:00 AM,4,2,2
04/11/2014 04:00:00 AM,6,1,5
04/11/2014 05:00:00 AM,28,4,24
04/11/2014 06:00:00 AM,63,12,51
04/11/2014 07:00:00 AM,90,14,76
04/11/2014 08:00:00 AM,115,12,103
04/11/2014 09:00:00 AM,43,10,33
04/11/2014 10:00:00 AM,23,5,18
04/11/2014 11:00:00 AM,19,12,7
04/11/2014 12:00:00 PM,25,12,13
04/11/2014 01:00:00 PM,30,19,11
04/11/2014 02:00:00 PM,37,16,21
04/11/2014 03:00:00 PM,46,34,12
04/11/2014 04:00:00 PM,100,68,32
04/11/2014 05:00:00 PM,141,106,35
04/11/2014 06:00:00 PM,94,73,21
04/11/2014 07:00:00 PM,40,35,5
04/11/2014 08:00:00 PM,15,10,5
04/11/2014 09:00:00 PM,1,0,1
04/11/2014 10:00:00 PM,7,6,1
04/11/2014 11:00:00 PM,6,3,3
04/12/2014 12:00:00 AM,1,1,0
04/12/2014 01:00:00 AM,3,3,0
04/12/2014 02:00:00 AM,4,4,0
04/12/2014 03:00:00 AM,0,0,0
04/12/2014 04:00:00 AM,0,0,0
04/12/2014 05:00:00 AM,1,0,1
04/12/2014 06:00:00 AM,8,5,3
04/12/2014 07:00:00 AM,9,2,7
04/12/2014 08:00:00 AM,22,6,16
04/12/2014 09:00:00 AM,48,19,29
04/12/2014 10:00:00 AM,22,10,12
04/12/2014 11:00:00 AM,57,26,31
04/12/2014 12:00:00 PM,58,32,26
04/12/2014 01:00:00 PM,70,42,28
04/12/2014 02:00:00 PM,57,29,28
04/12/2014 03:00:00 PM,61,29,32
04/12/2014 04:00:00 PM,58,31,27
04/12/2014 05:00:00 PM,54,29,25
04/12/2014 06:00:00 PM,41,22,19
04/12/2014 07:00:00 PM,24,11,13
04/12/2014 08:00:00 PM,10,6,4
04/12/2014 09:00:00 PM,10,4,6
04/12/2014 10:00:00 PM,6,5,1
04/12/2014 11:00:00 PM,7,3,4
04/13/2014 12:00:00 AM,4,1,3
04/13/2014 01:00:00 AM,1,1,0
04/13/2014 02:00:00 AM,7,2,5
04/13/2014 03:00:00 AM,1,1,0
04/13/2014 04:00:00 AM,0,0,0
04/13/2014 05:00:00 AM,0,0,0
04/13/2014 06:00:00 AM,8,3,5
04/13/2014 07:00:00 AM,10,2,8
04/13/2014 08:00:00 AM,15,5,10
04/13/2014 09:00:00 AM,61,24,37
04/13/2014 10:00:00 AM,69,23,46
04/13/2014 11:00:00 AM,94,59,35
04/13/2014 12:00:00 PM,110,62,48
04/13/2014 01:00:00 PM,90,50,40
04/13/2014 02:00:00 PM,107,58,49
04/13/2014 03:00:00 PM,103,49,54
04/13/2014 04:00:00 PM,72,38,34
04/13/2014 05:00:00 PM,53,25,28
04/13/2014 06:00:00 PM,42,18,24
04/13/2014 07:00:00 PM,27,17,10
04/13/2014 08:00:00 PM,9,5,4
04/13/2014 09:00:00 PM,8,4,4
04/13/2014 10:00:00 PM,3,1,2
04/13/2014 11:00:00 PM,4,2,2
04/14/2014 12:00:00 AM,2,2,0
04/14/2014 01:00:00 AM,1,0,1
04/14/2014 02:00:00 AM,1,1,0
04/14/2014 03:00:00 AM,2,2,0
04/14/2014 04:00:00 AM,4,0,4
04/14/2014 05:00:00 AM,19,4,15
04/14/2014 06:00:00 AM,75,18,57
04/14/2014 07:00:00 AM,121,17,104
04/14/2014 08:00:00 AM,108,9,99
04/14/2014 09:00:00 AM,59,7,52
04/14/2014 10:00:00 AM,33,12,21
04/14/2014 11:00:00 AM,29,13,16
04/14/2014 12:00:00 PM,31,17,14
04/14/2014 01:00:00 PM,33,13,20
04/14/2014 02:00:00 PM,48,29,19
04/14/2014 03:00:00 PM,57,39,18
04/14/2014 04:00:00 PM,82,61,21
04/14/2014 05:00:00 PM,162,133,29
04/14/2014 06:00:00 PM,101,88,13
04/14/2014 07:00:00 PM,56,37,19
04/14/2014 08:00:00 PM,23,14,9
04/14/2014 09:00:00 PM,10,6,4
04/14/2014 10:00:00 PM,4,3,1
04/14/2014 11:00:00 PM,2,0,2
04/15/2014 12:00:00 AM,0,0,0
04/15/2014 01:00:00 AM,1,0,1
04/15/2014 02:00:00 AM,0,0,0
04/15/2014 03:00:00 AM,5,2,3
04/15/2014 04:00:00 AM,4,1,3
04/15/2014 05:00:00 AM,21,5,16
04/15/2014 06:00:00 AM,57,8,49
04/15/2014 07:00:00 AM,97,26,71
04/15/2014 08:00:00 AM,105,13,92
04/15/2014 09:00:00 AM,38,3,35
04/15/2014 10:00:00 AM,16,2,14
04/15/2014 11:00:00 AM,26,10,16
04/15/2014 12:00:00 PM,15,7,8
04/15/2014 01:00:00 PM,16,6,10
04/15/2014 02:00:00 PM,24,16,8
04/15/2014 03:00:00 PM,49,34,15
04/15/2014 04:00:00 PM,73,51,22
04/15/2014 05:00:00 PM,115,100,15
04/15/2014 06:00:00 PM,79,63,16
04/15/2014 07:00:00 PM,29,24,5
04/15/2014 08:00:00 PM,16,9,7
04/15/2014 09:00:00 PM,11,7,4
04/15/2014 10:00:00 PM,10,7,3
04/15/2014 11:00:00 PM,4,4,0
04/16/2014 12:00:00 AM,2,2,0
04/16/2014 01:00:00 AM,2,2,0
04/16/2014 02:00:00 AM,2,0,2
04/16/2014 03:00:00 AM,0,0,0
04/16/2014 04:00:00 AM,3,0,3
04/16/2014 05:00:00 AM,15,7,8
04/16/2014 06:00:00 AM,31,8,23
04/16/2014 07:00:00 AM,64,8,56
04/16/2014 08:00:00 AM,72,4,68
04/16/2014 09:00:00 AM,24,5,19
04/16/2014 10:00:00 AM,12,1,11
04/16/2014 11:00:00 AM,10,0,10
04/16/2014 12:00:00 PM,6,2,4
04/16/2014 01:00:00 PM,9,7,2
04/16/2014 02:00:00 PM,12,9,3
04/16/2014 03:00:00 PM,28,20,8
04/16/2014 04:00:00 PM,41,30,11
04/16/2014 05:00:00 PM,62,51,11
04/16/2014 06:00:00 PM,44,39,5
04/16/2014 07:00:00 PM,20,19,1
04/16/2014 08:00:00 PM,9,7,2
04/16/2014 09:00:00 PM,6,3,3
04/16/2014 10:00:00 PM,5,3,2
04/16/2014 11:00:00 PM,5,4,1
04/17/2014 12:00:00 AM,1,1,0
04/17/2014 01:00:00 AM,0,0,0
04/17/2014 02:00:00 AM,3,1,2
04/17/2014 03:00:00 AM,0,0,0
04/17/2014 04:00:00 AM,3,0,3
04/17/2014 05:00:00 AM,14,4,10
04/17/2014 06:00:00 AM,41,9,32
04/17/2014 07:00:00 AM,69,8,61
04/17/2014 08:00:00 AM,62,7,55
04/17/2014 09:00:00 AM,25,4,21
04/17/2014 10:00:00 AM,7,1,6
04/17/2014 11:00:00 AM,8,4,4
04/17/2014 12:00:00 PM,7,5,2
04/17/2014 01:00:00 PM,9,6,3
04/17/2014 02:00:00 PM,9,7,2
04/17/2014 03:00:00 PM,20,15,5
04/17/2014 04:00:00 PM,36,26,10
04/17/2014 05:00:00 PM,75,63,12
04/17/2014 06:00:00 PM,48,39,9
04/17/2014 07:00:00 PM,13,11,2
04/17/2014 08:00:00 PM,5,2,3
04/17/2014 09:00:00 PM,5,2,3
04/17/2014 10:00:00 PM,4,2,2
04/17/2014 11:00:00 PM,2,1,1
04/18/2014 12:00:00 AM,0,0,0
04/18/2014 01:00:00 AM,0,0,0
04/18/2014 02:00:00 AM,1,1,0
04/18/2014 03:00:00 AM,1,1,0
04/18/2014 04:00:00 AM,4,1,3
04/18/2014 05:00:00 AM,17,1,16
04/18/2014 06:00:00 AM,47,12,35
04/18/2014 07:00:00 AM,79,8,71
04/18/2014 08:00:00 AM,76,6,70
04/18/2014 09:00:00 AM,48,11,37
04/18/2014 10:00:00 AM,29,6,23
04/18/2014 11:00:00 AM,36,16,20
04/18/2014 12:00:00 PM,29,23,6
04/18/2014 01:00:00 PM,23,11,12
04/18/2014 02:00:00 PM,34,14,20
04/18/2014 03:00:00 PM,48,28,20
04/18/2014 04:00:00 PM,79,54,25
04/18/2014 05:00:00 PM,111,86,25
04/18/2014 06:00:00 PM,73,55,18
04/18/2014 07:00:00 PM,43,34,9
04/18/2014 08:00:00 PM,16,10,6
04/18/2014 09:00:00 PM,6,3,3
04/18/2014 10:00:00 PM,6,4,2
04/18/2014 11:00:00 PM,1,0,1
04/19/2014 12:00:00 AM,6,5,1
04/19/2014 01:00:00 AM,0,0,0
04/19/2014 02:00:00 AM,1,1,0
04/19/2014 03:00:00 AM,4,1,3
04/19/2014 04:00:00 AM,0,0,0
04/19/2014 05:00:00 AM,4,0,4
04/19/2014 06:00:00 AM,7,3,4
04/19/2014 07:00:00 AM,20,5,15
04/19/2014 08:00:00 AM,29,13,16
04/19/2014 09:00:00 AM,30,15,15
04/19/2014 10:00:00 AM,71,51,20
04/19/2014 11:00:00 AM,24,11,13
04/19/2014 12:00:00 PM,12,8,4
04/19/2014 01:00:00 PM,6,2,4
04/19/2014 02:00:00 PM,7,5,2
04/19/2014 03:00:00 PM,3,2,1
04/19/2014 04:00:00 PM,3,0,3
04/19/2014 05:00:00 PM,9,6,3
04/19/2014 06:00:00 PM,6,5,1
04/19/2014 07:00:00 PM,6,5,1
04/19/2014 08:00:00 PM,3,3,0
04/19/2014 09:00:00 PM,1,0,1
04/19/2014 10:00:00 PM,3,2,1
04/19/2014 11:00:00 PM,3,3,0
04/20/2014 12:00:00 AM,2,0,2
04/20/2014 01:00:00 AM,0,0,0
04/20/2014 02:00:00 AM,0,0,0
04/20/2014 03:00:00 AM,0,0,0
04/20/2014 04:00:00 AM,1,0,1
04/20/2014 05:00:00 AM,0,0,0
04/20/2014 06:00:00 AM,4,2,2
04/20/2014 07:00:00 AM,5,3,2
04/20/2014 08:00:00 AM,16,8,8
04/20/2014 09:00:00 AM,46,24,22
04/20/2014 10:00:00 AM,31,14,17
04/20/2014 11:00:00 AM,68,33,35
04/20/2014 12:00:00 PM,59,26,33
04/20/2014 01:00:00 PM,65,35,30
04/20/2014 02:00:00 PM,42,28,14
04/20/2014 03:00:00 PM,64,30,34
04/20/2014 04:00:00 PM,42,29,13
04/20/2014 05:00:00 PM,46,20,26
04/20/2014 06:00:00 PM,20,7,13
04/20/2014 07:00:00 PM,13,7,6
04/20/2014 08:00:00 PM,3,0,3
04/20/2014 09:00:00 PM,6,2,4
04/20/2014 10:00:00 PM,6,3,3
04/20/2014 11:00:00 PM,3,2,1
04/21/2014 12:00:00 AM,0,0,0
04/21/2014 01:00:00 AM,1,1,0
04/21/2014 02:00:00 AM,1,0,1
04/21/2014 03:00:00 AM,0,0,0
04/21/2014 04:00:00 AM,1,0,1
04/21/2014 05:00:00 AM,25,4,21
04/21/2014 06:00:00 AM,70,12,58
04/21/2014 07:00:00 AM,133,26,107
04/21/2014 08:00:00 AM,95,13,82
04/21/2014 09:00:00 AM,54,12,42
04/21/2014 10:00:00 AM,24,10,14
04/21/2014 11:00:00 AM,15,4,11
04/21/2014 12:00:00 PM,12,6,6
04/21/2014 01:00:00 PM,23,10,13
04/21/2014 02:00:00 PM,25,15,10
04/21/2014 03:00:00 PM,51,32,19
04/21/2014 04:00:00 PM,85,57,28
04/21/2014 05:00:00 PM,146,123,23
04/21/2014 06:00:00 PM,84,76,8
04/21/2014 07:00:00 PM,29,23,6
04/21/2014 08:00:00 PM,14,12,2
04/21/2014 09:00:00 PM,12,12,0
04/21/2014 10:00:00 PM,6,4,2
04/21/2014 11:00:00 PM,1,1,0
04/22/2014 12:00:00 AM,0,0,0
04/22/2014 01:00:00 AM,1,1,0
04/22/2014 02:00:00 AM,0,0,0
04/22/2014 03:00:00 AM,1,0,1
04/22/2014 04:00:00 AM,1,0,1
04/22/2014 05:00:00 AM,13,4,9
04/22/2014 06:00:00 AM,45,5,40
04/22/2014 07:00:00 AM,87,14,73
04/22/2014 08:00:00 AM,58,4,54
04/22/2014 09:00:00 AM,38,5,33
04/22/2014 10:00:00 AM,16,2,14
04/22/2014 11:00:00 AM,17,9,8
04/22/2014 12:00:00 PM,19,6,13
04/22/2014 01:00:00 PM,13,6,7
04/22/2014 02:00:00 PM,17,13,4
04/22/2014 03:00:00 PM,36,23,13
04/22/2014 04:00:00 PM,60,45,15
04/22/2014 05:00:00 PM,95,74,21
04/22/2014 06:00:00 PM,64,52,12
04/22/2014 07:00:00 PM,30,21,9
04/22/2014 08:00:00 PM,8,5,3
04/22/2014 09:00:00 PM,4,1,3
04/22/2014 10:00:00 PM,2,2,0
04/22/2014 11:00:00 PM,3,3,0
04/23/2014 12:00:00 AM,2,2,0
04/23/2014 01:00:00 AM,2,0,2
04/23/2014 02:00:00 AM,2,2,0
04/23/2014 03:00:00 AM,1,1,0
04/23/2014 04:00:00 AM,2,1,1
04/23/2014 05:00:00 AM,15,2,13
04/23/2014 06:00:00 AM,60,9,51
04/23/2014 07:00:00 AM,97,18,79
04/23/2014 08:00:00 AM,99,10,89
04/23/2014 09:00:00 AM,35,8,27
04/23/2014 10:00:00 AM,16,3,13
04/23/2014 11:00:00 AM,14,3,11
04/23/2014 12:00:00 PM,16,6,10
04/23/2014 01:00:00 PM,18,10,8
04/23/2014 02:00:00 PM,24,16,8
04/23/2014 03:00:00 PM,30,19,11
04/23/2014 04:00:00 PM,77,57,20
04/23/2014 05:00:00 PM,117,96,21
04/23/2014 06:00:00 PM,58,48,10
04/23/2014 07:00:00 PM,26,24,2
04/23/2014 08:00:00 PM,16,13,3
04/23/2014 09:00:00 PM,11,10,1
04/23/2014 10:00:00 PM,5,5,0
04/23/2014 11:00:00 PM,2,1,1
04/24/2014 12:00:00 AM,2,2,0
04/24/2014 01:00:00 AM,0,0,0
04/24/2014 02:00:00 AM,0,0,0
04/24/2014 03:00:00 AM,1,1,0
04/24/2014 04:00:00 AM,1,0,1
04/24/2014 05:00:00 AM,11,2,9
04/24/2014 06:00:00 AM,53,9,44
04/24/2014 07:00:00 AM,79,17,62
04/24/2014 08:00:00 AM,92,13,79
04/24/2014 09:00:00 AM,24,4,20
04/24/2014 10:00:00 AM,14,1,13
04/24/2014 11:00:00 AM,14,5,9
04/24/2014 12:00:00 PM,15,12,3
04/24/2014 01:00:00 PM,10,2,8
04/24/2014 02:00:00 PM,17,10,7
04/24/2014 03:00:00 PM,27,19,8
04/24/2014 04:00:00 PM,63,44,19
04/24/2014 05:00:00 PM,95,77,18
04/24/2014 06:00:00 PM,83,64,19
04/24/2014 07:00:00 PM,22,16,6
04/24/2014 08:00:00 PM,16,12,4
04/24/2014 09:00:00 PM,5,4,1
04/24/2014 10:00:00 PM,7,3,4
04/24/2014 11:00:00 PM,7,4,3
04/25/2014 12:00:00 AM,3,2,1
04/25/2014 01:00:00 AM,3,2,1
04/25/2014 02:00:00 AM,0,0,0
04/25/2014 03:00:00 AM,0,0,0
04/25/2014 04:00:00 AM,5,2,3
04/25/2014 05:00:00 AM,22,3,19
04/25/2014 06:00:00 AM,60,9,51
04/25/2014 07:00:00 AM,108,18,90
04/25/2014 08:00:00 AM,104,10,94
04/25/2014 09:00:00 AM,41,8,33
04/25/2014 10:00:00 AM,25,4,21
04/25/2014 11:00:00 AM,41,27,14
04/25/2014 12:00:00 PM,25,10,15
04/25/2014 01:00:00 PM,37,12,25
04/25/2014 02:00:00 PM,48,28,20
04/25/2014 03:00:00 PM,56,36,20
04/25/2014 04:00:00 PM,85,71,14
04/25/2014 05:00:00 PM,135,109,26
04/25/2014 06:00:00 PM,81,69,12
04/25/2014 07:00:00 PM,43,29,14
04/25/2014 08:00:00 PM,20,13,7
04/25/2014 09:00:00 PM,6,4,2
04/25/2014 10:00:00 PM,8,6,2
04/25/2014 11:00:00 PM,6,5,1
04/26/2014 12:00:00 AM,1,1,0
04/26/2014 01:00:00 AM,0,0,0
04/26/2014 02:00:00 AM,2,1,1
04/26/2014 03:00:00 AM,2,2,0
04/26/2014 04:00:00 AM,0,0,0
04/26/2014 05:00:00 AM,6,0,6
04/26/2014 06:00:00 AM,6,3,3
04/26/2014 07:00:00 AM,21,2,19
04/26/2014 08:00:00 AM,36,9,27
04/26/2014 09:00:00 AM,35,15,20
04/26/2014 10:00:00 AM,60,30,30
04/26/2014 11:00:00 AM,67,30,37
04/26/2014 12:00:00 PM,79,38,41
04/26/2014 01:00:00 PM,67,41,26
04/26/2014 02:00:00 PM,72,35,37
04/26/2014 03:00:00 PM,43,25,18
04/26/2014 04:00:00 PM,47,31,16
04/26/2014 05:00:00 PM,42,14,28
04/26/2014 06:00:00 PM,20,9,11
04/26/2014 07:00:00 PM,12,8,4
04/26/2014 08:00:00 PM,11,9,2
04/26/2014 09:00:00 PM,5,4,1
04/26/2014 10:00:00 PM,5,4,1
04/26/2014 11:00:00 PM,4,1,3
04/27/2014 12:00:00 AM,1,1,0
04/27/2014 01:00:00 AM,0,0,0
04/27/2014 02:00:00 AM,2,1,1
04/27/2014 03:00:00 AM,2,1,1
04/27/2014 04:00:00 AM,1,1,0
04/27/2014 05:00:00 AM,0,0,0
04/27/2014 06:00:00 AM,6,1,5
04/27/2014 07:00:00 AM,7,2,5
04/27/2014 08:00:00 AM,13,2,11
04/27/2014 09:00:00 AM,27,14,13
04/27/2014 10:00:00 AM,25,8,17
04/27/2014 11:00:00 AM,30,19,11
04/27/2014 12:00:00 PM,18,7,11
04/27/2014 01:00:00 PM,34,23,11
04/27/2014 02:00:00 PM,25,8,17
04/27/2014 03:00:00 PM,19,7,12
04/27/2014 04:00:00 PM,19,11,8
04/27/2014 05:00:00 PM,23,16,7
04/27/2014 06:00:00 PM,11,5,6
04/27/2014 07:00:00 PM,13,7,6
04/27/2014 08:00:00 PM,3,0,3
04/27/2014 09:00:00 PM,4,1,3
04/27/2014 10:00:00 PM,3,1,2
04/27/2014 11:00:00 PM,4,4,0
04/28/2014 12:00:00 AM,0,0,0
04/28/2014 01:00:00 AM,2,0,2
04/28/2014 02:00:00 AM,2,1,1
04/28/2014 03:00:00 AM,3,3,0
04/28/2014 04:00:00 AM,3,1,2
04/28/2014 05:00:00 AM,25,2,23
04/28/2014 06:00:00 AM,71,13,58
04/28/2014 07:00:00 AM,134,19,115
04/28/2014 08:00:00 AM,130,11,119
04/28/2014 09:00:00 AM,63,10,53
04/28/2014 10:00:00 AM,22,6,16
04/28/2014 11:00:00 AM,15,3,12
04/28/2014 12:00:00 PM,26,12,14
04/28/2014 01:00:00 PM,22,10,12
04/28/2014 02:00:00 PM,40,29,11
04/28/2014 03:00:00 PM,63,44,19
04/28/2014 04:00:00 PM,99,71,28
04/28/2014 05:00:00 PM,191,153,38
04/28/2014 06:00:00 PM,126,104,22
04/28/2014 07:00:00 PM,50,37,13
04/28/2014 08:00:00 PM,18,15,3
04/28/2014 09:00:00 PM,16,13,3
04/28/2014 10:00:00 PM,9,4,5
04/28/2014 11:00:00 PM,2,1,1
04/29/2014 12:00:00 AM,5,3,2
04/29/2014 01:00:00 AM,1,0,1
04/29/2014 02:00:00 AM,2,1,1
04/29/2014 03:00:00 AM,0,0,0
04/29/2014 04:00:00 AM,2,1,1
04/29/2014 05:00:00 AM,29,5,24
04/29/2014 06:00:00 AM,92,9,83
04/29/2014 07:00:00 AM,175,30,145
04/29/2014 08:00:00 AM,133,18,115
04/29/2014 09:00:00 AM,72,12,60
04/29/2014 10:00:00 AM,31,7,24
04/29/2014 11:00:00 AM,21,9,12
04/29/2014 12:00:00 PM,37,20,17
04/29/2014 01:00:00 PM,33,15,18
04/29/2014 02:00:00 PM,34,14,20
04/29/2014 03:00:00 PM,72,52,20
04/29/2014 04:00:00 PM,114,86,28
04/29/2014 05:00:00 PM,241,192,49
04/29/2014 06:00:00 PM,147,113,34
04/29/2014 07:00:00 PM,71,53,18
04/29/2014 08:00:00 PM,41,20,21
04/29/2014 09:00:00 PM,11,3,8
04/29/2014 10:00:00 PM,6,6,0
04/29/2014 11:00:00 PM,1,1,0
04/30/2014 12:00:00 AM,4,2,2
04/30/2014 01:00:00 AM,4,2,2
04/30/2014 02:00:00 AM,2,0,2
04/30/2014 03:00:00 AM,1,1,0
04/30/2014 04:00:00 AM,5,1,4
04/30/2014 05:00:00 AM,28,4,24
04/30/2014 06:00:00 AM,118,22,96
04/30/2014 07:00:00 AM,185,30,155
04/30/2014 08:00:00 AM,146,15,131
04/30/2014 09:00:00 AM,62,7,55
04/30/2014 10:00:00 AM,37,8,29
04/30/2014 11:00:00 AM,27,11,16
04/30/2014 12:00:00 PM,37,15,22
04/30/2014 01:00:00 PM,31,12,19
04/30/2014 02:00:00 PM,78,42,36
04/30/2014 03:00:00 PM,79,52,27
04/30/2014 04:00:00 PM,159,115,44
04/30/2014 05:00:00 PM,209,176,33
04/30/2014 06:00:00 PM,158,128,30
04/30/2014 07:00:00 PM,81,52,29
04/30/2014 08:00:00 PM,49,28,21
04/30/2014 09:00:00 PM,11,9,2
04/30/2014 10:00:00 PM,20,14,6
04/30/2014 11:00:00 PM,5,4,1
05/01/2014 12:00:00 AM,6,5,1
05/01/2014 01:00:00 AM,1,1,0
05/01/2014 02:00:00 AM,0,0,0
05/01/2014 03:00:00 AM,1,1,0
05/01/2014 04:00:00 AM,5,1,4
05/01/2014 05:00:00 AM,33,5,28
05/01/2014 06:00:00 AM,128,22,106
05/01/2014 07:00:00 AM,211,33,178
05/01/2014 08:00:00 AM,194,12,182
05/01/2014 09:00:00 AM,99,8,91
05/01/2014 10:00:00 AM,39,7,32
05/01/2014 11:00:00 AM,31,15,16
05/01/2014 12:00:00 PM,41,18,23
05/01/2014 01:00:00 PM,59,33,26
05/01/2014 02:00:00 PM,67,39,28
05/01/2014 03:00:00 PM,88,57,31
05/01/2014 04:00:00 PM,180,140,40
05/01/2014 05:00:00 PM,245,212,33
05/01/2014 06:00:00 PM,176,138,38
05/01/2014 07:00:00 PM,79,55,24
05/01/2014 08:00:00 PM,45,27,18
05/01/2014 09:00:00 PM,26,17,9
05/01/2014 10:00:00 PM,11,8,3
05/01/2014 11:00:00 PM,7,3,4
05/02/2014 12:00:00 AM,4,3,1
05/02/2014 01:00:00 AM,6,6,0
05/02/2014 02:00:00 AM,1,1,0
05/02/2014 03:00:00 AM,4,1,3
05/02/2014 04:00:00 AM,6,0,6
05/02/2014 05:00:00 AM,26,2,24
05/02/2014 06:00:00 AM,87,17,70
05/02/2014 07:00:00 AM,189,29,160
05/02/2014 08:00:00 AM,160,15,145
05/02/2014 09:00:00 AM,75,13,62
05/02/2014 10:00:00 AM,33,8,25
05/02/2014 11:00:00 AM,29,13,16
05/02/2014 12:00:00 PM,37,21,16
05/02/2014 01:00:00 PM,38,16,22
05/02/2014 02:00:00 PM,45,28,17
05/02/2014 03:00:00 PM,74,53,21
05/02/2014 04:00:00 PM,140,107,33
05/02/2014 05:00:00 PM,185,159,26
05/02/2014 06:00:00 PM,102,88,14
05/02/2014 07:00:00 PM,49,32,17
05/02/2014 08:00:00 PM,19,17,2
05/02/2014 09:00:00 PM,9,8,1
05/02/2014 10:00:00 PM,48,7,41
05/02/2014 11:00:00 PM,3,1,2
05/03/2014 12:00:00 AM,8,6,2
05/03/2014 01:00:00 AM,4,2,2
05/03/2014 02:00:00 AM,4,4,0
05/03/2014 03:00:00 AM,1,1,0
05/03/2014 04:00:00 AM,1,1,0
05/03/2014 05:00:00 AM,1,0,1
05/03/2014 06:00:00 AM,14,5,9
05/03/2014 07:00:00 AM,20,4,16
05/03/2014 08:00:00 AM,39,8,31
05/03/2014 09:00:00 AM,51,37,14
05/03/2014 10:00:00 AM,62,26,36
05/03/2014 11:00:00 AM,48,25,23
05/03/2014 12:00:00 PM,43,20,23
05/03/2014 01:00:00 PM,17,7,10
05/03/2014 02:00:00 PM,18,11,7
05/03/2014 03:00:00 PM,11,9,2
05/03/2014 04:00:00 PM,7,3,4
05/03/2014 05:00:00 PM,11,8,3
05/03/2014 06:00:00 PM,12,8,4
05/03/2014 07:00:00 PM,2,2,0
05/03/2014 08:00:00 PM,0,0,0
05/03/2014 09:00:00 PM,1,1,0
05/03/2014 10:00:00 PM,5,2,3
05/03/2014 11:00:00 PM,1,1,0
05/04/2014 12:00:00 AM,2,2,0
05/04/2014 01:00:00 AM,0,0,0
05/04/2014 02:00:00 AM,1,1,0
05/04/2014 03:00:00 AM,0,0,0
05/04/2014 04:00:00 AM,0,0,0
05/04/2014 05:00:00 AM,1,0,1
05/04/2014 06:00:00 AM,1,0,1
05/04/2014 07:00:00 AM,4,2,2
05/04/2014 08:00:00 AM,13,7,6
05/04/2014 09:00:00 AM,31,5,26
05/04/2014 10:00:00 AM,16,8,8
05/04/2014 11:00:00 AM,28,8,20
05/04/2014 12:00:00 PM,13,6,7
05/04/2014 01:00:00 PM,20,14,6
05/04/2014 02:00:00 PM,17,5,12
05/04/2014 03:00:00 PM,16,9,7
05/04/2014 04:00:00 PM,9,2,7
05/04/2014 05:00:00 PM,11,6,5
05/04/2014 06:00:00 PM,6,4,2
05/04/2014 07:00:00 PM,10,5,5
05/04/2014 08:00:00 PM,3,2,1
05/04/2014 09:00:00 PM,5,3,2
05/04/2014 10:00:00 PM,0,0,0
05/04/2014 11:00:00 PM,1,1,0
05/05/2014 12:00:00 AM,0,0,0
05/05/2014 01:00:00 AM,0,0,0
05/05/2014 02:00:00 AM,2,2,0
05/05/2014 03:00:00 AM,1,1,0
05/05/2014 04:00:00 AM,2,2,0
05/05/2014 05:00:00 AM,19,5,14
05/05/2014 06:00:00 AM,64,10,54
05/05/2014 07:00:00 AM,109,13,96
05/05/2014 08:00:00 AM,95,11,84
05/05/2014 09:00:00 AM,36,4,32
05/05/2014 10:00:00 AM,23,4,19
05/05/2014 11:00:00 AM,9,1,8
05/05/2014 12:00:00 PM,18,8,10
05/05/2014 01:00:00 PM,10,3,7
05/05/2014 02:00:00 PM,23,15,8
05/05/2014 03:00:00 PM,40,35,5
05/05/2014 04:00:00 PM,69,53,16
05/05/2014 05:00:00 PM,123,99,24
05/05/2014 06:00:00 PM,85,70,15
05/05/2014 07:00:00 PM,45,30,15
05/05/2014 08:00:00 PM,16,9,7
05/05/2014 09:00:00 PM,11,6,5
05/05/2014 10:00:00 PM,7,6,1
05/05/2014 11:00:00 PM,3,2,1
05/06/2014 12:00:00 AM,2,2,0
05/06/2014 01:00:00 AM,0,0,0
05/06/2014 02:00:00 AM,0,0,0
05/06/2014 03:00:00 AM,2,1,1
05/06/2014 04:00:00 AM,7,2,5
05/06/2014 05:00:00 AM,34,4,30
05/06/2014 06:00:00 AM,119,19,100
05/06/2014 07:00:00 AM,182,27,155
05/06/2014 08:00:00 AM,161,12,149
05/06/2014 09:00:00 AM,82,25,57
05/06/2014 10:00:00 AM,28,8,20
05/06/2014 11:00:00 AM,15,5,10
05/06/2014 12:00:00 PM,24,11,13
05/06/2014 01:00:00 PM,20,8,12
05/06/2014 02:00:00 PM,31,17,14
05/06/2014 03:00:00 PM,49,39,10
05/06/2014 04:00:00 PM,118,86,32
05/06/2014 05:00:00 PM,214,184,30
05/06/2014 06:00:00 PM,154,135,19
05/06/2014 07:00:00 PM,74,64,10
05/06/2014 08:00:00 PM,36,21,15
05/06/2014 09:00:00 PM,11,7,4
05/06/2014 10:00:00 PM,10,5,5
05/06/2014 11:00:00 PM,4,4,0
05/07/2014 12:00:00 AM,2,2,0
05/07/2014 01:00:00 AM,0,0,0
05/07/2014 02:00:00 AM,1,0,1
05/07/2014 03:00:00 AM,1,1,0
05/07/2014 04:00:00 AM,6,0,6
05/07/2014 05:00:00 AM,28,4,24
05/07/2014 06:00:00 AM,130,27,103
05/07/2014 07:00:00 AM,197,28,169
05/07/2014 08:00:00 AM,156,15,141
05/07/2014 09:00:00 AM,70,9,61
05/07/2014 10:00:00 AM,38,9,29
05/07/2014 11:00:00 AM,41,16,25
05/07/2014 12:00:00 PM,28,13,15
05/07/2014 01:00:00 PM,42,17,25
05/07/2014 02:00:00 PM,48,28,20
05/07/2014 03:00:00 PM,93,65,28
05/07/2014 04:00:00 PM,132,102,30
05/07/2014 05:00:00 PM,256,200,56
05/07/2014 06:00:00 PM,150,120,30
05/07/2014 07:00:00 PM,78,53,25
05/07/2014 08:00:00 PM,33,19,14
05/07/2014 09:00:00 PM,44,33,11
05/07/2014 10:00:00 PM,13,10,3
05/07/2014 11:00:00 PM,5,1,4
05/08/2014 12:00:00 AM,7,3,4
05/08/2014 01:00:00 AM,2,2,0
05/08/2014 02:00:00 AM,1,1,0
05/08/2014 03:00:00 AM,3,2,1
05/08/2014 04:00:00 AM,9,3,6
05/08/2014 05:00:00 AM,27,1,26
05/08/2014 06:00:00 AM,82,15,67
05/08/2014 07:00:00 AM,132,20,112
05/08/2014 08:00:00 AM,131,9,122
05/08/2014 09:00:00 AM,56,7,49
05/08/2014 10:00:00 AM,13,3,10
05/08/2014 11:00:00 AM,13,5,8
05/08/2014 12:00:00 PM,22,11,11
05/08/2014 01:00:00 PM,14,7,7
05/08/2014 02:00:00 PM,14,11,3
05/08/2014 03:00:00 PM,29,24,5
05/08/2014 04:00:00 PM,54,46,8
05/08/2014 05:00:00 PM,118,101,17
05/08/2014 06:00:00 PM,80,69,11
05/08/2014 07:00:00 PM,36,29,7
05/08/2014 08:00:00 PM,14,10,4
05/08/2014 09:00:00 PM,6,5,1
05/08/2014 10:00:00 PM,4,4,0
05/08/2014 11:00:00 PM,1,1,0
05/09/2014 12:00:00 AM,2,0,2
05/09/2014 01:00:00 AM,1,1,0
05/09/2014 02:00:00 AM,1,0,1
05/09/2014 03:00:00 AM,0,0,0
05/09/2014 04:00:00 AM,4,0,4
05/09/2014 05:00:00 AM,18,3,15
05/09/2014 06:00:00 AM,46,7,39
05/09/2014 07:00:00 AM,119,19,100
05/09/2014 08:00:00 AM,99,4,95
05/09/2014 09:00:00 AM,42,3,39
05/09/2014 10:00:00 AM,24,6,18
05/09/2014 11:00:00 AM,10,7,3
05/09/2014 12:00:00 PM,10,6,4
05/09/2014 01:00:00 PM,17,7,10
05/09/2014 02:00:00 PM,17,12,5
05/09/2014 03:00:00 PM,39,29,10
05/09/2014 04:00:00 PM,63,44,19
05/09/2014 05:00:00 PM,135,111,24
05/09/2014 06:00:00 PM,66,61,5
05/09/2014 07:00:00 PM,27,24,3
05/09/2014 08:00:00 PM,11,8,3
05/09/2014 09:00:00 PM,8,4,4
05/09/2014 10:00:00 PM,5,5,0
05/09/2014 11:00:00 PM,1,0,1
05/10/2014 12:00:00 AM,3,2,1
05/10/2014 01:00:00 AM,1,1,0
05/10/2014 02:00:00 AM,0,0,0
05/10/2014 03:00:00 AM,1,0,1
05/10/2014 04:00:00 AM,1,0,1
05/10/2014 05:00:00 AM,9,3,6
05/10/2014 06:00:00 AM,7,3,4
05/10/2014 07:00:00 AM,8,2,6
05/10/2014 08:00:00 AM,16,8,8
05/10/2014 09:00:00 AM,24,9,15
05/10/2014 10:00:00 AM,41,29,12
05/10/2014 11:00:00 AM,42,12,30
05/10/2014 12:00:00 PM,50,17,33
05/10/2014 01:00:00 PM,47,27,20
05/10/2014 02:00:00 PM,67,29,38
05/10/2014 03:00:00 PM,45,20,25
05/10/2014 04:00:00 PM,31,16,15
05/10/2014 05:00:00 PM,36,18,18
05/10/2014 06:00:00 PM,14,9,5
05/10/2014 07:00:00 PM,19,12,7
05/10/2014 08:00:00 PM,18,11,7
05/10/2014 09:00:00 PM,10,3,7
05/10/2014 10:00:00 PM,3,3,0
05/10/2014 11:00:00 PM,2,2,0
05/11/2014 12:00:00 AM,3,3,0
05/11/2014 01:00:00 AM,1,0,1
05/11/2014 02:00:00 AM,0,0,0
05/11/2014 03:00:00 AM,1,1,0
05/11/2014 04:00:00 AM,2,2,0
05/11/2014 05:00:00 AM,4,1,3
05/11/2014 06:00:00 AM,6,3,3
05/11/2014 07:00:00 AM,11,6,5
05/11/2014 08:00:00 AM,17,2,15
05/11/2014 09:00:00 AM,39,11,28
05/11/2014 10:00:00 AM,23,13,10
05/11/2014 11:00:00 AM,68,22,46
05/11/2014 12:00:00 PM,75,35,40
05/11/2014 01:00:00 PM,71,36,35
05/11/2014 02:00:00 PM,95,49,46
05/11/2014 03:00:00 PM,79,40,39
05/11/2014 04:00:00 PM,68,45,23
05/11/2014 05:00:00 PM,56,26,30
05/11/2014 06:00:00 PM,48,23,25
05/11/2014 07:00:00 PM,31,16,15
05/11/2014 08:00:00 PM,13,8,5
05/11/2014 09:00:00 PM,7,2,5
05/11/2014 10:00:00 PM,5,3,2
05/11/2014 11:00:00 PM,1,1,0
05/12/2014 12:00:00 AM,5,3,2
05/12/2014 01:00:00 AM,1,1,0
05/12/2014 02:00:00 AM,0,0,0
05/12/2014 03:00:00 AM,2,2,0
05/12/2014 04:00:00 AM,9,0,9
05/12/2014 05:00:00 AM,35,8,27
05/12/2014 06:00:00 AM,105,17,88
05/12/2014 07:00:00 AM,206,32,174
05/12/2014 08:00:00 AM,173,19,154
05/12/2014 09:00:00 AM,75,6,69
05/12/2014 10:00:00 AM,32,9,23
05/12/2014 11:00:00 AM,22,8,14
05/12/2014 12:00:00 PM,39,14,25
05/12/2014 01:00:00 PM,29,16,13
05/12/2014 02:00:00 PM,52,29,23
05/12/2014 03:00:00 PM,73,47,26
05/12/2014 04:00:00 PM,136,97,39
05/12/2014 05:00:00 PM,258,216,42
05/12/2014 06:00:00 PM,186,165,21
05/12/2014 07:00:00 PM,63,45,18
05/12/2014 08:00:00 PM,49,32,17
05/12/2014 09:00:00 PM,17,6,11
05/12/2014 10:00:00 PM,17,11,6
05/12/2014 11:00:00 PM,9,4,5
05/13/2014 12:00:00 AM,5,3,2
05/13/2014 01:00:00 AM,3,3,0
05/13/2014 02:00:00 AM,0,0,0
05/13/2014 03:00:00 AM,2,2,0
05/13/2014 04:00:00 AM,1,0,1
05/13/2014 05:00:00 AM,32,4,28
05/13/2014 06:00:00 AM,136,20,116
05/13/2014 07:00:00 AM,220,20,200
05/13/2014 08:00:00 AM,177,12,165
05/13/2014 09:00:00 AM,80,7,73
05/13/2014 10:00:00 AM,47,12,35
05/13/2014 11:00:00 AM,30,15,15
05/13/2014 12:00:00 PM,40,21,19
05/13/2014 01:00:00 PM,34,16,18
05/13/2014 02:00:00 PM,53,33,20
05/13/2014 03:00:00 PM,76,48,28
05/13/2014 04:00:00 PM,160,119,41
05/13/2014 05:00:00 PM,285,237,48
05/13/2014 06:00:00 PM,173,145,28
05/13/2014 07:00:00 PM,94,70,24
05/13/2014 08:00:00 PM,69,42,27
05/13/2014 09:00:00 PM,18,13,5
05/13/2014 10:00:00 PM,13,10,3
05/13/2014 11:00:00 PM,4,1,3
05/14/2014 12:00:00 AM,7,5,2
05/14/2014 01:00:00 AM,3,2,1
05/14/2014 02:00:00 AM,1,0,1
05/14/2014 03:00:00 AM,1,1,0
05/14/2014 04:00:00 AM,5,1,4
05/14/2014 05:00:00 AM,37,8,29
05/14/2014 06:00:00 AM,135,29,106
05/14/2014 07:00:00 AM,211,24,187
05/14/2014 08:00:00 AM,182,10,172
05/14/2014 09:00:00 AM,85,9,76
05/14/2014 10:00:00 AM,24,8,16
05/14/2014 11:00:00 AM,36,15,21
05/14/2014 12:00:00 PM,60,30,30
05/14/2014 01:00:00 PM,53,27,26
05/14/2014 02:00:00 PM,46,34,12
05/14/2014 03:00:00 PM,82,54,28
05/14/2014 04:00:00 PM,164,127,37
05/14/2014 05:00:00 PM,287,241,46
05/14/2014 06:00:00 PM,180,142,38
05/14/2014 07:00:00 PM,121,94,27
05/14/2014 08:00:00 PM,75,46,29
05/14/2014 09:00:00 PM,27,10,17
05/14/2014 10:00:00 PM,22,10,12
05/14/2014 11:00:00 PM,3,1,2
05/15/2014 12:00:00 AM,6,4,2
05/15/2014 01:00:00 AM,2,2,0
05/15/2014 02:00:00 AM,2,0,2
05/15/2014 03:00:00 AM,0,0,0
05/15/2014 04:00:00 AM,8,3,5
05/15/2014 05:00:00 AM,32,4,28
05/15/2014 06:00:00 AM,121,16,105
05/15/2014 07:00:00 AM,217,24,193
05/15/2014 08:00:00 AM,175,10,165
05/15/2014 09:00:00 AM,77,6,71
05/15/2014 10:00:00 AM,50,24,26
05/15/2014 11:00:00 AM,32,9,23
05/15/2014 12:00:00 PM,43,24,19
05/15/2014 01:00:00 PM,45,26,19
05/15/2014 02:00:00 PM,44,31,13
05/15/2014 03:00:00 PM,63,35,28
05/15/2014 04:00:00 PM,144,120,24
05/15/2014 05:00:00 PM,259,212,47
05/15/2014 06:00:00 PM,155,128,27
05/15/2014 07:00:00 PM,89,71,18
05/15/2014 08:00:00 PM,31,14,17
05/15/2014 09:00:00 PM,34,22,12
05/15/2014 10:00:00 PM,17,11,6
05/15/2014 11:00:00 PM,2,1,1
05/16/2014 12:00:00 AM,8,6,2
05/16/2014 01:00:00 AM,3,0,3
05/16/2014 02:00:00 AM,1,1,0
05/16/2014 03:00:00 AM,4,2,2
05/16/2014 04:00:00 AM,5,2,3
05/16/2014 05:00:00 AM,45,11,34
05/16/2014 06:00:00 AM,135,30,105
05/16/2014 07:00:00 AM,249,29,220
05/16/2014 08:00:00 AM,194,23,171
05/16/2014 09:00:00 AM,93,15,78
05/16/2014 10:00:00 AM,33,8,25
05/16/2014 11:00:00 AM,31,15,16
05/16/2014 12:00:00 PM,71,55,16
05/16/2014 01:00:00 PM,39,21,18
05/16/2014 02:00:00 PM,95,49,46
05/16/2014 03:00:00 PM,66,47,19
05/16/2014 04:00:00 PM,179,128,51
05/16/2014 05:00:00 PM,231,193,38
05/16/2014 06:00:00 PM,120,102,18
05/16/2014 07:00:00 PM,73,61,12
05/16/2014 08:00:00 PM,37,21,16
05/16/2014 09:00:00 PM,10,8,2
05/16/2014 10:00:00 PM,8,4,4
05/16/2014 11:00:00 PM,5,2,3
05/17/2014 12:00:00 AM,8,4,4
05/17/2014 01:00:00 AM,2,2,0
05/17/2014 02:00:00 AM,4,4,0
05/17/2014 03:00:00 AM,1,0,1
05/17/2014 04:00:00 AM,1,1,0
05/17/2014 05:00:00 AM,3,1,2
05/17/2014 06:00:00 AM,16,3,13
05/17/2014 07:00:00 AM,23,10,13
05/17/2014 08:00:00 AM,22,9,13
05/17/2014 09:00:00 AM,48,21,27
05/17/2014 10:00:00 AM,37,21,16
05/17/2014 11:00:00 AM,63,34,29
05/17/2014 12:00:00 PM,51,25,26
05/17/2014 01:00:00 PM,67,36,31
05/17/2014 02:00:00 PM,57,21,36
05/17/2014 03:00:00 PM,58,27,31
05/17/2014 04:00:00 PM,56,22,34
05/17/2014 05:00:00 PM,27,16,11
05/17/2014 06:00:00 PM,32,17,15
05/17/2014 07:00:00 PM,20,11,9
05/17/2014 08:00:00 PM,9,5,4
05/17/2014 09:00:00 PM,9,9,0
05/17/2014 10:00:00 PM,10,8,2
05/17/2014 11:00:00 PM,5,2,3
05/18/2014 12:00:00 AM,4,4,0
05/18/2014 01:00:00 AM,3,2,1
05/18/2014 02:00:00 AM,1,1,0
05/18/2014 03:00:00 AM,0,0,0
05/18/2014 04:00:00 AM,2,1,1
05/18/2014 05:00:00 AM,5,1,4
05/18/2014 06:00:00 AM,4,1,3
05/18/2014 07:00:00 AM,9,3,6
05/18/2014 08:00:00 AM,26,9,17
05/18/2014 09:00:00 AM,33,10,23
05/18/2014 10:00:00 AM,45,17,28
05/18/2014 11:00:00 AM,56,33,23
05/18/2014 12:00:00 PM,73,33,40
05/18/2014 01:00:00 PM,70,30,40
05/18/2014 02:00:00 PM,102,50,52
05/18/2014 03:00:00 PM,52,21,31
05/18/2014 04:00:00 PM,37,17,20
05/18/2014 05:00:00 PM,37,22,15
05/18/2014 06:00:00 PM,19,6,13
05/18/2014 07:00:00 PM,14,5,9
05/18/2014 08:00:00 PM,8,4,4
05/18/2014 09:00:00 PM,3,3,0
05/18/2014 10:00:00 PM,3,1,2
05/18/2014 11:00:00 PM,2,1,1
05/19/2014 12:00:00 AM,1,0,1
05/19/2014 01:00:00 AM,0,0,0
05/19/2014 02:00:00 AM,1,1,0
05/19/2014 03:00:00 AM,1,0,1
05/19/2014 04:00:00 AM,6,2,4
05/19/2014 05:00:00 AM,23,4,19
05/19/2014 06:00:00 AM,101,10,91
05/19/2014 07:00:00 AM,176,22,154
05/19/2014 08:00:00 AM,152,11,141
05/19/2014 09:00:00 AM,69,7,62
05/19/2014 10:00:00 AM,39,8,31
05/19/2014 11:00:00 AM,29,9,20
05/19/2014 12:00:00 PM,28,14,14
05/19/2014 01:00:00 PM,24,13,11
05/19/2014 02:00:00 PM,53,35,18
05/19/2014 03:00:00 PM,53,34,19
05/19/2014 04:00:00 PM,120,91,29
05/19/2014 05:00:00 PM,215,186,29
05/19/2014 06:00:00 PM,139,131,8
05/19/2014 07:00:00 PM,65,50,15
05/19/2014 08:00:00 PM,35,21,14
05/19/2014 09:00:00 PM,24,15,9
05/19/2014 10:00:00 PM,11,7,4
05/19/2014 11:00:00 PM,9,5,4
05/20/2014 12:00:00 AM,7,7,0
05/20/2014 01:00:00 AM,9,3,6
05/20/2014 02:00:00 AM,0,0,0
05/20/2014 03:00:00 AM,1,0,1
05/20/2014 04:00:00 AM,6,2,4
05/20/2014 05:00:00 AM,43,6,37
05/20/2014 06:00:00 AM,147,26,121
05/20/2014 07:00:00 AM,200,25,175
05/20/2014 08:00:00 AM,210,12,198
05/20/2014 09:00:00 AM,82,4,78
05/20/2014 10:00:00 AM,35,15,20
05/20/2014 11:00:00 AM,31,13,18
05/20/2014 12:00:00 PM,25,11,14
05/20/2014 01:00:00 PM,37,19,18
05/20/2014 02:00:00 PM,48,26,22
05/20/2014 03:00:00 PM,81,53,28
05/20/2014 04:00:00 PM,150,119,31
05/20/2014 05:00:00 PM,253,225,28
05/20/2014 06:00:00 PM,167,140,27
05/20/2014 07:00:00 PM,73,54,19
05/20/2014 08:00:00 PM,36,31,5
05/20/2014 09:00:00 PM,32,18,14
05/20/2014 10:00:00 PM,12,8,4
05/20/2014 11:00:00 PM,6,4,2
05/21/2014 12:00:00 AM,1,1,0
05/21/2014 01:00:00 AM,3,3,0
05/21/2014 02:00:00 AM,2,1,1
05/21/2014 03:00:00 AM,0,0,0
05/21/2014 04:00:00 AM,10,3,7
05/21/2014 05:00:00 AM,33,1,32
05/21/2014 06:00:00 AM,119,14,105
05/21/2014 07:00:00 AM,207,25,182
05/21/2014 08:00:00 AM,131,10,121
05/21/2014 09:00:00 AM,101,12,89
05/21/2014 10:00:00 AM,30,8,22
05/21/2014 11:00:00 AM,26,17,9
05/21/2014 12:00:00 PM,35,13,22
05/21/2014 01:00:00 PM,46,21,25
05/21/2014 02:00:00 PM,42,17,25
05/21/2014 03:00:00 PM,65,43,22
05/21/2014 04:00:00 PM,127,100,27
05/21/2014 05:00:00 PM,226,191,35
05/21/2014 06:00:00 PM,164,141,23
05/21/2014 07:00:00 PM,68,49,19
05/21/2014 08:00:00 PM,36,27,9
05/21/2014 09:00:00 PM,21,15,6
05/21/2014 10:00:00 PM,16,10,6
05/21/2014 11:00:00 PM,9,7,2
05/22/2014 12:00:00 AM,6,4,2
05/22/2014 01:00:00 AM,2,0,2
05/22/2014 02:00:00 AM,2,2,0
05/22/2014 03:00:00 AM,2,1,1
05/22/2014 04:00:00 AM,8,1,7
05/22/2014 05:00:00 AM,32,7,25
05/22/2014 06:00:00 AM,118,18,100
05/22/2014 07:00:00 AM,194,24,170
05/22/2014 08:00:00 AM,183,20,163
05/22/2014 09:00:00 AM,79,5,74
05/22/2014 10:00:00 AM,31,9,22
05/22/2014 11:00:00 AM,40,15,25
05/22/2014 12:00:00 PM,33,15,18
05/22/2014 01:00:00 PM,50,25,25
05/22/2014 02:00:00 PM,45,32,13
05/22/2014 03:00:00 PM,59,39,20
05/22/2014 04:00:00 PM,128,98,30
05/22/2014 05:00:00 PM,225,196,29
05/22/2014 06:00:00 PM,175,148,27
05/22/2014 07:00:00 PM,74,53,21
05/22/2014 08:00:00 PM,33,23,10
05/22/2014 09:00:00 PM,15,9,6
05/22/2014 10:00:00 PM,16,11,5
05/22/2014 11:00:00 PM,1,1,0
05/23/2014 12:00:00 AM,8,6,2
05/23/2014 01:00:00 AM,1,1,0
05/23/2014 02:00:00 AM,2,1,1
05/23/2014 03:00:00 AM,1,0,1
05/23/2014 04:00:00 AM,4,1,3
05/23/2014 05:00:00 AM,19,5,14
05/23/2014 06:00:00 AM,82,16,66
05/23/2014 07:00:00 AM,106,13,93
05/23/2014 08:00:00 AM,76,6,70
05/23/2014 09:00:00 AM,38,3,35
05/23/2014 10:00:00 AM,17,8,9
05/23/2014 11:00:00 AM,11,8,3
05/23/2014 12:00:00 PM,17,10,7
05/23/2014 01:00:00 PM,15,3,12
05/23/2014 02:00:00 PM,33,27,6
05/23/2014 03:00:00 PM,46,36,10
05/23/2014 04:00:00 PM,68,56,12
05/23/2014 05:00:00 PM,81,67,14
05/23/2014 06:00:00 PM,60,47,13
05/23/2014 07:00:00 PM,32,26,6
05/23/2014 08:00:00 PM,13,10,3
05/23/2014 09:00:00 PM,9,6,3
05/23/2014 10:00:00 PM,7,3,4
05/23/2014 11:00:00 PM,5,0,5
05/24/2014 12:00:00 AM,0,0,0
05/24/2014 01:00:00 AM,1,1,0
05/24/2014 02:00:00 AM,1,1,0
05/24/2014 03:00:00 AM,2,2,0
05/24/2014 04:00:00 AM,0,0,0
05/24/2014 05:00:00 AM,5,2,3
05/24/2014 06:00:00 AM,10,2,8
05/24/2014 07:00:00 AM,16,2,14
05/24/2014 08:00:00 AM,44,21,23
05/24/2014 09:00:00 AM,41,20,21
05/24/2014 10:00:00 AM,52,24,28
05/24/2014 11:00:00 AM,68,34,34
05/24/2014 12:00:00 PM,69,47,22
05/24/2014 01:00:00 PM,67,29,38
05/24/2014 02:00:00 PM,65,40,25
05/24/2014 03:00:00 PM,44,24,20
05/24/2014 04:00:00 PM,50,19,31
05/24/2014 05:00:00 PM,36,23,13
05/24/2014 06:00:00 PM,27,10,17
05/24/2014 07:00:00 PM,16,7,9
05/24/2014 08:00:00 PM,16,8,8
05/24/2014 09:00:00 PM,10,10,0
05/24/2014 10:00:00 PM,8,5,3
05/24/2014 11:00:00 PM,6,5,1
05/25/2014 12:00:00 AM,5,2,3
05/25/2014 01:00:00 AM,2,2,0
05/25/2014 02:00:00 AM,1,0,1
05/25/2014 03:00:00 AM,0,0,0
05/25/2014 04:00:00 AM,0,0,0
05/25/2014 05:00:00 AM,1,0,1
05/25/2014 06:00:00 AM,6,3,3
05/25/2014 07:00:00 AM,9,2,7
05/25/2014 08:00:00 AM,15,4,11
05/25/2014 09:00:00 AM,37,17,20
05/25/2014 10:00:00 AM,49,28,21
05/25/2014 11:00:00 AM,47,28,19
05/25/2014 12:00:00 PM,42,18,24
05/25/2014 01:00:00 PM,33,19,14
05/25/2014 02:00:00 PM,36,20,16
05/25/2014 03:00:00 PM,21,8,13
05/25/2014 04:00:00 PM,21,9,12
05/25/2014 05:00:00 PM,11,3,8
05/25/2014 06:00:00 PM,10,8,2
05/25/2014 07:00:00 PM,1,1,0
05/25/2014 08:00:00 PM,8,6,2
05/25/2014 09:00:00 PM,3,3,0
05/25/2014 10:00:00 PM,5,3,2
05/25/2014 11:00:00 PM,3,2,1
05/26/2014 12:00:00 AM,0,0,0
05/26/2014 01:00:00 AM,0,0,0
05/26/2014 02:00:00 AM,1,1,0
05/26/2014 03:00:00 AM,0,0,0
05/26/2014 04:00:00 AM,0,0,0
05/26/2014 05:00:00 AM,3,2,1
05/26/2014 06:00:00 AM,6,0,6
05/26/2014 07:00:00 AM,10,4,6
05/26/2014 08:00:00 AM,17,4,13
05/26/2014 09:00:00 AM,24,10,14
05/26/2014 10:00:00 AM,40,19,21
05/26/2014 11:00:00 AM,44,13,31
05/26/2014 12:00:00 PM,70,36,34
05/26/2014 01:00:00 PM,79,45,34
05/26/2014 02:00:00 PM,68,29,39
05/26/2014 03:00:00 PM,73,42,31
05/26/2014 04:00:00 PM,62,34,28
05/26/2014 05:00:00 PM,37,27,10
05/26/2014 06:00:00 PM,55,24,31
05/26/2014 07:00:00 PM,26,9,17
05/26/2014 08:00:00 PM,13,10,3
05/26/2014 09:00:00 PM,12,6,6
05/26/2014 10:00:00 PM,7,6,1
05/26/2014 11:00:00 PM,5,2,3
05/27/2014 12:00:00 AM,1,0,1
05/27/2014 01:00:00 AM,0,0,0
05/27/2014 02:00:00 AM,1,1,0
05/27/2014 03:00:00 AM,0,0,0
05/27/2014 04:00:00 AM,5,1,4
05/27/2014 05:00:00 AM,24,3,21
05/27/2014 06:00:00 AM,109,11,98
05/27/2014 07:00:00 AM,189,21,168
05/27/2014 08:00:00 AM,173,12,161
05/27/2014 09:00:00 AM,73,9,64
05/27/2014 10:00:00 AM,33,7,26
05/27/2014 11:00:00 AM,23,10,13
05/27/2014 12:00:00 PM,30,16,14
05/27/2014 01:00:00 PM,32,17,15
05/27/2014 02:00:00 PM,42,25,17
05/27/2014 03:00:00 PM,59,46,13
05/27/2014 04:00:00 PM,107,86,21
05/27/2014 05:00:00 PM,266,221,45
05/27/2014 06:00:00 PM,157,127,30
05/27/2014 07:00:00 PM,76,61,15
05/27/2014 08:00:00 PM,50,23,27
05/27/2014 09:00:00 PM,16,12,4
05/27/2014 10:00:00 PM,11,9,2
05/27/2014 11:00:00 PM,5,4,1
05/28/2014 12:00:00 AM,5,4,1
05/28/2014 01:00:00 AM,1,1,0
05/28/2014 02:00:00 AM,1,0,1
05/28/2014 03:00:00 AM,1,0,1
05/28/2014 04:00:00 AM,5,3,2
05/28/2014 05:00:00 AM,16,4,12
05/28/2014 06:00:00 AM,86,12,74
05/28/2014 07:00:00 AM,132,22,110
05/28/2014 08:00:00 AM,125,9,116
05/28/2014 09:00:00 AM,51,4,47
05/28/2014 10:00:00 AM,27,9,18
05/28/2014 11:00:00 AM,27,17,10
05/28/2014 12:00:00 PM,26,8,18
05/28/2014 01:00:00 PM,40,8,32
05/28/2014 02:00:00 PM,31,15,16
05/28/2014 03:00:00 PM,53,38,15
05/28/2014 04:00:00 PM,104,85,19
05/28/2014 05:00:00 PM,132,110,22
05/28/2014 06:00:00 PM,107,89,18
05/28/2014 07:00:00 PM,35,30,5
05/28/2014 08:00:00 PM,24,18,6
05/28/2014 09:00:00 PM,15,9,6
05/28/2014 10:00:00 PM,11,8,3
05/28/2014 11:00:00 PM,6,4,2
05/29/2014 12:00:00 AM,1,1,0
05/29/2014 01:00:00 AM,3,3,0
05/29/2014 02:00:00 AM,0,0,0
05/29/2014 03:00:00 AM,0,0,0
05/29/2014 04:00:00 AM,3,0,3
05/29/2014 05:00:00 AM,39,4,35
05/29/2014 06:00:00 AM,108,14,94
05/29/2014 07:00:00 AM,165,17,148
05/29/2014 08:00:00 AM,142,15,127
05/29/2014 09:00:00 AM,81,10,71
05/29/2014 10:00:00 AM,30,11,19
05/29/2014 11:00:00 AM,27,14,13
05/29/2014 12:00:00 PM,38,13,25
05/29/2014 01:00:00 PM,35,15,20
05/29/2014 02:00:00 PM,31,11,20
05/29/2014 03:00:00 PM,60,44,16
05/29/2014 04:00:00 PM,113,91,22
05/29/2014 05:00:00 PM,207,165,42
05/29/2014 06:00:00 PM,154,132,22
05/29/2014 07:00:00 PM,50,39,11
05/29/2014 08:00:00 PM,29,22,7
05/29/2014 09:00:00 PM,25,20,5
05/29/2014 10:00:00 PM,8,6,2
05/29/2014 11:00:00 PM,4,4,0
05/30/2014 12:00:00 AM,4,4,0
05/30/2014 01:00:00 AM,4,4,0
05/30/2014 02:00:00 AM,4,3,1
05/30/2014 03:00:00 AM,0,0,0
05/30/2014 04:00:00 AM,3,0,3
05/30/2014 05:00:00 AM,34,5,29
05/30/2014 06:00:00 AM,92,23,69
05/30/2014 07:00:00 AM,191,20,171
05/30/2014 08:00:00 AM,173,10,163
05/30/2014 09:00:00 AM,72,7,65
05/30/2014 10:00:00 AM,31,12,19
05/30/2014 11:00:00 AM,32,14,18
05/30/2014 12:00:00 PM,37,20,17
05/30/2014 01:00:00 PM,38,19,19
05/30/2014 02:00:00 PM,52,33,19
05/30/2014 03:00:00 PM,64,44,20
05/30/2014 04:00:00 PM,143,111,32
05/30/2014 05:00:00 PM,203,176,27
05/30/2014 06:00:00 PM,168,144,24
05/30/2014 07:00:00 PM,62,50,12
05/30/2014 08:00:00 PM,26,15,11
05/30/2014 09:00:00 PM,10,5,5
05/30/2014 10:00:00 PM,29,11,18
05/30/2014 11:00:00 PM,5,2,3
05/31/2014 12:00:00 AM,2,0,2
05/31/2014 01:00:00 AM,8,4,4
05/31/2014 02:00:00 AM,4,3,1
05/31/2014 03:00:00 AM,1,1,0
05/31/2014 04:00:00 AM,0,0,0
05/31/2014 05:00:00 AM,3,0,3
05/31/2014 06:00:00 AM,21,6,15
05/31/2014 07:00:00 AM,28,9,19
05/31/2014 08:00:00 AM,46,13,33
05/31/2014 09:00:00 AM,65,32,33
05/31/2014 10:00:00 AM,71,35,36
05/31/2014 11:00:00 AM,100,49,51
05/31/2014 12:00:00 PM,123,50,73
05/31/2014 01:00:00 PM,78,42,36
05/31/2014 02:00:00 PM,108,58,50
05/31/2014 03:00:00 PM,109,68,41
05/31/2014 04:00:00 PM,84,42,42
05/31/2014 05:00:00 PM,85,39,46
05/31/2014 06:00:00 PM,49,36,13
05/31/2014 07:00:00 PM,45,17,28
05/31/2014 08:00:00 PM,38,17,21
05/31/2014 09:00:00 PM,20,14,6
05/31/2014 10:00:00 PM,9,3,6
05/31/2014 11:00:00 PM,7,3,4
06/01/2014 12:00:00 AM,10,6,4
06/01/2014 01:00:00 AM,1,1,0
06/01/2014 02:00:00 AM,3,2,1
06/01/2014 03:00:00 AM,0,0,0
06/01/2014 04:00:00 AM,4,2,2
06/01/2014 05:00:00 AM,2,0,2
06/01/2014 06:00:00 AM,18,6,12
06/01/2014 07:00:00 AM,21,9,12
06/01/2014 08:00:00 AM,41,19,22
06/01/2014 09:00:00 AM,35,22,13
06/01/2014 10:00:00 AM,58,31,27
06/01/2014 11:00:00 AM,75,37,38
06/01/2014 12:00:00 PM,75,35,40
06/01/2014 01:00:00 PM,68,34,34
06/01/2014 02:00:00 PM,96,46,50
06/01/2014 03:00:00 PM,75,40,35
06/01/2014 04:00:00 PM,80,45,35
06/01/2014 05:00:00 PM,73,36,37
06/01/2014 06:00:00 PM,43,17,26
06/01/2014 07:00:00 PM,32,15,17
06/01/2014 08:00:00 PM,17,7,10
06/01/2014 09:00:00 PM,8,5,3
06/01/2014 10:00:00 PM,6,2,4
06/01/2014 11:00:00 PM,3,0,3
06/02/2014 12:00:00 AM,3,3,0
06/02/2014 01:00:00 AM,0,0,0
06/02/2014 02:00:00 AM,2,2,0
06/02/2014 03:00:00 AM,1,0,1
06/02/2014 04:00:00 AM,4,1,3
06/02/2014 05:00:00 AM,35,8,27
06/02/2014 06:00:00 AM,88,11,77
06/02/2014 07:00:00 AM,173,19,154
06/02/2014 08:00:00 AM,147,14,133
06/02/2014 09:00:00 AM,66,5,61
06/02/2014 10:00:00 AM,29,8,21
06/02/2014 11:00:00 AM,20,6,14
06/02/2014 12:00:00 PM,39,24,15
06/02/2014 01:00:00 PM,33,16,17
06/02/2014 02:00:00 PM,36,21,15
06/02/2014 03:00:00 PM,64,49,15
06/02/2014 04:00:00 PM,122,91,31
06/02/2014 05:00:00 PM,198,162,36
06/02/2014 06:00:00 PM,143,122,21
06/02/2014 07:00:00 PM,68,56,12
06/02/2014 08:00:00 PM,41,21,20
06/02/2014 09:00:00 PM,23,13,10
06/02/2014 10:00:00 PM,6,2,4
06/02/2014 11:00:00 PM,6,6,0
06/03/2014 12:00:00 AM,4,3,1
06/03/2014 01:00:00 AM,1,0,1
06/03/2014 02:00:00 AM,2,0,2
06/03/2014 03:00:00 AM,0,0,0
06/03/2014 04:00:00 AM,4,1,3
06/03/2014 05:00:00 AM,37,4,33
06/03/2014 06:00:00 AM,110,14,96
06/03/2014 07:00:00 AM,179,21,158
06/03/2014 08:00:00 AM,170,16,154
06/03/2014 09:00:00 AM,70,12,58
06/03/2014 10:00:00 AM,31,6,25
06/03/2014 11:00:00 AM,21,6,15
06/03/2014 12:00:00 PM,20,12,8
06/03/2014 01:00:00 PM,24,11,13
06/03/2014 02:00:00 PM,34,22,12
06/03/2014 03:00:00 PM,52,42,10
06/03/2014 04:00:00 PM,123,97,26
06/03/2014 05:00:00 PM,224,191,33
06/03/2014 06:00:00 PM,142,113,29
06/03/2014 07:00:00 PM,91,73,18
06/03/2014 08:00:00 PM,24,18,6
06/03/2014 09:00:00 PM,17,5,12
06/03/2014 10:00:00 PM,30,10,20
06/03/2014 11:00:00 PM,6,3,3
06/04/2014 12:00:00 AM,2,2,0
06/04/2014 01:00:00 AM,1,0,1
06/04/2014 02:00:00 AM,0,0,0
06/04/2014 03:00:00 AM,2,2,0
06/04/2014 04:00:00 AM,5,1,4
06/04/2014 05:00:00 AM,21,4,17
06/04/2014 06:00:00 AM,110,19,91
06/04/2014 07:00:00 AM,182,26,156
06/04/2014 08:00:00 AM,139,8,131
06/04/2014 09:00:00 AM,71,9,62
06/04/2014 10:00:00 AM,38,12,26
06/04/2014 11:00:00 AM,25,9,16
06/04/2014 12:00:00 PM,30,14,16
06/04/2014 01:00:00 PM,27,13,14
06/04/2014 02:00:00 PM,40,17,23
06/04/2014 03:00:00 PM,60,48,12
06/04/2014 04:00:00 PM,126,98,28
06/04/2014 05:00:00 PM,203,160,43
06/04/2014 06:00:00 PM,125,110,15
06/04/2014 07:00:00 PM,81,57,24
06/04/2014 08:00:00 PM,50,38,12
06/04/2014 09:00:00 PM,28,16,12
06/04/2014 10:00:00 PM,21,11,10
06/04/2014 11:00:00 PM,5,4,1
06/05/2014 12:00:00 AM,7,4,3
06/05/2014 01:00:00 AM,0,0,0
06/05/2014 02:00:00 AM,0,0,0
06/05/2014 03:00:00 AM,3,2,1
06/05/2014 04:00:00 AM,5,1,4
06/05/2014 05:00:00 AM,38,7,31
06/05/2014 06:00:00 AM,107,16,91
06/05/2014 07:00:00 AM,165,22,143
06/05/2014 08:00:00 AM,125,18,107
06/05/2014 09:00:00 AM,80,11,69
06/05/2014 10:00:00 AM,30,6,24
06/05/2014 11:00:00 AM,25,8,17
06/05/2014 12:00:00 PM,35,18,17
06/05/2014 01:00:00 PM,37,17,20
06/05/2014 02:00:00 PM,42,25,17
06/05/2014 03:00:00 PM,58,42,16
06/05/2014 04:00:00 PM,115,87,28
06/05/2014 05:00:00 PM,201,170,31
06/05/2014 06:00:00 PM,137,115,22
06/05/2014 07:00:00 PM,85,74,11
06/05/2014 08:00:00 PM,58,34,24
06/05/2014 09:00:00 PM,23,18,5
06/05/2014 10:00:00 PM,11,4,7
06/05/2014 11:00:00 PM,17,10,7
06/06/2014 12:00:00 AM,7,6,1
06/06/2014 01:00:00 AM,3,3,0
06/06/2014 02:00:00 AM,1,1,0
06/06/2014 03:00:00 AM,1,0,1
06/06/2014 04:00:00 AM,6,1,5
06/06/2014 05:00:00 AM,35,1,34
06/06/2014 06:00:00 AM,73,10,63
06/06/2014 07:00:00 AM,146,27,119
06/06/2014 08:00:00 AM,127,10,117
06/06/2014 09:00:00 AM,60,9,51
06/06/2014 10:00:00 AM,37,11,26
06/06/2014 11:00:00 AM,36,15,21
06/06/2014 12:00:00 PM,34,21,13
06/06/2014 01:00:00 PM,45,23,22
06/06/2014 02:00:00 PM,43,22,21
06/06/2014 03:00:00 PM,48,34,14
06/06/2014 04:00:00 PM,132,99,33
06/06/2014 05:00:00 PM,174,139,35
06/06/2014 06:00:00 PM,100,81,19
06/06/2014 07:00:00 PM,56,36,20
06/06/2014 08:00:00 PM,35,23,12
06/06/2014 09:00:00 PM,20,11,9
06/06/2014 10:00:00 PM,7,6,1
06/06/2014 11:00:00 PM,10,9,1
06/07/2014 12:00:00 AM,9,4,5
06/07/2014 01:00:00 AM,2,2,0
06/07/2014 02:00:00 AM,3,2,1
06/07/2014 03:00:00 AM,2,2,0
06/07/2014 04:00:00 AM,1,1,0
06/07/2014 05:00:00 AM,4,1,3
06/07/2014 06:00:00 AM,12,7,5
06/07/2014 07:00:00 AM,35,6,29
06/07/2014 08:00:00 AM,51,19,32
06/07/2014 09:00:00 AM,66,32,34
06/07/2014 10:00:00 AM,67,33,34
06/07/2014 11:00:00 AM,72,41,31
06/07/2014 12:00:00 PM,74,36,38
06/07/2014 01:00:00 PM,111,53,58
06/07/2014 02:00:00 PM,89,48,41
06/07/2014 03:00:00 PM,93,57,36
06/07/2014 04:00:00 PM,104,49,55
06/07/2014 05:00:00 PM,79,54,25
06/07/2014 06:00:00 PM,38,15,23
06/07/2014 07:00:00 PM,26,10,16
06/07/2014 08:00:00 PM,36,20,16
06/07/2014 09:00:00 PM,19,12,7
06/07/2014 10:00:00 PM,12,5,7
06/07/2014 11:00:00 PM,4,3,1
06/08/2014 12:00:00 AM,12,0,12
06/08/2014 01:00:00 AM,5,4,1
06/08/2014 02:00:00 AM,6,3,3
06/08/2014 03:00:00 AM,2,2,0
06/08/2014 04:00:00 AM,2,1,1
06/08/2014 05:00:00 AM,10,4,6
06/08/2014 06:00:00 AM,7,3,4
06/08/2014 07:00:00 AM,22,11,11
06/08/2014 08:00:00 AM,49,10,39
06/08/2014 09:00:00 AM,40,22,18
06/08/2014 10:00:00 AM,69,29,40
06/08/2014 11:00:00 AM,69,40,29
06/08/2014 12:00:00 PM,56,25,31
06/08/2014 01:00:00 PM,77,39,38
06/08/2014 02:00:00 PM,68,39,29
06/08/2014 03:00:00 PM,69,36,33
06/08/2014 04:00:00 PM,90,42,48
06/08/2014 05:00:00 PM,40,28,12
06/08/2014 06:00:00 PM,36,16,20
06/08/2014 07:00:00 PM,28,16,12
06/08/2014 08:00:00 PM,20,10,10
06/08/2014 09:00:00 PM,6,4,2
06/08/2014 10:00:00 PM,8,7,1
06/08/2014 11:00:00 PM,8,3,5
06/09/2014 12:00:00 AM,3,1,2
06/09/2014 01:00:00 AM,0,0,0
06/09/2014 02:00:00 AM,0,0,0
06/09/2014 03:00:00 AM,1,1,0
06/09/2014 04:00:00 AM,4,0,4
06/09/2014 05:00:00 AM,25,4,21
06/09/2014 06:00:00 AM,80,8,72
06/09/2014 07:00:00 AM,144,17,127
06/09/2014 08:00:00 AM,130,14,116
06/09/2014 09:00:00 AM,63,6,57
06/09/2014 10:00:00 AM,32,4,28
06/09/2014 11:00:00 AM,31,11,20
06/09/2014 12:00:00 PM,17,8,9
06/09/2014 01:00:00 PM,14,8,6
06/09/2014 02:00:00 PM,41,30,11
06/09/2014 03:00:00 PM,43,30,13
06/09/2014 04:00:00 PM,101,81,20
06/09/2014 05:00:00 PM,201,172,29
06/09/2014 06:00:00 PM,126,108,18
06/09/2014 07:00:00 PM,49,32,17
06/09/2014 08:00:00 PM,35,25,10
06/09/2014 09:00:00 PM,16,10,6
06/09/2014 10:00:00 PM,13,8,5
06/09/2014 11:00:00 PM,4,3,1
06/10/2014 12:00:00 AM,3,2,1
06/10/2014 01:00:00 AM,0,0,0
06/10/2014 02:00:00 AM,1,1,0
06/10/2014 03:00:00 AM,2,0,2
06/10/2014 04:00:00 AM,3,1,2
06/10/2014 05:00:00 AM,37,5,32
06/10/2014 06:00:00 AM,95,19,76
06/10/2014 07:00:00 AM,171,18,153
06/10/2014 08:00:00 AM,143,14,129
06/10/2014 09:00:00 AM,63,5,58
06/10/2014 10:00:00 AM,28,7,21
06/10/2014 11:00:00 AM,21,7,14
06/10/2014 12:00:00 PM,32,14,18
06/10/2014 01:00:00 PM,21,8,13
06/10/2014 02:00:00 PM,33,17,16
06/10/2014 03:00:00 PM,57,38,19
06/10/2014 04:00:00 PM,111,86,25
06/10/2014 05:00:00 PM,209,178,31
06/10/2014 06:00:00 PM,143,116,27
06/10/2014 07:00:00 PM,46,36,10
06/10/2014 08:00:00 PM,32,22,10
06/10/2014 09:00:00 PM,22,19,3
06/10/2014 10:00:00 PM,18,14,4
06/10/2014 11:00:00 PM,3,2,1
06/11/2014 12:00:00 AM,3,3,0
06/11/2014 01:00:00 AM,1,1,0
06/11/2014 02:00:00 AM,0,0,0
06/11/2014 03:00:00 AM,1,1,0
06/11/2014 04:00:00 AM,6,2,4
06/11/2014 05:00:00 AM,34,4,30
06/11/2014 06:00:00 AM,103,17,86
06/11/2014 07:00:00 AM,170,18,152
06/11/2014 08:00:00 AM,148,13,135
06/11/2014 09:00:00 AM,90,10,80
06/11/2014 10:00:00 AM,34,9,25
06/11/2014 11:00:00 AM,22,8,14
06/11/2014 12:00:00 PM,34,17,17
06/11/2014 01:00:00 PM,39,19,20
06/11/2014 02:00:00 PM,50,30,20
06/11/2014 03:00:00 PM,89,61,28
06/11/2014 04:00:00 PM,134,107,27
06/11/2014 05:00:00 PM,219,172,47
06/11/2014 06:00:00 PM,152,122,30
06/11/2014 07:00:00 PM,75,60,15
06/11/2014 08:00:00 PM,41,29,12
06/11/2014 09:00:00 PM,23,13,10
06/11/2014 10:00:00 PM,20,14,6
06/11/2014 11:00:00 PM,4,4,0
06/12/2014 12:00:00 AM,5,4,1
06/12/2014 01:00:00 AM,1,1,0
06/12/2014 02:00:00 AM,0,0,0
06/12/2014 03:00:00 AM,1,1,0
06/12/2014 04:00:00 AM,5,1,4
06/12/2014 05:00:00 AM,35,6,29
06/12/2014 06:00:00 AM,89,14,75
06/12/2014 07:00:00 AM,149,16,133
06/12/2014 08:00:00 AM,133,8,125
06/12/2014 09:00:00 AM,48,10,38
06/12/2014 10:00:00 AM,27,4,23
06/12/2014 11:00:00 AM,22,7,15
06/12/2014 12:00:00 PM,32,12,20
06/12/2014 01:00:00 PM,31,13,18
06/12/2014 02:00:00 PM,30,19,11
06/12/2014 03:00:00 PM,48,33,15
06/12/2014 04:00:00 PM,93,64,29
06/12/2014 05:00:00 PM,157,131,26
06/12/2014 06:00:00 PM,108,95,13
06/12/2014 07:00:00 PM,62,43,19
06/12/2014 08:00:00 PM,23,17,6
06/12/2014 09:00:00 PM,16,9,7
06/12/2014 10:00:00 PM,9,8,1
06/12/2014 11:00:00 PM,9,9,0
06/13/2014 12:00:00 AM,3,2,1
06/13/2014 01:00:00 AM,1,1,0
06/13/2014 02:00:00 AM,0,0,0
06/13/2014 03:00:00 AM,3,2,1
06/13/2014 04:00:00 AM,4,1,3
06/13/2014 05:00:00 AM,12,4,8
06/13/2014 06:00:00 AM,41,5,36
06/13/2014 07:00:00 AM,65,9,56
06/13/2014 08:00:00 AM,62,3,59
06/13/2014 09:00:00 AM,30,5,25
06/13/2014 10:00:00 AM,9,3,6
06/13/2014 11:00:00 AM,9,4,5
06/13/2014 12:00:00 PM,8,3,5
06/13/2014 01:00:00 PM,12,7,5
06/13/2014 02:00:00 PM,13,8,5
06/13/2014 03:00:00 PM,27,20,7
06/13/2014 04:00:00 PM,73,57,16
06/13/2014 05:00:00 PM,83,73,10
06/13/2014 06:00:00 PM,53,44,9
06/13/2014 07:00:00 PM,19,13,6
06/13/2014 08:00:00 PM,12,9,3
06/13/2014 09:00:00 PM,7,7,0
06/13/2014 10:00:00 PM,6,3,3
06/13/2014 11:00:00 PM,6,4,2
06/14/2014 12:00:00 AM,5,4,1
06/14/2014 01:00:00 AM,2,0,2
06/14/2014 02:00:00 AM,0,0,0
06/14/2014 03:00:00 AM,4,4,0
06/14/2014 04:00:00 AM,2,1,1
06/14/2014 05:00:00 AM,4,0,4
06/14/2014 06:00:00 AM,13,6,7
06/14/2014 07:00:00 AM,21,4,17
06/14/2014 08:00:00 AM,38,15,23
06/14/2014 09:00:00 AM,42,14,28
06/14/2014 10:00:00 AM,43,23,20
06/14/2014 11:00:00 AM,40,27,13
06/14/2014 12:00:00 PM,52,33,19
06/14/2014 01:00:00 PM,55,22,33
06/14/2014 02:00:00 PM,66,30,36
06/14/2014 03:00:00 PM,100,59,41
06/14/2014 04:00:00 PM,94,38,56
06/14/2014 05:00:00 PM,36,16,20
06/14/2014 06:00:00 PM,41,18,23
06/14/2014 07:00:00 PM,9,7,2
06/14/2014 08:00:00 PM,11,10,1
06/14/2014 09:00:00 PM,4,1,3
06/14/2014 10:00:00 PM,11,6,5
06/14/2014 11:00:00 PM,2,1,1
06/15/2014 12:00:00 AM,4,3,1
06/15/2014 01:00:00 AM,2,1,1
06/15/2014 02:00:00 AM,2,2,0
06/15/2014 03:00:00 AM,1,1,0
06/15/2014 04:00:00 AM,2,2,0
06/15/2014 05:00:00 AM,3,1,2
06/15/2014 06:00:00 AM,5,2,3
06/15/2014 07:00:00 AM,7,2,5
06/15/2014 08:00:00 AM,27,7,20
06/15/2014 09:00:00 AM,24,12,12
06/15/2014 10:00:00 AM,51,20,31
06/15/2014 11:00:00 AM,54,27,27
06/15/2014 12:00:00 PM,39,23,16
06/15/2014 01:00:00 PM,44,18,26
06/15/2014 02:00:00 PM,31,14,17
06/15/2014 03:00:00 PM,42,23,19
06/15/2014 04:00:00 PM,39,19,20
06/15/2014 05:00:00 PM,31,12,19
06/15/2014 06:00:00 PM,11,5,6
06/15/2014 07:00:00 PM,9,3,6
06/15/2014 08:00:00 PM,5,3,2
06/15/2014 09:00:00 PM,6,5,1
06/15/2014 10:00:00 PM,4,3,1
06/15/2014 11:00:00 PM,12,12,0
06/16/2014 12:00:00 AM,1,1,0
06/16/2014 01:00:00 AM,0,0,0
06/16/2014 02:00:00 AM,1,1,0
06/16/2014 03:00:00 AM,1,0,1
06/16/2014 04:00:00 AM,2,1,1
06/16/2014 05:00:00 AM,18,4,14
06/16/2014 06:00:00 AM,55,6,49
06/16/2014 07:00:00 AM,115,11,104
06/16/2014 08:00:00 AM,100,9,91
06/16/2014 09:00:00 AM,45,8,37
06/16/2014 10:00:00 AM,19,5,14
06/16/2014 11:00:00 AM,9,4,5
06/16/2014 12:00:00 PM,15,5,10
06/16/2014 01:00:00 PM,12,2,10
06/16/2014 02:00:00 PM,35,25,10
06/16/2014 03:00:00 PM,56,36,20
06/16/2014 04:00:00 PM,74,53,21
06/16/2014 05:00:00 PM,139,114,25
06/16/2014 06:00:00 PM,104,85,19
06/16/2014 07:00:00 PM,42,29,13
06/16/2014 08:00:00 PM,26,20,6
06/16/2014 09:00:00 PM,21,12,9
06/16/2014 10:00:00 PM,7,6,1
06/16/2014 11:00:00 PM,5,4,1
06/17/2014 12:00:00 AM,4,3,1
06/17/2014 01:00:00 AM,1,0,1
06/17/2014 02:00:00 AM,2,2,0
06/17/2014 03:00:00 AM,0,0,0
06/17/2014 04:00:00 AM,0,0,0
06/17/2014 05:00:00 AM,21,4,17
06/17/2014 06:00:00 AM,76,9,67
06/17/2014 07:00:00 AM,137,17,120
06/17/2014 08:00:00 AM,131,11,120
06/17/2014 09:00:00 AM,54,7,47
06/17/2014 10:00:00 AM,34,4,30
06/17/2014 11:00:00 AM,18,8,10
06/17/2014 12:00:00 PM,23,10,13
06/17/2014 01:00:00 PM,24,10,14
06/17/2014 02:00:00 PM,24,12,12
06/17/2014 03:00:00 PM,45,28,17
06/17/2014 04:00:00 PM,94,83,11
06/17/2014 05:00:00 PM,161,131,30
06/17/2014 06:00:00 PM,126,106,20
06/17/2014 07:00:00 PM,50,34,16
06/17/2014 08:00:00 PM,28,22,6
06/17/2014 09:00:00 PM,12,8,4
06/17/2014 10:00:00 PM,9,6,3
06/17/2014 11:00:00 PM,5,4,1
06/18/2014 12:00:00 AM,5,4,1
06/18/2014 01:00:00 AM,4,2,2
06/18/2014 02:00:00 AM,3,1,2
06/18/2014 03:00:00 AM,2,1,1
06/18/2014 04:00:00 AM,8,4,4
06/18/2014 05:00:00 AM,27,7,20
06/18/2014 06:00:00 AM,109,19,90
06/18/2014 07:00:00 AM,152,17,135
06/18/2014 08:00:00 AM,151,10,141
06/18/2014 09:00:00 AM,39,7,32
06/18/2014 10:00:00 AM,38,11,27
06/18/2014 11:00:00 AM,23,7,16
06/18/2014 12:00:00 PM,25,13,12
06/18/2014 01:00:00 PM,28,17,11
06/18/2014 02:00:00 PM,42,23,19
06/18/2014 03:00:00 PM,55,37,18
06/18/2014 04:00:00 PM,119,90,29
06/18/2014 05:00:00 PM,163,92,71
06/18/2014 06:00:00 PM,123,62,61
06/18/2014 07:00:00 PM,34,26,8
06/18/2014 08:00:00 PM,36,25,11
06/18/2014 09:00:00 PM,17,12,5
06/18/2014 10:00:00 PM,10,6,4
06/18/2014 11:00:00 PM,7,3,4
06/19/2014 12:00:00 AM,7,4,3
06/19/2014 01:00:00 AM,3,1,2
06/19/2014 02:00:00 AM,0,0,0
06/19/2014 03:00:00 AM,1,1,0
06/19/2014 04:00:00 AM,6,1,5
06/19/2014 05:00:00 AM,26,4,22
06/19/2014 06:00:00 AM,103,12,91
06/19/2014 07:00:00 AM,151,21,130
06/19/2014 08:00:00 AM,136,18,118
06/19/2014 09:00:00 AM,49,6,43
06/19/2014 10:00:00 AM,24,1,23
06/19/2014 11:00:00 AM,27,16,11
06/19/2014 12:00:00 PM,34,15,19
06/19/2014 01:00:00 PM,42,22,20
06/19/2014 02:00:00 PM,41,27,14
06/19/2014 03:00:00 PM,57,30,27
06/19/2014 04:00:00 PM,110,88,22
06/19/2014 05:00:00 PM,196,162,34
06/19/2014 06:00:00 PM,128,109,19
06/19/2014 07:00:00 PM,59,39,20
06/19/2014 08:00:00 PM,32,21,11
06/19/2014 09:00:00 PM,22,20,2
06/19/2014 10:00:00 PM,13,6,7
06/19/2014 11:00:00 PM,3,3,0
06/20/2014 12:00:00 AM,3,3,0
06/20/2014 01:00:00 AM,2,2,0
06/20/2014 02:00:00 AM,1,1,0
06/20/2014 03:00:00 AM,2,0,2
06/20/2014 04:00:00 AM,2,0,2
06/20/2014 05:00:00 AM,31,5,26
06/20/2014 06:00:00 AM,53,4,49
06/20/2014 07:00:00 AM,118,17,101
06/20/2014 08:00:00 AM,119,11,108
06/20/2014 09:00:00 AM,52,10,42
06/20/2014 10:00:00 AM,29,7,22
06/20/2014 11:00:00 AM,14,7,7
06/20/2014 12:00:00 PM,32,19,13
06/20/2014 01:00:00 PM,18,8,10
06/20/2014 02:00:00 PM,33,25,8
06/20/2014 03:00:00 PM,60,38,22
06/20/2014 04:00:00 PM,103,74,29
06/20/2014 05:00:00 PM,168,139,29
06/20/2014 06:00:00 PM,79,68,11
06/20/2014 07:00:00 PM,36,27,9
06/20/2014 08:00:00 PM,21,12,9
06/20/2014 09:00:00 PM,15,4,11
06/20/2014 10:00:00 PM,21,12,9
06/20/2014 11:00:00 PM,8,4,4
06/21/2014 12:00:00 AM,7,5,2
06/21/2014 01:00:00 AM,13,5,8
06/21/2014 02:00:00 AM,1,1,0
06/21/2014 03:00:00 AM,0,0,0
06/21/2014 04:00:00 AM,1,0,1
06/21/2014 05:00:00 AM,5,0,5
06/21/2014 06:00:00 AM,6,3,3
06/21/2014 07:00:00 AM,40,20,20
06/21/2014 08:00:00 AM,56,32,24
06/21/2014 09:00:00 AM,77,37,40
06/21/2014 10:00:00 AM,86,37,49
06/21/2014 11:00:00 AM,93,39,54
06/21/2014 12:00:00 PM,89,34,55
06/21/2014 01:00:00 PM,102,26,76
06/21/2014 02:00:00 PM,118,43,75
06/21/2014 03:00:00 PM,83,37,46
06/21/2014 04:00:00 PM,92,53,39
06/21/2014 05:00:00 PM,85,55,30
06/21/2014 06:00:00 PM,53,37,16
06/21/2014 07:00:00 PM,42,29,13
06/21/2014 08:00:00 PM,36,24,12
06/21/2014 09:00:00 PM,29,23,6
06/21/2014 10:00:00 PM,9,5,4
06/21/2014 11:00:00 PM,12,6,6
06/22/2014 12:00:00 AM,10,7,3
06/22/2014 01:00:00 AM,6,4,2
06/22/2014 02:00:00 AM,4,1,3
06/22/2014 03:00:00 AM,3,2,1
06/22/2014 04:00:00 AM,3,2,1
06/22/2014 05:00:00 AM,3,0,3
06/22/2014 06:00:00 AM,9,1,8
06/22/2014 07:00:00 AM,23,11,12
06/22/2014 08:00:00 AM,49,25,24
06/22/2014 09:00:00 AM,60,24,36
06/22/2014 10:00:00 AM,86,43,43
06/22/2014 11:00:00 AM,49,22,27
06/22/2014 12:00:00 PM,88,39,49
06/22/2014 01:00:00 PM,97,45,52
06/22/2014 02:00:00 PM,84,44,40
06/22/2014 03:00:00 PM,63,26,37
06/22/2014 04:00:00 PM,66,32,34
06/22/2014 05:00:00 PM,60,32,28
06/22/2014 06:00:00 PM,52,36,16
06/22/2014 07:00:00 PM,36,18,18
06/22/2014 08:00:00 PM,26,13,13
06/22/2014 09:00:00 PM,15,9,6
06/22/2014 10:00:00 PM,14,8,6
06/22/2014 11:00:00 PM,4,3,1
06/23/2014 12:00:00 AM,4,1,3
06/23/2014 01:00:00 AM,0,0,0
06/23/2014 02:00:00 AM,1,0,1
06/23/2014 03:00:00 AM,3,1,2
06/23/2014 04:00:00 AM,4,3,1
06/23/2014 05:00:00 AM,33,8,25
06/23/2014 06:00:00 AM,82,11,71
06/23/2014 07:00:00 AM,155,15,140
06/23/2014 08:00:00 AM,143,13,130
06/23/2014 09:00:00 AM,63,7,56
06/23/2014 10:00:00 AM,30,9,21
06/23/2014 11:00:00 AM,46,12,34
06/23/2014 12:00:00 PM,40,20,20
06/23/2014 01:00:00 PM,41,21,20
06/23/2014 02:00:00 PM,43,24,19
06/23/2014 03:00:00 PM,58,39,19
06/23/2014 04:00:00 PM,95,72,23
06/23/2014 05:00:00 PM,217,181,36
06/23/2014 06:00:00 PM,141,125,16
06/23/2014 07:00:00 PM,77,60,17
06/23/2014 08:00:00 PM,38,22,16
06/23/2014 09:00:00 PM,16,13,3
06/23/2014 10:00:00 PM,7,3,4
06/23/2014 11:00:00 PM,3,2,1
06/24/2014 12:00:00 AM,6,4,2
06/24/2014 01:00:00 AM,1,1,0
06/24/2014 02:00:00 AM,3,2,1
06/24/2014 03:00:00 AM,2,1,1
06/24/2014 04:00:00 AM,6,2,4
06/24/2014 05:00:00 AM,29,5,24
06/24/2014 06:00:00 AM,68,15,53
06/24/2014 07:00:00 AM,129,16,113
06/24/2014 08:00:00 AM,132,8,124
06/24/2014 09:00:00 AM,51,8,43
06/24/2014 10:00:00 AM,23,7,16
06/24/2014 11:00:00 AM,16,6,10
06/24/2014 12:00:00 PM,35,16,19
06/24/2014 01:00:00 PM,29,16,13
06/24/2014 02:00:00 PM,34,19,15
06/24/2014 03:00:00 PM,65,40,25
06/24/2014 04:00:00 PM,91,70,21
06/24/2014 05:00:00 PM,185,155,30
06/24/2014 06:00:00 PM,117,101,16
06/24/2014 07:00:00 PM,69,50,19
06/24/2014 08:00:00 PM,36,23,13
06/24/2014 09:00:00 PM,17,11,6
06/24/2014 10:00:00 PM,19,15,4
06/24/2014 11:00:00 PM,9,5,4
06/25/2014 12:00:00 AM,2,1,1
06/25/2014 01:00:00 AM,1,1,0
06/25/2014 02:00:00 AM,0,0,0
06/25/2014 03:00:00 AM,1,0,1
06/25/2014 04:00:00 AM,8,3,5
06/25/2014 05:00:00 AM,35,5,30
06/25/2014 06:00:00 AM,84,8,76
06/25/2014 07:00:00 AM,160,21,139
06/25/2014 08:00:00 AM,145,17,128
06/25/2014 09:00:00 AM,65,5,60
06/25/2014 10:00:00 AM,46,16,30
06/25/2014 11:00:00 AM,33,13,20
06/25/2014 12:00:00 PM,31,16,15
06/25/2014 01:00:00 PM,42,18,24
06/25/2014 02:00:00 PM,46,20,26
06/25/2014 03:00:00 PM,65,44,21
06/25/2014 04:00:00 PM,130,99,31
06/25/2014 05:00:00 PM,185,156,29
06/25/2014 06:00:00 PM,124,94,30
06/25/2014 07:00:00 PM,68,54,14
06/25/2014 08:00:00 PM,40,26,14
06/25/2014 09:00:00 PM,25,13,12
06/25/2014 10:00:00 PM,26,21,5
06/25/2014 11:00:00 PM,12,9,3
06/26/2014 12:00:00 AM,8,6,2
06/26/2014 01:00:00 AM,6,3,3
06/26/2014 02:00:00 AM,1,1,0
06/26/2014 03:00:00 AM,1,1,0
06/26/2014 04:00:00 AM,7,3,4
06/26/2014 05:00:00 AM,32,6,26
06/26/2014 06:00:00 AM,77,14,63
06/26/2014 07:00:00 AM,154,17,137
06/26/2014 08:00:00 AM,120,14,106
06/26/2014 09:00:00 AM,67,9,58
06/26/2014 10:00:00 AM,21,9,12
06/26/2014 11:00:00 AM,21,10,11
06/26/2014 12:00:00 PM,28,13,15
06/26/2014 01:00:00 PM,25,7,18
06/26/2014 02:00:00 PM,33,11,22
06/26/2014 03:00:00 PM,63,41,22
06/26/2014 04:00:00 PM,99,69,30
06/26/2014 05:00:00 PM,168,142,26
06/26/2014 06:00:00 PM,126,102,24
06/26/2014 07:00:00 PM,65,49,16
06/26/2014 08:00:00 PM,28,18,10
06/26/2014 09:00:00 PM,28,20,8
06/26/2014 10:00:00 PM,11,7,4
06/26/2014 11:00:00 PM,9,6,3
06/27/2014 12:00:00 AM,4,3,1
06/27/2014 01:00:00 AM,9,8,1
06/27/2014 02:00:00 AM,2,2,0
06/27/2014 03:00:00 AM,2,1,1
06/27/2014 04:00:00 AM,5,1,4
06/27/2014 05:00:00 AM,15,6,9
06/27/2014 06:00:00 AM,45,5,40
06/27/2014 07:00:00 AM,77,6,71
06/27/2014 08:00:00 AM,69,12,57
06/27/2014 09:00:00 AM,39,8,31
06/27/2014 10:00:00 AM,16,4,12
06/27/2014 11:00:00 AM,26,8,18
06/27/2014 12:00:00 PM,17,8,9
06/27/2014 01:00:00 PM,24,11,13
06/27/2014 02:00:00 PM,31,25,6
06/27/2014 03:00:00 PM,40,22,18
06/27/2014 04:00:00 PM,66,52,14
06/27/2014 05:00:00 PM,101,77,24
06/27/2014 06:00:00 PM,64,50,14
06/27/2014 07:00:00 PM,24,20,4
06/27/2014 08:00:00 PM,11,6,5
06/27/2014 09:00:00 PM,11,8,3
06/27/2014 10:00:00 PM,7,6,1
06/27/2014 11:00:00 PM,5,3,2
06/28/2014 12:00:00 AM,3,2,1
06/28/2014 01:00:00 AM,2,2,0
06/28/2014 02:00:00 AM,1,0,1
06/28/2014 03:00:00 AM,0,0,0
06/28/2014 04:00:00 AM,1,1,0
06/28/2014 05:00:00 AM,3,0,3
06/28/2014 06:00:00 AM,8,1,7
06/28/2014 07:00:00 AM,13,5,8
06/28/2014 08:00:00 AM,26,11,15
06/28/2014 09:00:00 AM,40,11,29
06/28/2014 10:00:00 AM,25,14,11
06/28/2014 11:00:00 AM,60,29,31
06/28/2014 12:00:00 PM,55,24,31
06/28/2014 01:00:00 PM,40,23,17
06/28/2014 02:00:00 PM,46,21,25
06/28/2014 03:00:00 PM,49,25,24
06/28/2014 04:00:00 PM,31,15,16
06/28/2014 05:00:00 PM,36,17,19
06/28/2014 06:00:00 PM,33,17,16
06/28/2014 07:00:00 PM,26,17,9
06/28/2014 08:00:00 PM,16,8,8
06/28/2014 09:00:00 PM,20,11,9
06/28/2014 10:00:00 PM,10,6,4
06/28/2014 11:00:00 PM,5,3,2
06/29/2014 12:00:00 AM,3,3,0
06/29/2014 01:00:00 AM,1,0,1
06/29/2014 02:00:00 AM,2,2,0
06/29/2014 03:00:00 AM,2,2,0
06/29/2014 04:00:00 AM,0,0,0
06/29/2014 05:00:00 AM,7,3,4
06/29/2014 06:00:00 AM,12,2,10
06/29/2014 07:00:00 AM,16,7,9
06/29/2014 08:00:00 AM,26,9,17
06/29/2014 09:00:00 AM,55,23,32
06/29/2014 10:00:00 AM,66,27,39
06/29/2014 11:00:00 AM,69,29,40
06/29/2014 12:00:00 PM,70,38,32
06/29/2014 01:00:00 PM,70,37,33
06/29/2014 02:00:00 PM,87,40,47
06/29/2014 03:00:00 PM,77,43,34
06/29/2014 04:00:00 PM,64,35,29
06/29/2014 05:00:00 PM,53,29,24
06/29/2014 06:00:00 PM,47,25,22
06/29/2014 07:00:00 PM,14,2,12
06/29/2014 08:00:00 PM,17,12,5
06/29/2014 09:00:00 PM,7,6,1
06/29/2014 10:00:00 PM,12,5,7
06/29/2014 11:00:00 PM,4,1,3
06/30/2014 12:00:00 AM,1,1,0
06/30/2014 01:00:00 AM,3,3,0
06/30/2014 02:00:00 AM,2,1,1
06/30/2014 03:00:00 AM,2,1,1
06/30/2014 04:00:00 AM,6,2,4
06/30/2014 05:00:00 AM,35,7,28
06/30/2014 06:00:00 AM,94,11,83
06/30/2014 07:00:00 AM,141,14,127
06/30/2014 08:00:00 AM,138,14,124
06/30/2014 09:00:00 AM,67,14,53
06/30/2014 10:00:00 AM,35,8,27
06/30/2014 11:00:00 AM,25,9,16
06/30/2014 12:00:00 PM,31,16,15
06/30/2014 01:00:00 PM,50,24,26
06/30/2014 02:00:00 PM,29,22,7
06/30/2014 03:00:00 PM,57,40,17
06/30/2014 04:00:00 PM,125,99,26
06/30/2014 05:00:00 PM,205,176,29
06/30/2014 06:00:00 PM,155,126,29
06/30/2014 07:00:00 PM,70,52,18
06/30/2014 08:00:00 PM,42,16,26
06/30/2014 09:00:00 PM,23,14,9
06/30/2014 10:00:00 PM,15,9,6
06/30/2014 11:00:00 PM,8,6,2
07/01/2014 12:00:00 AM,6,4,2
07/01/2014 01:00:00 AM,3,1,2
07/01/2014 02:00:00 AM,1,1,0
07/01/2014 03:00:00 AM,2,0,2
07/01/2014 04:00:00 AM,5,0,5
07/01/2014 05:00:00 AM,32,6,26
07/01/2014 06:00:00 AM,114,19,95
07/01/2014 07:00:00 AM,155,27,128
07/01/2014 08:00:00 AM,172,18,154
07/01/2014 09:00:00 AM,73,10,63
07/01/2014 10:00:00 AM,40,13,27
07/01/2014 11:00:00 AM,29,10,19
07/01/2014 12:00:00 PM,28,11,17
07/01/2014 01:00:00 PM,36,18,18
07/01/2014 02:00:00 PM,32,23,9
07/01/2014 03:00:00 PM,59,39,20
07/01/2014 04:00:00 PM,109,86,23
07/01/2014 05:00:00 PM,221,188,33
07/01/2014 06:00:00 PM,164,139,25
07/01/2014 07:00:00 PM,95,65,30
07/01/2014 08:00:00 PM,44,22,22
07/01/2014 09:00:00 PM,22,9,13
07/01/2014 10:00:00 PM,11,8,3
07/01/2014 11:00:00 PM,14,10,4
07/02/2014 12:00:00 AM,8,6,2
07/02/2014 01:00:00 AM,4,2,2
07/02/2014 02:00:00 AM,0,0,0
07/02/2014 03:00:00 AM,4,1,3
07/02/2014 04:00:00 AM,7,2,5
07/02/2014 05:00:00 AM,33,5,28
07/02/2014 06:00:00 AM,97,15,82
07/02/2014 07:00:00 AM,159,20,139
07/02/2014 08:00:00 AM,144,19,125
07/02/2014 09:00:00 AM,80,19,61
07/02/2014 10:00:00 AM,40,8,32
07/02/2014 11:00:00 AM,31,13,18
07/02/2014 12:00:00 PM,28,12,16
07/02/2014 01:00:00 PM,43,22,21
07/02/2014 02:00:00 PM,38,23,15
07/02/2014 03:00:00 PM,60,39,21
07/02/2014 04:00:00 PM,102,77,25
07/02/2014 05:00:00 PM,194,159,35
07/02/2014 06:00:00 PM,161,136,25
07/02/2014 07:00:00 PM,68,56,12
07/02/2014 08:00:00 PM,50,29,21
07/02/2014 09:00:00 PM,25,13,12
07/02/2014 10:00:00 PM,6,5,1
07/02/2014 11:00:00 PM,13,10,3
07/03/2014 12:00:00 AM,4,3,1
07/03/2014 01:00:00 AM,2,1,1
07/03/2014 02:00:00 AM,1,1,0
07/03/2014 03:00:00 AM,1,0,1
07/03/2014 04:00:00 AM,3,1,2
07/03/2014 05:00:00 AM,21,5,16
07/03/2014 06:00:00 AM,82,8,74
07/03/2014 07:00:00 AM,113,19,94
07/03/2014 08:00:00 AM,114,16,98
07/03/2014 09:00:00 AM,53,10,43
07/03/2014 10:00:00 AM,38,14,24
07/03/2014 11:00:00 AM,27,10,17
07/03/2014 12:00:00 PM,27,11,16
07/03/2014 01:00:00 PM,41,25,16
07/03/2014 02:00:00 PM,35,23,12
07/03/2014 03:00:00 PM,83,57,26
07/03/2014 04:00:00 PM,99,79,20
07/03/2014 05:00:00 PM,125,99,26
07/03/2014 06:00:00 PM,79,63,16
07/03/2014 07:00:00 PM,43,35,8
07/03/2014 08:00:00 PM,30,22,8
07/03/2014 09:00:00 PM,20,10,10
07/03/2014 10:00:00 PM,10,6,4
07/03/2014 11:00:00 PM,9,6,3
07/04/2014 12:00:00 AM,13,6,7
07/04/2014 01:00:00 AM,4,1,3
07/04/2014 02:00:00 AM,2,2,0
07/04/2014 03:00:00 AM,1,0,1
07/04/2014 04:00:00 AM,2,1,1
07/04/2014 05:00:00 AM,8,2,6
07/04/2014 06:00:00 AM,18,5,13
07/04/2014 07:00:00 AM,32,11,21
07/04/2014 08:00:00 AM,39,19,20
07/04/2014 09:00:00 AM,70,32,38
07/04/2014 10:00:00 AM,81,48,33
07/04/2014 11:00:00 AM,78,38,40
07/04/2014 12:00:00 PM,103,41,62
07/04/2014 01:00:00 PM,76,35,41
07/04/2014 02:00:00 PM,73,46,27
07/04/2014 03:00:00 PM,83,48,35
07/04/2014 04:00:00 PM,72,36,36
07/04/2014 05:00:00 PM,43,31,12
07/04/2014 06:00:00 PM,32,15,17
07/04/2014 07:00:00 PM,17,3,14
07/04/2014 08:00:00 PM,10,4,6
07/04/2014 09:00:00 PM,15,6,9
07/04/2014 10:00:00 PM,12,7,5
07/04/2014 11:00:00 PM,14,10,4
07/05/2014 12:00:00 AM,17,14,3
07/05/2014 01:00:00 AM,8,6,2
07/05/2014 02:00:00 AM,4,4,0
07/05/2014 03:00:00 AM,3,2,1
07/05/2014 04:00:00 AM,3,0,3
07/05/2014 05:00:00 AM,6,1,5
07/05/2014 06:00:00 AM,7,1,6
07/05/2014 07:00:00 AM,17,3,14
07/05/2014 08:00:00 AM,28,13,15
07/05/2014 09:00:00 AM,45,22,23
07/05/2014 10:00:00 AM,48,19,29
07/05/2014 11:00:00 AM,45,26,19
07/05/2014 12:00:00 PM,67,45,22
07/05/2014 01:00:00 PM,69,32,37
07/05/2014 02:00:00 PM,57,25,32
07/05/2014 03:00:00 PM,38,21,17
07/05/2014 04:00:00 PM,43,19,24
07/05/2014 05:00:00 PM,25,17,8
07/05/2014 06:00:00 PM,36,13,23
07/05/2014 07:00:00 PM,24,14,10
07/05/2014 08:00:00 PM,17,9,8
07/05/2014 09:00:00 PM,5,2,3
07/05/2014 10:00:00 PM,5,1,4
07/05/2014 11:00:00 PM,4,1,3
07/06/2014 12:00:00 AM,4,4,0
07/06/2014 01:00:00 AM,2,2,0
07/06/2014 02:00:00 AM,3,1,2
07/06/2014 03:00:00 AM,1,1,0
07/06/2014 04:00:00 AM,1,0,1
07/06/2014 05:00:00 AM,3,0,3
07/06/2014 06:00:00 AM,9,3,6
07/06/2014 07:00:00 AM,11,3,8
07/06/2014 08:00:00 AM,44,23,21
07/06/2014 09:00:00 AM,41,23,18
07/06/2014 10:00:00 AM,80,35,45
07/06/2014 11:00:00 AM,68,36,32
07/06/2014 12:00:00 PM,119,59,60
07/06/2014 01:00:00 PM,101,55,46
07/06/2014 02:00:00 PM,114,54,60
07/06/2014 03:00:00 PM,75,40,35
07/06/2014 04:00:00 PM,85,54,31
07/06/2014 05:00:00 PM,82,45,37
07/06/2014 06:00:00 PM,38,19,19
07/06/2014 07:00:00 PM,53,29,24
07/06/2014 08:00:00 PM,24,10,14
07/06/2014 09:00:00 PM,7,2,5
07/06/2014 10:00:00 PM,11,7,4
07/06/2014 11:00:00 PM,3,2,1
07/07/2014 12:00:00 AM,2,2,0
07/07/2014 01:00:00 AM,2,1,1
07/07/2014 02:00:00 AM,2,1,1
07/07/2014 03:00:00 AM,5,3,2
07/07/2014 04:00:00 AM,3,0,3
07/07/2014 05:00:00 AM,21,5,16
07/07/2014 06:00:00 AM,86,7,79
07/07/2014 07:00:00 AM,152,16,136
07/07/2014 08:00:00 AM,127,10,117
07/07/2014 09:00:00 AM,63,10,53
07/07/2014 10:00:00 AM,30,11,19
07/07/2014 11:00:00 AM,25,9,16
07/07/2014 12:00:00 PM,34,20,14
07/07/2014 01:00:00 PM,30,14,16
07/07/2014 02:00:00 PM,41,21,20
07/07/2014 03:00:00 PM,55,38,17
07/07/2014 04:00:00 PM,111,76,35
07/07/2014 05:00:00 PM,180,150,30
07/07/2014 06:00:00 PM,135,112,23
07/07/2014 07:00:00 PM,83,57,26
07/07/2014 08:00:00 PM,21,16,5
07/07/2014 09:00:00 PM,22,17,5
07/07/2014 10:00:00 PM,9,7,2
07/07/2014 11:00:00 PM,9,7,2
07/08/2014 12:00:00 AM,8,6,2
07/08/2014 01:00:00 AM,3,2,1
07/08/2014 02:00:00 AM,0,0,0
07/08/2014 03:00:00 AM,2,1,1
07/08/2014 04:00:00 AM,6,2,4
07/08/2014 05:00:00 AM,30,5,25
07/08/2014 06:00:00 AM,95,16,79
07/08/2014 07:00:00 AM,175,20,155
07/08/2014 08:00:00 AM,168,13,155
07/08/2014 09:00:00 AM,65,5,60
07/08/2014 10:00:00 AM,46,14,32
07/08/2014 11:00:00 AM,28,12,16
07/08/2014 12:00:00 PM,40,15,25
07/08/2014 01:00:00 PM,41,21,20
07/08/2014 02:00:00 PM,45,20,25
07/08/2014 03:00:00 PM,64,40,24
07/08/2014 04:00:00 PM,125,96,29
07/08/2014 05:00:00 PM,220,184,36
07/08/2014 06:00:00 PM,133,112,21
07/08/2014 07:00:00 PM,85,59,26
07/08/2014 08:00:00 PM,52,38,14
07/08/2014 09:00:00 PM,24,18,6
07/08/2014 10:00:00 PM,28,16,12
07/08/2014 11:00:00 PM,8,3,5
07/09/2014 12:00:00 AM,5,3,2
07/09/2014 01:00:00 AM,3,1,2
07/09/2014 02:00:00 AM,6,4,2
07/09/2014 03:00:00 AM,3,1,2
07/09/2014 04:00:00 AM,5,1,4
07/09/2014 05:00:00 AM,37,5,32
07/09/2014 06:00:00 AM,87,8,79
07/09/2014 07:00:00 AM,172,20,152
07/09/2014 08:00:00 AM,151,16,135
07/09/2014 09:00:00 AM,53,9,44
07/09/2014 10:00:00 AM,46,9,37
07/09/2014 11:00:00 AM,35,9,26
07/09/2014 12:00:00 PM,44,21,23
07/09/2014 01:00:00 PM,38,16,22
07/09/2014 02:00:00 PM,39,27,12
07/09/2014 03:00:00 PM,48,35,13
07/09/2014 04:00:00 PM,117,86,31
07/09/2014 05:00:00 PM,199,165,34
07/09/2014 06:00:00 PM,155,131,24
07/09/2014 07:00:00 PM,73,51,22
07/09/2014 08:00:00 PM,51,36,15
07/09/2014 09:00:00 PM,41,25,16
07/09/2014 10:00:00 PM,18,8,10
07/09/2014 11:00:00 PM,16,12,4
07/10/2014 12:00:00 AM,14,9,5
07/10/2014 01:00:00 AM,1,1,0
07/10/2014 02:00:00 AM,6,4,2
07/10/2014 03:00:00 AM,3,2,1
07/10/2014 04:00:00 AM,2,1,1
07/10/2014 05:00:00 AM,27,3,24
07/10/2014 06:00:00 AM,97,13,84
07/10/2014 07:00:00 AM,156,23,133
07/10/2014 08:00:00 AM,144,13,131
07/10/2014 09:00:00 AM,54,6,48
07/10/2014 10:00:00 AM,42,15,27
07/10/2014 11:00:00 AM,34,12,22
07/10/2014 12:00:00 PM,34,17,17
07/10/2014 01:00:00 PM,33,12,21
07/10/2014 02:00:00 PM,42,29,13
07/10/2014 03:00:00 PM,46,33,13
07/10/2014 04:00:00 PM,93,71,22
07/10/2014 05:00:00 PM,182,147,35
07/10/2014 06:00:00 PM,134,113,21
07/10/2014 07:00:00 PM,61,45,16
07/10/2014 08:00:00 PM,54,36,18
07/10/2014 09:00:00 PM,39,30,9
07/10/2014 10:00:00 PM,12,10,2
07/10/2014 11:00:00 PM,6,3,3
07/11/2014 12:00:00 AM,3,2,1
07/11/2014 01:00:00 AM,5,5,0
07/11/2014 02:00:00 AM,1,1,0
07/11/2014 03:00:00 AM,3,0,3
07/11/2014 04:00:00 AM,8,3,5
07/11/2014 05:00:00 AM,29,5,24
07/11/2014 06:00:00 AM,80,14,66
07/11/2014 07:00:00 AM,134,14,120
07/11/2014 08:00:00 AM,105,8,97
07/11/2014 09:00:00 AM,71,14,57
07/11/2014 10:00:00 AM,36,11,25
07/11/2014 11:00:00 AM,32,11,21
07/11/2014 12:00:00 PM,35,17,18
07/11/2014 01:00:00 PM,52,17,35
07/11/2014 02:00:00 PM,48,25,23
07/11/2014 03:00:00 PM,72,52,20
07/11/2014 04:00:00 PM,109,82,27
07/11/2014 05:00:00 PM,144,128,16
07/11/2014 06:00:00 PM,102,82,20
07/11/2014 07:00:00 PM,54,36,18
07/11/2014 08:00:00 PM,28,16,12
07/11/2014 09:00:00 PM,16,6,10
07/11/2014 10:00:00 PM,22,10,12
07/11/2014 11:00:00 PM,8,6,2
07/12/2014 12:00:00 AM,3,2,1
07/12/2014 01:00:00 AM,5,2,3
07/12/2014 02:00:00 AM,2,1,1
07/12/2014 03:00:00 AM,4,1,3
07/12/2014 04:00:00 AM,11,1,10
07/12/2014 05:00:00 AM,16,1,15
07/12/2014 06:00:00 AM,19,5,14
07/12/2014 07:00:00 AM,32,16,16
07/12/2014 08:00:00 AM,50,33,17
07/12/2014 09:00:00 AM,71,20,51
07/12/2014 10:00:00 AM,59,33,26
07/12/2014 11:00:00 AM,71,40,31
07/12/2014 12:00:00 PM,59,31,28
07/12/2014 01:00:00 PM,60,29,31
07/12/2014 02:00:00 PM,70,33,37
07/12/2014 03:00:00 PM,58,35,23
07/12/2014 04:00:00 PM,58,35,23
07/12/2014 05:00:00 PM,53,26,27
07/12/2014 06:00:00 PM,36,25,11
07/12/2014 07:00:00 PM,49,24,25
07/12/2014 08:00:00 PM,27,13,14
07/12/2014 09:00:00 PM,26,16,10
07/12/2014 10:00:00 PM,10,4,6
07/12/2014 11:00:00 PM,24,8,16
07/13/2014 12:00:00 AM,13,3,10
07/13/2014 01:00:00 AM,11,7,4
07/13/2014 02:00:00 AM,5,3,2
07/13/2014 03:00:00 AM,1,0,1
07/13/2014 04:00:00 AM,3,2,1
07/13/2014 05:00:00 AM,1,1,0
07/13/2014 06:00:00 AM,18,5,13
07/13/2014 07:00:00 AM,28,9,19
07/13/2014 08:00:00 AM,52,28,24
07/13/2014 09:00:00 AM,63,27,36
07/13/2014 10:00:00 AM,77,32,45
07/13/2014 11:00:00 AM,52,33,19
07/13/2014 12:00:00 PM,66,29,37
07/13/2014 01:00:00 PM,36,17,19
07/13/2014 02:00:00 PM,38,23,15
07/13/2014 03:00:00 PM,60,26,34
07/13/2014 04:00:00 PM,46,23,23
07/13/2014 05:00:00 PM,46,21,25
07/13/2014 06:00:00 PM,33,13,20
07/13/2014 07:00:00 PM,37,20,17
07/13/2014 08:00:00 PM,14,5,9
07/13/2014 09:00:00 PM,9,5,4
07/13/2014 10:00:00 PM,18,15,3
07/13/2014 11:00:00 PM,9,5,4
07/14/2014 12:00:00 AM,3,1,2
07/14/2014 01:00:00 AM,2,1,1
07/14/2014 02:00:00 AM,1,0,1
07/14/2014 03:00:00 AM,1,1,0
07/14/2014 04:00:00 AM,6,1,5
07/14/2014 05:00:00 AM,22,6,16
07/14/2014 06:00:00 AM,77,7,70
07/14/2014 07:00:00 AM,161,15,146
07/14/2014 08:00:00 AM,140,14,126
07/14/2014 09:00:00 AM,65,9,56
07/14/2014 10:00:00 AM,41,18,23
07/14/2014 11:00:00 AM,31,12,19
07/14/2014 12:00:00 PM,29,12,17
07/14/2014 01:00:00 PM,29,10,19
07/14/2014 02:00:00 PM,37,22,15
07/14/2014 03:00:00 PM,35,20,15
07/14/2014 04:00:00 PM,109,82,27
07/14/2014 05:00:00 PM,209,177,32
07/14/2014 06:00:00 PM,133,119,14
07/14/2014 07:00:00 PM,63,45,18
07/14/2014 08:00:00 PM,35,20,15
07/14/2014 09:00:00 PM,21,12,9
07/14/2014 10:00:00 PM,9,4,5
07/14/2014 11:00:00 PM,9,6,3
07/15/2014 12:00:00 AM,3,3,0
07/15/2014 01:00:00 AM,2,2,0
07/15/2014 02:00:00 AM,2,2,0
07/15/2014 03:00:00 AM,3,0,3
07/15/2014 04:00:00 AM,4,2,2
07/15/2014 05:00:00 AM,38,7,31
07/15/2014 06:00:00 AM,88,13,75
07/15/2014 07:00:00 AM,154,14,140
07/15/2014 08:00:00 AM,155,15,140
07/15/2014 09:00:00 AM,59,9,50
07/15/2014 10:00:00 AM,30,10,20
07/15/2014 11:00:00 AM,41,20,21
07/15/2014 12:00:00 PM,28,14,14
07/15/2014 01:00:00 PM,31,15,16
07/15/2014 02:00:00 PM,30,16,14
07/15/2014 03:00:00 PM,42,32,10
07/15/2014 04:00:00 PM,101,79,22
07/15/2014 05:00:00 PM,203,174,29
07/15/2014 06:00:00 PM,161,130,31
07/15/2014 07:00:00 PM,73,51,22
07/15/2014 08:00:00 PM,46,32,14
07/15/2014 09:00:00 PM,25,15,10
07/15/2014 10:00:00 PM,15,11,4
07/15/2014 11:00:00 PM,9,7,2
07/16/2014 12:00:00 AM,1,1,0
07/16/2014 01:00:00 AM,2,1,1
07/16/2014 02:00:00 AM,0,0,0
07/16/2014 03:00:00 AM,0,0,0
07/16/2014 04:00:00 AM,7,1,6
07/16/2014 05:00:00 AM,24,4,20
07/16/2014 06:00:00 AM,82,15,67
07/16/2014 07:00:00 AM,186,20,166
07/16/2014 08:00:00 AM,151,8,143
07/16/2014 09:00:00 AM,68,7,61
07/16/2014 10:00:00 AM,34,14,20
07/16/2014 11:00:00 AM,32,16,16
07/16/2014 12:00:00 PM,45,23,22
07/16/2014 01:00:00 PM,27,15,12
07/16/2014 02:00:00 PM,39,23,16
07/16/2014 03:00:00 PM,50,37,13
07/16/2014 04:00:00 PM,108,84,24
07/16/2014 05:00:00 PM,210,177,33
07/16/2014 06:00:00 PM,132,114,18
07/16/2014 07:00:00 PM,90,71,19
07/16/2014 08:00:00 PM,51,32,19
07/16/2014 09:00:00 PM,27,17,10
07/16/2014 10:00:00 PM,23,13,10
07/16/2014 11:00:00 PM,15,5,10
07/17/2014 12:00:00 AM,2,2,0
07/17/2014 01:00:00 AM,4,2,2
07/17/2014 02:00:00 AM,4,2,2
07/17/2014 03:00:00 AM,3,1,2
07/17/2014 04:00:00 AM,10,2,8
07/17/2014 05:00:00 AM,22,3,19
07/17/2014 06:00:00 AM,90,12,78
07/17/2014 07:00:00 AM,146,16,130
07/17/2014 08:00:00 AM,138,15,123
07/17/2014 09:00:00 AM,57,4,53
07/17/2014 10:00:00 AM,25,6,19
07/17/2014 11:00:00 AM,21,10,11
07/17/2014 12:00:00 PM,30,12,18
07/17/2014 01:00:00 PM,41,20,21
07/17/2014 02:00:00 PM,24,19,5
07/17/2014 03:00:00 PM,47,33,14
07/17/2014 04:00:00 PM,101,74,27
07/17/2014 05:00:00 PM,178,149,29
07/17/2014 06:00:00 PM,144,105,39
07/17/2014 07:00:00 PM,72,54,18
07/17/2014 08:00:00 PM,62,40,22
07/17/2014 09:00:00 PM,24,11,13
07/17/2014 10:00:00 PM,17,10,7
07/17/2014 11:00:00 PM,5,2,3
07/18/2014 12:00:00 AM,6,3,3
07/18/2014 01:00:00 AM,8,5,3
07/18/2014 02:00:00 AM,1,0,1
07/18/2014 03:00:00 AM,2,0,2
07/18/2014 04:00:00 AM,6,1,5
07/18/2014 05:00:00 AM,24,6,18
07/18/2014 06:00:00 AM,67,9,58
07/18/2014 07:00:00 AM,132,14,118
07/18/2014 08:00:00 AM,113,11,102
07/18/2014 09:00:00 AM,54,14,40
07/18/2014 10:00:00 AM,42,15,27
07/18/2014 11:00:00 AM,43,14,29
07/18/2014 12:00:00 PM,48,25,23
07/18/2014 01:00:00 PM,30,16,14
07/18/2014 02:00:00 PM,52,29,23
07/18/2014 03:00:00 PM,63,45,18
07/18/2014 04:00:00 PM,102,77,25
07/18/2014 05:00:00 PM,143,117,26
07/18/2014 06:00:00 PM,78,64,14
07/18/2014 07:00:00 PM,45,36,9
07/18/2014 08:00:00 PM,33,20,13
07/18/2014 09:00:00 PM,19,11,8
07/18/2014 10:00:00 PM,7,5,2
07/18/2014 11:00:00 PM,3,2,1
07/19/2014 12:00:00 AM,12,5,7
07/19/2014 01:00:00 AM,1,1,0
07/19/2014 02:00:00 AM,1,0,1
07/19/2014 03:00:00 AM,2,1,1
07/19/2014 04:00:00 AM,2,2,0
07/19/2014 05:00:00 AM,7,2,5
07/19/2014 06:00:00 AM,9,3,6
07/19/2014 07:00:00 AM,18,4,14
07/19/2014 08:00:00 AM,25,12,13
07/19/2014 09:00:00 AM,44,21,23
07/19/2014 10:00:00 AM,40,17,23
07/19/2014 11:00:00 AM,48,21,27
07/19/2014 12:00:00 PM,42,17,25
07/19/2014 01:00:00 PM,52,25,27
07/19/2014 02:00:00 PM,62,34,28
07/19/2014 03:00:00 PM,57,34,23
07/19/2014 04:00:00 PM,51,28,23
07/19/2014 05:00:00 PM,51,26,25
07/19/2014 06:00:00 PM,41,16,25
07/19/2014 07:00:00 PM,23,15,8
07/19/2014 08:00:00 PM,27,20,7
07/19/2014 09:00:00 PM,9,2,7
07/19/2014 10:00:00 PM,7,4,3
07/19/2014 11:00:00 PM,2,2,0
07/20/2014 12:00:00 AM,2,2,0
07/20/2014 01:00:00 AM,4,3,1
07/20/2014 02:00:00 AM,2,2,0
07/20/2014 03:00:00 AM,0,0,0
07/20/2014 04:00:00 AM,2,1,1
07/20/2014 05:00:00 AM,6,0,6
07/20/2014 06:00:00 AM,14,3,11
07/20/2014 07:00:00 AM,4,1,3
07/20/2014 08:00:00 AM,36,18,18
07/20/2014 09:00:00 AM,26,10,16
07/20/2014 10:00:00 AM,35,17,18
07/20/2014 11:00:00 AM,55,30,25
07/20/2014 12:00:00 PM,58,28,30
07/20/2014 01:00:00 PM,53,31,22
07/20/2014 02:00:00 PM,64,23,41
07/20/2014 03:00:00 PM,70,34,36
07/20/2014 04:00:00 PM,47,23,24
07/20/2014 05:00:00 PM,36,19,17
07/20/2014 06:00:00 PM,24,19,5
07/20/2014 07:00:00 PM,21,14,7
07/20/2014 08:00:00 PM,15,9,6
07/20/2014 09:00:00 PM,6,3,3
07/20/2014 10:00:00 PM,4,2,2
07/20/2014 11:00:00 PM,1,1,0
07/21/2014 12:00:00 AM,5,1,4
07/21/2014 01:00:00 AM,1,1,0
07/21/2014 02:00:00 AM,2,2,0
07/21/2014 03:00:00 AM,1,0,1
07/21/2014 04:00:00 AM,5,1,4
07/21/2014 05:00:00 AM,33,4,29
07/21/2014 06:00:00 AM,81,9,72
07/21/2014 07:00:00 AM,144,13,131
07/21/2014 08:00:00 AM,145,11,134
07/21/2014 09:00:00 AM,64,8,56
07/21/2014 10:00:00 AM,26,7,19
07/21/2014 11:00:00 AM,30,15,15
07/21/2014 12:00:00 PM,27,13,14
07/21/2014 01:00:00 PM,48,21,27
07/21/2014 02:00:00 PM,38,25,13
07/21/2014 03:00:00 PM,57,39,18
07/21/2014 04:00:00 PM,107,79,28
07/21/2014 05:00:00 PM,200,157,43
07/21/2014 06:00:00 PM,181,155,26
07/21/2014 07:00:00 PM,68,47,21
07/21/2014 08:00:00 PM,79,54,25
07/21/2014 09:00:00 PM,20,10,10
07/21/2014 10:00:00 PM,17,13,4
07/21/2014 11:00:00 PM,10,5,5
07/22/2014 12:00:00 AM,5,4,1
07/22/2014 01:00:00 AM,4,2,2
07/22/2014 02:00:00 AM,3,2,1
07/22/2014 03:00:00 AM,4,1,3
07/22/2014 04:00:00 AM,7,3,4
07/22/2014 05:00:00 AM,38,5,33
07/22/2014 06:00:00 AM,92,6,86
07/22/2014 07:00:00 AM,161,19,142
07/22/2014 08:00:00 AM,154,14,140
07/22/2014 09:00:00 AM,68,8,60
07/22/2014 10:00:00 AM,24,3,21
07/22/2014 11:00:00 AM,24,7,17
07/22/2014 12:00:00 PM,28,13,15
07/22/2014 01:00:00 PM,33,15,18
07/22/2014 02:00:00 PM,36,23,13
07/22/2014 03:00:00 PM,59,41,18
07/22/2014 04:00:00 PM,99,80,19
07/22/2014 05:00:00 PM,205,168,37
07/22/2014 06:00:00 PM,151,128,23
07/22/2014 07:00:00 PM,64,54,10
07/22/2014 08:00:00 PM,25,18,7
07/22/2014 09:00:00 PM,16,7,9
07/22/2014 10:00:00 PM,17,11,6
07/22/2014 11:00:00 PM,8,8,0
07/23/2014 12:00:00 AM,3,3,0
07/23/2014 01:00:00 AM,1,1,0
07/23/2014 02:00:00 AM,1,0,1
07/23/2014 03:00:00 AM,3,1,2
07/23/2014 04:00:00 AM,5,2,3
07/23/2014 05:00:00 AM,22,3,19
07/23/2014 06:00:00 AM,69,7,62
07/23/2014 07:00:00 AM,74,9,65
07/23/2014 08:00:00 AM,75,7,68
07/23/2014 09:00:00 AM,36,1,35
07/23/2014 10:00:00 AM,8,2,6
07/23/2014 11:00:00 AM,6,0,6
07/23/2014 12:00:00 PM,10,5,5
07/23/2014 01:00:00 PM,13,5,8
07/23/2014 02:00:00 PM,11,10,1
07/23/2014 03:00:00 PM,16,14,2
07/23/2014 04:00:00 PM,41,34,7
07/23/2014 05:00:00 PM,90,72,18
07/23/2014 06:00:00 PM,63,58,5
07/23/2014 07:00:00 PM,42,32,10
07/23/2014 08:00:00 PM,20,8,12
07/23/2014 09:00:00 PM,2,2,0
07/23/2014 10:00:00 PM,4,4,0
07/23/2014 11:00:00 PM,3,2,1
07/24/2014 12:00:00 AM,1,0,1
07/24/2014 01:00:00 AM,0,0,0
07/24/2014 02:00:00 AM,5,3,2
07/24/2014 03:00:00 AM,1,0,1
07/24/2014 04:00:00 AM,4,0,4
07/24/2014 05:00:00 AM,24,3,21
07/24/2014 06:00:00 AM,58,7,51
07/24/2014 07:00:00 AM,111,15,96
07/24/2014 08:00:00 AM,104,10,94
07/24/2014 09:00:00 AM,36,3,33
07/24/2014 10:00:00 AM,24,1,23
07/24/2014 11:00:00 AM,17,6,11
07/24/2014 12:00:00 PM,23,6,17
07/24/2014 01:00:00 PM,34,20,14
07/24/2014 02:00:00 PM,26,15,11
07/24/2014 03:00:00 PM,40,31,9
07/24/2014 04:00:00 PM,76,57,19
07/24/2014 05:00:00 PM,150,126,24
07/24/2014 06:00:00 PM,90,74,16
07/24/2014 07:00:00 PM,38,27,11
07/24/2014 08:00:00 PM,23,15,8
07/24/2014 09:00:00 PM,12,7,5
07/24/2014 10:00:00 PM,15,11,4
07/24/2014 11:00:00 PM,6,2,4
07/25/2014 12:00:00 AM,6,0,6
07/25/2014 01:00:00 AM,6,3,3
07/25/2014 02:00:00 AM,12,1,11
07/25/2014 03:00:00 AM,2,0,2
07/25/2014 04:00:00 AM,7,0,7
07/25/2014 05:00:00 AM,31,6,25
07/25/2014 06:00:00 AM,63,7,56
07/25/2014 07:00:00 AM,107,17,90
07/25/2014 08:00:00 AM,115,15,100
07/25/2014 09:00:00 AM,74,14,60
07/25/2014 10:00:00 AM,65,12,53
07/25/2014 11:00:00 AM,31,8,23
07/25/2014 12:00:00 PM,32,19,13
07/25/2014 01:00:00 PM,41,23,18
07/25/2014 02:00:00 PM,60,45,15
07/25/2014 03:00:00 PM,59,42,17
07/25/2014 04:00:00 PM,108,85,23
07/25/2014 05:00:00 PM,162,128,34
07/25/2014 06:00:00 PM,108,86,22
07/25/2014 07:00:00 PM,58,41,17
07/25/2014 08:00:00 PM,39,19,20
07/25/2014 09:00:00 PM,8,4,4
07/25/2014 10:00:00 PM,9,7,2
07/25/2014 11:00:00 PM,16,11,5
07/26/2014 12:00:00 AM,6,6,0
07/26/2014 01:00:00 AM,6,4,2
07/26/2014 02:00:00 AM,1,0,1
07/26/2014 03:00:00 AM,2,2,0
07/26/2014 04:00:00 AM,1,0,1
07/26/2014 05:00:00 AM,4,0,4
07/26/2014 06:00:00 AM,19,8,11
07/26/2014 07:00:00 AM,29,11,18
07/26/2014 08:00:00 AM,52,18,34
07/26/2014 09:00:00 AM,55,34,21
07/26/2014 10:00:00 AM,60,25,35
07/26/2014 11:00:00 AM,83,37,46
07/26/2014 12:00:00 PM,96,52,44
07/26/2014 01:00:00 PM,69,37,32
07/26/2014 02:00:00 PM,85,41,44
07/26/2014 03:00:00 PM,105,71,34
07/26/2014 04:00:00 PM,75,39,36
07/26/2014 05:00:00 PM,59,30,29
07/26/2014 06:00:00 PM,60,34,26
07/26/2014 07:00:00 PM,45,20,25
07/26/2014 08:00:00 PM,27,13,14
07/26/2014 09:00:00 PM,16,6,10
07/26/2014 10:00:00 PM,11,4,7
07/26/2014 11:00:00 PM,14,6,8
07/27/2014 12:00:00 AM,7,3,4
07/27/2014 01:00:00 AM,6,4,2
07/27/2014 02:00:00 AM,4,1,3
07/27/2014 03:00:00 AM,1,1,0
07/27/2014 04:00:00 AM,3,2,1
07/27/2014 05:00:00 AM,7,0,7
07/27/2014 06:00:00 AM,5,0,5
07/27/2014 07:00:00 AM,14,3,11
07/27/2014 08:00:00 AM,21,12,9
07/27/2014 09:00:00 AM,65,31,34
07/27/2014 10:00:00 AM,72,24,48
07/27/2014 11:00:00 AM,80,39,41
07/27/2014 12:00:00 PM,83,38,45
07/27/2014 01:00:00 PM,92,59,33
07/27/2014 02:00:00 PM,83,50,33
07/27/2014 03:00:00 PM,84,40,44
07/27/2014 04:00:00 PM,75,44,31
07/27/2014 05:00:00 PM,80,37,43
07/27/2014 06:00:00 PM,63,35,28
07/27/2014 07:00:00 PM,38,17,21
07/27/2014 08:00:00 PM,31,18,13
07/27/2014 09:00:00 PM,25,7,18
07/27/2014 10:00:00 PM,12,7,5
07/27/2014 11:00:00 PM,10,2,8
07/28/2014 12:00:00 AM,5,4,1
07/28/2014 01:00:00 AM,2,2,0
07/28/2014 02:00:00 AM,2,1,1
07/28/2014 03:00:00 AM,4,2,2
07/28/2014 04:00:00 AM,4,1,3
07/28/2014 05:00:00 AM,26,5,21
07/28/2014 06:00:00 AM,78,13,65
07/28/2014 07:00:00 AM,176,19,157
07/28/2014 08:00:00 AM,146,14,132
07/28/2014 09:00:00 AM,70,7,63
07/28/2014 10:00:00 AM,42,12,30
07/28/2014 11:00:00 AM,27,15,12
07/28/2014 12:00:00 PM,43,18,25
07/28/2014 01:00:00 PM,30,14,16
07/28/2014 02:00:00 PM,51,33,18
07/28/2014 03:00:00 PM,57,30,27
07/28/2014 04:00:00 PM,107,79,28
07/28/2014 05:00:00 PM,200,170,30
07/28/2014 06:00:00 PM,161,129,32
07/28/2014 07:00:00 PM,91,67,24
07/28/2014 08:00:00 PM,34,20,14
07/28/2014 09:00:00 PM,37,28,9
07/28/2014 10:00:00 PM,16,9,7
07/28/2014 11:00:00 PM,7,6,1
07/29/2014 12:00:00 AM,1,1,0
07/29/2014 01:00:00 AM,5,4,1
07/29/2014 02:00:00 AM,3,2,1
07/29/2014 03:00:00 AM,2,1,1
07/29/2014 04:00:00 AM,7,3,4
07/29/2014 05:00:00 AM,38,7,31
07/29/2014 06:00:00 AM,92,8,84
07/29/2014 07:00:00 AM,176,24,152
07/29/2014 08:00:00 AM,173,22,151
07/29/2014 09:00:00 AM,78,9,69
07/29/2014 10:00:00 AM,39,12,27
07/29/2014 11:00:00 AM,37,16,21
07/29/2014 12:00:00 PM,38,22,16
07/29/2014 01:00:00 PM,52,24,28
07/29/2014 02:00:00 PM,42,25,17
07/29/2014 03:00:00 PM,49,31,18
07/29/2014 04:00:00 PM,114,83,31
07/29/2014 05:00:00 PM,247,207,40
07/29/2014 06:00:00 PM,159,133,26
07/29/2014 07:00:00 PM,76,59,17
07/29/2014 08:00:00 PM,57,38,19
07/29/2014 09:00:00 PM,16,8,8
07/29/2014 10:00:00 PM,12,8,4
07/29/2014 11:00:00 PM,9,6,3
07/30/2014 12:00:00 AM,6,5,1
07/30/2014 01:00:00 AM,3,2,1
07/30/2014 02:00:00 AM,4,3,1
07/30/2014 03:00:00 AM,4,1,3
07/30/2014 04:00:00 AM,6,2,4
07/30/2014 05:00:00 AM,35,11,24
07/30/2014 06:00:00 AM,87,10,77
07/30/2014 07:00:00 AM,175,21,154
07/30/2014 08:00:00 AM,169,20,149
07/30/2014 09:00:00 AM,72,11,61
07/30/2014 10:00:00 AM,46,13,33
07/30/2014 11:00:00 AM,35,13,22
07/30/2014 12:00:00 PM,35,15,20
07/30/2014 01:00:00 PM,43,20,23
07/30/2014 02:00:00 PM,51,27,24
07/30/2014 03:00:00 PM,53,35,18
07/30/2014 04:00:00 PM,119,90,29
07/30/2014 05:00:00 PM,212,181,31
07/30/2014 06:00:00 PM,146,119,27
07/30/2014 07:00:00 PM,73,57,16
07/30/2014 08:00:00 PM,62,41,21
07/30/2014 09:00:00 PM,28,12,16
07/30/2014 10:00:00 PM,19,14,5
07/30/2014 11:00:00 PM,9,6,3
07/31/2014 12:00:00 AM,5,2,3
07/31/2014 01:00:00 AM,2,1,1
07/31/2014 02:00:00 AM,4,2,2
07/31/2014 03:00:00 AM,3,2,1
07/31/2014 04:00:00 AM,5,2,3
07/31/2014 05:00:00 AM,32,6,26
07/31/2014 06:00:00 AM,36,13,23
07/31/2014 07:00:00 AM,160,14,146
07/31/2014 08:00:00 AM,152,19,133
07/31/2014 09:00:00 AM,70,9,61
07/31/2014 10:00:00 AM,35,16,19
07/31/2014 11:00:00 AM,30,7,23
07/31/2014 12:00:00 PM,45,15,30
07/31/2014 01:00:00 PM,26,13,13
07/31/2014 02:00:00 PM,43,23,20
07/31/2014 03:00:00 PM,55,33,22
07/31/2014 04:00:00 PM,91,70,21
07/31/2014 05:00:00 PM,186,164,22
07/31/2014 06:00:00 PM,130,112,18
07/31/2014 07:00:00 PM,88,55,33
07/31/2014 08:00:00 PM,49,33,16
07/31/2014 09:00:00 PM,14,8,6
07/31/2014 10:00:00 PM,18,14,4
07/31/2014 11:00:00 PM,10,6,4
08/01/2014 12:00:00 AM,5,1,4
08/01/2014 01:00:00 AM,3,1,2
08/01/2014 02:00:00 AM,7,3,4
08/01/2014 03:00:00 AM,2,2,0
08/01/2014 04:00:00 AM,3,0,3
08/01/2014 05:00:00 AM,26,4,22
08/01/2014 06:00:00 AM,69,7,62
08/01/2014 07:00:00 AM,142,17,125
08/01/2014 08:00:00 AM,132,15,117
08/01/2014 09:00:00 AM,60,6,54
08/01/2014 10:00:00 AM,39,16,23
08/01/2014 11:00:00 AM,26,10,16
08/01/2014 12:00:00 PM,41,12,29
08/01/2014 01:00:00 PM,38,23,15
08/01/2014 02:00:00 PM,38,25,13
08/01/2014 03:00:00 PM,65,49,16
08/01/2014 04:00:00 PM,123,87,36
08/01/2014 05:00:00 PM,178,136,42
08/01/2014 06:00:00 PM,179,158,21
08/01/2014 07:00:00 PM,59,40,19
08/01/2014 08:00:00 PM,30,25,5
08/01/2014 09:00:00 PM,21,14,7
08/01/2014 10:00:00 PM,16,9,7
08/01/2014 11:00:00 PM,15,8,7
08/02/2014 12:00:00 AM,17,15,2
08/02/2014 01:00:00 AM,9,9,0
08/02/2014 02:00:00 AM,11,7,4
08/02/2014 03:00:00 AM,7,3,4
08/02/2014 04:00:00 AM,4,3,1
08/02/2014 05:00:00 AM,4,1,3
08/02/2014 06:00:00 AM,15,1,14
08/02/2014 07:00:00 AM,14,4,10
08/02/2014 08:00:00 AM,43,19,24
08/02/2014 09:00:00 AM,37,16,21
08/02/2014 10:00:00 AM,66,35,31
08/02/2014 11:00:00 AM,68,44,24
08/02/2014 12:00:00 PM,77,22,55
08/02/2014 01:00:00 PM,67,26,41
08/02/2014 02:00:00 PM,66,27,39
08/02/2014 03:00:00 PM,72,35,37
08/02/2014 04:00:00 PM,72,43,29
08/02/2014 05:00:00 PM,49,24,25
08/02/2014 06:00:00 PM,55,29,26
08/02/2014 07:00:00 PM,20,11,9
08/02/2014 08:00:00 PM,23,4,19
08/02/2014 09:00:00 PM,5,3,2
08/02/2014 10:00:00 PM,6,3,3
08/02/2014 11:00:00 PM,11,7,4
08/03/2014 12:00:00 AM,7,4,3
08/03/2014 01:00:00 AM,6,5,1
08/03/2014 02:00:00 AM,1,1,0
08/03/2014 03:00:00 AM,2,2,0
08/03/2014 04:00:00 AM,1,0,1
08/03/2014 05:00:00 AM,3,0,3
08/03/2014 06:00:00 AM,10,2,8
08/03/2014 07:00:00 AM,11,4,7
08/03/2014 08:00:00 AM,29,7,22
08/03/2014 09:00:00 AM,36,16,20
08/03/2014 10:00:00 AM,64,31,33
08/03/2014 11:00:00 AM,94,38,56
08/03/2014 12:00:00 PM,92,44,48
08/03/2014 01:00:00 PM,96,49,47
08/03/2014 02:00:00 PM,54,29,25
08/03/2014 03:00:00 PM,98,55,43
08/03/2014 04:00:00 PM,79,48,31
08/03/2014 05:00:00 PM,65,42,23
08/03/2014 06:00:00 PM,53,26,27
08/03/2014 07:00:00 PM,38,15,23
08/03/2014 08:00:00 PM,16,9,7
08/03/2014 09:00:00 PM,9,3,6
08/03/2014 10:00:00 PM,5,3,2
08/03/2014 11:00:00 PM,3,1,2
08/04/2014 12:00:00 AM,1,0,1
08/04/2014 01:00:00 AM,2,1,1
08/04/2014 02:00:00 AM,2,1,1
08/04/2014 03:00:00 AM,3,1,2
08/04/2014 04:00:00 AM,3,2,1
08/04/2014 05:00:00 AM,24,5,19
08/04/2014 06:00:00 AM,84,11,73
08/04/2014 07:00:00 AM,152,13,139
08/04/2014 08:00:00 AM,134,9,125
08/04/2014 09:00:00 AM,73,13,60
08/04/2014 10:00:00 AM,26,8,18
08/04/2014 11:00:00 AM,27,17,10
08/04/2014 12:00:00 PM,23,11,12
08/04/2014 01:00:00 PM,32,16,16
08/04/2014 02:00:00 PM,18,6,12
08/04/2014 03:00:00 PM,58,45,13
08/04/2014 04:00:00 PM,91,69,22
08/04/2014 05:00:00 PM,210,166,44
08/04/2014 06:00:00 PM,131,108,23
08/04/2014 07:00:00 PM,70,54,16
08/04/2014 08:00:00 PM,39,25,14
08/04/2014 09:00:00 PM,25,16,9
08/04/2014 10:00:00 PM,11,9,2
08/04/2014 11:00:00 PM,7,5,2
08/05/2014 12:00:00 AM,3,3,0
08/05/2014 01:00:00 AM,2,1,1
08/05/2014 02:00:00 AM,0,0,0
08/05/2014 03:00:00 AM,1,0,1
08/05/2014 04:00:00 AM,3,2,1
08/05/2014 05:00:00 AM,30,5,25
08/05/2014 06:00:00 AM,87,12,75
08/05/2014 07:00:00 AM,172,21,151
08/05/2014 08:00:00 AM,141,13,128
08/05/2014 09:00:00 AM,71,7,64
08/05/2014 10:00:00 AM,33,5,28
08/05/2014 11:00:00 AM,29,15,14
08/05/2014 12:00:00 PM,29,14,15
08/05/2014 01:00:00 PM,33,14,19
08/05/2014 02:00:00 PM,36,18,18
08/05/2014 03:00:00 PM,49,33,16
08/05/2014 04:00:00 PM,114,91,23
08/05/2014 05:00:00 PM,204,172,32
08/05/2014 06:00:00 PM,138,111,27
08/05/2014 07:00:00 PM,69,52,17
08/05/2014 08:00:00 PM,46,28,18
08/05/2014 09:00:00 PM,18,14,4
08/05/2014 10:00:00 PM,10,7,3
08/05/2014 11:00:00 PM,11,10,1
08/06/2014 12:00:00 AM,2,1,1
08/06/2014 01:00:00 AM,3,2,1
08/06/2014 02:00:00 AM,0,0,0
08/06/2014 03:00:00 AM,1,0,1
08/06/2014 04:00:00 AM,2,1,1
08/06/2014 05:00:00 AM,24,4,20
08/06/2014 06:00:00 AM,74,8,66
08/06/2014 07:00:00 AM,155,14,141
08/06/2014 08:00:00 AM,154,18,136
08/06/2014 09:00:00 AM,75,10,65
08/06/2014 10:00:00 AM,27,8,19
08/06/2014 11:00:00 AM,43,10,33
08/06/2014 12:00:00 PM,31,11,20
08/06/2014 01:00:00 PM,50,32,18
08/06/2014 02:00:00 PM,38,24,14
08/06/2014 03:00:00 PM,56,36,20
08/06/2014 04:00:00 PM,122,93,29
08/06/2014 05:00:00 PM,190,159,31
08/06/2014 06:00:00 PM,147,122,25
08/06/2014 07:00:00 PM,85,61,24
08/06/2014 08:00:00 PM,63,42,21
08/06/2014 09:00:00 PM,16,10,6
08/06/2014 10:00:00 PM,11,6,5
08/06/2014 11:00:00 PM,8,7,1
08/07/2014 12:00:00 AM,3,3,0
08/07/2014 01:00:00 AM,2,1,1
08/07/2014 02:00:00 AM,0,0,0
08/07/2014 03:00:00 AM,4,2,2
08/07/2014 04:00:00 AM,3,0,3
08/07/2014 05:00:00 AM,29,4,25
08/07/2014 06:00:00 AM,75,6,69
08/07/2014 07:00:00 AM,167,20,147
08/07/2014 08:00:00 AM,116,10,106
08/07/2014 09:00:00 AM,82,11,71
08/07/2014 10:00:00 AM,42,10,32
08/07/2014 11:00:00 AM,17,8,9
08/07/2014 12:00:00 PM,30,12,18
08/07/2014 01:00:00 PM,34,17,17
08/07/2014 02:00:00 PM,45,30,15
08/07/2014 03:00:00 PM,56,43,13
08/07/2014 04:00:00 PM,100,64,36
08/07/2014 05:00:00 PM,196,170,26
08/07/2014 06:00:00 PM,145,112,33
08/07/2014 07:00:00 PM,63,42,21
08/07/2014 08:00:00 PM,51,33,18
08/07/2014 09:00:00 PM,20,15,5
08/07/2014 10:00:00 PM,14,10,4
08/07/2014 11:00:00 PM,8,4,4
08/08/2014 12:00:00 AM,5,3,2
08/08/2014 01:00:00 AM,2,2,0
08/08/2014 02:00:00 AM,5,3,2
08/08/2014 03:00:00 AM,2,1,1
08/08/2014 04:00:00 AM,4,2,2
08/08/2014 05:00:00 AM,30,6,24
08/08/2014 06:00:00 AM,59,7,52
08/08/2014 07:00:00 AM,132,21,111
08/08/2014 08:00:00 AM,116,12,104
08/08/2014 09:00:00 AM,56,9,47
08/08/2014 10:00:00 AM,33,13,20
08/08/2014 11:00:00 AM,28,13,15
08/08/2014 12:00:00 PM,35,13,22
08/08/2014 01:00:00 PM,39,19,20
08/08/2014 02:00:00 PM,56,26,30
08/08/2014 03:00:00 PM,59,48,11
08/08/2014 04:00:00 PM,107,76,31
08/08/2014 05:00:00 PM,148,119,29
08/08/2014 06:00:00 PM,84,62,22
08/08/2014 07:00:00 PM,54,41,13
08/08/2014 08:00:00 PM,28,20,8
08/08/2014 09:00:00 PM,15,11,4
08/08/2014 10:00:00 PM,10,7,3
08/08/2014 11:00:00 PM,8,5,3
08/09/2014 12:00:00 AM,5,4,1
08/09/2014 01:00:00 AM,0,0,0
08/09/2014 02:00:00 AM,0,0,0
08/09/2014 03:00:00 AM,2,2,0
08/09/2014 04:00:00 AM,2,0,2
08/09/2014 05:00:00 AM,3,0,3
08/09/2014 06:00:00 AM,10,2,8
08/09/2014 07:00:00 AM,22,6,16
08/09/2014 08:00:00 AM,38,18,20
08/09/2014 09:00:00 AM,49,26,23
08/09/2014 10:00:00 AM,62,37,25
08/09/2014 11:00:00 AM,64,31,33
08/09/2014 12:00:00 PM,82,37,45
08/09/2014 01:00:00 PM,89,40,49
08/09/2014 02:00:00 PM,49,23,26
08/09/2014 03:00:00 PM,61,29,32
08/09/2014 04:00:00 PM,63,31,32
08/09/2014 05:00:00 PM,54,26,28
08/09/2014 06:00:00 PM,40,21,19
08/09/2014 07:00:00 PM,36,22,14
08/09/2014 08:00:00 PM,19,11,8
08/09/2014 09:00:00 PM,22,12,10
08/09/2014 10:00:00 PM,9,5,4
08/09/2014 11:00:00 PM,7,3,4
08/10/2014 12:00:00 AM,6,4,2
08/10/2014 01:00:00 AM,6,4,2
08/10/2014 02:00:00 AM,2,2,0
08/10/2014 03:00:00 AM,1,0,1
08/10/2014 04:00:00 AM,2,2,0
08/10/2014 05:00:00 AM,3,0,3
08/10/2014 06:00:00 AM,13,8,5
08/10/2014 07:00:00 AM,22,4,18
08/10/2014 08:00:00 AM,24,10,14
08/10/2014 09:00:00 AM,43,20,23
08/10/2014 10:00:00 AM,80,36,44
08/10/2014 11:00:00 AM,121,37,84
08/10/2014 12:00:00 PM,111,39,72
08/10/2014 01:00:00 PM,102,42,60
08/10/2014 02:00:00 PM,58,33,25
08/10/2014 03:00:00 PM,93,51,42
08/10/2014 04:00:00 PM,58,27,31
08/10/2014 05:00:00 PM,72,35,37
08/10/2014 06:00:00 PM,35,16,19
08/10/2014 07:00:00 PM,33,12,21
08/10/2014 08:00:00 PM,19,11,8
08/10/2014 09:00:00 PM,17,10,7
08/10/2014 10:00:00 PM,13,9,4
08/10/2014 11:00:00 PM,6,6,0
08/11/2014 12:00:00 AM,0,0,0
08/11/2014 01:00:00 AM,3,2,1
08/11/2014 02:00:00 AM,1,0,1
08/11/2014 03:00:00 AM,3,1,2
08/11/2014 04:00:00 AM,1,0,1
08/11/2014 05:00:00 AM,31,6,25
08/11/2014 06:00:00 AM,72,18,54
08/11/2014 07:00:00 AM,160,18,142
08/11/2014 08:00:00 AM,139,13,126
08/11/2014 09:00:00 AM,49,8,41
08/11/2014 10:00:00 AM,30,7,23
08/11/2014 11:00:00 AM,23,11,12
08/11/2014 12:00:00 PM,33,17,16
08/11/2014 01:00:00 PM,20,6,14
08/11/2014 02:00:00 PM,32,16,16
08/11/2014 03:00:00 PM,54,40,14
08/11/2014 04:00:00 PM,90,65,25
08/11/2014 05:00:00 PM,177,151,26
08/11/2014 06:00:00 PM,131,109,22
08/11/2014 07:00:00 PM,52,41,11
08/11/2014 08:00:00 PM,33,24,9
08/11/2014 09:00:00 PM,17,14,3
08/11/2014 10:00:00 PM,12,6,6
08/11/2014 11:00:00 PM,2,2,0
08/12/2014 12:00:00 AM,2,2,0
08/12/2014 01:00:00 AM,1,0,1
08/12/2014 02:00:00 AM,2,2,0
08/12/2014 03:00:00 AM,2,0,2
08/12/2014 04:00:00 AM,1,0,1
08/12/2014 05:00:00 AM,35,2,33
08/12/2014 06:00:00 AM,69,9,60
08/12/2014 07:00:00 AM,138,17,121
08/12/2014 08:00:00 AM,114,11,103
08/12/2014 09:00:00 AM,45,6,39
08/12/2014 10:00:00 AM,12,3,9
08/12/2014 11:00:00 AM,11,1,10
08/12/2014 12:00:00 PM,22,12,10
08/12/2014 01:00:00 PM,22,7,15
08/12/2014 02:00:00 PM,35,22,13
08/12/2014 03:00:00 PM,40,28,12
08/12/2014 04:00:00 PM,83,72,11
08/12/2014 05:00:00 PM,156,128,28
08/12/2014 06:00:00 PM,105,91,14
08/12/2014 07:00:00 PM,38,27,11
08/12/2014 08:00:00 PM,27,17,10
08/12/2014 09:00:00 PM,8,5,3
08/12/2014 10:00:00 PM,7,6,1
08/12/2014 11:00:00 PM,3,2,1
08/13/2014 12:00:00 AM,1,1,0
08/13/2014 01:00:00 AM,3,3,0
08/13/2014 02:00:00 AM,1,0,1
08/13/2014 03:00:00 AM,0,0,0
08/13/2014 04:00:00 AM,2,1,1
08/13/2014 05:00:00 AM,15,4,11
08/13/2014 06:00:00 AM,38,5,33
08/13/2014 07:00:00 AM,90,15,75
08/13/2014 08:00:00 AM,97,11,86
08/13/2014 09:00:00 AM,45,8,37
08/13/2014 10:00:00 AM,12,1,11
08/13/2014 11:00:00 AM,15,7,8
08/13/2014 12:00:00 PM,16,7,9
08/13/2014 01:00:00 PM,19,7,12
08/13/2014 02:00:00 PM,18,8,10
08/13/2014 03:00:00 PM,35,23,12
08/13/2014 04:00:00 PM,56,39,17
08/13/2014 05:00:00 PM,115,98,17
08/13/2014 06:00:00 PM,98,82,16
08/13/2014 07:00:00 PM,39,31,8
08/13/2014 08:00:00 PM,27,17,10
08/13/2014 09:00:00 PM,12,9,3
08/13/2014 10:00:00 PM,11,8,3
08/13/2014 11:00:00 PM,5,4,1
08/14/2014 12:00:00 AM,6,4,2
08/14/2014 01:00:00 AM,4,3,1
08/14/2014 02:00:00 AM,1,0,1
08/14/2014 03:00:00 AM,2,0,2
08/14/2014 04:00:00 AM,2,0,2
08/14/2014 05:00:00 AM,26,5,21
08/14/2014 06:00:00 AM,65,8,57
08/14/2014 07:00:00 AM,141,24,117
08/14/2014 08:00:00 AM,122,15,107
08/14/2014 09:00:00 AM,58,9,49
08/14/2014 10:00:00 AM,27,8,19
08/14/2014 11:00:00 AM,21,8,13
08/14/2014 12:00:00 PM,29,11,18
08/14/2014 01:00:00 PM,28,15,13
08/14/2014 02:00:00 PM,24,14,10
08/14/2014 03:00:00 PM,34,21,13
08/14/2014 04:00:00 PM,86,69,17
08/14/2014 05:00:00 PM,141,123,18
08/14/2014 06:00:00 PM,112,97,15
08/14/2014 07:00:00 PM,51,39,12
08/14/2014 08:00:00 PM,33,18,15
08/14/2014 09:00:00 PM,7,7,0
08/14/2014 10:00:00 PM,12,7,5
08/14/2014 11:00:00 PM,11,4,7
08/15/2014 12:00:00 AM,4,4,0
08/15/2014 01:00:00 AM,2,1,1
08/15/2014 02:00:00 AM,2,0,2
08/15/2014 03:00:00 AM,2,0,2
08/15/2014 04:00:00 AM,4,2,2
08/15/2014 05:00:00 AM,25,5,20
08/15/2014 06:00:00 AM,49,7,42
08/15/2014 07:00:00 AM,86,14,72
08/15/2014 08:00:00 AM,80,8,72
08/15/2014 09:00:00 AM,51,8,43
08/15/2014 10:00:00 AM,21,4,17
08/15/2014 11:00:00 AM,18,10,8
08/15/2014 12:00:00 PM,15,6,9
08/15/2014 01:00:00 PM,25,8,17
08/15/2014 02:00:00 PM,35,22,13
08/15/2014 03:00:00 PM,45,23,22
08/15/2014 04:00:00 PM,80,62,18
08/15/2014 05:00:00 PM,107,82,25
08/15/2014 06:00:00 PM,68,51,17
08/15/2014 07:00:00 PM,42,32,10
08/15/2014 08:00:00 PM,17,12,5
08/15/2014 09:00:00 PM,15,13,2
08/15/2014 10:00:00 PM,12,9,3
08/15/2014 11:00:00 PM,12,11,1
08/16/2014 12:00:00 AM,4,1,3
08/16/2014 01:00:00 AM,4,4,0
08/16/2014 02:00:00 AM,2,1,1
08/16/2014 03:00:00 AM,0,0,0
08/16/2014 04:00:00 AM,0,0,0
08/16/2014 05:00:00 AM,5,0,5
08/16/2014 06:00:00 AM,11,3,8
08/16/2014 07:00:00 AM,16,6,10
08/16/2014 08:00:00 AM,19,8,11
08/16/2014 09:00:00 AM,53,25,28
08/16/2014 10:00:00 AM,44,23,21
08/16/2014 11:00:00 AM,68,30,38
08/16/2014 12:00:00 PM,52,25,27
08/16/2014 01:00:00 PM,77,37,40
08/16/2014 02:00:00 PM,66,32,34
08/16/2014 03:00:00 PM,54,39,15
08/16/2014 04:00:00 PM,53,27,26
08/16/2014 05:00:00 PM,59,33,26
08/16/2014 06:00:00 PM,30,21,9
08/16/2014 07:00:00 PM,31,20,11
08/16/2014 08:00:00 PM,31,7,24
08/16/2014 09:00:00 PM,10,6,4
08/16/2014 10:00:00 PM,2,1,1
08/16/2014 11:00:00 PM,12,4,8
08/17/2014 12:00:00 AM,7,5,2
08/17/2014 01:00:00 AM,8,5,3
08/17/2014 02:00:00 AM,3,3,0
08/17/2014 03:00:00 AM,2,1,1
08/17/2014 04:00:00 AM,2,2,0
08/17/2014 05:00:00 AM,4,0,4
08/17/2014 06:00:00 AM,7,1,6
08/17/2014 07:00:00 AM,17,5,12
08/17/2014 08:00:00 AM,21,2,19
08/17/2014 09:00:00 AM,39,19,20
08/17/2014 10:00:00 AM,31,18,13
08/17/2014 11:00:00 AM,49,20,29
08/17/2014 12:00:00 PM,61,37,24
08/17/2014 01:00:00 PM,61,30,31
08/17/2014 02:00:00 PM,74,31,43
08/17/2014 03:00:00 PM,66,31,35
08/17/2014 04:00:00 PM,47,26,21
08/17/2014 05:00:00 PM,72,36,36
08/17/2014 06:00:00 PM,48,19,29
08/17/2014 07:00:00 PM,28,15,13
08/17/2014 08:00:00 PM,25,10,15
08/17/2014 09:00:00 PM,8,8,0
08/17/2014 10:00:00 PM,12,9,3
08/17/2014 11:00:00 PM,3,2,1
08/18/2014 12:00:00 AM,3,2,1
08/18/2014 01:00:00 AM,2,2,0
08/18/2014 02:00:00 AM,1,0,1
08/18/2014 03:00:00 AM,4,3,1
08/18/2014 04:00:00 AM,2,0,2
08/18/2014 05:00:00 AM,33,6,27
08/18/2014 06:00:00 AM,73,8,65
08/18/2014 07:00:00 AM,148,22,126
08/18/2014 08:00:00 AM,142,16,126
08/18/2014 09:00:00 AM,66,11,55
08/18/2014 10:00:00 AM,36,11,25
08/18/2014 11:00:00 AM,26,11,15
08/18/2014 12:00:00 PM,43,24,19
08/18/2014 01:00:00 PM,35,18,17
08/18/2014 02:00:00 PM,44,23,21
08/18/2014 03:00:00 PM,42,30,12
08/18/2014 04:00:00 PM,104,80,24
08/18/2014 05:00:00 PM,194,172,22
08/18/2014 06:00:00 PM,150,130,20
08/18/2014 07:00:00 PM,95,59,36
08/18/2014 08:00:00 PM,33,18,15
08/18/2014 09:00:00 PM,11,7,4
08/18/2014 10:00:00 PM,7,6,1
08/18/2014 11:00:00 PM,5,3,2
08/19/2014 12:00:00 AM,6,6,0
08/19/2014 01:00:00 AM,2,2,0
08/19/2014 02:00:00 AM,5,3,2
08/19/2014 03:00:00 AM,1,0,1
08/19/2014 04:00:00 AM,3,2,1
08/19/2014 05:00:00 AM,23,4,19
08/19/2014 06:00:00 AM,86,10,76
08/19/2014 07:00:00 AM,197,18,179
08/19/2014 08:00:00 AM,166,19,147
08/19/2014 09:00:00 AM,58,9,49
08/19/2014 10:00:00 AM,26,4,22
08/19/2014 11:00:00 AM,26,7,19
08/19/2014 12:00:00 PM,26,15,11
08/19/2014 01:00:00 PM,37,15,22
08/19/2014 02:00:00 PM,33,20,13
08/19/2014 03:00:00 PM,66,44,22
08/19/2014 04:00:00 PM,114,86,28
08/19/2014 05:00:00 PM,198,161,37
08/19/2014 06:00:00 PM,144,123,21
08/19/2014 07:00:00 PM,64,45,19
08/19/2014 08:00:00 PM,41,25,16
08/19/2014 09:00:00 PM,17,11,6
08/19/2014 10:00:00 PM,6,5,1
08/19/2014 11:00:00 PM,4,4,0
08/20/2014 12:00:00 AM,8,7,1
08/20/2014 01:00:00 AM,1,1,0
08/20/2014 02:00:00 AM,3,2,1
08/20/2014 03:00:00 AM,4,2,2
08/20/2014 04:00:00 AM,7,1,6
08/20/2014 05:00:00 AM,27,5,22
08/20/2014 06:00:00 AM,76,4,72
08/20/2014 07:00:00 AM,127,16,111
08/20/2014 08:00:00 AM,168,16,152
08/20/2014 09:00:00 AM,73,13,60
08/20/2014 10:00:00 AM,25,5,20
08/20/2014 11:00:00 AM,32,12,20
08/20/2014 12:00:00 PM,28,15,13
08/20/2014 01:00:00 PM,32,12,20
08/20/2014 02:00:00 PM,24,16,8
08/20/2014 03:00:00 PM,48,34,14
08/20/2014 04:00:00 PM,100,81,19
08/20/2014 05:00:00 PM,177,153,24
08/20/2014 06:00:00 PM,132,113,19
08/20/2014 07:00:00 PM,54,40,14
08/20/2014 08:00:00 PM,38,23,15
08/20/2014 09:00:00 PM,21,19,2
08/20/2014 10:00:00 PM,11,5,6
08/20/2014 11:00:00 PM,6,5,1
08/21/2014 12:00:00 AM,7,4,3
08/21/2014 01:00:00 AM,4,3,1
08/21/2014 02:00:00 AM,3,1,2
08/21/2014 03:00:00 AM,0,0,0
08/21/2014 04:00:00 AM,3,1,2
08/21/2014 05:00:00 AM,28,5,23
08/21/2014 06:00:00 AM,66,10,56
08/21/2014 07:00:00 AM,143,14,129
08/21/2014 08:00:00 AM,133,19,114
08/21/2014 09:00:00 AM,52,5,47
08/21/2014 10:00:00 AM,20,4,16
08/21/2014 11:00:00 AM,21,7,14
08/21/2014 12:00:00 PM,31,17,14
08/21/2014 01:00:00 PM,34,17,17
08/21/2014 02:00:00 PM,19,10,9
08/21/2014 03:00:00 PM,44,28,16
08/21/2014 04:00:00 PM,100,69,31
08/21/2014 05:00:00 PM,147,132,15
08/21/2014 06:00:00 PM,136,107,29
08/21/2014 07:00:00 PM,118,106,12
08/21/2014 08:00:00 PM,32,17,15
08/21/2014 09:00:00 PM,24,9,15
08/21/2014 10:00:00 PM,17,3,14
08/21/2014 11:00:00 PM,16,5,11
08/22/2014 12:00:00 AM,15,8,7
08/22/2014 01:00:00 AM,21,1,20
08/22/2014 02:00:00 AM,1,0,1
08/22/2014 03:00:00 AM,0,0,0
08/22/2014 04:00:00 AM,7,3,4
08/22/2014 05:00:00 AM,20,6,14
08/22/2014 06:00:00 AM,54,9,45
08/22/2014 07:00:00 AM,124,23,101
08/22/2014 08:00:00 AM,108,9,99
08/22/2014 09:00:00 AM,58,11,47
08/22/2014 10:00:00 AM,30,8,22
08/22/2014 11:00:00 AM,39,18,21
08/22/2014 12:00:00 PM,38,13,25
08/22/2014 01:00:00 PM,27,15,12
08/22/2014 02:00:00 PM,47,28,19
08/22/2014 03:00:00 PM,69,48,21
08/22/2014 04:00:00 PM,123,87,36
08/22/2014 05:00:00 PM,141,103,38
08/22/2014 06:00:00 PM,79,61,18
08/22/2014 07:00:00 PM,35,26,9
08/22/2014 08:00:00 PM,25,14,11
08/22/2014 09:00:00 PM,12,8,4
08/22/2014 10:00:00 PM,17,15,2
08/22/2014 11:00:00 PM,12,7,5
08/23/2014 12:00:00 AM,10,6,4
08/23/2014 01:00:00 AM,5,4,1
08/23/2014 02:00:00 AM,4,3,1
08/23/2014 03:00:00 AM,2,1,1
08/23/2014 04:00:00 AM,2,1,1
08/23/2014 05:00:00 AM,3,0,3
08/23/2014 06:00:00 AM,19,4,15
08/23/2014 07:00:00 AM,23,11,12
08/23/2014 08:00:00 AM,50,23,27
08/23/2014 09:00:00 AM,46,19,27
08/23/2014 10:00:00 AM,77,33,44
08/23/2014 11:00:00 AM,135,93,42
08/23/2014 12:00:00 PM,138,40,98
08/23/2014 01:00:00 PM,70,37,33
08/23/2014 02:00:00 PM,82,46,36
08/23/2014 03:00:00 PM,91,41,50
08/23/2014 04:00:00 PM,60,30,30
08/23/2014 05:00:00 PM,66,37,29
08/23/2014 06:00:00 PM,66,39,27
08/23/2014 07:00:00 PM,36,18,18
08/23/2014 08:00:00 PM,28,14,14
08/23/2014 09:00:00 PM,16,9,7
08/23/2014 10:00:00 PM,9,3,6
08/23/2014 11:00:00 PM,11,7,4
08/24/2014 12:00:00 AM,4,2,2
08/24/2014 01:00:00 AM,4,4,0
08/24/2014 02:00:00 AM,1,1,0
08/24/2014 03:00:00 AM,6,3,3
08/24/2014 04:00:00 AM,2,1,1
08/24/2014 05:00:00 AM,2,0,2
08/24/2014 06:00:00 AM,6,3,3
08/24/2014 07:00:00 AM,26,10,16
08/24/2014 08:00:00 AM,27,9,18
08/24/2014 09:00:00 AM,65,40,25
08/24/2014 10:00:00 AM,58,21,37
08/24/2014 11:00:00 AM,64,36,28
08/24/2014 12:00:00 PM,62,26,36
08/24/2014 01:00:00 PM,78,39,39
08/24/2014 02:00:00 PM,67,35,32
08/24/2014 03:00:00 PM,67,31,36
08/24/2014 04:00:00 PM,78,51,27
08/24/2014 05:00:00 PM,63,30,33
08/24/2014 06:00:00 PM,50,27,23
08/24/2014 07:00:00 PM,35,19,16
08/24/2014 08:00:00 PM,28,10,18
08/24/2014 09:00:00 PM,11,5,6
08/24/2014 10:00:00 PM,6,4,2
08/24/2014 11:00:00 PM,5,3,2
08/25/2014 12:00:00 AM,2,1,1
08/25/2014 01:00:00 AM,2,1,1
08/25/2014 02:00:00 AM,4,2,2
08/25/2014 03:00:00 AM,0,0,0
08/25/2014 04:00:00 AM,5,4,1
08/25/2014 05:00:00 AM,31,4,27
08/25/2014 06:00:00 AM,76,9,67
08/25/2014 07:00:00 AM,193,20,173
08/25/2014 08:00:00 AM,177,20,157
08/25/2014 09:00:00 AM,87,10,77
08/25/2014 10:00:00 AM,50,13,37
08/25/2014 11:00:00 AM,25,12,13
08/25/2014 12:00:00 PM,30,13,17
08/25/2014 01:00:00 PM,32,15,17
08/25/2014 02:00:00 PM,44,27,17
08/25/2014 03:00:00 PM,53,36,17
08/25/2014 04:00:00 PM,119,91,28
08/25/2014 05:00:00 PM,244,206,38
08/25/2014 06:00:00 PM,183,157,26
08/25/2014 07:00:00 PM,72,53,19
08/25/2014 08:00:00 PM,31,19,12
08/25/2014 09:00:00 PM,19,13,6
08/25/2014 10:00:00 PM,17,15,2
08/25/2014 11:00:00 PM,10,7,3
08/26/2014 12:00:00 AM,4,4,0
08/26/2014 01:00:00 AM,3,1,2
08/26/2014 02:00:00 AM,2,1,1
08/26/2014 03:00:00 AM,0,0,0
08/26/2014 04:00:00 AM,6,2,4
08/26/2014 05:00:00 AM,34,9,25
08/26/2014 06:00:00 AM,92,16,76
08/26/2014 07:00:00 AM,194,16,178
08/26/2014 08:00:00 AM,168,24,144
08/26/2014 09:00:00 AM,80,13,67
08/26/2014 10:00:00 AM,34,13,21
08/26/2014 11:00:00 AM,35,11,24
08/26/2014 12:00:00 PM,30,12,18
08/26/2014 01:00:00 PM,27,17,10
08/26/2014 02:00:00 PM,28,15,13
08/26/2014 03:00:00 PM,75,53,22
08/26/2014 04:00:00 PM,112,81,31
08/26/2014 05:00:00 PM,242,201,41
08/26/2014 06:00:00 PM,167,140,27
08/26/2014 07:00:00 PM,59,49,10
08/26/2014 08:00:00 PM,35,24,11
08/26/2014 09:00:00 PM,8,5,3
08/26/2014 10:00:00 PM,13,11,2
08/26/2014 11:00:00 PM,11,11,0
08/27/2014 12:00:00 AM,5,4,1
08/27/2014 01:00:00 AM,2,2,0
08/27/2014 02:00:00 AM,4,1,3
08/27/2014 03:00:00 AM,0,0,0
08/27/2014 04:00:00 AM,10,4,6
08/27/2014 05:00:00 AM,24,5,19
08/27/2014 06:00:00 AM,80,10,70
08/27/2014 07:00:00 AM,143,18,125
08/27/2014 08:00:00 AM,173,18,155
08/27/2014 09:00:00 AM,68,8,60
08/27/2014 10:00:00 AM,39,13,26
08/27/2014 11:00:00 AM,27,5,22
08/27/2014 12:00:00 PM,51,34,17
08/27/2014 01:00:00 PM,36,20,16
08/27/2014 02:00:00 PM,39,21,18
08/27/2014 03:00:00 PM,63,39,24
08/27/2014 04:00:00 PM,106,80,26
08/27/2014 05:00:00 PM,199,167,32
08/27/2014 06:00:00 PM,138,122,16
08/27/2014 07:00:00 PM,93,74,19
08/27/2014 08:00:00 PM,43,25,18
08/27/2014 09:00:00 PM,29,20,9
08/27/2014 10:00:00 PM,9,4,5
08/27/2014 11:00:00 PM,11,6,5
08/28/2014 12:00:00 AM,5,2,3
08/28/2014 01:00:00 AM,1,0,1
08/28/2014 02:00:00 AM,4,3,1
08/28/2014 03:00:00 AM,0,0,0
08/28/2014 04:00:00 AM,4,0,4
08/28/2014 05:00:00 AM,27,9,18
08/28/2014 06:00:00 AM,67,12,55
08/28/2014 07:00:00 AM,142,17,125
08/28/2014 08:00:00 AM,132,13,119
08/28/2014 09:00:00 AM,59,7,52
08/28/2014 10:00:00 AM,28,6,22
08/28/2014 11:00:00 AM,22,6,16
08/28/2014 12:00:00 PM,28,10,18
08/28/2014 01:00:00 PM,19,7,12
08/28/2014 02:00:00 PM,32,16,16
08/28/2014 03:00:00 PM,39,25,14
08/28/2014 04:00:00 PM,96,70,26
08/28/2014 05:00:00 PM,179,141,38
08/28/2014 06:00:00 PM,110,94,16
08/28/2014 07:00:00 PM,68,55,13
08/28/2014 08:00:00 PM,37,27,10
08/28/2014 09:00:00 PM,16,12,4
08/28/2014 10:00:00 PM,6,4,2
08/28/2014 11:00:00 PM,14,11,3
08/29/2014 12:00:00 AM,2,2,0
08/29/2014 01:00:00 AM,1,1,0
08/29/2014 02:00:00 AM,1,0,1
08/29/2014 03:00:00 AM,0,0,0
08/29/2014 04:00:00 AM,2,0,2
08/29/2014 05:00:00 AM,17,2,15
08/29/2014 06:00:00 AM,47,3,44
08/29/2014 07:00:00 AM,114,13,101
08/29/2014 08:00:00 AM,92,7,85
08/29/2014 09:00:00 AM,54,12,42
08/29/2014 10:00:00 AM,33,7,26
08/29/2014 11:00:00 AM,22,9,13
08/29/2014 12:00:00 PM,22,12,10
08/29/2014 01:00:00 PM,21,12,9
08/29/2014 02:00:00 PM,30,18,12
08/29/2014 03:00:00 PM,40,26,14
08/29/2014 04:00:00 PM,82,67,15
08/29/2014 05:00:00 PM,117,98,19
08/29/2014 06:00:00 PM,83,68,15
08/29/2014 07:00:00 PM,40,32,8
08/29/2014 08:00:00 PM,22,18,4
08/29/2014 09:00:00 PM,11,8,3
08/29/2014 10:00:00 PM,7,4,3
08/29/2014 11:00:00 PM,6,5,1
08/30/2014 12:00:00 AM,5,4,1
08/30/2014 01:00:00 AM,4,2,2
08/30/2014 02:00:00 AM,0,0,0
08/30/2014 03:00:00 AM,1,1,0
08/30/2014 04:00:00 AM,1,1,0
08/30/2014 05:00:00 AM,4,1,3
08/30/2014 06:00:00 AM,4,2,2
08/30/2014 07:00:00 AM,5,1,4
08/30/2014 08:00:00 AM,23,6,17
08/30/2014 09:00:00 AM,17,6,11
08/30/2014 10:00:00 AM,14,6,8
08/30/2014 11:00:00 AM,17,11,6
08/30/2014 12:00:00 PM,16,9,7
08/30/2014 01:00:00 PM,15,9,6
08/30/2014 02:00:00 PM,14,5,9
08/30/2014 03:00:00 PM,19,9,10
08/30/2014 04:00:00 PM,14,9,5
08/30/2014 05:00:00 PM,10,4,6
08/30/2014 06:00:00 PM,16,8,8
08/30/2014 07:00:00 PM,5,2,3
08/30/2014 08:00:00 PM,5,2,3
08/30/2014 09:00:00 PM,4,4,0
08/30/2014 10:00:00 PM,3,2,1
08/30/2014 11:00:00 PM,9,7,2
08/31/2014 12:00:00 AM,0,0,0
08/31/2014 01:00:00 AM,5,4,1
08/31/2014 02:00:00 AM,1,1,0
08/31/2014 03:00:00 AM,1,0,1
08/31/2014 04:00:00 AM,2,2,0
08/31/2014 05:00:00 AM,0,0,0
08/31/2014 06:00:00 AM,3,0,3
08/31/2014 07:00:00 AM,4,3,1
08/31/2014 08:00:00 AM,6,1,5
08/31/2014 09:00:00 AM,25,13,12
08/31/2014 10:00:00 AM,48,22,26
08/31/2014 11:00:00 AM,47,17,30
08/31/2014 12:00:00 PM,31,17,14
08/31/2014 01:00:00 PM,49,10,39
08/31/2014 02:00:00 PM,39,20,19
08/31/2014 03:00:00 PM,62,32,30
08/31/2014 04:00:00 PM,50,32,18
08/31/2014 05:00:00 PM,38,18,20
08/31/2014 06:00:00 PM,26,15,11
08/31/2014 07:00:00 PM,14,8,6
08/31/2014 08:00:00 PM,11,7,4
08/31/2014 09:00:00 PM,6,2,4
08/31/2014 10:00:00 PM,5,4,1
08/31/2014 11:00:00 PM,5,2,3
09/01/2014 12:00:00 AM,0,0,0
09/01/2014 01:00:00 AM,1,1,0
09/01/2014 02:00:00 AM,0,0,0
09/01/2014 03:00:00 AM,3,0,3
09/01/2014 04:00:00 AM,1,1,0
09/01/2014 05:00:00 AM,3,2,1
09/01/2014 06:00:00 AM,8,3,5
09/01/2014 07:00:00 AM,12,1,11
09/01/2014 08:00:00 AM,26,9,17
09/01/2014 09:00:00 AM,87,79,8
09/01/2014 10:00:00 AM,33,11,22
09/01/2014 11:00:00 AM,62,33,29
09/01/2014 12:00:00 PM,75,36,39
09/01/2014 01:00:00 PM,70,28,42
09/01/2014 02:00:00 PM,86,50,36
09/01/2014 03:00:00 PM,94,45,49
09/01/2014 04:00:00 PM,81,48,33
09/01/2014 05:00:00 PM,59,31,28
09/01/2014 06:00:00 PM,37,21,16
09/01/2014 07:00:00 PM,17,7,10
09/01/2014 08:00:00 PM,15,8,7
09/01/2014 09:00:00 PM,8,2,6
09/01/2014 10:00:00 PM,2,1,1
09/01/2014 11:00:00 PM,3,1,2
09/02/2014 12:00:00 AM,5,3,2
09/02/2014 01:00:00 AM,2,2,0
09/02/2014 02:00:00 AM,5,2,3
09/02/2014 03:00:00 AM,2,1,1
09/02/2014 04:00:00 AM,3,1,2
09/02/2014 05:00:00 AM,16,2,14
09/02/2014 06:00:00 AM,52,6,46
09/02/2014 07:00:00 AM,135,14,121
09/02/2014 08:00:00 AM,126,12,114
09/02/2014 09:00:00 AM,57,7,50
09/02/2014 10:00:00 AM,20,3,17
09/02/2014 11:00:00 AM,29,19,10
09/02/2014 12:00:00 PM,26,6,20
09/02/2014 01:00:00 PM,20,11,9
09/02/2014 02:00:00 PM,25,16,9
09/02/2014 03:00:00 PM,29,23,6
09/02/2014 04:00:00 PM,66,53,13
09/02/2014 05:00:00 PM,147,127,20
09/02/2014 06:00:00 PM,110,97,13
09/02/2014 07:00:00 PM,37,29,8
09/02/2014 08:00:00 PM,11,8,3
09/02/2014 09:00:00 PM,6,4,2
09/02/2014 10:00:00 PM,4,2,2
09/02/2014 11:00:00 PM,2,1,1
09/03/2014 12:00:00 AM,1,1,0
09/03/2014 01:00:00 AM,2,1,1
09/03/2014 02:00:00 AM,0,0,0
09/03/2014 03:00:00 AM,4,1,3
09/03/2014 04:00:00 AM,5,2,3
09/03/2014 05:00:00 AM,20,3,17
09/03/2014 06:00:00 AM,69,13,56
09/03/2014 07:00:00 AM,122,20,102
09/03/2014 08:00:00 AM,123,12,111
09/03/2014 09:00:00 AM,62,11,51
09/03/2014 10:00:00 AM,34,5,29
09/03/2014 11:00:00 AM,20,8,12
09/03/2014 12:00:00 PM,23,11,12
09/03/2014 01:00:00 PM,31,13,18
09/03/2014 02:00:00 PM,34,23,11
09/03/2014 03:00:00 PM,40,27,13
09/03/2014 04:00:00 PM,99,79,20
09/03/2014 05:00:00 PM,166,139,27
09/03/2014 06:00:00 PM,139,124,15
09/03/2014 07:00:00 PM,53,38,15
09/03/2014 08:00:00 PM,35,25,10
09/03/2014 09:00:00 PM,8,6,2
09/03/2014 10:00:00 PM,7,5,2
09/03/2014 11:00:00 PM,10,9,1
09/04/2014 12:00:00 AM,6,4,2
09/04/2014 01:00:00 AM,3,2,1
09/04/2014 02:00:00 AM,1,1,0
09/04/2014 03:00:00 AM,3,1,2
09/04/2014 04:00:00 AM,7,0,7
09/04/2014 05:00:00 AM,33,6,27
09/04/2014 06:00:00 AM,84,14,70
09/04/2014 07:00:00 AM,177,15,162
09/04/2014 08:00:00 AM,163,19,144
09/04/2014 09:00:00 AM,70,5,65
09/04/2014 10:00:00 AM,44,17,27
09/04/2014 11:00:00 AM,40,15,25
09/04/2014 12:00:00 PM,45,23,22
09/04/2014 01:00:00 PM,35,11,24
09/04/2014 02:00:00 PM,45,25,20
09/04/2014 03:00:00 PM,62,41,21
09/04/2014 04:00:00 PM,159,124,35
09/04/2014 05:00:00 PM,237,206,31
09/04/2014 06:00:00 PM,100,87,13
09/04/2014 07:00:00 PM,40,35,5
09/04/2014 08:00:00 PM,17,13,4
09/04/2014 09:00:00 PM,34,20,14
09/04/2014 10:00:00 PM,8,8,0
09/04/2014 11:00:00 PM,9,7,2
09/05/2014 12:00:00 AM,5,5,0
09/05/2014 01:00:00 AM,2,2,0
09/05/2014 02:00:00 AM,2,1,1
09/05/2014 03:00:00 AM,5,2,3
09/05/2014 04:00:00 AM,3,0,3
09/05/2014 05:00:00 AM,19,1,18
09/05/2014 06:00:00 AM,51,5,46
09/05/2014 07:00:00 AM,122,10,112
09/05/2014 08:00:00 AM,138,8,130
09/05/2014 09:00:00 AM,56,16,40
09/05/2014 10:00:00 AM,42,12,30
09/05/2014 11:00:00 AM,23,9,14
09/05/2014 12:00:00 PM,32,19,13
09/05/2014 01:00:00 PM,41,21,20
09/05/2014 02:00:00 PM,40,26,14
09/05/2014 03:00:00 PM,62,37,25
09/05/2014 04:00:00 PM,110,78,32
09/05/2014 05:00:00 PM,127,106,21
09/05/2014 06:00:00 PM,122,97,25
09/05/2014 07:00:00 PM,44,34,10
09/05/2014 08:00:00 PM,23,18,5
09/05/2014 09:00:00 PM,15,8,7
09/05/2014 10:00:00 PM,8,3,5
09/05/2014 11:00:00 PM,8,3,5
09/06/2014 12:00:00 AM,2,2,0
09/06/2014 01:00:00 AM,9,5,4
09/06/2014 02:00:00 AM,3,3,0
09/06/2014 03:00:00 AM,1,1,0
09/06/2014 04:00:00 AM,1,0,1
09/06/2014 05:00:00 AM,4,0,4
09/06/2014 06:00:00 AM,10,3,7
09/06/2014 07:00:00 AM,14,6,8
09/06/2014 08:00:00 AM,36,13,23
09/06/2014 09:00:00 AM,37,13,24
09/06/2014 10:00:00 AM,54,24,30
09/06/2014 11:00:00 AM,58,25,33
09/06/2014 12:00:00 PM,60,33,27
09/06/2014 01:00:00 PM,85,43,42
09/06/2014 02:00:00 PM,73,42,31
09/06/2014 03:00:00 PM,63,34,29
09/06/2014 04:00:00 PM,59,36,23
09/06/2014 05:00:00 PM,41,22,19
09/06/2014 06:00:00 PM,41,27,14
09/06/2014 07:00:00 PM,26,13,13
09/06/2014 08:00:00 PM,18,11,7
09/06/2014 09:00:00 PM,15,6,9
09/06/2014 10:00:00 PM,6,2,4
09/06/2014 11:00:00 PM,8,7,1
09/07/2014 12:00:00 AM,2,1,1
09/07/2014 01:00:00 AM,2,0,2
09/07/2014 02:00:00 AM,4,2,2
09/07/2014 03:00:00 AM,8,6,2
09/07/2014 04:00:00 AM,1,0,1
09/07/2014 05:00:00 AM,6,3,3
09/07/2014 06:00:00 AM,3,1,2
09/07/2014 07:00:00 AM,9,4,5
09/07/2014 08:00:00 AM,21,5,16
09/07/2014 09:00:00 AM,39,13,26
09/07/2014 10:00:00 AM,46,16,30
09/07/2014 11:00:00 AM,58,31,27
09/07/2014 12:00:00 PM,73,40,33
09/07/2014 01:00:00 PM,53,27,26
09/07/2014 02:00:00 PM,66,34,32
09/07/2014 03:00:00 PM,63,35,28
09/07/2014 04:00:00 PM,51,32,19
09/07/2014 05:00:00 PM,46,22,24
09/07/2014 06:00:00 PM,36,19,17
09/07/2014 07:00:00 PM,17,6,11
09/07/2014 08:00:00 PM,12,8,4
09/07/2014 09:00:00 PM,10,4,6
09/07/2014 10:00:00 PM,10,5,5
09/07/2014 11:00:00 PM,7,5,2
09/08/2014 12:00:00 AM,0,0,0
09/08/2014 01:00:00 AM,2,1,1
09/08/2014 02:00:00 AM,5,3,2
09/08/2014 03:00:00 AM,3,1,2
09/08/2014 04:00:00 AM,7,2,5
09/08/2014 05:00:00 AM,25,6,19
09/08/2014 06:00:00 AM,63,7,56
09/08/2014 07:00:00 AM,132,15,117
09/08/2014 08:00:00 AM,117,13,104
09/08/2014 09:00:00 AM,78,4,74
09/08/2014 10:00:00 AM,32,9,23
09/08/2014 11:00:00 AM,19,9,10
09/08/2014 12:00:00 PM,20,10,10
09/08/2014 01:00:00 PM,23,14,9
09/08/2014 02:00:00 PM,22,9,13
09/08/2014 03:00:00 PM,37,26,11
09/08/2014 04:00:00 PM,90,69,21
09/08/2014 05:00:00 PM,187,156,31
09/08/2014 06:00:00 PM,118,104,14
09/08/2014 07:00:00 PM,36,28,8
09/08/2014 08:00:00 PM,12,9,3
09/08/2014 09:00:00 PM,5,2,3
09/08/2014 10:00:00 PM,5,4,1
09/08/2014 11:00:00 PM,8,7,1
09/09/2014 12:00:00 AM,3,2,1
09/09/2014 01:00:00 AM,2,2,0
09/09/2014 02:00:00 AM,2,2,0
09/09/2014 03:00:00 AM,1,1,0
09/09/2014 04:00:00 AM,2,1,1
09/09/2014 05:00:00 AM,24,3,21
09/09/2014 06:00:00 AM,57,11,46
09/09/2014 07:00:00 AM,131,18,113
09/09/2014 08:00:00 AM,116,13,103
09/09/2014 09:00:00 AM,49,0,49
09/09/2014 10:00:00 AM,21,7,14
09/09/2014 11:00:00 AM,22,9,13
09/09/2014 12:00:00 PM,28,13,15
09/09/2014 01:00:00 PM,21,9,12
09/09/2014 02:00:00 PM,27,12,15
09/09/2014 03:00:00 PM,36,25,11
09/09/2014 04:00:00 PM,76,51,25
09/09/2014 05:00:00 PM,178,153,25
09/09/2014 06:00:00 PM,123,103,20
09/09/2014 07:00:00 PM,65,52,13
09/09/2014 08:00:00 PM,23,15,8
09/09/2014 09:00:00 PM,8,5,3
09/09/2014 10:00:00 PM,15,10,5
09/09/2014 11:00:00 PM,2,2,0
09/10/2014 12:00:00 AM,7,4,3
09/10/2014 01:00:00 AM,1,0,1
09/10/2014 02:00:00 AM,5,4,1
09/10/2014 03:00:00 AM,2,0,2
09/10/2014 04:00:00 AM,7,3,4
09/10/2014 05:00:00 AM,20,5,15
09/10/2014 06:00:00 AM,63,8,55
09/10/2014 07:00:00 AM,123,13,110
09/10/2014 08:00:00 AM,123,12,111
09/10/2014 09:00:00 AM,54,7,47
09/10/2014 10:00:00 AM,30,6,24
09/10/2014 11:00:00 AM,19,6,13
09/10/2014 12:00:00 PM,13,4,9
09/10/2014 01:00:00 PM,25,17,8
09/10/2014 02:00:00 PM,25,12,13
09/10/2014 03:00:00 PM,46,31,15
09/10/2014 04:00:00 PM,90,58,32
09/10/2014 05:00:00 PM,155,129,26
09/10/2014 06:00:00 PM,126,99,27
09/10/2014 07:00:00 PM,42,32,10
09/10/2014 08:00:00 PM,24,17,7
09/10/2014 09:00:00 PM,9,7,2
09/10/2014 10:00:00 PM,10,2,8
09/10/2014 11:00:00 PM,9,9,0
09/11/2014 12:00:00 AM,8,8,0
09/11/2014 01:00:00 AM,6,4,2
09/11/2014 02:00:00 AM,2,0,2
09/11/2014 03:00:00 AM,4,1,3
09/11/2014 04:00:00 AM,3,1,2
09/11/2014 05:00:00 AM,21,5,16
09/11/2014 06:00:00 AM,60,14,46
09/11/2014 07:00:00 AM,141,14,127
09/11/2014 08:00:00 AM,129,7,122
09/11/2014 09:00:00 AM,63,3,60
09/11/2014 10:00:00 AM,23,8,15
09/11/2014 11:00:00 AM,18,2,16
09/11/2014 12:00:00 PM,26,14,12
09/11/2014 01:00:00 PM,35,21,14
09/11/2014 02:00:00 PM,25,20,5
09/11/2014 03:00:00 PM,50,34,16
09/11/2014 04:00:00 PM,81,64,17
09/11/2014 05:00:00 PM,177,151,26
09/11/2014 06:00:00 PM,122,108,14
09/11/2014 07:00:00 PM,48,40,8
09/11/2014 08:00:00 PM,25,13,12
09/11/2014 09:00:00 PM,18,8,10
09/11/2014 10:00:00 PM,6,2,4
09/11/2014 11:00:00 PM,4,4,0
09/12/2014 12:00:00 AM,9,6,3
09/12/2014 01:00:00 AM,3,1,2
09/12/2014 02:00:00 AM,5,2,3
09/12/2014 03:00:00 AM,2,1,1
09/12/2014 04:00:00 AM,1,0,1
09/12/2014 05:00:00 AM,19,8,11
09/12/2014 06:00:00 AM,51,8,43
09/12/2014 07:00:00 AM,121,11,110
09/12/2014 08:00:00 AM,118,10,108
09/12/2014 09:00:00 AM,51,9,42
09/12/2014 10:00:00 AM,37,11,26
09/12/2014 11:00:00 AM,20,5,15
09/12/2014 12:00:00 PM,25,12,13
09/12/2014 01:00:00 PM,31,17,14
09/12/2014 02:00:00 PM,31,16,15
09/12/2014 03:00:00 PM,50,28,22
09/12/2014 04:00:00 PM,86,65,21
09/12/2014 05:00:00 PM,146,122,24
09/12/2014 06:00:00 PM,96,71,25
09/12/2014 07:00:00 PM,42,27,15
09/12/2014 08:00:00 PM,12,6,6
09/12/2014 09:00:00 PM,13,10,3
09/12/2014 10:00:00 PM,20,16,4
09/12/2014 11:00:00 PM,5,5,0
09/13/2014 12:00:00 AM,11,9,2
09/13/2014 01:00:00 AM,5,4,1
09/13/2014 02:00:00 AM,3,3,0
09/13/2014 03:00:00 AM,5,4,1
09/13/2014 04:00:00 AM,1,1,0
09/13/2014 05:00:00 AM,2,1,1
09/13/2014 06:00:00 AM,16,6,10
09/13/2014 07:00:00 AM,15,7,8
09/13/2014 08:00:00 AM,14,5,9
09/13/2014 09:00:00 AM,36,15,21
09/13/2014 10:00:00 AM,42,22,20
09/13/2014 11:00:00 AM,41,22,19
09/13/2014 12:00:00 PM,55,28,27
09/13/2014 01:00:00 PM,77,37,40
09/13/2014 02:00:00 PM,47,22,25
09/13/2014 03:00:00 PM,64,33,31
09/13/2014 04:00:00 PM,52,22,30
09/13/2014 05:00:00 PM,52,23,29
09/13/2014 06:00:00 PM,44,30,14
09/13/2014 07:00:00 PM,29,15,14
09/13/2014 08:00:00 PM,16,8,8
09/13/2014 09:00:00 PM,15,8,7
09/13/2014 10:00:00 PM,24,16,8
09/13/2014 11:00:00 PM,5,3,2
09/14/2014 12:00:00 AM,5,2,3
09/14/2014 01:00:00 AM,1,1,0
09/14/2014 02:00:00 AM,3,2,1
09/14/2014 03:00:00 AM,4,3,1
09/14/2014 04:00:00 AM,0,0,0
09/14/2014 05:00:00 AM,1,0,1
09/14/2014 06:00:00 AM,3,2,1
09/14/2014 07:00:00 AM,13,4,9
09/14/2014 08:00:00 AM,29,9,20
09/14/2014 09:00:00 AM,49,22,27
09/14/2014 10:00:00 AM,49,25,24
09/14/2014 11:00:00 AM,46,17,29
09/14/2014 12:00:00 PM,61,44,17
09/14/2014 01:00:00 PM,69,45,24
09/14/2014 02:00:00 PM,60,29,31
09/14/2014 03:00:00 PM,73,30,43
09/14/2014 04:00:00 PM,61,31,30
09/14/2014 05:00:00 PM,50,27,23
09/14/2014 06:00:00 PM,31,11,20
09/14/2014 07:00:00 PM,33,17,16
09/14/2014 08:00:00 PM,14,8,6
09/14/2014 09:00:00 PM,9,5,4
09/14/2014 10:00:00 PM,9,6,3
09/14/2014 11:00:00 PM,2,2,0
09/15/2014 12:00:00 AM,1,1,0
09/15/2014 01:00:00 AM,3,0,3
09/15/2014 02:00:00 AM,1,1,0
09/15/2014 03:00:00 AM,3,2,1
09/15/2014 04:00:00 AM,4,2,2
09/15/2014 05:00:00 AM,23,6,17
09/15/2014 06:00:00 AM,57,12,45
09/15/2014 07:00:00 AM,149,14,135
09/15/2014 08:00:00 AM,152,19,133
09/15/2014 09:00:00 AM,50,4,46
09/15/2014 10:00:00 AM,19,5,14
09/15/2014 11:00:00 AM,28,14,14
09/15/2014 12:00:00 PM,29,13,16
09/15/2014 01:00:00 PM,29,12,17
09/15/2014 02:00:00 PM,38,22,16
09/15/2014 03:00:00 PM,45,27,18
09/15/2014 04:00:00 PM,83,59,24
09/15/2014 05:00:00 PM,202,170,32
09/15/2014 06:00:00 PM,144,126,18
09/15/2014 07:00:00 PM,49,35,14
09/15/2014 08:00:00 PM,21,14,7
09/15/2014 09:00:00 PM,16,8,8
09/15/2014 10:00:00 PM,10,4,6
09/15/2014 11:00:00 PM,15,12,3
09/16/2014 12:00:00 AM,2,2,0
09/16/2014 01:00:00 AM,5,2,3
09/16/2014 02:00:00 AM,1,1,0
09/16/2014 03:00:00 AM,1,0,1
09/16/2014 04:00:00 AM,3,2,1
09/16/2014 05:00:00 AM,32,5,27
09/16/2014 06:00:00 AM,58,8,50
09/16/2014 07:00:00 AM,156,22,134
09/16/2014 08:00:00 AM,168,18,150
09/16/2014 09:00:00 AM,51,7,44
09/16/2014 10:00:00 AM,19,4,15
09/16/2014 11:00:00 AM,23,6,17
09/16/2014 12:00:00 PM,40,18,22
09/16/2014 01:00:00 PM,20,11,9
09/16/2014 02:00:00 PM,35,20,15
09/16/2014 03:00:00 PM,54,42,12
09/16/2014 04:00:00 PM,105,78,27
09/16/2014 05:00:00 PM,193,158,35
09/16/2014 06:00:00 PM,130,118,12
09/16/2014 07:00:00 PM,67,56,11
09/16/2014 08:00:00 PM,17,12,5
09/16/2014 09:00:00 PM,9,6,3
09/16/2014 10:00:00 PM,7,6,1
09/16/2014 11:00:00 PM,6,5,1
09/17/2014 12:00:00 AM,3,3,0
09/17/2014 01:00:00 AM,1,0,1
09/17/2014 02:00:00 AM,1,1,0
09/17/2014 03:00:00 AM,0,0,0
09/17/2014 04:00:00 AM,8,5,3
09/17/2014 05:00:00 AM,36,9,27
09/17/2014 06:00:00 AM,70,10,60
09/17/2014 07:00:00 AM,137,16,121
09/17/2014 08:00:00 AM,138,13,125
09/17/2014 09:00:00 AM,45,5,40
09/17/2014 10:00:00 AM,24,3,21
09/17/2014 11:00:00 AM,12,6,6
09/17/2014 12:00:00 PM,26,14,12
09/17/2014 01:00:00 PM,23,9,14
09/17/2014 02:00:00 PM,23,17,6
09/17/2014 03:00:00 PM,36,29,7
09/17/2014 04:00:00 PM,106,82,24
09/17/2014 05:00:00 PM,178,142,36
09/17/2014 06:00:00 PM,133,115,18
09/17/2014 07:00:00 PM,35,28,7
09/17/2014 08:00:00 PM,23,16,7
09/17/2014 09:00:00 PM,11,9,2
09/17/2014 10:00:00 PM,5,4,1
09/17/2014 11:00:00 PM,2,0,2
09/18/2014 12:00:00 AM,3,3,0
09/18/2014 01:00:00 AM,2,0,2
09/18/2014 02:00:00 AM,1,0,1
09/18/2014 03:00:00 AM,2,1,1
09/18/2014 04:00:00 AM,0,0,0
09/18/2014 05:00:00 AM,23,2,21
09/18/2014 06:00:00 AM,53,9,44
09/18/2014 07:00:00 AM,91,14,77
09/18/2014 08:00:00 AM,112,11,101
09/18/2014 09:00:00 AM,37,1,36
09/18/2014 10:00:00 AM,25,6,19
09/18/2014 11:00:00 AM,14,6,8
09/18/2014 12:00:00 PM,21,7,14
09/18/2014 01:00:00 PM,16,7,9
09/18/2014 02:00:00 PM,23,17,6
09/18/2014 03:00:00 PM,36,29,7
09/18/2014 04:00:00 PM,55,42,13
09/18/2014 05:00:00 PM,115,96,19
09/18/2014 06:00:00 PM,97,74,23
09/18/2014 07:00:00 PM,53,37,16
09/18/2014 08:00:00 PM,14,10,4
09/18/2014 09:00:00 PM,14,9,5
09/18/2014 10:00:00 PM,10,8,2
09/18/2014 11:00:00 PM,11,8,3
09/19/2014 12:00:00 AM,0,0,0
09/19/2014 01:00:00 AM,4,3,1
09/19/2014 02:00:00 AM,1,1,0
09/19/2014 03:00:00 AM,1,0,1
09/19/2014 04:00:00 AM,4,0,4
09/19/2014 05:00:00 AM,20,6,14
09/19/2014 06:00:00 AM,50,7,43
09/19/2014 07:00:00 AM,97,11,86
09/19/2014 08:00:00 AM,129,13,116
09/19/2014 09:00:00 AM,54,12,42
09/19/2014 10:00:00 AM,23,5,18
09/19/2014 11:00:00 AM,27,15,12
09/19/2014 12:00:00 PM,34,12,22
09/19/2014 01:00:00 PM,25,13,12
09/19/2014 02:00:00 PM,26,16,10
09/19/2014 03:00:00 PM,39,26,13
09/19/2014 04:00:00 PM,77,62,15
09/19/2014 05:00:00 PM,149,115,34
09/19/2014 06:00:00 PM,71,60,11
09/19/2014 07:00:00 PM,35,24,11
09/19/2014 08:00:00 PM,25,15,10
09/19/2014 09:00:00 PM,5,1,4
09/19/2014 10:00:00 PM,3,3,0
09/19/2014 11:00:00 PM,4,2,2
09/20/2014 12:00:00 AM,9,5,4
09/20/2014 01:00:00 AM,8,7,1
09/20/2014 02:00:00 AM,8,7,1
09/20/2014 03:00:00 AM,0,0,0
09/20/2014 04:00:00 AM,4,1,3
09/20/2014 05:00:00 AM,6,1,5
09/20/2014 06:00:00 AM,9,0,9
09/20/2014 07:00:00 AM,19,3,16
09/20/2014 08:00:00 AM,32,12,20
09/20/2014 09:00:00 AM,26,10,16
09/20/2014 10:00:00 AM,53,36,17
09/20/2014 11:00:00 AM,53,32,21
09/20/2014 12:00:00 PM,46,24,22
09/20/2014 01:00:00 PM,55,24,31
09/20/2014 02:00:00 PM,61,34,27
09/20/2014 03:00:00 PM,46,29,17
09/20/2014 04:00:00 PM,48,27,21
09/20/2014 05:00:00 PM,65,25,40
09/20/2014 06:00:00 PM,43,23,20
09/20/2014 07:00:00 PM,24,18,6
09/20/2014 08:00:00 PM,8,3,5
09/20/2014 09:00:00 PM,7,4,3
09/20/2014 10:00:00 PM,7,5,2
09/20/2014 11:00:00 PM,4,2,2
09/21/2014 12:00:00 AM,4,3,1
09/21/2014 01:00:00 AM,5,4,1
09/21/2014 02:00:00 AM,2,2,0
09/21/2014 03:00:00 AM,1,1,0
09/21/2014 04:00:00 AM,1,1,0
09/21/2014 05:00:00 AM,6,0,6
09/21/2014 06:00:00 AM,2,2,0
09/21/2014 07:00:00 AM,16,4,12
09/21/2014 08:00:00 AM,20,3,17
09/21/2014 09:00:00 AM,35,13,22
09/21/2014 10:00:00 AM,52,24,28
09/21/2014 11:00:00 AM,61,22,39
09/21/2014 12:00:00 PM,96,45,51
09/21/2014 01:00:00 PM,64,27,37
09/21/2014 02:00:00 PM,46,23,23
09/21/2014 03:00:00 PM,51,27,24
09/21/2014 04:00:00 PM,48,34,14
09/21/2014 05:00:00 PM,59,34,25
09/21/2014 06:00:00 PM,42,24,18
09/21/2014 07:00:00 PM,30,18,12
09/21/2014 08:00:00 PM,10,5,5
09/21/2014 09:00:00 PM,5,2,3
09/21/2014 10:00:00 PM,6,5,1
09/21/2014 11:00:00 PM,6,4,2
09/22/2014 12:00:00 AM,4,3,1
09/22/2014 01:00:00 AM,1,0,1
09/22/2014 02:00:00 AM,1,1,0
09/22/2014 03:00:00 AM,3,2,1
09/22/2014 04:00:00 AM,2,0,2
09/22/2014 05:00:00 AM,23,2,21
09/22/2014 06:00:00 AM,60,9,51
09/22/2014 07:00:00 AM,135,15,120
09/22/2014 08:00:00 AM,145,8,137
09/22/2014 09:00:00 AM,52,7,45
09/22/2014 10:00:00 AM,25,4,21
09/22/2014 11:00:00 AM,22,12,10
09/22/2014 12:00:00 PM,20,8,12
09/22/2014 01:00:00 PM,23,11,12
09/22/2014 02:00:00 PM,33,24,9
09/22/2014 03:00:00 PM,48,32,16
09/22/2014 04:00:00 PM,91,75,16
09/22/2014 05:00:00 PM,187,154,33
09/22/2014 06:00:00 PM,124,108,16
09/22/2014 07:00:00 PM,41,34,7
09/22/2014 08:00:00 PM,25,21,4
09/22/2014 09:00:00 PM,11,4,7
09/22/2014 10:00:00 PM,3,2,1
09/22/2014 11:00:00 PM,6,6,0
09/23/2014 12:00:00 AM,4,3,1
09/23/2014 01:00:00 AM,1,0,1
09/23/2014 02:00:00 AM,3,2,1
09/23/2014 03:00:00 AM,3,2,1
09/23/2014 04:00:00 AM,3,0,3
09/23/2014 05:00:00 AM,20,1,19
09/23/2014 06:00:00 AM,55,6,49
09/23/2014 07:00:00 AM,130,14,116
09/23/2014 08:00:00 AM,124,13,111
09/23/2014 09:00:00 AM,46,9,37
09/23/2014 10:00:00 AM,27,6,21
09/23/2014 11:00:00 AM,8,4,4
09/23/2014 12:00:00 PM,15,9,6
09/23/2014 01:00:00 PM,18,9,9
09/23/2014 02:00:00 PM,15,7,8
09/23/2014 03:00:00 PM,29,25,4
09/23/2014 04:00:00 PM,68,53,15
09/23/2014 05:00:00 PM,135,118,17
09/23/2014 06:00:00 PM,91,85,6
09/23/2014 07:00:00 PM,17,16,1
09/23/2014 08:00:00 PM,9,8,1
09/23/2014 09:00:00 PM,5,5,0
09/23/2014 10:00:00 PM,4,3,1
09/23/2014 11:00:00 PM,0,0,0
09/24/2014 12:00:00 AM,2,1,1
09/24/2014 01:00:00 AM,1,1,0
09/24/2014 02:00:00 AM,0,0,0
09/24/2014 03:00:00 AM,0,0,0
09/24/2014 04:00:00 AM,3,1,2
09/24/2014 05:00:00 AM,18,4,14
09/24/2014 06:00:00 AM,33,3,30
09/24/2014 07:00:00 AM,53,12,41
09/24/2014 08:00:00 AM,71,9,62
09/24/2014 09:00:00 AM,28,3,25
09/24/2014 10:00:00 AM,5,3,2
09/24/2014 11:00:00 AM,5,1,4
09/24/2014 12:00:00 PM,13,6,7
09/24/2014 01:00:00 PM,11,2,9
09/24/2014 02:00:00 PM,15,9,6
09/24/2014 03:00:00 PM,22,18,4
09/24/2014 04:00:00 PM,47,39,8
09/24/2014 05:00:00 PM,86,74,12
09/24/2014 06:00:00 PM,67,55,12
09/24/2014 07:00:00 PM,33,26,7
09/24/2014 08:00:00 PM,13,10,3
09/24/2014 09:00:00 PM,13,7,6
09/24/2014 10:00:00 PM,12,7,5
09/24/2014 11:00:00 PM,2,0,2
09/25/2014 12:00:00 AM,2,2,0
09/25/2014 01:00:00 AM,3,2,1
09/25/2014 02:00:00 AM,1,0,1
09/25/2014 03:00:00 AM,0,0,0
09/25/2014 04:00:00 AM,4,2,2
09/25/2014 05:00:00 AM,23,4,19
09/25/2014 06:00:00 AM,38,4,34
09/25/2014 07:00:00 AM,99,12,87
09/25/2014 08:00:00 AM,105,8,97
09/25/2014 09:00:00 AM,37,8,29
09/25/2014 10:00:00 AM,15,2,13
09/25/2014 11:00:00 AM,9,3,6
09/25/2014 12:00:00 PM,16,6,10
09/25/2014 01:00:00 PM,18,9,9
09/25/2014 02:00:00 PM,17,7,10
09/25/2014 03:00:00 PM,32,26,6
09/25/2014 04:00:00 PM,75,56,19
09/25/2014 05:00:00 PM,120,100,20
09/25/2014 06:00:00 PM,86,74,12
09/25/2014 07:00:00 PM,32,29,3
09/25/2014 08:00:00 PM,13,9,4
09/25/2014 09:00:00 PM,15,12,3
09/25/2014 10:00:00 PM,14,10,4
09/25/2014 11:00:00 PM,4,3,1
09/26/2014 12:00:00 AM,4,4,0
09/26/2014 01:00:00 AM,2,1,1
09/26/2014 02:00:00 AM,1,1,0
09/26/2014 03:00:00 AM,1,1,0
09/26/2014 04:00:00 AM,7,3,4
09/26/2014 05:00:00 AM,17,2,15
09/26/2014 06:00:00 AM,26,4,22
09/26/2014 07:00:00 AM,64,14,50
09/26/2014 08:00:00 AM,57,7,50
09/26/2014 09:00:00 AM,34,2,32
09/26/2014 10:00:00 AM,13,3,10
09/26/2014 11:00:00 AM,13,3,10
09/26/2014 12:00:00 PM,13,6,7
09/26/2014 01:00:00 PM,18,9,9
09/26/2014 02:00:00 PM,32,17,15
09/26/2014 03:00:00 PM,36,23,13
09/26/2014 04:00:00 PM,53,38,15
09/26/2014 05:00:00 PM,71,55,16
09/26/2014 06:00:00 PM,69,58,11
09/26/2014 07:00:00 PM,23,16,7
09/26/2014 08:00:00 PM,10,8,2
09/26/2014 09:00:00 PM,7,5,2
09/26/2014 10:00:00 PM,10,6,4
09/26/2014 11:00:00 PM,7,4,3
09/27/2014 12:00:00 AM,4,2,2
09/27/2014 01:00:00 AM,8,6,2
09/27/2014 02:00:00 AM,0,0,0
09/27/2014 03:00:00 AM,2,2,0
09/27/2014 04:00:00 AM,1,1,0
09/27/2014 05:00:00 AM,7,3,4
09/27/2014 06:00:00 AM,6,1,5
09/27/2014 07:00:00 AM,14,5,9
09/27/2014 08:00:00 AM,25,8,17
09/27/2014 09:00:00 AM,37,20,17
09/27/2014 10:00:00 AM,36,12,24
09/27/2014 11:00:00 AM,53,36,17
09/27/2014 12:00:00 PM,76,22,54
09/27/2014 01:00:00 PM,46,15,31
09/27/2014 02:00:00 PM,85,50,35
09/27/2014 03:00:00 PM,59,39,20
09/27/2014 04:00:00 PM,74,30,44
09/27/2014 05:00:00 PM,58,33,25
09/27/2014 06:00:00 PM,25,12,13
09/27/2014 07:00:00 PM,28,19,9
09/27/2014 08:00:00 PM,13,9,4
09/27/2014 09:00:00 PM,7,2,5
09/27/2014 10:00:00 PM,4,4,0
09/27/2014 11:00:00 PM,6,1,5
09/28/2014 12:00:00 AM,4,4,0
09/28/2014 01:00:00 AM,6,4,2
09/28/2014 02:00:00 AM,5,3,2
09/28/2014 03:00:00 AM,1,1,0
09/28/2014 04:00:00 AM,1,1,0
09/28/2014 05:00:00 AM,2,1,1
09/28/2014 06:00:00 AM,9,3,6
09/28/2014 07:00:00 AM,8,2,6
09/28/2014 08:00:00 AM,25,8,17
09/28/2014 09:00:00 AM,26,8,18
09/28/2014 10:00:00 AM,37,16,21
09/28/2014 11:00:00 AM,48,24,24
09/28/2014 12:00:00 PM,47,25,22
09/28/2014 01:00:00 PM,47,23,24
09/28/2014 02:00:00 PM,43,19,24
09/28/2014 03:00:00 PM,30,13,17
09/28/2014 04:00:00 PM,42,28,14
09/28/2014 05:00:00 PM,41,24,17
09/28/2014 06:00:00 PM,35,14,21
09/28/2014 07:00:00 PM,8,6,2
09/28/2014 08:00:00 PM,4,2,2
09/28/2014 09:00:00 PM,6,4,2
09/28/2014 10:00:00 PM,6,3,3
09/28/2014 11:00:00 PM,3,2,1
09/29/2014 12:00:00 AM,1,1,0
09/29/2014 01:00:00 AM,1,0,1
09/29/2014 02:00:00 AM,1,0,1
09/29/2014 03:00:00 AM,1,0,1
09/29/2014 04:00:00 AM,4,3,1
09/29/2014 05:00:00 AM,17,2,15
09/29/2014 06:00:00 AM,55,11,44
09/29/2014 07:00:00 AM,121,16,105
09/29/2014 08:00:00 AM,122,7,115
09/29/2014 09:00:00 AM,49,4,45
09/29/2014 10:00:00 AM,23,6,17
09/29/2014 11:00:00 AM,14,3,11
09/29/2014 12:00:00 PM,17,7,10
09/29/2014 01:00:00 PM,9,2,7
09/29/2014 02:00:00 PM,14,8,6
09/29/2014 03:00:00 PM,25,19,6
09/29/2014 04:00:00 PM,54,43,11
09/29/2014 05:00:00 PM,129,117,12
09/29/2014 06:00:00 PM,99,88,11
09/29/2014 07:00:00 PM,16,13,3
09/29/2014 08:00:00 PM,20,16,4
09/29/2014 09:00:00 PM,9,6,3
09/29/2014 10:00:00 PM,4,2,2
09/29/2014 11:00:00 PM,6,5,1
09/30/2014 12:00:00 AM,1,1,0
09/30/2014 01:00:00 AM,2,1,1
09/30/2014 02:00:00 AM,1,0,1
09/30/2014 03:00:00 AM,4,3,1
09/30/2014 04:00:00 AM,2,0,2
09/30/2014 05:00:00 AM,28,4,24
09/30/2014 06:00:00 AM,50,9,41
09/30/2014 07:00:00 AM,109,16,93
09/30/2014 08:00:00 AM,120,9,111
09/30/2014 09:00:00 AM,51,2,49
09/30/2014 10:00:00 AM,20,3,17
09/30/2014 11:00:00 AM,18,5,13
09/30/2014 12:00:00 PM,14,4,10
09/30/2014 01:00:00 PM,25,8,17
09/30/2014 02:00:00 PM,30,16,14
09/30/2014 03:00:00 PM,43,33,10
09/30/2014 04:00:00 PM,91,69,22
09/30/2014 05:00:00 PM,147,123,24
09/30/2014 06:00:00 PM,122,101,21
09/30/2014 07:00:00 PM,35,27,8
09/30/2014 08:00:00 PM,21,17,4
09/30/2014 09:00:00 PM,8,8,0
09/30/2014 10:00:00 PM,6,4,2
09/30/2014 11:00:00 PM,3,2,1
10/01/2014 12:00:00 AM,1,1,0
10/01/2014 01:00:00 AM,3,3,0
10/01/2014 02:00:00 AM,2,1,1
10/01/2014 03:00:00 AM,5,2,3
10/01/2014 04:00:00 AM,7,4,3
10/01/2014 05:00:00 AM,19,1,18
10/01/2014 06:00:00 AM,63,13,50
10/01/2014 07:00:00 AM,116,20,96
10/01/2014 08:00:00 AM,142,10,132
10/01/2014 09:00:00 AM,56,11,45
10/01/2014 10:00:00 AM,28,6,22
10/01/2014 11:00:00 AM,20,4,16
10/01/2014 12:00:00 PM,13,7,6
10/01/2014 01:00:00 PM,23,8,15
10/01/2014 02:00:00 PM,22,12,10
10/01/2014 03:00:00 PM,56,46,10
10/01/2014 04:00:00 PM,89,71,18
10/01/2014 05:00:00 PM,183,157,26
10/01/2014 06:00:00 PM,111,87,24
10/01/2014 07:00:00 PM,60,28,32
10/01/2014 08:00:00 PM,24,19,5
10/01/2014 09:00:00 PM,9,7,2
10/01/2014 10:00:00 PM,7,4,3
10/01/2014 11:00:00 PM,6,3,3
10/02/2014 12:00:00 AM,5,4,1
10/02/2014 01:00:00 AM,1,1,0
10/02/2014 02:00:00 AM,3,1,2
10/02/2014 03:00:00 AM,0,0,0
10/02/2014 04:00:00 AM,3,0,3
10/02/2014 05:00:00 AM,20,3,17
10/02/2014 06:00:00 AM,68,10,58
10/02/2014 07:00:00 AM,129,18,111
10/02/2014 08:00:00 AM,131,15,116
10/02/2014 09:00:00 AM,61,5,56
10/02/2014 10:00:00 AM,30,7,23
10/02/2014 11:00:00 AM,31,13,18
10/02/2014 12:00:00 PM,17,10,7
10/02/2014 01:00:00 PM,27,16,11
10/02/2014 02:00:00 PM,32,15,17
10/02/2014 03:00:00 PM,56,40,16
10/02/2014 04:00:00 PM,83,60,23
10/02/2014 05:00:00 PM,145,125,20
10/02/2014 06:00:00 PM,117,98,19
10/02/2014 07:00:00 PM,93,83,10
10/02/2014 08:00:00 PM,18,13,5
10/02/2014 09:00:00 PM,10,5,5
10/02/2014 10:00:00 PM,13,4,9
10/02/2014 11:00:00 PM,7,4,3
10/03/2014 12:00:00 AM,6,6,0
10/03/2014 01:00:00 AM,4,3,1
10/03/2014 02:00:00 AM,0,0,0
10/03/2014 03:00:00 AM,2,1,1
10/03/2014 04:00:00 AM,5,2,3
10/03/2014 05:00:00 AM,25,7,18
10/03/2014 06:00:00 AM,47,6,41
10/03/2014 07:00:00 AM,127,22,105
10/03/2014 08:00:00 AM,135,9,126
10/03/2014 09:00:00 AM,55,10,45
10/03/2014 10:00:00 AM,34,9,25
10/03/2014 11:00:00 AM,28,11,17
10/03/2014 12:00:00 PM,27,10,17
10/03/2014 01:00:00 PM,36,20,16
10/03/2014 02:00:00 PM,36,22,14
10/03/2014 03:00:00 PM,51,35,16
10/03/2014 04:00:00 PM,107,81,26
10/03/2014 05:00:00 PM,164,133,31
10/03/2014 06:00:00 PM,92,79,13
10/03/2014 07:00:00 PM,22,14,8
10/03/2014 08:00:00 PM,22,19,3
10/03/2014 09:00:00 PM,6,6,0
10/03/2014 10:00:00 PM,7,2,5
10/03/2014 11:00:00 PM,8,7,1
10/04/2014 12:00:00 AM,6,4,2
10/04/2014 01:00:00 AM,4,2,2
10/04/2014 02:00:00 AM,3,3,0
10/04/2014 03:00:00 AM,2,0,2
10/04/2014 04:00:00 AM,0,0,0
10/04/2014 05:00:00 AM,4,0,4
10/04/2014 06:00:00 AM,10,2,8
10/04/2014 07:00:00 AM,12,3,9
10/04/2014 08:00:00 AM,36,11,25
10/04/2014 09:00:00 AM,43,17,26
10/04/2014 10:00:00 AM,39,20,19
10/04/2014 11:00:00 AM,66,42,24
10/04/2014 12:00:00 PM,44,24,20
10/04/2014 01:00:00 PM,37,13,24
10/04/2014 02:00:00 PM,44,18,26
10/04/2014 03:00:00 PM,38,14,24
10/04/2014 04:00:00 PM,42,23,19
10/04/2014 05:00:00 PM,38,27,11
10/04/2014 06:00:00 PM,18,11,7
10/04/2014 07:00:00 PM,16,10,6
10/04/2014 08:00:00 PM,7,5,2
10/04/2014 09:00:00 PM,3,2,1
10/04/2014 10:00:00 PM,0,0,0
10/04/2014 11:00:00 PM,4,2,2
10/05/2014 12:00:00 AM,3,2,1
10/05/2014 01:00:00 AM,0,0,0
10/05/2014 02:00:00 AM,1,1,0
10/05/2014 03:00:00 AM,1,1,0
10/05/2014 04:00:00 AM,1,1,0
10/05/2014 05:00:00 AM,5,2,3
10/05/2014 06:00:00 AM,5,3,2
10/05/2014 07:00:00 AM,12,3,9
10/05/2014 08:00:00 AM,22,6,16
10/05/2014 09:00:00 AM,28,8,20
10/05/2014 10:00:00 AM,38,19,19
10/05/2014 11:00:00 AM,49,13,36
10/05/2014 12:00:00 PM,41,23,18
10/05/2014 01:00:00 PM,43,29,14
10/05/2014 02:00:00 PM,52,28,24
10/05/2014 03:00:00 PM,53,21,32
10/05/2014 04:00:00 PM,63,37,26
10/05/2014 05:00:00 PM,36,19,17
10/05/2014 06:00:00 PM,19,9,10
10/05/2014 07:00:00 PM,17,12,5
10/05/2014 08:00:00 PM,7,6,1
10/05/2014 09:00:00 PM,6,3,3
10/05/2014 10:00:00 PM,1,1,0
10/05/2014 11:00:00 PM,4,2,2
10/06/2014 12:00:00 AM,3,2,1
10/06/2014 01:00:00 AM,1,0,1
10/06/2014 02:00:00 AM,0,0,0
10/06/2014 03:00:00 AM,2,2,0
10/06/2014 04:00:00 AM,5,2,3
10/06/2014 05:00:00 AM,29,8,21
10/06/2014 06:00:00 AM,65,12,53
10/06/2014 07:00:00 AM,140,19,121
10/06/2014 08:00:00 AM,164,13,151
10/06/2014 09:00:00 AM,56,3,53
10/06/2014 10:00:00 AM,30,5,25
10/06/2014 11:00:00 AM,24,15,9
10/06/2014 12:00:00 PM,30,12,18
10/06/2014 01:00:00 PM,41,20,21
10/06/2014 02:00:00 PM,32,21,11
10/06/2014 03:00:00 PM,63,39,24
10/06/2014 04:00:00 PM,120,99,21
10/06/2014 05:00:00 PM,200,171,29
10/06/2014 06:00:00 PM,104,94,10
10/06/2014 07:00:00 PM,31,21,10
10/06/2014 08:00:00 PM,12,11,1
10/06/2014 09:00:00 PM,15,12,3
10/06/2014 10:00:00 PM,15,11,4
10/06/2014 11:00:00 PM,2,1,1
10/07/2014 12:00:00 AM,4,4,0
10/07/2014 01:00:00 AM,3,1,2
10/07/2014 02:00:00 AM,2,1,1
10/07/2014 03:00:00 AM,4,3,1
10/07/2014 04:00:00 AM,2,0,2
10/07/2014 05:00:00 AM,23,3,20
10/07/2014 06:00:00 AM,75,10,65
10/07/2014 07:00:00 AM,137,19,118
10/07/2014 08:00:00 AM,140,13,127
10/07/2014 09:00:00 AM,59,6,53
10/07/2014 10:00:00 AM,29,4,25
10/07/2014 11:00:00 AM,25,9,16
10/07/2014 12:00:00 PM,22,11,11
10/07/2014 01:00:00 PM,24,6,18
10/07/2014 02:00:00 PM,32,21,11
10/07/2014 03:00:00 PM,53,28,25
10/07/2014 04:00:00 PM,95,81,14
10/07/2014 05:00:00 PM,204,172,32
10/07/2014 06:00:00 PM,109,94,15
10/07/2014 07:00:00 PM,38,35,3
10/07/2014 08:00:00 PM,21,17,4
10/07/2014 09:00:00 PM,9,4,5
10/07/2014 10:00:00 PM,7,5,2
10/07/2014 11:00:00 PM,6,6,0
10/08/2014 12:00:00 AM,5,3,2
10/08/2014 01:00:00 AM,2,0,2
10/08/2014 02:00:00 AM,1,1,0
10/08/2014 03:00:00 AM,3,1,2
10/08/2014 04:00:00 AM,4,2,2
10/08/2014 05:00:00 AM,31,3,28
10/08/2014 06:00:00 AM,65,9,56
10/08/2014 07:00:00 AM,104,16,88
10/08/2014 08:00:00 AM,152,18,134
10/08/2014 09:00:00 AM,55,6,49
10/08/2014 10:00:00 AM,39,6,33
10/08/2014 11:00:00 AM,16,9,7
10/08/2014 12:00:00 PM,24,6,18
10/08/2014 01:00:00 PM,22,8,14
10/08/2014 02:00:00 PM,29,21,8
10/08/2014 03:00:00 PM,41,27,14
10/08/2014 04:00:00 PM,101,79,22
10/08/2014 05:00:00 PM,164,143,21
10/08/2014 06:00:00 PM,109,98,11
10/08/2014 07:00:00 PM,58,47,11
10/08/2014 08:00:00 PM,16,12,4
10/08/2014 09:00:00 PM,11,7,4
10/08/2014 10:00:00 PM,8,4,4
10/08/2014 11:00:00 PM,8,7,1
10/09/2014 12:00:00 AM,1,1,0
10/09/2014 01:00:00 AM,3,2,1
10/09/2014 02:00:00 AM,1,0,1
10/09/2014 03:00:00 AM,1,0,1
10/09/2014 04:00:00 AM,2,0,2
10/09/2014 05:00:00 AM,22,3,19
10/09/2014 06:00:00 AM,60,5,55
10/09/2014 07:00:00 AM,114,17,97
10/09/2014 08:00:00 AM,134,12,122
10/09/2014 09:00:00 AM,59,7,52
10/09/2014 10:00:00 AM,17,4,13
10/09/2014 11:00:00 AM,14,4,10
10/09/2014 12:00:00 PM,18,9,9
10/09/2014 01:00:00 PM,27,16,11
10/09/2014 02:00:00 PM,47,18,29
10/09/2014 03:00:00 PM,35,26,9
10/09/2014 04:00:00 PM,83,69,14
10/09/2014 05:00:00 PM,147,125,22
10/09/2014 06:00:00 PM,101,91,10
10/09/2014 07:00:00 PM,51,32,19
10/09/2014 08:00:00 PM,24,18,6
10/09/2014 09:00:00 PM,8,5,3
10/09/2014 10:00:00 PM,5,2,3
10/09/2014 11:00:00 PM,12,2,10
10/10/2014 12:00:00 AM,4,4,0
10/10/2014 01:00:00 AM,5,3,2
10/10/2014 02:00:00 AM,0,0,0
10/10/2014 03:00:00 AM,1,0,1
10/10/2014 04:00:00 AM,4,1,3
10/10/2014 05:00:00 AM,16,2,14
10/10/2014 06:00:00 AM,43,8,35
10/10/2014 07:00:00 AM,84,15,69
10/10/2014 08:00:00 AM,111,9,102
10/10/2014 09:00:00 AM,51,7,44
10/10/2014 10:00:00 AM,22,4,18
10/10/2014 11:00:00 AM,26,15,11
10/10/2014 12:00:00 PM,23,6,17
10/10/2014 01:00:00 PM,14,8,6
10/10/2014 02:00:00 PM,29,15,14
10/10/2014 03:00:00 PM,38,27,11
10/10/2014 04:00:00 PM,64,49,15
10/10/2014 05:00:00 PM,110,94,16
10/10/2014 06:00:00 PM,58,51,7
10/10/2014 07:00:00 PM,27,18,9
10/10/2014 08:00:00 PM,9,8,1
10/10/2014 09:00:00 PM,9,8,1
10/10/2014 10:00:00 PM,8,7,1
10/10/2014 11:00:00 PM,9,6,3
10/11/2014 12:00:00 AM,3,3,0
10/11/2014 01:00:00 AM,6,3,3
10/11/2014 02:00:00 AM,5,2,3
10/11/2014 03:00:00 AM,3,1,2
10/11/2014 04:00:00 AM,2,2,0
10/11/2014 05:00:00 AM,7,0,7
10/11/2014 06:00:00 AM,6,0,6
10/11/2014 07:00:00 AM,7,1,6
10/11/2014 08:00:00 AM,17,6,11
10/11/2014 09:00:00 AM,24,5,19
10/11/2014 10:00:00 AM,26,15,11
10/11/2014 11:00:00 AM,22,16,6
10/11/2014 12:00:00 PM,20,9,11
10/11/2014 01:00:00 PM,29,11,18
10/11/2014 02:00:00 PM,20,12,8
10/11/2014 03:00:00 PM,25,13,12
10/11/2014 04:00:00 PM,25,13,12
10/11/2014 05:00:00 PM,24,10,14
10/11/2014 06:00:00 PM,14,7,7
10/11/2014 07:00:00 PM,6,3,3
10/11/2014 08:00:00 PM,4,2,2
10/11/2014 09:00:00 PM,4,3,1
10/11/2014 10:00:00 PM,4,1,3
10/11/2014 11:00:00 PM,0,0,0
10/12/2014 12:00:00 AM,2,2,0
10/12/2014 01:00:00 AM,3,2,1
10/12/2014 02:00:00 AM,1,1,0
10/12/2014 03:00:00 AM,1,0,1
10/12/2014 04:00:00 AM,3,2,1
10/12/2014 05:00:00 AM,5,2,3
10/12/2014 06:00:00 AM,0,0,0
10/12/2014 07:00:00 AM,7,3,4
10/12/2014 08:00:00 AM,14,5,9
10/12/2014 09:00:00 AM,21,9,12
10/12/2014 10:00:00 AM,30,10,20
10/12/2014 11:00:00 AM,43,21,22
10/12/2014 12:00:00 PM,38,26,12
10/12/2014 01:00:00 PM,34,9,25
10/12/2014 02:00:00 PM,32,9,23
10/12/2014 03:00:00 PM,28,13,15
10/12/2014 04:00:00 PM,31,17,14
10/12/2014 05:00:00 PM,28,15,13
10/12/2014 06:00:00 PM,17,10,7
10/12/2014 07:00:00 PM,7,4,3
10/12/2014 08:00:00 PM,8,6,2
10/12/2014 09:00:00 PM,9,6,3
10/12/2014 10:00:00 PM,9,4,5
10/12/2014 11:00:00 PM,0,0,0
10/13/2014 12:00:00 AM,0,0,0
10/13/2014 01:00:00 AM,1,1,0
10/13/2014 02:00:00 AM,0,0,0
10/13/2014 03:00:00 AM,1,0,1
10/13/2014 04:00:00 AM,5,1,4
10/13/2014 05:00:00 AM,18,2,16
10/13/2014 06:00:00 AM,43,9,34
10/13/2014 07:00:00 AM,107,18,89
10/13/2014 08:00:00 AM,118,8,110
10/13/2014 09:00:00 AM,63,8,55
10/13/2014 10:00:00 AM,31,7,24
10/13/2014 11:00:00 AM,25,15,10
10/13/2014 12:00:00 PM,30,15,15
10/13/2014 01:00:00 PM,26,10,16
10/13/2014 02:00:00 PM,31,19,12
10/13/2014 03:00:00 PM,26,18,8
10/13/2014 04:00:00 PM,93,70,23
10/13/2014 05:00:00 PM,139,115,24
10/13/2014 06:00:00 PM,89,78,11
10/13/2014 07:00:00 PM,29,22,7
10/13/2014 08:00:00 PM,15,11,4
10/13/2014 09:00:00 PM,4,3,1
10/13/2014 10:00:00 PM,7,6,1
10/13/2014 11:00:00 PM,1,1,0
10/14/2014 12:00:00 AM,2,1,1
10/14/2014 01:00:00 AM,1,0,1
10/14/2014 02:00:00 AM,0,0,0
10/14/2014 03:00:00 AM,2,1,1
10/14/2014 04:00:00 AM,2,0,2
10/14/2014 05:00:00 AM,24,3,21
10/14/2014 06:00:00 AM,67,11,56
10/14/2014 07:00:00 AM,114,15,99
10/14/2014 08:00:00 AM,107,11,96
10/14/2014 09:00:00 AM,38,2,36
10/14/2014 10:00:00 AM,14,0,14
10/14/2014 11:00:00 AM,14,8,6
10/14/2014 12:00:00 PM,22,8,14
10/14/2014 01:00:00 PM,13,8,5
10/14/2014 02:00:00 PM,31,21,10
10/14/2014 03:00:00 PM,41,23,18
10/14/2014 04:00:00 PM,86,71,15
10/14/2014 05:00:00 PM,139,124,15
10/14/2014 06:00:00 PM,77,68,9
10/14/2014 07:00:00 PM,19,19,0
10/14/2014 08:00:00 PM,8,6,2
10/14/2014 09:00:00 PM,9,8,1
10/14/2014 10:00:00 PM,3,3,0
10/14/2014 11:00:00 PM,3,2,1
10/15/2014 12:00:00 AM,2,2,0
10/15/2014 01:00:00 AM,2,1,1
10/15/2014 02:00:00 AM,1,0,1
10/15/2014 03:00:00 AM,2,1,1
10/15/2014 04:00:00 AM,5,1,4
10/15/2014 05:00:00 AM,19,3,16
10/15/2014 06:00:00 AM,41,4,37
10/15/2014 07:00:00 AM,96,10,86
10/15/2014 08:00:00 AM,87,5,82
10/15/2014 09:00:00 AM,32,1,31
10/15/2014 10:00:00 AM,10,1,9
10/15/2014 11:00:00 AM,12,5,7
10/15/2014 12:00:00 PM,8,2,6
10/15/2014 01:00:00 PM,6,4,2
10/15/2014 02:00:00 PM,14,5,9
10/15/2014 03:00:00 PM,22,15,7
10/15/2014 04:00:00 PM,63,52,11
10/15/2014 05:00:00 PM,94,76,18
10/15/2014 06:00:00 PM,82,69,13
10/15/2014 07:00:00 PM,36,27,9
10/15/2014 08:00:00 PM,22,10,12
10/15/2014 09:00:00 PM,10,5,5
10/15/2014 10:00:00 PM,10,6,4
10/15/2014 11:00:00 PM,1,0,1
10/16/2014 12:00:00 AM,3,2,1
10/16/2014 01:00:00 AM,2,2,0
10/16/2014 02:00:00 AM,0,0,0
10/16/2014 03:00:00 AM,4,3,1
10/16/2014 04:00:00 AM,6,2,4
10/16/2014 05:00:00 AM,26,3,23
10/16/2014 06:00:00 AM,62,12,50
10/16/2014 07:00:00 AM,117,14,103
10/16/2014 08:00:00 AM,109,10,99
10/16/2014 09:00:00 AM,40,7,33
10/16/2014 10:00:00 AM,19,6,13
10/16/2014 11:00:00 AM,29,12,17
10/16/2014 12:00:00 PM,28,8,20
10/16/2014 01:00:00 PM,32,17,15
10/16/2014 02:00:00 PM,55,36,19
10/16/2014 03:00:00 PM,64,39,25
10/16/2014 04:00:00 PM,110,86,24
10/16/2014 05:00:00 PM,153,127,26
10/16/2014 06:00:00 PM,74,60,14
10/16/2014 07:00:00 PM,37,23,14
10/16/2014 08:00:00 PM,16,10,6
10/16/2014 09:00:00 PM,14,7,7
10/16/2014 10:00:00 PM,8,5,3
10/16/2014 11:00:00 PM,4,3,1
10/17/2014 12:00:00 AM,5,3,2
10/17/2014 01:00:00 AM,4,2,2
10/17/2014 02:00:00 AM,2,2,0
10/17/2014 03:00:00 AM,2,1,1
10/17/2014 04:00:00 AM,2,1,1
10/17/2014 05:00:00 AM,16,5,11
10/17/2014 06:00:00 AM,31,5,26
10/17/2014 07:00:00 AM,64,10,54
10/17/2014 08:00:00 AM,64,7,57
10/17/2014 09:00:00 AM,38,2,36
10/17/2014 10:00:00 AM,21,4,17
10/17/2014 11:00:00 AM,11,1,10
10/17/2014 12:00:00 PM,14,8,6
10/17/2014 01:00:00 PM,10,7,3
10/17/2014 02:00:00 PM,15,9,6
10/17/2014 03:00:00 PM,22,15,7
10/17/2014 04:00:00 PM,34,27,7
10/17/2014 05:00:00 PM,95,81,14
10/17/2014 06:00:00 PM,56,53,3
10/17/2014 07:00:00 PM,20,14,6
10/17/2014 08:00:00 PM,12,10,2
10/17/2014 09:00:00 PM,2,2,0
10/17/2014 10:00:00 PM,8,4,4
10/17/2014 11:00:00 PM,2,0,2
10/18/2014 12:00:00 AM,2,2,0
10/18/2014 01:00:00 AM,2,1,1
10/18/2014 02:00:00 AM,2,2,0
10/18/2014 03:00:00 AM,4,2,2
10/18/2014 04:00:00 AM,1,1,0
10/18/2014 05:00:00 AM,1,0,1
10/18/2014 06:00:00 AM,2,1,1
10/18/2014 07:00:00 AM,6,2,4
10/18/2014 08:00:00 AM,15,6,9
10/18/2014 09:00:00 AM,14,8,6
10/18/2014 10:00:00 AM,14,8,6
10/18/2014 11:00:00 AM,25,10,15
10/18/2014 12:00:00 PM,17,7,10
10/18/2014 01:00:00 PM,17,7,10
10/18/2014 02:00:00 PM,25,15,10
10/18/2014 03:00:00 PM,29,13,16
10/18/2014 04:00:00 PM,34,8,26
10/18/2014 05:00:00 PM,28,14,14
10/18/2014 06:00:00 PM,12,6,6
10/18/2014 07:00:00 PM,6,2,4
10/18/2014 08:00:00 PM,4,3,1
10/18/2014 09:00:00 PM,5,2,3
10/18/2014 10:00:00 PM,1,0,1
10/18/2014 11:00:00 PM,3,3,0
10/19/2014 12:00:00 AM,2,1,1
10/19/2014 01:00:00 AM,4,4,0
10/19/2014 02:00:00 AM,2,2,0
10/19/2014 03:00:00 AM,1,0,1
10/19/2014 04:00:00 AM,3,3,0
10/19/2014 05:00:00 AM,3,0,3
10/19/2014 06:00:00 AM,6,0,6
10/19/2014 07:00:00 AM,8,2,6
10/19/2014 08:00:00 AM,16,5,11
10/19/2014 09:00:00 AM,27,5,22
10/19/2014 10:00:00 AM,49,28,21
10/19/2014 11:00:00 AM,49,24,25
10/19/2014 12:00:00 PM,61,24,37
10/19/2014 01:00:00 PM,90,35,55
10/19/2014 02:00:00 PM,95,42,53
10/19/2014 03:00:00 PM,72,41,31
10/19/2014 04:00:00 PM,54,29,25
10/19/2014 05:00:00 PM,64,32,32
10/19/2014 06:00:00 PM,42,21,21
10/19/2014 07:00:00 PM,14,4,10
10/19/2014 08:00:00 PM,12,7,5
10/19/2014 09:00:00 PM,5,3,2
10/19/2014 10:00:00 PM,3,1,2
10/19/2014 11:00:00 PM,4,1,3
10/20/2014 12:00:00 AM,3,1,2
10/20/2014 01:00:00 AM,2,1,1
10/20/2014 02:00:00 AM,1,0,1
10/20/2014 03:00:00 AM,0,0,0
10/20/2014 04:00:00 AM,1,1,0
10/20/2014 05:00:00 AM,17,4,13
10/20/2014 06:00:00 AM,47,8,39
10/20/2014 07:00:00 AM,88,17,71
10/20/2014 08:00:00 AM,93,8,85
10/20/2014 09:00:00 AM,40,2,38
10/20/2014 10:00:00 AM,25,4,21
10/20/2014 11:00:00 AM,16,5,11
10/20/2014 12:00:00 PM,13,3,10
10/20/2014 01:00:00 PM,14,7,7
10/20/2014 02:00:00 PM,17,11,6
10/20/2014 03:00:00 PM,35,18,17
10/20/2014 04:00:00 PM,60,49,11
10/20/2014 05:00:00 PM,112,97,15
10/20/2014 06:00:00 PM,90,78,12
10/20/2014 07:00:00 PM,27,15,12
10/20/2014 08:00:00 PM,12,10,2
10/20/2014 09:00:00 PM,6,3,3
10/20/2014 10:00:00 PM,5,2,3
10/20/2014 11:00:00 PM,5,3,2
10/21/2014 12:00:00 AM,0,0,0
10/21/2014 01:00:00 AM,6,4,2
10/21/2014 02:00:00 AM,1,0,1
10/21/2014 03:00:00 AM,4,3,1
10/21/2014 04:00:00 AM,4,1,3
10/21/2014 05:00:00 AM,16,1,15
10/21/2014 06:00:00 AM,48,5,43
10/21/2014 07:00:00 AM,83,12,71
10/21/2014 08:00:00 AM,108,11,97
10/21/2014 09:00:00 AM,50,6,44
10/21/2014 10:00:00 AM,22,5,17
10/21/2014 11:00:00 AM,27,13,14
10/21/2014 12:00:00 PM,26,9,17
10/21/2014 01:00:00 PM,20,10,10
10/21/2014 02:00:00 PM,22,16,6
10/21/2014 03:00:00 PM,27,18,9
10/21/2014 04:00:00 PM,64,52,12
10/21/2014 05:00:00 PM,124,101,23
10/21/2014 06:00:00 PM,80,74,6
10/21/2014 07:00:00 PM,26,22,4
10/21/2014 08:00:00 PM,9,8,1
10/21/2014 09:00:00 PM,4,4,0
10/21/2014 10:00:00 PM,4,2,2
10/21/2014 11:00:00 PM,1,1,0
10/22/2014 12:00:00 AM,1,1,0
10/22/2014 01:00:00 AM,1,0,1
10/22/2014 02:00:00 AM,2,2,0
10/22/2014 03:00:00 AM,1,0,1
10/22/2014 04:00:00 AM,3,1,2
10/22/2014 05:00:00 AM,13,1,12
10/22/2014 06:00:00 AM,34,6,28
10/22/2014 07:00:00 AM,68,14,54
10/22/2014 08:00:00 AM,85,6,79
10/22/2014 09:00:00 AM,39,1,38
10/22/2014 10:00:00 AM,18,3,15
10/22/2014 11:00:00 AM,7,4,3
10/22/2014 12:00:00 PM,4,1,3
10/22/2014 01:00:00 PM,8,5,3
10/22/2014 02:00:00 PM,12,8,4
10/22/2014 03:00:00 PM,26,16,10
10/22/2014 04:00:00 PM,36,30,6
10/22/2014 05:00:00 PM,76,63,13
10/22/2014 06:00:00 PM,63,53,10
10/22/2014 07:00:00 PM,18,17,1
10/22/2014 08:00:00 PM,8,6,2
10/22/2014 09:00:00 PM,11,10,1
10/22/2014 10:00:00 PM,0,0,0
10/22/2014 11:00:00 PM,1,0,1
10/23/2014 12:00:00 AM,1,1,0
10/23/2014 01:00:00 AM,0,0,0
10/23/2014 02:00:00 AM,1,0,1
10/23/2014 03:00:00 AM,1,0,1
10/23/2014 04:00:00 AM,2,0,2
10/23/2014 05:00:00 AM,13,2,11
10/23/2014 06:00:00 AM,29,6,23
10/23/2014 07:00:00 AM,67,11,56
10/23/2014 08:00:00 AM,81,4,77
10/23/2014 09:00:00 AM,31,2,29
10/23/2014 10:00:00 AM,14,2,12
10/23/2014 11:00:00 AM,5,2,3
10/23/2014 12:00:00 PM,12,8,4
10/23/2014 01:00:00 PM,19,10,9
10/23/2014 02:00:00 PM,17,12,5
10/23/2014 03:00:00 PM,29,18,11
10/23/2014 04:00:00 PM,28,19,9
10/23/2014 05:00:00 PM,90,76,14
10/23/2014 06:00:00 PM,70,56,14
10/23/2014 07:00:00 PM,32,29,3
10/23/2014 08:00:00 PM,13,11,2
10/23/2014 09:00:00 PM,7,4,3
10/23/2014 10:00:00 PM,6,4,2
10/23/2014 11:00:00 PM,1,0,1
10/24/2014 12:00:00 AM,3,3,0
10/24/2014 01:00:00 AM,3,3,0
10/24/2014 02:00:00 AM,1,1,0
10/24/2014 03:00:00 AM,2,0,2
10/24/2014 04:00:00 AM,0,0,0
10/24/2014 05:00:00 AM,,,
10/24/2014 06:00:00 AM,56,9,47
10/24/2014 07:00:00 AM,86,7,79
10/24/2014 08:00:00 AM,86,11,75
10/24/2014 09:00:00 AM,32,2,30
10/24/2014 10:00:00 AM,21,5,16
10/24/2014 11:00:00 AM,11,4,7
10/24/2014 12:00:00 PM,33,18,15
10/24/2014 01:00:00 PM,34,11,23
10/24/2014 02:00:00 PM,30,20,10
10/24/2014 03:00:00 PM,43,31,12
10/24/2014 04:00:00 PM,81,61,20
10/24/2014 05:00:00 PM,113,95,18
10/24/2014 06:00:00 PM,61,49,12
10/24/2014 07:00:00 PM,18,12,6
10/24/2014 08:00:00 PM,4,2,2
10/24/2014 09:00:00 PM,6,5,1
10/24/2014 10:00:00 PM,6,6,0
10/24/2014 11:00:00 PM,4,4,0
10/25/2014 12:00:00 AM,6,6,0
10/25/2014 01:00:00 AM,5,4,1
10/25/2014 02:00:00 AM,2,0,2
10/25/2014 03:00:00 AM,4,2,2
10/25/2014 04:00:00 AM,5,2,3
10/25/2014 05:00:00 AM,1,0,1
10/25/2014 06:00:00 AM,1,0,1
10/25/2014 07:00:00 AM,7,1,6
10/25/2014 08:00:00 AM,10,4,6
10/25/2014 09:00:00 AM,11,4,7
10/25/2014 10:00:00 AM,16,7,9
10/25/2014 11:00:00 AM,22,10,12
10/25/2014 12:00:00 PM,12,4,8
10/25/2014 01:00:00 PM,6,2,4
10/25/2014 02:00:00 PM,18,7,11
10/25/2014 03:00:00 PM,13,9,4
10/25/2014 04:00:00 PM,9,7,2
10/25/2014 05:00:00 PM,13,5,8
10/25/2014 06:00:00 PM,7,4,3
10/25/2014 07:00:00 PM,1,1,0
10/25/2014 08:00:00 PM,3,2,1
10/25/2014 09:00:00 PM,4,2,2
10/25/2014 10:00:00 PM,3,0,3
10/25/2014 11:00:00 PM,4,1,3
10/26/2014 12:00:00 AM,1,1,0
10/26/2014 01:00:00 AM,1,1,0
10/26/2014 02:00:00 AM,0,0,0
10/26/2014 03:00:00 AM,2,2,0
10/26/2014 04:00:00 AM,4,4,0
10/26/2014 05:00:00 AM,1,0,1
10/26/2014 06:00:00 AM,4,1,3
10/26/2014 07:00:00 AM,3,1,2
10/26/2014 08:00:00 AM,0,0,0
10/26/2014 09:00:00 AM,10,2,8
10/26/2014 10:00:00 AM,13,5,8
10/26/2014 11:00:00 AM,37,24,13
10/26/2014 12:00:00 PM,25,9,16
10/26/2014 01:00:00 PM,16,8,8
10/26/2014 02:00:00 PM,13,4,9
10/26/2014 03:00:00 PM,19,13,6
10/26/2014 04:00:00 PM,22,12,10
10/26/2014 05:00:00 PM,16,9,7
10/26/2014 06:00:00 PM,13,5,8
10/26/2014 07:00:00 PM,5,2,3
10/26/2014 08:00:00 PM,5,3,2
10/26/2014 09:00:00 PM,1,1,0
10/26/2014 10:00:00 PM,1,1,0
10/26/2014 11:00:00 PM,2,2,0
10/27/2014 12:00:00 AM,1,1,0
10/27/2014 01:00:00 AM,1,1,0
10/27/2014 02:00:00 AM,1,0,1
10/27/2014 03:00:00 AM,3,1,2
10/27/2014 04:00:00 AM,8,2,6
10/27/2014 05:00:00 AM,18,4,14
10/27/2014 06:00:00 AM,44,7,37
10/27/2014 07:00:00 AM,111,16,95
10/27/2014 08:00:00 AM,117,8,109
10/27/2014 09:00:00 AM,40,1,39
10/27/2014 10:00:00 AM,20,7,13
10/27/2014 11:00:00 AM,21,8,13
10/27/2014 12:00:00 PM,28,12,16
10/27/2014 01:00:00 PM,31,12,19
10/27/2014 02:00:00 PM,25,12,13
10/27/2014 03:00:00 PM,45,35,10
10/27/2014 04:00:00 PM,68,60,8
10/27/2014 05:00:00 PM,128,106,22
10/27/2014 06:00:00 PM,97,82,15
10/27/2014 07:00:00 PM,25,20,5
10/27/2014 08:00:00 PM,10,6,4
10/27/2014 09:00:00 PM,10,9,1
10/27/2014 10:00:00 PM,7,2,5
10/27/2014 11:00:00 PM,2,1,1
10/28/2014 12:00:00 AM,0,0,0
10/28/2014 01:00:00 AM,2,1,1
10/28/2014 02:00:00 AM,1,1,0
10/28/2014 03:00:00 AM,0,0,0
10/28/2014 04:00:00 AM,2,1,1
10/28/2014 05:00:00 AM,14,2,12
10/28/2014 06:00:00 AM,45,5,40
10/28/2014 07:00:00 AM,73,13,60
10/28/2014 08:00:00 AM,79,7,72
10/28/2014 09:00:00 AM,31,3,28
10/28/2014 10:00:00 AM,14,4,10
10/28/2014 11:00:00 AM,4,1,3
10/28/2014 12:00:00 PM,6,2,4
10/28/2014 01:00:00 PM,7,1,6
10/28/2014 02:00:00 PM,9,4,5
10/28/2014 03:00:00 PM,20,15,5
10/28/2014 04:00:00 PM,41,29,12
10/28/2014 05:00:00 PM,102,80,22
10/28/2014 06:00:00 PM,70,63,7
10/28/2014 07:00:00 PM,23,19,4
10/28/2014 08:00:00 PM,9,7,2
10/28/2014 09:00:00 PM,8,7,1
10/28/2014 10:00:00 PM,3,2,1
10/28/2014 11:00:00 PM,2,1,1
10/29/2014 12:00:00 AM,3,1,2
10/29/2014 01:00:00 AM,1,1,0
10/29/2014 02:00:00 AM,2,2,0
10/29/2014 03:00:00 AM,2,1,1
10/29/2014 04:00:00 AM,5,1,4
10/29/2014 05:00:00 AM,18,2,16
10/29/2014 06:00:00 AM,45,1,44
10/29/2014 07:00:00 AM,115,16,99
10/29/2014 08:00:00 AM,136,12,124
10/29/2014 09:00:00 AM,47,3,44
10/29/2014 10:00:00 AM,28,6,22
10/29/2014 11:00:00 AM,23,8,15
10/29/2014 12:00:00 PM,28,18,10
10/29/2014 01:00:00 PM,28,8,20
10/29/2014 02:00:00 PM,33,16,17
10/29/2014 03:00:00 PM,56,41,15
10/29/2014 04:00:00 PM,91,72,19
10/29/2014 05:00:00 PM,132,109,23
10/29/2014 06:00:00 PM,98,83,15
10/29/2014 07:00:00 PM,24,19,5
10/29/2014 08:00:00 PM,25,22,3
10/29/2014 09:00:00 PM,15,11,4
10/29/2014 10:00:00 PM,10,9,1
10/29/2014 11:00:00 PM,3,2,1
10/30/2014 12:00:00 AM,4,3,1
10/30/2014 01:00:00 AM,4,1,3
10/30/2014 02:00:00 AM,1,1,0
10/30/2014 03:00:00 AM,0,0,0
10/30/2014 04:00:00 AM,2,0,2
10/30/2014 05:00:00 AM,17,4,13
10/30/2014 06:00:00 AM,47,4,43
10/30/2014 07:00:00 AM,98,11,87
10/30/2014 08:00:00 AM,95,6,89
10/30/2014 09:00:00 AM,34,4,30
10/30/2014 10:00:00 AM,16,2,14
10/30/2014 11:00:00 AM,10,5,5
10/30/2014 12:00:00 PM,10,5,5
10/30/2014 01:00:00 PM,12,3,9
10/30/2014 02:00:00 PM,10,9,1
10/30/2014 03:00:00 PM,17,11,6
10/30/2014 04:00:00 PM,42,33,9
10/30/2014 05:00:00 PM,113,104,9
10/30/2014 06:00:00 PM,72,56,16
10/30/2014 07:00:00 PM,22,19,3
10/30/2014 08:00:00 PM,14,10,4
10/30/2014 09:00:00 PM,13,9,4
10/30/2014 10:00:00 PM,2,2,0
10/30/2014 11:00:00 PM,2,2,0
10/31/2014 12:00:00 AM,1,1,0
10/31/2014 01:00:00 AM,1,1,0
10/31/2014 02:00:00 AM,1,1,0
10/31/2014 03:00:00 AM,1,0,1
10/31/2014 04:00:00 AM,1,0,1
10/31/2014 05:00:00 AM,7,2,5
10/31/2014 06:00:00 AM,31,5,26
10/31/2014 07:00:00 AM,58,8,50
10/31/2014 08:00:00 AM,58,6,52
10/31/2014 09:00:00 AM,32,4,28
10/31/2014 10:00:00 AM,10,2,8
10/31/2014 11:00:00 AM,8,2,6
10/31/2014 12:00:00 PM,10,6,4
10/31/2014 01:00:00 PM,7,1,6
10/31/2014 02:00:00 PM,14,8,6
10/31/2014 03:00:00 PM,27,21,6
10/31/2014 04:00:00 PM,59,43,16
10/31/2014 05:00:00 PM,74,66,8
10/31/2014 06:00:00 PM,32,27,5
10/31/2014 07:00:00 PM,18,10,8
10/31/2014 08:00:00 PM,7,7,0
10/31/2014 09:00:00 PM,7,3,4
10/31/2014 10:00:00 PM,2,0,2
10/31/2014 11:00:00 PM,10,6,4
11/01/2014 12:00:00 AM,5,4,1
11/01/2014 01:00:00 AM,4,4,0
11/01/2014 02:00:00 AM,4,2,2
11/01/2014 03:00:00 AM,4,2,2
11/01/2014 04:00:00 AM,4,3,1
11/01/2014 05:00:00 AM,2,1,1
11/01/2014 06:00:00 AM,4,1,3
11/01/2014 07:00:00 AM,6,2,4
11/01/2014 08:00:00 AM,18,5,13
11/01/2014 09:00:00 AM,23,11,12
11/01/2014 10:00:00 AM,22,14,8
11/01/2014 11:00:00 AM,33,17,16
11/01/2014 12:00:00 PM,35,16,19
11/01/2014 01:00:00 PM,56,25,31
11/01/2014 02:00:00 PM,29,16,13
11/01/2014 03:00:00 PM,37,15,22
11/01/2014 04:00:00 PM,41,22,19
11/01/2014 05:00:00 PM,20,13,7
11/01/2014 06:00:00 PM,12,9,3
11/01/2014 07:00:00 PM,4,1,3
11/01/2014 08:00:00 PM,6,2,4
11/01/2014 09:00:00 PM,3,3,0
11/01/2014 10:00:00 PM,5,4,1
11/01/2014 11:00:00 PM,4,3,1
11/02/2014 12:00:00 AM,4,2,2
11/02/2014 01:00:00 AM,8,4,4
11/02/2014 02:00:00 AM,1,1,0
11/02/2014 03:00:00 AM,0,0,0
11/02/2014 04:00:00 AM,4,3,1
11/02/2014 05:00:00 AM,4,1,3
11/02/2014 06:00:00 AM,5,2,3
11/02/2014 07:00:00 AM,6,1,5
11/02/2014 08:00:00 AM,22,5,17
11/02/2014 09:00:00 AM,25,11,14
11/02/2014 10:00:00 AM,47,21,26
11/02/2014 11:00:00 AM,36,16,20
11/02/2014 12:00:00 PM,37,18,19
11/02/2014 01:00:00 PM,21,12,9
11/02/2014 02:00:00 PM,9,6,3
11/02/2014 03:00:00 PM,8,2,6
11/02/2014 04:00:00 PM,9,4,5
11/02/2014 05:00:00 PM,14,11,3
11/02/2014 06:00:00 PM,6,4,2
11/02/2014 07:00:00 PM,1,1,0
11/02/2014 08:00:00 PM,1,0,1
11/02/2014 09:00:00 PM,0,0,0
11/02/2014 10:00:00 PM,0,0,0
11/02/2014 11:00:00 PM,2,1,1
11/03/2014 12:00:00 AM,1,0,1
11/03/2014 01:00:00 AM,2,1,1
11/03/2014 02:00:00 AM,0,0,0
11/03/2014 03:00:00 AM,4,2,2
11/03/2014 04:00:00 AM,5,2,3
11/03/2014 05:00:00 AM,26,8,18
11/03/2014 06:00:00 AM,45,4,41
11/03/2014 07:00:00 AM,117,15,102
11/03/2014 08:00:00 AM,88,6,82
11/03/2014 09:00:00 AM,37,2,35
11/03/2014 10:00:00 AM,14,4,10
11/03/2014 11:00:00 AM,10,4,6
11/03/2014 12:00:00 PM,16,7,9
11/03/2014 01:00:00 PM,15,8,7
11/03/2014 02:00:00 PM,15,7,8
11/03/2014 03:00:00 PM,27,17,10
11/03/2014 04:00:00 PM,42,33,9
11/03/2014 05:00:00 PM,118,98,20
11/03/2014 06:00:00 PM,67,60,7
11/03/2014 07:00:00 PM,18,15,3
11/03/2014 08:00:00 PM,9,8,1
11/03/2014 09:00:00 PM,8,4,4
11/03/2014 10:00:00 PM,5,3,2
11/03/2014 11:00:00 PM,2,1,1
11/04/2014 12:00:00 AM,1,1,0
11/04/2014 01:00:00 AM,3,2,1
11/04/2014 02:00:00 AM,2,0,2
11/04/2014 03:00:00 AM,0,0,0
11/04/2014 04:00:00 AM,3,1,2
11/04/2014 05:00:00 AM,21,1,20
11/04/2014 06:00:00 AM,48,9,39
11/04/2014 07:00:00 AM,103,9,94
11/04/2014 08:00:00 AM,87,3,84
11/04/2014 09:00:00 AM,35,5,30
11/04/2014 10:00:00 AM,9,1,8
11/04/2014 11:00:00 AM,15,7,8
11/04/2014 12:00:00 PM,10,2,8
11/04/2014 01:00:00 PM,12,6,6
11/04/2014 02:00:00 PM,24,13,11
11/04/2014 03:00:00 PM,34,24,10
11/04/2014 04:00:00 PM,66,50,16
11/04/2014 05:00:00 PM,132,112,20
11/04/2014 06:00:00 PM,59,50,9
11/04/2014 07:00:00 PM,13,8,5
11/04/2014 08:00:00 PM,14,11,3
11/04/2014 09:00:00 PM,8,8,0
11/04/2014 10:00:00 PM,5,3,2
11/04/2014 11:00:00 PM,5,2,3
11/05/2014 12:00:00 AM,6,3,3
11/05/2014 01:00:00 AM,4,2,2
11/05/2014 02:00:00 AM,2,0,2
11/05/2014 03:00:00 AM,3,2,1
11/05/2014 04:00:00 AM,3,0,3
11/05/2014 05:00:00 AM,25,4,21
11/05/2014 06:00:00 AM,50,7,43
11/05/2014 07:00:00 AM,89,14,75
11/05/2014 08:00:00 AM,123,12,111
11/05/2014 09:00:00 AM,55,5,50
11/05/2014 10:00:00 AM,15,3,12
11/05/2014 11:00:00 AM,8,2,6
11/05/2014 12:00:00 PM,39,22,17
11/05/2014 01:00:00 PM,23,6,17
11/05/2014 02:00:00 PM,23,15,8
11/05/2014 03:00:00 PM,31,19,12
11/05/2014 04:00:00 PM,67,51,16
11/05/2014 05:00:00 PM,116,98,18
11/05/2014 06:00:00 PM,48,43,5
11/05/2014 07:00:00 PM,15,15,0
11/05/2014 08:00:00 PM,12,7,5
11/05/2014 09:00:00 PM,8,5,3
11/05/2014 10:00:00 PM,6,4,2
11/05/2014 11:00:00 PM,9,8,1
11/06/2014 12:00:00 AM,4,2,2
11/06/2014 01:00:00 AM,2,1,1
11/06/2014 02:00:00 AM,3,2,1
11/06/2014 03:00:00 AM,3,1,2
11/06/2014 04:00:00 AM,1,0,1
11/06/2014 05:00:00 AM,16,3,13
11/06/2014 06:00:00 AM,46,4,42
11/06/2014 07:00:00 AM,87,13,74
11/06/2014 08:00:00 AM,63,3,60
11/06/2014 09:00:00 AM,39,4,35
11/06/2014 10:00:00 AM,20,6,14
11/06/2014 11:00:00 AM,21,4,17
11/06/2014 12:00:00 PM,7,3,4
11/06/2014 01:00:00 PM,6,3,3
11/06/2014 02:00:00 PM,16,9,7
11/06/2014 03:00:00 PM,26,17,9
11/06/2014 04:00:00 PM,59,44,15
11/06/2014 05:00:00 PM,107,87,20
11/06/2014 06:00:00 PM,51,42,9
11/06/2014 07:00:00 PM,17,12,5
11/06/2014 08:00:00 PM,6,3,3
11/06/2014 09:00:00 PM,3,3,0
11/06/2014 10:00:00 PM,5,4,1
11/06/2014 11:00:00 PM,3,3,0
11/07/2014 12:00:00 AM,2,2,0
11/07/2014 01:00:00 AM,1,0,1
11/07/2014 02:00:00 AM,0,0,0
11/07/2014 03:00:00 AM,2,1,1
11/07/2014 04:00:00 AM,3,2,1
11/07/2014 05:00:00 AM,19,1,18
11/07/2014 06:00:00 AM,43,5,38
11/07/2014 07:00:00 AM,121,19,102
11/07/2014 08:00:00 AM,91,11,80
11/07/2014 09:00:00 AM,54,8,46
11/07/2014 10:00:00 AM,19,9,10
11/07/2014 11:00:00 AM,27,11,16
11/07/2014 12:00:00 PM,29,14,15
11/07/2014 01:00:00 PM,33,15,18
11/07/2014 02:00:00 PM,36,21,15
11/07/2014 03:00:00 PM,47,31,16
11/07/2014 04:00:00 PM,80,59,21
11/07/2014 05:00:00 PM,99,82,17
11/07/2014 06:00:00 PM,51,42,9
11/07/2014 07:00:00 PM,22,12,10
11/07/2014 08:00:00 PM,9,7,2
11/07/2014 09:00:00 PM,7,5,2
11/07/2014 10:00:00 PM,6,5,1
11/07/2014 11:00:00 PM,6,5,1
11/08/2014 12:00:00 AM,4,4,0
11/08/2014 01:00:00 AM,2,2,0
11/08/2014 02:00:00 AM,5,5,0
11/08/2014 03:00:00 AM,1,1,0
11/08/2014 04:00:00 AM,1,1,0
11/08/2014 05:00:00 AM,8,1,7
11/08/2014 06:00:00 AM,3,0,3
11/08/2014 07:00:00 AM,10,3,7
11/08/2014 08:00:00 AM,31,8,23
11/08/2014 09:00:00 AM,41,23,18
11/08/2014 10:00:00 AM,32,18,14
11/08/2014 11:00:00 AM,80,42,38
11/08/2014 12:00:00 PM,65,26,39
11/08/2014 01:00:00 PM,63,24,39
11/08/2014 02:00:00 PM,71,31,40
11/08/2014 03:00:00 PM,50,33,17
11/08/2014 04:00:00 PM,40,17,23
11/08/2014 05:00:00 PM,27,12,15
11/08/2014 06:00:00 PM,11,6,5
11/08/2014 07:00:00 PM,9,5,4
11/08/2014 08:00:00 PM,6,1,5
11/08/2014 09:00:00 PM,6,5,1
11/08/2014 10:00:00 PM,0,0,0
11/08/2014 11:00:00 PM,2,2,0
11/09/2014 12:00:00 AM,1,1,0
11/09/2014 01:00:00 AM,2,2,0
11/09/2014 02:00:00 AM,2,0,2
11/09/2014 03:00:00 AM,1,1,0
11/09/2014 04:00:00 AM,2,1,1
11/09/2014 05:00:00 AM,5,3,2
11/09/2014 06:00:00 AM,4,2,2
11/09/2014 07:00:00 AM,3,0,3
11/09/2014 08:00:00 AM,6,2,4
11/09/2014 09:00:00 AM,9,2,7
11/09/2014 10:00:00 AM,11,2,9
11/09/2014 11:00:00 AM,17,6,11
11/09/2014 12:00:00 PM,16,7,9
11/09/2014 01:00:00 PM,20,11,9
11/09/2014 02:00:00 PM,13,7,6
11/09/2014 03:00:00 PM,7,4,3
11/09/2014 04:00:00 PM,11,7,4
11/09/2014 05:00:00 PM,10,6,4
11/09/2014 06:00:00 PM,5,5,0
11/09/2014 07:00:00 PM,7,3,4
11/09/2014 08:00:00 PM,4,1,3
11/09/2014 09:00:00 PM,2,2,0
11/09/2014 10:00:00 PM,3,2,1
11/09/2014 11:00:00 PM,2,2,0
11/10/2014 12:00:00 AM,0,0,0
11/10/2014 01:00:00 AM,2,1,1
11/10/2014 02:00:00 AM,0,0,0
11/10/2014 03:00:00 AM,1,0,1
11/10/2014 04:00:00 AM,6,1,5
11/10/2014 05:00:00 AM,19,5,14
11/10/2014 06:00:00 AM,38,9,29
11/10/2014 07:00:00 AM,120,9,111
11/10/2014 08:00:00 AM,88,6,82
11/10/2014 09:00:00 AM,42,4,38
11/10/2014 10:00:00 AM,20,1,19
11/10/2014 11:00:00 AM,15,6,9
11/10/2014 12:00:00 PM,28,12,16
11/10/2014 01:00:00 PM,23,12,11
11/10/2014 02:00:00 PM,36,23,13
11/10/2014 03:00:00 PM,41,24,17
11/10/2014 04:00:00 PM,86,67,19
11/10/2014 05:00:00 PM,125,99,26
11/10/2014 06:00:00 PM,74,68,6
11/10/2014 07:00:00 PM,27,21,6
11/10/2014 08:00:00 PM,9,7,2
11/10/2014 09:00:00 PM,7,4,3
11/10/2014 10:00:00 PM,16,12,4
11/10/2014 11:00:00 PM,3,3,0
11/11/2014 12:00:00 AM,2,2,0
11/11/2014 01:00:00 AM,1,1,0
11/11/2014 02:00:00 AM,2,2,0
11/11/2014 03:00:00 AM,0,0,0
11/11/2014 04:00:00 AM,3,2,1
11/11/2014 05:00:00 AM,13,4,9
11/11/2014 06:00:00 AM,39,7,32
11/11/2014 07:00:00 AM,87,5,82
11/11/2014 08:00:00 AM,78,10,68
11/11/2014 09:00:00 AM,43,8,35
11/11/2014 10:00:00 AM,27,7,20
11/11/2014 11:00:00 AM,23,7,16
11/11/2014 12:00:00 PM,23,13,10
11/11/2014 01:00:00 PM,29,11,18
11/11/2014 02:00:00 PM,34,19,15
11/11/2014 03:00:00 PM,38,27,11
11/11/2014 04:00:00 PM,72,50,22
11/11/2014 05:00:00 PM,88,76,12
11/11/2014 06:00:00 PM,55,45,10
11/11/2014 07:00:00 PM,27,23,4
11/11/2014 08:00:00 PM,9,7,2
11/11/2014 09:00:00 PM,4,4,0
11/11/2014 10:00:00 PM,2,2,0
11/11/2014 11:00:00 PM,1,1,0
11/12/2014 12:00:00 AM,0,0,0
11/12/2014 01:00:00 AM,2,2,0
11/12/2014 02:00:00 AM,1,1,0
11/12/2014 03:00:00 AM,0,0,0
11/12/2014 04:00:00 AM,9,2,7
11/12/2014 05:00:00 AM,25,6,19
11/12/2014 06:00:00 AM,45,4,41
11/12/2014 07:00:00 AM,84,12,72
11/12/2014 08:00:00 AM,87,7,80
11/12/2014 09:00:00 AM,43,9,34
11/12/2014 10:00:00 AM,24,11,13
11/12/2014 11:00:00 AM,13,5,8
11/12/2014 12:00:00 PM,11,4,7
11/12/2014 01:00:00 PM,14,7,7
11/12/2014 02:00:00 PM,24,16,8
11/12/2014 03:00:00 PM,38,28,10
11/12/2014 04:00:00 PM,60,47,13
11/12/2014 05:00:00 PM,93,79,14
11/12/2014 06:00:00 PM,62,51,11
11/12/2014 07:00:00 PM,21,16,5
11/12/2014 08:00:00 PM,15,11,4
11/12/2014 09:00:00 PM,12,10,2
11/12/2014 10:00:00 PM,4,3,1
11/12/2014 11:00:00 PM,2,1,1
11/13/2014 12:00:00 AM,1,1,0
11/13/2014 01:00:00 AM,1,1,0
11/13/2014 02:00:00 AM,2,0,2
11/13/2014 03:00:00 AM,0,0,0
11/13/2014 04:00:00 AM,6,1,5
11/13/2014 05:00:00 AM,20,4,16
11/13/2014 06:00:00 AM,47,3,44
11/13/2014 07:00:00 AM,87,17,70
11/13/2014 08:00:00 AM,72,6,66
11/13/2014 09:00:00 AM,32,0,32
11/13/2014 10:00:00 AM,16,0,16
11/13/2014 11:00:00 AM,16,6,10
11/13/2014 12:00:00 PM,13,5,8
11/13/2014 01:00:00 PM,16,10,6
11/13/2014 02:00:00 PM,25,18,7
11/13/2014 03:00:00 PM,32,23,9
11/13/2014 04:00:00 PM,51,41,10
11/13/2014 05:00:00 PM,95,84,11
11/13/2014 06:00:00 PM,63,55,8
11/13/2014 07:00:00 PM,22,15,7
11/13/2014 08:00:00 PM,9,7,2
11/13/2014 09:00:00 PM,8,6,2
11/13/2014 10:00:00 PM,7,4,3
11/13/2014 11:00:00 PM,2,1,1
11/14/2014 12:00:00 AM,1,1,0
11/14/2014 01:00:00 AM,0,0,0
11/14/2014 02:00:00 AM,1,1,0
11/14/2014 03:00:00 AM,1,0,1
11/14/2014 04:00:00 AM,2,0,2
11/14/2014 05:00:00 AM,16,4,12
11/14/2014 06:00:00 AM,31,6,25
11/14/2014 07:00:00 AM,80,9,71
11/14/2014 08:00:00 AM,59,3,56
11/14/2014 09:00:00 AM,28,2,26
11/14/2014 10:00:00 AM,11,1,10
11/14/2014 11:00:00 AM,10,7,3
11/14/2014 12:00:00 PM,22,9,13
11/14/2014 01:00:00 PM,21,12,9
11/14/2014 02:00:00 PM,28,14,14
11/14/2014 03:00:00 PM,32,22,10
11/14/2014 04:00:00 PM,65,45,20
11/14/2014 05:00:00 PM,68,59,9
11/14/2014 06:00:00 PM,38,34,4
11/14/2014 07:00:00 PM,17,13,4
11/14/2014 08:00:00 PM,5,4,1
11/14/2014 09:00:00 PM,6,4,2
11/14/2014 10:00:00 PM,5,4,1
11/14/2014 11:00:00 PM,9,4,5
11/15/2014 12:00:00 AM,0,0,0
11/15/2014 01:00:00 AM,1,1,0
11/15/2014 02:00:00 AM,0,0,0
11/15/2014 03:00:00 AM,3,2,1
11/15/2014 04:00:00 AM,1,1,0
11/15/2014 05:00:00 AM,5,0,5
11/15/2014 06:00:00 AM,7,2,5
11/15/2014 07:00:00 AM,3,0,3
11/15/2014 08:00:00 AM,13,2,11
11/15/2014 09:00:00 AM,27,10,17
11/15/2014 10:00:00 AM,27,15,12
11/15/2014 11:00:00 AM,37,13,24
11/15/2014 12:00:00 PM,49,24,25
11/15/2014 01:00:00 PM,33,19,14
11/15/2014 02:00:00 PM,36,22,14
11/15/2014 03:00:00 PM,27,22,5
11/15/2014 04:00:00 PM,24,14,10
11/15/2014 05:00:00 PM,16,5,11
11/15/2014 06:00:00 PM,18,11,7
11/15/2014 07:00:00 PM,4,2,2
11/15/2014 08:00:00 PM,1,1,0
11/15/2014 09:00:00 PM,4,4,0
11/15/2014 10:00:00 PM,2,2,0
11/15/2014 11:00:00 PM,1,0,1
11/16/2014 12:00:00 AM,4,0,4
11/16/2014 01:00:00 AM,1,1,0
11/16/2014 02:00:00 AM,3,1,2
11/16/2014 03:00:00 AM,2,1,1
11/16/2014 04:00:00 AM,1,1,0
11/16/2014 05:00:00 AM,3,0,3
11/16/2014 06:00:00 AM,3,1,2
11/16/2014 07:00:00 AM,8,4,4
11/16/2014 08:00:00 AM,9,4,5
11/16/2014 09:00:00 AM,16,8,8
11/16/2014 10:00:00 AM,18,3,15
11/16/2014 11:00:00 AM,22,10,12
11/16/2014 12:00:00 PM,20,14,6
11/16/2014 01:00:00 PM,30,16,14
11/16/2014 02:00:00 PM,48,31,17
11/16/2014 03:00:00 PM,40,16,24
11/16/2014 04:00:00 PM,18,9,9
11/16/2014 05:00:00 PM,15,7,8
11/16/2014 06:00:00 PM,5,5,0
11/16/2014 07:00:00 PM,4,2,2
11/16/2014 08:00:00 PM,2,1,1
11/16/2014 09:00:00 PM,3,2,1
11/16/2014 10:00:00 PM,3,2,1
11/16/2014 11:00:00 PM,2,1,1
11/17/2014 12:00:00 AM,1,1,0
11/17/2014 01:00:00 AM,0,0,0
11/17/2014 02:00:00 AM,0,0,0
11/17/2014 03:00:00 AM,2,1,1
11/17/2014 04:00:00 AM,4,2,2
11/17/2014 05:00:00 AM,23,4,19
11/17/2014 06:00:00 AM,60,12,48
11/17/2014 07:00:00 AM,101,10,91
11/17/2014 08:00:00 AM,98,8,90
11/17/2014 09:00:00 AM,35,2,33
11/17/2014 10:00:00 AM,16,4,12
11/17/2014 11:00:00 AM,8,4,4
11/17/2014 12:00:00 PM,11,5,6
11/17/2014 01:00:00 PM,19,7,12
11/17/2014 02:00:00 PM,31,19,12
11/17/2014 03:00:00 PM,37,27,10
11/17/2014 04:00:00 PM,80,68,12
11/17/2014 05:00:00 PM,116,102,14
11/17/2014 06:00:00 PM,59,57,2
11/17/2014 07:00:00 PM,24,21,3
11/17/2014 08:00:00 PM,14,9,5
11/17/2014 09:00:00 PM,2,1,1
11/17/2014 10:00:00 PM,5,3,2
11/17/2014 11:00:00 PM,2,1,1
11/18/2014 12:00:00 AM,3,3,0
11/18/2014 01:00:00 AM,2,1,1
11/18/2014 02:00:00 AM,3,1,2
11/18/2014 03:00:00 AM,0,0,0
11/18/2014 04:00:00 AM,0,0,0
11/18/2014 05:00:00 AM,19,3,16
11/18/2014 06:00:00 AM,52,6,46
11/18/2014 07:00:00 AM,102,16,86
11/18/2014 08:00:00 AM,94,9,85
11/18/2014 09:00:00 AM,43,6,37
11/18/2014 10:00:00 AM,19,7,12
11/18/2014 11:00:00 AM,11,6,5
11/18/2014 12:00:00 PM,20,6,14
11/18/2014 01:00:00 PM,16,6,10
11/18/2014 02:00:00 PM,21,15,6
11/18/2014 03:00:00 PM,33,27,6
11/18/2014 04:00:00 PM,67,52,15
11/18/2014 05:00:00 PM,102,89,13
11/18/2014 06:00:00 PM,68,59,9
11/18/2014 07:00:00 PM,24,22,2
11/18/2014 08:00:00 PM,18,12,6
11/18/2014 09:00:00 PM,7,5,2
11/18/2014 10:00:00 PM,3,3,0
11/18/2014 11:00:00 PM,3,0,3
11/19/2014 12:00:00 AM,1,1,0
11/19/2014 01:00:00 AM,1,1,0
11/19/2014 02:00:00 AM,5,1,4
11/19/2014 03:00:00 AM,1,1,0
11/19/2014 04:00:00 AM,3,1,2
11/19/2014 05:00:00 AM,20,3,17
11/19/2014 06:00:00 AM,55,8,47
11/19/2014 07:00:00 AM,109,12,97
11/19/2014 08:00:00 AM,89,8,81
11/19/2014 09:00:00 AM,34,6,28
11/19/2014 10:00:00 AM,17,5,12
11/19/2014 11:00:00 AM,24,8,16
11/19/2014 12:00:00 PM,17,6,11
11/19/2014 01:00:00 PM,21,11,10
11/19/2014 02:00:00 PM,27,16,11
11/19/2014 03:00:00 PM,40,32,8
11/19/2014 04:00:00 PM,65,52,13
11/19/2014 05:00:00 PM,100,88,12
11/19/2014 06:00:00 PM,74,65,9
11/19/2014 07:00:00 PM,20,16,4
11/19/2014 08:00:00 PM,12,8,4
11/19/2014 09:00:00 PM,20,16,4
11/19/2014 10:00:00 PM,5,3,2
11/19/2014 11:00:00 PM,8,4,4
11/20/2014 12:00:00 AM,1,1,0
11/20/2014 01:00:00 AM,0,0,0
11/20/2014 02:00:00 AM,0,0,0
11/20/2014 03:00:00 AM,4,1,3
11/20/2014 04:00:00 AM,1,0,1
11/20/2014 05:00:00 AM,20,5,15
11/20/2014 06:00:00 AM,50,6,44
11/20/2014 07:00:00 AM,102,11,91
11/20/2014 08:00:00 AM,75,3,72
11/20/2014 09:00:00 AM,50,14,36
11/20/2014 10:00:00 AM,13,2,11
11/20/2014 11:00:00 AM,15,7,8
11/20/2014 12:00:00 PM,9,3,6
11/20/2014 01:00:00 PM,16,8,8
11/20/2014 02:00:00 PM,18,10,8
11/20/2014 03:00:00 PM,30,23,7
11/20/2014 04:00:00 PM,52,45,7
11/20/2014 05:00:00 PM,101,89,12
11/20/2014 06:00:00 PM,67,55,12
11/20/2014 07:00:00 PM,23,19,4
11/20/2014 08:00:00 PM,16,13,3
11/20/2014 09:00:00 PM,12,9,3
11/20/2014 10:00:00 PM,6,5,1
11/20/2014 11:00:00 PM,14,10,4
11/21/2014 12:00:00 AM,0,0,0
11/21/2014 01:00:00 AM,8,1,7
11/21/2014 02:00:00 AM,2,1,1
11/21/2014 03:00:00 AM,4,1,3
11/21/2014 04:00:00 AM,0,0,0
11/21/2014 05:00:00 AM,18,2,16
11/21/2014 06:00:00 AM,30,6,24
11/21/2014 07:00:00 AM,62,6,56
11/21/2014 08:00:00 AM,69,11,58
11/21/2014 09:00:00 AM,29,3,26
11/21/2014 10:00:00 AM,8,1,7
11/21/2014 11:00:00 AM,5,1,4
11/21/2014 12:00:00 PM,4,2,2
11/21/2014 01:00:00 PM,11,6,5
11/21/2014 02:00:00 PM,5,3,2
11/21/2014 03:00:00 PM,19,15,4
11/21/2014 04:00:00 PM,37,28,9
11/21/2014 05:00:00 PM,51,43,8
11/21/2014 06:00:00 PM,36,35,1
11/21/2014 07:00:00 PM,15,10,5
11/21/2014 08:00:00 PM,13,11,2
11/21/2014 09:00:00 PM,5,2,3
11/21/2014 10:00:00 PM,1,0,1
11/21/2014 11:00:00 PM,4,3,1
11/22/2014 12:00:00 AM,1,1,0
11/22/2014 01:00:00 AM,2,1,1
11/22/2014 02:00:00 AM,2,1,1
11/22/2014 03:00:00 AM,0,0,0
11/22/2014 04:00:00 AM,1,1,0
11/22/2014 05:00:00 AM,6,0,6
11/22/2014 06:00:00 AM,4,1,3
11/22/2014 07:00:00 AM,5,0,5
11/22/2014 08:00:00 AM,10,5,5
11/22/2014 09:00:00 AM,15,4,11
11/22/2014 10:00:00 AM,9,2,7
11/22/2014 11:00:00 AM,18,10,8
11/22/2014 12:00:00 PM,19,11,8
11/22/2014 01:00:00 PM,12,6,6
11/22/2014 02:00:00 PM,36,18,18
11/22/2014 03:00:00 PM,26,17,9
11/22/2014 04:00:00 PM,25,15,10
11/22/2014 05:00:00 PM,15,10,5
11/22/2014 06:00:00 PM,7,4,3
11/22/2014 07:00:00 PM,5,2,3
11/22/2014 08:00:00 PM,3,1,2
11/22/2014 09:00:00 PM,5,1,4
11/22/2014 10:00:00 PM,3,2,1
11/22/2014 11:00:00 PM,2,0,2
11/23/2014 12:00:00 AM,5,5,0
11/23/2014 01:00:00 AM,0,0,0
11/23/2014 02:00:00 AM,2,2,0
11/23/2014 03:00:00 AM,1,0,1
11/23/2014 04:00:00 AM,2,2,0
11/23/2014 05:00:00 AM,8,1,7
11/23/2014 06:00:00 AM,3,2,1
11/23/2014 07:00:00 AM,1,1,0
11/23/2014 08:00:00 AM,4,1,3
11/23/2014 09:00:00 AM,6,2,4
11/23/2014 10:00:00 AM,5,2,3
11/23/2014 11:00:00 AM,13,4,9
11/23/2014 12:00:00 PM,23,8,15
11/23/2014 01:00:00 PM,18,10,8
11/23/2014 02:00:00 PM,32,20,12
11/23/2014 03:00:00 PM,30,14,16
11/23/2014 04:00:00 PM,32,18,14
11/23/2014 05:00:00 PM,24,11,13
11/23/2014 06:00:00 PM,7,4,3
11/23/2014 07:00:00 PM,6,4,2
11/23/2014 08:00:00 PM,2,1,1
11/23/2014 09:00:00 PM,2,1,1
11/23/2014 10:00:00 PM,2,2,0
11/23/2014 11:00:00 PM,2,0,2
11/24/2014 12:00:00 AM,2,1,1
11/24/2014 01:00:00 AM,0,0,0
11/24/2014 02:00:00 AM,1,0,1
11/24/2014 03:00:00 AM,1,0,1
11/24/2014 04:00:00 AM,4,0,4
11/24/2014 05:00:00 AM,20,4,16
11/24/2014 06:00:00 AM,46,6,40
11/24/2014 07:00:00 AM,108,13,95
11/24/2014 08:00:00 AM,76,6,70
11/24/2014 09:00:00 AM,46,7,39
11/24/2014 10:00:00 AM,11,0,11
11/24/2014 11:00:00 AM,13,4,9
11/24/2014 12:00:00 PM,12,9,3
11/24/2014 01:00:00 PM,13,4,9
11/24/2014 02:00:00 PM,23,12,11
11/24/2014 03:00:00 PM,29,24,5
11/24/2014 04:00:00 PM,54,45,9
11/24/2014 05:00:00 PM,95,82,13
11/24/2014 06:00:00 PM,62,58,4
11/24/2014 07:00:00 PM,17,14,3
11/24/2014 08:00:00 PM,9,5,4
11/24/2014 09:00:00 PM,6,5,1
11/24/2014 10:00:00 PM,2,1,1
11/24/2014 11:00:00 PM,6,4,2
11/25/2014 12:00:00 AM,1,1,0
11/25/2014 01:00:00 AM,2,1,1
11/25/2014 02:00:00 AM,0,0,0
11/25/2014 03:00:00 AM,5,2,3
11/25/2014 04:00:00 AM,1,0,1
11/25/2014 05:00:00 AM,12,2,10
11/25/2014 06:00:00 AM,28,3,25
11/25/2014 07:00:00 AM,77,5,72
11/25/2014 08:00:00 AM,64,3,61
11/25/2014 09:00:00 AM,33,1,32
11/25/2014 10:00:00 AM,15,2,13
11/25/2014 11:00:00 AM,9,3,6
11/25/2014 12:00:00 PM,6,3,3
11/25/2014 01:00:00 PM,10,4,6
11/25/2014 02:00:00 PM,13,8,5
11/25/2014 03:00:00 PM,23,15,8
11/25/2014 04:00:00 PM,36,32,4
11/25/2014 05:00:00 PM,88,75,13
11/25/2014 06:00:00 PM,42,37,5
11/25/2014 07:00:00 PM,19,18,1
11/25/2014 08:00:00 PM,5,3,2
11/25/2014 09:00:00 PM,8,7,1
11/25/2014 10:00:00 PM,3,2,1
11/25/2014 11:00:00 PM,2,2,0
11/26/2014 12:00:00 AM,2,1,1
11/26/2014 01:00:00 AM,0,0,0
11/26/2014 02:00:00 AM,0,0,0
11/26/2014 03:00:00 AM,0,0,0
11/26/2014 04:00:00 AM,2,0,2
11/26/2014 05:00:00 AM,23,4,19
11/26/2014 06:00:00 AM,48,5,43
11/26/2014 07:00:00 AM,99,13,86
11/26/2014 08:00:00 AM,110,10,100
11/26/2014 09:00:00 AM,45,5,40
11/26/2014 10:00:00 AM,23,7,16
11/26/2014 11:00:00 AM,19,7,12
11/26/2014 12:00:00 PM,23,12,11
11/26/2014 01:00:00 PM,23,9,14
11/26/2014 02:00:00 PM,27,16,11
11/26/2014 03:00:00 PM,42,30,12
11/26/2014 04:00:00 PM,72,56,16
11/26/2014 05:00:00 PM,113,95,18
11/26/2014 06:00:00 PM,71,61,10
11/26/2014 07:00:00 PM,20,17,3
11/26/2014 08:00:00 PM,17,12,5
11/26/2014 09:00:00 PM,16,12,4
11/26/2014 10:00:00 PM,8,6,2
11/26/2014 11:00:00 PM,6,4,2
11/27/2014 12:00:00 AM,1,1,0
11/27/2014 01:00:00 AM,1,0,1
11/27/2014 02:00:00 AM,2,1,1
11/27/2014 03:00:00 AM,2,0,2
11/27/2014 04:00:00 AM,1,1,0
11/27/2014 05:00:00 AM,4,0,4
11/27/2014 06:00:00 AM,4,0,4
11/27/2014 07:00:00 AM,5,3,2
11/27/2014 08:00:00 AM,13,4,9
11/27/2014 09:00:00 AM,17,6,11
11/27/2014 10:00:00 AM,11,4,7
11/27/2014 11:00:00 AM,16,13,3
11/27/2014 12:00:00 PM,15,8,7
11/27/2014 01:00:00 PM,22,12,10
11/27/2014 02:00:00 PM,6,3,3
11/27/2014 03:00:00 PM,15,9,6
11/27/2014 04:00:00 PM,8,3,5
11/27/2014 05:00:00 PM,1,0,1
11/27/2014 06:00:00 PM,5,3,2
11/27/2014 07:00:00 PM,6,0,6
11/27/2014 08:00:00 PM,5,3,2
11/27/2014 09:00:00 PM,2,1,1
11/27/2014 10:00:00 PM,2,1,1
11/27/2014 11:00:00 PM,5,1,4
11/28/2014 12:00:00 AM,6,5,1
11/28/2014 01:00:00 AM,4,3,1
11/28/2014 02:00:00 AM,0,0,0
11/28/2014 03:00:00 AM,0,0,0
11/28/2014 04:00:00 AM,2,0,2
11/28/2014 05:00:00 AM,8,2,6
11/28/2014 06:00:00 AM,14,5,9
11/28/2014 07:00:00 AM,6,2,4
11/28/2014 08:00:00 AM,9,1,8
11/28/2014 09:00:00 AM,11,3,8
11/28/2014 10:00:00 AM,8,2,6
11/28/2014 11:00:00 AM,5,2,3
11/28/2014 12:00:00 PM,2,0,2
11/28/2014 01:00:00 PM,6,5,1
11/28/2014 02:00:00 PM,7,4,3
11/28/2014 03:00:00 PM,6,5,1
11/28/2014 04:00:00 PM,5,4,1
11/28/2014 05:00:00 PM,5,4,1
11/28/2014 06:00:00 PM,3,2,1
11/28/2014 07:00:00 PM,5,3,2
11/28/2014 08:00:00 PM,3,2,1
11/28/2014 09:00:00 PM,1,1,0
11/28/2014 10:00:00 PM,2,2,0
11/28/2014 11:00:00 PM,1,1,0
11/29/2014 12:00:00 AM,0,0,0
11/29/2014 01:00:00 AM,0,0,0
11/29/2014 02:00:00 AM,0,0,0
11/29/2014 03:00:00 AM,3,1,2
11/29/2014 04:00:00 AM,1,0,1
11/29/2014 05:00:00 AM,1,0,1
11/29/2014 06:00:00 AM,0,0,0
11/29/2014 07:00:00 AM,2,0,2
11/29/2014 08:00:00 AM,3,0,3
11/29/2014 09:00:00 AM,2,1,1
11/29/2014 10:00:00 AM,4,2,2
11/29/2014 11:00:00 AM,3,1,2
11/29/2014 12:00:00 PM,3,2,1
11/29/2014 01:00:00 PM,5,3,2
11/29/2014 02:00:00 PM,5,1,4
11/29/2014 03:00:00 PM,6,2,4
11/29/2014 04:00:00 PM,3,2,1
11/29/2014 05:00:00 PM,7,6,1
11/29/2014 06:00:00 PM,4,3,1
11/29/2014 07:00:00 PM,3,2,1
11/29/2014 08:00:00 PM,0,0,0
11/29/2014 09:00:00 PM,0,0,0
11/29/2014 10:00:00 PM,0,0,0
11/29/2014 11:00:00 PM,1,0,1
11/30/2014 12:00:00 AM,2,0,2
11/30/2014 01:00:00 AM,0,0,0
11/30/2014 02:00:00 AM,0,0,0
11/30/2014 03:00:00 AM,2,1,1
11/30/2014 04:00:00 AM,2,2,0
11/30/2014 05:00:00 AM,4,2,2
11/30/2014 06:00:00 AM,1,0,1
11/30/2014 07:00:00 AM,1,1,0
11/30/2014 08:00:00 AM,3,2,1
11/30/2014 09:00:00 AM,3,0,3
11/30/2014 10:00:00 AM,3,1,2
11/30/2014 11:00:00 AM,12,4,8
11/30/2014 12:00:00 PM,14,8,6
11/30/2014 01:00:00 PM,15,5,10
11/30/2014 02:00:00 PM,12,5,7
11/30/2014 03:00:00 PM,15,3,12
11/30/2014 04:00:00 PM,13,9,4
11/30/2014 05:00:00 PM,3,2,1
11/30/2014 06:00:00 PM,2,2,0
11/30/2014 07:00:00 PM,2,1,1
11/30/2014 08:00:00 PM,3,3,0
11/30/2014 09:00:00 PM,9,5,4
11/30/2014 10:00:00 PM,2,1,1
11/30/2014 11:00:00 PM,1,1,0
12/01/2014 12:00:00 AM,0,0,0
12/01/2014 01:00:00 AM,0,0,0
12/01/2014 02:00:00 AM,1,0,1
12/01/2014 03:00:00 AM,2,1,1
12/01/2014 04:00:00 AM,3,0,3
12/01/2014 05:00:00 AM,11,1,10
12/01/2014 06:00:00 AM,23,4,19
12/01/2014 07:00:00 AM,54,11,43
12/01/2014 08:00:00 AM,59,3,56
12/01/2014 09:00:00 AM,19,5,14
12/01/2014 10:00:00 AM,4,1,3
12/01/2014 11:00:00 AM,14,10,4
12/01/2014 12:00:00 PM,22,7,15
12/01/2014 01:00:00 PM,8,3,5
12/01/2014 02:00:00 PM,12,4,8
12/01/2014 03:00:00 PM,18,13,5
12/01/2014 04:00:00 PM,36,26,10
12/01/2014 05:00:00 PM,68,59,9
12/01/2014 06:00:00 PM,43,40,3
12/01/2014 07:00:00 PM,10,9,1
12/01/2014 08:00:00 PM,5,4,1
12/01/2014 09:00:00 PM,5,3,2
12/01/2014 10:00:00 PM,4,1,3
12/01/2014 11:00:00 PM,1,0,1
12/02/2014 12:00:00 AM,1,1,0
12/02/2014 01:00:00 AM,1,1,0
12/02/2014 02:00:00 AM,1,0,1
12/02/2014 03:00:00 AM,3,3,0
12/02/2014 04:00:00 AM,0,0,0
12/02/2014 05:00:00 AM,13,2,11
12/02/2014 06:00:00 AM,41,4,37
12/02/2014 07:00:00 AM,64,8,56
12/02/2014 08:00:00 AM,71,9,62
12/02/2014 09:00:00 AM,30,3,27
12/02/2014 10:00:00 AM,8,3,5
12/02/2014 11:00:00 AM,8,4,4
12/02/2014 12:00:00 PM,12,7,5
12/02/2014 01:00:00 PM,15,7,8
12/02/2014 02:00:00 PM,16,10,6
12/02/2014 03:00:00 PM,16,15,1
12/02/2014 04:00:00 PM,52,39,13
12/02/2014 05:00:00 PM,87,77,10
12/02/2014 06:00:00 PM,39,35,4
12/02/2014 07:00:00 PM,16,14,2
12/02/2014 08:00:00 PM,6,5,1
12/02/2014 09:00:00 PM,5,4,1
12/02/2014 10:00:00 PM,1,0,1
12/02/2014 11:00:00 PM,4,2,2
12/03/2014 12:00:00 AM,0,0,0
12/03/2014 01:00:00 AM,1,1,0
12/03/2014 02:00:00 AM,3,2,1
12/03/2014 03:00:00 AM,1,0,1
12/03/2014 04:00:00 AM,5,1,4
12/03/2014 05:00:00 AM,13,3,10
12/03/2014 06:00:00 AM,37,2,35
12/03/2014 07:00:00 AM,74,7,67
12/03/2014 08:00:00 AM,64,7,57
12/03/2014 09:00:00 AM,27,1,26
12/03/2014 10:00:00 AM,12,3,9
12/03/2014 11:00:00 AM,12,3,9
12/03/2014 12:00:00 PM,13,4,9
12/03/2014 01:00:00 PM,12,8,4
12/03/2014 02:00:00 PM,15,8,7
12/03/2014 03:00:00 PM,27,19,8
12/03/2014 04:00:00 PM,58,43,15
12/03/2014 05:00:00 PM,80,69,11
12/03/2014 06:00:00 PM,49,47,2
12/03/2014 07:00:00 PM,23,20,3
12/03/2014 08:00:00 PM,9,7,2
12/03/2014 09:00:00 PM,7,4,3
12/03/2014 10:00:00 PM,2,2,0
12/03/2014 11:00:00 PM,2,2,0
12/04/2014 12:00:00 AM,2,1,1
12/04/2014 01:00:00 AM,0,0,0
12/04/2014 02:00:00 AM,2,1,1
12/04/2014 03:00:00 AM,2,1,1
12/04/2014 04:00:00 AM,1,0,1
12/04/2014 05:00:00 AM,15,3,12
12/04/2014 06:00:00 AM,30,6,24
12/04/2014 07:00:00 AM,88,14,74
12/04/2014 08:00:00 AM,75,6,69
12/04/2014 09:00:00 AM,31,1,30
12/04/2014 10:00:00 AM,6,1,5
12/04/2014 11:00:00 AM,14,4,10
12/04/2014 12:00:00 PM,6,3,3
12/04/2014 01:00:00 PM,11,4,7
12/04/2014 02:00:00 PM,17,11,6
12/04/2014 03:00:00 PM,19,13,6
12/04/2014 04:00:00 PM,44,37,7
12/04/2014 05:00:00 PM,98,80,18
12/04/2014 06:00:00 PM,50,45,5
12/04/2014 07:00:00 PM,22,21,1
12/04/2014 08:00:00 PM,9,8,1
12/04/2014 09:00:00 PM,8,5,3
12/04/2014 10:00:00 PM,0,0,0
12/04/2014 11:00:00 PM,4,3,1
12/05/2014 12:00:00 AM,3,2,1
12/05/2014 01:00:00 AM,0,0,0
12/05/2014 02:00:00 AM,1,1,0
12/05/2014 03:00:00 AM,3,0,3
12/05/2014 04:00:00 AM,1,0,1
12/05/2014 05:00:00 AM,12,4,8
12/05/2014 06:00:00 AM,37,2,35
12/05/2014 07:00:00 AM,66,13,53
12/05/2014 08:00:00 AM,74,6,68
12/05/2014 09:00:00 AM,23,3,20
12/05/2014 10:00:00 AM,9,2,7
12/05/2014 11:00:00 AM,8,4,4
12/05/2014 12:00:00 PM,11,6,5
12/05/2014 01:00:00 PM,5,3,2
12/05/2014 02:00:00 PM,20,11,9
12/05/2014 03:00:00 PM,19,14,5
12/05/2014 04:00:00 PM,44,33,11
12/05/2014 05:00:00 PM,72,59,13
12/05/2014 06:00:00 PM,41,35,6
12/05/2014 07:00:00 PM,16,12,4
12/05/2014 08:00:00 PM,11,7,4
12/05/2014 09:00:00 PM,11,9,2
12/05/2014 10:00:00 PM,2,2,0
12/05/2014 11:00:00 PM,4,3,1
12/06/2014 12:00:00 AM,3,2,1
12/06/2014 01:00:00 AM,1,0,1
12/06/2014 02:00:00 AM,3,2,1
12/06/2014 03:00:00 AM,4,3,1
12/06/2014 04:00:00 AM,0,0,0
12/06/2014 05:00:00 AM,3,0,3
12/06/2014 06:00:00 AM,8,3,5
12/06/2014 07:00:00 AM,16,10,6
12/06/2014 08:00:00 AM,19,8,11
12/06/2014 09:00:00 AM,20,8,12
12/06/2014 10:00:00 AM,18,11,7
12/06/2014 11:00:00 AM,21,12,9
12/06/2014 12:00:00 PM,17,8,9
12/06/2014 01:00:00 PM,20,10,10
12/06/2014 02:00:00 PM,24,7,17
12/06/2014 03:00:00 PM,16,9,7
12/06/2014 04:00:00 PM,15,10,5
12/06/2014 05:00:00 PM,4,2,2
12/06/2014 06:00:00 PM,15,9,6
12/06/2014 07:00:00 PM,11,7,4
12/06/2014 08:00:00 PM,5,2,3
12/06/2014 09:00:00 PM,2,0,2
12/06/2014 10:00:00 PM,3,1,2
12/06/2014 11:00:00 PM,6,4,2
12/07/2014 12:00:00 AM,5,0,5
12/07/2014 01:00:00 AM,3,1,2
12/07/2014 02:00:00 AM,2,2,0
12/07/2014 03:00:00 AM,3,2,1
12/07/2014 04:00:00 AM,1,1,0
12/07/2014 05:00:00 AM,3,0,3
12/07/2014 06:00:00 AM,1,0,1
12/07/2014 07:00:00 AM,7,2,5
12/07/2014 08:00:00 AM,13,2,11
12/07/2014 09:00:00 AM,26,11,15
12/07/2014 10:00:00 AM,31,14,17
12/07/2014 11:00:00 AM,47,29,18
12/07/2014 12:00:00 PM,57,27,30
12/07/2014 01:00:00 PM,35,9,26
12/07/2014 02:00:00 PM,32,18,14
12/07/2014 03:00:00 PM,36,19,17
12/07/2014 04:00:00 PM,36,16,20
12/07/2014 05:00:00 PM,19,10,9
12/07/2014 06:00:00 PM,6,5,1
12/07/2014 07:00:00 PM,4,2,2
12/07/2014 08:00:00 PM,8,5,3
12/07/2014 09:00:00 PM,4,1,3
12/07/2014 10:00:00 PM,6,6,0
12/07/2014 11:00:00 PM,7,3,4
12/08/2014 12:00:00 AM,0,0,0
12/08/2014 01:00:00 AM,0,0,0
12/08/2014 02:00:00 AM,2,0,2
12/08/2014 03:00:00 AM,3,0,3
12/08/2014 04:00:00 AM,3,1,2
12/08/2014 05:00:00 AM,21,2,19
12/08/2014 06:00:00 AM,57,6,51
12/08/2014 07:00:00 AM,103,11,92
12/08/2014 08:00:00 AM,79,6,73
12/08/2014 09:00:00 AM,41,3,38
12/08/2014 10:00:00 AM,15,2,13
12/08/2014 11:00:00 AM,21,11,10
12/08/2014 12:00:00 PM,22,8,14
12/08/2014 01:00:00 PM,19,12,7
12/08/2014 02:00:00 PM,18,10,8
12/08/2014 03:00:00 PM,34,29,5
12/08/2014 04:00:00 PM,57,44,13
12/08/2014 05:00:00 PM,96,82,14
12/08/2014 06:00:00 PM,57,53,4
12/08/2014 07:00:00 PM,21,18,3
12/08/2014 08:00:00 PM,4,3,1
12/08/2014 09:00:00 PM,3,3,0
12/08/2014 10:00:00 PM,7,5,2
12/08/2014 11:00:00 PM,1,0,1
12/09/2014 12:00:00 AM,0,0,0
12/09/2014 01:00:00 AM,0,0,0
12/09/2014 02:00:00 AM,0,0,0
12/09/2014 03:00:00 AM,0,0,0
12/09/2014 04:00:00 AM,1,0,1
12/09/2014 05:00:00 AM,11,3,8
12/09/2014 06:00:00 AM,43,6,37
12/09/2014 07:00:00 AM,87,6,81
12/09/2014 08:00:00 AM,73,7,66
12/09/2014 09:00:00 AM,28,3,25
12/09/2014 10:00:00 AM,8,3,5
12/09/2014 11:00:00 AM,9,2,7
12/09/2014 12:00:00 PM,1,0,1
12/09/2014 01:00:00 PM,5,2,3
12/09/2014 02:00:00 PM,15,10,5
12/09/2014 03:00:00 PM,35,21,14
12/09/2014 04:00:00 PM,48,38,10
12/09/2014 05:00:00 PM,92,78,14
12/09/2014 06:00:00 PM,57,51,6
12/09/2014 07:00:00 PM,15,10,5
12/09/2014 08:00:00 PM,10,9,1
12/09/2014 09:00:00 PM,7,4,3
12/09/2014 10:00:00 PM,5,3,2
12/09/2014 11:00:00 PM,2,2,0
12/10/2014 12:00:00 AM,2,2,0
12/10/2014 01:00:00 AM,0,0,0
12/10/2014 02:00:00 AM,1,0,1
12/10/2014 03:00:00 AM,1,0,1
12/10/2014 04:00:00 AM,3,2,1
12/10/2014 05:00:00 AM,22,3,19
12/10/2014 06:00:00 AM,42,4,38
12/10/2014 07:00:00 AM,80,9,71
12/10/2014 08:00:00 AM,69,2,67
12/10/2014 09:00:00 AM,36,4,32
12/10/2014 10:00:00 AM,17,6,11
12/10/2014 11:00:00 AM,7,1,6
12/10/2014 12:00:00 PM,8,5,3
12/10/2014 01:00:00 PM,4,1,3
12/10/2014 02:00:00 PM,7,3,4
12/10/2014 03:00:00 PM,16,11,5
12/10/2014 04:00:00 PM,45,36,9
12/10/2014 05:00:00 PM,87,72,15
12/10/2014 06:00:00 PM,46,40,6
12/10/2014 07:00:00 PM,14,14,0
12/10/2014 08:00:00 PM,7,6,1
12/10/2014 09:00:00 PM,5,4,1
12/10/2014 10:00:00 PM,1,1,0
12/10/2014 11:00:00 PM,2,1,1
12/11/2014 12:00:00 AM,0,0,0
12/11/2014 01:00:00 AM,1,1,0
12/11/2014 02:00:00 AM,1,0,1
12/11/2014 03:00:00 AM,7,1,6
12/11/2014 04:00:00 AM,4,0,4
12/11/2014 05:00:00 AM,20,7,13
12/11/2014 06:00:00 AM,29,6,23
12/11/2014 07:00:00 AM,75,14,61
12/11/2014 08:00:00 AM,70,5,65
12/11/2014 09:00:00 AM,25,6,19
12/11/2014 10:00:00 AM,5,2,3
12/11/2014 11:00:00 AM,10,7,3
12/11/2014 12:00:00 PM,7,0,7
12/11/2014 01:00:00 PM,5,3,2
12/11/2014 02:00:00 PM,9,7,2
12/11/2014 03:00:00 PM,30,22,8
12/11/2014 04:00:00 PM,42,32,10
12/11/2014 05:00:00 PM,73,54,19
12/11/2014 06:00:00 PM,38,35,3
12/11/2014 07:00:00 PM,12,10,2
12/11/2014 08:00:00 PM,4,3,1
12/11/2014 09:00:00 PM,6,4,2
12/11/2014 10:00:00 PM,17,14,3
12/11/2014 11:00:00 PM,2,0,2
12/12/2014 12:00:00 AM,0,0,0
12/12/2014 01:00:00 AM,0,0,0
12/12/2014 02:00:00 AM,0,0,0
12/12/2014 03:00:00 AM,3,2,1
12/12/2014 04:00:00 AM,3,1,2
12/12/2014 05:00:00 AM,20,4,16
12/12/2014 06:00:00 AM,22,3,19
12/12/2014 07:00:00 AM,76,12,64
12/12/2014 08:00:00 AM,70,5,65
12/12/2014 09:00:00 AM,29,4,25
12/12/2014 10:00:00 AM,14,5,9
12/12/2014 11:00:00 AM,10,4,6
12/12/2014 12:00:00 PM,16,6,10
12/12/2014 01:00:00 PM,23,7,16
12/12/2014 02:00:00 PM,10,9,1
12/12/2014 03:00:00 PM,30,18,12
12/12/2014 04:00:00 PM,60,48,12
12/12/2014 05:00:00 PM,85,71,14
12/12/2014 06:00:00 PM,52,46,6
12/12/2014 07:00:00 PM,13,11,2
12/12/2014 08:00:00 PM,10,7,3
12/12/2014 09:00:00 PM,3,2,1
12/12/2014 10:00:00 PM,1,1,0
12/12/2014 11:00:00 PM,4,3,1
12/13/2014 12:00:00 AM,3,3,0
12/13/2014 01:00:00 AM,1,1,0
12/13/2014 02:00:00 AM,0,0,0
12/13/2014 03:00:00 AM,3,3,0
12/13/2014 04:00:00 AM,1,1,0
12/13/2014 05:00:00 AM,2,0,2
12/13/2014 06:00:00 AM,12,1,11
12/13/2014 07:00:00 AM,9,3,6
12/13/2014 08:00:00 AM,17,3,14
12/13/2014 09:00:00 AM,15,8,7
12/13/2014 10:00:00 AM,19,8,11
12/13/2014 11:00:00 AM,39,20,19
12/13/2014 12:00:00 PM,37,20,17
12/13/2014 01:00:00 PM,63,25,38
12/13/2014 02:00:00 PM,38,15,23
12/13/2014 03:00:00 PM,30,16,14
12/13/2014 04:00:00 PM,23,13,10
12/13/2014 05:00:00 PM,14,8,6
12/13/2014 06:00:00 PM,18,9,9
12/13/2014 07:00:00 PM,2,2,0
12/13/2014 08:00:00 PM,2,1,1
12/13/2014 09:00:00 PM,9,4,5
12/13/2014 10:00:00 PM,4,4,0
12/13/2014 11:00:00 PM,2,2,0
12/14/2014 12:00:00 AM,0,0,0
12/14/2014 01:00:00 AM,6,1,5
12/14/2014 02:00:00 AM,2,2,0
12/14/2014 03:00:00 AM,2,1,1
12/14/2014 04:00:00 AM,1,1,0
12/14/2014 05:00:00 AM,3,0,3
12/14/2014 06:00:00 AM,6,2,4
12/14/2014 07:00:00 AM,1,0,1
12/14/2014 08:00:00 AM,12,1,11
12/14/2014 09:00:00 AM,39,8,31
12/14/2014 10:00:00 AM,31,18,13
12/14/2014 11:00:00 AM,42,23,19
12/14/2014 12:00:00 PM,51,25,26
12/14/2014 01:00:00 PM,52,28,24
12/14/2014 02:00:00 PM,36,14,22
12/14/2014 03:00:00 PM,40,23,17
12/14/2014 04:00:00 PM,25,13,12
12/14/2014 05:00:00 PM,25,16,9
12/14/2014 06:00:00 PM,7,5,2
12/14/2014 07:00:00 PM,1,1,0
12/14/2014 08:00:00 PM,8,8,0
12/14/2014 09:00:00 PM,3,0,3
12/14/2014 10:00:00 PM,4,1,3
12/14/2014 11:00:00 PM,5,2,3
12/15/2014 12:00:00 AM,2,0,2
12/15/2014 01:00:00 AM,1,0,1
12/15/2014 02:00:00 AM,0,0,0
12/15/2014 03:00:00 AM,0,0,0
12/15/2014 04:00:00 AM,3,0,3
12/15/2014 05:00:00 AM,22,4,18
12/15/2014 06:00:00 AM,47,5,42
12/15/2014 07:00:00 AM,99,12,87
12/15/2014 08:00:00 AM,79,5,74
12/15/2014 09:00:00 AM,40,3,37
12/15/2014 10:00:00 AM,15,3,12
12/15/2014 11:00:00 AM,12,5,7
12/15/2014 12:00:00 PM,16,7,9
12/15/2014 01:00:00 PM,19,5,14
12/15/2014 02:00:00 PM,23,15,8
12/15/2014 03:00:00 PM,34,25,9
12/15/2014 04:00:00 PM,59,46,13
12/15/2014 05:00:00 PM,114,100,14
12/15/2014 06:00:00 PM,61,58,3
12/15/2014 07:00:00 PM,21,19,2
12/15/2014 08:00:00 PM,11,7,4
12/15/2014 09:00:00 PM,5,3,2
12/15/2014 10:00:00 PM,6,6,0
12/15/2014 11:00:00 PM,5,1,4
12/16/2014 12:00:00 AM,0,0,0
12/16/2014 01:00:00 AM,1,1,0
12/16/2014 02:00:00 AM,0,0,0
12/16/2014 03:00:00 AM,1,0,1
12/16/2014 04:00:00 AM,3,1,2
12/16/2014 05:00:00 AM,21,6,15
12/16/2014 06:00:00 AM,67,13,54
12/16/2014 07:00:00 AM,89,15,74
12/16/2014 08:00:00 AM,99,8,91
12/16/2014 09:00:00 AM,41,9,32
12/16/2014 10:00:00 AM,18,4,14
12/16/2014 11:00:00 AM,14,8,6
12/16/2014 12:00:00 PM,19,8,11
12/16/2014 01:00:00 PM,13,4,9
12/16/2014 02:00:00 PM,17,11,6
12/16/2014 03:00:00 PM,25,15,10
12/16/2014 04:00:00 PM,67,56,11
12/16/2014 05:00:00 PM,121,107,14
12/16/2014 06:00:00 PM,58,55,3
12/16/2014 07:00:00 PM,22,19,3
12/16/2014 08:00:00 PM,7,6,1
12/16/2014 09:00:00 PM,8,4,4
12/16/2014 10:00:00 PM,5,3,2
12/16/2014 11:00:00 PM,4,1,3
12/17/2014 12:00:00 AM,5,4,1
12/17/2014 01:00:00 AM,1,1,0
12/17/2014 02:00:00 AM,4,2,2
12/17/2014 03:00:00 AM,2,0,2
12/17/2014 04:00:00 AM,4,2,2
12/17/2014 05:00:00 AM,19,5,14
12/17/2014 06:00:00 AM,46,7,39
12/17/2014 07:00:00 AM,78,10,68
12/17/2014 08:00:00 AM,80,6,74
12/17/2014 09:00:00 AM,29,1,28
12/17/2014 10:00:00 AM,9,3,6
12/17/2014 11:00:00 AM,11,4,7
12/17/2014 12:00:00 PM,13,6,7
12/17/2014 01:00:00 PM,16,7,9
12/17/2014 02:00:00 PM,12,8,4
12/17/2014 03:00:00 PM,20,16,4
12/17/2014 04:00:00 PM,59,49,10
12/17/2014 05:00:00 PM,101,83,18
12/17/2014 06:00:00 PM,42,38,4
12/17/2014 07:00:00 PM,14,13,1
12/17/2014 08:00:00 PM,12,10,2
12/17/2014 09:00:00 PM,4,4,0
12/17/2014 10:00:00 PM,0,0,0
12/17/2014 11:00:00 PM,1,0,1
12/18/2014 12:00:00 AM,0,0,0
12/18/2014 01:00:00 AM,0,0,0
12/18/2014 02:00:00 AM,1,0,1
12/18/2014 03:00:00 AM,2,0,2
12/18/2014 04:00:00 AM,1,0,1
12/18/2014 05:00:00 AM,22,6,16
12/18/2014 06:00:00 AM,46,11,35
12/18/2014 07:00:00 AM,80,12,68
12/18/2014 08:00:00 AM,77,10,67
12/18/2014 09:00:00 AM,49,8,41
12/18/2014 10:00:00 AM,11,3,8
12/18/2014 11:00:00 AM,9,3,6
12/18/2014 12:00:00 PM,12,4,8
12/18/2014 01:00:00 PM,7,6,1
12/18/2014 02:00:00 PM,10,10,0
12/18/2014 03:00:00 PM,24,16,8
12/18/2014 04:00:00 PM,42,33,9
12/18/2014 05:00:00 PM,86,72,14
12/18/2014 06:00:00 PM,50,42,8
12/18/2014 07:00:00 PM,24,21,3
12/18/2014 08:00:00 PM,7,5,2
12/18/2014 09:00:00 PM,4,3,1
12/18/2014 10:00:00 PM,6,4,2
12/18/2014 11:00:00 PM,3,1,2
12/19/2014 12:00:00 AM,0,0,0
12/19/2014 01:00:00 AM,3,3,0
12/19/2014 02:00:00 AM,1,0,1
12/19/2014 03:00:00 AM,1,0,1
12/19/2014 04:00:00 AM,3,1,2
12/19/2014 05:00:00 AM,19,5,14
12/19/2014 06:00:00 AM,30,7,23
12/19/2014 07:00:00 AM,68,7,61
12/19/2014 08:00:00 AM,49,1,48
12/19/2014 09:00:00 AM,15,1,14
12/19/2014 10:00:00 AM,12,3,9
12/19/2014 11:00:00 AM,10,3,7
12/19/2014 12:00:00 PM,18,8,10
12/19/2014 01:00:00 PM,22,13,9
12/19/2014 02:00:00 PM,19,11,8
12/19/2014 03:00:00 PM,31,20,11
12/19/2014 04:00:00 PM,59,45,14
12/19/2014 05:00:00 PM,61,49,12
12/19/2014 06:00:00 PM,39,36,3
12/19/2014 07:00:00 PM,12,9,3
12/19/2014 08:00:00 PM,9,8,1
12/19/2014 09:00:00 PM,9,4,5
12/19/2014 10:00:00 PM,6,4,2
12/19/2014 11:00:00 PM,3,1,2
12/20/2014 12:00:00 AM,2,2,0
12/20/2014 01:00:00 AM,0,0,0
12/20/2014 02:00:00 AM,3,2,1
12/20/2014 03:00:00 AM,0,0,0
12/20/2014 04:00:00 AM,0,0,0
12/20/2014 05:00:00 AM,2,1,1
12/20/2014 06:00:00 AM,5,2,3
12/20/2014 07:00:00 AM,2,1,1
12/20/2014 08:00:00 AM,10,4,6
12/20/2014 09:00:00 AM,12,6,6
12/20/2014 10:00:00 AM,4,3,1
12/20/2014 11:00:00 AM,8,6,2
12/20/2014 12:00:00 PM,3,2,1
12/20/2014 01:00:00 PM,6,2,4
12/20/2014 02:00:00 PM,4,1,3
12/20/2014 03:00:00 PM,6,3,3
12/20/2014 04:00:00 PM,45,42,3
12/20/2014 05:00:00 PM,11,8,3
12/20/2014 06:00:00 PM,2,1,1
12/20/2014 07:00:00 PM,4,2,2
12/20/2014 08:00:00 PM,2,2,0
12/20/2014 09:00:00 PM,6,1,5
12/20/2014 10:00:00 PM,8,3,5
12/20/2014 11:00:00 PM,8,3,5
12/21/2014 12:00:00 AM,5,0,5
12/21/2014 01:00:00 AM,18,1,17
12/21/2014 02:00:00 AM,6,1,5
12/21/2014 03:00:00 AM,2,0,2
12/21/2014 04:00:00 AM,2,1,1
12/21/2014 05:00:00 AM,5,1,4
12/21/2014 06:00:00 AM,3,2,1
12/21/2014 07:00:00 AM,7,3,4
12/21/2014 08:00:00 AM,6,1,5
12/21/2014 09:00:00 AM,13,6,7
12/21/2014 10:00:00 AM,18,5,13
12/21/2014 11:00:00 AM,27,16,11
12/21/2014 12:00:00 PM,27,11,16
12/21/2014 01:00:00 PM,27,18,9
12/21/2014 02:00:00 PM,29,14,15
12/21/2014 03:00:00 PM,38,15,23
12/21/2014 04:00:00 PM,14,8,6
12/21/2014 05:00:00 PM,12,5,7
12/21/2014 06:00:00 PM,4,4,0
12/21/2014 07:00:00 PM,8,3,5
12/21/2014 08:00:00 PM,0,0,0
12/21/2014 09:00:00 PM,6,2,4
12/21/2014 10:00:00 PM,8,5,3
12/21/2014 11:00:00 PM,3,1,2
12/22/2014 12:00:00 AM,1,1,0
12/22/2014 01:00:00 AM,2,2,0
12/22/2014 02:00:00 AM,3,1,2
12/22/2014 03:00:00 AM,3,2,1
12/22/2014 04:00:00 AM,3,1,2
12/22/2014 05:00:00 AM,13,2,11
12/22/2014 06:00:00 AM,43,8,35
12/22/2014 07:00:00 AM,75,10,65
12/22/2014 08:00:00 AM,73,9,64
12/22/2014 09:00:00 AM,29,6,23
12/22/2014 10:00:00 AM,21,8,13
12/22/2014 11:00:00 AM,17,8,9
12/22/2014 12:00:00 PM,26,17,9
12/22/2014 01:00:00 PM,15,6,9
12/22/2014 02:00:00 PM,35,14,21
12/22/2014 03:00:00 PM,23,16,7
12/22/2014 04:00:00 PM,60,48,12
12/22/2014 05:00:00 PM,74,65,9
12/22/2014 06:00:00 PM,36,32,4
12/22/2014 07:00:00 PM,18,14,4
12/22/2014 08:00:00 PM,8,6,2
12/22/2014 09:00:00 PM,5,5,0
12/22/2014 10:00:00 PM,4,3,1
12/22/2014 11:00:00 PM,2,2,0
12/23/2014 12:00:00 AM,0,0,0
12/23/2014 01:00:00 AM,2,2,0
12/23/2014 02:00:00 AM,0,0,0
12/23/2014 03:00:00 AM,3,1,2
12/23/2014 04:00:00 AM,0,0,0
12/23/2014 05:00:00 AM,18,9,9
12/23/2014 06:00:00 AM,30,1,29
12/23/2014 07:00:00 AM,54,7,47
12/23/2014 08:00:00 AM,49,5,44
12/23/2014 09:00:00 AM,29,7,22
12/23/2014 10:00:00 AM,22,10,12
12/23/2014 11:00:00 AM,10,7,3
12/23/2014 12:00:00 PM,9,2,7
12/23/2014 01:00:00 PM,10,6,4
12/23/2014 02:00:00 PM,15,10,5
12/23/2014 03:00:00 PM,20,15,5
12/23/2014 04:00:00 PM,35,29,6
12/23/2014 05:00:00 PM,52,46,6
12/23/2014 06:00:00 PM,21,19,2
12/23/2014 07:00:00 PM,3,3,0
12/23/2014 08:00:00 PM,1,1,0
12/23/2014 09:00:00 PM,0,0,0
12/23/2014 10:00:00 PM,1,1,0
12/23/2014 11:00:00 PM,2,2,0
12/24/2014 12:00:00 AM,0,0,0
12/24/2014 01:00:00 AM,0,0,0
12/24/2014 02:00:00 AM,1,1,0
12/24/2014 03:00:00 AM,0,0,0
12/24/2014 04:00:00 AM,1,1,0
12/24/2014 05:00:00 AM,4,2,2
12/24/2014 06:00:00 AM,16,4,12
12/24/2014 07:00:00 AM,18,2,16
12/24/2014 08:00:00 AM,16,3,13
12/24/2014 09:00:00 AM,11,2,9
12/24/2014 10:00:00 AM,7,4,3
12/24/2014 11:00:00 AM,9,5,4
12/24/2014 12:00:00 PM,10,5,5
12/24/2014 01:00:00 PM,19,14,5
12/24/2014 02:00:00 PM,18,12,6
12/24/2014 03:00:00 PM,27,20,7
12/24/2014 04:00:00 PM,17,11,6
12/24/2014 05:00:00 PM,16,14,2
12/24/2014 06:00:00 PM,6,5,1
12/24/2014 07:00:00 PM,0,0,0
12/24/2014 08:00:00 PM,5,0,5
12/24/2014 09:00:00 PM,2,0,2
12/24/2014 10:00:00 PM,0,0,0
12/24/2014 11:00:00 PM,2,0,2
12/25/2014 12:00:00 AM,1,1,0
12/25/2014 01:00:00 AM,0,0,0
12/25/2014 02:00:00 AM,1,0,1
12/25/2014 03:00:00 AM,0,0,0
12/25/2014 04:00:00 AM,0,0,0
12/25/2014 05:00:00 AM,2,0,2
12/25/2014 06:00:00 AM,5,2,3
12/25/2014 07:00:00 AM,0,0,0
12/25/2014 08:00:00 AM,10,5,5
12/25/2014 09:00:00 AM,7,3,4
12/25/2014 10:00:00 AM,12,8,4
12/25/2014 11:00:00 AM,29,18,11
12/25/2014 12:00:00 PM,38,14,24
12/25/2014 01:00:00 PM,18,9,9
12/25/2014 02:00:00 PM,37,13,24
12/25/2014 03:00:00 PM,23,9,14
12/25/2014 04:00:00 PM,19,9,10
12/25/2014 05:00:00 PM,6,2,4
12/25/2014 06:00:00 PM,1,1,0
12/25/2014 07:00:00 PM,2,1,1
12/25/2014 08:00:00 PM,0,0,0
12/25/2014 09:00:00 PM,4,2,2
12/25/2014 10:00:00 PM,4,4,0
12/25/2014 11:00:00 PM,1,0,1
12/26/2014 12:00:00 AM,1,1,0
12/26/2014 01:00:00 AM,0,0,0
12/26/2014 02:00:00 AM,0,0,0
12/26/2014 03:00:00 AM,1,0,1
12/26/2014 04:00:00 AM,6,1,5
12/26/2014 05:00:00 AM,7,2,5
12/26/2014 06:00:00 AM,9,1,8
12/26/2014 07:00:00 AM,17,4,13
12/26/2014 08:00:00 AM,20,5,15
12/26/2014 09:00:00 AM,28,10,18
12/26/2014 10:00:00 AM,22,15,7
12/26/2014 11:00:00 AM,16,6,10
12/26/2014 12:00:00 PM,32,9,23
12/26/2014 01:00:00 PM,19,10,9
12/26/2014 02:00:00 PM,26,12,14
12/26/2014 03:00:00 PM,23,13,10
12/26/2014 04:00:00 PM,26,19,7
12/26/2014 05:00:00 PM,17,15,2
12/26/2014 06:00:00 PM,15,14,1
12/26/2014 07:00:00 PM,9,6,3
12/26/2014 08:00:00 PM,3,2,1
12/26/2014 09:00:00 PM,2,1,1
12/26/2014 10:00:00 PM,2,0,2
12/26/2014 11:00:00 PM,3,2,1
12/27/2014 12:00:00 AM,2,1,1
12/27/2014 01:00:00 AM,1,1,0
12/27/2014 02:00:00 AM,4,2,2
12/27/2014 03:00:00 AM,1,1,0
12/27/2014 04:00:00 AM,4,2,2
12/27/2014 05:00:00 AM,3,0,3
12/27/2014 06:00:00 AM,3,0,3
12/27/2014 07:00:00 AM,7,4,3
12/27/2014 08:00:00 AM,7,1,6
12/27/2014 09:00:00 AM,10,0,10
12/27/2014 10:00:00 AM,13,4,9
12/27/2014 11:00:00 AM,15,7,8
12/27/2014 12:00:00 PM,20,11,9
12/27/2014 01:00:00 PM,16,12,4
12/27/2014 02:00:00 PM,8,3,5
12/27/2014 03:00:00 PM,17,8,9
12/27/2014 04:00:00 PM,15,7,8
12/27/2014 05:00:00 PM,6,3,3
12/27/2014 06:00:00 PM,7,4,3
12/27/2014 07:00:00 PM,4,1,3
12/27/2014 08:00:00 PM,1,1,0
12/27/2014 09:00:00 PM,2,1,1
12/27/2014 10:00:00 PM,1,1,0
12/27/2014 11:00:00 PM,0,0,0
12/28/2014 12:00:00 AM,1,1,0
12/28/2014 01:00:00 AM,0,0,0
12/28/2014 02:00:00 AM,2,1,1
12/28/2014 03:00:00 AM,2,0,2
12/28/2014 04:00:00 AM,2,1,1
12/28/2014 05:00:00 AM,0,0,0
12/28/2014 06:00:00 AM,4,3,1
12/28/2014 07:00:00 AM,4,1,3
12/28/2014 08:00:00 AM,7,0,7
12/28/2014 09:00:00 AM,30,14,16
12/28/2014 10:00:00 AM,29,18,11
12/28/2014 11:00:00 AM,23,12,11
12/28/2014 12:00:00 PM,21,12,9
12/28/2014 01:00:00 PM,14,7,7
12/28/2014 02:00:00 PM,17,10,7
12/28/2014 03:00:00 PM,29,14,15
12/28/2014 04:00:00 PM,10,4,6
12/28/2014 05:00:00 PM,10,5,5
12/28/2014 06:00:00 PM,7,3,4
12/28/2014 07:00:00 PM,3,1,2
12/28/2014 08:00:00 PM,4,4,0
12/28/2014 09:00:00 PM,4,3,1
12/28/2014 10:00:00 PM,1,1,0
12/28/2014 11:00:00 PM,2,2,0
12/29/2014 12:00:00 AM,0,0,0
12/29/2014 01:00:00 AM,2,1,1
12/29/2014 02:00:00 AM,2,0,2
12/29/2014 03:00:00 AM,10,5,5
12/29/2014 04:00:00 AM,0,0,0
12/29/2014 05:00:00 AM,12,4,8
12/29/2014 06:00:00 AM,35,7,28
12/29/2014 07:00:00 AM,54,4,50
12/29/2014 08:00:00 AM,57,7,50
12/29/2014 09:00:00 AM,33,3,30
12/29/2014 10:00:00 AM,12,3,9
12/29/2014 11:00:00 AM,14,5,9
12/29/2014 12:00:00 PM,12,4,8
12/29/2014 01:00:00 PM,14,7,7
12/29/2014 02:00:00 PM,18,7,11
12/29/2014 03:00:00 PM,35,30,5
12/29/2014 04:00:00 PM,42,33,9
12/29/2014 05:00:00 PM,72,62,10
12/29/2014 06:00:00 PM,38,35,3
12/29/2014 07:00:00 PM,5,5,0
12/29/2014 08:00:00 PM,6,5,1
12/29/2014 09:00:00 PM,4,1,3
12/29/2014 10:00:00 PM,3,2,1
12/29/2014 11:00:00 PM,3,3,0
12/30/2014 12:00:00 AM,0,0,0
12/30/2014 01:00:00 AM,3,3,0
12/30/2014 02:00:00 AM,3,0,3
12/30/2014 03:00:00 AM,1,0,1
12/30/2014 04:00:00 AM,3,1,2
12/30/2014 05:00:00 AM,7,0,7
12/30/2014 06:00:00 AM,24,6,18
12/30/2014 07:00:00 AM,44,3,41
12/30/2014 08:00:00 AM,45,4,41
12/30/2014 09:00:00 AM,17,4,13
12/30/2014 10:00:00 AM,10,2,8
12/30/2014 11:00:00 AM,15,7,8
12/30/2014 12:00:00 PM,19,12,7
12/30/2014 01:00:00 PM,21,10,11
12/30/2014 02:00:00 PM,19,11,8
12/30/2014 03:00:00 PM,23,15,8
12/30/2014 04:00:00 PM,42,36,6
12/30/2014 05:00:00 PM,49,43,6
12/30/2014 06:00:00 PM,29,25,4
12/30/2014 07:00:00 PM,10,6,4
12/30/2014 08:00:00 PM,4,4,0
12/30/2014 09:00:00 PM,2,2,0
12/30/2014 10:00:00 PM,1,0,1
12/30/2014 11:00:00 PM,4,4,0
12/31/2014 12:00:00 AM,1,0,1
12/31/2014 01:00:00 AM,0,0,0
12/31/2014 02:00:00 AM,0,0,0
12/31/2014 03:00:00 AM,1,0,1
12/31/2014 04:00:00 AM,5,2,3
12/31/2014 05:00:00 AM,8,1,7
12/31/2014 06:00:00 AM,21,2,19
12/31/2014 07:00:00 AM,46,8,38
12/31/2014 08:00:00 AM,40,5,35
12/31/2014 09:00:00 AM,21,2,19
12/31/2014 10:00:00 AM,8,4,4
12/31/2014 11:00:00 AM,10,4,6
12/31/2014 12:00:00 PM,21,10,11
12/31/2014 01:00:00 PM,11,4,7
12/31/2014 02:00:00 PM,35,25,10
12/31/2014 03:00:00 PM,46,35,11
12/31/2014 04:00:00 PM,45,32,13
12/31/2014 05:00:00 PM,35,27,8
12/31/2014 06:00:00 PM,16,13,3
12/31/2014 07:00:00 PM,11,9,2
12/31/2014 08:00:00 PM,3,3,0
12/31/2014 09:00:00 PM,0,0,0
12/31/2014 10:00:00 PM,2,0,2
12/31/2014 11:00:00 PM,2,0,2
01/01/2015 12:00:00 AM,0,0,0
01/01/2015 01:00:00 AM,5,4,1
01/01/2015 02:00:00 AM,2,1,1
01/01/2015 03:00:00 AM,7,4,3
01/01/2015 04:00:00 AM,2,1,1
01/01/2015 05:00:00 AM,0,0,0
01/01/2015 06:00:00 AM,1,0,1
01/01/2015 07:00:00 AM,3,1,2
01/01/2015 08:00:00 AM,3,1,2
01/01/2015 09:00:00 AM,4,2,2
01/01/2015 10:00:00 AM,6,5,1
01/01/2015 11:00:00 AM,21,6,15
01/01/2015 12:00:00 PM,21,9,12
01/01/2015 01:00:00 PM,35,15,20
01/01/2015 02:00:00 PM,30,12,18
01/01/2015 03:00:00 PM,38,19,19
01/01/2015 04:00:00 PM,13,9,4
01/01/2015 05:00:00 PM,9,5,4
01/01/2015 06:00:00 PM,10,4,6
01/01/2015 07:00:00 PM,35,32,3
01/01/2015 08:00:00 PM,1,1,0
01/01/2015 09:00:00 PM,2,1,1
01/01/2015 10:00:00 PM,3,1,2
01/01/2015 11:00:00 PM,5,1,4
01/02/2015 12:00:00 AM,2,2,0
01/02/2015 01:00:00 AM,1,0,1
01/02/2015 02:00:00 AM,1,1,0
01/02/2015 03:00:00 AM,1,0,1
01/02/2015 04:00:00 AM,4,0,4
01/02/2015 05:00:00 AM,6,3,3
01/02/2015 06:00:00 AM,22,3,19
01/02/2015 07:00:00 AM,25,2,23
01/02/2015 08:00:00 AM,38,4,34
01/02/2015 09:00:00 AM,16,3,13
01/02/2015 10:00:00 AM,9,1,8
01/02/2015 11:00:00 AM,15,10,5
01/02/2015 12:00:00 PM,11,8,3
01/02/2015 01:00:00 PM,18,5,13
01/02/2015 02:00:00 PM,9,6,3
01/02/2015 03:00:00 PM,22,21,1
01/02/2015 04:00:00 PM,34,26,8
01/02/2015 05:00:00 PM,38,35,3
01/02/2015 06:00:00 PM,13,11,2
01/02/2015 07:00:00 PM,10,8,2
01/02/2015 08:00:00 PM,4,2,2
01/02/2015 09:00:00 PM,1,0,1
01/02/2015 10:00:00 PM,1,1,0
01/02/2015 11:00:00 PM,3,3,0
01/03/2015 12:00:00 AM,1,1,0
01/03/2015 01:00:00 AM,1,0,1
01/03/2015 02:00:00 AM,1,1,0
01/03/2015 03:00:00 AM,3,2,1
01/03/2015 04:00:00 AM,2,0,2
01/03/2015 05:00:00 AM,1,0,1
01/03/2015 06:00:00 AM,6,3,3
01/03/2015 07:00:00 AM,4,1,3
01/03/2015 08:00:00 AM,8,2,6
01/03/2015 09:00:00 AM,14,5,9
01/03/2015 10:00:00 AM,21,9,12
01/03/2015 11:00:00 AM,18,8,10
01/03/2015 12:00:00 PM,26,15,11
01/03/2015 01:00:00 PM,37,20,17
01/03/2015 02:00:00 PM,12,6,6
01/03/2015 03:00:00 PM,18,8,10
01/03/2015 04:00:00 PM,11,2,9
01/03/2015 05:00:00 PM,12,9,3
01/03/2015 06:00:00 PM,4,2,2
01/03/2015 07:00:00 PM,8,5,3
01/03/2015 08:00:00 PM,3,1,2
01/03/2015 09:00:00 PM,6,3,3
01/03/2015 10:00:00 PM,4,1,3
01/03/2015 11:00:00 PM,3,2,1
01/04/2015 12:00:00 AM,1,1,0
01/04/2015 01:00:00 AM,2,1,1
01/04/2015 02:00:00 AM,0,0,0
01/04/2015 03:00:00 AM,2,1,1
01/04/2015 04:00:00 AM,2,2,0
01/04/2015 05:00:00 AM,4,0,4
01/04/2015 06:00:00 AM,6,2,4
01/04/2015 07:00:00 AM,3,3,0
01/04/2015 08:00:00 AM,6,1,5
01/04/2015 09:00:00 AM,3,3,0
01/04/2015 10:00:00 AM,7,4,3
01/04/2015 11:00:00 AM,8,3,5
01/04/2015 12:00:00 PM,5,1,4
01/04/2015 01:00:00 PM,7,5,2
01/04/2015 02:00:00 PM,3,3,0
01/04/2015 03:00:00 PM,4,4,0
01/04/2015 04:00:00 PM,9,4,5
01/04/2015 05:00:00 PM,9,1,8
01/04/2015 06:00:00 PM,4,2,2
01/04/2015 07:00:00 PM,1,1,0
01/04/2015 08:00:00 PM,3,3,0
01/04/2015 09:00:00 PM,3,0,3
01/04/2015 10:00:00 PM,1,0,1
01/04/2015 11:00:00 PM,0,0,0
01/05/2015 12:00:00 AM,1,0,1
01/05/2015 01:00:00 AM,1,0,1
01/05/2015 02:00:00 AM,0,0,0
01/05/2015 03:00:00 AM,1,1,0
01/05/2015 04:00:00 AM,1,0,1
01/05/2015 05:00:00 AM,18,5,13
01/05/2015 06:00:00 AM,45,7,38
01/05/2015 07:00:00 AM,76,8,68
01/05/2015 08:00:00 AM,76,8,68
01/05/2015 09:00:00 AM,17,0,17
01/05/2015 10:00:00 AM,10,1,9
01/05/2015 11:00:00 AM,3,1,2
01/05/2015 12:00:00 PM,2,1,1
01/05/2015 01:00:00 PM,7,2,5
01/05/2015 02:00:00 PM,13,7,6
01/05/2015 03:00:00 PM,17,12,5
01/05/2015 04:00:00 PM,38,30,8
01/05/2015 05:00:00 PM,101,81,20
01/05/2015 06:00:00 PM,55,52,3
01/05/2015 07:00:00 PM,13,10,3
01/05/2015 08:00:00 PM,4,3,1
01/05/2015 09:00:00 PM,2,2,0
01/05/2015 10:00:00 PM,1,0,1
01/05/2015 11:00:00 PM,2,2,0
01/06/2015 12:00:00 AM,0,0,0
01/06/2015 01:00:00 AM,0,0,0
01/06/2015 02:00:00 AM,2,1,1
01/06/2015 03:00:00 AM,3,1,2
01/06/2015 04:00:00 AM,3,2,1
01/06/2015 05:00:00 AM,19,2,17
01/06/2015 06:00:00 AM,61,5,56
01/06/2015 07:00:00 AM,110,18,92
01/06/2015 08:00:00 AM,122,14,108
01/06/2015 09:00:00 AM,44,8,36
01/06/2015 10:00:00 AM,21,6,15
01/06/2015 11:00:00 AM,18,8,10
01/06/2015 12:00:00 PM,20,8,12
01/06/2015 01:00:00 PM,19,8,11
01/06/2015 02:00:00 PM,20,15,5
01/06/2015 03:00:00 PM,32,25,7
01/06/2015 04:00:00 PM,87,68,19
01/06/2015 05:00:00 PM,125,112,13
01/06/2015 06:00:00 PM,76,70,6
01/06/2015 07:00:00 PM,31,23,8
01/06/2015 08:00:00 PM,8,6,2
01/06/2015 09:00:00 PM,11,9,2
01/06/2015 10:00:00 PM,6,3,3
01/06/2015 11:00:00 PM,2,1,1
01/07/2015 12:00:00 AM,0,0,0
01/07/2015 01:00:00 AM,1,0,1
01/07/2015 02:00:00 AM,0,0,0
01/07/2015 03:00:00 AM,3,0,3
01/07/2015 04:00:00 AM,3,1,2
01/07/2015 05:00:00 AM,17,2,15
01/07/2015 06:00:00 AM,72,10,62
01/07/2015 07:00:00 AM,98,12,86
01/07/2015 08:00:00 AM,110,11,99
01/07/2015 09:00:00 AM,40,5,35
01/07/2015 10:00:00 AM,15,4,11
01/07/2015 11:00:00 AM,28,13,15
01/07/2015 12:00:00 PM,18,4,14
01/07/2015 01:00:00 PM,15,6,9
01/07/2015 02:00:00 PM,24,15,9
01/07/2015 03:00:00 PM,46,38,8
01/07/2015 04:00:00 PM,66,58,8
01/07/2015 05:00:00 PM,126,107,19
01/07/2015 06:00:00 PM,88,74,14
01/07/2015 07:00:00 PM,23,19,4
01/07/2015 08:00:00 PM,9,7,2
01/07/2015 09:00:00 PM,8,5,3
01/07/2015 10:00:00 PM,5,1,4
01/07/2015 11:00:00 PM,5,5,0
01/08/2015 12:00:00 AM,3,3,0
01/08/2015 01:00:00 AM,2,1,1
01/08/2015 02:00:00 AM,3,2,1
01/08/2015 03:00:00 AM,2,1,1
01/08/2015 04:00:00 AM,3,0,3
01/08/2015 05:00:00 AM,19,4,15
01/08/2015 06:00:00 AM,50,7,43
01/08/2015 07:00:00 AM,107,16,91
01/08/2015 08:00:00 AM,94,5,89
01/08/2015 09:00:00 AM,40,3,37
01/08/2015 10:00:00 AM,18,5,13
01/08/2015 11:00:00 AM,18,7,11
01/08/2015 12:00:00 PM,25,12,13
01/08/2015 01:00:00 PM,23,11,12
01/08/2015 02:00:00 PM,35,22,13
01/08/2015 03:00:00 PM,34,25,9
01/08/2015 04:00:00 PM,75,55,20
01/08/2015 05:00:00 PM,127,110,17
01/08/2015 06:00:00 PM,55,47,8
01/08/2015 07:00:00 PM,25,21,4
01/08/2015 08:00:00 PM,18,15,3
01/08/2015 09:00:00 PM,4,2,2
01/08/2015 10:00:00 PM,5,3,2
01/08/2015 11:00:00 PM,3,2,1
01/09/2015 12:00:00 AM,3,3,0
01/09/2015 01:00:00 AM,5,5,0
01/09/2015 02:00:00 AM,2,0,2
01/09/2015 03:00:00 AM,2,0,2
01/09/2015 04:00:00 AM,4,0,4
01/09/2015 05:00:00 AM,14,2,12
01/09/2015 06:00:00 AM,52,7,45
01/09/2015 07:00:00 AM,65,10,55
01/09/2015 08:00:00 AM,104,16,88
01/09/2015 09:00:00 AM,36,5,31
01/09/2015 10:00:00 AM,13,6,7
01/09/2015 11:00:00 AM,12,5,7
01/09/2015 12:00:00 PM,19,12,7
01/09/2015 01:00:00 PM,19,10,9
01/09/2015 02:00:00 PM,17,11,6
01/09/2015 03:00:00 PM,34,22,12
01/09/2015 04:00:00 PM,65,51,14
01/09/2015 05:00:00 PM,92,84,8
01/09/2015 06:00:00 PM,42,40,2
01/09/2015 07:00:00 PM,18,16,2
01/09/2015 08:00:00 PM,12,9,3
01/09/2015 09:00:00 PM,4,4,0
01/09/2015 10:00:00 PM,5,3,2
01/09/2015 11:00:00 PM,2,1,1
01/10/2015 12:00:00 AM,3,3,0
01/10/2015 01:00:00 AM,1,1,0
01/10/2015 02:00:00 AM,0,0,0
01/10/2015 03:00:00 AM,3,0,3
01/10/2015 04:00:00 AM,1,1,0
01/10/2015 05:00:00 AM,1,0,1
01/10/2015 06:00:00 AM,6,1,5
01/10/2015 07:00:00 AM,14,3,11
01/10/2015 08:00:00 AM,17,3,14
01/10/2015 09:00:00 AM,23,9,14
01/10/2015 10:00:00 AM,24,9,15
01/10/2015 11:00:00 AM,17,9,8
01/10/2015 12:00:00 PM,19,10,9
01/10/2015 01:00:00 PM,16,7,9
01/10/2015 02:00:00 PM,16,9,7
01/10/2015 03:00:00 PM,14,9,5
01/10/2015 04:00:00 PM,14,7,7
01/10/2015 05:00:00 PM,10,7,3
01/10/2015 06:00:00 PM,5,4,1
01/10/2015 07:00:00 PM,9,8,1
01/10/2015 08:00:00 PM,4,2,2
01/10/2015 09:00:00 PM,6,4,2
01/10/2015 10:00:00 PM,8,4,4
01/10/2015 11:00:00 PM,1,1,0
01/11/2015 12:00:00 AM,2,1,1
01/11/2015 01:00:00 AM,0,0,0
01/11/2015 02:00:00 AM,3,2,1
01/11/2015 03:00:00 AM,1,0,1
01/11/2015 04:00:00 AM,2,2,0
01/11/2015 05:00:00 AM,4,0,4
01/11/2015 06:00:00 AM,0,0,0
01/11/2015 07:00:00 AM,6,2,4
01/11/2015 08:00:00 AM,11,3,8
01/11/2015 09:00:00 AM,18,11,7
01/11/2015 10:00:00 AM,32,10,22
01/11/2015 11:00:00 AM,33,23,10
01/11/2015 12:00:00 PM,22,11,11
01/11/2015 01:00:00 PM,21,6,15
01/11/2015 02:00:00 PM,28,17,11
01/11/2015 03:00:00 PM,11,5,6
01/11/2015 04:00:00 PM,14,6,8
01/11/2015 05:00:00 PM,16,8,8
01/11/2015 06:00:00 PM,7,3,4
01/11/2015 07:00:00 PM,1,1,0
01/11/2015 08:00:00 PM,4,2,2
01/11/2015 09:00:00 PM,4,1,3
01/11/2015 10:00:00 PM,3,2,1
01/11/2015 11:00:00 PM,1,1,0
01/12/2015 12:00:00 AM,0,0,0
01/12/2015 01:00:00 AM,0,0,0
01/12/2015 02:00:00 AM,1,1,0
01/12/2015 03:00:00 AM,3,2,1
01/12/2015 04:00:00 AM,3,0,3
01/12/2015 05:00:00 AM,19,4,15
01/12/2015 06:00:00 AM,46,6,40
01/12/2015 07:00:00 AM,95,10,85
01/12/2015 08:00:00 AM,101,7,94
01/12/2015 09:00:00 AM,43,4,39
01/12/2015 10:00:00 AM,20,4,16
01/12/2015 11:00:00 AM,14,5,9
01/12/2015 12:00:00 PM,22,8,14
01/12/2015 01:00:00 PM,15,9,6
01/12/2015 02:00:00 PM,25,14,11
01/12/2015 03:00:00 PM,38,28,10
01/12/2015 04:00:00 PM,78,63,15
01/12/2015 05:00:00 PM,106,93,13
01/12/2015 06:00:00 PM,64,58,6
01/12/2015 07:00:00 PM,16,11,5
01/12/2015 08:00:00 PM,12,10,2
01/12/2015 09:00:00 PM,5,2,3
01/12/2015 10:00:00 PM,7,5,2
01/12/2015 11:00:00 PM,1,0,1
01/13/2015 12:00:00 AM,5,2,3
01/13/2015 01:00:00 AM,0,0,0
01/13/2015 02:00:00 AM,1,1,0
01/13/2015 03:00:00 AM,0,0,0
01/13/2015 04:00:00 AM,3,1,2
01/13/2015 05:00:00 AM,18,4,14
01/13/2015 06:00:00 AM,55,8,47
01/13/2015 07:00:00 AM,105,13,92
01/13/2015 08:00:00 AM,118,9,109
01/13/2015 09:00:00 AM,47,4,43
01/13/2015 10:00:00 AM,16,3,13
01/13/2015 11:00:00 AM,17,8,9
01/13/2015 12:00:00 PM,22,9,13
01/13/2015 01:00:00 PM,23,10,13
01/13/2015 02:00:00 PM,22,13,9
01/13/2015 03:00:00 PM,39,29,10
01/13/2015 04:00:00 PM,81,63,18
01/13/2015 05:00:00 PM,139,122,17
01/13/2015 06:00:00 PM,69,60,9
01/13/2015 07:00:00 PM,25,21,4
01/13/2015 08:00:00 PM,12,10,2
01/13/2015 09:00:00 PM,9,6,3
01/13/2015 10:00:00 PM,8,3,5
01/13/2015 11:00:00 PM,2,0,2
01/14/2015 12:00:00 AM,1,1,0
01/14/2015 01:00:00 AM,0,0,0
01/14/2015 02:00:00 AM,0,0,0
01/14/2015 03:00:00 AM,4,4,0
01/14/2015 04:00:00 AM,3,0,3
01/14/2015 05:00:00 AM,28,5,23
01/14/2015 06:00:00 AM,48,6,42
01/14/2015 07:00:00 AM,85,14,71
01/14/2015 08:00:00 AM,90,9,81
01/14/2015 09:00:00 AM,51,9,42
01/14/2015 10:00:00 AM,20,7,13
01/14/2015 11:00:00 AM,16,10,6
01/14/2015 12:00:00 PM,17,9,8
01/14/2015 01:00:00 PM,23,7,16
01/14/2015 02:00:00 PM,26,12,14
01/14/2015 03:00:00 PM,40,31,9
01/14/2015 04:00:00 PM,61,54,7
01/14/2015 05:00:00 PM,116,94,22
01/14/2015 06:00:00 PM,71,62,9
01/14/2015 07:00:00 PM,32,26,6
01/14/2015 08:00:00 PM,16,13,3
01/14/2015 09:00:00 PM,10,5,5
01/14/2015 10:00:00 PM,6,5,1
01/14/2015 11:00:00 PM,1,0,1
01/15/2015 12:00:00 AM,0,0,0
01/15/2015 01:00:00 AM,2,1,1
01/15/2015 02:00:00 AM,1,1,0
01/15/2015 03:00:00 AM,1,1,0
01/15/2015 04:00:00 AM,1,0,1
01/15/2015 05:00:00 AM,13,3,10
01/15/2015 06:00:00 AM,44,8,36
01/15/2015 07:00:00 AM,58,8,50
01/15/2015 08:00:00 AM,86,9,77
01/15/2015 09:00:00 AM,31,7,24
01/15/2015 10:00:00 AM,11,3,8
01/15/2015 11:00:00 AM,8,3,5
01/15/2015 12:00:00 PM,7,5,2
01/15/2015 01:00:00 PM,9,3,6
01/15/2015 02:00:00 PM,12,7,5
01/15/2015 03:00:00 PM,19,13,6
01/15/2015 04:00:00 PM,53,43,10
01/15/2015 05:00:00 PM,79,63,16
01/15/2015 06:00:00 PM,42,39,3
01/15/2015 07:00:00 PM,15,10,5
01/15/2015 08:00:00 PM,6,5,1
01/15/2015 09:00:00 PM,2,0,2
01/15/2015 10:00:00 PM,5,5,0
01/15/2015 11:00:00 PM,2,2,0
01/16/2015 12:00:00 AM,5,3,2
01/16/2015 01:00:00 AM,2,0,2
01/16/2015 02:00:00 AM,0,0,0
01/16/2015 03:00:00 AM,1,0,1
01/16/2015 04:00:00 AM,3,1,2
01/16/2015 05:00:00 AM,13,3,10
01/16/2015 06:00:00 AM,31,5,26
01/16/2015 07:00:00 AM,65,8,57
01/16/2015 08:00:00 AM,77,5,72
01/16/2015 09:00:00 AM,31,3,28
01/16/2015 10:00:00 AM,20,7,13
01/16/2015 11:00:00 AM,20,7,13
01/16/2015 12:00:00 PM,14,2,12
01/16/2015 01:00:00 PM,16,8,8
01/16/2015 02:00:00 PM,22,14,8
01/16/2015 03:00:00 PM,26,18,8
01/16/2015 04:00:00 PM,61,46,15
01/16/2015 05:00:00 PM,80,69,11
01/16/2015 06:00:00 PM,42,39,3
01/16/2015 07:00:00 PM,28,17,11
01/16/2015 08:00:00 PM,14,12,2
01/16/2015 09:00:00 PM,9,6,3
01/16/2015 10:00:00 PM,3,1,2
01/16/2015 11:00:00 PM,1,1,0
01/17/2015 12:00:00 AM,1,0,1
01/17/2015 01:00:00 AM,1,1,0
01/17/2015 02:00:00 AM,2,0,2
01/17/2015 03:00:00 AM,4,2,2
01/17/2015 04:00:00 AM,1,0,1
01/17/2015 05:00:00 AM,4,0,4
01/17/2015 06:00:00 AM,9,2,7
01/17/2015 07:00:00 AM,5,3,2
01/17/2015 08:00:00 AM,10,5,5
01/17/2015 09:00:00 AM,9,3,6
01/17/2015 10:00:00 AM,14,5,9
01/17/2015 11:00:00 AM,24,12,12
01/17/2015 12:00:00 PM,8,2,6
01/17/2015 01:00:00 PM,14,7,7
01/17/2015 02:00:00 PM,15,9,6
01/17/2015 03:00:00 PM,11,11,0
01/17/2015 04:00:00 PM,10,6,4
01/17/2015 05:00:00 PM,6,1,5
01/17/2015 06:00:00 PM,5,3,2
01/17/2015 07:00:00 PM,4,0,4
01/17/2015 08:00:00 PM,3,2,1
01/17/2015 09:00:00 PM,4,2,2
01/17/2015 10:00:00 PM,0,0,0
01/17/2015 11:00:00 PM,0,0,0
01/18/2015 12:00:00 AM,2,2,0
01/18/2015 01:00:00 AM,1,0,1
01/18/2015 02:00:00 AM,2,1,1
01/18/2015 03:00:00 AM,3,1,2
01/18/2015 04:00:00 AM,3,2,1
01/18/2015 05:00:00 AM,2,0,2
01/18/2015 06:00:00 AM,2,1,1
01/18/2015 07:00:00 AM,6,3,3
01/18/2015 08:00:00 AM,15,6,9
01/18/2015 09:00:00 AM,8,3,5
01/18/2015 10:00:00 AM,14,2,12
01/18/2015 11:00:00 AM,7,3,4
01/18/2015 12:00:00 PM,6,2,4
01/18/2015 01:00:00 PM,3,1,2
01/18/2015 02:00:00 PM,8,5,3
01/18/2015 03:00:00 PM,3,2,1
01/18/2015 04:00:00 PM,7,2,5
01/18/2015 05:00:00 PM,7,2,5
01/18/2015 06:00:00 PM,3,3,0
01/18/2015 07:00:00 PM,3,3,0
01/18/2015 08:00:00 PM,0,0,0
01/18/2015 09:00:00 PM,3,2,1
01/18/2015 10:00:00 PM,1,1,0
01/18/2015 11:00:00 PM,0,0,0
01/19/2015 12:00:00 AM,1,1,0
01/19/2015 01:00:00 AM,0,0,0
01/19/2015 02:00:00 AM,2,1,1
01/19/2015 03:00:00 AM,3,1,2
01/19/2015 04:00:00 AM,2,0,2
01/19/2015 05:00:00 AM,11,3,8
01/19/2015 06:00:00 AM,27,7,20
01/19/2015 07:00:00 AM,43,7,36
01/19/2015 08:00:00 AM,57,6,51
01/19/2015 09:00:00 AM,36,15,21
01/19/2015 10:00:00 AM,22,10,12
01/19/2015 11:00:00 AM,23,11,12
01/19/2015 12:00:00 PM,24,11,13
01/19/2015 01:00:00 PM,31,17,14
01/19/2015 02:00:00 PM,28,11,17
01/19/2015 03:00:00 PM,28,17,11
01/19/2015 04:00:00 PM,63,38,25
01/19/2015 05:00:00 PM,73,57,16
01/19/2015 06:00:00 PM,29,26,3
01/19/2015 07:00:00 PM,15,12,3
01/19/2015 08:00:00 PM,5,3,2
01/19/2015 09:00:00 PM,5,4,1
01/19/2015 10:00:00 PM,3,2,1
01/19/2015 11:00:00 PM,2,0,2
01/20/2015 12:00:00 AM,2,1,1
01/20/2015 01:00:00 AM,3,2,1
01/20/2015 02:00:00 AM,0,0,0
01/20/2015 03:00:00 AM,1,0,1
01/20/2015 04:00:00 AM,5,4,1
01/20/2015 05:00:00 AM,22,1,21
01/20/2015 06:00:00 AM,50,12,38
01/20/2015 07:00:00 AM,109,11,98
01/20/2015 08:00:00 AM,98,8,90
01/20/2015 09:00:00 AM,41,5,36
01/20/2015 10:00:00 AM,26,8,18
01/20/2015 11:00:00 AM,21,10,11
01/20/2015 12:00:00 PM,13,7,6
01/20/2015 01:00:00 PM,35,17,18
01/20/2015 02:00:00 PM,54,30,24
01/20/2015 03:00:00 PM,54,30,24
01/20/2015 04:00:00 PM,70,54,16
01/20/2015 05:00:00 PM,138,123,15
01/20/2015 06:00:00 PM,80,71,9
01/20/2015 07:00:00 PM,35,25,10
01/20/2015 08:00:00 PM,18,14,4
01/20/2015 09:00:00 PM,7,5,2
01/20/2015 10:00:00 PM,7,4,3
01/20/2015 11:00:00 PM,1,1,0
01/21/2015 12:00:00 AM,1,1,0
01/21/2015 01:00:00 AM,1,1,0
01/21/2015 02:00:00 AM,0,0,0
01/21/2015 03:00:00 AM,1,0,1
01/21/2015 04:00:00 AM,5,1,4
01/21/2015 05:00:00 AM,17,4,13
01/21/2015 06:00:00 AM,54,8,46
01/21/2015 07:00:00 AM,96,14,82
01/21/2015 08:00:00 AM,95,10,85
01/21/2015 09:00:00 AM,42,9,33
01/21/2015 10:00:00 AM,13,2,11
01/21/2015 11:00:00 AM,17,5,12
01/21/2015 12:00:00 PM,14,7,7
01/21/2015 01:00:00 PM,17,5,12
01/21/2015 02:00:00 PM,26,16,10
01/21/2015 03:00:00 PM,31,25,6
01/21/2015 04:00:00 PM,68,58,10
01/21/2015 05:00:00 PM,121,108,13
01/21/2015 06:00:00 PM,66,63,3
01/21/2015 07:00:00 PM,34,30,4
01/21/2015 08:00:00 PM,19,14,5
01/21/2015 09:00:00 PM,7,4,3
01/21/2015 10:00:00 PM,3,3,0
01/21/2015 11:00:00 PM,4,3,1
01/22/2015 12:00:00 AM,1,1,0
01/22/2015 01:00:00 AM,0,0,0
01/22/2015 02:00:00 AM,1,0,1
01/22/2015 03:00:00 AM,0,0,0
01/22/2015 04:00:00 AM,3,0,3
01/22/2015 05:00:00 AM,15,4,11
01/22/2015 06:00:00 AM,38,4,34
01/22/2015 07:00:00 AM,76,10,66
01/22/2015 08:00:00 AM,88,6,82
01/22/2015 09:00:00 AM,40,1,39
01/22/2015 10:00:00 AM,8,1,7
01/22/2015 11:00:00 AM,14,5,9
01/22/2015 12:00:00 PM,19,11,8
01/22/2015 01:00:00 PM,9,3,6
01/22/2015 02:00:00 PM,15,11,4
01/22/2015 03:00:00 PM,23,18,5
01/22/2015 04:00:00 PM,51,38,13
01/22/2015 05:00:00 PM,98,85,13
01/22/2015 06:00:00 PM,58,53,5
01/22/2015 07:00:00 PM,25,22,3
01/22/2015 08:00:00 PM,12,12,0
01/22/2015 09:00:00 PM,7,3,4
01/22/2015 10:00:00 PM,8,6,2
01/22/2015 11:00:00 PM,8,6,2
01/23/2015 12:00:00 AM,5,5,0
01/23/2015 01:00:00 AM,3,3,0
01/23/2015 02:00:00 AM,0,0,0
01/23/2015 03:00:00 AM,2,0,2
01/23/2015 04:00:00 AM,4,0,4
01/23/2015 05:00:00 AM,11,2,9
01/23/2015 06:00:00 AM,38,8,30
01/23/2015 07:00:00 AM,63,10,53
01/23/2015 08:00:00 AM,79,10,69
01/23/2015 09:00:00 AM,41,8,33
01/23/2015 10:00:00 AM,15,4,11
01/23/2015 11:00:00 AM,2,0,2
01/23/2015 12:00:00 PM,8,3,5
01/23/2015 01:00:00 PM,11,7,4
01/23/2015 02:00:00 PM,19,13,6
01/23/2015 03:00:00 PM,19,16,3
01/23/2015 04:00:00 PM,44,37,7
01/23/2015 05:00:00 PM,73,60,13
01/23/2015 06:00:00 PM,47,41,6
01/23/2015 07:00:00 PM,19,14,5
01/23/2015 08:00:00 PM,16,13,3
01/23/2015 09:00:00 PM,3,2,1
01/23/2015 10:00:00 PM,2,2,0
01/23/2015 11:00:00 PM,7,3,4
01/24/2015 12:00:00 AM,4,0,4
01/24/2015 01:00:00 AM,3,2,1
01/24/2015 02:00:00 AM,6,1,5
01/24/2015 03:00:00 AM,4,0,4
01/24/2015 04:00:00 AM,1,0,1
01/24/2015 05:00:00 AM,3,0,3
01/24/2015 06:00:00 AM,5,2,3
01/24/2015 07:00:00 AM,4,0,4
01/24/2015 08:00:00 AM,22,9,13
01/24/2015 09:00:00 AM,26,7,19
01/24/2015 10:00:00 AM,12,5,7
01/24/2015 11:00:00 AM,19,12,7
01/24/2015 12:00:00 PM,22,9,13
01/24/2015 01:00:00 PM,35,21,14
01/24/2015 02:00:00 PM,28,17,11
01/24/2015 03:00:00 PM,35,18,17
01/24/2015 04:00:00 PM,25,10,15
01/24/2015 05:00:00 PM,23,13,10
01/24/2015 06:00:00 PM,12,7,5
01/24/2015 07:00:00 PM,4,4,0
01/24/2015 08:00:00 PM,6,3,3
01/24/2015 09:00:00 PM,5,1,4
01/24/2015 10:00:00 PM,4,2,2
01/24/2015 11:00:00 PM,1,0,1
01/25/2015 12:00:00 AM,2,2,0
01/25/2015 01:00:00 AM,3,3,0
01/25/2015 02:00:00 AM,4,4,0
01/25/2015 03:00:00 AM,5,1,4
01/25/2015 04:00:00 AM,6,3,3
01/25/2015 05:00:00 AM,3,1,2
01/25/2015 06:00:00 AM,4,1,3
01/25/2015 07:00:00 AM,7,1,6
01/25/2015 08:00:00 AM,15,8,7
01/25/2015 09:00:00 AM,33,9,24
01/25/2015 10:00:00 AM,36,14,22
01/25/2015 11:00:00 AM,65,36,29
01/25/2015 12:00:00 PM,88,51,37
01/25/2015 01:00:00 PM,116,53,63
01/25/2015 02:00:00 PM,114,55,59
01/25/2015 03:00:00 PM,95,49,46
01/25/2015 04:00:00 PM,70,29,41
01/25/2015 05:00:00 PM,64,26,38
01/25/2015 06:00:00 PM,16,13,3
01/25/2015 07:00:00 PM,6,5,1
01/25/2015 08:00:00 PM,7,6,1
01/25/2015 09:00:00 PM,2,0,2
01/25/2015 10:00:00 PM,0,0,0
01/25/2015 11:00:00 PM,2,0,2
01/26/2015 12:00:00 AM,1,1,0
01/26/2015 01:00:00 AM,1,0,1
01/26/2015 02:00:00 AM,1,0,1
01/26/2015 03:00:00 AM,4,0,4
01/26/2015 04:00:00 AM,5,1,4
01/26/2015 05:00:00 AM,26,7,19
01/26/2015 06:00:00 AM,57,10,47
01/26/2015 07:00:00 AM,115,9,106
01/26/2015 08:00:00 AM,99,12,87
01/26/2015 09:00:00 AM,58,13,45
01/26/2015 10:00:00 AM,31,9,22
01/26/2015 11:00:00 AM,13,5,8
01/26/2015 12:00:00 PM,33,16,17
01/26/2015 01:00:00 PM,38,17,21
01/26/2015 02:00:00 PM,46,24,22
01/26/2015 03:00:00 PM,48,33,15
01/26/2015 04:00:00 PM,100,75,25
01/26/2015 05:00:00 PM,116,101,15
01/26/2015 06:00:00 PM,98,86,12
01/26/2015 07:00:00 PM,24,16,8
01/26/2015 08:00:00 PM,10,8,2
01/26/2015 09:00:00 PM,17,8,9
01/26/2015 10:00:00 PM,7,7,0
01/26/2015 11:00:00 PM,6,2,4
01/27/2015 12:00:00 AM,4,2,2
01/27/2015 01:00:00 AM,2,2,0
01/27/2015 02:00:00 AM,1,1,0
01/27/2015 03:00:00 AM,2,0,2
01/27/2015 04:00:00 AM,1,1,0
01/27/2015 05:00:00 AM,21,4,17
01/27/2015 06:00:00 AM,56,11,45
01/27/2015 07:00:00 AM,119,10,109
01/27/2015 08:00:00 AM,118,16,102
01/27/2015 09:00:00 AM,33,4,29
01/27/2015 10:00:00 AM,25,6,19
01/27/2015 11:00:00 AM,12,7,5
01/27/2015 12:00:00 PM,16,8,8
01/27/2015 01:00:00 PM,11,6,5
01/27/2015 02:00:00 PM,20,13,7
01/27/2015 03:00:00 PM,28,20,8
01/27/2015 04:00:00 PM,60,48,12
01/27/2015 05:00:00 PM,115,104,11
01/27/2015 06:00:00 PM,64,57,7
01/27/2015 07:00:00 PM,33,31,2
01/27/2015 08:00:00 PM,24,15,9
01/27/2015 09:00:00 PM,8,6,2
01/27/2015 10:00:00 PM,6,5,1
01/27/2015 11:00:00 PM,3,1,2
01/28/2015 12:00:00 AM,2,1,1
01/28/2015 01:00:00 AM,1,1,0
01/28/2015 02:00:00 AM,3,3,0
01/28/2015 03:00:00 AM,1,1,0
01/28/2015 04:00:00 AM,6,2,4
01/28/2015 05:00:00 AM,23,5,18
01/28/2015 06:00:00 AM,59,10,49
01/28/2015 07:00:00 AM,96,8,88
01/28/2015 08:00:00 AM,86,8,78
01/28/2015 09:00:00 AM,50,9,41
01/28/2015 10:00:00 AM,22,6,16
01/28/2015 11:00:00 AM,22,9,13
01/28/2015 12:00:00 PM,27,11,16
01/28/2015 01:00:00 PM,17,6,11
01/28/2015 02:00:00 PM,28,15,13
01/28/2015 03:00:00 PM,38,28,10
01/28/2015 04:00:00 PM,69,52,17
01/28/2015 05:00:00 PM,107,93,14
01/28/2015 06:00:00 PM,67,56,11
01/28/2015 07:00:00 PM,25,22,3
01/28/2015 08:00:00 PM,18,17,1
01/28/2015 09:00:00 PM,7,6,1
01/28/2015 10:00:00 PM,3,2,1
01/28/2015 11:00:00 PM,5,2,3
01/29/2015 12:00:00 AM,2,2,0
01/29/2015 01:00:00 AM,0,0,0
01/29/2015 02:00:00 AM,4,2,2
01/29/2015 03:00:00 AM,1,0,1
01/29/2015 04:00:00 AM,3,0,3
01/29/2015 05:00:00 AM,25,7,18
01/29/2015 06:00:00 AM,52,10,42
01/29/2015 07:00:00 AM,104,15,89
01/29/2015 08:00:00 AM,108,13,95
01/29/2015 09:00:00 AM,31,1,30
01/29/2015 10:00:00 AM,20,3,17
01/29/2015 11:00:00 AM,27,13,14
01/29/2015 12:00:00 PM,22,9,13
01/29/2015 01:00:00 PM,37,13,24
01/29/2015 02:00:00 PM,26,20,6
01/29/2015 03:00:00 PM,44,30,14
01/29/2015 04:00:00 PM,80,58,22
01/29/2015 05:00:00 PM,124,106,18
01/29/2015 06:00:00 PM,85,73,12
01/29/2015 07:00:00 PM,32,28,4
01/29/2015 08:00:00 PM,20,15,5
01/29/2015 09:00:00 PM,8,4,4
01/29/2015 10:00:00 PM,5,2,3
01/29/2015 11:00:00 PM,6,4,2
01/30/2015 12:00:00 AM,2,1,1
01/30/2015 01:00:00 AM,4,2,2
01/30/2015 02:00:00 AM,2,2,0
01/30/2015 03:00:00 AM,1,0,1
01/30/2015 04:00:00 AM,6,1,5
01/30/2015 05:00:00 AM,18,5,13
01/30/2015 06:00:00 AM,33,3,30
01/30/2015 07:00:00 AM,73,4,69
01/30/2015 08:00:00 AM,103,11,92
01/30/2015 09:00:00 AM,29,4,25
01/30/2015 10:00:00 AM,15,5,10
01/30/2015 11:00:00 AM,8,3,5
01/30/2015 12:00:00 PM,17,7,10
01/30/2015 01:00:00 PM,19,13,6
01/30/2015 02:00:00 PM,23,9,14
01/30/2015 03:00:00 PM,37,25,12
01/30/2015 04:00:00 PM,62,60,2
01/30/2015 05:00:00 PM,89,77,12
01/30/2015 06:00:00 PM,53,46,7
01/30/2015 07:00:00 PM,21,20,1
01/30/2015 08:00:00 PM,6,5,1
01/30/2015 09:00:00 PM,8,5,3
01/30/2015 10:00:00 PM,7,7,0
01/30/2015 11:00:00 PM,4,1,3
01/31/2015 12:00:00 AM,1,1,0
01/31/2015 01:00:00 AM,2,1,1
01/31/2015 02:00:00 AM,0,0,0
01/31/2015 03:00:00 AM,7,4,3
01/31/2015 04:00:00 AM,3,0,3
01/31/2015 05:00:00 AM,2,0,2
01/31/2015 06:00:00 AM,6,2,4
01/31/2015 07:00:00 AM,10,2,8
01/31/2015 08:00:00 AM,19,5,14
01/31/2015 09:00:00 AM,19,9,10
01/31/2015 10:00:00 AM,36,15,21
01/31/2015 11:00:00 AM,28,14,14
01/31/2015 12:00:00 PM,24,13,11
01/31/2015 01:00:00 PM,56,37,19
01/31/2015 02:00:00 PM,45,24,21
01/31/2015 03:00:00 PM,43,18,25
01/31/2015 04:00:00 PM,48,15,33
01/31/2015 05:00:00 PM,29,12,17
01/31/2015 06:00:00 PM,17,13,4
01/31/2015 07:00:00 PM,8,3,5
01/31/2015 08:00:00 PM,4,3,1
01/31/2015 09:00:00 PM,5,2,3
01/31/2015 10:00:00 PM,2,2,0
01/31/2015 11:00:00 PM,16,14,2
02/01/2015 12:00:00 AM,4,2,2
02/01/2015 01:00:00 AM,0,0,0
02/01/2015 02:00:00 AM,2,1,1
02/01/2015 03:00:00 AM,2,0,2
02/01/2015 04:00:00 AM,2,1,1
02/01/2015 05:00:00 AM,1,1,0
02/01/2015 06:00:00 AM,2,1,1
02/01/2015 07:00:00 AM,4,1,3
02/01/2015 08:00:00 AM,10,3,7
02/01/2015 09:00:00 AM,15,6,9
02/01/2015 10:00:00 AM,26,19,7
02/01/2015 11:00:00 AM,32,11,21
02/01/2015 12:00:00 PM,19,10,9
02/01/2015 01:00:00 PM,14,3,11
02/01/2015 02:00:00 PM,9,5,4
02/01/2015 03:00:00 PM,12,5,7
02/01/2015 04:00:00 PM,8,6,2
02/01/2015 05:00:00 PM,3,2,1
02/01/2015 06:00:00 PM,1,0,1
02/01/2015 07:00:00 PM,9,2,7
02/01/2015 08:00:00 PM,4,4,0
02/01/2015 09:00:00 PM,4,2,2
02/01/2015 10:00:00 PM,3,3,0
02/01/2015 11:00:00 PM,4,1,3
02/02/2015 12:00:00 AM,0,0,0
02/02/2015 01:00:00 AM,1,0,1
02/02/2015 02:00:00 AM,0,0,0
02/02/2015 03:00:00 AM,1,0,1
02/02/2015 04:00:00 AM,3,2,1
02/02/2015 05:00:00 AM,17,3,14
02/02/2015 06:00:00 AM,43,4,39
02/02/2015 07:00:00 AM,78,10,68
02/02/2015 08:00:00 AM,74,6,68
02/02/2015 09:00:00 AM,27,6,21
02/02/2015 10:00:00 AM,10,5,5
02/02/2015 11:00:00 AM,5,2,3
02/02/2015 12:00:00 PM,7,2,5
02/02/2015 01:00:00 PM,13,4,9
02/02/2015 02:00:00 PM,14,5,9
02/02/2015 03:00:00 PM,28,19,9
02/02/2015 04:00:00 PM,53,44,9
02/02/2015 05:00:00 PM,79,64,15
02/02/2015 06:00:00 PM,61,55,6
02/02/2015 07:00:00 PM,18,15,3
02/02/2015 08:00:00 PM,5,3,2
02/02/2015 09:00:00 PM,3,3,0
02/02/2015 10:00:00 PM,1,0,1
02/02/2015 11:00:00 PM,3,2,1
02/03/2015 12:00:00 AM,1,1,0
02/03/2015 01:00:00 AM,2,0,2
02/03/2015 02:00:00 AM,0,0,0
02/03/2015 03:00:00 AM,2,1,1
02/03/2015 04:00:00 AM,4,1,3
02/03/2015 05:00:00 AM,20,3,17
02/03/2015 06:00:00 AM,52,6,46
02/03/2015 07:00:00 AM,104,13,91
02/03/2015 08:00:00 AM,106,13,93
02/03/2015 09:00:00 AM,36,3,33
02/03/2015 10:00:00 AM,21,4,17
02/03/2015 11:00:00 AM,12,3,9
02/03/2015 12:00:00 PM,8,1,7
02/03/2015 01:00:00 PM,9,6,3
02/03/2015 02:00:00 PM,15,11,4
02/03/2015 03:00:00 PM,25,21,4
02/03/2015 04:00:00 PM,62,51,11
02/03/2015 05:00:00 PM,105,89,16
02/03/2015 06:00:00 PM,71,62,9
02/03/2015 07:00:00 PM,32,27,5
02/03/2015 08:00:00 PM,12,10,2
02/03/2015 09:00:00 PM,10,7,3
02/03/2015 10:00:00 PM,3,3,0
02/03/2015 11:00:00 PM,4,2,2
02/04/2015 12:00:00 AM,4,3,1
02/04/2015 01:00:00 AM,3,1,2
02/04/2015 02:00:00 AM,0,0,0
02/04/2015 03:00:00 AM,0,0,0
02/04/2015 04:00:00 AM,6,2,4
02/04/2015 05:00:00 AM,18,4,14
02/04/2015 06:00:00 AM,52,7,45
02/04/2015 07:00:00 AM,101,10,91
02/04/2015 08:00:00 AM,95,11,84
02/04/2015 09:00:00 AM,43,4,39
02/04/2015 10:00:00 AM,17,8,9
02/04/2015 11:00:00 AM,14,8,6
02/04/2015 12:00:00 PM,15,5,10
02/04/2015 01:00:00 PM,15,7,8
02/04/2015 02:00:00 PM,20,14,6
02/04/2015 03:00:00 PM,34,23,11
02/04/2015 04:00:00 PM,68,56,12
02/04/2015 05:00:00 PM,91,78,13
02/04/2015 06:00:00 PM,72,65,7
02/04/2015 07:00:00 PM,21,16,5
02/04/2015 08:00:00 PM,12,10,2
02/04/2015 09:00:00 PM,4,2,2
02/04/2015 10:00:00 PM,1,1,0
02/04/2015 11:00:00 PM,11,8,3
02/05/2015 12:00:00 AM,1,1,0
02/05/2015 01:00:00 AM,2,1,1
02/05/2015 02:00:00 AM,1,1,0
02/05/2015 03:00:00 AM,2,1,1
02/05/2015 04:00:00 AM,2,0,2
02/05/2015 05:00:00 AM,7,2,5
02/05/2015 06:00:00 AM,31,3,28
02/05/2015 07:00:00 AM,58,10,48
02/05/2015 08:00:00 AM,48,5,43
02/05/2015 09:00:00 AM,19,0,19
02/05/2015 10:00:00 AM,11,1,10
02/05/2015 11:00:00 AM,15,6,9
02/05/2015 12:00:00 PM,8,1,7
02/05/2015 01:00:00 PM,9,2,7
02/05/2015 02:00:00 PM,7,4,3
02/05/2015 03:00:00 PM,24,15,9
02/05/2015 04:00:00 PM,39,30,9
02/05/2015 05:00:00 PM,48,40,8
02/05/2015 06:00:00 PM,48,44,4
02/05/2015 07:00:00 PM,24,17,7
02/05/2015 08:00:00 PM,8,6,2
02/05/2015 09:00:00 PM,8,6,2
02/05/2015 10:00:00 PM,2,1,1
02/05/2015 11:00:00 PM,2,1,1
02/06/2015 12:00:00 AM,2,2,0
02/06/2015 01:00:00 AM,1,0,1
02/06/2015 02:00:00 AM,0,0,0
02/06/2015 03:00:00 AM,0,0,0
02/06/2015 04:00:00 AM,2,0,2
02/06/2015 05:00:00 AM,9,1,8
02/06/2015 06:00:00 AM,27,3,24
02/06/2015 07:00:00 AM,58,6,52
02/06/2015 08:00:00 AM,69,4,65
02/06/2015 09:00:00 AM,24,2,22
02/06/2015 10:00:00 AM,10,4,6
02/06/2015 11:00:00 AM,1,1,0
02/06/2015 12:00:00 PM,8,2,6
02/06/2015 01:00:00 PM,7,2,5
02/06/2015 02:00:00 PM,11,7,4
02/06/2015 03:00:00 PM,18,14,4
02/06/2015 04:00:00 PM,51,41,10
02/06/2015 05:00:00 PM,72,64,8
02/06/2015 06:00:00 PM,36,31,5
02/06/2015 07:00:00 PM,15,12,3
02/06/2015 08:00:00 PM,10,9,1
02/06/2015 09:00:00 PM,5,3,2
02/06/2015 10:00:00 PM,4,2,2
02/06/2015 11:00:00 PM,2,2,0
02/07/2015 12:00:00 AM,1,1,0
02/07/2015 01:00:00 AM,1,1,0
02/07/2015 02:00:00 AM,0,0,0
02/07/2015 03:00:00 AM,3,0,3
02/07/2015 04:00:00 AM,0,0,0
02/07/2015 05:00:00 AM,1,0,1
02/07/2015 06:00:00 AM,2,0,2
02/07/2015 07:00:00 AM,4,1,3
02/07/2015 08:00:00 AM,2,1,1
02/07/2015 09:00:00 AM,7,1,6
02/07/2015 10:00:00 AM,8,7,1
02/07/2015 11:00:00 AM,5,0,5
02/07/2015 12:00:00 PM,13,3,10
02/07/2015 01:00:00 PM,12,6,6
02/07/2015 02:00:00 PM,12,7,5
02/07/2015 03:00:00 PM,7,2,5
02/07/2015 04:00:00 PM,10,5,5
02/07/2015 05:00:00 PM,10,5,5
02/07/2015 06:00:00 PM,7,3,4
02/07/2015 07:00:00 PM,0,0,0
02/07/2015 08:00:00 PM,3,1,2
02/07/2015 09:00:00 PM,1,1,0
02/07/2015 10:00:00 PM,3,3,0
02/07/2015 11:00:00 PM,2,2,0
02/08/2015 12:00:00 AM,1,0,1
02/08/2015 01:00:00 AM,1,1,0
02/08/2015 02:00:00 AM,2,2,0
02/08/2015 03:00:00 AM,1,0,1
02/08/2015 04:00:00 AM,2,1,1
02/08/2015 05:00:00 AM,5,0,5
02/08/2015 06:00:00 AM,2,1,1
02/08/2015 07:00:00 AM,3,1,2
02/08/2015 08:00:00 AM,20,3,17
02/08/2015 09:00:00 AM,21,10,11
02/08/2015 10:00:00 AM,40,17,23
02/08/2015 11:00:00 AM,62,37,25
02/08/2015 12:00:00 PM,72,35,37
02/08/2015 01:00:00 PM,54,26,28
02/08/2015 02:00:00 PM,55,29,26
02/08/2015 03:00:00 PM,39,15,24
02/08/2015 04:00:00 PM,32,20,12
02/08/2015 05:00:00 PM,21,7,14
02/08/2015 06:00:00 PM,11,8,3
02/08/2015 07:00:00 PM,2,2,0
02/08/2015 08:00:00 PM,5,2,3
02/08/2015 09:00:00 PM,1,1,0
02/08/2015 10:00:00 PM,5,4,1
02/08/2015 11:00:00 PM,0,0,0
02/09/2015 12:00:00 AM,1,0,1
02/09/2015 01:00:00 AM,0,0,0
02/09/2015 02:00:00 AM,0,0,0
02/09/2015 03:00:00 AM,1,1,0
02/09/2015 04:00:00 AM,5,2,3
02/09/2015 05:00:00 AM,17,2,15
02/09/2015 06:00:00 AM,46,7,39
02/09/2015 07:00:00 AM,97,16,81
02/09/2015 08:00:00 AM,66,5,61
02/09/2015 09:00:00 AM,32,2,30
02/09/2015 10:00:00 AM,8,3,5
02/09/2015 11:00:00 AM,9,3,6
02/09/2015 12:00:00 PM,10,4,6
02/09/2015 01:00:00 PM,10,2,8
02/09/2015 02:00:00 PM,18,9,9
02/09/2015 03:00:00 PM,37,28,9
02/09/2015 04:00:00 PM,50,42,8
02/09/2015 05:00:00 PM,88,72,16
02/09/2015 06:00:00 PM,67,59,8
02/09/2015 07:00:00 PM,24,17,7
02/09/2015 08:00:00 PM,8,5,3
02/09/2015 09:00:00 PM,8,6,2
02/09/2015 10:00:00 PM,2,1,1
02/09/2015 11:00:00 PM,3,3,0
02/10/2015 12:00:00 AM,1,1,0
02/10/2015 01:00:00 AM,1,0,1
02/10/2015 02:00:00 AM,0,0,0
02/10/2015 03:00:00 AM,1,1,0
02/10/2015 04:00:00 AM,1,0,1
02/10/2015 05:00:00 AM,12,1,11
02/10/2015 06:00:00 AM,57,8,49
02/10/2015 07:00:00 AM,92,8,84
02/10/2015 08:00:00 AM,104,7,97
02/10/2015 09:00:00 AM,36,7,29
02/10/2015 10:00:00 AM,12,3,9
02/10/2015 11:00:00 AM,14,4,10
02/10/2015 12:00:00 PM,15,4,11
02/10/2015 01:00:00 PM,15,6,9
02/10/2015 02:00:00 PM,29,17,12
02/10/2015 03:00:00 PM,32,26,6
02/10/2015 04:00:00 PM,87,64,23
02/10/2015 05:00:00 PM,117,96,21
02/10/2015 06:00:00 PM,72,61,11
02/10/2015 07:00:00 PM,36,34,2
02/10/2015 08:00:00 PM,11,11,0
02/10/2015 09:00:00 PM,8,6,2
02/10/2015 10:00:00 PM,5,3,2
02/10/2015 11:00:00 PM,4,4,0
02/11/2015 12:00:00 AM,2,1,1
02/11/2015 01:00:00 AM,3,1,2
02/11/2015 02:00:00 AM,0,0,0
02/11/2015 03:00:00 AM,0,0,0
02/11/2015 04:00:00 AM,4,1,3
02/11/2015 05:00:00 AM,25,4,21
02/11/2015 06:00:00 AM,63,8,55
02/11/2015 07:00:00 AM,111,13,98
02/11/2015 08:00:00 AM,101,10,91
02/11/2015 09:00:00 AM,35,4,31
02/11/2015 10:00:00 AM,28,7,21
02/11/2015 11:00:00 AM,14,6,8
02/11/2015 12:00:00 PM,23,8,15
02/11/2015 01:00:00 PM,31,14,17
02/11/2015 02:00:00 PM,17,11,6
02/11/2015 03:00:00 PM,41,31,10
02/11/2015 04:00:00 PM,86,67,19
02/11/2015 05:00:00 PM,109,93,16
02/11/2015 06:00:00 PM,74,64,10
02/11/2015 07:00:00 PM,35,31,4
02/11/2015 08:00:00 PM,16,13,3
02/11/2015 09:00:00 PM,23,13,10
02/11/2015 10:00:00 PM,3,1,2
02/11/2015 11:00:00 PM,4,3,1
02/12/2015 12:00:00 AM,2,1,1
02/12/2015 01:00:00 AM,2,1,1
02/12/2015 02:00:00 AM,0,0,0
02/12/2015 03:00:00 AM,2,1,1
02/12/2015 04:00:00 AM,4,1,3
02/12/2015 05:00:00 AM,13,4,9
02/12/2015 06:00:00 AM,56,6,50
02/12/2015 07:00:00 AM,83,10,73
02/12/2015 08:00:00 AM,82,5,77
02/12/2015 09:00:00 AM,41,4,37
02/12/2015 10:00:00 AM,17,4,13
02/12/2015 11:00:00 AM,16,2,14
02/12/2015 12:00:00 PM,11,4,7
02/12/2015 01:00:00 PM,19,6,13
02/12/2015 02:00:00 PM,24,14,10
02/12/2015 03:00:00 PM,41,31,10
02/12/2015 04:00:00 PM,74,58,16
02/12/2015 05:00:00 PM,110,87,23
02/12/2015 06:00:00 PM,62,52,10
02/12/2015 07:00:00 PM,23,22,1
02/12/2015 08:00:00 PM,13,11,2
02/12/2015 09:00:00 PM,3,1,2
02/12/2015 10:00:00 PM,7,2,5
02/12/2015 11:00:00 PM,4,3,1
02/13/2015 12:00:00 AM,3,2,1
02/13/2015 01:00:00 AM,0,0,0
02/13/2015 02:00:00 AM,0,0,0
02/13/2015 03:00:00 AM,1,0,1
02/13/2015 04:00:00 AM,1,0,1
02/13/2015 05:00:00 AM,11,1,10
02/13/2015 06:00:00 AM,33,4,29
02/13/2015 07:00:00 AM,87,6,81
02/13/2015 08:00:00 AM,88,8,80
02/13/2015 09:00:00 AM,33,3,30
02/13/2015 10:00:00 AM,18,6,12
02/13/2015 11:00:00 AM,24,12,12
02/13/2015 12:00:00 PM,26,11,15
02/13/2015 01:00:00 PM,34,18,16
02/13/2015 02:00:00 PM,31,12,19
02/13/2015 03:00:00 PM,41,34,7
02/13/2015 04:00:00 PM,59,48,11
02/13/2015 05:00:00 PM,96,76,20
02/13/2015 06:00:00 PM,50,41,9
02/13/2015 07:00:00 PM,23,14,9
02/13/2015 08:00:00 PM,10,8,2
02/13/2015 09:00:00 PM,5,5,0
02/13/2015 10:00:00 PM,8,6,2
02/13/2015 11:00:00 PM,4,1,3
02/14/2015 12:00:00 AM,2,2,0
02/14/2015 01:00:00 AM,3,2,1
02/14/2015 02:00:00 AM,2,0,2
02/14/2015 03:00:00 AM,1,0,1
02/14/2015 04:00:00 AM,1,0,1
02/14/2015 05:00:00 AM,4,0,4
02/14/2015 06:00:00 AM,3,1,2
02/14/2015 07:00:00 AM,15,4,11
02/14/2015 08:00:00 AM,13,6,7
02/14/2015 09:00:00 AM,21,8,13
02/14/2015 10:00:00 AM,47,34,13
02/14/2015 11:00:00 AM,37,13,24
02/14/2015 12:00:00 PM,47,21,26
02/14/2015 01:00:00 PM,33,13,20
02/14/2015 02:00:00 PM,43,18,25
02/14/2015 03:00:00 PM,52,25,27
02/14/2015 04:00:00 PM,56,32,24
02/14/2015 05:00:00 PM,35,24,11
02/14/2015 06:00:00 PM,12,12,0
02/14/2015 07:00:00 PM,6,5,1
02/14/2015 08:00:00 PM,15,11,4
02/14/2015 09:00:00 PM,5,2,3
02/14/2015 10:00:00 PM,4,3,1
02/14/2015 11:00:00 PM,0,0,0
02/15/2015 12:00:00 AM,1,1,0
02/15/2015 01:00:00 AM,2,1,1
02/15/2015 02:00:00 AM,1,1,0
02/15/2015 03:00:00 AM,1,0,1
02/15/2015 04:00:00 AM,1,1,0
02/15/2015 05:00:00 AM,4,0,4
02/15/2015 06:00:00 AM,3,1,2
02/15/2015 07:00:00 AM,15,3,12
02/15/2015 08:00:00 AM,8,4,4
02/15/2015 09:00:00 AM,44,19,25
02/15/2015 10:00:00 AM,47,22,25
02/15/2015 11:00:00 AM,73,38,35
02/15/2015 12:00:00 PM,91,53,38
02/15/2015 01:00:00 PM,86,51,35
02/15/2015 02:00:00 PM,85,48,37
02/15/2015 03:00:00 PM,83,41,42
02/15/2015 04:00:00 PM,71,32,39
02/15/2015 05:00:00 PM,36,15,21
02/15/2015 06:00:00 PM,13,6,7
02/15/2015 07:00:00 PM,12,4,8
02/15/2015 08:00:00 PM,3,2,1
02/15/2015 09:00:00 PM,1,0,1
02/15/2015 10:00:00 PM,1,1,0
02/15/2015 11:00:00 PM,2,1,1
02/16/2015 12:00:00 AM,2,0,2
02/16/2015 01:00:00 AM,4,2,2
02/16/2015 02:00:00 AM,0,0,0
02/16/2015 03:00:00 AM,2,0,2
02/16/2015 04:00:00 AM,2,0,2
02/16/2015 05:00:00 AM,7,1,6
02/16/2015 06:00:00 AM,25,6,19
02/16/2015 07:00:00 AM,40,4,36
02/16/2015 08:00:00 AM,59,13,46
02/16/2015 09:00:00 AM,33,5,28
02/16/2015 10:00:00 AM,47,25,22
02/16/2015 11:00:00 AM,29,11,18
02/16/2015 12:00:00 PM,40,19,21
02/16/2015 01:00:00 PM,53,30,23
02/16/2015 02:00:00 PM,63,31,32
02/16/2015 03:00:00 PM,66,38,28
02/16/2015 04:00:00 PM,47,28,19
02/16/2015 05:00:00 PM,83,49,34
02/16/2015 06:00:00 PM,44,39,5
02/16/2015 07:00:00 PM,18,11,7
02/16/2015 08:00:00 PM,8,5,3
02/16/2015 09:00:00 PM,5,4,1
02/16/2015 10:00:00 PM,4,3,1
02/16/2015 11:00:00 PM,4,3,1
02/17/2015 12:00:00 AM,1,1,0
02/17/2015 01:00:00 AM,2,1,1
02/17/2015 02:00:00 AM,0,0,0
02/17/2015 03:00:00 AM,0,0,0
02/17/2015 04:00:00 AM,3,1,2
02/17/2015 05:00:00 AM,28,1,27
02/17/2015 06:00:00 AM,58,11,47
02/17/2015 07:00:00 AM,117,12,105
02/17/2015 08:00:00 AM,113,8,105
02/17/2015 09:00:00 AM,50,6,44
02/17/2015 10:00:00 AM,20,3,17
02/17/2015 11:00:00 AM,26,14,12
02/17/2015 12:00:00 PM,32,11,21
02/17/2015 01:00:00 PM,28,13,15
02/17/2015 02:00:00 PM,46,27,19
02/17/2015 03:00:00 PM,51,36,15
02/17/2015 04:00:00 PM,83,66,17
02/17/2015 05:00:00 PM,154,133,21
02/17/2015 06:00:00 PM,63,52,11
02/17/2015 07:00:00 PM,40,34,6
02/17/2015 08:00:00 PM,14,12,2
02/17/2015 09:00:00 PM,8,8,0
02/17/2015 10:00:00 PM,0,0,0
02/17/2015 11:00:00 PM,5,5,0
02/18/2015 12:00:00 AM,1,0,1
02/18/2015 01:00:00 AM,3,1,2
02/18/2015 02:00:00 AM,1,0,1
02/18/2015 03:00:00 AM,2,1,1
02/18/2015 04:00:00 AM,9,2,7
02/18/2015 05:00:00 AM,17,6,11
02/18/2015 06:00:00 AM,72,11,61
02/18/2015 07:00:00 AM,114,12,102
02/18/2015 08:00:00 AM,110,9,101
02/18/2015 09:00:00 AM,45,4,41
02/18/2015 10:00:00 AM,28,5,23
02/18/2015 11:00:00 AM,20,11,9
02/18/2015 12:00:00 PM,19,10,9
02/18/2015 01:00:00 PM,25,10,15
02/18/2015 02:00:00 PM,26,15,11
02/18/2015 03:00:00 PM,37,29,8
02/18/2015 04:00:00 PM,68,55,13
02/18/2015 05:00:00 PM,130,115,15
02/18/2015 06:00:00 PM,79,73,6
02/18/2015 07:00:00 PM,34,31,3
02/18/2015 08:00:00 PM,18,16,2
02/18/2015 09:00:00 PM,3,3,0
02/18/2015 10:00:00 PM,3,3,0
02/18/2015 11:00:00 PM,5,4,1
02/19/2015 12:00:00 AM,3,3,0
02/19/2015 01:00:00 AM,0,0,0
02/19/2015 02:00:00 AM,3,0,3
02/19/2015 03:00:00 AM,0,0,0
02/19/2015 04:00:00 AM,3,1,2
02/19/2015 05:00:00 AM,18,3,15
02/19/2015 06:00:00 AM,53,11,42
02/19/2015 07:00:00 AM,77,10,67
02/19/2015 08:00:00 AM,106,16,90
02/19/2015 09:00:00 AM,41,2,39
02/19/2015 10:00:00 AM,15,3,12
02/19/2015 11:00:00 AM,13,7,6
02/19/2015 12:00:00 PM,8,1,7
02/19/2015 01:00:00 PM,7,2,5
02/19/2015 02:00:00 PM,12,6,6
02/19/2015 03:00:00 PM,26,20,6
02/19/2015 04:00:00 PM,53,45,8
02/19/2015 05:00:00 PM,101,91,10
02/19/2015 06:00:00 PM,44,39,5
02/19/2015 07:00:00 PM,27,20,7
02/19/2015 08:00:00 PM,16,14,2
02/19/2015 09:00:00 PM,5,5,0
02/19/2015 10:00:00 PM,4,2,2
02/19/2015 11:00:00 PM,2,2,0
02/20/2015 12:00:00 AM,1,1,0
02/20/2015 01:00:00 AM,2,2,0
02/20/2015 02:00:00 AM,1,0,1
02/20/2015 03:00:00 AM,2,2,0
02/20/2015 04:00:00 AM,1,0,1
02/20/2015 05:00:00 AM,12,0,12
02/20/2015 06:00:00 AM,39,4,35
02/20/2015 07:00:00 AM,75,18,57
02/20/2015 08:00:00 AM,69,4,65
02/20/2015 09:00:00 AM,37,8,29
02/20/2015 10:00:00 AM,16,3,13
02/20/2015 11:00:00 AM,14,8,6
02/20/2015 12:00:00 PM,11,1,10
02/20/2015 01:00:00 PM,22,6,16
02/20/2015 02:00:00 PM,23,12,11
02/20/2015 03:00:00 PM,29,23,6
02/20/2015 04:00:00 PM,47,42,5
02/20/2015 05:00:00 PM,85,67,18
02/20/2015 06:00:00 PM,45,36,9
02/20/2015 07:00:00 PM,19,15,4
02/20/2015 08:00:00 PM,7,5,2
02/20/2015 09:00:00 PM,3,3,0
02/20/2015 10:00:00 PM,1,1,0
02/20/2015 11:00:00 PM,5,4,1
02/21/2015 12:00:00 AM,4,1,3
02/21/2015 01:00:00 AM,0,0,0
02/21/2015 02:00:00 AM,4,3,1
02/21/2015 03:00:00 AM,0,0,0
02/21/2015 04:00:00 AM,2,0,2
02/21/2015 05:00:00 AM,3,0,3
02/21/2015 06:00:00 AM,7,3,4
02/21/2015 07:00:00 AM,10,2,8
02/21/2015 08:00:00 AM,23,9,14
02/21/2015 09:00:00 AM,23,11,12
02/21/2015 10:00:00 AM,34,13,21
02/21/2015 11:00:00 AM,41,16,25
02/21/2015 12:00:00 PM,43,18,25
02/21/2015 01:00:00 PM,51,34,17
02/21/2015 02:00:00 PM,37,16,21
02/21/2015 03:00:00 PM,46,26,20
02/21/2015 04:00:00 PM,48,24,24
02/21/2015 05:00:00 PM,33,12,21
02/21/2015 06:00:00 PM,20,13,7
02/21/2015 07:00:00 PM,8,5,3
02/21/2015 08:00:00 PM,2,2,0
02/21/2015 09:00:00 PM,1,1,0
02/21/2015 10:00:00 PM,3,2,1
02/21/2015 11:00:00 PM,3,2,1
02/22/2015 12:00:00 AM,1,1,0
02/22/2015 01:00:00 AM,0,0,0
02/22/2015 02:00:00 AM,0,0,0
02/22/2015 03:00:00 AM,1,0,1
02/22/2015 04:00:00 AM,4,2,2
02/22/2015 05:00:00 AM,4,0,4
02/22/2015 06:00:00 AM,11,0,11
02/22/2015 07:00:00 AM,61,9,52
02/22/2015 08:00:00 AM,45,5,40
02/22/2015 09:00:00 AM,39,16,23
02/22/2015 10:00:00 AM,45,18,27
02/22/2015 11:00:00 AM,39,25,14
02/22/2015 12:00:00 PM,67,46,21
02/22/2015 01:00:00 PM,96,58,38
02/22/2015 02:00:00 PM,76,40,36
02/22/2015 03:00:00 PM,66,40,26
02/22/2015 04:00:00 PM,90,56,34
02/22/2015 05:00:00 PM,27,18,9
02/22/2015 06:00:00 PM,16,11,5
02/22/2015 07:00:00 PM,3,3,0
02/22/2015 08:00:00 PM,2,0,2
02/22/2015 09:00:00 PM,5,3,2
02/22/2015 10:00:00 PM,5,5,0
02/22/2015 11:00:00 PM,2,1,1
02/23/2015 12:00:00 AM,0,0,0
02/23/2015 01:00:00 AM,0,0,0
02/23/2015 02:00:00 AM,1,0,1
02/23/2015 03:00:00 AM,4,3,1
02/23/2015 04:00:00 AM,4,0,4
02/23/2015 05:00:00 AM,12,2,10
02/23/2015 06:00:00 AM,47,10,37
02/23/2015 07:00:00 AM,116,14,102
02/23/2015 08:00:00 AM,92,16,76
02/23/2015 09:00:00 AM,48,12,36
02/23/2015 10:00:00 AM,18,3,15
02/23/2015 11:00:00 AM,15,5,10
02/23/2015 12:00:00 PM,23,8,15
02/23/2015 01:00:00 PM,23,11,12
02/23/2015 02:00:00 PM,25,20,5
02/23/2015 03:00:00 PM,54,36,18
02/23/2015 04:00:00 PM,80,61,19
02/23/2015 05:00:00 PM,122,98,24
02/23/2015 06:00:00 PM,105,92,13
02/23/2015 07:00:00 PM,24,18,6
02/23/2015 08:00:00 PM,13,12,1
02/23/2015 09:00:00 PM,3,3,0
02/23/2015 10:00:00 PM,7,5,2
02/23/2015 11:00:00 PM,6,3,3
02/24/2015 12:00:00 AM,1,1,0
02/24/2015 01:00:00 AM,4,3,1
02/24/2015 02:00:00 AM,0,0,0
02/24/2015 03:00:00 AM,0,0,0
02/24/2015 04:00:00 AM,4,1,3
02/24/2015 05:00:00 AM,22,3,19
02/24/2015 06:00:00 AM,60,9,51
02/24/2015 07:00:00 AM,120,18,102
02/24/2015 08:00:00 AM,116,13,103
02/24/2015 09:00:00 AM,54,7,47
02/24/2015 10:00:00 AM,23,4,19
02/24/2015 11:00:00 AM,25,12,13
02/24/2015 12:00:00 PM,24,9,15
02/24/2015 01:00:00 PM,23,11,12
02/24/2015 02:00:00 PM,26,19,7
02/24/2015 03:00:00 PM,40,25,15
02/24/2015 04:00:00 PM,85,63,22
02/24/2015 05:00:00 PM,153,129,24
02/24/2015 06:00:00 PM,85,74,11
02/24/2015 07:00:00 PM,40,32,8
02/24/2015 08:00:00 PM,11,11,0
02/24/2015 09:00:00 PM,14,14,0
02/24/2015 10:00:00 PM,9,7,2
02/24/2015 11:00:00 PM,8,3,5
02/25/2015 12:00:00 AM,2,2,0
02/25/2015 01:00:00 AM,0,0,0
02/25/2015 02:00:00 AM,0,0,0
02/25/2015 03:00:00 AM,0,0,0
02/25/2015 04:00:00 AM,5,1,4
02/25/2015 05:00:00 AM,15,2,13
02/25/2015 06:00:00 AM,51,8,43
02/25/2015 07:00:00 AM,77,11,66
02/25/2015 08:00:00 AM,112,9,103
02/25/2015 09:00:00 AM,31,2,29
02/25/2015 10:00:00 AM,19,5,14
02/25/2015 11:00:00 AM,11,2,9
02/25/2015 12:00:00 PM,10,3,7
02/25/2015 01:00:00 PM,21,7,14
02/25/2015 02:00:00 PM,21,13,8
02/25/2015 03:00:00 PM,37,31,6
02/25/2015 04:00:00 PM,54,41,13
02/25/2015 05:00:00 PM,102,91,11
02/25/2015 06:00:00 PM,59,56,3
02/25/2015 07:00:00 PM,24,24,0
02/25/2015 08:00:00 PM,17,6,11
02/25/2015 09:00:00 PM,7,7,0
02/25/2015 10:00:00 PM,3,1,2
02/25/2015 11:00:00 PM,1,1,0
02/26/2015 12:00:00 AM,0,0,0
02/26/2015 01:00:00 AM,0,0,0
02/26/2015 02:00:00 AM,1,1,0
02/26/2015 03:00:00 AM,1,1,0
02/26/2015 04:00:00 AM,4,1,3
02/26/2015 05:00:00 AM,14,3,11
02/26/2015 06:00:00 AM,53,10,43
02/26/2015 07:00:00 AM,89,14,75
02/26/2015 08:00:00 AM,93,6,87
02/26/2015 09:00:00 AM,22,0,22
02/26/2015 10:00:00 AM,18,2,16
02/26/2015 11:00:00 AM,9,1,8
02/26/2015 12:00:00 PM,16,6,10
02/26/2015 01:00:00 PM,11,5,6
02/26/2015 02:00:00 PM,19,13,6
02/26/2015 03:00:00 PM,28,24,4
02/26/2015 04:00:00 PM,68,48,20
02/26/2015 05:00:00 PM,101,82,19
02/26/2015 06:00:00 PM,56,51,5
02/26/2015 07:00:00 PM,70,68,2
02/26/2015 08:00:00 PM,10,8,2
02/26/2015 09:00:00 PM,12,2,10
02/26/2015 10:00:00 PM,8,3,5
02/26/2015 11:00:00 PM,24,2,22
02/27/2015 12:00:00 AM,0,0,0
02/27/2015 01:00:00 AM,1,0,1
02/27/2015 02:00:00 AM,0,0,0
02/27/2015 03:00:00 AM,1,1,0
02/27/2015 04:00:00 AM,1,0,1
02/27/2015 05:00:00 AM,13,1,12
02/27/2015 06:00:00 AM,37,5,32
02/27/2015 07:00:00 AM,75,12,63
02/27/2015 08:00:00 AM,65,4,61
02/27/2015 09:00:00 AM,20,1,19
02/27/2015 10:00:00 AM,7,2,5
02/27/2015 11:00:00 AM,9,5,4
02/27/2015 12:00:00 PM,11,3,8
02/27/2015 01:00:00 PM,17,10,7
02/27/2015 02:00:00 PM,27,14,13
02/27/2015 03:00:00 PM,25,14,11
02/27/2015 04:00:00 PM,51,38,13
02/27/2015 05:00:00 PM,72,61,11
02/27/2015 06:00:00 PM,45,43,2
02/27/2015 07:00:00 PM,18,14,4
02/27/2015 08:00:00 PM,2,1,1
02/27/2015 09:00:00 PM,11,6,5
02/27/2015 10:00:00 PM,3,3,0
02/27/2015 11:00:00 PM,2,2,0
02/28/2015 12:00:00 AM,1,0,1
02/28/2015 01:00:00 AM,0,0,0
02/28/2015 02:00:00 AM,4,2,2
02/28/2015 03:00:00 AM,3,2,1
02/28/2015 04:00:00 AM,2,0,2
02/28/2015 05:00:00 AM,3,0,3
02/28/2015 06:00:00 AM,8,2,6
02/28/2015 07:00:00 AM,11,1,10
02/28/2015 08:00:00 AM,19,9,10
02/28/2015 09:00:00 AM,31,14,17
02/28/2015 10:00:00 AM,60,27,33
02/28/2015 11:00:00 AM,90,41,49
02/28/2015 12:00:00 PM,99,51,48
02/28/2015 01:00:00 PM,72,34,38
02/28/2015 02:00:00 PM,81,43,38
02/28/2015 03:00:00 PM,76,43,33
02/28/2015 04:00:00 PM,48,25,23
02/28/2015 05:00:00 PM,45,28,17
02/28/2015 06:00:00 PM,19,10,9
02/28/2015 07:00:00 PM,16,11,5
02/28/2015 08:00:00 PM,13,5,8
02/28/2015 09:00:00 PM,8,3,5
02/28/2015 10:00:00 PM,4,1,3
02/28/2015 11:00:00 PM,4,4,0
03/01/2015 12:00:00 AM,1,0,1
03/01/2015 01:00:00 AM,8,5,3
03/01/2015 02:00:00 AM,0,0,0
03/01/2015 03:00:00 AM,4,2,2
03/01/2015 04:00:00 AM,1,1,0
03/01/2015 05:00:00 AM,3,0,3
03/01/2015 06:00:00 AM,3,1,2
03/01/2015 07:00:00 AM,8,3,5
03/01/2015 08:00:00 AM,19,6,13
03/01/2015 09:00:00 AM,35,16,19
03/01/2015 10:00:00 AM,47,22,25
03/01/2015 11:00:00 AM,86,54,32
03/01/2015 12:00:00 PM,98,44,54
03/01/2015 01:00:00 PM,83,39,44
03/01/2015 02:00:00 PM,59,27,32
03/01/2015 03:00:00 PM,54,28,26
03/01/2015 04:00:00 PM,62,37,25
03/01/2015 05:00:00 PM,36,12,24
03/01/2015 06:00:00 PM,22,9,13
03/01/2015 07:00:00 PM,9,3,6
03/01/2015 08:00:00 PM,5,5,0
03/01/2015 09:00:00 PM,4,4,0
03/01/2015 10:00:00 PM,3,2,1
03/01/2015 11:00:00 PM,1,1,0
03/02/2015 12:00:00 AM,0,0,0
03/02/2015 01:00:00 AM,1,1,0
03/02/2015 02:00:00 AM,0,0,0
03/02/2015 03:00:00 AM,2,0,2
03/02/2015 04:00:00 AM,4,0,4
03/02/2015 05:00:00 AM,22,5,17
03/02/2015 06:00:00 AM,52,7,45
03/02/2015 07:00:00 AM,116,15,101
03/02/2015 08:00:00 AM,103,14,89
03/02/2015 09:00:00 AM,40,2,38
03/02/2015 10:00:00 AM,19,4,15
03/02/2015 11:00:00 AM,7,3,4
03/02/2015 12:00:00 PM,8,2,6
03/02/2015 01:00:00 PM,18,9,9
03/02/2015 02:00:00 PM,16,7,9
03/02/2015 03:00:00 PM,35,29,6
03/02/2015 04:00:00 PM,90,71,19
03/02/2015 05:00:00 PM,124,109,15
03/02/2015 06:00:00 PM,93,83,10
03/02/2015 07:00:00 PM,24,20,4
03/02/2015 08:00:00 PM,11,9,2
03/02/2015 09:00:00 PM,10,8,2
03/02/2015 10:00:00 PM,5,5,0
03/02/2015 11:00:00 PM,4,3,1
03/03/2015 12:00:00 AM,2,1,1
03/03/2015 01:00:00 AM,2,2,0
03/03/2015 02:00:00 AM,3,2,1
03/03/2015 03:00:00 AM,1,1,0
03/03/2015 04:00:00 AM,5,0,5
03/03/2015 05:00:00 AM,24,5,19
03/03/2015 06:00:00 AM,58,3,55
03/03/2015 07:00:00 AM,128,15,113
03/03/2015 08:00:00 AM,128,13,115
03/03/2015 09:00:00 AM,28,3,25
03/03/2015 10:00:00 AM,15,4,11
03/03/2015 11:00:00 AM,33,24,9
03/03/2015 12:00:00 PM,40,16,24
03/03/2015 01:00:00 PM,23,12,11
03/03/2015 02:00:00 PM,25,17,8
03/03/2015 03:00:00 PM,46,33,13
03/03/2015 04:00:00 PM,86,69,17
03/03/2015 05:00:00 PM,145,125,20
03/03/2015 06:00:00 PM,96,85,11
03/03/2015 07:00:00 PM,33,28,5
03/03/2015 08:00:00 PM,11,9,2
03/03/2015 09:00:00 PM,10,9,1
03/03/2015 10:00:00 PM,5,4,1
03/03/2015 11:00:00 PM,1,1,0
03/04/2015 12:00:00 AM,1,1,0
03/04/2015 01:00:00 AM,3,2,1
03/04/2015 02:00:00 AM,0,0,0
03/04/2015 03:00:00 AM,0,0,0
03/04/2015 04:00:00 AM,4,1,3
03/04/2015 05:00:00 AM,17,2,15
03/04/2015 06:00:00 AM,61,12,49
03/04/2015 07:00:00 AM,96,14,82
03/04/2015 08:00:00 AM,118,14,104
03/04/2015 09:00:00 AM,47,10,37
03/04/2015 10:00:00 AM,26,11,15
03/04/2015 11:00:00 AM,23,13,10
03/04/2015 12:00:00 PM,36,13,23
03/04/2015 01:00:00 PM,31,16,15
03/04/2015 02:00:00 PM,36,21,15
03/04/2015 03:00:00 PM,48,31,17
03/04/2015 04:00:00 PM,80,63,17
03/04/2015 05:00:00 PM,133,110,23
03/04/2015 06:00:00 PM,76,64,12
03/04/2015 07:00:00 PM,26,22,4
03/04/2015 08:00:00 PM,9,7,2
03/04/2015 09:00:00 PM,13,10,3
03/04/2015 10:00:00 PM,5,5,0
03/04/2015 11:00:00 PM,0,0,0
03/05/2015 12:00:00 AM,2,1,1
03/05/2015 01:00:00 AM,1,0,1
03/05/2015 02:00:00 AM,1,1,0
03/05/2015 03:00:00 AM,1,0,1
03/05/2015 04:00:00 AM,4,1,3
03/05/2015 05:00:00 AM,19,3,16
03/05/2015 06:00:00 AM,61,6,55
03/05/2015 07:00:00 AM,94,18,76
03/05/2015 08:00:00 AM,118,11,107
03/05/2015 09:00:00 AM,55,10,45
03/05/2015 10:00:00 AM,32,13,19
03/05/2015 11:00:00 AM,22,9,13
03/05/2015 12:00:00 PM,35,13,22
03/05/2015 01:00:00 PM,30,14,16
03/05/2015 02:00:00 PM,41,30,11
03/05/2015 03:00:00 PM,54,40,14
03/05/2015 04:00:00 PM,74,59,15
03/05/2015 05:00:00 PM,139,116,23
03/05/2015 06:00:00 PM,67,60,7
03/05/2015 07:00:00 PM,30,28,2
03/05/2015 08:00:00 PM,13,9,4
03/05/2015 09:00:00 PM,5,2,3
03/05/2015 10:00:00 PM,5,4,1
03/05/2015 11:00:00 PM,3,2,1
03/06/2015 12:00:00 AM,2,1,1
03/06/2015 01:00:00 AM,4,2,2
03/06/2015 02:00:00 AM,4,2,2
03/06/2015 03:00:00 AM,2,1,1
03/06/2015 04:00:00 AM,8,2,6
03/06/2015 05:00:00 AM,16,1,15
03/06/2015 06:00:00 AM,57,10,47
03/06/2015 07:00:00 AM,97,13,84
03/06/2015 08:00:00 AM,84,12,72
03/06/2015 09:00:00 AM,41,4,37
03/06/2015 10:00:00 AM,12,4,8
03/06/2015 11:00:00 AM,15,4,11
03/06/2015 12:00:00 PM,36,18,18
03/06/2015 01:00:00 PM,40,17,23
03/06/2015 02:00:00 PM,44,26,18
03/06/2015 03:00:00 PM,44,33,11
03/06/2015 04:00:00 PM,84,62,22
03/06/2015 05:00:00 PM,121,102,19
03/06/2015 06:00:00 PM,55,46,9
03/06/2015 07:00:00 PM,18,12,6
03/06/2015 08:00:00 PM,17,9,8
03/06/2015 09:00:00 PM,4,1,3
03/06/2015 10:00:00 PM,3,3,0
03/06/2015 11:00:00 PM,0,0,0
03/07/2015 12:00:00 AM,3,2,1
03/07/2015 01:00:00 AM,3,2,1
03/07/2015 02:00:00 AM,0,0,0
03/07/2015 03:00:00 AM,1,0,1
03/07/2015 04:00:00 AM,2,1,1
03/07/2015 05:00:00 AM,6,0,6
03/07/2015 06:00:00 AM,5,1,4
03/07/2015 07:00:00 AM,11,2,9
03/07/2015 08:00:00 AM,32,8,24
03/07/2015 09:00:00 AM,39,21,18
03/07/2015 10:00:00 AM,37,14,23
03/07/2015 11:00:00 AM,55,25,30
03/07/2015 12:00:00 PM,71,39,32
03/07/2015 01:00:00 PM,66,32,34
03/07/2015 02:00:00 PM,91,55,36
03/07/2015 03:00:00 PM,95,49,46
03/07/2015 04:00:00 PM,47,19,28
03/07/2015 05:00:00 PM,46,22,24
03/07/2015 06:00:00 PM,32,16,16
03/07/2015 07:00:00 PM,5,2,3
03/07/2015 08:00:00 PM,6,3,3
03/07/2015 09:00:00 PM,3,3,0
03/07/2015 10:00:00 PM,6,1,5
03/07/2015 11:00:00 PM,2,2,0
03/08/2015 12:00:00 AM,2,1,1
03/08/2015 01:00:00 AM,4,2,2
03/08/2015 02:00:00 AM,,,
03/08/2015 03:00:00 AM,1,0,1
03/08/2015 04:00:00 AM,6,5,1
03/08/2015 05:00:00 AM,3,0,3
03/08/2015 06:00:00 AM,0,0,0
03/08/2015 07:00:00 AM,12,5,7
03/08/2015 08:00:00 AM,10,4,6
03/08/2015 09:00:00 AM,29,8,21
03/08/2015 10:00:00 AM,45,17,28
03/08/2015 11:00:00 AM,82,46,36
03/08/2015 12:00:00 PM,86,39,47
03/08/2015 01:00:00 PM,81,44,37
03/08/2015 02:00:00 PM,103,56,47
03/08/2015 03:00:00 PM,86,51,35
03/08/2015 04:00:00 PM,77,31,46
03/08/2015 05:00:00 PM,39,16,23
03/08/2015 06:00:00 PM,38,17,21
03/08/2015 07:00:00 PM,10,4,6
03/08/2015 08:00:00 PM,11,9,2
03/08/2015 09:00:00 PM,3,2,1
03/08/2015 10:00:00 PM,5,5,0
03/08/2015 11:00:00 PM,1,1,0
03/09/2015 12:00:00 AM,0,0,0
03/09/2015 01:00:00 AM,1,0,1
03/09/2015 02:00:00 AM,2,1,1
03/09/2015 03:00:00 AM,1,0,1
03/09/2015 04:00:00 AM,5,1,4
03/09/2015 05:00:00 AM,11,1,10
03/09/2015 06:00:00 AM,57,7,50
03/09/2015 07:00:00 AM,98,12,86
03/09/2015 08:00:00 AM,116,14,102
03/09/2015 09:00:00 AM,57,7,50
03/09/2015 10:00:00 AM,20,3,17
03/09/2015 11:00:00 AM,14,7,7
03/09/2015 12:00:00 PM,33,10,23
03/09/2015 01:00:00 PM,27,14,13
03/09/2015 02:00:00 PM,34,22,12
03/09/2015 03:00:00 PM,38,30,8
03/09/2015 04:00:00 PM,80,68,12
03/09/2015 05:00:00 PM,142,120,22
03/09/2015 06:00:00 PM,99,86,13
03/09/2015 07:00:00 PM,30,25,5
03/09/2015 08:00:00 PM,16,11,5
03/09/2015 09:00:00 PM,9,5,4
03/09/2015 10:00:00 PM,2,1,1
03/09/2015 11:00:00 PM,10,7,3
03/10/2015 12:00:00 AM,1,1,0
03/10/2015 01:00:00 AM,2,2,0
03/10/2015 02:00:00 AM,2,2,0
03/10/2015 03:00:00 AM,3,1,2
03/10/2015 04:00:00 AM,3,1,2
03/10/2015 05:00:00 AM,24,3,21
03/10/2015 06:00:00 AM,49,7,42
03/10/2015 07:00:00 AM,123,11,112
03/10/2015 08:00:00 AM,122,18,104
03/10/2015 09:00:00 AM,52,7,45
03/10/2015 10:00:00 AM,15,2,13
03/10/2015 11:00:00 AM,13,6,7
03/10/2015 12:00:00 PM,21,9,12
03/10/2015 01:00:00 PM,35,18,17
03/10/2015 02:00:00 PM,27,14,13
03/10/2015 03:00:00 PM,35,31,4
03/10/2015 04:00:00 PM,97,83,14
03/10/2015 05:00:00 PM,142,120,22
03/10/2015 06:00:00 PM,110,95,15
03/10/2015 07:00:00 PM,37,29,8
03/10/2015 08:00:00 PM,14,12,2
03/10/2015 09:00:00 PM,10,6,4
03/10/2015 10:00:00 PM,9,5,4
03/10/2015 11:00:00 PM,6,6,0
03/11/2015 12:00:00 AM,1,1,0
03/11/2015 01:00:00 AM,1,0,1
03/11/2015 02:00:00 AM,2,0,2
03/11/2015 03:00:00 AM,1,1,0
03/11/2015 04:00:00 AM,3,0,3
03/11/2015 05:00:00 AM,14,2,12
03/11/2015 06:00:00 AM,36,6,30
03/11/2015 07:00:00 AM,98,17,81
03/11/2015 08:00:00 AM,87,9,78
03/11/2015 09:00:00 AM,27,3,24
03/11/2015 10:00:00 AM,13,3,10
03/11/2015 11:00:00 AM,21,11,10
03/11/2015 12:00:00 PM,13,5,8
03/11/2015 01:00:00 PM,13,3,10
03/11/2015 02:00:00 PM,15,10,5
03/11/2015 03:00:00 PM,19,14,5
03/11/2015 04:00:00 PM,42,36,6
03/11/2015 05:00:00 PM,104,85,19
03/11/2015 06:00:00 PM,60,49,11
03/11/2015 07:00:00 PM,22,19,3
03/11/2015 08:00:00 PM,18,14,4
03/11/2015 09:00:00 PM,3,3,0
03/11/2015 10:00:00 PM,11,7,4
03/11/2015 11:00:00 PM,2,2,0
03/12/2015 12:00:00 AM,1,1,0
03/12/2015 01:00:00 AM,3,2,1
03/12/2015 02:00:00 AM,1,0,1
03/12/2015 03:00:00 AM,0,0,0
03/12/2015 04:00:00 AM,1,0,1
03/12/2015 05:00:00 AM,17,3,14
03/12/2015 06:00:00 AM,61,11,50
03/12/2015 07:00:00 AM,106,13,93
03/12/2015 08:00:00 AM,100,7,93
03/12/2015 09:00:00 AM,45,5,40
03/12/2015 10:00:00 AM,26,6,20
03/12/2015 11:00:00 AM,15,7,8
03/12/2015 12:00:00 PM,16,4,12
03/12/2015 01:00:00 PM,31,12,19
03/12/2015 02:00:00 PM,25,14,11
03/12/2015 03:00:00 PM,59,36,23
03/12/2015 04:00:00 PM,85,55,30
03/12/2015 05:00:00 PM,123,101,22
03/12/2015 06:00:00 PM,92,73,19
03/12/2015 07:00:00 PM,51,42,9
03/12/2015 08:00:00 PM,20,11,9
03/12/2015 09:00:00 PM,22,12,10
03/12/2015 10:00:00 PM,8,5,3
03/12/2015 11:00:00 PM,7,6,1
03/13/2015 12:00:00 AM,4,2,2
03/13/2015 01:00:00 AM,3,3,0
03/13/2015 02:00:00 AM,4,2,2
03/13/2015 03:00:00 AM,2,0,2
03/13/2015 04:00:00 AM,2,0,2
03/13/2015 05:00:00 AM,13,1,12
03/13/2015 06:00:00 AM,63,13,50
03/13/2015 07:00:00 AM,114,20,94
03/13/2015 08:00:00 AM,115,24,91
03/13/2015 09:00:00 AM,53,14,39
03/13/2015 10:00:00 AM,25,8,17
03/13/2015 11:00:00 AM,21,14,7
03/13/2015 12:00:00 PM,23,13,10
03/13/2015 01:00:00 PM,47,17,30
03/13/2015 02:00:00 PM,45,27,18
03/13/2015 03:00:00 PM,49,33,16
03/13/2015 04:00:00 PM,96,75,21
03/13/2015 05:00:00 PM,120,106,14
03/13/2015 06:00:00 PM,71,60,11
03/13/2015 07:00:00 PM,27,27,0
03/13/2015 08:00:00 PM,18,7,11
03/13/2015 09:00:00 PM,8,7,1
03/13/2015 10:00:00 PM,8,3,5
03/13/2015 11:00:00 PM,5,3,2
03/14/2015 12:00:00 AM,4,4,0
03/14/2015 01:00:00 AM,2,0,2
03/14/2015 02:00:00 AM,0,0,0
03/14/2015 03:00:00 AM,1,0,1
03/14/2015 04:00:00 AM,0,0,0
03/14/2015 05:00:00 AM,3,0,3
03/14/2015 06:00:00 AM,7,2,5
03/14/2015 07:00:00 AM,2,2,0
03/14/2015 08:00:00 AM,5,2,3
03/14/2015 09:00:00 AM,5,3,2
03/14/2015 10:00:00 AM,11,7,4
03/14/2015 11:00:00 AM,8,5,3
03/14/2015 12:00:00 PM,8,6,2
03/14/2015 01:00:00 PM,5,3,2
03/14/2015 02:00:00 PM,17,3,14
03/14/2015 03:00:00 PM,15,6,9
03/14/2015 04:00:00 PM,10,4,6
03/14/2015 05:00:00 PM,15,7,8
03/14/2015 06:00:00 PM,13,7,6
03/14/2015 07:00:00 PM,9,5,4
03/14/2015 08:00:00 PM,1,0,1
03/14/2015 09:00:00 PM,3,3,0
03/14/2015 10:00:00 PM,7,7,0
03/14/2015 11:00:00 PM,4,4,0
03/15/2015 12:00:00 AM,7,5,2
03/15/2015 01:00:00 AM,4,0,4
03/15/2015 02:00:00 AM,0,0,0
03/15/2015 03:00:00 AM,5,0,5
03/15/2015 04:00:00 AM,1,1,0
03/15/2015 05:00:00 AM,3,0,3
03/15/2015 06:00:00 AM,1,0,1
03/15/2015 07:00:00 AM,3,2,1
03/15/2015 08:00:00 AM,5,0,5
03/15/2015 09:00:00 AM,7,5,2
03/15/2015 10:00:00 AM,1,1,0
03/15/2015 11:00:00 AM,4,2,2
03/15/2015 12:00:00 PM,5,1,4
03/15/2015 01:00:00 PM,0,0,0
03/15/2015 02:00:00 PM,2,2,0
03/15/2015 03:00:00 PM,4,3,1
03/15/2015 04:00:00 PM,3,1,2
03/15/2015 05:00:00 PM,3,0,3
03/15/2015 06:00:00 PM,3,2,1
03/15/2015 07:00:00 PM,1,1,0
03/15/2015 08:00:00 PM,0,0,0
03/15/2015 09:00:00 PM,1,0,1
03/15/2015 10:00:00 PM,1,1,0
03/15/2015 11:00:00 PM,0,0,0
03/16/2015 12:00:00 AM,0,0,0
03/16/2015 01:00:00 AM,1,1,0
03/16/2015 02:00:00 AM,0,0,0
03/16/2015 03:00:00 AM,3,1,2
03/16/2015 04:00:00 AM,2,1,1
03/16/2015 05:00:00 AM,7,1,6
03/16/2015 06:00:00 AM,46,6,40
03/16/2015 07:00:00 AM,92,11,81
03/16/2015 08:00:00 AM,98,8,90
03/16/2015 09:00:00 AM,41,3,38
03/16/2015 10:00:00 AM,15,2,13
03/16/2015 11:00:00 AM,12,5,7
03/16/2015 12:00:00 PM,29,14,15
03/16/2015 01:00:00 PM,27,10,17
03/16/2015 02:00:00 PM,27,14,13
03/16/2015 03:00:00 PM,46,37,9
03/16/2015 04:00:00 PM,78,58,20
03/16/2015 05:00:00 PM,123,102,21
03/16/2015 06:00:00 PM,87,73,14
03/16/2015 07:00:00 PM,33,23,10
03/16/2015 08:00:00 PM,15,10,5
03/16/2015 09:00:00 PM,10,7,3
03/16/2015 10:00:00 PM,1,0,1
03/16/2015 11:00:00 PM,5,4,1
03/17/2015 12:00:00 AM,4,3,1
03/17/2015 01:00:00 AM,1,0,1
03/17/2015 02:00:00 AM,1,1,0
03/17/2015 03:00:00 AM,1,1,0
03/17/2015 04:00:00 AM,1,0,1
03/17/2015 05:00:00 AM,13,2,11
03/17/2015 06:00:00 AM,51,9,42
03/17/2015 07:00:00 AM,111,14,97
03/17/2015 08:00:00 AM,117,9,108
03/17/2015 09:00:00 AM,49,5,44
03/17/2015 10:00:00 AM,23,6,17
03/17/2015 11:00:00 AM,23,13,10
03/17/2015 12:00:00 PM,18,6,12
03/17/2015 01:00:00 PM,22,8,14
03/17/2015 02:00:00 PM,27,21,6
03/17/2015 03:00:00 PM,40,29,11
03/17/2015 04:00:00 PM,62,48,14
03/17/2015 05:00:00 PM,104,89,15
03/17/2015 06:00:00 PM,87,80,7
03/17/2015 07:00:00 PM,22,20,2
03/17/2015 08:00:00 PM,8,7,1
03/17/2015 09:00:00 PM,4,3,1
03/17/2015 10:00:00 PM,8,7,1
03/17/2015 11:00:00 PM,3,2,1
03/18/2015 12:00:00 AM,5,5,0
03/18/2015 01:00:00 AM,0,0,0
03/18/2015 02:00:00 AM,1,0,1
03/18/2015 03:00:00 AM,1,0,1
03/18/2015 04:00:00 AM,4,2,2
03/18/2015 05:00:00 AM,12,3,9
03/18/2015 06:00:00 AM,67,5,62
03/18/2015 07:00:00 AM,99,9,90
03/18/2015 08:00:00 AM,123,11,112
03/18/2015 09:00:00 AM,39,2,37
03/18/2015 10:00:00 AM,19,5,14
03/18/2015 11:00:00 AM,15,9,6
03/18/2015 12:00:00 PM,26,13,13
03/18/2015 01:00:00 PM,24,8,16
03/18/2015 02:00:00 PM,33,24,9
03/18/2015 03:00:00 PM,37,27,10
03/18/2015 04:00:00 PM,80,68,12
03/18/2015 05:00:00 PM,130,113,17
03/18/2015 06:00:00 PM,100,80,20
03/18/2015 07:00:00 PM,39,33,6
03/18/2015 08:00:00 PM,27,19,8
03/18/2015 09:00:00 PM,8,5,3
03/18/2015 10:00:00 PM,6,6,0
03/18/2015 11:00:00 PM,5,5,0
03/19/2015 12:00:00 AM,2,0,2
03/19/2015 01:00:00 AM,0,0,0
03/19/2015 02:00:00 AM,3,1,2
03/19/2015 03:00:00 AM,0,0,0
03/19/2015 04:00:00 AM,6,3,3
03/19/2015 05:00:00 AM,18,3,15
03/19/2015 06:00:00 AM,66,11,55
03/19/2015 07:00:00 AM,108,16,92
03/19/2015 08:00:00 AM,117,6,111
03/19/2015 09:00:00 AM,54,6,48
03/19/2015 10:00:00 AM,28,12,16
03/19/2015 11:00:00 AM,22,9,13
03/19/2015 12:00:00 PM,19,10,9
03/19/2015 01:00:00 PM,26,12,14
03/19/2015 02:00:00 PM,27,13,14
03/19/2015 03:00:00 PM,39,25,14
03/19/2015 04:00:00 PM,77,61,16
03/19/2015 05:00:00 PM,112,94,18
03/19/2015 06:00:00 PM,78,67,11
03/19/2015 07:00:00 PM,39,35,4
03/19/2015 08:00:00 PM,24,19,5
03/19/2015 09:00:00 PM,6,4,2
03/19/2015 10:00:00 PM,6,5,1
03/19/2015 11:00:00 PM,7,5,2
03/20/2015 12:00:00 AM,4,3,1
03/20/2015 01:00:00 AM,0,0,0
03/20/2015 02:00:00 AM,1,1,0
03/20/2015 03:00:00 AM,0,0,0
03/20/2015 04:00:00 AM,2,1,1
03/20/2015 05:00:00 AM,12,3,9
03/20/2015 06:00:00 AM,34,8,26
03/20/2015 07:00:00 AM,72,9,63
03/20/2015 08:00:00 AM,78,6,72
03/20/2015 09:00:00 AM,34,9,25
03/20/2015 10:00:00 AM,12,4,8
03/20/2015 11:00:00 AM,22,11,11
03/20/2015 12:00:00 PM,19,8,11
03/20/2015 01:00:00 PM,20,11,9
03/20/2015 02:00:00 PM,20,11,9
03/20/2015 03:00:00 PM,31,24,7
03/20/2015 04:00:00 PM,53,42,11
03/20/2015 05:00:00 PM,61,54,7
03/20/2015 06:00:00 PM,56,54,2
03/20/2015 07:00:00 PM,16,13,3
03/20/2015 08:00:00 PM,6,2,4
03/20/2015 09:00:00 PM,7,5,2
03/20/2015 10:00:00 PM,6,5,1
03/20/2015 11:00:00 PM,3,3,0
03/21/2015 12:00:00 AM,2,2,0
03/21/2015 01:00:00 AM,2,1,1
03/21/2015 02:00:00 AM,1,1,0
03/21/2015 03:00:00 AM,1,0,1
03/21/2015 04:00:00 AM,3,3,0
03/21/2015 05:00:00 AM,1,0,1
03/21/2015 06:00:00 AM,3,0,3
03/21/2015 07:00:00 AM,16,10,6
03/21/2015 08:00:00 AM,18,5,13
03/21/2015 09:00:00 AM,11,5,6
03/21/2015 10:00:00 AM,13,6,7
03/21/2015 11:00:00 AM,11,6,5
03/21/2015 12:00:00 PM,18,10,8
03/21/2015 01:00:00 PM,30,16,14
03/21/2015 02:00:00 PM,27,14,13
03/21/2015 03:00:00 PM,25,14,11
03/21/2015 04:00:00 PM,37,18,19
03/21/2015 05:00:00 PM,29,12,17
03/21/2015 06:00:00 PM,27,14,13
03/21/2015 07:00:00 PM,14,8,6
03/21/2015 08:00:00 PM,4,1,3
03/21/2015 09:00:00 PM,1,0,1
03/21/2015 10:00:00 PM,3,3,0
03/21/2015 11:00:00 PM,4,3,1
03/22/2015 12:00:00 AM,2,2,0
03/22/2015 01:00:00 AM,2,1,1
03/22/2015 02:00:00 AM,0,0,0
03/22/2015 03:00:00 AM,5,1,4
03/22/2015 04:00:00 AM,1,1,0
03/22/2015 05:00:00 AM,5,1,4
03/22/2015 06:00:00 AM,3,1,2
03/22/2015 07:00:00 AM,5,0,5
03/22/2015 08:00:00 AM,16,2,14
03/22/2015 09:00:00 AM,26,11,15
03/22/2015 10:00:00 AM,67,43,24
03/22/2015 11:00:00 AM,59,22,37
03/22/2015 12:00:00 PM,45,19,26
03/22/2015 01:00:00 PM,22,9,13
03/22/2015 02:00:00 PM,31,14,17
03/22/2015 03:00:00 PM,14,12,2
03/22/2015 04:00:00 PM,16,7,9
03/22/2015 05:00:00 PM,13,7,6
03/22/2015 06:00:00 PM,3,2,1
03/22/2015 07:00:00 PM,2,1,1
03/22/2015 08:00:00 PM,6,4,2
03/22/2015 09:00:00 PM,4,2,2
03/22/2015 10:00:00 PM,2,1,1
03/22/2015 11:00:00 PM,5,3,2
03/23/2015 12:00:00 AM,1,1,0
03/23/2015 01:00:00 AM,1,0,1
03/23/2015 02:00:00 AM,1,1,0
03/23/2015 03:00:00 AM,2,0,2
03/23/2015 04:00:00 AM,4,1,3
03/23/2015 05:00:00 AM,16,3,13
03/23/2015 06:00:00 AM,51,13,38
03/23/2015 07:00:00 AM,87,9,78
03/23/2015 08:00:00 AM,81,6,75
03/23/2015 09:00:00 AM,34,4,30
03/23/2015 10:00:00 AM,13,3,10
03/23/2015 11:00:00 AM,11,4,7
03/23/2015 12:00:00 PM,7,3,4
03/23/2015 01:00:00 PM,7,2,5
03/23/2015 02:00:00 PM,9,7,2
03/23/2015 03:00:00 PM,23,19,4
03/23/2015 04:00:00 PM,60,48,12
03/23/2015 05:00:00 PM,86,76,10
03/23/2015 06:00:00 PM,60,56,4
03/23/2015 07:00:00 PM,18,16,2
03/23/2015 08:00:00 PM,9,7,2
03/23/2015 09:00:00 PM,7,4,3
03/23/2015 10:00:00 PM,4,3,1
03/23/2015 11:00:00 PM,1,0,1
03/24/2015 12:00:00 AM,1,0,1
03/24/2015 01:00:00 AM,1,0,1
03/24/2015 02:00:00 AM,0,0,0
03/24/2015 03:00:00 AM,1,0,1
03/24/2015 04:00:00 AM,2,1,1
03/24/2015 05:00:00 AM,16,2,14
03/24/2015 06:00:00 AM,62,8,54
03/24/2015 07:00:00 AM,85,12,73
03/24/2015 08:00:00 AM,96,7,89
03/24/2015 09:00:00 AM,23,0,23
03/24/2015 10:00:00 AM,17,5,12
03/24/2015 11:00:00 AM,12,6,6
03/24/2015 12:00:00 PM,23,8,15
03/24/2015 01:00:00 PM,19,9,10
03/24/2015 02:00:00 PM,31,23,8
03/24/2015 03:00:00 PM,31,21,10
03/24/2015 04:00:00 PM,65,54,11
03/24/2015 05:00:00 PM,102,92,10
03/24/2015 06:00:00 PM,75,66,9
03/24/2015 07:00:00 PM,31,22,9
03/24/2015 08:00:00 PM,18,15,3
03/24/2015 09:00:00 PM,17,15,2
03/24/2015 10:00:00 PM,6,6,0
03/24/2015 11:00:00 PM,6,5,1
03/25/2015 12:00:00 AM,1,1,0
03/25/2015 01:00:00 AM,0,0,0
03/25/2015 02:00:00 AM,0,0,0
03/25/2015 03:00:00 AM,0,0,0
03/25/2015 04:00:00 AM,2,1,1
03/25/2015 05:00:00 AM,11,1,10
03/25/2015 06:00:00 AM,42,9,33
03/25/2015 07:00:00 AM,65,8,57
03/25/2015 08:00:00 AM,85,10,75
03/25/2015 09:00:00 AM,28,3,25
03/25/2015 10:00:00 AM,10,4,6
03/25/2015 11:00:00 AM,5,1,4
03/25/2015 12:00:00 PM,10,4,6
03/25/2015 01:00:00 PM,5,2,3
03/25/2015 02:00:00 PM,7,4,3
03/25/2015 03:00:00 PM,30,19,11
03/25/2015 04:00:00 PM,53,42,11
03/25/2015 05:00:00 PM,61,54,7
03/25/2015 06:00:00 PM,64,56,8
03/25/2015 07:00:00 PM,28,23,5
03/25/2015 08:00:00 PM,7,7,0
03/25/2015 09:00:00 PM,8,7,1
03/25/2015 10:00:00 PM,5,4,1
03/25/2015 11:00:00 PM,0,0,0
03/26/2015 12:00:00 AM,2,0,2
03/26/2015 01:00:00 AM,0,0,0
03/26/2015 02:00:00 AM,3,2,1
03/26/2015 03:00:00 AM,1,1,0
03/26/2015 04:00:00 AM,7,2,5
03/26/2015 05:00:00 AM,19,4,15
03/26/2015 06:00:00 AM,67,11,56
03/26/2015 07:00:00 AM,112,19,93
03/26/2015 08:00:00 AM,130,11,119
03/26/2015 09:00:00 AM,42,4,38
03/26/2015 10:00:00 AM,38,13,25
03/26/2015 11:00:00 AM,28,8,20
03/26/2015 12:00:00 PM,23,11,12
03/26/2015 01:00:00 PM,42,18,24
03/26/2015 02:00:00 PM,55,36,19
03/26/2015 03:00:00 PM,73,49,24
03/26/2015 04:00:00 PM,108,83,25
03/26/2015 05:00:00 PM,152,115,37
03/26/2015 06:00:00 PM,113,92,21
03/26/2015 07:00:00 PM,158,133,25
03/26/2015 08:00:00 PM,35,23,12
03/26/2015 09:00:00 PM,10,3,7
03/26/2015 10:00:00 PM,11,5,6
03/26/2015 11:00:00 PM,48,4,44
03/27/2015 12:00:00 AM,24,3,21
03/27/2015 01:00:00 AM,15,1,14
03/27/2015 02:00:00 AM,1,0,1
03/27/2015 03:00:00 AM,1,0,1
03/27/2015 04:00:00 AM,3,1,2
03/27/2015 05:00:00 AM,19,3,16
03/27/2015 06:00:00 AM,54,13,41
03/27/2015 07:00:00 AM,125,20,105
03/27/2015 08:00:00 AM,119,20,99
03/27/2015 09:00:00 AM,42,10,32
03/27/2015 10:00:00 AM,29,9,20
03/27/2015 11:00:00 AM,24,8,16
03/27/2015 12:00:00 PM,35,13,22
03/27/2015 01:00:00 PM,45,33,12
03/27/2015 02:00:00 PM,45,25,20
03/27/2015 03:00:00 PM,81,57,24
03/27/2015 04:00:00 PM,118,89,29
03/27/2015 05:00:00 PM,131,110,21
03/27/2015 06:00:00 PM,90,75,15
03/27/2015 07:00:00 PM,25,17,8
03/27/2015 08:00:00 PM,19,13,6
03/27/2015 09:00:00 PM,8,5,3
03/27/2015 10:00:00 PM,2,1,1
03/27/2015 11:00:00 PM,8,3,5
03/28/2015 12:00:00 AM,5,2,3
03/28/2015 01:00:00 AM,2,0,2
03/28/2015 02:00:00 AM,0,0,0
03/28/2015 03:00:00 AM,2,0,2
03/28/2015 04:00:00 AM,1,0,1
03/28/2015 05:00:00 AM,6,0,6
03/28/2015 06:00:00 AM,13,3,10
03/28/2015 07:00:00 AM,22,10,12
03/28/2015 08:00:00 AM,23,9,14
03/28/2015 09:00:00 AM,33,17,16
03/28/2015 10:00:00 AM,37,16,21
03/28/2015 11:00:00 AM,47,26,21
03/28/2015 12:00:00 PM,49,25,24
03/28/2015 01:00:00 PM,62,26,36
03/28/2015 02:00:00 PM,65,33,32
03/28/2015 03:00:00 PM,46,28,18
03/28/2015 04:00:00 PM,31,20,11
03/28/2015 05:00:00 PM,41,24,17
03/28/2015 06:00:00 PM,32,17,15
03/28/2015 07:00:00 PM,18,9,9
03/28/2015 08:00:00 PM,5,3,2
03/28/2015 09:00:00 PM,8,5,3
03/28/2015 10:00:00 PM,1,0,1
03/28/2015 11:00:00 PM,2,1,1
03/29/2015 12:00:00 AM,1,1,0
03/29/2015 01:00:00 AM,1,1,0
03/29/2015 02:00:00 AM,1,1,0
03/29/2015 03:00:00 AM,1,0,1
03/29/2015 04:00:00 AM,2,2,0
03/29/2015 05:00:00 AM,9,1,8
03/29/2015 06:00:00 AM,2,0,2
03/29/2015 07:00:00 AM,14,2,12
03/29/2015 08:00:00 AM,23,5,18
03/29/2015 09:00:00 AM,41,16,25
03/29/2015 10:00:00 AM,45,28,17
03/29/2015 11:00:00 AM,55,29,26
03/29/2015 12:00:00 PM,57,25,32
03/29/2015 01:00:00 PM,43,25,18
03/29/2015 02:00:00 PM,60,35,25
03/29/2015 03:00:00 PM,38,17,21
03/29/2015 04:00:00 PM,38,18,20
03/29/2015 05:00:00 PM,19,12,7
03/29/2015 06:00:00 PM,18,9,9
03/29/2015 07:00:00 PM,9,6,3
03/29/2015 08:00:00 PM,6,2,4
03/29/2015 09:00:00 PM,3,2,1
03/29/2015 10:00:00 PM,4,1,3
03/29/2015 11:00:00 PM,3,2,1
03/30/2015 12:00:00 AM,1,1,0
03/30/2015 01:00:00 AM,0,0,0
03/30/2015 02:00:00 AM,2,1,1
03/30/2015 03:00:00 AM,3,1,2
03/30/2015 04:00:00 AM,3,1,2
03/30/2015 05:00:00 AM,22,4,18
03/30/2015 06:00:00 AM,65,11,54
03/30/2015 07:00:00 AM,130,17,113
03/30/2015 08:00:00 AM,130,11,119
03/30/2015 09:00:00 AM,50,6,44
03/30/2015 10:00:00 AM,20,6,14
03/30/2015 11:00:00 AM,18,5,13
03/30/2015 12:00:00 PM,26,13,13
03/30/2015 01:00:00 PM,22,8,14
03/30/2015 02:00:00 PM,32,19,13
03/30/2015 03:00:00 PM,63,46,17
03/30/2015 04:00:00 PM,93,70,23
03/30/2015 05:00:00 PM,174,154,20
03/30/2015 06:00:00 PM,116,95,21
03/30/2015 07:00:00 PM,26,19,7
03/30/2015 08:00:00 PM,13,12,1
03/30/2015 09:00:00 PM,8,5,3
03/30/2015 10:00:00 PM,2,2,0
03/30/2015 11:00:00 PM,5,2,3
03/31/2015 12:00:00 AM,4,2,2
03/31/2015 01:00:00 AM,0,0,0
03/31/2015 02:00:00 AM,0,0,0
03/31/2015 03:00:00 AM,0,0,0
03/31/2015 04:00:00 AM,1,1,0
03/31/2015 05:00:00 AM,19,2,17
03/31/2015 06:00:00 AM,55,10,45
03/31/2015 07:00:00 AM,105,18,87
03/31/2015 08:00:00 AM,91,15,76
03/31/2015 09:00:00 AM,31,4,27
03/31/2015 10:00:00 AM,15,1,14
03/31/2015 11:00:00 AM,8,4,4
03/31/2015 12:00:00 PM,17,6,11
03/31/2015 01:00:00 PM,11,8,3
03/31/2015 02:00:00 PM,24,16,8
03/31/2015 03:00:00 PM,31,21,10
03/31/2015 04:00:00 PM,59,52,7
03/31/2015 05:00:00 PM,94,81,13
03/31/2015 06:00:00 PM,53,48,5
03/31/2015 07:00:00 PM,22,19,3
03/31/2015 08:00:00 PM,12,10,2
03/31/2015 09:00:00 PM,9,7,2
03/31/2015 10:00:00 PM,2,2,0
03/31/2015 11:00:00 PM,1,1,0
04/01/2015 12:00:00 AM,2,0,2
04/01/2015 01:00:00 AM,1,1,0
04/01/2015 02:00:00 AM,0,0,0
04/01/2015 03:00:00 AM,3,1,2
04/01/2015 04:00:00 AM,3,1,2
04/01/2015 05:00:00 AM,20,1,19
04/01/2015 06:00:00 AM,46,5,41
04/01/2015 07:00:00 AM,85,7,78
04/01/2015 08:00:00 AM,105,11,94
04/01/2015 09:00:00 AM,45,9,36
04/01/2015 10:00:00 AM,17,6,11
04/01/2015 11:00:00 AM,14,4,10
04/01/2015 12:00:00 PM,18,9,9
04/01/2015 01:00:00 PM,20,10,10
04/01/2015 02:00:00 PM,22,14,8
04/01/2015 03:00:00 PM,28,22,6
04/01/2015 04:00:00 PM,48,36,12
04/01/2015 05:00:00 PM,100,84,16
04/01/2015 06:00:00 PM,69,67,2
04/01/2015 07:00:00 PM,30,27,3
04/01/2015 08:00:00 PM,13,9,4
04/01/2015 09:00:00 PM,9,6,3
04/01/2015 10:00:00 PM,4,3,1
04/01/2015 11:00:00 PM,2,1,1
04/02/2015 12:00:00 AM,1,0,1
04/02/2015 01:00:00 AM,1,0,1
04/02/2015 02:00:00 AM,0,0,0
04/02/2015 03:00:00 AM,0,0,0
04/02/2015 04:00:00 AM,2,0,2
04/02/2015 05:00:00 AM,25,4,21
04/02/2015 06:00:00 AM,53,6,47
04/02/2015 07:00:00 AM,113,12,101
04/02/2015 08:00:00 AM,110,14,96
04/02/2015 09:00:00 AM,50,4,46
04/02/2015 10:00:00 AM,20,5,15
04/02/2015 11:00:00 AM,16,4,12
04/02/2015 12:00:00 PM,16,9,7
04/02/2015 01:00:00 PM,24,10,14
04/02/2015 02:00:00 PM,27,15,12
04/02/2015 03:00:00 PM,42,26,16
04/02/2015 04:00:00 PM,78,62,16
04/02/2015 05:00:00 PM,133,110,23
04/02/2015 06:00:00 PM,112,94,18
04/02/2015 07:00:00 PM,38,30,8
04/02/2015 08:00:00 PM,11,10,1
04/02/2015 09:00:00 PM,15,10,5
04/02/2015 10:00:00 PM,4,3,1
04/02/2015 11:00:00 PM,5,4,1
04/03/2015 12:00:00 AM,6,4,2
04/03/2015 01:00:00 AM,0,0,0
04/03/2015 02:00:00 AM,1,1,0
04/03/2015 03:00:00 AM,1,1,0
04/03/2015 04:00:00 AM,1,0,1
04/03/2015 05:00:00 AM,11,1,10
04/03/2015 06:00:00 AM,44,9,35
04/03/2015 07:00:00 AM,86,13,73
04/03/2015 08:00:00 AM,85,10,75
04/03/2015 09:00:00 AM,38,4,34
04/03/2015 10:00:00 AM,17,4,13
04/03/2015 11:00:00 AM,29,18,11
04/03/2015 12:00:00 PM,18,6,12
04/03/2015 01:00:00 PM,12,4,8
04/03/2015 02:00:00 PM,11,8,3
04/03/2015 03:00:00 PM,39,28,11
04/03/2015 04:00:00 PM,63,54,9
04/03/2015 05:00:00 PM,84,73,11
04/03/2015 06:00:00 PM,44,38,6
04/03/2015 07:00:00 PM,29,26,3
04/03/2015 08:00:00 PM,5,5,0
04/03/2015 09:00:00 PM,7,2,5
04/03/2015 10:00:00 PM,7,7,0
04/03/2015 11:00:00 PM,6,2,4
04/04/2015 12:00:00 AM,6,4,2
04/04/2015 01:00:00 AM,1,1,0
04/04/2015 02:00:00 AM,2,2,0
04/04/2015 03:00:00 AM,2,1,1
04/04/2015 04:00:00 AM,1,1,0
04/04/2015 05:00:00 AM,5,0,5
04/04/2015 06:00:00 AM,6,2,4
04/04/2015 07:00:00 AM,18,6,12
04/04/2015 08:00:00 AM,38,8,30
04/04/2015 09:00:00 AM,39,21,18
04/04/2015 10:00:00 AM,51,25,26
04/04/2015 11:00:00 AM,44,25,19
04/04/2015 12:00:00 PM,67,36,31
04/04/2015 01:00:00 PM,76,41,35
04/04/2015 02:00:00 PM,70,38,32
04/04/2015 03:00:00 PM,75,37,38
04/04/2015 04:00:00 PM,103,44,59
04/04/2015 05:00:00 PM,57,22,35
04/04/2015 06:00:00 PM,46,20,26
04/04/2015 07:00:00 PM,13,7,6
04/04/2015 08:00:00 PM,3,2,1
04/04/2015 09:00:00 PM,5,4,1
04/04/2015 10:00:00 PM,11,7,4
04/04/2015 11:00:00 PM,3,2,1
04/05/2015 12:00:00 AM,2,2,0
04/05/2015 01:00:00 AM,1,1,0
04/05/2015 02:00:00 AM,1,0,1
04/05/2015 03:00:00 AM,2,1,1
04/05/2015 04:00:00 AM,4,3,1
04/05/2015 05:00:00 AM,7,2,5
04/05/2015 06:00:00 AM,6,1,5
04/05/2015 07:00:00 AM,8,3,5
04/05/2015 08:00:00 AM,19,10,9
04/05/2015 09:00:00 AM,35,22,13
04/05/2015 10:00:00 AM,35,17,18
04/05/2015 11:00:00 AM,57,29,28
04/05/2015 12:00:00 PM,53,30,23
04/05/2015 01:00:00 PM,58,36,22
04/05/2015 02:00:00 PM,56,22,34
04/05/2015 03:00:00 PM,67,27,40
04/05/2015 04:00:00 PM,53,25,28
04/05/2015 05:00:00 PM,39,19,20
04/05/2015 06:00:00 PM,22,8,14
04/05/2015 07:00:00 PM,18,7,11
04/05/2015 08:00:00 PM,5,2,3
04/05/2015 09:00:00 PM,3,1,2
04/05/2015 10:00:00 PM,1,1,0
04/05/2015 11:00:00 PM,3,1,2
04/06/2015 12:00:00 AM,3,2,1
04/06/2015 01:00:00 AM,0,0,0
04/06/2015 02:00:00 AM,0,0,0
04/06/2015 03:00:00 AM,3,2,1
04/06/2015 04:00:00 AM,4,0,4
04/06/2015 05:00:00 AM,17,1,16
04/06/2015 06:00:00 AM,62,9,53
04/06/2015 07:00:00 AM,104,10,94
04/06/2015 08:00:00 AM,109,8,101
04/06/2015 09:00:00 AM,41,4,37
04/06/2015 10:00:00 AM,21,4,17
04/06/2015 11:00:00 AM,8,3,5
04/06/2015 12:00:00 PM,14,5,9
04/06/2015 01:00:00 PM,19,10,9
04/06/2015 02:00:00 PM,24,13,11
04/06/2015 03:00:00 PM,41,32,9
04/06/2015 04:00:00 PM,85,67,18
04/06/2015 05:00:00 PM,141,125,16
04/06/2015 06:00:00 PM,96,80,16
04/06/2015 07:00:00 PM,29,20,9
04/06/2015 08:00:00 PM,15,10,5
04/06/2015 09:00:00 PM,8,6,2
04/06/2015 10:00:00 PM,6,3,3
04/06/2015 11:00:00 PM,4,1,3
04/07/2015 12:00:00 AM,2,2,0
04/07/2015 01:00:00 AM,0,0,0
04/07/2015 02:00:00 AM,0,0,0
04/07/2015 03:00:00 AM,1,1,0
04/07/2015 04:00:00 AM,0,0,0
04/07/2015 05:00:00 AM,29,3,26
04/07/2015 06:00:00 AM,75,12,63
04/07/2015 07:00:00 AM,133,15,118
04/07/2015 08:00:00 AM,124,7,117
04/07/2015 09:00:00 AM,43,7,36
04/07/2015 10:00:00 AM,23,8,15
04/07/2015 11:00:00 AM,11,6,5
04/07/2015 12:00:00 PM,8,5,3
04/07/2015 01:00:00 PM,11,6,5
04/07/2015 02:00:00 PM,21,14,7
04/07/2015 03:00:00 PM,37,30,7
04/07/2015 04:00:00 PM,93,73,20
04/07/2015 05:00:00 PM,160,132,28
04/07/2015 06:00:00 PM,91,80,11
04/07/2015 07:00:00 PM,29,22,7
04/07/2015 08:00:00 PM,19,17,2
04/07/2015 09:00:00 PM,13,10,3
04/07/2015 10:00:00 PM,7,3,4
04/07/2015 11:00:00 PM,2,1,1
04/08/2015 12:00:00 AM,7,1,6
04/08/2015 01:00:00 AM,0,0,0
04/08/2015 02:00:00 AM,0,0,0
04/08/2015 03:00:00 AM,2,2,0
04/08/2015 04:00:00 AM,1,0,1
04/08/2015 05:00:00 AM,23,2,21
04/08/2015 06:00:00 AM,83,13,70
04/08/2015 07:00:00 AM,118,10,108
04/08/2015 08:00:00 AM,107,7,100
04/08/2015 09:00:00 AM,55,15,40
04/08/2015 10:00:00 AM,22,2,20
04/08/2015 11:00:00 AM,23,4,19
04/08/2015 12:00:00 PM,18,9,9
04/08/2015 01:00:00 PM,35,19,16
04/08/2015 02:00:00 PM,41,26,15
04/08/2015 03:00:00 PM,51,34,17
04/08/2015 04:00:00 PM,116,88,28
04/08/2015 05:00:00 PM,155,128,27
04/08/2015 06:00:00 PM,93,81,12
04/08/2015 07:00:00 PM,62,39,23
04/08/2015 08:00:00 PM,22,16,6
04/08/2015 09:00:00 PM,17,13,4
04/08/2015 10:00:00 PM,7,3,4
04/08/2015 11:00:00 PM,4,3,1
04/09/2015 12:00:00 AM,3,1,2
04/09/2015 01:00:00 AM,1,0,1
04/09/2015 02:00:00 AM,0,0,0
04/09/2015 03:00:00 AM,0,0,0
04/09/2015 04:00:00 AM,4,0,4
04/09/2015 05:00:00 AM,22,5,17
04/09/2015 06:00:00 AM,72,11,61
04/09/2015 07:00:00 AM,129,17,112
04/09/2015 08:00:00 AM,119,8,111
04/09/2015 09:00:00 AM,47,9,38
04/09/2015 10:00:00 AM,25,9,16
04/09/2015 11:00:00 AM,18,10,8
04/09/2015 12:00:00 PM,33,16,17
04/09/2015 01:00:00 PM,38,18,20
04/09/2015 02:00:00 PM,37,26,11
04/09/2015 03:00:00 PM,62,43,19
04/09/2015 04:00:00 PM,90,78,12
04/09/2015 05:00:00 PM,191,148,43
04/09/2015 06:00:00 PM,129,100,29
04/09/2015 07:00:00 PM,68,40,28
04/09/2015 08:00:00 PM,22,16,6
04/09/2015 09:00:00 PM,18,13,5
04/09/2015 10:00:00 PM,16,6,10
04/09/2015 11:00:00 PM,6,4,2
04/10/2015 12:00:00 AM,3,2,1
04/10/2015 01:00:00 AM,0,0,0
04/10/2015 02:00:00 AM,0,0,0
04/10/2015 03:00:00 AM,0,0,0
04/10/2015 04:00:00 AM,1,0,1
04/10/2015 05:00:00 AM,8,1,7
04/10/2015 06:00:00 AM,46,9,37
04/10/2015 07:00:00 AM,103,13,90
04/10/2015 08:00:00 AM,92,11,81
04/10/2015 09:00:00 AM,28,4,24
04/10/2015 10:00:00 AM,21,9,12
04/10/2015 11:00:00 AM,9,2,7
04/10/2015 12:00:00 PM,27,15,12
04/10/2015 01:00:00 PM,21,11,10
04/10/2015 02:00:00 PM,24,11,13
04/10/2015 03:00:00 PM,36,28,8
04/10/2015 04:00:00 PM,61,48,13
04/10/2015 05:00:00 PM,73,63,10
04/10/2015 06:00:00 PM,37,35,2
04/10/2015 07:00:00 PM,8,7,1
04/10/2015 08:00:00 PM,3,3,0
04/10/2015 09:00:00 PM,5,3,2
04/10/2015 10:00:00 PM,3,2,1
04/10/2015 11:00:00 PM,1,1,0
04/11/2015 12:00:00 AM,1,0,1
04/11/2015 01:00:00 AM,0,0,0
04/11/2015 02:00:00 AM,0,0,0
04/11/2015 03:00:00 AM,2,1,1
04/11/2015 04:00:00 AM,2,0,2
04/11/2015 05:00:00 AM,3,2,1
04/11/2015 06:00:00 AM,5,1,4
04/11/2015 07:00:00 AM,16,4,12
04/11/2015 08:00:00 AM,19,8,11
04/11/2015 09:00:00 AM,20,9,11
04/11/2015 10:00:00 AM,24,13,11
04/11/2015 11:00:00 AM,18,8,10
04/11/2015 12:00:00 PM,31,12,19
04/11/2015 01:00:00 PM,26,11,15
04/11/2015 02:00:00 PM,36,21,15
04/11/2015 03:00:00 PM,33,16,17
04/11/2015 04:00:00 PM,33,24,9
04/11/2015 05:00:00 PM,13,5,8
04/11/2015 06:00:00 PM,15,12,3
04/11/2015 07:00:00 PM,13,8,5
04/11/2015 08:00:00 PM,6,4,2
04/11/2015 09:00:00 PM,3,2,1
04/11/2015 10:00:00 PM,5,0,5
04/11/2015 11:00:00 PM,3,2,1
04/12/2015 12:00:00 AM,6,3,3
04/12/2015 01:00:00 AM,2,1,1
04/12/2015 02:00:00 AM,0,0,0
04/12/2015 03:00:00 AM,3,1,2
04/12/2015 04:00:00 AM,2,0,2
04/12/2015 05:00:00 AM,4,0,4
04/12/2015 06:00:00 AM,3,0,3
04/12/2015 07:00:00 AM,8,2,6
04/12/2015 08:00:00 AM,31,4,27
04/12/2015 09:00:00 AM,44,22,22
04/12/2015 10:00:00 AM,41,23,18
04/12/2015 11:00:00 AM,67,32,35
04/12/2015 12:00:00 PM,63,29,34
04/12/2015 01:00:00 PM,72,41,31
04/12/2015 02:00:00 PM,72,33,39
04/12/2015 03:00:00 PM,55,37,18
04/12/2015 04:00:00 PM,32,12,20
04/12/2015 05:00:00 PM,39,24,15
04/12/2015 06:00:00 PM,21,13,8
04/12/2015 07:00:00 PM,14,7,7
04/12/2015 08:00:00 PM,6,5,1
04/12/2015 09:00:00 PM,4,3,1
04/12/2015 10:00:00 PM,4,2,2
04/12/2015 11:00:00 PM,2,0,2
04/13/2015 12:00:00 AM,6,3,3
04/13/2015 01:00:00 AM,3,1,2
04/13/2015 02:00:00 AM,0,0,0
04/13/2015 03:00:00 AM,1,1,0
04/13/2015 04:00:00 AM,8,1,7
04/13/2015 05:00:00 AM,14,1,13
04/13/2015 06:00:00 AM,60,9,51
04/13/2015 07:00:00 AM,89,10,79
04/13/2015 08:00:00 AM,86,8,78
04/13/2015 09:00:00 AM,30,2,28
04/13/2015 10:00:00 AM,14,6,8
04/13/2015 11:00:00 AM,18,3,15
04/13/2015 12:00:00 PM,8,3,5
04/13/2015 01:00:00 PM,10,4,6
04/13/2015 02:00:00 PM,21,11,10
04/13/2015 03:00:00 PM,32,26,6
04/13/2015 04:00:00 PM,55,48,7
04/13/2015 05:00:00 PM,77,66,11
04/13/2015 06:00:00 PM,62,55,7
04/13/2015 07:00:00 PM,14,12,2
04/13/2015 08:00:00 PM,7,6,1
04/13/2015 09:00:00 PM,5,4,1
04/13/2015 10:00:00 PM,0,0,0
04/13/2015 11:00:00 PM,1,1,0
04/14/2015 12:00:00 AM,0,0,0
04/14/2015 01:00:00 AM,0,0,0
04/14/2015 02:00:00 AM,2,0,2
04/14/2015 03:00:00 AM,5,4,1
04/14/2015 04:00:00 AM,4,2,2
04/14/2015 05:00:00 AM,11,1,10
04/14/2015 06:00:00 AM,53,3,50
04/14/2015 07:00:00 AM,86,9,77
04/14/2015 08:00:00 AM,87,12,75
04/14/2015 09:00:00 AM,28,5,23
04/14/2015 10:00:00 AM,13,6,7
04/14/2015 11:00:00 AM,16,5,11
04/14/2015 12:00:00 PM,11,6,5
04/14/2015 01:00:00 PM,15,10,5
04/14/2015 02:00:00 PM,19,11,8
04/14/2015 03:00:00 PM,18,12,6
04/14/2015 04:00:00 PM,59,52,7
04/14/2015 05:00:00 PM,98,91,7
04/14/2015 06:00:00 PM,55,50,5
04/14/2015 07:00:00 PM,26,20,6
04/14/2015 08:00:00 PM,8,7,1
04/14/2015 09:00:00 PM,10,7,3
04/14/2015 10:00:00 PM,1,1,0
04/14/2015 11:00:00 PM,2,1,1
04/15/2015 12:00:00 AM,2,2,0
04/15/2015 01:00:00 AM,1,1,0
04/15/2015 02:00:00 AM,1,0,1
04/15/2015 03:00:00 AM,2,1,1
04/15/2015 04:00:00 AM,4,1,3
04/15/2015 05:00:00 AM,21,3,18
04/15/2015 06:00:00 AM,65,6,59
04/15/2015 07:00:00 AM,110,14,96
04/15/2015 08:00:00 AM,107,5,102
04/15/2015 09:00:00 AM,43,8,35
04/15/2015 10:00:00 AM,23,6,17
04/15/2015 11:00:00 AM,14,4,10
04/15/2015 12:00:00 PM,23,11,12
04/15/2015 01:00:00 PM,20,10,10
04/15/2015 02:00:00 PM,34,22,12
04/15/2015 03:00:00 PM,43,32,11
04/15/2015 04:00:00 PM,103,81,22
04/15/2015 05:00:00 PM,136,117,19
04/15/2015 06:00:00 PM,108,82,26
04/15/2015 07:00:00 PM,55,39,16
04/15/2015 08:00:00 PM,22,15,7
04/15/2015 09:00:00 PM,10,6,4
04/15/2015 10:00:00 PM,9,7,2
04/15/2015 11:00:00 PM,3,2,1
04/16/2015 12:00:00 AM,4,3,1
04/16/2015 01:00:00 AM,0,0,0
04/16/2015 02:00:00 AM,2,0,2
04/16/2015 03:00:00 AM,0,0,0
04/16/2015 04:00:00 AM,5,0,5
04/16/2015 05:00:00 AM,21,2,19
04/16/2015 06:00:00 AM,71,9,62
04/16/2015 07:00:00 AM,116,15,101
04/16/2015 08:00:00 AM,113,12,101
04/16/2015 09:00:00 AM,49,6,43
04/16/2015 10:00:00 AM,23,3,20
04/16/2015 11:00:00 AM,29,10,19
04/16/2015 12:00:00 PM,31,13,18
04/16/2015 01:00:00 PM,29,10,19
04/16/2015 02:00:00 PM,40,23,17
04/16/2015 03:00:00 PM,59,44,15
04/16/2015 04:00:00 PM,110,85,25
04/16/2015 05:00:00 PM,151,129,22
04/16/2015 06:00:00 PM,116,94,22
04/16/2015 07:00:00 PM,49,35,14
04/16/2015 08:00:00 PM,30,16,14
04/16/2015 09:00:00 PM,18,11,7
04/16/2015 10:00:00 PM,6,4,2
04/16/2015 11:00:00 PM,5,4,1
04/17/2015 12:00:00 AM,4,3,1
04/17/2015 01:00:00 AM,2,1,1
04/17/2015 02:00:00 AM,1,1,0
04/17/2015 03:00:00 AM,0,0,0
04/17/2015 04:00:00 AM,0,0,0
04/17/2015 05:00:00 AM,16,1,15
04/17/2015 06:00:00 AM,56,6,50
04/17/2015 07:00:00 AM,112,18,94
04/17/2015 08:00:00 AM,97,10,87
04/17/2015 09:00:00 AM,36,3,33
04/17/2015 10:00:00 AM,35,14,21
04/17/2015 11:00:00 AM,10,4,6
04/17/2015 12:00:00 PM,33,16,17
04/17/2015 01:00:00 PM,23,11,12
04/17/2015 02:00:00 PM,37,19,18
04/17/2015 03:00:00 PM,65,44,21
04/17/2015 04:00:00 PM,110,89,21
04/17/2015 05:00:00 PM,125,110,15
04/17/2015 06:00:00 PM,77,65,12
04/17/2015 07:00:00 PM,32,24,8
04/17/2015 08:00:00 PM,20,16,4
04/17/2015 09:00:00 PM,10,6,4
04/17/2015 10:00:00 PM,7,3,4
04/17/2015 11:00:00 PM,2,2,0
04/18/2015 12:00:00 AM,3,2,1
04/18/2015 01:00:00 AM,3,2,1
04/18/2015 02:00:00 AM,0,0,0
04/18/2015 03:00:00 AM,3,1,2
04/18/2015 04:00:00 AM,1,0,1
04/18/2015 05:00:00 AM,5,0,5
04/18/2015 06:00:00 AM,14,6,8
04/18/2015 07:00:00 AM,41,23,18
04/18/2015 08:00:00 AM,66,36,30
04/18/2015 09:00:00 AM,56,25,31
04/18/2015 10:00:00 AM,73,43,30
04/18/2015 11:00:00 AM,90,34,56
04/18/2015 12:00:00 PM,70,36,34
04/18/2015 01:00:00 PM,100,48,52
04/18/2015 02:00:00 PM,99,44,55
04/18/2015 03:00:00 PM,74,35,39
04/18/2015 04:00:00 PM,50,26,24
04/18/2015 05:00:00 PM,67,39,28
04/18/2015 06:00:00 PM,49,24,25
04/18/2015 07:00:00 PM,19,8,11
04/18/2015 08:00:00 PM,23,10,13
04/18/2015 09:00:00 PM,11,7,4
04/18/2015 10:00:00 PM,5,3,2
04/18/2015 11:00:00 PM,3,2,1
04/19/2015 12:00:00 AM,6,4,2
04/19/2015 01:00:00 AM,4,3,1
04/19/2015 02:00:00 AM,1,1,0
04/19/2015 03:00:00 AM,1,0,1
04/19/2015 04:00:00 AM,5,1,4
04/19/2015 05:00:00 AM,3,0,3
04/19/2015 06:00:00 AM,8,4,4
04/19/2015 07:00:00 AM,16,4,12
04/19/2015 08:00:00 AM,40,18,22
04/19/2015 09:00:00 AM,77,25,52
04/19/2015 10:00:00 AM,65,34,31
04/19/2015 11:00:00 AM,78,43,35
04/19/2015 12:00:00 PM,111,67,44
04/19/2015 01:00:00 PM,79,45,34
04/19/2015 02:00:00 PM,93,51,42
04/19/2015 03:00:00 PM,68,36,32
04/19/2015 04:00:00 PM,75,39,36
04/19/2015 05:00:00 PM,72,31,41
04/19/2015 06:00:00 PM,28,13,15
04/19/2015 07:00:00 PM,20,13,7
04/19/2015 08:00:00 PM,14,8,6
04/19/2015 09:00:00 PM,11,4,7
04/19/2015 10:00:00 PM,6,5,1
04/19/2015 11:00:00 PM,2,1,1
04/20/2015 12:00:00 AM,1,0,1
04/20/2015 01:00:00 AM,5,4,1
04/20/2015 02:00:00 AM,1,1,0
04/20/2015 03:00:00 AM,0,0,0
04/20/2015 04:00:00 AM,5,2,3
04/20/2015 05:00:00 AM,21,2,19
04/20/2015 06:00:00 AM,83,13,70
04/20/2015 07:00:00 AM,146,20,126
04/20/2015 08:00:00 AM,135,14,121
04/20/2015 09:00:00 AM,57,8,49
04/20/2015 10:00:00 AM,28,6,22
04/20/2015 11:00:00 AM,29,10,19
04/20/2015 12:00:00 PM,32,13,19
04/20/2015 01:00:00 PM,23,14,9
04/20/2015 02:00:00 PM,46,26,20
04/20/2015 03:00:00 PM,61,41,20
04/20/2015 04:00:00 PM,135,101,34
04/20/2015 05:00:00 PM,181,152,29
04/20/2015 06:00:00 PM,130,112,18
04/20/2015 07:00:00 PM,40,34,6
04/20/2015 08:00:00 PM,28,20,8
04/20/2015 09:00:00 PM,19,14,5
04/20/2015 10:00:00 PM,3,3,0
04/20/2015 11:00:00 PM,7,5,2
04/21/2015 12:00:00 AM,2,1,1
04/21/2015 01:00:00 AM,3,2,1
04/21/2015 02:00:00 AM,3,2,1
04/21/2015 03:00:00 AM,3,2,1
04/21/2015 04:00:00 AM,5,2,3
04/21/2015 05:00:00 AM,26,4,22
04/21/2015 06:00:00 AM,92,13,79
04/21/2015 07:00:00 AM,150,15,135
04/21/2015 08:00:00 AM,108,9,99
04/21/2015 09:00:00 AM,43,11,32
04/21/2015 10:00:00 AM,24,10,14
04/21/2015 11:00:00 AM,23,10,13
04/21/2015 12:00:00 PM,29,11,18
04/21/2015 01:00:00 PM,31,14,17
04/21/2015 02:00:00 PM,25,16,9
04/21/2015 03:00:00 PM,44,37,7
04/21/2015 04:00:00 PM,125,104,21
04/21/2015 05:00:00 PM,113,104,9
04/21/2015 06:00:00 PM,79,67,12
04/21/2015 07:00:00 PM,29,23,6
04/21/2015 08:00:00 PM,9,5,4
04/21/2015 09:00:00 PM,12,11,1
04/21/2015 10:00:00 PM,6,4,2
04/21/2015 11:00:00 PM,5,5,0
04/22/2015 12:00:00 AM,0,0,0
04/22/2015 01:00:00 AM,1,1,0
04/22/2015 02:00:00 AM,2,1,1
04/22/2015 03:00:00 AM,2,1,1
04/22/2015 04:00:00 AM,2,1,1
04/22/2015 05:00:00 AM,19,3,16
04/22/2015 06:00:00 AM,81,9,72
04/22/2015 07:00:00 AM,131,13,118
04/22/2015 08:00:00 AM,110,14,96
04/22/2015 09:00:00 AM,47,13,34
04/22/2015 10:00:00 AM,12,2,10
04/22/2015 11:00:00 AM,17,5,12
04/22/2015 12:00:00 PM,27,12,15
04/22/2015 01:00:00 PM,31,8,23
04/22/2015 02:00:00 PM,32,21,11
04/22/2015 03:00:00 PM,43,33,10
04/22/2015 04:00:00 PM,91,71,20
04/22/2015 05:00:00 PM,141,118,23
04/22/2015 06:00:00 PM,110,96,14
04/22/2015 07:00:00 PM,45,26,19
04/22/2015 08:00:00 PM,25,21,4
04/22/2015 09:00:00 PM,16,13,3
04/22/2015 10:00:00 PM,8,4,4
04/22/2015 11:00:00 PM,3,1,2
04/23/2015 12:00:00 AM,2,2,0
04/23/2015 01:00:00 AM,1,1,0
04/23/2015 02:00:00 AM,0,0,0
04/23/2015 03:00:00 AM,1,1,0
04/23/2015 04:00:00 AM,3,0,3
04/23/2015 05:00:00 AM,16,1,15
04/23/2015 06:00:00 AM,59,8,51
04/23/2015 07:00:00 AM,99,9,90
04/23/2015 08:00:00 AM,105,12,93
04/23/2015 09:00:00 AM,35,4,31
04/23/2015 10:00:00 AM,13,2,11
04/23/2015 11:00:00 AM,12,3,9
04/23/2015 12:00:00 PM,13,2,11
04/23/2015 01:00:00 PM,9,4,5
04/23/2015 02:00:00 PM,21,15,6
04/23/2015 03:00:00 PM,36,25,11
04/23/2015 04:00:00 PM,52,46,6
04/23/2015 05:00:00 PM,88,83,5
04/23/2015 06:00:00 PM,87,76,11
04/23/2015 07:00:00 PM,36,31,5
04/23/2015 08:00:00 PM,5,4,1
04/23/2015 09:00:00 PM,13,9,4
04/23/2015 10:00:00 PM,6,6,0
04/23/2015 11:00:00 PM,3,2,1
04/24/2015 12:00:00 AM,3,3,0
04/24/2015 01:00:00 AM,2,1,1
04/24/2015 02:00:00 AM,1,1,0
04/24/2015 03:00:00 AM,0,0,0
04/24/2015 04:00:00 AM,2,0,2
04/24/2015 05:00:00 AM,11,2,9
04/24/2015 06:00:00 AM,46,4,42
04/24/2015 07:00:00 AM,75,12,63
04/24/2015 08:00:00 AM,72,5,67
04/24/2015 09:00:00 AM,26,1,25
04/24/2015 10:00:00 AM,11,1,10
04/24/2015 11:00:00 AM,5,1,4
04/24/2015 12:00:00 PM,12,5,7
04/24/2015 01:00:00 PM,12,5,7
04/24/2015 02:00:00 PM,14,10,4
04/24/2015 03:00:00 PM,28,21,7
04/24/2015 04:00:00 PM,65,55,10
04/24/2015 05:00:00 PM,77,66,11
04/24/2015 06:00:00 PM,38,31,7
04/24/2015 07:00:00 PM,28,20,8
04/24/2015 08:00:00 PM,10,8,2
04/24/2015 09:00:00 PM,4,4,0
04/24/2015 10:00:00 PM,5,5,0
04/24/2015 11:00:00 PM,3,0,3
04/25/2015 12:00:00 AM,5,3,2
04/25/2015 01:00:00 AM,2,1,1
04/25/2015 02:00:00 AM,2,2,0
04/25/2015 03:00:00 AM,2,0,2
04/25/2015 04:00:00 AM,0,0,0
04/25/2015 05:00:00 AM,3,0,3
04/25/2015 06:00:00 AM,5,1,4
04/25/2015 07:00:00 AM,12,3,9
04/25/2015 08:00:00 AM,26,11,15
04/25/2015 09:00:00 AM,26,11,15
04/25/2015 10:00:00 AM,46,20,26
04/25/2015 11:00:00 AM,37,18,19
04/25/2015 12:00:00 PM,49,26,23
04/25/2015 01:00:00 PM,67,27,40
04/25/2015 02:00:00 PM,56,26,30
04/25/2015 03:00:00 PM,38,28,10
04/25/2015 04:00:00 PM,31,17,14
04/25/2015 05:00:00 PM,47,25,22
04/25/2015 06:00:00 PM,20,16,4
04/25/2015 07:00:00 PM,25,14,11
04/25/2015 08:00:00 PM,20,12,8
04/25/2015 09:00:00 PM,10,6,4
04/25/2015 10:00:00 PM,9,7,2
04/25/2015 11:00:00 PM,4,2,2
04/26/2015 12:00:00 AM,4,2,2
04/26/2015 01:00:00 AM,1,0,1
04/26/2015 02:00:00 AM,1,1,0
04/26/2015 03:00:00 AM,1,0,1
04/26/2015 04:00:00 AM,2,1,1
04/26/2015 05:00:00 AM,4,1,3
04/26/2015 06:00:00 AM,6,3,3
04/26/2015 07:00:00 AM,13,3,10
04/26/2015 08:00:00 AM,37,9,28
04/26/2015 09:00:00 AM,30,18,12
04/26/2015 10:00:00 AM,44,26,18
04/26/2015 11:00:00 AM,53,26,27
04/26/2015 12:00:00 PM,51,24,27
04/26/2015 01:00:00 PM,51,26,25
04/26/2015 02:00:00 PM,40,20,20
04/26/2015 03:00:00 PM,68,35,33
04/26/2015 04:00:00 PM,70,41,29
04/26/2015 05:00:00 PM,66,29,37
04/26/2015 06:00:00 PM,18,11,7
04/26/2015 07:00:00 PM,16,9,7
04/26/2015 08:00:00 PM,8,5,3
04/26/2015 09:00:00 PM,3,3,0
04/26/2015 10:00:00 PM,5,3,2
04/26/2015 11:00:00 PM,5,5,0
04/27/2015 12:00:00 AM,2,1,1
04/27/2015 01:00:00 AM,1,0,1
04/27/2015 02:00:00 AM,0,0,0
04/27/2015 03:00:00 AM,3,1,2
04/27/2015 04:00:00 AM,4,2,2
04/27/2015 05:00:00 AM,22,4,18
04/27/2015 06:00:00 AM,69,12,57
04/27/2015 07:00:00 AM,158,25,133
04/27/2015 08:00:00 AM,134,9,125
04/27/2015 09:00:00 AM,51,5,46
04/27/2015 10:00:00 AM,18,4,14
04/27/2015 11:00:00 AM,20,7,13
04/27/2015 12:00:00 PM,32,13,19
04/27/2015 01:00:00 PM,26,11,15
04/27/2015 02:00:00 PM,45,27,18
04/27/2015 03:00:00 PM,72,51,21
04/27/2015 04:00:00 PM,165,133,32
04/27/2015 05:00:00 PM,206,171,35
04/27/2015 06:00:00 PM,145,118,27
04/27/2015 07:00:00 PM,48,30,18
04/27/2015 08:00:00 PM,29,16,13
04/27/2015 09:00:00 PM,9,3,6
04/27/2015 10:00:00 PM,5,5,0
04/27/2015 11:00:00 PM,7,4,3
04/28/2015 12:00:00 AM,1,1,0
04/28/2015 01:00:00 AM,1,1,0
04/28/2015 02:00:00 AM,1,0,1
04/28/2015 03:00:00 AM,4,3,1
04/28/2015 04:00:00 AM,2,0,2
04/28/2015 05:00:00 AM,15,2,13
04/28/2015 06:00:00 AM,85,12,73
04/28/2015 07:00:00 AM,124,14,110
04/28/2015 08:00:00 AM,121,11,110
04/28/2015 09:00:00 AM,30,4,26
04/28/2015 10:00:00 AM,21,4,17
04/28/2015 11:00:00 AM,24,13,11
04/28/2015 12:00:00 PM,25,9,16
04/28/2015 01:00:00 PM,7,4,3
04/28/2015 02:00:00 PM,21,10,11
04/28/2015 03:00:00 PM,42,32,10
04/28/2015 04:00:00 PM,66,57,9
04/28/2015 05:00:00 PM,107,94,13
04/28/2015 06:00:00 PM,87,79,8
04/28/2015 07:00:00 PM,34,26,8
04/28/2015 08:00:00 PM,18,17,1
04/28/2015 09:00:00 PM,13,10,3
04/28/2015 10:00:00 PM,5,4,1
04/28/2015 11:00:00 PM,3,3,0
04/29/2015 12:00:00 AM,0,0,0
04/29/2015 01:00:00 AM,1,1,0
04/29/2015 02:00:00 AM,1,0,1
04/29/2015 03:00:00 AM,0,0,0
04/29/2015 04:00:00 AM,2,1,1
04/29/2015 05:00:00 AM,11,2,9
04/29/2015 06:00:00 AM,62,5,57
04/29/2015 07:00:00 AM,137,15,122
04/29/2015 08:00:00 AM,119,15,104
04/29/2015 09:00:00 AM,68,13,55
04/29/2015 10:00:00 AM,14,7,7
04/29/2015 11:00:00 AM,17,6,11
04/29/2015 12:00:00 PM,20,11,9
04/29/2015 01:00:00 PM,26,10,16
04/29/2015 02:00:00 PM,31,20,11
04/29/2015 03:00:00 PM,36,29,7
04/29/2015 04:00:00 PM,101,84,17
04/29/2015 05:00:00 PM,165,135,30
04/29/2015 06:00:00 PM,108,89,19
04/29/2015 07:00:00 PM,64,46,18
04/29/2015 08:00:00 PM,28,19,9
04/29/2015 09:00:00 PM,11,6,5
04/29/2015 10:00:00 PM,6,6,0
04/29/2015 11:00:00 PM,3,2,1
04/30/2015 12:00:00 AM,1,0,1
04/30/2015 01:00:00 AM,0,0,0
04/30/2015 02:00:00 AM,1,1,0
04/30/2015 03:00:00 AM,0,0,0
04/30/2015 04:00:00 AM,3,0,3
04/30/2015 05:00:00 AM,25,4,21
04/30/2015 06:00:00 AM,82,13,69
04/30/2015 07:00:00 AM,150,16,134
04/30/2015 08:00:00 AM,121,8,113
04/30/2015 09:00:00 AM,52,8,44
04/30/2015 10:00:00 AM,20,6,14
04/30/2015 11:00:00 AM,26,7,19
04/30/2015 12:00:00 PM,27,14,13
04/30/2015 01:00:00 PM,24,14,10
04/30/2015 02:00:00 PM,42,22,20
04/30/2015 03:00:00 PM,52,40,12
04/30/2015 04:00:00 PM,104,85,19
04/30/2015 05:00:00 PM,156,131,25
04/30/2015 06:00:00 PM,117,98,19
04/30/2015 07:00:00 PM,59,48,11
04/30/2015 08:00:00 PM,28,20,8
04/30/2015 09:00:00 PM,17,9,8
04/30/2015 10:00:00 PM,12,11,1
04/30/2015 11:00:00 PM,5,3,2
05/01/2015 12:00:00 AM,1,1,0
05/01/2015 01:00:00 AM,2,2,0
05/01/2015 02:00:00 AM,2,1,1
05/01/2015 03:00:00 AM,0,0,0
05/01/2015 04:00:00 AM,4,2,2
05/01/2015 05:00:00 AM,26,3,23
05/01/2015 06:00:00 AM,104,18,86
05/01/2015 07:00:00 AM,187,25,162
05/01/2015 08:00:00 AM,159,15,144
05/01/2015 09:00:00 AM,55,5,50
05/01/2015 10:00:00 AM,29,6,23
05/01/2015 11:00:00 AM,34,18,16
05/01/2015 12:00:00 PM,31,20,11
05/01/2015 01:00:00 PM,51,25,26
05/01/2015 02:00:00 PM,50,37,13
05/01/2015 03:00:00 PM,80,60,20
05/01/2015 04:00:00 PM,149,122,27
05/01/2015 05:00:00 PM,174,155,19
05/01/2015 06:00:00 PM,85,73,12
05/01/2015 07:00:00 PM,50,35,15
05/01/2015 08:00:00 PM,15,9,6
05/01/2015 09:00:00 PM,12,12,0
05/01/2015 10:00:00 PM,3,3,0
05/01/2015 11:00:00 PM,1,1,0
05/02/2015 12:00:00 AM,2,2,0
05/02/2015 01:00:00 AM,5,2,3
05/02/2015 02:00:00 AM,0,0,0
05/02/2015 03:00:00 AM,2,1,1
05/02/2015 04:00:00 AM,1,0,1
05/02/2015 05:00:00 AM,9,4,5
05/02/2015 06:00:00 AM,11,4,7
05/02/2015 07:00:00 AM,33,11,22
05/02/2015 08:00:00 AM,47,18,29
05/02/2015 09:00:00 AM,47,23,24
05/02/2015 10:00:00 AM,73,29,44
05/02/2015 11:00:00 AM,96,69,27
05/02/2015 12:00:00 PM,81,38,43
05/02/2015 01:00:00 PM,64,32,32
05/02/2015 02:00:00 PM,76,44,32
05/02/2015 03:00:00 PM,85,43,42
05/02/2015 04:00:00 PM,98,51,47
05/02/2015 05:00:00 PM,58,40,18
05/02/2015 06:00:00 PM,43,19,24
05/02/2015 07:00:00 PM,28,14,14
05/02/2015 08:00:00 PM,5,4,1
05/02/2015 09:00:00 PM,13,4,9
05/02/2015 10:00:00 PM,7,4,3
05/02/2015 11:00:00 PM,10,4,6
05/03/2015 12:00:00 AM,3,3,0
05/03/2015 01:00:00 AM,0,0,0
05/03/2015 02:00:00 AM,2,1,1
05/03/2015 03:00:00 AM,2,1,1
05/03/2015 04:00:00 AM,0,0,0
05/03/2015 05:00:00 AM,8,3,5
05/03/2015 06:00:00 AM,15,6,9
05/03/2015 07:00:00 AM,18,7,11
05/03/2015 08:00:00 AM,61,18,43
05/03/2015 09:00:00 AM,62,25,37
05/03/2015 10:00:00 AM,72,47,25
05/03/2015 11:00:00 AM,87,57,30
05/03/2015 12:00:00 PM,81,48,33
05/03/2015 01:00:00 PM,116,57,59
05/03/2015 02:00:00 PM,71,40,31
05/03/2015 03:00:00 PM,71,46,25
05/03/2015 04:00:00 PM,84,41,43
05/03/2015 05:00:00 PM,57,26,31
05/03/2015 06:00:00 PM,35,14,21
05/03/2015 07:00:00 PM,25,13,12
05/03/2015 08:00:00 PM,11,4,7
05/03/2015 09:00:00 PM,8,3,5
05/03/2015 10:00:00 PM,0,0,0
05/03/2015 11:00:00 PM,3,2,1
05/04/2015 12:00:00 AM,1,0,1
05/04/2015 01:00:00 AM,0,0,0
05/04/2015 02:00:00 AM,1,0,1
05/04/2015 03:00:00 AM,2,1,1
05/04/2015 04:00:00 AM,5,0,5
05/04/2015 05:00:00 AM,22,1,21
05/04/2015 06:00:00 AM,110,14,96
05/04/2015 07:00:00 AM,215,24,191
05/04/2015 08:00:00 AM,153,12,141
05/04/2015 09:00:00 AM,65,8,57
05/04/2015 10:00:00 AM,34,10,24
05/04/2015 11:00:00 AM,24,12,12
05/04/2015 12:00:00 PM,30,14,16
05/04/2015 01:00:00 PM,23,14,9
05/04/2015 02:00:00 PM,27,14,13
05/04/2015 03:00:00 PM,64,46,18
05/04/2015 04:00:00 PM,123,94,29
05/04/2015 05:00:00 PM,235,206,29
05/04/2015 06:00:00 PM,162,147,15
05/04/2015 07:00:00 PM,49,40,9
05/04/2015 08:00:00 PM,21,17,4
05/04/2015 09:00:00 PM,8,7,1
05/04/2015 10:00:00 PM,5,2,3
05/04/2015 11:00:00 PM,4,2,2
05/05/2015 12:00:00 AM,4,3,1
05/05/2015 01:00:00 AM,2,2,0
05/05/2015 02:00:00 AM,2,0,2
05/05/2015 03:00:00 AM,1,1,0
05/05/2015 04:00:00 AM,2,0,2
05/05/2015 05:00:00 AM,21,1,20
05/05/2015 06:00:00 AM,63,9,54
05/05/2015 07:00:00 AM,114,11,103
05/05/2015 08:00:00 AM,98,4,94
05/05/2015 09:00:00 AM,43,5,38
05/05/2015 10:00:00 AM,23,4,19
05/05/2015 11:00:00 AM,14,9,5
05/05/2015 12:00:00 PM,19,10,9
05/05/2015 01:00:00 PM,22,8,14
05/05/2015 02:00:00 PM,15,8,7
05/05/2015 03:00:00 PM,21,13,8
05/05/2015 04:00:00 PM,74,58,16
05/05/2015 05:00:00 PM,117,105,12
05/05/2015 06:00:00 PM,52,48,4
05/05/2015 07:00:00 PM,40,35,5
05/05/2015 08:00:00 PM,13,12,1
05/05/2015 09:00:00 PM,8,7,1
05/05/2015 10:00:00 PM,3,3,0
05/05/2015 11:00:00 PM,4,2,2
05/06/2015 12:00:00 AM,1,1,0
05/06/2015 01:00:00 AM,0,0,0
05/06/2015 02:00:00 AM,1,0,1
05/06/2015 03:00:00 AM,2,1,1
05/06/2015 04:00:00 AM,5,1,4
05/06/2015 05:00:00 AM,24,2,22
05/06/2015 06:00:00 AM,111,17,94
05/06/2015 07:00:00 AM,187,24,163
05/06/2015 08:00:00 AM,151,6,145
05/06/2015 09:00:00 AM,58,11,47
05/06/2015 10:00:00 AM,25,6,19
05/06/2015 11:00:00 AM,19,9,10
05/06/2015 12:00:00 PM,21,8,13
05/06/2015 01:00:00 PM,29,13,16
05/06/2015 02:00:00 PM,41,26,15
05/06/2015 03:00:00 PM,53,38,15
05/06/2015 04:00:00 PM,121,102,19
05/06/2015 05:00:00 PM,210,189,21
05/06/2015 06:00:00 PM,156,128,28
05/06/2015 07:00:00 PM,71,52,19
05/06/2015 08:00:00 PM,29,22,7
05/06/2015 09:00:00 PM,15,11,4
05/06/2015 10:00:00 PM,9,5,4
05/06/2015 11:00:00 PM,3,3,0
05/07/2015 12:00:00 AM,1,1,0
05/07/2015 01:00:00 AM,1,1,0
05/07/2015 02:00:00 AM,0,0,0
05/07/2015 03:00:00 AM,0,0,0
05/07/2015 04:00:00 AM,4,0,4
05/07/2015 05:00:00 AM,31,2,29
05/07/2015 06:00:00 AM,143,11,132
05/07/2015 07:00:00 AM,166,12,154
05/07/2015 08:00:00 AM,163,21,142
05/07/2015 09:00:00 AM,83,10,73
05/07/2015 10:00:00 AM,20,6,14
05/07/2015 11:00:00 AM,26,13,13
05/07/2015 12:00:00 PM,24,7,17
05/07/2015 01:00:00 PM,37,20,17
05/07/2015 02:00:00 PM,51,27,24
05/07/2015 03:00:00 PM,57,40,17
05/07/2015 04:00:00 PM,142,118,24
05/07/2015 05:00:00 PM,260,182,78
05/07/2015 06:00:00 PM,134,85,49
05/07/2015 07:00:00 PM,151,130,21
05/07/2015 08:00:00 PM,38,25,13
05/07/2015 09:00:00 PM,18,12,6
05/07/2015 10:00:00 PM,14,5,9
05/07/2015 11:00:00 PM,42,5,37
05/08/2015 12:00:00 AM,16,2,14
05/08/2015 01:00:00 AM,14,3,11
05/08/2015 02:00:00 AM,0,0,0
05/08/2015 03:00:00 AM,1,1,0
05/08/2015 04:00:00 AM,1,0,1
05/08/2015 05:00:00 AM,30,3,27
05/08/2015 06:00:00 AM,111,13,98
05/08/2015 07:00:00 AM,193,21,172
05/08/2015 08:00:00 AM,152,21,131
05/08/2015 09:00:00 AM,56,11,45
05/08/2015 10:00:00 AM,34,10,24
05/08/2015 11:00:00 AM,27,12,15
05/08/2015 12:00:00 PM,38,18,20
05/08/2015 01:00:00 PM,32,21,11
05/08/2015 02:00:00 PM,42,28,14
05/08/2015 03:00:00 PM,76,57,19
05/08/2015 04:00:00 PM,138,108,30
05/08/2015 05:00:00 PM,210,179,31
05/08/2015 06:00:00 PM,85,70,15
05/08/2015 07:00:00 PM,61,50,11
05/08/2015 08:00:00 PM,32,23,9
05/08/2015 09:00:00 PM,20,14,6
05/08/2015 10:00:00 PM,6,2,4
05/08/2015 11:00:00 PM,3,3,0
05/09/2015 12:00:00 AM,4,2,2
05/09/2015 01:00:00 AM,1,0,1
05/09/2015 02:00:00 AM,1,1,0
05/09/2015 03:00:00 AM,1,0,1
05/09/2015 04:00:00 AM,1,0,1
05/09/2015 05:00:00 AM,14,2,12
05/09/2015 06:00:00 AM,22,7,15
05/09/2015 07:00:00 AM,42,11,31
05/09/2015 08:00:00 AM,47,21,26
05/09/2015 09:00:00 AM,67,31,36
05/09/2015 10:00:00 AM,78,48,30
05/09/2015 11:00:00 AM,67,37,30
05/09/2015 12:00:00 PM,154,86,68
05/09/2015 01:00:00 PM,124,75,49
05/09/2015 02:00:00 PM,112,56,56
05/09/2015 03:00:00 PM,100,40,60
05/09/2015 04:00:00 PM,104,44,60
05/09/2015 05:00:00 PM,63,26,37
05/09/2015 06:00:00 PM,76,40,36
05/09/2015 07:00:00 PM,33,18,15
05/09/2015 08:00:00 PM,23,11,12
05/09/2015 09:00:00 PM,9,6,3
05/09/2015 10:00:00 PM,4,3,1
05/09/2015 11:00:00 PM,4,3,1
05/10/2015 12:00:00 AM,6,2,4
05/10/2015 01:00:00 AM,1,0,1
05/10/2015 02:00:00 AM,4,3,1
05/10/2015 03:00:00 AM,2,1,1
05/10/2015 04:00:00 AM,2,1,1
05/10/2015 05:00:00 AM,5,0,5
05/10/2015 06:00:00 AM,6,2,4
05/10/2015 07:00:00 AM,22,1,21
05/10/2015 08:00:00 AM,19,6,13
05/10/2015 09:00:00 AM,56,40,16
05/10/2015 10:00:00 AM,77,32,45
05/10/2015 11:00:00 AM,90,47,43
05/10/2015 12:00:00 PM,62,24,38
05/10/2015 01:00:00 PM,68,39,29
05/10/2015 02:00:00 PM,72,41,31
05/10/2015 03:00:00 PM,69,33,36
05/10/2015 04:00:00 PM,71,40,31
05/10/2015 05:00:00 PM,37,19,18
05/10/2015 06:00:00 PM,28,14,14
05/10/2015 07:00:00 PM,16,9,7
05/10/2015 08:00:00 PM,15,6,9
05/10/2015 09:00:00 PM,4,1,3
05/10/2015 10:00:00 PM,6,2,4
05/10/2015 11:00:00 PM,0,0,0
05/11/2015 12:00:00 AM,1,0,1
05/11/2015 01:00:00 AM,0,0,0
05/11/2015 02:00:00 AM,1,1,0
05/11/2015 03:00:00 AM,3,2,1
05/11/2015 04:00:00 AM,7,1,6
05/11/2015 05:00:00 AM,24,2,22
05/11/2015 06:00:00 AM,97,14,83
05/11/2015 07:00:00 AM,154,16,138
05/11/2015 08:00:00 AM,132,21,111
05/11/2015 09:00:00 AM,51,7,44
05/11/2015 10:00:00 AM,22,6,16
05/11/2015 11:00:00 AM,14,7,7
05/11/2015 12:00:00 PM,16,5,11
05/11/2015 01:00:00 PM,17,9,8
05/11/2015 02:00:00 PM,26,17,9
05/11/2015 03:00:00 PM,40,29,11
05/11/2015 04:00:00 PM,103,85,18
05/11/2015 05:00:00 PM,182,164,18
05/11/2015 06:00:00 PM,104,91,13
05/11/2015 07:00:00 PM,46,38,8
05/11/2015 08:00:00 PM,23,16,7
05/11/2015 09:00:00 PM,14,11,3
05/11/2015 10:00:00 PM,5,3,2
05/11/2015 11:00:00 PM,2,1,1
05/12/2015 12:00:00 AM,5,4,1
05/12/2015 01:00:00 AM,0,0,0
05/12/2015 02:00:00 AM,1,0,1
05/12/2015 03:00:00 AM,2,1,1
05/12/2015 04:00:00 AM,6,1,5
05/12/2015 05:00:00 AM,27,3,24
05/12/2015 06:00:00 AM,92,16,76
05/12/2015 07:00:00 AM,168,28,140
05/12/2015 08:00:00 AM,134,13,121
05/12/2015 09:00:00 AM,44,5,39
05/12/2015 10:00:00 AM,21,9,12
05/12/2015 11:00:00 AM,15,6,9
05/12/2015 12:00:00 PM,27,11,16
05/12/2015 01:00:00 PM,8,3,5
05/12/2015 02:00:00 PM,28,21,7
05/12/2015 03:00:00 PM,41,27,14
05/12/2015 04:00:00 PM,96,74,22
05/12/2015 05:00:00 PM,162,140,22
05/12/2015 06:00:00 PM,129,118,11
05/12/2015 07:00:00 PM,52,41,11
05/12/2015 08:00:00 PM,27,20,7
05/12/2015 09:00:00 PM,10,7,3
05/12/2015 10:00:00 PM,10,8,2
05/12/2015 11:00:00 PM,1,1,0
05/13/2015 12:00:00 AM,2,0,2
05/13/2015 01:00:00 AM,3,3,0
05/13/2015 02:00:00 AM,0,0,0
05/13/2015 03:00:00 AM,2,2,0
05/13/2015 04:00:00 AM,4,0,4
05/13/2015 05:00:00 AM,20,3,17
05/13/2015 06:00:00 AM,59,4,55
05/13/2015 07:00:00 AM,122,10,112
05/13/2015 08:00:00 AM,102,7,95
05/13/2015 09:00:00 AM,48,4,44
05/13/2015 10:00:00 AM,19,4,15
05/13/2015 11:00:00 AM,15,9,6
05/13/2015 12:00:00 PM,8,3,5
05/13/2015 01:00:00 PM,7,3,4
05/13/2015 02:00:00 PM,23,15,8
05/13/2015 03:00:00 PM,23,17,6
05/13/2015 04:00:00 PM,76,59,17
05/13/2015 05:00:00 PM,129,116,13
05/13/2015 06:00:00 PM,77,73,4
05/13/2015 07:00:00 PM,27,24,3
05/13/2015 08:00:00 PM,16,12,4
05/13/2015 09:00:00 PM,11,11,0
05/13/2015 10:00:00 PM,11,9,2
05/13/2015 11:00:00 PM,5,4,1
05/14/2015 12:00:00 AM,0,0,0
05/14/2015 01:00:00 AM,1,1,0
05/14/2015 02:00:00 AM,1,0,1
05/14/2015 03:00:00 AM,1,1,0
05/14/2015 04:00:00 AM,4,0,4
05/14/2015 05:00:00 AM,18,3,15
05/14/2015 06:00:00 AM,85,8,77
05/14/2015 07:00:00 AM,156,18,138
05/14/2015 08:00:00 AM,125,9,116
05/14/2015 09:00:00 AM,46,3,43
05/14/2015 10:00:00 AM,21,0,21
05/14/2015 11:00:00 AM,14,5,9
05/14/2015 12:00:00 PM,25,14,11
05/14/2015 01:00:00 PM,38,18,20
05/14/2015 02:00:00 PM,32,23,9
05/14/2015 03:00:00 PM,71,37,34
05/14/2015 04:00:00 PM,137,108,29
05/14/2015 05:00:00 PM,190,144,46
05/14/2015 06:00:00 PM,115,91,24
05/14/2015 07:00:00 PM,57,42,15
05/14/2015 08:00:00 PM,53,38,15
05/14/2015 09:00:00 PM,14,12,2
05/14/2015 10:00:00 PM,19,15,4
05/14/2015 11:00:00 PM,6,4,2
05/15/2015 12:00:00 AM,5,3,2
05/15/2015 01:00:00 AM,0,0,0
05/15/2015 02:00:00 AM,2,1,1
05/15/2015 03:00:00 AM,1,1,0
05/15/2015 04:00:00 AM,4,1,3
05/15/2015 05:00:00 AM,33,2,31
05/15/2015 06:00:00 AM,152,17,135
05/15/2015 07:00:00 AM,228,30,198
05/15/2015 08:00:00 AM,237,30,207
05/15/2015 09:00:00 AM,76,11,65
05/15/2015 10:00:00 AM,31,10,21
05/15/2015 11:00:00 AM,28,13,15
05/15/2015 12:00:00 PM,46,26,20
05/15/2015 01:00:00 PM,67,31,36
05/15/2015 02:00:00 PM,43,30,13
05/15/2015 03:00:00 PM,94,66,28
05/15/2015 04:00:00 PM,183,144,39
05/15/2015 05:00:00 PM,230,190,40
05/15/2015 06:00:00 PM,134,113,21
05/15/2015 07:00:00 PM,56,51,5
05/15/2015 08:00:00 PM,28,25,3
05/15/2015 09:00:00 PM,14,9,5
05/15/2015 10:00:00 PM,16,14,2
05/15/2015 11:00:00 PM,11,5,6
05/16/2015 12:00:00 AM,13,9,4
05/16/2015 01:00:00 AM,1,1,0
05/16/2015 02:00:00 AM,1,0,1
05/16/2015 03:00:00 AM,1,0,1
05/16/2015 04:00:00 AM,0,0,0
05/16/2015 05:00:00 AM,5,1,4
05/16/2015 06:00:00 AM,8,0,8
05/16/2015 07:00:00 AM,33,9,24
05/16/2015 08:00:00 AM,58,38,20
05/16/2015 09:00:00 AM,46,22,24
05/16/2015 10:00:00 AM,68,37,31
05/16/2015 11:00:00 AM,54,31,23
05/16/2015 12:00:00 PM,103,65,38
05/16/2015 01:00:00 PM,75,45,30
05/16/2015 02:00:00 PM,80,40,40
05/16/2015 03:00:00 PM,75,32,43
05/16/2015 04:00:00 PM,81,20,61
05/16/2015 05:00:00 PM,45,15,30
05/16/2015 06:00:00 PM,32,19,13
05/16/2015 07:00:00 PM,21,13,8
05/16/2015 08:00:00 PM,14,8,6
05/16/2015 09:00:00 PM,11,6,5
05/16/2015 10:00:00 PM,8,7,1
05/16/2015 11:00:00 PM,4,2,2
05/17/2015 12:00:00 AM,4,4,0
05/17/2015 01:00:00 AM,1,1,0
05/17/2015 02:00:00 AM,1,1,0
05/17/2015 03:00:00 AM,1,0,1
05/17/2015 04:00:00 AM,2,1,1
05/17/2015 05:00:00 AM,5,0,5
05/17/2015 06:00:00 AM,10,3,7
05/17/2015 07:00:00 AM,24,6,18
05/17/2015 08:00:00 AM,34,18,16
05/17/2015 09:00:00 AM,57,31,26
05/17/2015 10:00:00 AM,60,34,26
05/17/2015 11:00:00 AM,72,31,41
05/17/2015 12:00:00 PM,81,37,44
05/17/2015 01:00:00 PM,74,51,23
05/17/2015 02:00:00 PM,72,35,37
05/17/2015 03:00:00 PM,72,41,31
05/17/2015 04:00:00 PM,78,38,40
05/17/2015 05:00:00 PM,53,32,21
05/17/2015 06:00:00 PM,48,27,21
05/17/2015 07:00:00 PM,40,18,22
05/17/2015 08:00:00 PM,28,15,13
05/17/2015 09:00:00 PM,8,6,2
05/17/2015 10:00:00 PM,9,2,7
05/17/2015 11:00:00 PM,4,1,3
05/18/2015 12:00:00 AM,1,1,0
05/18/2015 01:00:00 AM,0,0,0
05/18/2015 02:00:00 AM,0,0,0
05/18/2015 03:00:00 AM,4,2,2
05/18/2015 04:00:00 AM,7,0,7
05/18/2015 05:00:00 AM,31,7,24
05/18/2015 06:00:00 AM,144,26,118
05/18/2015 07:00:00 AM,199,36,163
05/18/2015 08:00:00 AM,204,27,177
05/18/2015 09:00:00 AM,94,21,73
05/18/2015 10:00:00 AM,50,18,32
05/18/2015 11:00:00 AM,42,16,26
05/18/2015 12:00:00 PM,62,39,23
05/18/2015 01:00:00 PM,43,19,24
05/18/2015 02:00:00 PM,69,42,27
05/18/2015 03:00:00 PM,80,63,17
05/18/2015 04:00:00 PM,150,118,32
05/18/2015 05:00:00 PM,247,214,33
05/18/2015 06:00:00 PM,155,137,18
05/18/2015 07:00:00 PM,65,45,20
05/18/2015 08:00:00 PM,38,19,19
05/18/2015 09:00:00 PM,13,9,4
05/18/2015 10:00:00 PM,13,9,4
05/18/2015 11:00:00 PM,4,2,2
05/19/2015 12:00:00 AM,7,5,2
05/19/2015 01:00:00 AM,3,3,0
05/19/2015 02:00:00 AM,0,0,0
05/19/2015 03:00:00 AM,4,3,1
05/19/2015 04:00:00 AM,4,0,4
05/19/2015 05:00:00 AM,30,6,24
05/19/2015 06:00:00 AM,128,16,112
05/19/2015 07:00:00 AM,205,19,186
05/19/2015 08:00:00 AM,175,24,151
05/19/2015 09:00:00 AM,58,8,50
05/19/2015 10:00:00 AM,35,10,25
05/19/2015 11:00:00 AM,29,8,21
05/19/2015 12:00:00 PM,38,19,19
05/19/2015 01:00:00 PM,28,13,15
05/19/2015 02:00:00 PM,37,22,15
05/19/2015 03:00:00 PM,60,42,18
05/19/2015 04:00:00 PM,137,113,24
05/19/2015 05:00:00 PM,260,224,36
05/19/2015 06:00:00 PM,150,129,21
05/19/2015 07:00:00 PM,82,54,28
05/19/2015 08:00:00 PM,38,26,12
05/19/2015 09:00:00 PM,11,8,3
05/19/2015 10:00:00 PM,11,10,1
05/19/2015 11:00:00 PM,6,4,2
05/20/2015 12:00:00 AM,1,1,0
05/20/2015 01:00:00 AM,2,1,1
05/20/2015 02:00:00 AM,1,0,1
05/20/2015 03:00:00 AM,4,2,2
05/20/2015 04:00:00 AM,7,2,5
05/20/2015 05:00:00 AM,32,4,28
05/20/2015 06:00:00 AM,123,20,103
05/20/2015 07:00:00 AM,167,20,147
05/20/2015 08:00:00 AM,178,23,155
05/20/2015 09:00:00 AM,56,7,49
05/20/2015 10:00:00 AM,23,14,9
05/20/2015 11:00:00 AM,17,8,9
05/20/2015 12:00:00 PM,23,11,12
05/20/2015 01:00:00 PM,23,10,13
05/20/2015 02:00:00 PM,47,26,21
05/20/2015 03:00:00 PM,57,45,12
05/20/2015 04:00:00 PM,145,117,28
05/20/2015 05:00:00 PM,234,197,37
05/20/2015 06:00:00 PM,165,132,33
05/20/2015 07:00:00 PM,72,49,23
05/20/2015 08:00:00 PM,41,29,12
05/20/2015 09:00:00 PM,20,17,3
05/20/2015 10:00:00 PM,5,3,2
05/20/2015 11:00:00 PM,3,2,1
05/21/2015 12:00:00 AM,5,4,1
05/21/2015 01:00:00 AM,0,0,0
05/21/2015 02:00:00 AM,0,0,0
05/21/2015 03:00:00 AM,3,2,1
05/21/2015 04:00:00 AM,10,2,8
05/21/2015 05:00:00 AM,28,2,26
05/21/2015 06:00:00 AM,114,20,94
05/21/2015 07:00:00 AM,203,17,186
05/21/2015 08:00:00 AM,182,13,169
05/21/2015 09:00:00 AM,65,12,53
05/21/2015 10:00:00 AM,28,11,17
05/21/2015 11:00:00 AM,24,11,13
05/21/2015 12:00:00 PM,29,13,16
05/21/2015 01:00:00 PM,28,17,11
05/21/2015 02:00:00 PM,47,29,18
05/21/2015 03:00:00 PM,67,44,23
05/21/2015 04:00:00 PM,162,128,34
05/21/2015 05:00:00 PM,244,200,44
05/21/2015 06:00:00 PM,131,116,15
05/21/2015 07:00:00 PM,62,49,13
05/21/2015 08:00:00 PM,30,21,9
05/21/2015 09:00:00 PM,25,16,9
05/21/2015 10:00:00 PM,11,6,5
05/21/2015 11:00:00 PM,8,5,3
05/22/2015 12:00:00 AM,6,5,1
05/22/2015 01:00:00 AM,2,1,1
05/22/2015 02:00:00 AM,2,1,1
05/22/2015 03:00:00 AM,1,0,1
05/22/2015 04:00:00 AM,5,2,3
05/22/2015 05:00:00 AM,25,1,24
05/22/2015 06:00:00 AM,84,15,69
05/22/2015 07:00:00 AM,141,22,119
05/22/2015 08:00:00 AM,141,17,124
05/22/2015 09:00:00 AM,59,8,51
05/22/2015 10:00:00 AM,20,5,15
05/22/2015 11:00:00 AM,43,31,12
05/22/2015 12:00:00 PM,38,18,20
05/22/2015 01:00:00 PM,40,23,17
05/22/2015 02:00:00 PM,45,33,12
05/22/2015 03:00:00 PM,66,55,11
05/22/2015 04:00:00 PM,112,92,20
05/22/2015 05:00:00 PM,140,119,21
05/22/2015 06:00:00 PM,82,66,16
05/22/2015 07:00:00 PM,40,37,3
05/22/2015 08:00:00 PM,23,15,8
05/22/2015 09:00:00 PM,11,9,2
05/22/2015 10:00:00 PM,8,6,2
05/22/2015 11:00:00 PM,4,4,0
05/23/2015 12:00:00 AM,3,1,2
05/23/2015 01:00:00 AM,1,0,1
05/23/2015 02:00:00 AM,2,2,0
05/23/2015 03:00:00 AM,1,0,1
05/23/2015 04:00:00 AM,2,0,2
05/23/2015 05:00:00 AM,8,1,7
05/23/2015 06:00:00 AM,16,6,10
05/23/2015 07:00:00 AM,26,12,14
05/23/2015 08:00:00 AM,19,11,8
05/23/2015 09:00:00 AM,34,16,18
05/23/2015 10:00:00 AM,28,13,15
05/23/2015 11:00:00 AM,34,17,17
05/23/2015 12:00:00 PM,43,18,25
05/23/2015 01:00:00 PM,40,22,18
05/23/2015 02:00:00 PM,53,32,21
05/23/2015 03:00:00 PM,32,10,22
05/23/2015 04:00:00 PM,32,20,12
05/23/2015 05:00:00 PM,35,12,23
05/23/2015 06:00:00 PM,27,16,11
05/23/2015 07:00:00 PM,16,9,7
05/23/2015 08:00:00 PM,12,8,4
05/23/2015 09:00:00 PM,15,13,2
05/23/2015 10:00:00 PM,1,1,0
05/23/2015 11:00:00 PM,6,4,2
05/24/2015 12:00:00 AM,6,4,2
05/24/2015 01:00:00 AM,4,4,0
05/24/2015 02:00:00 AM,1,1,0
05/24/2015 03:00:00 AM,1,0,1
05/24/2015 04:00:00 AM,4,4,0
05/24/2015 05:00:00 AM,7,0,7
05/24/2015 06:00:00 AM,6,2,4
05/24/2015 07:00:00 AM,14,2,12
05/24/2015 08:00:00 AM,27,14,13
05/24/2015 09:00:00 AM,45,31,14
05/24/2015 10:00:00 AM,42,19,23
05/24/2015 11:00:00 AM,61,32,29
05/24/2015 12:00:00 PM,42,12,30
05/24/2015 01:00:00 PM,51,27,24
05/24/2015 02:00:00 PM,60,26,34
05/24/2015 03:00:00 PM,56,25,31
05/24/2015 04:00:00 PM,53,29,24
05/24/2015 05:00:00 PM,46,33,13
05/24/2015 06:00:00 PM,22,12,10
05/24/2015 07:00:00 PM,22,11,11
05/24/2015 08:00:00 PM,17,8,9
05/24/2015 09:00:00 PM,10,3,7
05/24/2015 10:00:00 PM,6,5,1
05/24/2015 11:00:00 PM,6,6,0
05/25/2015 12:00:00 AM,2,2,0
05/25/2015 01:00:00 AM,3,3,0
05/25/2015 02:00:00 AM,1,1,0
05/25/2015 03:00:00 AM,3,3,0
05/25/2015 04:00:00 AM,2,1,1
05/25/2015 05:00:00 AM,6,1,5
05/25/2015 06:00:00 AM,8,0,8
05/25/2015 07:00:00 AM,20,5,15
05/25/2015 08:00:00 AM,21,11,10
05/25/2015 09:00:00 AM,36,15,21
05/25/2015 10:00:00 AM,62,36,26
05/25/2015 11:00:00 AM,71,45,26
05/25/2015 12:00:00 PM,69,26,43
05/25/2015 01:00:00 PM,65,24,41
05/25/2015 02:00:00 PM,60,23,37
05/25/2015 03:00:00 PM,51,21,30
05/25/2015 04:00:00 PM,53,26,27
05/25/2015 05:00:00 PM,37,18,19
05/25/2015 06:00:00 PM,36,25,11
05/25/2015 07:00:00 PM,19,9,10
05/25/2015 08:00:00 PM,13,6,7
05/25/2015 09:00:00 PM,10,9,1
05/25/2015 10:00:00 PM,4,1,3
05/25/2015 11:00:00 PM,10,10,0
05/26/2015 12:00:00 AM,5,3,2
05/26/2015 01:00:00 AM,1,0,1
05/26/2015 02:00:00 AM,0,0,0
05/26/2015 03:00:00 AM,2,0,2
05/26/2015 04:00:00 AM,6,0,6
05/26/2015 05:00:00 AM,23,2,21
05/26/2015 06:00:00 AM,110,14,96
05/26/2015 07:00:00 AM,165,12,153
05/26/2015 08:00:00 AM,171,20,151
05/26/2015 09:00:00 AM,61,11,50
05/26/2015 10:00:00 AM,36,12,24
05/26/2015 11:00:00 AM,17,8,9
05/26/2015 12:00:00 PM,33,14,19
05/26/2015 01:00:00 PM,18,9,9
05/26/2015 02:00:00 PM,45,24,21
05/26/2015 03:00:00 PM,65,45,20
05/26/2015 04:00:00 PM,130,108,22
05/26/2015 05:00:00 PM,237,209,28
05/26/2015 06:00:00 PM,147,121,26
05/26/2015 07:00:00 PM,53,42,11
05/26/2015 08:00:00 PM,33,21,12
05/26/2015 09:00:00 PM,15,12,3
05/26/2015 10:00:00 PM,7,6,1
05/26/2015 11:00:00 PM,3,3,0
05/27/2015 12:00:00 AM,1,1,0
05/27/2015 01:00:00 AM,1,1,0
05/27/2015 02:00:00 AM,3,1,2
05/27/2015 03:00:00 AM,2,0,2
05/27/2015 04:00:00 AM,6,1,5
05/27/2015 05:00:00 AM,28,3,25
05/27/2015 06:00:00 AM,118,14,104
05/27/2015 07:00:00 AM,205,28,177
05/27/2015 08:00:00 AM,165,13,152
05/27/2015 09:00:00 AM,54,8,46
05/27/2015 10:00:00 AM,39,16,23
05/27/2015 11:00:00 AM,24,9,15
05/27/2015 12:00:00 PM,22,17,5
05/27/2015 01:00:00 PM,52,14,38
05/27/2015 02:00:00 PM,39,27,12
05/27/2015 03:00:00 PM,68,49,19
05/27/2015 04:00:00 PM,152,124,28
05/27/2015 05:00:00 PM,234,201,33
05/27/2015 06:00:00 PM,139,118,21
05/27/2015 07:00:00 PM,72,48,24
05/27/2015 08:00:00 PM,42,24,18
05/27/2015 09:00:00 PM,30,22,8
05/27/2015 10:00:00 PM,11,9,2
05/27/2015 11:00:00 PM,15,13,2
05/28/2015 12:00:00 AM,2,1,1
05/28/2015 01:00:00 AM,0,0,0
05/28/2015 02:00:00 AM,2,1,1
05/28/2015 03:00:00 AM,3,0,3
05/28/2015 04:00:00 AM,14,3,11
05/28/2015 05:00:00 AM,34,8,26
05/28/2015 06:00:00 AM,117,22,95
05/28/2015 07:00:00 AM,183,21,162
05/28/2015 08:00:00 AM,183,13,170
05/28/2015 09:00:00 AM,84,15,69
05/28/2015 10:00:00 AM,38,11,27
05/28/2015 11:00:00 AM,37,18,19
05/28/2015 12:00:00 PM,26,11,15
05/28/2015 01:00:00 PM,36,24,12
05/28/2015 02:00:00 PM,45,23,22
05/28/2015 03:00:00 PM,74,50,24
05/28/2015 04:00:00 PM,159,128,31
05/28/2015 05:00:00 PM,242,198,44
05/28/2015 06:00:00 PM,153,118,35
05/28/2015 07:00:00 PM,80,60,20
05/28/2015 08:00:00 PM,43,29,14
05/28/2015 09:00:00 PM,24,14,10
05/28/2015 10:00:00 PM,19,10,9
05/28/2015 11:00:00 PM,4,4,0
05/29/2015 12:00:00 AM,6,5,1
05/29/2015 01:00:00 AM,2,2,0
05/29/2015 02:00:00 AM,2,1,1
05/29/2015 03:00:00 AM,3,1,2
05/29/2015 04:00:00 AM,6,2,4
05/29/2015 05:00:00 AM,28,4,24
05/29/2015 06:00:00 AM,117,12,105
05/29/2015 07:00:00 AM,181,23,158
05/29/2015 08:00:00 AM,163,15,148
05/29/2015 09:00:00 AM,75,12,63
05/29/2015 10:00:00 AM,49,23,26
05/29/2015 11:00:00 AM,29,14,15
05/29/2015 12:00:00 PM,37,20,17
05/29/2015 01:00:00 PM,43,18,25
05/29/2015 02:00:00 PM,62,42,20
05/29/2015 03:00:00 PM,90,68,22
05/29/2015 04:00:00 PM,146,116,30
05/29/2015 05:00:00 PM,201,165,36
05/29/2015 06:00:00 PM,143,107,36
05/29/2015 07:00:00 PM,61,45,16
05/29/2015 08:00:00 PM,47,32,15
05/29/2015 09:00:00 PM,17,14,3
05/29/2015 10:00:00 PM,18,12,6
05/29/2015 11:00:00 PM,10,7,3
05/30/2015 12:00:00 AM,6,2,4
05/30/2015 01:00:00 AM,2,2,0
05/30/2015 02:00:00 AM,0,0,0
05/30/2015 03:00:00 AM,3,0,3
05/30/2015 04:00:00 AM,3,1,2
05/30/2015 05:00:00 AM,7,0,7
05/30/2015 06:00:00 AM,16,3,13
05/30/2015 07:00:00 AM,22,9,13
05/30/2015 08:00:00 AM,40,11,29
05/30/2015 09:00:00 AM,46,28,18
05/30/2015 10:00:00 AM,62,25,37
05/30/2015 11:00:00 AM,65,36,29
05/30/2015 12:00:00 PM,71,44,27
05/30/2015 01:00:00 PM,69,37,32
05/30/2015 02:00:00 PM,76,36,40
05/30/2015 03:00:00 PM,97,41,56
05/30/2015 04:00:00 PM,76,32,44
05/30/2015 05:00:00 PM,77,46,31
05/30/2015 06:00:00 PM,63,35,28
05/30/2015 07:00:00 PM,21,12,9
05/30/2015 08:00:00 PM,22,13,9
05/30/2015 09:00:00 PM,25,12,13
05/30/2015 10:00:00 PM,7,5,2
05/30/2015 11:00:00 PM,9,6,3
05/31/2015 12:00:00 AM,3,2,1
05/31/2015 01:00:00 AM,7,7,0
05/31/2015 02:00:00 AM,1,1,0
05/31/2015 03:00:00 AM,1,0,1
05/31/2015 04:00:00 AM,3,2,1
05/31/2015 05:00:00 AM,5,1,4
05/31/2015 06:00:00 AM,8,3,5
05/31/2015 07:00:00 AM,28,8,20
05/31/2015 08:00:00 AM,33,9,24
05/31/2015 09:00:00 AM,53,27,26
05/31/2015 10:00:00 AM,83,54,29
05/31/2015 11:00:00 AM,96,50,46
05/31/2015 12:00:00 PM,80,38,42
05/31/2015 01:00:00 PM,93,35,58
05/31/2015 02:00:00 PM,74,24,50
05/31/2015 03:00:00 PM,89,38,51
05/31/2015 04:00:00 PM,96,52,44
05/31/2015 05:00:00 PM,62,41,21
05/31/2015 06:00:00 PM,42,28,14
05/31/2015 07:00:00 PM,27,13,14
05/31/2015 08:00:00 PM,11,5,6
05/31/2015 09:00:00 PM,2,0,2
05/31/2015 10:00:00 PM,9,3,6
05/31/2015 11:00:00 PM,4,2,2
06/01/2015 12:00:00 AM,1,1,0
06/01/2015 01:00:00 AM,1,0,1
06/01/2015 02:00:00 AM,3,0,3
06/01/2015 03:00:00 AM,1,0,1
06/01/2015 04:00:00 AM,5,0,5
06/01/2015 05:00:00 AM,29,8,21
06/01/2015 06:00:00 AM,74,10,64
06/01/2015 07:00:00 AM,144,20,124
06/01/2015 08:00:00 AM,117,13,104
06/01/2015 09:00:00 AM,35,3,32
06/01/2015 10:00:00 AM,11,6,5
06/01/2015 11:00:00 AM,7,4,3
06/01/2015 12:00:00 PM,15,10,5
06/01/2015 01:00:00 PM,18,11,7
06/01/2015 02:00:00 PM,20,12,8
06/01/2015 03:00:00 PM,40,29,11
06/01/2015 04:00:00 PM,83,68,15
06/01/2015 05:00:00 PM,152,130,22
06/01/2015 06:00:00 PM,95,86,9
06/01/2015 07:00:00 PM,32,26,6
06/01/2015 08:00:00 PM,18,12,6
06/01/2015 09:00:00 PM,6,4,2
06/01/2015 10:00:00 PM,4,3,1
06/01/2015 11:00:00 PM,8,6,2
06/02/2015 12:00:00 AM,4,2,2
06/02/2015 01:00:00 AM,0,0,0
06/02/2015 02:00:00 AM,1,0,1
06/02/2015 03:00:00 AM,3,1,2
06/02/2015 04:00:00 AM,4,1,3
06/02/2015 05:00:00 AM,21,3,18
06/02/2015 06:00:00 AM,81,10,71
06/02/2015 07:00:00 AM,147,13,134
06/02/2015 08:00:00 AM,103,13,90
06/02/2015 09:00:00 AM,43,5,38
06/02/2015 10:00:00 AM,14,6,8
06/02/2015 11:00:00 AM,27,16,11
06/02/2015 12:00:00 PM,19,10,9
06/02/2015 01:00:00 PM,21,11,10
06/02/2015 02:00:00 PM,23,17,6
06/02/2015 03:00:00 PM,44,24,20
06/02/2015 04:00:00 PM,93,77,16
06/02/2015 05:00:00 PM,153,128,25
06/02/2015 06:00:00 PM,100,86,14
06/02/2015 07:00:00 PM,50,40,10
06/02/2015 08:00:00 PM,21,17,4
06/02/2015 09:00:00 PM,13,8,5
06/02/2015 10:00:00 PM,4,2,2
06/02/2015 11:00:00 PM,3,2,1
06/03/2015 12:00:00 AM,1,1,0
06/03/2015 01:00:00 AM,1,1,0
06/03/2015 02:00:00 AM,7,2,5
06/03/2015 03:00:00 AM,3,2,1
06/03/2015 04:00:00 AM,4,0,4
06/03/2015 05:00:00 AM,15,2,13
06/03/2015 06:00:00 AM,91,9,82
06/03/2015 07:00:00 AM,143,20,123
06/03/2015 08:00:00 AM,129,12,117
06/03/2015 09:00:00 AM,49,5,44
06/03/2015 10:00:00 AM,26,9,17
06/03/2015 11:00:00 AM,10,5,5
06/03/2015 12:00:00 PM,14,7,7
06/03/2015 01:00:00 PM,35,15,20
06/03/2015 02:00:00 PM,34,18,16
06/03/2015 03:00:00 PM,64,47,17
06/03/2015 04:00:00 PM,106,85,21
06/03/2015 05:00:00 PM,171,142,29
06/03/2015 06:00:00 PM,108,89,19
06/03/2015 07:00:00 PM,55,43,12
06/03/2015 08:00:00 PM,31,19,12
06/03/2015 09:00:00 PM,15,9,6
06/03/2015 10:00:00 PM,11,6,5
06/03/2015 11:00:00 PM,7,5,2
06/04/2015 12:00:00 AM,2,2,0
06/04/2015 01:00:00 AM,3,2,1
06/04/2015 02:00:00 AM,2,2,0
06/04/2015 03:00:00 AM,2,0,2
06/04/2015 04:00:00 AM,4,1,3
06/04/2015 05:00:00 AM,33,6,27
06/04/2015 06:00:00 AM,112,18,94
06/04/2015 07:00:00 AM,153,19,134
06/04/2015 08:00:00 AM,166,12,154
06/04/2015 09:00:00 AM,71,14,57
06/04/2015 10:00:00 AM,35,9,26
06/04/2015 11:00:00 AM,22,10,12
06/04/2015 12:00:00 PM,28,12,16
06/04/2015 01:00:00 PM,22,8,14
06/04/2015 02:00:00 PM,36,23,13
06/04/2015 03:00:00 PM,60,49,11
06/04/2015 04:00:00 PM,123,100,23
06/04/2015 05:00:00 PM,230,182,48
06/04/2015 06:00:00 PM,155,123,32
06/04/2015 07:00:00 PM,69,53,16
06/04/2015 08:00:00 PM,42,29,13
06/04/2015 09:00:00 PM,33,19,14
06/04/2015 10:00:00 PM,13,10,3
06/04/2015 11:00:00 PM,10,5,5
06/05/2015 12:00:00 AM,5,3,2
06/05/2015 01:00:00 AM,6,6,0
06/05/2015 02:00:00 AM,1,1,0
06/05/2015 03:00:00 AM,3,1,2
06/05/2015 04:00:00 AM,5,2,3
06/05/2015 05:00:00 AM,24,3,21
06/05/2015 06:00:00 AM,88,12,76
06/05/2015 07:00:00 AM,158,15,143
06/05/2015 08:00:00 AM,139,21,118
06/05/2015 09:00:00 AM,70,13,57
06/05/2015 10:00:00 AM,43,12,31
06/05/2015 11:00:00 AM,43,22,21
06/05/2015 12:00:00 PM,36,22,14
06/05/2015 01:00:00 PM,48,28,20
06/05/2015 02:00:00 PM,53,35,18
06/05/2015 03:00:00 PM,76,50,26
06/05/2015 04:00:00 PM,115,97,18
06/05/2015 05:00:00 PM,182,151,31
06/05/2015 06:00:00 PM,106,91,15
06/05/2015 07:00:00 PM,63,53,10
06/05/2015 08:00:00 PM,31,19,12
06/05/2015 09:00:00 PM,16,8,8
06/05/2015 10:00:00 PM,20,9,11
06/05/2015 11:00:00 PM,15,5,10
06/06/2015 12:00:00 AM,43,6,37
06/06/2015 01:00:00 AM,5,3,2
06/06/2015 02:00:00 AM,9,6,3
06/06/2015 03:00:00 AM,3,2,1
06/06/2015 04:00:00 AM,8,6,2
06/06/2015 05:00:00 AM,5,2,3
06/06/2015 06:00:00 AM,27,14,13
06/06/2015 07:00:00 AM,30,11,19
06/06/2015 08:00:00 AM,58,18,40
06/06/2015 09:00:00 AM,61,30,31
06/06/2015 10:00:00 AM,72,31,41
06/06/2015 11:00:00 AM,80,37,43
06/06/2015 12:00:00 PM,82,45,37
06/06/2015 01:00:00 PM,102,46,56
06/06/2015 02:00:00 PM,111,63,48
06/06/2015 03:00:00 PM,108,60,48
06/06/2015 04:00:00 PM,63,30,33
06/06/2015 05:00:00 PM,66,30,36
06/06/2015 06:00:00 PM,50,22,28
06/06/2015 07:00:00 PM,41,21,20
06/06/2015 08:00:00 PM,29,12,17
06/06/2015 09:00:00 PM,13,7,6
06/06/2015 10:00:00 PM,11,3,8
06/06/2015 11:00:00 PM,12,6,6
06/07/2015 12:00:00 AM,5,5,0
06/07/2015 01:00:00 AM,2,1,1
06/07/2015 02:00:00 AM,0,0,0
06/07/2015 03:00:00 AM,6,4,2
06/07/2015 04:00:00 AM,2,2,0
06/07/2015 05:00:00 AM,7,0,7
06/07/2015 06:00:00 AM,12,5,7
06/07/2015 07:00:00 AM,39,14,25
06/07/2015 08:00:00 AM,64,26,38
06/07/2015 09:00:00 AM,74,31,43
06/07/2015 10:00:00 AM,104,57,47
06/07/2015 11:00:00 AM,98,66,32
06/07/2015 12:00:00 PM,132,69,63
06/07/2015 01:00:00 PM,86,37,49
06/07/2015 02:00:00 PM,80,43,37
06/07/2015 03:00:00 PM,87,44,43
06/07/2015 04:00:00 PM,73,41,32
06/07/2015 05:00:00 PM,77,33,44
06/07/2015 06:00:00 PM,55,30,25
06/07/2015 07:00:00 PM,36,18,18
06/07/2015 08:00:00 PM,22,6,16
06/07/2015 09:00:00 PM,15,8,7
06/07/2015 10:00:00 PM,6,5,1
06/07/2015 11:00:00 PM,6,4,2
06/08/2015 12:00:00 AM,1,0,1
06/08/2015 01:00:00 AM,1,1,0
06/08/2015 02:00:00 AM,0,0,0
06/08/2015 03:00:00 AM,1,0,1
06/08/2015 04:00:00 AM,14,12,2
06/08/2015 05:00:00 AM,28,6,22
06/08/2015 06:00:00 AM,98,18,80
06/08/2015 07:00:00 AM,186,27,159
06/08/2015 08:00:00 AM,162,21,141
06/08/2015 09:00:00 AM,81,12,69
06/08/2015 10:00:00 AM,24,6,18
06/08/2015 11:00:00 AM,20,8,12
06/08/2015 12:00:00 PM,42,23,19
06/08/2015 01:00:00 PM,38,24,14
06/08/2015 02:00:00 PM,36,22,14
06/08/2015 03:00:00 PM,62,45,17
06/08/2015 04:00:00 PM,150,119,31
06/08/2015 05:00:00 PM,200,175,25
06/08/2015 06:00:00 PM,164,121,43
06/08/2015 07:00:00 PM,54,44,10
06/08/2015 08:00:00 PM,26,19,7
06/08/2015 09:00:00 PM,20,8,12
06/08/2015 10:00:00 PM,12,7,5
06/08/2015 11:00:00 PM,7,4,3
06/09/2015 12:00:00 AM,3,1,2
06/09/2015 01:00:00 AM,3,3,0
06/09/2015 02:00:00 AM,1,1,0
06/09/2015 03:00:00 AM,3,1,2
06/09/2015 04:00:00 AM,8,2,6
06/09/2015 05:00:00 AM,33,8,25
06/09/2015 06:00:00 AM,128,23,105
06/09/2015 07:00:00 AM,202,26,176
06/09/2015 08:00:00 AM,155,23,132
06/09/2015 09:00:00 AM,77,12,65
06/09/2015 10:00:00 AM,32,10,22
06/09/2015 11:00:00 AM,33,14,19
06/09/2015 12:00:00 PM,35,19,16
06/09/2015 01:00:00 PM,33,14,19
06/09/2015 02:00:00 PM,40,21,19
06/09/2015 03:00:00 PM,77,56,21
06/09/2015 04:00:00 PM,143,113,30
06/09/2015 05:00:00 PM,229,200,29
06/09/2015 06:00:00 PM,164,136,28
06/09/2015 07:00:00 PM,60,44,16
06/09/2015 08:00:00 PM,46,38,8
06/09/2015 09:00:00 PM,37,23,14
06/09/2015 10:00:00 PM,8,5,3
06/09/2015 11:00:00 PM,8,4,4
06/10/2015 12:00:00 AM,5,3,2
06/10/2015 01:00:00 AM,1,0,1
06/10/2015 02:00:00 AM,1,1,0
06/10/2015 03:00:00 AM,3,3,0
06/10/2015 04:00:00 AM,3,0,3
06/10/2015 05:00:00 AM,29,6,23
06/10/2015 06:00:00 AM,121,19,102
06/10/2015 07:00:00 AM,193,26,167
06/10/2015 08:00:00 AM,170,17,153
06/10/2015 09:00:00 AM,59,7,52
06/10/2015 10:00:00 AM,27,8,19
06/10/2015 11:00:00 AM,24,10,14
06/10/2015 12:00:00 PM,37,20,17
06/10/2015 01:00:00 PM,39,18,21
06/10/2015 02:00:00 PM,38,24,14
06/10/2015 03:00:00 PM,68,44,24
06/10/2015 04:00:00 PM,159,127,32
06/10/2015 05:00:00 PM,202,177,25
06/10/2015 06:00:00 PM,162,132,30
06/10/2015 07:00:00 PM,94,58,36
06/10/2015 08:00:00 PM,67,38,29
06/10/2015 09:00:00 PM,23,10,13
06/10/2015 10:00:00 PM,7,6,1
06/10/2015 11:00:00 PM,3,1,2
06/11/2015 12:00:00 AM,5,3,2
06/11/2015 01:00:00 AM,1,0,1
06/11/2015 02:00:00 AM,0,0,0
06/11/2015 03:00:00 AM,3,1,2
06/11/2015 04:00:00 AM,8,3,5
06/11/2015 05:00:00 AM,27,5,22
06/11/2015 06:00:00 AM,100,11,89
06/11/2015 07:00:00 AM,198,24,174
06/11/2015 08:00:00 AM,164,12,152
06/11/2015 09:00:00 AM,70,6,64
06/11/2015 10:00:00 AM,37,11,26
06/11/2015 11:00:00 AM,28,19,9
06/11/2015 12:00:00 PM,37,14,23
06/11/2015 01:00:00 PM,33,21,12
06/11/2015 02:00:00 PM,30,20,10
06/11/2015 03:00:00 PM,73,54,19
06/11/2015 04:00:00 PM,141,112,29
06/11/2015 05:00:00 PM,213,179,34
06/11/2015 06:00:00 PM,147,118,29
06/11/2015 07:00:00 PM,76,58,18
06/11/2015 08:00:00 PM,49,26,23
06/11/2015 09:00:00 PM,14,9,5
06/11/2015 10:00:00 PM,22,12,10
06/11/2015 11:00:00 PM,7,4,3
06/12/2015 12:00:00 AM,1,1,0
06/12/2015 01:00:00 AM,6,6,0
06/12/2015 02:00:00 AM,4,4,0
06/12/2015 03:00:00 AM,3,0,3
06/12/2015 04:00:00 AM,1,0,1
06/12/2015 05:00:00 AM,23,4,19
06/12/2015 06:00:00 AM,74,12,62
06/12/2015 07:00:00 AM,138,15,123
06/12/2015 08:00:00 AM,114,15,99
06/12/2015 09:00:00 AM,64,9,55
06/12/2015 10:00:00 AM,25,6,19
06/12/2015 11:00:00 AM,24,10,14
06/12/2015 12:00:00 PM,20,9,11
06/12/2015 01:00:00 PM,28,17,11
06/12/2015 02:00:00 PM,35,20,15
06/12/2015 03:00:00 PM,61,43,18
06/12/2015 04:00:00 PM,117,92,25
06/12/2015 05:00:00 PM,139,123,16
06/12/2015 06:00:00 PM,83,71,12
06/12/2015 07:00:00 PM,38,31,7
06/12/2015 08:00:00 PM,34,21,13
06/12/2015 09:00:00 PM,14,7,7
06/12/2015 10:00:00 PM,9,7,2
06/12/2015 11:00:00 PM,6,4,2
06/13/2015 12:00:00 AM,3,3,0
06/13/2015 01:00:00 AM,2,1,1
06/13/2015 02:00:00 AM,0,0,0
06/13/2015 03:00:00 AM,3,1,2
06/13/2015 04:00:00 AM,0,0,0
06/13/2015 05:00:00 AM,13,3,10
06/13/2015 06:00:00 AM,16,3,13
06/13/2015 07:00:00 AM,44,21,23
06/13/2015 08:00:00 AM,53,23,30
06/13/2015 09:00:00 AM,63,33,30
06/13/2015 10:00:00 AM,81,40,41
06/13/2015 11:00:00 AM,106,41,65
06/13/2015 12:00:00 PM,75,36,39
06/13/2015 01:00:00 PM,89,47,42
06/13/2015 02:00:00 PM,83,37,46
06/13/2015 03:00:00 PM,71,38,33
06/13/2015 04:00:00 PM,79,33,46
06/13/2015 05:00:00 PM,67,33,34
06/13/2015 06:00:00 PM,58,27,31
06/13/2015 07:00:00 PM,37,19,18
06/13/2015 08:00:00 PM,14,5,9
06/13/2015 09:00:00 PM,27,20,7
06/13/2015 10:00:00 PM,3,2,1
06/13/2015 11:00:00 PM,3,2,1
06/14/2015 12:00:00 AM,5,5,0
06/14/2015 01:00:00 AM,4,4,0
06/14/2015 02:00:00 AM,1,0,1
06/14/2015 03:00:00 AM,3,1,2
06/14/2015 04:00:00 AM,1,0,1
06/14/2015 05:00:00 AM,7,1,6
06/14/2015 06:00:00 AM,11,3,8
06/14/2015 07:00:00 AM,11,1,10
06/14/2015 08:00:00 AM,54,15,39
06/14/2015 09:00:00 AM,73,40,33
06/14/2015 10:00:00 AM,83,53,30
06/14/2015 11:00:00 AM,69,30,39
06/14/2015 12:00:00 PM,112,54,58
06/14/2015 01:00:00 PM,102,52,50
06/14/2015 02:00:00 PM,83,53,30
06/14/2015 03:00:00 PM,64,35,29
06/14/2015 04:00:00 PM,66,34,32
06/14/2015 05:00:00 PM,52,26,26
06/14/2015 06:00:00 PM,40,23,17
06/14/2015 07:00:00 PM,39,22,17
06/14/2015 08:00:00 PM,25,7,18
06/14/2015 09:00:00 PM,6,2,4
06/14/2015 10:00:00 PM,9,6,3
06/14/2015 11:00:00 PM,6,5,1
06/15/2015 12:00:00 AM,1,1,0
06/15/2015 01:00:00 AM,1,0,1
06/15/2015 02:00:00 AM,0,0,0
06/15/2015 03:00:00 AM,3,2,1
06/15/2015 04:00:00 AM,5,1,4
06/15/2015 05:00:00 AM,27,6,21
06/15/2015 06:00:00 AM,98,18,80
06/15/2015 07:00:00 AM,178,26,152
06/15/2015 08:00:00 AM,158,12,146
06/15/2015 09:00:00 AM,74,15,59
06/15/2015 10:00:00 AM,28,3,25
06/15/2015 11:00:00 AM,24,8,16
06/15/2015 12:00:00 PM,29,10,19
06/15/2015 01:00:00 PM,25,10,15
06/15/2015 02:00:00 PM,50,35,15
06/15/2015 03:00:00 PM,65,44,21
06/15/2015 04:00:00 PM,126,103,23
06/15/2015 05:00:00 PM,217,185,32
06/15/2015 06:00:00 PM,132,119,13
06/15/2015 07:00:00 PM,64,51,13
06/15/2015 08:00:00 PM,38,19,19
06/15/2015 09:00:00 PM,19,12,7
06/15/2015 10:00:00 PM,7,6,1
06/15/2015 11:00:00 PM,5,4,1
06/16/2015 12:00:00 AM,4,2,2
06/16/2015 01:00:00 AM,1,1,0
06/16/2015 02:00:00 AM,2,2,0
06/16/2015 03:00:00 AM,3,3,0
06/16/2015 04:00:00 AM,4,0,4
06/16/2015 05:00:00 AM,32,5,27
06/16/2015 06:00:00 AM,101,17,84
06/16/2015 07:00:00 AM,193,22,171
06/16/2015 08:00:00 AM,160,16,144
06/16/2015 09:00:00 AM,50,8,42
06/16/2015 10:00:00 AM,34,11,23
06/16/2015 11:00:00 AM,19,7,12
06/16/2015 12:00:00 PM,28,17,11
06/16/2015 01:00:00 PM,34,15,19
06/16/2015 02:00:00 PM,42,22,20
06/16/2015 03:00:00 PM,49,33,16
06/16/2015 04:00:00 PM,128,102,26
06/16/2015 05:00:00 PM,236,202,34
06/16/2015 06:00:00 PM,130,99,31
06/16/2015 07:00:00 PM,58,45,13
06/16/2015 08:00:00 PM,31,24,7
06/16/2015 09:00:00 PM,20,13,7
06/16/2015 10:00:00 PM,13,9,4
06/16/2015 11:00:00 PM,3,3,0
06/17/2015 12:00:00 AM,1,1,0
06/17/2015 01:00:00 AM,2,1,1
06/17/2015 02:00:00 AM,7,4,3
06/17/2015 03:00:00 AM,1,0,1
06/17/2015 04:00:00 AM,5,1,4
06/17/2015 05:00:00 AM,21,5,16
06/17/2015 06:00:00 AM,77,6,71
06/17/2015 07:00:00 AM,183,16,167
06/17/2015 08:00:00 AM,172,30,142
06/17/2015 09:00:00 AM,61,14,47
06/17/2015 10:00:00 AM,38,13,25
06/17/2015 11:00:00 AM,33,21,12
06/17/2015 12:00:00 PM,47,22,25
06/17/2015 01:00:00 PM,49,11,38
06/17/2015 02:00:00 PM,49,28,21
06/17/2015 03:00:00 PM,63,38,25
06/17/2015 04:00:00 PM,116,87,29
06/17/2015 05:00:00 PM,199,168,31
06/17/2015 06:00:00 PM,161,126,35
06/17/2015 07:00:00 PM,55,43,12
06/17/2015 08:00:00 PM,34,21,13
06/17/2015 09:00:00 PM,24,15,9
06/17/2015 10:00:00 PM,10,7,3
06/17/2015 11:00:00 PM,5,3,2
06/18/2015 12:00:00 AM,2,2,0
06/18/2015 01:00:00 AM,3,1,2
06/18/2015 02:00:00 AM,2,2,0
06/18/2015 03:00:00 AM,2,0,2
06/18/2015 04:00:00 AM,3,1,2
06/18/2015 05:00:00 AM,24,5,19
06/18/2015 06:00:00 AM,92,11,81
06/18/2015 07:00:00 AM,146,15,131
06/18/2015 08:00:00 AM,161,15,146
06/18/2015 09:00:00 AM,65,9,56
06/18/2015 10:00:00 AM,44,19,25
06/18/2015 11:00:00 AM,32,14,18
06/18/2015 12:00:00 PM,38,16,22
06/18/2015 01:00:00 PM,34,17,17
06/18/2015 02:00:00 PM,39,24,15
06/18/2015 03:00:00 PM,54,35,19
06/18/2015 04:00:00 PM,113,84,29
06/18/2015 05:00:00 PM,205,171,34
06/18/2015 06:00:00 PM,153,119,34
06/18/2015 07:00:00 PM,54,46,8
06/18/2015 08:00:00 PM,32,22,10
06/18/2015 09:00:00 PM,19,14,5
06/18/2015 10:00:00 PM,13,12,1
06/18/2015 11:00:00 PM,11,10,1
06/19/2015 12:00:00 AM,3,2,1
06/19/2015 01:00:00 AM,0,0,0
06/19/2015 02:00:00 AM,0,0,0
06/19/2015 03:00:00 AM,1,0,1
06/19/2015 04:00:00 AM,3,1,2
06/19/2015 05:00:00 AM,18,5,13
06/19/2015 06:00:00 AM,53,6,47
06/19/2015 07:00:00 AM,97,11,86
06/19/2015 08:00:00 AM,90,15,75
06/19/2015 09:00:00 AM,51,8,43
06/19/2015 10:00:00 AM,20,7,13
06/19/2015 11:00:00 AM,18,5,13
06/19/2015 12:00:00 PM,16,11,5
06/19/2015 01:00:00 PM,23,11,12
06/19/2015 02:00:00 PM,40,27,13
06/19/2015 03:00:00 PM,49,24,25
06/19/2015 04:00:00 PM,91,67,24
06/19/2015 05:00:00 PM,108,82,26
06/19/2015 06:00:00 PM,76,60,16
06/19/2015 07:00:00 PM,33,25,8
06/19/2015 08:00:00 PM,28,17,11
06/19/2015 09:00:00 PM,19,10,9
06/19/2015 10:00:00 PM,13,12,1
06/19/2015 11:00:00 PM,9,8,1
06/20/2015 12:00:00 AM,8,6,2
06/20/2015 01:00:00 AM,3,2,1
06/20/2015 02:00:00 AM,2,1,1
06/20/2015 03:00:00 AM,2,1,1
06/20/2015 04:00:00 AM,4,1,3
06/20/2015 05:00:00 AM,4,0,4
06/20/2015 06:00:00 AM,21,8,13
06/20/2015 07:00:00 AM,32,8,24
06/20/2015 08:00:00 AM,41,15,26
06/20/2015 09:00:00 AM,57,27,30
06/20/2015 10:00:00 AM,61,23,38
06/20/2015 11:00:00 AM,77,38,39
06/20/2015 12:00:00 PM,77,30,47
06/20/2015 01:00:00 PM,87,39,48
06/20/2015 02:00:00 PM,84,32,52
06/20/2015 03:00:00 PM,75,49,26
06/20/2015 04:00:00 PM,51,24,27
06/20/2015 05:00:00 PM,54,28,26
06/20/2015 06:00:00 PM,43,29,14
06/20/2015 07:00:00 PM,51,37,14
06/20/2015 08:00:00 PM,38,23,15
06/20/2015 09:00:00 PM,15,8,7
06/20/2015 10:00:00 PM,6,6,0
06/20/2015 11:00:00 PM,5,3,2
06/21/2015 12:00:00 AM,3,1,2
06/21/2015 01:00:00 AM,4,4,0
06/21/2015 02:00:00 AM,3,2,1
06/21/2015 03:00:00 AM,3,2,1
06/21/2015 04:00:00 AM,1,1,0
06/21/2015 05:00:00 AM,8,3,5
06/21/2015 06:00:00 AM,9,2,7
06/21/2015 07:00:00 AM,13,3,10
06/21/2015 08:00:00 AM,36,18,18
06/21/2015 09:00:00 AM,44,18,26
06/21/2015 10:00:00 AM,42,24,18
06/21/2015 11:00:00 AM,49,33,16
06/21/2015 12:00:00 PM,109,66,43
06/21/2015 01:00:00 PM,83,37,46
06/21/2015 02:00:00 PM,73,30,43
06/21/2015 03:00:00 PM,77,44,33
06/21/2015 04:00:00 PM,75,37,38
06/21/2015 05:00:00 PM,69,45,24
06/21/2015 06:00:00 PM,34,18,16
06/21/2015 07:00:00 PM,27,13,14
06/21/2015 08:00:00 PM,16,6,10
06/21/2015 09:00:00 PM,13,6,7
06/21/2015 10:00:00 PM,10,4,6
06/21/2015 11:00:00 PM,7,2,5
06/22/2015 12:00:00 AM,2,1,1
06/22/2015 01:00:00 AM,1,1,0
06/22/2015 02:00:00 AM,1,0,1
06/22/2015 03:00:00 AM,2,1,1
06/22/2015 04:00:00 AM,4,0,4
06/22/2015 05:00:00 AM,24,1,23
06/22/2015 06:00:00 AM,79,8,71
06/22/2015 07:00:00 AM,148,17,131
06/22/2015 08:00:00 AM,153,20,133
06/22/2015 09:00:00 AM,59,8,51
06/22/2015 10:00:00 AM,26,1,25
06/22/2015 11:00:00 AM,23,9,14
06/22/2015 12:00:00 PM,28,14,14
06/22/2015 01:00:00 PM,22,9,13
06/22/2015 02:00:00 PM,41,25,16
06/22/2015 03:00:00 PM,61,45,16
06/22/2015 04:00:00 PM,122,99,23
06/22/2015 05:00:00 PM,203,180,23
06/22/2015 06:00:00 PM,137,112,25
06/22/2015 07:00:00 PM,56,44,12
06/22/2015 08:00:00 PM,29,13,16
06/22/2015 09:00:00 PM,17,13,4
06/22/2015 10:00:00 PM,11,8,3
06/22/2015 11:00:00 PM,4,2,2
06/23/2015 12:00:00 AM,3,1,2
06/23/2015 01:00:00 AM,0,0,0
06/23/2015 02:00:00 AM,4,3,1
06/23/2015 03:00:00 AM,3,2,1
06/23/2015 04:00:00 AM,6,2,4
06/23/2015 05:00:00 AM,31,5,26
06/23/2015 06:00:00 AM,106,13,93
06/23/2015 07:00:00 AM,171,16,155
06/23/2015 08:00:00 AM,183,17,166
06/23/2015 09:00:00 AM,52,8,44
06/23/2015 10:00:00 AM,31,10,21
06/23/2015 11:00:00 AM,20,14,6
06/23/2015 12:00:00 PM,28,17,11
06/23/2015 01:00:00 PM,40,18,22
06/23/2015 02:00:00 PM,31,16,15
06/23/2015 03:00:00 PM,59,34,25
06/23/2015 04:00:00 PM,139,109,30
06/23/2015 05:00:00 PM,195,163,32
06/23/2015 06:00:00 PM,179,150,29
06/23/2015 07:00:00 PM,51,38,13
06/23/2015 08:00:00 PM,34,29,5
06/23/2015 09:00:00 PM,25,17,8
06/23/2015 10:00:00 PM,22,20,2
06/23/2015 11:00:00 PM,9,8,1
06/24/2015 12:00:00 AM,1,1,0
06/24/2015 01:00:00 AM,0,0,0
06/24/2015 02:00:00 AM,5,3,2
06/24/2015 03:00:00 AM,2,0,2
06/24/2015 04:00:00 AM,5,2,3
06/24/2015 05:00:00 AM,38,6,32
06/24/2015 06:00:00 AM,103,17,86
06/24/2015 07:00:00 AM,174,13,161
06/24/2015 08:00:00 AM,172,18,154
06/24/2015 09:00:00 AM,55,12,43
06/24/2015 10:00:00 AM,39,14,25
06/24/2015 11:00:00 AM,31,14,17
06/24/2015 12:00:00 PM,38,16,22
06/24/2015 01:00:00 PM,31,11,20
06/24/2015 02:00:00 PM,41,31,10
06/24/2015 03:00:00 PM,47,33,14
06/24/2015 04:00:00 PM,140,108,32
06/24/2015 05:00:00 PM,196,163,33
06/24/2015 06:00:00 PM,165,135,30
06/24/2015 07:00:00 PM,78,61,17
06/24/2015 08:00:00 PM,48,24,24
06/24/2015 09:00:00 PM,26,21,5
06/24/2015 10:00:00 PM,22,17,5
06/24/2015 11:00:00 PM,5,4,1
06/25/2015 12:00:00 AM,3,1,2
06/25/2015 01:00:00 AM,1,0,1
06/25/2015 02:00:00 AM,1,0,1
06/25/2015 03:00:00 AM,2,0,2
06/25/2015 04:00:00 AM,8,2,6
06/25/2015 05:00:00 AM,38,5,33
06/25/2015 06:00:00 AM,99,10,89
06/25/2015 07:00:00 AM,163,22,141
06/25/2015 08:00:00 AM,158,15,143
06/25/2015 09:00:00 AM,57,7,50
06/25/2015 10:00:00 AM,35,12,23
06/25/2015 11:00:00 AM,29,14,15
06/25/2015 12:00:00 PM,42,16,26
06/25/2015 01:00:00 PM,26,14,12
06/25/2015 02:00:00 PM,55,32,23
06/25/2015 03:00:00 PM,53,36,17
06/25/2015 04:00:00 PM,139,100,39
06/25/2015 05:00:00 PM,212,172,40
06/25/2015 06:00:00 PM,134,100,34
06/25/2015 07:00:00 PM,73,57,16
06/25/2015 08:00:00 PM,57,35,22
06/25/2015 09:00:00 PM,22,12,10
06/25/2015 10:00:00 PM,13,8,5
06/25/2015 11:00:00 PM,11,9,2
06/26/2015 12:00:00 AM,6,3,3
06/26/2015 01:00:00 AM,2,0,2
06/26/2015 02:00:00 AM,2,2,0
06/26/2015 03:00:00 AM,2,1,1
06/26/2015 04:00:00 AM,5,1,4
06/26/2015 05:00:00 AM,28,2,26
06/26/2015 06:00:00 AM,68,8,60
06/26/2015 07:00:00 AM,141,26,115
06/26/2015 08:00:00 AM,133,17,116
06/26/2015 09:00:00 AM,56,11,45
06/26/2015 10:00:00 AM,28,5,23
06/26/2015 11:00:00 AM,39,16,23
06/26/2015 12:00:00 PM,31,16,15
06/26/2015 01:00:00 PM,25,12,13
06/26/2015 02:00:00 PM,36,23,13
06/26/2015 03:00:00 PM,66,47,19
06/26/2015 04:00:00 PM,112,89,23
06/26/2015 05:00:00 PM,131,107,24
06/26/2015 06:00:00 PM,72,60,12
06/26/2015 07:00:00 PM,54,44,10
06/26/2015 08:00:00 PM,34,23,11
06/26/2015 09:00:00 PM,26,11,15
06/26/2015 10:00:00 PM,15,12,3
06/26/2015 11:00:00 PM,6,3,3
06/27/2015 12:00:00 AM,6,4,2
06/27/2015 01:00:00 AM,4,3,1
06/27/2015 02:00:00 AM,1,0,1
06/27/2015 03:00:00 AM,2,1,1
06/27/2015 04:00:00 AM,4,1,3
06/27/2015 05:00:00 AM,8,3,5
06/27/2015 06:00:00 AM,32,10,22
06/27/2015 07:00:00 AM,43,12,31
06/27/2015 08:00:00 AM,69,40,29
06/27/2015 09:00:00 AM,69,40,29
06/27/2015 10:00:00 AM,105,55,50
06/27/2015 11:00:00 AM,80,44,36
06/27/2015 12:00:00 PM,69,35,34
06/27/2015 01:00:00 PM,58,29,29
06/27/2015 02:00:00 PM,73,32,41
06/27/2015 03:00:00 PM,60,13,47
06/27/2015 04:00:00 PM,40,18,22
06/27/2015 05:00:00 PM,36,22,14
06/27/2015 06:00:00 PM,33,21,12
06/27/2015 07:00:00 PM,34,15,19
06/27/2015 08:00:00 PM,22,12,10
06/27/2015 09:00:00 PM,15,9,6
06/27/2015 10:00:00 PM,8,4,4
06/27/2015 11:00:00 PM,6,4,2
06/28/2015 12:00:00 AM,11,8,3
06/28/2015 01:00:00 AM,3,2,1
06/28/2015 02:00:00 AM,5,3,2
06/28/2015 03:00:00 AM,2,1,1
06/28/2015 04:00:00 AM,4,2,2
06/28/2015 05:00:00 AM,11,3,8
06/28/2015 06:00:00 AM,13,4,9
06/28/2015 07:00:00 AM,45,13,32
06/28/2015 08:00:00 AM,43,22,21
06/28/2015 09:00:00 AM,35,15,20
06/28/2015 10:00:00 AM,53,33,20
06/28/2015 11:00:00 AM,48,23,25
06/28/2015 12:00:00 PM,59,21,38
06/28/2015 01:00:00 PM,57,29,28
06/28/2015 02:00:00 PM,39,23,16
06/28/2015 03:00:00 PM,58,28,30
06/28/2015 04:00:00 PM,43,23,20
06/28/2015 05:00:00 PM,34,21,13
06/28/2015 06:00:00 PM,30,15,15
06/28/2015 07:00:00 PM,25,19,6
06/28/2015 08:00:00 PM,16,8,8
06/28/2015 09:00:00 PM,14,9,5
06/28/2015 10:00:00 PM,1,1,0
06/28/2015 11:00:00 PM,2,1,1
06/29/2015 12:00:00 AM,5,3,2
06/29/2015 01:00:00 AM,4,2,2
06/29/2015 02:00:00 AM,1,0,1
06/29/2015 03:00:00 AM,4,2,2
06/29/2015 04:00:00 AM,6,1,5
06/29/2015 05:00:00 AM,26,5,21
06/29/2015 06:00:00 AM,98,17,81
06/29/2015 07:00:00 AM,166,18,148
06/29/2015 08:00:00 AM,153,19,134
06/29/2015 09:00:00 AM,67,11,56
06/29/2015 10:00:00 AM,40,11,29
06/29/2015 11:00:00 AM,19,10,9
06/29/2015 12:00:00 PM,24,14,10
06/29/2015 01:00:00 PM,22,5,17
06/29/2015 02:00:00 PM,46,27,19
06/29/2015 03:00:00 PM,46,32,14
06/29/2015 04:00:00 PM,118,98,20
06/29/2015 05:00:00 PM,212,179,33
06/29/2015 06:00:00 PM,163,137,26
06/29/2015 07:00:00 PM,75,43,32
06/29/2015 08:00:00 PM,44,33,11
06/29/2015 09:00:00 PM,24,17,7
06/29/2015 10:00:00 PM,10,5,5
06/29/2015 11:00:00 PM,6,5,1
06/30/2015 12:00:00 AM,8,5,3
06/30/2015 01:00:00 AM,7,3,4
06/30/2015 02:00:00 AM,1,0,1
06/30/2015 03:00:00 AM,3,1,2
06/30/2015 04:00:00 AM,8,3,5
06/30/2015 05:00:00 AM,29,9,20
06/30/2015 06:00:00 AM,104,28,76
06/30/2015 07:00:00 AM,181,30,151
06/30/2015 08:00:00 AM,155,18,137
06/30/2015 09:00:00 AM,75,14,61
06/30/2015 10:00:00 AM,33,14,19
06/30/2015 11:00:00 AM,27,10,17
06/30/2015 12:00:00 PM,37,19,18
06/30/2015 01:00:00 PM,37,18,19
06/30/2015 02:00:00 PM,45,31,14
06/30/2015 03:00:00 PM,45,29,16
06/30/2015 04:00:00 PM,133,100,33
06/30/2015 05:00:00 PM,205,179,26
06/30/2015 06:00:00 PM,160,135,25
06/30/2015 07:00:00 PM,85,53,32
06/30/2015 08:00:00 PM,45,32,13
06/30/2015 09:00:00 PM,31,18,13
06/30/2015 10:00:00 PM,13,10,3
06/30/2015 11:00:00 PM,8,6,2
07/01/2015 12:00:00 AM,4,2,2
07/01/2015 01:00:00 AM,2,0,2
07/01/2015 02:00:00 AM,3,2,1
07/01/2015 03:00:00 AM,2,0,2
07/01/2015 04:00:00 AM,6,2,4
07/01/2015 05:00:00 AM,25,7,18
07/01/2015 06:00:00 AM,90,12,78
07/01/2015 07:00:00 AM,181,19,162
07/01/2015 08:00:00 AM,178,21,157
07/01/2015 09:00:00 AM,79,19,60
07/01/2015 10:00:00 AM,36,13,23
07/01/2015 11:00:00 AM,31,11,20
07/01/2015 12:00:00 PM,40,27,13
07/01/2015 01:00:00 PM,23,12,11
07/01/2015 02:00:00 PM,34,23,11
07/01/2015 03:00:00 PM,54,32,22
07/01/2015 04:00:00 PM,138,115,23
07/01/2015 05:00:00 PM,207,172,35
07/01/2015 06:00:00 PM,150,126,24
07/01/2015 07:00:00 PM,77,63,14
07/01/2015 08:00:00 PM,52,35,17
07/01/2015 09:00:00 PM,35,22,13
07/01/2015 10:00:00 PM,15,6,9
07/01/2015 11:00:00 PM,5,5,0
07/02/2015 12:00:00 AM,10,8,2
07/02/2015 01:00:00 AM,2,2,0
07/02/2015 02:00:00 AM,3,2,1
07/02/2015 03:00:00 AM,2,1,1
07/02/2015 04:00:00 AM,7,1,6
07/02/2015 05:00:00 AM,33,6,27
07/02/2015 06:00:00 AM,77,20,57
07/02/2015 07:00:00 AM,167,22,145
07/02/2015 08:00:00 AM,140,18,122
07/02/2015 09:00:00 AM,69,14,55
07/02/2015 10:00:00 AM,34,9,25
07/02/2015 11:00:00 AM,24,11,13
07/02/2015 12:00:00 PM,49,28,21
07/02/2015 01:00:00 PM,36,18,18
07/02/2015 02:00:00 PM,52,36,16
07/02/2015 03:00:00 PM,80,51,29
07/02/2015 04:00:00 PM,112,87,25
07/02/2015 05:00:00 PM,153,132,21
07/02/2015 06:00:00 PM,88,71,17
07/02/2015 07:00:00 PM,59,44,15
07/02/2015 08:00:00 PM,34,23,11
07/02/2015 09:00:00 PM,19,10,9
07/02/2015 10:00:00 PM,12,8,4
07/02/2015 11:00:00 PM,9,6,3
07/03/2015 12:00:00 AM,8,5,3
07/03/2015 01:00:00 AM,4,3,1
07/03/2015 02:00:00 AM,3,3,0
07/03/2015 03:00:00 AM,2,0,2
07/03/2015 04:00:00 AM,7,4,3
07/03/2015 05:00:00 AM,15,2,13
07/03/2015 06:00:00 AM,19,5,14
07/03/2015 07:00:00 AM,65,21,44
07/03/2015 08:00:00 AM,74,38,36
07/03/2015 09:00:00 AM,75,29,46
07/03/2015 10:00:00 AM,68,42,26
07/03/2015 11:00:00 AM,78,39,39
07/03/2015 12:00:00 PM,82,49,33
07/03/2015 01:00:00 PM,81,43,38
07/03/2015 02:00:00 PM,55,29,26
07/03/2015 03:00:00 PM,78,39,39
07/03/2015 04:00:00 PM,60,35,25
07/03/2015 05:00:00 PM,55,29,26
07/03/2015 06:00:00 PM,39,22,17
07/03/2015 07:00:00 PM,24,17,7
07/03/2015 08:00:00 PM,25,11,14
07/03/2015 09:00:00 PM,15,6,9
07/03/2015 10:00:00 PM,18,11,7
07/03/2015 11:00:00 PM,12,6,6
07/04/2015 12:00:00 AM,8,6,2
07/04/2015 01:00:00 AM,1,0,1
07/04/2015 02:00:00 AM,0,0,0
07/04/2015 03:00:00 AM,4,2,2
07/04/2015 04:00:00 AM,0,0,0
07/04/2015 05:00:00 AM,7,2,5
07/04/2015 06:00:00 AM,19,9,10
07/04/2015 07:00:00 AM,39,11,28
07/04/2015 08:00:00 AM,67,39,28
07/04/2015 09:00:00 AM,67,30,37
07/04/2015 10:00:00 AM,67,36,31
07/04/2015 11:00:00 AM,72,40,32
07/04/2015 12:00:00 PM,65,34,31
07/04/2015 01:00:00 PM,62,32,30
07/04/2015 02:00:00 PM,53,28,25
07/04/2015 03:00:00 PM,49,29,20
07/04/2015 04:00:00 PM,47,22,25
07/04/2015 05:00:00 PM,45,21,24
07/04/2015 06:00:00 PM,40,24,16
07/04/2015 07:00:00 PM,21,9,12
07/04/2015 08:00:00 PM,21,10,11
07/04/2015 09:00:00 PM,18,6,12
07/04/2015 10:00:00 PM,11,6,5
07/04/2015 11:00:00 PM,25,19,6
07/05/2015 12:00:00 AM,16,3,13
07/05/2015 01:00:00 AM,6,5,1
07/05/2015 02:00:00 AM,5,3,2
07/05/2015 03:00:00 AM,5,3,2
07/05/2015 04:00:00 AM,1,1,0
07/05/2015 05:00:00 AM,7,0,7
07/05/2015 06:00:00 AM,11,4,7
07/05/2015 07:00:00 AM,24,10,14
07/05/2015 08:00:00 AM,46,19,27
07/05/2015 09:00:00 AM,43,19,24
07/05/2015 10:00:00 AM,61,33,28
07/05/2015 11:00:00 AM,80,39,41
07/05/2015 12:00:00 PM,66,33,33
07/05/2015 01:00:00 PM,71,42,29
07/05/2015 02:00:00 PM,51,17,34
07/05/2015 03:00:00 PM,60,25,35
07/05/2015 04:00:00 PM,40,18,22
07/05/2015 05:00:00 PM,36,21,15
07/05/2015 06:00:00 PM,33,17,16
07/05/2015 07:00:00 PM,15,5,10
07/05/2015 08:00:00 PM,26,12,14
07/05/2015 09:00:00 PM,6,2,4
07/05/2015 10:00:00 PM,4,3,1
07/05/2015 11:00:00 PM,2,1,1
07/06/2015 12:00:00 AM,1,1,0
07/06/2015 01:00:00 AM,0,0,0
07/06/2015 02:00:00 AM,2,0,2
07/06/2015 03:00:00 AM,2,1,1
07/06/2015 04:00:00 AM,6,0,6
07/06/2015 05:00:00 AM,23,2,21
07/06/2015 06:00:00 AM,88,10,78
07/06/2015 07:00:00 AM,151,16,135
07/06/2015 08:00:00 AM,145,21,124
07/06/2015 09:00:00 AM,71,12,59
07/06/2015 10:00:00 AM,23,7,16
07/06/2015 11:00:00 AM,36,16,20
07/06/2015 12:00:00 PM,38,22,16
07/06/2015 01:00:00 PM,32,17,15
07/06/2015 02:00:00 PM,26,15,11
07/06/2015 03:00:00 PM,55,39,16
07/06/2015 04:00:00 PM,106,83,23
07/06/2015 05:00:00 PM,198,167,31
07/06/2015 06:00:00 PM,141,122,19
07/06/2015 07:00:00 PM,44,34,10
07/06/2015 08:00:00 PM,22,15,7
07/06/2015 09:00:00 PM,25,19,6
07/06/2015 10:00:00 PM,11,8,3
07/06/2015 11:00:00 PM,7,5,2
07/07/2015 12:00:00 AM,4,4,0
07/07/2015 01:00:00 AM,2,1,1
07/07/2015 02:00:00 AM,2,0,2
07/07/2015 03:00:00 AM,1,0,1
07/07/2015 04:00:00 AM,5,1,4
07/07/2015 05:00:00 AM,37,4,33
07/07/2015 06:00:00 AM,114,20,94
07/07/2015 07:00:00 AM,188,23,165
07/07/2015 08:00:00 AM,178,19,159
07/07/2015 09:00:00 AM,66,10,56
07/07/2015 10:00:00 AM,39,11,28
07/07/2015 11:00:00 AM,23,13,10
07/07/2015 12:00:00 PM,39,20,19
07/07/2015 01:00:00 PM,32,19,13
07/07/2015 02:00:00 PM,29,16,13
07/07/2015 03:00:00 PM,74,50,24
07/07/2015 04:00:00 PM,128,103,25
07/07/2015 05:00:00 PM,231,203,28
07/07/2015 06:00:00 PM,146,122,24
07/07/2015 07:00:00 PM,59,44,15
07/07/2015 08:00:00 PM,35,22,13
07/07/2015 09:00:00 PM,23,17,6
07/07/2015 10:00:00 PM,17,15,2
07/07/2015 11:00:00 PM,11,9,2
07/08/2015 12:00:00 AM,2,2,0
07/08/2015 01:00:00 AM,3,2,1
07/08/2015 02:00:00 AM,4,2,2
07/08/2015 03:00:00 AM,2,1,1
07/08/2015 04:00:00 AM,7,0,7
07/08/2015 05:00:00 AM,29,4,25
07/08/2015 06:00:00 AM,101,17,84
07/08/2015 07:00:00 AM,168,18,150
07/08/2015 08:00:00 AM,161,10,151
07/08/2015 09:00:00 AM,90,17,73
07/08/2015 10:00:00 AM,37,13,24
07/08/2015 11:00:00 AM,38,16,22
07/08/2015 12:00:00 PM,30,11,19
07/08/2015 01:00:00 PM,48,18,30
07/08/2015 02:00:00 PM,42,26,16
07/08/2015 03:00:00 PM,74,56,18
07/08/2015 04:00:00 PM,154,114,40
07/08/2015 05:00:00 PM,211,180,31
07/08/2015 06:00:00 PM,137,118,19
07/08/2015 07:00:00 PM,86,62,24
07/08/2015 08:00:00 PM,58,27,31
07/08/2015 09:00:00 PM,25,19,6
07/08/2015 10:00:00 PM,17,12,5
07/08/2015 11:00:00 PM,9,8,1
07/09/2015 12:00:00 AM,3,3,0
07/09/2015 01:00:00 AM,1,0,1
07/09/2015 02:00:00 AM,2,1,1
07/09/2015 03:00:00 AM,2,1,1
07/09/2015 04:00:00 AM,9,1,8
07/09/2015 05:00:00 AM,24,5,19
07/09/2015 06:00:00 AM,91,12,79
07/09/2015 07:00:00 AM,145,11,134
07/09/2015 08:00:00 AM,168,24,144
07/09/2015 09:00:00 AM,75,7,68
07/09/2015 10:00:00 AM,36,11,25
07/09/2015 11:00:00 AM,18,8,10
07/09/2015 12:00:00 PM,40,16,24
07/09/2015 01:00:00 PM,36,19,17
07/09/2015 02:00:00 PM,30,19,11
07/09/2015 03:00:00 PM,54,36,18
07/09/2015 04:00:00 PM,121,94,27
07/09/2015 05:00:00 PM,176,147,29
07/09/2015 06:00:00 PM,147,122,25
07/09/2015 07:00:00 PM,74,56,18
07/09/2015 08:00:00 PM,40,31,9
07/09/2015 09:00:00 PM,25,17,8
07/09/2015 10:00:00 PM,15,13,2
07/09/2015 11:00:00 PM,7,7,0
07/10/2015 12:00:00 AM,5,3,2
07/10/2015 01:00:00 AM,3,1,2
07/10/2015 02:00:00 AM,2,0,2
07/10/2015 03:00:00 AM,4,3,1
07/10/2015 04:00:00 AM,8,3,5
07/10/2015 05:00:00 AM,25,8,17
07/10/2015 06:00:00 AM,72,8,64
07/10/2015 07:00:00 AM,127,15,112
07/10/2015 08:00:00 AM,138,22,116
07/10/2015 09:00:00 AM,48,9,39
07/10/2015 10:00:00 AM,22,7,15
07/10/2015 11:00:00 AM,26,9,17
07/10/2015 12:00:00 PM,30,13,17
07/10/2015 01:00:00 PM,19,7,12
07/10/2015 02:00:00 PM,30,19,11
07/10/2015 03:00:00 PM,57,39,18
07/10/2015 04:00:00 PM,105,88,17
07/10/2015 05:00:00 PM,147,128,19
07/10/2015 06:00:00 PM,83,68,15
07/10/2015 07:00:00 PM,44,36,8
07/10/2015 08:00:00 PM,29,22,7
07/10/2015 09:00:00 PM,14,9,5
07/10/2015 10:00:00 PM,19,11,8
07/10/2015 11:00:00 PM,15,9,6
07/11/2015 12:00:00 AM,11,3,8
07/11/2015 01:00:00 AM,3,2,1
07/11/2015 02:00:00 AM,3,3,0
07/11/2015 03:00:00 AM,0,0,0
07/11/2015 04:00:00 AM,10,7,3
07/11/2015 05:00:00 AM,28,9,19
07/11/2015 06:00:00 AM,15,5,10
07/11/2015 07:00:00 AM,19,1,18
07/11/2015 08:00:00 AM,45,23,22
07/11/2015 09:00:00 AM,47,22,25
07/11/2015 10:00:00 AM,43,15,28
07/11/2015 11:00:00 AM,49,26,23
07/11/2015 12:00:00 PM,43,20,23
07/11/2015 01:00:00 PM,59,27,32
07/11/2015 02:00:00 PM,54,32,22
07/11/2015 03:00:00 PM,59,30,29
07/11/2015 04:00:00 PM,48,26,22
07/11/2015 05:00:00 PM,40,24,16
07/11/2015 06:00:00 PM,24,14,10
07/11/2015 07:00:00 PM,17,12,5
07/11/2015 08:00:00 PM,14,12,2
07/11/2015 09:00:00 PM,14,8,6
07/11/2015 10:00:00 PM,21,15,6
07/11/2015 11:00:00 PM,10,3,7
07/12/2015 12:00:00 AM,7,3,4
07/12/2015 01:00:00 AM,1,1,0
07/12/2015 02:00:00 AM,2,2,0
07/12/2015 03:00:00 AM,3,2,1
07/12/2015 04:00:00 AM,4,1,3
07/12/2015 05:00:00 AM,4,0,4
07/12/2015 06:00:00 AM,6,1,5
07/12/2015 07:00:00 AM,25,10,15
07/12/2015 08:00:00 AM,38,14,24
07/12/2015 09:00:00 AM,34,14,20
07/12/2015 10:00:00 AM,45,19,26
07/12/2015 11:00:00 AM,50,23,27
07/12/2015 12:00:00 PM,61,31,30
07/12/2015 01:00:00 PM,76,41,35
07/12/2015 02:00:00 PM,69,33,36
07/12/2015 03:00:00 PM,67,39,28
07/12/2015 04:00:00 PM,47,22,25
07/12/2015 05:00:00 PM,52,25,27
07/12/2015 06:00:00 PM,29,22,7
07/12/2015 07:00:00 PM,21,10,11
07/12/2015 08:00:00 PM,20,6,14
07/12/2015 09:00:00 PM,12,9,3
07/12/2015 10:00:00 PM,9,7,2
07/12/2015 11:00:00 PM,4,4,0
07/13/2015 12:00:00 AM,2,2,0
07/13/2015 01:00:00 AM,2,1,1
07/13/2015 02:00:00 AM,2,1,1
07/13/2015 03:00:00 AM,4,2,2
07/13/2015 04:00:00 AM,7,1,6
07/13/2015 05:00:00 AM,25,3,22
07/13/2015 06:00:00 AM,77,15,62
07/13/2015 07:00:00 AM,153,18,135
07/13/2015 08:00:00 AM,137,14,123
07/13/2015 09:00:00 AM,40,5,35
07/13/2015 10:00:00 AM,40,6,34
07/13/2015 11:00:00 AM,15,5,10
07/13/2015 12:00:00 PM,16,12,4
07/13/2015 01:00:00 PM,33,18,15
07/13/2015 02:00:00 PM,28,15,13
07/13/2015 03:00:00 PM,49,39,10
07/13/2015 04:00:00 PM,93,74,19
07/13/2015 05:00:00 PM,186,161,25
07/13/2015 06:00:00 PM,110,94,16
07/13/2015 07:00:00 PM,67,51,16
07/13/2015 08:00:00 PM,29,19,10
07/13/2015 09:00:00 PM,32,18,14
07/13/2015 10:00:00 PM,12,10,2
07/13/2015 11:00:00 PM,6,4,2
07/14/2015 12:00:00 AM,2,1,1
07/14/2015 01:00:00 AM,4,3,1
07/14/2015 02:00:00 AM,5,4,1
07/14/2015 03:00:00 AM,3,3,0
07/14/2015 04:00:00 AM,5,1,4
07/14/2015 05:00:00 AM,35,7,28
07/14/2015 06:00:00 AM,83,15,68
07/14/2015 07:00:00 AM,193,20,173
07/14/2015 08:00:00 AM,148,19,129
07/14/2015 09:00:00 AM,68,8,60
07/14/2015 10:00:00 AM,39,8,31
07/14/2015 11:00:00 AM,21,12,9
07/14/2015 12:00:00 PM,28,14,14
07/14/2015 01:00:00 PM,32,21,11
07/14/2015 02:00:00 PM,31,21,10
07/14/2015 03:00:00 PM,58,40,18
07/14/2015 04:00:00 PM,133,105,28
07/14/2015 05:00:00 PM,218,185,33
07/14/2015 06:00:00 PM,139,116,23
07/14/2015 07:00:00 PM,71,58,13
07/14/2015 08:00:00 PM,39,23,16
07/14/2015 09:00:00 PM,26,19,7
07/14/2015 10:00:00 PM,18,14,4
07/14/2015 11:00:00 PM,8,4,4
07/15/2015 12:00:00 AM,5,5,0
07/15/2015 01:00:00 AM,3,2,1
07/15/2015 02:00:00 AM,1,0,1
07/15/2015 03:00:00 AM,3,2,1
07/15/2015 04:00:00 AM,8,2,6
07/15/2015 05:00:00 AM,28,7,21
07/15/2015 06:00:00 AM,90,14,76
07/15/2015 07:00:00 AM,190,22,168
07/15/2015 08:00:00 AM,151,15,136
07/15/2015 09:00:00 AM,59,10,49
07/15/2015 10:00:00 AM,43,18,25
07/15/2015 11:00:00 AM,45,16,29
07/15/2015 12:00:00 PM,33,21,12
07/15/2015 01:00:00 PM,47,29,18
07/15/2015 02:00:00 PM,30,18,12
07/15/2015 03:00:00 PM,45,31,14
07/15/2015 04:00:00 PM,139,99,40
07/15/2015 05:00:00 PM,202,171,31
07/15/2015 06:00:00 PM,146,127,19
07/15/2015 07:00:00 PM,63,46,17
07/15/2015 08:00:00 PM,47,30,17
07/15/2015 09:00:00 PM,31,18,13
07/15/2015 10:00:00 PM,12,6,6
07/15/2015 11:00:00 PM,9,9,0
07/16/2015 12:00:00 AM,2,0,2
07/16/2015 01:00:00 AM,3,2,1
07/16/2015 02:00:00 AM,3,1,2
07/16/2015 03:00:00 AM,1,1,0
07/16/2015 04:00:00 AM,6,2,4
07/16/2015 05:00:00 AM,30,2,28
07/16/2015 06:00:00 AM,91,13,78
07/16/2015 07:00:00 AM,146,19,127
07/16/2015 08:00:00 AM,164,24,140
07/16/2015 09:00:00 AM,73,11,62
07/16/2015 10:00:00 AM,29,10,19
07/16/2015 11:00:00 AM,29,11,18
07/16/2015 12:00:00 PM,29,17,12
07/16/2015 01:00:00 PM,37,24,13
07/16/2015 02:00:00 PM,38,18,20
07/16/2015 03:00:00 PM,66,43,23
07/16/2015 04:00:00 PM,112,85,27
07/16/2015 05:00:00 PM,184,157,27
07/16/2015 06:00:00 PM,131,105,26
07/16/2015 07:00:00 PM,79,61,18
07/16/2015 08:00:00 PM,29,21,8
07/16/2015 09:00:00 PM,24,18,6
07/16/2015 10:00:00 PM,14,11,3
07/16/2015 11:00:00 PM,9,7,2
07/17/2015 12:00:00 AM,12,8,4
07/17/2015 01:00:00 AM,5,4,1
07/17/2015 02:00:00 AM,3,2,1
07/17/2015 03:00:00 AM,0,0,0
07/17/2015 04:00:00 AM,4,1,3
07/17/2015 05:00:00 AM,30,6,24
07/17/2015 06:00:00 AM,83,13,70
07/17/2015 07:00:00 AM,145,12,133
07/17/2015 08:00:00 AM,134,14,120
07/17/2015 09:00:00 AM,58,10,48
07/17/2015 10:00:00 AM,23,9,14
07/17/2015 11:00:00 AM,26,11,15
07/17/2015 12:00:00 PM,29,17,12
07/17/2015 01:00:00 PM,43,22,21
07/17/2015 02:00:00 PM,46,29,17
07/17/2015 03:00:00 PM,72,45,27
07/17/2015 04:00:00 PM,117,89,28
07/17/2015 05:00:00 PM,151,126,25
07/17/2015 06:00:00 PM,107,85,22
07/17/2015 07:00:00 PM,46,33,13
07/17/2015 08:00:00 PM,37,24,13
07/17/2015 09:00:00 PM,10,6,4
07/17/2015 10:00:00 PM,17,12,5
07/17/2015 11:00:00 PM,10,5,5
07/18/2015 12:00:00 AM,11,8,3
07/18/2015 01:00:00 AM,5,4,1
07/18/2015 02:00:00 AM,6,6,0
07/18/2015 03:00:00 AM,3,0,3
07/18/2015 04:00:00 AM,5,2,3
07/18/2015 05:00:00 AM,9,2,7
07/18/2015 06:00:00 AM,17,5,12
07/18/2015 07:00:00 AM,45,11,34
07/18/2015 08:00:00 AM,49,21,28
07/18/2015 09:00:00 AM,63,34,29
07/18/2015 10:00:00 AM,60,39,21
07/18/2015 11:00:00 AM,74,31,43
07/18/2015 12:00:00 PM,65,33,32
07/18/2015 01:00:00 PM,90,47,43
07/18/2015 02:00:00 PM,59,27,32
07/18/2015 03:00:00 PM,67,30,37
07/18/2015 04:00:00 PM,57,38,19
07/18/2015 05:00:00 PM,52,27,25
07/18/2015 06:00:00 PM,49,19,30
07/18/2015 07:00:00 PM,42,23,19
07/18/2015 08:00:00 PM,20,7,13
07/18/2015 09:00:00 PM,21,15,6
07/18/2015 10:00:00 PM,22,13,9
07/18/2015 11:00:00 PM,7,6,1
07/19/2015 12:00:00 AM,6,5,1
07/19/2015 01:00:00 AM,6,3,3
07/19/2015 02:00:00 AM,1,1,0
07/19/2015 03:00:00 AM,0,0,0
07/19/2015 04:00:00 AM,2,2,0
07/19/2015 05:00:00 AM,8,2,6
07/19/2015 06:00:00 AM,14,8,6
07/19/2015 07:00:00 AM,27,12,15
07/19/2015 08:00:00 AM,36,14,22
07/19/2015 09:00:00 AM,61,28,33
07/19/2015 10:00:00 AM,85,42,43
07/19/2015 11:00:00 AM,67,28,39
07/19/2015 12:00:00 PM,80,45,35
07/19/2015 01:00:00 PM,80,34,46
07/19/2015 02:00:00 PM,48,28,20
07/19/2015 03:00:00 PM,41,23,18
07/19/2015 04:00:00 PM,50,29,21
07/19/2015 05:00:00 PM,39,18,21
07/19/2015 06:00:00 PM,31,17,14
07/19/2015 07:00:00 PM,22,13,9
07/19/2015 08:00:00 PM,21,9,12
07/19/2015 09:00:00 PM,7,4,3
07/19/2015 10:00:00 PM,8,4,4
07/19/2015 11:00:00 PM,4,2,2
07/20/2015 12:00:00 AM,1,0,1
07/20/2015 01:00:00 AM,4,3,1
07/20/2015 02:00:00 AM,4,3,1
07/20/2015 03:00:00 AM,1,1,0
07/20/2015 04:00:00 AM,6,2,4
07/20/2015 05:00:00 AM,19,6,13
07/20/2015 06:00:00 AM,78,13,65
07/20/2015 07:00:00 AM,152,16,136
07/20/2015 08:00:00 AM,156,22,134
07/20/2015 09:00:00 AM,45,9,36
07/20/2015 10:00:00 AM,28,8,20
07/20/2015 11:00:00 AM,25,9,16
07/20/2015 12:00:00 PM,28,18,10
07/20/2015 01:00:00 PM,20,7,13
07/20/2015 02:00:00 PM,37,18,19
07/20/2015 03:00:00 PM,46,32,14
07/20/2015 04:00:00 PM,107,82,25
07/20/2015 05:00:00 PM,196,171,25
07/20/2015 06:00:00 PM,130,115,15
07/20/2015 07:00:00 PM,59,43,16
07/20/2015 08:00:00 PM,38,27,11
07/20/2015 09:00:00 PM,14,9,5
07/20/2015 10:00:00 PM,11,6,5
07/20/2015 11:00:00 PM,9,7,2
07/21/2015 12:00:00 AM,2,1,1
07/21/2015 01:00:00 AM,4,4,0
07/21/2015 02:00:00 AM,4,1,3
07/21/2015 03:00:00 AM,1,1,0
07/21/2015 04:00:00 AM,7,2,5
07/21/2015 05:00:00 AM,26,4,22
07/21/2015 06:00:00 AM,55,9,46
07/21/2015 07:00:00 AM,144,18,126
07/21/2015 08:00:00 AM,118,13,105
07/21/2015 09:00:00 AM,44,10,34
07/21/2015 10:00:00 AM,29,7,22
07/21/2015 11:00:00 AM,19,6,13
07/21/2015 12:00:00 PM,26,12,14
07/21/2015 01:00:00 PM,24,7,17
07/21/2015 02:00:00 PM,25,14,11
07/21/2015 03:00:00 PM,44,31,13
07/21/2015 04:00:00 PM,80,63,17
07/21/2015 05:00:00 PM,157,134,23
07/21/2015 06:00:00 PM,122,101,21
07/21/2015 07:00:00 PM,69,48,21
07/21/2015 08:00:00 PM,35,24,11
07/21/2015 09:00:00 PM,22,15,7
07/21/2015 10:00:00 PM,7,5,2
07/21/2015 11:00:00 PM,8,7,1
07/22/2015 12:00:00 AM,0,0,0
07/22/2015 01:00:00 AM,2,1,1
07/22/2015 02:00:00 AM,3,2,1
07/22/2015 03:00:00 AM,3,3,0
07/22/2015 04:00:00 AM,5,1,4
07/22/2015 05:00:00 AM,31,4,27
07/22/2015 06:00:00 AM,88,9,79
07/22/2015 07:00:00 AM,178,11,167
07/22/2015 08:00:00 AM,160,25,135
07/22/2015 09:00:00 AM,66,12,54
07/22/2015 10:00:00 AM,36,11,25
07/22/2015 11:00:00 AM,36,14,22
07/22/2015 12:00:00 PM,37,20,17
07/22/2015 01:00:00 PM,32,14,18
07/22/2015 02:00:00 PM,33,23,10
07/22/2015 03:00:00 PM,73,48,25
07/22/2015 04:00:00 PM,117,95,22
07/22/2015 05:00:00 PM,200,171,29
07/22/2015 06:00:00 PM,165,135,30
07/22/2015 07:00:00 PM,72,58,14
07/22/2015 08:00:00 PM,43,25,18
07/22/2015 09:00:00 PM,21,16,5
07/22/2015 10:00:00 PM,9,7,2
07/22/2015 11:00:00 PM,7,3,4
07/23/2015 12:00:00 AM,4,3,1
07/23/2015 01:00:00 AM,0,0,0
07/23/2015 02:00:00 AM,1,1,0
07/23/2015 03:00:00 AM,2,1,1
07/23/2015 04:00:00 AM,4,1,3
07/23/2015 05:00:00 AM,31,5,26
07/23/2015 06:00:00 AM,85,10,75
07/23/2015 07:00:00 AM,182,21,161
07/23/2015 08:00:00 AM,132,15,117
07/23/2015 09:00:00 AM,63,11,52
07/23/2015 10:00:00 AM,27,7,20
07/23/2015 11:00:00 AM,19,7,12
07/23/2015 12:00:00 PM,40,19,21
07/23/2015 01:00:00 PM,29,15,14
07/23/2015 02:00:00 PM,44,28,16
07/23/2015 03:00:00 PM,64,45,19
07/23/2015 04:00:00 PM,102,77,25
07/23/2015 05:00:00 PM,189,158,31
07/23/2015 06:00:00 PM,121,103,18
07/23/2015 07:00:00 PM,65,47,18
07/23/2015 08:00:00 PM,33,22,11
07/23/2015 09:00:00 PM,14,11,3
07/23/2015 10:00:00 PM,23,18,5
07/23/2015 11:00:00 PM,6,6,0
07/24/2015 12:00:00 AM,1,1,0
07/24/2015 01:00:00 AM,4,4,0
07/24/2015 02:00:00 AM,3,2,1
07/24/2015 03:00:00 AM,6,1,5
07/24/2015 04:00:00 AM,3,2,1
07/24/2015 05:00:00 AM,18,4,14
07/24/2015 06:00:00 AM,73,9,64
07/24/2015 07:00:00 AM,128,11,117
07/24/2015 08:00:00 AM,104,24,80
07/24/2015 09:00:00 AM,44,8,36
07/24/2015 10:00:00 AM,23,7,16
07/24/2015 11:00:00 AM,13,3,10
07/24/2015 12:00:00 PM,23,7,16
07/24/2015 01:00:00 PM,32,15,17
07/24/2015 02:00:00 PM,33,22,11
07/24/2015 03:00:00 PM,55,35,20
07/24/2015 04:00:00 PM,98,77,21
07/24/2015 05:00:00 PM,120,105,15
07/24/2015 06:00:00 PM,73,54,19
07/24/2015 07:00:00 PM,41,34,7
07/24/2015 08:00:00 PM,25,16,9
07/24/2015 09:00:00 PM,15,12,3
07/24/2015 10:00:00 PM,9,7,2
07/24/2015 11:00:00 PM,11,9,2
07/25/2015 12:00:00 AM,11,8,3
07/25/2015 01:00:00 AM,3,3,0
07/25/2015 02:00:00 AM,0,0,0
07/25/2015 03:00:00 AM,1,0,1
07/25/2015 04:00:00 AM,0,0,0
07/25/2015 05:00:00 AM,4,2,2
07/25/2015 06:00:00 AM,9,1,8
07/25/2015 07:00:00 AM,9,4,5
07/25/2015 08:00:00 AM,32,9,23
07/25/2015 09:00:00 AM,41,22,19
07/25/2015 10:00:00 AM,42,15,27
07/25/2015 11:00:00 AM,46,12,34
07/25/2015 12:00:00 PM,33,20,13
07/25/2015 01:00:00 PM,36,13,23
07/25/2015 02:00:00 PM,37,24,13
07/25/2015 03:00:00 PM,42,24,18
07/25/2015 04:00:00 PM,22,11,11
07/25/2015 05:00:00 PM,33,21,12
07/25/2015 06:00:00 PM,24,12,12
07/25/2015 07:00:00 PM,28,18,10
07/25/2015 08:00:00 PM,8,7,1
07/25/2015 09:00:00 PM,6,6,0
07/25/2015 10:00:00 PM,4,4,0
07/25/2015 11:00:00 PM,5,4,1
07/26/2015 12:00:00 AM,7,3,4
07/26/2015 01:00:00 AM,3,3,0
07/26/2015 02:00:00 AM,0,0,0
07/26/2015 03:00:00 AM,2,2,0
07/26/2015 04:00:00 AM,2,1,1
07/26/2015 05:00:00 AM,6,3,3
07/26/2015 06:00:00 AM,11,5,6
07/26/2015 07:00:00 AM,18,7,11
07/26/2015 08:00:00 AM,29,7,22
07/26/2015 09:00:00 AM,34,13,21
07/26/2015 10:00:00 AM,40,20,20
07/26/2015 11:00:00 AM,42,22,20
07/26/2015 12:00:00 PM,44,25,19
07/26/2015 01:00:00 PM,47,22,25
07/26/2015 02:00:00 PM,54,27,27
07/26/2015 03:00:00 PM,43,19,24
07/26/2015 04:00:00 PM,29,18,11
07/26/2015 05:00:00 PM,13,10,3
07/26/2015 06:00:00 PM,11,7,4
07/26/2015 07:00:00 PM,13,9,4
07/26/2015 08:00:00 PM,3,3,0
07/26/2015 09:00:00 PM,8,6,2
07/26/2015 10:00:00 PM,2,1,1
07/26/2015 11:00:00 PM,2,1,1
07/27/2015 12:00:00 AM,1,0,1
07/27/2015 01:00:00 AM,0,0,0
07/27/2015 02:00:00 AM,1,1,0
07/27/2015 03:00:00 AM,1,0,1
07/27/2015 04:00:00 AM,7,1,6
07/27/2015 05:00:00 AM,25,5,20
07/27/2015 06:00:00 AM,76,13,63
07/27/2015 07:00:00 AM,144,16,128
07/27/2015 08:00:00 AM,138,19,119
07/27/2015 09:00:00 AM,52,6,46
07/27/2015 10:00:00 AM,26,8,18
07/27/2015 11:00:00 AM,33,11,22
07/27/2015 12:00:00 PM,34,15,19
07/27/2015 01:00:00 PM,25,12,13
07/27/2015 02:00:00 PM,35,17,18
07/27/2015 03:00:00 PM,51,34,17
07/27/2015 04:00:00 PM,109,86,23
07/27/2015 05:00:00 PM,178,157,21
07/27/2015 06:00:00 PM,116,100,16
07/27/2015 07:00:00 PM,67,53,14
07/27/2015 08:00:00 PM,23,14,9
07/27/2015 09:00:00 PM,17,12,5
07/27/2015 10:00:00 PM,10,4,6
07/27/2015 11:00:00 PM,9,6,3
07/28/2015 12:00:00 AM,3,2,1
07/28/2015 01:00:00 AM,5,3,2
07/28/2015 02:00:00 AM,3,1,2
07/28/2015 03:00:00 AM,4,4,0
07/28/2015 04:00:00 AM,3,1,2
07/28/2015 05:00:00 AM,31,5,26
07/28/2015 06:00:00 AM,100,10,90
07/28/2015 07:00:00 AM,182,18,164
07/28/2015 08:00:00 AM,170,25,145
07/28/2015 09:00:00 AM,72,16,56
07/28/2015 10:00:00 AM,36,7,29
07/28/2015 11:00:00 AM,33,11,22
07/28/2015 12:00:00 PM,25,11,14
07/28/2015 01:00:00 PM,33,15,18
07/28/2015 02:00:00 PM,30,24,6
07/28/2015 03:00:00 PM,69,45,24
07/28/2015 04:00:00 PM,127,95,32
07/28/2015 05:00:00 PM,192,171,21
07/28/2015 06:00:00 PM,185,154,31
07/28/2015 07:00:00 PM,91,68,23
07/28/2015 08:00:00 PM,38,21,17
07/28/2015 09:00:00 PM,43,27,16
07/28/2015 10:00:00 PM,19,16,3
07/28/2015 11:00:00 PM,8,5,3
07/29/2015 12:00:00 AM,0,0,0
07/29/2015 01:00:00 AM,3,0,3
07/29/2015 02:00:00 AM,1,0,1
07/29/2015 03:00:00 AM,2,1,1
07/29/2015 04:00:00 AM,7,1,6
07/29/2015 05:00:00 AM,33,7,26
07/29/2015 06:00:00 AM,106,14,92
07/29/2015 07:00:00 AM,117,15,102
07/29/2015 08:00:00 AM,231,27,204
07/29/2015 09:00:00 AM,81,15,66
07/29/2015 10:00:00 AM,48,11,37
07/29/2015 11:00:00 AM,32,22,10
07/29/2015 12:00:00 PM,38,9,29
07/29/2015 01:00:00 PM,56,24,32
07/29/2015 02:00:00 PM,45,30,15
07/29/2015 03:00:00 PM,63,46,17
07/29/2015 04:00:00 PM,116,92,24
07/29/2015 05:00:00 PM,223,191,32
07/29/2015 06:00:00 PM,152,120,32
07/29/2015 07:00:00 PM,102,72,30
07/29/2015 08:00:00 PM,40,29,11
07/29/2015 09:00:00 PM,24,12,12
07/29/2015 10:00:00 PM,16,9,7
07/29/2015 11:00:00 PM,12,7,5
07/30/2015 12:00:00 AM,2,2,0
07/30/2015 01:00:00 AM,3,1,2
07/30/2015 02:00:00 AM,2,1,1
07/30/2015 03:00:00 AM,3,2,1
07/30/2015 04:00:00 AM,8,1,7
07/30/2015 05:00:00 AM,31,10,21
07/30/2015 06:00:00 AM,81,5,76
07/30/2015 07:00:00 AM,166,15,151
07/30/2015 08:00:00 AM,170,22,148
07/30/2015 09:00:00 AM,76,19,57
07/30/2015 10:00:00 AM,38,17,21
07/30/2015 11:00:00 AM,30,7,23
07/30/2015 12:00:00 PM,36,23,13
07/30/2015 01:00:00 PM,37,18,19
07/30/2015 02:00:00 PM,31,17,14
07/30/2015 03:00:00 PM,61,41,20
07/30/2015 04:00:00 PM,96,77,19
07/30/2015 05:00:00 PM,174,153,21
07/30/2015 06:00:00 PM,132,114,18
07/30/2015 07:00:00 PM,77,57,20
07/30/2015 08:00:00 PM,41,23,18
07/30/2015 09:00:00 PM,33,21,12
07/30/2015 10:00:00 PM,23,12,11
07/30/2015 11:00:00 PM,5,5,0
07/31/2015 12:00:00 AM,6,6,0
07/31/2015 01:00:00 AM,6,3,3
07/31/2015 02:00:00 AM,3,1,2
07/31/2015 03:00:00 AM,4,1,3
07/31/2015 04:00:00 AM,3,1,2
07/31/2015 05:00:00 AM,28,4,24
07/31/2015 06:00:00 AM,69,5,64
07/31/2015 07:00:00 AM,121,15,106
07/31/2015 08:00:00 AM,120,13,107
07/31/2015 09:00:00 AM,60,11,49
07/31/2015 10:00:00 AM,46,18,28
07/31/2015 11:00:00 AM,40,15,25
07/31/2015 12:00:00 PM,39,19,20
07/31/2015 01:00:00 PM,41,25,16
07/31/2015 02:00:00 PM,36,20,16
07/31/2015 03:00:00 PM,71,52,19
07/31/2015 04:00:00 PM,121,100,21
07/31/2015 05:00:00 PM,146,124,22
07/31/2015 06:00:00 PM,71,55,16
07/31/2015 07:00:00 PM,50,33,17
07/31/2015 08:00:00 PM,24,17,7
07/31/2015 09:00:00 PM,18,11,7
07/31/2015 10:00:00 PM,7,7,0
07/31/2015 11:00:00 PM,8,7,1
08/01/2015 12:00:00 AM,9,5,4
08/01/2015 01:00:00 AM,7,3,4
08/01/2015 02:00:00 AM,1,1,0
08/01/2015 03:00:00 AM,1,0,1
08/01/2015 04:00:00 AM,2,1,1
08/01/2015 05:00:00 AM,8,2,6
08/01/2015 06:00:00 AM,20,6,14
08/01/2015 07:00:00 AM,24,9,15
08/01/2015 08:00:00 AM,35,19,16
08/01/2015 09:00:00 AM,56,22,34
08/01/2015 10:00:00 AM,73,32,41
08/01/2015 11:00:00 AM,80,37,43
08/01/2015 12:00:00 PM,78,33,45
08/01/2015 01:00:00 PM,59,32,27
08/01/2015 02:00:00 PM,81,44,37
08/01/2015 03:00:00 PM,79,42,37
08/01/2015 04:00:00 PM,43,28,15
08/01/2015 05:00:00 PM,65,38,27
08/01/2015 06:00:00 PM,35,18,17
08/01/2015 07:00:00 PM,23,12,11
08/01/2015 08:00:00 PM,16,10,6
08/01/2015 09:00:00 PM,21,17,4
08/01/2015 10:00:00 PM,8,7,1
08/01/2015 11:00:00 PM,7,6,1
08/02/2015 12:00:00 AM,5,3,2
08/02/2015 01:00:00 AM,2,1,1
08/02/2015 02:00:00 AM,4,2,2
08/02/2015 03:00:00 AM,2,2,0
08/02/2015 04:00:00 AM,8,2,6
08/02/2015 05:00:00 AM,7,2,5
08/02/2015 06:00:00 AM,9,1,8
08/02/2015 07:00:00 AM,34,16,18
08/02/2015 08:00:00 AM,53,27,26
08/02/2015 09:00:00 AM,45,19,26
08/02/2015 10:00:00 AM,81,31,50
08/02/2015 11:00:00 AM,54,26,28
08/02/2015 12:00:00 PM,69,31,38
08/02/2015 01:00:00 PM,48,25,23
08/02/2015 02:00:00 PM,75,42,33
08/02/2015 03:00:00 PM,77,43,34
08/02/2015 04:00:00 PM,63,33,30
08/02/2015 05:00:00 PM,44,21,23
08/02/2015 06:00:00 PM,46,30,16
08/02/2015 07:00:00 PM,21,10,11
08/02/2015 08:00:00 PM,23,12,11
08/02/2015 09:00:00 PM,11,8,3
08/02/2015 10:00:00 PM,9,6,3
08/02/2015 11:00:00 PM,8,6,2
08/03/2015 12:00:00 AM,0,0,0
08/03/2015 01:00:00 AM,1,1,0
08/03/2015 02:00:00 AM,3,2,1
08/03/2015 03:00:00 AM,4,3,1
08/03/2015 04:00:00 AM,13,4,9
08/03/2015 05:00:00 AM,24,6,18
08/03/2015 06:00:00 AM,94,12,82
08/03/2015 07:00:00 AM,132,16,116
08/03/2015 08:00:00 AM,163,21,142
08/03/2015 09:00:00 AM,54,6,48
08/03/2015 10:00:00 AM,34,8,26
08/03/2015 11:00:00 AM,28,14,14
08/03/2015 12:00:00 PM,23,14,9
08/03/2015 01:00:00 PM,35,13,22
08/03/2015 02:00:00 PM,35,22,13
08/03/2015 03:00:00 PM,52,35,17
08/03/2015 04:00:00 PM,120,97,23
08/03/2015 05:00:00 PM,187,165,22
08/03/2015 06:00:00 PM,152,129,23
08/03/2015 07:00:00 PM,62,42,20
08/03/2015 08:00:00 PM,40,23,17
08/03/2015 09:00:00 PM,29,12,17
08/03/2015 10:00:00 PM,7,4,3
08/03/2015 11:00:00 PM,6,4,2
08/04/2015 12:00:00 AM,4,4,0
08/04/2015 01:00:00 AM,2,2,0
08/04/2015 02:00:00 AM,1,1,0
08/04/2015 03:00:00 AM,4,1,3
08/04/2015 04:00:00 AM,5,1,4
08/04/2015 05:00:00 AM,22,5,17
08/04/2015 06:00:00 AM,91,13,78
08/04/2015 07:00:00 AM,176,21,155
08/04/2015 08:00:00 AM,160,22,138
08/04/2015 09:00:00 AM,68,8,60
08/04/2015 10:00:00 AM,33,14,19
08/04/2015 11:00:00 AM,27,12,15
08/04/2015 12:00:00 PM,45,21,24
08/04/2015 01:00:00 PM,49,23,26
08/04/2015 02:00:00 PM,35,16,19
08/04/2015 03:00:00 PM,42,31,11
08/04/2015 04:00:00 PM,130,104,26
08/04/2015 05:00:00 PM,208,185,23
08/04/2015 06:00:00 PM,150,127,23
08/04/2015 07:00:00 PM,64,52,12
08/04/2015 08:00:00 PM,47,33,14
08/04/2015 09:00:00 PM,22,10,12
08/04/2015 10:00:00 PM,13,6,7
08/04/2015 11:00:00 PM,4,3,1
08/05/2015 12:00:00 AM,3,3,0
08/05/2015 01:00:00 AM,2,2,0
08/05/2015 02:00:00 AM,1,1,0
08/05/2015 03:00:00 AM,4,2,2
08/05/2015 04:00:00 AM,7,1,6
08/05/2015 05:00:00 AM,29,5,24
08/05/2015 06:00:00 AM,105,16,89
08/05/2015 07:00:00 AM,140,16,124
08/05/2015 08:00:00 AM,144,7,137
08/05/2015 09:00:00 AM,43,10,33
08/05/2015 10:00:00 AM,29,11,18
08/05/2015 11:00:00 AM,31,17,14
08/05/2015 12:00:00 PM,23,9,14
08/05/2015 01:00:00 PM,24,10,14
08/05/2015 02:00:00 PM,33,19,14
08/05/2015 03:00:00 PM,48,32,16
08/05/2015 04:00:00 PM,123,99,24
08/05/2015 05:00:00 PM,199,172,27
08/05/2015 06:00:00 PM,111,92,19
08/05/2015 07:00:00 PM,58,46,12
08/05/2015 08:00:00 PM,38,26,12
08/05/2015 09:00:00 PM,21,16,5
08/05/2015 10:00:00 PM,8,6,2
08/05/2015 11:00:00 PM,6,4,2
08/06/2015 12:00:00 AM,2,2,0
08/06/2015 01:00:00 AM,2,1,1
08/06/2015 02:00:00 AM,1,0,1
08/06/2015 03:00:00 AM,1,0,1
08/06/2015 04:00:00 AM,9,2,7
08/06/2015 05:00:00 AM,25,4,21
08/06/2015 06:00:00 AM,69,8,61
08/06/2015 07:00:00 AM,153,11,142
08/06/2015 08:00:00 AM,137,11,126
08/06/2015 09:00:00 AM,66,14,52
08/06/2015 10:00:00 AM,30,7,23
08/06/2015 11:00:00 AM,34,16,18
08/06/2015 12:00:00 PM,31,13,18
08/06/2015 01:00:00 PM,31,15,16
08/06/2015 02:00:00 PM,39,20,19
08/06/2015 03:00:00 PM,53,39,14
08/06/2015 04:00:00 PM,111,88,23
08/06/2015 05:00:00 PM,199,170,29
08/06/2015 06:00:00 PM,146,115,31
08/06/2015 07:00:00 PM,64,51,13
08/06/2015 08:00:00 PM,37,26,11
08/06/2015 09:00:00 PM,16,11,5
08/06/2015 10:00:00 PM,12,11,1
08/06/2015 11:00:00 PM,9,6,3
08/07/2015 12:00:00 AM,7,6,1
08/07/2015 01:00:00 AM,2,2,0
08/07/2015 02:00:00 AM,2,2,0
08/07/2015 03:00:00 AM,5,2,3
08/07/2015 04:00:00 AM,3,0,3
08/07/2015 05:00:00 AM,19,4,15
08/07/2015 06:00:00 AM,68,10,58
08/07/2015 07:00:00 AM,115,16,99
08/07/2015 08:00:00 AM,147,19,128
08/07/2015 09:00:00 AM,65,16,49
08/07/2015 10:00:00 AM,19,4,15
08/07/2015 11:00:00 AM,32,11,21
08/07/2015 12:00:00 PM,39,20,19
08/07/2015 01:00:00 PM,59,39,20
08/07/2015 02:00:00 PM,31,14,17
08/07/2015 03:00:00 PM,63,46,17
08/07/2015 04:00:00 PM,88,69,19
08/07/2015 05:00:00 PM,169,127,42
08/07/2015 06:00:00 PM,103,73,30
08/07/2015 07:00:00 PM,43,29,14
08/07/2015 08:00:00 PM,40,24,16
08/07/2015 09:00:00 PM,20,9,11
08/07/2015 10:00:00 PM,12,10,2
08/07/2015 11:00:00 PM,15,14,1
08/08/2015 12:00:00 AM,16,14,2
08/08/2015 01:00:00 AM,15,13,2
08/08/2015 02:00:00 AM,6,6,0
08/08/2015 03:00:00 AM,2,0,2
08/08/2015 04:00:00 AM,2,0,2
08/08/2015 05:00:00 AM,6,0,6
08/08/2015 06:00:00 AM,10,4,6
08/08/2015 07:00:00 AM,22,7,15
08/08/2015 08:00:00 AM,27,9,18
08/08/2015 09:00:00 AM,41,22,19
08/08/2015 10:00:00 AM,47,25,22
08/08/2015 11:00:00 AM,42,15,27
08/08/2015 12:00:00 PM,53,24,29
08/08/2015 01:00:00 PM,55,28,27
08/08/2015 02:00:00 PM,48,14,34
08/08/2015 03:00:00 PM,70,36,34
08/08/2015 04:00:00 PM,57,31,26
08/08/2015 05:00:00 PM,39,21,18
08/08/2015 06:00:00 PM,27,14,13
08/08/2015 07:00:00 PM,13,6,7
08/08/2015 08:00:00 PM,10,7,3
08/08/2015 09:00:00 PM,13,9,4
08/08/2015 10:00:00 PM,7,6,1
08/08/2015 11:00:00 PM,11,6,5
08/09/2015 12:00:00 AM,2,2,0
08/09/2015 01:00:00 AM,4,2,2
08/09/2015 02:00:00 AM,4,4,0
08/09/2015 03:00:00 AM,0,0,0
08/09/2015 04:00:00 AM,4,2,2
08/09/2015 05:00:00 AM,7,1,6
08/09/2015 06:00:00 AM,8,1,7
08/09/2015 07:00:00 AM,21,8,13
08/09/2015 08:00:00 AM,42,19,23
08/09/2015 09:00:00 AM,64,31,33
08/09/2015 10:00:00 AM,61,17,44
08/09/2015 11:00:00 AM,108,46,62
08/09/2015 12:00:00 PM,135,39,96
08/09/2015 01:00:00 PM,83,32,51
08/09/2015 02:00:00 PM,72,40,32
08/09/2015 03:00:00 PM,86,49,37
08/09/2015 04:00:00 PM,74,45,29
08/09/2015 05:00:00 PM,55,26,29
08/09/2015 06:00:00 PM,37,20,17
08/09/2015 07:00:00 PM,41,22,19
08/09/2015 08:00:00 PM,30,13,17
08/09/2015 09:00:00 PM,6,3,3
08/09/2015 10:00:00 PM,6,3,3
08/09/2015 11:00:00 PM,4,4,0
08/10/2015 12:00:00 AM,1,1,0
08/10/2015 01:00:00 AM,1,1,0
08/10/2015 02:00:00 AM,2,0,2
08/10/2015 03:00:00 AM,1,0,1
08/10/2015 04:00:00 AM,9,2,7
08/10/2015 05:00:00 AM,26,2,24
08/10/2015 06:00:00 AM,77,10,67
08/10/2015 07:00:00 AM,135,18,117
08/10/2015 08:00:00 AM,132,18,114
08/10/2015 09:00:00 AM,53,6,47
08/10/2015 10:00:00 AM,25,2,23
08/10/2015 11:00:00 AM,37,25,12
08/10/2015 12:00:00 PM,31,15,16
08/10/2015 01:00:00 PM,38,14,24
08/10/2015 02:00:00 PM,32,17,15
08/10/2015 03:00:00 PM,47,31,16
08/10/2015 04:00:00 PM,105,91,14
08/10/2015 05:00:00 PM,183,151,32
08/10/2015 06:00:00 PM,137,117,20
08/10/2015 07:00:00 PM,49,37,12
08/10/2015 08:00:00 PM,37,23,14
08/10/2015 09:00:00 PM,15,10,5
08/10/2015 10:00:00 PM,7,4,3
08/10/2015 11:00:00 PM,7,6,1
08/11/2015 12:00:00 AM,3,2,1
08/11/2015 01:00:00 AM,2,1,1
08/11/2015 02:00:00 AM,2,0,2
08/11/2015 03:00:00 AM,3,0,3
08/11/2015 04:00:00 AM,4,2,2
08/11/2015 05:00:00 AM,21,3,18
08/11/2015 06:00:00 AM,90,15,75
08/11/2015 07:00:00 AM,181,25,156
08/11/2015 08:00:00 AM,155,14,141
08/11/2015 09:00:00 AM,79,14,65
08/11/2015 10:00:00 AM,23,12,11
08/11/2015 11:00:00 AM,24,10,14
08/11/2015 12:00:00 PM,36,18,18
08/11/2015 01:00:00 PM,36,18,18
08/11/2015 02:00:00 PM,36,22,14
08/11/2015 03:00:00 PM,61,43,18
08/11/2015 04:00:00 PM,118,96,22
08/11/2015 05:00:00 PM,215,187,28
08/11/2015 06:00:00 PM,158,128,30
08/11/2015 07:00:00 PM,71,51,20
08/11/2015 08:00:00 PM,38,24,14
08/11/2015 09:00:00 PM,18,16,2
08/11/2015 10:00:00 PM,7,7,0
08/11/2015 11:00:00 PM,9,6,3
08/12/2015 12:00:00 AM,3,3,0
08/12/2015 01:00:00 AM,5,3,2
08/12/2015 02:00:00 AM,2,1,1
08/12/2015 03:00:00 AM,5,3,2
08/12/2015 04:00:00 AM,5,1,4
08/12/2015 05:00:00 AM,25,4,21
08/12/2015 06:00:00 AM,91,10,81
08/12/2015 07:00:00 AM,169,23,146
08/12/2015 08:00:00 AM,175,17,158
08/12/2015 09:00:00 AM,59,11,48
08/12/2015 10:00:00 AM,41,10,31
08/12/2015 11:00:00 AM,18,6,12
08/12/2015 12:00:00 PM,18,8,10
08/12/2015 01:00:00 PM,22,14,8
08/12/2015 02:00:00 PM,29,13,16
08/12/2015 03:00:00 PM,53,42,11
08/12/2015 04:00:00 PM,120,97,23
08/12/2015 05:00:00 PM,214,186,28
08/12/2015 06:00:00 PM,125,105,20
08/12/2015 07:00:00 PM,64,40,24
08/12/2015 08:00:00 PM,56,41,15
08/12/2015 09:00:00 PM,22,15,7
08/12/2015 10:00:00 PM,8,8,0
08/12/2015 11:00:00 PM,6,4,2
08/13/2015 12:00:00 AM,8,2,6
08/13/2015 01:00:00 AM,1,0,1
08/13/2015 02:00:00 AM,6,5,1
08/13/2015 03:00:00 AM,3,1,2
08/13/2015 04:00:00 AM,6,1,5
08/13/2015 05:00:00 AM,23,2,21
08/13/2015 06:00:00 AM,82,14,68
08/13/2015 07:00:00 AM,148,17,131
08/13/2015 08:00:00 AM,144,18,126
08/13/2015 09:00:00 AM,73,11,62
08/13/2015 10:00:00 AM,33,16,17
08/13/2015 11:00:00 AM,30,13,17
08/13/2015 12:00:00 PM,40,16,24
08/13/2015 01:00:00 PM,35,14,21
08/13/2015 02:00:00 PM,35,17,18
08/13/2015 03:00:00 PM,67,47,20
08/13/2015 04:00:00 PM,119,87,32
08/13/2015 05:00:00 PM,168,136,32
08/13/2015 06:00:00 PM,120,103,17
08/13/2015 07:00:00 PM,78,63,15
08/13/2015 08:00:00 PM,46,31,15
08/13/2015 09:00:00 PM,15,10,5
08/13/2015 10:00:00 PM,12,8,4
08/13/2015 11:00:00 PM,12,10,2
08/14/2015 12:00:00 AM,3,3,0
08/14/2015 01:00:00 AM,7,2,5
08/14/2015 02:00:00 AM,2,1,1
08/14/2015 03:00:00 AM,2,1,1
08/14/2015 04:00:00 AM,3,0,3
08/14/2015 05:00:00 AM,14,4,10
08/14/2015 06:00:00 AM,42,4,38
08/14/2015 07:00:00 AM,74,12,62
08/14/2015 08:00:00 AM,76,7,69
08/14/2015 09:00:00 AM,37,6,31
08/14/2015 10:00:00 AM,20,6,14
08/14/2015 11:00:00 AM,18,10,8
08/14/2015 12:00:00 PM,19,11,8
08/14/2015 01:00:00 PM,17,7,10
08/14/2015 02:00:00 PM,11,10,1
08/14/2015 03:00:00 PM,28,18,10
08/14/2015 04:00:00 PM,34,28,6
08/14/2015 05:00:00 PM,53,47,6
08/14/2015 06:00:00 PM,35,29,6
08/14/2015 07:00:00 PM,12,11,1
08/14/2015 08:00:00 PM,16,13,3
08/14/2015 09:00:00 PM,6,5,1
08/14/2015 10:00:00 PM,5,4,1
08/14/2015 11:00:00 PM,6,5,1
08/15/2015 12:00:00 AM,3,3,0
08/15/2015 01:00:00 AM,0,0,0
08/15/2015 02:00:00 AM,1,0,1
08/15/2015 03:00:00 AM,4,1,3
08/15/2015 04:00:00 AM,1,0,1
08/15/2015 05:00:00 AM,6,2,4
08/15/2015 06:00:00 AM,10,7,3
08/15/2015 07:00:00 AM,16,4,12
08/15/2015 08:00:00 AM,23,8,15
08/15/2015 09:00:00 AM,33,13,20
08/15/2015 10:00:00 AM,40,24,16
08/15/2015 11:00:00 AM,38,18,20
08/15/2015 12:00:00 PM,51,31,20
08/15/2015 01:00:00 PM,56,28,28
08/15/2015 02:00:00 PM,58,27,31
08/15/2015 03:00:00 PM,51,26,25
08/15/2015 04:00:00 PM,57,32,25
08/15/2015 05:00:00 PM,32,13,19
08/15/2015 06:00:00 PM,23,13,10
08/15/2015 07:00:00 PM,18,9,9
08/15/2015 08:00:00 PM,14,12,2
08/15/2015 09:00:00 PM,12,4,8
08/15/2015 10:00:00 PM,10,9,1
08/15/2015 11:00:00 PM,11,7,4
08/16/2015 12:00:00 AM,4,2,2
08/16/2015 01:00:00 AM,3,2,1
08/16/2015 02:00:00 AM,5,4,1
08/16/2015 03:00:00 AM,4,3,1
08/16/2015 04:00:00 AM,2,1,1
08/16/2015 05:00:00 AM,9,4,5
08/16/2015 06:00:00 AM,5,3,2
08/16/2015 07:00:00 AM,10,4,6
08/16/2015 08:00:00 AM,31,10,21
08/16/2015 09:00:00 AM,27,13,14
08/16/2015 10:00:00 AM,62,35,27
08/16/2015 11:00:00 AM,80,42,38
08/16/2015 12:00:00 PM,89,41,48
08/16/2015 01:00:00 PM,98,45,53
08/16/2015 02:00:00 PM,83,35,48
08/16/2015 03:00:00 PM,68,38,30
08/16/2015 04:00:00 PM,76,42,34
08/16/2015 05:00:00 PM,63,40,23
08/16/2015 06:00:00 PM,48,30,18
08/16/2015 07:00:00 PM,27,11,16
08/16/2015 08:00:00 PM,12,5,7
08/16/2015 09:00:00 PM,11,7,4
08/16/2015 10:00:00 PM,10,5,5
08/16/2015 11:00:00 PM,5,4,1
08/17/2015 12:00:00 AM,0,0,0
08/17/2015 01:00:00 AM,3,1,2
08/17/2015 02:00:00 AM,1,0,1
08/17/2015 03:00:00 AM,2,1,1
08/17/2015 04:00:00 AM,7,2,5
08/17/2015 05:00:00 AM,24,2,22
08/17/2015 06:00:00 AM,70,11,59
08/17/2015 07:00:00 AM,148,15,133
08/17/2015 08:00:00 AM,134,15,119
08/17/2015 09:00:00 AM,54,5,49
08/17/2015 10:00:00 AM,22,10,12
08/17/2015 11:00:00 AM,26,10,16
08/17/2015 12:00:00 PM,31,17,14
08/17/2015 01:00:00 PM,33,14,19
08/17/2015 02:00:00 PM,25,16,9
08/17/2015 03:00:00 PM,60,43,17
08/17/2015 04:00:00 PM,116,90,26
08/17/2015 05:00:00 PM,217,188,29
08/17/2015 06:00:00 PM,135,112,23
08/17/2015 07:00:00 PM,54,39,15
08/17/2015 08:00:00 PM,25,10,15
08/17/2015 09:00:00 PM,16,12,4
08/17/2015 10:00:00 PM,13,12,1
08/17/2015 11:00:00 PM,4,3,1
08/18/2015 12:00:00 AM,2,2,0
08/18/2015 01:00:00 AM,0,0,0
08/18/2015 02:00:00 AM,2,2,0
08/18/2015 03:00:00 AM,5,0,5
08/18/2015 04:00:00 AM,7,3,4
08/18/2015 05:00:00 AM,26,4,22
08/18/2015 06:00:00 AM,84,11,73
08/18/2015 07:00:00 AM,180,13,167
08/18/2015 08:00:00 AM,159,21,138
08/18/2015 09:00:00 AM,65,8,57
08/18/2015 10:00:00 AM,36,15,21
08/18/2015 11:00:00 AM,42,20,22
08/18/2015 12:00:00 PM,31,21,10
08/18/2015 01:00:00 PM,47,28,19
08/18/2015 02:00:00 PM,41,22,19
08/18/2015 03:00:00 PM,54,40,14
08/18/2015 04:00:00 PM,127,96,31
08/18/2015 05:00:00 PM,189,162,27
08/18/2015 06:00:00 PM,136,117,19
08/18/2015 07:00:00 PM,56,44,12
08/18/2015 08:00:00 PM,34,28,6
08/18/2015 09:00:00 PM,27,21,6
08/18/2015 10:00:00 PM,12,9,3
08/18/2015 11:00:00 PM,1,1,0
08/19/2015 12:00:00 AM,2,2,0
08/19/2015 01:00:00 AM,1,1,0
08/19/2015 02:00:00 AM,3,2,1
08/19/2015 03:00:00 AM,2,1,1
08/19/2015 04:00:00 AM,7,0,7
08/19/2015 05:00:00 AM,25,6,19
08/19/2015 06:00:00 AM,77,10,67
08/19/2015 07:00:00 AM,166,24,142
08/19/2015 08:00:00 AM,179,14,165
08/19/2015 09:00:00 AM,68,18,50
08/19/2015 10:00:00 AM,32,10,22
08/19/2015 11:00:00 AM,36,15,21
08/19/2015 12:00:00 PM,36,14,22
08/19/2015 01:00:00 PM,38,22,16
08/19/2015 02:00:00 PM,35,24,11
08/19/2015 03:00:00 PM,59,46,13
08/19/2015 04:00:00 PM,108,84,24
08/19/2015 05:00:00 PM,202,178,24
08/19/2015 06:00:00 PM,123,101,22
08/19/2015 07:00:00 PM,80,57,23
08/19/2015 08:00:00 PM,48,28,20
08/19/2015 09:00:00 PM,20,15,5
08/19/2015 10:00:00 PM,6,6,0
08/19/2015 11:00:00 PM,12,9,3
08/20/2015 12:00:00 AM,5,5,0
08/20/2015 01:00:00 AM,0,0,0
08/20/2015 02:00:00 AM,2,0,2
08/20/2015 03:00:00 AM,1,1,0
08/20/2015 04:00:00 AM,12,2,10
08/20/2015 05:00:00 AM,25,5,20
08/20/2015 06:00:00 AM,71,7,64
08/20/2015 07:00:00 AM,136,19,117
08/20/2015 08:00:00 AM,126,10,116
08/20/2015 09:00:00 AM,61,7,54
08/20/2015 10:00:00 AM,30,9,21
08/20/2015 11:00:00 AM,22,9,13
08/20/2015 12:00:00 PM,31,21,10
08/20/2015 01:00:00 PM,38,16,22
08/20/2015 02:00:00 PM,38,25,13
08/20/2015 03:00:00 PM,54,38,16
08/20/2015 04:00:00 PM,98,78,20
08/20/2015 05:00:00 PM,157,133,24
08/20/2015 06:00:00 PM,110,87,23
08/20/2015 07:00:00 PM,64,51,13
08/20/2015 08:00:00 PM,40,33,7
08/20/2015 09:00:00 PM,23,14,9
08/20/2015 10:00:00 PM,11,9,2
08/20/2015 11:00:00 PM,11,7,4
08/21/2015 12:00:00 AM,5,4,1
08/21/2015 01:00:00 AM,0,0,0
08/21/2015 02:00:00 AM,3,1,2
08/21/2015 03:00:00 AM,1,0,1
08/21/2015 04:00:00 AM,6,1,5
08/21/2015 05:00:00 AM,16,2,14
08/21/2015 06:00:00 AM,51,5,46
08/21/2015 07:00:00 AM,109,16,93
08/21/2015 08:00:00 AM,109,12,97
08/21/2015 09:00:00 AM,54,6,48
08/21/2015 10:00:00 AM,31,11,20
08/21/2015 11:00:00 AM,34,4,30
08/21/2015 12:00:00 PM,28,12,16
08/21/2015 01:00:00 PM,27,16,11
08/21/2015 02:00:00 PM,30,19,11
08/21/2015 03:00:00 PM,50,39,11
08/21/2015 04:00:00 PM,93,74,19
08/21/2015 05:00:00 PM,131,117,14
08/21/2015 06:00:00 PM,73,58,15
08/21/2015 07:00:00 PM,40,34,6
08/21/2015 08:00:00 PM,21,14,7
08/21/2015 09:00:00 PM,19,10,9
08/21/2015 10:00:00 PM,9,7,2
08/21/2015 11:00:00 PM,8,5,3
08/22/2015 12:00:00 AM,9,8,1
08/22/2015 01:00:00 AM,2,1,1
08/22/2015 02:00:00 AM,5,4,1
08/22/2015 03:00:00 AM,4,3,1
08/22/2015 04:00:00 AM,2,0,2
08/22/2015 05:00:00 AM,5,0,5
08/22/2015 06:00:00 AM,9,3,6
08/22/2015 07:00:00 AM,22,6,16
08/22/2015 08:00:00 AM,48,18,30
08/22/2015 09:00:00 AM,42,14,28
08/22/2015 10:00:00 AM,117,74,43
08/22/2015 11:00:00 AM,100,64,36
08/22/2015 12:00:00 PM,113,45,68
08/22/2015 01:00:00 PM,58,19,39
08/22/2015 02:00:00 PM,53,28,25
08/22/2015 03:00:00 PM,62,31,31
08/22/2015 04:00:00 PM,49,30,19
08/22/2015 05:00:00 PM,44,20,24
08/22/2015 06:00:00 PM,26,12,14
08/22/2015 07:00:00 PM,21,10,11
08/22/2015 08:00:00 PM,18,13,5
08/22/2015 09:00:00 PM,12,5,7
08/22/2015 10:00:00 PM,10,8,2
08/22/2015 11:00:00 PM,5,4,1
08/23/2015 12:00:00 AM,7,5,2
08/23/2015 01:00:00 AM,2,1,1
08/23/2015 02:00:00 AM,2,2,0
08/23/2015 03:00:00 AM,3,3,0
08/23/2015 04:00:00 AM,1,1,0
08/23/2015 05:00:00 AM,4,1,3
08/23/2015 06:00:00 AM,10,4,6
08/23/2015 07:00:00 AM,14,4,10
08/23/2015 08:00:00 AM,29,14,15
08/23/2015 09:00:00 AM,58,29,29
08/23/2015 10:00:00 AM,45,22,23
08/23/2015 11:00:00 AM,56,28,28
08/23/2015 12:00:00 PM,80,45,35
08/23/2015 01:00:00 PM,73,39,34
08/23/2015 02:00:00 PM,79,40,39
08/23/2015 03:00:00 PM,57,39,18
08/23/2015 04:00:00 PM,63,33,30
08/23/2015 05:00:00 PM,52,25,27
08/23/2015 06:00:00 PM,36,18,18
08/23/2015 07:00:00 PM,15,7,8
08/23/2015 08:00:00 PM,17,8,9
08/23/2015 09:00:00 PM,5,3,2
08/23/2015 10:00:00 PM,3,2,1
08/23/2015 11:00:00 PM,5,2,3
08/24/2015 12:00:00 AM,6,2,4
08/24/2015 01:00:00 AM,1,1,0
08/24/2015 02:00:00 AM,3,2,1
08/24/2015 03:00:00 AM,1,1,0
08/24/2015 04:00:00 AM,6,0,6
08/24/2015 05:00:00 AM,26,1,25
08/24/2015 06:00:00 AM,66,16,50
08/24/2015 07:00:00 AM,144,14,130
08/24/2015 08:00:00 AM,179,31,148
08/24/2015 09:00:00 AM,46,6,40
08/24/2015 10:00:00 AM,23,3,20
08/24/2015 11:00:00 AM,22,9,13
08/24/2015 12:00:00 PM,28,13,15
08/24/2015 01:00:00 PM,32,12,20
08/24/2015 02:00:00 PM,35,20,15
08/24/2015 03:00:00 PM,58,38,20
08/24/2015 04:00:00 PM,125,95,30
08/24/2015 05:00:00 PM,170,151,19
08/24/2015 06:00:00 PM,113,99,14
08/24/2015 07:00:00 PM,54,39,15
08/24/2015 08:00:00 PM,29,25,4
08/24/2015 09:00:00 PM,7,7,0
08/24/2015 10:00:00 PM,12,8,4
08/24/2015 11:00:00 PM,6,4,2
08/25/2015 12:00:00 AM,5,5,0
08/25/2015 01:00:00 AM,3,2,1
08/25/2015 02:00:00 AM,2,1,1
08/25/2015 03:00:00 AM,1,0,1
08/25/2015 04:00:00 AM,1,0,1
08/25/2015 05:00:00 AM,26,3,23
08/25/2015 06:00:00 AM,78,12,66
08/25/2015 07:00:00 AM,185,22,163
08/25/2015 08:00:00 AM,167,23,144
08/25/2015 09:00:00 AM,64,14,50
08/25/2015 10:00:00 AM,28,9,19
08/25/2015 11:00:00 AM,15,5,10
08/25/2015 12:00:00 PM,34,19,15
08/25/2015 01:00:00 PM,39,15,24
08/25/2015 02:00:00 PM,35,18,17
08/25/2015 03:00:00 PM,61,45,16
08/25/2015 04:00:00 PM,133,96,37
08/25/2015 05:00:00 PM,204,181,23
08/25/2015 06:00:00 PM,143,115,28
08/25/2015 07:00:00 PM,69,47,22
08/25/2015 08:00:00 PM,45,35,10
08/25/2015 09:00:00 PM,20,13,7
08/25/2015 10:00:00 PM,13,8,5
08/25/2015 11:00:00 PM,17,8,9
08/26/2015 12:00:00 AM,2,1,1
08/26/2015 01:00:00 AM,2,1,1
08/26/2015 02:00:00 AM,1,0,1
08/26/2015 03:00:00 AM,1,0,1
08/26/2015 04:00:00 AM,3,0,3
08/26/2015 05:00:00 AM,30,6,24
08/26/2015 06:00:00 AM,73,11,62
08/26/2015 07:00:00 AM,163,21,142
08/26/2015 08:00:00 AM,152,11,141
08/26/2015 09:00:00 AM,57,6,51
08/26/2015 10:00:00 AM,42,17,25
08/26/2015 11:00:00 AM,29,12,17
08/26/2015 12:00:00 PM,29,17,12
08/26/2015 01:00:00 PM,45,19,26
08/26/2015 02:00:00 PM,36,19,17
08/26/2015 03:00:00 PM,63,45,18
08/26/2015 04:00:00 PM,135,103,32
08/26/2015 05:00:00 PM,203,173,30
08/26/2015 06:00:00 PM,103,90,13
08/26/2015 07:00:00 PM,68,56,12
08/26/2015 08:00:00 PM,42,22,20
08/26/2015 09:00:00 PM,20,16,4
08/26/2015 10:00:00 PM,9,8,1
08/26/2015 11:00:00 PM,8,5,3
08/27/2015 12:00:00 AM,1,0,1
08/27/2015 01:00:00 AM,0,0,0
08/27/2015 02:00:00 AM,2,0,2
08/27/2015 03:00:00 AM,1,1,0
08/27/2015 04:00:00 AM,5,1,4
08/27/2015 05:00:00 AM,34,4,30
08/27/2015 06:00:00 AM,78,12,66
08/27/2015 07:00:00 AM,158,16,142
08/27/2015 08:00:00 AM,153,24,129
08/27/2015 09:00:00 AM,60,7,53
08/27/2015 10:00:00 AM,35,11,24
08/27/2015 11:00:00 AM,30,8,22
08/27/2015 12:00:00 PM,36,21,15
08/27/2015 01:00:00 PM,41,14,27
08/27/2015 02:00:00 PM,45,25,20
08/27/2015 03:00:00 PM,76,38,38
08/27/2015 04:00:00 PM,125,101,24
08/27/2015 05:00:00 PM,194,165,29
08/27/2015 06:00:00 PM,113,92,21
08/27/2015 07:00:00 PM,65,49,16
08/27/2015 08:00:00 PM,30,24,6
08/27/2015 09:00:00 PM,16,13,3
08/27/2015 10:00:00 PM,17,14,3
08/27/2015 11:00:00 PM,11,9,2
08/28/2015 12:00:00 AM,5,4,1
08/28/2015 01:00:00 AM,2,1,1
08/28/2015 02:00:00 AM,3,2,1
08/28/2015 03:00:00 AM,1,0,1
08/28/2015 04:00:00 AM,3,2,1
08/28/2015 05:00:00 AM,21,2,19
08/28/2015 06:00:00 AM,36,6,30
08/28/2015 07:00:00 AM,78,7,71
08/28/2015 08:00:00 AM,76,10,66
08/28/2015 09:00:00 AM,36,6,30
08/28/2015 10:00:00 AM,25,5,20
08/28/2015 11:00:00 AM,18,6,12
08/28/2015 12:00:00 PM,18,8,10
08/28/2015 01:00:00 PM,24,13,11
08/28/2015 02:00:00 PM,28,18,10
08/28/2015 03:00:00 PM,53,43,10
08/28/2015 04:00:00 PM,58,47,11
08/28/2015 05:00:00 PM,102,84,18
08/28/2015 06:00:00 PM,60,50,10
08/28/2015 07:00:00 PM,16,14,2
08/28/2015 08:00:00 PM,10,5,5
08/28/2015 09:00:00 PM,11,8,3
08/28/2015 10:00:00 PM,8,5,3
08/28/2015 11:00:00 PM,5,5,0
08/29/2015 12:00:00 AM,3,1,2
08/29/2015 01:00:00 AM,7,5,2
08/29/2015 02:00:00 AM,1,1,0
08/29/2015 03:00:00 AM,2,1,1
08/29/2015 04:00:00 AM,2,1,1
08/29/2015 05:00:00 AM,7,2,5
08/29/2015 06:00:00 AM,2,1,1
08/29/2015 07:00:00 AM,0,0,0
08/29/2015 08:00:00 AM,7,0,7
08/29/2015 09:00:00 AM,13,4,9
08/29/2015 10:00:00 AM,16,8,8
08/29/2015 11:00:00 AM,13,5,8
08/29/2015 12:00:00 PM,16,7,9
08/29/2015 01:00:00 PM,23,14,9
08/29/2015 02:00:00 PM,16,5,11
08/29/2015 03:00:00 PM,22,11,11
08/29/2015 04:00:00 PM,14,6,8
08/29/2015 05:00:00 PM,23,12,11
08/29/2015 06:00:00 PM,6,4,2
08/29/2015 07:00:00 PM,9,6,3
08/29/2015 08:00:00 PM,9,6,3
08/29/2015 09:00:00 PM,1,0,1
08/29/2015 10:00:00 PM,1,1,0
08/29/2015 11:00:00 PM,1,0,1
08/30/2015 12:00:00 AM,0,0,0
08/30/2015 01:00:00 AM,4,3,1
08/30/2015 02:00:00 AM,0,0,0
08/30/2015 03:00:00 AM,1,0,1
08/30/2015 04:00:00 AM,0,0,0
08/30/2015 05:00:00 AM,1,0,1
08/30/2015 06:00:00 AM,3,1,2
08/30/2015 07:00:00 AM,8,3,5
08/30/2015 08:00:00 AM,6,3,3
08/30/2015 09:00:00 AM,15,5,10
08/30/2015 10:00:00 AM,21,8,13
08/30/2015 11:00:00 AM,23,13,10
08/30/2015 12:00:00 PM,30,14,16
08/30/2015 01:00:00 PM,20,7,13
08/30/2015 02:00:00 PM,33,20,13
08/30/2015 03:00:00 PM,28,11,17
08/30/2015 04:00:00 PM,26,19,7
08/30/2015 05:00:00 PM,30,18,12
08/30/2015 06:00:00 PM,14,10,4
08/30/2015 07:00:00 PM,9,1,8
08/30/2015 08:00:00 PM,8,4,4
08/30/2015 09:00:00 PM,5,4,1
08/30/2015 10:00:00 PM,2,2,0
08/30/2015 11:00:00 PM,5,3,2
08/31/2015 12:00:00 AM,2,2,0
08/31/2015 01:00:00 AM,0,0,0
08/31/2015 02:00:00 AM,1,0,1
08/31/2015 03:00:00 AM,1,0,1
08/31/2015 04:00:00 AM,7,1,6
08/31/2015 05:00:00 AM,15,2,13
08/31/2015 06:00:00 AM,49,7,42
08/31/2015 07:00:00 AM,117,15,102
08/31/2015 08:00:00 AM,117,11,106
08/31/2015 09:00:00 AM,39,5,34
08/31/2015 10:00:00 AM,16,4,12
08/31/2015 11:00:00 AM,7,3,4
08/31/2015 12:00:00 PM,12,6,6
08/31/2015 01:00:00 PM,9,3,6
08/31/2015 02:00:00 PM,19,16,3
08/31/2015 03:00:00 PM,37,25,12
08/31/2015 04:00:00 PM,73,58,15
08/31/2015 05:00:00 PM,132,122,10
08/31/2015 06:00:00 PM,82,67,15
08/31/2015 07:00:00 PM,40,33,7
08/31/2015 08:00:00 PM,18,14,4
08/31/2015 09:00:00 PM,5,4,1
08/31/2015 10:00:00 PM,2,2,0
08/31/2015 11:00:00 PM,4,1,3
09/01/2015 12:00:00 AM,3,3,0
09/01/2015 01:00:00 AM,4,4,0
09/01/2015 02:00:00 AM,1,1,0
09/01/2015 03:00:00 AM,2,1,1
09/01/2015 04:00:00 AM,6,1,5
09/01/2015 05:00:00 AM,18,0,18
09/01/2015 06:00:00 AM,53,7,46
09/01/2015 07:00:00 AM,109,13,96
09/01/2015 08:00:00 AM,96,13,83
09/01/2015 09:00:00 AM,33,4,29
09/01/2015 10:00:00 AM,9,2,7
09/01/2015 11:00:00 AM,10,2,8
09/01/2015 12:00:00 PM,14,7,7
09/01/2015 01:00:00 PM,20,7,13
09/01/2015 02:00:00 PM,21,10,11
09/01/2015 03:00:00 PM,23,18,5
09/01/2015 04:00:00 PM,66,53,13
09/01/2015 05:00:00 PM,118,103,15
09/01/2015 06:00:00 PM,73,64,9
09/01/2015 07:00:00 PM,33,26,7
09/01/2015 08:00:00 PM,18,14,4
09/01/2015 09:00:00 PM,14,13,1
09/01/2015 10:00:00 PM,2,2,0
09/01/2015 11:00:00 PM,7,6,1
09/02/2015 12:00:00 AM,3,2,1
09/02/2015 01:00:00 AM,1,1,0
09/02/2015 02:00:00 AM,2,2,0
09/02/2015 03:00:00 AM,3,1,2
09/02/2015 04:00:00 AM,4,0,4
09/02/2015 05:00:00 AM,19,0,19
09/02/2015 06:00:00 AM,67,4,63
09/02/2015 07:00:00 AM,133,12,121
09/02/2015 08:00:00 AM,119,13,106
09/02/2015 09:00:00 AM,51,7,44
09/02/2015 10:00:00 AM,26,7,19
09/02/2015 11:00:00 AM,29,10,19
09/02/2015 12:00:00 PM,32,11,21
09/02/2015 01:00:00 PM,21,8,13
09/02/2015 02:00:00 PM,26,15,11
09/02/2015 03:00:00 PM,43,24,19
09/02/2015 04:00:00 PM,114,88,26
09/02/2015 05:00:00 PM,157,139,18
09/02/2015 06:00:00 PM,117,98,19
09/02/2015 07:00:00 PM,34,26,8
09/02/2015 08:00:00 PM,29,22,7
09/02/2015 09:00:00 PM,16,15,1
09/02/2015 10:00:00 PM,5,4,1
09/02/2015 11:00:00 PM,3,1,2
09/03/2015 12:00:00 AM,2,2,0
09/03/2015 01:00:00 AM,0,0,0
09/03/2015 02:00:00 AM,2,0,2
09/03/2015 03:00:00 AM,1,1,0
09/03/2015 04:00:00 AM,7,1,6
09/03/2015 05:00:00 AM,21,1,20
09/03/2015 06:00:00 AM,70,15,55
09/03/2015 07:00:00 AM,119,19,100
09/03/2015 08:00:00 AM,118,15,103
09/03/2015 09:00:00 AM,56,10,46
09/03/2015 10:00:00 AM,21,4,17
09/03/2015 11:00:00 AM,19,6,13
09/03/2015 12:00:00 PM,33,13,20
09/03/2015 01:00:00 PM,16,10,6
09/03/2015 02:00:00 PM,25,17,8
09/03/2015 03:00:00 PM,35,18,17
09/03/2015 04:00:00 PM,80,56,24
09/03/2015 05:00:00 PM,149,126,23
09/03/2015 06:00:00 PM,97,85,12
09/03/2015 07:00:00 PM,38,31,7
09/03/2015 08:00:00 PM,24,18,6
09/03/2015 09:00:00 PM,10,9,1
09/03/2015 10:00:00 PM,7,7,0
09/03/2015 11:00:00 PM,10,8,2
09/04/2015 12:00:00 AM,3,2,1
09/04/2015 01:00:00 AM,0,0,0
09/04/2015 02:00:00 AM,2,0,2
09/04/2015 03:00:00 AM,2,1,1
09/04/2015 04:00:00 AM,3,0,3
09/04/2015 05:00:00 AM,22,1,21
09/04/2015 06:00:00 AM,57,10,47
09/04/2015 07:00:00 AM,106,19,87
09/04/2015 08:00:00 AM,105,14,91
09/04/2015 09:00:00 AM,44,10,34
09/04/2015 10:00:00 AM,30,9,21
09/04/2015 11:00:00 AM,29,17,12
09/04/2015 12:00:00 PM,33,10,23
09/04/2015 01:00:00 PM,27,16,11
09/04/2015 02:00:00 PM,33,25,8
09/04/2015 03:00:00 PM,62,43,19
09/04/2015 04:00:00 PM,101,76,25
09/04/2015 05:00:00 PM,109,95,14
09/04/2015 06:00:00 PM,59,43,16
09/04/2015 07:00:00 PM,37,31,6
09/04/2015 08:00:00 PM,19,13,6
09/04/2015 09:00:00 PM,13,8,5
09/04/2015 10:00:00 PM,2,2,0
09/04/2015 11:00:00 PM,1,1,0
09/05/2015 12:00:00 AM,3,1,2
09/05/2015 01:00:00 AM,3,2,1
09/05/2015 02:00:00 AM,2,0,2
09/05/2015 03:00:00 AM,1,0,1
09/05/2015 04:00:00 AM,3,1,2
09/05/2015 05:00:00 AM,2,0,2
09/05/2015 06:00:00 AM,10,1,9
09/05/2015 07:00:00 AM,29,9,20
09/05/2015 08:00:00 AM,41,23,18
09/05/2015 09:00:00 AM,34,24,10
09/05/2015 10:00:00 AM,63,24,39
09/05/2015 11:00:00 AM,31,11,20
09/05/2015 12:00:00 PM,55,29,26
09/05/2015 01:00:00 PM,52,22,30
09/05/2015 02:00:00 PM,72,36,36
09/05/2015 03:00:00 PM,63,32,31
09/05/2015 04:00:00 PM,34,20,14
09/05/2015 05:00:00 PM,31,11,20
09/05/2015 06:00:00 PM,24,18,6
09/05/2015 07:00:00 PM,15,12,3
09/05/2015 08:00:00 PM,3,2,1
09/05/2015 09:00:00 PM,8,6,2
09/05/2015 10:00:00 PM,4,3,1
09/05/2015 11:00:00 PM,4,2,2
09/06/2015 12:00:00 AM,4,2,2
09/06/2015 01:00:00 AM,3,3,0
09/06/2015 02:00:00 AM,1,1,0
09/06/2015 03:00:00 AM,2,1,1
09/06/2015 04:00:00 AM,2,2,0
09/06/2015 05:00:00 AM,3,0,3
09/06/2015 06:00:00 AM,2,0,2
09/06/2015 07:00:00 AM,3,2,1
09/06/2015 08:00:00 AM,9,3,6
09/06/2015 09:00:00 AM,9,4,5
09/06/2015 10:00:00 AM,19,6,13
09/06/2015 11:00:00 AM,21,8,13
09/06/2015 12:00:00 PM,16,11,5
09/06/2015 01:00:00 PM,19,6,13
09/06/2015 02:00:00 PM,16,10,6
09/06/2015 03:00:00 PM,22,10,12
09/06/2015 04:00:00 PM,18,12,6
09/06/2015 05:00:00 PM,15,10,5
09/06/2015 06:00:00 PM,15,6,9
09/06/2015 07:00:00 PM,5,1,4
09/06/2015 08:00:00 PM,16,11,5
09/06/2015 09:00:00 PM,3,1,2
09/06/2015 10:00:00 PM,2,2,0
09/06/2015 11:00:00 PM,2,1,1
09/07/2015 12:00:00 AM,1,1,0
09/07/2015 01:00:00 AM,2,2,0
09/07/2015 02:00:00 AM,3,2,1
09/07/2015 03:00:00 AM,0,0,0
09/07/2015 04:00:00 AM,2,2,0
09/07/2015 05:00:00 AM,2,0,2
09/07/2015 06:00:00 AM,5,0,5
09/07/2015 07:00:00 AM,8,2,6
09/07/2015 08:00:00 AM,21,7,14
09/07/2015 09:00:00 AM,85,57,28
09/07/2015 10:00:00 AM,52,25,27
09/07/2015 11:00:00 AM,54,34,20
09/07/2015 12:00:00 PM,78,53,25
09/07/2015 01:00:00 PM,71,30,41
09/07/2015 02:00:00 PM,79,32,47
09/07/2015 03:00:00 PM,104,49,55
09/07/2015 04:00:00 PM,88,51,37
09/07/2015 05:00:00 PM,59,31,28
09/07/2015 06:00:00 PM,47,24,23
09/07/2015 07:00:00 PM,32,21,11
09/07/2015 08:00:00 PM,17,7,10
09/07/2015 09:00:00 PM,7,5,2
09/07/2015 10:00:00 PM,6,3,3
09/07/2015 11:00:00 PM,6,5,1
09/08/2015 12:00:00 AM,2,2,0
09/08/2015 01:00:00 AM,1,1,0
09/08/2015 02:00:00 AM,2,0,2
09/08/2015 03:00:00 AM,4,3,1
09/08/2015 04:00:00 AM,5,0,5
09/08/2015 05:00:00 AM,24,2,22
09/08/2015 06:00:00 AM,59,11,48
09/08/2015 07:00:00 AM,157,22,135
09/08/2015 08:00:00 AM,148,17,131
09/08/2015 09:00:00 AM,57,7,50
09/08/2015 10:00:00 AM,15,5,10
09/08/2015 11:00:00 AM,12,5,7
09/08/2015 12:00:00 PM,29,15,14
09/08/2015 01:00:00 PM,21,11,10
09/08/2015 02:00:00 PM,27,17,10
09/08/2015 03:00:00 PM,45,31,14
09/08/2015 04:00:00 PM,109,79,30
09/08/2015 05:00:00 PM,176,155,21
09/08/2015 06:00:00 PM,137,117,20
09/08/2015 07:00:00 PM,53,41,12
09/08/2015 08:00:00 PM,23,20,3
09/08/2015 09:00:00 PM,21,17,4
09/08/2015 10:00:00 PM,9,5,4
09/08/2015 11:00:00 PM,13,8,5
09/09/2015 12:00:00 AM,4,2,2
09/09/2015 01:00:00 AM,0,0,0
09/09/2015 02:00:00 AM,2,0,2
09/09/2015 03:00:00 AM,5,4,1
09/09/2015 04:00:00 AM,4,0,4
09/09/2015 05:00:00 AM,25,2,23
09/09/2015 06:00:00 AM,72,9,63
09/09/2015 07:00:00 AM,160,15,145
09/09/2015 08:00:00 AM,160,21,139
09/09/2015 09:00:00 AM,57,8,49
09/09/2015 10:00:00 AM,39,10,29
09/09/2015 11:00:00 AM,26,11,15
09/09/2015 12:00:00 PM,35,18,17
09/09/2015 01:00:00 PM,37,24,13
09/09/2015 02:00:00 PM,33,17,16
09/09/2015 03:00:00 PM,60,46,14
09/09/2015 04:00:00 PM,109,77,32
09/09/2015 05:00:00 PM,185,160,25
09/09/2015 06:00:00 PM,141,115,26
09/09/2015 07:00:00 PM,55,43,12
09/09/2015 08:00:00 PM,26,21,5
09/09/2015 09:00:00 PM,18,16,2
09/09/2015 10:00:00 PM,17,13,4
09/09/2015 11:00:00 PM,5,4,1
09/10/2015 12:00:00 AM,4,2,2
09/10/2015 01:00:00 AM,1,0,1
09/10/2015 02:00:00 AM,3,2,1
09/10/2015 03:00:00 AM,1,0,1
09/10/2015 04:00:00 AM,3,0,3
09/10/2015 05:00:00 AM,19,2,17
09/10/2015 06:00:00 AM,74,9,65
09/10/2015 07:00:00 AM,152,14,138
09/10/2015 08:00:00 AM,155,19,136
09/10/2015 09:00:00 AM,76,12,64
09/10/2015 10:00:00 AM,36,12,24
09/10/2015 11:00:00 AM,27,8,19
09/10/2015 12:00:00 PM,31,18,13
09/10/2015 01:00:00 PM,28,9,19
09/10/2015 02:00:00 PM,36,20,16
09/10/2015 03:00:00 PM,53,40,13
09/10/2015 04:00:00 PM,105,82,23
09/10/2015 05:00:00 PM,207,170,37
09/10/2015 06:00:00 PM,123,109,14
09/10/2015 07:00:00 PM,48,42,6
09/10/2015 08:00:00 PM,30,19,11
09/10/2015 09:00:00 PM,22,16,6
09/10/2015 10:00:00 PM,13,8,5
09/10/2015 11:00:00 PM,9,6,3
09/11/2015 12:00:00 AM,4,2,2
09/11/2015 01:00:00 AM,0,0,0
09/11/2015 02:00:00 AM,3,1,2
09/11/2015 03:00:00 AM,0,0,0
09/11/2015 04:00:00 AM,6,0,6
09/11/2015 05:00:00 AM,22,5,17
09/11/2015 06:00:00 AM,58,10,48
09/11/2015 07:00:00 AM,130,19,111
09/11/2015 08:00:00 AM,140,14,126
09/11/2015 09:00:00 AM,40,6,34
09/11/2015 10:00:00 AM,38,10,28
09/11/2015 11:00:00 AM,21,11,10
09/11/2015 12:00:00 PM,27,14,13
09/11/2015 01:00:00 PM,35,17,18
09/11/2015 02:00:00 PM,48,24,24
09/11/2015 03:00:00 PM,69,50,19
09/11/2015 04:00:00 PM,106,80,26
09/11/2015 05:00:00 PM,151,133,18
09/11/2015 06:00:00 PM,67,57,10
09/11/2015 07:00:00 PM,58,47,11
09/11/2015 08:00:00 PM,22,16,6
09/11/2015 09:00:00 PM,15,10,5
09/11/2015 10:00:00 PM,9,7,2
09/11/2015 11:00:00 PM,5,5,0
09/12/2015 12:00:00 AM,9,3,6
09/12/2015 01:00:00 AM,1,1,0
09/12/2015 02:00:00 AM,2,1,1
09/12/2015 03:00:00 AM,2,0,2
09/12/2015 04:00:00 AM,2,1,1
09/12/2015 05:00:00 AM,10,2,8
09/12/2015 06:00:00 AM,7,4,3
09/12/2015 07:00:00 AM,21,5,16
09/12/2015 08:00:00 AM,30,13,17
09/12/2015 09:00:00 AM,46,18,28
09/12/2015 10:00:00 AM,66,35,31
09/12/2015 11:00:00 AM,56,24,32
09/12/2015 12:00:00 PM,75,39,36
09/12/2015 01:00:00 PM,77,41,36
09/12/2015 02:00:00 PM,70,34,36
09/12/2015 03:00:00 PM,86,50,36
09/12/2015 04:00:00 PM,72,44,28
09/12/2015 05:00:00 PM,71,33,38
09/12/2015 06:00:00 PM,32,15,17
09/12/2015 07:00:00 PM,30,22,8
09/12/2015 08:00:00 PM,22,12,10
09/12/2015 09:00:00 PM,13,9,4
09/12/2015 10:00:00 PM,9,4,5
09/12/2015 11:00:00 PM,15,9,6
09/13/2015 12:00:00 AM,8,4,4
09/13/2015 01:00:00 AM,7,6,1
09/13/2015 02:00:00 AM,2,2,0
09/13/2015 03:00:00 AM,0,0,0
09/13/2015 04:00:00 AM,3,2,1
09/13/2015 05:00:00 AM,3,1,2
09/13/2015 06:00:00 AM,1,0,1
09/13/2015 07:00:00 AM,5,0,5
09/13/2015 08:00:00 AM,17,6,11
09/13/2015 09:00:00 AM,30,12,18
09/13/2015 10:00:00 AM,34,17,17
09/13/2015 11:00:00 AM,17,9,8
09/13/2015 12:00:00 PM,21,4,17
09/13/2015 01:00:00 PM,19,10,9
09/13/2015 02:00:00 PM,35,11,24
09/13/2015 03:00:00 PM,31,18,13
09/13/2015 04:00:00 PM,31,20,11
09/13/2015 05:00:00 PM,30,18,12
09/13/2015 06:00:00 PM,15,7,8
09/13/2015 07:00:00 PM,16,13,3
09/13/2015 08:00:00 PM,4,3,1
09/13/2015 09:00:00 PM,4,3,1
09/13/2015 10:00:00 PM,3,1,2
09/13/2015 11:00:00 PM,5,2,3
09/14/2015 12:00:00 AM,3,2,1
09/14/2015 01:00:00 AM,0,0,0
09/14/2015 02:00:00 AM,1,0,1
09/14/2015 03:00:00 AM,2,2,0
09/14/2015 04:00:00 AM,7,1,6
09/14/2015 05:00:00 AM,18,2,16
09/14/2015 06:00:00 AM,62,8,54
09/14/2015 07:00:00 AM,139,9,130
09/14/2015 08:00:00 AM,149,12,137
09/14/2015 09:00:00 AM,45,6,39
09/14/2015 10:00:00 AM,26,9,17
09/14/2015 11:00:00 AM,17,5,12
09/14/2015 12:00:00 PM,22,10,12
09/14/2015 01:00:00 PM,23,12,11
09/14/2015 02:00:00 PM,25,11,14
09/14/2015 03:00:00 PM,40,28,12
09/14/2015 04:00:00 PM,95,75,20
09/14/2015 05:00:00 PM,172,150,22
09/14/2015 06:00:00 PM,95,82,13
09/14/2015 07:00:00 PM,42,34,8
09/14/2015 08:00:00 PM,16,12,4
09/14/2015 09:00:00 PM,9,7,2
09/14/2015 10:00:00 PM,5,3,2
09/14/2015 11:00:00 PM,4,2,2
09/15/2015 12:00:00 AM,3,2,1
09/15/2015 01:00:00 AM,0,0,0
09/15/2015 02:00:00 AM,3,1,2
09/15/2015 03:00:00 AM,2,1,1
09/15/2015 04:00:00 AM,4,0,4
09/15/2015 05:00:00 AM,24,3,21
09/15/2015 06:00:00 AM,61,8,53
09/15/2015 07:00:00 AM,144,11,133
09/15/2015 08:00:00 AM,140,18,122
09/15/2015 09:00:00 AM,54,5,49
09/15/2015 10:00:00 AM,23,9,14
09/15/2015 11:00:00 AM,18,12,6
09/15/2015 12:00:00 PM,23,14,9
09/15/2015 01:00:00 PM,23,8,15
09/15/2015 02:00:00 PM,22,15,7
09/15/2015 03:00:00 PM,36,27,9
09/15/2015 04:00:00 PM,97,79,18
09/15/2015 05:00:00 PM,167,145,22
09/15/2015 06:00:00 PM,112,97,15
09/15/2015 07:00:00 PM,34,27,7
09/15/2015 08:00:00 PM,9,7,2
09/15/2015 09:00:00 PM,12,8,4
09/15/2015 10:00:00 PM,10,8,2
09/15/2015 11:00:00 PM,5,5,0
09/16/2015 12:00:00 AM,2,0,2
09/16/2015 01:00:00 AM,0,0,0
09/16/2015 02:00:00 AM,2,0,2
09/16/2015 03:00:00 AM,2,1,1
09/16/2015 04:00:00 AM,6,0,6
09/16/2015 05:00:00 AM,24,1,23
09/16/2015 06:00:00 AM,57,9,48
09/16/2015 07:00:00 AM,128,12,116
09/16/2015 08:00:00 AM,145,10,135
09/16/2015 09:00:00 AM,49,8,41
09/16/2015 10:00:00 AM,23,5,18
09/16/2015 11:00:00 AM,31,13,18
09/16/2015 12:00:00 PM,21,9,12
09/16/2015 01:00:00 PM,30,15,15
09/16/2015 02:00:00 PM,43,26,17
09/16/2015 03:00:00 PM,42,28,14
09/16/2015 04:00:00 PM,100,75,25
09/16/2015 05:00:00 PM,169,152,17
09/16/2015 06:00:00 PM,107,90,17
09/16/2015 07:00:00 PM,37,28,9
09/16/2015 08:00:00 PM,39,28,11
09/16/2015 09:00:00 PM,16,13,3
09/16/2015 10:00:00 PM,8,5,3
09/16/2015 11:00:00 PM,0,0,0
09/17/2015 12:00:00 AM,3,2,1
09/17/2015 01:00:00 AM,1,1,0
09/17/2015 02:00:00 AM,1,0,1
09/17/2015 03:00:00 AM,0,0,0
09/17/2015 04:00:00 AM,5,0,5
09/17/2015 05:00:00 AM,10,2,8
09/17/2015 06:00:00 AM,47,6,41
09/17/2015 07:00:00 AM,110,13,97
09/17/2015 08:00:00 AM,95,5,90
09/17/2015 09:00:00 AM,45,4,41
09/17/2015 10:00:00 AM,15,1,14
09/17/2015 11:00:00 AM,6,4,2
09/17/2015 12:00:00 PM,15,10,5
09/17/2015 01:00:00 PM,10,7,3
09/17/2015 02:00:00 PM,19,8,11
09/17/2015 03:00:00 PM,21,13,8
09/17/2015 04:00:00 PM,43,36,7
09/17/2015 05:00:00 PM,100,90,10
09/17/2015 06:00:00 PM,68,63,5
09/17/2015 07:00:00 PM,62,58,4
09/17/2015 08:00:00 PM,16,13,3
09/17/2015 09:00:00 PM,11,9,2
09/17/2015 10:00:00 PM,5,3,2
09/17/2015 11:00:00 PM,22,3,19
09/18/2015 12:00:00 AM,9,1,8
09/18/2015 01:00:00 AM,7,2,5
09/18/2015 02:00:00 AM,9,1,8
09/18/2015 03:00:00 AM,0,0,0
09/18/2015 04:00:00 AM,4,1,3
09/18/2015 05:00:00 AM,13,2,11
09/18/2015 06:00:00 AM,44,8,36
09/18/2015 07:00:00 AM,109,20,89
09/18/2015 08:00:00 AM,115,17,98
09/18/2015 09:00:00 AM,40,6,34
09/18/2015 10:00:00 AM,20,7,13
09/18/2015 11:00:00 AM,11,5,6
09/18/2015 12:00:00 PM,20,8,12
09/18/2015 01:00:00 PM,28,12,16
09/18/2015 02:00:00 PM,30,20,10
09/18/2015 03:00:00 PM,49,33,16
09/18/2015 04:00:00 PM,82,64,18
09/18/2015 05:00:00 PM,119,110,9
09/18/2015 06:00:00 PM,81,71,10
09/18/2015 07:00:00 PM,32,27,5
09/18/2015 08:00:00 PM,9,4,5
09/18/2015 09:00:00 PM,14,11,3
09/18/2015 10:00:00 PM,2,1,1
09/18/2015 11:00:00 PM,2,1,1
09/19/2015 12:00:00 AM,8,7,1
09/19/2015 01:00:00 AM,0,0,0
09/19/2015 02:00:00 AM,3,1,2
09/19/2015 03:00:00 AM,1,1,0
09/19/2015 04:00:00 AM,1,1,0
09/19/2015 05:00:00 AM,8,1,7
09/19/2015 06:00:00 AM,16,2,14
09/19/2015 07:00:00 AM,18,5,13
09/19/2015 08:00:00 AM,27,11,16
09/19/2015 09:00:00 AM,34,14,20
09/19/2015 10:00:00 AM,35,15,20
09/19/2015 11:00:00 AM,61,31,30
09/19/2015 12:00:00 PM,60,32,28
09/19/2015 01:00:00 PM,50,26,24
09/19/2015 02:00:00 PM,49,27,22
09/19/2015 03:00:00 PM,41,19,22
09/19/2015 04:00:00 PM,48,29,19
09/19/2015 05:00:00 PM,37,25,12
09/19/2015 06:00:00 PM,30,19,11
09/19/2015 07:00:00 PM,12,9,3
09/19/2015 08:00:00 PM,7,5,2
09/19/2015 09:00:00 PM,4,3,1
09/19/2015 10:00:00 PM,1,1,0
09/19/2015 11:00:00 PM,2,2,0
09/20/2015 12:00:00 AM,5,4,1
09/20/2015 01:00:00 AM,1,1,0
09/20/2015 02:00:00 AM,0,0,0
09/20/2015 03:00:00 AM,3,2,1
09/20/2015 04:00:00 AM,2,0,2
09/20/2015 05:00:00 AM,4,1,3
09/20/2015 06:00:00 AM,0,0,0
09/20/2015 07:00:00 AM,9,3,6
09/20/2015 08:00:00 AM,19,11,8
09/20/2015 09:00:00 AM,31,16,15
09/20/2015 10:00:00 AM,32,13,19
09/20/2015 11:00:00 AM,47,22,25
09/20/2015 12:00:00 PM,30,15,15
09/20/2015 01:00:00 PM,36,14,22
09/20/2015 02:00:00 PM,30,15,15
09/20/2015 03:00:00 PM,29,18,11
09/20/2015 04:00:00 PM,31,13,18
09/20/2015 05:00:00 PM,27,20,7
09/20/2015 06:00:00 PM,18,10,8
09/20/2015 07:00:00 PM,10,8,2
09/20/2015 08:00:00 PM,3,1,2
09/20/2015 09:00:00 PM,2,1,1
09/20/2015 10:00:00 PM,0,0,0
09/20/2015 11:00:00 PM,5,3,2
09/21/2015 12:00:00 AM,2,2,0
09/21/2015 01:00:00 AM,0,0,0
09/21/2015 02:00:00 AM,0,0,0
09/21/2015 03:00:00 AM,1,1,0
09/21/2015 04:00:00 AM,4,1,3
09/21/2015 05:00:00 AM,25,3,22
09/21/2015 06:00:00 AM,59,7,52
09/21/2015 07:00:00 AM,170,20,150
09/21/2015 08:00:00 AM,157,21,136
09/21/2015 09:00:00 AM,45,6,39
09/21/2015 10:00:00 AM,28,6,22
09/21/2015 11:00:00 AM,21,8,13
09/21/2015 12:00:00 PM,34,16,18
09/21/2015 01:00:00 PM,27,12,15
09/21/2015 02:00:00 PM,34,23,11
09/21/2015 03:00:00 PM,54,38,16
09/21/2015 04:00:00 PM,117,96,21
09/21/2015 05:00:00 PM,173,153,20
09/21/2015 06:00:00 PM,145,124,21
09/21/2015 07:00:00 PM,42,33,9
09/21/2015 08:00:00 PM,21,13,8
09/21/2015 09:00:00 PM,11,8,3
09/21/2015 10:00:00 PM,9,6,3
09/21/2015 11:00:00 PM,6,6,0
09/22/2015 12:00:00 AM,1,1,0
09/22/2015 01:00:00 AM,1,1,0
09/22/2015 02:00:00 AM,1,0,1
09/22/2015 03:00:00 AM,4,2,2
09/22/2015 04:00:00 AM,2,0,2
09/22/2015 05:00:00 AM,36,4,32
09/22/2015 06:00:00 AM,95,12,83
09/22/2015 07:00:00 AM,191,25,166
09/22/2015 08:00:00 AM,183,14,169
09/22/2015 09:00:00 AM,51,4,47
09/22/2015 10:00:00 AM,36,12,24
09/22/2015 11:00:00 AM,23,7,16
09/22/2015 12:00:00 PM,35,24,11
09/22/2015 01:00:00 PM,37,19,18
09/22/2015 02:00:00 PM,43,20,23
09/22/2015 03:00:00 PM,54,39,15
09/22/2015 04:00:00 PM,142,120,22
09/22/2015 05:00:00 PM,209,181,28
09/22/2015 06:00:00 PM,154,136,18
09/22/2015 07:00:00 PM,56,44,12
09/22/2015 08:00:00 PM,24,18,6
09/22/2015 09:00:00 PM,8,7,1
09/22/2015 10:00:00 PM,12,11,1
09/22/2015 11:00:00 PM,2,1,1
09/23/2015 12:00:00 AM,1,1,0
09/23/2015 01:00:00 AM,0,0,0
09/23/2015 02:00:00 AM,1,0,1
09/23/2015 03:00:00 AM,3,2,1
09/23/2015 04:00:00 AM,3,1,2
09/23/2015 05:00:00 AM,30,3,27
09/23/2015 06:00:00 AM,78,9,69
09/23/2015 07:00:00 AM,178,24,154
09/23/2015 08:00:00 AM,176,15,161
09/23/2015 09:00:00 AM,65,5,60
09/23/2015 10:00:00 AM,35,9,26
09/23/2015 11:00:00 AM,27,13,14
09/23/2015 12:00:00 PM,41,15,26
09/23/2015 01:00:00 PM,39,19,20
09/23/2015 02:00:00 PM,37,21,16
09/23/2015 03:00:00 PM,69,51,18
09/23/2015 04:00:00 PM,130,109,21
09/23/2015 05:00:00 PM,220,184,36
09/23/2015 06:00:00 PM,136,111,25
09/23/2015 07:00:00 PM,68,56,12
09/23/2015 08:00:00 PM,29,18,11
09/23/2015 09:00:00 PM,30,25,5
09/23/2015 10:00:00 PM,18,11,7
09/23/2015 11:00:00 PM,6,3,3
09/24/2015 12:00:00 AM,5,3,2
09/24/2015 01:00:00 AM,0,0,0
09/24/2015 02:00:00 AM,3,1,2
09/24/2015 03:00:00 AM,3,3,0
09/24/2015 04:00:00 AM,6,1,5
09/24/2015 05:00:00 AM,37,7,30
09/24/2015 06:00:00 AM,87,7,80
09/24/2015 07:00:00 AM,157,16,141
09/24/2015 08:00:00 AM,132,7,125
09/24/2015 09:00:00 AM,62,8,54
09/24/2015 10:00:00 AM,27,4,23
09/24/2015 11:00:00 AM,24,10,14
09/24/2015 12:00:00 PM,20,9,11
09/24/2015 01:00:00 PM,34,14,20
09/24/2015 02:00:00 PM,39,19,20
09/24/2015 03:00:00 PM,57,42,15
09/24/2015 04:00:00 PM,123,99,24
09/24/2015 05:00:00 PM,177,157,20
09/24/2015 06:00:00 PM,112,98,14
09/24/2015 07:00:00 PM,73,60,13
09/24/2015 08:00:00 PM,24,15,9
09/24/2015 09:00:00 PM,17,8,9
09/24/2015 10:00:00 PM,8,8,0
09/24/2015 11:00:00 PM,7,5,2
09/25/2015 12:00:00 AM,6,4,2
09/25/2015 01:00:00 AM,2,2,0
09/25/2015 02:00:00 AM,2,1,1
09/25/2015 03:00:00 AM,1,1,0
09/25/2015 04:00:00 AM,3,0,3
09/25/2015 05:00:00 AM,20,1,19
09/25/2015 06:00:00 AM,50,12,38
09/25/2015 07:00:00 AM,80,12,68
09/25/2015 08:00:00 AM,81,10,71
09/25/2015 09:00:00 AM,32,5,27
09/25/2015 10:00:00 AM,18,2,16
09/25/2015 11:00:00 AM,7,3,4
09/25/2015 12:00:00 PM,6,1,5
09/25/2015 01:00:00 PM,18,13,5
09/25/2015 02:00:00 PM,15,9,6
09/25/2015 03:00:00 PM,34,28,6
09/25/2015 04:00:00 PM,63,51,12
09/25/2015 05:00:00 PM,102,88,14
09/25/2015 06:00:00 PM,46,42,4
09/25/2015 07:00:00 PM,13,12,1
09/25/2015 08:00:00 PM,14,14,0
09/25/2015 09:00:00 PM,7,3,4
09/25/2015 10:00:00 PM,4,2,2
09/25/2015 11:00:00 PM,2,2,0
09/26/2015 12:00:00 AM,2,1,1
09/26/2015 01:00:00 AM,2,2,0
09/26/2015 02:00:00 AM,2,0,2
09/26/2015 03:00:00 AM,2,0,2
09/26/2015 04:00:00 AM,0,0,0
09/26/2015 05:00:00 AM,7,0,7
09/26/2015 06:00:00 AM,7,0,7
09/26/2015 07:00:00 AM,14,1,13
09/26/2015 08:00:00 AM,19,10,9
09/26/2015 09:00:00 AM,37,17,20
09/26/2015 10:00:00 AM,26,14,12
09/26/2015 11:00:00 AM,42,16,26
09/26/2015 12:00:00 PM,55,19,36
09/26/2015 01:00:00 PM,61,41,20
09/26/2015 02:00:00 PM,26,14,12
09/26/2015 03:00:00 PM,42,19,23
09/26/2015 04:00:00 PM,44,25,19
09/26/2015 05:00:00 PM,34,18,16
09/26/2015 06:00:00 PM,18,12,6
09/26/2015 07:00:00 PM,25,14,11
09/26/2015 08:00:00 PM,15,9,6
09/26/2015 09:00:00 PM,4,2,2
09/26/2015 10:00:00 PM,12,8,4
09/26/2015 11:00:00 PM,6,4,2
09/27/2015 12:00:00 AM,2,1,1
09/27/2015 01:00:00 AM,1,1,0
09/27/2015 02:00:00 AM,1,1,0
09/27/2015 03:00:00 AM,1,0,1
09/27/2015 04:00:00 AM,3,1,2
09/27/2015 05:00:00 AM,4,1,3
09/27/2015 06:00:00 AM,1,0,1
09/27/2015 07:00:00 AM,10,2,8
09/27/2015 08:00:00 AM,21,8,13
09/27/2015 09:00:00 AM,29,10,19
09/27/2015 10:00:00 AM,47,18,29
09/27/2015 11:00:00 AM,69,36,33
09/27/2015 12:00:00 PM,64,30,34
09/27/2015 01:00:00 PM,51,24,27
09/27/2015 02:00:00 PM,54,25,29
09/27/2015 03:00:00 PM,44,29,15
09/27/2015 04:00:00 PM,42,22,20
09/27/2015 05:00:00 PM,24,17,7
09/27/2015 06:00:00 PM,17,8,9
09/27/2015 07:00:00 PM,8,8,0
09/27/2015 08:00:00 PM,5,4,1
09/27/2015 09:00:00 PM,6,2,4
09/27/2015 10:00:00 PM,2,2,0
09/27/2015 11:00:00 PM,3,1,2
09/28/2015 12:00:00 AM,3,1,2
09/28/2015 01:00:00 AM,1,0,1
09/28/2015 02:00:00 AM,2,1,1
09/28/2015 03:00:00 AM,2,1,1
09/28/2015 04:00:00 AM,4,1,3
09/28/2015 05:00:00 AM,30,2,28
09/28/2015 06:00:00 AM,74,10,64
09/28/2015 07:00:00 AM,142,11,131
09/28/2015 08:00:00 AM,153,12,141
09/28/2015 09:00:00 AM,47,6,41
09/28/2015 10:00:00 AM,28,5,23
09/28/2015 11:00:00 AM,18,9,9
09/28/2015 12:00:00 PM,33,14,19
09/28/2015 01:00:00 PM,28,14,14
09/28/2015 02:00:00 PM,28,17,11
09/28/2015 03:00:00 PM,49,32,17
09/28/2015 04:00:00 PM,116,86,30
09/28/2015 05:00:00 PM,164,143,21
09/28/2015 06:00:00 PM,134,121,13
09/28/2015 07:00:00 PM,52,34,18
09/28/2015 08:00:00 PM,16,12,4
09/28/2015 09:00:00 PM,8,7,1
09/28/2015 10:00:00 PM,5,2,3
09/28/2015 11:00:00 PM,5,1,4
09/29/2015 12:00:00 AM,2,1,1
09/29/2015 01:00:00 AM,3,3,0
09/29/2015 02:00:00 AM,1,0,1
09/29/2015 03:00:00 AM,3,1,2
09/29/2015 04:00:00 AM,3,0,3
09/29/2015 05:00:00 AM,24,1,23
09/29/2015 06:00:00 AM,81,13,68
09/29/2015 07:00:00 AM,165,15,150
09/29/2015 08:00:00 AM,176,16,160
09/29/2015 09:00:00 AM,78,16,62
09/29/2015 10:00:00 AM,40,10,30
09/29/2015 11:00:00 AM,20,7,13
09/29/2015 12:00:00 PM,29,11,18
09/29/2015 01:00:00 PM,38,14,24
09/29/2015 02:00:00 PM,30,19,11
09/29/2015 03:00:00 PM,53,42,11
09/29/2015 04:00:00 PM,134,98,36
09/29/2015 05:00:00 PM,220,193,27
09/29/2015 06:00:00 PM,135,118,17
09/29/2015 07:00:00 PM,47,36,11
09/29/2015 08:00:00 PM,22,18,4
09/29/2015 09:00:00 PM,13,12,1
09/29/2015 10:00:00 PM,6,5,1
09/29/2015 11:00:00 PM,5,3,2
09/30/2015 12:00:00 AM,4,1,3
09/30/2015 01:00:00 AM,2,2,0
09/30/2015 02:00:00 AM,1,0,1
09/30/2015 03:00:00 AM,4,2,2
09/30/2015 04:00:00 AM,5,0,5
09/30/2015 05:00:00 AM,40,2,38
09/30/2015 06:00:00 AM,62,9,53
09/30/2015 07:00:00 AM,161,17,144
09/30/2015 08:00:00 AM,162,11,151
09/30/2015 09:00:00 AM,55,5,50
09/30/2015 10:00:00 AM,32,9,23
09/30/2015 11:00:00 AM,16,9,7
09/30/2015 12:00:00 PM,19,5,14
09/30/2015 01:00:00 PM,14,8,6
09/30/2015 02:00:00 PM,34,21,13
09/30/2015 03:00:00 PM,50,32,18
09/30/2015 04:00:00 PM,130,107,23
09/30/2015 05:00:00 PM,199,177,22
09/30/2015 06:00:00 PM,119,95,24
09/30/2015 07:00:00 PM,57,49,8
09/30/2015 08:00:00 PM,37,23,14
09/30/2015 09:00:00 PM,11,8,3
09/30/2015 10:00:00 PM,10,7,3
09/30/2015 11:00:00 PM,4,2,2
10/01/2015 12:00:00 AM,3,1,2
10/01/2015 01:00:00 AM,1,0,1
10/01/2015 02:00:00 AM,2,1,1
10/01/2015 03:00:00 AM,3,2,1
10/01/2015 04:00:00 AM,4,0,4
10/01/2015 05:00:00 AM,31,4,27
10/01/2015 06:00:00 AM,96,15,81
10/01/2015 07:00:00 AM,135,15,120
10/01/2015 08:00:00 AM,147,15,132
10/01/2015 09:00:00 AM,61,9,52
10/01/2015 10:00:00 AM,27,12,15
10/01/2015 11:00:00 AM,23,9,14
10/01/2015 12:00:00 PM,30,15,15
10/01/2015 01:00:00 PM,28,9,19
10/01/2015 02:00:00 PM,41,23,18
10/01/2015 03:00:00 PM,55,43,12
10/01/2015 04:00:00 PM,112,85,27
10/01/2015 05:00:00 PM,188,161,27
10/01/2015 06:00:00 PM,94,79,15
10/01/2015 07:00:00 PM,37,31,6
10/01/2015 08:00:00 PM,24,18,6
10/01/2015 09:00:00 PM,9,7,2
10/01/2015 10:00:00 PM,11,4,7
10/01/2015 11:00:00 PM,7,4,3
10/02/2015 12:00:00 AM,3,2,1
10/02/2015 01:00:00 AM,2,0,2
10/02/2015 02:00:00 AM,1,0,1
10/02/2015 03:00:00 AM,5,3,2
10/02/2015 04:00:00 AM,4,0,4
10/02/2015 05:00:00 AM,24,3,21
10/02/2015 06:00:00 AM,59,10,49
10/02/2015 07:00:00 AM,105,12,93
10/02/2015 08:00:00 AM,106,9,97
10/02/2015 09:00:00 AM,37,2,35
10/02/2015 10:00:00 AM,19,7,12
10/02/2015 11:00:00 AM,11,4,7
10/02/2015 12:00:00 PM,17,9,8
10/02/2015 01:00:00 PM,19,6,13
10/02/2015 02:00:00 PM,22,16,6
10/02/2015 03:00:00 PM,44,32,12
10/02/2015 04:00:00 PM,80,66,14
10/02/2015 05:00:00 PM,124,113,11
10/02/2015 06:00:00 PM,65,58,7
10/02/2015 07:00:00 PM,20,16,4
10/02/2015 08:00:00 PM,8,6,2
10/02/2015 09:00:00 PM,8,8,0
10/02/2015 10:00:00 PM,5,4,1
10/02/2015 11:00:00 PM,3,2,1
10/03/2015 12:00:00 AM,3,1,2
10/03/2015 01:00:00 AM,3,2,1
10/03/2015 02:00:00 AM,2,2,0
10/03/2015 03:00:00 AM,2,1,1
10/03/2015 04:00:00 AM,1,1,0
10/03/2015 05:00:00 AM,3,0,3
10/03/2015 06:00:00 AM,3,1,2
10/03/2015 07:00:00 AM,9,1,8
10/03/2015 08:00:00 AM,24,11,13
10/03/2015 09:00:00 AM,26,10,16
10/03/2015 10:00:00 AM,44,13,31
10/03/2015 11:00:00 AM,28,12,16
10/03/2015 12:00:00 PM,56,31,25
10/03/2015 01:00:00 PM,47,24,23
10/03/2015 02:00:00 PM,38,24,14
10/03/2015 03:00:00 PM,67,39,28
10/03/2015 04:00:00 PM,53,26,27
10/03/2015 05:00:00 PM,31,19,12
10/03/2015 06:00:00 PM,21,10,11
10/03/2015 07:00:00 PM,9,5,4
10/03/2015 08:00:00 PM,11,6,5
10/03/2015 09:00:00 PM,2,2,0
10/03/2015 10:00:00 PM,1,1,0
10/03/2015 11:00:00 PM,8,3,5
10/04/2015 12:00:00 AM,2,0,2
10/04/2015 01:00:00 AM,4,4,0
10/04/2015 02:00:00 AM,0,0,0
10/04/2015 03:00:00 AM,3,2,1
10/04/2015 04:00:00 AM,3,2,1
10/04/2015 05:00:00 AM,5,1,4
10/04/2015 06:00:00 AM,4,2,2
10/04/2015 07:00:00 AM,8,3,5
10/04/2015 08:00:00 AM,31,5,26
10/04/2015 09:00:00 AM,25,8,17
10/04/2015 10:00:00 AM,37,17,20
10/04/2015 11:00:00 AM,69,40,29
10/04/2015 12:00:00 PM,65,35,30
10/04/2015 01:00:00 PM,59,30,29
10/04/2015 02:00:00 PM,74,33,41
10/04/2015 03:00:00 PM,81,40,41
10/04/2015 04:00:00 PM,63,33,30
10/04/2015 05:00:00 PM,43,24,19
10/04/2015 06:00:00 PM,25,12,13
10/04/2015 07:00:00 PM,15,7,8
10/04/2015 08:00:00 PM,10,9,1
10/04/2015 09:00:00 PM,6,5,1
10/04/2015 10:00:00 PM,4,3,1
10/04/2015 11:00:00 PM,3,2,1
10/05/2015 12:00:00 AM,2,1,1
10/05/2015 01:00:00 AM,2,1,1
10/05/2015 02:00:00 AM,1,0,1
10/05/2015 03:00:00 AM,1,1,0
10/05/2015 04:00:00 AM,10,2,8
10/05/2015 05:00:00 AM,28,2,26
10/05/2015 06:00:00 AM,75,11,64
10/05/2015 07:00:00 AM,162,19,143
10/05/2015 08:00:00 AM,171,14,157
10/05/2015 09:00:00 AM,61,7,54
10/05/2015 10:00:00 AM,20,2,18
10/05/2015 11:00:00 AM,24,7,17
10/05/2015 12:00:00 PM,20,9,11
10/05/2015 01:00:00 PM,28,14,14
10/05/2015 02:00:00 PM,36,20,16
10/05/2015 03:00:00 PM,62,44,18
10/05/2015 04:00:00 PM,157,127,30
10/05/2015 05:00:00 PM,183,164,19
10/05/2015 06:00:00 PM,102,89,13
10/05/2015 07:00:00 PM,30,23,7
10/05/2015 08:00:00 PM,21,16,5
10/05/2015 09:00:00 PM,15,14,1
10/05/2015 10:00:00 PM,7,5,2
10/05/2015 11:00:00 PM,3,2,1
10/06/2015 12:00:00 AM,1,1,0
10/06/2015 01:00:00 AM,2,2,0
10/06/2015 02:00:00 AM,2,1,1
10/06/2015 03:00:00 AM,2,1,1
10/06/2015 04:00:00 AM,5,2,3
10/06/2015 05:00:00 AM,34,4,30
10/06/2015 06:00:00 AM,82,19,63
10/06/2015 07:00:00 AM,151,13,138
10/06/2015 08:00:00 AM,170,11,159
10/06/2015 09:00:00 AM,55,11,44
10/06/2015 10:00:00 AM,20,6,14
10/06/2015 11:00:00 AM,13,2,11
10/06/2015 12:00:00 PM,15,11,4
10/06/2015 01:00:00 PM,25,13,12
10/06/2015 02:00:00 PM,32,18,14
10/06/2015 03:00:00 PM,35,25,10
10/06/2015 04:00:00 PM,104,84,20
10/06/2015 05:00:00 PM,187,158,29
10/06/2015 06:00:00 PM,132,117,15
10/06/2015 07:00:00 PM,44,41,3
10/06/2015 08:00:00 PM,20,14,6
10/06/2015 09:00:00 PM,10,10,0
10/06/2015 10:00:00 PM,7,5,2
10/06/2015 11:00:00 PM,1,1,0
10/07/2015 12:00:00 AM,2,1,1
10/07/2015 01:00:00 AM,1,1,0
10/07/2015 02:00:00 AM,2,1,1
10/07/2015 03:00:00 AM,1,1,0
10/07/2015 04:00:00 AM,2,0,2
10/07/2015 05:00:00 AM,21,4,17
10/07/2015 06:00:00 AM,47,6,41
10/07/2015 07:00:00 AM,94,14,80
10/07/2015 08:00:00 AM,99,3,96
10/07/2015 09:00:00 AM,24,2,22
10/07/2015 10:00:00 AM,10,2,8
10/07/2015 11:00:00 AM,14,2,12
10/07/2015 12:00:00 PM,6,4,2
10/07/2015 01:00:00 PM,8,5,3
10/07/2015 02:00:00 PM,12,8,4
10/07/2015 03:00:00 PM,25,19,6
10/07/2015 04:00:00 PM,69,50,19
10/07/2015 05:00:00 PM,105,93,12
10/07/2015 06:00:00 PM,71,67,4
10/07/2015 07:00:00 PM,30,30,0
10/07/2015 08:00:00 PM,12,8,4
10/07/2015 09:00:00 PM,12,8,4
10/07/2015 10:00:00 PM,5,4,1
10/07/2015 11:00:00 PM,1,1,0
10/08/2015 12:00:00 AM,1,0,1
10/08/2015 01:00:00 AM,2,1,1
10/08/2015 02:00:00 AM,1,1,0
10/08/2015 03:00:00 AM,0,0,0
10/08/2015 04:00:00 AM,6,0,6
10/08/2015 05:00:00 AM,33,8,25
10/08/2015 06:00:00 AM,80,16,64
10/08/2015 07:00:00 AM,127,24,103
10/08/2015 08:00:00 AM,139,22,117
10/08/2015 09:00:00 AM,59,11,48
10/08/2015 10:00:00 AM,30,14,16
10/08/2015 11:00:00 AM,15,6,9
10/08/2015 12:00:00 PM,30,14,16
10/08/2015 01:00:00 PM,22,6,16
10/08/2015 02:00:00 PM,27,12,15
10/08/2015 03:00:00 PM,44,33,11
10/08/2015 04:00:00 PM,103,89,14
10/08/2015 05:00:00 PM,162,136,26
10/08/2015 06:00:00 PM,82,74,8
10/08/2015 07:00:00 PM,38,34,4
10/08/2015 08:00:00 PM,68,64,4
10/08/2015 09:00:00 PM,9,4,5
10/08/2015 10:00:00 PM,13,11,2
10/08/2015 11:00:00 PM,7,2,5
10/09/2015 12:00:00 AM,2,0,2
10/09/2015 01:00:00 AM,1,1,0
10/09/2015 02:00:00 AM,2,1,1
10/09/2015 03:00:00 AM,5,2,3
10/09/2015 04:00:00 AM,4,0,4
10/09/2015 05:00:00 AM,23,3,20
10/09/2015 06:00:00 AM,45,10,35
10/09/2015 07:00:00 AM,113,15,98
10/09/2015 08:00:00 AM,100,6,94
10/09/2015 09:00:00 AM,40,7,33
10/09/2015 10:00:00 AM,24,9,15
10/09/2015 11:00:00 AM,13,8,5
10/09/2015 12:00:00 PM,10,3,7
10/09/2015 01:00:00 PM,17,9,8
10/09/2015 02:00:00 PM,28,15,13
10/09/2015 03:00:00 PM,50,31,19
10/09/2015 04:00:00 PM,83,73,10
10/09/2015 05:00:00 PM,106,91,15
10/09/2015 06:00:00 PM,65,59,6
10/09/2015 07:00:00 PM,31,27,4
10/09/2015 08:00:00 PM,7,5,2
10/09/2015 09:00:00 PM,16,11,5
10/09/2015 10:00:00 PM,4,2,2
10/09/2015 11:00:00 PM,3,2,1
10/10/2015 12:00:00 AM,2,1,1
10/10/2015 01:00:00 AM,3,2,1
10/10/2015 02:00:00 AM,1,1,0
10/10/2015 03:00:00 AM,2,1,1
10/10/2015 04:00:00 AM,0,0,0
10/10/2015 05:00:00 AM,3,1,2
10/10/2015 06:00:00 AM,4,0,4
10/10/2015 07:00:00 AM,3,1,2
10/10/2015 08:00:00 AM,13,6,7
10/10/2015 09:00:00 AM,13,4,9
10/10/2015 10:00:00 AM,4,3,1
10/10/2015 11:00:00 AM,3,3,0
10/10/2015 12:00:00 PM,13,9,4
10/10/2015 01:00:00 PM,7,1,6
10/10/2015 02:00:00 PM,4,3,1
10/10/2015 03:00:00 PM,2,1,1
10/10/2015 04:00:00 PM,5,5,0
10/10/2015 05:00:00 PM,7,5,2
10/10/2015 06:00:00 PM,10,6,4
10/10/2015 07:00:00 PM,4,2,2
10/10/2015 08:00:00 PM,0,0,0
10/10/2015 09:00:00 PM,3,1,2
10/10/2015 10:00:00 PM,4,2,2
10/10/2015 11:00:00 PM,4,1,3
10/11/2015 12:00:00 AM,3,2,1
10/11/2015 01:00:00 AM,0,0,0
10/11/2015 02:00:00 AM,2,0,2
10/11/2015 03:00:00 AM,2,1,1
10/11/2015 04:00:00 AM,1,1,0
10/11/2015 05:00:00 AM,3,0,3
10/11/2015 06:00:00 AM,5,2,3
10/11/2015 07:00:00 AM,6,4,2
10/11/2015 08:00:00 AM,18,3,15
10/11/2015 09:00:00 AM,29,11,18
10/11/2015 10:00:00 AM,30,20,10
10/11/2015 11:00:00 AM,44,16,28
10/11/2015 12:00:00 PM,53,21,32
10/11/2015 01:00:00 PM,47,24,23
10/11/2015 02:00:00 PM,60,28,32
10/11/2015 03:00:00 PM,58,34,24
10/11/2015 04:00:00 PM,39,21,18
10/11/2015 05:00:00 PM,31,15,16
10/11/2015 06:00:00 PM,24,17,7
10/11/2015 07:00:00 PM,10,7,3
10/11/2015 08:00:00 PM,11,4,7
10/11/2015 09:00:00 PM,2,1,1
10/11/2015 10:00:00 PM,4,3,1
10/11/2015 11:00:00 PM,3,0,3
10/12/2015 12:00:00 AM,0,0,0
10/12/2015 01:00:00 AM,0,0,0
10/12/2015 02:00:00 AM,2,1,1
10/12/2015 03:00:00 AM,2,1,1
10/12/2015 04:00:00 AM,6,0,6
10/12/2015 05:00:00 AM,17,3,14
10/12/2015 06:00:00 AM,59,9,50
10/12/2015 07:00:00 AM,126,10,116
10/12/2015 08:00:00 AM,158,13,145
10/12/2015 09:00:00 AM,55,8,47
10/12/2015 10:00:00 AM,27,6,21
10/12/2015 11:00:00 AM,11,3,8
10/12/2015 12:00:00 PM,14,9,5
10/12/2015 01:00:00 PM,24,11,13
10/12/2015 02:00:00 PM,23,13,10
10/12/2015 03:00:00 PM,42,31,11
10/12/2015 04:00:00 PM,93,73,20
10/12/2015 05:00:00 PM,149,132,17
10/12/2015 06:00:00 PM,90,79,11
10/12/2015 07:00:00 PM,31,28,3
10/12/2015 08:00:00 PM,18,13,5
10/12/2015 09:00:00 PM,6,6,0
10/12/2015 10:00:00 PM,1,1,0
10/12/2015 11:00:00 PM,1,1,0
10/13/2015 12:00:00 AM,0,0,0
10/13/2015 01:00:00 AM,0,0,0
10/13/2015 02:00:00 AM,1,0,1
10/13/2015 03:00:00 AM,5,2,3
10/13/2015 04:00:00 AM,4,3,1
10/13/2015 05:00:00 AM,26,2,24
10/13/2015 06:00:00 AM,61,10,51
10/13/2015 07:00:00 AM,115,15,100
10/13/2015 08:00:00 AM,131,14,117
10/13/2015 09:00:00 AM,54,8,46
10/13/2015 10:00:00 AM,15,3,12
10/13/2015 11:00:00 AM,12,2,10
10/13/2015 12:00:00 PM,21,11,10
10/13/2015 01:00:00 PM,23,9,14
10/13/2015 02:00:00 PM,24,16,8
10/13/2015 03:00:00 PM,43,29,14
10/13/2015 04:00:00 PM,73,60,13
10/13/2015 05:00:00 PM,172,141,31
10/13/2015 06:00:00 PM,107,95,12
10/13/2015 07:00:00 PM,35,32,3
10/13/2015 08:00:00 PM,14,10,4
10/13/2015 09:00:00 PM,11,9,2
10/13/2015 10:00:00 PM,6,4,2
10/13/2015 11:00:00 PM,3,2,1
10/14/2015 12:00:00 AM,1,0,1
10/14/2015 01:00:00 AM,0,0,0
10/14/2015 02:00:00 AM,1,0,1
10/14/2015 03:00:00 AM,1,1,0
10/14/2015 04:00:00 AM,5,1,4
10/14/2015 05:00:00 AM,34,3,31
10/14/2015 06:00:00 AM,79,11,68
10/14/2015 07:00:00 AM,140,10,130
10/14/2015 08:00:00 AM,138,10,128
10/14/2015 09:00:00 AM,54,4,50
10/14/2015 10:00:00 AM,41,6,35
10/14/2015 11:00:00 AM,12,6,6
10/14/2015 12:00:00 PM,16,7,9
10/14/2015 01:00:00 PM,21,10,11
10/14/2015 02:00:00 PM,28,18,10
10/14/2015 03:00:00 PM,37,25,12
10/14/2015 04:00:00 PM,130,101,29
10/14/2015 05:00:00 PM,165,146,19
10/14/2015 06:00:00 PM,119,101,18
10/14/2015 07:00:00 PM,53,39,14
10/14/2015 08:00:00 PM,31,21,10
10/14/2015 09:00:00 PM,10,7,3
10/14/2015 10:00:00 PM,7,4,3
10/14/2015 11:00:00 PM,2,1,1
10/15/2015 12:00:00 AM,2,1,1
10/15/2015 01:00:00 AM,0,0,0
10/15/2015 02:00:00 AM,0,0,0
10/15/2015 03:00:00 AM,0,0,0
10/15/2015 04:00:00 AM,6,1,5
10/15/2015 05:00:00 AM,26,3,23
10/15/2015 06:00:00 AM,64,9,55
10/15/2015 07:00:00 AM,131,10,121
10/15/2015 08:00:00 AM,122,4,118
10/15/2015 09:00:00 AM,45,3,42
10/15/2015 10:00:00 AM,24,5,19
10/15/2015 11:00:00 AM,25,10,15
10/15/2015 12:00:00 PM,21,14,7
10/15/2015 01:00:00 PM,36,15,21
10/15/2015 02:00:00 PM,32,22,10
10/15/2015 03:00:00 PM,43,31,12
10/15/2015 04:00:00 PM,88,73,15
10/15/2015 05:00:00 PM,145,133,12
10/15/2015 06:00:00 PM,92,78,14
10/15/2015 07:00:00 PM,33,23,10
10/15/2015 08:00:00 PM,22,20,2
10/15/2015 09:00:00 PM,13,8,5
10/15/2015 10:00:00 PM,6,5,1
10/15/2015 11:00:00 PM,3,2,1
10/16/2015 12:00:00 AM,4,3,1
10/16/2015 01:00:00 AM,3,1,2
10/16/2015 02:00:00 AM,6,5,1
10/16/2015 03:00:00 AM,0,0,0
10/16/2015 04:00:00 AM,11,1,10
10/16/2015 05:00:00 AM,23,7,16
10/16/2015 06:00:00 AM,59,7,52
10/16/2015 07:00:00 AM,100,10,90
10/16/2015 08:00:00 AM,139,9,130
10/16/2015 09:00:00 AM,54,11,43
10/16/2015 10:00:00 AM,22,7,15
10/16/2015 11:00:00 AM,23,14,9
10/16/2015 12:00:00 PM,19,11,8
10/16/2015 01:00:00 PM,39,16,23
10/16/2015 02:00:00 PM,32,17,15
10/16/2015 03:00:00 PM,54,36,18
10/16/2015 04:00:00 PM,98,82,16
10/16/2015 05:00:00 PM,158,125,33
10/16/2015 06:00:00 PM,91,75,16
10/16/2015 07:00:00 PM,21,14,7
10/16/2015 08:00:00 PM,15,10,5
10/16/2015 09:00:00 PM,4,2,2
10/16/2015 10:00:00 PM,3,2,1
10/16/2015 11:00:00 PM,4,4,0
10/17/2015 12:00:00 AM,2,1,1
10/17/2015 01:00:00 AM,0,0,0
10/17/2015 02:00:00 AM,2,1,1
10/17/2015 03:00:00 AM,2,1,1
10/17/2015 04:00:00 AM,4,1,3
10/17/2015 05:00:00 AM,8,4,4
10/17/2015 06:00:00 AM,5,1,4
10/17/2015 07:00:00 AM,8,1,7
10/17/2015 08:00:00 AM,21,7,14
10/17/2015 09:00:00 AM,35,20,15
10/17/2015 10:00:00 AM,37,26,11
10/17/2015 11:00:00 AM,35,14,21
10/17/2015 12:00:00 PM,32,17,15
10/17/2015 01:00:00 PM,30,13,17
10/17/2015 02:00:00 PM,40,18,22
10/17/2015 03:00:00 PM,42,29,13
10/17/2015 04:00:00 PM,33,17,16
10/17/2015 05:00:00 PM,22,13,9
10/17/2015 06:00:00 PM,11,7,4
10/17/2015 07:00:00 PM,2,2,0
10/17/2015 08:00:00 PM,6,2,4
10/17/2015 09:00:00 PM,2,0,2
10/17/2015 10:00:00 PM,2,2,0
10/17/2015 11:00:00 PM,6,6,0
10/18/2015 12:00:00 AM,3,2,1
10/18/2015 01:00:00 AM,0,0,0
10/18/2015 02:00:00 AM,3,2,1
10/18/2015 03:00:00 AM,3,2,1
10/18/2015 04:00:00 AM,3,1,2
10/18/2015 05:00:00 AM,7,0,7
10/18/2015 06:00:00 AM,1,0,1
10/18/2015 07:00:00 AM,4,1,3
10/18/2015 08:00:00 AM,8,4,4
10/18/2015 09:00:00 AM,19,3,16
10/18/2015 10:00:00 AM,20,14,6
10/18/2015 11:00:00 AM,13,5,8
10/18/2015 12:00:00 PM,14,7,7
10/18/2015 01:00:00 PM,20,9,11
10/18/2015 02:00:00 PM,17,6,11
10/18/2015 03:00:00 PM,9,6,3
10/18/2015 04:00:00 PM,11,9,2
10/18/2015 05:00:00 PM,9,6,3
10/18/2015 06:00:00 PM,6,4,2
10/18/2015 07:00:00 PM,6,6,0
10/18/2015 08:00:00 PM,3,3,0
10/18/2015 09:00:00 PM,1,1,0
10/18/2015 10:00:00 PM,2,0,2
10/18/2015 11:00:00 PM,2,1,1
10/19/2015 12:00:00 AM,1,0,1
10/19/2015 01:00:00 AM,1,1,0
10/19/2015 02:00:00 AM,0,0,0
10/19/2015 03:00:00 AM,3,2,1
10/19/2015 04:00:00 AM,6,0,6
10/19/2015 05:00:00 AM,19,1,18
10/19/2015 06:00:00 AM,64,14,50
10/19/2015 07:00:00 AM,116,17,99
10/19/2015 08:00:00 AM,116,14,102
10/19/2015 09:00:00 AM,31,8,23
10/19/2015 10:00:00 AM,20,8,12
10/19/2015 11:00:00 AM,11,4,7
10/19/2015 12:00:00 PM,16,11,5
10/19/2015 01:00:00 PM,13,6,7
10/19/2015 02:00:00 PM,20,13,7
10/19/2015 03:00:00 PM,33,25,8
10/19/2015 04:00:00 PM,88,75,13
10/19/2015 05:00:00 PM,147,126,21
10/19/2015 06:00:00 PM,75,66,9
10/19/2015 07:00:00 PM,25,24,1
10/19/2015 08:00:00 PM,10,9,1
10/19/2015 09:00:00 PM,9,7,2
10/19/2015 10:00:00 PM,8,3,5
10/19/2015 11:00:00 PM,3,3,0
10/20/2015 12:00:00 AM,3,2,1
10/20/2015 01:00:00 AM,3,1,2
10/20/2015 02:00:00 AM,1,0,1
10/20/2015 03:00:00 AM,2,1,1
10/20/2015 04:00:00 AM,4,2,2
10/20/2015 05:00:00 AM,31,7,24
10/20/2015 06:00:00 AM,70,15,55
10/20/2015 07:00:00 AM,139,24,115
10/20/2015 08:00:00 AM,142,7,135
10/20/2015 09:00:00 AM,54,10,44
10/20/2015 10:00:00 AM,19,6,13
10/20/2015 11:00:00 AM,17,5,12
10/20/2015 12:00:00 PM,28,13,15
10/20/2015 01:00:00 PM,24,13,11
10/20/2015 02:00:00 PM,35,15,20
10/20/2015 03:00:00 PM,34,25,9
10/20/2015 04:00:00 PM,116,94,22
10/20/2015 05:00:00 PM,185,165,20
10/20/2015 06:00:00 PM,93,84,9
10/20/2015 07:00:00 PM,39,29,10
10/20/2015 08:00:00 PM,16,10,6
10/20/2015 09:00:00 PM,12,11,1
10/20/2015 10:00:00 PM,4,4,0
10/20/2015 11:00:00 PM,3,2,1
10/21/2015 12:00:00 AM,6,3,3
10/21/2015 01:00:00 AM,3,2,1
10/21/2015 02:00:00 AM,1,1,0
10/21/2015 03:00:00 AM,2,1,1
10/21/2015 04:00:00 AM,5,1,4
10/21/2015 05:00:00 AM,28,3,25
10/21/2015 06:00:00 AM,69,10,59
10/21/2015 07:00:00 AM,141,16,125
10/21/2015 08:00:00 AM,124,6,118
10/21/2015 09:00:00 AM,48,5,43
10/21/2015 10:00:00 AM,22,4,18
10/21/2015 11:00:00 AM,12,7,5
10/21/2015 12:00:00 PM,22,10,12
10/21/2015 01:00:00 PM,20,8,12
10/21/2015 02:00:00 PM,39,18,21
10/21/2015 03:00:00 PM,31,27,4
10/21/2015 04:00:00 PM,94,74,20
10/21/2015 05:00:00 PM,170,149,21
10/21/2015 06:00:00 PM,102,83,19
10/21/2015 07:00:00 PM,32,25,7
10/21/2015 08:00:00 PM,15,13,2
10/21/2015 09:00:00 PM,17,13,4
10/21/2015 10:00:00 PM,7,6,1
10/21/2015 11:00:00 PM,2,2,0
10/22/2015 12:00:00 AM,4,3,1
10/22/2015 01:00:00 AM,0,0,0
10/22/2015 02:00:00 AM,0,0,0
10/22/2015 03:00:00 AM,2,0,2
10/22/2015 04:00:00 AM,5,0,5
10/22/2015 05:00:00 AM,22,5,17
10/22/2015 06:00:00 AM,74,8,66
10/22/2015 07:00:00 AM,110,12,98
10/22/2015 08:00:00 AM,146,12,134
10/22/2015 09:00:00 AM,61,12,49
10/22/2015 10:00:00 AM,19,5,14
10/22/2015 11:00:00 AM,19,8,11
10/22/2015 12:00:00 PM,28,15,13
10/22/2015 01:00:00 PM,26,7,19
10/22/2015 02:00:00 PM,35,20,15
10/22/2015 03:00:00 PM,48,29,19
10/22/2015 04:00:00 PM,98,78,20
10/22/2015 05:00:00 PM,164,145,19
10/22/2015 06:00:00 PM,81,71,10
10/22/2015 07:00:00 PM,35,26,9
10/22/2015 08:00:00 PM,16,11,5
10/22/2015 09:00:00 PM,11,8,3
10/22/2015 10:00:00 PM,4,4,0
10/22/2015 11:00:00 PM,5,4,1
10/23/2015 12:00:00 AM,4,2,2
10/23/2015 01:00:00 AM,0,0,0
10/23/2015 02:00:00 AM,4,3,1
10/23/2015 03:00:00 AM,2,0,2
10/23/2015 04:00:00 AM,5,0,5
10/23/2015 05:00:00 AM,22,1,21
10/23/2015 06:00:00 AM,61,7,54
10/23/2015 07:00:00 AM,103,13,90
10/23/2015 08:00:00 AM,115,9,106
10/23/2015 09:00:00 AM,50,10,40
10/23/2015 10:00:00 AM,14,1,13
10/23/2015 11:00:00 AM,16,9,7
10/23/2015 12:00:00 PM,30,14,16
10/23/2015 01:00:00 PM,23,10,13
10/23/2015 02:00:00 PM,26,17,9
10/23/2015 03:00:00 PM,41,30,11
10/23/2015 04:00:00 PM,81,65,16
10/23/2015 05:00:00 PM,135,111,24
10/23/2015 06:00:00 PM,70,62,8
10/23/2015 07:00:00 PM,19,13,6
10/23/2015 08:00:00 PM,15,10,5
10/23/2015 09:00:00 PM,6,5,1
10/23/2015 10:00:00 PM,9,8,1
10/23/2015 11:00:00 PM,6,5,1
10/24/2015 12:00:00 AM,4,3,1
10/24/2015 01:00:00 AM,1,1,0
10/24/2015 02:00:00 AM,1,0,1
10/24/2015 03:00:00 AM,1,0,1
10/24/2015 04:00:00 AM,0,0,0
10/24/2015 05:00:00 AM,9,3,6
10/24/2015 06:00:00 AM,7,0,7
10/24/2015 07:00:00 AM,7,2,5
10/24/2015 08:00:00 AM,14,7,7
10/24/2015 09:00:00 AM,29,14,15
10/24/2015 10:00:00 AM,24,10,14
10/24/2015 11:00:00 AM,39,25,14
10/24/2015 12:00:00 PM,33,9,24
10/24/2015 01:00:00 PM,34,11,23
10/24/2015 02:00:00 PM,30,11,19
10/24/2015 03:00:00 PM,38,24,14
10/24/2015 04:00:00 PM,29,17,12
10/24/2015 05:00:00 PM,24,12,12
10/24/2015 06:00:00 PM,7,6,1
10/24/2015 07:00:00 PM,7,3,4
10/24/2015 08:00:00 PM,9,5,4
10/24/2015 09:00:00 PM,6,5,1
10/24/2015 10:00:00 PM,5,3,2
10/24/2015 11:00:00 PM,3,2,1
10/25/2015 12:00:00 AM,4,1,3
10/25/2015 01:00:00 AM,0,0,0
10/25/2015 02:00:00 AM,3,2,1
10/25/2015 03:00:00 AM,2,2,0
10/25/2015 04:00:00 AM,0,0,0
10/25/2015 05:00:00 AM,5,0,5
10/25/2015 06:00:00 AM,4,1,3
10/25/2015 07:00:00 AM,8,3,5
10/25/2015 08:00:00 AM,13,5,8
10/25/2015 09:00:00 AM,22,10,12
10/25/2015 10:00:00 AM,29,15,14
10/25/2015 11:00:00 AM,23,11,12
10/25/2015 12:00:00 PM,41,16,25
10/25/2015 01:00:00 PM,30,13,17
10/25/2015 02:00:00 PM,45,27,18
10/25/2015 03:00:00 PM,28,14,14
10/25/2015 04:00:00 PM,19,10,9
10/25/2015 05:00:00 PM,8,3,5
10/25/2015 06:00:00 PM,9,6,3
10/25/2015 07:00:00 PM,4,3,1
10/25/2015 08:00:00 PM,0,0,0
10/25/2015 09:00:00 PM,0,0,0
10/25/2015 10:00:00 PM,4,4,0
10/25/2015 11:00:00 PM,0,0,0
10/26/2015 12:00:00 AM,1,1,0
10/26/2015 01:00:00 AM,0,0,0
10/26/2015 02:00:00 AM,2,0,2
10/26/2015 03:00:00 AM,2,1,1
10/26/2015 04:00:00 AM,4,1,3
10/26/2015 05:00:00 AM,18,1,17
10/26/2015 06:00:00 AM,41,7,34
10/26/2015 07:00:00 AM,85,10,75
10/26/2015 08:00:00 AM,94,9,85
10/26/2015 09:00:00 AM,37,2,35
10/26/2015 10:00:00 AM,16,3,13
10/26/2015 11:00:00 AM,2,1,1
10/26/2015 12:00:00 PM,7,6,1
10/26/2015 01:00:00 PM,6,3,3
10/26/2015 02:00:00 PM,25,17,8
10/26/2015 03:00:00 PM,26,24,2
10/26/2015 04:00:00 PM,55,44,11
10/26/2015 05:00:00 PM,116,106,10
10/26/2015 06:00:00 PM,63,60,3
10/26/2015 07:00:00 PM,24,20,4
10/26/2015 08:00:00 PM,14,10,4
10/26/2015 09:00:00 PM,11,9,2
10/26/2015 10:00:00 PM,5,3,2
10/26/2015 11:00:00 PM,1,1,0
10/27/2015 12:00:00 AM,1,0,1
10/27/2015 01:00:00 AM,2,2,0
10/27/2015 02:00:00 AM,1,0,1
10/27/2015 03:00:00 AM,3,1,2
10/27/2015 04:00:00 AM,5,0,5
10/27/2015 05:00:00 AM,24,5,19
10/27/2015 06:00:00 AM,75,18,57
10/27/2015 07:00:00 AM,135,13,122
10/27/2015 08:00:00 AM,143,9,134
10/27/2015 09:00:00 AM,53,5,48
10/27/2015 10:00:00 AM,24,5,19
10/27/2015 11:00:00 AM,21,9,12
10/27/2015 12:00:00 PM,28,19,9
10/27/2015 01:00:00 PM,32,12,20
10/27/2015 02:00:00 PM,26,17,9
10/27/2015 03:00:00 PM,41,29,12
10/27/2015 04:00:00 PM,92,66,26
10/27/2015 05:00:00 PM,168,146,22
10/27/2015 06:00:00 PM,97,83,14
10/27/2015 07:00:00 PM,38,34,4
10/27/2015 08:00:00 PM,11,6,5
10/27/2015 09:00:00 PM,12,12,0
10/27/2015 10:00:00 PM,11,9,2
10/27/2015 11:00:00 PM,4,3,1
10/28/2015 12:00:00 AM,2,1,1
10/28/2015 01:00:00 AM,0,0,0
10/28/2015 02:00:00 AM,1,0,1
10/28/2015 03:00:00 AM,1,0,1
10/28/2015 04:00:00 AM,4,1,3
10/28/2015 05:00:00 AM,18,3,15
10/28/2015 06:00:00 AM,57,11,46
10/28/2015 07:00:00 AM,99,10,89
10/28/2015 08:00:00 AM,109,5,104
10/28/2015 09:00:00 AM,37,5,32
10/28/2015 10:00:00 AM,10,1,9
10/28/2015 11:00:00 AM,8,2,6
10/28/2015 12:00:00 PM,11,7,4
10/28/2015 01:00:00 PM,9,5,4
10/28/2015 02:00:00 PM,16,11,5
10/28/2015 03:00:00 PM,30,25,5
10/28/2015 04:00:00 PM,58,49,9
10/28/2015 05:00:00 PM,121,110,11
10/28/2015 06:00:00 PM,64,55,9
10/28/2015 07:00:00 PM,28,23,5
10/28/2015 08:00:00 PM,13,9,4
10/28/2015 09:00:00 PM,14,11,3
10/28/2015 10:00:00 PM,8,7,1
10/28/2015 11:00:00 PM,5,3,2
10/29/2015 12:00:00 AM,4,1,3
10/29/2015 01:00:00 AM,4,1,3
10/29/2015 02:00:00 AM,0,0,0
10/29/2015 03:00:00 AM,1,1,0
10/29/2015 04:00:00 AM,4,0,4
10/29/2015 05:00:00 AM,16,3,13
10/29/2015 06:00:00 AM,62,12,50
10/29/2015 07:00:00 AM,105,16,89
10/29/2015 08:00:00 AM,125,12,113
10/29/2015 09:00:00 AM,33,7,26
10/29/2015 10:00:00 AM,21,3,18
10/29/2015 11:00:00 AM,16,6,10
10/29/2015 12:00:00 PM,11,6,5
10/29/2015 01:00:00 PM,18,6,12
10/29/2015 02:00:00 PM,17,15,2
10/29/2015 03:00:00 PM,45,31,14
10/29/2015 04:00:00 PM,68,57,11
10/29/2015 05:00:00 PM,122,107,15
10/29/2015 06:00:00 PM,73,67,6
10/29/2015 07:00:00 PM,25,20,5
10/29/2015 08:00:00 PM,18,16,2
10/29/2015 09:00:00 PM,8,6,2
10/29/2015 10:00:00 PM,9,8,1
10/29/2015 11:00:00 PM,5,3,2
10/30/2015 12:00:00 AM,2,1,1
10/30/2015 01:00:00 AM,2,2,0
10/30/2015 02:00:00 AM,0,0,0
10/30/2015 03:00:00 AM,6,3,3
10/30/2015 04:00:00 AM,3,0,3
10/30/2015 05:00:00 AM,11,1,10
10/30/2015 06:00:00 AM,27,7,20
10/30/2015 07:00:00 AM,62,10,52
10/30/2015 08:00:00 AM,61,9,52
10/30/2015 09:00:00 AM,33,0,33
10/30/2015 10:00:00 AM,9,1,8
10/30/2015 11:00:00 AM,10,4,6
10/30/2015 12:00:00 PM,14,7,7
10/30/2015 01:00:00 PM,12,7,5
10/30/2015 02:00:00 PM,15,13,2
10/30/2015 03:00:00 PM,21,11,10
10/30/2015 04:00:00 PM,55,43,12
10/30/2015 05:00:00 PM,73,62,11
10/30/2015 06:00:00 PM,39,33,6
10/30/2015 07:00:00 PM,18,15,3
10/30/2015 08:00:00 PM,6,5,1
10/30/2015 09:00:00 PM,5,4,1
10/30/2015 10:00:00 PM,2,1,1
10/30/2015 11:00:00 PM,4,4,0
10/31/2015 12:00:00 AM,1,1,0
10/31/2015 01:00:00 AM,2,2,0
10/31/2015 02:00:00 AM,0,0,0
10/31/2015 03:00:00 AM,1,1,0
10/31/2015 04:00:00 AM,0,0,0
10/31/2015 05:00:00 AM,3,0,3
10/31/2015 06:00:00 AM,2,0,2
10/31/2015 07:00:00 AM,2,0,2
10/31/2015 08:00:00 AM,6,1,5
10/31/2015 09:00:00 AM,10,4,6
10/31/2015 10:00:00 AM,4,1,3
10/31/2015 11:00:00 AM,8,4,4
10/31/2015 12:00:00 PM,5,3,2
10/31/2015 01:00:00 PM,4,2,2
10/31/2015 02:00:00 PM,11,8,3
10/31/2015 03:00:00 PM,16,10,6
10/31/2015 04:00:00 PM,6,4,2
10/31/2015 05:00:00 PM,5,1,4
10/31/2015 06:00:00 PM,8,4,4
10/31/2015 07:00:00 PM,6,5,1
10/31/2015 08:00:00 PM,6,5,1
10/31/2015 09:00:00 PM,0,0,0
10/31/2015 10:00:00 PM,0,0,0
10/31/2015 11:00:00 PM,2,1,1
11/01/2015 12:00:00 AM,15,13,2
11/01/2015 01:00:00 AM,5,3,2
11/01/2015 02:00:00 AM,6,0,6
11/01/2015 03:00:00 AM,0,0,0
11/01/2015 04:00:00 AM,0,0,0
11/01/2015 05:00:00 AM,2,0,2
11/01/2015 06:00:00 AM,2,1,1
11/01/2015 07:00:00 AM,8,4,4
11/01/2015 08:00:00 AM,17,4,13
11/01/2015 09:00:00 AM,13,4,9
11/01/2015 10:00:00 AM,11,6,5
11/01/2015 11:00:00 AM,25,16,9
11/01/2015 12:00:00 PM,6,6,0
11/01/2015 01:00:00 PM,7,3,4
11/01/2015 02:00:00 PM,10,2,8
11/01/2015 03:00:00 PM,4,2,2
11/01/2015 04:00:00 PM,7,3,4
11/01/2015 05:00:00 PM,15,7,8
11/01/2015 06:00:00 PM,4,3,1
11/01/2015 07:00:00 PM,4,3,1
11/01/2015 08:00:00 PM,5,4,1
11/01/2015 09:00:00 PM,1,1,0
11/01/2015 10:00:00 PM,1,1,0
11/01/2015 11:00:00 PM,2,1,1
11/02/2015 12:00:00 AM,0,0,0
11/02/2015 01:00:00 AM,1,1,0
11/02/2015 02:00:00 AM,1,0,1
11/02/2015 03:00:00 AM,2,2,0
11/02/2015 04:00:00 AM,2,2,0
11/02/2015 05:00:00 AM,20,1,19
11/02/2015 06:00:00 AM,75,10,65
11/02/2015 07:00:00 AM,127,15,112
11/02/2015 08:00:00 AM,127,12,115
11/02/2015 09:00:00 AM,37,2,35
11/02/2015 10:00:00 AM,11,3,8
11/02/2015 11:00:00 AM,11,3,8
11/02/2015 12:00:00 PM,15,5,10
11/02/2015 01:00:00 PM,17,10,7
11/02/2015 02:00:00 PM,21,13,8
11/02/2015 03:00:00 PM,40,33,7
11/02/2015 04:00:00 PM,82,68,14
11/02/2015 05:00:00 PM,153,139,14
11/02/2015 06:00:00 PM,73,66,7
11/02/2015 07:00:00 PM,24,21,3
11/02/2015 08:00:00 PM,15,10,5
11/02/2015 09:00:00 PM,5,4,1
11/02/2015 10:00:00 PM,2,0,2
11/02/2015 11:00:00 PM,2,2,0
11/03/2015 12:00:00 AM,1,0,1
11/03/2015 01:00:00 AM,0,0,0
11/03/2015 02:00:00 AM,0,0,0
11/03/2015 03:00:00 AM,3,1,2
11/03/2015 04:00:00 AM,4,0,4
11/03/2015 05:00:00 AM,21,1,20
11/03/2015 06:00:00 AM,69,7,62
11/03/2015 07:00:00 AM,131,15,116
11/03/2015 08:00:00 AM,141,11,130
11/03/2015 09:00:00 AM,44,6,38
11/03/2015 10:00:00 AM,13,5,8
11/03/2015 11:00:00 AM,9,4,5
11/03/2015 12:00:00 PM,15,9,6
11/03/2015 01:00:00 PM,17,6,11
11/03/2015 02:00:00 PM,30,19,11
11/03/2015 03:00:00 PM,29,21,8
11/03/2015 04:00:00 PM,99,81,18
11/03/2015 05:00:00 PM,146,130,16
11/03/2015 06:00:00 PM,86,81,5
11/03/2015 07:00:00 PM,26,24,2
11/03/2015 08:00:00 PM,13,8,5
11/03/2015 09:00:00 PM,5,3,2
11/03/2015 10:00:00 PM,4,3,1
11/03/2015 11:00:00 PM,1,1,0
11/04/2015 12:00:00 AM,4,2,2
11/04/2015 01:00:00 AM,0,0,0
11/04/2015 02:00:00 AM,1,1,0
11/04/2015 03:00:00 AM,1,1,0
11/04/2015 04:00:00 AM,4,0,4
11/04/2015 05:00:00 AM,19,2,17
11/04/2015 06:00:00 AM,72,11,61
11/04/2015 07:00:00 AM,136,15,121
11/04/2015 08:00:00 AM,124,8,116
11/04/2015 09:00:00 AM,47,5,42
11/04/2015 10:00:00 AM,29,7,22
11/04/2015 11:00:00 AM,21,12,9
11/04/2015 12:00:00 PM,28,11,17
11/04/2015 01:00:00 PM,21,10,11
11/04/2015 02:00:00 PM,28,15,13
11/04/2015 03:00:00 PM,49,39,10
11/04/2015 04:00:00 PM,80,66,14
11/04/2015 05:00:00 PM,144,125,19
11/04/2015 06:00:00 PM,91,85,6
11/04/2015 07:00:00 PM,36,33,3
11/04/2015 08:00:00 PM,26,16,10
11/04/2015 09:00:00 PM,13,10,3
11/04/2015 10:00:00 PM,12,10,2
11/04/2015 11:00:00 PM,1,1,0
11/05/2015 12:00:00 AM,1,0,1
11/05/2015 01:00:00 AM,0,0,0
11/05/2015 02:00:00 AM,1,1,0
11/05/2015 03:00:00 AM,2,1,1
11/05/2015 04:00:00 AM,2,0,2
11/05/2015 05:00:00 AM,15,1,14
11/05/2015 06:00:00 AM,52,7,45
11/05/2015 07:00:00 AM,107,6,101
11/05/2015 08:00:00 AM,100,8,92
11/05/2015 09:00:00 AM,41,7,34
11/05/2015 10:00:00 AM,21,2,19
11/05/2015 11:00:00 AM,12,2,10
11/05/2015 12:00:00 PM,9,5,4
11/05/2015 01:00:00 PM,16,8,8
11/05/2015 02:00:00 PM,13,7,6
11/05/2015 03:00:00 PM,26,19,7
11/05/2015 04:00:00 PM,54,48,6
11/05/2015 05:00:00 PM,106,94,12
11/05/2015 06:00:00 PM,73,64,9
11/05/2015 07:00:00 PM,29,27,2
11/05/2015 08:00:00 PM,16,12,4
11/05/2015 09:00:00 PM,12,10,2
11/05/2015 10:00:00 PM,5,4,1
11/05/2015 11:00:00 PM,5,4,1
11/06/2015 12:00:00 AM,2,1,1
11/06/2015 01:00:00 AM,3,2,1
11/06/2015 02:00:00 AM,2,1,1
11/06/2015 03:00:00 AM,2,0,2
11/06/2015 04:00:00 AM,2,0,2
11/06/2015 05:00:00 AM,19,4,15
11/06/2015 06:00:00 AM,45,6,39
11/06/2015 07:00:00 AM,79,8,71
11/06/2015 08:00:00 AM,99,9,90
11/06/2015 09:00:00 AM,40,2,38
11/06/2015 10:00:00 AM,17,3,14
11/06/2015 11:00:00 AM,10,2,8
11/06/2015 12:00:00 PM,15,7,8
11/06/2015 01:00:00 PM,27,15,12
11/06/2015 02:00:00 PM,32,21,11
11/06/2015 03:00:00 PM,38,31,7
11/06/2015 04:00:00 PM,70,53,17
11/06/2015 05:00:00 PM,83,74,9
11/06/2015 06:00:00 PM,52,47,5
11/06/2015 07:00:00 PM,22,13,9
11/06/2015 08:00:00 PM,13,9,4
11/06/2015 09:00:00 PM,12,8,4
11/06/2015 10:00:00 PM,5,4,1
11/06/2015 11:00:00 PM,7,4,3
11/07/2015 12:00:00 AM,3,2,1
11/07/2015 01:00:00 AM,0,0,0
11/07/2015 02:00:00 AM,0,0,0
11/07/2015 03:00:00 AM,2,0,2
11/07/2015 04:00:00 AM,0,0,0
11/07/2015 05:00:00 AM,8,0,8
11/07/2015 06:00:00 AM,6,2,4
11/07/2015 07:00:00 AM,6,2,4
11/07/2015 08:00:00 AM,14,5,9
11/07/2015 09:00:00 AM,5,3,2
11/07/2015 10:00:00 AM,9,5,4
11/07/2015 11:00:00 AM,7,2,5
11/07/2015 12:00:00 PM,10,6,4
11/07/2015 01:00:00 PM,5,4,1
11/07/2015 02:00:00 PM,9,6,3
11/07/2015 03:00:00 PM,5,0,5
11/07/2015 04:00:00 PM,6,5,1
11/07/2015 05:00:00 PM,6,4,2
11/07/2015 06:00:00 PM,3,2,1
11/07/2015 07:00:00 PM,2,2,0
11/07/2015 08:00:00 PM,1,1,0
11/07/2015 09:00:00 PM,1,1,0
11/07/2015 10:00:00 PM,4,4,0
11/07/2015 11:00:00 PM,3,2,1
11/08/2015 12:00:00 AM,0,0,0
11/08/2015 01:00:00 AM,1,1,0
11/08/2015 02:00:00 AM,0,0,0
11/08/2015 03:00:00 AM,1,1,0
11/08/2015 04:00:00 AM,1,1,0
11/08/2015 05:00:00 AM,3,1,2
11/08/2015 06:00:00 AM,4,0,4
11/08/2015 07:00:00 AM,6,1,5
11/08/2015 08:00:00 AM,14,5,9
11/08/2015 09:00:00 AM,7,2,5
11/08/2015 10:00:00 AM,20,11,9
11/08/2015 11:00:00 AM,11,7,4
11/08/2015 12:00:00 PM,8,1,7
11/08/2015 01:00:00 PM,13,10,3
11/08/2015 02:00:00 PM,23,8,15
11/08/2015 03:00:00 PM,32,19,13
11/08/2015 04:00:00 PM,25,13,12
11/08/2015 05:00:00 PM,16,11,5
11/08/2015 06:00:00 PM,2,2,0
11/08/2015 07:00:00 PM,6,4,2
11/08/2015 08:00:00 PM,3,3,0
11/08/2015 09:00:00 PM,2,2,0
11/08/2015 10:00:00 PM,0,0,0
11/08/2015 11:00:00 PM,3,3,0
11/09/2015 12:00:00 AM,1,0,1
11/09/2015 01:00:00 AM,0,0,0
11/09/2015 02:00:00 AM,2,2,0
11/09/2015 03:00:00 AM,2,1,1
11/09/2015 04:00:00 AM,5,0,5
11/09/2015 05:00:00 AM,16,0,16
11/09/2015 06:00:00 AM,57,6,51
11/09/2015 07:00:00 AM,122,16,106
11/09/2015 08:00:00 AM,100,10,90
11/09/2015 09:00:00 AM,40,3,37
11/09/2015 10:00:00 AM,12,3,9
11/09/2015 11:00:00 AM,9,5,4
11/09/2015 12:00:00 PM,11,5,6
11/09/2015 01:00:00 PM,8,3,5
11/09/2015 02:00:00 PM,26,16,10
11/09/2015 03:00:00 PM,32,25,7
11/09/2015 04:00:00 PM,83,69,14
11/09/2015 05:00:00 PM,126,109,17
11/09/2015 06:00:00 PM,65,56,9
11/09/2015 07:00:00 PM,29,28,1
11/09/2015 08:00:00 PM,12,9,3
11/09/2015 09:00:00 PM,8,7,1
11/09/2015 10:00:00 PM,0,0,0
11/09/2015 11:00:00 PM,3,2,1
11/10/2015 12:00:00 AM,2,1,1
11/10/2015 01:00:00 AM,1,0,1
11/10/2015 02:00:00 AM,1,1,0
11/10/2015 03:00:00 AM,2,0,2
11/10/2015 04:00:00 AM,1,0,1
11/10/2015 05:00:00 AM,22,4,18
11/10/2015 06:00:00 AM,67,10,57
11/10/2015 07:00:00 AM,123,15,108
11/10/2015 08:00:00 AM,129,7,122
11/10/2015 09:00:00 AM,57,7,50
11/10/2015 10:00:00 AM,25,6,19
11/10/2015 11:00:00 AM,23,11,12
11/10/2015 12:00:00 PM,17,10,7
11/10/2015 01:00:00 PM,13,2,11
11/10/2015 02:00:00 PM,32,19,13
11/10/2015 03:00:00 PM,32,23,9
11/10/2015 04:00:00 PM,82,63,19
11/10/2015 05:00:00 PM,137,125,12
11/10/2015 06:00:00 PM,69,56,13
11/10/2015 07:00:00 PM,41,37,4
11/10/2015 08:00:00 PM,20,13,7
11/10/2015 09:00:00 PM,6,5,1
11/10/2015 10:00:00 PM,9,7,2
11/10/2015 11:00:00 PM,1,0,1
11/11/2015 12:00:00 AM,0,0,0
11/11/2015 01:00:00 AM,0,0,0
11/11/2015 02:00:00 AM,0,0,0
11/11/2015 03:00:00 AM,1,1,0
11/11/2015 04:00:00 AM,4,1,3
11/11/2015 05:00:00 AM,9,1,8
11/11/2015 06:00:00 AM,36,6,30
11/11/2015 07:00:00 AM,86,5,81
11/11/2015 08:00:00 AM,117,10,107
11/11/2015 09:00:00 AM,38,6,32
11/11/2015 10:00:00 AM,24,7,17
11/11/2015 11:00:00 AM,16,8,8
11/11/2015 12:00:00 PM,32,19,13
11/11/2015 01:00:00 PM,26,15,11
11/11/2015 02:00:00 PM,47,23,24
11/11/2015 03:00:00 PM,45,22,23
11/11/2015 04:00:00 PM,74,60,14
11/11/2015 05:00:00 PM,110,96,14
11/11/2015 06:00:00 PM,76,63,13
11/11/2015 07:00:00 PM,35,26,9
11/11/2015 08:00:00 PM,14,11,3
11/11/2015 09:00:00 PM,7,6,1
11/11/2015 10:00:00 PM,7,6,1
11/11/2015 11:00:00 PM,6,3,3
11/12/2015 12:00:00 AM,2,0,2
11/12/2015 01:00:00 AM,4,1,3
11/12/2015 02:00:00 AM,0,0,0
11/12/2015 03:00:00 AM,1,0,1
11/12/2015 04:00:00 AM,2,0,2
11/12/2015 05:00:00 AM,16,4,12
11/12/2015 06:00:00 AM,53,7,46
11/12/2015 07:00:00 AM,119,11,108
11/12/2015 08:00:00 AM,96,8,88
11/12/2015 09:00:00 AM,41,4,37
11/12/2015 10:00:00 AM,17,4,13
11/12/2015 11:00:00 AM,9,3,6
11/12/2015 12:00:00 PM,16,10,6
11/12/2015 01:00:00 PM,9,4,5
11/12/2015 02:00:00 PM,18,10,8
11/12/2015 03:00:00 PM,34,29,5
11/12/2015 04:00:00 PM,55,46,9
11/12/2015 05:00:00 PM,109,98,11
11/12/2015 06:00:00 PM,51,42,9
11/12/2015 07:00:00 PM,21,18,3
11/12/2015 08:00:00 PM,11,10,1
11/12/2015 09:00:00 PM,8,7,1
11/12/2015 10:00:00 PM,3,1,2
11/12/2015 11:00:00 PM,2,2,0
11/13/2015 12:00:00 AM,3,2,1
11/13/2015 01:00:00 AM,0,0,0
11/13/2015 02:00:00 AM,1,0,1
11/13/2015 03:00:00 AM,1,0,1
11/13/2015 04:00:00 AM,2,0,2
11/13/2015 05:00:00 AM,7,2,5
11/13/2015 06:00:00 AM,21,3,18
11/13/2015 07:00:00 AM,47,9,38
11/13/2015 08:00:00 AM,55,3,52
11/13/2015 09:00:00 AM,23,2,21
11/13/2015 10:00:00 AM,7,1,6
11/13/2015 11:00:00 AM,8,4,4
11/13/2015 12:00:00 PM,7,4,3
11/13/2015 01:00:00 PM,7,4,3
11/13/2015 02:00:00 PM,5,3,2
11/13/2015 03:00:00 PM,17,15,2
11/13/2015 04:00:00 PM,36,27,9
11/13/2015 05:00:00 PM,49,44,5
11/13/2015 06:00:00 PM,26,22,4
11/13/2015 07:00:00 PM,7,7,0
11/13/2015 08:00:00 PM,9,6,3
11/13/2015 09:00:00 PM,0,0,0
11/13/2015 10:00:00 PM,5,4,1
11/13/2015 11:00:00 PM,3,3,0
11/14/2015 12:00:00 AM,1,0,1
11/14/2015 01:00:00 AM,0,0,0
11/14/2015 02:00:00 AM,0,0,0
11/14/2015 03:00:00 AM,1,0,1
11/14/2015 04:00:00 AM,1,0,1
11/14/2015 05:00:00 AM,5,0,5
11/14/2015 06:00:00 AM,2,1,1
11/14/2015 07:00:00 AM,4,0,4
11/14/2015 08:00:00 AM,9,1,8
11/14/2015 09:00:00 AM,4,2,2
11/14/2015 10:00:00 AM,1,0,1
11/14/2015 11:00:00 AM,3,2,1
11/14/2015 12:00:00 PM,9,5,4
11/14/2015 01:00:00 PM,7,3,4
11/14/2015 02:00:00 PM,8,5,3
11/14/2015 03:00:00 PM,5,4,1
11/14/2015 04:00:00 PM,4,3,1
11/14/2015 05:00:00 PM,4,3,1
11/14/2015 06:00:00 PM,2,1,1
11/14/2015 07:00:00 PM,5,3,2
11/14/2015 08:00:00 PM,4,2,2
11/14/2015 09:00:00 PM,2,2,0
11/14/2015 10:00:00 PM,3,3,0
11/14/2015 11:00:00 PM,1,0,1
11/15/2015 12:00:00 AM,1,0,1
11/15/2015 01:00:00 AM,1,1,0
11/15/2015 02:00:00 AM,0,0,0
11/15/2015 03:00:00 AM,1,1,0
11/15/2015 04:00:00 AM,2,0,2
11/15/2015 05:00:00 AM,1,0,1
11/15/2015 06:00:00 AM,1,0,1
11/15/2015 07:00:00 AM,3,1,2
11/15/2015 08:00:00 AM,8,1,7
11/15/2015 09:00:00 AM,7,3,4
11/15/2015 10:00:00 AM,5,2,3
11/15/2015 11:00:00 AM,9,4,5
11/15/2015 12:00:00 PM,24,12,12
11/15/2015 01:00:00 PM,19,9,10
11/15/2015 02:00:00 PM,32,14,18
11/15/2015 03:00:00 PM,29,11,18
11/15/2015 04:00:00 PM,15,8,7
11/15/2015 05:00:00 PM,10,6,4
11/15/2015 06:00:00 PM,0,0,0
11/15/2015 07:00:00 PM,6,3,3
11/15/2015 08:00:00 PM,2,2,0
11/15/2015 09:00:00 PM,2,1,1
11/15/2015 10:00:00 PM,2,2,0
11/15/2015 11:00:00 PM,2,1,1
11/16/2015 12:00:00 AM,0,0,0
11/16/2015 01:00:00 AM,0,0,0
11/16/2015 02:00:00 AM,0,0,0
11/16/2015 03:00:00 AM,2,1,1
11/16/2015 04:00:00 AM,4,0,4
11/16/2015 05:00:00 AM,16,2,14
11/16/2015 06:00:00 AM,53,9,44
11/16/2015 07:00:00 AM,100,12,88
11/16/2015 08:00:00 AM,119,9,110
11/16/2015 09:00:00 AM,31,0,31
11/16/2015 10:00:00 AM,15,4,11
11/16/2015 11:00:00 AM,13,6,7
11/16/2015 12:00:00 PM,8,4,4
11/16/2015 01:00:00 PM,6,2,4
11/16/2015 02:00:00 PM,13,7,6
11/16/2015 03:00:00 PM,22,19,3
11/16/2015 04:00:00 PM,56,46,10
11/16/2015 05:00:00 PM,110,100,10
11/16/2015 06:00:00 PM,67,62,5
11/16/2015 07:00:00 PM,26,24,2
11/16/2015 08:00:00 PM,12,10,2
11/16/2015 09:00:00 PM,5,5,0
11/16/2015 10:00:00 PM,2,1,1
11/16/2015 11:00:00 PM,2,2,0
11/17/2015 12:00:00 AM,5,4,1
11/17/2015 01:00:00 AM,0,0,0
11/17/2015 02:00:00 AM,0,0,0
11/17/2015 03:00:00 AM,2,1,1
11/17/2015 04:00:00 AM,1,0,1
11/17/2015 05:00:00 AM,17,3,14
11/17/2015 06:00:00 AM,31,3,28
11/17/2015 07:00:00 AM,55,7,48
11/17/2015 08:00:00 AM,67,4,63
11/17/2015 09:00:00 AM,23,1,22
11/17/2015 10:00:00 AM,8,2,6
11/17/2015 11:00:00 AM,4,3,1
11/17/2015 12:00:00 PM,2,1,1
11/17/2015 01:00:00 PM,5,1,4
11/17/2015 02:00:00 PM,10,4,6
11/17/2015 03:00:00 PM,15,15,0
11/17/2015 04:00:00 PM,48,38,10
11/17/2015 05:00:00 PM,60,53,7
11/17/2015 06:00:00 PM,43,39,4
11/17/2015 07:00:00 PM,21,15,6
11/17/2015 08:00:00 PM,15,12,3
11/17/2015 09:00:00 PM,4,4,0
11/17/2015 10:00:00 PM,1,1,0
11/17/2015 11:00:00 PM,1,1,0
11/18/2015 12:00:00 AM,2,1,1
11/18/2015 01:00:00 AM,2,1,1
11/18/2015 02:00:00 AM,1,0,1
11/18/2015 03:00:00 AM,1,1,0
11/18/2015 04:00:00 AM,3,0,3
11/18/2015 05:00:00 AM,17,1,16
11/18/2015 06:00:00 AM,51,7,44
11/18/2015 07:00:00 AM,109,7,102
11/18/2015 08:00:00 AM,114,4,110
11/18/2015 09:00:00 AM,41,10,31
11/18/2015 10:00:00 AM,20,6,14
11/18/2015 11:00:00 AM,15,5,10
11/18/2015 12:00:00 PM,11,7,4
11/18/2015 01:00:00 PM,17,7,10
11/18/2015 02:00:00 PM,22,16,6
11/18/2015 03:00:00 PM,32,23,9
11/18/2015 04:00:00 PM,71,61,10
11/18/2015 05:00:00 PM,117,105,12
11/18/2015 06:00:00 PM,72,65,7
11/18/2015 07:00:00 PM,34,26,8
11/18/2015 08:00:00 PM,16,14,2
11/18/2015 09:00:00 PM,7,7,0
11/18/2015 10:00:00 PM,3,3,0
11/18/2015 11:00:00 PM,4,1,3
11/19/2015 12:00:00 AM,2,1,1
11/19/2015 01:00:00 AM,1,1,0
11/19/2015 02:00:00 AM,1,0,1
11/19/2015 03:00:00 AM,1,0,1
11/19/2015 04:00:00 AM,2,0,2
11/19/2015 05:00:00 AM,20,1,19
11/19/2015 06:00:00 AM,51,2,49
11/19/2015 07:00:00 AM,109,9,100
11/19/2015 08:00:00 AM,111,12,99
11/19/2015 09:00:00 AM,51,3,48
11/19/2015 10:00:00 AM,15,3,12
11/19/2015 11:00:00 AM,13,5,8
11/19/2015 12:00:00 PM,23,12,11
11/19/2015 01:00:00 PM,20,9,11
11/19/2015 02:00:00 PM,26,16,10
11/19/2015 03:00:00 PM,49,34,15
11/19/2015 04:00:00 PM,77,59,18
11/19/2015 05:00:00 PM,116,102,14
11/19/2015 06:00:00 PM,82,72,10
11/19/2015 07:00:00 PM,28,24,4
11/19/2015 08:00:00 PM,12,10,2
11/19/2015 09:00:00 PM,14,12,2
11/19/2015 10:00:00 PM,6,6,0
11/19/2015 11:00:00 PM,5,5,0
11/20/2015 12:00:00 AM,6,2,4
11/20/2015 01:00:00 AM,1,1,0
11/20/2015 02:00:00 AM,3,1,2
11/20/2015 03:00:00 AM,0,0,0
11/20/2015 04:00:00 AM,3,1,2
11/20/2015 05:00:00 AM,10,1,9
11/20/2015 06:00:00 AM,51,11,40
11/20/2015 07:00:00 AM,69,13,56
11/20/2015 08:00:00 AM,83,5,78
11/20/2015 09:00:00 AM,35,6,29
11/20/2015 10:00:00 AM,12,2,10
11/20/2015 11:00:00 AM,19,5,14
11/20/2015 12:00:00 PM,23,12,11
11/20/2015 01:00:00 PM,25,13,12
11/20/2015 02:00:00 PM,26,19,7
11/20/2015 03:00:00 PM,36,28,8
11/20/2015 04:00:00 PM,62,46,16
11/20/2015 05:00:00 PM,85,73,12
11/20/2015 06:00:00 PM,47,40,7
11/20/2015 07:00:00 PM,26,21,5
11/20/2015 08:00:00 PM,11,8,3
11/20/2015 09:00:00 PM,10,6,4
11/20/2015 10:00:00 PM,3,3,0
11/20/2015 11:00:00 PM,2,2,0
11/21/2015 12:00:00 AM,0,0,0
11/21/2015 01:00:00 AM,1,0,1
11/21/2015 02:00:00 AM,2,1,1
11/21/2015 03:00:00 AM,1,0,1
11/21/2015 04:00:00 AM,2,2,0
11/21/2015 05:00:00 AM,7,0,7
11/21/2015 06:00:00 AM,7,1,6
11/21/2015 07:00:00 AM,13,3,10
11/21/2015 08:00:00 AM,12,2,10
11/21/2015 09:00:00 AM,14,6,8
11/21/2015 10:00:00 AM,27,12,15
11/21/2015 11:00:00 AM,31,12,19
11/21/2015 12:00:00 PM,39,24,15
11/21/2015 01:00:00 PM,38,21,17
11/21/2015 02:00:00 PM,44,22,22
11/21/2015 03:00:00 PM,37,20,17
11/21/2015 04:00:00 PM,33,18,15
11/21/2015 05:00:00 PM,17,10,7
11/21/2015 06:00:00 PM,11,7,4
11/21/2015 07:00:00 PM,10,5,5
11/21/2015 08:00:00 PM,4,3,1
11/21/2015 09:00:00 PM,2,1,1
11/21/2015 10:00:00 PM,2,1,1
11/21/2015 11:00:00 PM,1,1,0
11/22/2015 12:00:00 AM,2,2,0
11/22/2015 01:00:00 AM,3,2,1
11/22/2015 02:00:00 AM,1,0,1
11/22/2015 03:00:00 AM,1,1,0
11/22/2015 04:00:00 AM,1,1,0
11/22/2015 05:00:00 AM,3,0,3
11/22/2015 06:00:00 AM,4,3,1
11/22/2015 07:00:00 AM,3,0,3
11/22/2015 08:00:00 AM,15,4,11
11/22/2015 09:00:00 AM,16,2,14
11/22/2015 10:00:00 AM,19,3,16
11/22/2015 11:00:00 AM,32,20,12
11/22/2015 12:00:00 PM,42,25,17
11/22/2015 01:00:00 PM,30,16,14
11/22/2015 02:00:00 PM,35,16,19
11/22/2015 03:00:00 PM,37,20,17
11/22/2015 04:00:00 PM,19,10,9
11/22/2015 05:00:00 PM,10,9,1
11/22/2015 06:00:00 PM,5,4,1
11/22/2015 07:00:00 PM,5,2,3
11/22/2015 08:00:00 PM,4,4,0
11/22/2015 09:00:00 PM,2,2,0
11/22/2015 10:00:00 PM,1,1,0
11/22/2015 11:00:00 PM,1,1,0
11/23/2015 12:00:00 AM,0,0,0
11/23/2015 01:00:00 AM,1,0,1
11/23/2015 02:00:00 AM,3,1,2
11/23/2015 03:00:00 AM,1,1,0
11/23/2015 04:00:00 AM,4,0,4
11/23/2015 05:00:00 AM,13,2,11
11/23/2015 06:00:00 AM,37,6,31
11/23/2015 07:00:00 AM,89,12,77
11/23/2015 08:00:00 AM,96,7,89
11/23/2015 09:00:00 AM,32,3,29
11/23/2015 10:00:00 AM,13,2,11
11/23/2015 11:00:00 AM,11,3,8
11/23/2015 12:00:00 PM,18,9,9
11/23/2015 01:00:00 PM,16,7,9
11/23/2015 02:00:00 PM,17,8,9
11/23/2015 03:00:00 PM,27,20,7
11/23/2015 04:00:00 PM,56,47,9
11/23/2015 05:00:00 PM,79,70,9
11/23/2015 06:00:00 PM,59,56,3
11/23/2015 07:00:00 PM,20,17,3
11/23/2015 08:00:00 PM,20,16,4
11/23/2015 09:00:00 PM,6,5,1
11/23/2015 10:00:00 PM,1,0,1
11/23/2015 11:00:00 PM,1,0,1
11/24/2015 12:00:00 AM,1,1,0
11/24/2015 01:00:00 AM,0,0,0
11/24/2015 02:00:00 AM,1,0,1
11/24/2015 03:00:00 AM,1,1,0
11/24/2015 04:00:00 AM,1,0,1
11/24/2015 05:00:00 AM,9,1,8
11/24/2015 06:00:00 AM,33,4,29
11/24/2015 07:00:00 AM,62,7,55
11/24/2015 08:00:00 AM,67,6,61
11/24/2015 09:00:00 AM,26,3,23
11/24/2015 10:00:00 AM,9,0,9
11/24/2015 11:00:00 AM,8,2,6
11/24/2015 12:00:00 PM,10,6,4
11/24/2015 01:00:00 PM,7,5,2
11/24/2015 02:00:00 PM,12,8,4
11/24/2015 03:00:00 PM,19,14,5
11/24/2015 04:00:00 PM,43,31,12
11/24/2015 05:00:00 PM,77,72,5
11/24/2015 06:00:00 PM,52,42,10
11/24/2015 07:00:00 PM,18,14,4
11/24/2015 08:00:00 PM,10,8,2
11/24/2015 09:00:00 PM,4,2,2
11/24/2015 10:00:00 PM,4,4,0
11/24/2015 11:00:00 PM,3,2,1
11/25/2015 12:00:00 AM,1,1,0
11/25/2015 01:00:00 AM,0,0,0
11/25/2015 02:00:00 AM,1,0,1
11/25/2015 03:00:00 AM,1,1,0
11/25/2015 04:00:00 AM,1,0,1
11/25/2015 05:00:00 AM,13,1,12
11/25/2015 06:00:00 AM,31,8,23
11/25/2015 07:00:00 AM,47,9,38
11/25/2015 08:00:00 AM,78,7,71
11/25/2015 09:00:00 AM,31,2,29
11/25/2015 10:00:00 AM,15,3,12
11/25/2015 11:00:00 AM,16,7,9
11/25/2015 12:00:00 PM,16,8,8
11/25/2015 01:00:00 PM,18,9,9
11/25/2015 02:00:00 PM,34,27,7
11/25/2015 03:00:00 PM,48,38,10
11/25/2015 04:00:00 PM,55,42,13
11/25/2015 05:00:00 PM,52,44,8
11/25/2015 06:00:00 PM,27,16,11
11/25/2015 07:00:00 PM,29,24,5
11/25/2015 08:00:00 PM,17,8,9
11/25/2015 09:00:00 PM,4,3,1
11/25/2015 10:00:00 PM,1,1,0
11/25/2015 11:00:00 PM,3,1,2
11/26/2015 12:00:00 AM,1,1,0
11/26/2015 01:00:00 AM,2,1,1
11/26/2015 02:00:00 AM,0,0,0
11/26/2015 03:00:00 AM,0,0,0
11/26/2015 04:00:00 AM,0,0,0
11/26/2015 05:00:00 AM,2,1,1
11/26/2015 06:00:00 AM,0,0,0
11/26/2015 07:00:00 AM,6,1,5
11/26/2015 08:00:00 AM,9,2,7
11/26/2015 09:00:00 AM,18,9,9
11/26/2015 10:00:00 AM,14,9,5
11/26/2015 11:00:00 AM,17,8,9
11/26/2015 12:00:00 PM,25,11,14
11/26/2015 01:00:00 PM,39,15,24
11/26/2015 02:00:00 PM,22,9,13
11/26/2015 03:00:00 PM,14,8,6
11/26/2015 04:00:00 PM,7,6,1
11/26/2015 05:00:00 PM,3,2,1
11/26/2015 06:00:00 PM,5,0,5
11/26/2015 07:00:00 PM,7,3,4
11/26/2015 08:00:00 PM,0,0,0
11/26/2015 09:00:00 PM,5,2,3
11/26/2015 10:00:00 PM,1,0,1
11/26/2015 11:00:00 PM,6,6,0
11/27/2015 12:00:00 AM,5,2,3
11/27/2015 01:00:00 AM,0,0,0
11/27/2015 02:00:00 AM,4,1,3
11/27/2015 03:00:00 AM,0,0,0
11/27/2015 04:00:00 AM,0,0,0
11/27/2015 05:00:00 AM,3,0,3
11/27/2015 06:00:00 AM,5,1,4
11/27/2015 07:00:00 AM,7,2,5
11/27/2015 08:00:00 AM,10,2,8
11/27/2015 09:00:00 AM,9,2,7
11/27/2015 10:00:00 AM,19,11,8
11/27/2015 11:00:00 AM,36,10,26
11/27/2015 12:00:00 PM,42,29,13
11/27/2015 01:00:00 PM,54,17,37
11/27/2015 02:00:00 PM,19,12,7
11/27/2015 03:00:00 PM,32,21,11
11/27/2015 04:00:00 PM,21,13,8
11/27/2015 05:00:00 PM,18,13,5
11/27/2015 06:00:00 PM,6,2,4
11/27/2015 07:00:00 PM,3,1,2
11/27/2015 08:00:00 PM,2,2,0
11/27/2015 09:00:00 PM,2,2,0
11/27/2015 10:00:00 PM,0,0,0
11/27/2015 11:00:00 PM,0,0,0
11/28/2015 12:00:00 AM,3,1,2
11/28/2015 01:00:00 AM,0,0,0
11/28/2015 02:00:00 AM,0,0,0
11/28/2015 03:00:00 AM,2,0,2
11/28/2015 04:00:00 AM,1,1,0
11/28/2015 05:00:00 AM,4,0,4
11/28/2015 06:00:00 AM,1,0,1
11/28/2015 07:00:00 AM,4,1,3
11/28/2015 08:00:00 AM,7,2,5
11/28/2015 09:00:00 AM,8,3,5
11/28/2015 10:00:00 AM,13,9,4
11/28/2015 11:00:00 AM,12,9,3
11/28/2015 12:00:00 PM,24,10,14
11/28/2015 01:00:00 PM,18,9,9
11/28/2015 02:00:00 PM,31,18,13
11/28/2015 03:00:00 PM,23,14,9
11/28/2015 04:00:00 PM,14,5,9
11/28/2015 05:00:00 PM,4,3,1
11/28/2015 06:00:00 PM,8,5,3
11/28/2015 07:00:00 PM,7,4,3
11/28/2015 08:00:00 PM,2,1,1
11/28/2015 09:00:00 PM,2,2,0
11/28/2015 10:00:00 PM,4,2,2
11/28/2015 11:00:00 PM,2,1,1
11/29/2015 12:00:00 AM,2,1,1
11/29/2015 01:00:00 AM,1,1,0
11/29/2015 02:00:00 AM,1,1,0
11/29/2015 03:00:00 AM,3,2,1
11/29/2015 04:00:00 AM,1,1,0
11/29/2015 05:00:00 AM,2,0,2
11/29/2015 06:00:00 AM,0,0,0
11/29/2015 07:00:00 AM,2,1,1
11/29/2015 08:00:00 AM,7,1,6
11/29/2015 09:00:00 AM,11,4,7
11/29/2015 10:00:00 AM,19,7,12
11/29/2015 11:00:00 AM,41,10,31
11/29/2015 12:00:00 PM,13,10,3
11/29/2015 01:00:00 PM,14,8,6
11/29/2015 02:00:00 PM,16,11,5
11/29/2015 03:00:00 PM,10,4,6
11/29/2015 04:00:00 PM,14,9,5
11/29/2015 05:00:00 PM,9,8,1
11/29/2015 06:00:00 PM,2,2,0
11/29/2015 07:00:00 PM,4,3,1
11/29/2015 08:00:00 PM,0,0,0
11/29/2015 09:00:00 PM,0,0,0
11/29/2015 10:00:00 PM,2,0,2
11/29/2015 11:00:00 PM,3,1,2
11/30/2015 12:00:00 AM,2,1,1
11/30/2015 01:00:00 AM,0,0,0
11/30/2015 02:00:00 AM,2,1,1
11/30/2015 03:00:00 AM,2,1,1
11/30/2015 04:00:00 AM,3,1,2
11/30/2015 05:00:00 AM,17,2,15
11/30/2015 06:00:00 AM,40,4,36
11/30/2015 07:00:00 AM,77,12,65
11/30/2015 08:00:00 AM,79,3,76
11/30/2015 09:00:00 AM,22,1,21
11/30/2015 10:00:00 AM,12,1,11
11/30/2015 11:00:00 AM,10,3,7
11/30/2015 12:00:00 PM,18,8,10
11/30/2015 01:00:00 PM,9,2,7
11/30/2015 02:00:00 PM,22,15,7
11/30/2015 03:00:00 PM,24,16,8
11/30/2015 04:00:00 PM,47,38,9
11/30/2015 05:00:00 PM,81,70,11
11/30/2015 06:00:00 PM,39,36,3
11/30/2015 07:00:00 PM,26,25,1
11/30/2015 08:00:00 PM,10,7,3
11/30/2015 09:00:00 PM,4,1,3
11/30/2015 10:00:00 PM,1,1,0
11/30/2015 11:00:00 PM,3,3,0
12/01/2015 12:00:00 AM,0,0,0
12/01/2015 01:00:00 AM,1,1,0
12/01/2015 02:00:00 AM,2,1,1
12/01/2015 03:00:00 AM,2,1,1
12/01/2015 04:00:00 AM,1,0,1
12/01/2015 05:00:00 AM,17,1,16
12/01/2015 06:00:00 AM,47,8,39
12/01/2015 07:00:00 AM,95,8,87
12/01/2015 08:00:00 AM,90,4,86
12/01/2015 09:00:00 AM,42,1,41
12/01/2015 10:00:00 AM,17,6,11
12/01/2015 11:00:00 AM,12,7,5
12/01/2015 12:00:00 PM,9,5,4
12/01/2015 01:00:00 PM,14,6,8
12/01/2015 02:00:00 PM,22,16,6
12/01/2015 03:00:00 PM,36,27,9
12/01/2015 04:00:00 PM,58,44,14
12/01/2015 05:00:00 PM,104,94,10
12/01/2015 06:00:00 PM,60,49,11
12/01/2015 07:00:00 PM,24,19,5
12/01/2015 08:00:00 PM,5,3,2
12/01/2015 09:00:00 PM,4,4,0
12/01/2015 10:00:00 PM,1,1,0
12/01/2015 11:00:00 PM,1,1,0
12/02/2015 12:00:00 AM,2,1,1
12/02/2015 01:00:00 AM,0,0,0
12/02/2015 02:00:00 AM,1,0,1
12/02/2015 03:00:00 AM,2,1,1
12/02/2015 04:00:00 AM,3,0,3
12/02/2015 05:00:00 AM,11,1,10
12/02/2015 06:00:00 AM,46,7,39
12/02/2015 07:00:00 AM,85,6,79
12/02/2015 08:00:00 AM,88,5,83
12/02/2015 09:00:00 AM,42,6,36
12/02/2015 10:00:00 AM,11,2,9
12/02/2015 11:00:00 AM,11,3,8
12/02/2015 12:00:00 PM,7,3,4
12/02/2015 01:00:00 PM,19,13,6
12/02/2015 02:00:00 PM,22,13,9
12/02/2015 03:00:00 PM,34,22,12
12/02/2015 04:00:00 PM,63,54,9
12/02/2015 05:00:00 PM,87,81,6
12/02/2015 06:00:00 PM,67,55,12
12/02/2015 07:00:00 PM,22,18,4
12/02/2015 08:00:00 PM,12,8,4
12/02/2015 09:00:00 PM,8,5,3
12/02/2015 10:00:00 PM,3,1,2
12/02/2015 11:00:00 PM,3,2,1
12/03/2015 12:00:00 AM,0,0,0
12/03/2015 01:00:00 AM,0,0,0
12/03/2015 02:00:00 AM,1,0,1
12/03/2015 03:00:00 AM,0,0,0
12/03/2015 04:00:00 AM,3,0,3
12/03/2015 05:00:00 AM,8,2,6
12/03/2015 06:00:00 AM,34,3,31
12/03/2015 07:00:00 AM,65,8,57
12/03/2015 08:00:00 AM,63,4,59
12/03/2015 09:00:00 AM,42,4,38
12/03/2015 10:00:00 AM,9,0,9
12/03/2015 11:00:00 AM,6,3,3
12/03/2015 12:00:00 PM,7,3,4
12/03/2015 01:00:00 PM,12,6,6
12/03/2015 02:00:00 PM,7,5,2
12/03/2015 03:00:00 PM,25,19,6
12/03/2015 04:00:00 PM,27,21,6
12/03/2015 05:00:00 PM,61,56,5
12/03/2015 06:00:00 PM,49,39,10
12/03/2015 07:00:00 PM,18,16,2
12/03/2015 08:00:00 PM,8,7,1
12/03/2015 09:00:00 PM,8,7,1
12/03/2015 10:00:00 PM,3,2,1
12/03/2015 11:00:00 PM,4,3,1
12/04/2015 12:00:00 AM,6,4,2
12/04/2015 01:00:00 AM,2,0,2
12/04/2015 02:00:00 AM,2,1,1
12/04/2015 03:00:00 AM,1,0,1
12/04/2015 04:00:00 AM,3,1,2
12/04/2015 05:00:00 AM,6,1,5
12/04/2015 06:00:00 AM,35,6,29
12/04/2015 07:00:00 AM,67,10,57
12/04/2015 08:00:00 AM,74,6,68
12/04/2015 09:00:00 AM,33,2,31
12/04/2015 10:00:00 AM,16,5,11
12/04/2015 11:00:00 AM,8,1,7
12/04/2015 12:00:00 PM,7,2,5
12/04/2015 01:00:00 PM,19,13,6
12/04/2015 02:00:00 PM,24,12,12
12/04/2015 03:00:00 PM,35,22,13
12/04/2015 04:00:00 PM,50,40,10
12/04/2015 05:00:00 PM,79,64,15
12/04/2015 06:00:00 PM,40,36,4
12/04/2015 07:00:00 PM,15,12,3
12/04/2015 08:00:00 PM,9,6,3
12/04/2015 09:00:00 PM,2,2,0
12/04/2015 10:00:00 PM,5,2,3
12/04/2015 11:00:00 PM,3,3,0
12/05/2015 12:00:00 AM,7,6,1
12/05/2015 01:00:00 AM,5,5,0
12/05/2015 02:00:00 AM,2,1,1
12/05/2015 03:00:00 AM,2,2,0
12/05/2015 04:00:00 AM,2,1,1
12/05/2015 05:00:00 AM,5,0,5
12/05/2015 06:00:00 AM,3,1,2
12/05/2015 07:00:00 AM,3,0,3
12/05/2015 08:00:00 AM,6,0,6
12/05/2015 09:00:00 AM,5,3,2
12/05/2015 10:00:00 AM,5,2,3
12/05/2015 11:00:00 AM,2,1,1
12/05/2015 12:00:00 PM,9,5,4
12/05/2015 01:00:00 PM,6,5,1
12/05/2015 02:00:00 PM,11,6,5
12/05/2015 03:00:00 PM,4,3,1
12/05/2015 04:00:00 PM,3,2,1
12/05/2015 05:00:00 PM,1,1,0
12/05/2015 06:00:00 PM,4,1,3
12/05/2015 07:00:00 PM,4,1,3
12/05/2015 08:00:00 PM,3,2,1
12/05/2015 09:00:00 PM,1,1,0
12/05/2015 10:00:00 PM,0,0,0
12/05/2015 11:00:00 PM,1,1,0
12/06/2015 12:00:00 AM,1,1,0
12/06/2015 01:00:00 AM,1,1,0
12/06/2015 02:00:00 AM,2,1,1
12/06/2015 03:00:00 AM,1,1,0
12/06/2015 04:00:00 AM,0,0,0
12/06/2015 05:00:00 AM,2,0,2
12/06/2015 06:00:00 AM,3,1,2
12/06/2015 07:00:00 AM,1,1,0
12/06/2015 08:00:00 AM,3,0,3
12/06/2015 09:00:00 AM,4,2,2
12/06/2015 10:00:00 AM,7,4,3
12/06/2015 11:00:00 AM,7,4,3
12/06/2015 12:00:00 PM,17,10,7
12/06/2015 01:00:00 PM,10,3,7
12/06/2015 02:00:00 PM,20,10,10
12/06/2015 03:00:00 PM,19,12,7
12/06/2015 04:00:00 PM,10,5,5
12/06/2015 05:00:00 PM,3,1,2
12/06/2015 06:00:00 PM,2,0,2
12/06/2015 07:00:00 PM,4,4,0
12/06/2015 08:00:00 PM,2,2,0
12/06/2015 09:00:00 PM,1,1,0
12/06/2015 10:00:00 PM,1,1,0
12/06/2015 11:00:00 PM,2,1,1
12/07/2015 12:00:00 AM,2,1,1
12/07/2015 01:00:00 AM,1,1,0
12/07/2015 02:00:00 AM,0,0,0
12/07/2015 03:00:00 AM,3,1,2
12/07/2015 04:00:00 AM,4,0,4
12/07/2015 05:00:00 AM,10,1,9
12/07/2015 06:00:00 AM,50,6,44
12/07/2015 07:00:00 AM,80,6,74
12/07/2015 08:00:00 AM,76,5,71
12/07/2015 09:00:00 AM,28,4,24
12/07/2015 10:00:00 AM,9,1,8
12/07/2015 11:00:00 AM,3,0,3
12/07/2015 12:00:00 PM,7,5,2
12/07/2015 01:00:00 PM,2,1,1
12/07/2015 02:00:00 PM,6,2,4
12/07/2015 03:00:00 PM,18,12,6
12/07/2015 04:00:00 PM,53,47,6
12/07/2015 05:00:00 PM,94,85,9
12/07/2015 06:00:00 PM,41,38,3
12/07/2015 07:00:00 PM,19,16,3
12/07/2015 08:00:00 PM,6,6,0
12/07/2015 09:00:00 PM,5,4,1
12/07/2015 10:00:00 PM,2,2,0
12/07/2015 11:00:00 PM,2,2,0
12/08/2015 12:00:00 AM,0,0,0
12/08/2015 01:00:00 AM,0,0,0
12/08/2015 02:00:00 AM,3,2,1
12/08/2015 03:00:00 AM,1,1,0
12/08/2015 04:00:00 AM,1,0,1
12/08/2015 05:00:00 AM,9,0,9
12/08/2015 06:00:00 AM,25,5,20
12/08/2015 07:00:00 AM,67,9,58
12/08/2015 08:00:00 AM,59,3,56
12/08/2015 09:00:00 AM,26,2,24
12/08/2015 10:00:00 AM,4,2,2
12/08/2015 11:00:00 AM,0,0,0
12/08/2015 12:00:00 PM,1,0,1
12/08/2015 01:00:00 PM,5,1,4
12/08/2015 02:00:00 PM,6,4,2
12/08/2015 03:00:00 PM,16,11,5
12/08/2015 04:00:00 PM,32,25,7
12/08/2015 05:00:00 PM,58,51,7
12/08/2015 06:00:00 PM,41,37,4
12/08/2015 07:00:00 PM,18,17,1
12/08/2015 08:00:00 PM,7,6,1
12/08/2015 09:00:00 PM,6,5,1
12/08/2015 10:00:00 PM,5,5,0
12/08/2015 11:00:00 PM,0,0,0
12/09/2015 12:00:00 AM,0,0,0
12/09/2015 01:00:00 AM,0,0,0
12/09/2015 02:00:00 AM,1,1,0
12/09/2015 03:00:00 AM,0,0,0
12/09/2015 04:00:00 AM,3,1,2
12/09/2015 05:00:00 AM,13,1,12
12/09/2015 06:00:00 AM,20,2,18
12/09/2015 07:00:00 AM,49,9,40
12/09/2015 08:00:00 AM,70,6,64
12/09/2015 09:00:00 AM,23,1,22
12/09/2015 10:00:00 AM,16,5,11
12/09/2015 11:00:00 AM,11,4,7
12/09/2015 12:00:00 PM,9,3,6
12/09/2015 01:00:00 PM,11,6,5
12/09/2015 02:00:00 PM,24,13,11
12/09/2015 03:00:00 PM,29,15,14
12/09/2015 04:00:00 PM,36,29,7
12/09/2015 05:00:00 PM,78,65,13
12/09/2015 06:00:00 PM,39,30,9
12/09/2015 07:00:00 PM,20,19,1
12/09/2015 08:00:00 PM,20,8,12
12/09/2015 09:00:00 PM,11,9,2
12/09/2015 10:00:00 PM,4,2,2
12/09/2015 11:00:00 PM,2,2,0
12/10/2015 12:00:00 AM,4,2,2
12/10/2015 01:00:00 AM,0,0,0
12/10/2015 02:00:00 AM,2,1,1
12/10/2015 03:00:00 AM,0,0,0
12/10/2015 04:00:00 AM,1,0,1
12/10/2015 05:00:00 AM,10,1,9
12/10/2015 06:00:00 AM,39,6,33
12/10/2015 07:00:00 AM,62,10,52
12/10/2015 08:00:00 AM,78,7,71
12/10/2015 09:00:00 AM,29,4,25
12/10/2015 10:00:00 AM,6,0,6
12/10/2015 11:00:00 AM,7,3,4
12/10/2015 12:00:00 PM,4,2,2
12/10/2015 01:00:00 PM,4,1,3
12/10/2015 02:00:00 PM,17,10,7
12/10/2015 03:00:00 PM,21,15,6
12/10/2015 04:00:00 PM,39,29,10
12/10/2015 05:00:00 PM,61,55,6
12/10/2015 06:00:00 PM,46,42,4
12/10/2015 07:00:00 PM,14,12,2
12/10/2015 08:00:00 PM,5,4,1
12/10/2015 09:00:00 PM,8,8,0
12/10/2015 10:00:00 PM,4,3,1
12/10/2015 11:00:00 PM,5,2,3
12/11/2015 12:00:00 AM,3,3,0
12/11/2015 01:00:00 AM,2,1,1
12/11/2015 02:00:00 AM,1,1,0
12/11/2015 03:00:00 AM,2,0,2
12/11/2015 04:00:00 AM,3,1,2
12/11/2015 05:00:00 AM,11,2,9
12/11/2015 06:00:00 AM,28,5,23
12/11/2015 07:00:00 AM,65,5,60
12/11/2015 08:00:00 AM,74,5,69
12/11/2015 09:00:00 AM,31,1,30
12/11/2015 10:00:00 AM,23,7,16
12/11/2015 11:00:00 AM,11,3,8
12/11/2015 12:00:00 PM,10,6,4
12/11/2015 01:00:00 PM,23,11,12
12/11/2015 02:00:00 PM,25,17,8
12/11/2015 03:00:00 PM,33,25,8
12/11/2015 04:00:00 PM,46,37,9
12/11/2015 05:00:00 PM,78,73,5
12/11/2015 06:00:00 PM,34,29,5
12/11/2015 07:00:00 PM,12,11,1
12/11/2015 08:00:00 PM,11,7,4
12/11/2015 09:00:00 PM,4,4,0
12/11/2015 10:00:00 PM,3,1,2
12/11/2015 11:00:00 PM,5,4,1
12/12/2015 12:00:00 AM,8,5,3
12/12/2015 01:00:00 AM,0,0,0
12/12/2015 02:00:00 AM,2,1,1
12/12/2015 03:00:00 AM,0,0,0
12/12/2015 04:00:00 AM,1,1,0
12/12/2015 05:00:00 AM,5,2,3
12/12/2015 06:00:00 AM,3,1,2
12/12/2015 07:00:00 AM,2,1,1
12/12/2015 08:00:00 AM,9,2,7
12/12/2015 09:00:00 AM,6,2,4
12/12/2015 10:00:00 AM,7,3,4
12/12/2015 11:00:00 AM,11,5,6
12/12/2015 12:00:00 PM,2,2,0
12/12/2015 01:00:00 PM,8,6,2
12/12/2015 02:00:00 PM,5,3,2
12/12/2015 03:00:00 PM,5,4,1
12/12/2015 04:00:00 PM,5,1,4
12/12/2015 05:00:00 PM,4,2,2
12/12/2015 06:00:00 PM,4,2,2
12/12/2015 07:00:00 PM,3,0,3
12/12/2015 08:00:00 PM,0,0,0
12/12/2015 09:00:00 PM,0,0,0
12/12/2015 10:00:00 PM,1,1,0
12/12/2015 11:00:00 PM,1,1,0
12/13/2015 12:00:00 AM,1,1,0
12/13/2015 01:00:00 AM,3,3,0
12/13/2015 02:00:00 AM,0,0,0
12/13/2015 03:00:00 AM,3,2,1
12/13/2015 04:00:00 AM,0,0,0
12/13/2015 05:00:00 AM,3,0,3
12/13/2015 06:00:00 AM,1,0,1
12/13/2015 07:00:00 AM,3,2,1
12/13/2015 08:00:00 AM,15,3,12
12/13/2015 09:00:00 AM,14,5,9
12/13/2015 10:00:00 AM,21,11,10
12/13/2015 11:00:00 AM,9,4,5
12/13/2015 12:00:00 PM,13,4,9
12/13/2015 01:00:00 PM,4,0,4
12/13/2015 02:00:00 PM,11,4,7
12/13/2015 03:00:00 PM,24,9,15
12/13/2015 04:00:00 PM,8,4,4
12/13/2015 05:00:00 PM,4,2,2
12/13/2015 06:00:00 PM,2,2,0
12/13/2015 07:00:00 PM,2,2,0
12/13/2015 08:00:00 PM,3,3,0
12/13/2015 09:00:00 PM,4,3,1
12/13/2015 10:00:00 PM,0,0,0
12/13/2015 11:00:00 PM,5,2,3
12/14/2015 12:00:00 AM,4,3,1
12/14/2015 01:00:00 AM,0,0,0
12/14/2015 02:00:00 AM,0,0,0
12/14/2015 03:00:00 AM,1,1,0
12/14/2015 04:00:00 AM,3,1,2
12/14/2015 05:00:00 AM,14,0,14
12/14/2015 06:00:00 AM,42,6,36
12/14/2015 07:00:00 AM,102,8,94
12/14/2015 08:00:00 AM,103,6,97
12/14/2015 09:00:00 AM,36,5,31
12/14/2015 10:00:00 AM,14,2,12
12/14/2015 11:00:00 AM,13,2,11
12/14/2015 12:00:00 PM,18,9,9
12/14/2015 01:00:00 PM,10,2,8
12/14/2015 02:00:00 PM,30,16,14
12/14/2015 03:00:00 PM,30,20,10
12/14/2015 04:00:00 PM,76,60,16
12/14/2015 05:00:00 PM,122,107,15
12/14/2015 06:00:00 PM,62,55,7
12/14/2015 07:00:00 PM,29,24,5
12/14/2015 08:00:00 PM,7,6,1
12/14/2015 09:00:00 PM,10,9,1
12/14/2015 10:00:00 PM,3,3,0
12/14/2015 11:00:00 PM,3,2,1
12/15/2015 12:00:00 AM,0,0,0
12/15/2015 01:00:00 AM,0,0,0
12/15/2015 02:00:00 AM,1,1,0
12/15/2015 03:00:00 AM,2,2,0
12/15/2015 04:00:00 AM,3,0,3
12/15/2015 05:00:00 AM,17,2,15
12/15/2015 06:00:00 AM,50,7,43
12/15/2015 07:00:00 AM,78,8,70
12/15/2015 08:00:00 AM,113,6,107
12/15/2015 09:00:00 AM,54,7,47
12/15/2015 10:00:00 AM,16,5,11
12/15/2015 11:00:00 AM,13,6,7
12/15/2015 12:00:00 PM,12,5,7
12/15/2015 01:00:00 PM,11,7,4
12/15/2015 02:00:00 PM,22,12,10
12/15/2015 03:00:00 PM,26,21,5
12/15/2015 04:00:00 PM,54,40,14
12/15/2015 05:00:00 PM,102,93,9
12/15/2015 06:00:00 PM,55,44,11
12/15/2015 07:00:00 PM,28,24,4
12/15/2015 08:00:00 PM,14,10,4
12/15/2015 09:00:00 PM,10,9,1
12/15/2015 10:00:00 PM,1,1,0
12/15/2015 11:00:00 PM,11,8,3
12/16/2015 12:00:00 AM,1,1,0
12/16/2015 01:00:00 AM,0,0,0
12/16/2015 02:00:00 AM,1,1,0
12/16/2015 03:00:00 AM,0,0,0
12/16/2015 04:00:00 AM,3,1,2
12/16/2015 05:00:00 AM,13,2,11
12/16/2015 06:00:00 AM,49,9,40
12/16/2015 07:00:00 AM,75,12,63
12/16/2015 08:00:00 AM,95,6,89
12/16/2015 09:00:00 AM,35,2,33
12/16/2015 10:00:00 AM,23,4,19
12/16/2015 11:00:00 AM,12,3,9
12/16/2015 12:00:00 PM,11,4,7
12/16/2015 01:00:00 PM,10,5,5
12/16/2015 02:00:00 PM,32,19,13
12/16/2015 03:00:00 PM,31,25,6
12/16/2015 04:00:00 PM,63,51,12
12/16/2015 05:00:00 PM,96,86,10
12/16/2015 06:00:00 PM,60,48,12
12/16/2015 07:00:00 PM,23,20,3
12/16/2015 08:00:00 PM,19,16,3
12/16/2015 09:00:00 PM,13,10,3
12/16/2015 10:00:00 PM,2,2,0
12/16/2015 11:00:00 PM,4,2,2
12/17/2015 12:00:00 AM,4,4,0
12/17/2015 01:00:00 AM,1,0,1
12/17/2015 02:00:00 AM,1,0,1
12/17/2015 03:00:00 AM,2,1,1
12/17/2015 04:00:00 AM,3,0,3
12/17/2015 05:00:00 AM,16,1,15
12/17/2015 06:00:00 AM,29,3,26
12/17/2015 07:00:00 AM,68,7,61
12/17/2015 08:00:00 AM,62,5,57
12/17/2015 09:00:00 AM,21,1,20
12/17/2015 10:00:00 AM,14,1,13
12/17/2015 11:00:00 AM,9,4,5
12/17/2015 12:00:00 PM,6,3,3
12/17/2015 01:00:00 PM,2,0,2
12/17/2015 02:00:00 PM,5,2,3
12/17/2015 03:00:00 PM,14,12,2
12/17/2015 04:00:00 PM,40,35,5
12/17/2015 05:00:00 PM,52,44,8
12/17/2015 06:00:00 PM,49,43,6
12/17/2015 07:00:00 PM,16,13,3
12/17/2015 08:00:00 PM,4,4,0
12/17/2015 09:00:00 PM,4,4,0
12/17/2015 10:00:00 PM,4,3,1
12/17/2015 11:00:00 PM,3,3,0
12/18/2015 12:00:00 AM,1,1,0
12/18/2015 01:00:00 AM,3,0,3
12/18/2015 02:00:00 AM,3,2,1
12/18/2015 03:00:00 AM,0,0,0
12/18/2015 04:00:00 AM,1,0,1
12/18/2015 05:00:00 AM,10,1,9
12/18/2015 06:00:00 AM,19,5,14
12/18/2015 07:00:00 AM,51,5,46
12/18/2015 08:00:00 AM,61,7,54
12/18/2015 09:00:00 AM,31,3,28
12/18/2015 10:00:00 AM,12,9,3
12/18/2015 11:00:00 AM,11,6,5
12/18/2015 12:00:00 PM,18,6,12
12/18/2015 01:00:00 PM,7,4,3
12/18/2015 02:00:00 PM,9,5,4
12/18/2015 03:00:00 PM,23,16,7
12/18/2015 04:00:00 PM,36,29,7
12/18/2015 05:00:00 PM,70,63,7
12/18/2015 06:00:00 PM,33,28,5
12/18/2015 07:00:00 PM,9,8,1
12/18/2015 08:00:00 PM,6,6,0
12/18/2015 09:00:00 PM,1,1,0
12/18/2015 10:00:00 PM,1,1,0
12/18/2015 11:00:00 PM,2,1,1
12/19/2015 12:00:00 AM,2,1,1
12/19/2015 01:00:00 AM,0,0,0
12/19/2015 02:00:00 AM,1,1,0
12/19/2015 03:00:00 AM,1,0,1
12/19/2015 04:00:00 AM,1,1,0
12/19/2015 05:00:00 AM,4,0,4
12/19/2015 06:00:00 AM,7,3,4
12/19/2015 07:00:00 AM,2,0,2
12/19/2015 08:00:00 AM,10,4,6
12/19/2015 09:00:00 AM,11,3,8
12/19/2015 10:00:00 AM,17,8,9
12/19/2015 11:00:00 AM,26,12,14
12/19/2015 12:00:00 PM,17,7,10
12/19/2015 01:00:00 PM,33,18,15
12/19/2015 02:00:00 PM,26,11,15
12/19/2015 03:00:00 PM,25,14,11
12/19/2015 04:00:00 PM,10,4,6
12/19/2015 05:00:00 PM,5,1,4
12/19/2015 06:00:00 PM,2,2,0
12/19/2015 07:00:00 PM,2,2,0
12/19/2015 08:00:00 PM,4,3,1
12/19/2015 09:00:00 PM,3,3,0
12/19/2015 10:00:00 PM,1,1,0
12/19/2015 11:00:00 PM,2,2,0
12/20/2015 12:00:00 AM,0,0,0
12/20/2015 01:00:00 AM,3,2,1
12/20/2015 02:00:00 AM,0,0,0
12/20/2015 03:00:00 AM,0,0,0
12/20/2015 04:00:00 AM,1,1,0
12/20/2015 05:00:00 AM,2,0,2
12/20/2015 06:00:00 AM,3,1,2
12/20/2015 07:00:00 AM,0,0,0
12/20/2015 08:00:00 AM,9,3,6
12/20/2015 09:00:00 AM,7,4,3
12/20/2015 10:00:00 AM,17,7,10
12/20/2015 11:00:00 AM,19,6,13
12/20/2015 12:00:00 PM,17,11,6
12/20/2015 01:00:00 PM,19,9,10
12/20/2015 02:00:00 PM,17,13,4
12/20/2015 03:00:00 PM,17,10,7
12/20/2015 04:00:00 PM,19,8,11
12/20/2015 05:00:00 PM,7,3,4
12/20/2015 06:00:00 PM,1,0,1
12/20/2015 07:00:00 PM,3,2,1
12/20/2015 08:00:00 PM,4,3,1
12/20/2015 09:00:00 PM,4,4,0
12/20/2015 10:00:00 PM,3,1,2
12/20/2015 11:00:00 PM,2,1,1
12/21/2015 12:00:00 AM,2,1,1
12/21/2015 01:00:00 AM,0,0,0
12/21/2015 02:00:00 AM,0,0,0
12/21/2015 03:00:00 AM,1,0,1
12/21/2015 04:00:00 AM,3,1,2
12/21/2015 05:00:00 AM,12,1,11
12/21/2015 06:00:00 AM,25,1,24
12/21/2015 07:00:00 AM,63,4,59
12/21/2015 08:00:00 AM,47,4,43
12/21/2015 09:00:00 AM,13,1,12
12/21/2015 10:00:00 AM,9,2,7
12/21/2015 11:00:00 AM,5,2,3
12/21/2015 12:00:00 PM,3,2,1
12/21/2015 01:00:00 PM,5,2,3
12/21/2015 02:00:00 PM,5,3,2
12/21/2015 03:00:00 PM,14,12,2
12/21/2015 04:00:00 PM,39,34,5
12/21/2015 05:00:00 PM,55,47,8
12/21/2015 06:00:00 PM,27,22,5
12/21/2015 07:00:00 PM,15,14,1
12/21/2015 08:00:00 PM,4,3,1
12/21/2015 09:00:00 PM,2,2,0
12/21/2015 10:00:00 PM,3,1,2
12/21/2015 11:00:00 PM,2,2,0
12/22/2015 12:00:00 AM,0,0,0
12/22/2015 01:00:00 AM,1,1,0
12/22/2015 02:00:00 AM,1,1,0
12/22/2015 03:00:00 AM,2,2,0
12/22/2015 04:00:00 AM,4,0,4
12/22/2015 05:00:00 AM,15,3,12
12/22/2015 06:00:00 AM,24,2,22
12/22/2015 07:00:00 AM,54,2,52
12/22/2015 08:00:00 AM,58,2,56
12/22/2015 09:00:00 AM,23,2,21
12/22/2015 10:00:00 AM,15,4,11
12/22/2015 11:00:00 AM,5,2,3
12/22/2015 12:00:00 PM,13,5,8
12/22/2015 01:00:00 PM,12,10,2
12/22/2015 02:00:00 PM,22,10,12
12/22/2015 03:00:00 PM,19,11,8
12/22/2015 04:00:00 PM,46,38,8
12/22/2015 05:00:00 PM,66,59,7
12/22/2015 06:00:00 PM,26,22,4
12/22/2015 07:00:00 PM,9,7,2
12/22/2015 08:00:00 PM,5,5,0
12/22/2015 09:00:00 PM,5,5,0
12/22/2015 10:00:00 PM,1,1,0
12/22/2015 11:00:00 PM,2,2,0
12/23/2015 12:00:00 AM,4,3,1
12/23/2015 01:00:00 AM,1,1,0
12/23/2015 02:00:00 AM,1,1,0
12/23/2015 03:00:00 AM,1,1,0
12/23/2015 04:00:00 AM,3,1,2
12/23/2015 05:00:00 AM,9,3,6
12/23/2015 06:00:00 AM,24,2,22
12/23/2015 07:00:00 AM,40,6,34
12/23/2015 08:00:00 AM,35,1,34
12/23/2015 09:00:00 AM,24,1,23
12/23/2015 10:00:00 AM,14,1,13
12/23/2015 11:00:00 AM,6,3,3
12/23/2015 12:00:00 PM,3,2,1
12/23/2015 01:00:00 PM,12,7,5
12/23/2015 02:00:00 PM,15,12,3
12/23/2015 03:00:00 PM,20,17,3
12/23/2015 04:00:00 PM,31,26,5
12/23/2015 05:00:00 PM,42,37,5
12/23/2015 06:00:00 PM,23,18,5
12/23/2015 07:00:00 PM,10,8,2
12/23/2015 08:00:00 PM,3,2,1
12/23/2015 09:00:00 PM,2,2,0
12/23/2015 10:00:00 PM,1,1,0
12/23/2015 11:00:00 PM,1,1,0
12/24/2015 12:00:00 AM,0,0,0
12/24/2015 01:00:00 AM,1,0,1
12/24/2015 02:00:00 AM,1,1,0
12/24/2015 03:00:00 AM,2,1,1
12/24/2015 04:00:00 AM,2,1,1
12/24/2015 05:00:00 AM,10,3,7
12/24/2015 06:00:00 AM,10,0,10
12/24/2015 07:00:00 AM,12,0,12
12/24/2015 08:00:00 AM,11,3,8
12/24/2015 09:00:00 AM,11,2,9
12/24/2015 10:00:00 AM,11,6,5
12/24/2015 11:00:00 AM,14,8,6
12/24/2015 12:00:00 PM,15,9,6
12/24/2015 01:00:00 PM,26,14,12
12/24/2015 02:00:00 PM,20,13,7
12/24/2015 03:00:00 PM,10,8,2
12/24/2015 04:00:00 PM,14,9,5
12/24/2015 05:00:00 PM,6,5,1
12/24/2015 06:00:00 PM,4,3,1
12/24/2015 07:00:00 PM,3,1,2
12/24/2015 08:00:00 PM,3,1,2
12/24/2015 09:00:00 PM,2,2,0
12/24/2015 10:00:00 PM,0,0,0
12/24/2015 11:00:00 PM,1,1,0
12/25/2015 12:00:00 AM,2,1,1
12/25/2015 01:00:00 AM,1,1,0
12/25/2015 02:00:00 AM,0,0,0
12/25/2015 03:00:00 AM,0,0,0
12/25/2015 04:00:00 AM,0,0,0
12/25/2015 05:00:00 AM,2,1,1
12/25/2015 06:00:00 AM,1,0,1
12/25/2015 07:00:00 AM,0,0,0
12/25/2015 08:00:00 AM,1,0,1
12/25/2015 09:00:00 AM,1,0,1
12/25/2015 10:00:00 AM,4,1,3
12/25/2015 11:00:00 AM,6,2,4
12/25/2015 12:00:00 PM,21,19,2
12/25/2015 01:00:00 PM,28,6,22
12/25/2015 02:00:00 PM,21,11,10
12/25/2015 03:00:00 PM,10,3,7
12/25/2015 04:00:00 PM,9,4,5
12/25/2015 05:00:00 PM,8,3,5
12/25/2015 06:00:00 PM,4,2,2
12/25/2015 07:00:00 PM,2,1,1
12/25/2015 08:00:00 PM,2,1,1
12/25/2015 09:00:00 PM,4,3,1
12/25/2015 10:00:00 PM,3,2,1
12/25/2015 11:00:00 PM,1,0,1
12/26/2015 12:00:00 AM,1,1,0
12/26/2015 01:00:00 AM,0,0,0
12/26/2015 02:00:00 AM,0,0,0
12/26/2015 03:00:00 AM,1,0,1
12/26/2015 04:00:00 AM,1,1,0
12/26/2015 05:00:00 AM,3,0,3
12/26/2015 06:00:00 AM,2,2,0
12/26/2015 07:00:00 AM,3,2,1
12/26/2015 08:00:00 AM,12,3,9
12/26/2015 09:00:00 AM,11,3,8
12/26/2015 10:00:00 AM,11,9,2
12/26/2015 11:00:00 AM,12,3,9
12/26/2015 12:00:00 PM,11,5,6
12/26/2015 01:00:00 PM,19,10,9
12/26/2015 02:00:00 PM,24,13,11
12/26/2015 03:00:00 PM,28,12,16
12/26/2015 04:00:00 PM,8,4,4
12/26/2015 05:00:00 PM,15,6,9
12/26/2015 06:00:00 PM,15,11,4
12/26/2015 07:00:00 PM,5,2,3
12/26/2015 08:00:00 PM,1,1,0
12/26/2015 09:00:00 PM,0,0,0
12/26/2015 10:00:00 PM,4,3,1
12/26/2015 11:00:00 PM,3,2,1
12/27/2015 12:00:00 AM,6,2,4
12/27/2015 01:00:00 AM,3,1,2
12/27/2015 02:00:00 AM,0,0,0
12/27/2015 03:00:00 AM,1,1,0
12/27/2015 04:00:00 AM,1,1,0
12/27/2015 05:00:00 AM,6,1,5
12/27/2015 06:00:00 AM,3,1,2
12/27/2015 07:00:00 AM,6,5,1
12/27/2015 08:00:00 AM,9,3,6
12/27/2015 09:00:00 AM,11,4,7
12/27/2015 10:00:00 AM,6,3,3
12/27/2015 11:00:00 AM,3,3,0
12/27/2015 12:00:00 PM,3,1,2
12/27/2015 01:00:00 PM,1,0,1
12/27/2015 02:00:00 PM,3,2,1
12/27/2015 03:00:00 PM,5,5,0
12/27/2015 04:00:00 PM,2,0,2
12/27/2015 05:00:00 PM,2,1,1
12/27/2015 06:00:00 PM,0,0,0
12/27/2015 07:00:00 PM,1,1,0
12/27/2015 08:00:00 PM,2,2,0
12/27/2015 09:00:00 PM,1,1,0
12/27/2015 10:00:00 PM,0,0,0
12/27/2015 11:00:00 PM,0,0,0
12/28/2015 12:00:00 AM,1,0,1
12/28/2015 01:00:00 AM,0,0,0
12/28/2015 02:00:00 AM,1,0,1
12/28/2015 03:00:00 AM,0,0,0
12/28/2015 04:00:00 AM,3,1,2
12/28/2015 05:00:00 AM,13,2,11
12/28/2015 06:00:00 AM,19,5,14
12/28/2015 07:00:00 AM,53,6,47
12/28/2015 08:00:00 AM,30,0,30
12/28/2015 09:00:00 AM,29,4,25
12/28/2015 10:00:00 AM,12,1,11
12/28/2015 11:00:00 AM,12,6,6
12/28/2015 12:00:00 PM,9,2,7
12/28/2015 01:00:00 PM,10,6,4
12/28/2015 02:00:00 PM,15,10,5
12/28/2015 03:00:00 PM,22,19,3
12/28/2015 04:00:00 PM,44,33,11
12/28/2015 05:00:00 PM,42,37,5
12/28/2015 06:00:00 PM,30,26,4
12/28/2015 07:00:00 PM,16,12,4
12/28/2015 08:00:00 PM,5,3,2
12/28/2015 09:00:00 PM,3,2,1
12/28/2015 10:00:00 PM,2,1,1
12/28/2015 11:00:00 PM,0,0,0
12/29/2015 12:00:00 AM,0,0,0
12/29/2015 01:00:00 AM,0,0,0
12/29/2015 02:00:00 AM,2,1,1
12/29/2015 03:00:00 AM,1,0,1
12/29/2015 04:00:00 AM,2,1,1
12/29/2015 05:00:00 AM,12,3,9
12/29/2015 06:00:00 AM,30,10,20
12/29/2015 07:00:00 AM,52,5,47
12/29/2015 08:00:00 AM,53,3,50
12/29/2015 09:00:00 AM,33,6,27
12/29/2015 10:00:00 AM,15,4,11
12/29/2015 11:00:00 AM,14,4,10
12/29/2015 12:00:00 PM,10,5,5
12/29/2015 01:00:00 PM,15,11,4
12/29/2015 02:00:00 PM,29,15,14
12/29/2015 03:00:00 PM,25,20,5
12/29/2015 04:00:00 PM,57,41,16
12/29/2015 05:00:00 PM,77,66,11
12/29/2015 06:00:00 PM,29,22,7
12/29/2015 07:00:00 PM,10,9,1
12/29/2015 08:00:00 PM,3,2,1
12/29/2015 09:00:00 PM,7,6,1
12/29/2015 10:00:00 PM,1,1,0
12/29/2015 11:00:00 PM,2,0,2
12/30/2015 12:00:00 AM,2,1,1
12/30/2015 01:00:00 AM,0,0,0
12/30/2015 02:00:00 AM,1,0,1
12/30/2015 03:00:00 AM,0,0,0
12/30/2015 04:00:00 AM,1,1,0
12/30/2015 05:00:00 AM,9,2,7
12/30/2015 06:00:00 AM,19,6,13
12/30/2015 07:00:00 AM,43,10,33
12/30/2015 08:00:00 AM,32,2,30
12/30/2015 09:00:00 AM,24,4,20
12/30/2015 10:00:00 AM,14,4,10
12/30/2015 11:00:00 AM,15,8,7
12/30/2015 12:00:00 PM,23,9,14
12/30/2015 01:00:00 PM,19,10,9
12/30/2015 02:00:00 PM,18,10,8
12/30/2015 03:00:00 PM,31,24,7
12/30/2015 04:00:00 PM,58,36,22
12/30/2015 05:00:00 PM,45,39,6
12/30/2015 06:00:00 PM,29,18,11
12/30/2015 07:00:00 PM,16,13,3
12/30/2015 08:00:00 PM,7,5,2
12/30/2015 09:00:00 PM,2,2,0
12/30/2015 10:00:00 PM,2,2,0
12/30/2015 11:00:00 PM,1,1,0
12/31/2015 12:00:00 AM,4,2,2
12/31/2015 01:00:00 AM,2,1,1
12/31/2015 02:00:00 AM,0,0,0
12/31/2015 03:00:00 AM,3,3,0
12/31/2015 04:00:00 AM,0,0,0
12/31/2015 05:00:00 AM,5,2,3
12/31/2015 06:00:00 AM,22,4,18
12/31/2015 07:00:00 AM,14,5,9
12/31/2015 08:00:00 AM,27,3,24
12/31/2015 09:00:00 AM,13,3,10
12/31/2015 10:00:00 AM,11,3,8
12/31/2015 11:00:00 AM,10,6,4
12/31/2015 12:00:00 PM,15,9,6
12/31/2015 01:00:00 PM,30,14,16
12/31/2015 02:00:00 PM,28,17,11
12/31/2015 03:00:00 PM,40,23,17
12/31/2015 04:00:00 PM,19,12,7
12/31/2015 05:00:00 PM,23,20,3
12/31/2015 06:00:00 PM,10,4,6
12/31/2015 07:00:00 PM,5,4,1
12/31/2015 08:00:00 PM,2,2,0
12/31/2015 09:00:00 PM,4,2,2
12/31/2015 10:00:00 PM,0,0,0
12/31/2015 11:00:00 PM,1,1,0
01/01/2016 12:00:00 AM,2,2,0
01/01/2016 01:00:00 AM,1,1,0
01/01/2016 02:00:00 AM,0,0,0
01/01/2016 03:00:00 AM,1,1,0
01/01/2016 04:00:00 AM,2,2,0
01/01/2016 05:00:00 AM,1,0,1
01/01/2016 06:00:00 AM,1,0,1
01/01/2016 07:00:00 AM,2,1,1
01/01/2016 08:00:00 AM,1,0,1
01/01/2016 09:00:00 AM,0,0,0
01/01/2016 10:00:00 AM,13,4,9
01/01/2016 11:00:00 AM,23,12,11
01/01/2016 12:00:00 PM,24,15,9
01/01/2016 01:00:00 PM,34,18,16
01/01/2016 02:00:00 PM,39,20,19
01/01/2016 03:00:00 PM,25,9,16
01/01/2016 04:00:00 PM,11,6,5
01/01/2016 05:00:00 PM,7,3,4
01/01/2016 06:00:00 PM,9,3,6
01/01/2016 07:00:00 PM,9,2,7
01/01/2016 08:00:00 PM,3,2,1
01/01/2016 09:00:00 PM,2,1,1
01/01/2016 10:00:00 PM,0,0,0
01/01/2016 11:00:00 PM,2,2,0
01/02/2016 12:00:00 AM,3,3,0
01/02/2016 01:00:00 AM,0,0,0
01/02/2016 02:00:00 AM,3,1,2
01/02/2016 03:00:00 AM,0,0,0
01/02/2016 04:00:00 AM,1,1,0
01/02/2016 05:00:00 AM,3,0,3
01/02/2016 06:00:00 AM,2,1,1
01/02/2016 07:00:00 AM,0,0,0
01/02/2016 08:00:00 AM,3,2,1
01/02/2016 09:00:00 AM,14,3,11
01/02/2016 10:00:00 AM,16,10,6
01/02/2016 11:00:00 AM,23,9,14
01/02/2016 12:00:00 PM,20,9,11
01/02/2016 01:00:00 PM,27,11,16
01/02/2016 02:00:00 PM,24,16,8
01/02/2016 03:00:00 PM,26,17,9
01/02/2016 04:00:00 PM,22,9,13
01/02/2016 05:00:00 PM,11,6,5
01/02/2016 06:00:00 PM,4,0,4
01/02/2016 07:00:00 PM,1,1,0
01/02/2016 08:00:00 PM,4,4,0
01/02/2016 09:00:00 PM,4,2,2
01/02/2016 10:00:00 PM,1,0,1
01/02/2016 11:00:00 PM,1,1,0
01/03/2016 12:00:00 AM,0,0,0
01/03/2016 01:00:00 AM,1,1,0
01/03/2016 02:00:00 AM,0,0,0
01/03/2016 03:00:00 AM,1,0,1
01/03/2016 04:00:00 AM,2,2,0
01/03/2016 05:00:00 AM,4,1,3
01/03/2016 06:00:00 AM,4,1,3
01/03/2016 07:00:00 AM,2,0,2
01/03/2016 08:00:00 AM,5,3,2
01/03/2016 09:00:00 AM,7,1,6
01/03/2016 10:00:00 AM,10,7,3
01/03/2016 11:00:00 AM,18,5,13
01/03/2016 12:00:00 PM,22,9,13
01/03/2016 01:00:00 PM,21,10,11
01/03/2016 02:00:00 PM,7,3,4
01/03/2016 03:00:00 PM,9,5,4
01/03/2016 04:00:00 PM,2,1,1
01/03/2016 05:00:00 PM,7,5,2
01/03/2016 06:00:00 PM,3,3,0
01/03/2016 07:00:00 PM,4,2,2
01/03/2016 08:00:00 PM,3,3,0
01/03/2016 09:00:00 PM,2,1,1
01/03/2016 10:00:00 PM,1,1,0
01/03/2016 11:00:00 PM,0,0,0
01/04/2016 12:00:00 AM,0,0,0
01/04/2016 01:00:00 AM,0,0,0
01/04/2016 02:00:00 AM,1,0,1
01/04/2016 03:00:00 AM,3,2,1
01/04/2016 04:00:00 AM,1,1,0
01/04/2016 05:00:00 AM,9,1,8
01/04/2016 06:00:00 AM,35,5,30
01/04/2016 07:00:00 AM,63,5,58
01/04/2016 08:00:00 AM,82,5,77
01/04/2016 09:00:00 AM,22,0,22
01/04/2016 10:00:00 AM,13,3,10
01/04/2016 11:00:00 AM,6,4,2
01/04/2016 12:00:00 PM,5,2,3
01/04/2016 01:00:00 PM,5,2,3
01/04/2016 02:00:00 PM,7,3,4
01/04/2016 03:00:00 PM,18,15,3
01/04/2016 04:00:00 PM,52,44,8
01/04/2016 05:00:00 PM,90,78,12
01/04/2016 06:00:00 PM,37,33,4
01/04/2016 07:00:00 PM,23,21,2
01/04/2016 08:00:00 PM,6,5,1
01/04/2016 09:00:00 PM,1,1,0
01/04/2016 10:00:00 PM,1,1,0
01/04/2016 11:00:00 PM,1,1,0
01/05/2016 12:00:00 AM,0,0,0
01/05/2016 01:00:00 AM,1,0,1
01/05/2016 02:00:00 AM,2,1,1
01/05/2016 03:00:00 AM,3,2,1
01/05/2016 04:00:00 AM,0,0,0
01/05/2016 05:00:00 AM,13,2,11
01/05/2016 06:00:00 AM,48,7,41
01/05/2016 07:00:00 AM,76,14,62
01/05/2016 08:00:00 AM,73,4,69
01/05/2016 09:00:00 AM,30,1,29
01/05/2016 10:00:00 AM,11,3,8
01/05/2016 11:00:00 AM,8,4,4
01/05/2016 12:00:00 PM,4,3,1
01/05/2016 01:00:00 PM,7,4,3
01/05/2016 02:00:00 PM,11,6,5
01/05/2016 03:00:00 PM,17,15,2
01/05/2016 04:00:00 PM,47,36,11
01/05/2016 05:00:00 PM,94,82,12
01/05/2016 06:00:00 PM,41,35,6
01/05/2016 07:00:00 PM,17,16,1
01/05/2016 08:00:00 PM,14,10,4
01/05/2016 09:00:00 PM,2,2,0
01/05/2016 10:00:00 PM,4,4,0
01/05/2016 11:00:00 PM,1,1,0
01/06/2016 12:00:00 AM,1,1,0
01/06/2016 01:00:00 AM,0,0,0
01/06/2016 02:00:00 AM,1,0,1
01/06/2016 03:00:00 AM,1,1,0
01/06/2016 04:00:00 AM,1,0,1
01/06/2016 05:00:00 AM,18,3,15
01/06/2016 06:00:00 AM,44,3,41
01/06/2016 07:00:00 AM,85,10,75
01/06/2016 08:00:00 AM,96,11,85
01/06/2016 09:00:00 AM,42,4,38
01/06/2016 10:00:00 AM,19,5,14
01/06/2016 11:00:00 AM,14,2,12
01/06/2016 12:00:00 PM,15,9,6
01/06/2016 01:00:00 PM,18,7,11
01/06/2016 02:00:00 PM,32,22,10
01/06/2016 03:00:00 PM,38,25,13
01/06/2016 04:00:00 PM,70,57,13
01/06/2016 05:00:00 PM,110,101,9
01/06/2016 06:00:00 PM,54,44,10
01/06/2016 07:00:00 PM,21,21,0
01/06/2016 08:00:00 PM,18,15,3
01/06/2016 09:00:00 PM,9,8,1
01/06/2016 10:00:00 PM,3,2,1
01/06/2016 11:00:00 PM,2,1,1
01/07/2016 12:00:00 AM,3,2,1
01/07/2016 01:00:00 AM,0,0,0
01/07/2016 02:00:00 AM,2,1,1
01/07/2016 03:00:00 AM,0,0,0
01/07/2016 04:00:00 AM,0,0,0
01/07/2016 05:00:00 AM,15,3,12
01/07/2016 06:00:00 AM,47,4,43
01/07/2016 07:00:00 AM,85,13,72
01/07/2016 08:00:00 AM,95,10,85
01/07/2016 09:00:00 AM,32,1,31
01/07/2016 10:00:00 AM,15,2,13
01/07/2016 11:00:00 AM,9,2,7
01/07/2016 12:00:00 PM,10,6,4
01/07/2016 01:00:00 PM,21,7,14
01/07/2016 02:00:00 PM,23,14,9
01/07/2016 03:00:00 PM,25,17,8
01/07/2016 04:00:00 PM,55,43,12
01/07/2016 05:00:00 PM,102,90,12
01/07/2016 06:00:00 PM,64,52,12
01/07/2016 07:00:00 PM,26,19,7
01/07/2016 08:00:00 PM,4,4,0
01/07/2016 09:00:00 PM,10,9,1
01/07/2016 10:00:00 PM,7,7,0
01/07/2016 11:00:00 PM,4,3,1
01/08/2016 12:00:00 AM,6,5,1
01/08/2016 01:00:00 AM,1,0,1
01/08/2016 02:00:00 AM,1,0,1
01/08/2016 03:00:00 AM,5,2,3
01/08/2016 04:00:00 AM,1,1,0
01/08/2016 05:00:00 AM,7,2,5
01/08/2016 06:00:00 AM,38,3,35
01/08/2016 07:00:00 AM,69,7,62
01/08/2016 08:00:00 AM,81,7,74
01/08/2016 09:00:00 AM,28,2,26
01/08/2016 10:00:00 AM,8,1,7
01/08/2016 11:00:00 AM,21,12,9
01/08/2016 12:00:00 PM,24,10,14
01/08/2016 01:00:00 PM,17,4,13
01/08/2016 02:00:00 PM,27,18,9
01/08/2016 03:00:00 PM,39,27,12
01/08/2016 04:00:00 PM,65,51,14
01/08/2016 05:00:00 PM,90,83,7
01/08/2016 06:00:00 PM,49,43,6
01/08/2016 07:00:00 PM,19,12,7
01/08/2016 08:00:00 PM,8,6,2
01/08/2016 09:00:00 PM,9,7,2
01/08/2016 10:00:00 PM,4,3,1
01/08/2016 11:00:00 PM,2,2,0
01/09/2016 12:00:00 AM,6,4,2
01/09/2016 01:00:00 AM,3,2,1
01/09/2016 02:00:00 AM,1,0,1
01/09/2016 03:00:00 AM,2,1,1
01/09/2016 04:00:00 AM,1,0,1
01/09/2016 05:00:00 AM,5,1,4
01/09/2016 06:00:00 AM,2,0,2
01/09/2016 07:00:00 AM,9,4,5
01/09/2016 08:00:00 AM,15,6,9
01/09/2016 09:00:00 AM,21,3,18
01/09/2016 10:00:00 AM,17,12,5
01/09/2016 11:00:00 AM,28,13,15
01/09/2016 12:00:00 PM,37,19,18
01/09/2016 01:00:00 PM,29,14,15
01/09/2016 02:00:00 PM,49,30,19
01/09/2016 03:00:00 PM,53,26,27
01/09/2016 04:00:00 PM,30,14,16
01/09/2016 05:00:00 PM,7,5,2
01/09/2016 06:00:00 PM,6,2,4
01/09/2016 07:00:00 PM,7,4,3
01/09/2016 08:00:00 PM,6,2,4
01/09/2016 09:00:00 PM,2,2,0
01/09/2016 10:00:00 PM,4,4,0
01/09/2016 11:00:00 PM,3,3,0
01/10/2016 12:00:00 AM,0,0,0
01/10/2016 01:00:00 AM,0,0,0
01/10/2016 02:00:00 AM,2,2,0
01/10/2016 03:00:00 AM,1,1,0
01/10/2016 04:00:00 AM,0,0,0
01/10/2016 05:00:00 AM,3,0,3
01/10/2016 06:00:00 AM,1,0,1
01/10/2016 07:00:00 AM,1,0,1
01/10/2016 08:00:00 AM,16,8,8
01/10/2016 09:00:00 AM,18,10,8
01/10/2016 10:00:00 AM,28,16,12
01/10/2016 11:00:00 AM,15,9,6
01/10/2016 12:00:00 PM,27,7,20
01/10/2016 01:00:00 PM,31,16,15
01/10/2016 02:00:00 PM,41,24,17
01/10/2016 03:00:00 PM,52,26,26
01/10/2016 04:00:00 PM,27,12,15
01/10/2016 05:00:00 PM,11,2,9
01/10/2016 06:00:00 PM,4,1,3
01/10/2016 07:00:00 PM,4,4,0
01/10/2016 08:00:00 PM,1,1,0
01/10/2016 09:00:00 PM,0,0,0
01/10/2016 10:00:00 PM,0,0,0
01/10/2016 11:00:00 PM,1,1,0
01/11/2016 12:00:00 AM,2,2,0
01/11/2016 01:00:00 AM,2,1,1
01/11/2016 02:00:00 AM,1,0,1
01/11/2016 03:00:00 AM,2,1,1
01/11/2016 04:00:00 AM,0,0,0
01/11/2016 05:00:00 AM,13,0,13
01/11/2016 06:00:00 AM,46,3,43
01/11/2016 07:00:00 AM,97,13,84
01/11/2016 08:00:00 AM,87,11,76
01/11/2016 09:00:00 AM,28,3,25
01/11/2016 10:00:00 AM,10,1,9
01/11/2016 11:00:00 AM,7,2,5
01/11/2016 12:00:00 PM,7,4,3
01/11/2016 01:00:00 PM,7,2,5
01/11/2016 02:00:00 PM,11,4,7
01/11/2016 03:00:00 PM,30,22,8
01/11/2016 04:00:00 PM,54,43,11
01/11/2016 05:00:00 PM,112,102,10
01/11/2016 06:00:00 PM,52,46,6
01/11/2016 07:00:00 PM,15,13,2
01/11/2016 08:00:00 PM,8,7,1
01/11/2016 09:00:00 PM,14,10,4
01/11/2016 10:00:00 PM,6,4,2
01/11/2016 11:00:00 PM,2,2,0
01/12/2016 12:00:00 AM,0,0,0
01/12/2016 01:00:00 AM,1,0,1
01/12/2016 02:00:00 AM,1,0,1
01/12/2016 03:00:00 AM,2,2,0
01/12/2016 04:00:00 AM,2,1,1
01/12/2016 05:00:00 AM,14,1,13
01/12/2016 06:00:00 AM,45,7,38
01/12/2016 07:00:00 AM,79,12,67
01/12/2016 08:00:00 AM,87,3,84
01/12/2016 09:00:00 AM,28,2,26
01/12/2016 10:00:00 AM,7,0,7
01/12/2016 11:00:00 AM,10,2,8
01/12/2016 12:00:00 PM,6,3,3
01/12/2016 01:00:00 PM,8,3,5
01/12/2016 02:00:00 PM,4,3,1
01/12/2016 03:00:00 PM,14,11,3
01/12/2016 04:00:00 PM,41,33,8
01/12/2016 05:00:00 PM,99,87,12
01/12/2016 06:00:00 PM,62,52,10
01/12/2016 07:00:00 PM,12,11,1
01/12/2016 08:00:00 PM,10,7,3
01/12/2016 09:00:00 PM,6,5,1
01/12/2016 10:00:00 PM,5,5,0
01/12/2016 11:00:00 PM,2,2,0
01/13/2016 12:00:00 AM,0,0,0
01/13/2016 01:00:00 AM,1,0,1
01/13/2016 02:00:00 AM,2,1,1
01/13/2016 03:00:00 AM,1,1,0
01/13/2016 04:00:00 AM,1,0,1
01/13/2016 05:00:00 AM,19,2,17
01/13/2016 06:00:00 AM,35,3,32
01/13/2016 07:00:00 AM,64,8,56
01/13/2016 08:00:00 AM,76,6,70
01/13/2016 09:00:00 AM,16,0,16
01/13/2016 10:00:00 AM,11,1,10
01/13/2016 11:00:00 AM,4,1,3
01/13/2016 12:00:00 PM,2,0,2
01/13/2016 01:00:00 PM,7,4,3
01/13/2016 02:00:00 PM,16,10,6
01/13/2016 03:00:00 PM,26,17,9
01/13/2016 04:00:00 PM,41,30,11
01/13/2016 05:00:00 PM,88,80,8
01/13/2016 06:00:00 PM,63,52,11
01/13/2016 07:00:00 PM,19,16,3
01/13/2016 08:00:00 PM,10,8,2
01/13/2016 09:00:00 PM,4,4,0
01/13/2016 10:00:00 PM,4,4,0
01/13/2016 11:00:00 PM,5,3,2
01/14/2016 12:00:00 AM,3,3,0
01/14/2016 01:00:00 AM,0,0,0
01/14/2016 02:00:00 AM,2,0,2
01/14/2016 03:00:00 AM,0,0,0
01/14/2016 04:00:00 AM,2,0,2
01/14/2016 05:00:00 AM,19,2,17
01/14/2016 06:00:00 AM,42,8,34
01/14/2016 07:00:00 AM,82,11,71
01/14/2016 08:00:00 AM,111,15,96
01/14/2016 09:00:00 AM,44,2,42
01/14/2016 10:00:00 AM,17,4,13
01/14/2016 11:00:00 AM,13,4,9
01/14/2016 12:00:00 PM,20,8,12
01/14/2016 01:00:00 PM,20,12,8
01/14/2016 02:00:00 PM,18,8,10
01/14/2016 03:00:00 PM,43,28,15
01/14/2016 04:00:00 PM,67,52,15
01/14/2016 05:00:00 PM,118,107,11
01/14/2016 06:00:00 PM,59,50,9
01/14/2016 07:00:00 PM,19,18,1
01/14/2016 08:00:00 PM,13,12,1
01/14/2016 09:00:00 PM,9,8,1
01/14/2016 10:00:00 PM,3,2,1
01/14/2016 11:00:00 PM,2,2,0
01/15/2016 12:00:00 AM,6,4,2
01/15/2016 01:00:00 AM,1,0,1
01/15/2016 02:00:00 AM,1,1,0
01/15/2016 03:00:00 AM,0,0,0
01/15/2016 04:00:00 AM,2,0,2
01/15/2016 05:00:00 AM,12,5,7
01/15/2016 06:00:00 AM,33,6,27
01/15/2016 07:00:00 AM,67,10,57
01/15/2016 08:00:00 AM,73,8,65
01/15/2016 09:00:00 AM,33,3,30
01/15/2016 10:00:00 AM,17,6,11
01/15/2016 11:00:00 AM,10,5,5
01/15/2016 12:00:00 PM,18,10,8
01/15/2016 01:00:00 PM,15,7,8
01/15/2016 02:00:00 PM,20,8,12
01/15/2016 03:00:00 PM,24,17,7
01/15/2016 04:00:00 PM,55,45,10
01/15/2016 05:00:00 PM,70,63,7
01/15/2016 06:00:00 PM,45,37,8
01/15/2016 07:00:00 PM,13,10,3
01/15/2016 08:00:00 PM,4,3,1
01/15/2016 09:00:00 PM,5,3,2
01/15/2016 10:00:00 PM,8,7,1
01/15/2016 11:00:00 PM,2,2,0
01/16/2016 12:00:00 AM,3,0,3
01/16/2016 01:00:00 AM,3,3,0
01/16/2016 02:00:00 AM,2,1,1
01/16/2016 03:00:00 AM,0,0,0
01/16/2016 04:00:00 AM,0,0,0
01/16/2016 05:00:00 AM,2,0,2
01/16/2016 06:00:00 AM,2,0,2
01/16/2016 07:00:00 AM,2,0,2
01/16/2016 08:00:00 AM,5,0,5
01/16/2016 09:00:00 AM,8,2,6
01/16/2016 10:00:00 AM,15,6,9
01/16/2016 11:00:00 AM,17,5,12
01/16/2016 12:00:00 PM,21,6,15
01/16/2016 01:00:00 PM,15,9,6
01/16/2016 02:00:00 PM,20,9,11
01/16/2016 03:00:00 PM,12,7,5
01/16/2016 04:00:00 PM,7,4,3
01/16/2016 05:00:00 PM,9,3,6
01/16/2016 06:00:00 PM,4,1,3
01/16/2016 07:00:00 PM,4,2,2
01/16/2016 08:00:00 PM,3,3,0
01/16/2016 09:00:00 PM,5,2,3
01/16/2016 10:00:00 PM,0,0,0
01/16/2016 11:00:00 PM,0,0,0
01/17/2016 12:00:00 AM,5,4,1
01/17/2016 01:00:00 AM,1,1,0
01/17/2016 02:00:00 AM,0,0,0
01/17/2016 03:00:00 AM,1,1,0
01/17/2016 04:00:00 AM,1,1,0
01/17/2016 05:00:00 AM,4,1,3
01/17/2016 06:00:00 AM,5,0,5
01/17/2016 07:00:00 AM,0,0,0
01/17/2016 08:00:00 AM,7,3,4
01/17/2016 09:00:00 AM,3,1,2
01/17/2016 10:00:00 AM,2,1,1
01/17/2016 11:00:00 AM,6,3,3
01/17/2016 12:00:00 PM,10,7,3
01/17/2016 01:00:00 PM,9,6,3
01/17/2016 02:00:00 PM,8,3,5
01/17/2016 03:00:00 PM,11,7,4
01/17/2016 04:00:00 PM,5,3,2
01/17/2016 05:00:00 PM,6,2,4
01/17/2016 06:00:00 PM,3,3,0
01/17/2016 07:00:00 PM,2,2,0
01/17/2016 08:00:00 PM,2,2,0
01/17/2016 09:00:00 PM,3,2,1
01/17/2016 10:00:00 PM,0,0,0
01/17/2016 11:00:00 PM,1,1,0
01/18/2016 12:00:00 AM,0,0,0
01/18/2016 01:00:00 AM,0,0,0
01/18/2016 02:00:00 AM,0,0,0
01/18/2016 03:00:00 AM,2,1,1
01/18/2016 04:00:00 AM,2,0,2
01/18/2016 05:00:00 AM,5,1,4
01/18/2016 06:00:00 AM,23,6,17
01/18/2016 07:00:00 AM,41,4,37
01/18/2016 08:00:00 AM,48,3,45
01/18/2016 09:00:00 AM,28,4,24
01/18/2016 10:00:00 AM,20,8,12
01/18/2016 11:00:00 AM,22,12,10
01/18/2016 12:00:00 PM,22,5,17
01/18/2016 01:00:00 PM,29,10,19
01/18/2016 02:00:00 PM,41,24,17
01/18/2016 03:00:00 PM,49,25,24
01/18/2016 04:00:00 PM,62,43,19
01/18/2016 05:00:00 PM,46,39,7
01/18/2016 06:00:00 PM,38,36,2
01/18/2016 07:00:00 PM,11,9,2
01/18/2016 08:00:00 PM,5,4,1
01/18/2016 09:00:00 PM,5,5,0
01/18/2016 10:00:00 PM,3,2,1
01/18/2016 11:00:00 PM,1,0,1
01/19/2016 12:00:00 AM,0,0,0
01/19/2016 01:00:00 AM,1,1,0
01/19/2016 02:00:00 AM,1,0,1
01/19/2016 03:00:00 AM,4,2,2
01/19/2016 04:00:00 AM,3,1,2
01/19/2016 05:00:00 AM,26,3,23
01/19/2016 06:00:00 AM,49,9,40
01/19/2016 07:00:00 AM,77,12,65
01/19/2016 08:00:00 AM,113,10,103
01/19/2016 09:00:00 AM,31,3,28
01/19/2016 10:00:00 AM,14,2,12
01/19/2016 11:00:00 AM,19,6,13
01/19/2016 12:00:00 PM,12,8,4
01/19/2016 01:00:00 PM,14,6,8
01/19/2016 02:00:00 PM,7,4,3
01/19/2016 03:00:00 PM,19,16,3
01/19/2016 04:00:00 PM,47,37,10
01/19/2016 05:00:00 PM,103,95,8
01/19/2016 06:00:00 PM,58,48,10
01/19/2016 07:00:00 PM,17,15,2
01/19/2016 08:00:00 PM,7,5,2
01/19/2016 09:00:00 PM,12,11,1
01/19/2016 10:00:00 PM,0,0,0
01/19/2016 11:00:00 PM,0,0,0
01/20/2016 12:00:00 AM,1,1,0
01/20/2016 01:00:00 AM,1,1,0
01/20/2016 02:00:00 AM,1,0,1
01/20/2016 03:00:00 AM,1,1,0
01/20/2016 04:00:00 AM,5,0,5
01/20/2016 05:00:00 AM,13,3,10
01/20/2016 06:00:00 AM,36,5,31
01/20/2016 07:00:00 AM,83,10,73
01/20/2016 08:00:00 AM,98,10,88
01/20/2016 09:00:00 AM,24,4,20
01/20/2016 10:00:00 AM,20,5,15
01/20/2016 11:00:00 AM,15,4,11
01/20/2016 12:00:00 PM,8,5,3
01/20/2016 01:00:00 PM,17,5,12
01/20/2016 02:00:00 PM,23,16,7
01/20/2016 03:00:00 PM,29,19,10
01/20/2016 04:00:00 PM,58,48,10
01/20/2016 05:00:00 PM,103,90,13
01/20/2016 06:00:00 PM,58,47,11
01/20/2016 07:00:00 PM,24,21,3
01/20/2016 08:00:00 PM,8,6,2
01/20/2016 09:00:00 PM,6,6,0
01/20/2016 10:00:00 PM,6,5,1
01/20/2016 11:00:00 PM,2,2,0
01/21/2016 12:00:00 AM,2,2,0
01/21/2016 01:00:00 AM,2,2,0
01/21/2016 02:00:00 AM,0,0,0
01/21/2016 03:00:00 AM,0,0,0
01/21/2016 04:00:00 AM,2,0,2
01/21/2016 05:00:00 AM,17,3,14
01/21/2016 06:00:00 AM,39,5,34
01/21/2016 07:00:00 AM,55,6,49
01/21/2016 08:00:00 AM,67,8,59
01/21/2016 09:00:00 AM,14,1,13
01/21/2016 10:00:00 AM,11,1,10
01/21/2016 11:00:00 AM,4,1,3
01/21/2016 12:00:00 PM,3,1,2
01/21/2016 01:00:00 PM,4,0,4
01/21/2016 02:00:00 PM,12,7,5
01/21/2016 03:00:00 PM,17,9,8
01/21/2016 04:00:00 PM,30,26,4
01/21/2016 05:00:00 PM,64,58,6
01/21/2016 06:00:00 PM,47,40,7
01/21/2016 07:00:00 PM,14,13,1
01/21/2016 08:00:00 PM,8,6,2
01/21/2016 09:00:00 PM,6,5,1
01/21/2016 10:00:00 PM,3,3,0
01/21/2016 11:00:00 PM,4,3,1
01/22/2016 12:00:00 AM,3,3,0
01/22/2016 01:00:00 AM,3,0,3
01/22/2016 02:00:00 AM,3,2,1
01/22/2016 03:00:00 AM,2,0,2
01/22/2016 04:00:00 AM,0,0,0
01/22/2016 05:00:00 AM,8,2,6
01/22/2016 06:00:00 AM,31,3,28
01/22/2016 07:00:00 AM,56,13,43
01/22/2016 08:00:00 AM,85,11,74
01/22/2016 09:00:00 AM,26,3,23
01/22/2016 10:00:00 AM,14,5,9
01/22/2016 11:00:00 AM,12,6,6
01/22/2016 12:00:00 PM,17,9,8
01/22/2016 01:00:00 PM,14,7,7
01/22/2016 02:00:00 PM,22,9,13
01/22/2016 03:00:00 PM,26,18,8
01/22/2016 04:00:00 PM,50,33,17
01/22/2016 05:00:00 PM,70,63,7
01/22/2016 06:00:00 PM,56,47,9
01/22/2016 07:00:00 PM,15,11,4
01/22/2016 08:00:00 PM,11,5,6
01/22/2016 09:00:00 PM,3,3,0
01/22/2016 10:00:00 PM,9,8,1
01/22/2016 11:00:00 PM,2,2,0
01/23/2016 12:00:00 AM,8,7,1
01/23/2016 01:00:00 AM,5,4,1
01/23/2016 02:00:00 AM,2,0,2
01/23/2016 03:00:00 AM,2,1,1
01/23/2016 04:00:00 AM,1,0,1
01/23/2016 05:00:00 AM,6,3,3
01/23/2016 06:00:00 AM,2,2,0
01/23/2016 07:00:00 AM,4,0,4
01/23/2016 08:00:00 AM,9,1,8
01/23/2016 09:00:00 AM,2,0,2
01/23/2016 10:00:00 AM,5,2,3
01/23/2016 11:00:00 AM,11,6,5
01/23/2016 12:00:00 PM,11,7,4
01/23/2016 01:00:00 PM,3,1,2
01/23/2016 02:00:00 PM,4,4,0
01/23/2016 03:00:00 PM,8,5,3
01/23/2016 04:00:00 PM,6,2,4
01/23/2016 05:00:00 PM,7,3,4
01/23/2016 06:00:00 PM,3,2,1
01/23/2016 07:00:00 PM,3,2,1
01/23/2016 08:00:00 PM,1,1,0
01/23/2016 09:00:00 PM,2,1,1
01/23/2016 10:00:00 PM,2,2,0
01/23/2016 11:00:00 PM,2,2,0
01/24/2016 12:00:00 AM,0,0,0
01/24/2016 01:00:00 AM,1,0,1
01/24/2016 02:00:00 AM,2,1,1
01/24/2016 03:00:00 AM,0,0,0
01/24/2016 04:00:00 AM,4,2,2
01/24/2016 05:00:00 AM,3,0,3
01/24/2016 06:00:00 AM,5,2,3
01/24/2016 07:00:00 AM,11,3,8
01/24/2016 08:00:00 AM,14,2,12
01/24/2016 09:00:00 AM,23,10,13
01/24/2016 10:00:00 AM,34,14,20
01/24/2016 11:00:00 AM,50,23,27
01/24/2016 12:00:00 PM,41,19,22
01/24/2016 01:00:00 PM,56,36,20
01/24/2016 02:00:00 PM,57,37,20
01/24/2016 03:00:00 PM,48,21,27
01/24/2016 04:00:00 PM,30,20,10
01/24/2016 05:00:00 PM,17,7,10
01/24/2016 06:00:00 PM,5,4,1
01/24/2016 07:00:00 PM,8,7,1
01/24/2016 08:00:00 PM,1,1,0
01/24/2016 09:00:00 PM,3,2,1
01/24/2016 10:00:00 PM,1,1,0
01/24/2016 11:00:00 PM,1,0,1
01/25/2016 12:00:00 AM,0,0,0
01/25/2016 01:00:00 AM,0,0,0
01/25/2016 02:00:00 AM,2,0,2
01/25/2016 03:00:00 AM,1,1,0
01/25/2016 04:00:00 AM,1,0,1
01/25/2016 05:00:00 AM,17,1,16
01/25/2016 06:00:00 AM,50,10,40
01/25/2016 07:00:00 AM,98,15,83
01/25/2016 08:00:00 AM,115,15,100
01/25/2016 09:00:00 AM,40,9,31
01/25/2016 10:00:00 AM,23,5,18
01/25/2016 11:00:00 AM,13,5,8
01/25/2016 12:00:00 PM,21,9,12
01/25/2016 01:00:00 PM,14,9,5
01/25/2016 02:00:00 PM,29,13,16
01/25/2016 03:00:00 PM,34,26,8
01/25/2016 04:00:00 PM,78,54,24
01/25/2016 05:00:00 PM,132,122,10
01/25/2016 06:00:00 PM,74,66,8
01/25/2016 07:00:00 PM,22,19,3
01/25/2016 08:00:00 PM,12,11,1
01/25/2016 09:00:00 PM,16,13,3
01/25/2016 10:00:00 PM,5,3,2
01/25/2016 11:00:00 PM,2,2,0
01/26/2016 12:00:00 AM,0,0,0
01/26/2016 01:00:00 AM,1,0,1
01/26/2016 02:00:00 AM,3,2,1
01/26/2016 03:00:00 AM,2,1,1
01/26/2016 04:00:00 AM,3,0,3
01/26/2016 05:00:00 AM,18,3,15
01/26/2016 06:00:00 AM,42,5,37
01/26/2016 07:00:00 AM,80,7,73
01/26/2016 08:00:00 AM,87,7,80
01/26/2016 09:00:00 AM,28,3,25
01/26/2016 10:00:00 AM,13,2,11
01/26/2016 11:00:00 AM,6,2,4
01/26/2016 12:00:00 PM,5,0,5
01/26/2016 01:00:00 PM,13,5,8
01/26/2016 02:00:00 PM,10,5,5
01/26/2016 03:00:00 PM,25,16,9
01/26/2016 04:00:00 PM,56,45,11
01/26/2016 05:00:00 PM,95,86,9
01/26/2016 06:00:00 PM,67,58,9
01/26/2016 07:00:00 PM,16,15,1
01/26/2016 08:00:00 PM,16,12,4
01/26/2016 09:00:00 PM,7,5,2
01/26/2016 10:00:00 PM,6,2,4
01/26/2016 11:00:00 PM,3,3,0
01/27/2016 12:00:00 AM,2,0,2
01/27/2016 01:00:00 AM,4,3,1
01/27/2016 02:00:00 AM,1,0,1
01/27/2016 03:00:00 AM,1,1,0
01/27/2016 04:00:00 AM,0,0,0
01/27/2016 05:00:00 AM,19,7,12
01/27/2016 06:00:00 AM,53,5,48
01/27/2016 07:00:00 AM,75,8,67
01/27/2016 08:00:00 AM,101,11,90
01/27/2016 09:00:00 AM,37,7,30
01/27/2016 10:00:00 AM,14,4,10
01/27/2016 11:00:00 AM,10,6,4
01/27/2016 12:00:00 PM,11,3,8
01/27/2016 01:00:00 PM,20,8,12
01/27/2016 02:00:00 PM,22,13,9
01/27/2016 03:00:00 PM,24,18,6
01/27/2016 04:00:00 PM,58,44,14
01/27/2016 05:00:00 PM,89,86,3
01/27/2016 06:00:00 PM,57,42,15
01/27/2016 07:00:00 PM,19,18,1
01/27/2016 08:00:00 PM,12,9,3
01/27/2016 09:00:00 PM,8,7,1
01/27/2016 10:00:00 PM,5,5,0
01/27/2016 11:00:00 PM,2,2,0
01/28/2016 12:00:00 AM,2,1,1
01/28/2016 01:00:00 AM,1,1,0
01/28/2016 02:00:00 AM,1,0,1
01/28/2016 03:00:00 AM,0,0,0
01/28/2016 04:00:00 AM,2,0,2
01/28/2016 05:00:00 AM,6,1,5
01/28/2016 06:00:00 AM,33,5,28
01/28/2016 07:00:00 AM,56,8,48
01/28/2016 08:00:00 AM,70,8,62
01/28/2016 09:00:00 AM,20,1,19
01/28/2016 10:00:00 AM,14,2,12
01/28/2016 11:00:00 AM,12,4,8
01/28/2016 12:00:00 PM,8,3,5
01/28/2016 01:00:00 PM,15,7,8
01/28/2016 02:00:00 PM,17,9,8
01/28/2016 03:00:00 PM,28,15,13
01/28/2016 04:00:00 PM,46,33,13
01/28/2016 05:00:00 PM,77,71,6
01/28/2016 06:00:00 PM,53,47,6
01/28/2016 07:00:00 PM,25,19,6
01/28/2016 08:00:00 PM,12,11,1
01/28/2016 09:00:00 PM,8,6,2
01/28/2016 10:00:00 PM,7,4,3
01/28/2016 11:00:00 PM,4,4,0
01/29/2016 12:00:00 AM,6,4,2
01/29/2016 01:00:00 AM,0,0,0
01/29/2016 02:00:00 AM,1,0,1
01/29/2016 03:00:00 AM,1,0,1
01/29/2016 04:00:00 AM,3,0,3
01/29/2016 05:00:00 AM,11,0,11
01/29/2016 06:00:00 AM,35,5,30
01/29/2016 07:00:00 AM,63,9,54
01/29/2016 08:00:00 AM,65,5,60
01/29/2016 09:00:00 AM,19,2,17
01/29/2016 10:00:00 AM,7,2,5
01/29/2016 11:00:00 AM,1,0,1
01/29/2016 12:00:00 PM,5,3,2
01/29/2016 01:00:00 PM,8,3,5
01/29/2016 02:00:00 PM,10,3,7
01/29/2016 03:00:00 PM,23,20,3
01/29/2016 04:00:00 PM,39,33,6
01/29/2016 05:00:00 PM,75,64,11
01/29/2016 06:00:00 PM,56,42,14
01/29/2016 07:00:00 PM,21,15,6
01/29/2016 08:00:00 PM,6,3,3
01/29/2016 09:00:00 PM,5,3,2
01/29/2016 10:00:00 PM,11,6,5
01/29/2016 11:00:00 PM,4,2,2
01/30/2016 12:00:00 AM,6,4,2
01/30/2016 01:00:00 AM,1,1,0
01/30/2016 02:00:00 AM,3,1,2
01/30/2016 03:00:00 AM,2,1,1
01/30/2016 04:00:00 AM,2,1,1
01/30/2016 05:00:00 AM,7,2,5
01/30/2016 06:00:00 AM,3,1,2
01/30/2016 07:00:00 AM,5,1,4
01/30/2016 08:00:00 AM,15,4,11
01/30/2016 09:00:00 AM,16,5,11
01/30/2016 10:00:00 AM,30,17,13
01/30/2016 11:00:00 AM,42,21,21
01/30/2016 12:00:00 PM,32,10,22
01/30/2016 01:00:00 PM,28,14,14
01/30/2016 02:00:00 PM,32,18,14
01/30/2016 03:00:00 PM,28,14,14
01/30/2016 04:00:00 PM,32,21,11
01/30/2016 05:00:00 PM,16,10,6
01/30/2016 06:00:00 PM,10,7,3
01/30/2016 07:00:00 PM,3,3,0
01/30/2016 08:00:00 PM,4,3,1
01/30/2016 09:00:00 PM,4,4,0
01/30/2016 10:00:00 PM,3,1,2
01/30/2016 11:00:00 PM,2,2,0
01/31/2016 12:00:00 AM,1,1,0
01/31/2016 01:00:00 AM,3,2,1
01/31/2016 02:00:00 AM,1,1,0
01/31/2016 03:00:00 AM,1,1,0
01/31/2016 04:00:00 AM,2,2,0
01/31/2016 05:00:00 AM,3,1,2
01/31/2016 06:00:00 AM,4,3,1
01/31/2016 07:00:00 AM,5,1,4
01/31/2016 08:00:00 AM,11,5,6
01/31/2016 09:00:00 AM,13,4,9
01/31/2016 10:00:00 AM,23,12,11
01/31/2016 11:00:00 AM,28,12,16
01/31/2016 12:00:00 PM,28,15,13
01/31/2016 01:00:00 PM,23,11,12
01/31/2016 02:00:00 PM,23,13,10
01/31/2016 03:00:00 PM,20,9,11
01/31/2016 04:00:00 PM,14,5,9
01/31/2016 05:00:00 PM,10,5,5
01/31/2016 06:00:00 PM,4,3,1
01/31/2016 07:00:00 PM,7,6,1
01/31/2016 08:00:00 PM,1,1,0
01/31/2016 09:00:00 PM,3,3,0
01/31/2016 10:00:00 PM,1,0,1
01/31/2016 11:00:00 PM,1,1,0
02/01/2016 12:00:00 AM,3,1,2
02/01/2016 01:00:00 AM,1,1,0
02/01/2016 02:00:00 AM,1,0,1
02/01/2016 03:00:00 AM,1,0,1
02/01/2016 04:00:00 AM,6,2,4
02/01/2016 05:00:00 AM,17,0,17
02/01/2016 06:00:00 AM,48,9,39
02/01/2016 07:00:00 AM,91,9,82
02/01/2016 08:00:00 AM,103,10,93
02/01/2016 09:00:00 AM,36,3,33
02/01/2016 10:00:00 AM,22,5,17
02/01/2016 11:00:00 AM,14,4,10
02/01/2016 12:00:00 PM,16,8,8
02/01/2016 01:00:00 PM,11,6,5
02/01/2016 02:00:00 PM,20,10,10
02/01/2016 03:00:00 PM,36,25,11
02/01/2016 04:00:00 PM,64,49,15
02/01/2016 05:00:00 PM,109,97,12
02/01/2016 06:00:00 PM,82,80,2
02/01/2016 07:00:00 PM,24,17,7
02/01/2016 08:00:00 PM,9,8,1
02/01/2016 09:00:00 PM,6,5,1
02/01/2016 10:00:00 PM,2,1,1
02/01/2016 11:00:00 PM,2,1,1
02/02/2016 12:00:00 AM,2,2,0
02/02/2016 01:00:00 AM,1,0,1
02/02/2016 02:00:00 AM,0,0,0
02/02/2016 03:00:00 AM,2,2,0
02/02/2016 04:00:00 AM,1,1,0
02/02/2016 05:00:00 AM,21,3,18
02/02/2016 06:00:00 AM,51,7,44
02/02/2016 07:00:00 AM,111,15,96
02/02/2016 08:00:00 AM,113,8,105
02/02/2016 09:00:00 AM,49,7,42
02/02/2016 10:00:00 AM,24,6,18
02/02/2016 11:00:00 AM,9,4,5
02/02/2016 12:00:00 PM,23,10,13
02/02/2016 01:00:00 PM,32,19,13
02/02/2016 02:00:00 PM,29,11,18
02/02/2016 03:00:00 PM,38,29,9
02/02/2016 04:00:00 PM,84,68,16
02/02/2016 05:00:00 PM,132,112,20
02/02/2016 06:00:00 PM,76,69,7
02/02/2016 07:00:00 PM,23,19,4
02/02/2016 08:00:00 PM,22,15,7
02/02/2016 09:00:00 PM,12,9,3
02/02/2016 10:00:00 PM,7,6,1
02/02/2016 11:00:00 PM,3,2,1
02/03/2016 12:00:00 AM,4,1,3
02/03/2016 01:00:00 AM,0,0,0
02/03/2016 02:00:00 AM,1,0,1
02/03/2016 03:00:00 AM,0,0,0
02/03/2016 04:00:00 AM,2,1,1
02/03/2016 05:00:00 AM,16,2,14
02/03/2016 06:00:00 AM,33,4,29
02/03/2016 07:00:00 AM,95,14,81
02/03/2016 08:00:00 AM,97,10,87
02/03/2016 09:00:00 AM,36,6,30
02/03/2016 10:00:00 AM,19,5,14
02/03/2016 11:00:00 AM,7,3,4
02/03/2016 12:00:00 PM,8,6,2
02/03/2016 01:00:00 PM,8,3,5
02/03/2016 02:00:00 PM,12,7,5
02/03/2016 03:00:00 PM,13,10,3
02/03/2016 04:00:00 PM,45,39,6
02/03/2016 05:00:00 PM,95,83,12
02/03/2016 06:00:00 PM,57,48,9
02/03/2016 07:00:00 PM,21,20,1
02/03/2016 08:00:00 PM,12,9,3
02/03/2016 09:00:00 PM,3,2,1
02/03/2016 10:00:00 PM,2,2,0
02/03/2016 11:00:00 PM,2,1,1
02/04/2016 12:00:00 AM,1,1,0
02/04/2016 01:00:00 AM,0,0,0
02/04/2016 02:00:00 AM,3,1,2
02/04/2016 03:00:00 AM,1,1,0
02/04/2016 04:00:00 AM,4,1,3
02/04/2016 05:00:00 AM,17,3,14
02/04/2016 06:00:00 AM,31,4,27
02/04/2016 07:00:00 AM,78,9,69
02/04/2016 08:00:00 AM,90,11,79
02/04/2016 09:00:00 AM,30,1,29
02/04/2016 10:00:00 AM,20,2,18
02/04/2016 11:00:00 AM,9,3,6
02/04/2016 12:00:00 PM,8,3,5
02/04/2016 01:00:00 PM,13,7,6
02/04/2016 02:00:00 PM,14,9,5
02/04/2016 03:00:00 PM,20,15,5
02/04/2016 04:00:00 PM,66,51,15
02/04/2016 05:00:00 PM,88,81,7
02/04/2016 06:00:00 PM,60,52,8
02/04/2016 07:00:00 PM,13,12,1
02/04/2016 08:00:00 PM,10,8,2
02/04/2016 09:00:00 PM,14,13,1
02/04/2016 10:00:00 PM,12,9,3
02/04/2016 11:00:00 PM,3,1,2
02/05/2016 12:00:00 AM,3,3,0
02/05/2016 01:00:00 AM,1,0,1
02/05/2016 02:00:00 AM,1,0,1
02/05/2016 03:00:00 AM,1,0,1
02/05/2016 04:00:00 AM,1,0,1
02/05/2016 05:00:00 AM,9,2,7
02/05/2016 06:00:00 AM,33,5,28
02/05/2016 07:00:00 AM,67,14,53
02/05/2016 08:00:00 AM,79,9,70
02/05/2016 09:00:00 AM,32,2,30
02/05/2016 10:00:00 AM,20,5,15
02/05/2016 11:00:00 AM,11,6,5
02/05/2016 12:00:00 PM,8,4,4
02/05/2016 01:00:00 PM,23,13,10
02/05/2016 02:00:00 PM,17,9,8
02/05/2016 03:00:00 PM,29,16,13
02/05/2016 04:00:00 PM,47,32,15
02/05/2016 05:00:00 PM,68,60,8
02/05/2016 06:00:00 PM,43,33,10
02/05/2016 07:00:00 PM,19,15,4
02/05/2016 08:00:00 PM,5,4,1
02/05/2016 09:00:00 PM,6,6,0
02/05/2016 10:00:00 PM,3,2,1
02/05/2016 11:00:00 PM,2,1,1
02/06/2016 12:00:00 AM,1,1,0
02/06/2016 01:00:00 AM,2,1,1
02/06/2016 02:00:00 AM,2,1,1
02/06/2016 03:00:00 AM,2,0,2
02/06/2016 04:00:00 AM,1,0,1
02/06/2016 05:00:00 AM,3,0,3
02/06/2016 06:00:00 AM,0,0,0
02/06/2016 07:00:00 AM,10,1,9
02/06/2016 08:00:00 AM,22,5,17
02/06/2016 09:00:00 AM,27,15,12
02/06/2016 10:00:00 AM,21,5,16
02/06/2016 11:00:00 AM,25,14,11
02/06/2016 12:00:00 PM,39,23,16
02/06/2016 01:00:00 PM,40,17,23
02/06/2016 02:00:00 PM,38,17,21
02/06/2016 03:00:00 PM,32,20,12
02/06/2016 04:00:00 PM,43,26,17
02/06/2016 05:00:00 PM,15,7,8
02/06/2016 06:00:00 PM,11,7,4
02/06/2016 07:00:00 PM,6,4,2
02/06/2016 08:00:00 PM,7,4,3
02/06/2016 09:00:00 PM,3,1,2
02/06/2016 10:00:00 PM,4,3,1
02/06/2016 11:00:00 PM,3,2,1
02/07/2016 12:00:00 AM,3,2,1
02/07/2016 01:00:00 AM,0,0,0
02/07/2016 02:00:00 AM,2,1,1
02/07/2016 03:00:00 AM,2,2,0
02/07/2016 04:00:00 AM,4,3,1
02/07/2016 05:00:00 AM,5,1,4
02/07/2016 06:00:00 AM,3,1,2
02/07/2016 07:00:00 AM,11,4,7
02/07/2016 08:00:00 AM,12,3,9
02/07/2016 09:00:00 AM,33,12,21
02/07/2016 10:00:00 AM,32,9,23
02/07/2016 11:00:00 AM,48,25,23
02/07/2016 12:00:00 PM,38,24,14
02/07/2016 01:00:00 PM,45,20,25
02/07/2016 02:00:00 PM,48,28,20
02/07/2016 03:00:00 PM,29,11,18
02/07/2016 04:00:00 PM,14,9,5
02/07/2016 05:00:00 PM,8,3,5
02/07/2016 06:00:00 PM,8,2,6
02/07/2016 07:00:00 PM,9,7,2
02/07/2016 08:00:00 PM,5,4,1
02/07/2016 09:00:00 PM,0,0,0
02/07/2016 10:00:00 PM,4,0,4
02/07/2016 11:00:00 PM,4,0,4
02/08/2016 12:00:00 AM,6,5,1
02/08/2016 01:00:00 AM,0,0,0
02/08/2016 02:00:00 AM,1,0,1
02/08/2016 03:00:00 AM,4,4,0
02/08/2016 04:00:00 AM,1,0,1
02/08/2016 05:00:00 AM,14,1,13
02/08/2016 06:00:00 AM,45,7,38
02/08/2016 07:00:00 AM,127,10,117
02/08/2016 08:00:00 AM,113,16,97
02/08/2016 09:00:00 AM,38,4,34
02/08/2016 10:00:00 AM,18,3,15
02/08/2016 11:00:00 AM,19,4,15
02/08/2016 12:00:00 PM,35,11,24
02/08/2016 01:00:00 PM,24,15,9
02/08/2016 02:00:00 PM,26,18,8
02/08/2016 03:00:00 PM,38,24,14
02/08/2016 04:00:00 PM,80,62,18
02/08/2016 05:00:00 PM,146,120,26
02/08/2016 06:00:00 PM,78,69,9
02/08/2016 07:00:00 PM,32,26,6
02/08/2016 08:00:00 PM,12,9,3
02/08/2016 09:00:00 PM,10,8,2
02/08/2016 10:00:00 PM,5,4,1
02/08/2016 11:00:00 PM,4,3,1
02/09/2016 12:00:00 AM,0,0,0
02/09/2016 01:00:00 AM,3,1,2
02/09/2016 02:00:00 AM,2,1,1
02/09/2016 03:00:00 AM,2,1,1
02/09/2016 04:00:00 AM,3,0,3
02/09/2016 05:00:00 AM,20,2,18
02/09/2016 06:00:00 AM,58,6,52
02/09/2016 07:00:00 AM,115,16,99
02/09/2016 08:00:00 AM,122,11,111
02/09/2016 09:00:00 AM,49,11,38
02/09/2016 10:00:00 AM,20,7,13
02/09/2016 11:00:00 AM,25,6,19
02/09/2016 12:00:00 PM,14,7,7
02/09/2016 01:00:00 PM,43,25,18
02/09/2016 02:00:00 PM,31,15,16
02/09/2016 03:00:00 PM,53,35,18
02/09/2016 04:00:00 PM,112,84,28
02/09/2016 05:00:00 PM,140,124,16
02/09/2016 06:00:00 PM,81,67,14
02/09/2016 07:00:00 PM,35,27,8
02/09/2016 08:00:00 PM,22,19,3
02/09/2016 09:00:00 PM,19,14,5
02/09/2016 10:00:00 PM,9,5,4
02/09/2016 11:00:00 PM,4,3,1
02/10/2016 12:00:00 AM,2,1,1
02/10/2016 01:00:00 AM,1,1,0
02/10/2016 02:00:00 AM,1,0,1
02/10/2016 03:00:00 AM,3,3,0
02/10/2016 04:00:00 AM,1,0,1
02/10/2016 05:00:00 AM,17,4,13
02/10/2016 06:00:00 AM,43,4,39
02/10/2016 07:00:00 AM,82,8,74
02/10/2016 08:00:00 AM,102,5,97
02/10/2016 09:00:00 AM,41,9,32
02/10/2016 10:00:00 AM,18,4,14
02/10/2016 11:00:00 AM,5,3,2
02/10/2016 12:00:00 PM,14,5,9
02/10/2016 01:00:00 PM,8,4,4
02/10/2016 02:00:00 PM,31,21,10
02/10/2016 03:00:00 PM,17,14,3
02/10/2016 04:00:00 PM,54,44,10
02/10/2016 05:00:00 PM,113,93,20
02/10/2016 06:00:00 PM,79,62,17
02/10/2016 07:00:00 PM,36,28,8
02/10/2016 08:00:00 PM,18,12,6
02/10/2016 09:00:00 PM,7,6,1
02/10/2016 10:00:00 PM,4,3,1
02/10/2016 11:00:00 PM,4,3,1
02/11/2016 12:00:00 AM,0,0,0
02/11/2016 01:00:00 AM,0,0,0
02/11/2016 02:00:00 AM,3,1,2
02/11/2016 03:00:00 AM,1,1,0
02/11/2016 04:00:00 AM,1,0,1
02/11/2016 05:00:00 AM,11,3,8
02/11/2016 06:00:00 AM,55,5,50
02/11/2016 07:00:00 AM,85,9,76
02/11/2016 08:00:00 AM,76,4,72
02/11/2016 09:00:00 AM,29,3,26
02/11/2016 10:00:00 AM,11,1,10
02/11/2016 11:00:00 AM,15,3,12
02/11/2016 12:00:00 PM,9,3,6
02/11/2016 01:00:00 PM,12,8,4
02/11/2016 02:00:00 PM,17,7,10
02/11/2016 03:00:00 PM,23,18,5
02/11/2016 04:00:00 PM,44,38,6
02/11/2016 05:00:00 PM,84,76,8
02/11/2016 06:00:00 PM,49,42,7
02/11/2016 07:00:00 PM,21,17,4
02/11/2016 08:00:00 PM,9,7,2
02/11/2016 09:00:00 PM,7,6,1
02/11/2016 10:00:00 PM,6,6,0
02/11/2016 11:00:00 PM,2,2,0
02/12/2016 12:00:00 AM,5,3,2
02/12/2016 01:00:00 AM,1,1,0
02/12/2016 02:00:00 AM,2,1,1
02/12/2016 03:00:00 AM,0,0,0
02/12/2016 04:00:00 AM,1,0,1
02/12/2016 05:00:00 AM,9,3,6
02/12/2016 06:00:00 AM,25,2,23
02/12/2016 07:00:00 AM,48,4,44
02/12/2016 08:00:00 AM,62,6,56
02/12/2016 09:00:00 AM,36,8,28
02/12/2016 10:00:00 AM,9,1,8
02/12/2016 11:00:00 AM,7,3,4
02/12/2016 12:00:00 PM,9,2,7
02/12/2016 01:00:00 PM,11,5,6
02/12/2016 02:00:00 PM,14,3,11
02/12/2016 03:00:00 PM,27,19,8
02/12/2016 04:00:00 PM,45,33,12
02/12/2016 05:00:00 PM,67,57,10
02/12/2016 06:00:00 PM,54,46,8
02/12/2016 07:00:00 PM,16,14,2
02/12/2016 08:00:00 PM,7,3,4
02/12/2016 09:00:00 PM,9,7,2
02/12/2016 10:00:00 PM,1,1,0
02/12/2016 11:00:00 PM,3,3,0
02/13/2016 12:00:00 AM,1,0,1
02/13/2016 01:00:00 AM,2,1,1
02/13/2016 02:00:00 AM,0,0,0
02/13/2016 03:00:00 AM,1,1,0
02/13/2016 04:00:00 AM,4,3,1
02/13/2016 05:00:00 AM,4,1,3
02/13/2016 06:00:00 AM,7,3,4
02/13/2016 07:00:00 AM,6,0,6
02/13/2016 08:00:00 AM,23,8,15
02/13/2016 09:00:00 AM,10,3,7
02/13/2016 10:00:00 AM,29,14,15
02/13/2016 11:00:00 AM,11,4,7
02/13/2016 12:00:00 PM,20,14,6
02/13/2016 01:00:00 PM,10,4,6
02/13/2016 02:00:00 PM,7,5,2
02/13/2016 03:00:00 PM,2,1,1
02/13/2016 04:00:00 PM,10,5,5
02/13/2016 05:00:00 PM,11,7,4
02/13/2016 06:00:00 PM,7,5,2
02/13/2016 07:00:00 PM,6,3,3
02/13/2016 08:00:00 PM,3,2,1
02/13/2016 09:00:00 PM,2,2,0
02/13/2016 10:00:00 PM,4,2,2
02/13/2016 11:00:00 PM,1,1,0
02/14/2016 12:00:00 AM,1,1,0
02/14/2016 01:00:00 AM,1,1,0
02/14/2016 02:00:00 AM,0,0,0
02/14/2016 03:00:00 AM,2,2,0
02/14/2016 04:00:00 AM,3,2,1
02/14/2016 05:00:00 AM,3,1,2
02/14/2016 06:00:00 AM,4,2,2
02/14/2016 07:00:00 AM,1,0,1
02/14/2016 08:00:00 AM,10,3,7
02/14/2016 09:00:00 AM,8,2,6
02/14/2016 10:00:00 AM,9,4,5
02/14/2016 11:00:00 AM,10,8,2
02/14/2016 12:00:00 PM,9,1,8
02/14/2016 01:00:00 PM,13,8,5
02/14/2016 02:00:00 PM,18,9,9
02/14/2016 03:00:00 PM,11,6,5
02/14/2016 04:00:00 PM,15,6,9
02/14/2016 05:00:00 PM,11,2,9
02/14/2016 06:00:00 PM,3,1,2
02/14/2016 07:00:00 PM,1,1,0
02/14/2016 08:00:00 PM,1,1,0
02/14/2016 09:00:00 PM,3,2,1
02/14/2016 10:00:00 PM,2,1,1
02/14/2016 11:00:00 PM,8,7,1
02/15/2016 12:00:00 AM,0,0,0
02/15/2016 01:00:00 AM,0,0,0
02/15/2016 02:00:00 AM,0,0,0
02/15/2016 03:00:00 AM,1,1,0
02/15/2016 04:00:00 AM,3,2,1
02/15/2016 05:00:00 AM,4,1,3
02/15/2016 06:00:00 AM,20,2,18
02/15/2016 07:00:00 AM,20,2,18
02/15/2016 08:00:00 AM,29,3,26
02/15/2016 09:00:00 AM,27,5,22
02/15/2016 10:00:00 AM,15,4,11
02/15/2016 11:00:00 AM,8,4,4
02/15/2016 12:00:00 PM,10,8,2
02/15/2016 01:00:00 PM,8,4,4
02/15/2016 02:00:00 PM,5,1,4
02/15/2016 03:00:00 PM,6,4,2
02/15/2016 04:00:00 PM,17,12,5
02/15/2016 05:00:00 PM,35,29,6
02/15/2016 06:00:00 PM,28,20,8
02/15/2016 07:00:00 PM,15,11,4
02/15/2016 08:00:00 PM,4,4,0
02/15/2016 09:00:00 PM,1,1,0
02/15/2016 10:00:00 PM,1,1,0
02/15/2016 11:00:00 PM,2,2,0
02/16/2016 12:00:00 AM,2,0,2
02/16/2016 01:00:00 AM,1,1,0
02/16/2016 02:00:00 AM,2,1,1
02/16/2016 03:00:00 AM,2,2,0
02/16/2016 04:00:00 AM,4,0,4
02/16/2016 05:00:00 AM,20,2,18
02/16/2016 06:00:00 AM,49,9,40
02/16/2016 07:00:00 AM,71,4,67
02/16/2016 08:00:00 AM,97,7,90
02/16/2016 09:00:00 AM,33,2,31
02/16/2016 10:00:00 AM,17,2,15
02/16/2016 11:00:00 AM,7,5,2
02/16/2016 12:00:00 PM,9,3,6
02/16/2016 01:00:00 PM,12,6,6
02/16/2016 02:00:00 PM,20,9,11
02/16/2016 03:00:00 PM,33,25,8
02/16/2016 04:00:00 PM,52,36,16
02/16/2016 05:00:00 PM,105,90,15
02/16/2016 06:00:00 PM,67,58,9
02/16/2016 07:00:00 PM,24,21,3
02/16/2016 08:00:00 PM,20,16,4
02/16/2016 09:00:00 PM,10,8,2
02/16/2016 10:00:00 PM,2,2,0
02/16/2016 11:00:00 PM,5,3,2
02/17/2016 12:00:00 AM,2,1,1
02/17/2016 01:00:00 AM,0,0,0
02/17/2016 02:00:00 AM,2,1,1
02/17/2016 03:00:00 AM,5,5,0
02/17/2016 04:00:00 AM,3,0,3
02/17/2016 05:00:00 AM,26,3,23
02/17/2016 06:00:00 AM,44,6,38
02/17/2016 07:00:00 AM,92,15,77
02/17/2016 08:00:00 AM,116,5,111
02/17/2016 09:00:00 AM,34,9,25
02/17/2016 10:00:00 AM,15,3,12
02/17/2016 11:00:00 AM,15,7,8
02/17/2016 12:00:00 PM,17,8,9
02/17/2016 01:00:00 PM,22,13,9
02/17/2016 02:00:00 PM,12,8,4
02/17/2016 03:00:00 PM,26,20,6
02/17/2016 04:00:00 PM,57,46,11
02/17/2016 05:00:00 PM,98,84,14
02/17/2016 06:00:00 PM,72,63,9
02/17/2016 07:00:00 PM,30,21,9
02/17/2016 08:00:00 PM,13,9,4
02/17/2016 09:00:00 PM,3,3,0
02/17/2016 10:00:00 PM,2,2,0
02/17/2016 11:00:00 PM,0,0,0
02/18/2016 12:00:00 AM,2,1,1
02/18/2016 01:00:00 AM,3,2,1
02/18/2016 02:00:00 AM,1,0,1
02/18/2016 03:00:00 AM,3,2,1
02/18/2016 04:00:00 AM,0,0,0
02/18/2016 05:00:00 AM,15,4,11
02/18/2016 06:00:00 AM,40,5,35
02/18/2016 07:00:00 AM,71,11,60
02/18/2016 08:00:00 AM,100,11,89
02/18/2016 09:00:00 AM,39,3,36
02/18/2016 10:00:00 AM,19,6,13
02/18/2016 11:00:00 AM,11,3,8
02/18/2016 12:00:00 PM,12,6,6
02/18/2016 01:00:00 PM,22,12,10
02/18/2016 02:00:00 PM,16,9,7
02/18/2016 03:00:00 PM,29,19,10
02/18/2016 04:00:00 PM,56,42,14
02/18/2016 05:00:00 PM,94,83,11
02/18/2016 06:00:00 PM,77,67,10
02/18/2016 07:00:00 PM,24,18,6
02/18/2016 08:00:00 PM,11,10,1
02/18/2016 09:00:00 PM,10,9,1
02/18/2016 10:00:00 PM,4,2,2
02/18/2016 11:00:00 PM,4,4,0
02/19/2016 12:00:00 AM,4,2,2
02/19/2016 01:00:00 AM,4,2,2
02/19/2016 02:00:00 AM,4,3,1
02/19/2016 03:00:00 AM,0,0,0
02/19/2016 04:00:00 AM,0,0,0
02/19/2016 05:00:00 AM,10,1,9
02/19/2016 06:00:00 AM,18,4,14
02/19/2016 07:00:00 AM,48,10,38
02/19/2016 08:00:00 AM,55,2,53
02/19/2016 09:00:00 AM,27,5,22
02/19/2016 10:00:00 AM,6,0,6
02/19/2016 11:00:00 AM,3,1,2
02/19/2016 12:00:00 PM,4,2,2
02/19/2016 01:00:00 PM,9,3,6
02/19/2016 02:00:00 PM,6,4,2
02/19/2016 03:00:00 PM,14,10,4
02/19/2016 04:00:00 PM,24,21,3
02/19/2016 05:00:00 PM,56,52,4
02/19/2016 06:00:00 PM,42,33,9
02/19/2016 07:00:00 PM,11,10,1
02/19/2016 08:00:00 PM,8,8,0
02/19/2016 09:00:00 PM,3,1,2
02/19/2016 10:00:00 PM,3,1,2
02/19/2016 11:00:00 PM,1,0,1
02/20/2016 12:00:00 AM,2,2,0
02/20/2016 01:00:00 AM,1,1,0
02/20/2016 02:00:00 AM,1,0,1
02/20/2016 03:00:00 AM,1,1,0
02/20/2016 04:00:00 AM,2,0,2
02/20/2016 05:00:00 AM,3,0,3
02/20/2016 06:00:00 AM,5,3,2
02/20/2016 07:00:00 AM,8,0,8
02/20/2016 08:00:00 AM,16,4,12
02/20/2016 09:00:00 AM,27,13,14
02/20/2016 10:00:00 AM,48,17,31
02/20/2016 11:00:00 AM,67,38,29
02/20/2016 12:00:00 PM,65,26,39
02/20/2016 01:00:00 PM,55,30,25
02/20/2016 02:00:00 PM,94,65,29
02/20/2016 03:00:00 PM,61,25,36
02/20/2016 04:00:00 PM,44,16,28
02/20/2016 05:00:00 PM,25,15,10
02/20/2016 06:00:00 PM,17,13,4
02/20/2016 07:00:00 PM,5,2,3
02/20/2016 08:00:00 PM,3,1,2
02/20/2016 09:00:00 PM,6,4,2
02/20/2016 10:00:00 PM,3,3,0
02/20/2016 11:00:00 PM,1,1,0
02/21/2016 12:00:00 AM,2,2,0
02/21/2016 01:00:00 AM,0,0,0
02/21/2016 02:00:00 AM,0,0,0
02/21/2016 03:00:00 AM,5,2,3
02/21/2016 04:00:00 AM,2,1,1
02/21/2016 05:00:00 AM,3,0,3
02/21/2016 06:00:00 AM,4,1,3
02/21/2016 07:00:00 AM,4,1,3
02/21/2016 08:00:00 AM,13,4,9
02/21/2016 09:00:00 AM,9,8,1
02/21/2016 10:00:00 AM,29,15,14
02/21/2016 11:00:00 AM,17,7,10
02/21/2016 12:00:00 PM,12,6,6
02/21/2016 01:00:00 PM,9,3,6
02/21/2016 02:00:00 PM,15,7,8
02/21/2016 03:00:00 PM,11,7,4
02/21/2016 04:00:00 PM,11,3,8
02/21/2016 05:00:00 PM,7,2,5
02/21/2016 06:00:00 PM,2,0,2
02/21/2016 07:00:00 PM,7,5,2
02/21/2016 08:00:00 PM,5,3,2
02/21/2016 09:00:00 PM,0,0,0
02/21/2016 10:00:00 PM,0,0,0
02/21/2016 11:00:00 PM,2,1,1
02/22/2016 12:00:00 AM,1,0,1
02/22/2016 01:00:00 AM,0,0,0
02/22/2016 02:00:00 AM,2,0,2
02/22/2016 03:00:00 AM,3,3,0
02/22/2016 04:00:00 AM,1,0,1
02/22/2016 05:00:00 AM,20,1,19
02/22/2016 06:00:00 AM,41,4,37
02/22/2016 07:00:00 AM,83,8,75
02/22/2016 08:00:00 AM,108,9,99
02/22/2016 09:00:00 AM,29,1,28
02/22/2016 10:00:00 AM,20,3,17
02/22/2016 11:00:00 AM,18,7,11
02/22/2016 12:00:00 PM,13,4,9
02/22/2016 01:00:00 PM,11,3,8
02/22/2016 02:00:00 PM,20,10,10
02/22/2016 03:00:00 PM,31,25,6
02/22/2016 04:00:00 PM,72,57,15
02/22/2016 05:00:00 PM,127,106,21
02/22/2016 06:00:00 PM,65,59,6
02/22/2016 07:00:00 PM,20,17,3
02/22/2016 08:00:00 PM,11,10,1
02/22/2016 09:00:00 PM,11,7,4
02/22/2016 10:00:00 PM,4,4,0
02/22/2016 11:00:00 PM,3,3,0
02/23/2016 12:00:00 AM,0,0,0
02/23/2016 01:00:00 AM,1,1,0
02/23/2016 02:00:00 AM,2,1,1
02/23/2016 03:00:00 AM,1,1,0
02/23/2016 04:00:00 AM,1,1,0
02/23/2016 05:00:00 AM,19,3,16
02/23/2016 06:00:00 AM,49,6,43
02/23/2016 07:00:00 AM,121,12,109
02/23/2016 08:00:00 AM,108,4,104
02/23/2016 09:00:00 AM,52,7,45
02/23/2016 10:00:00 AM,22,6,16
02/23/2016 11:00:00 AM,15,8,7
02/23/2016 12:00:00 PM,20,10,10
02/23/2016 01:00:00 PM,28,16,12
02/23/2016 02:00:00 PM,32,14,18
02/23/2016 03:00:00 PM,44,29,15
02/23/2016 04:00:00 PM,86,64,22
02/23/2016 05:00:00 PM,153,133,20
02/23/2016 06:00:00 PM,92,80,12
02/23/2016 07:00:00 PM,34,31,3
02/23/2016 08:00:00 PM,19,16,3
02/23/2016 09:00:00 PM,14,8,6
02/23/2016 10:00:00 PM,13,10,3
02/23/2016 11:00:00 PM,1,1,0
02/24/2016 12:00:00 AM,1,1,0
02/24/2016 01:00:00 AM,1,1,0
02/24/2016 02:00:00 AM,3,1,2
02/24/2016 03:00:00 AM,2,2,0
02/24/2016 04:00:00 AM,1,1,0
02/24/2016 05:00:00 AM,25,3,22
02/24/2016 06:00:00 AM,63,9,54
02/24/2016 07:00:00 AM,118,10,108
02/24/2016 08:00:00 AM,119,14,105
02/24/2016 09:00:00 AM,45,5,40
02/24/2016 10:00:00 AM,28,6,22
02/24/2016 11:00:00 AM,25,14,11
02/24/2016 12:00:00 PM,30,18,12
02/24/2016 01:00:00 PM,25,12,13
02/24/2016 02:00:00 PM,26,12,14
02/24/2016 03:00:00 PM,34,23,11
02/24/2016 04:00:00 PM,75,55,20
02/24/2016 05:00:00 PM,135,122,13
02/24/2016 06:00:00 PM,86,71,15
02/24/2016 07:00:00 PM,36,30,6
02/24/2016 08:00:00 PM,19,16,3
02/24/2016 09:00:00 PM,7,7,0
02/24/2016 10:00:00 PM,9,6,3
02/24/2016 11:00:00 PM,2,2,0
02/25/2016 12:00:00 AM,0,0,0
02/25/2016 01:00:00 AM,1,0,1
02/25/2016 02:00:00 AM,2,1,1
02/25/2016 03:00:00 AM,0,0,0
02/25/2016 04:00:00 AM,2,0,2
02/25/2016 05:00:00 AM,19,1,18
02/25/2016 06:00:00 AM,58,8,50
02/25/2016 07:00:00 AM,105,18,87
02/25/2016 08:00:00 AM,131,16,115
02/25/2016 09:00:00 AM,54,8,46
02/25/2016 10:00:00 AM,29,5,24
02/25/2016 11:00:00 AM,23,12,11
02/25/2016 12:00:00 PM,40,20,20
02/25/2016 01:00:00 PM,35,15,20
02/25/2016 02:00:00 PM,44,23,21
02/25/2016 03:00:00 PM,62,35,27
02/25/2016 04:00:00 PM,85,64,21
02/25/2016 05:00:00 PM,156,134,22
02/25/2016 06:00:00 PM,76,65,11
02/25/2016 07:00:00 PM,39,34,5
02/25/2016 08:00:00 PM,14,12,2
02/25/2016 09:00:00 PM,9,7,2
02/25/2016 10:00:00 PM,10,7,3
02/25/2016 11:00:00 PM,3,2,1
02/26/2016 12:00:00 AM,4,2,2
02/26/2016 01:00:00 AM,2,1,1
02/26/2016 02:00:00 AM,2,1,1
02/26/2016 03:00:00 AM,0,0,0
02/26/2016 04:00:00 AM,4,2,2
02/26/2016 05:00:00 AM,15,3,12
02/26/2016 06:00:00 AM,41,10,31
02/26/2016 07:00:00 AM,78,11,67
02/26/2016 08:00:00 AM,95,6,89
02/26/2016 09:00:00 AM,33,7,26
02/26/2016 10:00:00 AM,23,3,20
02/26/2016 11:00:00 AM,21,10,11
02/26/2016 12:00:00 PM,24,10,14
02/26/2016 01:00:00 PM,28,10,18
02/26/2016 02:00:00 PM,21,12,9
02/26/2016 03:00:00 PM,42,26,16
02/26/2016 04:00:00 PM,52,44,8
02/26/2016 05:00:00 PM,77,66,11
02/26/2016 06:00:00 PM,41,37,4
02/26/2016 07:00:00 PM,15,12,3
02/26/2016 08:00:00 PM,4,3,1
02/26/2016 09:00:00 PM,4,2,2
02/26/2016 10:00:00 PM,2,2,0
02/26/2016 11:00:00 PM,3,2,1
02/27/2016 12:00:00 AM,3,3,0
02/27/2016 01:00:00 AM,0,0,0
02/27/2016 02:00:00 AM,0,0,0
02/27/2016 03:00:00 AM,0,0,0
02/27/2016 04:00:00 AM,0,0,0
02/27/2016 05:00:00 AM,4,0,4
02/27/2016 06:00:00 AM,9,1,8
02/27/2016 07:00:00 AM,8,4,4
02/27/2016 08:00:00 AM,14,8,6
02/27/2016 09:00:00 AM,25,11,14
02/27/2016 10:00:00 AM,37,19,18
02/27/2016 11:00:00 AM,36,15,21
02/27/2016 12:00:00 PM,31,19,12
02/27/2016 01:00:00 PM,42,20,22
02/27/2016 02:00:00 PM,44,21,23
02/27/2016 03:00:00 PM,45,21,24
02/27/2016 04:00:00 PM,57,33,24
02/27/2016 05:00:00 PM,26,11,15
02/27/2016 06:00:00 PM,19,8,11
02/27/2016 07:00:00 PM,12,5,7
02/27/2016 08:00:00 PM,6,6,0
02/27/2016 09:00:00 PM,4,1,3
02/27/2016 10:00:00 PM,1,1,0
02/27/2016 11:00:00 PM,3,1,2
02/28/2016 12:00:00 AM,5,5,0
02/28/2016 01:00:00 AM,2,2,0
02/28/2016 02:00:00 AM,3,2,1
02/28/2016 03:00:00 AM,1,0,1
02/28/2016 04:00:00 AM,2,2,0
02/28/2016 05:00:00 AM,5,0,5
02/28/2016 06:00:00 AM,6,0,6
02/28/2016 07:00:00 AM,36,1,35
02/28/2016 08:00:00 AM,30,4,26
02/28/2016 09:00:00 AM,13,0,13
02/28/2016 10:00:00 AM,6,2,4
02/28/2016 11:00:00 AM,9,6,3
02/28/2016 12:00:00 PM,17,14,3
02/28/2016 01:00:00 PM,24,18,6
02/28/2016 02:00:00 PM,18,12,6
02/28/2016 03:00:00 PM,21,17,4
02/28/2016 04:00:00 PM,19,15,4
02/28/2016 05:00:00 PM,3,3,0
02/28/2016 06:00:00 PM,7,5,2
02/28/2016 07:00:00 PM,3,2,1
02/28/2016 08:00:00 PM,2,1,1
02/28/2016 09:00:00 PM,2,2,0
02/28/2016 10:00:00 PM,1,0,1
02/28/2016 11:00:00 PM,1,1,0
02/29/2016 12:00:00 AM,1,0,1
02/29/2016 01:00:00 AM,0,0,0
02/29/2016 02:00:00 AM,0,0,0
02/29/2016 03:00:00 AM,0,0,0
02/29/2016 04:00:00 AM,2,1,1
02/29/2016 05:00:00 AM,9,0,9
02/29/2016 06:00:00 AM,54,6,48
02/29/2016 07:00:00 AM,87,9,78
02/29/2016 08:00:00 AM,91,11,80
02/29/2016 09:00:00 AM,28,1,27
02/29/2016 10:00:00 AM,20,5,15
02/29/2016 11:00:00 AM,17,11,6
02/29/2016 12:00:00 PM,29,11,18
02/29/2016 01:00:00 PM,19,9,10
02/29/2016 02:00:00 PM,27,12,15
02/29/2016 03:00:00 PM,34,29,5
02/29/2016 04:00:00 PM,65,46,19
02/29/2016 05:00:00 PM,117,107,10
02/29/2016 06:00:00 PM,66,59,7
02/29/2016 07:00:00 PM,29,25,4
02/29/2016 08:00:00 PM,13,8,5
02/29/2016 09:00:00 PM,8,6,2
02/29/2016 10:00:00 PM,2,2,0
02/29/2016 11:00:00 PM,6,3,3
03/01/2016 12:00:00 AM,3,1,2
03/01/2016 01:00:00 AM,0,0,0
03/01/2016 02:00:00 AM,1,1,0
03/01/2016 03:00:00 AM,2,1,1
03/01/2016 04:00:00 AM,0,0,0
03/01/2016 05:00:00 AM,10,1,9
03/01/2016 06:00:00 AM,27,5,22
03/01/2016 07:00:00 AM,71,8,63
03/01/2016 08:00:00 AM,86,11,75
03/01/2016 09:00:00 AM,34,6,28
03/01/2016 10:00:00 AM,7,0,7
03/01/2016 11:00:00 AM,5,2,3
03/01/2016 12:00:00 PM,4,3,1
03/01/2016 01:00:00 PM,6,1,5
03/01/2016 02:00:00 PM,7,3,4
03/01/2016 03:00:00 PM,11,7,4
03/01/2016 04:00:00 PM,40,29,11
03/01/2016 05:00:00 PM,77,73,4
03/01/2016 06:00:00 PM,49,44,5
03/01/2016 07:00:00 PM,16,15,1
03/01/2016 08:00:00 PM,8,8,0
03/01/2016 09:00:00 PM,3,2,1
03/01/2016 10:00:00 PM,2,1,1
03/01/2016 11:00:00 PM,0,0,0
03/02/2016 12:00:00 AM,0,0,0
03/02/2016 01:00:00 AM,2,2,0
03/02/2016 02:00:00 AM,1,0,1
03/02/2016 03:00:00 AM,0,0,0
03/02/2016 04:00:00 AM,3,1,2
03/02/2016 05:00:00 AM,13,3,10
03/02/2016 06:00:00 AM,47,6,41
03/02/2016 07:00:00 AM,78,8,70
03/02/2016 08:00:00 AM,108,9,99
03/02/2016 09:00:00 AM,42,12,30
03/02/2016 10:00:00 AM,24,8,16
03/02/2016 11:00:00 AM,11,4,7
03/02/2016 12:00:00 PM,25,13,12
03/02/2016 01:00:00 PM,12,4,8
03/02/2016 02:00:00 PM,15,10,5
03/02/2016 03:00:00 PM,23,18,5
03/02/2016 04:00:00 PM,80,61,19
03/02/2016 05:00:00 PM,120,102,18
03/02/2016 06:00:00 PM,66,61,5
03/02/2016 07:00:00 PM,22,18,4
03/02/2016 08:00:00 PM,21,19,2
03/02/2016 09:00:00 PM,7,6,1
03/02/2016 10:00:00 PM,5,4,1
03/02/2016 11:00:00 PM,1,1,0
03/03/2016 12:00:00 AM,0,0,0
03/03/2016 01:00:00 AM,0,0,0
03/03/2016 02:00:00 AM,1,0,1
03/03/2016 03:00:00 AM,0,0,0
03/03/2016 04:00:00 AM,3,1,2
03/03/2016 05:00:00 AM,14,1,13
03/03/2016 06:00:00 AM,51,5,46
03/03/2016 07:00:00 AM,78,11,67
03/03/2016 08:00:00 AM,100,10,90
03/03/2016 09:00:00 AM,45,7,38
03/03/2016 10:00:00 AM,13,1,12
03/03/2016 11:00:00 AM,5,0,5
03/03/2016 12:00:00 PM,13,5,8
03/03/2016 01:00:00 PM,13,6,7
03/03/2016 02:00:00 PM,6,4,2
03/03/2016 03:00:00 PM,25,19,6
03/03/2016 04:00:00 PM,55,38,17
03/03/2016 05:00:00 PM,118,106,12
03/03/2016 06:00:00 PM,79,66,13
03/03/2016 07:00:00 PM,22,16,6
03/03/2016 08:00:00 PM,10,7,3
03/03/2016 09:00:00 PM,5,5,0
03/03/2016 10:00:00 PM,11,9,2
03/03/2016 11:00:00 PM,2,2,0
03/04/2016 12:00:00 AM,2,2,0
03/04/2016 01:00:00 AM,0,0,0
03/04/2016 02:00:00 AM,0,0,0
03/04/2016 03:00:00 AM,1,1,0
03/04/2016 04:00:00 AM,5,0,5
03/04/2016 05:00:00 AM,11,1,10
03/04/2016 06:00:00 AM,45,3,42
03/04/2016 07:00:00 AM,81,12,69
03/04/2016 08:00:00 AM,104,6,98
03/04/2016 09:00:00 AM,33,8,25
03/04/2016 10:00:00 AM,21,5,16
03/04/2016 11:00:00 AM,19,5,14
03/04/2016 12:00:00 PM,15,9,6
03/04/2016 01:00:00 PM,15,7,8
03/04/2016 02:00:00 PM,17,12,5
03/04/2016 03:00:00 PM,18,14,4
03/04/2016 04:00:00 PM,48,39,9
03/04/2016 05:00:00 PM,86,82,4
03/04/2016 06:00:00 PM,42,38,4
03/04/2016 07:00:00 PM,27,23,4
03/04/2016 08:00:00 PM,9,6,3
03/04/2016 09:00:00 PM,5,4,1
03/04/2016 10:00:00 PM,3,2,1
03/04/2016 11:00:00 PM,1,1,0
03/05/2016 12:00:00 AM,1,1,0
03/05/2016 01:00:00 AM,1,1,0
03/05/2016 02:00:00 AM,0,0,0
03/05/2016 03:00:00 AM,0,0,0
03/05/2016 04:00:00 AM,1,0,1
03/05/2016 05:00:00 AM,8,1,7
03/05/2016 06:00:00 AM,6,1,5
03/05/2016 07:00:00 AM,8,1,7
03/05/2016 08:00:00 AM,22,7,15
03/05/2016 09:00:00 AM,13,6,7
03/05/2016 10:00:00 AM,47,22,25
03/05/2016 11:00:00 AM,54,25,29
03/05/2016 12:00:00 PM,75,43,32
03/05/2016 01:00:00 PM,81,43,38
03/05/2016 02:00:00 PM,84,56,28
03/05/2016 03:00:00 PM,84,46,38
03/05/2016 04:00:00 PM,39,14,25
03/05/2016 05:00:00 PM,18,8,10
03/05/2016 06:00:00 PM,19,4,15
03/05/2016 07:00:00 PM,10,7,3
03/05/2016 08:00:00 PM,2,1,1
03/05/2016 09:00:00 PM,2,0,2
03/05/2016 10:00:00 PM,7,4,3
03/05/2016 11:00:00 PM,1,0,1
03/06/2016 12:00:00 AM,0,0,0
03/06/2016 01:00:00 AM,4,3,1
03/06/2016 02:00:00 AM,1,1,0
03/06/2016 03:00:00 AM,0,0,0
03/06/2016 04:00:00 AM,1,1,0
03/06/2016 05:00:00 AM,3,0,3
03/06/2016 06:00:00 AM,3,0,3
03/06/2016 07:00:00 AM,11,3,8
03/06/2016 08:00:00 AM,9,5,4
03/06/2016 09:00:00 AM,11,5,6
03/06/2016 10:00:00 AM,7,2,5
03/06/2016 11:00:00 AM,22,11,11
03/06/2016 12:00:00 PM,8,6,2
03/06/2016 01:00:00 PM,13,6,7
03/06/2016 02:00:00 PM,18,6,12
03/06/2016 03:00:00 PM,26,13,13
03/06/2016 04:00:00 PM,20,12,8
03/06/2016 05:00:00 PM,14,5,9
03/06/2016 06:00:00 PM,5,3,2
03/06/2016 07:00:00 PM,4,3,1
03/06/2016 08:00:00 PM,2,1,1
03/06/2016 09:00:00 PM,3,2,1
03/06/2016 10:00:00 PM,0,0,0
03/06/2016 11:00:00 PM,4,2,2
03/07/2016 12:00:00 AM,0,0,0
03/07/2016 01:00:00 AM,3,1,2
03/07/2016 02:00:00 AM,1,0,1
03/07/2016 03:00:00 AM,1,1,0
03/07/2016 04:00:00 AM,3,1,2
03/07/2016 05:00:00 AM,16,1,15
03/07/2016 06:00:00 AM,42,10,32
03/07/2016 07:00:00 AM,62,7,55
03/07/2016 08:00:00 AM,61,7,54
03/07/2016 09:00:00 AM,30,6,24
03/07/2016 10:00:00 AM,12,2,10
03/07/2016 11:00:00 AM,13,5,8
03/07/2016 12:00:00 PM,5,2,3
03/07/2016 01:00:00 PM,8,2,6
03/07/2016 02:00:00 PM,8,5,3
03/07/2016 03:00:00 PM,22,18,4
03/07/2016 04:00:00 PM,59,47,12
03/07/2016 05:00:00 PM,107,93,14
03/07/2016 06:00:00 PM,64,52,12
03/07/2016 07:00:00 PM,19,16,3
03/07/2016 08:00:00 PM,8,5,3
03/07/2016 09:00:00 PM,7,6,1
03/07/2016 10:00:00 PM,4,3,1
03/07/2016 11:00:00 PM,1,1,0
03/08/2016 12:00:00 AM,1,1,0
03/08/2016 01:00:00 AM,0,0,0
03/08/2016 02:00:00 AM,1,0,1
03/08/2016 03:00:00 AM,3,2,1
03/08/2016 04:00:00 AM,2,0,2
03/08/2016 05:00:00 AM,25,3,22
03/08/2016 06:00:00 AM,60,10,50
03/08/2016 07:00:00 AM,115,11,104
03/08/2016 08:00:00 AM,105,8,97
03/08/2016 09:00:00 AM,40,4,36
03/08/2016 10:00:00 AM,21,3,18
03/08/2016 11:00:00 AM,10,4,6
03/08/2016 12:00:00 PM,15,6,9
03/08/2016 01:00:00 PM,9,3,6
03/08/2016 02:00:00 PM,22,12,10
03/08/2016 03:00:00 PM,28,22,6
03/08/2016 04:00:00 PM,89,66,23
03/08/2016 05:00:00 PM,125,112,13
03/08/2016 06:00:00 PM,82,72,10
03/08/2016 07:00:00 PM,29,25,4
03/08/2016 08:00:00 PM,17,13,4
03/08/2016 09:00:00 PM,13,8,5
03/08/2016 10:00:00 PM,8,7,1
03/08/2016 11:00:00 PM,4,2,2
03/09/2016 12:00:00 AM,1,1,0
03/09/2016 01:00:00 AM,0,0,0
03/09/2016 02:00:00 AM,1,1,0
03/09/2016 03:00:00 AM,2,1,1
03/09/2016 04:00:00 AM,7,3,4
03/09/2016 05:00:00 AM,20,0,20
03/09/2016 06:00:00 AM,47,12,35
03/09/2016 07:00:00 AM,86,12,74
03/09/2016 08:00:00 AM,93,11,82
03/09/2016 09:00:00 AM,40,5,35
03/09/2016 10:00:00 AM,18,2,16
03/09/2016 11:00:00 AM,13,6,7
03/09/2016 12:00:00 PM,4,3,1
03/09/2016 01:00:00 PM,5,2,3
03/09/2016 02:00:00 PM,11,4,7
03/09/2016 03:00:00 PM,17,14,3
03/09/2016 04:00:00 PM,44,35,9
03/09/2016 05:00:00 PM,82,74,8
03/09/2016 06:00:00 PM,52,41,11
03/09/2016 07:00:00 PM,21,16,5
03/09/2016 08:00:00 PM,12,11,1
03/09/2016 09:00:00 PM,2,1,1
03/09/2016 10:00:00 PM,3,2,1
03/09/2016 11:00:00 PM,2,1,1
03/10/2016 12:00:00 AM,0,0,0
03/10/2016 01:00:00 AM,0,0,0
03/10/2016 02:00:00 AM,1,1,0
03/10/2016 03:00:00 AM,0,0,0
03/10/2016 04:00:00 AM,2,1,1
03/10/2016 05:00:00 AM,10,2,8
03/10/2016 06:00:00 AM,33,5,28
03/10/2016 07:00:00 AM,70,9,61
03/10/2016 08:00:00 AM,72,5,67
03/10/2016 09:00:00 AM,22,4,18
03/10/2016 10:00:00 AM,17,4,13
03/10/2016 11:00:00 AM,10,3,7
03/10/2016 12:00:00 PM,5,1,4
03/10/2016 01:00:00 PM,15,11,4
03/10/2016 02:00:00 PM,7,5,2
03/10/2016 03:00:00 PM,23,19,4
03/10/2016 04:00:00 PM,36,26,10
03/10/2016 05:00:00 PM,88,79,9
03/10/2016 06:00:00 PM,61,51,10
03/10/2016 07:00:00 PM,20,15,5
03/10/2016 08:00:00 PM,8,7,1
03/10/2016 09:00:00 PM,4,3,1
03/10/2016 10:00:00 PM,4,4,0
03/10/2016 11:00:00 PM,3,2,1
03/11/2016 12:00:00 AM,4,3,1
03/11/2016 01:00:00 AM,1,1,0
03/11/2016 02:00:00 AM,2,1,1
03/11/2016 03:00:00 AM,1,0,1
03/11/2016 04:00:00 AM,0,0,0
03/11/2016 05:00:00 AM,12,1,11
03/11/2016 06:00:00 AM,38,8,30
03/11/2016 07:00:00 AM,85,9,76
03/11/2016 08:00:00 AM,94,7,87
03/11/2016 09:00:00 AM,30,5,25
03/11/2016 10:00:00 AM,17,2,15
03/11/2016 11:00:00 AM,17,10,7
03/11/2016 12:00:00 PM,13,9,4
03/11/2016 01:00:00 PM,14,7,7
03/11/2016 02:00:00 PM,8,4,4
03/11/2016 03:00:00 PM,29,18,11
03/11/2016 04:00:00 PM,59,51,8
03/11/2016 05:00:00 PM,86,81,5
03/11/2016 06:00:00 PM,33,29,4
03/11/2016 07:00:00 PM,13,12,1
03/11/2016 08:00:00 PM,4,4,0
03/11/2016 09:00:00 PM,3,3,0
03/11/2016 10:00:00 PM,6,6,0
03/11/2016 11:00:00 PM,0,0,0
03/12/2016 12:00:00 AM,1,1,0
03/12/2016 01:00:00 AM,0,0,0
03/12/2016 02:00:00 AM,0,0,0
03/12/2016 03:00:00 AM,2,1,1
03/12/2016 04:00:00 AM,1,0,1
03/12/2016 05:00:00 AM,4,1,3
03/12/2016 06:00:00 AM,5,1,4
03/12/2016 07:00:00 AM,7,3,4
03/12/2016 08:00:00 AM,9,6,3
03/12/2016 09:00:00 AM,5,3,2
03/12/2016 10:00:00 AM,9,0,9
03/12/2016 11:00:00 AM,19,7,12
03/12/2016 12:00:00 PM,24,11,13
03/12/2016 01:00:00 PM,27,14,13
03/12/2016 02:00:00 PM,24,15,9
03/12/2016 03:00:00 PM,27,16,11
03/12/2016 04:00:00 PM,11,4,7
03/12/2016 05:00:00 PM,14,7,7
03/12/2016 06:00:00 PM,5,3,2
03/12/2016 07:00:00 PM,5,4,1
03/12/2016 08:00:00 PM,2,2,0
03/12/2016 09:00:00 PM,1,0,1
03/12/2016 10:00:00 PM,0,0,0
03/12/2016 11:00:00 PM,1,1,0
03/13/2016 12:00:00 AM,4,4,0
03/13/2016 01:00:00 AM,3,2,1
03/13/2016 02:00:00 AM,,,
03/13/2016 03:00:00 AM,1,1,0
03/13/2016 04:00:00 AM,1,1,0
03/13/2016 05:00:00 AM,3,0,3
03/13/2016 06:00:00 AM,3,2,1
03/13/2016 07:00:00 AM,1,0,1
03/13/2016 08:00:00 AM,10,3,7
03/13/2016 09:00:00 AM,14,7,7
03/13/2016 10:00:00 AM,7,1,6
03/13/2016 11:00:00 AM,3,1,2
03/13/2016 12:00:00 PM,11,4,7
03/13/2016 01:00:00 PM,11,9,2
03/13/2016 02:00:00 PM,8,2,6
03/13/2016 03:00:00 PM,12,4,8
03/13/2016 04:00:00 PM,4,4,0
03/13/2016 05:00:00 PM,4,0,4
03/13/2016 06:00:00 PM,4,1,3
03/13/2016 07:00:00 PM,3,2,1
03/13/2016 08:00:00 PM,3,3,0
03/13/2016 09:00:00 PM,1,1,0
03/13/2016 10:00:00 PM,1,0,1
03/13/2016 11:00:00 PM,1,1,0
03/14/2016 12:00:00 AM,1,0,1
03/14/2016 01:00:00 AM,1,1,0
03/14/2016 02:00:00 AM,0,0,0
03/14/2016 03:00:00 AM,3,3,0
03/14/2016 04:00:00 AM,1,0,1
03/14/2016 05:00:00 AM,13,0,13
03/14/2016 06:00:00 AM,30,2,28
03/14/2016 07:00:00 AM,71,7,64
03/14/2016 08:00:00 AM,74,5,69
03/14/2016 09:00:00 AM,30,2,28
03/14/2016 10:00:00 AM,17,2,15
03/14/2016 11:00:00 AM,11,5,6
03/14/2016 12:00:00 PM,7,2,5
03/14/2016 01:00:00 PM,11,4,7
03/14/2016 02:00:00 PM,8,3,5
03/14/2016 03:00:00 PM,20,18,2
03/14/2016 04:00:00 PM,41,29,12
03/14/2016 05:00:00 PM,82,72,10
03/14/2016 06:00:00 PM,61,55,6
03/14/2016 07:00:00 PM,14,10,4
03/14/2016 08:00:00 PM,6,4,2
03/14/2016 09:00:00 PM,7,6,1
03/14/2016 10:00:00 PM,1,1,0
03/14/2016 11:00:00 PM,1,1,0
03/15/2016 12:00:00 AM,2,1,1
03/15/2016 01:00:00 AM,1,0,1
03/15/2016 02:00:00 AM,1,1,0
03/15/2016 03:00:00 AM,3,2,1
03/15/2016 04:00:00 AM,6,1,5
03/15/2016 05:00:00 AM,13,2,11
03/15/2016 06:00:00 AM,50,4,46
03/15/2016 07:00:00 AM,73,8,65
03/15/2016 08:00:00 AM,92,15,77
03/15/2016 09:00:00 AM,35,5,30
03/15/2016 10:00:00 AM,19,5,14
03/15/2016 11:00:00 AM,12,4,8
03/15/2016 12:00:00 PM,11,3,8
03/15/2016 01:00:00 PM,14,6,8
03/15/2016 02:00:00 PM,9,6,3
03/15/2016 03:00:00 PM,24,18,6
03/15/2016 04:00:00 PM,72,55,17
03/15/2016 05:00:00 PM,100,87,13
03/15/2016 06:00:00 PM,86,66,20
03/15/2016 07:00:00 PM,24,20,4
03/15/2016 08:00:00 PM,14,11,3
03/15/2016 09:00:00 PM,7,5,2
03/15/2016 10:00:00 PM,6,4,2
03/15/2016 11:00:00 PM,6,4,2
03/16/2016 12:00:00 AM,2,0,2
03/16/2016 01:00:00 AM,1,1,0
03/16/2016 02:00:00 AM,0,0,0
03/16/2016 03:00:00 AM,1,1,0
03/16/2016 04:00:00 AM,4,1,3
03/16/2016 05:00:00 AM,17,3,14
03/16/2016 06:00:00 AM,61,7,54
03/16/2016 07:00:00 AM,85,10,75
03/16/2016 08:00:00 AM,130,10,120
03/16/2016 09:00:00 AM,52,7,45
03/16/2016 10:00:00 AM,26,8,18
03/16/2016 11:00:00 AM,26,8,18
03/16/2016 12:00:00 PM,18,7,11
03/16/2016 01:00:00 PM,14,10,4
03/16/2016 02:00:00 PM,30,17,13
03/16/2016 03:00:00 PM,46,30,16
03/16/2016 04:00:00 PM,75,58,17
03/16/2016 05:00:00 PM,155,139,16
03/16/2016 06:00:00 PM,93,76,17
03/16/2016 07:00:00 PM,47,35,12
03/16/2016 08:00:00 PM,25,17,8
03/16/2016 09:00:00 PM,17,11,6
03/16/2016 10:00:00 PM,8,6,2
03/16/2016 11:00:00 PM,2,0,2
03/17/2016 12:00:00 AM,2,2,0
03/17/2016 01:00:00 AM,1,1,0
03/17/2016 02:00:00 AM,0,0,0
03/17/2016 03:00:00 AM,0,0,0
03/17/2016 04:00:00 AM,1,0,1
03/17/2016 05:00:00 AM,23,5,18
03/17/2016 06:00:00 AM,60,6,54
03/17/2016 07:00:00 AM,97,11,86
03/17/2016 08:00:00 AM,135,12,123
03/17/2016 09:00:00 AM,44,6,38
03/17/2016 10:00:00 AM,32,9,23
03/17/2016 11:00:00 AM,11,4,7
03/17/2016 12:00:00 PM,13,5,8
03/17/2016 01:00:00 PM,13,4,9
03/17/2016 02:00:00 PM,32,23,9
03/17/2016 03:00:00 PM,54,37,17
03/17/2016 04:00:00 PM,96,77,19
03/17/2016 05:00:00 PM,149,117,32
03/17/2016 06:00:00 PM,103,90,13
03/17/2016 07:00:00 PM,33,26,7
03/17/2016 08:00:00 PM,18,12,6
03/17/2016 09:00:00 PM,13,12,1
03/17/2016 10:00:00 PM,8,7,1
03/17/2016 11:00:00 PM,3,2,1
03/18/2016 12:00:00 AM,4,2,2
03/18/2016 01:00:00 AM,1,1,0
03/18/2016 02:00:00 AM,2,2,0
03/18/2016 03:00:00 AM,0,0,0
03/18/2016 04:00:00 AM,2,0,2
03/18/2016 05:00:00 AM,16,2,14
03/18/2016 06:00:00 AM,44,6,38
03/18/2016 07:00:00 AM,101,12,89
03/18/2016 08:00:00 AM,120,11,109
03/18/2016 09:00:00 AM,45,7,38
03/18/2016 10:00:00 AM,27,9,18
03/18/2016 11:00:00 AM,18,3,15
03/18/2016 12:00:00 PM,30,13,17
03/18/2016 01:00:00 PM,20,13,7
03/18/2016 02:00:00 PM,29,20,9
03/18/2016 03:00:00 PM,47,31,16
03/18/2016 04:00:00 PM,84,59,25
03/18/2016 05:00:00 PM,143,118,25
03/18/2016 06:00:00 PM,70,58,12
03/18/2016 07:00:00 PM,37,26,11
03/18/2016 08:00:00 PM,18,9,9
03/18/2016 09:00:00 PM,7,5,2
03/18/2016 10:00:00 PM,3,2,1
03/18/2016 11:00:00 PM,6,6,0
03/19/2016 12:00:00 AM,3,3,0
03/19/2016 01:00:00 AM,3,2,1
03/19/2016 02:00:00 AM,2,2,0
03/19/2016 03:00:00 AM,2,2,0
03/19/2016 04:00:00 AM,1,0,1
03/19/2016 05:00:00 AM,2,1,1
03/19/2016 06:00:00 AM,2,0,2
03/19/2016 07:00:00 AM,10,2,8
03/19/2016 08:00:00 AM,30,10,20
03/19/2016 09:00:00 AM,36,17,19
03/19/2016 10:00:00 AM,40,20,20
03/19/2016 11:00:00 AM,94,54,40
03/19/2016 12:00:00 PM,59,21,38
03/19/2016 01:00:00 PM,39,18,21
03/19/2016 02:00:00 PM,50,26,24
03/19/2016 03:00:00 PM,44,16,28
03/19/2016 04:00:00 PM,44,16,28
03/19/2016 05:00:00 PM,37,20,17
03/19/2016 06:00:00 PM,20,8,12
03/19/2016 07:00:00 PM,15,4,11
03/19/2016 08:00:00 PM,8,4,4
03/19/2016 09:00:00 PM,5,4,1
03/19/2016 10:00:00 PM,3,3,0
03/19/2016 11:00:00 PM,3,3,0
03/20/2016 12:00:00 AM,2,1,1
03/20/2016 01:00:00 AM,3,2,1
03/20/2016 02:00:00 AM,2,1,1
03/20/2016 03:00:00 AM,1,1,0
03/20/2016 04:00:00 AM,2,2,0
03/20/2016 05:00:00 AM,5,2,3
03/20/2016 06:00:00 AM,0,0,0
03/20/2016 07:00:00 AM,6,3,3
03/20/2016 08:00:00 AM,22,11,11
03/20/2016 09:00:00 AM,20,6,14
03/20/2016 10:00:00 AM,21,12,9
03/20/2016 11:00:00 AM,20,12,8
03/20/2016 12:00:00 PM,16,9,7
03/20/2016 01:00:00 PM,10,3,7
03/20/2016 02:00:00 PM,6,2,4
03/20/2016 03:00:00 PM,9,5,4
03/20/2016 04:00:00 PM,6,4,2
03/20/2016 05:00:00 PM,10,3,7
03/20/2016 06:00:00 PM,2,0,2
03/20/2016 07:00:00 PM,6,5,1
03/20/2016 08:00:00 PM,1,0,1
03/20/2016 09:00:00 PM,3,0,3
03/20/2016 10:00:00 PM,2,1,1
03/20/2016 11:00:00 PM,2,2,0
03/21/2016 12:00:00 AM,1,1,0
03/21/2016 01:00:00 AM,3,2,1
03/21/2016 02:00:00 AM,1,1,0
03/21/2016 03:00:00 AM,1,1,0
03/21/2016 04:00:00 AM,2,0,2
03/21/2016 05:00:00 AM,12,0,12
03/21/2016 06:00:00 AM,27,3,24
03/21/2016 07:00:00 AM,76,8,68
03/21/2016 08:00:00 AM,73,10,63
03/21/2016 09:00:00 AM,21,0,21
03/21/2016 10:00:00 AM,15,2,13
03/21/2016 11:00:00 AM,4,2,2
03/21/2016 12:00:00 PM,9,3,6
03/21/2016 01:00:00 PM,6,1,5
03/21/2016 02:00:00 PM,10,4,6
03/21/2016 03:00:00 PM,21,16,5
03/21/2016 04:00:00 PM,45,38,7
03/21/2016 05:00:00 PM,84,74,10
03/21/2016 06:00:00 PM,53,47,6
03/21/2016 07:00:00 PM,17,13,4
03/21/2016 08:00:00 PM,12,8,4
03/21/2016 09:00:00 PM,6,6,0
03/21/2016 10:00:00 PM,2,2,0
03/21/2016 11:00:00 PM,2,2,0
03/22/2016 12:00:00 AM,0,0,0
03/22/2016 01:00:00 AM,0,0,0
03/22/2016 02:00:00 AM,0,0,0
03/22/2016 03:00:00 AM,3,1,2
03/22/2016 04:00:00 AM,6,1,5
03/22/2016 05:00:00 AM,18,2,16
03/22/2016 06:00:00 AM,58,10,48
03/22/2016 07:00:00 AM,123,11,112
03/22/2016 08:00:00 AM,98,8,90
03/22/2016 09:00:00 AM,33,5,28
03/22/2016 10:00:00 AM,18,8,10
03/22/2016 11:00:00 AM,21,8,13
03/22/2016 12:00:00 PM,20,3,17
03/22/2016 01:00:00 PM,23,15,8
03/22/2016 02:00:00 PM,23,12,11
03/22/2016 03:00:00 PM,35,27,8
03/22/2016 04:00:00 PM,71,61,10
03/22/2016 05:00:00 PM,126,111,15
03/22/2016 06:00:00 PM,87,72,15
03/22/2016 07:00:00 PM,35,25,10
03/22/2016 08:00:00 PM,14,9,5
03/22/2016 09:00:00 PM,13,11,2
03/22/2016 10:00:00 PM,3,3,0
03/22/2016 11:00:00 PM,3,2,1
03/23/2016 12:00:00 AM,1,1,0
03/23/2016 01:00:00 AM,1,0,1
03/23/2016 02:00:00 AM,2,2,0
03/23/2016 03:00:00 AM,2,1,1
03/23/2016 04:00:00 AM,0,0,0
03/23/2016 05:00:00 AM,20,1,19
03/23/2016 06:00:00 AM,44,4,40
03/23/2016 07:00:00 AM,95,12,83
03/23/2016 08:00:00 AM,100,12,88
03/23/2016 09:00:00 AM,37,7,30
03/23/2016 10:00:00 AM,21,3,18
03/23/2016 11:00:00 AM,10,5,5
03/23/2016 12:00:00 PM,16,6,10
03/23/2016 01:00:00 PM,13,7,6
03/23/2016 02:00:00 PM,16,10,6
03/23/2016 03:00:00 PM,29,19,10
03/23/2016 04:00:00 PM,63,48,15
03/23/2016 05:00:00 PM,106,84,22
03/23/2016 06:00:00 PM,62,53,9
03/23/2016 07:00:00 PM,25,22,3
03/23/2016 08:00:00 PM,13,11,2
03/23/2016 09:00:00 PM,8,7,1
03/23/2016 10:00:00 PM,1,1,0
03/23/2016 11:00:00 PM,0,0,0
03/24/2016 12:00:00 AM,3,3,0
03/24/2016 01:00:00 AM,1,0,1
03/24/2016 02:00:00 AM,1,1,0
03/24/2016 03:00:00 AM,1,0,1
03/24/2016 04:00:00 AM,1,0,1
03/24/2016 05:00:00 AM,14,1,13
03/24/2016 06:00:00 AM,48,5,43
03/24/2016 07:00:00 AM,85,8,77
03/24/2016 08:00:00 AM,99,5,94
03/24/2016 09:00:00 AM,39,2,37
03/24/2016 10:00:00 AM,20,8,12
03/24/2016 11:00:00 AM,16,6,10
03/24/2016 12:00:00 PM,18,7,11
03/24/2016 01:00:00 PM,20,9,11
03/24/2016 02:00:00 PM,25,14,11
03/24/2016 03:00:00 PM,44,30,14
03/24/2016 04:00:00 PM,61,51,10
03/24/2016 05:00:00 PM,115,96,19
03/24/2016 06:00:00 PM,70,60,10
03/24/2016 07:00:00 PM,29,22,7
03/24/2016 08:00:00 PM,16,13,3
03/24/2016 09:00:00 PM,13,12,1
03/24/2016 10:00:00 PM,4,3,1
03/24/2016 11:00:00 PM,3,2,1
03/25/2016 12:00:00 AM,2,2,0
03/25/2016 01:00:00 AM,2,1,1
03/25/2016 02:00:00 AM,1,0,1
03/25/2016 03:00:00 AM,1,0,1
03/25/2016 04:00:00 AM,2,1,1
03/25/2016 05:00:00 AM,8,1,7
03/25/2016 06:00:00 AM,47,9,38
03/25/2016 07:00:00 AM,87,14,73
03/25/2016 08:00:00 AM,100,10,90
03/25/2016 09:00:00 AM,47,8,39
03/25/2016 10:00:00 AM,22,5,17
03/25/2016 11:00:00 AM,22,8,14
03/25/2016 12:00:00 PM,21,7,14
03/25/2016 01:00:00 PM,24,9,15
03/25/2016 02:00:00 PM,29,18,11
03/25/2016 03:00:00 PM,51,31,20
03/25/2016 04:00:00 PM,84,63,21
03/25/2016 05:00:00 PM,125,99,26
03/25/2016 06:00:00 PM,58,44,14
03/25/2016 07:00:00 PM,37,30,7
03/25/2016 08:00:00 PM,11,2,9
03/25/2016 09:00:00 PM,27,22,5
03/25/2016 10:00:00 PM,7,6,1
03/25/2016 11:00:00 PM,3,2,1
03/26/2016 12:00:00 AM,4,4,0
03/26/2016 01:00:00 AM,2,2,0
03/26/2016 02:00:00 AM,1,0,1
03/26/2016 03:00:00 AM,2,1,1
03/26/2016 04:00:00 AM,2,2,0
03/26/2016 05:00:00 AM,1,0,1
03/26/2016 06:00:00 AM,5,0,5
03/26/2016 07:00:00 AM,28,15,13
03/26/2016 08:00:00 AM,28,10,18
03/26/2016 09:00:00 AM,21,14,7
03/26/2016 10:00:00 AM,44,22,22
03/26/2016 11:00:00 AM,55,30,25
03/26/2016 12:00:00 PM,65,26,39
03/26/2016 01:00:00 PM,99,45,54
03/26/2016 02:00:00 PM,75,37,38
03/26/2016 03:00:00 PM,72,33,39
03/26/2016 04:00:00 PM,55,30,25
03/26/2016 05:00:00 PM,57,24,33
03/26/2016 06:00:00 PM,14,10,4
03/26/2016 07:00:00 PM,12,3,9
03/26/2016 08:00:00 PM,6,4,2
03/26/2016 09:00:00 PM,4,4,0
03/26/2016 10:00:00 PM,9,7,2
03/26/2016 11:00:00 PM,1,1,0
03/27/2016 12:00:00 AM,1,1,0
03/27/2016 01:00:00 AM,1,1,0
03/27/2016 02:00:00 AM,1,1,0
03/27/2016 03:00:00 AM,0,0,0
03/27/2016 04:00:00 AM,1,1,0
03/27/2016 05:00:00 AM,4,1,3
03/27/2016 06:00:00 AM,3,0,3
03/27/2016 07:00:00 AM,0,0,0
03/27/2016 08:00:00 AM,5,2,3
03/27/2016 09:00:00 AM,10,4,6
03/27/2016 10:00:00 AM,10,3,7
03/27/2016 11:00:00 AM,5,1,4
03/27/2016 12:00:00 PM,9,5,4
03/27/2016 01:00:00 PM,10,8,2
03/27/2016 02:00:00 PM,14,10,4
03/27/2016 03:00:00 PM,17,8,9
03/27/2016 04:00:00 PM,6,5,1
03/27/2016 05:00:00 PM,4,0,4
03/27/2016 06:00:00 PM,2,0,2
03/27/2016 07:00:00 PM,7,2,5
03/27/2016 08:00:00 PM,1,1,0
03/27/2016 09:00:00 PM,1,1,0
03/27/2016 10:00:00 PM,1,1,0
03/27/2016 11:00:00 PM,1,1,0
03/28/2016 12:00:00 AM,0,0,0
03/28/2016 01:00:00 AM,0,0,0
03/28/2016 02:00:00 AM,0,0,0
03/28/2016 03:00:00 AM,0,0,0
03/28/2016 04:00:00 AM,3,0,3
03/28/2016 05:00:00 AM,23,1,22
03/28/2016 06:00:00 AM,48,6,42
03/28/2016 07:00:00 AM,112,14,98
03/28/2016 08:00:00 AM,123,9,114
03/28/2016 09:00:00 AM,32,1,31
03/28/2016 10:00:00 AM,19,6,13
03/28/2016 11:00:00 AM,18,6,12
03/28/2016 12:00:00 PM,18,10,8
03/28/2016 01:00:00 PM,18,7,11
03/28/2016 02:00:00 PM,11,7,4
03/28/2016 03:00:00 PM,38,25,13
03/28/2016 04:00:00 PM,83,66,17
03/28/2016 05:00:00 PM,139,116,23
03/28/2016 06:00:00 PM,104,93,11
03/28/2016 07:00:00 PM,32,26,6
03/28/2016 08:00:00 PM,18,8,10
03/28/2016 09:00:00 PM,9,9,0
03/28/2016 10:00:00 PM,3,3,0
03/28/2016 11:00:00 PM,0,0,0
03/29/2016 12:00:00 AM,0,0,0
03/29/2016 01:00:00 AM,3,2,1
03/29/2016 02:00:00 AM,0,0,0
03/29/2016 03:00:00 AM,3,2,1
03/29/2016 04:00:00 AM,5,1,4
03/29/2016 05:00:00 AM,23,2,21
03/29/2016 06:00:00 AM,68,9,59
03/29/2016 07:00:00 AM,150,18,132
03/29/2016 08:00:00 AM,138,8,130
03/29/2016 09:00:00 AM,49,3,46
03/29/2016 10:00:00 AM,22,6,16
03/29/2016 11:00:00 AM,24,11,13
03/29/2016 12:00:00 PM,22,9,13
03/29/2016 01:00:00 PM,20,12,8
03/29/2016 02:00:00 PM,34,16,18
03/29/2016 03:00:00 PM,49,30,19
03/29/2016 04:00:00 PM,120,93,27
03/29/2016 05:00:00 PM,177,155,22
03/29/2016 06:00:00 PM,131,103,28
03/29/2016 07:00:00 PM,46,32,14
03/29/2016 08:00:00 PM,15,9,6
03/29/2016 09:00:00 PM,20,9,11
03/29/2016 10:00:00 PM,9,7,2
03/29/2016 11:00:00 PM,2,1,1
03/30/2016 12:00:00 AM,1,1,0
03/30/2016 01:00:00 AM,1,0,1
03/30/2016 02:00:00 AM,0,0,0
03/30/2016 03:00:00 AM,3,1,2
03/30/2016 04:00:00 AM,0,0,0
03/30/2016 05:00:00 AM,35,6,29
03/30/2016 06:00:00 AM,75,11,64
03/30/2016 07:00:00 AM,157,22,135
03/30/2016 08:00:00 AM,140,10,130
03/30/2016 09:00:00 AM,73,10,63
03/30/2016 10:00:00 AM,33,7,26
03/30/2016 11:00:00 AM,40,12,28
03/30/2016 12:00:00 PM,25,13,12
03/30/2016 01:00:00 PM,29,16,13
03/30/2016 02:00:00 PM,49,31,18
03/30/2016 03:00:00 PM,63,41,22
03/30/2016 04:00:00 PM,123,94,29
03/30/2016 05:00:00 PM,226,190,36
03/30/2016 06:00:00 PM,126,93,33
03/30/2016 07:00:00 PM,76,60,16
03/30/2016 08:00:00 PM,27,12,15
03/30/2016 09:00:00 PM,20,17,3
03/30/2016 10:00:00 PM,4,3,1
03/30/2016 11:00:00 PM,6,3,3
03/31/2016 12:00:00 AM,2,2,0
03/31/2016 01:00:00 AM,1,0,1
03/31/2016 02:00:00 AM,0,0,0
03/31/2016 03:00:00 AM,2,1,1
03/31/2016 04:00:00 AM,2,1,1
03/31/2016 05:00:00 AM,25,4,21
03/31/2016 06:00:00 AM,78,13,65
03/31/2016 07:00:00 AM,153,17,136
03/31/2016 08:00:00 AM,132,15,117
03/31/2016 09:00:00 AM,79,8,71
03/31/2016 10:00:00 AM,34,9,25
03/31/2016 11:00:00 AM,33,15,18
03/31/2016 12:00:00 PM,39,17,22
03/31/2016 01:00:00 PM,34,20,14
03/31/2016 02:00:00 PM,45,26,19
03/31/2016 03:00:00 PM,74,47,27
03/31/2016 04:00:00 PM,104,81,23
03/31/2016 05:00:00 PM,215,181,34
03/31/2016 06:00:00 PM,125,94,31
03/31/2016 07:00:00 PM,52,40,12
03/31/2016 08:00:00 PM,69,66,3
03/31/2016 09:00:00 PM,24,13,11
03/31/2016 10:00:00 PM,16,8,8
03/31/2016 11:00:00 PM,17,4,13
04/01/2016 12:00:00 AM,12,3,9
04/01/2016 01:00:00 AM,12,0,12
04/01/2016 02:00:00 AM,0,0,0
04/01/2016 03:00:00 AM,1,0,1
04/01/2016 04:00:00 AM,3,1,2
04/01/2016 05:00:00 AM,25,5,20
04/01/2016 06:00:00 AM,74,13,61
04/01/2016 07:00:00 AM,117,14,103
04/01/2016 08:00:00 AM,136,17,119
04/01/2016 09:00:00 AM,53,12,41
04/01/2016 10:00:00 AM,43,17,26
04/01/2016 11:00:00 AM,28,15,13
04/01/2016 12:00:00 PM,43,13,30
04/01/2016 01:00:00 PM,41,24,17
04/01/2016 02:00:00 PM,53,33,20
04/01/2016 03:00:00 PM,76,50,26
04/01/2016 04:00:00 PM,118,87,31
04/01/2016 05:00:00 PM,172,141,31
04/01/2016 06:00:00 PM,107,82,25
04/01/2016 07:00:00 PM,49,22,27
04/01/2016 08:00:00 PM,19,9,10
04/01/2016 09:00:00 PM,17,9,8
04/01/2016 10:00:00 PM,12,10,2
04/01/2016 11:00:00 PM,5,3,2
04/02/2016 12:00:00 AM,25,23,2
04/02/2016 01:00:00 AM,10,0,10
04/02/2016 02:00:00 AM,11,3,8
04/02/2016 03:00:00 AM,2,2,0
04/02/2016 04:00:00 AM,1,0,1
04/02/2016 05:00:00 AM,3,0,3
04/02/2016 06:00:00 AM,8,0,8
04/02/2016 07:00:00 AM,19,1,18
04/02/2016 08:00:00 AM,29,11,18
04/02/2016 09:00:00 AM,44,30,14
04/02/2016 10:00:00 AM,50,13,37
04/02/2016 11:00:00 AM,49,25,24
04/02/2016 12:00:00 PM,47,18,29
04/02/2016 01:00:00 PM,58,33,25
04/02/2016 02:00:00 PM,58,43,15
04/02/2016 03:00:00 PM,71,29,42
04/02/2016 04:00:00 PM,70,35,35
04/02/2016 05:00:00 PM,47,23,24
04/02/2016 06:00:00 PM,55,28,27
04/02/2016 07:00:00 PM,10,5,5
04/02/2016 08:00:00 PM,10,3,7
04/02/2016 09:00:00 PM,10,9,1
04/02/2016 10:00:00 PM,1,1,0
04/02/2016 11:00:00 PM,4,4,0
04/03/2016 12:00:00 AM,2,2,0
04/03/2016 01:00:00 AM,3,3,0
04/03/2016 02:00:00 AM,1,0,1
04/03/2016 03:00:00 AM,1,1,0
04/03/2016 04:00:00 AM,2,1,1
04/03/2016 05:00:00 AM,5,1,4
04/03/2016 06:00:00 AM,21,0,21
04/03/2016 07:00:00 AM,14,2,12
04/03/2016 08:00:00 AM,18,8,10
04/03/2016 09:00:00 AM,46,24,22
04/03/2016 10:00:00 AM,56,28,28
04/03/2016 11:00:00 AM,123,96,27
04/03/2016 12:00:00 PM,80,50,30
04/03/2016 01:00:00 PM,67,30,37
04/03/2016 02:00:00 PM,83,24,59
04/03/2016 03:00:00 PM,76,32,44
04/03/2016 04:00:00 PM,96,44,52
04/03/2016 05:00:00 PM,33,17,16
04/03/2016 06:00:00 PM,33,21,12
04/03/2016 07:00:00 PM,22,8,14
04/03/2016 08:00:00 PM,7,3,4
04/03/2016 09:00:00 PM,3,3,0
04/03/2016 10:00:00 PM,2,1,1
04/03/2016 11:00:00 PM,4,3,1
04/04/2016 12:00:00 AM,0,0,0
04/04/2016 01:00:00 AM,1,1,0
04/04/2016 02:00:00 AM,1,0,1
04/04/2016 03:00:00 AM,3,2,1
04/04/2016 04:00:00 AM,6,2,4
04/04/2016 05:00:00 AM,19,3,16
04/04/2016 06:00:00 AM,48,5,43
04/04/2016 07:00:00 AM,106,9,97
04/04/2016 08:00:00 AM,106,9,97
04/04/2016 09:00:00 AM,35,2,33
04/04/2016 10:00:00 AM,20,3,17
04/04/2016 11:00:00 AM,22,10,12
04/04/2016 12:00:00 PM,13,6,7
04/04/2016 01:00:00 PM,19,4,15
04/04/2016 02:00:00 PM,25,14,11
04/04/2016 03:00:00 PM,31,25,6
04/04/2016 04:00:00 PM,60,51,9
04/04/2016 05:00:00 PM,145,125,20
04/04/2016 06:00:00 PM,74,59,15
04/04/2016 07:00:00 PM,35,28,7
04/04/2016 08:00:00 PM,11,9,2
04/04/2016 09:00:00 PM,16,15,1
04/04/2016 10:00:00 PM,4,3,1
04/04/2016 11:00:00 PM,6,3,3
04/05/2016 12:00:00 AM,4,4,0
04/05/2016 01:00:00 AM,1,0,1
04/05/2016 02:00:00 AM,1,1,0
04/05/2016 03:00:00 AM,3,2,1
04/05/2016 04:00:00 AM,2,0,2
04/05/2016 05:00:00 AM,25,3,22
04/05/2016 06:00:00 AM,66,5,61
04/05/2016 07:00:00 AM,149,13,136
04/05/2016 08:00:00 AM,132,11,121
04/05/2016 09:00:00 AM,46,6,40
04/05/2016 10:00:00 AM,17,4,13
04/05/2016 11:00:00 AM,11,8,3
04/05/2016 12:00:00 PM,21,6,15
04/05/2016 01:00:00 PM,35,17,18
04/05/2016 02:00:00 PM,30,18,12
04/05/2016 03:00:00 PM,42,30,12
04/05/2016 04:00:00 PM,105,82,23
04/05/2016 05:00:00 PM,170,155,15
04/05/2016 06:00:00 PM,104,89,15
04/05/2016 07:00:00 PM,42,37,5
04/05/2016 08:00:00 PM,23,17,6
04/05/2016 09:00:00 PM,13,11,2
04/05/2016 10:00:00 PM,10,8,2
04/05/2016 11:00:00 PM,4,2,2
04/06/2016 12:00:00 AM,6,4,2
04/06/2016 01:00:00 AM,3,1,2
04/06/2016 02:00:00 AM,1,0,1
04/06/2016 03:00:00 AM,1,1,0
04/06/2016 04:00:00 AM,3,0,3
04/06/2016 05:00:00 AM,23,2,21
04/06/2016 06:00:00 AM,67,7,60
04/06/2016 07:00:00 AM,148,17,131
04/06/2016 08:00:00 AM,159,13,146
04/06/2016 09:00:00 AM,64,10,54
04/06/2016 10:00:00 AM,40,14,26
04/06/2016 11:00:00 AM,28,11,17
04/06/2016 12:00:00 PM,29,15,14
04/06/2016 01:00:00 PM,29,13,16
04/06/2016 02:00:00 PM,40,25,15
04/06/2016 03:00:00 PM,65,45,20
04/06/2016 04:00:00 PM,119,94,25
04/06/2016 05:00:00 PM,188,157,31
04/06/2016 06:00:00 PM,140,109,31
04/06/2016 07:00:00 PM,54,33,21
04/06/2016 08:00:00 PM,28,19,9
04/06/2016 09:00:00 PM,16,14,2
04/06/2016 10:00:00 PM,7,6,1
04/06/2016 11:00:00 PM,3,2,1
04/07/2016 12:00:00 AM,3,2,1
04/07/2016 01:00:00 AM,0,0,0
04/07/2016 02:00:00 AM,0,0,0
04/07/2016 03:00:00 AM,0,0,0
04/07/2016 04:00:00 AM,7,0,7
04/07/2016 05:00:00 AM,29,1,28
04/07/2016 06:00:00 AM,102,11,91
04/07/2016 07:00:00 AM,160,11,149
04/07/2016 08:00:00 AM,167,23,144
04/07/2016 09:00:00 AM,54,10,44
04/07/2016 10:00:00 AM,40,9,31
04/07/2016 11:00:00 AM,31,16,15
04/07/2016 12:00:00 PM,37,19,18
04/07/2016 01:00:00 PM,43,20,23
04/07/2016 02:00:00 PM,47,30,17
04/07/2016 03:00:00 PM,81,44,37
04/07/2016 04:00:00 PM,134,110,24
04/07/2016 05:00:00 PM,230,198,32
04/07/2016 06:00:00 PM,152,126,26
04/07/2016 07:00:00 PM,64,44,20
04/07/2016 08:00:00 PM,42,29,13
04/07/2016 09:00:00 PM,19,13,6
04/07/2016 10:00:00 PM,4,3,1
04/07/2016 11:00:00 PM,5,4,1
04/08/2016 12:00:00 AM,2,2,0
04/08/2016 01:00:00 AM,3,2,1
04/08/2016 02:00:00 AM,2,1,1
04/08/2016 03:00:00 AM,0,0,0
04/08/2016 04:00:00 AM,3,0,3
04/08/2016 05:00:00 AM,20,1,19
04/08/2016 06:00:00 AM,64,9,55
04/08/2016 07:00:00 AM,136,16,120
04/08/2016 08:00:00 AM,137,17,120
04/08/2016 09:00:00 AM,57,8,49
04/08/2016 10:00:00 AM,26,6,20
04/08/2016 11:00:00 AM,37,17,20
04/08/2016 12:00:00 PM,33,20,13
04/08/2016 01:00:00 PM,49,24,25
04/08/2016 02:00:00 PM,45,28,17
04/08/2016 03:00:00 PM,64,40,24
04/08/2016 04:00:00 PM,118,89,29
04/08/2016 05:00:00 PM,159,128,31
04/08/2016 06:00:00 PM,92,75,17
04/08/2016 07:00:00 PM,37,27,10
04/08/2016 08:00:00 PM,22,17,5
04/08/2016 09:00:00 PM,11,8,3
04/08/2016 10:00:00 PM,19,16,3
04/08/2016 11:00:00 PM,6,6,0
04/09/2016 12:00:00 AM,5,4,1
04/09/2016 01:00:00 AM,2,2,0
04/09/2016 02:00:00 AM,3,1,2
04/09/2016 03:00:00 AM,2,2,0
04/09/2016 04:00:00 AM,3,1,2
04/09/2016 05:00:00 AM,4,0,4
04/09/2016 06:00:00 AM,10,4,6
04/09/2016 07:00:00 AM,33,4,29
04/09/2016 08:00:00 AM,40,24,16
04/09/2016 09:00:00 AM,65,14,51
04/09/2016 10:00:00 AM,69,27,42
04/09/2016 11:00:00 AM,78,41,37
04/09/2016 12:00:00 PM,53,30,23
04/09/2016 01:00:00 PM,122,88,34
04/09/2016 02:00:00 PM,91,46,45
04/09/2016 03:00:00 PM,79,47,32
04/09/2016 04:00:00 PM,84,41,43
04/09/2016 05:00:00 PM,52,22,30
04/09/2016 06:00:00 PM,36,11,25
04/09/2016 07:00:00 PM,21,9,12
04/09/2016 08:00:00 PM,17,8,9
04/09/2016 09:00:00 PM,10,10,0
04/09/2016 10:00:00 PM,4,3,1
04/09/2016 11:00:00 PM,2,1,1
04/10/2016 12:00:00 AM,3,1,2
04/10/2016 01:00:00 AM,7,6,1
04/10/2016 02:00:00 AM,1,1,0
04/10/2016 03:00:00 AM,5,4,1
04/10/2016 04:00:00 AM,3,1,2
04/10/2016 05:00:00 AM,6,1,5
04/10/2016 06:00:00 AM,2,0,2
04/10/2016 07:00:00 AM,8,2,6
04/10/2016 08:00:00 AM,23,6,17
04/10/2016 09:00:00 AM,27,16,11
04/10/2016 10:00:00 AM,44,22,22
04/10/2016 11:00:00 AM,38,20,18
04/10/2016 12:00:00 PM,38,15,23
04/10/2016 01:00:00 PM,52,24,28
04/10/2016 02:00:00 PM,44,24,20
04/10/2016 03:00:00 PM,56,26,30
04/10/2016 04:00:00 PM,39,20,19
04/10/2016 05:00:00 PM,31,15,16
04/10/2016 06:00:00 PM,50,31,19
04/10/2016 07:00:00 PM,18,8,10
04/10/2016 08:00:00 PM,6,4,2
04/10/2016 09:00:00 PM,9,4,5
04/10/2016 10:00:00 PM,3,2,1
04/10/2016 11:00:00 PM,1,1,0
04/11/2016 12:00:00 AM,2,2,0
04/11/2016 01:00:00 AM,1,1,0
04/11/2016 02:00:00 AM,1,1,0
04/11/2016 03:00:00 AM,1,1,0
04/11/2016 04:00:00 AM,3,0,3
04/11/2016 05:00:00 AM,20,1,19
04/11/2016 06:00:00 AM,63,6,57
04/11/2016 07:00:00 AM,115,13,102
04/11/2016 08:00:00 AM,133,14,119
04/11/2016 09:00:00 AM,48,12,36
04/11/2016 10:00:00 AM,17,3,14
04/11/2016 11:00:00 AM,20,9,11
04/11/2016 12:00:00 PM,23,12,11
04/11/2016 01:00:00 PM,13,8,5
04/11/2016 02:00:00 PM,32,21,11
04/11/2016 03:00:00 PM,42,27,15
04/11/2016 04:00:00 PM,83,68,15
04/11/2016 05:00:00 PM,170,154,16
04/11/2016 06:00:00 PM,92,70,22
04/11/2016 07:00:00 PM,37,28,9
04/11/2016 08:00:00 PM,10,7,3
04/11/2016 09:00:00 PM,9,6,3
04/11/2016 10:00:00 PM,6,5,1
04/11/2016 11:00:00 PM,2,2,0
04/12/2016 12:00:00 AM,3,3,0
04/12/2016 01:00:00 AM,1,1,0
04/12/2016 02:00:00 AM,1,0,1
04/12/2016 03:00:00 AM,2,1,1
04/12/2016 04:00:00 AM,6,1,5
04/12/2016 05:00:00 AM,21,3,18
04/12/2016 06:00:00 AM,60,7,53
04/12/2016 07:00:00 AM,106,15,91
04/12/2016 08:00:00 AM,96,15,81
04/12/2016 09:00:00 AM,30,1,29
04/12/2016 10:00:00 AM,25,11,14
04/12/2016 11:00:00 AM,21,9,12
04/12/2016 12:00:00 PM,17,7,10
04/12/2016 01:00:00 PM,16,6,10
04/12/2016 02:00:00 PM,22,12,10
04/12/2016 03:00:00 PM,25,18,7
04/12/2016 04:00:00 PM,30,25,5
04/12/2016 05:00:00 PM,99,89,10
04/12/2016 06:00:00 PM,54,47,7
04/12/2016 07:00:00 PM,21,19,2
04/12/2016 08:00:00 PM,9,8,1
04/12/2016 09:00:00 PM,8,8,0
04/12/2016 10:00:00 PM,3,2,1
04/12/2016 11:00:00 PM,0,0,0
04/13/2016 12:00:00 AM,0,0,0
04/13/2016 01:00:00 AM,1,1,0
04/13/2016 02:00:00 AM,1,0,1
04/13/2016 03:00:00 AM,1,1,0
04/13/2016 04:00:00 AM,2,0,2
04/13/2016 05:00:00 AM,13,5,8
04/13/2016 06:00:00 AM,45,5,40
04/13/2016 07:00:00 AM,108,15,93
04/13/2016 08:00:00 AM,112,9,103
04/13/2016 09:00:00 AM,46,6,40
04/13/2016 10:00:00 AM,19,4,15
04/13/2016 11:00:00 AM,17,7,10
04/13/2016 12:00:00 PM,31,13,18
04/13/2016 01:00:00 PM,18,8,10
04/13/2016 02:00:00 PM,26,15,11
04/13/2016 03:00:00 PM,26,19,7
04/13/2016 04:00:00 PM,91,69,22
04/13/2016 05:00:00 PM,143,125,18
04/13/2016 06:00:00 PM,90,70,20
04/13/2016 07:00:00 PM,52,43,9
04/13/2016 08:00:00 PM,39,22,17
04/13/2016 09:00:00 PM,12,11,1
04/13/2016 10:00:00 PM,4,2,2
04/13/2016 11:00:00 PM,5,3,2
04/14/2016 12:00:00 AM,3,2,1
04/14/2016 01:00:00 AM,1,1,0
04/14/2016 02:00:00 AM,0,0,0
04/14/2016 03:00:00 AM,0,0,0
04/14/2016 04:00:00 AM,7,2,5
04/14/2016 05:00:00 AM,17,3,14
04/14/2016 06:00:00 AM,44,4,40
04/14/2016 07:00:00 AM,106,14,92
04/14/2016 08:00:00 AM,125,9,116
04/14/2016 09:00:00 AM,53,7,46
04/14/2016 10:00:00 AM,19,2,17
04/14/2016 11:00:00 AM,18,11,7
04/14/2016 12:00:00 PM,17,6,11
04/14/2016 01:00:00 PM,32,16,16
04/14/2016 02:00:00 PM,31,23,8
04/14/2016 03:00:00 PM,51,34,17
04/14/2016 04:00:00 PM,83,60,23
04/14/2016 05:00:00 PM,145,131,14
04/14/2016 06:00:00 PM,85,67,18
04/14/2016 07:00:00 PM,48,37,11
04/14/2016 08:00:00 PM,18,15,3
04/14/2016 09:00:00 PM,10,8,2
04/14/2016 10:00:00 PM,4,2,2
04/14/2016 11:00:00 PM,19,10,9
04/15/2016 12:00:00 AM,3,3,0
04/15/2016 01:00:00 AM,0,0,0
04/15/2016 02:00:00 AM,0,0,0
04/15/2016 03:00:00 AM,2,2,0
04/15/2016 04:00:00 AM,0,0,0
04/15/2016 05:00:00 AM,13,1,12
04/15/2016 06:00:00 AM,51,2,49
04/15/2016 07:00:00 AM,107,12,95
04/15/2016 08:00:00 AM,94,9,85
04/15/2016 09:00:00 AM,58,6,52
04/15/2016 10:00:00 AM,33,9,24
04/15/2016 11:00:00 AM,25,10,15
04/15/2016 12:00:00 PM,28,13,15
04/15/2016 01:00:00 PM,24,14,10
04/15/2016 02:00:00 PM,19,11,8
04/15/2016 03:00:00 PM,45,32,13
04/15/2016 04:00:00 PM,94,75,19
04/15/2016 05:00:00 PM,119,101,18
04/15/2016 06:00:00 PM,59,54,5
04/15/2016 07:00:00 PM,31,20,11
04/15/2016 08:00:00 PM,11,8,3
04/15/2016 09:00:00 PM,11,9,2
04/15/2016 10:00:00 PM,8,4,4
04/15/2016 11:00:00 PM,2,1,1
04/16/2016 12:00:00 AM,3,3,0
04/16/2016 01:00:00 AM,3,2,1
04/16/2016 02:00:00 AM,2,1,1
04/16/2016 03:00:00 AM,1,1,0
04/16/2016 04:00:00 AM,2,1,1
04/16/2016 05:00:00 AM,2,0,2
04/16/2016 06:00:00 AM,5,0,5
04/16/2016 07:00:00 AM,33,17,16
04/16/2016 08:00:00 AM,74,47,27
04/16/2016 09:00:00 AM,65,36,29
04/16/2016 10:00:00 AM,56,30,26
04/16/2016 11:00:00 AM,61,30,31
04/16/2016 12:00:00 PM,80,35,45
04/16/2016 01:00:00 PM,91,42,49
04/16/2016 02:00:00 PM,97,34,63
04/16/2016 03:00:00 PM,62,33,29
04/16/2016 04:00:00 PM,53,16,37
04/16/2016 05:00:00 PM,49,21,28
04/16/2016 06:00:00 PM,17,11,6
04/16/2016 07:00:00 PM,32,13,19
04/16/2016 08:00:00 PM,10,5,5
04/16/2016 09:00:00 PM,14,10,4
04/16/2016 10:00:00 PM,8,6,2
04/16/2016 11:00:00 PM,2,0,2
04/17/2016 12:00:00 AM,3,2,1
04/17/2016 01:00:00 AM,2,2,0
04/17/2016 02:00:00 AM,1,1,0
04/17/2016 03:00:00 AM,5,4,1
04/17/2016 04:00:00 AM,1,1,0
04/17/2016 05:00:00 AM,5,0,5
04/17/2016 06:00:00 AM,1,1,0
04/17/2016 07:00:00 AM,14,1,13
04/17/2016 08:00:00 AM,37,14,23
04/17/2016 09:00:00 AM,54,32,22
04/17/2016 10:00:00 AM,87,45,42
04/17/2016 11:00:00 AM,86,35,51
04/17/2016 12:00:00 PM,104,55,49
04/17/2016 01:00:00 PM,106,67,39
04/17/2016 02:00:00 PM,123,56,67
04/17/2016 03:00:00 PM,100,48,52
04/17/2016 04:00:00 PM,70,34,36
04/17/2016 05:00:00 PM,62,28,34
04/17/2016 06:00:00 PM,59,25,34
04/17/2016 07:00:00 PM,30,14,16
04/17/2016 08:00:00 PM,18,9,9
04/17/2016 09:00:00 PM,11,4,7
04/17/2016 10:00:00 PM,2,1,1
04/17/2016 11:00:00 PM,3,1,2
04/18/2016 12:00:00 AM,6,3,3
04/18/2016 01:00:00 AM,1,0,1
04/18/2016 02:00:00 AM,14,5,9
04/18/2016 03:00:00 AM,1,1,0
04/18/2016 04:00:00 AM,5,0,5
04/18/2016 05:00:00 AM,22,1,21
04/18/2016 06:00:00 AM,69,9,60
04/18/2016 07:00:00 AM,160,17,143
04/18/2016 08:00:00 AM,163,14,149
04/18/2016 09:00:00 AM,69,11,58
04/18/2016 10:00:00 AM,39,9,30
04/18/2016 11:00:00 AM,30,15,15
04/18/2016 12:00:00 PM,40,20,20
04/18/2016 01:00:00 PM,42,17,25
04/18/2016 02:00:00 PM,49,28,21
04/18/2016 03:00:00 PM,47,34,13
04/18/2016 04:00:00 PM,133,99,34
04/18/2016 05:00:00 PM,239,202,37
04/18/2016 06:00:00 PM,131,112,19
04/18/2016 07:00:00 PM,74,53,21
04/18/2016 08:00:00 PM,29,18,11
04/18/2016 09:00:00 PM,13,8,5
04/18/2016 10:00:00 PM,6,4,2
04/18/2016 11:00:00 PM,10,6,4
04/19/2016 12:00:00 AM,1,1,0
04/19/2016 01:00:00 AM,6,6,0
04/19/2016 02:00:00 AM,4,2,2
04/19/2016 03:00:00 AM,2,2,0
04/19/2016 04:00:00 AM,7,0,7
04/19/2016 05:00:00 AM,28,4,24
04/19/2016 06:00:00 AM,102,12,90
04/19/2016 07:00:00 AM,200,23,177
04/19/2016 08:00:00 AM,179,18,161
04/19/2016 09:00:00 AM,77,17,60
04/19/2016 10:00:00 AM,33,13,20
04/19/2016 11:00:00 AM,42,21,21
04/19/2016 12:00:00 PM,26,14,12
04/19/2016 01:00:00 PM,53,29,24
04/19/2016 02:00:00 PM,51,29,22
04/19/2016 03:00:00 PM,82,45,37
04/19/2016 04:00:00 PM,133,106,27
04/19/2016 05:00:00 PM,252,215,37
04/19/2016 06:00:00 PM,154,130,24
04/19/2016 07:00:00 PM,63,43,20
04/19/2016 08:00:00 PM,41,25,16
04/19/2016 09:00:00 PM,27,21,6
04/19/2016 10:00:00 PM,2,1,1
04/19/2016 11:00:00 PM,7,5,2
04/20/2016 12:00:00 AM,3,2,1
04/20/2016 01:00:00 AM,2,0,2
04/20/2016 02:00:00 AM,5,3,2
04/20/2016 03:00:00 AM,2,2,0
04/20/2016 04:00:00 AM,2,0,2
04/20/2016 05:00:00 AM,36,6,30
04/20/2016 06:00:00 AM,108,15,93
04/20/2016 07:00:00 AM,180,19,161
04/20/2016 08:00:00 AM,159,17,142
04/20/2016 09:00:00 AM,77,17,60
04/20/2016 10:00:00 AM,32,9,23
04/20/2016 11:00:00 AM,31,14,17
04/20/2016 12:00:00 PM,30,15,15
04/20/2016 01:00:00 PM,35,17,18
04/20/2016 02:00:00 PM,41,29,12
04/20/2016 03:00:00 PM,69,45,24
04/20/2016 04:00:00 PM,136,96,40
04/20/2016 05:00:00 PM,240,206,34
04/20/2016 06:00:00 PM,151,120,31
04/20/2016 07:00:00 PM,68,47,21
04/20/2016 08:00:00 PM,29,21,8
04/20/2016 09:00:00 PM,17,10,7
04/20/2016 10:00:00 PM,8,7,1
04/20/2016 11:00:00 PM,5,4,1
04/21/2016 12:00:00 AM,4,4,0
04/21/2016 01:00:00 AM,1,0,1
04/21/2016 02:00:00 AM,2,2,0
04/21/2016 03:00:00 AM,1,1,0
04/21/2016 04:00:00 AM,4,1,3
04/21/2016 05:00:00 AM,30,3,27
04/21/2016 06:00:00 AM,87,12,75
04/21/2016 07:00:00 AM,163,23,140
04/21/2016 08:00:00 AM,176,19,157
04/21/2016 09:00:00 AM,58,3,55
04/21/2016 10:00:00 AM,37,7,30
04/21/2016 11:00:00 AM,26,11,15
04/21/2016 12:00:00 PM,43,26,17
04/21/2016 01:00:00 PM,43,22,21
04/21/2016 02:00:00 PM,44,27,17
04/21/2016 03:00:00 PM,52,35,17
04/21/2016 04:00:00 PM,129,94,35
04/21/2016 05:00:00 PM,203,180,23
04/21/2016 06:00:00 PM,130,106,24
04/21/2016 07:00:00 PM,71,45,26
04/21/2016 08:00:00 PM,31,17,14
04/21/2016 09:00:00 PM,23,19,4
04/21/2016 10:00:00 PM,8,5,3
04/21/2016 11:00:00 PM,4,3,1
04/22/2016 12:00:00 AM,4,4,0
04/22/2016 01:00:00 AM,1,0,1
04/22/2016 02:00:00 AM,3,1,2
04/22/2016 03:00:00 AM,1,1,0
04/22/2016 04:00:00 AM,8,3,5
04/22/2016 05:00:00 AM,20,4,16
04/22/2016 06:00:00 AM,46,10,36
04/22/2016 07:00:00 AM,113,13,100
04/22/2016 08:00:00 AM,105,20,85
04/22/2016 09:00:00 AM,45,5,40
04/22/2016 10:00:00 AM,19,1,18
04/22/2016 11:00:00 AM,19,11,8
04/22/2016 12:00:00 PM,18,8,10
04/22/2016 01:00:00 PM,24,14,10
04/22/2016 02:00:00 PM,16,9,7
04/22/2016 03:00:00 PM,31,23,8
04/22/2016 04:00:00 PM,67,54,13
04/22/2016 05:00:00 PM,112,101,11
04/22/2016 06:00:00 PM,60,50,10
04/22/2016 07:00:00 PM,24,14,10
04/22/2016 08:00:00 PM,8,8,0
04/22/2016 09:00:00 PM,4,3,1
04/22/2016 10:00:00 PM,4,2,2
04/22/2016 11:00:00 PM,4,1,3
04/23/2016 12:00:00 AM,7,5,2
04/23/2016 01:00:00 AM,5,5,0
04/23/2016 02:00:00 AM,1,0,1
04/23/2016 03:00:00 AM,2,0,2
04/23/2016 04:00:00 AM,1,0,1
04/23/2016 05:00:00 AM,7,1,6
04/23/2016 06:00:00 AM,9,1,8
04/23/2016 07:00:00 AM,21,5,16
04/23/2016 08:00:00 AM,34,13,21
04/23/2016 09:00:00 AM,41,29,12
04/23/2016 10:00:00 AM,46,22,24
04/23/2016 11:00:00 AM,118,80,38
04/23/2016 12:00:00 PM,48,26,22
04/23/2016 01:00:00 PM,63,37,26
04/23/2016 02:00:00 PM,33,13,20
04/23/2016 03:00:00 PM,75,32,43
04/23/2016 04:00:00 PM,44,22,22
04/23/2016 05:00:00 PM,34,25,9
04/23/2016 06:00:00 PM,14,8,6
04/23/2016 07:00:00 PM,7,1,6
04/23/2016 08:00:00 PM,8,6,2
04/23/2016 09:00:00 PM,10,5,5
04/23/2016 10:00:00 PM,4,1,3
04/23/2016 11:00:00 PM,2,2,0
04/24/2016 12:00:00 AM,0,0,0
04/24/2016 01:00:00 AM,1,1,0
04/24/2016 02:00:00 AM,3,2,1
04/24/2016 03:00:00 AM,3,2,1
04/24/2016 04:00:00 AM,0,0,0
04/24/2016 05:00:00 AM,5,2,3
04/24/2016 06:00:00 AM,4,0,4
04/24/2016 07:00:00 AM,7,1,6
04/24/2016 08:00:00 AM,13,6,7
04/24/2016 09:00:00 AM,3,1,2
04/24/2016 10:00:00 AM,5,4,1
04/24/2016 11:00:00 AM,8,2,6
04/24/2016 12:00:00 PM,4,2,2
04/24/2016 01:00:00 PM,7,3,4
04/24/2016 02:00:00 PM,11,4,7
04/24/2016 03:00:00 PM,10,7,3
04/24/2016 04:00:00 PM,12,7,5
04/24/2016 05:00:00 PM,8,5,3
04/24/2016 06:00:00 PM,7,5,2
04/24/2016 07:00:00 PM,11,5,6
04/24/2016 08:00:00 PM,3,2,1
04/24/2016 09:00:00 PM,4,3,1
04/24/2016 10:00:00 PM,3,1,2
04/24/2016 11:00:00 PM,3,2,1
04/25/2016 12:00:00 AM,1,1,0
04/25/2016 01:00:00 AM,0,0,0
04/25/2016 02:00:00 AM,2,1,1
04/25/2016 03:00:00 AM,1,1,0
04/25/2016 04:00:00 AM,5,0,5
04/25/2016 05:00:00 AM,16,2,14
04/25/2016 06:00:00 AM,52,6,46
04/25/2016 07:00:00 AM,109,11,98
04/25/2016 08:00:00 AM,95,11,84
04/25/2016 09:00:00 AM,40,6,34
04/25/2016 10:00:00 AM,23,3,20
04/25/2016 11:00:00 AM,13,3,10
04/25/2016 12:00:00 PM,25,14,11
04/25/2016 01:00:00 PM,22,12,10
04/25/2016 02:00:00 PM,28,17,11
04/25/2016 03:00:00 PM,45,30,15
04/25/2016 04:00:00 PM,77,61,16
04/25/2016 05:00:00 PM,141,122,19
04/25/2016 06:00:00 PM,89,74,15
04/25/2016 07:00:00 PM,36,32,4
04/25/2016 08:00:00 PM,21,12,9
04/25/2016 09:00:00 PM,9,9,0
04/25/2016 10:00:00 PM,8,6,2
04/25/2016 11:00:00 PM,6,2,4
04/26/2016 12:00:00 AM,0,0,0
04/26/2016 01:00:00 AM,0,0,0
04/26/2016 02:00:00 AM,1,0,1
04/26/2016 03:00:00 AM,2,2,0
04/26/2016 04:00:00 AM,6,0,6
04/26/2016 05:00:00 AM,24,2,22
04/26/2016 06:00:00 AM,85,7,78
04/26/2016 07:00:00 AM,180,15,165
04/26/2016 08:00:00 AM,152,21,131
04/26/2016 09:00:00 AM,63,5,58
04/26/2016 10:00:00 AM,18,6,12
04/26/2016 11:00:00 AM,24,11,13
04/26/2016 12:00:00 PM,22,9,13
04/26/2016 01:00:00 PM,32,16,16
04/26/2016 02:00:00 PM,33,17,16
04/26/2016 03:00:00 PM,42,28,14
04/26/2016 04:00:00 PM,141,110,31
04/26/2016 05:00:00 PM,207,181,26
04/26/2016 06:00:00 PM,140,120,20
04/26/2016 07:00:00 PM,51,38,13
04/26/2016 08:00:00 PM,20,15,5
04/26/2016 09:00:00 PM,17,13,4
04/26/2016 10:00:00 PM,16,14,2
04/26/2016 11:00:00 PM,1,1,0
04/27/2016 12:00:00 AM,0,0,0
04/27/2016 01:00:00 AM,1,1,0
04/27/2016 02:00:00 AM,2,1,1
04/27/2016 03:00:00 AM,1,1,0
04/27/2016 04:00:00 AM,6,1,5
04/27/2016 05:00:00 AM,28,2,26
04/27/2016 06:00:00 AM,74,9,65
04/27/2016 07:00:00 AM,157,17,140
04/27/2016 08:00:00 AM,156,13,143
04/27/2016 09:00:00 AM,59,6,53
04/27/2016 10:00:00 AM,32,13,19
04/27/2016 11:00:00 AM,36,23,13
04/27/2016 12:00:00 PM,30,10,20
04/27/2016 01:00:00 PM,24,12,12
04/27/2016 02:00:00 PM,43,27,16
04/27/2016 03:00:00 PM,45,26,19
04/27/2016 04:00:00 PM,112,86,26
04/27/2016 05:00:00 PM,189,173,16
04/27/2016 06:00:00 PM,130,114,16
04/27/2016 07:00:00 PM,73,54,19
04/27/2016 08:00:00 PM,32,17,15
04/27/2016 09:00:00 PM,18,9,9
04/27/2016 10:00:00 PM,6,5,1
04/27/2016 11:00:00 PM,5,4,1
04/28/2016 12:00:00 AM,1,1,0
04/28/2016 01:00:00 AM,2,1,1
04/28/2016 02:00:00 AM,4,2,2
04/28/2016 03:00:00 AM,1,1,0
04/28/2016 04:00:00 AM,4,1,3
04/28/2016 05:00:00 AM,18,2,16
04/28/2016 06:00:00 AM,92,7,85
04/28/2016 07:00:00 AM,176,21,155
04/28/2016 08:00:00 AM,164,28,136
04/28/2016 09:00:00 AM,63,5,58
04/28/2016 10:00:00 AM,31,11,20
04/28/2016 11:00:00 AM,30,10,20
04/28/2016 12:00:00 PM,21,9,12
04/28/2016 01:00:00 PM,24,8,16
04/28/2016 02:00:00 PM,28,18,10
04/28/2016 03:00:00 PM,50,40,10
04/28/2016 04:00:00 PM,124,98,26
04/28/2016 05:00:00 PM,202,170,32
04/28/2016 06:00:00 PM,138,109,29
04/28/2016 07:00:00 PM,46,33,13
04/28/2016 08:00:00 PM,22,18,4
04/28/2016 09:00:00 PM,13,11,2
04/28/2016 10:00:00 PM,6,4,2
04/28/2016 11:00:00 PM,5,4,1
04/29/2016 12:00:00 AM,8,5,3
04/29/2016 01:00:00 AM,1,1,0
04/29/2016 02:00:00 AM,0,0,0
04/29/2016 03:00:00 AM,1,0,1
04/29/2016 04:00:00 AM,7,2,5
04/29/2016 05:00:00 AM,27,5,22
04/29/2016 06:00:00 AM,114,14,100
04/29/2016 07:00:00 AM,193,17,176
04/29/2016 08:00:00 AM,168,11,157
04/29/2016 09:00:00 AM,70,7,63
04/29/2016 10:00:00 AM,33,4,29
04/29/2016 11:00:00 AM,16,5,11
04/29/2016 12:00:00 PM,8,5,3
04/29/2016 01:00:00 PM,21,13,8
04/29/2016 02:00:00 PM,30,19,11
04/29/2016 03:00:00 PM,76,61,15
04/29/2016 04:00:00 PM,144,126,18
04/29/2016 05:00:00 PM,211,188,23
04/29/2016 06:00:00 PM,139,114,25
04/29/2016 07:00:00 PM,48,34,14
04/29/2016 08:00:00 PM,29,19,10
04/29/2016 09:00:00 PM,10,6,4
04/29/2016 10:00:00 PM,16,14,2
04/29/2016 11:00:00 PM,13,11,2
04/30/2016 12:00:00 AM,7,6,1
04/30/2016 01:00:00 AM,3,2,1
04/30/2016 02:00:00 AM,1,0,1
04/30/2016 03:00:00 AM,1,1,0
04/30/2016 04:00:00 AM,1,0,1
04/30/2016 05:00:00 AM,4,0,4
04/30/2016 06:00:00 AM,11,2,9
04/30/2016 07:00:00 AM,29,7,22
04/30/2016 08:00:00 AM,34,13,21
04/30/2016 09:00:00 AM,56,22,34
04/30/2016 10:00:00 AM,57,23,34
04/30/2016 11:00:00 AM,63,33,30
04/30/2016 12:00:00 PM,85,39,46
04/30/2016 01:00:00 PM,78,40,38
04/30/2016 02:00:00 PM,84,48,36
04/30/2016 03:00:00 PM,95,56,39
04/30/2016 04:00:00 PM,70,39,31
04/30/2016 05:00:00 PM,64,26,38
04/30/2016 06:00:00 PM,44,21,23
04/30/2016 07:00:00 PM,25,13,12
04/30/2016 08:00:00 PM,12,9,3
04/30/2016 09:00:00 PM,16,7,9
04/30/2016 10:00:00 PM,17,14,3
04/30/2016 11:00:00 PM,8,5,3
05/01/2016 12:00:00 AM,3,3,0
05/01/2016 01:00:00 AM,3,0,3
05/01/2016 02:00:00 AM,3,3,0
05/01/2016 03:00:00 AM,5,4,1
05/01/2016 04:00:00 AM,4,1,3
05/01/2016 05:00:00 AM,4,0,4
05/01/2016 06:00:00 AM,9,0,9
05/01/2016 07:00:00 AM,14,5,9
05/01/2016 08:00:00 AM,44,10,34
05/01/2016 09:00:00 AM,100,34,66
05/01/2016 10:00:00 AM,88,44,44
05/01/2016 11:00:00 AM,105,59,46
05/01/2016 12:00:00 PM,96,54,42
05/01/2016 01:00:00 PM,126,68,58
05/01/2016 02:00:00 PM,116,65,51
05/01/2016 03:00:00 PM,120,71,49
05/01/2016 04:00:00 PM,88,50,38
05/01/2016 05:00:00 PM,76,37,39
05/01/2016 06:00:00 PM,47,20,27
05/01/2016 07:00:00 PM,41,21,20
05/01/2016 08:00:00 PM,21,15,6
05/01/2016 09:00:00 PM,8,5,3
05/01/2016 10:00:00 PM,7,1,6
05/01/2016 11:00:00 PM,4,3,1
05/02/2016 12:00:00 AM,4,2,2
05/02/2016 01:00:00 AM,4,3,1
05/02/2016 02:00:00 AM,2,2,0
05/02/2016 03:00:00 AM,2,2,0
05/02/2016 04:00:00 AM,10,1,9
05/02/2016 05:00:00 AM,40,7,33
05/02/2016 06:00:00 AM,177,18,159
05/02/2016 07:00:00 AM,366,36,330
05/02/2016 08:00:00 AM,313,37,276
05/02/2016 09:00:00 AM,99,16,83
05/02/2016 10:00:00 AM,57,13,44
05/02/2016 11:00:00 AM,56,29,27
05/02/2016 12:00:00 PM,50,26,24
05/02/2016 01:00:00 PM,51,23,28
05/02/2016 02:00:00 PM,62,43,19
05/02/2016 03:00:00 PM,93,65,28
05/02/2016 04:00:00 PM,248,202,46
05/02/2016 05:00:00 PM,431,367,64
05/02/2016 06:00:00 PM,257,223,34
05/02/2016 07:00:00 PM,103,80,23
05/02/2016 08:00:00 PM,48,33,15
05/02/2016 09:00:00 PM,33,24,9
05/02/2016 10:00:00 PM,14,8,6
05/02/2016 11:00:00 PM,5,3,2
05/03/2016 12:00:00 AM,2,1,1
05/03/2016 01:00:00 AM,2,2,0
05/03/2016 02:00:00 AM,1,0,1
05/03/2016 03:00:00 AM,5,5,0
05/03/2016 04:00:00 AM,12,4,8
05/03/2016 05:00:00 AM,45,6,39
05/03/2016 06:00:00 AM,189,20,169
05/03/2016 07:00:00 AM,350,35,315
05/03/2016 08:00:00 AM,310,26,284
05/03/2016 09:00:00 AM,99,19,80
05/03/2016 10:00:00 AM,35,6,29
05/03/2016 11:00:00 AM,36,20,16
05/03/2016 12:00:00 PM,30,9,21
05/03/2016 01:00:00 PM,26,16,10
05/03/2016 02:00:00 PM,48,28,20
05/03/2016 03:00:00 PM,95,73,22
05/03/2016 04:00:00 PM,219,176,43
05/03/2016 05:00:00 PM,414,364,50
05/03/2016 06:00:00 PM,242,216,26
05/03/2016 07:00:00 PM,74,61,13
05/03/2016 08:00:00 PM,31,24,7
05/03/2016 09:00:00 PM,23,19,4
05/03/2016 10:00:00 PM,8,7,1
05/03/2016 11:00:00 PM,5,2,3
05/04/2016 12:00:00 AM,5,4,1
05/04/2016 01:00:00 AM,1,0,1
05/04/2016 02:00:00 AM,4,2,2
05/04/2016 03:00:00 AM,3,3,0
05/04/2016 04:00:00 AM,6,2,4
05/04/2016 05:00:00 AM,38,5,33
05/04/2016 06:00:00 AM,170,20,150
05/04/2016 07:00:00 AM,266,29,237
05/04/2016 08:00:00 AM,275,24,251
05/04/2016 09:00:00 AM,96,18,78
05/04/2016 10:00:00 AM,35,7,28
05/04/2016 11:00:00 AM,24,8,16
05/04/2016 12:00:00 PM,26,12,14
05/04/2016 01:00:00 PM,27,12,15
05/04/2016 02:00:00 PM,23,17,6
05/04/2016 03:00:00 PM,87,68,19
05/04/2016 04:00:00 PM,169,147,22
05/04/2016 05:00:00 PM,343,308,35
05/04/2016 06:00:00 PM,189,163,26
05/04/2016 07:00:00 PM,74,60,14
05/04/2016 08:00:00 PM,37,23,14
05/04/2016 09:00:00 PM,9,8,1
05/04/2016 10:00:00 PM,5,4,1
05/04/2016 11:00:00 PM,12,6,6
05/05/2016 12:00:00 AM,5,1,4
05/05/2016 01:00:00 AM,2,1,1
05/05/2016 02:00:00 AM,1,1,0
05/05/2016 03:00:00 AM,1,0,1
05/05/2016 04:00:00 AM,9,1,8
05/05/2016 05:00:00 AM,42,6,36
05/05/2016 06:00:00 AM,170,17,153
05/05/2016 07:00:00 AM,300,30,270
05/05/2016 08:00:00 AM,281,25,256
05/05/2016 09:00:00 AM,109,16,93
05/05/2016 10:00:00 AM,44,8,36
05/05/2016 11:00:00 AM,27,15,12
05/05/2016 12:00:00 PM,43,21,22
05/05/2016 01:00:00 PM,36,22,14
05/05/2016 02:00:00 PM,47,24,23
05/05/2016 03:00:00 PM,81,61,20
05/05/2016 04:00:00 PM,175,147,28
05/05/2016 05:00:00 PM,341,298,43
05/05/2016 06:00:00 PM,199,167,32
05/05/2016 07:00:00 PM,85,71,14
05/05/2016 08:00:00 PM,112,97,15
05/05/2016 09:00:00 PM,94,23,71
05/05/2016 10:00:00 PM,16,13,3
05/05/2016 11:00:00 PM,12,9,3
05/06/2016 12:00:00 AM,10,7,3
05/06/2016 01:00:00 AM,6,5,1
05/06/2016 02:00:00 AM,3,2,1
05/06/2016 03:00:00 AM,2,1,1
05/06/2016 04:00:00 AM,6,1,5
05/06/2016 05:00:00 AM,39,7,32
05/06/2016 06:00:00 AM,128,16,112
05/06/2016 07:00:00 AM,291,23,268
05/06/2016 08:00:00 AM,256,23,233
05/06/2016 09:00:00 AM,98,15,83
05/06/2016 10:00:00 AM,47,10,37
05/06/2016 11:00:00 AM,41,19,22
05/06/2016 12:00:00 PM,43,24,19
05/06/2016 01:00:00 PM,45,22,23
05/06/2016 02:00:00 PM,56,35,21
05/06/2016 03:00:00 PM,118,87,31
05/06/2016 04:00:00 PM,215,175,40
05/06/2016 05:00:00 PM,278,236,42
05/06/2016 06:00:00 PM,170,147,23
05/06/2016 07:00:00 PM,67,50,17
05/06/2016 08:00:00 PM,42,28,14
05/06/2016 09:00:00 PM,21,16,5
05/06/2016 10:00:00 PM,14,8,6
05/06/2016 11:00:00 PM,8,8,0
05/07/2016 12:00:00 AM,12,7,5
05/07/2016 01:00:00 AM,9,4,5
05/07/2016 02:00:00 AM,3,2,1
05/07/2016 03:00:00 AM,4,4,0
05/07/2016 04:00:00 AM,5,3,2
05/07/2016 05:00:00 AM,4,0,4
05/07/2016 06:00:00 AM,11,4,7
05/07/2016 07:00:00 AM,32,8,24
05/07/2016 08:00:00 AM,63,26,37
05/07/2016 09:00:00 AM,76,36,40
05/07/2016 10:00:00 AM,77,35,42
05/07/2016 11:00:00 AM,98,60,38
05/07/2016 12:00:00 PM,115,62,53
05/07/2016 01:00:00 PM,127,78,49
05/07/2016 02:00:00 PM,126,65,61
05/07/2016 03:00:00 PM,110,47,63
05/07/2016 04:00:00 PM,113,64,49
05/07/2016 05:00:00 PM,83,34,49
05/07/2016 06:00:00 PM,55,23,32
05/07/2016 07:00:00 PM,29,17,12
05/07/2016 08:00:00 PM,21,14,7
05/07/2016 09:00:00 PM,23,17,6
05/07/2016 10:00:00 PM,14,9,5
05/07/2016 11:00:00 PM,10,7,3
05/08/2016 12:00:00 AM,4,2,2
05/08/2016 01:00:00 AM,5,4,1
05/08/2016 02:00:00 AM,2,2,0
05/08/2016 03:00:00 AM,2,1,1
05/08/2016 04:00:00 AM,0,0,0
05/08/2016 05:00:00 AM,4,1,3
05/08/2016 06:00:00 AM,5,1,4
05/08/2016 07:00:00 AM,8,2,6
05/08/2016 08:00:00 AM,4,0,4
05/08/2016 09:00:00 AM,17,12,5
05/08/2016 10:00:00 AM,18,6,12
05/08/2016 11:00:00 AM,23,12,11
05/08/2016 12:00:00 PM,22,14,8
05/08/2016 01:00:00 PM,42,22,20
05/08/2016 02:00:00 PM,30,15,15
05/08/2016 03:00:00 PM,24,10,14
05/08/2016 04:00:00 PM,38,19,19
05/08/2016 05:00:00 PM,32,14,18
05/08/2016 06:00:00 PM,14,9,5
05/08/2016 07:00:00 PM,15,7,8
05/08/2016 08:00:00 PM,9,8,1
05/08/2016 09:00:00 PM,9,5,4
05/08/2016 10:00:00 PM,5,5,0
05/08/2016 11:00:00 PM,2,1,1
05/09/2016 12:00:00 AM,0,0,0
05/09/2016 01:00:00 AM,0,0,0
05/09/2016 02:00:00 AM,0,0,0
05/09/2016 03:00:00 AM,3,3,0
05/09/2016 04:00:00 AM,4,2,2
05/09/2016 05:00:00 AM,34,6,28
05/09/2016 06:00:00 AM,126,17,109
05/09/2016 07:00:00 AM,244,20,224
05/09/2016 08:00:00 AM,224,24,200
05/09/2016 09:00:00 AM,91,12,79
05/09/2016 10:00:00 AM,31,5,26
05/09/2016 11:00:00 AM,26,10,16
05/09/2016 12:00:00 PM,35,15,20
05/09/2016 01:00:00 PM,25,11,14
05/09/2016 02:00:00 PM,43,28,15
05/09/2016 03:00:00 PM,75,56,19
05/09/2016 04:00:00 PM,170,136,34
05/09/2016 05:00:00 PM,292,266,26
05/09/2016 06:00:00 PM,187,164,23
05/09/2016 07:00:00 PM,62,46,16
05/09/2016 08:00:00 PM,42,22,20
05/09/2016 09:00:00 PM,14,10,4
05/09/2016 10:00:00 PM,11,7,4
05/09/2016 11:00:00 PM,9,7,2
05/10/2016 12:00:00 AM,8,5,3
05/10/2016 01:00:00 AM,1,1,0
05/10/2016 02:00:00 AM,3,2,1
05/10/2016 03:00:00 AM,1,1,0
05/10/2016 04:00:00 AM,9,2,7
05/10/2016 05:00:00 AM,35,4,31
05/10/2016 06:00:00 AM,139,20,119
05/10/2016 07:00:00 AM,251,23,228
05/10/2016 08:00:00 AM,244,34,210
05/10/2016 09:00:00 AM,78,8,70
05/10/2016 10:00:00 AM,39,11,28
05/10/2016 11:00:00 AM,23,10,13
05/10/2016 12:00:00 PM,31,18,13
05/10/2016 01:00:00 PM,37,16,21
05/10/2016 02:00:00 PM,48,28,20
05/10/2016 03:00:00 PM,81,54,27
05/10/2016 04:00:00 PM,164,137,27
05/10/2016 05:00:00 PM,293,244,49
05/10/2016 06:00:00 PM,194,166,28
05/10/2016 07:00:00 PM,75,61,14
05/10/2016 08:00:00 PM,32,18,14
05/10/2016 09:00:00 PM,26,18,8
05/10/2016 10:00:00 PM,11,8,3
05/10/2016 11:00:00 PM,7,4,3
05/11/2016 12:00:00 AM,5,3,2
05/11/2016 01:00:00 AM,2,1,1
05/11/2016 02:00:00 AM,2,2,0
05/11/2016 03:00:00 AM,4,2,2
05/11/2016 04:00:00 AM,7,2,5
05/11/2016 05:00:00 AM,41,7,34
05/11/2016 06:00:00 AM,117,18,99
05/11/2016 07:00:00 AM,234,19,215
05/11/2016 08:00:00 AM,206,21,185
05/11/2016 09:00:00 AM,79,14,65
05/11/2016 10:00:00 AM,50,12,38
05/11/2016 11:00:00 AM,34,16,18
05/11/2016 12:00:00 PM,43,13,30
05/11/2016 01:00:00 PM,42,25,17
05/11/2016 02:00:00 PM,56,35,21
05/11/2016 03:00:00 PM,63,47,16
05/11/2016 04:00:00 PM,188,156,32
05/11/2016 05:00:00 PM,295,248,47
05/11/2016 06:00:00 PM,186,152,34
05/11/2016 07:00:00 PM,77,51,26
05/11/2016 08:00:00 PM,37,21,16
05/11/2016 09:00:00 PM,29,26,3
05/11/2016 10:00:00 PM,4,2,2
05/11/2016 11:00:00 PM,5,5,0
05/12/2016 12:00:00 AM,2,1,1
05/12/2016 01:00:00 AM,1,1,0
05/12/2016 02:00:00 AM,3,2,1
05/12/2016 03:00:00 AM,2,1,1
05/12/2016 04:00:00 AM,7,2,5
05/12/2016 05:00:00 AM,34,6,28
05/12/2016 06:00:00 AM,117,20,97
05/12/2016 07:00:00 AM,238,22,216
05/12/2016 08:00:00 AM,213,21,192
05/12/2016 09:00:00 AM,97,12,85
05/12/2016 10:00:00 AM,32,8,24
05/12/2016 11:00:00 AM,36,20,16
05/12/2016 12:00:00 PM,35,13,22
05/12/2016 01:00:00 PM,40,17,23
05/12/2016 02:00:00 PM,39,23,16
05/12/2016 03:00:00 PM,73,53,20
05/12/2016 04:00:00 PM,129,101,28
05/12/2016 05:00:00 PM,263,230,33
05/12/2016 06:00:00 PM,193,170,23
05/12/2016 07:00:00 PM,80,59,21
05/12/2016 08:00:00 PM,57,38,19
05/12/2016 09:00:00 PM,31,19,12
05/12/2016 10:00:00 PM,11,8,3
05/12/2016 11:00:00 PM,7,5,2
05/13/2016 12:00:00 AM,6,1,5
05/13/2016 01:00:00 AM,2,1,1
05/13/2016 02:00:00 AM,4,4,0
05/13/2016 03:00:00 AM,0,0,0
05/13/2016 04:00:00 AM,7,3,4
05/13/2016 05:00:00 AM,32,4,28
05/13/2016 06:00:00 AM,105,19,86
05/13/2016 07:00:00 AM,206,25,181
05/13/2016 08:00:00 AM,174,20,154
05/13/2016 09:00:00 AM,77,14,63
05/13/2016 10:00:00 AM,39,8,31
05/13/2016 11:00:00 AM,38,18,20
05/13/2016 12:00:00 PM,42,28,14
05/13/2016 01:00:00 PM,53,26,27
05/13/2016 02:00:00 PM,45,23,22
05/13/2016 03:00:00 PM,82,51,31
05/13/2016 04:00:00 PM,155,127,28
05/13/2016 05:00:00 PM,213,182,31
05/13/2016 06:00:00 PM,115,99,16
05/13/2016 07:00:00 PM,61,46,15
05/13/2016 08:00:00 PM,34,22,12
05/13/2016 09:00:00 PM,16,10,6
05/13/2016 10:00:00 PM,16,10,6
05/13/2016 11:00:00 PM,9,8,1
05/14/2016 12:00:00 AM,9,4,5
05/14/2016 01:00:00 AM,2,2,0
05/14/2016 02:00:00 AM,4,2,2
05/14/2016 03:00:00 AM,1,1,0
05/14/2016 04:00:00 AM,4,2,2
05/14/2016 05:00:00 AM,10,3,7
05/14/2016 06:00:00 AM,18,4,14
05/14/2016 07:00:00 AM,31,12,19
05/14/2016 08:00:00 AM,41,12,29
05/14/2016 09:00:00 AM,43,24,19
05/14/2016 10:00:00 AM,65,42,23
05/14/2016 11:00:00 AM,59,24,35
05/14/2016 12:00:00 PM,43,20,23
05/14/2016 01:00:00 PM,33,16,17
05/14/2016 02:00:00 PM,38,11,27
05/14/2016 03:00:00 PM,19,10,9
05/14/2016 04:00:00 PM,13,10,3
05/14/2016 05:00:00 PM,30,18,12
05/14/2016 06:00:00 PM,16,13,3
05/14/2016 07:00:00 PM,13,8,5
05/14/2016 08:00:00 PM,10,4,6
05/14/2016 09:00:00 PM,5,5,0
05/14/2016 10:00:00 PM,1,0,1
05/14/2016 11:00:00 PM,4,3,1
05/15/2016 12:00:00 AM,2,0,2
05/15/2016 01:00:00 AM,0,0,0
05/15/2016 02:00:00 AM,1,1,0
05/15/2016 03:00:00 AM,2,2,0
05/15/2016 04:00:00 AM,1,1,0
05/15/2016 05:00:00 AM,3,0,3
05/15/2016 06:00:00 AM,7,1,6
05/15/2016 07:00:00 AM,19,5,14
05/15/2016 08:00:00 AM,19,8,11
05/15/2016 09:00:00 AM,28,19,9
05/15/2016 10:00:00 AM,33,17,16
05/15/2016 11:00:00 AM,36,17,19
05/15/2016 12:00:00 PM,47,22,25
05/15/2016 01:00:00 PM,49,27,22
05/15/2016 02:00:00 PM,43,14,29
05/15/2016 03:00:00 PM,30,21,9
05/15/2016 04:00:00 PM,29,18,11
05/15/2016 05:00:00 PM,22,11,11
05/15/2016 06:00:00 PM,16,10,6
05/15/2016 07:00:00 PM,9,3,6
05/15/2016 08:00:00 PM,5,4,1
05/15/2016 09:00:00 PM,6,4,2
05/15/2016 10:00:00 PM,1,1,0
05/15/2016 11:00:00 PM,5,2,3
05/16/2016 12:00:00 AM,0,0,0
05/16/2016 01:00:00 AM,3,2,1
05/16/2016 02:00:00 AM,4,2,2
05/16/2016 03:00:00 AM,2,2,0
05/16/2016 04:00:00 AM,3,1,2
05/16/2016 05:00:00 AM,22,2,20
05/16/2016 06:00:00 AM,80,9,71
05/16/2016 07:00:00 AM,149,17,132
05/16/2016 08:00:00 AM,161,11,150
05/16/2016 09:00:00 AM,56,7,49
05/16/2016 10:00:00 AM,16,3,13
05/16/2016 11:00:00 AM,21,8,13
05/16/2016 12:00:00 PM,20,10,10
05/16/2016 01:00:00 PM,11,6,5
05/16/2016 02:00:00 PM,30,17,13
05/16/2016 03:00:00 PM,32,25,7
05/16/2016 04:00:00 PM,103,82,21
05/16/2016 05:00:00 PM,195,166,29
05/16/2016 06:00:00 PM,132,113,19
05/16/2016 07:00:00 PM,50,41,9
05/16/2016 08:00:00 PM,29,17,12
05/16/2016 09:00:00 PM,11,8,3
05/16/2016 10:00:00 PM,6,5,1
05/16/2016 11:00:00 PM,6,3,3
05/17/2016 12:00:00 AM,2,1,1
05/17/2016 01:00:00 AM,4,2,2
05/17/2016 02:00:00 AM,0,0,0
05/17/2016 03:00:00 AM,2,2,0
05/17/2016 04:00:00 AM,13,4,9
05/17/2016 05:00:00 AM,29,3,26
05/17/2016 06:00:00 AM,112,15,97
05/17/2016 07:00:00 AM,222,26,196
05/17/2016 08:00:00 AM,215,21,194
05/17/2016 09:00:00 AM,78,10,68
05/17/2016 10:00:00 AM,40,13,27
05/17/2016 11:00:00 AM,30,10,20
05/17/2016 12:00:00 PM,23,9,14
05/17/2016 01:00:00 PM,31,11,20
05/17/2016 02:00:00 PM,42,28,14
05/17/2016 03:00:00 PM,54,41,13
05/17/2016 04:00:00 PM,150,124,26
05/17/2016 05:00:00 PM,297,255,42
05/17/2016 06:00:00 PM,174,153,21
05/17/2016 07:00:00 PM,81,59,22
05/17/2016 08:00:00 PM,35,22,13
05/17/2016 09:00:00 PM,22,16,6
05/17/2016 10:00:00 PM,12,3,9
05/17/2016 11:00:00 PM,4,3,1
05/18/2016 12:00:00 AM,2,1,1
05/18/2016 01:00:00 AM,1,0,1
05/18/2016 02:00:00 AM,4,3,1
05/18/2016 03:00:00 AM,3,3,0
05/18/2016 04:00:00 AM,4,1,3
05/18/2016 05:00:00 AM,33,2,31
05/18/2016 06:00:00 AM,104,10,94
05/18/2016 07:00:00 AM,216,22,194
05/18/2016 08:00:00 AM,203,18,185
05/18/2016 09:00:00 AM,69,10,59
05/18/2016 10:00:00 AM,36,14,22
05/18/2016 11:00:00 AM,23,10,13
05/18/2016 12:00:00 PM,28,12,16
05/18/2016 01:00:00 PM,24,11,13
05/18/2016 02:00:00 PM,33,20,13
05/18/2016 03:00:00 PM,52,34,18
05/18/2016 04:00:00 PM,159,123,36
05/18/2016 05:00:00 PM,243,224,19
05/18/2016 06:00:00 PM,132,107,25
05/18/2016 07:00:00 PM,54,40,14
05/18/2016 08:00:00 PM,40,24,16
05/18/2016 09:00:00 PM,21,17,4
05/18/2016 10:00:00 PM,5,5,0
05/18/2016 11:00:00 PM,5,4,1
05/19/2016 12:00:00 AM,4,2,2
05/19/2016 01:00:00 AM,2,1,1
05/19/2016 02:00:00 AM,0,0,0
05/19/2016 03:00:00 AM,0,0,0
05/19/2016 04:00:00 AM,4,1,3
05/19/2016 05:00:00 AM,17,3,14
05/19/2016 06:00:00 AM,62,12,50
05/19/2016 07:00:00 AM,150,14,136
05/19/2016 08:00:00 AM,154,13,141
05/19/2016 09:00:00 AM,42,6,36
05/19/2016 10:00:00 AM,24,5,19
05/19/2016 11:00:00 AM,25,11,14
05/19/2016 12:00:00 PM,9,4,5
05/19/2016 01:00:00 PM,22,15,7
05/19/2016 02:00:00 PM,31,16,15
05/19/2016 03:00:00 PM,31,23,8
05/19/2016 04:00:00 PM,76,64,12
05/19/2016 05:00:00 PM,171,152,19
05/19/2016 06:00:00 PM,92,74,18
05/19/2016 07:00:00 PM,46,38,8
05/19/2016 08:00:00 PM,17,12,5
05/19/2016 09:00:00 PM,9,5,4
05/19/2016 10:00:00 PM,2,2,0
05/19/2016 11:00:00 PM,3,2,1
05/20/2016 12:00:00 AM,4,4,0
05/20/2016 01:00:00 AM,0,0,0
05/20/2016 02:00:00 AM,1,1,0
05/20/2016 03:00:00 AM,0,0,0
05/20/2016 04:00:00 AM,2,0,2
05/20/2016 05:00:00 AM,29,1,28
05/20/2016 06:00:00 AM,115,14,101
05/20/2016 07:00:00 AM,197,14,183
05/20/2016 08:00:00 AM,229,18,211
05/20/2016 09:00:00 AM,79,18,61
05/20/2016 10:00:00 AM,23,9,14
05/20/2016 11:00:00 AM,36,20,16
05/20/2016 12:00:00 PM,46,27,19
05/20/2016 01:00:00 PM,45,19,26
05/20/2016 02:00:00 PM,54,33,21
05/20/2016 03:00:00 PM,70,55,15
05/20/2016 04:00:00 PM,149,118,31
05/20/2016 05:00:00 PM,250,214,36
05/20/2016 06:00:00 PM,131,113,18
05/20/2016 07:00:00 PM,42,33,9
05/20/2016 08:00:00 PM,33,24,9
05/20/2016 09:00:00 PM,9,6,3
05/20/2016 10:00:00 PM,16,9,7
05/20/2016 11:00:00 PM,10,7,3
05/21/2016 12:00:00 AM,8,6,2
05/21/2016 01:00:00 AM,9,6,3
05/21/2016 02:00:00 AM,5,4,1
05/21/2016 03:00:00 AM,0,0,0
05/21/2016 04:00:00 AM,1,0,1
05/21/2016 05:00:00 AM,7,3,4
05/21/2016 06:00:00 AM,9,2,7
05/21/2016 07:00:00 AM,14,5,9
05/21/2016 08:00:00 AM,6,4,2
05/21/2016 09:00:00 AM,13,5,8
05/21/2016 10:00:00 AM,5,1,4
05/21/2016 11:00:00 AM,15,6,9
05/21/2016 12:00:00 PM,10,5,5
05/21/2016 01:00:00 PM,18,10,8
05/21/2016 02:00:00 PM,15,6,9
05/21/2016 03:00:00 PM,18,5,13
05/21/2016 04:00:00 PM,23,11,12
05/21/2016 05:00:00 PM,22,13,9
05/21/2016 06:00:00 PM,14,8,6
05/21/2016 07:00:00 PM,4,0,4
05/21/2016 08:00:00 PM,7,3,4
05/21/2016 09:00:00 PM,9,6,3
05/21/2016 10:00:00 PM,4,3,1
05/21/2016 11:00:00 PM,5,4,1
05/22/2016 12:00:00 AM,5,4,1
05/22/2016 01:00:00 AM,0,0,0
05/22/2016 02:00:00 AM,2,2,0
05/22/2016 03:00:00 AM,1,0,1
05/22/2016 04:00:00 AM,3,2,1
05/22/2016 05:00:00 AM,4,0,4
05/22/2016 06:00:00 AM,11,3,8
05/22/2016 07:00:00 AM,12,1,11
05/22/2016 08:00:00 AM,33,23,10
05/22/2016 09:00:00 AM,16,9,7
05/22/2016 10:00:00 AM,45,21,24
05/22/2016 11:00:00 AM,53,20,33
05/22/2016 12:00:00 PM,71,42,29
05/22/2016 01:00:00 PM,57,20,37
05/22/2016 02:00:00 PM,75,41,34
05/22/2016 03:00:00 PM,77,39,38
05/22/2016 04:00:00 PM,54,34,20
05/22/2016 05:00:00 PM,53,26,27
05/22/2016 06:00:00 PM,25,13,12
05/22/2016 07:00:00 PM,22,11,11
05/22/2016 08:00:00 PM,13,7,6
05/22/2016 09:00:00 PM,9,3,6
05/22/2016 10:00:00 PM,6,4,2
05/22/2016 11:00:00 PM,4,4,0
05/23/2016 12:00:00 AM,1,1,0
05/23/2016 01:00:00 AM,6,3,3
05/23/2016 02:00:00 AM,1,1,0
05/23/2016 03:00:00 AM,0,0,0
05/23/2016 04:00:00 AM,8,2,6
05/23/2016 05:00:00 AM,29,5,24
05/23/2016 06:00:00 AM,97,14,83
05/23/2016 07:00:00 AM,199,12,187
05/23/2016 08:00:00 AM,198,15,183
05/23/2016 09:00:00 AM,70,11,59
05/23/2016 10:00:00 AM,24,7,17
05/23/2016 11:00:00 AM,21,10,11
05/23/2016 12:00:00 PM,20,7,13
05/23/2016 01:00:00 PM,28,16,12
05/23/2016 02:00:00 PM,21,13,8
05/23/2016 03:00:00 PM,45,30,15
05/23/2016 04:00:00 PM,142,115,27
05/23/2016 05:00:00 PM,247,222,25
05/23/2016 06:00:00 PM,151,133,18
05/23/2016 07:00:00 PM,51,38,13
05/23/2016 08:00:00 PM,30,18,12
05/23/2016 09:00:00 PM,16,11,5
05/23/2016 10:00:00 PM,12,10,2
05/23/2016 11:00:00 PM,9,5,4
05/24/2016 12:00:00 AM,1,1,0
05/24/2016 01:00:00 AM,0,0,0
05/24/2016 02:00:00 AM,5,4,1
05/24/2016 03:00:00 AM,1,1,0
05/24/2016 04:00:00 AM,7,1,6
05/24/2016 05:00:00 AM,37,5,32
05/24/2016 06:00:00 AM,112,13,99
05/24/2016 07:00:00 AM,233,25,208
05/24/2016 08:00:00 AM,206,24,182
05/24/2016 09:00:00 AM,66,11,55
05/24/2016 10:00:00 AM,26,8,18
05/24/2016 11:00:00 AM,35,12,23
05/24/2016 12:00:00 PM,24,11,13
05/24/2016 01:00:00 PM,22,13,9
05/24/2016 02:00:00 PM,27,18,9
05/24/2016 03:00:00 PM,57,41,16
05/24/2016 04:00:00 PM,147,123,24
05/24/2016 05:00:00 PM,251,226,25
05/24/2016 06:00:00 PM,146,123,23
05/24/2016 07:00:00 PM,66,58,8
05/24/2016 08:00:00 PM,24,17,7
05/24/2016 09:00:00 PM,22,18,4
05/24/2016 10:00:00 PM,12,9,3
05/24/2016 11:00:00 PM,6,6,0
05/25/2016 12:00:00 AM,1,0,1
05/25/2016 01:00:00 AM,4,2,2
05/25/2016 02:00:00 AM,2,1,1
05/25/2016 03:00:00 AM,0,0,0
05/25/2016 04:00:00 AM,5,0,5
05/25/2016 05:00:00 AM,39,3,36
05/25/2016 06:00:00 AM,110,15,95
05/25/2016 07:00:00 AM,182,22,160
05/25/2016 08:00:00 AM,191,17,174
05/25/2016 09:00:00 AM,64,7,57
05/25/2016 10:00:00 AM,34,6,28
05/25/2016 11:00:00 AM,31,18,13
05/25/2016 12:00:00 PM,41,29,12
05/25/2016 01:00:00 PM,28,15,13
05/25/2016 02:00:00 PM,31,24,7
05/25/2016 03:00:00 PM,57,42,15
05/25/2016 04:00:00 PM,123,99,24
05/25/2016 05:00:00 PM,234,203,31
05/25/2016 06:00:00 PM,134,108,26
05/25/2016 07:00:00 PM,62,52,10
05/25/2016 08:00:00 PM,33,24,9
05/25/2016 09:00:00 PM,14,14,0
05/25/2016 10:00:00 PM,4,3,1
05/25/2016 11:00:00 PM,9,6,3
05/26/2016 12:00:00 AM,3,1,2
05/26/2016 01:00:00 AM,3,3,0
05/26/2016 02:00:00 AM,3,2,1
05/26/2016 03:00:00 AM,2,1,1
05/26/2016 04:00:00 AM,4,0,4
05/26/2016 05:00:00 AM,31,3,28
05/26/2016 06:00:00 AM,92,10,82
05/26/2016 07:00:00 AM,177,18,159
05/26/2016 08:00:00 AM,169,15,154
05/26/2016 09:00:00 AM,44,5,39
05/26/2016 10:00:00 AM,27,11,16
05/26/2016 11:00:00 AM,16,5,11
05/26/2016 12:00:00 PM,22,10,12
05/26/2016 01:00:00 PM,18,9,9
05/26/2016 02:00:00 PM,26,14,12
05/26/2016 03:00:00 PM,38,27,11
05/26/2016 04:00:00 PM,96,78,18
05/26/2016 05:00:00 PM,187,165,22
05/26/2016 06:00:00 PM,127,106,21
05/26/2016 07:00:00 PM,96,83,13
05/26/2016 08:00:00 PM,28,20,8
05/26/2016 09:00:00 PM,22,18,4
05/26/2016 10:00:00 PM,17,8,9
05/26/2016 11:00:00 PM,8,6,2
05/27/2016 12:00:00 AM,5,2,3
05/27/2016 01:00:00 AM,1,0,1
05/27/2016 02:00:00 AM,1,1,0
05/27/2016 03:00:00 AM,1,1,0
05/27/2016 04:00:00 AM,1,0,1
05/27/2016 05:00:00 AM,15,4,11
05/27/2016 06:00:00 AM,50,6,44
05/27/2016 07:00:00 AM,111,9,102
05/27/2016 08:00:00 AM,117,10,107
05/27/2016 09:00:00 AM,49,9,40
05/27/2016 10:00:00 AM,27,10,17
05/27/2016 11:00:00 AM,20,12,8
05/27/2016 12:00:00 PM,32,17,15
05/27/2016 01:00:00 PM,27,12,15
05/27/2016 02:00:00 PM,35,19,16
05/27/2016 03:00:00 PM,64,54,10
05/27/2016 04:00:00 PM,94,74,20
05/27/2016 05:00:00 PM,96,86,10
05/27/2016 06:00:00 PM,72,65,7
05/27/2016 07:00:00 PM,30,19,11
05/27/2016 08:00:00 PM,12,11,1
05/27/2016 09:00:00 PM,21,9,12
05/27/2016 10:00:00 PM,9,7,2
05/27/2016 11:00:00 PM,4,3,1
05/28/2016 12:00:00 AM,12,11,1
05/28/2016 01:00:00 AM,2,0,2
05/28/2016 02:00:00 AM,1,0,1
05/28/2016 03:00:00 AM,1,1,0
05/28/2016 04:00:00 AM,2,2,0
05/28/2016 05:00:00 AM,4,0,4
05/28/2016 06:00:00 AM,7,1,6
05/28/2016 07:00:00 AM,17,4,13
05/28/2016 08:00:00 AM,22,5,17
05/28/2016 09:00:00 AM,44,32,12
05/28/2016 10:00:00 AM,36,23,13
05/28/2016 11:00:00 AM,67,23,44
05/28/2016 12:00:00 PM,37,13,24
05/28/2016 01:00:00 PM,28,14,14
05/28/2016 02:00:00 PM,27,14,13
05/28/2016 03:00:00 PM,39,21,18
05/28/2016 04:00:00 PM,21,10,11
05/28/2016 05:00:00 PM,28,14,14
05/28/2016 06:00:00 PM,17,7,10
05/28/2016 07:00:00 PM,8,4,4
05/28/2016 08:00:00 PM,7,5,2
05/28/2016 09:00:00 PM,9,5,4
05/28/2016 10:00:00 PM,11,8,3
05/28/2016 11:00:00 PM,6,4,2
05/29/2016 12:00:00 AM,5,5,0
05/29/2016 01:00:00 AM,1,0,1
05/29/2016 02:00:00 AM,1,1,0
05/29/2016 03:00:00 AM,5,5,0
05/29/2016 04:00:00 AM,4,2,2
05/29/2016 05:00:00 AM,5,2,3
05/29/2016 06:00:00 AM,2,0,2
05/29/2016 07:00:00 AM,7,1,6
05/29/2016 08:00:00 AM,17,5,12
05/29/2016 09:00:00 AM,9,3,6
05/29/2016 10:00:00 AM,6,4,2
05/29/2016 11:00:00 AM,19,11,8
05/29/2016 12:00:00 PM,25,9,16
05/29/2016 01:00:00 PM,19,10,9
05/29/2016 02:00:00 PM,20,13,7
05/29/2016 03:00:00 PM,26,11,15
05/29/2016 04:00:00 PM,35,18,17
05/29/2016 05:00:00 PM,30,22,8
05/29/2016 06:00:00 PM,13,6,7
05/29/2016 07:00:00 PM,18,10,8
05/29/2016 08:00:00 PM,5,3,2
05/29/2016 09:00:00 PM,12,10,2
05/29/2016 10:00:00 PM,2,2,0
05/29/2016 11:00:00 PM,1,0,1
05/30/2016 12:00:00 AM,2,1,1
05/30/2016 01:00:00 AM,1,1,0
05/30/2016 02:00:00 AM,1,0,1
05/30/2016 03:00:00 AM,1,0,1
05/30/2016 04:00:00 AM,1,1,0
05/30/2016 05:00:00 AM,7,0,7
05/30/2016 06:00:00 AM,17,5,12
05/30/2016 07:00:00 AM,19,6,13
05/30/2016 08:00:00 AM,46,19,27
05/30/2016 09:00:00 AM,65,29,36
05/30/2016 10:00:00 AM,78,38,40
05/30/2016 11:00:00 AM,108,58,50
05/30/2016 12:00:00 PM,125,67,58
05/30/2016 01:00:00 PM,107,49,58
05/30/2016 02:00:00 PM,117,56,61
05/30/2016 03:00:00 PM,104,62,42
05/30/2016 04:00:00 PM,93,33,60
05/30/2016 05:00:00 PM,75,42,33
05/30/2016 06:00:00 PM,48,28,20
05/30/2016 07:00:00 PM,29,18,11
05/30/2016 08:00:00 PM,27,12,15
05/30/2016 09:00:00 PM,18,7,11
05/30/2016 10:00:00 PM,5,3,2
05/30/2016 11:00:00 PM,6,2,4
05/31/2016 12:00:00 AM,7,5,2
05/31/2016 01:00:00 AM,1,0,1
05/31/2016 02:00:00 AM,2,1,1
05/31/2016 03:00:00 AM,1,0,1
05/31/2016 04:00:00 AM,10,3,7
05/31/2016 05:00:00 AM,31,4,27
05/31/2016 06:00:00 AM,99,11,88
05/31/2016 07:00:00 AM,197,19,178
05/31/2016 08:00:00 AM,202,30,172
05/31/2016 09:00:00 AM,69,9,60
05/31/2016 10:00:00 AM,27,4,23
05/31/2016 11:00:00 AM,32,19,13
05/31/2016 12:00:00 PM,39,24,15
05/31/2016 01:00:00 PM,38,19,19
05/31/2016 02:00:00 PM,29,16,13
05/31/2016 03:00:00 PM,71,48,23
05/31/2016 04:00:00 PM,149,118,31
05/31/2016 05:00:00 PM,246,216,30
05/31/2016 06:00:00 PM,158,134,24
05/31/2016 07:00:00 PM,66,49,17
05/31/2016 08:00:00 PM,38,24,14
05/31/2016 09:00:00 PM,22,15,7
05/31/2016 10:00:00 PM,11,6,5
05/31/2016 11:00:00 PM,6,5,1
06/01/2016 12:00:00 AM,3,1,2
06/01/2016 01:00:00 AM,2,0,2
06/01/2016 02:00:00 AM,3,2,1
06/01/2016 03:00:00 AM,1,1,0
06/01/2016 04:00:00 AM,13,3,10
06/01/2016 05:00:00 AM,32,4,28
06/01/2016 06:00:00 AM,131,16,115
06/01/2016 07:00:00 AM,215,20,195
06/01/2016 08:00:00 AM,165,17,148
06/01/2016 09:00:00 AM,60,16,44
06/01/2016 10:00:00 AM,62,31,31
06/01/2016 11:00:00 AM,27,12,15
06/01/2016 12:00:00 PM,48,16,32
06/01/2016 01:00:00 PM,32,13,19
06/01/2016 02:00:00 PM,40,21,19
06/01/2016 03:00:00 PM,72,40,32
06/01/2016 04:00:00 PM,146,125,21
06/01/2016 05:00:00 PM,244,220,24
06/01/2016 06:00:00 PM,148,130,18
06/01/2016 07:00:00 PM,56,40,16
06/01/2016 08:00:00 PM,28,22,6
06/01/2016 09:00:00 PM,19,13,6
06/01/2016 10:00:00 PM,6,4,2
06/01/2016 11:00:00 PM,6,2,4
06/02/2016 12:00:00 AM,3,3,0
06/02/2016 01:00:00 AM,2,0,2
06/02/2016 02:00:00 AM,2,2,0
06/02/2016 03:00:00 AM,1,1,0
06/02/2016 04:00:00 AM,6,1,5
06/02/2016 05:00:00 AM,23,2,21
06/02/2016 06:00:00 AM,89,11,78
06/02/2016 07:00:00 AM,159,12,147
06/02/2016 08:00:00 AM,156,16,140
06/02/2016 09:00:00 AM,44,3,41
06/02/2016 10:00:00 AM,19,5,14
06/02/2016 11:00:00 AM,17,8,9
06/02/2016 12:00:00 PM,19,8,11
06/02/2016 01:00:00 PM,26,8,18
06/02/2016 02:00:00 PM,29,18,11
06/02/2016 03:00:00 PM,43,25,18
06/02/2016 04:00:00 PM,90,75,15
06/02/2016 05:00:00 PM,194,172,22
06/02/2016 06:00:00 PM,145,115,30
06/02/2016 07:00:00 PM,50,38,12
06/02/2016 08:00:00 PM,33,22,11
06/02/2016 09:00:00 PM,7,6,1
06/02/2016 10:00:00 PM,12,10,2
06/02/2016 11:00:00 PM,9,5,4
06/03/2016 12:00:00 AM,1,1,0
06/03/2016 01:00:00 AM,5,3,2
06/03/2016 02:00:00 AM,4,2,2
06/03/2016 03:00:00 AM,1,0,1
06/03/2016 04:00:00 AM,7,2,5
06/03/2016 05:00:00 AM,31,3,28
06/03/2016 06:00:00 AM,95,12,83
06/03/2016 07:00:00 AM,159,13,146
06/03/2016 08:00:00 AM,154,22,132
06/03/2016 09:00:00 AM,58,17,41
06/03/2016 10:00:00 AM,39,14,25
06/03/2016 11:00:00 AM,65,44,21
06/03/2016 12:00:00 PM,45,11,34
06/03/2016 01:00:00 PM,44,27,17
06/03/2016 02:00:00 PM,42,18,24
06/03/2016 03:00:00 PM,65,47,18
06/03/2016 04:00:00 PM,149,117,32
06/03/2016 05:00:00 PM,191,157,34
06/03/2016 06:00:00 PM,118,100,18
06/03/2016 07:00:00 PM,47,35,12
06/03/2016 08:00:00 PM,28,15,13
06/03/2016 09:00:00 PM,18,12,6
06/03/2016 10:00:00 PM,17,12,5
06/03/2016 11:00:00 PM,7,6,1
06/04/2016 12:00:00 AM,7,3,4
06/04/2016 01:00:00 AM,5,2,3
06/04/2016 02:00:00 AM,3,2,1
06/04/2016 03:00:00 AM,2,2,0
06/04/2016 04:00:00 AM,1,0,1
06/04/2016 05:00:00 AM,5,1,4
06/04/2016 06:00:00 AM,14,4,10
06/04/2016 07:00:00 AM,33,9,24
06/04/2016 08:00:00 AM,44,28,16
06/04/2016 09:00:00 AM,68,37,31
06/04/2016 10:00:00 AM,129,50,79
06/04/2016 11:00:00 AM,121,46,75
06/04/2016 12:00:00 PM,86,41,45
06/04/2016 01:00:00 PM,95,42,53
06/04/2016 02:00:00 PM,76,42,34
06/04/2016 03:00:00 PM,79,39,40
06/04/2016 04:00:00 PM,72,38,34
06/04/2016 05:00:00 PM,68,41,27
06/04/2016 06:00:00 PM,44,20,24
06/04/2016 07:00:00 PM,28,19,9
06/04/2016 08:00:00 PM,21,7,14
06/04/2016 09:00:00 PM,12,4,8
06/04/2016 10:00:00 PM,7,3,4
06/04/2016 11:00:00 PM,8,7,1
06/05/2016 12:00:00 AM,8,7,1
06/05/2016 01:00:00 AM,4,3,1
06/05/2016 02:00:00 AM,4,3,1
06/05/2016 03:00:00 AM,4,3,1
06/05/2016 04:00:00 AM,1,0,1
06/05/2016 05:00:00 AM,6,2,4
06/05/2016 06:00:00 AM,17,6,11
06/05/2016 07:00:00 AM,21,6,15
06/05/2016 08:00:00 AM,54,18,36
06/05/2016 09:00:00 AM,70,44,26
06/05/2016 10:00:00 AM,73,29,44
06/05/2016 11:00:00 AM,86,49,37
06/05/2016 12:00:00 PM,104,68,36
06/05/2016 01:00:00 PM,100,53,47
06/05/2016 02:00:00 PM,98,48,50
06/05/2016 03:00:00 PM,66,31,35
06/05/2016 04:00:00 PM,54,30,24
06/05/2016 05:00:00 PM,50,20,30
06/05/2016 06:00:00 PM,46,20,26
06/05/2016 07:00:00 PM,18,8,10
06/05/2016 08:00:00 PM,28,11,17
06/05/2016 09:00:00 PM,9,6,3
06/05/2016 10:00:00 PM,9,6,3
06/05/2016 11:00:00 PM,2,1,1
06/06/2016 12:00:00 AM,1,0,1
06/06/2016 01:00:00 AM,2,1,1
06/06/2016 02:00:00 AM,1,1,0
06/06/2016 03:00:00 AM,2,1,1
06/06/2016 04:00:00 AM,6,1,5
06/06/2016 05:00:00 AM,34,3,31
06/06/2016 06:00:00 AM,98,11,87
06/06/2016 07:00:00 AM,191,20,171
06/06/2016 08:00:00 AM,179,22,157
06/06/2016 09:00:00 AM,65,10,55
06/06/2016 10:00:00 AM,32,14,18
06/06/2016 11:00:00 AM,26,15,11
06/06/2016 12:00:00 PM,36,13,23
06/06/2016 01:00:00 PM,23,9,14
06/06/2016 02:00:00 PM,32,22,10
06/06/2016 03:00:00 PM,69,48,21
06/06/2016 04:00:00 PM,128,103,25
06/06/2016 05:00:00 PM,226,200,26
06/06/2016 06:00:00 PM,163,145,18
06/06/2016 07:00:00 PM,63,48,15
06/06/2016 08:00:00 PM,59,29,30
06/06/2016 09:00:00 PM,12,9,3
06/06/2016 10:00:00 PM,21,13,8
06/06/2016 11:00:00 PM,5,4,1
06/07/2016 12:00:00 AM,2,1,1
06/07/2016 01:00:00 AM,0,0,0
06/07/2016 02:00:00 AM,5,2,3
06/07/2016 03:00:00 AM,0,0,0
06/07/2016 04:00:00 AM,10,3,7
06/07/2016 05:00:00 AM,45,4,41
06/07/2016 06:00:00 AM,113,17,96
06/07/2016 07:00:00 AM,215,24,191
06/07/2016 08:00:00 AM,162,19,143
06/07/2016 09:00:00 AM,85,14,71
06/07/2016 10:00:00 AM,39,8,31
06/07/2016 11:00:00 AM,27,14,13
06/07/2016 12:00:00 PM,25,16,9
06/07/2016 01:00:00 PM,36,20,16
06/07/2016 02:00:00 PM,37,21,16
06/07/2016 03:00:00 PM,71,38,33
06/07/2016 04:00:00 PM,135,113,22
06/07/2016 05:00:00 PM,244,202,42
06/07/2016 06:00:00 PM,148,119,29
06/07/2016 07:00:00 PM,73,56,17
06/07/2016 08:00:00 PM,47,34,13
06/07/2016 09:00:00 PM,28,20,8
06/07/2016 10:00:00 PM,15,12,3
06/07/2016 11:00:00 PM,9,5,4
06/08/2016 12:00:00 AM,2,1,1
06/08/2016 01:00:00 AM,0,0,0
06/08/2016 02:00:00 AM,7,4,3
06/08/2016 03:00:00 AM,2,2,0
06/08/2016 04:00:00 AM,4,2,2
06/08/2016 05:00:00 AM,39,6,33
06/08/2016 06:00:00 AM,105,8,97
06/08/2016 07:00:00 AM,182,23,159
06/08/2016 08:00:00 AM,171,17,154
06/08/2016 09:00:00 AM,62,14,48
06/08/2016 10:00:00 AM,37,10,27
06/08/2016 11:00:00 AM,24,7,17
06/08/2016 12:00:00 PM,35,21,14
06/08/2016 01:00:00 PM,37,18,19
06/08/2016 02:00:00 PM,39,26,13
06/08/2016 03:00:00 PM,43,29,14
06/08/2016 04:00:00 PM,118,101,17
06/08/2016 05:00:00 PM,193,174,19
06/08/2016 06:00:00 PM,115,102,13
06/08/2016 07:00:00 PM,63,48,15
06/08/2016 08:00:00 PM,30,21,9
06/08/2016 09:00:00 PM,18,12,6
06/08/2016 10:00:00 PM,6,4,2
06/08/2016 11:00:00 PM,5,5,0
06/09/2016 12:00:00 AM,5,3,2
06/09/2016 01:00:00 AM,4,3,1
06/09/2016 02:00:00 AM,3,1,2
06/09/2016 03:00:00 AM,2,1,1
06/09/2016 04:00:00 AM,2,0,2
06/09/2016 05:00:00 AM,32,5,27
06/09/2016 06:00:00 AM,78,9,69
06/09/2016 07:00:00 AM,163,23,140
06/09/2016 08:00:00 AM,176,23,153
06/09/2016 09:00:00 AM,70,8,62
06/09/2016 10:00:00 AM,31,8,23
06/09/2016 11:00:00 AM,24,12,12
06/09/2016 12:00:00 PM,18,10,8
06/09/2016 01:00:00 PM,29,16,13
06/09/2016 02:00:00 PM,35,23,12
06/09/2016 03:00:00 PM,45,27,18
06/09/2016 04:00:00 PM,126,102,24
06/09/2016 05:00:00 PM,175,158,17
06/09/2016 06:00:00 PM,113,98,15
06/09/2016 07:00:00 PM,59,44,15
06/09/2016 08:00:00 PM,28,24,4
06/09/2016 09:00:00 PM,13,12,1
06/09/2016 10:00:00 PM,7,5,2
06/09/2016 11:00:00 PM,7,6,1
06/10/2016 12:00:00 AM,2,1,1
06/10/2016 01:00:00 AM,4,3,1
06/10/2016 02:00:00 AM,3,2,1
06/10/2016 03:00:00 AM,0,0,0
06/10/2016 04:00:00 AM,3,0,3
06/10/2016 05:00:00 AM,16,3,13
06/10/2016 06:00:00 AM,84,8,76
06/10/2016 07:00:00 AM,121,15,106
06/10/2016 08:00:00 AM,117,10,107
06/10/2016 09:00:00 AM,52,7,45
06/10/2016 10:00:00 AM,25,8,17
06/10/2016 11:00:00 AM,21,7,14
06/10/2016 12:00:00 PM,19,12,7
06/10/2016 01:00:00 PM,22,9,13
06/10/2016 02:00:00 PM,42,36,6
06/10/2016 03:00:00 PM,53,42,11
06/10/2016 04:00:00 PM,96,81,15
06/10/2016 05:00:00 PM,114,96,18
06/10/2016 06:00:00 PM,75,64,11
06/10/2016 07:00:00 PM,25,18,7
06/10/2016 08:00:00 PM,17,11,6
06/10/2016 09:00:00 PM,12,6,6
06/10/2016 10:00:00 PM,6,4,2
06/10/2016 11:00:00 PM,2,1,1
06/11/2016 12:00:00 AM,15,9,6
06/11/2016 01:00:00 AM,1,1,0
06/11/2016 02:00:00 AM,3,2,1
06/11/2016 03:00:00 AM,1,1,0
06/11/2016 04:00:00 AM,2,1,1
06/11/2016 05:00:00 AM,7,0,7
06/11/2016 06:00:00 AM,9,2,7
06/11/2016 07:00:00 AM,19,6,13
06/11/2016 08:00:00 AM,25,10,15
06/11/2016 09:00:00 AM,34,16,18
06/11/2016 10:00:00 AM,34,19,15
06/11/2016 11:00:00 AM,36,19,17
06/11/2016 12:00:00 PM,32,13,19
06/11/2016 01:00:00 PM,63,25,38
06/11/2016 02:00:00 PM,39,18,21
06/11/2016 03:00:00 PM,50,19,31
06/11/2016 04:00:00 PM,31,23,8
06/11/2016 05:00:00 PM,25,16,9
06/11/2016 06:00:00 PM,28,8,20
06/11/2016 07:00:00 PM,8,5,3
06/11/2016 08:00:00 PM,7,2,5
06/11/2016 09:00:00 PM,5,2,3
06/11/2016 10:00:00 PM,8,8,0
06/11/2016 11:00:00 PM,5,4,1
06/12/2016 12:00:00 AM,3,2,1
06/12/2016 01:00:00 AM,1,0,1
06/12/2016 02:00:00 AM,4,2,2
06/12/2016 03:00:00 AM,1,0,1
06/12/2016 04:00:00 AM,2,2,0
06/12/2016 05:00:00 AM,6,0,6
06/12/2016 06:00:00 AM,11,3,8
06/12/2016 07:00:00 AM,25,10,15
06/12/2016 08:00:00 AM,39,11,28
06/12/2016 09:00:00 AM,36,17,19
06/12/2016 10:00:00 AM,84,46,38
06/12/2016 11:00:00 AM,85,37,48
06/12/2016 12:00:00 PM,90,46,44
06/12/2016 01:00:00 PM,76,46,30
06/12/2016 02:00:00 PM,80,43,37
06/12/2016 03:00:00 PM,95,42,53
06/12/2016 04:00:00 PM,64,25,39
06/12/2016 05:00:00 PM,64,26,38
06/12/2016 06:00:00 PM,39,22,17
06/12/2016 07:00:00 PM,26,11,15
06/12/2016 08:00:00 PM,25,13,12
06/12/2016 09:00:00 PM,12,6,6
06/12/2016 10:00:00 PM,4,2,2
06/12/2016 11:00:00 PM,4,4,0
06/13/2016 12:00:00 AM,3,1,2
06/13/2016 01:00:00 AM,4,2,2
06/13/2016 02:00:00 AM,1,0,1
06/13/2016 03:00:00 AM,1,1,0
06/13/2016 04:00:00 AM,4,0,4
06/13/2016 05:00:00 AM,29,5,24
06/13/2016 06:00:00 AM,83,13,70
06/13/2016 07:00:00 AM,173,17,156
06/13/2016 08:00:00 AM,164,14,150
06/13/2016 09:00:00 AM,55,7,48
06/13/2016 10:00:00 AM,18,4,14
06/13/2016 11:00:00 AM,25,16,9
06/13/2016 12:00:00 PM,18,9,9
06/13/2016 01:00:00 PM,23,9,14
06/13/2016 02:00:00 PM,25,12,13
06/13/2016 03:00:00 PM,44,32,12
06/13/2016 04:00:00 PM,108,89,19
06/13/2016 05:00:00 PM,200,184,16
06/13/2016 06:00:00 PM,106,94,12
06/13/2016 07:00:00 PM,46,39,7
06/13/2016 08:00:00 PM,28,20,8
06/13/2016 09:00:00 PM,10,8,2
06/13/2016 10:00:00 PM,8,8,0
06/13/2016 11:00:00 PM,4,3,1
06/14/2016 12:00:00 AM,2,1,1
06/14/2016 01:00:00 AM,1,1,0
06/14/2016 02:00:00 AM,4,1,3
06/14/2016 03:00:00 AM,1,0,1
06/14/2016 04:00:00 AM,6,1,5
06/14/2016 05:00:00 AM,16,1,15
06/14/2016 06:00:00 AM,67,7,60
06/14/2016 07:00:00 AM,140,15,125
06/14/2016 08:00:00 AM,117,8,109
06/14/2016 09:00:00 AM,46,7,39
06/14/2016 10:00:00 AM,27,4,23
06/14/2016 11:00:00 AM,11,7,4
06/14/2016 12:00:00 PM,13,8,5
06/14/2016 01:00:00 PM,12,5,7
06/14/2016 02:00:00 PM,17,9,8
06/14/2016 03:00:00 PM,29,17,12
06/14/2016 04:00:00 PM,84,68,16
06/14/2016 05:00:00 PM,142,120,22
06/14/2016 06:00:00 PM,81,70,11
06/14/2016 07:00:00 PM,35,29,6
06/14/2016 08:00:00 PM,19,14,5
06/14/2016 09:00:00 PM,22,19,3
06/14/2016 10:00:00 PM,9,6,3
06/14/2016 11:00:00 PM,2,1,1
06/15/2016 12:00:00 AM,3,3,0
06/15/2016 01:00:00 AM,4,2,2
06/15/2016 02:00:00 AM,3,2,1
06/15/2016 03:00:00 AM,1,1,0
06/15/2016 04:00:00 AM,9,2,7
06/15/2016 05:00:00 AM,30,4,26
06/15/2016 06:00:00 AM,85,9,76
06/15/2016 07:00:00 AM,151,18,133
06/15/2016 08:00:00 AM,155,9,146
06/15/2016 09:00:00 AM,70,6,64
06/15/2016 10:00:00 AM,24,4,20
06/15/2016 11:00:00 AM,31,10,21
06/15/2016 12:00:00 PM,25,14,11
06/15/2016 01:00:00 PM,29,11,18
06/15/2016 02:00:00 PM,36,20,16
06/15/2016 03:00:00 PM,66,42,24
06/15/2016 04:00:00 PM,112,93,19
06/15/2016 05:00:00 PM,214,183,31
06/15/2016 06:00:00 PM,148,120,28
06/15/2016 07:00:00 PM,74,50,24
06/15/2016 08:00:00 PM,28,18,10
06/15/2016 09:00:00 PM,19,13,6
06/15/2016 10:00:00 PM,10,5,5
06/15/2016 11:00:00 PM,3,2,1
06/16/2016 12:00:00 AM,4,4,0
06/16/2016 01:00:00 AM,4,3,1
06/16/2016 02:00:00 AM,3,2,1
06/16/2016 03:00:00 AM,2,1,1
06/16/2016 04:00:00 AM,6,2,4
06/16/2016 05:00:00 AM,29,4,25
06/16/2016 06:00:00 AM,88,9,79
06/16/2016 07:00:00 AM,144,18,126
06/16/2016 08:00:00 AM,192,23,169
06/16/2016 09:00:00 AM,79,11,68
06/16/2016 10:00:00 AM,28,8,20
06/16/2016 11:00:00 AM,33,15,18
06/16/2016 12:00:00 PM,24,7,17
06/16/2016 01:00:00 PM,23,12,11
06/16/2016 02:00:00 PM,50,28,22
06/16/2016 03:00:00 PM,56,39,17
06/16/2016 04:00:00 PM,122,91,31
06/16/2016 05:00:00 PM,209,173,36
06/16/2016 06:00:00 PM,137,110,27
06/16/2016 07:00:00 PM,109,91,18
06/16/2016 08:00:00 PM,32,22,10
06/16/2016 09:00:00 PM,28,22,6
06/16/2016 10:00:00 PM,24,20,4
06/16/2016 11:00:00 PM,11,3,8
06/17/2016 12:00:00 AM,14,2,12
06/17/2016 01:00:00 AM,7,0,7
06/17/2016 02:00:00 AM,5,4,1
06/17/2016 03:00:00 AM,1,0,1
06/17/2016 04:00:00 AM,3,1,2
06/17/2016 05:00:00 AM,24,9,15
06/17/2016 06:00:00 AM,77,6,71
06/17/2016 07:00:00 AM,147,14,133
06/17/2016 08:00:00 AM,153,18,135
06/17/2016 09:00:00 AM,60,11,49
06/17/2016 10:00:00 AM,22,12,10
06/17/2016 11:00:00 AM,37,12,25
06/17/2016 12:00:00 PM,32,18,14
06/17/2016 01:00:00 PM,41,21,20
06/17/2016 02:00:00 PM,44,27,17
06/17/2016 03:00:00 PM,61,45,16
06/17/2016 04:00:00 PM,111,95,16
06/17/2016 05:00:00 PM,128,113,15
06/17/2016 06:00:00 PM,68,53,15
06/17/2016 07:00:00 PM,42,31,11
06/17/2016 08:00:00 PM,16,11,5
06/17/2016 09:00:00 PM,7,5,2
06/17/2016 10:00:00 PM,3,2,1
06/17/2016 11:00:00 PM,5,3,2
06/18/2016 12:00:00 AM,4,3,1
06/18/2016 01:00:00 AM,0,0,0
06/18/2016 02:00:00 AM,2,0,2
06/18/2016 03:00:00 AM,0,0,0
06/18/2016 04:00:00 AM,3,1,2
06/18/2016 05:00:00 AM,4,0,4
06/18/2016 06:00:00 AM,9,2,7
06/18/2016 07:00:00 AM,21,9,12
06/18/2016 08:00:00 AM,16,7,9
06/18/2016 09:00:00 AM,25,5,20
06/18/2016 10:00:00 AM,22,11,11
06/18/2016 11:00:00 AM,13,7,6
06/18/2016 12:00:00 PM,27,12,15
06/18/2016 01:00:00 PM,21,7,14
06/18/2016 02:00:00 PM,28,14,14
06/18/2016 03:00:00 PM,27,13,14
06/18/2016 04:00:00 PM,24,11,13
06/18/2016 05:00:00 PM,22,13,9
06/18/2016 06:00:00 PM,24,15,9
06/18/2016 07:00:00 PM,12,10,2
06/18/2016 08:00:00 PM,11,8,3
06/18/2016 09:00:00 PM,9,7,2
06/18/2016 10:00:00 PM,5,4,1
06/18/2016 11:00:00 PM,3,3,0
06/19/2016 12:00:00 AM,3,1,2
06/19/2016 01:00:00 AM,0,0,0
06/19/2016 02:00:00 AM,3,2,1
06/19/2016 03:00:00 AM,3,2,1
06/19/2016 04:00:00 AM,0,0,0
06/19/2016 05:00:00 AM,6,1,5
06/19/2016 06:00:00 AM,12,3,9
06/19/2016 07:00:00 AM,29,11,18
06/19/2016 08:00:00 AM,46,15,31
06/19/2016 09:00:00 AM,47,25,22
06/19/2016 10:00:00 AM,79,50,29
06/19/2016 11:00:00 AM,105,58,47
06/19/2016 12:00:00 PM,128,60,68
06/19/2016 01:00:00 PM,116,62,54
06/19/2016 02:00:00 PM,91,51,40
06/19/2016 03:00:00 PM,95,47,48
06/19/2016 04:00:00 PM,70,37,33
06/19/2016 05:00:00 PM,54,24,30
06/19/2016 06:00:00 PM,38,18,20
06/19/2016 07:00:00 PM,20,10,10
06/19/2016 08:00:00 PM,14,8,6
06/19/2016 09:00:00 PM,8,2,6
06/19/2016 10:00:00 PM,10,5,5
06/19/2016 11:00:00 PM,5,0,5
06/20/2016 12:00:00 AM,2,1,1
06/20/2016 01:00:00 AM,1,0,1
06/20/2016 02:00:00 AM,2,0,2
06/20/2016 03:00:00 AM,0,0,0
06/20/2016 04:00:00 AM,6,2,4
06/20/2016 05:00:00 AM,29,5,24
06/20/2016 06:00:00 AM,76,11,65
06/20/2016 07:00:00 AM,157,33,124
06/20/2016 08:00:00 AM,158,19,139
06/20/2016 09:00:00 AM,61,5,56
06/20/2016 10:00:00 AM,30,13,17
06/20/2016 11:00:00 AM,18,7,11
06/20/2016 12:00:00 PM,30,16,14
06/20/2016 01:00:00 PM,26,13,13
06/20/2016 02:00:00 PM,25,13,12
06/20/2016 03:00:00 PM,45,32,13
06/20/2016 04:00:00 PM,123,103,20
06/20/2016 05:00:00 PM,201,181,20
06/20/2016 06:00:00 PM,167,137,30
06/20/2016 07:00:00 PM,83,63,20
06/20/2016 08:00:00 PM,27,14,13
06/20/2016 09:00:00 PM,20,10,10
06/20/2016 10:00:00 PM,11,6,5
06/20/2016 11:00:00 PM,6,4,2
06/21/2016 12:00:00 AM,1,1,0
06/21/2016 01:00:00 AM,1,0,1
06/21/2016 02:00:00 AM,2,2,0
06/21/2016 03:00:00 AM,2,2,0
06/21/2016 04:00:00 AM,4,1,3
06/21/2016 05:00:00 AM,25,4,21
06/21/2016 06:00:00 AM,96,14,82
06/21/2016 07:00:00 AM,191,28,163
06/21/2016 08:00:00 AM,146,23,123
06/21/2016 09:00:00 AM,55,8,47
06/21/2016 10:00:00 AM,26,4,22
06/21/2016 11:00:00 AM,19,9,10
06/21/2016 12:00:00 PM,31,14,17
06/21/2016 01:00:00 PM,27,14,13
06/21/2016 02:00:00 PM,39,29,10
06/21/2016 03:00:00 PM,50,31,19
06/21/2016 04:00:00 PM,121,103,18
06/21/2016 05:00:00 PM,230,209,21
06/21/2016 06:00:00 PM,136,113,23
06/21/2016 07:00:00 PM,61,43,18
06/21/2016 08:00:00 PM,37,28,9
06/21/2016 09:00:00 PM,15,9,6
06/21/2016 10:00:00 PM,13,10,3
06/21/2016 11:00:00 PM,6,4,2
06/22/2016 12:00:00 AM,3,2,1
06/22/2016 01:00:00 AM,0,0,0
06/22/2016 02:00:00 AM,1,0,1
06/22/2016 03:00:00 AM,4,3,1
06/22/2016 04:00:00 AM,4,2,2
06/22/2016 05:00:00 AM,34,4,30
06/22/2016 06:00:00 AM,92,9,83
06/22/2016 07:00:00 AM,166,25,141
06/22/2016 08:00:00 AM,180,17,163
06/22/2016 09:00:00 AM,66,5,61
06/22/2016 10:00:00 AM,35,8,27
06/22/2016 11:00:00 AM,26,10,16
06/22/2016 12:00:00 PM,40,24,16
06/22/2016 01:00:00 PM,34,13,21
06/22/2016 02:00:00 PM,45,22,23
06/22/2016 03:00:00 PM,61,46,15
06/22/2016 04:00:00 PM,135,106,29
06/22/2016 05:00:00 PM,247,199,48
06/22/2016 06:00:00 PM,140,117,23
06/22/2016 07:00:00 PM,86,69,17
06/22/2016 08:00:00 PM,48,30,18
06/22/2016 09:00:00 PM,27,16,11
06/22/2016 10:00:00 PM,4,2,2
06/22/2016 11:00:00 PM,6,5,1
06/23/2016 12:00:00 AM,0,0,0
06/23/2016 01:00:00 AM,2,1,1
06/23/2016 02:00:00 AM,2,0,2
06/23/2016 03:00:00 AM,5,3,2
06/23/2016 04:00:00 AM,2,0,2
06/23/2016 05:00:00 AM,17,1,16
06/23/2016 06:00:00 AM,46,7,39
06/23/2016 07:00:00 AM,97,8,89
06/23/2016 08:00:00 AM,120,9,111
06/23/2016 09:00:00 AM,39,7,32
06/23/2016 10:00:00 AM,21,3,18
06/23/2016 11:00:00 AM,13,5,8
06/23/2016 12:00:00 PM,14,6,8
06/23/2016 01:00:00 PM,12,3,9
06/23/2016 02:00:00 PM,21,18,3
06/23/2016 03:00:00 PM,20,17,3
06/23/2016 04:00:00 PM,49,41,8
06/23/2016 05:00:00 PM,105,95,10
06/23/2016 06:00:00 PM,78,70,8
06/23/2016 07:00:00 PM,30,25,5
06/23/2016 08:00:00 PM,12,11,1
06/23/2016 09:00:00 PM,13,11,2
06/23/2016 10:00:00 PM,6,5,1
06/23/2016 11:00:00 PM,2,1,1
06/24/2016 12:00:00 AM,3,1,2
06/24/2016 01:00:00 AM,0,0,0
06/24/2016 02:00:00 AM,4,2,2
06/24/2016 03:00:00 AM,1,1,0
06/24/2016 04:00:00 AM,2,0,2
06/24/2016 05:00:00 AM,22,3,19
06/24/2016 06:00:00 AM,50,7,43
06/24/2016 07:00:00 AM,97,15,82
06/24/2016 08:00:00 AM,101,7,94
06/24/2016 09:00:00 AM,38,7,31
06/24/2016 10:00:00 AM,28,9,19
06/24/2016 11:00:00 AM,14,10,4
06/24/2016 12:00:00 PM,33,20,13
06/24/2016 01:00:00 PM,20,10,10
06/24/2016 02:00:00 PM,36,19,17
06/24/2016 03:00:00 PM,49,38,11
06/24/2016 04:00:00 PM,109,88,21
06/24/2016 05:00:00 PM,111,94,17
06/24/2016 06:00:00 PM,57,47,10
06/24/2016 07:00:00 PM,26,20,6
06/24/2016 08:00:00 PM,10,6,4
06/24/2016 09:00:00 PM,8,6,2
06/24/2016 10:00:00 PM,9,8,1
06/24/2016 11:00:00 PM,6,3,3
06/25/2016 12:00:00 AM,7,7,0
06/25/2016 01:00:00 AM,1,1,0
06/25/2016 02:00:00 AM,6,4,2
06/25/2016 03:00:00 AM,1,1,0
06/25/2016 04:00:00 AM,2,1,1
06/25/2016 05:00:00 AM,6,0,6
06/25/2016 06:00:00 AM,18,5,13
06/25/2016 07:00:00 AM,26,6,20
06/25/2016 08:00:00 AM,43,28,15
06/25/2016 09:00:00 AM,34,14,20
06/25/2016 10:00:00 AM,40,17,23
06/25/2016 11:00:00 AM,52,31,21
06/25/2016 12:00:00 PM,80,39,41
06/25/2016 01:00:00 PM,77,25,52
06/25/2016 02:00:00 PM,79,48,31
06/25/2016 03:00:00 PM,70,32,38
06/25/2016 04:00:00 PM,86,48,38
06/25/2016 05:00:00 PM,51,31,20
06/25/2016 06:00:00 PM,47,24,23
06/25/2016 07:00:00 PM,32,18,14
06/25/2016 08:00:00 PM,27,18,9
06/25/2016 09:00:00 PM,10,7,3
06/25/2016 10:00:00 PM,11,9,2
06/25/2016 11:00:00 PM,6,4,2
06/26/2016 12:00:00 AM,6,5,1
06/26/2016 01:00:00 AM,3,0,3
06/26/2016 02:00:00 AM,3,2,1
06/26/2016 03:00:00 AM,1,0,1
06/26/2016 04:00:00 AM,3,3,0
06/26/2016 05:00:00 AM,4,0,4
06/26/2016 06:00:00 AM,15,4,11
06/26/2016 07:00:00 AM,17,5,12
06/26/2016 08:00:00 AM,38,22,16
06/26/2016 09:00:00 AM,53,25,28
06/26/2016 10:00:00 AM,80,40,40
06/26/2016 11:00:00 AM,79,37,42
06/26/2016 12:00:00 PM,79,35,44
06/26/2016 01:00:00 PM,89,52,37
06/26/2016 02:00:00 PM,105,62,43
06/26/2016 03:00:00 PM,69,29,40
06/26/2016 04:00:00 PM,67,31,36
06/26/2016 05:00:00 PM,67,33,34
06/26/2016 06:00:00 PM,34,20,14
06/26/2016 07:00:00 PM,26,18,8
06/26/2016 08:00:00 PM,18,12,6
06/26/2016 09:00:00 PM,8,4,4
06/26/2016 10:00:00 PM,10,4,6
06/26/2016 11:00:00 PM,2,1,1
06/27/2016 12:00:00 AM,2,2,0
06/27/2016 01:00:00 AM,1,0,1
06/27/2016 02:00:00 AM,3,1,2
06/27/2016 03:00:00 AM,1,1,0
06/27/2016 04:00:00 AM,5,2,3
06/27/2016 05:00:00 AM,42,4,38
06/27/2016 06:00:00 AM,107,17,90
06/27/2016 07:00:00 AM,185,26,159
06/27/2016 08:00:00 AM,176,11,165
06/27/2016 09:00:00 AM,87,8,79
06/27/2016 10:00:00 AM,35,9,26
06/27/2016 11:00:00 AM,36,17,19
06/27/2016 12:00:00 PM,23,14,9
06/27/2016 01:00:00 PM,34,21,13
06/27/2016 02:00:00 PM,39,24,15
06/27/2016 03:00:00 PM,73,49,24
06/27/2016 04:00:00 PM,133,114,19
06/27/2016 05:00:00 PM,251,216,35
06/27/2016 06:00:00 PM,151,133,18
06/27/2016 07:00:00 PM,66,44,22
06/27/2016 08:00:00 PM,44,32,12
06/27/2016 09:00:00 PM,24,9,15
06/27/2016 10:00:00 PM,12,8,4
06/27/2016 11:00:00 PM,4,4,0
06/28/2016 12:00:00 AM,4,4,0
06/28/2016 01:00:00 AM,1,1,0
06/28/2016 02:00:00 AM,2,1,1
06/28/2016 03:00:00 AM,3,2,1
06/28/2016 04:00:00 AM,8,1,7
06/28/2016 05:00:00 AM,38,6,32
06/28/2016 06:00:00 AM,98,18,80
06/28/2016 07:00:00 AM,195,19,176
06/28/2016 08:00:00 AM,166,29,137
06/28/2016 09:00:00 AM,78,19,59
06/28/2016 10:00:00 AM,26,6,20
06/28/2016 11:00:00 AM,21,10,11
06/28/2016 12:00:00 PM,29,10,19
06/28/2016 01:00:00 PM,21,10,11
06/28/2016 02:00:00 PM,38,23,15
06/28/2016 03:00:00 PM,86,55,31
06/28/2016 04:00:00 PM,142,112,30
06/28/2016 05:00:00 PM,229,193,36
06/28/2016 06:00:00 PM,132,108,24
06/28/2016 07:00:00 PM,73,57,16
06/28/2016 08:00:00 PM,49,33,16
06/28/2016 09:00:00 PM,33,26,7
06/28/2016 10:00:00 PM,16,12,4
06/28/2016 11:00:00 PM,6,6,0
06/29/2016 12:00:00 AM,2,1,1
06/29/2016 01:00:00 AM,2,2,0
06/29/2016 02:00:00 AM,5,2,3
06/29/2016 03:00:00 AM,3,1,2
06/29/2016 04:00:00 AM,3,1,2
06/29/2016 05:00:00 AM,34,7,27
06/29/2016 06:00:00 AM,88,14,74
06/29/2016 07:00:00 AM,180,16,164
06/29/2016 08:00:00 AM,161,13,148
06/29/2016 09:00:00 AM,69,9,60
06/29/2016 10:00:00 AM,31,8,23
06/29/2016 11:00:00 AM,30,10,20
06/29/2016 12:00:00 PM,20,13,7
06/29/2016 01:00:00 PM,34,12,22
06/29/2016 02:00:00 PM,38,25,13
06/29/2016 03:00:00 PM,70,46,24
06/29/2016 04:00:00 PM,126,103,23
06/29/2016 05:00:00 PM,201,179,22
06/29/2016 06:00:00 PM,160,134,26
06/29/2016 07:00:00 PM,64,48,16
06/29/2016 08:00:00 PM,45,29,16
06/29/2016 09:00:00 PM,28,17,11
06/29/2016 10:00:00 PM,16,14,2
06/29/2016 11:00:00 PM,3,2,1
06/30/2016 12:00:00 AM,4,3,1
06/30/2016 01:00:00 AM,3,2,1
06/30/2016 02:00:00 AM,3,1,2
06/30/2016 03:00:00 AM,4,2,2
06/30/2016 04:00:00 AM,3,0,3
06/30/2016 05:00:00 AM,36,6,30
06/30/2016 06:00:00 AM,87,16,71
06/30/2016 07:00:00 AM,159,19,140
06/30/2016 08:00:00 AM,160,24,136
06/30/2016 09:00:00 AM,66,14,52
06/30/2016 10:00:00 AM,29,7,22
06/30/2016 11:00:00 AM,24,13,11
06/30/2016 12:00:00 PM,35,12,23
06/30/2016 01:00:00 PM,37,19,18
06/30/2016 02:00:00 PM,37,26,11
06/30/2016 03:00:00 PM,65,35,30
06/30/2016 04:00:00 PM,135,108,27
06/30/2016 05:00:00 PM,189,161,28
06/30/2016 06:00:00 PM,134,116,18
06/30/2016 07:00:00 PM,88,70,18
06/30/2016 08:00:00 PM,29,24,5
06/30/2016 09:00:00 PM,21,13,8
06/30/2016 10:00:00 PM,21,12,9
06/30/2016 11:00:00 PM,10,4,6
07/01/2016 12:00:00 AM,7,6,1
07/01/2016 01:00:00 AM,3,3,0
07/01/2016 02:00:00 AM,6,1,5
07/01/2016 03:00:00 AM,1,1,0
07/01/2016 04:00:00 AM,4,0,4
07/01/2016 05:00:00 AM,29,3,26
07/01/2016 06:00:00 AM,69,11,58
07/01/2016 07:00:00 AM,130,13,117
07/01/2016 08:00:00 AM,123,11,112
07/01/2016 09:00:00 AM,64,11,53
07/01/2016 10:00:00 AM,36,11,25
07/01/2016 11:00:00 AM,25,17,8
07/01/2016 12:00:00 PM,48,30,18
07/01/2016 01:00:00 PM,48,22,26
07/01/2016 02:00:00 PM,65,43,22
07/01/2016 03:00:00 PM,77,61,16
07/01/2016 04:00:00 PM,126,97,29
07/01/2016 05:00:00 PM,132,110,22
07/01/2016 06:00:00 PM,78,62,16
07/01/2016 07:00:00 PM,44,34,10
07/01/2016 08:00:00 PM,25,20,5
07/01/2016 09:00:00 PM,11,6,5
07/01/2016 10:00:00 PM,37,12,25
07/01/2016 11:00:00 PM,8,5,3
07/02/2016 12:00:00 AM,7,5,2
07/02/2016 01:00:00 AM,3,1,2
07/02/2016 02:00:00 AM,4,2,2
07/02/2016 03:00:00 AM,0,0,0
07/02/2016 04:00:00 AM,3,1,2
07/02/2016 05:00:00 AM,9,3,6
07/02/2016 06:00:00 AM,13,4,9
07/02/2016 07:00:00 AM,22,6,16
07/02/2016 08:00:00 AM,36,23,13
07/02/2016 09:00:00 AM,40,22,18
07/02/2016 10:00:00 AM,60,34,26
07/02/2016 11:00:00 AM,47,14,33
07/02/2016 12:00:00 PM,89,52,37
07/02/2016 01:00:00 PM,55,29,26
07/02/2016 02:00:00 PM,63,25,38
07/02/2016 03:00:00 PM,58,33,25
07/02/2016 04:00:00 PM,81,43,38
07/02/2016 05:00:00 PM,55,31,24
07/02/2016 06:00:00 PM,34,18,16
07/02/2016 07:00:00 PM,31,17,14
07/02/2016 08:00:00 PM,35,21,14
07/02/2016 09:00:00 PM,13,8,5
07/02/2016 10:00:00 PM,16,8,8
07/02/2016 11:00:00 PM,3,2,1
07/03/2016 12:00:00 AM,6,2,4
07/03/2016 01:00:00 AM,0,0,0
07/03/2016 02:00:00 AM,4,3,1
07/03/2016 03:00:00 AM,3,1,2
07/03/2016 04:00:00 AM,5,3,2
07/03/2016 05:00:00 AM,4,1,3
07/03/2016 06:00:00 AM,7,1,6
07/03/2016 07:00:00 AM,14,3,11
07/03/2016 08:00:00 AM,27,16,11
07/03/2016 09:00:00 AM,20,12,8
07/03/2016 10:00:00 AM,35,12,23
07/03/2016 11:00:00 AM,57,24,33
07/03/2016 12:00:00 PM,43,19,24
07/03/2016 01:00:00 PM,55,25,30
07/03/2016 02:00:00 PM,56,24,32
07/03/2016 03:00:00 PM,71,49,22
07/03/2016 04:00:00 PM,85,34,51
07/03/2016 05:00:00 PM,47,28,19
07/03/2016 06:00:00 PM,42,30,12
07/03/2016 07:00:00 PM,16,7,9
07/03/2016 08:00:00 PM,17,8,9
07/03/2016 09:00:00 PM,9,4,5
07/03/2016 10:00:00 PM,5,4,1
07/03/2016 11:00:00 PM,3,2,1
07/04/2016 12:00:00 AM,0,0,0
07/04/2016 01:00:00 AM,0,0,0
07/04/2016 02:00:00 AM,3,3,0
07/04/2016 03:00:00 AM,1,1,0
07/04/2016 04:00:00 AM,1,1,0
07/04/2016 05:00:00 AM,7,1,6
07/04/2016 06:00:00 AM,6,2,4
07/04/2016 07:00:00 AM,21,7,14
07/04/2016 08:00:00 AM,29,20,9
07/04/2016 09:00:00 AM,37,22,15
07/04/2016 10:00:00 AM,57,36,21
07/04/2016 11:00:00 AM,63,29,34
07/04/2016 12:00:00 PM,52,20,32
07/04/2016 01:00:00 PM,65,34,31
07/04/2016 02:00:00 PM,72,33,39
07/04/2016 03:00:00 PM,62,27,35
07/04/2016 04:00:00 PM,30,17,13
07/04/2016 05:00:00 PM,32,18,14
07/04/2016 06:00:00 PM,25,10,15
07/04/2016 07:00:00 PM,10,7,3
07/04/2016 08:00:00 PM,15,5,10
07/04/2016 09:00:00 PM,12,8,4
07/04/2016 10:00:00 PM,4,2,2
07/04/2016 11:00:00 PM,13,6,7
07/05/2016 12:00:00 AM,2,1,1
07/05/2016 01:00:00 AM,5,5,0
07/05/2016 02:00:00 AM,2,1,1
07/05/2016 03:00:00 AM,5,1,4
07/05/2016 04:00:00 AM,5,1,4
07/05/2016 05:00:00 AM,14,1,13
07/05/2016 06:00:00 AM,56,8,48
07/05/2016 07:00:00 AM,113,14,99
07/05/2016 08:00:00 AM,122,11,111
07/05/2016 09:00:00 AM,57,11,46
07/05/2016 10:00:00 AM,25,7,18
07/05/2016 11:00:00 AM,31,17,14
07/05/2016 12:00:00 PM,24,6,18
07/05/2016 01:00:00 PM,27,10,17
07/05/2016 02:00:00 PM,31,20,11
07/05/2016 03:00:00 PM,48,30,18
07/05/2016 04:00:00 PM,85,64,21
07/05/2016 05:00:00 PM,165,136,29
07/05/2016 06:00:00 PM,100,81,19
07/05/2016 07:00:00 PM,47,31,16
07/05/2016 08:00:00 PM,17,14,3
07/05/2016 09:00:00 PM,18,17,1
07/05/2016 10:00:00 PM,11,8,3
07/05/2016 11:00:00 PM,10,7,3
07/06/2016 12:00:00 AM,3,3,0
07/06/2016 01:00:00 AM,0,0,0
07/06/2016 02:00:00 AM,1,0,1
07/06/2016 03:00:00 AM,2,0,2
07/06/2016 04:00:00 AM,4,1,3
07/06/2016 05:00:00 AM,28,4,24
07/06/2016 06:00:00 AM,87,9,78
07/06/2016 07:00:00 AM,180,16,164
07/06/2016 08:00:00 AM,166,22,144
07/06/2016 09:00:00 AM,86,11,75
07/06/2016 10:00:00 AM,43,13,30
07/06/2016 11:00:00 AM,23,14,9
07/06/2016 12:00:00 PM,41,17,24
07/06/2016 01:00:00 PM,43,25,18
07/06/2016 02:00:00 PM,41,20,21
07/06/2016 03:00:00 PM,67,43,24
07/06/2016 04:00:00 PM,133,96,37
07/06/2016 05:00:00 PM,261,217,44
07/06/2016 06:00:00 PM,177,143,34
07/06/2016 07:00:00 PM,79,61,18
07/06/2016 08:00:00 PM,43,29,14
07/06/2016 09:00:00 PM,39,19,20
07/06/2016 10:00:00 PM,7,7,0
07/06/2016 11:00:00 PM,7,7,0
07/07/2016 12:00:00 AM,4,2,2
07/07/2016 01:00:00 AM,3,2,1
07/07/2016 02:00:00 AM,2,0,2
07/07/2016 03:00:00 AM,3,1,2
07/07/2016 04:00:00 AM,7,2,5
07/07/2016 05:00:00 AM,16,3,13
07/07/2016 06:00:00 AM,69,10,59
07/07/2016 07:00:00 AM,139,14,125
07/07/2016 08:00:00 AM,133,15,118
07/07/2016 09:00:00 AM,55,7,48
07/07/2016 10:00:00 AM,25,10,15
07/07/2016 11:00:00 AM,16,3,13
07/07/2016 12:00:00 PM,20,9,11
07/07/2016 01:00:00 PM,15,8,7
07/07/2016 02:00:00 PM,27,18,9
07/07/2016 03:00:00 PM,37,26,11
07/07/2016 04:00:00 PM,76,70,6
07/07/2016 05:00:00 PM,140,124,16
07/07/2016 06:00:00 PM,81,76,5
07/07/2016 07:00:00 PM,30,27,3
07/07/2016 08:00:00 PM,21,14,7
07/07/2016 09:00:00 PM,12,9,3
07/07/2016 10:00:00 PM,5,4,1
07/07/2016 11:00:00 PM,8,6,2
07/08/2016 12:00:00 AM,3,2,1
07/08/2016 01:00:00 AM,1,1,0
07/08/2016 02:00:00 AM,2,1,1
07/08/2016 03:00:00 AM,0,0,0
07/08/2016 04:00:00 AM,1,0,1
07/08/2016 05:00:00 AM,10,2,8
07/08/2016 06:00:00 AM,50,8,42
07/08/2016 07:00:00 AM,91,9,82
07/08/2016 08:00:00 AM,85,13,72
07/08/2016 09:00:00 AM,43,4,39
07/08/2016 10:00:00 AM,22,6,16
07/08/2016 11:00:00 AM,12,4,8
07/08/2016 12:00:00 PM,20,10,10
07/08/2016 01:00:00 PM,26,10,16
07/08/2016 02:00:00 PM,25,15,10
07/08/2016 03:00:00 PM,53,38,15
07/08/2016 04:00:00 PM,90,74,16
07/08/2016 05:00:00 PM,122,104,18
07/08/2016 06:00:00 PM,99,86,13
07/08/2016 07:00:00 PM,35,26,9
07/08/2016 08:00:00 PM,20,9,11
07/08/2016 09:00:00 PM,20,9,11
07/08/2016 10:00:00 PM,21,11,10
07/08/2016 11:00:00 PM,12,8,4
07/09/2016 12:00:00 AM,6,3,3
07/09/2016 01:00:00 AM,3,0,3
07/09/2016 02:00:00 AM,2,1,1
07/09/2016 03:00:00 AM,2,2,0
07/09/2016 04:00:00 AM,2,1,1
07/09/2016 05:00:00 AM,4,0,4
07/09/2016 06:00:00 AM,14,5,9
07/09/2016 07:00:00 AM,24,9,15
07/09/2016 08:00:00 AM,48,22,26
07/09/2016 09:00:00 AM,106,62,44
07/09/2016 10:00:00 AM,86,22,64
07/09/2016 11:00:00 AM,112,31,81
07/09/2016 12:00:00 PM,57,40,17
07/09/2016 01:00:00 PM,50,25,25
07/09/2016 02:00:00 PM,69,49,20
07/09/2016 03:00:00 PM,69,39,30
07/09/2016 04:00:00 PM,52,24,28
07/09/2016 05:00:00 PM,34,17,17
07/09/2016 06:00:00 PM,31,17,14
07/09/2016 07:00:00 PM,17,10,7
07/09/2016 08:00:00 PM,10,7,3
07/09/2016 09:00:00 PM,6,4,2
07/09/2016 10:00:00 PM,6,2,4
07/09/2016 11:00:00 PM,6,5,1
07/10/2016 12:00:00 AM,4,4,0
07/10/2016 01:00:00 AM,0,0,0
07/10/2016 02:00:00 AM,1,1,0
07/10/2016 03:00:00 AM,1,0,1
07/10/2016 04:00:00 AM,2,1,1
07/10/2016 05:00:00 AM,2,0,2
07/10/2016 06:00:00 AM,8,1,7
07/10/2016 07:00:00 AM,17,9,8
07/10/2016 08:00:00 AM,33,15,18
07/10/2016 09:00:00 AM,41,19,22
07/10/2016 10:00:00 AM,57,34,23
07/10/2016 11:00:00 AM,57,28,29
07/10/2016 12:00:00 PM,79,40,39
07/10/2016 01:00:00 PM,67,32,35
07/10/2016 02:00:00 PM,88,39,49
07/10/2016 03:00:00 PM,105,56,49
07/10/2016 04:00:00 PM,71,32,39
07/10/2016 05:00:00 PM,46,22,24
07/10/2016 06:00:00 PM,40,23,17
07/10/2016 07:00:00 PM,20,13,7
07/10/2016 08:00:00 PM,19,10,9
07/10/2016 09:00:00 PM,11,6,5
07/10/2016 10:00:00 PM,5,5,0
07/10/2016 11:00:00 PM,6,4,2
07/11/2016 12:00:00 AM,3,2,1
07/11/2016 01:00:00 AM,1,0,1
07/11/2016 02:00:00 AM,1,0,1
07/11/2016 03:00:00 AM,5,2,3
07/11/2016 04:00:00 AM,5,3,2
07/11/2016 05:00:00 AM,28,5,23
07/11/2016 06:00:00 AM,77,13,64
07/11/2016 07:00:00 AM,161,14,147
07/11/2016 08:00:00 AM,160,20,140
07/11/2016 09:00:00 AM,60,15,45
07/11/2016 10:00:00 AM,36,9,27
07/11/2016 11:00:00 AM,22,9,13
07/11/2016 12:00:00 PM,28,14,14
07/11/2016 01:00:00 PM,17,8,9
07/11/2016 02:00:00 PM,28,19,9
07/11/2016 03:00:00 PM,65,37,28
07/11/2016 04:00:00 PM,104,91,13
07/11/2016 05:00:00 PM,234,200,34
07/11/2016 06:00:00 PM,121,106,15
07/11/2016 07:00:00 PM,61,41,20
07/11/2016 08:00:00 PM,31,13,18
07/11/2016 09:00:00 PM,21,15,6
07/11/2016 10:00:00 PM,13,10,3
07/11/2016 11:00:00 PM,6,5,1
07/12/2016 12:00:00 AM,3,3,0
07/12/2016 01:00:00 AM,4,3,1
07/12/2016 02:00:00 AM,3,1,2
07/12/2016 03:00:00 AM,6,3,3
07/12/2016 04:00:00 AM,6,0,6
07/12/2016 05:00:00 AM,28,3,25
07/12/2016 06:00:00 AM,78,13,65
07/12/2016 07:00:00 AM,163,13,150
07/12/2016 08:00:00 AM,158,10,148
07/12/2016 09:00:00 AM,62,11,51
07/12/2016 10:00:00 AM,37,12,25
07/12/2016 11:00:00 AM,30,12,18
07/12/2016 12:00:00 PM,37,20,17
07/12/2016 01:00:00 PM,29,14,15
07/12/2016 02:00:00 PM,28,18,10
07/12/2016 03:00:00 PM,59,39,20
07/12/2016 04:00:00 PM,114,90,24
07/12/2016 05:00:00 PM,204,168,36
07/12/2016 06:00:00 PM,152,133,19
07/12/2016 07:00:00 PM,58,46,12
07/12/2016 08:00:00 PM,38,27,11
07/12/2016 09:00:00 PM,24,17,7
07/12/2016 10:00:00 PM,11,6,5
07/12/2016 11:00:00 PM,8,5,3
07/13/2016 12:00:00 AM,3,1,2
07/13/2016 01:00:00 AM,3,2,1
07/13/2016 02:00:00 AM,4,2,2
07/13/2016 03:00:00 AM,5,2,3
07/13/2016 04:00:00 AM,2,0,2
07/13/2016 05:00:00 AM,38,9,29
07/13/2016 06:00:00 AM,86,16,70
07/13/2016 07:00:00 AM,186,25,161
07/13/2016 08:00:00 AM,179,18,161
07/13/2016 09:00:00 AM,83,14,69
07/13/2016 10:00:00 AM,33,7,26
07/13/2016 11:00:00 AM,23,9,14
07/13/2016 12:00:00 PM,39,23,16
07/13/2016 01:00:00 PM,39,20,19
07/13/2016 02:00:00 PM,44,23,21
07/13/2016 03:00:00 PM,65,35,30
07/13/2016 04:00:00 PM,129,107,22
07/13/2016 05:00:00 PM,219,184,35
07/13/2016 06:00:00 PM,136,116,20
07/13/2016 07:00:00 PM,71,50,21
07/13/2016 08:00:00 PM,40,25,15
07/13/2016 09:00:00 PM,33,21,12
07/13/2016 10:00:00 PM,19,15,4
07/13/2016 11:00:00 PM,7,4,3
07/14/2016 12:00:00 AM,1,1,0
07/14/2016 01:00:00 AM,1,1,0
07/14/2016 02:00:00 AM,1,0,1
07/14/2016 03:00:00 AM,2,0,2
07/14/2016 04:00:00 AM,3,1,2
07/14/2016 05:00:00 AM,29,5,24
07/14/2016 06:00:00 AM,82,18,64
07/14/2016 07:00:00 AM,157,12,145
07/14/2016 08:00:00 AM,163,12,151
07/14/2016 09:00:00 AM,77,15,62
07/14/2016 10:00:00 AM,43,9,34
07/14/2016 11:00:00 AM,40,9,31
07/14/2016 12:00:00 PM,39,24,15
07/14/2016 01:00:00 PM,44,28,16
07/14/2016 02:00:00 PM,35,18,17
07/14/2016 03:00:00 PM,51,31,20
07/14/2016 04:00:00 PM,108,94,14
07/14/2016 05:00:00 PM,230,194,36
07/14/2016 06:00:00 PM,133,113,20
07/14/2016 07:00:00 PM,83,59,24
07/14/2016 08:00:00 PM,51,29,22
07/14/2016 09:00:00 PM,28,20,8
07/14/2016 10:00:00 PM,19,10,9
07/14/2016 11:00:00 PM,9,9,0
07/15/2016 12:00:00 AM,2,2,0
07/15/2016 01:00:00 AM,4,3,1
07/15/2016 02:00:00 AM,4,2,2
07/15/2016 03:00:00 AM,5,3,2
07/15/2016 04:00:00 AM,9,3,6
07/15/2016 05:00:00 AM,26,5,21
07/15/2016 06:00:00 AM,65,13,52
07/15/2016 07:00:00 AM,125,15,110
07/15/2016 08:00:00 AM,139,14,125
07/15/2016 09:00:00 AM,47,7,40
07/15/2016 10:00:00 AM,20,5,15
07/15/2016 11:00:00 AM,19,10,9
07/15/2016 12:00:00 PM,32,20,12
07/15/2016 01:00:00 PM,37,24,13
07/15/2016 02:00:00 PM,47,30,17
07/15/2016 03:00:00 PM,63,43,20
07/15/2016 04:00:00 PM,105,76,29
07/15/2016 05:00:00 PM,139,118,21
07/15/2016 06:00:00 PM,97,80,17
07/15/2016 07:00:00 PM,35,28,7
07/15/2016 08:00:00 PM,22,17,5
07/15/2016 09:00:00 PM,21,14,7
07/15/2016 10:00:00 PM,13,11,2
07/15/2016 11:00:00 PM,9,7,2
07/16/2016 12:00:00 AM,5,5,0
07/16/2016 01:00:00 AM,7,6,1
07/16/2016 02:00:00 AM,2,1,1
07/16/2016 03:00:00 AM,1,0,1
07/16/2016 04:00:00 AM,8,5,3
07/16/2016 05:00:00 AM,17,2,15
07/16/2016 06:00:00 AM,19,6,13
07/16/2016 07:00:00 AM,17,7,10
07/16/2016 08:00:00 AM,34,13,21
07/16/2016 09:00:00 AM,36,20,16
07/16/2016 10:00:00 AM,44,25,19
07/16/2016 11:00:00 AM,44,20,24
07/16/2016 12:00:00 PM,45,25,20
07/16/2016 01:00:00 PM,42,17,25
07/16/2016 02:00:00 PM,58,45,13
07/16/2016 03:00:00 PM,46,15,31
07/16/2016 04:00:00 PM,59,42,17
07/16/2016 05:00:00 PM,67,33,34
07/16/2016 06:00:00 PM,33,25,8
07/16/2016 07:00:00 PM,15,7,8
07/16/2016 08:00:00 PM,17,8,9
07/16/2016 09:00:00 PM,10,10,0
07/16/2016 10:00:00 PM,13,7,6
07/16/2016 11:00:00 PM,11,6,5
07/17/2016 12:00:00 AM,4,4,0
07/17/2016 01:00:00 AM,1,0,1
07/17/2016 02:00:00 AM,3,1,2
07/17/2016 03:00:00 AM,3,3,0
07/17/2016 04:00:00 AM,1,1,0
07/17/2016 05:00:00 AM,5,1,4
07/17/2016 06:00:00 AM,9,2,7
07/17/2016 07:00:00 AM,10,2,8
07/17/2016 08:00:00 AM,33,14,19
07/17/2016 09:00:00 AM,39,20,19
07/17/2016 10:00:00 AM,52,30,22
07/17/2016 11:00:00 AM,54,33,21
07/17/2016 12:00:00 PM,73,40,33
07/17/2016 01:00:00 PM,69,30,39
07/17/2016 02:00:00 PM,84,34,50
07/17/2016 03:00:00 PM,64,38,26
07/17/2016 04:00:00 PM,54,33,21
07/17/2016 05:00:00 PM,43,24,19
07/17/2016 06:00:00 PM,23,18,5
07/17/2016 07:00:00 PM,22,5,17
07/17/2016 08:00:00 PM,27,19,8
07/17/2016 09:00:00 PM,12,5,7
07/17/2016 10:00:00 PM,7,2,5
07/17/2016 11:00:00 PM,7,5,2
07/18/2016 12:00:00 AM,3,2,1
07/18/2016 01:00:00 AM,0,0,0
07/18/2016 02:00:00 AM,3,1,2
07/18/2016 03:00:00 AM,2,2,0
07/18/2016 04:00:00 AM,10,2,8
07/18/2016 05:00:00 AM,29,6,23
07/18/2016 06:00:00 AM,80,15,65
07/18/2016 07:00:00 AM,146,10,136
07/18/2016 08:00:00 AM,134,16,118
07/18/2016 09:00:00 AM,71,9,62
07/18/2016 10:00:00 AM,35,8,27
07/18/2016 11:00:00 AM,25,14,11
07/18/2016 12:00:00 PM,23,17,6
07/18/2016 01:00:00 PM,29,15,14
07/18/2016 02:00:00 PM,30,13,17
07/18/2016 03:00:00 PM,39,31,8
07/18/2016 04:00:00 PM,104,89,15
07/18/2016 05:00:00 PM,197,175,22
07/18/2016 06:00:00 PM,116,106,10
07/18/2016 07:00:00 PM,32,22,10
07/18/2016 08:00:00 PM,26,20,6
07/18/2016 09:00:00 PM,9,8,1
07/18/2016 10:00:00 PM,16,11,5
07/18/2016 11:00:00 PM,4,1,3
07/19/2016 12:00:00 AM,3,2,1
07/19/2016 01:00:00 AM,1,1,0
07/19/2016 02:00:00 AM,3,1,2
07/19/2016 03:00:00 AM,4,1,3
07/19/2016 04:00:00 AM,6,1,5
07/19/2016 05:00:00 AM,29,6,23
07/19/2016 06:00:00 AM,90,9,81
07/19/2016 07:00:00 AM,159,18,141
07/19/2016 08:00:00 AM,172,22,150
07/19/2016 09:00:00 AM,66,7,59
07/19/2016 10:00:00 AM,32,12,20
07/19/2016 11:00:00 AM,31,16,15
07/19/2016 12:00:00 PM,33,15,18
07/19/2016 01:00:00 PM,33,14,19
07/19/2016 02:00:00 PM,24,15,9
07/19/2016 03:00:00 PM,68,43,25
07/19/2016 04:00:00 PM,113,81,32
07/19/2016 05:00:00 PM,216,184,32
07/19/2016 06:00:00 PM,153,131,22
07/19/2016 07:00:00 PM,72,58,14
07/19/2016 08:00:00 PM,49,28,21
07/19/2016 09:00:00 PM,33,22,11
07/19/2016 10:00:00 PM,16,13,3
07/19/2016 11:00:00 PM,8,6,2
07/20/2016 12:00:00 AM,4,2,2
07/20/2016 01:00:00 AM,3,2,1
07/20/2016 02:00:00 AM,4,2,2
07/20/2016 03:00:00 AM,5,2,3
07/20/2016 04:00:00 AM,8,3,5
07/20/2016 05:00:00 AM,28,4,24
07/20/2016 06:00:00 AM,79,10,69
07/20/2016 07:00:00 AM,185,16,169
07/20/2016 08:00:00 AM,185,21,164
07/20/2016 09:00:00 AM,80,12,68
07/20/2016 10:00:00 AM,46,8,38
07/20/2016 11:00:00 AM,41,10,31
07/20/2016 12:00:00 PM,39,18,21
07/20/2016 01:00:00 PM,38,21,17
07/20/2016 02:00:00 PM,39,22,17
07/20/2016 03:00:00 PM,62,42,20
07/20/2016 04:00:00 PM,140,109,31
07/20/2016 05:00:00 PM,234,203,31
07/20/2016 06:00:00 PM,158,127,31
07/20/2016 07:00:00 PM,88,64,24
07/20/2016 08:00:00 PM,54,30,24
07/20/2016 09:00:00 PM,38,27,11
07/20/2016 10:00:00 PM,14,9,5
07/20/2016 11:00:00 PM,5,5,0
07/21/2016 12:00:00 AM,2,0,2
07/21/2016 01:00:00 AM,4,3,1
07/21/2016 02:00:00 AM,5,2,3
07/21/2016 03:00:00 AM,2,0,2
07/21/2016 04:00:00 AM,7,1,6
07/21/2016 05:00:00 AM,29,4,25
07/21/2016 06:00:00 AM,80,10,70
07/21/2016 07:00:00 AM,171,12,159
07/21/2016 08:00:00 AM,171,19,152
07/21/2016 09:00:00 AM,68,14,54
07/21/2016 10:00:00 AM,47,23,24
07/21/2016 11:00:00 AM,48,22,26
07/21/2016 12:00:00 PM,53,32,21
07/21/2016 01:00:00 PM,35,11,24
07/21/2016 02:00:00 PM,39,18,21
07/21/2016 03:00:00 PM,69,52,17
07/21/2016 04:00:00 PM,104,79,25
07/21/2016 05:00:00 PM,201,176,25
07/21/2016 06:00:00 PM,142,119,23
07/21/2016 07:00:00 PM,81,53,28
07/21/2016 08:00:00 PM,30,20,10
07/21/2016 09:00:00 PM,22,16,6
07/21/2016 10:00:00 PM,12,7,5
07/21/2016 11:00:00 PM,9,8,1
07/22/2016 12:00:00 AM,2,2,0
07/22/2016 01:00:00 AM,3,3,0
07/22/2016 02:00:00 AM,0,0,0
07/22/2016 03:00:00 AM,4,1,3
07/22/2016 04:00:00 AM,8,4,4
07/22/2016 05:00:00 AM,11,1,10
07/22/2016 06:00:00 AM,22,2,20
07/22/2016 07:00:00 AM,49,5,44
07/22/2016 08:00:00 AM,61,4,57
07/22/2016 09:00:00 AM,27,0,27
07/22/2016 10:00:00 AM,30,14,16
07/22/2016 11:00:00 AM,14,4,10
07/22/2016 12:00:00 PM,24,8,16
07/22/2016 01:00:00 PM,13,5,8
07/22/2016 02:00:00 PM,26,14,12
07/22/2016 03:00:00 PM,46,32,14
07/22/2016 04:00:00 PM,61,44,17
07/22/2016 05:00:00 PM,84,69,15
07/22/2016 06:00:00 PM,50,45,5
07/22/2016 07:00:00 PM,25,20,5
07/22/2016 08:00:00 PM,8,6,2
07/22/2016 09:00:00 PM,9,5,4
07/22/2016 10:00:00 PM,10,3,7
07/22/2016 11:00:00 PM,2,0,2
07/23/2016 12:00:00 AM,3,2,1
07/23/2016 01:00:00 AM,6,6,0
07/23/2016 02:00:00 AM,1,0,1
07/23/2016 03:00:00 AM,0,0,0
07/23/2016 04:00:00 AM,1,0,1
07/23/2016 05:00:00 AM,2,0,2
07/23/2016 06:00:00 AM,12,1,11
07/23/2016 07:00:00 AM,18,8,10
07/23/2016 08:00:00 AM,44,20,24
07/23/2016 09:00:00 AM,47,23,24
07/23/2016 10:00:00 AM,35,19,16
07/23/2016 11:00:00 AM,60,36,24
07/23/2016 12:00:00 PM,70,44,26
07/23/2016 01:00:00 PM,63,31,32
07/23/2016 02:00:00 PM,63,40,23
07/23/2016 03:00:00 PM,81,49,32
07/23/2016 04:00:00 PM,64,32,32
07/23/2016 05:00:00 PM,57,31,26
07/23/2016 06:00:00 PM,46,14,32
07/23/2016 07:00:00 PM,22,14,8
07/23/2016 08:00:00 PM,21,13,8
07/23/2016 09:00:00 PM,32,27,5
07/23/2016 10:00:00 PM,10,3,7
07/23/2016 11:00:00 PM,26,11,15
07/24/2016 12:00:00 AM,3,2,1
07/24/2016 01:00:00 AM,0,0,0
07/24/2016 02:00:00 AM,1,0,1
07/24/2016 03:00:00 AM,3,3,0
07/24/2016 04:00:00 AM,1,1,0
07/24/2016 05:00:00 AM,9,1,8
07/24/2016 06:00:00 AM,11,3,8
07/24/2016 07:00:00 AM,12,4,8
07/24/2016 08:00:00 AM,39,14,25
07/24/2016 09:00:00 AM,45,28,17
07/24/2016 10:00:00 AM,79,43,36
07/24/2016 11:00:00 AM,105,67,38
07/24/2016 12:00:00 PM,100,61,39
07/24/2016 01:00:00 PM,105,48,57
07/24/2016 02:00:00 PM,112,51,61
07/24/2016 03:00:00 PM,109,55,54
07/24/2016 04:00:00 PM,70,37,33
07/24/2016 05:00:00 PM,73,33,40
07/24/2016 06:00:00 PM,39,25,14
07/24/2016 07:00:00 PM,33,16,17
07/24/2016 08:00:00 PM,24,18,6
07/24/2016 09:00:00 PM,17,8,9
07/24/2016 10:00:00 PM,15,3,12
07/24/2016 11:00:00 PM,5,4,1
07/25/2016 12:00:00 AM,1,1,0
07/25/2016 01:00:00 AM,0,0,0
07/25/2016 02:00:00 AM,2,1,1
07/25/2016 03:00:00 AM,6,4,2
07/25/2016 04:00:00 AM,7,1,6
07/25/2016 05:00:00 AM,23,3,20
07/25/2016 06:00:00 AM,89,14,75
07/25/2016 07:00:00 AM,177,14,163
07/25/2016 08:00:00 AM,183,12,171
07/25/2016 09:00:00 AM,56,8,48
07/25/2016 10:00:00 AM,33,9,24
07/25/2016 11:00:00 AM,26,11,15
07/25/2016 12:00:00 PM,38,15,23
07/25/2016 01:00:00 PM,25,11,14
07/25/2016 02:00:00 PM,27,17,10
07/25/2016 03:00:00 PM,51,38,13
07/25/2016 04:00:00 PM,119,97,22
07/25/2016 05:00:00 PM,236,206,30
07/25/2016 06:00:00 PM,138,115,23
07/25/2016 07:00:00 PM,69,51,18
07/25/2016 08:00:00 PM,43,26,17
07/25/2016 09:00:00 PM,17,11,6
07/25/2016 10:00:00 PM,14,7,7
07/25/2016 11:00:00 PM,6,3,3
07/26/2016 12:00:00 AM,1,1,0
07/26/2016 01:00:00 AM,3,3,0
07/26/2016 02:00:00 AM,6,2,4
07/26/2016 03:00:00 AM,2,1,1
07/26/2016 04:00:00 AM,8,2,6
07/26/2016 05:00:00 AM,27,7,20
07/26/2016 06:00:00 AM,99,15,84
07/26/2016 07:00:00 AM,199,21,178
07/26/2016 08:00:00 AM,171,17,154
07/26/2016 09:00:00 AM,72,6,66
07/26/2016 10:00:00 AM,32,12,20
07/26/2016 11:00:00 AM,28,11,17
07/26/2016 12:00:00 PM,23,12,11
07/26/2016 01:00:00 PM,31,19,12
07/26/2016 02:00:00 PM,32,19,13
07/26/2016 03:00:00 PM,55,32,23
07/26/2016 04:00:00 PM,127,99,28
07/26/2016 05:00:00 PM,237,210,27
07/26/2016 06:00:00 PM,154,134,20
07/26/2016 07:00:00 PM,66,52,14
07/26/2016 08:00:00 PM,46,29,17
07/26/2016 09:00:00 PM,30,20,10
07/26/2016 10:00:00 PM,11,8,3
07/26/2016 11:00:00 PM,5,4,1
07/27/2016 12:00:00 AM,1,0,1
07/27/2016 01:00:00 AM,2,2,0
07/27/2016 02:00:00 AM,1,0,1
07/27/2016 03:00:00 AM,4,2,2
07/27/2016 04:00:00 AM,6,1,5
07/27/2016 05:00:00 AM,31,7,24
07/27/2016 06:00:00 AM,78,10,68
07/27/2016 07:00:00 AM,200,24,176
07/27/2016 08:00:00 AM,156,17,139
07/27/2016 09:00:00 AM,76,12,64
07/27/2016 10:00:00 AM,33,9,24
07/27/2016 11:00:00 AM,45,17,28
07/27/2016 12:00:00 PM,34,19,15
07/27/2016 01:00:00 PM,34,14,20
07/27/2016 02:00:00 PM,40,23,17
07/27/2016 03:00:00 PM,44,31,13
07/27/2016 04:00:00 PM,128,102,26
07/27/2016 05:00:00 PM,209,190,19
07/27/2016 06:00:00 PM,146,121,25
07/27/2016 07:00:00 PM,91,60,31
07/27/2016 08:00:00 PM,47,33,14
07/27/2016 09:00:00 PM,16,12,4
07/27/2016 10:00:00 PM,19,12,7
07/27/2016 11:00:00 PM,9,5,4
07/28/2016 12:00:00 AM,2,0,2
07/28/2016 01:00:00 AM,1,0,1
07/28/2016 02:00:00 AM,2,1,1
07/28/2016 03:00:00 AM,8,4,4
07/28/2016 04:00:00 AM,8,1,7
07/28/2016 05:00:00 AM,29,5,24
07/28/2016 06:00:00 AM,81,14,67
07/28/2016 07:00:00 AM,165,13,152
07/28/2016 08:00:00 AM,165,14,151
07/28/2016 09:00:00 AM,66,5,61
07/28/2016 10:00:00 AM,35,15,20
07/28/2016 11:00:00 AM,36,15,21
07/28/2016 12:00:00 PM,40,21,19
07/28/2016 01:00:00 PM,38,17,21
07/28/2016 02:00:00 PM,33,16,17
07/28/2016 03:00:00 PM,58,33,25
07/28/2016 04:00:00 PM,106,88,18
07/28/2016 05:00:00 PM,197,168,29
07/28/2016 06:00:00 PM,139,119,20
07/28/2016 07:00:00 PM,66,53,13
07/28/2016 08:00:00 PM,32,27,5
07/28/2016 09:00:00 PM,22,15,7
07/28/2016 10:00:00 PM,27,15,12
07/28/2016 11:00:00 PM,4,3,1
07/29/2016 12:00:00 AM,6,4,2
07/29/2016 01:00:00 AM,3,2,1
07/29/2016 02:00:00 AM,1,1,0
07/29/2016 03:00:00 AM,1,0,1
07/29/2016 04:00:00 AM,5,0,5
07/29/2016 05:00:00 AM,19,4,15
07/29/2016 06:00:00 AM,62,8,54
07/29/2016 07:00:00 AM,120,14,106
07/29/2016 08:00:00 AM,139,10,129
07/29/2016 09:00:00 AM,57,5,52
07/29/2016 10:00:00 AM,34,7,27
07/29/2016 11:00:00 AM,22,7,15
07/29/2016 12:00:00 PM,45,26,19
07/29/2016 01:00:00 PM,31,21,10
07/29/2016 02:00:00 PM,47,25,22
07/29/2016 03:00:00 PM,53,37,16
07/29/2016 04:00:00 PM,116,92,24
07/29/2016 05:00:00 PM,136,125,11
07/29/2016 06:00:00 PM,99,85,14
07/29/2016 07:00:00 PM,39,27,12
07/29/2016 08:00:00 PM,37,25,12
07/29/2016 09:00:00 PM,13,10,3
07/29/2016 10:00:00 PM,13,4,9
07/29/2016 11:00:00 PM,1,1,0
07/30/2016 12:00:00 AM,3,3,0
07/30/2016 01:00:00 AM,4,1,3
07/30/2016 02:00:00 AM,8,4,4
07/30/2016 03:00:00 AM,1,1,0
07/30/2016 04:00:00 AM,1,0,1
07/30/2016 05:00:00 AM,1,0,1
07/30/2016 06:00:00 AM,18,6,12
07/30/2016 07:00:00 AM,16,10,6
07/30/2016 08:00:00 AM,30,11,19
07/30/2016 09:00:00 AM,52,29,23
07/30/2016 10:00:00 AM,71,40,31
07/30/2016 11:00:00 AM,63,25,38
07/30/2016 12:00:00 PM,54,24,30
07/30/2016 01:00:00 PM,55,13,42
07/30/2016 02:00:00 PM,74,42,32
07/30/2016 03:00:00 PM,55,28,27
07/30/2016 04:00:00 PM,57,36,21
07/30/2016 05:00:00 PM,55,27,28
07/30/2016 06:00:00 PM,47,26,21
07/30/2016 07:00:00 PM,33,14,19
07/30/2016 08:00:00 PM,24,12,12
07/30/2016 09:00:00 PM,15,13,2
07/30/2016 10:00:00 PM,16,6,10
07/30/2016 11:00:00 PM,3,2,1
07/31/2016 12:00:00 AM,7,5,2
07/31/2016 01:00:00 AM,3,0,3
07/31/2016 02:00:00 AM,3,1,2
07/31/2016 03:00:00 AM,1,1,0
07/31/2016 04:00:00 AM,5,3,2
07/31/2016 05:00:00 AM,3,1,2
07/31/2016 06:00:00 AM,12,1,11
07/31/2016 07:00:00 AM,10,2,8
07/31/2016 08:00:00 AM,23,7,16
07/31/2016 09:00:00 AM,32,18,14
07/31/2016 10:00:00 AM,48,25,23
07/31/2016 11:00:00 AM,49,24,25
07/31/2016 12:00:00 PM,80,30,50
07/31/2016 01:00:00 PM,66,40,26
07/31/2016 02:00:00 PM,56,26,30
07/31/2016 03:00:00 PM,73,48,25
07/31/2016 04:00:00 PM,85,48,37
07/31/2016 05:00:00 PM,66,34,32
07/31/2016 06:00:00 PM,31,19,12
07/31/2016 07:00:00 PM,30,16,14
07/31/2016 08:00:00 PM,9,2,7
07/31/2016 09:00:00 PM,11,4,7
07/31/2016 10:00:00 PM,6,4,2
07/31/2016 11:00:00 PM,4,1,3
08/01/2016 12:00:00 AM,3,3,0
08/01/2016 01:00:00 AM,2,1,1
08/01/2016 02:00:00 AM,2,1,1
08/01/2016 03:00:00 AM,3,2,1
08/01/2016 04:00:00 AM,11,1,10
08/01/2016 05:00:00 AM,32,8,24
08/01/2016 06:00:00 AM,70,11,59
08/01/2016 07:00:00 AM,155,11,144
08/01/2016 08:00:00 AM,138,13,125
08/01/2016 09:00:00 AM,73,12,61
08/01/2016 10:00:00 AM,22,6,16
08/01/2016 11:00:00 AM,23,12,11
08/01/2016 12:00:00 PM,25,16,9
08/01/2016 01:00:00 PM,19,9,10
08/01/2016 02:00:00 PM,29,14,15
08/01/2016 03:00:00 PM,45,32,13
08/01/2016 04:00:00 PM,108,88,20
08/01/2016 05:00:00 PM,198,173,25
08/01/2016 06:00:00 PM,131,118,13
08/01/2016 07:00:00 PM,65,52,13
08/01/2016 08:00:00 PM,33,18,15
08/01/2016 09:00:00 PM,24,12,12
08/01/2016 10:00:00 PM,5,2,3
08/01/2016 11:00:00 PM,3,3,0
08/02/2016 12:00:00 AM,2,1,1
08/02/2016 01:00:00 AM,3,2,1
08/02/2016 02:00:00 AM,2,1,1
08/02/2016 03:00:00 AM,3,1,2
08/02/2016 04:00:00 AM,9,1,8
08/02/2016 05:00:00 AM,21,4,17
08/02/2016 06:00:00 AM,63,13,50
08/02/2016 07:00:00 AM,133,16,117
08/02/2016 08:00:00 AM,126,10,116
08/02/2016 09:00:00 AM,62,11,51
08/02/2016 10:00:00 AM,30,11,19
08/02/2016 11:00:00 AM,11,3,8
08/02/2016 12:00:00 PM,21,12,9
08/02/2016 01:00:00 PM,26,12,14
08/02/2016 02:00:00 PM,20,11,9
08/02/2016 03:00:00 PM,37,24,13
08/02/2016 04:00:00 PM,101,79,22
08/02/2016 05:00:00 PM,171,147,24
08/02/2016 06:00:00 PM,109,96,13
08/02/2016 07:00:00 PM,62,53,9
08/02/2016 08:00:00 PM,29,19,10
08/02/2016 09:00:00 PM,16,12,4
08/02/2016 10:00:00 PM,25,7,18
08/02/2016 11:00:00 PM,2,1,1
08/03/2016 12:00:00 AM,3,3,0
08/03/2016 01:00:00 AM,3,1,2
08/03/2016 02:00:00 AM,2,1,1
08/03/2016 03:00:00 AM,6,4,2
08/03/2016 04:00:00 AM,6,1,5
08/03/2016 05:00:00 AM,20,6,14
08/03/2016 06:00:00 AM,91,17,74
08/03/2016 07:00:00 AM,172,17,155
08/03/2016 08:00:00 AM,169,19,150
08/03/2016 09:00:00 AM,61,7,54
08/03/2016 10:00:00 AM,21,5,16
08/03/2016 11:00:00 AM,35,14,21
08/03/2016 12:00:00 PM,23,8,15
08/03/2016 01:00:00 PM,22,11,11
08/03/2016 02:00:00 PM,40,17,23
08/03/2016 03:00:00 PM,56,36,20
08/03/2016 04:00:00 PM,131,103,28
08/03/2016 05:00:00 PM,218,188,30
08/03/2016 06:00:00 PM,132,108,24
08/03/2016 07:00:00 PM,73,62,11
08/03/2016 08:00:00 PM,46,26,20
08/03/2016 09:00:00 PM,35,27,8
08/03/2016 10:00:00 PM,10,5,5
08/03/2016 11:00:00 PM,6,4,2
08/04/2016 12:00:00 AM,5,5,0
08/04/2016 01:00:00 AM,2,1,1
08/04/2016 02:00:00 AM,1,0,1
08/04/2016 03:00:00 AM,1,0,1
08/04/2016 04:00:00 AM,9,0,9
08/04/2016 05:00:00 AM,29,6,23
08/04/2016 06:00:00 AM,82,11,71
08/04/2016 07:00:00 AM,155,15,140
08/04/2016 08:00:00 AM,173,19,154
08/04/2016 09:00:00 AM,75,4,71
08/04/2016 10:00:00 AM,36,8,28
08/04/2016 11:00:00 AM,25,13,12
08/04/2016 12:00:00 PM,39,21,18
08/04/2016 01:00:00 PM,37,17,20
08/04/2016 02:00:00 PM,42,30,12
08/04/2016 03:00:00 PM,59,38,21
08/04/2016 04:00:00 PM,104,82,22
08/04/2016 05:00:00 PM,203,177,26
08/04/2016 06:00:00 PM,139,111,28
08/04/2016 07:00:00 PM,61,46,15
08/04/2016 08:00:00 PM,45,25,20
08/04/2016 09:00:00 PM,27,16,11
08/04/2016 10:00:00 PM,27,14,13
08/04/2016 11:00:00 PM,11,10,1
08/05/2016 12:00:00 AM,5,4,1
08/05/2016 01:00:00 AM,5,4,1
08/05/2016 02:00:00 AM,3,2,1
08/05/2016 03:00:00 AM,0,0,0
08/05/2016 04:00:00 AM,11,3,8
08/05/2016 05:00:00 AM,16,3,13
08/05/2016 06:00:00 AM,72,18,54
08/05/2016 07:00:00 AM,132,15,117
08/05/2016 08:00:00 AM,151,25,126
08/05/2016 09:00:00 AM,52,10,42
08/05/2016 10:00:00 AM,39,13,26
08/05/2016 11:00:00 AM,47,18,29
08/05/2016 12:00:00 PM,42,18,24
08/05/2016 01:00:00 PM,45,19,26
08/05/2016 02:00:00 PM,65,39,26
08/05/2016 03:00:00 PM,68,50,18
08/05/2016 04:00:00 PM,115,91,24
08/05/2016 05:00:00 PM,167,141,26
08/05/2016 06:00:00 PM,91,69,22
08/05/2016 07:00:00 PM,74,51,23
08/05/2016 08:00:00 PM,25,20,5
08/05/2016 09:00:00 PM,18,17,1
08/05/2016 10:00:00 PM,11,6,5
08/05/2016 11:00:00 PM,7,5,2
08/06/2016 12:00:00 AM,6,3,3
08/06/2016 01:00:00 AM,3,2,1
08/06/2016 02:00:00 AM,1,1,0
08/06/2016 03:00:00 AM,3,2,1
08/06/2016 04:00:00 AM,3,0,3
08/06/2016 05:00:00 AM,9,2,7
08/06/2016 06:00:00 AM,13,3,10
08/06/2016 07:00:00 AM,28,10,18
08/06/2016 08:00:00 AM,41,22,19
08/06/2016 09:00:00 AM,43,23,20
08/06/2016 10:00:00 AM,42,23,19
08/06/2016 11:00:00 AM,64,27,37
08/06/2016 12:00:00 PM,59,17,42
08/06/2016 01:00:00 PM,50,21,29
08/06/2016 02:00:00 PM,61,43,18
08/06/2016 03:00:00 PM,66,34,32
08/06/2016 04:00:00 PM,84,23,61
08/06/2016 05:00:00 PM,58,24,34
08/06/2016 06:00:00 PM,47,25,22
08/06/2016 07:00:00 PM,28,12,16
08/06/2016 08:00:00 PM,22,12,10
08/06/2016 09:00:00 PM,29,22,7
08/06/2016 10:00:00 PM,18,13,5
08/06/2016 11:00:00 PM,7,2,5
08/07/2016 12:00:00 AM,15,14,1
08/07/2016 01:00:00 AM,9,6,3
08/07/2016 02:00:00 AM,2,0,2
08/07/2016 03:00:00 AM,2,2,0
08/07/2016 04:00:00 AM,3,3,0
08/07/2016 05:00:00 AM,4,1,3
08/07/2016 06:00:00 AM,12,7,5
08/07/2016 07:00:00 AM,24,5,19
08/07/2016 08:00:00 AM,26,10,16
08/07/2016 09:00:00 AM,54,32,22
08/07/2016 10:00:00 AM,63,33,30
08/07/2016 11:00:00 AM,61,27,34
08/07/2016 12:00:00 PM,40,20,20
08/07/2016 01:00:00 PM,42,22,20
08/07/2016 02:00:00 PM,61,27,34
08/07/2016 03:00:00 PM,36,20,16
08/07/2016 04:00:00 PM,31,16,15
08/07/2016 05:00:00 PM,43,18,25
08/07/2016 06:00:00 PM,27,20,7
08/07/2016 07:00:00 PM,7,5,2
08/07/2016 08:00:00 PM,9,5,4
08/07/2016 09:00:00 PM,11,6,5
08/07/2016 10:00:00 PM,2,2,0
08/07/2016 11:00:00 PM,1,0,1
08/08/2016 12:00:00 AM,7,4,3
08/08/2016 01:00:00 AM,5,3,2
08/08/2016 02:00:00 AM,3,2,1
08/08/2016 03:00:00 AM,3,1,2
08/08/2016 04:00:00 AM,8,3,5
08/08/2016 05:00:00 AM,23,3,20
08/08/2016 06:00:00 AM,63,8,55
08/08/2016 07:00:00 AM,128,13,115
08/08/2016 08:00:00 AM,147,22,125
08/08/2016 09:00:00 AM,41,6,35
08/08/2016 10:00:00 AM,22,8,14
08/08/2016 11:00:00 AM,14,6,8
08/08/2016 12:00:00 PM,24,12,12
08/08/2016 01:00:00 PM,22,9,13
08/08/2016 02:00:00 PM,20,11,9
08/08/2016 03:00:00 PM,43,31,12
08/08/2016 04:00:00 PM,90,65,25
08/08/2016 05:00:00 PM,194,166,28
08/08/2016 06:00:00 PM,115,95,20
08/08/2016 07:00:00 PM,55,40,15
08/08/2016 08:00:00 PM,36,23,13
08/08/2016 09:00:00 PM,11,9,2
08/08/2016 10:00:00 PM,12,11,1
08/08/2016 11:00:00 PM,8,4,4
08/09/2016 12:00:00 AM,2,2,0
08/09/2016 01:00:00 AM,8,4,4
08/09/2016 02:00:00 AM,3,2,1
08/09/2016 03:00:00 AM,4,2,2
08/09/2016 04:00:00 AM,8,2,6
08/09/2016 05:00:00 AM,29,6,23
08/09/2016 06:00:00 AM,81,11,70
08/09/2016 07:00:00 AM,160,14,146
08/09/2016 08:00:00 AM,122,18,104
08/09/2016 09:00:00 AM,97,18,79
08/09/2016 10:00:00 AM,26,7,19
08/09/2016 11:00:00 AM,28,15,13
08/09/2016 12:00:00 PM,17,4,13
08/09/2016 01:00:00 PM,26,18,8
08/09/2016 02:00:00 PM,25,5,20
08/09/2016 03:00:00 PM,59,36,23
08/09/2016 04:00:00 PM,109,91,18
08/09/2016 05:00:00 PM,198,172,26
08/09/2016 06:00:00 PM,108,94,14
08/09/2016 07:00:00 PM,69,53,16
08/09/2016 08:00:00 PM,29,20,9
08/09/2016 09:00:00 PM,15,13,2
08/09/2016 10:00:00 PM,10,6,4
08/09/2016 11:00:00 PM,4,4,0
08/10/2016 12:00:00 AM,5,4,1
08/10/2016 01:00:00 AM,3,2,1
08/10/2016 02:00:00 AM,3,1,2
08/10/2016 03:00:00 AM,2,1,1
08/10/2016 04:00:00 AM,4,1,3
08/10/2016 05:00:00 AM,28,6,22
08/10/2016 06:00:00 AM,83,11,72
08/10/2016 07:00:00 AM,164,11,153
08/10/2016 08:00:00 AM,173,18,155
08/10/2016 09:00:00 AM,75,14,61
08/10/2016 10:00:00 AM,35,6,29
08/10/2016 11:00:00 AM,33,13,20
08/10/2016 12:00:00 PM,28,9,19
08/10/2016 01:00:00 PM,27,15,12
08/10/2016 02:00:00 PM,24,10,14
08/10/2016 03:00:00 PM,49,28,21
08/10/2016 04:00:00 PM,110,78,32
08/10/2016 05:00:00 PM,206,186,20
08/10/2016 06:00:00 PM,124,102,22
08/10/2016 07:00:00 PM,62,46,16
08/10/2016 08:00:00 PM,41,32,9
08/10/2016 09:00:00 PM,18,17,1
08/10/2016 10:00:00 PM,12,9,3
08/10/2016 11:00:00 PM,10,7,3
08/11/2016 12:00:00 AM,5,2,3
08/11/2016 01:00:00 AM,4,3,1
08/11/2016 02:00:00 AM,1,0,1
08/11/2016 03:00:00 AM,2,0,2
08/11/2016 04:00:00 AM,3,0,3
08/11/2016 05:00:00 AM,30,5,25
08/11/2016 06:00:00 AM,78,14,64
08/11/2016 07:00:00 AM,161,21,140
08/11/2016 08:00:00 AM,148,15,133
08/11/2016 09:00:00 AM,69,10,59
08/11/2016 10:00:00 AM,29,7,22
08/11/2016 11:00:00 AM,32,11,21
08/11/2016 12:00:00 PM,27,10,17
08/11/2016 01:00:00 PM,34,12,22
08/11/2016 02:00:00 PM,36,23,13
08/11/2016 03:00:00 PM,52,34,18
08/11/2016 04:00:00 PM,117,85,32
08/11/2016 05:00:00 PM,191,166,25
08/11/2016 06:00:00 PM,135,116,19
08/11/2016 07:00:00 PM,74,61,13
08/11/2016 08:00:00 PM,47,33,14
08/11/2016 09:00:00 PM,15,11,4
08/11/2016 10:00:00 PM,17,9,8
08/11/2016 11:00:00 PM,8,4,4
08/12/2016 12:00:00 AM,11,7,4
08/12/2016 01:00:00 AM,4,3,1
08/12/2016 02:00:00 AM,7,2,5
08/12/2016 03:00:00 AM,4,2,2
08/12/2016 04:00:00 AM,5,1,4
08/12/2016 05:00:00 AM,16,3,13
08/12/2016 06:00:00 AM,74,10,64
08/12/2016 07:00:00 AM,131,18,113
08/12/2016 08:00:00 AM,127,16,111
08/12/2016 09:00:00 AM,40,6,34
08/12/2016 10:00:00 AM,36,12,24
08/12/2016 11:00:00 AM,34,12,22
08/12/2016 12:00:00 PM,26,8,18
08/12/2016 01:00:00 PM,28,17,11
08/12/2016 02:00:00 PM,26,16,10
08/12/2016 03:00:00 PM,52,36,16
08/12/2016 04:00:00 PM,123,96,27
08/12/2016 05:00:00 PM,138,115,23
08/12/2016 06:00:00 PM,67,58,9
08/12/2016 07:00:00 PM,41,29,12
08/12/2016 08:00:00 PM,40,25,15
08/12/2016 09:00:00 PM,24,14,10
08/12/2016 10:00:00 PM,9,4,5
08/12/2016 11:00:00 PM,10,5,5
08/13/2016 12:00:00 AM,9,7,2
08/13/2016 01:00:00 AM,5,4,1
08/13/2016 02:00:00 AM,2,1,1
08/13/2016 03:00:00 AM,1,1,0
08/13/2016 04:00:00 AM,3,0,3
08/13/2016 05:00:00 AM,5,0,5
08/13/2016 06:00:00 AM,15,4,11
08/13/2016 07:00:00 AM,19,9,10
08/13/2016 08:00:00 AM,38,15,23
08/13/2016 09:00:00 AM,51,21,30
08/13/2016 10:00:00 AM,53,23,30
08/13/2016 11:00:00 AM,78,47,31
08/13/2016 12:00:00 PM,65,39,26
08/13/2016 01:00:00 PM,67,34,33
08/13/2016 02:00:00 PM,75,41,34
08/13/2016 03:00:00 PM,62,28,34
08/13/2016 04:00:00 PM,45,29,16
08/13/2016 05:00:00 PM,35,16,19
08/13/2016 06:00:00 PM,30,19,11
08/13/2016 07:00:00 PM,28,10,18
08/13/2016 08:00:00 PM,24,13,11
08/13/2016 09:00:00 PM,9,4,5
08/13/2016 10:00:00 PM,6,4,2
08/13/2016 11:00:00 PM,4,3,1
08/14/2016 12:00:00 AM,3,1,2
08/14/2016 01:00:00 AM,1,1,0
08/14/2016 02:00:00 AM,4,2,2
08/14/2016 03:00:00 AM,1,0,1
08/14/2016 04:00:00 AM,4,4,0
08/14/2016 05:00:00 AM,0,0,0
08/14/2016 06:00:00 AM,12,1,11
08/14/2016 07:00:00 AM,31,14,17
08/14/2016 08:00:00 AM,40,17,23
08/14/2016 09:00:00 AM,57,27,30
08/14/2016 10:00:00 AM,114,36,78
08/14/2016 11:00:00 AM,156,50,106
08/14/2016 12:00:00 PM,113,38,75
08/14/2016 01:00:00 PM,75,35,40
08/14/2016 02:00:00 PM,77,40,37
08/14/2016 03:00:00 PM,81,44,37
08/14/2016 04:00:00 PM,53,23,30
08/14/2016 05:00:00 PM,49,18,31
08/14/2016 06:00:00 PM,48,30,18
08/14/2016 07:00:00 PM,37,22,15
08/14/2016 08:00:00 PM,21,15,6
08/14/2016 09:00:00 PM,15,9,6
08/14/2016 10:00:00 PM,7,2,5
08/14/2016 11:00:00 PM,2,1,1
08/15/2016 12:00:00 AM,0,0,0
08/15/2016 01:00:00 AM,3,2,1
08/15/2016 02:00:00 AM,2,1,1
08/15/2016 03:00:00 AM,2,2,0
08/15/2016 04:00:00 AM,12,1,11
08/15/2016 05:00:00 AM,36,10,26
08/15/2016 06:00:00 AM,78,15,63
08/15/2016 07:00:00 AM,151,14,137
08/15/2016 08:00:00 AM,156,21,135
08/15/2016 09:00:00 AM,58,11,47
08/15/2016 10:00:00 AM,33,4,29
08/15/2016 11:00:00 AM,14,6,8
08/15/2016 12:00:00 PM,26,12,14
08/15/2016 01:00:00 PM,25,15,10
08/15/2016 02:00:00 PM,31,14,17
08/15/2016 03:00:00 PM,42,29,13
08/15/2016 04:00:00 PM,103,79,24
08/15/2016 05:00:00 PM,193,173,20
08/15/2016 06:00:00 PM,147,134,13
08/15/2016 07:00:00 PM,69,43,26
08/15/2016 08:00:00 PM,39,27,12
08/15/2016 09:00:00 PM,23,16,7
08/15/2016 10:00:00 PM,7,6,1
08/15/2016 11:00:00 PM,5,3,2
08/16/2016 12:00:00 AM,5,3,2
08/16/2016 01:00:00 AM,1,1,0
08/16/2016 02:00:00 AM,1,0,1
08/16/2016 03:00:00 AM,3,1,2
08/16/2016 04:00:00 AM,7,1,6
08/16/2016 05:00:00 AM,25,3,22
08/16/2016 06:00:00 AM,75,13,62
08/16/2016 07:00:00 AM,160,23,137
08/16/2016 08:00:00 AM,165,29,136
08/16/2016 09:00:00 AM,71,12,59
08/16/2016 10:00:00 AM,28,5,23
08/16/2016 11:00:00 AM,30,16,14
08/16/2016 12:00:00 PM,25,13,12
08/16/2016 01:00:00 PM,27,11,16
08/16/2016 02:00:00 PM,33,15,18
08/16/2016 03:00:00 PM,60,42,18
08/16/2016 04:00:00 PM,114,88,26
08/16/2016 05:00:00 PM,212,179,33
08/16/2016 06:00:00 PM,167,144,23
08/16/2016 07:00:00 PM,53,42,11
08/16/2016 08:00:00 PM,30,21,9
08/16/2016 09:00:00 PM,21,14,7
08/16/2016 10:00:00 PM,8,7,1
08/16/2016 11:00:00 PM,6,3,3
08/17/2016 12:00:00 AM,1,1,0
08/17/2016 01:00:00 AM,1,1,0
08/17/2016 02:00:00 AM,3,1,2
08/17/2016 03:00:00 AM,3,1,2
08/17/2016 04:00:00 AM,7,0,7
08/17/2016 05:00:00 AM,25,4,21
08/17/2016 06:00:00 AM,82,20,62
08/17/2016 07:00:00 AM,167,19,148
08/17/2016 08:00:00 AM,165,17,148
08/17/2016 09:00:00 AM,73,11,62
08/17/2016 10:00:00 AM,32,10,22
08/17/2016 11:00:00 AM,22,11,11
08/17/2016 12:00:00 PM,25,12,13
08/17/2016 01:00:00 PM,23,16,7
08/17/2016 02:00:00 PM,26,16,10
08/17/2016 03:00:00 PM,38,27,11
08/17/2016 04:00:00 PM,104,78,26
08/17/2016 05:00:00 PM,206,185,21
08/17/2016 06:00:00 PM,151,127,24
08/17/2016 07:00:00 PM,87,63,24
08/17/2016 08:00:00 PM,41,27,14
08/17/2016 09:00:00 PM,15,10,5
08/17/2016 10:00:00 PM,7,5,2
08/17/2016 11:00:00 PM,5,4,1
08/18/2016 12:00:00 AM,4,2,2
08/18/2016 01:00:00 AM,3,1,2
08/18/2016 02:00:00 AM,3,2,1
08/18/2016 03:00:00 AM,3,2,1
08/18/2016 04:00:00 AM,7,1,6
08/18/2016 05:00:00 AM,28,5,23
08/18/2016 06:00:00 AM,61,13,48
08/18/2016 07:00:00 AM,176,21,155
08/18/2016 08:00:00 AM,151,21,130
08/18/2016 09:00:00 AM,61,9,52
08/18/2016 10:00:00 AM,43,18,25
08/18/2016 11:00:00 AM,31,17,14
08/18/2016 12:00:00 PM,27,13,14
08/18/2016 01:00:00 PM,25,12,13
08/18/2016 02:00:00 PM,32,18,14
08/18/2016 03:00:00 PM,56,39,17
08/18/2016 04:00:00 PM,131,95,36
08/18/2016 05:00:00 PM,167,132,35
08/18/2016 06:00:00 PM,137,116,21
08/18/2016 07:00:00 PM,77,56,21
08/18/2016 08:00:00 PM,37,27,10
08/18/2016 09:00:00 PM,24,17,7
08/18/2016 10:00:00 PM,12,10,2
08/18/2016 11:00:00 PM,10,8,2
08/19/2016 12:00:00 AM,2,2,0
08/19/2016 01:00:00 AM,1,0,1
08/19/2016 02:00:00 AM,2,1,1
08/19/2016 03:00:00 AM,3,1,2
08/19/2016 04:00:00 AM,7,1,6
08/19/2016 05:00:00 AM,15,5,10
08/19/2016 06:00:00 AM,50,10,40
08/19/2016 07:00:00 AM,114,16,98
08/19/2016 08:00:00 AM,113,14,99
08/19/2016 09:00:00 AM,46,12,34
08/19/2016 10:00:00 AM,27,9,18
08/19/2016 11:00:00 AM,28,9,19
08/19/2016 12:00:00 PM,16,10,6
08/19/2016 01:00:00 PM,21,9,12
08/19/2016 02:00:00 PM,37,16,21
08/19/2016 03:00:00 PM,49,30,19
08/19/2016 04:00:00 PM,87,75,12
08/19/2016 05:00:00 PM,114,105,9
08/19/2016 06:00:00 PM,74,63,11
08/19/2016 07:00:00 PM,44,31,13
08/19/2016 08:00:00 PM,23,16,7
08/19/2016 09:00:00 PM,29,21,8
08/19/2016 10:00:00 PM,8,4,4
08/19/2016 11:00:00 PM,7,4,3
08/20/2016 12:00:00 AM,4,4,0
08/20/2016 01:00:00 AM,1,1,0
08/20/2016 02:00:00 AM,3,3,0
08/20/2016 03:00:00 AM,0,0,0
08/20/2016 04:00:00 AM,2,1,1
08/20/2016 05:00:00 AM,4,2,2
08/20/2016 06:00:00 AM,12,3,9
08/20/2016 07:00:00 AM,26,14,12
08/20/2016 08:00:00 AM,26,17,9
08/20/2016 09:00:00 AM,46,33,13
08/20/2016 10:00:00 AM,64,28,36
08/20/2016 11:00:00 AM,110,87,23
08/20/2016 12:00:00 PM,77,32,45
08/20/2016 01:00:00 PM,46,26,20
08/20/2016 02:00:00 PM,61,40,21
08/20/2016 03:00:00 PM,52,27,25
08/20/2016 04:00:00 PM,49,23,26
08/20/2016 05:00:00 PM,35,18,17
08/20/2016 06:00:00 PM,26,9,17
08/20/2016 07:00:00 PM,22,12,10
08/20/2016 08:00:00 PM,22,12,10
08/20/2016 09:00:00 PM,16,7,9
08/20/2016 10:00:00 PM,10,6,4
08/20/2016 11:00:00 PM,1,1,0
08/21/2016 12:00:00 AM,7,3,4
08/21/2016 01:00:00 AM,4,2,2
08/21/2016 02:00:00 AM,2,0,2
08/21/2016 03:00:00 AM,1,1,0
08/21/2016 04:00:00 AM,2,2,0
08/21/2016 05:00:00 AM,2,1,1
08/21/2016 06:00:00 AM,5,1,4
08/21/2016 07:00:00 AM,11,0,11
08/21/2016 08:00:00 AM,24,14,10
08/21/2016 09:00:00 AM,31,22,9
08/21/2016 10:00:00 AM,29,14,15
08/21/2016 11:00:00 AM,43,21,22
08/21/2016 12:00:00 PM,59,27,32
08/21/2016 01:00:00 PM,48,27,21
08/21/2016 02:00:00 PM,54,25,29
08/21/2016 03:00:00 PM,54,28,26
08/21/2016 04:00:00 PM,59,28,31
08/21/2016 05:00:00 PM,48,24,24
08/21/2016 06:00:00 PM,41,22,19
08/21/2016 07:00:00 PM,35,14,21
08/21/2016 08:00:00 PM,19,17,2
08/21/2016 09:00:00 PM,22,18,4
08/21/2016 10:00:00 PM,12,11,1
08/21/2016 11:00:00 PM,4,2,2
08/22/2016 12:00:00 AM,3,2,1
08/22/2016 01:00:00 AM,3,2,1
08/22/2016 02:00:00 AM,1,0,1
08/22/2016 03:00:00 AM,2,1,1
08/22/2016 04:00:00 AM,8,1,7
08/22/2016 05:00:00 AM,27,7,20
08/22/2016 06:00:00 AM,71,13,58
08/22/2016 07:00:00 AM,154,16,138
08/22/2016 08:00:00 AM,149,17,132
08/22/2016 09:00:00 AM,59,14,45
08/22/2016 10:00:00 AM,22,5,17
08/22/2016 11:00:00 AM,27,8,19
08/22/2016 12:00:00 PM,20,9,11
08/22/2016 01:00:00 PM,21,14,7
08/22/2016 02:00:00 PM,34,17,17
08/22/2016 03:00:00 PM,47,33,14
08/22/2016 04:00:00 PM,103,84,19
08/22/2016 05:00:00 PM,186,170,16
08/22/2016 06:00:00 PM,145,128,17
08/22/2016 07:00:00 PM,58,46,12
08/22/2016 08:00:00 PM,33,26,7
08/22/2016 09:00:00 PM,24,12,12
08/22/2016 10:00:00 PM,17,7,10
08/22/2016 11:00:00 PM,5,3,2
08/23/2016 12:00:00 AM,3,2,1
08/23/2016 01:00:00 AM,5,3,2
08/23/2016 02:00:00 AM,3,2,1
08/23/2016 03:00:00 AM,6,0,6
08/23/2016 04:00:00 AM,13,5,8
08/23/2016 05:00:00 AM,30,4,26
08/23/2016 06:00:00 AM,85,17,68
08/23/2016 07:00:00 AM,157,12,145
08/23/2016 08:00:00 AM,159,13,146
08/23/2016 09:00:00 AM,69,11,58
08/23/2016 10:00:00 AM,26,9,17
08/23/2016 11:00:00 AM,27,9,18
08/23/2016 12:00:00 PM,23,13,10
08/23/2016 01:00:00 PM,32,22,10
08/23/2016 02:00:00 PM,35,15,20
08/23/2016 03:00:00 PM,53,38,15
08/23/2016 04:00:00 PM,120,94,26
08/23/2016 05:00:00 PM,206,181,25
08/23/2016 06:00:00 PM,142,119,23
08/23/2016 07:00:00 PM,68,52,16
08/23/2016 08:00:00 PM,31,25,6
08/23/2016 09:00:00 PM,21,16,5
08/23/2016 10:00:00 PM,13,10,3
08/23/2016 11:00:00 PM,6,5,1
08/24/2016 12:00:00 AM,4,3,1
08/24/2016 01:00:00 AM,0,0,0
08/24/2016 02:00:00 AM,2,0,2
08/24/2016 03:00:00 AM,2,0,2
08/24/2016 04:00:00 AM,10,3,7
08/24/2016 05:00:00 AM,30,9,21
08/24/2016 06:00:00 AM,78,13,65
08/24/2016 07:00:00 AM,162,21,141
08/24/2016 08:00:00 AM,155,15,140
08/24/2016 09:00:00 AM,78,9,69
08/24/2016 10:00:00 AM,34,8,26
08/24/2016 11:00:00 AM,16,4,12
08/24/2016 12:00:00 PM,30,14,16
08/24/2016 01:00:00 PM,26,18,8
08/24/2016 02:00:00 PM,39,21,18
08/24/2016 03:00:00 PM,72,54,18
08/24/2016 04:00:00 PM,131,112,19
08/24/2016 05:00:00 PM,202,175,27
08/24/2016 06:00:00 PM,131,107,24
08/24/2016 07:00:00 PM,70,61,9
08/24/2016 08:00:00 PM,45,28,17
08/24/2016 09:00:00 PM,29,24,5
08/24/2016 10:00:00 PM,7,3,4
08/24/2016 11:00:00 PM,6,5,1
08/25/2016 12:00:00 AM,1,1,0
08/25/2016 01:00:00 AM,1,1,0
08/25/2016 02:00:00 AM,3,1,2
08/25/2016 03:00:00 AM,2,0,2
08/25/2016 04:00:00 AM,6,1,5
08/25/2016 05:00:00 AM,26,5,21
08/25/2016 06:00:00 AM,81,10,71
08/25/2016 07:00:00 AM,155,13,142
08/25/2016 08:00:00 AM,158,17,141
08/25/2016 09:00:00 AM,59,15,44
08/25/2016 10:00:00 AM,30,7,23
08/25/2016 11:00:00 AM,34,10,24
08/25/2016 12:00:00 PM,33,14,19
08/25/2016 01:00:00 PM,27,12,15
08/25/2016 02:00:00 PM,15,10,5
08/25/2016 03:00:00 PM,52,42,10
08/25/2016 04:00:00 PM,119,93,26
08/25/2016 05:00:00 PM,195,169,26
08/25/2016 06:00:00 PM,147,131,16
08/25/2016 07:00:00 PM,71,53,18
08/25/2016 08:00:00 PM,41,28,13
08/25/2016 09:00:00 PM,26,17,9
08/25/2016 10:00:00 PM,8,7,1
08/25/2016 11:00:00 PM,5,4,1
08/26/2016 12:00:00 AM,2,0,2
08/26/2016 01:00:00 AM,1,0,1
08/26/2016 02:00:00 AM,4,3,1
08/26/2016 03:00:00 AM,5,3,2
08/26/2016 04:00:00 AM,6,2,4
08/26/2016 05:00:00 AM,22,5,17
08/26/2016 06:00:00 AM,62,14,48
08/26/2016 07:00:00 AM,135,16,119
08/26/2016 08:00:00 AM,110,16,94
08/26/2016 09:00:00 AM,59,12,47
08/26/2016 10:00:00 AM,30,16,14
08/26/2016 11:00:00 AM,30,15,15
08/26/2016 12:00:00 PM,22,13,9
08/26/2016 01:00:00 PM,32,21,11
08/26/2016 02:00:00 PM,32,15,17
08/26/2016 03:00:00 PM,45,35,10
08/26/2016 04:00:00 PM,106,89,17
08/26/2016 05:00:00 PM,145,118,27
08/26/2016 06:00:00 PM,82,68,14
08/26/2016 07:00:00 PM,42,30,12
08/26/2016 08:00:00 PM,18,13,5
08/26/2016 09:00:00 PM,13,10,3
08/26/2016 10:00:00 PM,10,6,4
08/26/2016 11:00:00 PM,11,6,5
08/27/2016 12:00:00 AM,5,2,3
08/27/2016 01:00:00 AM,2,2,0
08/27/2016 02:00:00 AM,0,0,0
08/27/2016 03:00:00 AM,2,1,1
08/27/2016 04:00:00 AM,4,0,4
08/27/2016 05:00:00 AM,3,1,2
08/27/2016 06:00:00 AM,12,3,9
08/27/2016 07:00:00 AM,14,8,6
08/27/2016 08:00:00 AM,34,18,16
08/27/2016 09:00:00 AM,40,27,13
08/27/2016 10:00:00 AM,37,16,21
08/27/2016 11:00:00 AM,41,25,16
08/27/2016 12:00:00 PM,38,11,27
08/27/2016 01:00:00 PM,51,23,28
08/27/2016 02:00:00 PM,42,24,18
08/27/2016 03:00:00 PM,53,28,25
08/27/2016 04:00:00 PM,27,13,14
08/27/2016 05:00:00 PM,31,18,13
08/27/2016 06:00:00 PM,41,23,18
08/27/2016 07:00:00 PM,16,7,9
08/27/2016 08:00:00 PM,10,8,2
08/27/2016 09:00:00 PM,11,7,4
08/27/2016 10:00:00 PM,3,2,1
08/27/2016 11:00:00 PM,5,2,3
08/28/2016 12:00:00 AM,6,4,2
08/28/2016 01:00:00 AM,6,4,2
08/28/2016 02:00:00 AM,3,0,3
08/28/2016 03:00:00 AM,0,0,0
08/28/2016 04:00:00 AM,6,3,3
08/28/2016 05:00:00 AM,2,1,1
08/28/2016 06:00:00 AM,4,0,4
08/28/2016 07:00:00 AM,22,7,15
08/28/2016 08:00:00 AM,33,14,19
08/28/2016 09:00:00 AM,39,19,20
08/28/2016 10:00:00 AM,34,15,19
08/28/2016 11:00:00 AM,51,33,18
08/28/2016 12:00:00 PM,59,32,27
08/28/2016 01:00:00 PM,35,14,21
08/28/2016 02:00:00 PM,62,30,32
08/28/2016 03:00:00 PM,44,18,26
08/28/2016 04:00:00 PM,46,25,21
08/28/2016 05:00:00 PM,32,19,13
08/28/2016 06:00:00 PM,21,19,2
08/28/2016 07:00:00 PM,6,1,5
08/28/2016 08:00:00 PM,5,2,3
08/28/2016 09:00:00 PM,7,6,1
08/28/2016 10:00:00 PM,8,3,5
08/28/2016 11:00:00 PM,3,2,1
08/29/2016 12:00:00 AM,1,0,1
08/29/2016 01:00:00 AM,0,0,0
08/29/2016 02:00:00 AM,3,1,2
08/29/2016 03:00:00 AM,1,0,1
08/29/2016 04:00:00 AM,8,2,6
08/29/2016 05:00:00 AM,48,8,40
08/29/2016 06:00:00 AM,61,8,53
08/29/2016 07:00:00 AM,127,11,116
08/29/2016 08:00:00 AM,136,9,127
08/29/2016 09:00:00 AM,51,8,43
08/29/2016 10:00:00 AM,27,4,23
08/29/2016 11:00:00 AM,21,9,12
08/29/2016 12:00:00 PM,32,17,15
08/29/2016 01:00:00 PM,34,20,14
08/29/2016 02:00:00 PM,36,24,12
08/29/2016 03:00:00 PM,48,34,14
08/29/2016 04:00:00 PM,121,93,28
08/29/2016 05:00:00 PM,193,169,24
08/29/2016 06:00:00 PM,130,110,20
08/29/2016 07:00:00 PM,58,45,13
08/29/2016 08:00:00 PM,21,18,3
08/29/2016 09:00:00 PM,17,10,7
08/29/2016 10:00:00 PM,6,5,1
08/29/2016 11:00:00 PM,4,4,0
08/30/2016 12:00:00 AM,4,1,3
08/30/2016 01:00:00 AM,2,2,0
08/30/2016 02:00:00 AM,0,0,0
08/30/2016 03:00:00 AM,3,2,1
08/30/2016 04:00:00 AM,7,0,7
08/30/2016 05:00:00 AM,32,5,27
08/30/2016 06:00:00 AM,76,12,64
08/30/2016 07:00:00 AM,159,24,135
08/30/2016 08:00:00 AM,145,8,137
08/30/2016 09:00:00 AM,43,3,40
08/30/2016 10:00:00 AM,25,6,19
08/30/2016 11:00:00 AM,20,4,16
08/30/2016 12:00:00 PM,12,3,9
08/30/2016 01:00:00 PM,30,20,10
08/30/2016 02:00:00 PM,33,17,16
08/30/2016 03:00:00 PM,47,33,14
08/30/2016 04:00:00 PM,110,88,22
08/30/2016 05:00:00 PM,180,154,26
08/30/2016 06:00:00 PM,130,112,18
08/30/2016 07:00:00 PM,71,52,19
08/30/2016 08:00:00 PM,22,15,7
08/30/2016 09:00:00 PM,18,18,0
08/30/2016 10:00:00 PM,11,5,6
08/30/2016 11:00:00 PM,9,7,2
08/31/2016 12:00:00 AM,3,1,2
08/31/2016 01:00:00 AM,2,1,1
08/31/2016 02:00:00 AM,3,2,1
08/31/2016 03:00:00 AM,3,2,1
08/31/2016 04:00:00 AM,6,0,6
08/31/2016 05:00:00 AM,20,4,16
08/31/2016 06:00:00 AM,56,12,44
08/31/2016 07:00:00 AM,127,17,110
08/31/2016 08:00:00 AM,107,14,93
08/31/2016 09:00:00 AM,55,9,46
08/31/2016 10:00:00 AM,22,3,19
08/31/2016 11:00:00 AM,13,5,8
08/31/2016 12:00:00 PM,12,4,8
08/31/2016 01:00:00 PM,13,9,4
08/31/2016 02:00:00 PM,23,15,8
08/31/2016 03:00:00 PM,31,20,11
08/31/2016 04:00:00 PM,71,56,15
08/31/2016 05:00:00 PM,155,135,20
08/31/2016 06:00:00 PM,87,75,12
08/31/2016 07:00:00 PM,40,34,6
08/31/2016 08:00:00 PM,20,18,2
08/31/2016 09:00:00 PM,17,13,4
08/31/2016 10:00:00 PM,9,6,3
08/31/2016 11:00:00 PM,6,3,3
09/01/2016 12:00:00 AM,3,2,1
09/01/2016 01:00:00 AM,2,2,0
09/01/2016 02:00:00 AM,1,0,1
09/01/2016 03:00:00 AM,1,0,1
09/01/2016 04:00:00 AM,5,1,4
09/01/2016 05:00:00 AM,12,1,11
09/01/2016 06:00:00 AM,58,7,51
09/01/2016 07:00:00 AM,106,17,89
09/01/2016 08:00:00 AM,137,11,126
09/01/2016 09:00:00 AM,50,8,42
09/01/2016 10:00:00 AM,26,6,20
09/01/2016 11:00:00 AM,18,7,11
09/01/2016 12:00:00 PM,20,6,14
09/01/2016 01:00:00 PM,22,11,11
09/01/2016 02:00:00 PM,22,11,11
09/01/2016 03:00:00 PM,40,32,8
09/01/2016 04:00:00 PM,79,68,11
09/01/2016 05:00:00 PM,145,128,17
09/01/2016 06:00:00 PM,89,77,12
09/01/2016 07:00:00 PM,33,26,7
09/01/2016 08:00:00 PM,17,11,6
09/01/2016 09:00:00 PM,23,20,3
09/01/2016 10:00:00 PM,5,3,2
09/01/2016 11:00:00 PM,9,3,6
09/02/2016 12:00:00 AM,8,1,7
09/02/2016 01:00:00 AM,3,2,1
09/02/2016 02:00:00 AM,1,1,0
09/02/2016 03:00:00 AM,0,0,0
09/02/2016 04:00:00 AM,7,0,7
09/02/2016 05:00:00 AM,13,3,10
09/02/2016 06:00:00 AM,45,9,36
09/02/2016 07:00:00 AM,61,10,51
09/02/2016 08:00:00 AM,86,6,80
09/02/2016 09:00:00 AM,25,8,17
09/02/2016 10:00:00 AM,6,1,5
09/02/2016 11:00:00 AM,3,2,1
09/02/2016 12:00:00 PM,9,7,2
09/02/2016 01:00:00 PM,18,9,9
09/02/2016 02:00:00 PM,21,15,6
09/02/2016 03:00:00 PM,31,24,7
09/02/2016 04:00:00 PM,62,44,18
09/02/2016 05:00:00 PM,67,61,6
09/02/2016 06:00:00 PM,48,43,5
09/02/2016 07:00:00 PM,30,21,9
09/02/2016 08:00:00 PM,12,10,2
09/02/2016 09:00:00 PM,4,3,1
09/02/2016 10:00:00 PM,9,8,1
09/02/2016 11:00:00 PM,3,0,3
09/03/2016 12:00:00 AM,3,0,3
09/03/2016 01:00:00 AM,4,1,3
09/03/2016 02:00:00 AM,3,2,1
09/03/2016 03:00:00 AM,2,1,1
09/03/2016 04:00:00 AM,3,0,3
09/03/2016 05:00:00 AM,4,0,4
09/03/2016 06:00:00 AM,5,3,2
09/03/2016 07:00:00 AM,14,5,9
09/03/2016 08:00:00 AM,8,2,6
09/03/2016 09:00:00 AM,11,4,7
09/03/2016 10:00:00 AM,9,7,2
09/03/2016 11:00:00 AM,15,7,8
09/03/2016 12:00:00 PM,27,15,12
09/03/2016 01:00:00 PM,22,12,10
09/03/2016 02:00:00 PM,28,16,12
09/03/2016 03:00:00 PM,37,19,18
09/03/2016 04:00:00 PM,36,24,12
09/03/2016 05:00:00 PM,26,16,10
09/03/2016 06:00:00 PM,24,13,11
09/03/2016 07:00:00 PM,18,7,11
09/03/2016 08:00:00 PM,16,9,7
09/03/2016 09:00:00 PM,9,3,6
09/03/2016 10:00:00 PM,5,3,2
09/03/2016 11:00:00 PM,3,2,1
09/04/2016 12:00:00 AM,5,4,1
09/04/2016 01:00:00 AM,1,0,1
09/04/2016 02:00:00 AM,2,1,1
09/04/2016 03:00:00 AM,1,1,0
09/04/2016 04:00:00 AM,1,1,0
09/04/2016 05:00:00 AM,4,1,3
09/04/2016 06:00:00 AM,7,2,5
09/04/2016 07:00:00 AM,12,4,8
09/04/2016 08:00:00 AM,16,4,12
09/04/2016 09:00:00 AM,38,14,24
09/04/2016 10:00:00 AM,57,38,19
09/04/2016 11:00:00 AM,31,13,18
09/04/2016 12:00:00 PM,69,30,39
09/04/2016 01:00:00 PM,54,35,19
09/04/2016 02:00:00 PM,71,42,29
09/04/2016 03:00:00 PM,71,35,36
09/04/2016 04:00:00 PM,67,29,38
09/04/2016 05:00:00 PM,61,40,21
09/04/2016 06:00:00 PM,34,25,9
09/04/2016 07:00:00 PM,29,10,19
09/04/2016 08:00:00 PM,7,3,4
09/04/2016 09:00:00 PM,3,1,2
09/04/2016 10:00:00 PM,4,3,1
09/04/2016 11:00:00 PM,4,2,2
09/05/2016 12:00:00 AM,2,2,0
09/05/2016 01:00:00 AM,4,1,3
09/05/2016 02:00:00 AM,1,1,0
09/05/2016 03:00:00 AM,0,0,0
09/05/2016 04:00:00 AM,3,0,3
09/05/2016 05:00:00 AM,5,1,4
09/05/2016 06:00:00 AM,6,2,4
09/05/2016 07:00:00 AM,6,0,6
09/05/2016 08:00:00 AM,28,10,18
09/05/2016 09:00:00 AM,36,17,19
09/05/2016 10:00:00 AM,24,8,16
09/05/2016 11:00:00 AM,29,13,16
09/05/2016 12:00:00 PM,58,23,35
09/05/2016 01:00:00 PM,22,12,10
09/05/2016 02:00:00 PM,56,32,24
09/05/2016 03:00:00 PM,51,27,24
09/05/2016 04:00:00 PM,48,24,24
09/05/2016 05:00:00 PM,33,26,7
09/05/2016 06:00:00 PM,22,18,4
09/05/2016 07:00:00 PM,21,13,8
09/05/2016 08:00:00 PM,5,2,3
09/05/2016 09:00:00 PM,9,5,4
09/05/2016 10:00:00 PM,4,2,2
09/05/2016 11:00:00 PM,12,5,7
09/06/2016 12:00:00 AM,5,1,4
09/06/2016 01:00:00 AM,1,0,1
09/06/2016 02:00:00 AM,2,0,2
09/06/2016 03:00:00 AM,1,0,1
09/06/2016 04:00:00 AM,6,1,5
09/06/2016 05:00:00 AM,11,2,9
09/06/2016 06:00:00 AM,39,6,33
09/06/2016 07:00:00 AM,95,8,87
09/06/2016 08:00:00 AM,93,6,87
09/06/2016 09:00:00 AM,48,9,39
09/06/2016 10:00:00 AM,21,3,18
09/06/2016 11:00:00 AM,9,1,8
09/06/2016 12:00:00 PM,10,3,7
09/06/2016 01:00:00 PM,10,5,5
09/06/2016 02:00:00 PM,16,6,10
09/06/2016 03:00:00 PM,26,15,11
09/06/2016 04:00:00 PM,73,59,14
09/06/2016 05:00:00 PM,132,111,21
09/06/2016 06:00:00 PM,78,69,9
09/06/2016 07:00:00 PM,41,28,13
09/06/2016 08:00:00 PM,15,14,1
09/06/2016 09:00:00 PM,13,11,2
09/06/2016 10:00:00 PM,2,1,1
09/06/2016 11:00:00 PM,4,3,1
09/07/2016 12:00:00 AM,2,1,1
09/07/2016 01:00:00 AM,2,1,1
09/07/2016 02:00:00 AM,2,0,2
09/07/2016 03:00:00 AM,1,0,1
09/07/2016 04:00:00 AM,7,2,5
09/07/2016 05:00:00 AM,22,4,18
09/07/2016 06:00:00 AM,67,10,57
09/07/2016 07:00:00 AM,133,13,120
09/07/2016 08:00:00 AM,169,19,150
09/07/2016 09:00:00 AM,59,8,51
09/07/2016 10:00:00 AM,30,4,26
09/07/2016 11:00:00 AM,27,10,17
09/07/2016 12:00:00 PM,19,9,10
09/07/2016 01:00:00 PM,28,12,16
09/07/2016 02:00:00 PM,30,15,15
09/07/2016 03:00:00 PM,34,30,4
09/07/2016 04:00:00 PM,83,70,13
09/07/2016 05:00:00 PM,154,136,18
09/07/2016 06:00:00 PM,106,97,9
09/07/2016 07:00:00 PM,32,30,2
09/07/2016 08:00:00 PM,15,14,1
09/07/2016 09:00:00 PM,16,13,3
09/07/2016 10:00:00 PM,2,1,1
09/07/2016 11:00:00 PM,4,4,0
09/08/2016 12:00:00 AM,2,1,1
09/08/2016 01:00:00 AM,2,1,1
09/08/2016 02:00:00 AM,2,1,1
09/08/2016 03:00:00 AM,2,1,1
09/08/2016 04:00:00 AM,3,0,3
09/08/2016 05:00:00 AM,23,2,21
09/08/2016 06:00:00 AM,67,10,57
09/08/2016 07:00:00 AM,124,15,109
09/08/2016 08:00:00 AM,122,14,108
09/08/2016 09:00:00 AM,47,7,40
09/08/2016 10:00:00 AM,28,3,25
09/08/2016 11:00:00 AM,15,3,12
09/08/2016 12:00:00 PM,26,16,10
09/08/2016 01:00:00 PM,25,7,18
09/08/2016 02:00:00 PM,11,6,5
09/08/2016 03:00:00 PM,43,30,13
09/08/2016 04:00:00 PM,96,75,21
09/08/2016 05:00:00 PM,167,140,27
09/08/2016 06:00:00 PM,103,87,16
09/08/2016 07:00:00 PM,49,37,12
09/08/2016 08:00:00 PM,19,11,8
09/08/2016 09:00:00 PM,18,17,1
09/08/2016 10:00:00 PM,12,9,3
09/08/2016 11:00:00 PM,7,6,1
09/09/2016 12:00:00 AM,3,2,1
09/09/2016 01:00:00 AM,0,0,0
09/09/2016 02:00:00 AM,2,1,1
09/09/2016 03:00:00 AM,0,0,0
09/09/2016 04:00:00 AM,4,1,3
09/09/2016 05:00:00 AM,15,3,12
09/09/2016 06:00:00 AM,64,9,55
09/09/2016 07:00:00 AM,121,11,110
09/09/2016 08:00:00 AM,111,13,98
09/09/2016 09:00:00 AM,55,8,47
09/09/2016 10:00:00 AM,41,12,29
09/09/2016 11:00:00 AM,22,11,11
09/09/2016 12:00:00 PM,32,18,14
09/09/2016 01:00:00 PM,34,17,17
09/09/2016 02:00:00 PM,42,28,14
09/09/2016 03:00:00 PM,60,39,21
09/09/2016 04:00:00 PM,110,90,20
09/09/2016 05:00:00 PM,150,125,25
09/09/2016 06:00:00 PM,90,80,10
09/09/2016 07:00:00 PM,38,28,10
09/09/2016 08:00:00 PM,14,10,4
09/09/2016 09:00:00 PM,14,7,7
09/09/2016 10:00:00 PM,12,4,8
09/09/2016 11:00:00 PM,6,4,2
09/10/2016 12:00:00 AM,3,1,2
09/10/2016 01:00:00 AM,2,2,0
09/10/2016 02:00:00 AM,2,1,1
09/10/2016 03:00:00 AM,0,0,0
09/10/2016 04:00:00 AM,3,0,3
09/10/2016 05:00:00 AM,5,1,4
09/10/2016 06:00:00 AM,10,3,7
09/10/2016 07:00:00 AM,30,8,22
09/10/2016 08:00:00 AM,24,8,16
09/10/2016 09:00:00 AM,34,15,19
09/10/2016 10:00:00 AM,36,21,15
09/10/2016 11:00:00 AM,49,27,22
09/10/2016 12:00:00 PM,59,36,23
09/10/2016 01:00:00 PM,63,36,27
09/10/2016 02:00:00 PM,60,28,32
09/10/2016 03:00:00 PM,69,31,38
09/10/2016 04:00:00 PM,96,47,49
09/10/2016 05:00:00 PM,47,27,20
09/10/2016 06:00:00 PM,41,19,22
09/10/2016 07:00:00 PM,21,7,14
09/10/2016 08:00:00 PM,10,5,5
09/10/2016 09:00:00 PM,11,7,4
09/10/2016 10:00:00 PM,8,6,2
09/10/2016 11:00:00 PM,6,5,1
09/11/2016 12:00:00 AM,4,2,2
09/11/2016 01:00:00 AM,0,0,0
09/11/2016 02:00:00 AM,0,0,0
09/11/2016 03:00:00 AM,0,0,0
09/11/2016 04:00:00 AM,2,1,1
09/11/2016 05:00:00 AM,2,0,2
09/11/2016 06:00:00 AM,2,0,2
09/11/2016 07:00:00 AM,10,6,4
09/11/2016 08:00:00 AM,18,5,13
09/11/2016 09:00:00 AM,31,10,21
09/11/2016 10:00:00 AM,33,22,11
09/11/2016 11:00:00 AM,40,19,21
09/11/2016 12:00:00 PM,32,21,11
09/11/2016 01:00:00 PM,37,19,18
09/11/2016 02:00:00 PM,36,16,20
09/11/2016 03:00:00 PM,45,22,23
09/11/2016 04:00:00 PM,45,29,16
09/11/2016 05:00:00 PM,33,19,14
09/11/2016 06:00:00 PM,23,12,11
09/11/2016 07:00:00 PM,17,8,9
09/11/2016 08:00:00 PM,10,5,5
09/11/2016 09:00:00 PM,2,0,2
09/11/2016 10:00:00 PM,6,3,3
09/11/2016 11:00:00 PM,4,2,2
09/12/2016 12:00:00 AM,2,1,1
09/12/2016 01:00:00 AM,0,0,0
09/12/2016 02:00:00 AM,1,0,1
09/12/2016 03:00:00 AM,2,0,2
09/12/2016 04:00:00 AM,11,1,10
09/12/2016 05:00:00 AM,23,4,19
09/12/2016 06:00:00 AM,92,10,82
09/12/2016 07:00:00 AM,155,12,143
09/12/2016 08:00:00 AM,169,15,154
09/12/2016 09:00:00 AM,52,6,46
09/12/2016 10:00:00 AM,22,3,19
09/12/2016 11:00:00 AM,19,6,13
09/12/2016 12:00:00 PM,26,15,11
09/12/2016 01:00:00 PM,26,13,13
09/12/2016 02:00:00 PM,25,16,9
09/12/2016 03:00:00 PM,51,32,19
09/12/2016 04:00:00 PM,112,88,24
09/12/2016 05:00:00 PM,226,193,33
09/12/2016 06:00:00 PM,133,117,16
09/12/2016 07:00:00 PM,51,44,7
09/12/2016 08:00:00 PM,23,20,3
09/12/2016 09:00:00 PM,21,8,13
09/12/2016 10:00:00 PM,6,3,3
09/12/2016 11:00:00 PM,4,1,3
09/13/2016 12:00:00 AM,3,2,1
09/13/2016 01:00:00 AM,2,1,1
09/13/2016 02:00:00 AM,0,0,0
09/13/2016 03:00:00 AM,4,2,2
09/13/2016 04:00:00 AM,5,1,4
09/13/2016 05:00:00 AM,27,6,21
09/13/2016 06:00:00 AM,81,12,69
09/13/2016 07:00:00 AM,169,11,158
09/13/2016 08:00:00 AM,190,20,170
09/13/2016 09:00:00 AM,59,8,51
09/13/2016 10:00:00 AM,34,13,21
09/13/2016 11:00:00 AM,20,8,12
09/13/2016 12:00:00 PM,23,11,12
09/13/2016 01:00:00 PM,26,10,16
09/13/2016 02:00:00 PM,35,25,10
09/13/2016 03:00:00 PM,55,32,23
09/13/2016 04:00:00 PM,128,98,30
09/13/2016 05:00:00 PM,239,205,34
09/13/2016 06:00:00 PM,138,118,20
09/13/2016 07:00:00 PM,75,57,18
09/13/2016 08:00:00 PM,21,15,6
09/13/2016 09:00:00 PM,13,10,3
09/13/2016 10:00:00 PM,7,4,3
09/13/2016 11:00:00 PM,4,2,2
09/14/2016 12:00:00 AM,4,4,0
09/14/2016 01:00:00 AM,0,0,0
09/14/2016 02:00:00 AM,4,1,3
09/14/2016 03:00:00 AM,4,2,2
09/14/2016 04:00:00 AM,4,0,4
09/14/2016 05:00:00 AM,31,4,27
09/14/2016 06:00:00 AM,72,6,66
09/14/2016 07:00:00 AM,161,8,153
09/14/2016 08:00:00 AM,170,14,156
09/14/2016 09:00:00 AM,56,6,50
09/14/2016 10:00:00 AM,28,10,18
09/14/2016 11:00:00 AM,23,11,12
09/14/2016 12:00:00 PM,31,16,15
09/14/2016 01:00:00 PM,27,12,15
09/14/2016 02:00:00 PM,40,25,15
09/14/2016 03:00:00 PM,47,33,14
09/14/2016 04:00:00 PM,112,92,20
09/14/2016 05:00:00 PM,200,172,28
09/14/2016 06:00:00 PM,156,131,25
09/14/2016 07:00:00 PM,45,31,14
09/14/2016 08:00:00 PM,31,20,11
09/14/2016 09:00:00 PM,12,10,2
09/14/2016 10:00:00 PM,17,10,7
09/14/2016 11:00:00 PM,8,6,2
09/15/2016 12:00:00 AM,2,1,1
09/15/2016 01:00:00 AM,2,1,1
09/15/2016 02:00:00 AM,2,1,1
09/15/2016 03:00:00 AM,1,0,1
09/15/2016 04:00:00 AM,4,0,4
09/15/2016 05:00:00 AM,25,6,19
09/15/2016 06:00:00 AM,72,7,65
09/15/2016 07:00:00 AM,153,17,136
09/15/2016 08:00:00 AM,165,14,151
09/15/2016 09:00:00 AM,75,10,65
09/15/2016 10:00:00 AM,22,7,15
09/15/2016 11:00:00 AM,27,9,18
09/15/2016 12:00:00 PM,22,11,11
09/15/2016 01:00:00 PM,27,9,18
09/15/2016 02:00:00 PM,38,22,16
09/15/2016 03:00:00 PM,48,36,12
09/15/2016 04:00:00 PM,108,91,17
09/15/2016 05:00:00 PM,176,150,26
09/15/2016 06:00:00 PM,105,96,9
09/15/2016 07:00:00 PM,61,50,11
09/15/2016 08:00:00 PM,17,11,6
09/15/2016 09:00:00 PM,13,11,2
09/15/2016 10:00:00 PM,8,6,2
09/15/2016 11:00:00 PM,9,5,4
09/16/2016 12:00:00 AM,4,3,1
09/16/2016 01:00:00 AM,1,1,0
09/16/2016 02:00:00 AM,3,1,2
09/16/2016 03:00:00 AM,1,0,1
09/16/2016 04:00:00 AM,3,0,3
09/16/2016 05:00:00 AM,20,6,14
09/16/2016 06:00:00 AM,61,8,53
09/16/2016 07:00:00 AM,143,13,130
09/16/2016 08:00:00 AM,114,9,105
09/16/2016 09:00:00 AM,44,7,37
09/16/2016 10:00:00 AM,28,6,22
09/16/2016 11:00:00 AM,25,6,19
09/16/2016 12:00:00 PM,32,15,17
09/16/2016 01:00:00 PM,22,10,12
09/16/2016 02:00:00 PM,49,30,19
09/16/2016 03:00:00 PM,44,27,17
09/16/2016 04:00:00 PM,123,103,20
09/16/2016 05:00:00 PM,142,120,22
09/16/2016 06:00:00 PM,101,85,16
09/16/2016 07:00:00 PM,37,30,7
09/16/2016 08:00:00 PM,16,11,5
09/16/2016 09:00:00 PM,12,9,3
09/16/2016 10:00:00 PM,16,9,7
09/16/2016 11:00:00 PM,13,8,5
09/17/2016 12:00:00 AM,5,2,3
09/17/2016 01:00:00 AM,5,2,3
09/17/2016 02:00:00 AM,3,0,3
09/17/2016 03:00:00 AM,1,1,0
09/17/2016 04:00:00 AM,2,1,1
09/17/2016 05:00:00 AM,4,0,4
09/17/2016 06:00:00 AM,4,0,4
09/17/2016 07:00:00 AM,75,67,8
09/17/2016 08:00:00 AM,99,89,10
09/17/2016 09:00:00 AM,10,5,5
09/17/2016 10:00:00 AM,14,7,7
09/17/2016 11:00:00 AM,9,3,6
09/17/2016 12:00:00 PM,25,7,18
09/17/2016 01:00:00 PM,12,7,5
09/17/2016 02:00:00 PM,20,11,9
09/17/2016 03:00:00 PM,22,16,6
09/17/2016 04:00:00 PM,17,10,7
09/17/2016 05:00:00 PM,22,13,9
09/17/2016 06:00:00 PM,15,7,8
09/17/2016 07:00:00 PM,12,6,6
09/17/2016 08:00:00 PM,1,1,0
09/17/2016 09:00:00 PM,5,3,2
09/17/2016 10:00:00 PM,1,1,0
09/17/2016 11:00:00 PM,3,2,1
09/18/2016 12:00:00 AM,4,2,2
09/18/2016 01:00:00 AM,3,2,1
09/18/2016 02:00:00 AM,2,1,1
09/18/2016 03:00:00 AM,4,3,1
09/18/2016 04:00:00 AM,1,0,1
09/18/2016 05:00:00 AM,4,0,4
09/18/2016 06:00:00 AM,3,1,2
09/18/2016 07:00:00 AM,7,1,6
09/18/2016 08:00:00 AM,24,9,15
09/18/2016 09:00:00 AM,33,20,13
09/18/2016 10:00:00 AM,34,19,15
09/18/2016 11:00:00 AM,44,21,23
09/18/2016 12:00:00 PM,49,22,27
09/18/2016 01:00:00 PM,35,12,23
09/18/2016 02:00:00 PM,61,37,24
09/18/2016 03:00:00 PM,55,27,28
09/18/2016 04:00:00 PM,37,22,15
09/18/2016 05:00:00 PM,29,17,12
09/18/2016 06:00:00 PM,11,7,4
09/18/2016 07:00:00 PM,19,9,10
09/18/2016 08:00:00 PM,9,5,4
09/18/2016 09:00:00 PM,9,6,3
09/18/2016 10:00:00 PM,3,3,0
09/18/2016 11:00:00 PM,2,0,2
09/19/2016 12:00:00 AM,1,0,1
09/19/2016 01:00:00 AM,6,4,2
09/19/2016 02:00:00 AM,0,0,0
09/19/2016 03:00:00 AM,2,0,2
09/19/2016 04:00:00 AM,4,1,3
09/19/2016 05:00:00 AM,19,1,18
09/19/2016 06:00:00 AM,49,8,41
09/19/2016 07:00:00 AM,105,7,98
09/19/2016 08:00:00 AM,109,7,102
09/19/2016 09:00:00 AM,60,9,51
09/19/2016 10:00:00 AM,18,2,16
09/19/2016 11:00:00 AM,14,5,9
09/19/2016 12:00:00 PM,18,5,13
09/19/2016 01:00:00 PM,16,8,8
09/19/2016 02:00:00 PM,16,12,4
09/19/2016 03:00:00 PM,34,27,7
09/19/2016 04:00:00 PM,76,65,11
09/19/2016 05:00:00 PM,117,109,8
09/19/2016 06:00:00 PM,98,80,18
09/19/2016 07:00:00 PM,41,28,13
09/19/2016 08:00:00 PM,16,11,5
09/19/2016 09:00:00 PM,17,14,3
09/19/2016 10:00:00 PM,10,6,4
09/19/2016 11:00:00 PM,7,5,2
09/20/2016 12:00:00 AM,2,1,1
09/20/2016 01:00:00 AM,1,1,0
09/20/2016 02:00:00 AM,0,0,0
09/20/2016 03:00:00 AM,4,3,1
09/20/2016 04:00:00 AM,10,0,10
09/20/2016 05:00:00 AM,26,3,23
09/20/2016 06:00:00 AM,66,8,58
09/20/2016 07:00:00 AM,164,12,152
09/20/2016 08:00:00 AM,162,13,149
09/20/2016 09:00:00 AM,55,4,51
09/20/2016 10:00:00 AM,22,5,17
09/20/2016 11:00:00 AM,23,9,14
09/20/2016 12:00:00 PM,19,9,10
09/20/2016 01:00:00 PM,26,14,12
09/20/2016 02:00:00 PM,27,13,14
09/20/2016 03:00:00 PM,48,36,12
09/20/2016 04:00:00 PM,97,82,15
09/20/2016 05:00:00 PM,188,168,20
09/20/2016 06:00:00 PM,125,99,26
09/20/2016 07:00:00 PM,53,40,13
09/20/2016 08:00:00 PM,22,17,5
09/20/2016 09:00:00 PM,8,6,2
09/20/2016 10:00:00 PM,10,6,4
09/20/2016 11:00:00 PM,3,3,0
09/21/2016 12:00:00 AM,0,0,0
09/21/2016 01:00:00 AM,1,1,0
09/21/2016 02:00:00 AM,2,0,2
09/21/2016 03:00:00 AM,4,2,2
09/21/2016 04:00:00 AM,6,0,6
09/21/2016 05:00:00 AM,25,3,22
09/21/2016 06:00:00 AM,78,12,66
09/21/2016 07:00:00 AM,157,8,149
09/21/2016 08:00:00 AM,173,22,151
09/21/2016 09:00:00 AM,73,11,62
09/21/2016 10:00:00 AM,24,6,18
09/21/2016 11:00:00 AM,36,16,20
09/21/2016 12:00:00 PM,27,16,11
09/21/2016 01:00:00 PM,28,10,18
09/21/2016 02:00:00 PM,45,21,24
09/21/2016 03:00:00 PM,51,34,17
09/21/2016 04:00:00 PM,121,105,16
09/21/2016 05:00:00 PM,187,154,33
09/21/2016 06:00:00 PM,139,111,28
09/21/2016 07:00:00 PM,45,38,7
09/21/2016 08:00:00 PM,26,16,10
09/21/2016 09:00:00 PM,16,16,0
09/21/2016 10:00:00 PM,13,10,3
09/21/2016 11:00:00 PM,6,3,3
09/22/2016 12:00:00 AM,5,5,0
09/22/2016 01:00:00 AM,5,2,3
09/22/2016 02:00:00 AM,2,1,1
09/22/2016 03:00:00 AM,4,2,2
09/22/2016 04:00:00 AM,8,0,8
09/22/2016 05:00:00 AM,22,7,15
09/22/2016 06:00:00 AM,76,15,61
09/22/2016 07:00:00 AM,150,9,141
09/22/2016 08:00:00 AM,162,13,149
09/22/2016 09:00:00 AM,55,6,49
09/22/2016 10:00:00 AM,35,12,23
09/22/2016 11:00:00 AM,17,8,9
09/22/2016 12:00:00 PM,30,18,12
09/22/2016 01:00:00 PM,19,4,15
09/22/2016 02:00:00 PM,34,18,16
09/22/2016 03:00:00 PM,52,39,13
09/22/2016 04:00:00 PM,105,83,22
09/22/2016 05:00:00 PM,178,157,21
09/22/2016 06:00:00 PM,137,114,23
09/22/2016 07:00:00 PM,42,32,10
09/22/2016 08:00:00 PM,18,13,5
09/22/2016 09:00:00 PM,16,12,4
09/22/2016 10:00:00 PM,7,4,3
09/22/2016 11:00:00 PM,1,1,0
09/23/2016 12:00:00 AM,2,1,1
09/23/2016 01:00:00 AM,3,2,1
09/23/2016 02:00:00 AM,1,0,1
09/23/2016 03:00:00 AM,2,1,1
09/23/2016 04:00:00 AM,3,0,3
09/23/2016 05:00:00 AM,14,2,12
09/23/2016 06:00:00 AM,49,10,39
09/23/2016 07:00:00 AM,95,12,83
09/23/2016 08:00:00 AM,106,3,103
09/23/2016 09:00:00 AM,42,4,38
09/23/2016 10:00:00 AM,24,5,19
09/23/2016 11:00:00 AM,5,3,2
09/23/2016 12:00:00 PM,11,7,4
09/23/2016 01:00:00 PM,16,7,9
09/23/2016 02:00:00 PM,26,16,10
09/23/2016 03:00:00 PM,36,26,10
09/23/2016 04:00:00 PM,71,59,12
09/23/2016 05:00:00 PM,95,86,9
09/23/2016 06:00:00 PM,68,61,7
09/23/2016 07:00:00 PM,25,19,6
09/23/2016 08:00:00 PM,10,9,1
09/23/2016 09:00:00 PM,5,4,1
09/23/2016 10:00:00 PM,8,6,2
09/23/2016 11:00:00 PM,9,8,1
09/24/2016 12:00:00 AM,0,0,0
09/24/2016 01:00:00 AM,2,1,1
09/24/2016 02:00:00 AM,2,1,1
09/24/2016 03:00:00 AM,3,2,1
09/24/2016 04:00:00 AM,2,1,1
09/24/2016 05:00:00 AM,7,1,6
09/24/2016 06:00:00 AM,7,2,5
09/24/2016 07:00:00 AM,10,2,8
09/24/2016 08:00:00 AM,23,10,13
09/24/2016 09:00:00 AM,20,8,12
09/24/2016 10:00:00 AM,24,13,11
09/24/2016 11:00:00 AM,30,15,15
09/24/2016 12:00:00 PM,40,21,19
09/24/2016 01:00:00 PM,45,25,20
09/24/2016 02:00:00 PM,34,21,13
09/24/2016 03:00:00 PM,49,26,23
09/24/2016 04:00:00 PM,38,19,19
09/24/2016 05:00:00 PM,25,17,8
09/24/2016 06:00:00 PM,18,11,7
09/24/2016 07:00:00 PM,25,10,15
09/24/2016 08:00:00 PM,3,3,0
09/24/2016 09:00:00 PM,11,6,5
09/24/2016 10:00:00 PM,6,5,1
09/24/2016 11:00:00 PM,3,0,3
09/25/2016 12:00:00 AM,6,3,3
09/25/2016 01:00:00 AM,8,6,2
09/25/2016 02:00:00 AM,0,0,0
09/25/2016 03:00:00 AM,2,0,2
09/25/2016 04:00:00 AM,1,1,0
09/25/2016 05:00:00 AM,6,1,5
09/25/2016 06:00:00 AM,3,0,3
09/25/2016 07:00:00 AM,13,6,7
09/25/2016 08:00:00 AM,22,11,11
09/25/2016 09:00:00 AM,39,17,22
09/25/2016 10:00:00 AM,48,28,20
09/25/2016 11:00:00 AM,63,26,37
09/25/2016 12:00:00 PM,51,23,28
09/25/2016 01:00:00 PM,68,35,33
09/25/2016 02:00:00 PM,51,25,26
09/25/2016 03:00:00 PM,52,23,29
09/25/2016 04:00:00 PM,50,27,23
09/25/2016 05:00:00 PM,52,37,15
09/25/2016 06:00:00 PM,29,14,15
09/25/2016 07:00:00 PM,6,4,2
09/25/2016 08:00:00 PM,7,3,4
09/25/2016 09:00:00 PM,10,5,5
09/25/2016 10:00:00 PM,4,3,1
09/25/2016 11:00:00 PM,2,1,1
09/26/2016 12:00:00 AM,4,1,3
09/26/2016 01:00:00 AM,2,0,2
09/26/2016 02:00:00 AM,4,1,3
09/26/2016 03:00:00 AM,3,1,2
09/26/2016 04:00:00 AM,5,1,4
09/26/2016 05:00:00 AM,24,2,22
09/26/2016 06:00:00 AM,78,11,67
09/26/2016 07:00:00 AM,167,15,152
09/26/2016 08:00:00 AM,146,15,131
09/26/2016 09:00:00 AM,71,12,59
09/26/2016 10:00:00 AM,28,6,22
09/26/2016 11:00:00 AM,20,7,13
09/26/2016 12:00:00 PM,33,23,10
09/26/2016 01:00:00 PM,35,16,19
09/26/2016 02:00:00 PM,37,22,15
09/26/2016 03:00:00 PM,51,34,17
09/26/2016 04:00:00 PM,124,101,23
09/26/2016 05:00:00 PM,227,204,23
09/26/2016 06:00:00 PM,89,82,7
09/26/2016 07:00:00 PM,36,26,10
09/26/2016 08:00:00 PM,18,11,7
09/26/2016 09:00:00 PM,6,5,1
09/26/2016 10:00:00 PM,5,4,1
09/26/2016 11:00:00 PM,6,3,3
09/27/2016 12:00:00 AM,3,2,1
09/27/2016 01:00:00 AM,3,2,1
09/27/2016 02:00:00 AM,0,0,0
09/27/2016 03:00:00 AM,1,0,1
09/27/2016 04:00:00 AM,9,0,9
09/27/2016 05:00:00 AM,24,5,19
09/27/2016 06:00:00 AM,73,17,56
09/27/2016 07:00:00 AM,132,9,123
09/27/2016 08:00:00 AM,146,9,137
09/27/2016 09:00:00 AM,79,7,72
09/27/2016 10:00:00 AM,24,9,15
09/27/2016 11:00:00 AM,19,11,8
09/27/2016 12:00:00 PM,27,12,15
09/27/2016 01:00:00 PM,23,10,13
09/27/2016 02:00:00 PM,23,17,6
09/27/2016 03:00:00 PM,61,43,18
09/27/2016 04:00:00 PM,108,89,19
09/27/2016 05:00:00 PM,186,156,30
09/27/2016 06:00:00 PM,157,129,28
09/27/2016 07:00:00 PM,43,32,11
09/27/2016 08:00:00 PM,20,12,8
09/27/2016 09:00:00 PM,9,9,0
09/27/2016 10:00:00 PM,8,6,2
09/27/2016 11:00:00 PM,7,5,2
09/28/2016 12:00:00 AM,3,3,0
09/28/2016 01:00:00 AM,2,1,1
09/28/2016 02:00:00 AM,0,0,0
09/28/2016 03:00:00 AM,0,0,0
09/28/2016 04:00:00 AM,3,1,2
09/28/2016 05:00:00 AM,24,4,20
09/28/2016 06:00:00 AM,91,18,73
09/28/2016 07:00:00 AM,169,18,151
09/28/2016 08:00:00 AM,151,10,141
09/28/2016 09:00:00 AM,53,8,45
09/28/2016 10:00:00 AM,28,8,20
09/28/2016 11:00:00 AM,28,9,19
09/28/2016 12:00:00 PM,30,14,16
09/28/2016 01:00:00 PM,21,11,10
09/28/2016 02:00:00 PM,23,14,9
09/28/2016 03:00:00 PM,61,44,17
09/28/2016 04:00:00 PM,111,92,19
09/28/2016 05:00:00 PM,176,153,23
09/28/2016 06:00:00 PM,124,101,23
09/28/2016 07:00:00 PM,58,49,9
09/28/2016 08:00:00 PM,34,23,11
09/28/2016 09:00:00 PM,23,17,6
09/28/2016 10:00:00 PM,10,7,3
09/28/2016 11:00:00 PM,4,4,0
09/29/2016 12:00:00 AM,3,2,1
09/29/2016 01:00:00 AM,2,0,2
09/29/2016 02:00:00 AM,1,0,1
09/29/2016 03:00:00 AM,1,1,0
09/29/2016 04:00:00 AM,9,0,9
09/29/2016 05:00:00 AM,21,4,17
09/29/2016 06:00:00 AM,70,6,64
09/29/2016 07:00:00 AM,136,12,124
09/29/2016 08:00:00 AM,142,11,131
09/29/2016 09:00:00 AM,60,5,55
09/29/2016 10:00:00 AM,29,9,20
09/29/2016 11:00:00 AM,17,7,10
09/29/2016 12:00:00 PM,28,12,16
09/29/2016 01:00:00 PM,30,18,12
09/29/2016 02:00:00 PM,41,22,19
09/29/2016 03:00:00 PM,65,34,31
09/29/2016 04:00:00 PM,91,76,15
09/29/2016 05:00:00 PM,172,151,21
09/29/2016 06:00:00 PM,96,82,14
09/29/2016 07:00:00 PM,43,39,4
09/29/2016 08:00:00 PM,22,18,4
09/29/2016 09:00:00 PM,18,11,7
09/29/2016 10:00:00 PM,16,10,6
09/29/2016 11:00:00 PM,9,6,3
09/30/2016 12:00:00 AM,8,8,0
09/30/2016 01:00:00 AM,3,0,3
09/30/2016 02:00:00 AM,4,2,2
09/30/2016 03:00:00 AM,1,0,1
09/30/2016 04:00:00 AM,4,0,4
09/30/2016 05:00:00 AM,9,2,7
09/30/2016 06:00:00 AM,49,7,42
09/30/2016 07:00:00 AM,108,10,98
09/30/2016 08:00:00 AM,132,7,125
09/30/2016 09:00:00 AM,49,5,44
09/30/2016 10:00:00 AM,13,4,9
09/30/2016 11:00:00 AM,31,18,13
09/30/2016 12:00:00 PM,22,11,11
09/30/2016 01:00:00 PM,31,16,15
09/30/2016 02:00:00 PM,39,23,16
09/30/2016 03:00:00 PM,52,34,18
09/30/2016 04:00:00 PM,116,90,26
09/30/2016 05:00:00 PM,139,116,23
09/30/2016 06:00:00 PM,67,58,9
09/30/2016 07:00:00 PM,30,21,9
09/30/2016 08:00:00 PM,12,11,1
09/30/2016 09:00:00 PM,15,11,4
09/30/2016 10:00:00 PM,7,6,1
09/30/2016 11:00:00 PM,3,2,1
10/01/2016 12:00:00 AM,3,3,0
10/01/2016 01:00:00 AM,3,3,0
10/01/2016 02:00:00 AM,1,1,0
10/01/2016 03:00:00 AM,0,0,0
10/01/2016 04:00:00 AM,1,0,1
10/01/2016 05:00:00 AM,6,1,5
10/01/2016 06:00:00 AM,4,0,4
10/01/2016 07:00:00 AM,15,6,9
10/01/2016 08:00:00 AM,17,7,10
10/01/2016 09:00:00 AM,22,11,11
10/01/2016 10:00:00 AM,25,7,18
10/01/2016 11:00:00 AM,36,17,19
10/01/2016 12:00:00 PM,26,15,11
10/01/2016 01:00:00 PM,11,4,7
10/01/2016 02:00:00 PM,17,9,8
10/01/2016 03:00:00 PM,18,11,7
10/01/2016 04:00:00 PM,21,11,10
10/01/2016 05:00:00 PM,16,9,7
10/01/2016 06:00:00 PM,10,5,5
10/01/2016 07:00:00 PM,4,4,0
10/01/2016 08:00:00 PM,5,3,2
10/01/2016 09:00:00 PM,4,2,2
10/01/2016 10:00:00 PM,2,2,0
10/01/2016 11:00:00 PM,3,3,0
10/02/2016 12:00:00 AM,0,0,0
10/02/2016 01:00:00 AM,5,3,2
10/02/2016 02:00:00 AM,3,3,0
10/02/2016 03:00:00 AM,1,0,1
10/02/2016 04:00:00 AM,0,0,0
10/02/2016 05:00:00 AM,4,0,4
10/02/2016 06:00:00 AM,4,2,2
10/02/2016 07:00:00 AM,5,1,4
10/02/2016 08:00:00 AM,9,3,6
10/02/2016 09:00:00 AM,29,11,18
10/02/2016 10:00:00 AM,24,12,12
10/02/2016 11:00:00 AM,42,21,21
10/02/2016 12:00:00 PM,39,20,19
10/02/2016 01:00:00 PM,37,14,23
10/02/2016 02:00:00 PM,53,26,27
10/02/2016 03:00:00 PM,54,31,23
10/02/2016 04:00:00 PM,32,17,15
10/02/2016 05:00:00 PM,66,33,33
10/02/2016 06:00:00 PM,19,8,11
10/02/2016 07:00:00 PM,7,3,4
10/02/2016 08:00:00 PM,10,9,1
10/02/2016 09:00:00 PM,1,1,0
10/02/2016 10:00:00 PM,3,3,0
10/02/2016 11:00:00 PM,3,0,3
10/03/2016 12:00:00 AM,6,5,1
10/03/2016 01:00:00 AM,3,1,2
10/03/2016 02:00:00 AM,4,2,2
10/03/2016 03:00:00 AM,0,0,0
10/03/2016 04:00:00 AM,8,0,8
10/03/2016 05:00:00 AM,12,2,10
10/03/2016 06:00:00 AM,75,11,64
10/03/2016 07:00:00 AM,158,14,144
10/03/2016 08:00:00 AM,133,9,124
10/03/2016 09:00:00 AM,61,8,53
10/03/2016 10:00:00 AM,31,6,25
10/03/2016 11:00:00 AM,21,9,12
10/03/2016 12:00:00 PM,24,12,12
10/03/2016 01:00:00 PM,18,10,8
10/03/2016 02:00:00 PM,24,13,11
10/03/2016 03:00:00 PM,30,26,4
10/03/2016 04:00:00 PM,91,79,12
10/03/2016 05:00:00 PM,183,161,22
10/03/2016 06:00:00 PM,87,75,12
10/03/2016 07:00:00 PM,39,31,8
10/03/2016 08:00:00 PM,12,9,3
10/03/2016 09:00:00 PM,13,10,3
10/03/2016 10:00:00 PM,7,6,1
10/03/2016 11:00:00 PM,1,1,0
10/04/2016 12:00:00 AM,4,2,2
10/04/2016 01:00:00 AM,3,2,1
10/04/2016 02:00:00 AM,2,2,0
10/04/2016 03:00:00 AM,2,1,1
10/04/2016 04:00:00 AM,4,1,3
10/04/2016 05:00:00 AM,12,4,8
10/04/2016 06:00:00 AM,37,6,31
10/04/2016 07:00:00 AM,122,11,111
10/04/2016 08:00:00 AM,105,9,96
10/04/2016 09:00:00 AM,42,3,39
10/04/2016 10:00:00 AM,19,4,15
10/04/2016 11:00:00 AM,10,4,6
10/04/2016 12:00:00 PM,9,7,2
10/04/2016 01:00:00 PM,12,4,8
10/04/2016 02:00:00 PM,8,6,2
10/04/2016 03:00:00 PM,32,24,8
10/04/2016 04:00:00 PM,66,54,12
10/04/2016 05:00:00 PM,143,126,17
10/04/2016 06:00:00 PM,76,69,7
10/04/2016 07:00:00 PM,31,27,4
10/04/2016 08:00:00 PM,14,13,1
10/04/2016 09:00:00 PM,12,11,1
10/04/2016 10:00:00 PM,1,1,0
10/04/2016 11:00:00 PM,6,3,3
10/05/2016 12:00:00 AM,1,0,1
10/05/2016 01:00:00 AM,1,1,0
10/05/2016 02:00:00 AM,3,1,2
10/05/2016 03:00:00 AM,3,1,2
10/05/2016 04:00:00 AM,2,0,2
10/05/2016 05:00:00 AM,16,3,13
10/05/2016 06:00:00 AM,59,7,52
10/05/2016 07:00:00 AM,119,8,111
10/05/2016 08:00:00 AM,120,12,108
10/05/2016 09:00:00 AM,42,4,38
10/05/2016 10:00:00 AM,19,6,13
10/05/2016 11:00:00 AM,9,3,6
10/05/2016 12:00:00 PM,18,8,10
10/05/2016 01:00:00 PM,15,4,11
10/05/2016 02:00:00 PM,17,7,10
10/05/2016 03:00:00 PM,40,33,7
10/05/2016 04:00:00 PM,68,51,17
10/05/2016 05:00:00 PM,163,145,18
10/05/2016 06:00:00 PM,83,69,14
10/05/2016 07:00:00 PM,28,22,6
10/05/2016 08:00:00 PM,16,12,4
10/05/2016 09:00:00 PM,16,14,2
10/05/2016 10:00:00 PM,7,5,2
10/05/2016 11:00:00 PM,3,2,1
10/06/2016 12:00:00 AM,5,4,1
10/06/2016 01:00:00 AM,1,0,1
10/06/2016 02:00:00 AM,1,0,1
10/06/2016 03:00:00 AM,3,1,2
10/06/2016 04:00:00 AM,6,1,5
10/06/2016 05:00:00 AM,16,3,13
10/06/2016 06:00:00 AM,54,7,47
10/06/2016 07:00:00 AM,135,15,120
10/06/2016 08:00:00 AM,105,4,101
10/06/2016 09:00:00 AM,50,4,46
10/06/2016 10:00:00 AM,18,6,12
10/06/2016 11:00:00 AM,20,3,17
10/06/2016 12:00:00 PM,15,7,8
10/06/2016 01:00:00 PM,17,7,10
10/06/2016 02:00:00 PM,19,8,11
10/06/2016 03:00:00 PM,34,29,5
10/06/2016 04:00:00 PM,89,75,14
10/06/2016 05:00:00 PM,144,121,23
10/06/2016 06:00:00 PM,60,56,4
10/06/2016 07:00:00 PM,24,22,2
10/06/2016 08:00:00 PM,12,9,3
10/06/2016 09:00:00 PM,9,7,2
10/06/2016 10:00:00 PM,4,3,1
10/06/2016 11:00:00 PM,1,1,0
10/07/2016 12:00:00 AM,2,2,0
10/07/2016 01:00:00 AM,0,0,0
10/07/2016 02:00:00 AM,1,0,1
10/07/2016 03:00:00 AM,1,0,1
10/07/2016 04:00:00 AM,0,0,0
10/07/2016 05:00:00 AM,8,1,7
10/07/2016 06:00:00 AM,37,5,32
10/07/2016 07:00:00 AM,83,11,72
10/07/2016 08:00:00 AM,85,6,79
10/07/2016 09:00:00 AM,34,7,27
10/07/2016 10:00:00 AM,14,3,11
10/07/2016 11:00:00 AM,12,4,8
10/07/2016 12:00:00 PM,14,6,8
10/07/2016 01:00:00 PM,12,7,5
10/07/2016 02:00:00 PM,20,10,10
10/07/2016 03:00:00 PM,27,16,11
10/07/2016 04:00:00 PM,68,53,15
10/07/2016 05:00:00 PM,95,82,13
10/07/2016 06:00:00 PM,60,52,8
10/07/2016 07:00:00 PM,35,27,8
10/07/2016 08:00:00 PM,12,10,2
10/07/2016 09:00:00 PM,5,3,2
10/07/2016 10:00:00 PM,3,2,1
10/07/2016 11:00:00 PM,7,2,5
10/08/2016 12:00:00 AM,1,1,0
10/08/2016 01:00:00 AM,0,0,0
10/08/2016 02:00:00 AM,4,3,1
10/08/2016 03:00:00 AM,5,5,0
10/08/2016 04:00:00 AM,3,1,2
10/08/2016 05:00:00 AM,4,1,3
10/08/2016 06:00:00 AM,5,0,5
10/08/2016 07:00:00 AM,6,2,4
10/08/2016 08:00:00 AM,5,1,4
10/08/2016 09:00:00 AM,8,3,5
10/08/2016 10:00:00 AM,14,8,6
10/08/2016 11:00:00 AM,16,6,10
10/08/2016 12:00:00 PM,24,13,11
10/08/2016 01:00:00 PM,11,6,5
10/08/2016 02:00:00 PM,9,6,3
10/08/2016 03:00:00 PM,15,9,6
10/08/2016 04:00:00 PM,8,7,1
10/08/2016 05:00:00 PM,7,6,1
10/08/2016 06:00:00 PM,6,3,3
10/08/2016 07:00:00 PM,0,0,0
10/08/2016 08:00:00 PM,1,1,0
10/08/2016 09:00:00 PM,10,9,1
10/08/2016 10:00:00 PM,5,4,1
10/08/2016 11:00:00 PM,2,2,0
10/09/2016 12:00:00 AM,1,1,0
10/09/2016 01:00:00 AM,3,1,2
10/09/2016 02:00:00 AM,2,1,1
10/09/2016 03:00:00 AM,2,1,1
10/09/2016 04:00:00 AM,1,1,0
10/09/2016 05:00:00 AM,2,0,2
10/09/2016 06:00:00 AM,2,2,0
10/09/2016 07:00:00 AM,6,3,3
10/09/2016 08:00:00 AM,20,6,14
10/09/2016 09:00:00 AM,18,10,8
10/09/2016 10:00:00 AM,29,18,11
10/09/2016 11:00:00 AM,28,13,15
10/09/2016 12:00:00 PM,26,9,17
10/09/2016 01:00:00 PM,18,12,6
10/09/2016 02:00:00 PM,32,16,16
10/09/2016 03:00:00 PM,27,13,14
10/09/2016 04:00:00 PM,20,13,7
10/09/2016 05:00:00 PM,20,14,6
10/09/2016 06:00:00 PM,1,1,0
10/09/2016 07:00:00 PM,0,0,0
10/09/2016 08:00:00 PM,1,0,1
10/09/2016 09:00:00 PM,6,3,3
10/09/2016 10:00:00 PM,2,1,1
10/09/2016 11:00:00 PM,1,1,0
10/10/2016 12:00:00 AM,0,0,0
10/10/2016 01:00:00 AM,0,0,0
10/10/2016 02:00:00 AM,3,2,1
10/10/2016 03:00:00 AM,1,1,0
10/10/2016 04:00:00 AM,6,1,5
10/10/2016 05:00:00 AM,12,1,11
10/10/2016 06:00:00 AM,52,8,44
10/10/2016 07:00:00 AM,118,4,114
10/10/2016 08:00:00 AM,133,7,126
10/10/2016 09:00:00 AM,41,1,40
10/10/2016 10:00:00 AM,19,9,10
10/10/2016 11:00:00 AM,18,6,12
10/10/2016 12:00:00 PM,19,11,8
10/10/2016 01:00:00 PM,25,7,18
10/10/2016 02:00:00 PM,17,11,6
10/10/2016 03:00:00 PM,48,36,12
10/10/2016 04:00:00 PM,89,77,12
10/10/2016 05:00:00 PM,145,132,13
10/10/2016 06:00:00 PM,83,74,9
10/10/2016 07:00:00 PM,36,33,3
10/10/2016 08:00:00 PM,13,9,4
10/10/2016 09:00:00 PM,8,7,1
10/10/2016 10:00:00 PM,4,4,0
10/10/2016 11:00:00 PM,1,1,0
10/11/2016 12:00:00 AM,4,3,1
10/11/2016 01:00:00 AM,0,0,0
10/11/2016 02:00:00 AM,0,0,0
10/11/2016 03:00:00 AM,2,0,2
10/11/2016 04:00:00 AM,9,1,8
10/11/2016 05:00:00 AM,24,4,20
10/11/2016 06:00:00 AM,72,5,67
10/11/2016 07:00:00 AM,151,14,137
10/11/2016 08:00:00 AM,155,10,145
10/11/2016 09:00:00 AM,65,5,60
10/11/2016 10:00:00 AM,21,6,15
10/11/2016 11:00:00 AM,24,7,17
10/11/2016 12:00:00 PM,26,9,17
10/11/2016 01:00:00 PM,19,10,9
10/11/2016 02:00:00 PM,30,19,11
10/11/2016 03:00:00 PM,50,42,8
10/11/2016 04:00:00 PM,132,101,31
10/11/2016 05:00:00 PM,182,161,21
10/11/2016 06:00:00 PM,123,106,17
10/11/2016 07:00:00 PM,32,28,4
10/11/2016 08:00:00 PM,14,13,1
10/11/2016 09:00:00 PM,15,12,3
10/11/2016 10:00:00 PM,3,3,0
10/11/2016 11:00:00 PM,3,1,2
10/12/2016 12:00:00 AM,3,1,2
10/12/2016 01:00:00 AM,3,1,2
10/12/2016 02:00:00 AM,2,1,1
10/12/2016 03:00:00 AM,2,0,2
10/12/2016 04:00:00 AM,5,1,4
10/12/2016 05:00:00 AM,18,2,16
10/12/2016 06:00:00 AM,66,6,60
10/12/2016 07:00:00 AM,138,11,127
10/12/2016 08:00:00 AM,138,10,128
10/12/2016 09:00:00 AM,54,4,50
10/12/2016 10:00:00 AM,22,2,20
10/12/2016 11:00:00 AM,22,3,19
10/12/2016 12:00:00 PM,22,15,7
10/12/2016 01:00:00 PM,30,15,15
10/12/2016 02:00:00 PM,31,16,15
10/12/2016 03:00:00 PM,49,37,12
10/12/2016 04:00:00 PM,102,74,28
10/12/2016 05:00:00 PM,164,148,16
10/12/2016 06:00:00 PM,92,81,11
10/12/2016 07:00:00 PM,22,17,5
10/12/2016 08:00:00 PM,19,14,5
10/12/2016 09:00:00 PM,10,8,2
10/12/2016 10:00:00 PM,10,5,5
10/12/2016 11:00:00 PM,7,5,2
10/13/2016 12:00:00 AM,2,2,0
10/13/2016 01:00:00 AM,2,1,1
10/13/2016 02:00:00 AM,1,1,0
10/13/2016 03:00:00 AM,4,1,3
10/13/2016 04:00:00 AM,0,0,0
10/13/2016 05:00:00 AM,7,1,6
10/13/2016 06:00:00 AM,19,1,18
10/13/2016 07:00:00 AM,64,11,53
10/13/2016 08:00:00 AM,63,5,58
10/13/2016 09:00:00 AM,24,2,22
10/13/2016 10:00:00 AM,8,2,6
10/13/2016 11:00:00 AM,3,1,2
10/13/2016 12:00:00 PM,5,2,3
10/13/2016 01:00:00 PM,6,3,3
10/13/2016 02:00:00 PM,11,5,6
10/13/2016 03:00:00 PM,14,12,2
10/13/2016 04:00:00 PM,31,24,7
10/13/2016 05:00:00 PM,61,58,3
10/13/2016 06:00:00 PM,35,33,2
10/13/2016 07:00:00 PM,18,15,3
10/13/2016 08:00:00 PM,1,1,0
10/13/2016 09:00:00 PM,4,3,1
10/13/2016 10:00:00 PM,3,2,1
10/13/2016 11:00:00 PM,1,1,0
10/14/2016 12:00:00 AM,0,0,0
10/14/2016 01:00:00 AM,1,0,1
10/14/2016 02:00:00 AM,0,0,0
10/14/2016 03:00:00 AM,2,1,1
10/14/2016 04:00:00 AM,2,0,2
10/14/2016 05:00:00 AM,5,1,4
10/14/2016 06:00:00 AM,14,2,12
10/14/2016 07:00:00 AM,30,5,25
10/14/2016 08:00:00 AM,32,2,30
10/14/2016 09:00:00 AM,13,2,11
10/14/2016 10:00:00 AM,2,1,1
10/14/2016 11:00:00 AM,2,1,1
10/14/2016 12:00:00 PM,3,0,3
10/14/2016 01:00:00 PM,2,1,1
10/14/2016 02:00:00 PM,5,2,3
10/14/2016 03:00:00 PM,15,11,4
10/14/2016 04:00:00 PM,22,17,5
10/14/2016 05:00:00 PM,33,28,5
10/14/2016 06:00:00 PM,20,15,5
10/14/2016 07:00:00 PM,12,10,2
10/14/2016 08:00:00 PM,3,2,1
10/14/2016 09:00:00 PM,2,2,0
10/14/2016 10:00:00 PM,4,3,1
10/14/2016 11:00:00 PM,2,1,1
10/15/2016 12:00:00 AM,2,2,0
10/15/2016 01:00:00 AM,1,1,0
10/15/2016 02:00:00 AM,0,0,0
10/15/2016 03:00:00 AM,3,2,1
10/15/2016 04:00:00 AM,4,1,3
10/15/2016 05:00:00 AM,1,0,1
10/15/2016 06:00:00 AM,4,1,3
10/15/2016 07:00:00 AM,3,0,3
10/15/2016 08:00:00 AM,2,1,1
10/15/2016 09:00:00 AM,6,2,4
10/15/2016 10:00:00 AM,5,2,3
10/15/2016 11:00:00 AM,2,0,2
10/15/2016 12:00:00 PM,6,3,3
10/15/2016 01:00:00 PM,5,4,1
10/15/2016 02:00:00 PM,5,2,3
10/15/2016 03:00:00 PM,4,2,2
10/15/2016 04:00:00 PM,8,6,2
10/15/2016 05:00:00 PM,6,3,3
10/15/2016 06:00:00 PM,5,4,1
10/15/2016 07:00:00 PM,2,0,2
10/15/2016 08:00:00 PM,0,0,0
10/15/2016 09:00:00 PM,0,0,0
10/15/2016 10:00:00 PM,1,0,1
10/15/2016 11:00:00 PM,0,0,0
10/16/2016 12:00:00 AM,2,1,1
10/16/2016 01:00:00 AM,1,0,1
10/16/2016 02:00:00 AM,0,0,0
10/16/2016 03:00:00 AM,1,1,0
10/16/2016 04:00:00 AM,1,1,0
10/16/2016 05:00:00 AM,5,1,4
10/16/2016 06:00:00 AM,2,1,1
10/16/2016 07:00:00 AM,2,0,2
10/16/2016 08:00:00 AM,7,1,6
10/16/2016 09:00:00 AM,1,0,1
10/16/2016 10:00:00 AM,12,8,4
10/16/2016 11:00:00 AM,8,4,4
10/16/2016 12:00:00 PM,7,2,5
10/16/2016 01:00:00 PM,3,2,1
10/16/2016 02:00:00 PM,9,4,5
10/16/2016 03:00:00 PM,5,1,4
10/16/2016 04:00:00 PM,16,9,7
10/16/2016 05:00:00 PM,7,6,1
10/16/2016 06:00:00 PM,2,1,1
10/16/2016 07:00:00 PM,3,1,2
10/16/2016 08:00:00 PM,2,1,1
10/16/2016 09:00:00 PM,2,2,0
10/16/2016 10:00:00 PM,0,0,0
10/16/2016 11:00:00 PM,0,0,0
10/17/2016 12:00:00 AM,1,1,0
10/17/2016 01:00:00 AM,2,1,1
10/17/2016 02:00:00 AM,7,4,3
10/17/2016 03:00:00 AM,2,2,0
10/17/2016 04:00:00 AM,5,1,4
10/17/2016 05:00:00 AM,12,0,12
10/17/2016 06:00:00 AM,33,3,30
10/17/2016 07:00:00 AM,96,11,85
10/17/2016 08:00:00 AM,98,10,88
10/17/2016 09:00:00 AM,40,3,37
10/17/2016 10:00:00 AM,16,3,13
10/17/2016 11:00:00 AM,7,4,3
10/17/2016 12:00:00 PM,9,5,4
10/17/2016 01:00:00 PM,6,3,3
10/17/2016 02:00:00 PM,10,3,7
10/17/2016 03:00:00 PM,26,19,7
10/17/2016 04:00:00 PM,60,46,14
10/17/2016 05:00:00 PM,121,108,13
10/17/2016 06:00:00 PM,80,73,7
10/17/2016 07:00:00 PM,31,27,4
10/17/2016 08:00:00 PM,12,12,0
10/17/2016 09:00:00 PM,8,8,0
10/17/2016 10:00:00 PM,5,2,3
10/17/2016 11:00:00 PM,1,0,1
10/18/2016 12:00:00 AM,0,0,0
10/18/2016 01:00:00 AM,3,2,1
10/18/2016 02:00:00 AM,0,0,0
10/18/2016 03:00:00 AM,3,1,2
10/18/2016 04:00:00 AM,1,0,1
10/18/2016 05:00:00 AM,11,1,10
10/18/2016 06:00:00 AM,49,5,44
10/18/2016 07:00:00 AM,110,14,96
10/18/2016 08:00:00 AM,106,3,103
10/18/2016 09:00:00 AM,44,6,38
10/18/2016 10:00:00 AM,8,1,7
10/18/2016 11:00:00 AM,12,4,8
10/18/2016 12:00:00 PM,16,8,8
10/18/2016 01:00:00 PM,15,4,11
10/18/2016 02:00:00 PM,17,11,6
10/18/2016 03:00:00 PM,29,16,13
10/18/2016 04:00:00 PM,65,51,14
10/18/2016 05:00:00 PM,148,130,18
10/18/2016 06:00:00 PM,91,78,13
10/18/2016 07:00:00 PM,26,19,7
10/18/2016 08:00:00 PM,12,10,2
10/18/2016 09:00:00 PM,10,10,0
10/18/2016 10:00:00 PM,3,2,1
10/18/2016 11:00:00 PM,5,2,3
10/19/2016 12:00:00 AM,4,2,2
10/19/2016 01:00:00 AM,2,1,1
10/19/2016 02:00:00 AM,7,4,3
10/19/2016 03:00:00 AM,1,1,0
10/19/2016 04:00:00 AM,1,0,1
10/19/2016 05:00:00 AM,21,7,14
10/19/2016 06:00:00 AM,56,6,50
10/19/2016 07:00:00 AM,130,10,120
10/19/2016 08:00:00 AM,146,12,134
10/19/2016 09:00:00 AM,53,8,45
10/19/2016 10:00:00 AM,18,2,16
10/19/2016 11:00:00 AM,19,6,13
10/19/2016 12:00:00 PM,19,14,5
10/19/2016 01:00:00 PM,19,8,11
10/19/2016 02:00:00 PM,24,17,7
10/19/2016 03:00:00 PM,36,23,13
10/19/2016 04:00:00 PM,81,69,12
10/19/2016 05:00:00 PM,163,146,17
10/19/2016 06:00:00 PM,72,60,12
10/19/2016 07:00:00 PM,24,19,5
10/19/2016 08:00:00 PM,17,15,2
10/19/2016 09:00:00 PM,5,3,2
10/19/2016 10:00:00 PM,6,4,2
10/19/2016 11:00:00 PM,2,2,0
10/20/2016 12:00:00 AM,1,1,0
10/20/2016 01:00:00 AM,2,1,1
10/20/2016 02:00:00 AM,2,1,1
10/20/2016 03:00:00 AM,1,0,1
10/20/2016 04:00:00 AM,1,0,1
10/20/2016 05:00:00 AM,6,1,5
10/20/2016 06:00:00 AM,35,3,32
10/20/2016 07:00:00 AM,77,5,72
10/20/2016 08:00:00 AM,75,1,74
10/20/2016 09:00:00 AM,30,2,28
10/20/2016 10:00:00 AM,8,0,8
10/20/2016 11:00:00 AM,5,2,3
10/20/2016 12:00:00 PM,11,7,4
10/20/2016 01:00:00 PM,5,2,3
10/20/2016 02:00:00 PM,9,3,6
10/20/2016 03:00:00 PM,19,16,3
10/20/2016 04:00:00 PM,61,50,11
10/20/2016 05:00:00 PM,88,75,13
10/20/2016 06:00:00 PM,72,61,11
10/20/2016 07:00:00 PM,28,25,3
10/20/2016 08:00:00 PM,10,7,3
10/20/2016 09:00:00 PM,12,7,5
10/20/2016 10:00:00 PM,3,3,0
10/20/2016 11:00:00 PM,1,0,1
10/21/2016 12:00:00 AM,2,2,0
10/21/2016 01:00:00 AM,1,1,0
10/21/2016 02:00:00 AM,3,1,2
10/21/2016 03:00:00 AM,3,2,1
10/21/2016 04:00:00 AM,1,0,1
10/21/2016 05:00:00 AM,15,5,10
10/21/2016 06:00:00 AM,42,8,34
10/21/2016 07:00:00 AM,86,6,80
10/21/2016 08:00:00 AM,101,6,95
10/21/2016 09:00:00 AM,32,2,30
10/21/2016 10:00:00 AM,28,12,16
10/21/2016 11:00:00 AM,16,7,9
10/21/2016 12:00:00 PM,23,10,13
10/21/2016 01:00:00 PM,17,5,12
10/21/2016 02:00:00 PM,17,10,7
10/21/2016 03:00:00 PM,37,23,14
10/21/2016 04:00:00 PM,77,62,15
10/21/2016 05:00:00 PM,93,86,7
10/21/2016 06:00:00 PM,54,53,1
10/21/2016 07:00:00 PM,23,16,7
10/21/2016 08:00:00 PM,9,6,3
10/21/2016 09:00:00 PM,7,7,0
10/21/2016 10:00:00 PM,4,3,1
10/21/2016 11:00:00 PM,2,2,0
10/22/2016 12:00:00 AM,1,1,0
10/22/2016 01:00:00 AM,6,1,5
10/22/2016 02:00:00 AM,1,1,0
10/22/2016 03:00:00 AM,1,1,0
10/22/2016 04:00:00 AM,8,6,2
10/22/2016 05:00:00 AM,2,1,1
10/22/2016 06:00:00 AM,7,0,7
10/22/2016 07:00:00 AM,7,5,2
10/22/2016 08:00:00 AM,20,4,16
10/22/2016 09:00:00 AM,27,17,10
10/22/2016 10:00:00 AM,45,34,11
10/22/2016 11:00:00 AM,70,25,45
10/22/2016 12:00:00 PM,41,22,19
10/22/2016 01:00:00 PM,55,34,21
10/22/2016 02:00:00 PM,55,22,33
10/22/2016 03:00:00 PM,51,19,32
10/22/2016 04:00:00 PM,46,22,24
10/22/2016 05:00:00 PM,38,21,17
10/22/2016 06:00:00 PM,21,6,15
10/22/2016 07:00:00 PM,11,8,3
10/22/2016 08:00:00 PM,3,2,1
10/22/2016 09:00:00 PM,9,6,3
10/22/2016 10:00:00 PM,6,3,3
10/22/2016 11:00:00 PM,6,5,1
10/23/2016 12:00:00 AM,0,0,0
10/23/2016 01:00:00 AM,0,0,0
10/23/2016 02:00:00 AM,0,0,0
10/23/2016 03:00:00 AM,1,1,0
10/23/2016 04:00:00 AM,0,0,0
10/23/2016 05:00:00 AM,4,1,3
10/23/2016 06:00:00 AM,2,0,2
10/23/2016 07:00:00 AM,3,0,3
10/23/2016 08:00:00 AM,25,12,13
10/23/2016 09:00:00 AM,16,7,9
10/23/2016 10:00:00 AM,26,13,13
10/23/2016 11:00:00 AM,23,10,13
10/23/2016 12:00:00 PM,37,15,22
10/23/2016 01:00:00 PM,39,20,19
10/23/2016 02:00:00 PM,35,18,17
10/23/2016 03:00:00 PM,45,27,18
10/23/2016 04:00:00 PM,39,23,16
10/23/2016 05:00:00 PM,8,5,3
10/23/2016 06:00:00 PM,11,4,7
10/23/2016 07:00:00 PM,1,0,1
10/23/2016 08:00:00 PM,6,4,2
10/23/2016 09:00:00 PM,6,5,1
10/23/2016 10:00:00 PM,4,2,2
10/23/2016 11:00:00 PM,2,2,0
10/24/2016 12:00:00 AM,3,0,3
10/24/2016 01:00:00 AM,2,2,0
10/24/2016 02:00:00 AM,3,2,1
10/24/2016 03:00:00 AM,2,2,0
10/24/2016 04:00:00 AM,2,0,2
10/24/2016 05:00:00 AM,25,5,20
10/24/2016 06:00:00 AM,55,7,48
10/24/2016 07:00:00 AM,122,17,105
10/24/2016 08:00:00 AM,108,9,99
10/24/2016 09:00:00 AM,43,6,37
10/24/2016 10:00:00 AM,17,4,13
10/24/2016 11:00:00 AM,11,3,8
10/24/2016 12:00:00 PM,20,8,12
10/24/2016 01:00:00 PM,14,7,7
10/24/2016 02:00:00 PM,15,7,8
10/24/2016 03:00:00 PM,38,27,11
10/24/2016 04:00:00 PM,68,51,17
10/24/2016 05:00:00 PM,128,119,9
10/24/2016 06:00:00 PM,64,61,3
10/24/2016 07:00:00 PM,27,24,3
10/24/2016 08:00:00 PM,17,13,4
10/24/2016 09:00:00 PM,6,4,2
10/24/2016 10:00:00 PM,3,3,0
10/24/2016 11:00:00 PM,4,1,3
10/25/2016 12:00:00 AM,2,2,0
10/25/2016 01:00:00 AM,2,2,0
10/25/2016 02:00:00 AM,0,0,0
10/25/2016 03:00:00 AM,0,0,0
10/25/2016 04:00:00 AM,7,1,6
10/25/2016 05:00:00 AM,21,3,18
10/25/2016 06:00:00 AM,59,7,52
10/25/2016 07:00:00 AM,119,9,110
10/25/2016 08:00:00 AM,107,4,103
10/25/2016 09:00:00 AM,52,8,44
10/25/2016 10:00:00 AM,18,5,13
10/25/2016 11:00:00 AM,9,5,4
10/25/2016 12:00:00 PM,20,7,13
10/25/2016 01:00:00 PM,26,5,21
10/25/2016 02:00:00 PM,28,16,12
10/25/2016 03:00:00 PM,51,30,21
10/25/2016 04:00:00 PM,91,75,16
10/25/2016 05:00:00 PM,142,119,23
10/25/2016 06:00:00 PM,85,79,6
10/25/2016 07:00:00 PM,32,28,4
10/25/2016 08:00:00 PM,16,14,2
10/25/2016 09:00:00 PM,16,13,3
10/25/2016 10:00:00 PM,6,5,1
10/25/2016 11:00:00 PM,2,2,0
10/26/2016 12:00:00 AM,1,0,1
10/26/2016 01:00:00 AM,5,4,1
10/26/2016 02:00:00 AM,2,1,1
10/26/2016 03:00:00 AM,2,1,1
10/26/2016 04:00:00 AM,6,1,5
10/26/2016 05:00:00 AM,20,2,18
10/26/2016 06:00:00 AM,41,7,34
10/26/2016 07:00:00 AM,58,6,52
10/26/2016 08:00:00 AM,70,4,66
10/26/2016 09:00:00 AM,25,4,21
10/26/2016 10:00:00 AM,8,1,7
10/26/2016 11:00:00 AM,5,2,3
10/26/2016 12:00:00 PM,7,4,3
10/26/2016 01:00:00 PM,7,4,3
10/26/2016 02:00:00 PM,9,4,5
10/26/2016 03:00:00 PM,17,14,3
10/26/2016 04:00:00 PM,41,32,9
10/26/2016 05:00:00 PM,77,69,8
10/26/2016 06:00:00 PM,47,45,2
10/26/2016 07:00:00 PM,22,19,3
10/26/2016 08:00:00 PM,11,11,0
10/26/2016 09:00:00 PM,8,8,0
10/26/2016 10:00:00 PM,1,1,0
10/26/2016 11:00:00 PM,0,0,0
10/27/2016 12:00:00 AM,1,0,1
10/27/2016 01:00:00 AM,0,0,0
10/27/2016 02:00:00 AM,1,1,0
10/27/2016 03:00:00 AM,0,0,0
10/27/2016 04:00:00 AM,0,0,0
10/27/2016 05:00:00 AM,18,2,16
10/27/2016 06:00:00 AM,41,3,38
10/27/2016 07:00:00 AM,95,12,83
10/27/2016 08:00:00 AM,100,8,92
10/27/2016 09:00:00 AM,44,3,41
10/27/2016 10:00:00 AM,14,2,12
10/27/2016 11:00:00 AM,16,5,11
10/27/2016 12:00:00 PM,7,2,5
10/27/2016 01:00:00 PM,14,6,8
10/27/2016 02:00:00 PM,15,6,9
10/27/2016 03:00:00 PM,28,21,7
10/27/2016 04:00:00 PM,63,49,14
10/27/2016 05:00:00 PM,115,107,8
10/27/2016 06:00:00 PM,68,60,8
10/27/2016 07:00:00 PM,31,26,5
10/27/2016 08:00:00 PM,10,9,1
10/27/2016 09:00:00 PM,10,10,0
10/27/2016 10:00:00 PM,4,4,0
10/27/2016 11:00:00 PM,2,1,1
10/28/2016 12:00:00 AM,2,1,1
10/28/2016 01:00:00 AM,3,3,0
10/28/2016 02:00:00 AM,1,0,1
10/28/2016 03:00:00 AM,1,0,1
10/28/2016 04:00:00 AM,1,0,1
10/28/2016 05:00:00 AM,17,6,11
10/28/2016 06:00:00 AM,40,3,37
10/28/2016 07:00:00 AM,85,10,75
10/28/2016 08:00:00 AM,104,15,89
10/28/2016 09:00:00 AM,50,7,43
10/28/2016 10:00:00 AM,21,5,16
10/28/2016 11:00:00 AM,20,5,15
10/28/2016 12:00:00 PM,22,14,8
10/28/2016 01:00:00 PM,27,15,12
10/28/2016 02:00:00 PM,41,19,22
10/28/2016 03:00:00 PM,39,29,10
10/28/2016 04:00:00 PM,93,63,30
10/28/2016 05:00:00 PM,102,90,12
10/28/2016 06:00:00 PM,76,65,11
10/28/2016 07:00:00 PM,18,13,5
10/28/2016 08:00:00 PM,13,9,4
10/28/2016 09:00:00 PM,4,4,0
10/28/2016 10:00:00 PM,4,3,1
10/28/2016 11:00:00 PM,5,5,0
10/29/2016 12:00:00 AM,3,3,0
10/29/2016 01:00:00 AM,0,0,0
10/29/2016 02:00:00 AM,1,1,0
10/29/2016 03:00:00 AM,1,1,0
10/29/2016 04:00:00 AM,1,0,1
10/29/2016 05:00:00 AM,6,2,4
10/29/2016 06:00:00 AM,6,2,4
10/29/2016 07:00:00 AM,6,1,5
10/29/2016 08:00:00 AM,13,8,5
10/29/2016 09:00:00 AM,13,7,6
10/29/2016 10:00:00 AM,6,3,3
10/29/2016 11:00:00 AM,8,4,4
10/29/2016 12:00:00 PM,5,3,2
10/29/2016 01:00:00 PM,8,1,7
10/29/2016 02:00:00 PM,11,6,5
10/29/2016 03:00:00 PM,20,12,8
10/29/2016 04:00:00 PM,31,20,11
10/29/2016 05:00:00 PM,19,7,12
10/29/2016 06:00:00 PM,10,4,6
10/29/2016 07:00:00 PM,4,2,2
10/29/2016 08:00:00 PM,4,4,0
10/29/2016 09:00:00 PM,7,6,1
10/29/2016 10:00:00 PM,4,3,1
10/29/2016 11:00:00 PM,1,0,1
10/30/2016 12:00:00 AM,1,1,0
10/30/2016 01:00:00 AM,4,3,1
10/30/2016 02:00:00 AM,1,0,1
10/30/2016 03:00:00 AM,2,1,1
10/30/2016 04:00:00 AM,2,1,1
10/30/2016 05:00:00 AM,6,1,5
10/30/2016 06:00:00 AM,3,1,2
10/30/2016 07:00:00 AM,8,2,6
10/30/2016 08:00:00 AM,27,12,15
10/30/2016 09:00:00 AM,19,7,12
10/30/2016 10:00:00 AM,36,22,14
10/30/2016 11:00:00 AM,34,18,16
10/30/2016 12:00:00 PM,35,19,16
10/30/2016 01:00:00 PM,37,14,23
10/30/2016 02:00:00 PM,19,11,8
10/30/2016 03:00:00 PM,9,5,4
10/30/2016 04:00:00 PM,11,6,5
10/30/2016 05:00:00 PM,3,1,2
10/30/2016 06:00:00 PM,8,4,4
10/30/2016 07:00:00 PM,3,2,1
10/30/2016 08:00:00 PM,5,4,1
10/30/2016 09:00:00 PM,1,1,0
10/30/2016 10:00:00 PM,0,0,0
10/30/2016 11:00:00 PM,1,0,1
10/31/2016 12:00:00 AM,1,1,0
10/31/2016 01:00:00 AM,0,0,0
10/31/2016 02:00:00 AM,0,0,0
10/31/2016 03:00:00 AM,3,3,0
10/31/2016 04:00:00 AM,3,0,3
10/31/2016 05:00:00 AM,15,1,14
10/31/2016 06:00:00 AM,43,5,38
10/31/2016 07:00:00 AM,89,7,82
10/31/2016 08:00:00 AM,85,6,79
10/31/2016 09:00:00 AM,24,1,23
10/31/2016 10:00:00 AM,11,2,9
10/31/2016 11:00:00 AM,2,0,2
10/31/2016 12:00:00 PM,4,1,3
10/31/2016 01:00:00 PM,7,3,4
10/31/2016 02:00:00 PM,7,5,2
10/31/2016 03:00:00 PM,35,30,5
10/31/2016 04:00:00 PM,76,69,7
10/31/2016 05:00:00 PM,101,88,13
10/31/2016 06:00:00 PM,41,39,2
10/31/2016 07:00:00 PM,11,9,2
10/31/2016 08:00:00 PM,2,2,0
10/31/2016 09:00:00 PM,5,5,0
10/31/2016 10:00:00 PM,0,0,0
10/31/2016 11:00:00 PM,2,2,0
11/01/2016 12:00:00 AM,0,0,0
11/01/2016 01:00:00 AM,1,1,0
11/01/2016 02:00:00 AM,0,0,0
11/01/2016 03:00:00 AM,2,1,1
11/01/2016 04:00:00 AM,3,1,2
11/01/2016 05:00:00 AM,16,3,13
11/01/2016 06:00:00 AM,36,4,32
11/01/2016 07:00:00 AM,107,13,94
11/01/2016 08:00:00 AM,94,6,88
11/01/2016 09:00:00 AM,38,1,37
11/01/2016 10:00:00 AM,14,2,12
11/01/2016 11:00:00 AM,9,5,4
11/01/2016 12:00:00 PM,7,4,3
11/01/2016 01:00:00 PM,13,2,11
11/01/2016 02:00:00 PM,15,11,4
11/01/2016 03:00:00 PM,23,20,3
11/01/2016 04:00:00 PM,48,35,13
11/01/2016 05:00:00 PM,117,99,18
11/01/2016 06:00:00 PM,68,65,3
11/01/2016 07:00:00 PM,28,25,3
11/01/2016 08:00:00 PM,9,8,1
11/01/2016 09:00:00 PM,10,7,3
11/01/2016 10:00:00 PM,1,1,0
11/01/2016 11:00:00 PM,4,4,0
11/02/2016 12:00:00 AM,2,2,0
11/02/2016 01:00:00 AM,3,2,1
11/02/2016 02:00:00 AM,2,1,1
11/02/2016 03:00:00 AM,2,1,1
11/02/2016 04:00:00 AM,3,1,2
11/02/2016 05:00:00 AM,17,1,16
11/02/2016 06:00:00 AM,37,2,35
11/02/2016 07:00:00 AM,82,8,74
11/02/2016 08:00:00 AM,90,7,83
11/02/2016 09:00:00 AM,32,2,30
11/02/2016 10:00:00 AM,9,2,7
11/02/2016 11:00:00 AM,3,2,1
11/02/2016 12:00:00 PM,3,1,2
11/02/2016 01:00:00 PM,10,6,4
11/02/2016 02:00:00 PM,14,8,6
11/02/2016 03:00:00 PM,14,14,0
11/02/2016 04:00:00 PM,63,58,5
11/02/2016 05:00:00 PM,98,89,9
11/02/2016 06:00:00 PM,54,48,6
11/02/2016 07:00:00 PM,15,13,2
11/02/2016 08:00:00 PM,14,11,3
11/02/2016 09:00:00 PM,8,6,2
11/02/2016 10:00:00 PM,7,6,1
11/02/2016 11:00:00 PM,2,1,1
11/03/2016 12:00:00 AM,2,1,1
11/03/2016 01:00:00 AM,1,1,0
11/03/2016 02:00:00 AM,1,0,1
11/03/2016 03:00:00 AM,3,2,1
11/03/2016 04:00:00 AM,2,1,1
11/03/2016 05:00:00 AM,13,1,12
11/03/2016 06:00:00 AM,57,8,49
11/03/2016 07:00:00 AM,104,8,96
11/03/2016 08:00:00 AM,144,11,133
11/03/2016 09:00:00 AM,43,4,39
11/03/2016 10:00:00 AM,18,3,15
11/03/2016 11:00:00 AM,20,7,13
11/03/2016 12:00:00 PM,26,10,16
11/03/2016 01:00:00 PM,32,13,19
11/03/2016 02:00:00 PM,38,20,18
11/03/2016 03:00:00 PM,42,28,14
11/03/2016 04:00:00 PM,97,76,21
11/03/2016 05:00:00 PM,150,132,18
11/03/2016 06:00:00 PM,89,77,12
11/03/2016 07:00:00 PM,40,32,8
11/03/2016 08:00:00 PM,48,43,5
11/03/2016 09:00:00 PM,21,17,4
11/03/2016 10:00:00 PM,15,5,10
11/03/2016 11:00:00 PM,5,3,2
11/04/2016 12:00:00 AM,13,1,12
11/04/2016 01:00:00 AM,6,0,6
11/04/2016 02:00:00 AM,8,3,5
11/04/2016 03:00:00 AM,1,0,1
11/04/2016 04:00:00 AM,5,0,5
11/04/2016 05:00:00 AM,17,3,14
11/04/2016 06:00:00 AM,39,9,30
11/04/2016 07:00:00 AM,109,6,103
11/04/2016 08:00:00 AM,111,5,106
11/04/2016 09:00:00 AM,65,6,59
11/04/2016 10:00:00 AM,29,8,21
11/04/2016 11:00:00 AM,34,16,18
11/04/2016 12:00:00 PM,25,14,11
11/04/2016 01:00:00 PM,25,9,16
11/04/2016 02:00:00 PM,45,27,18
11/04/2016 03:00:00 PM,58,36,22
11/04/2016 04:00:00 PM,86,65,21
11/04/2016 05:00:00 PM,141,127,14
11/04/2016 06:00:00 PM,56,47,9
11/04/2016 07:00:00 PM,31,24,7
11/04/2016 08:00:00 PM,17,15,2
11/04/2016 09:00:00 PM,3,3,0
11/04/2016 10:00:00 PM,5,2,3
11/04/2016 11:00:00 PM,6,4,2
11/05/2016 12:00:00 AM,0,0,0
11/05/2016 01:00:00 AM,3,3,0
11/05/2016 02:00:00 AM,2,1,1
11/05/2016 03:00:00 AM,1,1,0
11/05/2016 04:00:00 AM,2,1,1
11/05/2016 05:00:00 AM,5,2,3
11/05/2016 06:00:00 AM,4,0,4
11/05/2016 07:00:00 AM,8,1,7
11/05/2016 08:00:00 AM,3,2,1
11/05/2016 09:00:00 AM,8,5,3
11/05/2016 10:00:00 AM,7,3,4
11/05/2016 11:00:00 AM,6,3,3
11/05/2016 12:00:00 PM,5,2,3
11/05/2016 01:00:00 PM,6,4,2
11/05/2016 02:00:00 PM,5,4,1
11/05/2016 03:00:00 PM,4,3,1
11/05/2016 04:00:00 PM,6,4,2
11/05/2016 05:00:00 PM,11,7,4
11/05/2016 06:00:00 PM,7,4,3
11/05/2016 07:00:00 PM,3,2,1
11/05/2016 08:00:00 PM,4,2,2
11/05/2016 09:00:00 PM,6,4,2
11/05/2016 10:00:00 PM,2,1,1
11/05/2016 11:00:00 PM,8,8,0
11/06/2016 12:00:00 AM,7,5,2
11/06/2016 01:00:00 AM,27,10,17
11/06/2016 02:00:00 AM,1,1,0
11/06/2016 03:00:00 AM,2,1,1
11/06/2016 04:00:00 AM,0,0,0
11/06/2016 05:00:00 AM,2,1,1
11/06/2016 06:00:00 AM,3,1,2
11/06/2016 07:00:00 AM,2,0,2
11/06/2016 08:00:00 AM,7,2,5
11/06/2016 09:00:00 AM,25,10,15
11/06/2016 10:00:00 AM,73,53,20
11/06/2016 11:00:00 AM,82,45,37
11/06/2016 12:00:00 PM,82,23,59
11/06/2016 01:00:00 PM,58,26,32
11/06/2016 02:00:00 PM,42,21,21
11/06/2016 03:00:00 PM,35,18,17
11/06/2016 04:00:00 PM,35,24,11
11/06/2016 05:00:00 PM,17,6,11
11/06/2016 06:00:00 PM,14,11,3
11/06/2016 07:00:00 PM,3,1,2
11/06/2016 08:00:00 PM,4,4,0
11/06/2016 09:00:00 PM,9,6,3
11/06/2016 10:00:00 PM,2,2,0
11/06/2016 11:00:00 PM,2,1,1
11/07/2016 12:00:00 AM,5,3,2
11/07/2016 01:00:00 AM,1,0,1
11/07/2016 02:00:00 AM,2,1,1
11/07/2016 03:00:00 AM,0,0,0
11/07/2016 04:00:00 AM,0,0,0
11/07/2016 05:00:00 AM,15,1,14
11/07/2016 06:00:00 AM,52,6,46
11/07/2016 07:00:00 AM,123,10,113
11/07/2016 08:00:00 AM,116,4,112
11/07/2016 09:00:00 AM,50,7,43
11/07/2016 10:00:00 AM,19,2,17
11/07/2016 11:00:00 AM,12,9,3
11/07/2016 12:00:00 PM,19,8,11
11/07/2016 01:00:00 PM,20,8,12
11/07/2016 02:00:00 PM,21,9,12
11/07/2016 03:00:00 PM,37,22,15
11/07/2016 04:00:00 PM,107,81,26
11/07/2016 05:00:00 PM,148,139,9
11/07/2016 06:00:00 PM,59,53,6
11/07/2016 07:00:00 PM,20,18,2
11/07/2016 08:00:00 PM,19,17,2
11/07/2016 09:00:00 PM,11,9,2
11/07/2016 10:00:00 PM,4,4,0
11/07/2016 11:00:00 PM,4,4,0
11/08/2016 12:00:00 AM,5,3,2
11/08/2016 01:00:00 AM,1,1,0
11/08/2016 02:00:00 AM,1,1,0
11/08/2016 03:00:00 AM,1,1,0
11/08/2016 04:00:00 AM,5,2,3
11/08/2016 05:00:00 AM,27,4,23
11/08/2016 06:00:00 AM,69,9,60
11/08/2016 07:00:00 AM,161,17,144
11/08/2016 08:00:00 AM,149,11,138
11/08/2016 09:00:00 AM,57,6,51
11/08/2016 10:00:00 AM,17,3,14
11/08/2016 11:00:00 AM,35,20,15
11/08/2016 12:00:00 PM,38,18,20
11/08/2016 01:00:00 PM,42,21,21
11/08/2016 02:00:00 PM,52,33,19
11/08/2016 03:00:00 PM,63,42,21
11/08/2016 04:00:00 PM,111,96,15
11/08/2016 05:00:00 PM,186,162,24
11/08/2016 06:00:00 PM,62,56,6
11/08/2016 07:00:00 PM,28,21,7
11/08/2016 08:00:00 PM,11,9,2
11/08/2016 09:00:00 PM,11,8,3
11/08/2016 10:00:00 PM,5,4,1
11/08/2016 11:00:00 PM,6,3,3
11/09/2016 12:00:00 AM,4,3,1
11/09/2016 01:00:00 AM,1,1,0
11/09/2016 02:00:00 AM,3,0,3
11/09/2016 03:00:00 AM,1,0,1
11/09/2016 04:00:00 AM,4,2,2
11/09/2016 05:00:00 AM,19,5,14
11/09/2016 06:00:00 AM,38,5,33
11/09/2016 07:00:00 AM,99,8,91
11/09/2016 08:00:00 AM,115,6,109
11/09/2016 09:00:00 AM,50,8,42
11/09/2016 10:00:00 AM,8,2,6
11/09/2016 11:00:00 AM,12,2,10
11/09/2016 12:00:00 PM,18,7,11
11/09/2016 01:00:00 PM,17,9,8
11/09/2016 02:00:00 PM,25,17,8
11/09/2016 03:00:00 PM,43,28,15
11/09/2016 04:00:00 PM,90,74,16
11/09/2016 05:00:00 PM,125,106,19
11/09/2016 06:00:00 PM,76,69,7
11/09/2016 07:00:00 PM,21,20,1
11/09/2016 08:00:00 PM,15,13,2
11/09/2016 09:00:00 PM,13,10,3
11/09/2016 10:00:00 PM,3,2,1
11/09/2016 11:00:00 PM,1,0,1
11/10/2016 12:00:00 AM,3,3,0
11/10/2016 01:00:00 AM,7,4,3
11/10/2016 02:00:00 AM,2,0,2
11/10/2016 03:00:00 AM,5,1,4
11/10/2016 04:00:00 AM,2,1,1
11/10/2016 05:00:00 AM,13,2,11
11/10/2016 06:00:00 AM,53,11,42
11/10/2016 07:00:00 AM,128,12,116
11/10/2016 08:00:00 AM,130,8,122
11/10/2016 09:00:00 AM,61,9,52
11/10/2016 10:00:00 AM,19,7,12
11/10/2016 11:00:00 AM,35,14,21
11/10/2016 12:00:00 PM,23,10,13
11/10/2016 01:00:00 PM,26,11,15
11/10/2016 02:00:00 PM,37,19,18
11/10/2016 03:00:00 PM,40,24,16
11/10/2016 04:00:00 PM,103,79,24
11/10/2016 05:00:00 PM,128,113,15
11/10/2016 06:00:00 PM,76,69,7
11/10/2016 07:00:00 PM,24,21,3
11/10/2016 08:00:00 PM,20,17,3
11/10/2016 09:00:00 PM,12,9,3
11/10/2016 10:00:00 PM,9,6,3
11/10/2016 11:00:00 PM,2,1,1
11/11/2016 12:00:00 AM,2,2,0
11/11/2016 01:00:00 AM,1,0,1
11/11/2016 02:00:00 AM,4,4,0
11/11/2016 03:00:00 AM,3,1,2
11/11/2016 04:00:00 AM,2,0,2
11/11/2016 05:00:00 AM,12,2,10
11/11/2016 06:00:00 AM,38,4,34
11/11/2016 07:00:00 AM,93,10,83
11/11/2016 08:00:00 AM,88,7,81
11/11/2016 09:00:00 AM,49,6,43
11/11/2016 10:00:00 AM,25,9,16
11/11/2016 11:00:00 AM,44,32,12
11/11/2016 12:00:00 PM,37,22,15
11/11/2016 01:00:00 PM,39,6,33
11/11/2016 02:00:00 PM,25,18,7
11/11/2016 03:00:00 PM,49,34,15
11/11/2016 04:00:00 PM,73,55,18
11/11/2016 05:00:00 PM,87,75,12
11/11/2016 06:00:00 PM,40,36,4
11/11/2016 07:00:00 PM,24,17,7
11/11/2016 08:00:00 PM,15,14,1
11/11/2016 09:00:00 PM,12,9,3
11/11/2016 10:00:00 PM,4,3,1
11/11/2016 11:00:00 PM,0,0,0
11/12/2016 12:00:00 AM,4,2,2
11/12/2016 01:00:00 AM,1,1,0
11/12/2016 02:00:00 AM,3,3,0
11/12/2016 03:00:00 AM,3,3,0
11/12/2016 04:00:00 AM,1,0,1
11/12/2016 05:00:00 AM,5,1,4
11/12/2016 06:00:00 AM,6,2,4
11/12/2016 07:00:00 AM,3,1,2
11/12/2016 08:00:00 AM,11,6,5
11/12/2016 09:00:00 AM,3,0,3
11/12/2016 10:00:00 AM,12,4,8
11/12/2016 11:00:00 AM,5,2,3
11/12/2016 12:00:00 PM,15,6,9
11/12/2016 01:00:00 PM,11,3,8
11/12/2016 02:00:00 PM,14,8,6
11/12/2016 03:00:00 PM,13,7,6
11/12/2016 04:00:00 PM,20,12,8
11/12/2016 05:00:00 PM,11,6,5
11/12/2016 06:00:00 PM,7,4,3
11/12/2016 07:00:00 PM,4,3,1
11/12/2016 08:00:00 PM,4,3,1
11/12/2016 09:00:00 PM,5,4,1
11/12/2016 10:00:00 PM,2,2,0
11/12/2016 11:00:00 PM,2,2,0
11/13/2016 12:00:00 AM,1,0,1
11/13/2016 01:00:00 AM,3,2,1
11/13/2016 02:00:00 AM,3,2,1
11/13/2016 03:00:00 AM,3,1,2
11/13/2016 04:00:00 AM,1,1,0
11/13/2016 05:00:00 AM,5,1,4
11/13/2016 06:00:00 AM,3,0,3
11/13/2016 07:00:00 AM,7,1,6
11/13/2016 08:00:00 AM,6,1,5
11/13/2016 09:00:00 AM,8,5,3
11/13/2016 10:00:00 AM,5,2,3
11/13/2016 11:00:00 AM,8,4,4
11/13/2016 12:00:00 PM,8,6,2
11/13/2016 01:00:00 PM,11,3,8
11/13/2016 02:00:00 PM,8,7,1
11/13/2016 03:00:00 PM,4,3,1
11/13/2016 04:00:00 PM,10,7,3
11/13/2016 05:00:00 PM,6,5,1
11/13/2016 06:00:00 PM,1,0,1
11/13/2016 07:00:00 PM,0,0,0
11/13/2016 08:00:00 PM,0,0,0
11/13/2016 09:00:00 PM,3,1,2
11/13/2016 10:00:00 PM,1,1,0
11/13/2016 11:00:00 PM,3,1,2
11/14/2016 12:00:00 AM,0,0,0
11/14/2016 01:00:00 AM,2,1,1
11/14/2016 02:00:00 AM,0,0,0
11/14/2016 03:00:00 AM,6,6,0
11/14/2016 04:00:00 AM,2,0,2
11/14/2016 05:00:00 AM,20,3,17
11/14/2016 06:00:00 AM,53,6,47
11/14/2016 07:00:00 AM,109,8,101
11/14/2016 08:00:00 AM,124,8,116
11/14/2016 09:00:00 AM,49,7,42
11/14/2016 10:00:00 AM,15,5,10
11/14/2016 11:00:00 AM,9,3,6
11/14/2016 12:00:00 PM,11,5,6
11/14/2016 01:00:00 PM,15,5,10
11/14/2016 02:00:00 PM,21,13,8
11/14/2016 03:00:00 PM,42,28,14
11/14/2016 04:00:00 PM,86,72,14
11/14/2016 05:00:00 PM,142,123,19
11/14/2016 06:00:00 PM,75,70,5
11/14/2016 07:00:00 PM,25,22,3
11/14/2016 08:00:00 PM,10,9,1
11/14/2016 09:00:00 PM,12,8,4
11/14/2016 10:00:00 PM,3,2,1
11/14/2016 11:00:00 PM,3,3,0
11/15/2016 12:00:00 AM,1,1,0
11/15/2016 01:00:00 AM,1,1,0
11/15/2016 02:00:00 AM,0,0,0
11/15/2016 03:00:00 AM,2,0,2
11/15/2016 04:00:00 AM,1,0,1
11/15/2016 05:00:00 AM,12,0,12
11/15/2016 06:00:00 AM,33,2,31
11/15/2016 07:00:00 AM,99,11,88
11/15/2016 08:00:00 AM,105,11,94
11/15/2016 09:00:00 AM,42,1,41
11/15/2016 10:00:00 AM,20,4,16
11/15/2016 11:00:00 AM,21,10,11
11/15/2016 12:00:00 PM,18,10,8
11/15/2016 01:00:00 PM,17,5,12
11/15/2016 02:00:00 PM,16,12,4
11/15/2016 03:00:00 PM,21,17,4
11/15/2016 04:00:00 PM,60,51,9
11/15/2016 05:00:00 PM,99,88,11
11/15/2016 06:00:00 PM,65,55,10
11/15/2016 07:00:00 PM,22,17,5
11/15/2016 08:00:00 PM,8,6,2
11/15/2016 09:00:00 PM,6,5,1
11/15/2016 10:00:00 PM,4,4,0
11/15/2016 11:00:00 PM,3,3,0
11/16/2016 12:00:00 AM,4,3,1
11/16/2016 01:00:00 AM,0,0,0
11/16/2016 02:00:00 AM,0,0,0
11/16/2016 03:00:00 AM,3,2,1
11/16/2016 04:00:00 AM,5,1,4
11/16/2016 05:00:00 AM,19,3,16
11/16/2016 06:00:00 AM,47,6,41
11/16/2016 07:00:00 AM,125,13,112
11/16/2016 08:00:00 AM,125,14,111
11/16/2016 09:00:00 AM,34,7,27
11/16/2016 10:00:00 AM,22,2,20
11/16/2016 11:00:00 AM,19,5,14
11/16/2016 12:00:00 PM,15,9,6
11/16/2016 01:00:00 PM,17,8,9
11/16/2016 02:00:00 PM,17,13,4
11/16/2016 03:00:00 PM,32,23,9
11/16/2016 04:00:00 PM,69,56,13
11/16/2016 05:00:00 PM,120,109,11
11/16/2016 06:00:00 PM,74,63,11
11/16/2016 07:00:00 PM,29,18,11
11/16/2016 08:00:00 PM,13,12,1
11/16/2016 09:00:00 PM,12,10,2
11/16/2016 10:00:00 PM,9,5,4
11/16/2016 11:00:00 PM,5,3,2
11/17/2016 12:00:00 AM,2,2,0
11/17/2016 01:00:00 AM,2,1,1
11/17/2016 02:00:00 AM,1,0,1
11/17/2016 03:00:00 AM,1,0,1
11/17/2016 04:00:00 AM,3,0,3
11/17/2016 05:00:00 AM,14,0,14
11/17/2016 06:00:00 AM,52,5,47
11/17/2016 07:00:00 AM,115,12,103
11/17/2016 08:00:00 AM,119,6,113
11/17/2016 09:00:00 AM,43,4,39
11/17/2016 10:00:00 AM,17,5,12
11/17/2016 11:00:00 AM,17,7,10
11/17/2016 12:00:00 PM,14,9,5
11/17/2016 01:00:00 PM,14,4,10
11/17/2016 02:00:00 PM,27,16,11
11/17/2016 03:00:00 PM,47,28,19
11/17/2016 04:00:00 PM,86,68,18
11/17/2016 05:00:00 PM,125,104,21
11/17/2016 06:00:00 PM,83,66,17
11/17/2016 07:00:00 PM,29,25,4
11/17/2016 08:00:00 PM,14,12,2
11/17/2016 09:00:00 PM,10,8,2
11/17/2016 10:00:00 PM,1,1,0
11/17/2016 11:00:00 PM,2,2,0
11/18/2016 12:00:00 AM,0,0,0
11/18/2016 01:00:00 AM,2,1,1
11/18/2016 02:00:00 AM,2,1,1
11/18/2016 03:00:00 AM,1,1,0
11/18/2016 04:00:00 AM,6,0,6
11/18/2016 05:00:00 AM,17,3,14
11/18/2016 06:00:00 AM,41,4,37
11/18/2016 07:00:00 AM,95,7,88
11/18/2016 08:00:00 AM,108,8,100
11/18/2016 09:00:00 AM,33,6,27
11/18/2016 10:00:00 AM,25,4,21
11/18/2016 11:00:00 AM,16,4,12
11/18/2016 12:00:00 PM,21,12,9
11/18/2016 01:00:00 PM,21,12,9
11/18/2016 02:00:00 PM,36,20,16
11/18/2016 03:00:00 PM,51,34,17
11/18/2016 04:00:00 PM,66,56,10
11/18/2016 05:00:00 PM,95,79,16
11/18/2016 06:00:00 PM,56,48,8
11/18/2016 07:00:00 PM,20,14,6
11/18/2016 08:00:00 PM,8,3,5
11/18/2016 09:00:00 PM,4,4,0
11/18/2016 10:00:00 PM,3,2,1
11/18/2016 11:00:00 PM,2,1,1
11/19/2016 12:00:00 AM,2,1,1
11/19/2016 01:00:00 AM,0,0,0
11/19/2016 02:00:00 AM,2,1,1
11/19/2016 03:00:00 AM,4,4,0
11/19/2016 04:00:00 AM,4,2,2
11/19/2016 05:00:00 AM,9,0,9
11/19/2016 06:00:00 AM,4,0,4
11/19/2016 07:00:00 AM,2,0,2
11/19/2016 08:00:00 AM,11,4,7
11/19/2016 09:00:00 AM,12,5,7
11/19/2016 10:00:00 AM,15,7,8
11/19/2016 11:00:00 AM,13,3,10
11/19/2016 12:00:00 PM,15,8,7
11/19/2016 01:00:00 PM,24,11,13
11/19/2016 02:00:00 PM,26,10,16
11/19/2016 03:00:00 PM,29,13,16
11/19/2016 04:00:00 PM,16,11,5
11/19/2016 05:00:00 PM,16,9,7
11/19/2016 06:00:00 PM,14,9,5
11/19/2016 07:00:00 PM,3,1,2
11/19/2016 08:00:00 PM,4,3,1
11/19/2016 09:00:00 PM,3,2,1
11/19/2016 10:00:00 PM,4,4,0
11/19/2016 11:00:00 PM,2,1,1
11/20/2016 12:00:00 AM,3,2,1
11/20/2016 01:00:00 AM,1,0,1
11/20/2016 02:00:00 AM,3,1,2
11/20/2016 03:00:00 AM,0,0,0
11/20/2016 04:00:00 AM,2,2,0
11/20/2016 05:00:00 AM,5,1,4
11/20/2016 06:00:00 AM,5,3,2
11/20/2016 07:00:00 AM,3,0,3
11/20/2016 08:00:00 AM,9,3,6
11/20/2016 09:00:00 AM,22,12,10
11/20/2016 10:00:00 AM,10,4,6
11/20/2016 11:00:00 AM,7,2,5
11/20/2016 12:00:00 PM,14,3,11
11/20/2016 01:00:00 PM,12,4,8
11/20/2016 02:00:00 PM,13,4,9
11/20/2016 03:00:00 PM,8,4,4
11/20/2016 04:00:00 PM,10,7,3
11/20/2016 05:00:00 PM,7,5,2
11/20/2016 06:00:00 PM,4,4,0
11/20/2016 07:00:00 PM,1,1,0
11/20/2016 08:00:00 PM,4,2,2
11/20/2016 09:00:00 PM,5,4,1
11/20/2016 10:00:00 PM,2,1,1
11/20/2016 11:00:00 PM,1,1,0
11/21/2016 12:00:00 AM,1,0,1
11/21/2016 01:00:00 AM,2,2,0
11/21/2016 02:00:00 AM,3,2,1
11/21/2016 03:00:00 AM,3,1,2
11/21/2016 04:00:00 AM,4,0,4
11/21/2016 05:00:00 AM,16,1,15
11/21/2016 06:00:00 AM,47,6,41
11/21/2016 07:00:00 AM,106,9,97
11/21/2016 08:00:00 AM,109,5,104
11/21/2016 09:00:00 AM,50,3,47
11/21/2016 10:00:00 AM,17,5,12
11/21/2016 11:00:00 AM,21,7,14
11/21/2016 12:00:00 PM,16,7,9
11/21/2016 01:00:00 PM,18,6,12
11/21/2016 02:00:00 PM,30,18,12
11/21/2016 03:00:00 PM,31,24,7
11/21/2016 04:00:00 PM,69,56,13
11/21/2016 05:00:00 PM,119,107,12
11/21/2016 06:00:00 PM,77,66,11
11/21/2016 07:00:00 PM,39,29,10
11/21/2016 08:00:00 PM,13,8,5
11/21/2016 09:00:00 PM,9,8,1
11/21/2016 10:00:00 PM,6,3,3
11/21/2016 11:00:00 PM,2,2,0
11/22/2016 12:00:00 AM,1,1,0
11/22/2016 01:00:00 AM,4,1,3
11/22/2016 02:00:00 AM,4,3,1
11/22/2016 03:00:00 AM,4,1,3
11/22/2016 04:00:00 AM,3,0,3
11/22/2016 05:00:00 AM,18,1,17
11/22/2016 06:00:00 AM,39,9,30
11/22/2016 07:00:00 AM,82,3,79
11/22/2016 08:00:00 AM,95,10,85
11/22/2016 09:00:00 AM,38,4,34
11/22/2016 10:00:00 AM,15,0,15
11/22/2016 11:00:00 AM,7,3,4
11/22/2016 12:00:00 PM,7,4,3
11/22/2016 01:00:00 PM,15,6,9
11/22/2016 02:00:00 PM,17,10,7
11/22/2016 03:00:00 PM,27,19,8
11/22/2016 04:00:00 PM,42,33,9
11/22/2016 05:00:00 PM,84,72,12
11/22/2016 06:00:00 PM,59,55,4
11/22/2016 07:00:00 PM,25,22,3
11/22/2016 08:00:00 PM,14,11,3
11/22/2016 09:00:00 PM,5,4,1
11/22/2016 10:00:00 PM,6,5,1
11/22/2016 11:00:00 PM,1,1,0
11/23/2016 12:00:00 AM,1,1,0
11/23/2016 01:00:00 AM,1,0,1
11/23/2016 02:00:00 AM,2,2,0
11/23/2016 03:00:00 AM,1,0,1
11/23/2016 04:00:00 AM,4,2,2
11/23/2016 05:00:00 AM,13,1,12
11/23/2016 06:00:00 AM,26,3,23
11/23/2016 07:00:00 AM,72,9,63
11/23/2016 08:00:00 AM,68,4,64
11/23/2016 09:00:00 AM,34,5,29
11/23/2016 10:00:00 AM,11,2,9
11/23/2016 11:00:00 AM,11,4,7
11/23/2016 12:00:00 PM,13,6,7
11/23/2016 01:00:00 PM,25,15,10
11/23/2016 02:00:00 PM,24,18,6
11/23/2016 03:00:00 PM,44,32,12
11/23/2016 04:00:00 PM,58,51,7
11/23/2016 05:00:00 PM,56,47,9
11/23/2016 06:00:00 PM,28,23,5
11/23/2016 07:00:00 PM,10,7,3
11/23/2016 08:00:00 PM,7,5,2
11/23/2016 09:00:00 PM,5,5,0
11/23/2016 10:00:00 PM,3,3,0
11/23/2016 11:00:00 PM,0,0,0
11/24/2016 12:00:00 AM,0,0,0
11/24/2016 01:00:00 AM,4,2,2
11/24/2016 02:00:00 AM,0,0,0
11/24/2016 03:00:00 AM,2,1,1
11/24/2016 04:00:00 AM,0,0,0
11/24/2016 05:00:00 AM,3,2,1
11/24/2016 06:00:00 AM,3,0,3
11/24/2016 07:00:00 AM,1,0,1
11/24/2016 08:00:00 AM,0,0,0
11/24/2016 09:00:00 AM,3,1,2
11/24/2016 10:00:00 AM,7,4,3
11/24/2016 11:00:00 AM,2,0,2
11/24/2016 12:00:00 PM,4,2,2
11/24/2016 01:00:00 PM,6,2,4
11/24/2016 02:00:00 PM,2,0,2
11/24/2016 03:00:00 PM,4,4,0
11/24/2016 04:00:00 PM,3,2,1
11/24/2016 05:00:00 PM,0,0,0
11/24/2016 06:00:00 PM,5,3,2
11/24/2016 07:00:00 PM,1,1,0
11/24/2016 08:00:00 PM,1,0,1
11/24/2016 09:00:00 PM,1,1,0
11/24/2016 10:00:00 PM,0,0,0
11/24/2016 11:00:00 PM,2,2,0
11/25/2016 12:00:00 AM,0,0,0
11/25/2016 01:00:00 AM,2,1,1
11/25/2016 02:00:00 AM,1,1,0
11/25/2016 03:00:00 AM,0,0,0
11/25/2016 04:00:00 AM,0,0,0
11/25/2016 05:00:00 AM,5,0,5
11/25/2016 06:00:00 AM,6,0,6
11/25/2016 07:00:00 AM,17,2,15
11/25/2016 08:00:00 AM,12,0,12
11/25/2016 09:00:00 AM,16,6,10
11/25/2016 10:00:00 AM,18,6,12
11/25/2016 11:00:00 AM,24,16,8
11/25/2016 12:00:00 PM,24,16,8
11/25/2016 01:00:00 PM,48,22,26
11/25/2016 02:00:00 PM,31,19,12
11/25/2016 03:00:00 PM,31,17,14
11/25/2016 04:00:00 PM,22,12,10
11/25/2016 05:00:00 PM,18,12,6
11/25/2016 06:00:00 PM,8,6,2
11/25/2016 07:00:00 PM,3,2,1
11/25/2016 08:00:00 PM,6,6,0
11/25/2016 09:00:00 PM,3,3,0
11/25/2016 10:00:00 PM,3,1,2
11/25/2016 11:00:00 PM,3,2,1
11/26/2016 12:00:00 AM,0,0,0
11/26/2016 01:00:00 AM,1,0,1
11/26/2016 02:00:00 AM,1,0,1
11/26/2016 03:00:00 AM,0,0,0
11/26/2016 04:00:00 AM,4,2,2
11/26/2016 05:00:00 AM,6,1,5
11/26/2016 06:00:00 AM,2,0,2
11/26/2016 07:00:00 AM,5,2,3
11/26/2016 08:00:00 AM,4,0,4
11/26/2016 09:00:00 AM,5,4,1
11/26/2016 10:00:00 AM,1,0,1
11/26/2016 11:00:00 AM,5,1,4
11/26/2016 12:00:00 PM,5,2,3
11/26/2016 01:00:00 PM,17,10,7
11/26/2016 02:00:00 PM,6,0,6
11/26/2016 03:00:00 PM,11,4,7
11/26/2016 04:00:00 PM,13,7,6
11/26/2016 05:00:00 PM,5,4,1
11/26/2016 06:00:00 PM,7,4,3
11/26/2016 07:00:00 PM,4,3,1
11/26/2016 08:00:00 PM,2,2,0
11/26/2016 09:00:00 PM,3,3,0
11/26/2016 10:00:00 PM,0,0,0
11/26/2016 11:00:00 PM,1,1,0
11/27/2016 12:00:00 AM,2,1,1
11/27/2016 01:00:00 AM,1,0,1
11/27/2016 02:00:00 AM,1,1,0
11/27/2016 03:00:00 AM,0,0,0
11/27/2016 04:00:00 AM,4,3,1
11/27/2016 05:00:00 AM,4,0,4
11/27/2016 06:00:00 AM,4,1,3
11/27/2016 07:00:00 AM,3,0,3
11/27/2016 08:00:00 AM,4,3,1
11/27/2016 09:00:00 AM,18,12,6
11/27/2016 10:00:00 AM,15,7,8
11/27/2016 11:00:00 AM,23,5,18
11/27/2016 12:00:00 PM,21,14,7
11/27/2016 01:00:00 PM,11,4,7
11/27/2016 02:00:00 PM,7,7,0
11/27/2016 03:00:00 PM,3,2,1
11/27/2016 04:00:00 PM,6,3,3
11/27/2016 05:00:00 PM,3,2,1
11/27/2016 06:00:00 PM,0,0,0
11/27/2016 07:00:00 PM,3,1,2
11/27/2016 08:00:00 PM,1,1,0
11/27/2016 09:00:00 PM,0,0,0
11/27/2016 10:00:00 PM,2,1,1
11/27/2016 11:00:00 PM,0,0,0
11/28/2016 12:00:00 AM,0,0,0
11/28/2016 01:00:00 AM,0,0,0
11/28/2016 02:00:00 AM,0,0,0
11/28/2016 03:00:00 AM,1,1,0
11/28/2016 04:00:00 AM,3,0,3
11/28/2016 05:00:00 AM,17,1,16
11/28/2016 06:00:00 AM,55,4,51
11/28/2016 07:00:00 AM,106,7,99
11/28/2016 08:00:00 AM,121,5,116
11/28/2016 09:00:00 AM,43,2,41
11/28/2016 10:00:00 AM,18,6,12
11/28/2016 11:00:00 AM,14,6,8
11/28/2016 12:00:00 PM,15,8,7
11/28/2016 01:00:00 PM,13,7,6
11/28/2016 02:00:00 PM,18,8,10
11/28/2016 03:00:00 PM,42,30,12
11/28/2016 04:00:00 PM,69,59,10
11/28/2016 05:00:00 PM,125,112,13
11/28/2016 06:00:00 PM,74,65,9
11/28/2016 07:00:00 PM,24,22,2
11/28/2016 08:00:00 PM,19,14,5
11/28/2016 09:00:00 PM,6,6,0
11/28/2016 10:00:00 PM,9,8,1
11/28/2016 11:00:00 PM,3,2,1
11/29/2016 12:00:00 AM,1,1,0
11/29/2016 01:00:00 AM,0,0,0
11/29/2016 02:00:00 AM,0,0,0
11/29/2016 03:00:00 AM,3,1,2
11/29/2016 04:00:00 AM,5,3,2
11/29/2016 05:00:00 AM,27,1,26
11/29/2016 06:00:00 AM,56,8,48
11/29/2016 07:00:00 AM,114,14,100
11/29/2016 08:00:00 AM,119,8,111
11/29/2016 09:00:00 AM,64,3,61
11/29/2016 10:00:00 AM,22,13,9
11/29/2016 11:00:00 AM,11,4,7
11/29/2016 12:00:00 PM,27,6,21
11/29/2016 01:00:00 PM,14,5,9
11/29/2016 02:00:00 PM,19,14,5
11/29/2016 03:00:00 PM,39,31,8
11/29/2016 04:00:00 PM,53,41,12
11/29/2016 05:00:00 PM,119,105,14
11/29/2016 06:00:00 PM,109,97,12
11/29/2016 07:00:00 PM,35,25,10
11/29/2016 08:00:00 PM,12,10,2
11/29/2016 09:00:00 PM,10,5,5
11/29/2016 10:00:00 PM,7,6,1
11/29/2016 11:00:00 PM,6,5,1
11/30/2016 12:00:00 AM,0,0,0
11/30/2016 01:00:00 AM,2,1,1
11/30/2016 02:00:00 AM,2,0,2
11/30/2016 03:00:00 AM,3,2,1
11/30/2016 04:00:00 AM,1,0,1
11/30/2016 05:00:00 AM,14,0,14
11/30/2016 06:00:00 AM,50,4,46
11/30/2016 07:00:00 AM,86,11,75
11/30/2016 08:00:00 AM,95,3,92
11/30/2016 09:00:00 AM,41,5,36
11/30/2016 10:00:00 AM,11,0,11
11/30/2016 11:00:00 AM,8,4,4
11/30/2016 12:00:00 PM,12,7,5
11/30/2016 01:00:00 PM,10,5,5
11/30/2016 02:00:00 PM,16,9,7
11/30/2016 03:00:00 PM,26,23,3
11/30/2016 04:00:00 PM,57,49,8
11/30/2016 05:00:00 PM,92,83,9
11/30/2016 06:00:00 PM,68,60,8
11/30/2016 07:00:00 PM,33,23,10
11/30/2016 08:00:00 PM,7,6,1
11/30/2016 09:00:00 PM,10,10,0
11/30/2016 10:00:00 PM,3,3,0
11/30/2016 11:00:00 PM,2,1,1
12/01/2016 12:00:00 AM,0,0,0
12/01/2016 01:00:00 AM,0,0,0
12/01/2016 02:00:00 AM,0,0,0
12/01/2016 03:00:00 AM,3,0,3
12/01/2016 04:00:00 AM,6,1,5
12/01/2016 05:00:00 AM,17,0,17
12/01/2016 06:00:00 AM,56,6,50
12/01/2016 07:00:00 AM,93,11,82
12/01/2016 08:00:00 AM,123,7,116
12/01/2016 09:00:00 AM,57,5,52
12/01/2016 10:00:00 AM,20,7,13
12/01/2016 11:00:00 AM,14,3,11
12/01/2016 12:00:00 PM,14,8,6
12/01/2016 01:00:00 PM,20,13,7
12/01/2016 02:00:00 PM,19,9,10
12/01/2016 03:00:00 PM,27,18,9
12/01/2016 04:00:00 PM,68,58,10
12/01/2016 05:00:00 PM,110,102,8
12/01/2016 06:00:00 PM,74,63,11
12/01/2016 07:00:00 PM,46,33,13
12/01/2016 08:00:00 PM,15,13,2
12/01/2016 09:00:00 PM,10,9,1
12/01/2016 10:00:00 PM,4,3,1
12/01/2016 11:00:00 PM,5,1,4
12/02/2016 12:00:00 AM,1,0,1
12/02/2016 01:00:00 AM,0,0,0
12/02/2016 02:00:00 AM,1,1,0
12/02/2016 03:00:00 AM,1,0,1
12/02/2016 04:00:00 AM,1,0,1
12/02/2016 05:00:00 AM,7,0,7
12/02/2016 06:00:00 AM,39,3,36
12/02/2016 07:00:00 AM,56,4,52
12/02/2016 08:00:00 AM,68,3,65
12/02/2016 09:00:00 AM,29,1,28
12/02/2016 10:00:00 AM,8,1,7
12/02/2016 11:00:00 AM,7,3,4
12/02/2016 12:00:00 PM,10,3,7
12/02/2016 01:00:00 PM,5,2,3
12/02/2016 02:00:00 PM,14,9,5
12/02/2016 03:00:00 PM,17,15,2
12/02/2016 04:00:00 PM,38,34,4
12/02/2016 05:00:00 PM,66,64,2
12/02/2016 06:00:00 PM,33,29,4
12/02/2016 07:00:00 PM,6,6,0
12/02/2016 08:00:00 PM,5,4,1
12/02/2016 09:00:00 PM,6,5,1
12/02/2016 10:00:00 PM,3,2,1
12/02/2016 11:00:00 PM,2,2,0
12/03/2016 12:00:00 AM,1,1,0
12/03/2016 01:00:00 AM,1,0,1
12/03/2016 02:00:00 AM,0,0,0
12/03/2016 03:00:00 AM,1,0,1
12/03/2016 04:00:00 AM,4,2,2
12/03/2016 05:00:00 AM,3,0,3
12/03/2016 06:00:00 AM,9,0,9
12/03/2016 07:00:00 AM,4,2,2
12/03/2016 08:00:00 AM,14,5,9
12/03/2016 09:00:00 AM,5,2,3
12/03/2016 10:00:00 AM,21,13,8
12/03/2016 11:00:00 AM,19,6,13
12/03/2016 12:00:00 PM,14,5,9
12/03/2016 01:00:00 PM,25,14,11
12/03/2016 02:00:00 PM,16,7,9
12/03/2016 03:00:00 PM,17,8,9
12/03/2016 04:00:00 PM,13,11,2
12/03/2016 05:00:00 PM,12,8,4
12/03/2016 06:00:00 PM,5,4,1
12/03/2016 07:00:00 PM,7,7,0
12/03/2016 08:00:00 PM,3,0,3
12/03/2016 09:00:00 PM,2,2,0
12/03/2016 10:00:00 PM,0,0,0
12/03/2016 11:00:00 PM,1,1,0
12/04/2016 12:00:00 AM,1,0,1
12/04/2016 01:00:00 AM,0,0,0
12/04/2016 02:00:00 AM,0,0,0
12/04/2016 03:00:00 AM,0,0,0
12/04/2016 04:00:00 AM,3,3,0
12/04/2016 05:00:00 AM,3,0,3
12/04/2016 06:00:00 AM,1,0,1
12/04/2016 07:00:00 AM,3,2,1
12/04/2016 08:00:00 AM,11,6,5
12/04/2016 09:00:00 AM,2,1,1
12/04/2016 10:00:00 AM,12,3,9
12/04/2016 11:00:00 AM,20,11,9
12/04/2016 12:00:00 PM,37,14,23
12/04/2016 01:00:00 PM,46,22,24
12/04/2016 02:00:00 PM,39,19,20
12/04/2016 03:00:00 PM,26,12,14
12/04/2016 04:00:00 PM,26,13,13
12/04/2016 05:00:00 PM,13,5,8
12/04/2016 06:00:00 PM,3,1,2
12/04/2016 07:00:00 PM,0,0,0
12/04/2016 08:00:00 PM,2,1,1
12/04/2016 09:00:00 PM,5,4,1
12/04/2016 10:00:00 PM,1,0,1
12/04/2016 11:00:00 PM,1,0,1
12/05/2016 12:00:00 AM,3,2,1
12/05/2016 01:00:00 AM,1,1,0
12/05/2016 02:00:00 AM,0,0,0
12/05/2016 03:00:00 AM,4,1,3
12/05/2016 04:00:00 AM,0,0,0
12/05/2016 05:00:00 AM,12,0,12
12/05/2016 06:00:00 AM,30,4,26
12/05/2016 07:00:00 AM,54,5,49
12/05/2016 08:00:00 AM,59,6,53
12/05/2016 09:00:00 AM,28,5,23
12/05/2016 10:00:00 AM,5,0,5
12/05/2016 11:00:00 AM,5,1,4
12/05/2016 12:00:00 PM,2,0,2
12/05/2016 01:00:00 PM,10,4,6
12/05/2016 02:00:00 PM,13,8,5
12/05/2016 03:00:00 PM,14,14,0
12/05/2016 04:00:00 PM,46,31,15
12/05/2016 05:00:00 PM,68,63,5
12/05/2016 06:00:00 PM,31,28,3
12/05/2016 07:00:00 PM,18,15,3
12/05/2016 08:00:00 PM,8,6,2
12/05/2016 09:00:00 PM,3,2,1
12/05/2016 10:00:00 PM,3,3,0
12/05/2016 11:00:00 PM,0,0,0
12/06/2016 12:00:00 AM,0,0,0
12/06/2016 01:00:00 AM,1,1,0
12/06/2016 02:00:00 AM,0,0,0
12/06/2016 03:00:00 AM,2,1,1
12/06/2016 04:00:00 AM,2,0,2
12/06/2016 05:00:00 AM,12,0,12
12/06/2016 06:00:00 AM,18,3,15
12/06/2016 07:00:00 AM,55,5,50
12/06/2016 08:00:00 AM,92,2,90
12/06/2016 09:00:00 AM,34,4,30
12/06/2016 10:00:00 AM,9,2,7
12/06/2016 11:00:00 AM,13,2,11
12/06/2016 12:00:00 PM,6,5,1
12/06/2016 01:00:00 PM,16,5,11
12/06/2016 02:00:00 PM,11,7,4
12/06/2016 03:00:00 PM,28,19,9
12/06/2016 04:00:00 PM,46,33,13
12/06/2016 05:00:00 PM,68,65,3
12/06/2016 06:00:00 PM,48,42,6
12/06/2016 07:00:00 PM,20,15,5
12/06/2016 08:00:00 PM,9,9,0
12/06/2016 09:00:00 PM,9,8,1
12/06/2016 10:00:00 PM,2,2,0
12/06/2016 11:00:00 PM,2,2,0
12/07/2016 12:00:00 AM,1,1,0
12/07/2016 01:00:00 AM,0,0,0
12/07/2016 02:00:00 AM,5,2,3
12/07/2016 03:00:00 AM,2,1,1
12/07/2016 04:00:00 AM,2,0,2
12/07/2016 05:00:00 AM,13,3,10
12/07/2016 06:00:00 AM,26,2,24
12/07/2016 07:00:00 AM,62,10,52
12/07/2016 08:00:00 AM,75,7,68
12/07/2016 09:00:00 AM,28,5,23
12/07/2016 10:00:00 AM,11,2,9
12/07/2016 11:00:00 AM,15,5,10
12/07/2016 12:00:00 PM,14,5,9
12/07/2016 01:00:00 PM,12,3,9
12/07/2016 02:00:00 PM,13,5,8
12/07/2016 03:00:00 PM,23,16,7
12/07/2016 04:00:00 PM,43,34,9
12/07/2016 05:00:00 PM,67,53,14
12/07/2016 06:00:00 PM,40,36,4
12/07/2016 07:00:00 PM,28,24,4
12/07/2016 08:00:00 PM,8,6,2
12/07/2016 09:00:00 PM,10,8,2
12/07/2016 10:00:00 PM,5,4,1
12/07/2016 11:00:00 PM,1,0,1
12/08/2016 12:00:00 AM,1,1,0
12/08/2016 01:00:00 AM,0,0,0
12/08/2016 02:00:00 AM,1,1,0
12/08/2016 03:00:00 AM,2,1,1
12/08/2016 04:00:00 AM,2,0,2
12/08/2016 05:00:00 AM,10,1,9
12/08/2016 06:00:00 AM,27,4,23
12/08/2016 07:00:00 AM,45,3,42
12/08/2016 08:00:00 AM,63,6,57
12/08/2016 09:00:00 AM,27,3,24
12/08/2016 10:00:00 AM,9,0,9
12/08/2016 11:00:00 AM,8,3,5
12/08/2016 12:00:00 PM,8,5,3
12/08/2016 01:00:00 PM,8,4,4
12/08/2016 02:00:00 PM,17,13,4
12/08/2016 03:00:00 PM,20,11,9
12/08/2016 04:00:00 PM,40,34,6
12/08/2016 05:00:00 PM,62,56,6
12/08/2016 06:00:00 PM,36,33,3
12/08/2016 07:00:00 PM,13,11,2
12/08/2016 08:00:00 PM,5,4,1
12/08/2016 09:00:00 PM,5,5,0
12/08/2016 10:00:00 PM,2,1,1
12/08/2016 11:00:00 PM,1,1,0
12/09/2016 12:00:00 AM,0,0,0
12/09/2016 01:00:00 AM,3,2,1
12/09/2016 02:00:00 AM,0,0,0
12/09/2016 03:00:00 AM,0,0,0
12/09/2016 04:00:00 AM,0,0,0
12/09/2016 05:00:00 AM,6,0,6
12/09/2016 06:00:00 AM,7,1,6
12/09/2016 07:00:00 AM,9,0,9
12/09/2016 08:00:00 AM,17,0,17
12/09/2016 09:00:00 AM,16,2,14
12/09/2016 10:00:00 AM,7,0,7
12/09/2016 11:00:00 AM,2,1,1
12/09/2016 12:00:00 PM,1,0,1
12/09/2016 01:00:00 PM,1,1,0
12/09/2016 02:00:00 PM,2,1,1
12/09/2016 03:00:00 PM,10,8,2
12/09/2016 04:00:00 PM,17,14,3
12/09/2016 05:00:00 PM,16,14,2
12/09/2016 06:00:00 PM,19,17,2
12/09/2016 07:00:00 PM,5,4,1
12/09/2016 08:00:00 PM,0,0,0
12/09/2016 09:00:00 PM,2,2,0
12/09/2016 10:00:00 PM,2,1,1
12/09/2016 11:00:00 PM,0,0,0
12/10/2016 12:00:00 AM,0,0,0
12/10/2016 01:00:00 AM,0,0,0
12/10/2016 02:00:00 AM,0,0,0
12/10/2016 03:00:00 AM,0,0,0
12/10/2016 04:00:00 AM,1,0,1
12/10/2016 05:00:00 AM,1,0,1
12/10/2016 06:00:00 AM,2,0,2
12/10/2016 07:00:00 AM,3,1,2
12/10/2016 08:00:00 AM,9,4,5
12/10/2016 09:00:00 AM,10,4,6
12/10/2016 10:00:00 AM,12,4,8
12/10/2016 11:00:00 AM,5,3,2
12/10/2016 12:00:00 PM,9,5,4
12/10/2016 01:00:00 PM,7,3,4
12/10/2016 02:00:00 PM,5,3,2
12/10/2016 03:00:00 PM,6,4,2
12/10/2016 04:00:00 PM,11,7,4
12/10/2016 05:00:00 PM,3,2,1
12/10/2016 06:00:00 PM,7,3,4
12/10/2016 07:00:00 PM,3,2,1
12/10/2016 08:00:00 PM,0,0,0
12/10/2016 09:00:00 PM,2,1,1
12/10/2016 10:00:00 PM,3,3,0
12/10/2016 11:00:00 PM,1,0,1
12/11/2016 12:00:00 AM,3,1,2
12/11/2016 01:00:00 AM,1,0,1
12/11/2016 02:00:00 AM,0,0,0
12/11/2016 03:00:00 AM,0,0,0
12/11/2016 04:00:00 AM,1,1,0
12/11/2016 05:00:00 AM,3,0,3
12/11/2016 06:00:00 AM,1,0,1
12/11/2016 07:00:00 AM,1,1,0
12/11/2016 08:00:00 AM,2,0,2
12/11/2016 09:00:00 AM,5,4,1
12/11/2016 10:00:00 AM,18,9,9
12/11/2016 11:00:00 AM,8,6,2
12/11/2016 12:00:00 PM,17,5,12
12/11/2016 01:00:00 PM,7,2,5
12/11/2016 02:00:00 PM,9,3,6
12/11/2016 03:00:00 PM,6,3,3
12/11/2016 04:00:00 PM,6,4,2
12/11/2016 05:00:00 PM,5,3,2
12/11/2016 06:00:00 PM,2,1,1
12/11/2016 07:00:00 PM,1,1,0
12/11/2016 08:00:00 PM,5,1,4
12/11/2016 09:00:00 PM,5,3,2
12/11/2016 10:00:00 PM,0,0,0
12/11/2016 11:00:00 PM,1,1,0
12/12/2016 12:00:00 AM,0,0,0
12/12/2016 01:00:00 AM,0,0,0
12/12/2016 02:00:00 AM,1,0,1
12/12/2016 03:00:00 AM,2,1,1
12/12/2016 04:00:00 AM,5,0,5
12/12/2016 05:00:00 AM,14,1,13
12/12/2016 06:00:00 AM,32,0,32
12/12/2016 07:00:00 AM,62,5,57
12/12/2016 08:00:00 AM,92,7,85
12/12/2016 09:00:00 AM,36,6,30
12/12/2016 10:00:00 AM,16,3,13
12/12/2016 11:00:00 AM,10,3,7
12/12/2016 12:00:00 PM,5,2,3
12/12/2016 01:00:00 PM,8,5,3
12/12/2016 02:00:00 PM,14,6,8
12/12/2016 03:00:00 PM,18,16,2
12/12/2016 04:00:00 PM,49,42,7
12/12/2016 05:00:00 PM,90,83,7
12/12/2016 06:00:00 PM,49,45,4
12/12/2016 07:00:00 PM,20,18,2
12/12/2016 08:00:00 PM,8,6,2
12/12/2016 09:00:00 PM,11,11,0
12/12/2016 10:00:00 PM,2,2,0
12/12/2016 11:00:00 PM,6,4,2
12/13/2016 12:00:00 AM,2,1,1
12/13/2016 01:00:00 AM,0,0,0
12/13/2016 02:00:00 AM,1,1,0
12/13/2016 03:00:00 AM,3,1,2
12/13/2016 04:00:00 AM,1,0,1
12/13/2016 05:00:00 AM,16,1,15
12/13/2016 06:00:00 AM,39,2,37
12/13/2016 07:00:00 AM,68,7,61
12/13/2016 08:00:00 AM,104,9,95
12/13/2016 09:00:00 AM,41,6,35
12/13/2016 10:00:00 AM,26,6,20
12/13/2016 11:00:00 AM,12,5,7
12/13/2016 12:00:00 PM,6,1,5
12/13/2016 01:00:00 PM,8,3,5
12/13/2016 02:00:00 PM,15,10,5
12/13/2016 03:00:00 PM,26,16,10
12/13/2016 04:00:00 PM,52,43,9
12/13/2016 05:00:00 PM,97,87,10
12/13/2016 06:00:00 PM,54,47,7
12/13/2016 07:00:00 PM,26,22,4
12/13/2016 08:00:00 PM,7,6,1
12/13/2016 09:00:00 PM,10,8,2
12/13/2016 10:00:00 PM,2,1,1
12/13/2016 11:00:00 PM,4,3,1
12/14/2016 12:00:00 AM,0,0,0
12/14/2016 01:00:00 AM,2,1,1
12/14/2016 02:00:00 AM,2,2,0
12/14/2016 03:00:00 AM,2,1,1
12/14/2016 04:00:00 AM,2,1,1
12/14/2016 05:00:00 AM,9,0,9
12/14/2016 06:00:00 AM,33,4,29
12/14/2016 07:00:00 AM,55,4,51
12/14/2016 08:00:00 AM,59,8,51
12/14/2016 09:00:00 AM,46,5,41
12/14/2016 10:00:00 AM,12,3,9
12/14/2016 11:00:00 AM,10,1,9
12/14/2016 12:00:00 PM,9,2,7
12/14/2016 01:00:00 PM,10,6,4
12/14/2016 02:00:00 PM,10,5,5
12/14/2016 03:00:00 PM,16,11,5
12/14/2016 04:00:00 PM,38,30,8
12/14/2016 05:00:00 PM,82,72,10
12/14/2016 06:00:00 PM,46,42,4
12/14/2016 07:00:00 PM,17,11,6
12/14/2016 08:00:00 PM,14,13,1
12/14/2016 09:00:00 PM,3,3,0
12/14/2016 10:00:00 PM,4,3,1
12/14/2016 11:00:00 PM,6,3,3
12/15/2016 12:00:00 AM,0,0,0
12/15/2016 01:00:00 AM,2,1,1
12/15/2016 02:00:00 AM,1,0,1
12/15/2016 03:00:00 AM,1,0,1
12/15/2016 04:00:00 AM,1,0,1
12/15/2016 05:00:00 AM,7,1,6
12/15/2016 06:00:00 AM,27,2,25
12/15/2016 07:00:00 AM,54,6,48
12/15/2016 08:00:00 AM,82,4,78
12/15/2016 09:00:00 AM,37,3,34
12/15/2016 10:00:00 AM,11,1,10
12/15/2016 11:00:00 AM,7,1,6
12/15/2016 12:00:00 PM,16,6,10
12/15/2016 01:00:00 PM,11,6,5
12/15/2016 02:00:00 PM,14,8,6
12/15/2016 03:00:00 PM,30,20,10
12/15/2016 04:00:00 PM,43,35,8
12/15/2016 05:00:00 PM,79,67,12
12/15/2016 06:00:00 PM,62,50,12
12/15/2016 07:00:00 PM,19,12,7
12/15/2016 08:00:00 PM,4,4,0
12/15/2016 09:00:00 PM,15,13,2
12/15/2016 10:00:00 PM,3,1,2
12/15/2016 11:00:00 PM,2,2,0
12/16/2016 12:00:00 AM,1,1,0
12/16/2016 01:00:00 AM,1,1,0
12/16/2016 02:00:00 AM,2,1,1
12/16/2016 03:00:00 AM,1,0,1
12/16/2016 04:00:00 AM,1,0,1
12/16/2016 05:00:00 AM,7,1,6
12/16/2016 06:00:00 AM,14,0,14
12/16/2016 07:00:00 AM,46,4,42
12/16/2016 08:00:00 AM,57,3,54
12/16/2016 09:00:00 AM,25,3,22
12/16/2016 10:00:00 AM,13,6,7
12/16/2016 11:00:00 AM,12,5,7
12/16/2016 12:00:00 PM,11,6,5
12/16/2016 01:00:00 PM,11,6,5
12/16/2016 02:00:00 PM,14,9,5
12/16/2016 03:00:00 PM,20,14,6
12/16/2016 04:00:00 PM,31,26,5
12/16/2016 05:00:00 PM,45,39,6
12/16/2016 06:00:00 PM,34,27,7
12/16/2016 07:00:00 PM,12,9,3
12/16/2016 08:00:00 PM,2,2,0
12/16/2016 09:00:00 PM,1,1,0
12/16/2016 10:00:00 PM,3,2,1
12/16/2016 11:00:00 PM,3,3,0
12/17/2016 12:00:00 AM,0,0,0
12/17/2016 01:00:00 AM,2,1,1
12/17/2016 02:00:00 AM,0,0,0
12/17/2016 03:00:00 AM,0,0,0
12/17/2016 04:00:00 AM,1,0,1
12/17/2016 05:00:00 AM,1,0,1
12/17/2016 06:00:00 AM,3,0,3
12/17/2016 07:00:00 AM,2,0,2
12/17/2016 08:00:00 AM,3,1,2
12/17/2016 09:00:00 AM,12,3,9
12/17/2016 10:00:00 AM,9,6,3
12/17/2016 11:00:00 AM,13,2,11
12/17/2016 12:00:00 PM,10,2,8
12/17/2016 01:00:00 PM,9,4,5
12/17/2016 02:00:00 PM,14,7,7
12/17/2016 03:00:00 PM,8,4,4
12/17/2016 04:00:00 PM,12,9,3
12/17/2016 05:00:00 PM,5,1,4
12/17/2016 06:00:00 PM,10,6,4
12/17/2016 07:00:00 PM,2,1,1
12/17/2016 08:00:00 PM,1,1,0
12/17/2016 09:00:00 PM,2,2,0
12/17/2016 10:00:00 PM,5,3,2
12/17/2016 11:00:00 PM,5,2,3
12/18/2016 12:00:00 AM,3,3,0
12/18/2016 01:00:00 AM,5,2,3
12/18/2016 02:00:00 AM,2,0,2
12/18/2016 03:00:00 AM,1,0,1
12/18/2016 04:00:00 AM,1,1,0
12/18/2016 05:00:00 AM,3,0,3
12/18/2016 06:00:00 AM,3,3,0
12/18/2016 07:00:00 AM,2,1,1
12/18/2016 08:00:00 AM,6,3,3
12/18/2016 09:00:00 AM,5,0,5
12/18/2016 10:00:00 AM,11,4,7
12/18/2016 11:00:00 AM,9,1,8
12/18/2016 12:00:00 PM,5,3,2
12/18/2016 01:00:00 PM,12,6,6
12/18/2016 02:00:00 PM,6,4,2
12/18/2016 03:00:00 PM,18,10,8
12/18/2016 04:00:00 PM,21,11,10
12/18/2016 05:00:00 PM,17,10,7
12/18/2016 06:00:00 PM,4,3,1
12/18/2016 07:00:00 PM,3,1,2
12/18/2016 08:00:00 PM,5,1,4
12/18/2016 09:00:00 PM,3,2,1
12/18/2016 10:00:00 PM,1,1,0
12/18/2016 11:00:00 PM,1,0,1
12/19/2016 12:00:00 AM,2,1,1
12/19/2016 01:00:00 AM,1,1,0
12/19/2016 02:00:00 AM,0,0,0
12/19/2016 03:00:00 AM,1,0,1
12/19/2016 04:00:00 AM,3,1,2
12/19/2016 05:00:00 AM,6,0,6
12/19/2016 06:00:00 AM,24,3,21
12/19/2016 07:00:00 AM,50,5,45
12/19/2016 08:00:00 AM,54,1,53
12/19/2016 09:00:00 AM,27,2,25
12/19/2016 10:00:00 AM,12,1,11
12/19/2016 11:00:00 AM,2,1,1
12/19/2016 12:00:00 PM,7,4,3
12/19/2016 01:00:00 PM,6,2,4
12/19/2016 02:00:00 PM,10,7,3
12/19/2016 03:00:00 PM,15,11,4
12/19/2016 04:00:00 PM,27,22,5
12/19/2016 05:00:00 PM,66,60,6
12/19/2016 06:00:00 PM,38,32,6
12/19/2016 07:00:00 PM,15,13,2
12/19/2016 08:00:00 PM,6,3,3
12/19/2016 09:00:00 PM,4,3,1
12/19/2016 10:00:00 PM,0,0,0
12/19/2016 11:00:00 PM,0,0,0
12/20/2016 12:00:00 AM,3,3,0
12/20/2016 01:00:00 AM,1,0,1
12/20/2016 02:00:00 AM,6,4,2
12/20/2016 03:00:00 AM,2,1,1
12/20/2016 04:00:00 AM,2,0,2
12/20/2016 05:00:00 AM,13,2,11
12/20/2016 06:00:00 AM,30,4,26
12/20/2016 07:00:00 AM,53,8,45
12/20/2016 08:00:00 AM,64,4,60
12/20/2016 09:00:00 AM,25,2,23
12/20/2016 10:00:00 AM,12,4,8
12/20/2016 11:00:00 AM,8,4,4
12/20/2016 12:00:00 PM,10,5,5
12/20/2016 01:00:00 PM,13,7,6
12/20/2016 02:00:00 PM,12,7,5
12/20/2016 03:00:00 PM,21,12,9
12/20/2016 04:00:00 PM,41,34,7
12/20/2016 05:00:00 PM,74,68,6
12/20/2016 06:00:00 PM,43,38,5
12/20/2016 07:00:00 PM,8,7,1
12/20/2016 08:00:00 PM,3,2,1
12/20/2016 09:00:00 PM,5,3,2
12/20/2016 10:00:00 PM,3,1,2
12/20/2016 11:00:00 PM,2,2,0
12/21/2016 12:00:00 AM,0,0,0
12/21/2016 01:00:00 AM,1,1,0
12/21/2016 02:00:00 AM,0,0,0
12/21/2016 03:00:00 AM,6,4,2
12/21/2016 04:00:00 AM,2,1,1
12/21/2016 05:00:00 AM,12,1,11
12/21/2016 06:00:00 AM,37,2,35
12/21/2016 07:00:00 AM,64,7,57
12/21/2016 08:00:00 AM,63,4,59
12/21/2016 09:00:00 AM,40,8,32
12/21/2016 10:00:00 AM,16,2,14
12/21/2016 11:00:00 AM,13,3,10
12/21/2016 12:00:00 PM,9,2,7
12/21/2016 01:00:00 PM,18,10,8
12/21/2016 02:00:00 PM,20,12,8
12/21/2016 03:00:00 PM,23,17,6
12/21/2016 04:00:00 PM,50,43,7
12/21/2016 05:00:00 PM,70,60,10
12/21/2016 06:00:00 PM,49,36,13
12/21/2016 07:00:00 PM,11,7,4
12/21/2016 08:00:00 PM,16,13,3
12/21/2016 09:00:00 PM,7,6,1
12/21/2016 10:00:00 PM,4,3,1
12/21/2016 11:00:00 PM,2,1,1
12/22/2016 12:00:00 AM,2,1,1
12/22/2016 01:00:00 AM,1,1,0
12/22/2016 02:00:00 AM,0,0,0
12/22/2016 03:00:00 AM,0,0,0
12/22/2016 04:00:00 AM,1,0,1
12/22/2016 05:00:00 AM,12,3,9
12/22/2016 06:00:00 AM,27,1,26
12/22/2016 07:00:00 AM,49,7,42
12/22/2016 08:00:00 AM,54,1,53
12/22/2016 09:00:00 AM,27,0,27
12/22/2016 10:00:00 AM,17,2,15
12/22/2016 11:00:00 AM,9,3,6
12/22/2016 12:00:00 PM,5,2,3
12/22/2016 01:00:00 PM,10,3,7
12/22/2016 02:00:00 PM,11,6,5
12/22/2016 03:00:00 PM,20,15,5
12/22/2016 04:00:00 PM,43,36,7
12/22/2016 05:00:00 PM,40,37,3
12/22/2016 06:00:00 PM,30,25,5
12/22/2016 07:00:00 PM,15,11,4
12/22/2016 08:00:00 PM,3,3,0
12/22/2016 09:00:00 PM,5,4,1
12/22/2016 10:00:00 PM,3,2,1
12/22/2016 11:00:00 PM,1,1,0
12/23/2016 12:00:00 AM,1,1,0
12/23/2016 01:00:00 AM,0,0,0
12/23/2016 02:00:00 AM,0,0,0
12/23/2016 03:00:00 AM,1,0,1
12/23/2016 04:00:00 AM,1,0,1
12/23/2016 05:00:00 AM,5,0,5
12/23/2016 06:00:00 AM,12,2,10
12/23/2016 07:00:00 AM,14,2,12
12/23/2016 08:00:00 AM,22,1,21
12/23/2016 09:00:00 AM,6,1,5
12/23/2016 10:00:00 AM,5,1,4
12/23/2016 11:00:00 AM,2,1,1
12/23/2016 12:00:00 PM,3,2,1
12/23/2016 01:00:00 PM,5,4,1
12/23/2016 02:00:00 PM,8,6,2
12/23/2016 03:00:00 PM,9,7,2
12/23/2016 04:00:00 PM,12,10,2
12/23/2016 05:00:00 PM,15,14,1
12/23/2016 06:00:00 PM,3,3,0
12/23/2016 07:00:00 PM,2,2,0
12/23/2016 08:00:00 PM,4,3,1
12/23/2016 09:00:00 PM,1,1,0
12/23/2016 10:00:00 PM,0,0,0
12/23/2016 11:00:00 PM,0,0,0
12/24/2016 12:00:00 AM,2,0,2
12/24/2016 01:00:00 AM,1,0,1
12/24/2016 02:00:00 AM,1,1,0
12/24/2016 03:00:00 AM,0,0,0
12/24/2016 04:00:00 AM,1,0,1
12/24/2016 05:00:00 AM,5,1,4
12/24/2016 06:00:00 AM,1,0,1
12/24/2016 07:00:00 AM,2,0,2
12/24/2016 08:00:00 AM,11,2,9
12/24/2016 09:00:00 AM,10,4,6
12/24/2016 10:00:00 AM,6,3,3
12/24/2016 11:00:00 AM,10,4,6
12/24/2016 12:00:00 PM,15,6,9
12/24/2016 01:00:00 PM,8,5,3
12/24/2016 02:00:00 PM,16,9,7
12/24/2016 03:00:00 PM,12,7,5
12/24/2016 04:00:00 PM,13,7,6
12/24/2016 05:00:00 PM,7,4,3
12/24/2016 06:00:00 PM,11,8,3
12/24/2016 07:00:00 PM,3,0,3
12/24/2016 08:00:00 PM,0,0,0
12/24/2016 09:00:00 PM,2,2,0
12/24/2016 10:00:00 PM,0,0,0
12/24/2016 11:00:00 PM,0,0,0
12/25/2016 12:00:00 AM,1,1,0
12/25/2016 01:00:00 AM,1,0,1
12/25/2016 02:00:00 AM,0,0,0
12/25/2016 03:00:00 AM,1,1,0
12/25/2016 04:00:00 AM,0,0,0
12/25/2016 05:00:00 AM,3,0,3
12/25/2016 06:00:00 AM,0,0,0
12/25/2016 07:00:00 AM,1,0,1
12/25/2016 08:00:00 AM,41,19,22
12/25/2016 09:00:00 AM,10,5,5
12/25/2016 10:00:00 AM,3,0,3
12/25/2016 11:00:00 AM,5,4,1
12/25/2016 12:00:00 PM,26,18,8
12/25/2016 01:00:00 PM,35,10,25
12/25/2016 02:00:00 PM,24,10,14
12/25/2016 03:00:00 PM,19,12,7
12/25/2016 04:00:00 PM,8,2,6
12/25/2016 05:00:00 PM,2,1,1
12/25/2016 06:00:00 PM,0,0,0
12/25/2016 07:00:00 PM,1,0,1
12/25/2016 08:00:00 PM,1,0,1
12/25/2016 09:00:00 PM,3,1,2
12/25/2016 10:00:00 PM,0,0,0
12/25/2016 11:00:00 PM,1,0,1
12/26/2016 12:00:00 AM,0,0,0
12/26/2016 01:00:00 AM,2,0,2
12/26/2016 02:00:00 AM,0,0,0
12/26/2016 03:00:00 AM,0,0,0
12/26/2016 04:00:00 AM,1,1,0
12/26/2016 05:00:00 AM,2,0,2
12/26/2016 06:00:00 AM,3,0,3
12/26/2016 07:00:00 AM,7,2,5
12/26/2016 08:00:00 AM,10,4,6
12/26/2016 09:00:00 AM,12,2,10
12/26/2016 10:00:00 AM,18,5,13
12/26/2016 11:00:00 AM,10,4,6
12/26/2016 12:00:00 PM,8,6,2
12/26/2016 01:00:00 PM,13,7,6
12/26/2016 02:00:00 PM,14,5,9
12/26/2016 03:00:00 PM,13,5,8
12/26/2016 04:00:00 PM,11,9,2
12/26/2016 05:00:00 PM,5,4,1
12/26/2016 06:00:00 PM,5,2,3
12/26/2016 07:00:00 PM,0,0,0
12/26/2016 08:00:00 PM,2,1,1
12/26/2016 09:00:00 PM,3,2,1
12/26/2016 10:00:00 PM,0,0,0
12/26/2016 11:00:00 PM,1,1,0
12/27/2016 12:00:00 AM,1,1,0
12/27/2016 01:00:00 AM,0,0,0
12/27/2016 02:00:00 AM,1,0,1
12/27/2016 03:00:00 AM,1,1,0
12/27/2016 04:00:00 AM,1,0,1
12/27/2016 05:00:00 AM,9,1,8
12/27/2016 06:00:00 AM,11,1,10
12/27/2016 07:00:00 AM,40,3,37
12/27/2016 08:00:00 AM,35,4,31
12/27/2016 09:00:00 AM,24,1,23
12/27/2016 10:00:00 AM,9,3,6
12/27/2016 11:00:00 AM,14,4,10
12/27/2016 12:00:00 PM,7,3,4
12/27/2016 01:00:00 PM,7,3,4
12/27/2016 02:00:00 PM,11,9,2
12/27/2016 03:00:00 PM,12,6,6
12/27/2016 04:00:00 PM,35,27,8
12/27/2016 05:00:00 PM,44,37,7
12/27/2016 06:00:00 PM,27,21,6
12/27/2016 07:00:00 PM,4,4,0
12/27/2016 08:00:00 PM,3,3,0
12/27/2016 09:00:00 PM,6,5,1
12/27/2016 10:00:00 PM,1,1,0
12/27/2016 11:00:00 PM,1,1,0
12/28/2016 12:00:00 AM,0,0,0
12/28/2016 01:00:00 AM,2,1,1
12/28/2016 02:00:00 AM,2,2,0
12/28/2016 03:00:00 AM,0,0,0
12/28/2016 04:00:00 AM,1,1,0
12/28/2016 05:00:00 AM,11,1,10
12/28/2016 06:00:00 AM,30,4,26
12/28/2016 07:00:00 AM,40,3,37
12/28/2016 08:00:00 AM,50,6,44
12/28/2016 09:00:00 AM,34,4,30
12/28/2016 10:00:00 AM,16,7,9
12/28/2016 11:00:00 AM,17,6,11
12/28/2016 12:00:00 PM,15,5,10
12/28/2016 01:00:00 PM,18,8,10
12/28/2016 02:00:00 PM,20,11,9
12/28/2016 03:00:00 PM,24,18,6
12/28/2016 04:00:00 PM,36,25,11
12/28/2016 05:00:00 PM,62,54,8
12/28/2016 06:00:00 PM,25,21,4
12/28/2016 07:00:00 PM,11,8,3
12/28/2016 08:00:00 PM,5,5,0
12/28/2016 09:00:00 PM,5,5,0
12/28/2016 10:00:00 PM,1,1,0
12/28/2016 11:00:00 PM,2,2,0
12/29/2016 12:00:00 AM,0,0,0
12/29/2016 01:00:00 AM,0,0,0
12/29/2016 02:00:00 AM,0,0,0
12/29/2016 03:00:00 AM,2,0,2
12/29/2016 04:00:00 AM,2,1,1
12/29/2016 05:00:00 AM,6,0,6
12/29/2016 06:00:00 AM,25,4,21
12/29/2016 07:00:00 AM,39,5,34
12/29/2016 08:00:00 AM,49,2,47
12/29/2016 09:00:00 AM,30,4,26
12/29/2016 10:00:00 AM,6,1,5
12/29/2016 11:00:00 AM,10,3,7
12/29/2016 12:00:00 PM,6,3,3
12/29/2016 01:00:00 PM,10,7,3
12/29/2016 02:00:00 PM,7,3,4
12/29/2016 03:00:00 PM,14,10,4
12/29/2016 04:00:00 PM,35,30,5
12/29/2016 05:00:00 PM,48,44,4
12/29/2016 06:00:00 PM,27,23,4
12/29/2016 07:00:00 PM,31,27,4
12/29/2016 08:00:00 PM,5,4,1
12/29/2016 09:00:00 PM,5,3,2
12/29/2016 10:00:00 PM,5,1,4
12/29/2016 11:00:00 PM,13,3,10
12/30/2016 12:00:00 AM,12,1,11
12/30/2016 01:00:00 AM,0,0,0
12/30/2016 02:00:00 AM,2,1,1
12/30/2016 03:00:00 AM,1,1,0
12/30/2016 04:00:00 AM,1,0,1
12/30/2016 05:00:00 AM,4,0,4
12/30/2016 06:00:00 AM,9,3,6
12/30/2016 07:00:00 AM,25,4,21
12/30/2016 08:00:00 AM,35,0,35
12/30/2016 09:00:00 AM,19,6,13
12/30/2016 10:00:00 AM,18,3,15
12/30/2016 11:00:00 AM,9,4,5
12/30/2016 12:00:00 PM,18,8,10
12/30/2016 01:00:00 PM,19,4,15
12/30/2016 02:00:00 PM,30,21,9
12/30/2016 03:00:00 PM,34,24,10
12/30/2016 04:00:00 PM,27,21,6
12/30/2016 05:00:00 PM,34,26,8
12/30/2016 06:00:00 PM,10,8,2
12/30/2016 07:00:00 PM,9,6,3
12/30/2016 08:00:00 PM,4,1,3
12/30/2016 09:00:00 PM,2,2,0
12/30/2016 10:00:00 PM,2,1,1
12/30/2016 11:00:00 PM,1,1,0
12/31/2016 12:00:00 AM,0,0,0
12/31/2016 01:00:00 AM,0,0,0
12/31/2016 02:00:00 AM,0,0,0
12/31/2016 03:00:00 AM,1,0,1
12/31/2016 04:00:00 AM,2,1,1
12/31/2016 05:00:00 AM,2,0,2
12/31/2016 06:00:00 AM,3,0,3
12/31/2016 07:00:00 AM,4,1,3
12/31/2016 08:00:00 AM,5,1,4
12/31/2016 09:00:00 AM,4,2,2
12/31/2016 10:00:00 AM,12,4,8
12/31/2016 11:00:00 AM,6,2,4
12/31/2016 12:00:00 PM,17,12,5
12/31/2016 01:00:00 PM,10,5,5
12/31/2016 02:00:00 PM,12,7,5
12/31/2016 03:00:00 PM,6,4,2
12/31/2016 04:00:00 PM,8,4,4
12/31/2016 05:00:00 PM,3,1,2
12/31/2016 06:00:00 PM,1,0,1
12/31/2016 07:00:00 PM,5,3,2
12/31/2016 08:00:00 PM,1,1,0
12/31/2016 09:00:00 PM,2,1,1
12/31/2016 10:00:00 PM,5,1,4
12/31/2016 11:00:00 PM,1,1,0
01/01/2017 12:00:00 AM,2,0,2
01/01/2017 01:00:00 AM,0,0,0
01/01/2017 02:00:00 AM,1,1,0
01/01/2017 03:00:00 AM,3,3,0
01/01/2017 04:00:00 AM,0,0,0
01/01/2017 05:00:00 AM,4,2,2
01/01/2017 06:00:00 AM,1,0,1
01/01/2017 07:00:00 AM,3,1,2
01/01/2017 08:00:00 AM,0,0,0
01/01/2017 09:00:00 AM,1,0,1
01/01/2017 10:00:00 AM,4,4,0
01/01/2017 11:00:00 AM,3,1,2
01/01/2017 12:00:00 PM,4,3,1
01/01/2017 01:00:00 PM,9,3,6
01/01/2017 02:00:00 PM,11,3,8
01/01/2017 03:00:00 PM,12,8,4
01/01/2017 04:00:00 PM,8,4,4
01/01/2017 05:00:00 PM,2,0,2
01/01/2017 06:00:00 PM,4,3,1
01/01/2017 07:00:00 PM,3,1,2
01/01/2017 08:00:00 PM,2,2,0
01/01/2017 09:00:00 PM,3,2,1
01/01/2017 10:00:00 PM,0,0,0
01/01/2017 11:00:00 PM,0,0,0
01/02/2017 12:00:00 AM,0,0,0
01/02/2017 01:00:00 AM,0,0,0
01/02/2017 02:00:00 AM,1,1,0
01/02/2017 03:00:00 AM,0,0,0
01/02/2017 04:00:00 AM,3,2,1
01/02/2017 05:00:00 AM,2,0,2
01/02/2017 06:00:00 AM,1,0,1
01/02/2017 07:00:00 AM,4,1,3
01/02/2017 08:00:00 AM,7,0,7
01/02/2017 09:00:00 AM,7,0,7
01/02/2017 10:00:00 AM,10,4,6
01/02/2017 11:00:00 AM,10,5,5
01/02/2017 12:00:00 PM,8,6,2
01/02/2017 01:00:00 PM,20,6,14
01/02/2017 02:00:00 PM,25,11,14
01/02/2017 03:00:00 PM,13,8,5
01/02/2017 04:00:00 PM,17,8,9
01/02/2017 05:00:00 PM,15,7,8
01/02/2017 06:00:00 PM,5,5,0
01/02/2017 07:00:00 PM,3,2,1
01/02/2017 08:00:00 PM,1,0,1
01/02/2017 09:00:00 PM,0,0,0
01/02/2017 10:00:00 PM,0,0,0
01/02/2017 11:00:00 PM,2,2,0
01/03/2017 12:00:00 AM,1,0,1
01/03/2017 01:00:00 AM,1,1,0
01/03/2017 02:00:00 AM,0,0,0
01/03/2017 03:00:00 AM,2,1,1
01/03/2017 04:00:00 AM,3,1,2
01/03/2017 05:00:00 AM,5,0,5
01/03/2017 06:00:00 AM,30,7,23
01/03/2017 07:00:00 AM,50,5,45
01/03/2017 08:00:00 AM,62,2,60
01/03/2017 09:00:00 AM,24,3,21
01/03/2017 10:00:00 AM,9,3,6
01/03/2017 11:00:00 AM,8,3,5
01/03/2017 12:00:00 PM,5,2,3
01/03/2017 01:00:00 PM,11,7,4
01/03/2017 02:00:00 PM,11,3,8
01/03/2017 03:00:00 PM,8,4,4
01/03/2017 04:00:00 PM,32,25,7
01/03/2017 05:00:00 PM,81,71,10
01/03/2017 06:00:00 PM,54,47,7
01/03/2017 07:00:00 PM,10,7,3
01/03/2017 08:00:00 PM,8,6,2
01/03/2017 09:00:00 PM,2,2,0
01/03/2017 10:00:00 PM,4,4,0
01/03/2017 11:00:00 PM,1,1,0
01/04/2017 12:00:00 AM,1,1,0
01/04/2017 01:00:00 AM,1,1,0
01/04/2017 02:00:00 AM,1,1,0
01/04/2017 03:00:00 AM,1,1,0
01/04/2017 04:00:00 AM,1,0,1
01/04/2017 05:00:00 AM,8,1,7
01/04/2017 06:00:00 AM,33,3,30
01/04/2017 07:00:00 AM,50,7,43
01/04/2017 08:00:00 AM,68,4,64
01/04/2017 09:00:00 AM,37,7,30
01/04/2017 10:00:00 AM,14,3,11
01/04/2017 11:00:00 AM,10,3,7
01/04/2017 12:00:00 PM,10,5,5
01/04/2017 01:00:00 PM,13,2,11
01/04/2017 02:00:00 PM,12,6,6
01/04/2017 03:00:00 PM,19,17,2
01/04/2017 04:00:00 PM,34,24,10
01/04/2017 05:00:00 PM,65,55,10
01/04/2017 06:00:00 PM,45,40,5
01/04/2017 07:00:00 PM,19,16,3
01/04/2017 08:00:00 PM,11,10,1
01/04/2017 09:00:00 PM,5,5,0
01/04/2017 10:00:00 PM,3,3,0
01/04/2017 11:00:00 PM,0,0,0
01/05/2017 12:00:00 AM,0,0,0
01/05/2017 01:00:00 AM,1,0,1
01/05/2017 02:00:00 AM,2,1,1
01/05/2017 03:00:00 AM,0,0,0
01/05/2017 04:00:00 AM,2,1,1
01/05/2017 05:00:00 AM,9,1,8
01/05/2017 06:00:00 AM,25,5,20
01/05/2017 07:00:00 AM,35,2,33
01/05/2017 08:00:00 AM,62,5,57
01/05/2017 09:00:00 AM,31,6,25
01/05/2017 10:00:00 AM,17,4,13
01/05/2017 11:00:00 AM,10,1,9
01/05/2017 12:00:00 PM,7,2,5
01/05/2017 01:00:00 PM,12,6,6
01/05/2017 02:00:00 PM,13,6,7
01/05/2017 03:00:00 PM,20,11,9
01/05/2017 04:00:00 PM,37,28,9
01/05/2017 05:00:00 PM,73,63,10
01/05/2017 06:00:00 PM,47,41,6
01/05/2017 07:00:00 PM,16,12,4
01/05/2017 08:00:00 PM,7,4,3
01/05/2017 09:00:00 PM,6,4,2
01/05/2017 10:00:00 PM,3,3,0
01/05/2017 11:00:00 PM,1,1,0
01/06/2017 12:00:00 AM,0,0,0
01/06/2017 01:00:00 AM,1,0,1
01/06/2017 02:00:00 AM,1,1,0
01/06/2017 03:00:00 AM,0,0,0
01/06/2017 04:00:00 AM,1,0,1
01/06/2017 05:00:00 AM,8,1,7
01/06/2017 06:00:00 AM,21,2,19
01/06/2017 07:00:00 AM,44,7,37
01/06/2017 08:00:00 AM,62,8,54
01/06/2017 09:00:00 AM,26,1,25
01/06/2017 10:00:00 AM,8,1,7
01/06/2017 11:00:00 AM,24,16,8
01/06/2017 12:00:00 PM,19,2,17
01/06/2017 01:00:00 PM,7,4,3
01/06/2017 02:00:00 PM,18,9,9
01/06/2017 03:00:00 PM,16,7,9
01/06/2017 04:00:00 PM,42,36,6
01/06/2017 05:00:00 PM,55,45,10
01/06/2017 06:00:00 PM,36,31,5
01/06/2017 07:00:00 PM,16,15,1
01/06/2017 08:00:00 PM,4,3,1
01/06/2017 09:00:00 PM,7,4,3
01/06/2017 10:00:00 PM,0,0,0
01/06/2017 11:00:00 PM,0,0,0
01/07/2017 12:00:00 AM,4,2,2
01/07/2017 01:00:00 AM,1,0,1
01/07/2017 02:00:00 AM,1,1,0
01/07/2017 03:00:00 AM,0,0,0
01/07/2017 04:00:00 AM,1,0,1
01/07/2017 05:00:00 AM,2,0,2
01/07/2017 06:00:00 AM,5,1,4
01/07/2017 07:00:00 AM,4,0,4
01/07/2017 08:00:00 AM,5,3,2
01/07/2017 09:00:00 AM,6,2,4
01/07/2017 10:00:00 AM,19,7,12
01/07/2017 11:00:00 AM,19,6,13
01/07/2017 12:00:00 PM,28,18,10
01/07/2017 01:00:00 PM,23,11,12
01/07/2017 02:00:00 PM,26,18,8
01/07/2017 03:00:00 PM,19,9,10
01/07/2017 04:00:00 PM,10,5,5
01/07/2017 05:00:00 PM,14,6,8
01/07/2017 06:00:00 PM,5,3,2
01/07/2017 07:00:00 PM,1,0,1
01/07/2017 08:00:00 PM,12,10,2
01/07/2017 09:00:00 PM,4,3,1
01/07/2017 10:00:00 PM,7,1,6
01/07/2017 11:00:00 PM,2,2,0
01/08/2017 12:00:00 AM,0,0,0
01/08/2017 01:00:00 AM,3,2,1
01/08/2017 02:00:00 AM,1,1,0
01/08/2017 03:00:00 AM,0,0,0
01/08/2017 04:00:00 AM,1,1,0
01/08/2017 05:00:00 AM,1,0,1
01/08/2017 06:00:00 AM,1,0,1
01/08/2017 07:00:00 AM,1,1,0
01/08/2017 08:00:00 AM,5,0,5
01/08/2017 09:00:00 AM,1,0,1
01/08/2017 10:00:00 AM,14,11,3
01/08/2017 11:00:00 AM,15,2,13
01/08/2017 12:00:00 PM,5,3,2
01/08/2017 01:00:00 PM,3,2,1
01/08/2017 02:00:00 PM,0,0,0
01/08/2017 03:00:00 PM,1,0,1
01/08/2017 04:00:00 PM,2,2,0
01/08/2017 05:00:00 PM,2,0,2
01/08/2017 06:00:00 PM,3,3,0
01/08/2017 07:00:00 PM,0,0,0
01/08/2017 08:00:00 PM,0,0,0
01/08/2017 09:00:00 PM,1,0,1
01/08/2017 10:00:00 PM,1,1,0
01/08/2017 11:00:00 PM,0,0,0
01/09/2017 12:00:00 AM,1,0,1
01/09/2017 01:00:00 AM,2,0,2
01/09/2017 02:00:00 AM,1,1,0
01/09/2017 03:00:00 AM,1,1,0
01/09/2017 04:00:00 AM,3,0,3
01/09/2017 05:00:00 AM,7,1,6
01/09/2017 06:00:00 AM,30,3,27
01/09/2017 07:00:00 AM,66,5,61
01/09/2017 08:00:00 AM,85,3,82
01/09/2017 09:00:00 AM,31,3,28
01/09/2017 10:00:00 AM,17,3,14
01/09/2017 11:00:00 AM,9,4,5
01/09/2017 12:00:00 PM,14,4,10
01/09/2017 01:00:00 PM,8,2,6
01/09/2017 02:00:00 PM,11,6,5
01/09/2017 03:00:00 PM,16,13,3
01/09/2017 04:00:00 PM,49,40,9
01/09/2017 05:00:00 PM,81,70,11
01/09/2017 06:00:00 PM,53,48,5
01/09/2017 07:00:00 PM,19,16,3
01/09/2017 08:00:00 PM,7,5,2
01/09/2017 09:00:00 PM,4,3,1
01/09/2017 10:00:00 PM,1,1,0
01/09/2017 11:00:00 PM,1,1,0
01/10/2017 12:00:00 AM,1,1,0
01/10/2017 01:00:00 AM,2,1,1
01/10/2017 02:00:00 AM,3,3,0
01/10/2017 03:00:00 AM,0,0,0
01/10/2017 04:00:00 AM,2,1,1
01/10/2017 05:00:00 AM,12,0,12
01/10/2017 06:00:00 AM,26,1,25
01/10/2017 07:00:00 AM,59,8,51
01/10/2017 08:00:00 AM,65,9,56
01/10/2017 09:00:00 AM,27,4,23
01/10/2017 10:00:00 AM,13,2,11
01/10/2017 11:00:00 AM,6,2,4
01/10/2017 12:00:00 PM,6,4,2
01/10/2017 01:00:00 PM,7,4,3
01/10/2017 02:00:00 PM,8,3,5
01/10/2017 03:00:00 PM,11,10,1
01/10/2017 04:00:00 PM,43,36,7
01/10/2017 05:00:00 PM,70,61,9
01/10/2017 06:00:00 PM,54,48,6
01/10/2017 07:00:00 PM,22,16,6
01/10/2017 08:00:00 PM,7,6,1
01/10/2017 09:00:00 PM,12,9,3
01/10/2017 10:00:00 PM,1,1,0
01/10/2017 11:00:00 PM,2,2,0
01/11/2017 12:00:00 AM,2,1,1
01/11/2017 01:00:00 AM,2,0,2
01/11/2017 02:00:00 AM,0,0,0
01/11/2017 03:00:00 AM,0,0,0
01/11/2017 04:00:00 AM,1,0,1
01/11/2017 05:00:00 AM,6,1,5
01/11/2017 06:00:00 AM,25,2,23
01/11/2017 07:00:00 AM,52,5,47
01/11/2017 08:00:00 AM,56,5,51
01/11/2017 09:00:00 AM,43,1,42
01/11/2017 10:00:00 AM,13,2,11
01/11/2017 11:00:00 AM,10,2,8
01/11/2017 12:00:00 PM,11,7,4
01/11/2017 01:00:00 PM,4,1,3
01/11/2017 02:00:00 PM,12,5,7
01/11/2017 03:00:00 PM,19,14,5
01/11/2017 04:00:00 PM,26,20,6
01/11/2017 05:00:00 PM,81,66,15
01/11/2017 06:00:00 PM,43,37,6
01/11/2017 07:00:00 PM,17,13,4
01/11/2017 08:00:00 PM,12,10,2
01/11/2017 09:00:00 PM,8,6,2
01/11/2017 10:00:00 PM,3,3,0
01/11/2017 11:00:00 PM,2,2,0
01/12/2017 12:00:00 AM,2,1,1
01/12/2017 01:00:00 AM,1,1,0
01/12/2017 02:00:00 AM,0,0,0
01/12/2017 03:00:00 AM,2,1,1
01/12/2017 04:00:00 AM,1,0,1
01/12/2017 05:00:00 AM,10,1,9
01/12/2017 06:00:00 AM,27,6,21
01/12/2017 07:00:00 AM,51,4,47
01/12/2017 08:00:00 AM,64,5,59
01/12/2017 09:00:00 AM,31,0,31
01/12/2017 10:00:00 AM,16,2,14
01/12/2017 11:00:00 AM,13,5,8
01/12/2017 12:00:00 PM,16,5,11
01/12/2017 01:00:00 PM,9,3,6
01/12/2017 02:00:00 PM,13,6,7
01/12/2017 03:00:00 PM,16,10,6
01/12/2017 04:00:00 PM,54,31,23
01/12/2017 05:00:00 PM,81,56,25
01/12/2017 06:00:00 PM,52,45,7
01/12/2017 07:00:00 PM,29,24,5
01/12/2017 08:00:00 PM,6,5,1
01/12/2017 09:00:00 PM,6,5,1
01/12/2017 10:00:00 PM,4,4,0
01/12/2017 11:00:00 PM,2,0,2
01/13/2017 12:00:00 AM,1,1,0
01/13/2017 01:00:00 AM,1,0,1
01/13/2017 02:00:00 AM,2,1,1
01/13/2017 03:00:00 AM,2,0,2
01/13/2017 04:00:00 AM,2,0,2
01/13/2017 05:00:00 AM,8,3,5
01/13/2017 06:00:00 AM,25,3,22
01/13/2017 07:00:00 AM,34,6,28
01/13/2017 08:00:00 AM,55,3,52
01/13/2017 09:00:00 AM,19,3,16
01/13/2017 10:00:00 AM,15,2,13
01/13/2017 11:00:00 AM,9,3,6
01/13/2017 12:00:00 PM,14,8,6
01/13/2017 01:00:00 PM,13,4,9
01/13/2017 02:00:00 PM,6,3,3
01/13/2017 03:00:00 PM,18,11,7
01/13/2017 04:00:00 PM,38,33,5
01/13/2017 05:00:00 PM,47,43,4
01/13/2017 06:00:00 PM,31,27,4
01/13/2017 07:00:00 PM,13,10,3
01/13/2017 08:00:00 PM,5,4,1
01/13/2017 09:00:00 PM,4,3,1
01/13/2017 10:00:00 PM,4,2,2
01/13/2017 11:00:00 PM,3,1,2
01/14/2017 12:00:00 AM,0,0,0
01/14/2017 01:00:00 AM,0,0,0
01/14/2017 02:00:00 AM,0,0,0
01/14/2017 03:00:00 AM,0,0,0
01/14/2017 04:00:00 AM,1,0,1
01/14/2017 05:00:00 AM,4,1,3
01/14/2017 06:00:00 AM,3,0,3
01/14/2017 07:00:00 AM,3,1,2
01/14/2017 08:00:00 AM,16,12,4
01/14/2017 09:00:00 AM,8,5,3
01/14/2017 10:00:00 AM,35,14,21
01/14/2017 11:00:00 AM,20,6,14
01/14/2017 12:00:00 PM,36,17,19
01/14/2017 01:00:00 PM,39,25,14
01/14/2017 02:00:00 PM,22,15,7
01/14/2017 03:00:00 PM,19,7,12
01/14/2017 04:00:00 PM,16,9,7
01/14/2017 05:00:00 PM,13,4,9
01/14/2017 06:00:00 PM,5,5,0
01/14/2017 07:00:00 PM,2,1,1
01/14/2017 08:00:00 PM,3,3,0
01/14/2017 09:00:00 PM,2,2,0
01/14/2017 10:00:00 PM,2,0,2
01/14/2017 11:00:00 PM,2,0,2
01/15/2017 12:00:00 AM,0,0,0
01/15/2017 01:00:00 AM,3,0,3
01/15/2017 02:00:00 AM,1,1,0
01/15/2017 03:00:00 AM,1,0,1
01/15/2017 04:00:00 AM,1,1,0
01/15/2017 05:00:00 AM,4,1,3
01/15/2017 06:00:00 AM,2,0,2
01/15/2017 07:00:00 AM,2,0,2
01/15/2017 08:00:00 AM,6,3,3
01/15/2017 09:00:00 AM,26,24,2
01/15/2017 10:00:00 AM,16,5,11
01/15/2017 11:00:00 AM,19,7,12
01/15/2017 12:00:00 PM,26,10,16
01/15/2017 01:00:00 PM,48,27,21
01/15/2017 02:00:00 PM,44,20,24
01/15/2017 03:00:00 PM,31,17,14
01/15/2017 04:00:00 PM,20,13,7
01/15/2017 05:00:00 PM,11,6,5
01/15/2017 06:00:00 PM,1,0,1
01/15/2017 07:00:00 PM,6,4,2
01/15/2017 08:00:00 PM,3,1,2
01/15/2017 09:00:00 PM,2,2,0
01/15/2017 10:00:00 PM,3,1,2
01/15/2017 11:00:00 PM,1,1,0
01/16/2017 12:00:00 AM,1,1,0
01/16/2017 01:00:00 AM,1,1,0
01/16/2017 02:00:00 AM,0,0,0
01/16/2017 03:00:00 AM,0,0,0
01/16/2017 04:00:00 AM,3,0,3
01/16/2017 05:00:00 AM,10,2,8
01/16/2017 06:00:00 AM,18,4,14
01/16/2017 07:00:00 AM,34,5,29
01/16/2017 08:00:00 AM,46,4,42
01/16/2017 09:00:00 AM,22,5,17
01/16/2017 10:00:00 AM,20,3,17
01/16/2017 11:00:00 AM,12,6,6
01/16/2017 12:00:00 PM,15,8,7
01/16/2017 01:00:00 PM,16,8,8
01/16/2017 02:00:00 PM,22,10,12
01/16/2017 03:00:00 PM,25,13,12
01/16/2017 04:00:00 PM,39,25,14
01/16/2017 05:00:00 PM,48,43,5
01/16/2017 06:00:00 PM,36,24,12
01/16/2017 07:00:00 PM,6,6,0
01/16/2017 08:00:00 PM,7,6,1
01/16/2017 09:00:00 PM,6,3,3
01/16/2017 10:00:00 PM,1,1,0
01/16/2017 11:00:00 PM,2,1,1
01/17/2017 12:00:00 AM,0,0,0
01/17/2017 01:00:00 AM,0,0,0
01/17/2017 02:00:00 AM,1,0,1
01/17/2017 03:00:00 AM,1,1,0
01/17/2017 04:00:00 AM,4,1,3
01/17/2017 05:00:00 AM,15,1,14
01/17/2017 06:00:00 AM,29,5,24
01/17/2017 07:00:00 AM,62,7,55
01/17/2017 08:00:00 AM,80,6,74
01/17/2017 09:00:00 AM,44,5,39
01/17/2017 10:00:00 AM,9,1,8
01/17/2017 11:00:00 AM,4,1,3
01/17/2017 12:00:00 PM,17,1,16
01/17/2017 01:00:00 PM,49,22,27
01/17/2017 02:00:00 PM,77,16,61
01/17/2017 03:00:00 PM,13,10,3
01/17/2017 04:00:00 PM,39,35,4
01/17/2017 05:00:00 PM,72,63,9
01/17/2017 06:00:00 PM,50,45,5
01/17/2017 07:00:00 PM,13,13,0
01/17/2017 08:00:00 PM,6,4,2
01/17/2017 09:00:00 PM,3,2,1
01/17/2017 10:00:00 PM,0,0,0
01/17/2017 11:00:00 PM,2,1,1
01/18/2017 12:00:00 AM,2,2,0
01/18/2017 01:00:00 AM,3,2,1
01/18/2017 02:00:00 AM,0,0,0
01/18/2017 03:00:00 AM,1,1,0
01/18/2017 04:00:00 AM,1,0,1
01/18/2017 05:00:00 AM,6,1,5
01/18/2017 06:00:00 AM,23,2,21
01/18/2017 07:00:00 AM,42,6,36
01/18/2017 08:00:00 AM,43,4,39
01/18/2017 09:00:00 AM,31,3,28
01/18/2017 10:00:00 AM,13,1,12
01/18/2017 11:00:00 AM,4,2,2
01/18/2017 12:00:00 PM,5,2,3
01/18/2017 01:00:00 PM,4,2,2
01/18/2017 02:00:00 PM,4,2,2
01/18/2017 03:00:00 PM,6,6,0
01/18/2017 04:00:00 PM,33,27,6
01/18/2017 05:00:00 PM,55,47,8
01/18/2017 06:00:00 PM,32,31,1
01/18/2017 07:00:00 PM,15,12,3
01/18/2017 08:00:00 PM,7,7,0
01/18/2017 09:00:00 PM,8,7,1
01/18/2017 10:00:00 PM,1,1,0
01/18/2017 11:00:00 PM,3,1,2
01/19/2017 12:00:00 AM,2,1,1
01/19/2017 01:00:00 AM,2,2,0
01/19/2017 02:00:00 AM,0,0,0
01/19/2017 03:00:00 AM,0,0,0
01/19/2017 04:00:00 AM,3,1,2
01/19/2017 05:00:00 AM,9,2,7
01/19/2017 06:00:00 AM,28,6,22
01/19/2017 07:00:00 AM,57,3,54
01/19/2017 08:00:00 AM,91,6,85
01/19/2017 09:00:00 AM,33,3,30
01/19/2017 10:00:00 AM,15,4,11
01/19/2017 11:00:00 AM,4,0,4
01/19/2017 12:00:00 PM,5,2,3
01/19/2017 01:00:00 PM,8,5,3
01/19/2017 02:00:00 PM,5,3,2
01/19/2017 03:00:00 PM,20,15,5
01/19/2017 04:00:00 PM,39,32,7
01/19/2017 05:00:00 PM,86,79,7
01/19/2017 06:00:00 PM,58,48,10
01/19/2017 07:00:00 PM,35,28,7
01/19/2017 08:00:00 PM,3,3,0
01/19/2017 09:00:00 PM,9,6,3
01/19/2017 10:00:00 PM,16,3,13
01/19/2017 11:00:00 PM,1,0,1
01/20/2017 12:00:00 AM,0,0,0
01/20/2017 01:00:00 AM,3,1,2
01/20/2017 02:00:00 AM,1,1,0
01/20/2017 03:00:00 AM,0,0,0
01/20/2017 04:00:00 AM,1,0,1
01/20/2017 05:00:00 AM,14,5,9
01/20/2017 06:00:00 AM,25,2,23
01/20/2017 07:00:00 AM,56,5,51
01/20/2017 08:00:00 AM,94,5,89
01/20/2017 09:00:00 AM,34,2,32
01/20/2017 10:00:00 AM,21,10,11
01/20/2017 11:00:00 AM,13,5,8
01/20/2017 12:00:00 PM,14,9,5
01/20/2017 01:00:00 PM,21,14,7
01/20/2017 02:00:00 PM,19,11,8
01/20/2017 03:00:00 PM,35,24,11
01/20/2017 04:00:00 PM,49,40,9
01/20/2017 05:00:00 PM,76,70,6
01/20/2017 06:00:00 PM,47,40,7
01/20/2017 07:00:00 PM,18,13,5
01/20/2017 08:00:00 PM,8,7,1
01/20/2017 09:00:00 PM,5,3,2
01/20/2017 10:00:00 PM,1,1,0
01/20/2017 11:00:00 PM,2,1,1
01/21/2017 12:00:00 AM,1,1,0
01/21/2017 01:00:00 AM,4,2,2
01/21/2017 02:00:00 AM,0,0,0
01/21/2017 03:00:00 AM,1,0,1
01/21/2017 04:00:00 AM,1,1,0
01/21/2017 05:00:00 AM,4,1,3
01/21/2017 06:00:00 AM,3,1,2
01/21/2017 07:00:00 AM,3,0,3
01/21/2017 08:00:00 AM,15,3,12
01/21/2017 09:00:00 AM,24,4,20
01/21/2017 10:00:00 AM,12,4,8
01/21/2017 11:00:00 AM,27,10,17
01/21/2017 12:00:00 PM,43,20,23
01/21/2017 01:00:00 PM,26,16,10
01/21/2017 02:00:00 PM,28,18,10
01/21/2017 03:00:00 PM,32,26,6
01/21/2017 04:00:00 PM,25,16,9
01/21/2017 05:00:00 PM,17,11,6
01/21/2017 06:00:00 PM,5,4,1
01/21/2017 07:00:00 PM,1,1,0
01/21/2017 08:00:00 PM,2,1,1
01/21/2017 09:00:00 PM,1,0,1
01/21/2017 10:00:00 PM,3,2,1
01/21/2017 11:00:00 PM,3,2,1
01/22/2017 12:00:00 AM,0,0,0
01/22/2017 01:00:00 AM,1,0,1
01/22/2017 02:00:00 AM,2,2,0
01/22/2017 03:00:00 AM,2,1,1
01/22/2017 04:00:00 AM,0,0,0
01/22/2017 05:00:00 AM,4,2,2
01/22/2017 06:00:00 AM,2,1,1
01/22/2017 07:00:00 AM,2,1,1
01/22/2017 08:00:00 AM,11,2,9
01/22/2017 09:00:00 AM,16,14,2
01/22/2017 10:00:00 AM,8,6,2
01/22/2017 11:00:00 AM,11,4,7
01/22/2017 12:00:00 PM,5,1,4
01/22/2017 01:00:00 PM,13,5,8
01/22/2017 02:00:00 PM,17,10,7
01/22/2017 03:00:00 PM,19,12,7
01/22/2017 04:00:00 PM,20,6,14
01/22/2017 05:00:00 PM,7,3,4
01/22/2017 06:00:00 PM,4,1,3
01/22/2017 07:00:00 PM,1,1,0
01/22/2017 08:00:00 PM,3,2,1
01/22/2017 09:00:00 PM,0,0,0
01/22/2017 10:00:00 PM,1,0,1
01/22/2017 11:00:00 PM,1,1,0
01/23/2017 12:00:00 AM,1,1,0
01/23/2017 01:00:00 AM,3,0,3
01/23/2017 02:00:00 AM,1,1,0
01/23/2017 03:00:00 AM,1,1,0
01/23/2017 04:00:00 AM,4,0,4
01/23/2017 05:00:00 AM,16,1,15
01/23/2017 06:00:00 AM,48,5,43
01/23/2017 07:00:00 AM,82,3,79
01/23/2017 08:00:00 AM,88,7,81
01/23/2017 09:00:00 AM,39,1,38
01/23/2017 10:00:00 AM,19,5,14
01/23/2017 11:00:00 AM,9,4,5
01/23/2017 12:00:00 PM,14,7,7
01/23/2017 01:00:00 PM,13,7,6
01/23/2017 02:00:00 PM,16,9,7
01/23/2017 03:00:00 PM,28,18,10
01/23/2017 04:00:00 PM,70,62,8
01/23/2017 05:00:00 PM,100,91,9
01/23/2017 06:00:00 PM,70,65,5
01/23/2017 07:00:00 PM,23,19,4
01/23/2017 08:00:00 PM,8,8,0
01/23/2017 09:00:00 PM,3,1,2
01/23/2017 10:00:00 PM,2,2,0
01/23/2017 11:00:00 PM,0,0,0
01/24/2017 12:00:00 AM,1,0,1
01/24/2017 01:00:00 AM,1,1,0
01/24/2017 02:00:00 AM,0,0,0
01/24/2017 03:00:00 AM,3,0,3
01/24/2017 04:00:00 AM,3,2,1
01/24/2017 05:00:00 AM,13,1,12
01/24/2017 06:00:00 AM,45,4,41
01/24/2017 07:00:00 AM,84,7,77
01/24/2017 08:00:00 AM,90,4,86
01/24/2017 09:00:00 AM,43,3,40
01/24/2017 10:00:00 AM,9,2,7
01/24/2017 11:00:00 AM,16,5,11
01/24/2017 12:00:00 PM,13,5,8
01/24/2017 01:00:00 PM,19,11,8
01/24/2017 02:00:00 PM,16,6,10
01/24/2017 03:00:00 PM,32,18,14
01/24/2017 04:00:00 PM,72,54,18
01/24/2017 05:00:00 PM,118,103,15
01/24/2017 06:00:00 PM,60,52,8
01/24/2017 07:00:00 PM,26,22,4
01/24/2017 08:00:00 PM,10,9,1
01/24/2017 09:00:00 PM,7,4,3
01/24/2017 10:00:00 PM,4,4,0
01/24/2017 11:00:00 PM,3,3,0
01/25/2017 12:00:00 AM,3,2,1
01/25/2017 01:00:00 AM,1,1,0
01/25/2017 02:00:00 AM,1,1,0
01/25/2017 03:00:00 AM,3,1,2
01/25/2017 04:00:00 AM,3,1,2
01/25/2017 05:00:00 AM,13,2,11
01/25/2017 06:00:00 AM,40,8,32
01/25/2017 07:00:00 AM,76,5,71
01/25/2017 08:00:00 AM,84,6,78
01/25/2017 09:00:00 AM,46,4,42
01/25/2017 10:00:00 AM,15,3,12
01/25/2017 11:00:00 AM,9,3,6
01/25/2017 12:00:00 PM,16,5,11
01/25/2017 01:00:00 PM,7,3,4
01/25/2017 02:00:00 PM,13,5,8
01/25/2017 03:00:00 PM,24,16,8
01/25/2017 04:00:00 PM,57,49,8
01/25/2017 05:00:00 PM,109,88,21
01/25/2017 06:00:00 PM,60,47,13
01/25/2017 07:00:00 PM,16,16,0
01/25/2017 08:00:00 PM,15,12,3
01/25/2017 09:00:00 PM,9,8,1
01/25/2017 10:00:00 PM,1,1,0
01/25/2017 11:00:00 PM,1,1,0
01/26/2017 12:00:00 AM,4,3,1
01/26/2017 01:00:00 AM,2,1,1
01/26/2017 02:00:00 AM,1,1,0
01/26/2017 03:00:00 AM,4,1,3
01/26/2017 04:00:00 AM,2,1,1
01/26/2017 05:00:00 AM,11,1,10
01/26/2017 06:00:00 AM,44,7,37
01/26/2017 07:00:00 AM,77,7,70
01/26/2017 08:00:00 AM,76,9,67
01/26/2017 09:00:00 AM,45,2,43
01/26/2017 10:00:00 AM,13,3,10
01/26/2017 11:00:00 AM,12,4,8
01/26/2017 12:00:00 PM,18,10,8
01/26/2017 01:00:00 PM,18,10,8
01/26/2017 02:00:00 PM,28,15,13
01/26/2017 03:00:00 PM,28,17,11
01/26/2017 04:00:00 PM,53,38,15
01/26/2017 05:00:00 PM,109,93,16
01/26/2017 06:00:00 PM,62,55,7
01/26/2017 07:00:00 PM,28,19,9
01/26/2017 08:00:00 PM,14,12,2
01/26/2017 09:00:00 PM,8,6,2
01/26/2017 10:00:00 PM,4,1,3
01/26/2017 11:00:00 PM,2,0,2
01/27/2017 12:00:00 AM,1,0,1
01/27/2017 01:00:00 AM,5,3,2
01/27/2017 02:00:00 AM,6,5,1
01/27/2017 03:00:00 AM,3,2,1
01/27/2017 04:00:00 AM,1,0,1
01/27/2017 05:00:00 AM,11,1,10
01/27/2017 06:00:00 AM,35,9,26
01/27/2017 07:00:00 AM,61,5,56
01/27/2017 08:00:00 AM,82,6,76
01/27/2017 09:00:00 AM,26,1,25
01/27/2017 10:00:00 AM,23,5,18
01/27/2017 11:00:00 AM,18,6,12
01/27/2017 12:00:00 PM,35,21,14
01/27/2017 01:00:00 PM,27,12,15
01/27/2017 02:00:00 PM,25,16,9
01/27/2017 03:00:00 PM,45,30,15
01/27/2017 04:00:00 PM,64,49,15
01/27/2017 05:00:00 PM,83,74,9
01/27/2017 06:00:00 PM,39,32,7
01/27/2017 07:00:00 PM,16,12,4
01/27/2017 08:00:00 PM,8,4,4
01/27/2017 09:00:00 PM,4,4,0
01/27/2017 10:00:00 PM,9,4,5
01/27/2017 11:00:00 PM,4,4,0
01/28/2017 12:00:00 AM,0,0,0
01/28/2017 01:00:00 AM,0,0,0
01/28/2017 02:00:00 AM,0,0,0
01/28/2017 03:00:00 AM,1,0,1
01/28/2017 04:00:00 AM,1,1,0
01/28/2017 05:00:00 AM,3,0,3
01/28/2017 06:00:00 AM,4,0,4
01/28/2017 07:00:00 AM,7,1,6
01/28/2017 08:00:00 AM,22,2,20
01/28/2017 09:00:00 AM,32,19,13
01/28/2017 10:00:00 AM,27,13,14
01/28/2017 11:00:00 AM,52,22,30
01/28/2017 12:00:00 PM,62,32,30
01/28/2017 01:00:00 PM,52,23,29
01/28/2017 02:00:00 PM,53,32,21
01/28/2017 03:00:00 PM,59,39,20
01/28/2017 04:00:00 PM,35,19,16
01/28/2017 05:00:00 PM,30,11,19
01/28/2017 06:00:00 PM,4,1,3
01/28/2017 07:00:00 PM,11,2,9
01/28/2017 08:00:00 PM,9,4,5
01/28/2017 09:00:00 PM,4,1,3
01/28/2017 10:00:00 PM,2,0,2
01/28/2017 11:00:00 PM,5,4,1
01/29/2017 12:00:00 AM,1,0,1
01/29/2017 01:00:00 AM,1,1,0
01/29/2017 02:00:00 AM,0,0,0
01/29/2017 03:00:00 AM,2,1,1
01/29/2017 04:00:00 AM,0,0,0
01/29/2017 05:00:00 AM,5,1,4
01/29/2017 06:00:00 AM,2,0,2
01/29/2017 07:00:00 AM,4,1,3
01/29/2017 08:00:00 AM,16,7,9
01/29/2017 09:00:00 AM,14,7,7
01/29/2017 10:00:00 AM,26,9,17
01/29/2017 11:00:00 AM,34,16,18
01/29/2017 12:00:00 PM,32,19,13
01/29/2017 01:00:00 PM,34,19,15
01/29/2017 02:00:00 PM,23,13,10
01/29/2017 03:00:00 PM,7,2,5
01/29/2017 04:00:00 PM,9,4,5
01/29/2017 05:00:00 PM,13,6,7
01/29/2017 06:00:00 PM,5,1,4
01/29/2017 07:00:00 PM,7,7,0
01/29/2017 08:00:00 PM,8,7,1
01/29/2017 09:00:00 PM,3,3,0
01/29/2017 10:00:00 PM,2,0,2
01/29/2017 11:00:00 PM,2,1,1
01/30/2017 12:00:00 AM,2,0,2
01/30/2017 01:00:00 AM,0,0,0
01/30/2017 02:00:00 AM,1,0,1
01/30/2017 03:00:00 AM,0,0,0
01/30/2017 04:00:00 AM,6,0,6
01/30/2017 05:00:00 AM,15,0,15
01/30/2017 06:00:00 AM,45,7,38
01/30/2017 07:00:00 AM,91,11,80
01/30/2017 08:00:00 AM,90,8,82
01/30/2017 09:00:00 AM,39,3,36
01/30/2017 10:00:00 AM,19,4,15
01/30/2017 11:00:00 AM,10,5,5
01/30/2017 12:00:00 PM,13,5,8
01/30/2017 01:00:00 PM,13,5,8
01/30/2017 02:00:00 PM,14,6,8
01/30/2017 03:00:00 PM,35,24,11
01/30/2017 04:00:00 PM,70,53,17
01/30/2017 05:00:00 PM,103,86,17
01/30/2017 06:00:00 PM,68,64,4
01/30/2017 07:00:00 PM,27,25,2
01/30/2017 08:00:00 PM,9,8,1
01/30/2017 09:00:00 PM,1,1,0
01/30/2017 10:00:00 PM,5,3,2
01/30/2017 11:00:00 PM,2,2,0
01/31/2017 12:00:00 AM,0,0,0
01/31/2017 01:00:00 AM,0,0,0
01/31/2017 02:00:00 AM,0,0,0
01/31/2017 03:00:00 AM,1,0,1
01/31/2017 04:00:00 AM,2,1,1
01/31/2017 05:00:00 AM,19,4,15
01/31/2017 06:00:00 AM,45,4,41
01/31/2017 07:00:00 AM,85,5,80
01/31/2017 08:00:00 AM,95,5,90
01/31/2017 09:00:00 AM,34,0,34
01/31/2017 10:00:00 AM,12,2,10
01/31/2017 11:00:00 AM,15,5,10
01/31/2017 12:00:00 PM,17,10,7
01/31/2017 01:00:00 PM,24,11,13
01/31/2017 02:00:00 PM,24,9,15
01/31/2017 03:00:00 PM,27,15,12
01/31/2017 04:00:00 PM,74,57,17
01/31/2017 05:00:00 PM,116,101,15
01/31/2017 06:00:00 PM,50,42,8
01/31/2017 07:00:00 PM,19,18,1
01/31/2017 08:00:00 PM,10,8,2
01/31/2017 09:00:00 PM,7,7,0
01/31/2017 10:00:00 PM,4,4,0
01/31/2017 11:00:00 PM,3,3,0
02/01/2017 12:00:00 AM,6,4,2
02/01/2017 01:00:00 AM,0,0,0
02/01/2017 02:00:00 AM,0,0,0
02/01/2017 03:00:00 AM,1,0,1
02/01/2017 04:00:00 AM,3,1,2
02/01/2017 05:00:00 AM,9,1,8
02/01/2017 06:00:00 AM,36,8,28
02/01/2017 07:00:00 AM,73,6,67
02/01/2017 08:00:00 AM,94,4,90
02/01/2017 09:00:00 AM,43,4,39
02/01/2017 10:00:00 AM,19,3,16
02/01/2017 11:00:00 AM,19,10,9
02/01/2017 12:00:00 PM,25,8,17
02/01/2017 01:00:00 PM,25,15,10
02/01/2017 02:00:00 PM,28,15,13
02/01/2017 03:00:00 PM,29,25,4
02/01/2017 04:00:00 PM,48,40,8
02/01/2017 05:00:00 PM,93,83,10
02/01/2017 06:00:00 PM,55,46,9
02/01/2017 07:00:00 PM,24,19,5
02/01/2017 08:00:00 PM,22,12,10
02/01/2017 09:00:00 PM,7,7,0
02/01/2017 10:00:00 PM,2,1,1
02/01/2017 11:00:00 PM,3,2,1
02/02/2017 12:00:00 AM,4,2,2
02/02/2017 01:00:00 AM,0,0,0
02/02/2017 02:00:00 AM,0,0,0
02/02/2017 03:00:00 AM,0,0,0
02/02/2017 04:00:00 AM,2,1,1
02/02/2017 05:00:00 AM,10,1,9
02/02/2017 06:00:00 AM,38,9,29
02/02/2017 07:00:00 AM,75,12,63
02/02/2017 08:00:00 AM,85,7,78
02/02/2017 09:00:00 AM,25,0,25
02/02/2017 10:00:00 AM,10,2,8
02/02/2017 11:00:00 AM,11,3,8
02/02/2017 12:00:00 PM,12,4,8
02/02/2017 01:00:00 PM,16,7,9
02/02/2017 02:00:00 PM,12,6,6
02/02/2017 03:00:00 PM,30,18,12
02/02/2017 04:00:00 PM,58,41,17
02/02/2017 05:00:00 PM,87,75,12
02/02/2017 06:00:00 PM,67,57,10
02/02/2017 07:00:00 PM,27,18,9
02/02/2017 08:00:00 PM,8,8,0
02/02/2017 09:00:00 PM,9,8,1
02/02/2017 10:00:00 PM,4,2,2
02/02/2017 11:00:00 PM,1,1,0
02/03/2017 12:00:00 AM,0,0,0
02/03/2017 01:00:00 AM,1,0,1
02/03/2017 02:00:00 AM,2,1,1
02/03/2017 03:00:00 AM,3,2,1
02/03/2017 04:00:00 AM,1,0,1
02/03/2017 05:00:00 AM,6,1,5
02/03/2017 06:00:00 AM,18,5,13
02/03/2017 07:00:00 AM,28,4,24
02/03/2017 08:00:00 AM,40,3,37
02/03/2017 09:00:00 AM,19,3,16
02/03/2017 10:00:00 AM,8,1,7
02/03/2017 11:00:00 AM,4,2,2
02/03/2017 12:00:00 PM,6,2,4
02/03/2017 01:00:00 PM,1,0,1
02/03/2017 02:00:00 PM,7,5,2
02/03/2017 03:00:00 PM,16,14,2
02/03/2017 04:00:00 PM,28,22,6
02/03/2017 05:00:00 PM,38,35,3
02/03/2017 06:00:00 PM,35,29,6
02/03/2017 07:00:00 PM,5,4,1
02/03/2017 08:00:00 PM,5,5,0
02/03/2017 09:00:00 PM,2,1,1
02/03/2017 10:00:00 PM,1,0,1
02/03/2017 11:00:00 PM,3,3,0
02/04/2017 12:00:00 AM,4,2,2
02/04/2017 01:00:00 AM,4,1,3
02/04/2017 02:00:00 AM,1,1,0
02/04/2017 03:00:00 AM,0,0,0
02/04/2017 04:00:00 AM,0,0,0
02/04/2017 05:00:00 AM,2,0,2
02/04/2017 06:00:00 AM,4,1,3
02/04/2017 07:00:00 AM,4,0,4
02/04/2017 08:00:00 AM,8,3,5
02/04/2017 09:00:00 AM,6,3,3
02/04/2017 10:00:00 AM,7,3,4
02/04/2017 11:00:00 AM,6,2,4
02/04/2017 12:00:00 PM,6,4,2
02/04/2017 01:00:00 PM,9,4,5
02/04/2017 02:00:00 PM,5,3,2
02/04/2017 03:00:00 PM,4,3,1
02/04/2017 04:00:00 PM,6,5,1
02/04/2017 05:00:00 PM,8,3,5
02/04/2017 06:00:00 PM,2,2,0
02/04/2017 07:00:00 PM,2,1,1
02/04/2017 08:00:00 PM,1,0,1
02/04/2017 09:00:00 PM,0,0,0
02/04/2017 10:00:00 PM,3,3,0
02/04/2017 11:00:00 PM,3,3,0
02/05/2017 12:00:00 AM,2,0,2
02/05/2017 01:00:00 AM,3,1,2
02/05/2017 02:00:00 AM,3,1,2
02/05/2017 03:00:00 AM,0,0,0
02/05/2017 04:00:00 AM,1,1,0
02/05/2017 05:00:00 AM,4,2,2
02/05/2017 06:00:00 AM,0,0,0
02/05/2017 07:00:00 AM,2,0,2
02/05/2017 08:00:00 AM,7,0,7
02/05/2017 09:00:00 AM,6,3,3
02/05/2017 10:00:00 AM,11,5,6
02/05/2017 11:00:00 AM,5,3,2
02/05/2017 12:00:00 PM,5,2,3
02/05/2017 01:00:00 PM,5,3,2
02/05/2017 02:00:00 PM,5,3,2
02/05/2017 03:00:00 PM,4,3,1
02/05/2017 04:00:00 PM,1,1,0
02/05/2017 05:00:00 PM,2,1,1
02/05/2017 06:00:00 PM,3,2,1
02/05/2017 07:00:00 PM,1,0,1
02/05/2017 08:00:00 PM,1,1,0
02/05/2017 09:00:00 PM,1,1,0
02/05/2017 10:00:00 PM,1,0,1
02/05/2017 11:00:00 PM,0,0,0
02/06/2017 12:00:00 AM,3,1,2
02/06/2017 01:00:00 AM,0,0,0
02/06/2017 02:00:00 AM,0,0,0
02/06/2017 03:00:00 AM,0,0,0
02/06/2017 04:00:00 AM,1,1,0
02/06/2017 05:00:00 AM,6,1,5
02/06/2017 06:00:00 AM,4,0,4
02/06/2017 07:00:00 AM,14,2,12
02/06/2017 08:00:00 AM,14,3,11
02/06/2017 09:00:00 AM,5,2,3
02/06/2017 10:00:00 AM,2,0,2
02/06/2017 11:00:00 AM,0,0,0
02/06/2017 12:00:00 PM,1,0,1
02/06/2017 01:00:00 PM,3,1,2
02/06/2017 02:00:00 PM,12,8,4
02/06/2017 03:00:00 PM,4,4,0
02/06/2017 04:00:00 PM,9,9,0
02/06/2017 05:00:00 PM,11,8,3
02/06/2017 06:00:00 PM,4,3,1
02/06/2017 07:00:00 PM,2,2,0
02/06/2017 08:00:00 PM,4,4,0
02/06/2017 09:00:00 PM,0,0,0
02/06/2017 10:00:00 PM,1,1,0
02/06/2017 11:00:00 PM,1,1,0
02/07/2017 12:00:00 AM,0,0,0
02/07/2017 01:00:00 AM,0,0,0
02/07/2017 02:00:00 AM,1,0,1
02/07/2017 03:00:00 AM,0,0,0
02/07/2017 04:00:00 AM,2,1,1
02/07/2017 05:00:00 AM,4,0,4
02/07/2017 06:00:00 AM,9,1,8
02/07/2017 07:00:00 AM,19,1,18
02/07/2017 08:00:00 AM,19,2,17
02/07/2017 09:00:00 AM,10,3,7
02/07/2017 10:00:00 AM,7,0,7
02/07/2017 11:00:00 AM,9,3,6
02/07/2017 12:00:00 PM,7,3,4
02/07/2017 01:00:00 PM,14,4,10
02/07/2017 02:00:00 PM,11,4,7
02/07/2017 03:00:00 PM,7,6,1
02/07/2017 04:00:00 PM,16,12,4
02/07/2017 05:00:00 PM,28,21,7
02/07/2017 06:00:00 PM,19,17,2
02/07/2017 07:00:00 PM,9,8,1
02/07/2017 08:00:00 PM,7,7,0
02/07/2017 09:00:00 PM,6,5,1
02/07/2017 10:00:00 PM,1,1,0
02/07/2017 11:00:00 PM,1,1,0
02/08/2017 12:00:00 AM,1,0,1
02/08/2017 01:00:00 AM,1,0,1
02/08/2017 02:00:00 AM,2,1,1
02/08/2017 03:00:00 AM,1,0,1
02/08/2017 04:00:00 AM,3,1,2
02/08/2017 05:00:00 AM,3,0,3
02/08/2017 06:00:00 AM,20,2,18
02/08/2017 07:00:00 AM,31,2,29
02/08/2017 08:00:00 AM,61,3,58
02/08/2017 09:00:00 AM,22,1,21
02/08/2017 10:00:00 AM,4,1,3
02/08/2017 11:00:00 AM,3,0,3
02/08/2017 12:00:00 PM,4,1,3
02/08/2017 01:00:00 PM,4,2,2
02/08/2017 02:00:00 PM,7,4,3
02/08/2017 03:00:00 PM,14,10,4
02/08/2017 04:00:00 PM,27,24,3
02/08/2017 05:00:00 PM,47,43,4
02/08/2017 06:00:00 PM,36,34,2
02/08/2017 07:00:00 PM,14,11,3
02/08/2017 08:00:00 PM,4,4,0
02/08/2017 09:00:00 PM,2,2,0
02/08/2017 10:00:00 PM,3,2,1
02/08/2017 11:00:00 PM,2,2,0
02/09/2017 12:00:00 AM,2,1,1
02/09/2017 01:00:00 AM,1,0,1
02/09/2017 02:00:00 AM,0,0,0
02/09/2017 03:00:00 AM,0,0,0
02/09/2017 04:00:00 AM,3,1,2
02/09/2017 05:00:00 AM,6,1,5
02/09/2017 06:00:00 AM,24,4,20
02/09/2017 07:00:00 AM,34,3,31
02/09/2017 08:00:00 AM,33,2,31
02/09/2017 09:00:00 AM,21,2,19
02/09/2017 10:00:00 AM,6,2,4
02/09/2017 11:00:00 AM,4,2,2
02/09/2017 12:00:00 PM,12,4,8
02/09/2017 01:00:00 PM,7,3,4
02/09/2017 02:00:00 PM,17,8,9
02/09/2017 03:00:00 PM,5,4,1
02/09/2017 04:00:00 PM,18,14,4
02/09/2017 05:00:00 PM,40,36,4
02/09/2017 06:00:00 PM,38,35,3
02/09/2017 07:00:00 PM,13,12,1
02/09/2017 08:00:00 PM,4,4,0
02/09/2017 09:00:00 PM,6,5,1
02/09/2017 10:00:00 PM,3,2,1
02/09/2017 11:00:00 PM,2,1,1
02/10/2017 12:00:00 AM,0,0,0
02/10/2017 01:00:00 AM,2,1,1
02/10/2017 02:00:00 AM,2,2,0
02/10/2017 03:00:00 AM,0,0,0
02/10/2017 04:00:00 AM,0,0,0
02/10/2017 05:00:00 AM,6,0,6
02/10/2017 06:00:00 AM,21,4,17
02/10/2017 07:00:00 AM,54,4,50
02/10/2017 08:00:00 AM,69,4,65
02/10/2017 09:00:00 AM,21,1,20
02/10/2017 10:00:00 AM,9,0,9
02/10/2017 11:00:00 AM,3,0,3
02/10/2017 12:00:00 PM,2,0,2
02/10/2017 01:00:00 PM,7,4,3
02/10/2017 02:00:00 PM,5,3,2
02/10/2017 03:00:00 PM,14,11,3
02/10/2017 04:00:00 PM,38,31,7
02/10/2017 05:00:00 PM,64,56,8
02/10/2017 06:00:00 PM,39,34,5
02/10/2017 07:00:00 PM,13,8,5
02/10/2017 08:00:00 PM,3,1,2
02/10/2017 09:00:00 PM,2,2,0
02/10/2017 10:00:00 PM,1,0,1
02/10/2017 11:00:00 PM,4,3,1
02/11/2017 12:00:00 AM,0,0,0
02/11/2017 01:00:00 AM,0,0,0
02/11/2017 02:00:00 AM,0,0,0
02/11/2017 03:00:00 AM,1,0,1
02/11/2017 04:00:00 AM,1,0,1
02/11/2017 05:00:00 AM,1,0,1
02/11/2017 06:00:00 AM,1,1,0
02/11/2017 07:00:00 AM,9,3,6
02/11/2017 08:00:00 AM,18,3,15
02/11/2017 09:00:00 AM,20,16,4
02/11/2017 10:00:00 AM,27,14,13
02/11/2017 11:00:00 AM,22,10,12
02/11/2017 12:00:00 PM,37,13,24
02/11/2017 01:00:00 PM,48,28,20
02/11/2017 02:00:00 PM,41,23,18
02/11/2017 03:00:00 PM,31,12,19
02/11/2017 04:00:00 PM,30,18,12
02/11/2017 05:00:00 PM,12,9,3
02/11/2017 06:00:00 PM,6,4,2
02/11/2017 07:00:00 PM,7,4,3
02/11/2017 08:00:00 PM,0,0,0
02/11/2017 09:00:00 PM,2,1,1
02/11/2017 10:00:00 PM,2,1,1
02/11/2017 11:00:00 PM,1,0,1
02/12/2017 12:00:00 AM,0,0,0
02/12/2017 01:00:00 AM,1,0,1
02/12/2017 02:00:00 AM,0,0,0
02/12/2017 03:00:00 AM,0,0,0
02/12/2017 04:00:00 AM,2,2,0
02/12/2017 05:00:00 AM,3,1,2
02/12/2017 06:00:00 AM,0,0,0
02/12/2017 07:00:00 AM,7,3,4
02/12/2017 08:00:00 AM,13,3,10
02/12/2017 09:00:00 AM,29,14,15
02/12/2017 10:00:00 AM,31,18,13
02/12/2017 11:00:00 AM,50,34,16
02/12/2017 12:00:00 PM,55,33,22
02/12/2017 01:00:00 PM,59,30,29
02/12/2017 02:00:00 PM,47,29,18
02/12/2017 03:00:00 PM,58,26,32
02/12/2017 04:00:00 PM,44,23,21
02/12/2017 05:00:00 PM,22,7,15
02/12/2017 06:00:00 PM,11,1,10
02/12/2017 07:00:00 PM,2,1,1
02/12/2017 08:00:00 PM,3,3,0
02/12/2017 09:00:00 PM,0,0,0
02/12/2017 10:00:00 PM,2,1,1
02/12/2017 11:00:00 PM,2,1,1
02/13/2017 12:00:00 AM,1,0,1
02/13/2017 01:00:00 AM,2,1,1
02/13/2017 02:00:00 AM,1,1,0
02/13/2017 03:00:00 AM,2,1,1
02/13/2017 04:00:00 AM,10,2,8
02/13/2017 05:00:00 AM,21,2,19
02/13/2017 06:00:00 AM,46,5,41
02/13/2017 07:00:00 AM,90,8,82
02/13/2017 08:00:00 AM,112,5,107
02/13/2017 09:00:00 AM,41,5,36
02/13/2017 10:00:00 AM,19,6,13
02/13/2017 11:00:00 AM,17,7,10
02/13/2017 12:00:00 PM,16,9,7
02/13/2017 01:00:00 PM,28,12,16
02/13/2017 02:00:00 PM,24,12,12
02/13/2017 03:00:00 PM,31,22,9
02/13/2017 04:00:00 PM,106,80,26
02/13/2017 05:00:00 PM,133,115,18
02/13/2017 06:00:00 PM,67,57,10
02/13/2017 07:00:00 PM,29,24,5
02/13/2017 08:00:00 PM,8,6,2
02/13/2017 09:00:00 PM,6,4,2
02/13/2017 10:00:00 PM,0,0,0
02/13/2017 11:00:00 PM,1,1,0
02/14/2017 12:00:00 AM,0,0,0
02/14/2017 01:00:00 AM,0,0,0
02/14/2017 02:00:00 AM,0,0,0
02/14/2017 03:00:00 AM,2,1,1
02/14/2017 04:00:00 AM,3,0,3
02/14/2017 05:00:00 AM,17,2,15
02/14/2017 06:00:00 AM,48,8,40
02/14/2017 07:00:00 AM,113,11,102
02/14/2017 08:00:00 AM,105,5,100
02/14/2017 09:00:00 AM,41,3,38
02/14/2017 10:00:00 AM,18,3,15
02/14/2017 11:00:00 AM,8,3,5
02/14/2017 12:00:00 PM,24,13,11
02/14/2017 01:00:00 PM,20,11,9
02/14/2017 02:00:00 PM,18,7,11
02/14/2017 03:00:00 PM,32,24,8
02/14/2017 04:00:00 PM,84,71,13
02/14/2017 05:00:00 PM,137,115,22
02/14/2017 06:00:00 PM,79,71,8
02/14/2017 07:00:00 PM,17,11,6
02/14/2017 08:00:00 PM,13,9,4
02/14/2017 09:00:00 PM,7,5,2
02/14/2017 10:00:00 PM,3,2,1
02/14/2017 11:00:00 PM,3,2,1
02/15/2017 12:00:00 AM,1,1,0
02/15/2017 01:00:00 AM,1,1,0
02/15/2017 02:00:00 AM,0,0,0
02/15/2017 03:00:00 AM,0,0,0
02/15/2017 04:00:00 AM,2,1,1
02/15/2017 05:00:00 AM,9,0,9
02/15/2017 06:00:00 AM,25,2,23
02/15/2017 07:00:00 AM,59,4,55
02/15/2017 08:00:00 AM,70,8,62
02/15/2017 09:00:00 AM,22,5,17
02/15/2017 10:00:00 AM,15,6,9
02/15/2017 11:00:00 AM,6,4,2
02/15/2017 12:00:00 PM,4,1,3
02/15/2017 01:00:00 PM,7,3,4
02/15/2017 02:00:00 PM,6,3,3
02/15/2017 03:00:00 PM,11,9,2
02/15/2017 04:00:00 PM,37,29,8
02/15/2017 05:00:00 PM,66,59,7
02/15/2017 06:00:00 PM,43,38,5
02/15/2017 07:00:00 PM,18,14,4
02/15/2017 08:00:00 PM,4,2,2
02/15/2017 09:00:00 PM,5,5,0
02/15/2017 10:00:00 PM,4,4,0
02/15/2017 11:00:00 PM,1,0,1
02/16/2017 12:00:00 AM,2,1,1
02/16/2017 01:00:00 AM,1,1,0
02/16/2017 02:00:00 AM,0,0,0
02/16/2017 03:00:00 AM,2,1,1
02/16/2017 04:00:00 AM,1,0,1
02/16/2017 05:00:00 AM,10,1,9
02/16/2017 06:00:00 AM,28,3,25
02/16/2017 07:00:00 AM,75,9,66
02/16/2017 08:00:00 AM,86,5,81
02/16/2017 09:00:00 AM,38,5,33
02/16/2017 10:00:00 AM,8,1,7
02/16/2017 11:00:00 AM,9,2,7
02/16/2017 12:00:00 PM,17,8,9
02/16/2017 01:00:00 PM,18,6,12
02/16/2017 02:00:00 PM,20,11,9
02/16/2017 03:00:00 PM,17,10,7
02/16/2017 04:00:00 PM,45,39,6
02/16/2017 05:00:00 PM,101,89,12
02/16/2017 06:00:00 PM,53,48,5
02/16/2017 07:00:00 PM,21,17,4
02/16/2017 08:00:00 PM,7,6,1
02/16/2017 09:00:00 PM,12,9,3
02/16/2017 10:00:00 PM,7,4,3
02/16/2017 11:00:00 PM,2,2,0
02/17/2017 12:00:00 AM,0,0,0
02/17/2017 01:00:00 AM,1,0,1
02/17/2017 02:00:00 AM,3,2,1
02/17/2017 03:00:00 AM,2,0,2
02/17/2017 04:00:00 AM,1,0,1
02/17/2017 05:00:00 AM,11,2,9
02/17/2017 06:00:00 AM,41,7,34
02/17/2017 07:00:00 AM,77,13,64
02/17/2017 08:00:00 AM,79,9,70
02/17/2017 09:00:00 AM,53,15,38
02/17/2017 10:00:00 AM,18,2,16
02/17/2017 11:00:00 AM,24,13,11
02/17/2017 12:00:00 PM,22,6,16
02/17/2017 01:00:00 PM,32,22,10
02/17/2017 02:00:00 PM,38,22,16
02/17/2017 03:00:00 PM,48,39,9
02/17/2017 04:00:00 PM,84,58,26
02/17/2017 05:00:00 PM,80,66,14
02/17/2017 06:00:00 PM,55,49,6
02/17/2017 07:00:00 PM,23,18,5
02/17/2017 08:00:00 PM,12,9,3
02/17/2017 09:00:00 PM,4,3,1
02/17/2017 10:00:00 PM,4,4,0
02/17/2017 11:00:00 PM,2,1,1
02/18/2017 12:00:00 AM,0,0,0
02/18/2017 01:00:00 AM,1,0,1
02/18/2017 02:00:00 AM,0,0,0
02/18/2017 03:00:00 AM,2,0,2
02/18/2017 04:00:00 AM,0,0,0
02/18/2017 05:00:00 AM,5,2,3
02/18/2017 06:00:00 AM,1,1,0
02/18/2017 07:00:00 AM,4,2,2
02/18/2017 08:00:00 AM,9,1,8
02/18/2017 09:00:00 AM,6,4,2
02/18/2017 10:00:00 AM,14,8,6
02/18/2017 11:00:00 AM,12,6,6
02/18/2017 12:00:00 PM,7,2,5
02/18/2017 01:00:00 PM,12,3,9
02/18/2017 02:00:00 PM,13,8,5
02/18/2017 03:00:00 PM,8,5,3
02/18/2017 04:00:00 PM,10,8,2
02/18/2017 05:00:00 PM,9,3,6
02/18/2017 06:00:00 PM,3,1,2
02/18/2017 07:00:00 PM,0,0,0
02/18/2017 08:00:00 PM,3,1,2
02/18/2017 09:00:00 PM,0,0,0
02/18/2017 10:00:00 PM,5,4,1
02/18/2017 11:00:00 PM,1,0,1
02/19/2017 12:00:00 AM,0,0,0
02/19/2017 01:00:00 AM,1,0,1
02/19/2017 02:00:00 AM,1,1,0
02/19/2017 03:00:00 AM,0,0,0
02/19/2017 04:00:00 AM,3,2,1
02/19/2017 05:00:00 AM,5,1,4
02/19/2017 06:00:00 AM,0,0,0
02/19/2017 07:00:00 AM,1,0,1
02/19/2017 08:00:00 AM,5,1,4
02/19/2017 09:00:00 AM,21,17,4
02/19/2017 10:00:00 AM,16,4,12
02/19/2017 11:00:00 AM,22,11,11
02/19/2017 12:00:00 PM,14,6,8
02/19/2017 01:00:00 PM,26,10,16
02/19/2017 02:00:00 PM,5,2,3
02/19/2017 03:00:00 PM,15,8,7
02/19/2017 04:00:00 PM,4,3,1
02/19/2017 05:00:00 PM,6,2,4
02/19/2017 06:00:00 PM,4,1,3
02/19/2017 07:00:00 PM,4,3,1
02/19/2017 08:00:00 PM,5,3,2
02/19/2017 09:00:00 PM,1,0,1
02/19/2017 10:00:00 PM,1,0,1
02/19/2017 11:00:00 PM,2,1,1
02/20/2017 12:00:00 AM,1,0,1
02/20/2017 01:00:00 AM,0,0,0
02/20/2017 02:00:00 AM,8,5,3
02/20/2017 03:00:00 AM,0,0,0
02/20/2017 04:00:00 AM,5,1,4
02/20/2017 05:00:00 AM,2,0,2
02/20/2017 06:00:00 AM,11,2,9
02/20/2017 07:00:00 AM,29,4,25
02/20/2017 08:00:00 AM,39,6,33
02/20/2017 09:00:00 AM,18,4,14
02/20/2017 10:00:00 AM,15,5,10
02/20/2017 11:00:00 AM,13,4,9
02/20/2017 12:00:00 PM,14,7,7
02/20/2017 01:00:00 PM,9,4,5
02/20/2017 02:00:00 PM,10,8,2
02/20/2017 03:00:00 PM,7,5,2
02/20/2017 04:00:00 PM,20,13,7
02/20/2017 05:00:00 PM,35,30,5
02/20/2017 06:00:00 PM,20,17,3
02/20/2017 07:00:00 PM,14,13,1
02/20/2017 08:00:00 PM,1,0,1
02/20/2017 09:00:00 PM,1,1,0
02/20/2017 10:00:00 PM,2,1,1
02/20/2017 11:00:00 PM,3,1,2
02/21/2017 12:00:00 AM,0,0,0
02/21/2017 01:00:00 AM,1,0,1
02/21/2017 02:00:00 AM,2,2,0
02/21/2017 03:00:00 AM,1,0,1
02/21/2017 04:00:00 AM,2,1,1
02/21/2017 05:00:00 AM,9,0,9
02/21/2017 06:00:00 AM,42,7,35
02/21/2017 07:00:00 AM,73,4,69
02/21/2017 08:00:00 AM,80,6,74
02/21/2017 09:00:00 AM,31,7,24
02/21/2017 10:00:00 AM,8,1,7
02/21/2017 11:00:00 AM,7,2,5
02/21/2017 12:00:00 PM,5,1,4
02/21/2017 01:00:00 PM,11,5,6
02/21/2017 02:00:00 PM,11,6,5
02/21/2017 03:00:00 PM,18,12,6
02/21/2017 04:00:00 PM,51,42,9
02/21/2017 05:00:00 PM,81,73,8
02/21/2017 06:00:00 PM,55,48,7
02/21/2017 07:00:00 PM,19,14,5
02/21/2017 08:00:00 PM,6,6,0
02/21/2017 09:00:00 PM,9,8,1
02/21/2017 10:00:00 PM,4,2,2
02/21/2017 11:00:00 PM,4,2,2
02/22/2017 12:00:00 AM,0,0,0
02/22/2017 01:00:00 AM,0,0,0
02/22/2017 02:00:00 AM,1,0,1
02/22/2017 03:00:00 AM,2,2,0
02/22/2017 04:00:00 AM,1,0,1
02/22/2017 05:00:00 AM,13,3,10
02/22/2017 06:00:00 AM,39,6,33
02/22/2017 07:00:00 AM,74,9,65
02/22/2017 08:00:00 AM,85,8,77
02/22/2017 09:00:00 AM,29,5,24
02/22/2017 10:00:00 AM,14,4,10
02/22/2017 11:00:00 AM,17,4,13
02/22/2017 12:00:00 PM,10,5,5
02/22/2017 01:00:00 PM,12,5,7
02/22/2017 02:00:00 PM,20,12,8
02/22/2017 03:00:00 PM,32,24,8
02/22/2017 04:00:00 PM,52,42,10
02/22/2017 05:00:00 PM,81,69,12
02/22/2017 06:00:00 PM,59,50,9
02/22/2017 07:00:00 PM,23,18,5
02/22/2017 08:00:00 PM,6,5,1
02/22/2017 09:00:00 PM,9,8,1
02/22/2017 10:00:00 PM,4,3,1
02/22/2017 11:00:00 PM,3,2,1
02/23/2017 12:00:00 AM,1,0,1
02/23/2017 01:00:00 AM,2,1,1
02/23/2017 02:00:00 AM,1,1,0
02/23/2017 03:00:00 AM,0,0,0
02/23/2017 04:00:00 AM,2,1,1
02/23/2017 05:00:00 AM,16,2,14
02/23/2017 06:00:00 AM,32,4,28
02/23/2017 07:00:00 AM,75,7,68
02/23/2017 08:00:00 AM,72,4,68
02/23/2017 09:00:00 AM,29,3,26
02/23/2017 10:00:00 AM,16,4,12
02/23/2017 11:00:00 AM,6,0,6
02/23/2017 12:00:00 PM,4,3,1
02/23/2017 01:00:00 PM,14,5,9
02/23/2017 02:00:00 PM,14,6,8
02/23/2017 03:00:00 PM,22,13,9
02/23/2017 04:00:00 PM,61,51,10
02/23/2017 05:00:00 PM,82,72,10
02/23/2017 06:00:00 PM,59,53,6
02/23/2017 07:00:00 PM,14,9,5
02/23/2017 08:00:00 PM,7,6,1
02/23/2017 09:00:00 PM,9,6,3
02/23/2017 10:00:00 PM,3,2,1
02/23/2017 11:00:00 PM,1,1,0
02/24/2017 12:00:00 AM,0,0,0
02/24/2017 01:00:00 AM,1,1,0
02/24/2017 02:00:00 AM,1,1,0
02/24/2017 03:00:00 AM,1,1,0
02/24/2017 04:00:00 AM,3,0,3
02/24/2017 05:00:00 AM,6,1,5
02/24/2017 06:00:00 AM,25,0,25
02/24/2017 07:00:00 AM,45,3,42
02/24/2017 08:00:00 AM,47,4,43
02/24/2017 09:00:00 AM,18,2,16
02/24/2017 10:00:00 AM,16,1,15
02/24/2017 11:00:00 AM,8,0,8
02/24/2017 12:00:00 PM,11,3,8
02/24/2017 01:00:00 PM,8,5,3
02/24/2017 02:00:00 PM,21,10,11
02/24/2017 03:00:00 PM,18,13,5
02/24/2017 04:00:00 PM,37,32,5
02/24/2017 05:00:00 PM,77,67,10
02/24/2017 06:00:00 PM,32,25,7
02/24/2017 07:00:00 PM,5,4,1
02/24/2017 08:00:00 PM,4,2,2
02/24/2017 09:00:00 PM,6,5,1
02/24/2017 10:00:00 PM,2,2,0
02/24/2017 11:00:00 PM,1,0,1
02/25/2017 12:00:00 AM,1,0,1
02/25/2017 01:00:00 AM,0,0,0
02/25/2017 02:00:00 AM,0,0,0
02/25/2017 03:00:00 AM,3,1,2
02/25/2017 04:00:00 AM,0,0,0
02/25/2017 05:00:00 AM,3,1,2
02/25/2017 06:00:00 AM,5,0,5
02/25/2017 07:00:00 AM,11,1,10
02/25/2017 08:00:00 AM,12,2,10
02/25/2017 09:00:00 AM,22,11,11
02/25/2017 10:00:00 AM,41,22,19
02/25/2017 11:00:00 AM,30,18,12
02/25/2017 12:00:00 PM,42,23,19
02/25/2017 01:00:00 PM,51,22,29
02/25/2017 02:00:00 PM,47,27,20
02/25/2017 03:00:00 PM,32,18,14
02/25/2017 04:00:00 PM,21,10,11
02/25/2017 05:00:00 PM,18,8,10
02/25/2017 06:00:00 PM,8,7,1
02/25/2017 07:00:00 PM,4,4,0
02/25/2017 08:00:00 PM,5,5,0
02/25/2017 09:00:00 PM,2,2,0
02/25/2017 10:00:00 PM,4,1,3
02/25/2017 11:00:00 PM,3,2,1
02/26/2017 12:00:00 AM,0,0,0
02/26/2017 01:00:00 AM,3,1,2
02/26/2017 02:00:00 AM,2,1,1
02/26/2017 03:00:00 AM,1,0,1
02/26/2017 04:00:00 AM,4,2,2
02/26/2017 05:00:00 AM,3,1,2
02/26/2017 06:00:00 AM,6,1,5
02/26/2017 07:00:00 AM,25,1,24
02/26/2017 08:00:00 AM,19,4,15
02/26/2017 09:00:00 AM,9,1,8
02/26/2017 10:00:00 AM,5,2,3
02/26/2017 11:00:00 AM,8,3,5
02/26/2017 12:00:00 PM,12,9,3
02/26/2017 01:00:00 PM,15,12,3
02/26/2017 02:00:00 PM,17,11,6
02/26/2017 03:00:00 PM,18,13,5
02/26/2017 04:00:00 PM,9,7,2
02/26/2017 05:00:00 PM,8,4,4
02/26/2017 06:00:00 PM,4,1,3
02/26/2017 07:00:00 PM,1,0,1
02/26/2017 08:00:00 PM,3,2,1
02/26/2017 09:00:00 PM,1,1,0
02/26/2017 10:00:00 PM,3,2,1
02/26/2017 11:00:00 PM,0,0,0
02/27/2017 12:00:00 AM,3,1,2
02/27/2017 01:00:00 AM,0,0,0
02/27/2017 02:00:00 AM,1,0,1
02/27/2017 03:00:00 AM,2,2,0
02/27/2017 04:00:00 AM,6,1,5
02/27/2017 05:00:00 AM,9,1,8
02/27/2017 06:00:00 AM,23,3,20
02/27/2017 07:00:00 AM,38,2,36
02/27/2017 08:00:00 AM,53,3,50
02/27/2017 09:00:00 AM,26,0,26
02/27/2017 10:00:00 AM,12,1,11
02/27/2017 11:00:00 AM,4,1,3
02/27/2017 12:00:00 PM,4,3,1
02/27/2017 01:00:00 PM,9,4,5
02/27/2017 02:00:00 PM,16,9,7
02/27/2017 03:00:00 PM,15,8,7
02/27/2017 04:00:00 PM,39,36,3
02/27/2017 05:00:00 PM,52,49,3
02/27/2017 06:00:00 PM,43,35,8
02/27/2017 07:00:00 PM,9,9,0
02/27/2017 08:00:00 PM,7,4,3
02/27/2017 09:00:00 PM,2,1,1
02/27/2017 10:00:00 PM,0,0,0
02/27/2017 11:00:00 PM,1,0,1
02/28/2017 12:00:00 AM,0,0,0
02/28/2017 01:00:00 AM,1,1,0
02/28/2017 02:00:00 AM,0,0,0
02/28/2017 03:00:00 AM,0,0,0
02/28/2017 04:00:00 AM,2,1,1
02/28/2017 05:00:00 AM,5,1,4
02/28/2017 06:00:00 AM,30,4,26
02/28/2017 07:00:00 AM,58,0,58
02/28/2017 08:00:00 AM,84,10,74
02/28/2017 09:00:00 AM,30,5,25
02/28/2017 10:00:00 AM,20,7,13
02/28/2017 11:00:00 AM,6,1,5
02/28/2017 12:00:00 PM,11,2,9
02/28/2017 01:00:00 PM,9,4,5
02/28/2017 02:00:00 PM,17,7,10
02/28/2017 03:00:00 PM,19,12,7
02/28/2017 04:00:00 PM,48,45,3
02/28/2017 05:00:00 PM,75,67,8
02/28/2017 06:00:00 PM,57,51,6
02/28/2017 07:00:00 PM,24,21,3
02/28/2017 08:00:00 PM,10,9,1
02/28/2017 09:00:00 PM,4,2,2
02/28/2017 10:00:00 PM,7,4,3
02/28/2017 11:00:00 PM,1,1,0
03/01/2017 12:00:00 AM,1,0,1
03/01/2017 01:00:00 AM,3,1,2
03/01/2017 02:00:00 AM,1,1,0
03/01/2017 03:00:00 AM,1,1,0
03/01/2017 04:00:00 AM,3,1,2
03/01/2017 05:00:00 AM,11,0,11
03/01/2017 06:00:00 AM,46,6,40
03/01/2017 07:00:00 AM,85,9,76
03/01/2017 08:00:00 AM,104,10,94
03/01/2017 09:00:00 AM,36,5,31
03/01/2017 10:00:00 AM,14,4,10
03/01/2017 11:00:00 AM,14,5,9
03/01/2017 12:00:00 PM,6,2,4
03/01/2017 01:00:00 PM,16,10,6
03/01/2017 02:00:00 PM,15,8,7
03/01/2017 03:00:00 PM,28,20,8
03/01/2017 04:00:00 PM,54,43,11
03/01/2017 05:00:00 PM,99,93,6
03/01/2017 06:00:00 PM,76,62,14
03/01/2017 07:00:00 PM,29,24,5
03/01/2017 08:00:00 PM,13,8,5
03/01/2017 09:00:00 PM,8,5,3
03/01/2017 10:00:00 PM,4,2,2
03/01/2017 11:00:00 PM,4,4,0
03/02/2017 12:00:00 AM,2,1,1
03/02/2017 01:00:00 AM,3,2,1
03/02/2017 02:00:00 AM,3,3,0
03/02/2017 03:00:00 AM,1,0,1
03/02/2017 04:00:00 AM,2,0,2
03/02/2017 05:00:00 AM,7,0,7
03/02/2017 06:00:00 AM,36,6,30
03/02/2017 07:00:00 AM,85,5,80
03/02/2017 08:00:00 AM,81,11,70
03/02/2017 09:00:00 AM,36,3,33
03/02/2017 10:00:00 AM,17,2,15
03/02/2017 11:00:00 AM,12,4,8
03/02/2017 12:00:00 PM,7,5,2
03/02/2017 01:00:00 PM,12,4,8
03/02/2017 02:00:00 PM,10,4,6
03/02/2017 03:00:00 PM,18,13,5
03/02/2017 04:00:00 PM,49,41,8
03/02/2017 05:00:00 PM,82,71,11
03/02/2017 06:00:00 PM,53,50,3
03/02/2017 07:00:00 PM,10,7,3
03/02/2017 08:00:00 PM,12,9,3
03/02/2017 09:00:00 PM,9,6,3
03/02/2017 10:00:00 PM,5,4,1
03/02/2017 11:00:00 PM,3,3,0
03/03/2017 12:00:00 AM,2,1,1
03/03/2017 01:00:00 AM,2,1,1
03/03/2017 02:00:00 AM,3,0,3
03/03/2017 03:00:00 AM,4,3,1
03/03/2017 04:00:00 AM,4,2,2
03/03/2017 05:00:00 AM,5,1,4
03/03/2017 06:00:00 AM,31,9,22
03/03/2017 07:00:00 AM,62,9,53
03/03/2017 08:00:00 AM,63,3,60
03/03/2017 09:00:00 AM,32,3,29
03/03/2017 10:00:00 AM,10,4,6
03/03/2017 11:00:00 AM,7,1,6
03/03/2017 12:00:00 PM,7,4,3
03/03/2017 01:00:00 PM,3,1,2
03/03/2017 02:00:00 PM,10,8,2
03/03/2017 03:00:00 PM,12,12,0
03/03/2017 04:00:00 PM,40,36,4
03/03/2017 05:00:00 PM,46,39,7
03/03/2017 06:00:00 PM,36,30,6
03/03/2017 07:00:00 PM,13,11,2
03/03/2017 08:00:00 PM,6,6,0
03/03/2017 09:00:00 PM,1,1,0
03/03/2017 10:00:00 PM,3,1,2
03/03/2017 11:00:00 PM,0,0,0
03/04/2017 12:00:00 AM,2,1,1
03/04/2017 01:00:00 AM,2,2,0
03/04/2017 02:00:00 AM,0,0,0
03/04/2017 03:00:00 AM,0,0,0
03/04/2017 04:00:00 AM,2,0,2
03/04/2017 05:00:00 AM,2,0,2
03/04/2017 06:00:00 AM,3,0,3
03/04/2017 07:00:00 AM,17,3,14
03/04/2017 08:00:00 AM,23,6,17
03/04/2017 09:00:00 AM,26,13,13
03/04/2017 10:00:00 AM,40,19,21
03/04/2017 11:00:00 AM,40,18,22
03/04/2017 12:00:00 PM,36,18,18
03/04/2017 01:00:00 PM,63,33,30
03/04/2017 02:00:00 PM,35,22,13
03/04/2017 03:00:00 PM,40,29,11
03/04/2017 04:00:00 PM,20,9,11
03/04/2017 05:00:00 PM,22,14,8
03/04/2017 06:00:00 PM,9,6,3
03/04/2017 07:00:00 PM,8,6,2
03/04/2017 08:00:00 PM,2,2,0
03/04/2017 09:00:00 PM,0,0,0
03/04/2017 10:00:00 PM,0,0,0
03/04/2017 11:00:00 PM,5,3,2
03/05/2017 12:00:00 AM,0,0,0
03/05/2017 01:00:00 AM,3,1,2
03/05/2017 02:00:00 AM,1,0,1
03/05/2017 03:00:00 AM,3,0,3
03/05/2017 04:00:00 AM,4,1,3
03/05/2017 05:00:00 AM,3,0,3
03/05/2017 06:00:00 AM,1,0,1
03/05/2017 07:00:00 AM,3,2,1
03/05/2017 08:00:00 AM,10,0,10
03/05/2017 09:00:00 AM,8,5,3
03/05/2017 10:00:00 AM,22,5,17
03/05/2017 11:00:00 AM,12,7,5
03/05/2017 12:00:00 PM,23,13,10
03/05/2017 01:00:00 PM,12,8,4
03/05/2017 02:00:00 PM,10,5,5
03/05/2017 03:00:00 PM,9,7,2
03/05/2017 04:00:00 PM,8,1,7
03/05/2017 05:00:00 PM,3,2,1
03/05/2017 06:00:00 PM,2,1,1
03/05/2017 07:00:00 PM,1,1,0
03/05/2017 08:00:00 PM,2,1,1
03/05/2017 09:00:00 PM,2,1,1
03/05/2017 10:00:00 PM,1,0,1
03/05/2017 11:00:00 PM,3,2,1
03/06/2017 12:00:00 AM,0,0,0
03/06/2017 01:00:00 AM,1,1,0
03/06/2017 02:00:00 AM,2,1,1
03/06/2017 03:00:00 AM,1,1,0
03/06/2017 04:00:00 AM,4,1,3
03/06/2017 05:00:00 AM,17,5,12
03/06/2017 06:00:00 AM,37,5,32
03/06/2017 07:00:00 AM,86,7,79
03/06/2017 08:00:00 AM,80,12,68
03/06/2017 09:00:00 AM,40,4,36
03/06/2017 10:00:00 AM,19,5,14
03/06/2017 11:00:00 AM,9,1,8
03/06/2017 12:00:00 PM,14,5,9
03/06/2017 01:00:00 PM,10,5,5
03/06/2017 02:00:00 PM,8,5,3
03/06/2017 03:00:00 PM,27,18,9
03/06/2017 04:00:00 PM,58,48,10
03/06/2017 05:00:00 PM,103,91,12
03/06/2017 06:00:00 PM,57,47,10
03/06/2017 07:00:00 PM,18,15,3
03/06/2017 08:00:00 PM,10,8,2
03/06/2017 09:00:00 PM,5,5,0
03/06/2017 10:00:00 PM,4,2,2
03/06/2017 11:00:00 PM,0,0,0
03/07/2017 12:00:00 AM,0,0,0
03/07/2017 01:00:00 AM,0,0,0
03/07/2017 02:00:00 AM,1,1,0
03/07/2017 03:00:00 AM,2,1,1
03/07/2017 04:00:00 AM,3,1,2
03/07/2017 05:00:00 AM,9,3,6
03/07/2017 06:00:00 AM,29,3,26
03/07/2017 07:00:00 AM,76,7,69
03/07/2017 08:00:00 AM,64,3,61
03/07/2017 09:00:00 AM,26,3,23
03/07/2017 10:00:00 AM,5,0,5
03/07/2017 11:00:00 AM,5,3,2
03/07/2017 12:00:00 PM,4,1,3
03/07/2017 01:00:00 PM,9,3,6
03/07/2017 02:00:00 PM,4,3,1
03/07/2017 03:00:00 PM,13,9,4
03/07/2017 04:00:00 PM,44,37,7
03/07/2017 05:00:00 PM,69,62,7
03/07/2017 06:00:00 PM,59,54,5
03/07/2017 07:00:00 PM,15,14,1
03/07/2017 08:00:00 PM,10,8,2
03/07/2017 09:00:00 PM,2,2,0
03/07/2017 10:00:00 PM,2,2,0
03/07/2017 11:00:00 PM,0,0,0
03/08/2017 12:00:00 AM,3,1,2
03/08/2017 01:00:00 AM,2,2,0
03/08/2017 02:00:00 AM,0,0,0
03/08/2017 03:00:00 AM,1,0,1
03/08/2017 04:00:00 AM,7,2,5
03/08/2017 05:00:00 AM,15,2,13
03/08/2017 06:00:00 AM,36,6,30
03/08/2017 07:00:00 AM,83,10,73
03/08/2017 08:00:00 AM,97,4,93
03/08/2017 09:00:00 AM,30,3,27
03/08/2017 10:00:00 AM,12,3,9
03/08/2017 11:00:00 AM,9,3,6
03/08/2017 12:00:00 PM,5,4,1
03/08/2017 01:00:00 PM,12,6,6
03/08/2017 02:00:00 PM,19,9,10
03/08/2017 03:00:00 PM,21,14,7
03/08/2017 04:00:00 PM,43,35,8
03/08/2017 05:00:00 PM,83,75,8
03/08/2017 06:00:00 PM,59,51,8
03/08/2017 07:00:00 PM,21,19,2
03/08/2017 08:00:00 PM,12,10,2
03/08/2017 09:00:00 PM,7,4,3
03/08/2017 10:00:00 PM,2,1,1
03/08/2017 11:00:00 PM,0,0,0
03/09/2017 12:00:00 AM,2,1,1
03/09/2017 01:00:00 AM,0,0,0
03/09/2017 02:00:00 AM,0,0,0
03/09/2017 03:00:00 AM,1,0,1
03/09/2017 04:00:00 AM,2,0,2
03/09/2017 05:00:00 AM,8,2,6
03/09/2017 06:00:00 AM,33,4,29
03/09/2017 07:00:00 AM,69,5,64
03/09/2017 08:00:00 AM,69,1,68
03/09/2017 09:00:00 AM,22,3,19
03/09/2017 10:00:00 AM,12,1,11
03/09/2017 11:00:00 AM,5,4,1
03/09/2017 12:00:00 PM,6,3,3
03/09/2017 01:00:00 PM,6,3,3
03/09/2017 02:00:00 PM,2,0,2
03/09/2017 03:00:00 PM,13,10,3
03/09/2017 04:00:00 PM,55,44,11
03/09/2017 05:00:00 PM,72,67,5
03/09/2017 06:00:00 PM,48,43,5
03/09/2017 07:00:00 PM,25,19,6
03/09/2017 08:00:00 PM,3,1,2
03/09/2017 09:00:00 PM,6,6,0
03/09/2017 10:00:00 PM,3,2,1
03/09/2017 11:00:00 PM,3,3,0
03/10/2017 12:00:00 AM,2,1,1
03/10/2017 01:00:00 AM,2,0,2
03/10/2017 02:00:00 AM,4,4,0
03/10/2017 03:00:00 AM,1,1,0
03/10/2017 04:00:00 AM,1,0,1
03/10/2017 05:00:00 AM,9,3,6
03/10/2017 06:00:00 AM,25,3,22
03/10/2017 07:00:00 AM,57,7,50
03/10/2017 08:00:00 AM,60,4,56
03/10/2017 09:00:00 AM,22,4,18
03/10/2017 10:00:00 AM,10,2,8
03/10/2017 11:00:00 AM,12,2,10
03/10/2017 12:00:00 PM,8,3,5
03/10/2017 01:00:00 PM,10,7,3
03/10/2017 02:00:00 PM,22,9,13
03/10/2017 03:00:00 PM,21,12,9
03/10/2017 04:00:00 PM,43,35,8
03/10/2017 05:00:00 PM,56,51,5
03/10/2017 06:00:00 PM,40,37,3
03/10/2017 07:00:00 PM,24,21,3
03/10/2017 08:00:00 PM,8,5,3
03/10/2017 09:00:00 PM,7,5,2
03/10/2017 10:00:00 PM,1,0,1
03/10/2017 11:00:00 PM,5,1,4
03/11/2017 12:00:00 AM,4,2,2
03/11/2017 01:00:00 AM,0,0,0
03/11/2017 02:00:00 AM,1,0,1
03/11/2017 03:00:00 AM,2,1,1
03/11/2017 04:00:00 AM,1,0,1
03/11/2017 05:00:00 AM,2,1,1
03/11/2017 06:00:00 AM,4,0,4
03/11/2017 07:00:00 AM,12,3,9
03/11/2017 08:00:00 AM,12,5,7
03/11/2017 09:00:00 AM,8,6,2
03/11/2017 10:00:00 AM,6,1,5
03/11/2017 11:00:00 AM,4,2,2
03/11/2017 12:00:00 PM,3,2,1
03/11/2017 01:00:00 PM,3,1,2
03/11/2017 02:00:00 PM,6,3,3
03/11/2017 03:00:00 PM,10,7,3
03/11/2017 04:00:00 PM,11,8,3
03/11/2017 05:00:00 PM,13,7,6
03/11/2017 06:00:00 PM,9,6,3
03/11/2017 07:00:00 PM,5,2,3
03/11/2017 08:00:00 PM,4,3,1
03/11/2017 09:00:00 PM,1,1,0
03/11/2017 10:00:00 PM,1,1,0
03/11/2017 11:00:00 PM,0,0,0
03/12/2017 12:00:00 AM,1,1,0
03/12/2017 01:00:00 AM,1,0,1
03/12/2017 02:00:00 AM,,,
03/12/2017 03:00:00 AM,0,0,0
03/12/2017 04:00:00 AM,2,0,2
03/12/2017 05:00:00 AM,5,1,4
03/12/2017 06:00:00 AM,2,0,2
03/12/2017 07:00:00 AM,3,1,2
03/12/2017 08:00:00 AM,10,2,8
03/12/2017 09:00:00 AM,10,9,1
03/12/2017 10:00:00 AM,21,10,11
03/12/2017 11:00:00 AM,19,11,8
03/12/2017 12:00:00 PM,14,5,9
03/12/2017 01:00:00 PM,19,6,13
03/12/2017 02:00:00 PM,10,5,5
03/12/2017 03:00:00 PM,23,17,6
03/12/2017 04:00:00 PM,12,6,6
03/12/2017 05:00:00 PM,15,9,6
03/12/2017 06:00:00 PM,18,6,12
03/12/2017 07:00:00 PM,3,2,1
03/12/2017 08:00:00 PM,1,1,0
03/12/2017 09:00:00 PM,3,3,0
03/12/2017 10:00:00 PM,3,2,1
03/12/2017 11:00:00 PM,2,2,0
03/13/2017 12:00:00 AM,1,1,0
03/13/2017 01:00:00 AM,2,0,2
03/13/2017 02:00:00 AM,2,0,2
03/13/2017 03:00:00 AM,0,0,0
03/13/2017 04:00:00 AM,7,1,6
03/13/2017 05:00:00 AM,8,2,6
03/13/2017 06:00:00 AM,25,6,19
03/13/2017 07:00:00 AM,56,10,46
03/13/2017 08:00:00 AM,79,10,69
03/13/2017 09:00:00 AM,34,2,32
03/13/2017 10:00:00 AM,8,2,6
03/13/2017 11:00:00 AM,3,0,3
03/13/2017 12:00:00 PM,9,5,4
03/13/2017 01:00:00 PM,7,4,3
03/13/2017 02:00:00 PM,6,5,1
03/13/2017 03:00:00 PM,19,12,7
03/13/2017 04:00:00 PM,38,32,6
03/13/2017 05:00:00 PM,78,70,8
03/13/2017 06:00:00 PM,52,48,4
03/13/2017 07:00:00 PM,21,19,2
03/13/2017 08:00:00 PM,7,4,3
03/13/2017 09:00:00 PM,1,1,0
03/13/2017 10:00:00 PM,1,1,0
03/13/2017 11:00:00 PM,0,0,0
03/14/2017 12:00:00 AM,0,0,0
03/14/2017 01:00:00 AM,2,1,1
03/14/2017 02:00:00 AM,2,1,1
03/14/2017 03:00:00 AM,1,1,0
03/14/2017 04:00:00 AM,2,0,2
03/14/2017 05:00:00 AM,10,1,9
03/14/2017 06:00:00 AM,33,8,25
03/14/2017 07:00:00 AM,68,7,61
03/14/2017 08:00:00 AM,86,5,81
03/14/2017 09:00:00 AM,46,4,42
03/14/2017 10:00:00 AM,8,1,7
03/14/2017 11:00:00 AM,10,4,6
03/14/2017 12:00:00 PM,11,8,3
03/14/2017 01:00:00 PM,8,2,6
03/14/2017 02:00:00 PM,9,4,5
03/14/2017 03:00:00 PM,25,17,8
03/14/2017 04:00:00 PM,51,39,12
03/14/2017 05:00:00 PM,95,88,7
03/14/2017 06:00:00 PM,53,48,5
03/14/2017 07:00:00 PM,27,24,3
03/14/2017 08:00:00 PM,11,7,4
03/14/2017 09:00:00 PM,7,5,2
03/14/2017 10:00:00 PM,4,3,1
03/14/2017 11:00:00 PM,1,1,0
03/15/2017 12:00:00 AM,4,1,3
03/15/2017 01:00:00 AM,1,0,1
03/15/2017 02:00:00 AM,2,2,0
03/15/2017 03:00:00 AM,1,1,0
03/15/2017 04:00:00 AM,2,2,0
03/15/2017 05:00:00 AM,11,1,10
03/15/2017 06:00:00 AM,29,5,24
03/15/2017 07:00:00 AM,68,10,58
03/15/2017 08:00:00 AM,62,6,56
03/15/2017 09:00:00 AM,24,4,20
03/15/2017 10:00:00 AM,11,3,8
03/15/2017 11:00:00 AM,6,0,6
03/15/2017 12:00:00 PM,4,2,2
03/15/2017 01:00:00 PM,8,1,7
03/15/2017 02:00:00 PM,12,7,5
03/15/2017 03:00:00 PM,18,15,3
03/15/2017 04:00:00 PM,41,34,7
03/15/2017 05:00:00 PM,62,57,5
03/15/2017 06:00:00 PM,59,54,5
03/15/2017 07:00:00 PM,18,16,2
03/15/2017 08:00:00 PM,11,6,5
03/15/2017 09:00:00 PM,7,7,0
03/15/2017 10:00:00 PM,1,0,1
03/15/2017 11:00:00 PM,2,1,1
03/16/2017 12:00:00 AM,4,3,1
03/16/2017 01:00:00 AM,1,1,0
03/16/2017 02:00:00 AM,3,2,1
03/16/2017 03:00:00 AM,4,2,2
03/16/2017 04:00:00 AM,1,0,1
03/16/2017 05:00:00 AM,21,5,16
03/16/2017 06:00:00 AM,42,9,33
03/16/2017 07:00:00 AM,90,9,81
03/16/2017 08:00:00 AM,93,7,86
03/16/2017 09:00:00 AM,43,4,39
03/16/2017 10:00:00 AM,15,5,10
03/16/2017 11:00:00 AM,15,7,8
03/16/2017 12:00:00 PM,18,6,12
03/16/2017 01:00:00 PM,22,9,13
03/16/2017 02:00:00 PM,29,20,9
03/16/2017 03:00:00 PM,30,18,12
03/16/2017 04:00:00 PM,77,63,14
03/16/2017 05:00:00 PM,123,101,22
03/16/2017 06:00:00 PM,69,61,8
03/16/2017 07:00:00 PM,28,21,7
03/16/2017 08:00:00 PM,14,10,4
03/16/2017 09:00:00 PM,17,11,6
03/16/2017 10:00:00 PM,1,0,1
03/16/2017 11:00:00 PM,4,1,3
03/17/2017 12:00:00 AM,1,1,0
03/17/2017 01:00:00 AM,0,0,0
03/17/2017 02:00:00 AM,3,3,0
03/17/2017 03:00:00 AM,2,1,1
03/17/2017 04:00:00 AM,1,0,1
03/17/2017 05:00:00 AM,7,3,4
03/17/2017 06:00:00 AM,36,4,32
03/17/2017 07:00:00 AM,58,5,53
03/17/2017 08:00:00 AM,88,5,83
03/17/2017 09:00:00 AM,32,4,28
03/17/2017 10:00:00 AM,12,1,11
03/17/2017 11:00:00 AM,16,6,10
03/17/2017 12:00:00 PM,11,7,4
03/17/2017 01:00:00 PM,4,3,1
03/17/2017 02:00:00 PM,11,7,4
03/17/2017 03:00:00 PM,12,12,0
03/17/2017 04:00:00 PM,51,45,6
03/17/2017 05:00:00 PM,58,55,3
03/17/2017 06:00:00 PM,33,31,2
03/17/2017 07:00:00 PM,8,6,2
03/17/2017 08:00:00 PM,3,2,1
03/17/2017 09:00:00 PM,4,4,0
03/17/2017 10:00:00 PM,0,0,0
03/17/2017 11:00:00 PM,2,0,2
03/18/2017 12:00:00 AM,1,0,1
03/18/2017 01:00:00 AM,0,0,0
03/18/2017 02:00:00 AM,0,0,0
03/18/2017 03:00:00 AM,2,1,1
03/18/2017 04:00:00 AM,1,0,1
03/18/2017 05:00:00 AM,1,0,1
03/18/2017 06:00:00 AM,1,0,1
03/18/2017 07:00:00 AM,2,1,1
03/18/2017 08:00:00 AM,1,0,1
03/18/2017 09:00:00 AM,2,1,1
03/18/2017 10:00:00 AM,3,2,1
03/18/2017 11:00:00 AM,2,0,2
03/18/2017 12:00:00 PM,2,1,1
03/18/2017 01:00:00 PM,9,4,5
03/18/2017 02:00:00 PM,17,8,9
03/18/2017 03:00:00 PM,11,1,10
03/18/2017 04:00:00 PM,20,12,8
03/18/2017 05:00:00 PM,15,9,6
03/18/2017 06:00:00 PM,10,7,3
03/18/2017 07:00:00 PM,3,0,3
03/18/2017 08:00:00 PM,5,3,2
03/18/2017 09:00:00 PM,2,1,1
03/18/2017 10:00:00 PM,6,3,3
03/18/2017 11:00:00 PM,3,1,2
03/19/2017 12:00:00 AM,1,1,0
03/19/2017 01:00:00 AM,1,0,1
03/19/2017 02:00:00 AM,0,0,0
03/19/2017 03:00:00 AM,3,2,1
03/19/2017 04:00:00 AM,2,2,0
03/19/2017 05:00:00 AM,4,0,4
03/19/2017 06:00:00 AM,2,0,2
03/19/2017 07:00:00 AM,2,0,2
03/19/2017 08:00:00 AM,25,9,16
03/19/2017 09:00:00 AM,29,13,16
03/19/2017 10:00:00 AM,36,19,17
03/19/2017 11:00:00 AM,63,35,28
03/19/2017 12:00:00 PM,91,43,48
03/19/2017 01:00:00 PM,90,48,42
03/19/2017 02:00:00 PM,87,41,46
03/19/2017 03:00:00 PM,69,40,29
03/19/2017 04:00:00 PM,67,36,31
03/19/2017 05:00:00 PM,57,25,32
03/19/2017 06:00:00 PM,32,16,16
03/19/2017 07:00:00 PM,10,4,6
03/19/2017 08:00:00 PM,6,3,3
03/19/2017 09:00:00 PM,5,5,0
03/19/2017 10:00:00 PM,1,0,1
03/19/2017 11:00:00 PM,0,0,0
03/20/2017 12:00:00 AM,5,1,4
03/20/2017 01:00:00 AM,2,2,0
03/20/2017 02:00:00 AM,4,2,2
03/20/2017 03:00:00 AM,2,1,1
03/20/2017 04:00:00 AM,5,2,3
03/20/2017 05:00:00 AM,14,3,11
03/20/2017 06:00:00 AM,30,8,22
03/20/2017 07:00:00 AM,131,7,124
03/20/2017 08:00:00 AM,122,8,114
03/20/2017 09:00:00 AM,52,10,42
03/20/2017 10:00:00 AM,26,8,18
03/20/2017 11:00:00 AM,16,4,12
03/20/2017 12:00:00 PM,22,7,15
03/20/2017 01:00:00 PM,17,9,8
03/20/2017 02:00:00 PM,28,14,14
03/20/2017 03:00:00 PM,30,22,8
03/20/2017 04:00:00 PM,81,73,8
03/20/2017 05:00:00 PM,122,114,8
03/20/2017 06:00:00 PM,85,74,11
03/20/2017 07:00:00 PM,27,20,7
03/20/2017 08:00:00 PM,12,10,2
03/20/2017 09:00:00 PM,10,10,0
03/20/2017 10:00:00 PM,5,3,2
03/20/2017 11:00:00 PM,5,2,3
03/21/2017 12:00:00 AM,1,1,0
03/21/2017 01:00:00 AM,0,0,0
03/21/2017 02:00:00 AM,1,0,1
03/21/2017 03:00:00 AM,2,1,1
03/21/2017 04:00:00 AM,3,1,2
03/21/2017 05:00:00 AM,11,2,9
03/21/2017 06:00:00 AM,32,8,24
03/21/2017 07:00:00 AM,77,10,67
03/21/2017 08:00:00 AM,86,8,78
03/21/2017 09:00:00 AM,31,3,28
03/21/2017 10:00:00 AM,18,2,16
03/21/2017 11:00:00 AM,9,5,4
03/21/2017 12:00:00 PM,12,6,6
03/21/2017 01:00:00 PM,12,6,6
03/21/2017 02:00:00 PM,13,8,5
03/21/2017 03:00:00 PM,19,12,7
03/21/2017 04:00:00 PM,46,39,7
03/21/2017 05:00:00 PM,106,87,19
03/21/2017 06:00:00 PM,56,51,5
03/21/2017 07:00:00 PM,27,25,2
03/21/2017 08:00:00 PM,9,8,1
03/21/2017 09:00:00 PM,10,5,5
03/21/2017 10:00:00 PM,1,1,0
03/21/2017 11:00:00 PM,1,1,0
03/22/2017 12:00:00 AM,3,2,1
03/22/2017 01:00:00 AM,0,0,0
03/22/2017 02:00:00 AM,1,1,0
03/22/2017 03:00:00 AM,2,1,1
03/22/2017 04:00:00 AM,3,2,1
03/22/2017 05:00:00 AM,10,3,7
03/22/2017 06:00:00 AM,41,8,33
03/22/2017 07:00:00 AM,101,7,94
03/22/2017 08:00:00 AM,96,12,84
03/22/2017 09:00:00 AM,39,6,33
03/22/2017 10:00:00 AM,18,2,16
03/22/2017 11:00:00 AM,18,7,11
03/22/2017 12:00:00 PM,7,5,2
03/22/2017 01:00:00 PM,11,4,7
03/22/2017 02:00:00 PM,27,17,10
03/22/2017 03:00:00 PM,27,20,7
03/22/2017 04:00:00 PM,58,45,13
03/22/2017 05:00:00 PM,101,94,7
03/22/2017 06:00:00 PM,76,69,7
03/22/2017 07:00:00 PM,28,21,7
03/22/2017 08:00:00 PM,18,13,5
03/22/2017 09:00:00 PM,10,9,1
03/22/2017 10:00:00 PM,3,2,1
03/22/2017 11:00:00 PM,1,1,0
03/23/2017 12:00:00 AM,3,1,2
03/23/2017 01:00:00 AM,0,0,0
03/23/2017 02:00:00 AM,1,1,0
03/23/2017 03:00:00 AM,5,2,3
03/23/2017 04:00:00 AM,0,0,0
03/23/2017 05:00:00 AM,22,6,16
03/23/2017 06:00:00 AM,50,7,43
03/23/2017 07:00:00 AM,103,8,95
03/23/2017 08:00:00 AM,105,14,91
03/23/2017 09:00:00 AM,40,5,35
03/23/2017 10:00:00 AM,21,7,14
03/23/2017 11:00:00 AM,22,8,14
03/23/2017 12:00:00 PM,22,14,8
03/23/2017 01:00:00 PM,28,9,19
03/23/2017 02:00:00 PM,20,10,10
03/23/2017 03:00:00 PM,35,25,10
03/23/2017 04:00:00 PM,85,63,22
03/23/2017 05:00:00 PM,133,116,17
03/23/2017 06:00:00 PM,66,57,9
03/23/2017 07:00:00 PM,19,16,3
03/23/2017 08:00:00 PM,11,8,3
03/23/2017 09:00:00 PM,7,5,2
03/23/2017 10:00:00 PM,6,3,3
03/23/2017 11:00:00 PM,1,0,1
03/24/2017 12:00:00 AM,1,0,1
03/24/2017 01:00:00 AM,0,0,0
03/24/2017 02:00:00 AM,1,1,0
03/24/2017 03:00:00 AM,3,1,2
03/24/2017 04:00:00 AM,1,1,0
03/24/2017 05:00:00 AM,10,2,8
03/24/2017 06:00:00 AM,26,6,20
03/24/2017 07:00:00 AM,50,7,43
03/24/2017 08:00:00 AM,53,4,49
03/24/2017 09:00:00 AM,28,3,25
03/24/2017 10:00:00 AM,6,2,4
03/24/2017 11:00:00 AM,8,2,6
03/24/2017 12:00:00 PM,5,3,2
03/24/2017 01:00:00 PM,10,5,5
03/24/2017 02:00:00 PM,9,6,3
03/24/2017 03:00:00 PM,23,16,7
03/24/2017 04:00:00 PM,38,33,5
03/24/2017 05:00:00 PM,59,51,8
03/24/2017 06:00:00 PM,41,31,10
03/24/2017 07:00:00 PM,12,11,1
03/24/2017 08:00:00 PM,6,2,4
03/24/2017 09:00:00 PM,4,2,2
03/24/2017 10:00:00 PM,2,2,0
03/24/2017 11:00:00 PM,5,3,2
03/25/2017 12:00:00 AM,0,0,0
03/25/2017 01:00:00 AM,1,1,0
03/25/2017 02:00:00 AM,1,1,0
03/25/2017 03:00:00 AM,1,0,1
03/25/2017 04:00:00 AM,2,1,1
03/25/2017 05:00:00 AM,4,1,3
03/25/2017 06:00:00 AM,5,1,4
03/25/2017 07:00:00 AM,10,3,7
03/25/2017 08:00:00 AM,15,9,6
03/25/2017 09:00:00 AM,28,16,12
03/25/2017 10:00:00 AM,38,19,19
03/25/2017 11:00:00 AM,40,23,17
03/25/2017 12:00:00 PM,66,32,34
03/25/2017 01:00:00 PM,55,22,33
03/25/2017 02:00:00 PM,45,24,21
03/25/2017 03:00:00 PM,66,36,30
03/25/2017 04:00:00 PM,39,23,16
03/25/2017 05:00:00 PM,33,17,16
03/25/2017 06:00:00 PM,22,11,11
03/25/2017 07:00:00 PM,13,10,3
03/25/2017 08:00:00 PM,6,4,2
03/25/2017 09:00:00 PM,3,2,1
03/25/2017 10:00:00 PM,3,1,2
03/25/2017 11:00:00 PM,2,0,2
03/26/2017 12:00:00 AM,0,0,0
03/26/2017 01:00:00 AM,3,1,2
03/26/2017 02:00:00 AM,3,2,1
03/26/2017 03:00:00 AM,3,2,1
03/26/2017 04:00:00 AM,1,1,0
03/26/2017 05:00:00 AM,4,0,4
03/26/2017 06:00:00 AM,2,0,2
03/26/2017 07:00:00 AM,3,0,3
03/26/2017 08:00:00 AM,8,2,6
03/26/2017 09:00:00 AM,8,3,5
03/26/2017 10:00:00 AM,8,6,2
03/26/2017 11:00:00 AM,6,2,4
03/26/2017 12:00:00 PM,5,3,2
03/26/2017 01:00:00 PM,10,4,6
03/26/2017 02:00:00 PM,10,9,1
03/26/2017 03:00:00 PM,12,4,8
03/26/2017 04:00:00 PM,8,4,4
03/26/2017 05:00:00 PM,7,5,2
03/26/2017 06:00:00 PM,5,3,2
03/26/2017 07:00:00 PM,3,2,1
03/26/2017 08:00:00 PM,2,2,0
03/26/2017 09:00:00 PM,3,1,2
03/26/2017 10:00:00 PM,2,1,1
03/26/2017 11:00:00 PM,2,1,1
03/27/2017 12:00:00 AM,2,1,1
03/27/2017 01:00:00 AM,0,0,0
03/27/2017 02:00:00 AM,0,0,0
03/27/2017 03:00:00 AM,0,0,0
03/27/2017 04:00:00 AM,7,0,7
03/27/2017 05:00:00 AM,15,2,13
03/27/2017 06:00:00 AM,38,6,32
03/27/2017 07:00:00 AM,93,8,85
03/27/2017 08:00:00 AM,110,8,102
03/27/2017 09:00:00 AM,38,5,33
03/27/2017 10:00:00 AM,8,2,6
03/27/2017 11:00:00 AM,7,1,6
03/27/2017 12:00:00 PM,11,5,6
03/27/2017 01:00:00 PM,18,7,11
03/27/2017 02:00:00 PM,6,2,4
03/27/2017 03:00:00 PM,30,26,4
03/27/2017 04:00:00 PM,57,50,7
03/27/2017 05:00:00 PM,97,83,14
03/27/2017 06:00:00 PM,81,72,9
03/27/2017 07:00:00 PM,23,20,3
03/27/2017 08:00:00 PM,6,4,2
03/27/2017 09:00:00 PM,3,3,0
03/27/2017 10:00:00 PM,1,1,0
03/27/2017 11:00:00 PM,0,0,0
03/28/2017 12:00:00 AM,1,1,0
03/28/2017 01:00:00 AM,0,0,0
03/28/2017 02:00:00 AM,1,0,1
03/28/2017 03:00:00 AM,2,1,1
03/28/2017 04:00:00 AM,2,0,2
03/28/2017 05:00:00 AM,20,3,17
03/28/2017 06:00:00 AM,42,10,32
03/28/2017 07:00:00 AM,88,9,79
03/28/2017 08:00:00 AM,81,8,73
03/28/2017 09:00:00 AM,33,4,29
03/28/2017 10:00:00 AM,9,2,7
03/28/2017 11:00:00 AM,9,2,7
03/28/2017 12:00:00 PM,7,5,2
03/28/2017 01:00:00 PM,4,2,2
03/28/2017 02:00:00 PM,15,12,3
03/28/2017 03:00:00 PM,22,12,10
03/28/2017 04:00:00 PM,50,44,6
03/28/2017 05:00:00 PM,94,83,11
03/28/2017 06:00:00 PM,67,58,9
03/28/2017 07:00:00 PM,33,23,10
03/28/2017 08:00:00 PM,10,9,1
03/28/2017 09:00:00 PM,4,3,1
03/28/2017 10:00:00 PM,3,3,0
03/28/2017 11:00:00 PM,3,2,1
03/29/2017 12:00:00 AM,3,0,3
03/29/2017 01:00:00 AM,3,3,0
03/29/2017 02:00:00 AM,0,0,0
03/29/2017 03:00:00 AM,4,3,1
03/29/2017 04:00:00 AM,3,2,1
03/29/2017 05:00:00 AM,7,1,6
03/29/2017 06:00:00 AM,32,5,27
03/29/2017 07:00:00 AM,73,6,67
03/29/2017 08:00:00 AM,83,7,76
03/29/2017 09:00:00 AM,29,2,27
03/29/2017 10:00:00 AM,11,0,11
03/29/2017 11:00:00 AM,12,4,8
03/29/2017 12:00:00 PM,6,4,2
03/29/2017 01:00:00 PM,6,1,5
03/29/2017 02:00:00 PM,8,6,2
03/29/2017 03:00:00 PM,27,21,6
03/29/2017 04:00:00 PM,45,36,9
03/29/2017 05:00:00 PM,73,62,11
03/29/2017 06:00:00 PM,65,57,8
03/29/2017 07:00:00 PM,36,33,3
03/29/2017 08:00:00 PM,13,12,1
03/29/2017 09:00:00 PM,5,5,0
03/29/2017 10:00:00 PM,7,4,3
03/29/2017 11:00:00 PM,4,1,3
03/30/2017 12:00:00 AM,1,0,1
03/30/2017 01:00:00 AM,4,2,2
03/30/2017 02:00:00 AM,1,1,0
03/30/2017 03:00:00 AM,0,0,0
03/30/2017 04:00:00 AM,2,0,2
03/30/2017 05:00:00 AM,16,3,13
03/30/2017 06:00:00 AM,56,8,48
03/30/2017 07:00:00 AM,96,10,86
03/30/2017 08:00:00 AM,111,13,98
03/30/2017 09:00:00 AM,55,7,48
03/30/2017 10:00:00 AM,28,11,17
03/30/2017 11:00:00 AM,18,6,12
03/30/2017 12:00:00 PM,21,11,10
03/30/2017 01:00:00 PM,21,9,12
03/30/2017 02:00:00 PM,29,10,19
03/30/2017 03:00:00 PM,37,23,14
03/30/2017 04:00:00 PM,73,62,11
03/30/2017 05:00:00 PM,120,103,17
03/30/2017 06:00:00 PM,82,74,8
03/30/2017 07:00:00 PM,34,25,9
03/30/2017 08:00:00 PM,9,9,0
03/30/2017 09:00:00 PM,10,6,4
03/30/2017 10:00:00 PM,3,0,3
03/30/2017 11:00:00 PM,2,2,0
03/31/2017 12:00:00 AM,6,3,3
03/31/2017 01:00:00 AM,5,2,3
03/31/2017 02:00:00 AM,5,2,3
03/31/2017 03:00:00 AM,0,0,0
03/31/2017 04:00:00 AM,3,2,1
03/31/2017 05:00:00 AM,15,6,9
03/31/2017 06:00:00 AM,44,8,36
03/31/2017 07:00:00 AM,107,14,93
03/31/2017 08:00:00 AM,105,18,87
03/31/2017 09:00:00 AM,52,9,43
03/31/2017 10:00:00 AM,19,8,11
03/31/2017 11:00:00 AM,19,4,15
03/31/2017 12:00:00 PM,17,5,12
03/31/2017 01:00:00 PM,30,12,18
03/31/2017 02:00:00 PM,19,15,4
03/31/2017 03:00:00 PM,51,39,12
03/31/2017 04:00:00 PM,84,67,17
03/31/2017 05:00:00 PM,111,88,23
03/31/2017 06:00:00 PM,72,62,10
03/31/2017 07:00:00 PM,22,15,7
03/31/2017 08:00:00 PM,6,4,2
03/31/2017 09:00:00 PM,16,11,5
03/31/2017 10:00:00 PM,9,7,2
03/31/2017 11:00:00 PM,4,1,3
04/01/2017 12:00:00 AM,3,3,0
04/01/2017 01:00:00 AM,3,1,2
04/01/2017 02:00:00 AM,7,5,2
04/01/2017 03:00:00 AM,1,0,1
04/01/2017 04:00:00 AM,1,1,0
04/01/2017 05:00:00 AM,4,1,3
04/01/2017 06:00:00 AM,6,1,5
04/01/2017 07:00:00 AM,3,0,3
04/01/2017 08:00:00 AM,6,4,2
04/01/2017 09:00:00 AM,14,8,6
04/01/2017 10:00:00 AM,14,3,11
04/01/2017 11:00:00 AM,11,7,4
04/01/2017 12:00:00 PM,27,18,9
04/01/2017 01:00:00 PM,24,12,12
04/01/2017 02:00:00 PM,25,11,14
04/01/2017 03:00:00 PM,19,10,9
04/01/2017 04:00:00 PM,35,22,13
04/01/2017 05:00:00 PM,20,12,8
04/01/2017 06:00:00 PM,11,8,3
04/01/2017 07:00:00 PM,11,4,7
04/01/2017 08:00:00 PM,5,3,2
04/01/2017 09:00:00 PM,2,0,2
04/01/2017 10:00:00 PM,2,2,0
04/01/2017 11:00:00 PM,2,2,0
04/02/2017 12:00:00 AM,1,1,0
04/02/2017 01:00:00 AM,1,1,0
04/02/2017 02:00:00 AM,1,1,0
04/02/2017 03:00:00 AM,0,0,0
04/02/2017 04:00:00 AM,1,1,0
04/02/2017 05:00:00 AM,4,1,3
04/02/2017 06:00:00 AM,4,2,2
04/02/2017 07:00:00 AM,7,3,4
04/02/2017 08:00:00 AM,19,5,14
04/02/2017 09:00:00 AM,25,4,21
04/02/2017 10:00:00 AM,37,18,19
04/02/2017 11:00:00 AM,46,28,18
04/02/2017 12:00:00 PM,49,30,19
04/02/2017 01:00:00 PM,52,28,24
04/02/2017 02:00:00 PM,48,26,22
04/02/2017 03:00:00 PM,31,18,13
04/02/2017 04:00:00 PM,40,14,26
04/02/2017 05:00:00 PM,11,8,3
04/02/2017 06:00:00 PM,19,10,9
04/02/2017 07:00:00 PM,6,5,1
04/02/2017 08:00:00 PM,4,1,3
04/02/2017 09:00:00 PM,2,2,0
04/02/2017 10:00:00 PM,3,2,1
04/02/2017 11:00:00 PM,2,1,1
04/03/2017 12:00:00 AM,0,0,0
04/03/2017 01:00:00 AM,0,0,0
04/03/2017 02:00:00 AM,2,2,0
04/03/2017 03:00:00 AM,1,1,0
04/03/2017 04:00:00 AM,4,1,3
04/03/2017 05:00:00 AM,22,6,16
04/03/2017 06:00:00 AM,60,11,49
04/03/2017 07:00:00 AM,130,13,117
04/03/2017 08:00:00 AM,131,14,117
04/03/2017 09:00:00 AM,43,9,34
04/03/2017 10:00:00 AM,22,6,16
04/03/2017 11:00:00 AM,24,8,16
04/03/2017 12:00:00 PM,22,9,13
04/03/2017 01:00:00 PM,35,19,16
04/03/2017 02:00:00 PM,32,20,12
04/03/2017 03:00:00 PM,53,41,12
04/03/2017 04:00:00 PM,100,67,33
04/03/2017 05:00:00 PM,146,124,22
04/03/2017 06:00:00 PM,88,76,12
04/03/2017 07:00:00 PM,43,35,8
04/03/2017 08:00:00 PM,23,11,12
04/03/2017 09:00:00 PM,6,6,0
04/03/2017 10:00:00 PM,4,3,1
04/03/2017 11:00:00 PM,3,2,1
04/04/2017 12:00:00 AM,0,0,0
04/04/2017 01:00:00 AM,1,0,1
04/04/2017 02:00:00 AM,1,1,0
04/04/2017 03:00:00 AM,2,2,0
04/04/2017 04:00:00 AM,7,3,4
04/04/2017 05:00:00 AM,21,9,12
04/04/2017 06:00:00 AM,59,9,50
04/04/2017 07:00:00 AM,135,9,126
04/04/2017 08:00:00 AM,140,17,123
04/04/2017 09:00:00 AM,41,8,33
04/04/2017 10:00:00 AM,18,6,12
04/04/2017 11:00:00 AM,17,2,15
04/04/2017 12:00:00 PM,28,12,16
04/04/2017 01:00:00 PM,19,5,14
04/04/2017 02:00:00 PM,31,23,8
04/04/2017 03:00:00 PM,42,33,9
04/04/2017 04:00:00 PM,90,76,14
04/04/2017 05:00:00 PM,166,142,24
04/04/2017 06:00:00 PM,87,72,15
04/04/2017 07:00:00 PM,23,20,3
04/04/2017 08:00:00 PM,12,12,0
04/04/2017 09:00:00 PM,8,6,2
04/04/2017 10:00:00 PM,4,3,1
04/04/2017 11:00:00 PM,5,5,0
04/05/2017 12:00:00 AM,3,2,1
04/05/2017 01:00:00 AM,0,0,0
04/05/2017 02:00:00 AM,0,0,0
04/05/2017 03:00:00 AM,1,1,0
04/05/2017 04:00:00 AM,4,1,3
04/05/2017 05:00:00 AM,14,3,11
04/05/2017 06:00:00 AM,32,4,28
04/05/2017 07:00:00 AM,63,9,54
04/05/2017 08:00:00 AM,70,9,61
04/05/2017 09:00:00 AM,14,0,14
04/05/2017 10:00:00 AM,7,2,5
04/05/2017 11:00:00 AM,7,0,7
04/05/2017 12:00:00 PM,6,2,4
04/05/2017 01:00:00 PM,4,2,2
04/05/2017 02:00:00 PM,9,3,6
04/05/2017 03:00:00 PM,13,11,2
04/05/2017 04:00:00 PM,48,38,10
04/05/2017 05:00:00 PM,77,70,7
04/05/2017 06:00:00 PM,51,46,5
04/05/2017 07:00:00 PM,19,17,2
04/05/2017 08:00:00 PM,10,9,1
04/05/2017 09:00:00 PM,7,7,0
04/05/2017 10:00:00 PM,4,4,0
04/05/2017 11:00:00 PM,4,3,1
04/06/2017 12:00:00 AM,1,0,1
04/06/2017 01:00:00 AM,3,2,1
04/06/2017 02:00:00 AM,0,0,0
04/06/2017 03:00:00 AM,1,0,1
04/06/2017 04:00:00 AM,1,0,1
04/06/2017 05:00:00 AM,16,6,10
04/06/2017 06:00:00 AM,32,6,26
04/06/2017 07:00:00 AM,77,6,71
04/06/2017 08:00:00 AM,76,9,67
04/06/2017 09:00:00 AM,22,1,21
04/06/2017 10:00:00 AM,8,2,6
04/06/2017 11:00:00 AM,5,3,2
04/06/2017 12:00:00 PM,8,2,6
04/06/2017 01:00:00 PM,14,8,6
04/06/2017 02:00:00 PM,15,6,9
04/06/2017 03:00:00 PM,32,20,12
04/06/2017 04:00:00 PM,69,58,11
04/06/2017 05:00:00 PM,113,83,30
04/06/2017 06:00:00 PM,72,64,8
04/06/2017 07:00:00 PM,29,17,12
04/06/2017 08:00:00 PM,51,47,4
04/06/2017 09:00:00 PM,19,7,12
04/06/2017 10:00:00 PM,18,7,11
04/06/2017 11:00:00 PM,2,0,2
04/07/2017 12:00:00 AM,5,2,3
04/07/2017 01:00:00 AM,0,0,0
04/07/2017 02:00:00 AM,0,0,0
04/07/2017 03:00:00 AM,0,0,0
04/07/2017 04:00:00 AM,0,0,0
04/07/2017 05:00:00 AM,7,3,4
04/07/2017 06:00:00 AM,27,3,24
04/07/2017 07:00:00 AM,73,11,62
04/07/2017 08:00:00 AM,64,5,59
04/07/2017 09:00:00 AM,21,3,18
04/07/2017 10:00:00 AM,10,3,7
04/07/2017 11:00:00 AM,11,0,11
04/07/2017 12:00:00 PM,5,5,0
04/07/2017 01:00:00 PM,9,6,3
04/07/2017 02:00:00 PM,17,10,7
04/07/2017 03:00:00 PM,16,10,6
04/07/2017 04:00:00 PM,41,34,7
04/07/2017 05:00:00 PM,54,43,11
04/07/2017 06:00:00 PM,31,26,5
04/07/2017 07:00:00 PM,12,5,7
04/07/2017 08:00:00 PM,7,7,0
04/07/2017 09:00:00 PM,3,1,2
04/07/2017 10:00:00 PM,2,0,2
04/07/2017 11:00:00 PM,3,3,0
04/08/2017 12:00:00 AM,2,2,0
04/08/2017 01:00:00 AM,4,3,1
04/08/2017 02:00:00 AM,1,1,0
04/08/2017 03:00:00 AM,0,0,0
04/08/2017 04:00:00 AM,1,1,0
04/08/2017 05:00:00 AM,3,0,3
04/08/2017 06:00:00 AM,3,0,3
04/08/2017 07:00:00 AM,8,3,5
04/08/2017 08:00:00 AM,17,3,14
04/08/2017 09:00:00 AM,21,12,9
04/08/2017 10:00:00 AM,34,16,18
04/08/2017 11:00:00 AM,23,10,13
04/08/2017 12:00:00 PM,20,10,10
04/08/2017 01:00:00 PM,23,14,9
04/08/2017 02:00:00 PM,16,7,9
04/08/2017 03:00:00 PM,19,8,11
04/08/2017 04:00:00 PM,24,17,7
04/08/2017 05:00:00 PM,11,6,5
04/08/2017 06:00:00 PM,12,8,4
04/08/2017 07:00:00 PM,5,2,3
04/08/2017 08:00:00 PM,9,5,4
04/08/2017 09:00:00 PM,4,4,0
04/08/2017 10:00:00 PM,2,1,1
04/08/2017 11:00:00 PM,0,0,0
04/09/2017 12:00:00 AM,3,1,2
04/09/2017 01:00:00 AM,3,2,1
04/09/2017 02:00:00 AM,1,1,0
04/09/2017 03:00:00 AM,0,0,0
04/09/2017 04:00:00 AM,1,1,0
04/09/2017 05:00:00 AM,3,1,2
04/09/2017 06:00:00 AM,4,0,4
04/09/2017 07:00:00 AM,5,2,3
04/09/2017 08:00:00 AM,30,13,17
04/09/2017 09:00:00 AM,31,11,20
04/09/2017 10:00:00 AM,59,32,27
04/09/2017 11:00:00 AM,65,45,20
04/09/2017 12:00:00 PM,65,28,37
04/09/2017 01:00:00 PM,82,60,22
04/09/2017 02:00:00 PM,53,26,27
04/09/2017 03:00:00 PM,81,38,43
04/09/2017 04:00:00 PM,61,22,39
04/09/2017 05:00:00 PM,37,17,20
04/09/2017 06:00:00 PM,26,14,12
04/09/2017 07:00:00 PM,16,7,9
04/09/2017 08:00:00 PM,7,3,4
04/09/2017 09:00:00 PM,4,3,1
04/09/2017 10:00:00 PM,3,1,2
04/09/2017 11:00:00 PM,5,4,1
04/10/2017 12:00:00 AM,0,0,0
04/10/2017 01:00:00 AM,0,0,0
04/10/2017 02:00:00 AM,0,0,0
04/10/2017 03:00:00 AM,2,2,0
04/10/2017 04:00:00 AM,3,0,3
04/10/2017 05:00:00 AM,12,3,9
04/10/2017 06:00:00 AM,35,8,27
04/10/2017 07:00:00 AM,85,8,77
04/10/2017 08:00:00 AM,100,7,93
04/10/2017 09:00:00 AM,42,8,34
04/10/2017 10:00:00 AM,21,7,14
04/10/2017 11:00:00 AM,17,6,11
04/10/2017 12:00:00 PM,10,5,5
04/10/2017 01:00:00 PM,9,4,5
04/10/2017 02:00:00 PM,14,8,6
04/10/2017 03:00:00 PM,28,17,11
04/10/2017 04:00:00 PM,47,41,6
04/10/2017 05:00:00 PM,106,96,10
04/10/2017 06:00:00 PM,62,57,5
04/10/2017 07:00:00 PM,24,19,5
04/10/2017 08:00:00 PM,12,7,5
04/10/2017 09:00:00 PM,3,2,1
04/10/2017 10:00:00 PM,0,0,0
04/10/2017 11:00:00 PM,0,0,0
04/11/2017 12:00:00 AM,0,0,0
04/11/2017 01:00:00 AM,2,2,0
04/11/2017 02:00:00 AM,1,1,0
04/11/2017 03:00:00 AM,2,2,0
04/11/2017 04:00:00 AM,6,1,5
04/11/2017 05:00:00 AM,21,3,18
04/11/2017 06:00:00 AM,58,7,51
04/11/2017 07:00:00 AM,133,9,124
04/11/2017 08:00:00 AM,120,11,109
04/11/2017 09:00:00 AM,69,16,53
04/11/2017 10:00:00 AM,25,11,14
04/11/2017 11:00:00 AM,18,9,9
04/11/2017 12:00:00 PM,20,8,12
04/11/2017 01:00:00 PM,35,18,17
04/11/2017 02:00:00 PM,28,15,13
04/11/2017 03:00:00 PM,45,32,13
04/11/2017 04:00:00 PM,78,60,18
04/11/2017 05:00:00 PM,152,137,15
04/11/2017 06:00:00 PM,107,93,14
04/11/2017 07:00:00 PM,39,25,14
04/11/2017 08:00:00 PM,19,18,1
04/11/2017 09:00:00 PM,10,8,2
04/11/2017 10:00:00 PM,6,3,3
04/11/2017 11:00:00 PM,5,4,1
04/12/2017 12:00:00 AM,2,1,1
04/12/2017 01:00:00 AM,1,0,1
04/12/2017 02:00:00 AM,0,0,0
04/12/2017 03:00:00 AM,1,1,0
04/12/2017 04:00:00 AM,3,0,3
04/12/2017 05:00:00 AM,12,4,8
04/12/2017 06:00:00 AM,20,4,16
04/12/2017 07:00:00 AM,66,6,60
04/12/2017 08:00:00 AM,57,1,56
04/12/2017 09:00:00 AM,25,5,20
04/12/2017 10:00:00 AM,6,1,5
04/12/2017 11:00:00 AM,4,1,3
04/12/2017 12:00:00 PM,5,1,4
04/12/2017 01:00:00 PM,7,1,6
04/12/2017 02:00:00 PM,15,11,4
04/12/2017 03:00:00 PM,15,12,3
04/12/2017 04:00:00 PM,33,25,8
04/12/2017 05:00:00 PM,94,77,17
04/12/2017 06:00:00 PM,64,55,9
04/12/2017 07:00:00 PM,19,15,4
04/12/2017 08:00:00 PM,12,8,4
04/12/2017 09:00:00 PM,5,5,0
04/12/2017 10:00:00 PM,3,2,1
04/12/2017 11:00:00 PM,1,1,0
04/13/2017 12:00:00 AM,2,2,0
04/13/2017 01:00:00 AM,1,0,1
04/13/2017 02:00:00 AM,1,1,0
04/13/2017 03:00:00 AM,1,1,0
04/13/2017 04:00:00 AM,3,0,3
04/13/2017 05:00:00 AM,18,5,13
04/13/2017 06:00:00 AM,35,7,28
04/13/2017 07:00:00 AM,99,11,88
04/13/2017 08:00:00 AM,97,7,90
04/13/2017 09:00:00 AM,40,4,36
04/13/2017 10:00:00 AM,15,3,12
04/13/2017 11:00:00 AM,10,3,7
04/13/2017 12:00:00 PM,12,7,5
04/13/2017 01:00:00 PM,15,5,10
04/13/2017 02:00:00 PM,16,9,7
04/13/2017 03:00:00 PM,32,26,6
04/13/2017 04:00:00 PM,44,37,7
04/13/2017 05:00:00 PM,105,96,9
04/13/2017 06:00:00 PM,63,57,6
04/13/2017 07:00:00 PM,27,22,5
04/13/2017 08:00:00 PM,14,13,1
04/13/2017 09:00:00 PM,13,8,5
04/13/2017 10:00:00 PM,5,3,2
04/13/2017 11:00:00 PM,3,1,2
04/14/2017 12:00:00 AM,1,1,0
04/14/2017 01:00:00 AM,0,0,0
04/14/2017 02:00:00 AM,0,0,0
04/14/2017 03:00:00 AM,0,0,0
04/14/2017 04:00:00 AM,2,0,2
04/14/2017 05:00:00 AM,11,2,9
04/14/2017 06:00:00 AM,28,5,23
04/14/2017 07:00:00 AM,76,8,68
04/14/2017 08:00:00 AM,63,7,56
04/14/2017 09:00:00 AM,24,1,23
04/14/2017 10:00:00 AM,9,2,7
04/14/2017 11:00:00 AM,13,6,7
04/14/2017 12:00:00 PM,20,6,14
04/14/2017 01:00:00 PM,13,8,5
04/14/2017 02:00:00 PM,14,12,2
04/14/2017 03:00:00 PM,34,19,15
04/14/2017 04:00:00 PM,49,36,13
04/14/2017 05:00:00 PM,76,64,12
04/14/2017 06:00:00 PM,32,28,4
04/14/2017 07:00:00 PM,24,14,10
04/14/2017 08:00:00 PM,5,3,2
04/14/2017 09:00:00 PM,5,3,2
04/14/2017 10:00:00 PM,2,1,1
04/14/2017 11:00:00 PM,3,2,1
04/15/2017 12:00:00 AM,3,3,0
04/15/2017 01:00:00 AM,0,0,0
04/15/2017 02:00:00 AM,0,0,0
04/15/2017 03:00:00 AM,0,0,0
04/15/2017 04:00:00 AM,1,1,0
04/15/2017 05:00:00 AM,4,3,1
04/15/2017 06:00:00 AM,5,2,3
04/15/2017 07:00:00 AM,21,7,14
04/15/2017 08:00:00 AM,21,7,14
04/15/2017 09:00:00 AM,48,36,12
04/15/2017 10:00:00 AM,44,15,29
04/15/2017 11:00:00 AM,61,28,33
04/15/2017 12:00:00 PM,45,24,21
04/15/2017 01:00:00 PM,59,23,36
04/15/2017 02:00:00 PM,51,21,30
04/15/2017 03:00:00 PM,36,20,16
04/15/2017 04:00:00 PM,66,35,31
04/15/2017 05:00:00 PM,28,14,14
04/15/2017 06:00:00 PM,30,16,14
04/15/2017 07:00:00 PM,8,3,5
04/15/2017 08:00:00 PM,7,5,2
04/15/2017 09:00:00 PM,12,9,3
04/15/2017 10:00:00 PM,4,3,1
04/15/2017 11:00:00 PM,3,2,1
04/16/2017 12:00:00 AM,3,2,1
04/16/2017 01:00:00 AM,1,0,1
04/16/2017 02:00:00 AM,0,0,0
04/16/2017 03:00:00 AM,0,0,0
04/16/2017 04:00:00 AM,2,1,1
04/16/2017 05:00:00 AM,3,2,1
04/16/2017 06:00:00 AM,10,3,7
04/16/2017 07:00:00 AM,7,2,5
04/16/2017 08:00:00 AM,25,8,17
04/16/2017 09:00:00 AM,40,12,28
04/16/2017 10:00:00 AM,35,19,16
04/16/2017 11:00:00 AM,58,34,24
04/16/2017 12:00:00 PM,43,23,20
04/16/2017 01:00:00 PM,64,26,38
04/16/2017 02:00:00 PM,57,36,21
04/16/2017 03:00:00 PM,50,23,27
04/16/2017 04:00:00 PM,46,29,17
04/16/2017 05:00:00 PM,41,23,18
04/16/2017 06:00:00 PM,19,6,13
04/16/2017 07:00:00 PM,10,4,6
04/16/2017 08:00:00 PM,14,5,9
04/16/2017 09:00:00 PM,1,1,0
04/16/2017 10:00:00 PM,3,0,3
04/16/2017 11:00:00 PM,4,3,1
04/17/2017 12:00:00 AM,2,1,1
04/17/2017 01:00:00 AM,4,1,3
04/17/2017 02:00:00 AM,1,1,0
04/17/2017 03:00:00 AM,1,1,0
04/17/2017 04:00:00 AM,7,1,6
04/17/2017 05:00:00 AM,18,4,14
04/17/2017 06:00:00 AM,48,9,39
04/17/2017 07:00:00 AM,111,12,99
04/17/2017 08:00:00 AM,98,8,90
04/17/2017 09:00:00 AM,49,12,37
04/17/2017 10:00:00 AM,29,8,21
04/17/2017 11:00:00 AM,17,9,8
04/17/2017 12:00:00 PM,19,9,10
04/17/2017 01:00:00 PM,20,6,14
04/17/2017 02:00:00 PM,22,9,13
04/17/2017 03:00:00 PM,31,20,11
04/17/2017 04:00:00 PM,56,51,5
04/17/2017 05:00:00 PM,113,102,11
04/17/2017 06:00:00 PM,63,59,4
04/17/2017 07:00:00 PM,19,18,1
04/17/2017 08:00:00 PM,9,7,2
04/17/2017 09:00:00 PM,5,5,0
04/17/2017 10:00:00 PM,5,5,0
04/17/2017 11:00:00 PM,2,0,2
04/18/2017 12:00:00 AM,1,0,1
04/18/2017 01:00:00 AM,1,1,0
04/18/2017 02:00:00 AM,1,1,0
04/18/2017 03:00:00 AM,2,2,0
04/18/2017 04:00:00 AM,5,1,4
04/18/2017 05:00:00 AM,19,3,16
04/18/2017 06:00:00 AM,49,9,40
04/18/2017 07:00:00 AM,97,14,83
04/18/2017 08:00:00 AM,92,6,86
04/18/2017 09:00:00 AM,36,5,31
04/18/2017 10:00:00 AM,10,3,7
04/18/2017 11:00:00 AM,10,2,8
04/18/2017 12:00:00 PM,13,6,7
04/18/2017 01:00:00 PM,13,6,7
04/18/2017 02:00:00 PM,22,16,6
04/18/2017 03:00:00 PM,30,23,7
04/18/2017 04:00:00 PM,68,55,13
04/18/2017 05:00:00 PM,107,94,13
04/18/2017 06:00:00 PM,74,64,10
04/18/2017 07:00:00 PM,41,31,10
04/18/2017 08:00:00 PM,13,11,2
04/18/2017 09:00:00 PM,8,5,3
04/18/2017 10:00:00 PM,8,6,2
04/18/2017 11:00:00 PM,4,4,0
04/19/2017 12:00:00 AM,2,1,1
04/19/2017 01:00:00 AM,1,1,0
04/19/2017 02:00:00 AM,2,1,1
04/19/2017 03:00:00 AM,2,1,1
04/19/2017 04:00:00 AM,9,1,8
04/19/2017 05:00:00 AM,19,5,14
04/19/2017 06:00:00 AM,55,8,47
04/19/2017 07:00:00 AM,114,15,99
04/19/2017 08:00:00 AM,81,5,76
04/19/2017 09:00:00 AM,53,10,43
04/19/2017 10:00:00 AM,17,5,12
04/19/2017 11:00:00 AM,4,1,3
04/19/2017 12:00:00 PM,9,5,4
04/19/2017 01:00:00 PM,7,4,3
04/19/2017 02:00:00 PM,6,3,3
04/19/2017 03:00:00 PM,28,25,3
04/19/2017 04:00:00 PM,76,61,15
04/19/2017 05:00:00 PM,108,96,12
04/19/2017 06:00:00 PM,71,62,9
04/19/2017 07:00:00 PM,39,29,10
04/19/2017 08:00:00 PM,16,11,5
04/19/2017 09:00:00 PM,6,4,2
04/19/2017 10:00:00 PM,2,1,1
04/19/2017 11:00:00 PM,2,2,0
04/20/2017 12:00:00 AM,1,0,1
04/20/2017 01:00:00 AM,0,0,0
04/20/2017 02:00:00 AM,2,2,0
04/20/2017 03:00:00 AM,2,2,0
04/20/2017 04:00:00 AM,2,0,2
04/20/2017 05:00:00 AM,16,3,13
04/20/2017 06:00:00 AM,59,12,47
04/20/2017 07:00:00 AM,108,19,89
04/20/2017 08:00:00 AM,93,9,84
04/20/2017 09:00:00 AM,42,9,33
04/20/2017 10:00:00 AM,17,6,11
04/20/2017 11:00:00 AM,12,3,9
04/20/2017 12:00:00 PM,13,8,5
06/01/2017 06:00:00 PM,102,91,11
06/01/2017 07:00:00 PM,102,87,15
06/01/2017 08:00:00 PM,31,24,7
06/01/2017 09:00:00 PM,12,8,4
06/01/2017 10:00:00 PM,16,10,6
06/01/2017 11:00:00 PM,4,3,1
06/02/2017 12:00:00 AM,3,1,2
06/02/2017 01:00:00 AM,4,3,1
06/02/2017 02:00:00 AM,2,1,1
06/02/2017 03:00:00 AM,0,0,0
06/02/2017 04:00:00 AM,7,1,6
06/02/2017 05:00:00 AM,13,3,10
06/02/2017 06:00:00 AM,72,13,59
06/02/2017 07:00:00 AM,144,15,129
06/02/2017 08:00:00 AM,127,12,115
06/02/2017 09:00:00 AM,62,13,49
06/02/2017 10:00:00 AM,39,9,30
06/02/2017 11:00:00 AM,34,15,19
06/02/2017 12:00:00 PM,20,9,11
06/02/2017 01:00:00 PM,23,15,8
06/02/2017 02:00:00 PM,44,32,12
06/02/2017 03:00:00 PM,70,39,31
06/02/2017 04:00:00 PM,135,116,19
06/02/2017 05:00:00 PM,156,121,35
06/02/2017 06:00:00 PM,108,81,27
06/02/2017 07:00:00 PM,44,23,21
06/02/2017 08:00:00 PM,32,26,6
06/02/2017 09:00:00 PM,12,10,2
06/02/2017 10:00:00 PM,11,7,4
06/02/2017 11:00:00 PM,3,2,1
06/03/2017 12:00:00 AM,10,7,3
06/03/2017 01:00:00 AM,2,0,2
06/03/2017 02:00:00 AM,3,3,0
06/03/2017 03:00:00 AM,0,0,0
06/03/2017 04:00:00 AM,0,0,0
06/03/2017 05:00:00 AM,6,2,4
06/03/2017 06:00:00 AM,14,4,10
06/03/2017 07:00:00 AM,19,7,12
06/03/2017 08:00:00 AM,27,14,13
06/03/2017 09:00:00 AM,41,18,23
06/03/2017 10:00:00 AM,60,29,31
06/03/2017 11:00:00 AM,73,41,32
06/03/2017 12:00:00 PM,56,28,28
06/03/2017 01:00:00 PM,60,33,27
06/03/2017 02:00:00 PM,61,20,41
06/03/2017 03:00:00 PM,50,26,24
06/03/2017 04:00:00 PM,43,25,18
06/03/2017 05:00:00 PM,50,28,22
06/03/2017 06:00:00 PM,35,22,13
06/03/2017 07:00:00 PM,23,10,13
06/03/2017 08:00:00 PM,22,12,10
06/03/2017 09:00:00 PM,7,4,3
06/03/2017 10:00:00 PM,14,10,4
06/03/2017 11:00:00 PM,2,0,2
06/04/2017 12:00:00 AM,4,3,1
06/04/2017 01:00:00 AM,1,0,1
06/04/2017 02:00:00 AM,3,1,2
06/04/2017 03:00:00 AM,0,0,0
06/04/2017 04:00:00 AM,1,1,0
06/04/2017 05:00:00 AM,4,1,3
06/04/2017 06:00:00 AM,13,6,7
06/04/2017 07:00:00 AM,16,5,11
06/04/2017 08:00:00 AM,38,13,25
06/04/2017 09:00:00 AM,85,67,18
06/04/2017 10:00:00 AM,95,45,50
06/04/2017 11:00:00 AM,65,36,29
06/04/2017 12:00:00 PM,70,34,36
06/04/2017 01:00:00 PM,92,35,57
06/04/2017 02:00:00 PM,71,33,38
04/20/2017 01:00:00 PM,20,5,15
04/20/2017 02:00:00 PM,21,15,6
04/20/2017 03:00:00 PM,38,25,13
04/20/2017 04:00:00 PM,67,51,16
04/20/2017 05:00:00 PM,118,101,17
04/20/2017 06:00:00 PM,83,68,15
04/20/2017 07:00:00 PM,65,57,8
04/20/2017 08:00:00 PM,19,14,5
04/20/2017 09:00:00 PM,20,11,9
04/20/2017 10:00:00 PM,13,7,6
04/20/2017 11:00:00 PM,23,5,18
04/21/2017 12:00:00 AM,2,0,2
04/21/2017 01:00:00 AM,2,1,1
04/21/2017 02:00:00 AM,2,2,0
04/21/2017 03:00:00 AM,1,1,0
04/21/2017 04:00:00 AM,1,0,1
04/21/2017 05:00:00 AM,28,9,19
04/21/2017 06:00:00 AM,66,13,53
04/21/2017 07:00:00 AM,143,18,125
04/21/2017 08:00:00 AM,118,21,97
04/21/2017 09:00:00 AM,62,11,51
04/21/2017 10:00:00 AM,38,13,25
04/21/2017 11:00:00 AM,25,10,15
04/21/2017 12:00:00 PM,49,23,26
04/21/2017 01:00:00 PM,32,17,15
04/21/2017 02:00:00 PM,62,38,24
04/21/2017 03:00:00 PM,94,68,26
04/21/2017 04:00:00 PM,160,123,37
04/21/2017 05:00:00 PM,151,119,32
04/21/2017 06:00:00 PM,95,79,16
04/21/2017 07:00:00 PM,32,21,11
04/21/2017 08:00:00 PM,13,7,6
04/21/2017 09:00:00 PM,13,10,3
04/21/2017 10:00:00 PM,1,0,1
04/21/2017 11:00:00 PM,4,3,1
04/22/2017 12:00:00 AM,4,3,1
04/22/2017 01:00:00 AM,4,2,2
04/22/2017 02:00:00 AM,5,3,2
04/22/2017 03:00:00 AM,2,1,1
04/22/2017 04:00:00 AM,4,2,2
04/22/2017 05:00:00 AM,7,2,5
04/22/2017 06:00:00 AM,16,2,14
04/22/2017 07:00:00 AM,26,9,17
04/22/2017 08:00:00 AM,28,23,5
04/22/2017 09:00:00 AM,29,15,14
04/22/2017 10:00:00 AM,43,24,19
04/22/2017 11:00:00 AM,20,4,16
04/22/2017 12:00:00 PM,13,6,7
04/22/2017 01:00:00 PM,21,7,14
04/22/2017 02:00:00 PM,26,11,15
04/22/2017 03:00:00 PM,15,10,5
04/22/2017 04:00:00 PM,18,12,6
04/22/2017 05:00:00 PM,14,9,5
04/22/2017 06:00:00 PM,10,7,3
04/22/2017 07:00:00 PM,2,2,0
04/22/2017 08:00:00 PM,2,1,1
04/22/2017 09:00:00 PM,7,5,2
04/22/2017 10:00:00 PM,5,3,2
04/22/2017 11:00:00 PM,0,0,0
04/23/2017 12:00:00 AM,3,3,0
04/23/2017 01:00:00 AM,3,1,2
04/23/2017 02:00:00 AM,2,0,2
04/23/2017 03:00:00 AM,1,1,0
04/23/2017 04:00:00 AM,1,1,0
04/23/2017 05:00:00 AM,4,0,4
04/23/2017 06:00:00 AM,5,3,2
04/23/2017 07:00:00 AM,20,5,15
04/23/2017 08:00:00 AM,30,8,22
04/23/2017 09:00:00 AM,27,14,13
04/23/2017 10:00:00 AM,24,16,8
04/23/2017 11:00:00 AM,19,15,4
04/23/2017 12:00:00 PM,24,19,5
04/23/2017 01:00:00 PM,17,7,10
04/23/2017 02:00:00 PM,21,6,15
04/23/2017 03:00:00 PM,13,8,5
04/23/2017 04:00:00 PM,11,4,7
04/23/2017 05:00:00 PM,7,2,5
04/23/2017 06:00:00 PM,7,4,3
04/23/2017 07:00:00 PM,5,2,3
04/23/2017 08:00:00 PM,4,1,3
04/23/2017 09:00:00 PM,2,2,0
04/23/2017 10:00:00 PM,3,2,1
04/23/2017 11:00:00 PM,0,0,0
04/24/2017 12:00:00 AM,1,0,1
04/24/2017 01:00:00 AM,1,0,1
04/24/2017 02:00:00 AM,0,0,0
04/24/2017 03:00:00 AM,1,1,0
04/24/2017 04:00:00 AM,2,1,1
04/24/2017 05:00:00 AM,16,3,13
04/24/2017 06:00:00 AM,37,9,28
04/24/2017 07:00:00 AM,123,12,111
04/24/2017 08:00:00 AM,106,12,94
04/24/2017 09:00:00 AM,32,4,28
04/24/2017 10:00:00 AM,20,4,16
04/24/2017 11:00:00 AM,10,3,7
04/24/2017 12:00:00 PM,23,10,13
04/24/2017 01:00:00 PM,7,4,3
04/24/2017 02:00:00 PM,19,10,9
04/24/2017 03:00:00 PM,26,16,10
04/24/2017 04:00:00 PM,86,68,18
04/24/2017 05:00:00 PM,135,115,20
04/24/2017 06:00:00 PM,99,84,15
04/24/2017 07:00:00 PM,29,22,7
04/24/2017 08:00:00 PM,21,12,9
04/24/2017 09:00:00 PM,10,6,4
04/24/2017 10:00:00 PM,4,1,3
04/24/2017 11:00:00 PM,3,2,1
04/25/2017 12:00:00 AM,1,1,0
04/25/2017 01:00:00 AM,0,0,0
04/25/2017 02:00:00 AM,4,3,1
04/25/2017 03:00:00 AM,2,2,0
04/25/2017 04:00:00 AM,3,1,2
04/25/2017 05:00:00 AM,25,5,20
04/25/2017 06:00:00 AM,82,16,66
04/25/2017 07:00:00 AM,135,18,117
04/25/2017 08:00:00 AM,109,11,98
04/25/2017 09:00:00 AM,53,13,40
04/25/2017 10:00:00 AM,21,4,17
04/25/2017 11:00:00 AM,19,6,13
04/25/2017 12:00:00 PM,22,8,14
04/25/2017 01:00:00 PM,18,9,9
04/25/2017 02:00:00 PM,15,5,10
04/25/2017 03:00:00 PM,45,35,10
04/25/2017 04:00:00 PM,87,75,12
04/25/2017 05:00:00 PM,145,133,12
04/25/2017 06:00:00 PM,84,73,11
04/25/2017 07:00:00 PM,40,32,8
04/25/2017 08:00:00 PM,19,18,1
04/25/2017 09:00:00 PM,12,7,5
04/25/2017 10:00:00 PM,1,1,0
04/25/2017 11:00:00 PM,1,0,1
04/26/2017 12:00:00 AM,4,3,1
04/26/2017 01:00:00 AM,0,0,0
04/26/2017 02:00:00 AM,0,0,0
04/26/2017 03:00:00 AM,2,2,0
04/26/2017 04:00:00 AM,2,0,2
04/26/2017 05:00:00 AM,18,3,15
04/26/2017 06:00:00 AM,63,8,55
04/26/2017 07:00:00 AM,126,15,111
04/26/2017 08:00:00 AM,92,8,84
04/26/2017 09:00:00 AM,34,6,28
04/26/2017 10:00:00 AM,19,1,18
04/26/2017 11:00:00 AM,10,4,6
04/26/2017 12:00:00 PM,13,4,9
04/26/2017 01:00:00 PM,10,5,5
04/26/2017 02:00:00 PM,18,11,7
04/26/2017 03:00:00 PM,30,22,8
04/26/2017 04:00:00 PM,71,60,11
04/26/2017 05:00:00 PM,120,104,16
04/26/2017 06:00:00 PM,74,67,7
04/26/2017 07:00:00 PM,19,18,1
04/26/2017 08:00:00 PM,21,18,3
04/26/2017 09:00:00 PM,7,6,1
04/26/2017 10:00:00 PM,5,5,0
04/26/2017 11:00:00 PM,1,0,1
04/27/2017 12:00:00 AM,2,1,1
04/27/2017 01:00:00 AM,2,1,1
04/27/2017 02:00:00 AM,2,2,0
04/27/2017 03:00:00 AM,1,1,0
04/27/2017 04:00:00 AM,6,1,5
04/27/2017 05:00:00 AM,19,6,13
04/27/2017 06:00:00 AM,52,6,46
04/27/2017 07:00:00 AM,120,15,105
04/27/2017 08:00:00 AM,116,11,105
04/27/2017 09:00:00 AM,36,7,29
04/27/2017 10:00:00 AM,30,7,23
04/27/2017 11:00:00 AM,14,1,13
04/27/2017 12:00:00 PM,21,11,10
04/27/2017 01:00:00 PM,13,5,8
04/27/2017 02:00:00 PM,15,11,4
04/27/2017 03:00:00 PM,36,23,13
04/27/2017 04:00:00 PM,85,69,16
04/27/2017 05:00:00 PM,121,108,13
04/27/2017 06:00:00 PM,77,67,10
04/27/2017 07:00:00 PM,46,31,15
04/27/2017 08:00:00 PM,16,13,3
04/27/2017 09:00:00 PM,11,11,0
04/27/2017 10:00:00 PM,2,1,1
04/27/2017 11:00:00 PM,1,1,0
04/28/2017 12:00:00 AM,3,2,1
04/28/2017 01:00:00 AM,2,1,1
04/28/2017 02:00:00 AM,3,2,1
04/28/2017 03:00:00 AM,2,1,1
04/28/2017 04:00:00 AM,5,1,4
04/28/2017 05:00:00 AM,19,3,16
04/28/2017 06:00:00 AM,58,13,45
04/28/2017 07:00:00 AM,135,19,116
04/28/2017 08:00:00 AM,126,16,110
04/28/2017 09:00:00 AM,31,5,26
04/28/2017 10:00:00 AM,26,5,21
04/28/2017 11:00:00 AM,27,16,11
04/28/2017 12:00:00 PM,20,10,10
04/28/2017 01:00:00 PM,36,18,18
04/28/2017 02:00:00 PM,42,25,17
04/28/2017 03:00:00 PM,69,47,22
04/28/2017 04:00:00 PM,120,96,24
04/28/2017 05:00:00 PM,143,108,35
04/28/2017 06:00:00 PM,77,60,17
04/28/2017 07:00:00 PM,36,28,8
04/28/2017 08:00:00 PM,15,9,6
04/28/2017 09:00:00 PM,17,15,2
04/28/2017 10:00:00 PM,8,3,5
04/28/2017 11:00:00 PM,8,4,4
04/29/2017 12:00:00 AM,4,1,3
04/29/2017 01:00:00 AM,7,4,3
04/29/2017 02:00:00 AM,4,2,2
04/29/2017 03:00:00 AM,2,2,0
04/29/2017 04:00:00 AM,1,1,0
04/29/2017 05:00:00 AM,5,1,4
04/29/2017 06:00:00 AM,18,4,14
04/29/2017 07:00:00 AM,19,7,12
04/29/2017 08:00:00 AM,50,26,24
04/29/2017 09:00:00 AM,72,51,21
04/29/2017 10:00:00 AM,39,15,24
04/29/2017 11:00:00 AM,76,32,44
04/29/2017 12:00:00 PM,44,18,26
04/29/2017 01:00:00 PM,46,20,26
04/29/2017 02:00:00 PM,32,19,13
04/29/2017 03:00:00 PM,60,21,39
04/29/2017 04:00:00 PM,23,14,9
04/29/2017 05:00:00 PM,19,6,13
04/29/2017 06:00:00 PM,17,8,9
04/29/2017 07:00:00 PM,14,9,5
04/29/2017 08:00:00 PM,7,5,2
04/29/2017 09:00:00 PM,7,4,3
04/29/2017 10:00:00 PM,7,2,5
04/29/2017 11:00:00 PM,1,1,0
04/30/2017 12:00:00 AM,3,3,0
04/30/2017 01:00:00 AM,2,1,1
04/30/2017 02:00:00 AM,1,1,0
04/30/2017 03:00:00 AM,2,2,0
04/30/2017 04:00:00 AM,3,2,1
04/30/2017 05:00:00 AM,3,1,2
04/30/2017 06:00:00 AM,2,2,0
04/30/2017 07:00:00 AM,13,4,9
04/30/2017 08:00:00 AM,36,15,21
04/30/2017 09:00:00 AM,31,22,9
04/30/2017 10:00:00 AM,35,19,16
04/30/2017 11:00:00 AM,34,11,23
04/30/2017 12:00:00 PM,41,21,20
04/30/2017 01:00:00 PM,55,36,19
04/30/2017 02:00:00 PM,44,25,19
04/30/2017 03:00:00 PM,36,13,23
04/30/2017 04:00:00 PM,46,22,24
04/30/2017 05:00:00 PM,28,20,8
04/30/2017 06:00:00 PM,15,8,7
04/30/2017 07:00:00 PM,5,4,1
04/30/2017 08:00:00 PM,6,4,2
04/30/2017 09:00:00 PM,5,4,1
04/30/2017 10:00:00 PM,1,0,1
04/30/2017 11:00:00 PM,2,2,0
05/01/2017 12:00:00 AM,2,1,1
05/01/2017 01:00:00 AM,2,1,1
05/01/2017 02:00:00 AM,1,1,0
05/01/2017 03:00:00 AM,1,1,0
05/01/2017 04:00:00 AM,1,0,1
05/01/2017 05:00:00 AM,32,5,27
05/01/2017 06:00:00 AM,83,15,68
05/01/2017 07:00:00 AM,153,13,140
05/01/2017 08:00:00 AM,137,8,129
05/01/2017 09:00:00 AM,51,5,46
05/01/2017 10:00:00 AM,17,5,12
05/01/2017 11:00:00 AM,11,2,9
05/01/2017 12:00:00 PM,7,3,4
05/01/2017 01:00:00 PM,13,8,5
05/01/2017 02:00:00 PM,23,11,12
05/01/2017 03:00:00 PM,55,45,10
05/01/2017 04:00:00 PM,104,91,13
05/01/2017 05:00:00 PM,171,154,17
05/01/2017 06:00:00 PM,98,90,8
05/01/2017 07:00:00 PM,36,31,5
05/01/2017 08:00:00 PM,17,13,4
05/01/2017 09:00:00 PM,5,5,0
05/01/2017 10:00:00 PM,5,4,1
05/01/2017 11:00:00 PM,5,3,2
05/02/2017 12:00:00 AM,1,1,0
05/02/2017 01:00:00 AM,0,0,0
05/02/2017 02:00:00 AM,2,1,1
05/02/2017 03:00:00 AM,3,3,0
05/02/2017 04:00:00 AM,4,0,4
05/02/2017 05:00:00 AM,29,6,23
05/02/2017 06:00:00 AM,83,16,67
05/02/2017 07:00:00 AM,174,14,160
05/02/2017 08:00:00 AM,152,10,142
05/02/2017 09:00:00 AM,51,7,44
05/02/2017 10:00:00 AM,24,8,16
05/02/2017 11:00:00 AM,23,12,11
05/02/2017 12:00:00 PM,25,14,11
05/02/2017 01:00:00 PM,28,12,16
05/02/2017 02:00:00 PM,20,11,9
05/02/2017 03:00:00 PM,52,34,18
05/02/2017 04:00:00 PM,101,81,20
05/02/2017 05:00:00 PM,171,157,14
05/02/2017 06:00:00 PM,102,89,13
05/02/2017 07:00:00 PM,49,41,8
05/02/2017 08:00:00 PM,12,8,4
05/02/2017 09:00:00 PM,14,11,3
05/02/2017 10:00:00 PM,4,1,3
05/02/2017 11:00:00 PM,3,2,1
05/03/2017 12:00:00 AM,5,4,1
05/03/2017 01:00:00 AM,2,2,0
05/03/2017 02:00:00 AM,2,1,1
05/03/2017 03:00:00 AM,1,1,0
05/03/2017 04:00:00 AM,4,2,2
05/03/2017 05:00:00 AM,26,8,18
05/03/2017 06:00:00 AM,91,9,82
05/03/2017 07:00:00 AM,172,16,156
05/03/2017 08:00:00 AM,146,15,131
05/03/2017 09:00:00 AM,53,6,47
05/03/2017 10:00:00 AM,28,10,18
05/03/2017 11:00:00 AM,24,9,15
05/03/2017 12:00:00 PM,30,13,17
05/03/2017 01:00:00 PM,21,7,14
05/03/2017 02:00:00 PM,34,19,15
05/03/2017 03:00:00 PM,63,42,21
05/03/2017 04:00:00 PM,158,125,33
05/03/2017 05:00:00 PM,218,182,36
05/03/2017 06:00:00 PM,179,133,46
05/03/2017 07:00:00 PM,76,54,22
05/03/2017 08:00:00 PM,33,22,11
05/03/2017 09:00:00 PM,8,8,0
05/03/2017 10:00:00 PM,12,8,4
05/03/2017 11:00:00 PM,3,2,1
05/04/2017 12:00:00 AM,7,5,2
05/04/2017 01:00:00 AM,2,1,1
05/04/2017 02:00:00 AM,2,2,0
05/04/2017 03:00:00 AM,0,0,0
05/04/2017 04:00:00 AM,0,0,0
05/04/2017 05:00:00 AM,24,3,21
05/04/2017 06:00:00 AM,88,21,67
05/04/2017 07:00:00 AM,173,14,159
05/04/2017 08:00:00 AM,141,7,134
05/04/2017 09:00:00 AM,56,10,46
05/04/2017 10:00:00 AM,26,5,21
05/04/2017 11:00:00 AM,26,11,15
05/04/2017 12:00:00 PM,42,20,22
05/04/2017 01:00:00 PM,43,22,21
05/04/2017 02:00:00 PM,48,20,28
05/04/2017 03:00:00 PM,85,60,25
05/04/2017 04:00:00 PM,118,101,17
05/04/2017 05:00:00 PM,100,92,8
05/04/2017 06:00:00 PM,72,61,11
05/04/2017 07:00:00 PM,32,25,7
05/04/2017 08:00:00 PM,14,9,5
05/04/2017 09:00:00 PM,14,10,4
05/04/2017 10:00:00 PM,3,1,2
05/04/2017 11:00:00 PM,5,3,2
05/05/2017 12:00:00 AM,5,3,2
05/05/2017 01:00:00 AM,1,0,1
05/05/2017 02:00:00 AM,4,4,0
05/05/2017 03:00:00 AM,2,0,2
05/05/2017 04:00:00 AM,5,2,3
05/05/2017 05:00:00 AM,16,6,10
05/05/2017 06:00:00 AM,57,11,46
05/05/2017 07:00:00 AM,118,8,110
05/05/2017 08:00:00 AM,82,10,72
05/05/2017 09:00:00 AM,41,2,39
05/05/2017 10:00:00 AM,14,5,9
05/05/2017 11:00:00 AM,14,3,11
05/05/2017 12:00:00 PM,19,12,7
05/05/2017 01:00:00 PM,20,9,11
05/05/2017 02:00:00 PM,23,15,8
05/05/2017 03:00:00 PM,42,29,13
05/05/2017 04:00:00 PM,88,76,12
05/05/2017 05:00:00 PM,134,118,16
05/05/2017 06:00:00 PM,56,49,7
05/05/2017 07:00:00 PM,25,17,8
05/05/2017 08:00:00 PM,16,11,5
05/05/2017 09:00:00 PM,8,7,1
05/05/2017 10:00:00 PM,4,3,1
05/05/2017 11:00:00 PM,3,2,1
05/06/2017 12:00:00 AM,5,2,3
05/06/2017 01:00:00 AM,4,0,4
05/06/2017 02:00:00 AM,1,1,0
05/06/2017 03:00:00 AM,1,0,1
05/06/2017 04:00:00 AM,1,1,0
05/06/2017 05:00:00 AM,3,0,3
05/06/2017 06:00:00 AM,14,3,11
05/06/2017 07:00:00 AM,23,10,13
05/06/2017 08:00:00 AM,20,12,8
05/06/2017 09:00:00 AM,40,19,21
05/06/2017 10:00:00 AM,111,76,35
05/06/2017 11:00:00 AM,65,19,46
05/06/2017 12:00:00 PM,49,27,22
05/06/2017 01:00:00 PM,52,22,30
05/06/2017 02:00:00 PM,66,44,22
05/06/2017 03:00:00 PM,54,28,26
05/06/2017 04:00:00 PM,59,29,30
05/06/2017 05:00:00 PM,61,41,20
05/06/2017 06:00:00 PM,41,21,20
05/06/2017 07:00:00 PM,21,11,10
05/06/2017 08:00:00 PM,11,5,6
05/06/2017 09:00:00 PM,8,5,3
05/06/2017 10:00:00 PM,6,2,4
05/06/2017 11:00:00 PM,5,1,4
05/07/2017 12:00:00 AM,5,5,0
05/07/2017 01:00:00 AM,1,0,1
05/07/2017 02:00:00 AM,1,1,0
05/07/2017 03:00:00 AM,0,0,0
05/07/2017 04:00:00 AM,1,1,0
05/07/2017 05:00:00 AM,6,3,3
05/07/2017 06:00:00 AM,12,3,9
05/07/2017 07:00:00 AM,20,6,14
05/07/2017 08:00:00 AM,32,6,26
05/07/2017 09:00:00 AM,48,16,32
05/07/2017 10:00:00 AM,46,21,25
05/07/2017 11:00:00 AM,67,45,22
05/07/2017 12:00:00 PM,69,43,26
05/07/2017 01:00:00 PM,63,30,33
05/07/2017 02:00:00 PM,93,46,47
05/07/2017 03:00:00 PM,67,35,32
05/07/2017 04:00:00 PM,82,40,42
05/07/2017 05:00:00 PM,47,26,21
05/07/2017 06:00:00 PM,35,23,12
05/07/2017 07:00:00 PM,31,11,20
05/07/2017 08:00:00 PM,7,3,4
05/07/2017 09:00:00 PM,11,7,4
05/07/2017 10:00:00 PM,1,0,1
05/07/2017 11:00:00 PM,4,2,2
05/08/2017 12:00:00 AM,1,0,1
05/08/2017 01:00:00 AM,2,1,1
05/08/2017 02:00:00 AM,7,2,5
05/08/2017 03:00:00 AM,3,1,2
05/08/2017 04:00:00 AM,5,1,4
05/08/2017 05:00:00 AM,29,5,24
05/08/2017 06:00:00 AM,106,15,91
05/08/2017 07:00:00 AM,194,14,180
05/08/2017 08:00:00 AM,155,12,143
05/08/2017 09:00:00 AM,53,11,42
05/08/2017 10:00:00 AM,19,2,17
05/08/2017 11:00:00 AM,16,8,8
05/08/2017 12:00:00 PM,23,9,14
05/08/2017 01:00:00 PM,20,9,11
05/08/2017 02:00:00 PM,31,18,13
05/08/2017 03:00:00 PM,58,46,12
05/08/2017 04:00:00 PM,162,132,30
05/08/2017 05:00:00 PM,225,198,27
05/08/2017 06:00:00 PM,134,108,26
05/08/2017 07:00:00 PM,54,44,10
05/08/2017 08:00:00 PM,31,18,13
05/08/2017 09:00:00 PM,7,4,3
05/08/2017 10:00:00 PM,9,7,2
05/08/2017 11:00:00 PM,1,1,0
05/09/2017 12:00:00 AM,2,2,0
05/09/2017 01:00:00 AM,3,1,2
05/09/2017 02:00:00 AM,2,1,1
05/09/2017 03:00:00 AM,1,1,0
05/09/2017 04:00:00 AM,7,2,5
05/09/2017 05:00:00 AM,35,5,30
05/09/2017 06:00:00 AM,116,18,98
05/09/2017 07:00:00 AM,211,19,192
05/09/2017 08:00:00 AM,183,18,165
05/09/2017 09:00:00 AM,63,9,54
05/09/2017 10:00:00 AM,31,15,16
05/09/2017 11:00:00 AM,38,14,24
05/09/2017 12:00:00 PM,38,19,19
05/09/2017 01:00:00 PM,35,20,15
05/09/2017 02:00:00 PM,39,27,12
05/09/2017 03:00:00 PM,60,40,20
05/09/2017 04:00:00 PM,164,128,36
05/09/2017 05:00:00 PM,257,214,43
05/09/2017 06:00:00 PM,153,125,28
05/09/2017 07:00:00 PM,67,48,19
05/09/2017 08:00:00 PM,42,27,15
05/09/2017 09:00:00 PM,20,13,7
05/09/2017 10:00:00 PM,14,10,4
05/09/2017 11:00:00 PM,7,4,3
05/10/2017 12:00:00 AM,5,3,2
05/10/2017 01:00:00 AM,1,1,0
05/10/2017 02:00:00 AM,1,1,0
05/10/2017 03:00:00 AM,2,1,1
05/10/2017 04:00:00 AM,3,1,2
05/10/2017 05:00:00 AM,44,6,38
05/10/2017 06:00:00 AM,104,13,91
05/10/2017 07:00:00 AM,174,25,149
05/10/2017 08:00:00 AM,231,24,207
05/10/2017 09:00:00 AM,76,12,64
05/10/2017 10:00:00 AM,42,13,29
05/10/2017 11:00:00 AM,42,12,30
05/10/2017 12:00:00 PM,35,16,19
05/10/2017 01:00:00 PM,28,10,18
05/10/2017 02:00:00 PM,47,27,20
05/10/2017 03:00:00 PM,80,58,22
05/10/2017 04:00:00 PM,156,127,29
05/10/2017 05:00:00 PM,234,205,29
05/10/2017 06:00:00 PM,167,141,26
05/10/2017 07:00:00 PM,79,59,20
05/10/2017 08:00:00 PM,37,24,13
05/10/2017 09:00:00 PM,24,18,6
05/10/2017 10:00:00 PM,4,2,2
05/10/2017 11:00:00 PM,4,3,1
05/11/2017 12:00:00 AM,5,2,3
05/11/2017 01:00:00 AM,2,2,0
05/11/2017 02:00:00 AM,1,1,0
05/11/2017 03:00:00 AM,2,2,0
05/11/2017 04:00:00 AM,2,0,2
05/11/2017 05:00:00 AM,23,7,16
05/11/2017 06:00:00 AM,57,11,46
05/11/2017 07:00:00 AM,119,11,108
05/11/2017 08:00:00 AM,130,8,122
05/11/2017 09:00:00 AM,47,6,41
05/11/2017 10:00:00 AM,22,0,22
05/11/2017 11:00:00 AM,7,3,4
05/11/2017 12:00:00 PM,3,0,3
05/11/2017 01:00:00 PM,7,4,3
05/11/2017 02:00:00 PM,17,13,4
05/11/2017 03:00:00 PM,39,28,11
05/11/2017 04:00:00 PM,70,60,10
05/11/2017 05:00:00 PM,132,118,14
05/11/2017 06:00:00 PM,64,61,3
05/11/2017 07:00:00 PM,35,30,5
05/11/2017 08:00:00 PM,20,18,2
05/11/2017 09:00:00 PM,5,4,1
05/11/2017 10:00:00 PM,4,2,2
05/11/2017 11:00:00 PM,2,2,0
05/12/2017 12:00:00 AM,1,1,0
05/12/2017 01:00:00 AM,2,1,1
05/12/2017 02:00:00 AM,3,3,0
05/12/2017 03:00:00 AM,0,0,0
05/12/2017 04:00:00 AM,6,2,4
05/12/2017 05:00:00 AM,18,2,16
05/12/2017 06:00:00 AM,62,13,49
05/12/2017 07:00:00 AM,143,14,129
05/12/2017 08:00:00 AM,119,16,103
05/12/2017 09:00:00 AM,56,16,40
05/12/2017 10:00:00 AM,36,11,25
05/12/2017 11:00:00 AM,15,3,12
05/12/2017 12:00:00 PM,11,8,3
05/12/2017 01:00:00 PM,16,11,5
05/12/2017 02:00:00 PM,30,20,10
05/12/2017 03:00:00 PM,44,35,9
05/12/2017 04:00:00 PM,108,94,14
05/12/2017 05:00:00 PM,122,109,13
05/12/2017 06:00:00 PM,62,54,8
05/12/2017 07:00:00 PM,24,20,4
05/12/2017 08:00:00 PM,13,11,2
05/12/2017 09:00:00 PM,6,6,0
05/12/2017 10:00:00 PM,2,1,1
05/12/2017 11:00:00 PM,3,1,2
05/13/2017 12:00:00 AM,1,1,0
05/13/2017 01:00:00 AM,0,0,0
05/13/2017 02:00:00 AM,1,1,0
05/13/2017 03:00:00 AM,1,1,0
05/13/2017 04:00:00 AM,1,1,0
05/13/2017 05:00:00 AM,3,1,2
05/13/2017 06:00:00 AM,13,1,12
05/13/2017 07:00:00 AM,19,10,9
05/13/2017 08:00:00 AM,34,27,7
05/13/2017 09:00:00 AM,21,9,12
05/13/2017 10:00:00 AM,31,15,16
05/13/2017 11:00:00 AM,50,22,28
05/13/2017 12:00:00 PM,37,18,19
05/13/2017 01:00:00 PM,30,15,15
05/13/2017 02:00:00 PM,26,12,14
05/13/2017 03:00:00 PM,38,23,15
05/13/2017 04:00:00 PM,35,14,21
05/13/2017 05:00:00 PM,26,14,12
05/13/2017 06:00:00 PM,14,8,6
05/13/2017 07:00:00 PM,8,6,2
05/13/2017 08:00:00 PM,8,6,2
05/13/2017 09:00:00 PM,3,2,1
05/13/2017 10:00:00 PM,1,1,0
05/13/2017 11:00:00 PM,2,0,2
05/14/2017 12:00:00 AM,0,0,0
05/14/2017 01:00:00 AM,1,0,1
05/14/2017 02:00:00 AM,0,0,0
05/14/2017 03:00:00 AM,0,0,0
05/14/2017 04:00:00 AM,0,0,0
05/14/2017 05:00:00 AM,4,1,3
05/14/2017 06:00:00 AM,2,1,1
05/14/2017 07:00:00 AM,4,0,4
05/14/2017 08:00:00 AM,9,4,5
05/14/2017 09:00:00 AM,17,5,12
05/14/2017 10:00:00 AM,36,22,14
05/14/2017 11:00:00 AM,25,9,16
05/14/2017 12:00:00 PM,20,5,15
05/14/2017 01:00:00 PM,25,13,12
05/14/2017 02:00:00 PM,21,8,13
05/14/2017 03:00:00 PM,16,6,10
05/14/2017 04:00:00 PM,29,21,8
05/14/2017 05:00:00 PM,23,15,8
05/14/2017 06:00:00 PM,22,4,18
05/14/2017 07:00:00 PM,7,3,4
05/14/2017 08:00:00 PM,10,5,5
05/14/2017 09:00:00 PM,6,5,1
05/14/2017 10:00:00 PM,5,3,2
05/14/2017 11:00:00 PM,1,1,0
05/15/2017 12:00:00 AM,5,4,1
05/15/2017 01:00:00 AM,3,1,2
05/15/2017 02:00:00 AM,3,2,1
05/15/2017 03:00:00 AM,2,1,1
05/15/2017 04:00:00 AM,2,0,2
05/15/2017 05:00:00 AM,24,4,20
05/15/2017 06:00:00 AM,75,11,64
05/15/2017 07:00:00 AM,161,15,146
05/15/2017 08:00:00 AM,142,10,132
05/15/2017 09:00:00 AM,36,6,30
05/15/2017 10:00:00 AM,19,3,16
05/15/2017 11:00:00 AM,11,4,7
05/15/2017 12:00:00 PM,24,12,12
05/15/2017 01:00:00 PM,15,7,8
05/15/2017 02:00:00 PM,10,7,3
05/15/2017 03:00:00 PM,34,30,4
05/15/2017 04:00:00 PM,78,66,12
05/15/2017 05:00:00 PM,147,140,7
05/15/2017 06:00:00 PM,77,68,9
05/15/2017 07:00:00 PM,26,22,4
05/15/2017 08:00:00 PM,14,10,4
05/15/2017 09:00:00 PM,9,9,0
05/15/2017 10:00:00 PM,0,0,0
05/15/2017 11:00:00 PM,4,2,2
05/16/2017 12:00:00 AM,3,3,0
05/16/2017 01:00:00 AM,0,0,0
05/16/2017 02:00:00 AM,5,2,3
05/16/2017 03:00:00 AM,1,1,0
05/16/2017 04:00:00 AM,2,1,1
05/16/2017 05:00:00 AM,20,4,16
05/16/2017 06:00:00 AM,35,5,30
05/16/2017 07:00:00 AM,99,11,88
05/16/2017 08:00:00 AM,96,7,89
05/16/2017 09:00:00 AM,42,5,37
05/16/2017 10:00:00 AM,14,1,13
05/16/2017 11:00:00 AM,8,2,6
05/16/2017 12:00:00 PM,9,3,6
05/16/2017 01:00:00 PM,13,7,6
05/16/2017 02:00:00 PM,14,5,9
05/16/2017 03:00:00 PM,27,18,9
05/16/2017 04:00:00 PM,70,61,9
05/16/2017 05:00:00 PM,131,108,23
05/16/2017 06:00:00 PM,77,70,7
05/16/2017 07:00:00 PM,40,38,2
05/16/2017 08:00:00 PM,12,10,2
05/16/2017 09:00:00 PM,7,6,1
05/16/2017 10:00:00 PM,5,3,2
05/16/2017 11:00:00 PM,8,6,2
05/17/2017 12:00:00 AM,1,0,1
05/17/2017 01:00:00 AM,0,0,0
05/17/2017 02:00:00 AM,1,1,0
05/17/2017 03:00:00 AM,1,1,0
05/17/2017 04:00:00 AM,4,1,3
05/17/2017 05:00:00 AM,28,4,24
05/17/2017 06:00:00 AM,94,7,87
05/17/2017 07:00:00 AM,165,17,148
05/17/2017 08:00:00 AM,157,11,146
05/17/2017 09:00:00 AM,64,5,59
05/17/2017 10:00:00 AM,21,8,13
05/17/2017 11:00:00 AM,19,8,11
05/17/2017 12:00:00 PM,23,15,8
05/17/2017 01:00:00 PM,21,8,13
05/17/2017 02:00:00 PM,33,18,15
05/17/2017 03:00:00 PM,55,41,14
05/17/2017 04:00:00 PM,126,101,25
05/17/2017 05:00:00 PM,207,188,19
05/17/2017 06:00:00 PM,120,104,16
05/17/2017 07:00:00 PM,55,44,11
05/17/2017 08:00:00 PM,34,21,13
05/17/2017 09:00:00 PM,22,17,5
05/17/2017 10:00:00 PM,6,6,0
05/17/2017 11:00:00 PM,7,6,1
05/18/2017 12:00:00 AM,3,2,1
05/18/2017 01:00:00 AM,0,0,0
05/18/2017 02:00:00 AM,2,1,1
05/18/2017 03:00:00 AM,0,0,0
05/18/2017 04:00:00 AM,3,1,2
05/18/2017 05:00:00 AM,29,3,26
05/18/2017 06:00:00 AM,92,16,76
05/18/2017 07:00:00 AM,186,14,172
05/18/2017 08:00:00 AM,168,18,150
05/18/2017 09:00:00 AM,60,12,48
05/18/2017 10:00:00 AM,34,4,30
05/18/2017 11:00:00 AM,19,10,9
05/18/2017 12:00:00 PM,21,11,10
05/18/2017 01:00:00 PM,39,9,30
05/18/2017 02:00:00 PM,34,21,13
05/18/2017 03:00:00 PM,60,43,17
05/18/2017 04:00:00 PM,135,112,23
05/18/2017 05:00:00 PM,214,173,41
05/18/2017 06:00:00 PM,123,98,25
05/18/2017 07:00:00 PM,63,51,12
05/18/2017 08:00:00 PM,29,19,10
05/18/2017 09:00:00 PM,22,15,7
05/18/2017 10:00:00 PM,7,7,0
05/18/2017 11:00:00 PM,6,6,0
05/19/2017 12:00:00 AM,3,2,1
05/19/2017 01:00:00 AM,0,0,0
05/19/2017 02:00:00 AM,1,1,0
05/19/2017 03:00:00 AM,0,0,0
05/19/2017 04:00:00 AM,5,1,4
05/19/2017 05:00:00 AM,32,7,25
05/19/2017 06:00:00 AM,106,17,89
05/19/2017 07:00:00 AM,238,31,207
05/19/2017 08:00:00 AM,209,33,176
05/19/2017 09:00:00 AM,82,18,64
05/19/2017 10:00:00 AM,47,15,32
05/19/2017 11:00:00 AM,34,16,18
05/19/2017 12:00:00 PM,39,23,16
05/19/2017 01:00:00 PM,35,17,18
05/19/2017 02:00:00 PM,68,46,22
05/19/2017 03:00:00 PM,123,91,32
05/19/2017 04:00:00 PM,177,140,37
05/19/2017 05:00:00 PM,217,180,37
05/19/2017 06:00:00 PM,120,97,23
05/19/2017 07:00:00 PM,58,50,8
05/19/2017 08:00:00 PM,25,11,14
05/19/2017 09:00:00 PM,14,8,6
05/19/2017 10:00:00 PM,12,7,5
05/19/2017 11:00:00 PM,7,6,1
05/20/2017 12:00:00 AM,2,0,2
05/20/2017 01:00:00 AM,0,0,0
05/20/2017 02:00:00 AM,2,1,1
05/20/2017 03:00:00 AM,1,0,1
05/20/2017 04:00:00 AM,1,1,0
05/20/2017 05:00:00 AM,12,1,11
05/20/2017 06:00:00 AM,19,8,11
05/20/2017 07:00:00 AM,29,8,21
05/20/2017 08:00:00 AM,50,22,28
05/20/2017 09:00:00 AM,67,40,27
05/20/2017 10:00:00 AM,81,36,45
05/20/2017 11:00:00 AM,63,35,28
05/20/2017 12:00:00 PM,102,53,49
05/20/2017 01:00:00 PM,132,42,90
05/20/2017 02:00:00 PM,66,34,32
05/20/2017 03:00:00 PM,92,42,50
05/20/2017 04:00:00 PM,91,67,24
05/20/2017 05:00:00 PM,57,32,25
05/20/2017 06:00:00 PM,50,27,23
05/20/2017 07:00:00 PM,27,13,14
05/20/2017 08:00:00 PM,28,18,10
05/20/2017 09:00:00 PM,17,8,9
05/20/2017 10:00:00 PM,11,6,5
05/20/2017 11:00:00 PM,4,2,2
05/21/2017 12:00:00 AM,1,1,0
05/21/2017 01:00:00 AM,3,1,2
05/21/2017 02:00:00 AM,1,0,1
05/21/2017 03:00:00 AM,2,1,1
05/21/2017 04:00:00 AM,2,1,1
05/21/2017 05:00:00 AM,11,6,5
05/21/2017 06:00:00 AM,7,1,6
05/21/2017 07:00:00 AM,23,4,19
05/21/2017 08:00:00 AM,45,21,24
05/21/2017 09:00:00 AM,44,16,28
05/21/2017 10:00:00 AM,75,43,32
05/21/2017 11:00:00 AM,95,48,47
05/21/2017 12:00:00 PM,96,57,39
05/21/2017 01:00:00 PM,107,55,52
06/04/2017 03:00:00 PM,112,63,49
06/04/2017 04:00:00 PM,75,43,32
06/04/2017 05:00:00 PM,56,31,25
06/04/2017 06:00:00 PM,27,17,10
06/04/2017 07:00:00 PM,29,17,12
06/04/2017 08:00:00 PM,11,5,6
06/04/2017 09:00:00 PM,21,12,9
06/04/2017 10:00:00 PM,4,2,2
06/04/2017 11:00:00 PM,4,1,3
06/05/2017 12:00:00 AM,5,3,2
06/05/2017 01:00:00 AM,1,1,0
06/05/2017 02:00:00 AM,1,0,1
06/05/2017 03:00:00 AM,2,1,1
06/05/2017 04:00:00 AM,9,2,7
06/05/2017 05:00:00 AM,31,7,24
06/05/2017 06:00:00 AM,86,16,70
06/05/2017 07:00:00 AM,196,20,176
06/05/2017 08:00:00 AM,181,19,162
06/05/2017 09:00:00 AM,75,7,68
06/05/2017 10:00:00 AM,35,10,25
06/05/2017 11:00:00 AM,28,11,17
06/05/2017 12:00:00 PM,32,15,17
06/05/2017 01:00:00 PM,19,10,9
06/05/2017 02:00:00 PM,32,22,10
06/05/2017 03:00:00 PM,65,50,15
06/05/2017 04:00:00 PM,158,127,31
06/05/2017 05:00:00 PM,246,221,25
06/05/2017 06:00:00 PM,167,136,31
06/05/2017 07:00:00 PM,59,41,18
06/05/2017 08:00:00 PM,23,14,9
06/05/2017 09:00:00 PM,22,11,11
06/05/2017 10:00:00 PM,11,1,10
06/05/2017 11:00:00 PM,2,1,1
06/06/2017 12:00:00 AM,3,2,1
06/06/2017 01:00:00 AM,0,0,0
06/06/2017 02:00:00 AM,1,1,0
06/06/2017 03:00:00 AM,5,3,2
06/06/2017 04:00:00 AM,15,3,12
06/06/2017 05:00:00 AM,41,10,31
06/06/2017 06:00:00 AM,95,16,79
06/06/2017 07:00:00 AM,196,21,175
06/06/2017 08:00:00 AM,181,23,158
06/06/2017 09:00:00 AM,62,4,58
06/06/2017 10:00:00 AM,32,8,24
06/06/2017 11:00:00 AM,27,8,19
06/06/2017 12:00:00 PM,21,17,4
06/06/2017 01:00:00 PM,39,23,16
06/06/2017 02:00:00 PM,40,24,16
06/06/2017 03:00:00 PM,79,46,33
06/06/2017 04:00:00 PM,147,113,34
06/06/2017 05:00:00 PM,237,203,34
06/06/2017 06:00:00 PM,150,126,24
06/06/2017 07:00:00 PM,76,61,15
06/06/2017 08:00:00 PM,35,24,11
06/06/2017 09:00:00 PM,18,12,6
06/06/2017 10:00:00 PM,13,7,6
06/06/2017 11:00:00 PM,3,2,1
06/07/2017 12:00:00 AM,7,5,2
06/07/2017 01:00:00 AM,3,2,1
06/07/2017 02:00:00 AM,2,2,0
06/07/2017 03:00:00 AM,1,1,0
06/07/2017 04:00:00 AM,10,3,7
06/07/2017 05:00:00 AM,28,7,21
06/07/2017 06:00:00 AM,93,14,79
06/07/2017 07:00:00 AM,199,24,175
06/07/2017 08:00:00 AM,186,14,172
06/07/2017 09:00:00 AM,65,6,59
06/07/2017 10:00:00 AM,47,14,33
06/07/2017 11:00:00 AM,38,18,20
06/07/2017 12:00:00 PM,52,21,31
06/07/2017 01:00:00 PM,51,22,29
06/07/2017 02:00:00 PM,37,20,17
06/07/2017 03:00:00 PM,59,48,11
06/07/2017 04:00:00 PM,141,118,23
06/07/2017 05:00:00 PM,223,194,29
06/07/2017 06:00:00 PM,158,127,31
06/07/2017 07:00:00 PM,65,53,12
06/07/2017 08:00:00 PM,50,25,25
06/07/2017 09:00:00 PM,22,16,6
06/07/2017 10:00:00 PM,10,8,2
06/07/2017 11:00:00 PM,8,6,2
06/08/2017 12:00:00 AM,2,1,1
06/08/2017 01:00:00 AM,1,0,1
06/08/2017 02:00:00 AM,3,2,1
06/08/2017 03:00:00 AM,4,1,3
06/08/2017 04:00:00 AM,6,4,2
06/08/2017 05:00:00 AM,19,2,17
06/08/2017 06:00:00 AM,40,7,33
06/08/2017 07:00:00 AM,85,8,77
06/08/2017 08:00:00 AM,76,5,71
06/08/2017 09:00:00 AM,37,2,35
06/08/2017 10:00:00 AM,9,2,7
06/08/2017 11:00:00 AM,2,0,2
06/08/2017 12:00:00 PM,5,2,3
06/08/2017 01:00:00 PM,17,3,14
06/08/2017 02:00:00 PM,24,13,11
06/08/2017 03:00:00 PM,34,24,10
06/08/2017 04:00:00 PM,73,63,10
06/08/2017 05:00:00 PM,120,94,26
06/08/2017 06:00:00 PM,66,58,8
06/08/2017 07:00:00 PM,21,16,5
06/08/2017 08:00:00 PM,12,9,3
06/08/2017 09:00:00 PM,12,8,4
06/08/2017 10:00:00 PM,8,5,3
06/08/2017 11:00:00 PM,4,3,1
06/09/2017 12:00:00 AM,4,2,2
06/09/2017 01:00:00 AM,1,0,1
06/09/2017 02:00:00 AM,3,0,3
06/09/2017 03:00:00 AM,1,0,1
06/09/2017 04:00:00 AM,5,2,3
06/09/2017 05:00:00 AM,15,3,12
06/09/2017 06:00:00 AM,55,11,44
06/09/2017 07:00:00 AM,134,17,117
06/09/2017 08:00:00 AM,123,16,107
06/09/2017 09:00:00 AM,58,18,40
06/09/2017 10:00:00 AM,23,5,18
06/09/2017 11:00:00 AM,22,6,16
06/09/2017 12:00:00 PM,24,15,9
06/09/2017 01:00:00 PM,28,14,14
06/09/2017 02:00:00 PM,31,22,9
06/09/2017 03:00:00 PM,46,33,13
06/09/2017 04:00:00 PM,100,84,16
06/09/2017 05:00:00 PM,129,111,18
06/09/2017 06:00:00 PM,63,54,9
06/09/2017 07:00:00 PM,34,22,12
06/09/2017 08:00:00 PM,12,8,4
06/09/2017 09:00:00 PM,12,11,1
06/09/2017 10:00:00 PM,7,5,2
06/09/2017 11:00:00 PM,7,6,1
06/10/2017 12:00:00 AM,4,1,3
06/10/2017 01:00:00 AM,4,1,3
06/10/2017 02:00:00 AM,0,0,0
06/10/2017 03:00:00 AM,2,1,1
06/10/2017 04:00:00 AM,2,1,1
06/10/2017 05:00:00 AM,4,0,4
06/10/2017 06:00:00 AM,12,4,8
06/10/2017 07:00:00 AM,21,9,12
06/10/2017 08:00:00 AM,39,17,22
06/10/2017 09:00:00 AM,52,31,21
06/10/2017 10:00:00 AM,58,31,27
06/10/2017 11:00:00 AM,92,37,55
06/10/2017 12:00:00 PM,78,32,46
06/10/2017 01:00:00 PM,64,33,31
06/10/2017 02:00:00 PM,94,49,45
06/10/2017 03:00:00 PM,74,35,39
06/10/2017 04:00:00 PM,72,37,35
06/10/2017 05:00:00 PM,62,30,32
06/10/2017 06:00:00 PM,40,23,17
06/10/2017 07:00:00 PM,43,24,19
06/10/2017 08:00:00 PM,17,12,5
06/10/2017 09:00:00 PM,7,6,1
06/10/2017 10:00:00 PM,28,10,18
06/10/2017 11:00:00 PM,4,2,2
06/11/2017 12:00:00 AM,1,1,0
06/11/2017 01:00:00 AM,2,1,1
06/11/2017 02:00:00 AM,1,1,0
06/11/2017 03:00:00 AM,3,2,1
06/11/2017 04:00:00 AM,2,0,2
06/11/2017 05:00:00 AM,10,2,8
06/11/2017 06:00:00 AM,10,3,7
06/11/2017 07:00:00 AM,25,5,20
06/11/2017 08:00:00 AM,36,21,15
06/11/2017 09:00:00 AM,51,29,22
06/11/2017 10:00:00 AM,64,36,28
06/11/2017 11:00:00 AM,66,35,31
06/11/2017 12:00:00 PM,89,49,40
06/11/2017 01:00:00 PM,84,48,36
06/11/2017 02:00:00 PM,86,42,44
06/11/2017 03:00:00 PM,87,36,51
06/11/2017 04:00:00 PM,72,42,30
06/11/2017 05:00:00 PM,45,17,28
06/11/2017 06:00:00 PM,53,36,17
06/11/2017 07:00:00 PM,27,12,15
06/11/2017 08:00:00 PM,12,8,4
06/11/2017 09:00:00 PM,5,2,3
06/11/2017 10:00:00 PM,6,4,2
06/11/2017 11:00:00 PM,2,2,0
06/12/2017 12:00:00 AM,1,1,0
06/12/2017 01:00:00 AM,1,1,0
06/12/2017 02:00:00 AM,0,0,0
06/12/2017 03:00:00 AM,2,2,0
06/12/2017 04:00:00 AM,10,3,7
06/12/2017 05:00:00 AM,27,8,19
06/12/2017 06:00:00 AM,90,20,70
06/12/2017 07:00:00 AM,164,11,153
06/12/2017 08:00:00 AM,168,23,145
06/12/2017 09:00:00 AM,50,7,43
06/12/2017 10:00:00 AM,22,5,17
06/12/2017 11:00:00 AM,22,8,14
06/12/2017 12:00:00 PM,21,7,14
06/12/2017 01:00:00 PM,21,12,9
06/12/2017 02:00:00 PM,30,15,15
06/12/2017 03:00:00 PM,51,41,10
06/12/2017 04:00:00 PM,135,112,23
06/12/2017 05:00:00 PM,210,183,27
06/12/2017 06:00:00 PM,96,86,10
06/12/2017 07:00:00 PM,30,27,3
06/12/2017 08:00:00 PM,18,12,6
06/12/2017 09:00:00 PM,15,8,7
06/12/2017 10:00:00 PM,6,4,2
06/12/2017 11:00:00 PM,2,2,0
06/13/2017 12:00:00 AM,0,0,0
06/13/2017 01:00:00 AM,5,2,3
06/13/2017 02:00:00 AM,4,1,3
06/13/2017 03:00:00 AM,0,0,0
06/13/2017 04:00:00 AM,9,3,6
06/13/2017 05:00:00 AM,24,3,21
06/13/2017 06:00:00 AM,64,8,56
06/13/2017 07:00:00 AM,135,12,123
06/13/2017 08:00:00 AM,138,14,124
06/13/2017 09:00:00 AM,49,8,41
06/13/2017 10:00:00 AM,18,3,15
06/13/2017 11:00:00 AM,15,6,9
06/13/2017 12:00:00 PM,20,10,10
06/13/2017 01:00:00 PM,28,10,18
06/13/2017 02:00:00 PM,33,21,12
06/13/2017 03:00:00 PM,44,32,12
06/13/2017 04:00:00 PM,91,71,20
06/13/2017 05:00:00 PM,168,153,15
06/13/2017 06:00:00 PM,96,80,16
06/13/2017 07:00:00 PM,56,46,10
06/13/2017 08:00:00 PM,23,18,5
06/13/2017 09:00:00 PM,12,11,1
06/13/2017 10:00:00 PM,5,5,0
06/13/2017 11:00:00 PM,4,2,2
06/14/2017 12:00:00 AM,1,0,1
06/14/2017 01:00:00 AM,1,1,0
06/14/2017 02:00:00 AM,3,2,1
06/14/2017 03:00:00 AM,1,1,0
06/14/2017 04:00:00 AM,7,2,5
06/14/2017 05:00:00 AM,32,10,22
06/14/2017 06:00:00 AM,96,11,85
06/14/2017 07:00:00 AM,174,17,157
06/14/2017 08:00:00 AM,171,12,159
06/14/2017 09:00:00 AM,55,10,45
06/14/2017 10:00:00 AM,33,6,27
06/14/2017 11:00:00 AM,22,11,11
06/14/2017 12:00:00 PM,33,21,12
06/14/2017 01:00:00 PM,30,16,14
06/14/2017 02:00:00 PM,45,23,22
06/14/2017 03:00:00 PM,52,39,13
06/14/2017 04:00:00 PM,118,101,17
06/14/2017 05:00:00 PM,224,189,35
06/14/2017 06:00:00 PM,119,99,20
06/14/2017 07:00:00 PM,63,49,14
06/14/2017 08:00:00 PM,34,25,9
06/14/2017 09:00:00 PM,19,15,4
06/14/2017 10:00:00 PM,10,5,5
06/14/2017 11:00:00 PM,1,1,0
06/15/2017 12:00:00 AM,1,1,0
06/15/2017 01:00:00 AM,4,3,1
06/15/2017 02:00:00 AM,0,0,0
06/15/2017 03:00:00 AM,0,0,0
06/15/2017 04:00:00 AM,8,3,5
06/15/2017 05:00:00 AM,14,1,13
06/15/2017 06:00:00 AM,45,8,37
06/15/2017 07:00:00 AM,86,7,79
06/15/2017 08:00:00 AM,92,6,86
06/15/2017 09:00:00 AM,20,2,18
06/15/2017 10:00:00 AM,8,1,7
06/15/2017 11:00:00 AM,5,2,3
06/15/2017 12:00:00 PM,10,4,6
06/15/2017 01:00:00 PM,6,1,5
06/15/2017 02:00:00 PM,9,3,6
06/15/2017 03:00:00 PM,17,15,2
06/15/2017 04:00:00 PM,48,42,6
06/15/2017 05:00:00 PM,82,78,4
06/15/2017 06:00:00 PM,53,48,5
06/15/2017 07:00:00 PM,19,14,5
06/15/2017 08:00:00 PM,8,8,0
06/15/2017 09:00:00 PM,8,6,2
06/15/2017 10:00:00 PM,1,0,1
06/15/2017 11:00:00 PM,4,3,1
06/16/2017 12:00:00 AM,2,1,1
06/16/2017 01:00:00 AM,1,1,0
06/16/2017 02:00:00 AM,2,1,1
06/16/2017 03:00:00 AM,0,0,0
06/16/2017 04:00:00 AM,6,3,3
06/16/2017 05:00:00 AM,19,4,15
06/16/2017 06:00:00 AM,52,10,42
06/16/2017 07:00:00 AM,110,17,93
06/16/2017 08:00:00 AM,114,16,98
06/16/2017 09:00:00 AM,53,11,42
06/16/2017 10:00:00 AM,28,6,22
06/16/2017 11:00:00 AM,21,10,11
06/16/2017 12:00:00 PM,22,15,7
06/16/2017 01:00:00 PM,28,13,15
06/16/2017 02:00:00 PM,40,24,16
06/16/2017 03:00:00 PM,63,48,15
06/16/2017 04:00:00 PM,111,85,26
06/16/2017 05:00:00 PM,119,101,18
06/16/2017 06:00:00 PM,76,66,10
06/16/2017 07:00:00 PM,27,20,7
06/16/2017 08:00:00 PM,33,25,8
06/16/2017 09:00:00 PM,15,9,6
06/16/2017 10:00:00 PM,5,1,4
06/16/2017 11:00:00 PM,0,0,0
06/17/2017 12:00:00 AM,2,2,0
06/17/2017 01:00:00 AM,3,3,0
06/17/2017 02:00:00 AM,2,1,1
06/17/2017 03:00:00 AM,3,1,2
06/17/2017 04:00:00 AM,2,1,1
06/17/2017 05:00:00 AM,6,1,5
06/17/2017 06:00:00 AM,7,1,6
06/17/2017 07:00:00 AM,34,13,21
06/17/2017 08:00:00 AM,49,20,29
06/17/2017 09:00:00 AM,31,16,15
06/17/2017 10:00:00 AM,65,27,38
06/17/2017 11:00:00 AM,86,39,47
06/17/2017 12:00:00 PM,70,31,39
06/17/2017 01:00:00 PM,68,37,31
06/17/2017 02:00:00 PM,57,27,30
06/17/2017 03:00:00 PM,54,34,20
06/17/2017 04:00:00 PM,62,30,32
06/17/2017 05:00:00 PM,48,38,10
06/17/2017 06:00:00 PM,30,21,9
06/17/2017 07:00:00 PM,11,5,6
06/17/2017 08:00:00 PM,7,3,4
06/17/2017 09:00:00 PM,7,5,2
06/17/2017 10:00:00 PM,7,5,2
06/17/2017 11:00:00 PM,3,2,1
06/18/2017 12:00:00 AM,3,3,0
06/18/2017 01:00:00 AM,2,1,1
06/18/2017 02:00:00 AM,1,0,1
06/18/2017 03:00:00 AM,2,2,0
06/18/2017 04:00:00 AM,0,0,0
06/18/2017 05:00:00 AM,8,0,8
06/18/2017 06:00:00 AM,14,4,10
06/18/2017 07:00:00 AM,20,4,16
06/18/2017 08:00:00 AM,39,15,24
06/18/2017 09:00:00 AM,22,16,6
06/18/2017 10:00:00 AM,32,14,18
06/18/2017 11:00:00 AM,60,22,38
06/18/2017 12:00:00 PM,66,33,33
06/18/2017 01:00:00 PM,38,18,20
06/18/2017 02:00:00 PM,58,39,19
06/18/2017 03:00:00 PM,55,33,22
06/18/2017 04:00:00 PM,42,22,20
06/18/2017 05:00:00 PM,42,20,22
06/18/2017 06:00:00 PM,42,27,15
06/18/2017 07:00:00 PM,22,12,10
06/18/2017 08:00:00 PM,12,5,7
06/18/2017 09:00:00 PM,8,2,6
06/18/2017 10:00:00 PM,2,1,1
06/18/2017 11:00:00 PM,5,4,1
06/19/2017 12:00:00 AM,3,0,3
06/19/2017 01:00:00 AM,2,2,0
06/19/2017 02:00:00 AM,4,1,3
06/19/2017 03:00:00 AM,0,0,0
06/19/2017 04:00:00 AM,6,1,5
06/19/2017 05:00:00 AM,33,8,25
06/19/2017 06:00:00 AM,75,14,61
06/19/2017 07:00:00 AM,183,23,160
06/19/2017 08:00:00 AM,168,17,151
06/19/2017 09:00:00 AM,49,9,40
06/19/2017 10:00:00 AM,28,10,18
06/19/2017 11:00:00 AM,31,11,20
06/19/2017 12:00:00 PM,20,11,9
06/19/2017 01:00:00 PM,26,11,15
06/19/2017 02:00:00 PM,35,22,13
06/19/2017 03:00:00 PM,76,56,20
06/19/2017 04:00:00 PM,139,107,32
06/19/2017 05:00:00 PM,228,197,31
06/19/2017 06:00:00 PM,122,107,15
06/19/2017 07:00:00 PM,40,37,3
06/19/2017 08:00:00 PM,25,21,4
06/19/2017 09:00:00 PM,12,10,2
06/19/2017 10:00:00 PM,9,6,3
06/19/2017 11:00:00 PM,2,1,1
06/20/2017 12:00:00 AM,3,2,1
06/20/2017 01:00:00 AM,4,3,1
06/20/2017 02:00:00 AM,2,0,2
06/20/2017 03:00:00 AM,0,0,0
06/20/2017 04:00:00 AM,6,2,4
06/20/2017 05:00:00 AM,41,7,34
06/20/2017 06:00:00 AM,75,12,63
06/20/2017 07:00:00 AM,147,13,134
06/20/2017 08:00:00 AM,130,14,116
06/20/2017 09:00:00 AM,57,7,50
06/20/2017 10:00:00 AM,30,6,24
06/20/2017 11:00:00 AM,12,5,7
06/20/2017 12:00:00 PM,16,7,9
06/20/2017 01:00:00 PM,13,7,6
06/20/2017 02:00:00 PM,24,15,9
06/20/2017 03:00:00 PM,43,23,20
06/20/2017 04:00:00 PM,99,81,18
06/20/2017 05:00:00 PM,180,161,19
06/20/2017 06:00:00 PM,102,92,10
06/20/2017 07:00:00 PM,48,40,8
06/20/2017 08:00:00 PM,25,14,11
06/20/2017 09:00:00 PM,15,10,5
06/20/2017 10:00:00 PM,12,11,1
06/20/2017 11:00:00 PM,6,6,0
06/21/2017 12:00:00 AM,4,2,2
06/21/2017 01:00:00 AM,0,0,0
06/21/2017 02:00:00 AM,0,0,0
06/21/2017 03:00:00 AM,0,0,0
06/21/2017 04:00:00 AM,7,2,5
06/21/2017 05:00:00 AM,36,4,32
06/21/2017 06:00:00 AM,98,11,87
06/21/2017 07:00:00 AM,178,14,164
06/21/2017 08:00:00 AM,167,12,155
06/21/2017 09:00:00 AM,68,16,52
06/21/2017 10:00:00 AM,38,6,32
06/21/2017 11:00:00 AM,26,8,18
06/21/2017 12:00:00 PM,21,11,10
06/21/2017 01:00:00 PM,38,21,17
06/21/2017 02:00:00 PM,37,23,14
06/21/2017 03:00:00 PM,68,51,17
06/21/2017 04:00:00 PM,139,113,26
06/21/2017 05:00:00 PM,229,195,34
06/21/2017 06:00:00 PM,154,127,27
06/21/2017 07:00:00 PM,71,53,18
06/21/2017 08:00:00 PM,43,24,19
06/21/2017 09:00:00 PM,29,19,10
06/21/2017 10:00:00 PM,26,23,3
06/21/2017 11:00:00 PM,9,8,1
06/22/2017 12:00:00 AM,5,3,2
06/22/2017 01:00:00 AM,2,1,1
06/22/2017 02:00:00 AM,1,1,0
06/22/2017 03:00:00 AM,2,0,2
06/22/2017 04:00:00 AM,9,2,7
06/22/2017 05:00:00 AM,32,7,25
06/22/2017 06:00:00 AM,81,5,76
06/22/2017 07:00:00 AM,180,19,161
06/22/2017 08:00:00 AM,171,15,156
06/22/2017 09:00:00 AM,73,14,59
06/22/2017 10:00:00 AM,47,8,39
06/22/2017 11:00:00 AM,28,10,18
06/22/2017 12:00:00 PM,32,16,16
06/22/2017 01:00:00 PM,42,21,21
06/22/2017 02:00:00 PM,34,22,12
06/22/2017 03:00:00 PM,69,54,15
06/22/2017 04:00:00 PM,136,102,34
06/22/2017 05:00:00 PM,223,191,32
06/22/2017 06:00:00 PM,130,106,24
06/22/2017 07:00:00 PM,115,95,20
06/22/2017 08:00:00 PM,49,35,14
06/22/2017 09:00:00 PM,19,12,7
06/22/2017 10:00:00 PM,17,13,4
06/22/2017 11:00:00 PM,4,2,2
06/23/2017 12:00:00 AM,8,7,1
06/23/2017 01:00:00 AM,4,3,1
06/23/2017 02:00:00 AM,5,3,2
06/23/2017 03:00:00 AM,3,1,2
06/23/2017 04:00:00 AM,8,3,5
06/23/2017 05:00:00 AM,16,5,11
06/23/2017 06:00:00 AM,82,10,72
06/23/2017 07:00:00 AM,165,22,143
06/23/2017 08:00:00 AM,140,13,127
06/23/2017 09:00:00 AM,68,8,60
06/23/2017 10:00:00 AM,33,12,21
06/23/2017 11:00:00 AM,41,16,25
06/23/2017 12:00:00 PM,38,22,16
06/23/2017 01:00:00 PM,48,34,14
06/23/2017 02:00:00 PM,47,32,15
06/23/2017 03:00:00 PM,103,79,24
06/23/2017 04:00:00 PM,134,113,21
06/23/2017 05:00:00 PM,158,140,18
06/23/2017 06:00:00 PM,104,77,27
06/23/2017 07:00:00 PM,53,36,17
06/23/2017 08:00:00 PM,58,35,23
06/23/2017 09:00:00 PM,15,10,5
06/23/2017 10:00:00 PM,13,12,1
06/23/2017 11:00:00 PM,21,16,5
06/24/2017 12:00:00 AM,1,1,0
06/24/2017 01:00:00 AM,3,2,1
06/24/2017 02:00:00 AM,2,1,1
06/24/2017 03:00:00 AM,3,2,1
06/24/2017 04:00:00 AM,7,5,2
06/24/2017 05:00:00 AM,7,1,6
06/24/2017 06:00:00 AM,21,6,15
06/24/2017 07:00:00 AM,32,22,10
06/24/2017 08:00:00 AM,83,46,37
06/24/2017 09:00:00 AM,63,26,37
06/24/2017 10:00:00 AM,73,29,44
06/24/2017 11:00:00 AM,103,46,57
06/24/2017 12:00:00 PM,86,47,39
06/24/2017 01:00:00 PM,58,35,23
06/24/2017 02:00:00 PM,81,46,35
06/24/2017 03:00:00 PM,85,37,48
06/24/2017 04:00:00 PM,79,44,35
06/24/2017 05:00:00 PM,53,26,27
06/24/2017 06:00:00 PM,38,24,14
06/24/2017 07:00:00 PM,35,14,21
06/24/2017 08:00:00 PM,36,11,25
06/24/2017 09:00:00 PM,21,10,11
06/24/2017 10:00:00 PM,19,12,7
06/24/2017 11:00:00 PM,8,5,3
06/25/2017 12:00:00 AM,3,2,1
06/25/2017 01:00:00 AM,3,2,1
06/25/2017 02:00:00 AM,2,1,1
06/25/2017 03:00:00 AM,0,0,0
06/25/2017 04:00:00 AM,2,0,2
06/25/2017 05:00:00 AM,7,2,5
06/25/2017 06:00:00 AM,10,6,4
06/25/2017 07:00:00 AM,30,9,21
06/25/2017 08:00:00 AM,57,26,31
06/25/2017 09:00:00 AM,84,51,33
06/25/2017 10:00:00 AM,83,38,45
06/25/2017 11:00:00 AM,74,28,46
06/25/2017 12:00:00 PM,62,18,44
06/25/2017 01:00:00 PM,56,30,26
06/25/2017 02:00:00 PM,36,19,17
06/25/2017 03:00:00 PM,65,36,29
06/25/2017 04:00:00 PM,45,32,13
06/25/2017 05:00:00 PM,41,22,19
06/25/2017 06:00:00 PM,29,19,10
06/25/2017 07:00:00 PM,23,10,13
06/25/2017 08:00:00 PM,22,9,13
06/25/2017 09:00:00 PM,17,8,9
06/25/2017 10:00:00 PM,5,3,2
06/25/2017 11:00:00 PM,2,0,2
06/26/2017 12:00:00 AM,5,1,4
06/26/2017 01:00:00 AM,1,1,0
06/26/2017 02:00:00 AM,3,2,1
06/26/2017 03:00:00 AM,0,0,0
06/26/2017 04:00:00 AM,7,1,6
06/26/2017 05:00:00 AM,28,3,25
06/26/2017 06:00:00 AM,83,10,73
06/26/2017 07:00:00 AM,175,15,160
06/26/2017 08:00:00 AM,147,12,135
06/26/2017 09:00:00 AM,57,6,51
06/26/2017 10:00:00 AM,25,6,19
06/26/2017 11:00:00 AM,20,9,11
06/26/2017 12:00:00 PM,39,23,16
06/26/2017 01:00:00 PM,25,11,14
06/26/2017 02:00:00 PM,21,10,11
06/26/2017 03:00:00 PM,67,51,16
06/26/2017 04:00:00 PM,146,116,30
06/26/2017 05:00:00 PM,214,192,22
06/26/2017 06:00:00 PM,116,96,20
06/26/2017 07:00:00 PM,49,41,8
06/26/2017 08:00:00 PM,20,13,7
06/26/2017 09:00:00 PM,11,4,7
06/26/2017 10:00:00 PM,12,7,5
06/26/2017 11:00:00 PM,8,3,5
06/27/2017 12:00:00 AM,2,2,0
06/27/2017 01:00:00 AM,0,0,0
06/27/2017 02:00:00 AM,1,1,0
06/27/2017 03:00:00 AM,0,0,0
06/27/2017 04:00:00 AM,5,1,4
06/27/2017 05:00:00 AM,24,4,20
06/27/2017 06:00:00 AM,92,14,78
06/27/2017 07:00:00 AM,183,18,165
06/27/2017 08:00:00 AM,178,17,161
06/27/2017 09:00:00 AM,56,5,51
06/27/2017 10:00:00 AM,31,10,21
06/27/2017 11:00:00 AM,34,17,17
06/27/2017 12:00:00 PM,21,7,14
06/27/2017 01:00:00 PM,26,15,11
06/27/2017 02:00:00 PM,39,23,16
06/27/2017 03:00:00 PM,69,37,32
06/27/2017 04:00:00 PM,131,112,19
06/27/2017 05:00:00 PM,218,187,31
06/27/2017 06:00:00 PM,158,132,26
06/27/2017 07:00:00 PM,62,50,12
06/27/2017 08:00:00 PM,40,26,14
06/27/2017 09:00:00 PM,27,17,10
06/27/2017 10:00:00 PM,9,8,1
06/27/2017 11:00:00 PM,8,6,2
06/28/2017 12:00:00 AM,0,0,0
06/28/2017 01:00:00 AM,2,2,0
06/28/2017 02:00:00 AM,2,1,1
06/28/2017 03:00:00 AM,0,0,0
06/28/2017 04:00:00 AM,6,2,4
06/28/2017 05:00:00 AM,28,3,25
06/28/2017 06:00:00 AM,93,11,82
06/28/2017 07:00:00 AM,169,21,148
06/28/2017 08:00:00 AM,145,8,137
06/28/2017 09:00:00 AM,68,11,57
06/28/2017 10:00:00 AM,29,5,24
06/28/2017 11:00:00 AM,29,11,18
06/28/2017 12:00:00 PM,35,10,25
06/28/2017 01:00:00 PM,21,12,9
06/28/2017 02:00:00 PM,24,15,9
06/28/2017 03:00:00 PM,66,48,18
06/28/2017 04:00:00 PM,120,100,20
06/28/2017 05:00:00 PM,215,181,34
06/28/2017 06:00:00 PM,143,115,28
06/28/2017 07:00:00 PM,76,58,18
06/28/2017 08:00:00 PM,30,25,5
06/28/2017 09:00:00 PM,24,10,14
06/28/2017 10:00:00 PM,5,4,1
06/28/2017 11:00:00 PM,1,1,0
06/29/2017 12:00:00 AM,5,4,1
06/29/2017 01:00:00 AM,1,0,1
06/29/2017 02:00:00 AM,0,0,0
06/29/2017 03:00:00 AM,2,2,0
06/29/2017 04:00:00 AM,12,5,7
06/29/2017 05:00:00 AM,26,8,18
06/29/2017 06:00:00 AM,77,7,70
06/29/2017 07:00:00 AM,183,15,168
06/29/2017 08:00:00 AM,140,14,126
06/29/2017 09:00:00 AM,96,18,78
06/29/2017 10:00:00 AM,34,10,24
06/29/2017 11:00:00 AM,22,10,12
06/29/2017 12:00:00 PM,29,14,15
06/29/2017 01:00:00 PM,49,18,31
06/29/2017 02:00:00 PM,36,25,11
06/29/2017 03:00:00 PM,79,55,24
06/29/2017 04:00:00 PM,119,96,23
06/29/2017 05:00:00 PM,216,190,26
06/29/2017 06:00:00 PM,120,105,15
06/29/2017 07:00:00 PM,82,52,30
06/29/2017 08:00:00 PM,53,29,24
06/29/2017 09:00:00 PM,39,21,18
06/29/2017 10:00:00 PM,9,5,4
06/29/2017 11:00:00 PM,12,5,7
06/30/2017 12:00:00 AM,1,1,0
06/30/2017 01:00:00 AM,2,1,1
06/30/2017 02:00:00 AM,4,2,2
06/30/2017 03:00:00 AM,3,2,1
06/30/2017 04:00:00 AM,8,4,4
06/30/2017 05:00:00 AM,25,4,21
06/30/2017 06:00:00 AM,58,8,50
06/30/2017 07:00:00 AM,140,16,124
06/30/2017 08:00:00 AM,149,17,132
06/30/2017 09:00:00 AM,58,18,40
06/30/2017 10:00:00 AM,28,12,16
06/30/2017 11:00:00 AM,39,14,25
06/30/2017 12:00:00 PM,37,19,18
06/30/2017 01:00:00 PM,42,21,21
06/30/2017 02:00:00 PM,38,25,13
06/30/2017 03:00:00 PM,85,60,25
06/30/2017 04:00:00 PM,127,108,19
06/30/2017 05:00:00 PM,144,121,23
06/30/2017 06:00:00 PM,95,70,25
06/30/2017 07:00:00 PM,47,32,15
06/30/2017 08:00:00 PM,34,23,11
06/30/2017 09:00:00 PM,17,8,9
06/30/2017 10:00:00 PM,7,4,3
06/30/2017 11:00:00 PM,5,4,1
07/01/2017 12:00:00 AM,3,3,0
07/01/2017 01:00:00 AM,1,0,1
07/01/2017 02:00:00 AM,2,1,1
07/01/2017 03:00:00 AM,5,3,2
07/01/2017 04:00:00 AM,2,1,1
07/01/2017 05:00:00 AM,6,1,5
07/01/2017 06:00:00 AM,18,5,13
07/01/2017 07:00:00 AM,22,9,13
07/01/2017 08:00:00 AM,60,34,26
07/01/2017 09:00:00 AM,35,17,18
07/01/2017 10:00:00 AM,56,37,19
07/01/2017 11:00:00 AM,62,33,29
07/01/2017 12:00:00 PM,68,28,40
07/01/2017 01:00:00 PM,61,29,32
07/01/2017 02:00:00 PM,71,35,36
07/01/2017 03:00:00 PM,61,29,32
07/01/2017 04:00:00 PM,56,27,29
07/01/2017 05:00:00 PM,43,22,21
07/01/2017 06:00:00 PM,37,20,17
07/01/2017 07:00:00 PM,17,14,3
07/01/2017 08:00:00 PM,20,13,7
07/01/2017 09:00:00 PM,23,17,6
07/01/2017 10:00:00 PM,5,3,2
07/01/2017 11:00:00 PM,3,2,1
07/02/2017 12:00:00 AM,0,0,0
07/02/2017 01:00:00 AM,5,5,0
07/02/2017 02:00:00 AM,1,0,1
07/02/2017 03:00:00 AM,1,1,0
07/02/2017 04:00:00 AM,3,1,2
07/02/2017 05:00:00 AM,6,3,3
07/02/2017 06:00:00 AM,20,9,11
07/02/2017 07:00:00 AM,24,7,17
07/02/2017 08:00:00 AM,22,6,16
07/02/2017 09:00:00 AM,120,100,20
07/02/2017 10:00:00 AM,174,94,80
07/02/2017 11:00:00 AM,145,27,118
07/02/2017 12:00:00 PM,90,35,55
07/02/2017 01:00:00 PM,70,36,34
07/02/2017 02:00:00 PM,86,55,31
07/02/2017 03:00:00 PM,83,46,37
07/02/2017 04:00:00 PM,73,34,39
07/02/2017 05:00:00 PM,61,27,34
07/02/2017 06:00:00 PM,43,25,18
07/02/2017 07:00:00 PM,31,9,22
07/02/2017 08:00:00 PM,24,16,8
07/02/2017 09:00:00 PM,18,8,10
07/02/2017 10:00:00 PM,7,3,4
07/02/2017 11:00:00 PM,4,4,0
07/03/2017 12:00:00 AM,5,2,3
07/03/2017 01:00:00 AM,1,1,0
07/03/2017 02:00:00 AM,3,2,1
07/03/2017 03:00:00 AM,1,0,1
07/03/2017 04:00:00 AM,6,1,5
07/03/2017 05:00:00 AM,13,3,10
07/03/2017 06:00:00 AM,36,8,28
07/03/2017 07:00:00 AM,83,10,73
07/03/2017 08:00:00 AM,72,12,60
07/03/2017 09:00:00 AM,46,10,36
07/03/2017 10:00:00 AM,29,13,16
07/03/2017 11:00:00 AM,30,11,19
07/03/2017 12:00:00 PM,38,18,20
07/03/2017 01:00:00 PM,48,24,24
07/03/2017 02:00:00 PM,64,47,17
07/03/2017 03:00:00 PM,70,51,19
07/03/2017 04:00:00 PM,100,72,28
07/03/2017 05:00:00 PM,99,68,31
07/03/2017 06:00:00 PM,61,45,16
07/03/2017 07:00:00 PM,38,21,17
07/03/2017 08:00:00 PM,35,17,18
07/03/2017 09:00:00 PM,16,14,2
07/03/2017 10:00:00 PM,7,4,3
07/03/2017 11:00:00 PM,1,1,0
07/04/2017 12:00:00 AM,0,0,0
07/04/2017 01:00:00 AM,3,1,2
07/04/2017 02:00:00 AM,3,1,2
07/04/2017 03:00:00 AM,2,1,1
07/04/2017 04:00:00 AM,2,2,0
07/04/2017 05:00:00 AM,10,1,9
07/04/2017 06:00:00 AM,15,6,9
07/04/2017 07:00:00 AM,21,9,12
07/04/2017 08:00:00 AM,40,9,31
07/04/2017 09:00:00 AM,65,40,25
07/04/2017 10:00:00 AM,103,53,50
07/04/2017 11:00:00 AM,74,37,37
07/04/2017 12:00:00 PM,94,40,54
07/04/2017 01:00:00 PM,108,46,62
07/04/2017 02:00:00 PM,88,54,34
07/04/2017 03:00:00 PM,93,56,37
07/04/2017 04:00:00 PM,68,23,45
07/04/2017 05:00:00 PM,45,22,23
07/04/2017 06:00:00 PM,34,22,12
07/04/2017 07:00:00 PM,35,15,20
07/04/2017 08:00:00 PM,23,14,9
07/04/2017 09:00:00 PM,16,11,5
07/04/2017 10:00:00 PM,7,4,3
07/04/2017 11:00:00 PM,10,7,3
07/05/2017 12:00:00 AM,7,6,1
07/05/2017 01:00:00 AM,2,2,0
07/05/2017 02:00:00 AM,1,0,1
07/05/2017 03:00:00 AM,2,1,1
07/05/2017 04:00:00 AM,9,4,5
07/05/2017 05:00:00 AM,21,5,16
07/05/2017 06:00:00 AM,80,9,71
07/05/2017 07:00:00 AM,145,10,135
07/05/2017 08:00:00 AM,161,15,146
07/05/2017 09:00:00 AM,67,8,59
07/05/2017 10:00:00 AM,29,6,23
07/05/2017 11:00:00 AM,42,22,20
07/05/2017 12:00:00 PM,34,17,17
07/05/2017 01:00:00 PM,41,23,18
07/05/2017 02:00:00 PM,43,24,19
07/05/2017 03:00:00 PM,60,32,28
07/05/2017 04:00:00 PM,124,91,33
07/05/2017 05:00:00 PM,197,172,25
07/05/2017 06:00:00 PM,120,108,12
07/05/2017 07:00:00 PM,56,47,9
07/05/2017 08:00:00 PM,24,15,9
07/05/2017 09:00:00 PM,18,9,9
07/05/2017 10:00:00 PM,9,5,4
07/05/2017 11:00:00 PM,6,4,2
07/06/2017 12:00:00 AM,3,1,2
07/06/2017 01:00:00 AM,2,2,0
07/06/2017 02:00:00 AM,1,0,1
07/06/2017 03:00:00 AM,0,0,0
07/06/2017 04:00:00 AM,10,5,5
07/06/2017 05:00:00 AM,26,3,23
07/06/2017 06:00:00 AM,97,14,83
07/06/2017 07:00:00 AM,211,12,199
07/06/2017 08:00:00 AM,151,13,138
07/06/2017 09:00:00 AM,81,11,70
07/06/2017 10:00:00 AM,33,13,20
07/06/2017 11:00:00 AM,22,10,12
07/06/2017 12:00:00 PM,24,11,13
07/06/2017 01:00:00 PM,41,18,23
07/06/2017 02:00:00 PM,40,26,14
07/06/2017 03:00:00 PM,77,43,34
07/06/2017 04:00:00 PM,129,111,18
07/06/2017 05:00:00 PM,241,208,33
07/06/2017 06:00:00 PM,125,103,22
07/06/2017 07:00:00 PM,83,53,30
07/06/2017 08:00:00 PM,45,29,16
07/06/2017 09:00:00 PM,33,26,7
07/06/2017 10:00:00 PM,14,12,2
07/06/2017 11:00:00 PM,12,8,4
07/07/2017 12:00:00 AM,6,4,2
07/07/2017 01:00:00 AM,2,1,1
07/07/2017 02:00:00 AM,1,0,1
07/07/2017 03:00:00 AM,2,0,2
07/07/2017 04:00:00 AM,7,3,4
07/07/2017 05:00:00 AM,22,6,16
07/07/2017 06:00:00 AM,80,14,66
07/07/2017 07:00:00 AM,161,13,148
07/07/2017 08:00:00 AM,138,15,123
07/07/2017 09:00:00 AM,59,8,51
07/07/2017 10:00:00 AM,28,8,20
07/07/2017 11:00:00 AM,32,11,21
07/07/2017 12:00:00 PM,24,15,9
07/07/2017 01:00:00 PM,49,32,17
07/07/2017 02:00:00 PM,52,34,18
07/07/2017 03:00:00 PM,70,44,26
07/07/2017 04:00:00 PM,146,122,24
07/07/2017 05:00:00 PM,157,128,29
07/07/2017 06:00:00 PM,106,88,18
07/07/2017 07:00:00 PM,60,43,17
07/07/2017 08:00:00 PM,25,17,8
07/07/2017 09:00:00 PM,20,14,6
07/07/2017 10:00:00 PM,19,13,6
07/07/2017 11:00:00 PM,10,4,6
07/08/2017 12:00:00 AM,3,3,0
07/08/2017 01:00:00 AM,1,1,0
07/08/2017 02:00:00 AM,0,0,0
07/08/2017 03:00:00 AM,0,0,0
07/08/2017 04:00:00 AM,1,1,0
07/08/2017 05:00:00 AM,4,1,3
07/08/2017 06:00:00 AM,20,5,15
07/08/2017 07:00:00 AM,34,5,29
07/08/2017 08:00:00 AM,36,15,21
07/08/2017 09:00:00 AM,59,31,28
07/08/2017 10:00:00 AM,62,32,30
07/08/2017 11:00:00 AM,100,51,49
07/08/2017 12:00:00 PM,84,45,39
07/08/2017 01:00:00 PM,95,52,43
07/08/2017 02:00:00 PM,103,54,49
07/08/2017 03:00:00 PM,76,37,39
07/08/2017 04:00:00 PM,67,41,26
07/08/2017 05:00:00 PM,86,49,37
07/08/2017 06:00:00 PM,45,20,25
07/08/2017 07:00:00 PM,43,30,13
07/08/2017 08:00:00 PM,27,13,14
07/08/2017 09:00:00 PM,26,16,10
07/08/2017 10:00:00 PM,18,14,4
07/08/2017 11:00:00 PM,10,2,8
07/09/2017 12:00:00 AM,8,2,6
07/09/2017 01:00:00 AM,4,2,2
07/09/2017 02:00:00 AM,3,1,2
07/09/2017 03:00:00 AM,3,0,3
07/09/2017 04:00:00 AM,2,1,1
07/09/2017 05:00:00 AM,6,1,5
07/09/2017 06:00:00 AM,11,7,4
07/09/2017 07:00:00 AM,27,6,21
07/09/2017 08:00:00 AM,59,22,37
07/09/2017 09:00:00 AM,57,24,33
07/09/2017 10:00:00 AM,66,38,28
07/09/2017 11:00:00 AM,90,64,26
07/09/2017 12:00:00 PM,92,49,43
07/09/2017 01:00:00 PM,100,45,55
07/09/2017 02:00:00 PM,61,24,37
07/09/2017 03:00:00 PM,83,49,34
07/09/2017 04:00:00 PM,68,31,37
07/09/2017 05:00:00 PM,72,35,37
07/09/2017 06:00:00 PM,47,25,22
07/09/2017 07:00:00 PM,27,12,15
07/09/2017 08:00:00 PM,27,12,15
07/09/2017 09:00:00 PM,20,8,12
07/09/2017 10:00:00 PM,12,9,3
07/09/2017 11:00:00 PM,1,1,0
07/10/2017 12:00:00 AM,11,5,6
07/10/2017 01:00:00 AM,4,1,3
07/10/2017 02:00:00 AM,4,3,1
07/10/2017 03:00:00 AM,2,2,0
07/10/2017 04:00:00 AM,9,2,7
07/10/2017 05:00:00 AM,19,4,15
07/10/2017 06:00:00 AM,90,11,79
07/10/2017 07:00:00 AM,175,21,154
07/10/2017 08:00:00 AM,176,15,161
07/10/2017 09:00:00 AM,64,15,49
07/10/2017 10:00:00 AM,31,8,23
07/10/2017 11:00:00 AM,34,18,16
07/10/2017 12:00:00 PM,32,11,21
07/10/2017 01:00:00 PM,28,16,12
07/10/2017 02:00:00 PM,45,21,24
07/10/2017 03:00:00 PM,57,42,15
07/10/2017 04:00:00 PM,123,101,22
07/10/2017 05:00:00 PM,257,222,35
07/10/2017 06:00:00 PM,131,111,20
07/10/2017 07:00:00 PM,53,37,16
07/10/2017 08:00:00 PM,40,25,15
07/10/2017 09:00:00 PM,21,16,5
07/10/2017 10:00:00 PM,3,2,1
07/10/2017 11:00:00 PM,2,2,0
07/11/2017 12:00:00 AM,3,1,2
07/11/2017 01:00:00 AM,2,0,2
07/11/2017 02:00:00 AM,0,0,0
07/11/2017 03:00:00 AM,1,1,0
07/11/2017 04:00:00 AM,12,4,8
07/11/2017 05:00:00 AM,36,7,29
07/11/2017 06:00:00 AM,96,18,78
07/11/2017 07:00:00 AM,193,16,177
07/11/2017 08:00:00 AM,182,15,167
07/11/2017 09:00:00 AM,67,13,54
07/11/2017 10:00:00 AM,27,6,21
07/11/2017 11:00:00 AM,32,16,16
07/11/2017 12:00:00 PM,22,10,12
07/11/2017 01:00:00 PM,37,18,19
07/11/2017 02:00:00 PM,33,23,10
07/11/2017 03:00:00 PM,68,51,17
07/11/2017 04:00:00 PM,122,101,21
07/11/2017 05:00:00 PM,224,196,28
07/11/2017 06:00:00 PM,161,132,29
07/11/2017 07:00:00 PM,62,49,13
07/11/2017 08:00:00 PM,49,34,15
07/11/2017 09:00:00 PM,22,12,10
07/11/2017 10:00:00 PM,9,6,3
07/11/2017 11:00:00 PM,11,9,2
07/12/2017 12:00:00 AM,1,0,1
07/12/2017 01:00:00 AM,1,0,1
07/12/2017 02:00:00 AM,1,0,1
07/12/2017 03:00:00 AM,0,0,0
07/12/2017 04:00:00 AM,6,2,4
07/12/2017 05:00:00 AM,16,4,12
07/12/2017 06:00:00 AM,106,11,95
07/12/2017 07:00:00 AM,205,21,184
07/12/2017 08:00:00 AM,169,11,158
07/12/2017 09:00:00 AM,76,8,68
07/12/2017 10:00:00 AM,36,4,32
07/12/2017 11:00:00 AM,29,13,16
07/12/2017 12:00:00 PM,36,20,16
07/12/2017 01:00:00 PM,36,16,20
07/12/2017 02:00:00 PM,42,25,17
07/12/2017 03:00:00 PM,69,49,20
07/12/2017 04:00:00 PM,132,114,18
07/12/2017 05:00:00 PM,229,195,34
07/12/2017 06:00:00 PM,151,129,22
07/12/2017 07:00:00 PM,66,47,19
07/12/2017 08:00:00 PM,53,32,21
07/12/2017 09:00:00 PM,31,20,11
07/12/2017 10:00:00 PM,9,3,6
07/12/2017 11:00:00 PM,6,3,3
07/13/2017 12:00:00 AM,5,4,1
07/13/2017 01:00:00 AM,5,5,0
07/13/2017 02:00:00 AM,2,2,0
07/13/2017 03:00:00 AM,3,0,3
07/13/2017 04:00:00 AM,10,4,6
07/13/2017 05:00:00 AM,33,4,29
07/13/2017 06:00:00 AM,83,14,69
07/13/2017 07:00:00 AM,177,13,164
07/13/2017 08:00:00 AM,155,10,145
07/13/2017 09:00:00 AM,58,13,45
07/13/2017 10:00:00 AM,40,6,34
07/13/2017 11:00:00 AM,21,4,17
07/13/2017 12:00:00 PM,25,10,15
07/13/2017 01:00:00 PM,32,11,21
07/13/2017 02:00:00 PM,49,35,14
07/13/2017 03:00:00 PM,57,43,14
07/13/2017 04:00:00 PM,114,98,16
07/13/2017 05:00:00 PM,180,162,18
07/13/2017 06:00:00 PM,135,116,19
07/13/2017 07:00:00 PM,76,59,17
07/13/2017 08:00:00 PM,36,24,12
07/13/2017 09:00:00 PM,23,14,9
07/13/2017 10:00:00 PM,8,7,1
07/13/2017 11:00:00 PM,4,3,1
07/14/2017 12:00:00 AM,3,2,1
07/14/2017 01:00:00 AM,4,3,1
07/14/2017 02:00:00 AM,5,4,1
07/14/2017 03:00:00 AM,2,1,1
07/14/2017 04:00:00 AM,4,2,2
07/14/2017 05:00:00 AM,27,5,22
07/14/2017 06:00:00 AM,63,7,56
07/14/2017 07:00:00 AM,139,13,126
07/14/2017 08:00:00 AM,133,26,107
07/14/2017 09:00:00 AM,59,6,53
07/14/2017 10:00:00 AM,43,18,25
07/14/2017 11:00:00 AM,33,11,22
07/14/2017 12:00:00 PM,35,18,17
07/14/2017 01:00:00 PM,45,30,15
07/14/2017 02:00:00 PM,59,36,23
07/14/2017 03:00:00 PM,71,50,21
07/14/2017 04:00:00 PM,127,106,21
07/14/2017 05:00:00 PM,155,133,22
07/14/2017 06:00:00 PM,107,85,22
07/14/2017 07:00:00 PM,41,33,8
07/14/2017 08:00:00 PM,21,14,7
07/14/2017 09:00:00 PM,18,9,9
07/14/2017 10:00:00 PM,8,6,2
07/14/2017 11:00:00 PM,9,4,5
07/15/2017 12:00:00 AM,2,1,1
07/15/2017 01:00:00 AM,1,1,0
07/15/2017 02:00:00 AM,2,0,2
07/15/2017 03:00:00 AM,3,1,2
07/15/2017 04:00:00 AM,4,1,3
07/15/2017 05:00:00 AM,8,1,7
07/15/2017 06:00:00 AM,18,6,12
07/15/2017 07:00:00 AM,23,12,11
07/15/2017 08:00:00 AM,44,23,21
07/15/2017 09:00:00 AM,49,24,25
07/15/2017 10:00:00 AM,37,16,21
07/15/2017 11:00:00 AM,71,42,29
07/15/2017 12:00:00 PM,82,37,45
07/15/2017 01:00:00 PM,78,39,39
07/15/2017 02:00:00 PM,75,33,42
07/15/2017 03:00:00 PM,75,41,34
07/15/2017 04:00:00 PM,74,37,37
07/15/2017 05:00:00 PM,49,31,18
07/15/2017 06:00:00 PM,41,22,19
07/15/2017 07:00:00 PM,45,24,21
07/15/2017 08:00:00 PM,33,12,21
07/15/2017 09:00:00 PM,7,4,3
07/15/2017 10:00:00 PM,12,7,5
07/15/2017 11:00:00 PM,8,3,5
07/16/2017 12:00:00 AM,8,2,6
07/16/2017 01:00:00 AM,3,2,1
07/16/2017 02:00:00 AM,1,1,0
07/16/2017 03:00:00 AM,5,3,2
07/16/2017 04:00:00 AM,1,1,0
07/16/2017 05:00:00 AM,5,0,5
07/16/2017 06:00:00 AM,7,0,7
07/16/2017 07:00:00 AM,20,8,12
07/16/2017 08:00:00 AM,26,11,15
07/16/2017 09:00:00 AM,36,16,20
07/16/2017 10:00:00 AM,48,26,22
07/16/2017 11:00:00 AM,59,25,34
07/16/2017 12:00:00 PM,81,56,25
07/16/2017 01:00:00 PM,83,25,58
07/16/2017 02:00:00 PM,66,40,26
07/16/2017 03:00:00 PM,53,26,27
07/16/2017 04:00:00 PM,69,34,35
07/16/2017 05:00:00 PM,43,25,18
07/16/2017 06:00:00 PM,35,22,13
07/16/2017 07:00:00 PM,28,15,13
07/16/2017 08:00:00 PM,25,13,12
07/16/2017 09:00:00 PM,13,5,8
07/16/2017 10:00:00 PM,2,2,0
07/16/2017 11:00:00 PM,3,2,1
07/17/2017 12:00:00 AM,0,0,0
07/17/2017 01:00:00 AM,0,0,0
07/17/2017 02:00:00 AM,2,1,1
07/17/2017 03:00:00 AM,5,2,3
07/17/2017 04:00:00 AM,4,1,3
07/17/2017 05:00:00 AM,32,10,22
07/17/2017 06:00:00 AM,88,14,74
07/17/2017 07:00:00 AM,184,13,171
07/17/2017 08:00:00 AM,144,16,128
07/17/2017 09:00:00 AM,61,10,51
07/17/2017 10:00:00 AM,27,10,17
07/17/2017 11:00:00 AM,32,10,22
07/17/2017 12:00:00 PM,37,18,19
07/17/2017 01:00:00 PM,21,11,10
07/17/2017 02:00:00 PM,21,10,11
07/17/2017 03:00:00 PM,63,36,27
07/17/2017 04:00:00 PM,135,103,32
07/17/2017 05:00:00 PM,186,171,15
07/17/2017 06:00:00 PM,119,108,11
07/17/2017 07:00:00 PM,56,39,17
07/17/2017 08:00:00 PM,39,28,11
07/17/2017 09:00:00 PM,19,8,11
07/17/2017 10:00:00 PM,5,4,1
07/17/2017 11:00:00 PM,8,1,7
07/18/2017 12:00:00 AM,1,1,0
07/18/2017 01:00:00 AM,2,2,0
07/18/2017 02:00:00 AM,2,2,0
07/18/2017 03:00:00 AM,9,5,4
07/18/2017 04:00:00 AM,10,4,6
07/18/2017 05:00:00 AM,28,2,26
07/18/2017 06:00:00 AM,84,11,73
07/18/2017 07:00:00 AM,192,25,167
07/18/2017 08:00:00 AM,183,17,166
07/18/2017 09:00:00 AM,82,13,69
07/18/2017 10:00:00 AM,39,15,24
07/18/2017 11:00:00 AM,26,11,15
07/18/2017 12:00:00 PM,26,11,15
07/18/2017 01:00:00 PM,47,28,19
07/18/2017 02:00:00 PM,27,14,13
07/18/2017 03:00:00 PM,88,69,19
07/18/2017 04:00:00 PM,143,127,16
07/18/2017 05:00:00 PM,242,207,35
07/18/2017 06:00:00 PM,153,121,32
07/18/2017 07:00:00 PM,65,53,12
07/18/2017 08:00:00 PM,43,31,12
07/18/2017 09:00:00 PM,26,16,10
07/18/2017 10:00:00 PM,22,13,9
07/18/2017 11:00:00 PM,6,4,2
07/19/2017 12:00:00 AM,3,3,0
07/19/2017 01:00:00 AM,0,0,0
07/19/2017 02:00:00 AM,2,1,1
07/19/2017 03:00:00 AM,1,1,0
07/19/2017 04:00:00 AM,12,4,8
07/19/2017 05:00:00 AM,30,6,24
07/19/2017 06:00:00 AM,87,11,76
07/19/2017 07:00:00 AM,169,13,156
07/19/2017 08:00:00 AM,156,16,140
07/19/2017 09:00:00 AM,65,4,61
07/19/2017 10:00:00 AM,32,9,23
07/19/2017 11:00:00 AM,24,11,13
07/19/2017 12:00:00 PM,27,10,17
07/19/2017 01:00:00 PM,33,17,16
07/19/2017 02:00:00 PM,33,21,12
07/19/2017 03:00:00 PM,83,62,21
07/19/2017 04:00:00 PM,129,109,20
07/19/2017 05:00:00 PM,208,177,31
07/19/2017 06:00:00 PM,130,104,26
07/19/2017 07:00:00 PM,69,57,12
07/19/2017 08:00:00 PM,43,28,15
07/19/2017 09:00:00 PM,20,9,11
07/19/2017 10:00:00 PM,14,10,4
07/19/2017 11:00:00 PM,9,5,4
07/20/2017 12:00:00 AM,3,1,2
07/20/2017 01:00:00 AM,3,2,1
07/20/2017 02:00:00 AM,0,0,0
07/20/2017 03:00:00 AM,1,0,1
07/20/2017 04:00:00 AM,7,3,4
07/20/2017 05:00:00 AM,33,6,27
07/20/2017 06:00:00 AM,73,12,61
07/20/2017 07:00:00 AM,164,14,150
07/20/2017 08:00:00 AM,153,14,139
07/20/2017 09:00:00 AM,60,9,51
07/20/2017 10:00:00 AM,17,4,13
07/20/2017 11:00:00 AM,22,8,14
07/20/2017 12:00:00 PM,30,9,21
07/20/2017 01:00:00 PM,32,13,19
07/20/2017 02:00:00 PM,47,26,21
07/20/2017 03:00:00 PM,48,36,12
07/20/2017 04:00:00 PM,115,92,23
07/20/2017 05:00:00 PM,192,164,28
07/20/2017 06:00:00 PM,109,92,17
07/20/2017 07:00:00 PM,65,54,11
07/20/2017 08:00:00 PM,27,23,4
07/20/2017 09:00:00 PM,21,16,5
07/20/2017 10:00:00 PM,25,19,6
07/20/2017 11:00:00 PM,12,10,2
07/21/2017 12:00:00 AM,3,0,3
07/21/2017 01:00:00 AM,3,3,0
07/21/2017 02:00:00 AM,3,2,1
07/21/2017 03:00:00 AM,0,0,0
07/21/2017 04:00:00 AM,7,3,4
07/21/2017 05:00:00 AM,28,7,21
07/21/2017 06:00:00 AM,60,13,47
07/21/2017 07:00:00 AM,138,18,120
07/21/2017 08:00:00 AM,108,11,97
07/21/2017 09:00:00 AM,72,18,54
07/21/2017 10:00:00 AM,45,17,28
07/21/2017 11:00:00 AM,36,24,12
07/21/2017 12:00:00 PM,44,16,28
07/21/2017 01:00:00 PM,35,15,20
07/21/2017 02:00:00 PM,56,30,26
07/21/2017 03:00:00 PM,86,57,29
07/21/2017 04:00:00 PM,106,87,19
07/21/2017 05:00:00 PM,151,130,21
07/21/2017 06:00:00 PM,100,81,19
07/21/2017 07:00:00 PM,44,37,7
07/21/2017 08:00:00 PM,37,18,19
07/21/2017 09:00:00 PM,18,15,3
07/21/2017 10:00:00 PM,10,6,4
07/21/2017 11:00:00 PM,16,7,9
07/22/2017 12:00:00 AM,8,4,4
07/22/2017 01:00:00 AM,5,4,1
07/22/2017 02:00:00 AM,4,4,0
07/22/2017 03:00:00 AM,5,4,1
07/22/2017 04:00:00 AM,3,3,0
07/22/2017 05:00:00 AM,8,3,5
07/22/2017 06:00:00 AM,25,10,15
07/22/2017 07:00:00 AM,40,12,28
07/22/2017 08:00:00 AM,37,18,19
07/22/2017 09:00:00 AM,47,22,25
07/22/2017 10:00:00 AM,69,43,26
07/22/2017 11:00:00 AM,37,23,14
07/22/2017 12:00:00 PM,96,43,53
07/22/2017 01:00:00 PM,63,29,34
07/22/2017 02:00:00 PM,66,34,32
07/22/2017 03:00:00 PM,55,26,29
07/22/2017 04:00:00 PM,51,25,26
07/22/2017 05:00:00 PM,37,26,11
07/22/2017 06:00:00 PM,54,25,29
07/22/2017 07:00:00 PM,29,15,14
07/22/2017 08:00:00 PM,22,8,14
07/22/2017 09:00:00 PM,16,10,6
07/22/2017 10:00:00 PM,14,7,7
07/22/2017 11:00:00 PM,8,6,2
07/23/2017 12:00:00 AM,7,5,2
07/23/2017 01:00:00 AM,5,3,2
07/23/2017 02:00:00 AM,2,1,1
07/23/2017 03:00:00 AM,1,1,0
07/23/2017 04:00:00 AM,2,1,1
07/23/2017 05:00:00 AM,3,0,3
07/23/2017 06:00:00 AM,8,2,6
07/23/2017 07:00:00 AM,17,6,11
07/23/2017 08:00:00 AM,45,12,33
07/23/2017 09:00:00 AM,43,16,27
07/23/2017 10:00:00 AM,50,36,14
07/23/2017 11:00:00 AM,93,54,39
07/23/2017 12:00:00 PM,57,30,27
07/23/2017 01:00:00 PM,95,52,43
07/23/2017 02:00:00 PM,70,35,35
07/23/2017 03:00:00 PM,64,37,27
07/23/2017 04:00:00 PM,54,27,27
07/23/2017 05:00:00 PM,58,22,36
07/23/2017 06:00:00 PM,53,28,25
07/23/2017 07:00:00 PM,15,8,7
07/23/2017 08:00:00 PM,21,7,14
07/23/2017 09:00:00 PM,18,11,7
07/23/2017 10:00:00 PM,12,11,1
07/23/2017 11:00:00 PM,5,4,1
07/24/2017 12:00:00 AM,6,2,4
07/24/2017 01:00:00 AM,2,1,1
07/24/2017 02:00:00 AM,0,0,0
07/24/2017 03:00:00 AM,1,1,0
07/24/2017 04:00:00 AM,11,2,9
07/24/2017 05:00:00 AM,31,7,24
07/24/2017 06:00:00 AM,88,16,72
07/24/2017 07:00:00 AM,170,23,147
07/24/2017 08:00:00 AM,153,14,139
07/24/2017 09:00:00 AM,67,10,57
07/24/2017 10:00:00 AM,35,4,31
07/24/2017 11:00:00 AM,29,15,14
07/24/2017 12:00:00 PM,27,14,13
07/24/2017 01:00:00 PM,31,20,11
07/24/2017 02:00:00 PM,33,18,15
07/24/2017 03:00:00 PM,63,43,20
07/24/2017 04:00:00 PM,122,107,15
07/24/2017 05:00:00 PM,228,198,30
07/24/2017 06:00:00 PM,117,95,22
07/24/2017 07:00:00 PM,64,42,22
07/24/2017 08:00:00 PM,32,26,6
07/24/2017 09:00:00 PM,16,12,4
07/24/2017 10:00:00 PM,6,3,3
07/24/2017 11:00:00 PM,8,4,4
07/25/2017 12:00:00 AM,1,1,0
07/25/2017 01:00:00 AM,0,0,0
07/25/2017 02:00:00 AM,3,2,1
07/25/2017 03:00:00 AM,1,0,1
07/25/2017 04:00:00 AM,6,2,4
07/25/2017 05:00:00 AM,35,7,28
07/25/2017 06:00:00 AM,95,14,81
07/25/2017 07:00:00 AM,213,22,191
07/25/2017 08:00:00 AM,154,14,140
07/25/2017 09:00:00 AM,72,10,62
07/25/2017 10:00:00 AM,36,12,24
07/25/2017 11:00:00 AM,37,16,21
07/25/2017 12:00:00 PM,31,10,21
07/25/2017 01:00:00 PM,20,5,15
07/25/2017 02:00:00 PM,30,18,12
07/25/2017 03:00:00 PM,64,40,24
07/25/2017 04:00:00 PM,137,116,21
07/25/2017 05:00:00 PM,226,190,36
07/25/2017 06:00:00 PM,166,130,36
07/25/2017 07:00:00 PM,58,42,16
07/25/2017 08:00:00 PM,41,26,15
07/25/2017 09:00:00 PM,17,9,8
07/25/2017 10:00:00 PM,13,8,5
07/25/2017 11:00:00 PM,11,11,0
07/26/2017 12:00:00 AM,4,3,1
07/26/2017 01:00:00 AM,0,0,0
07/26/2017 02:00:00 AM,0,0,0
07/26/2017 03:00:00 AM,1,1,0
07/26/2017 04:00:00 AM,6,1,5
07/26/2017 05:00:00 AM,26,8,18
07/26/2017 06:00:00 AM,83,15,68
07/26/2017 07:00:00 AM,188,22,166
07/26/2017 08:00:00 AM,164,17,147
07/26/2017 09:00:00 AM,71,11,60
07/26/2017 10:00:00 AM,40,9,31
07/26/2017 11:00:00 AM,23,9,14
07/26/2017 12:00:00 PM,32,18,14
07/26/2017 01:00:00 PM,40,20,20
07/26/2017 02:00:00 PM,42,30,12
07/26/2017 03:00:00 PM,50,33,17
07/26/2017 04:00:00 PM,118,98,20
07/26/2017 05:00:00 PM,221,198,23
07/26/2017 06:00:00 PM,152,127,25
07/26/2017 07:00:00 PM,51,42,9
07/26/2017 08:00:00 PM,36,20,16
07/26/2017 09:00:00 PM,13,9,4
07/26/2017 10:00:00 PM,8,5,3
07/26/2017 11:00:00 PM,8,5,3
07/27/2017 12:00:00 AM,4,2,2
07/27/2017 01:00:00 AM,1,1,0
07/27/2017 02:00:00 AM,1,1,0
07/27/2017 03:00:00 AM,1,1,0
07/27/2017 04:00:00 AM,5,2,3
07/27/2017 05:00:00 AM,37,9,28
07/27/2017 06:00:00 AM,77,11,66
07/27/2017 07:00:00 AM,152,10,142
07/27/2017 08:00:00 AM,148,17,131
07/27/2017 09:00:00 AM,51,5,46
07/27/2017 10:00:00 AM,27,5,22
07/27/2017 11:00:00 AM,15,6,9
07/27/2017 12:00:00 PM,22,6,16
07/27/2017 01:00:00 PM,20,9,11
07/27/2017 02:00:00 PM,40,25,15
07/27/2017 03:00:00 PM,49,34,15
07/27/2017 04:00:00 PM,128,99,29
07/27/2017 05:00:00 PM,186,158,28
07/27/2017 06:00:00 PM,133,105,28
07/27/2017 07:00:00 PM,62,47,15
07/27/2017 08:00:00 PM,37,29,8
07/27/2017 09:00:00 PM,23,17,6
07/27/2017 10:00:00 PM,9,8,1
07/27/2017 11:00:00 PM,8,4,4
07/28/2017 12:00:00 AM,4,3,1
07/28/2017 01:00:00 AM,1,1,0
07/28/2017 02:00:00 AM,2,1,1
07/28/2017 03:00:00 AM,3,3,0
07/28/2017 04:00:00 AM,6,2,4
07/28/2017 05:00:00 AM,23,4,19
07/28/2017 06:00:00 AM,50,9,41
07/28/2017 07:00:00 AM,133,15,118
07/28/2017 08:00:00 AM,121,14,107
07/28/2017 09:00:00 AM,59,8,51
07/28/2017 10:00:00 AM,24,7,17
07/28/2017 11:00:00 AM,30,10,20
07/28/2017 12:00:00 PM,23,7,16
07/28/2017 01:00:00 PM,30,20,10
07/28/2017 02:00:00 PM,50,28,22
07/28/2017 03:00:00 PM,68,48,20
07/28/2017 04:00:00 PM,129,101,28
07/28/2017 05:00:00 PM,137,121,16
07/28/2017 06:00:00 PM,88,72,16
07/28/2017 07:00:00 PM,74,49,25
07/28/2017 08:00:00 PM,36,23,13
07/28/2017 09:00:00 PM,29,9,20
07/28/2017 10:00:00 PM,17,8,9
07/28/2017 11:00:00 PM,22,18,4
07/29/2017 12:00:00 AM,3,1,2
07/29/2017 01:00:00 AM,2,2,0
07/29/2017 02:00:00 AM,7,5,2
07/29/2017 03:00:00 AM,6,4,2
07/29/2017 04:00:00 AM,6,3,3
07/29/2017 05:00:00 AM,11,2,9
07/29/2017 06:00:00 AM,15,3,12
07/29/2017 07:00:00 AM,15,6,9
07/29/2017 08:00:00 AM,41,12,29
07/29/2017 09:00:00 AM,51,29,22
07/29/2017 10:00:00 AM,88,57,31
07/29/2017 11:00:00 AM,53,29,24
07/29/2017 12:00:00 PM,91,37,54
07/29/2017 01:00:00 PM,82,44,38
07/29/2017 02:00:00 PM,73,35,38
07/29/2017 03:00:00 PM,92,59,33
07/29/2017 04:00:00 PM,82,49,33
07/29/2017 05:00:00 PM,54,25,29
07/29/2017 06:00:00 PM,42,20,22
07/29/2017 07:00:00 PM,26,6,20
07/29/2017 08:00:00 PM,23,15,8
07/29/2017 09:00:00 PM,17,14,3
07/29/2017 10:00:00 PM,9,5,4
07/29/2017 11:00:00 PM,9,6,3
07/30/2017 12:00:00 AM,4,1,3
07/30/2017 01:00:00 AM,2,1,1
07/30/2017 02:00:00 AM,0,0,0
07/30/2017 03:00:00 AM,1,0,1
07/30/2017 04:00:00 AM,1,1,0
07/30/2017 05:00:00 AM,7,2,5
07/30/2017 06:00:00 AM,5,1,4
07/30/2017 07:00:00 AM,14,4,10
07/30/2017 08:00:00 AM,26,9,17
07/30/2017 09:00:00 AM,35,23,12
07/30/2017 10:00:00 AM,61,43,18
07/30/2017 11:00:00 AM,75,41,34
07/30/2017 12:00:00 PM,67,41,26
07/30/2017 01:00:00 PM,79,41,38
07/30/2017 02:00:00 PM,108,47,61
07/30/2017 03:00:00 PM,71,39,32
07/30/2017 04:00:00 PM,73,33,40
07/30/2017 05:00:00 PM,41,26,15
07/30/2017 06:00:00 PM,31,19,12
07/30/2017 07:00:00 PM,29,17,12
07/30/2017 08:00:00 PM,26,10,16
07/30/2017 09:00:00 PM,12,5,7
07/30/2017 10:00:00 PM,18,8,10
07/30/2017 11:00:00 PM,1,0,1
07/31/2017 12:00:00 AM,3,0,3
07/31/2017 01:00:00 AM,1,1,0
07/31/2017 02:00:00 AM,1,0,1
07/31/2017 03:00:00 AM,1,1,0
07/31/2017 04:00:00 AM,6,2,4
07/31/2017 05:00:00 AM,19,6,13
07/31/2017 06:00:00 AM,83,14,69
07/31/2017 07:00:00 AM,181,14,167
07/31/2017 08:00:00 AM,185,20,165
07/31/2017 09:00:00 AM,55,5,50
07/31/2017 10:00:00 AM,33,7,26
07/31/2017 11:00:00 AM,40,11,29
07/31/2017 12:00:00 PM,32,17,15
07/31/2017 01:00:00 PM,27,9,18
07/31/2017 02:00:00 PM,30,19,11
07/31/2017 03:00:00 PM,77,52,25
07/31/2017 04:00:00 PM,126,99,27
07/31/2017 05:00:00 PM,223,198,25
07/31/2017 06:00:00 PM,164,138,26
07/31/2017 07:00:00 PM,65,54,11
07/31/2017 08:00:00 PM,29,18,11
07/31/2017 09:00:00 PM,14,10,4
07/31/2017 10:00:00 PM,8,6,2
07/31/2017 11:00:00 PM,3,0,3
08/01/2017 12:00:00 AM,5,5,0
08/01/2017 01:00:00 AM,3,2,1
08/01/2017 02:00:00 AM,2,1,1
08/01/2017 03:00:00 AM,2,2,0
08/01/2017 04:00:00 AM,11,2,9
08/01/2017 05:00:00 AM,28,5,23
08/01/2017 06:00:00 AM,105,13,92
08/01/2017 07:00:00 AM,219,19,200
08/01/2017 08:00:00 AM,164,18,146
08/01/2017 09:00:00 AM,74,13,61
08/01/2017 10:00:00 AM,34,8,26
08/01/2017 11:00:00 AM,24,15,9
08/01/2017 12:00:00 PM,33,16,17
08/01/2017 01:00:00 PM,25,11,14
08/01/2017 02:00:00 PM,31,15,16
08/01/2017 03:00:00 PM,62,46,16
08/01/2017 04:00:00 PM,153,130,23
08/01/2017 05:00:00 PM,222,196,26
08/01/2017 06:00:00 PM,133,113,20
08/01/2017 07:00:00 PM,57,48,9
08/01/2017 08:00:00 PM,36,25,11
08/01/2017 09:00:00 PM,17,11,6
08/01/2017 10:00:00 PM,13,8,5
08/01/2017 11:00:00 PM,4,1,3
08/02/2017 12:00:00 AM,2,2,0
08/02/2017 01:00:00 AM,6,4,2
08/02/2017 02:00:00 AM,3,2,1
08/02/2017 03:00:00 AM,0,0,0
08/02/2017 04:00:00 AM,7,2,5
08/02/2017 05:00:00 AM,31,5,26
08/02/2017 06:00:00 AM,94,14,80
08/02/2017 07:00:00 AM,176,17,159
08/02/2017 08:00:00 AM,157,12,145
08/02/2017 09:00:00 AM,66,8,58
08/02/2017 10:00:00 AM,34,7,27
08/02/2017 11:00:00 AM,25,12,13
08/02/2017 12:00:00 PM,26,13,13
08/02/2017 01:00:00 PM,32,15,17
08/02/2017 02:00:00 PM,29,21,8
08/02/2017 03:00:00 PM,62,46,16
08/02/2017 04:00:00 PM,119,101,18
08/02/2017 05:00:00 PM,195,174,21
08/02/2017 06:00:00 PM,125,114,11
08/02/2017 07:00:00 PM,56,42,14
08/02/2017 08:00:00 PM,47,29,18
08/02/2017 09:00:00 PM,21,13,8
08/02/2017 10:00:00 PM,19,8,11
08/02/2017 11:00:00 PM,4,2,2
08/03/2017 12:00:00 AM,3,2,1
08/03/2017 01:00:00 AM,0,0,0
08/03/2017 02:00:00 AM,4,4,0
08/03/2017 03:00:00 AM,0,0,0
08/03/2017 04:00:00 AM,7,1,6
08/03/2017 05:00:00 AM,31,3,28
08/03/2017 06:00:00 AM,75,13,62
08/03/2017 07:00:00 AM,164,11,153
08/03/2017 08:00:00 AM,125,13,112
08/03/2017 09:00:00 AM,53,5,48
08/03/2017 10:00:00 AM,30,6,24
08/03/2017 11:00:00 AM,20,10,10
08/03/2017 12:00:00 PM,25,14,11
08/03/2017 01:00:00 PM,19,8,11
08/03/2017 02:00:00 PM,25,17,8
08/03/2017 03:00:00 PM,58,41,17
08/03/2017 04:00:00 PM,91,73,18
08/03/2017 05:00:00 PM,175,158,17
08/03/2017 06:00:00 PM,112,97,15
08/03/2017 07:00:00 PM,51,38,13
08/03/2017 08:00:00 PM,32,22,10
08/03/2017 09:00:00 PM,14,7,7
08/03/2017 10:00:00 PM,14,11,3
08/03/2017 11:00:00 PM,9,3,6
08/04/2017 12:00:00 AM,7,5,2
08/04/2017 01:00:00 AM,4,3,1
08/04/2017 02:00:00 AM,4,4,0
08/04/2017 03:00:00 AM,5,3,2
08/04/2017 04:00:00 AM,9,4,5
08/04/2017 05:00:00 AM,17,4,13
08/04/2017 06:00:00 AM,58,14,44
08/04/2017 07:00:00 AM,135,21,114
08/04/2017 08:00:00 AM,97,14,83
08/04/2017 09:00:00 AM,46,9,37
08/04/2017 10:00:00 AM,24,7,17
08/04/2017 11:00:00 AM,21,5,16
08/04/2017 12:00:00 PM,28,11,17
08/04/2017 01:00:00 PM,36,27,9
08/04/2017 02:00:00 PM,34,21,13
08/04/2017 03:00:00 PM,55,35,20
08/04/2017 04:00:00 PM,91,75,16
08/04/2017 05:00:00 PM,107,92,15
08/04/2017 06:00:00 PM,74,59,15
08/04/2017 07:00:00 PM,32,25,7
08/04/2017 08:00:00 PM,25,14,11
08/04/2017 09:00:00 PM,10,7,3
08/04/2017 10:00:00 PM,7,4,3
08/04/2017 11:00:00 PM,5,2,3
08/05/2017 12:00:00 AM,3,2,1
08/05/2017 01:00:00 AM,2,1,1
08/05/2017 02:00:00 AM,3,3,0
08/05/2017 03:00:00 AM,2,2,0
08/05/2017 04:00:00 AM,2,1,1
08/05/2017 05:00:00 AM,6,1,5
08/05/2017 06:00:00 AM,10,4,6
08/05/2017 07:00:00 AM,17,6,11
08/05/2017 08:00:00 AM,39,20,19
08/05/2017 09:00:00 AM,43,20,23
08/05/2017 10:00:00 AM,44,17,27
08/05/2017 11:00:00 AM,49,25,24
08/05/2017 12:00:00 PM,75,26,49
08/05/2017 01:00:00 PM,59,24,35
08/05/2017 02:00:00 PM,60,26,34
08/05/2017 03:00:00 PM,66,30,36
08/05/2017 04:00:00 PM,79,22,57
08/05/2017 05:00:00 PM,35,14,21
08/05/2017 06:00:00 PM,45,30,15
08/05/2017 07:00:00 PM,27,13,14
08/05/2017 08:00:00 PM,16,11,5
08/05/2017 09:00:00 PM,15,9,6
08/05/2017 10:00:00 PM,10,9,1
08/05/2017 11:00:00 PM,19,15,4
08/06/2017 12:00:00 AM,14,12,2
08/06/2017 01:00:00 AM,22,19,3
08/06/2017 02:00:00 AM,2,2,0
08/06/2017 03:00:00 AM,3,2,1
08/06/2017 04:00:00 AM,2,1,1
08/06/2017 05:00:00 AM,8,1,7
08/06/2017 06:00:00 AM,13,8,5
08/06/2017 07:00:00 AM,14,4,10
08/06/2017 08:00:00 AM,43,22,21
08/06/2017 09:00:00 AM,39,22,17
08/06/2017 10:00:00 AM,67,32,35
08/06/2017 11:00:00 AM,64,34,30
08/06/2017 12:00:00 PM,70,26,44
08/06/2017 01:00:00 PM,75,37,38
08/06/2017 02:00:00 PM,78,31,47
08/06/2017 03:00:00 PM,55,29,26
08/06/2017 04:00:00 PM,38,22,16
08/06/2017 05:00:00 PM,33,19,14
08/06/2017 06:00:00 PM,29,17,12
08/06/2017 07:00:00 PM,18,12,6
08/06/2017 08:00:00 PM,18,12,6
08/06/2017 09:00:00 PM,9,5,4
08/06/2017 10:00:00 PM,5,3,2
08/06/2017 11:00:00 PM,3,2,1
08/07/2017 12:00:00 AM,5,1,4
08/07/2017 01:00:00 AM,5,5,0
08/07/2017 02:00:00 AM,2,0,2
08/07/2017 03:00:00 AM,2,1,1
08/07/2017 04:00:00 AM,8,1,7
08/07/2017 05:00:00 AM,32,3,29
08/07/2017 06:00:00 AM,84,11,73
08/07/2017 07:00:00 AM,182,16,166
08/07/2017 08:00:00 AM,181,16,165
08/07/2017 09:00:00 AM,66,10,56
08/07/2017 10:00:00 AM,24,4,20
08/07/2017 11:00:00 AM,23,8,15
08/07/2017 12:00:00 PM,31,13,18
08/07/2017 01:00:00 PM,25,13,12
08/07/2017 02:00:00 PM,29,19,10
08/07/2017 03:00:00 PM,64,47,17
08/07/2017 04:00:00 PM,139,115,24
08/07/2017 05:00:00 PM,219,198,21
08/07/2017 06:00:00 PM,120,101,19
08/07/2017 07:00:00 PM,63,46,17
08/07/2017 08:00:00 PM,25,17,8
08/07/2017 09:00:00 PM,10,9,1
08/07/2017 10:00:00 PM,8,3,5
08/07/2017 11:00:00 PM,3,3,0
08/08/2017 12:00:00 AM,2,0,2
08/08/2017 01:00:00 AM,2,1,1
08/08/2017 02:00:00 AM,4,3,1
08/08/2017 03:00:00 AM,2,1,1
08/08/2017 04:00:00 AM,9,3,6
08/08/2017 05:00:00 AM,34,8,26
08/08/2017 06:00:00 AM,91,11,80
08/08/2017 07:00:00 AM,190,30,160
08/08/2017 08:00:00 AM,169,18,151
08/08/2017 09:00:00 AM,64,8,56
08/08/2017 10:00:00 AM,58,20,38
08/08/2017 11:00:00 AM,21,8,13
08/08/2017 12:00:00 PM,36,16,20
08/08/2017 01:00:00 PM,39,16,23
08/08/2017 02:00:00 PM,35,18,17
08/08/2017 03:00:00 PM,64,48,16
08/08/2017 04:00:00 PM,138,107,31
08/08/2017 05:00:00 PM,219,196,23
08/08/2017 06:00:00 PM,125,103,22
08/08/2017 07:00:00 PM,70,51,19
08/08/2017 08:00:00 PM,33,22,11
08/08/2017 09:00:00 PM,20,10,10
08/08/2017 10:00:00 PM,11,6,5
08/08/2017 11:00:00 PM,9,6,3
08/09/2017 12:00:00 AM,4,4,0
08/09/2017 01:00:00 AM,2,1,1
08/09/2017 02:00:00 AM,11,6,5
08/09/2017 03:00:00 AM,6,2,4
08/09/2017 04:00:00 AM,3,1,2
08/09/2017 05:00:00 AM,27,4,23
08/09/2017 06:00:00 AM,90,17,73
08/09/2017 07:00:00 AM,201,16,185
08/09/2017 08:00:00 AM,147,16,131
08/09/2017 09:00:00 AM,66,5,61
08/09/2017 10:00:00 AM,39,11,28
08/09/2017 11:00:00 AM,23,13,10
08/09/2017 12:00:00 PM,34,15,19
08/09/2017 01:00:00 PM,28,12,16
08/09/2017 02:00:00 PM,36,20,16
08/09/2017 03:00:00 PM,52,39,13
08/09/2017 04:00:00 PM,121,94,27
08/09/2017 05:00:00 PM,195,171,24
08/09/2017 06:00:00 PM,151,125,26
08/09/2017 07:00:00 PM,67,56,11
08/09/2017 08:00:00 PM,36,25,11
08/09/2017 09:00:00 PM,25,12,13
08/09/2017 10:00:00 PM,14,10,4
08/09/2017 11:00:00 PM,10,10,0
08/10/2017 12:00:00 AM,6,4,2
08/10/2017 01:00:00 AM,2,1,1
08/10/2017 02:00:00 AM,3,2,1
08/10/2017 03:00:00 AM,4,3,1
08/10/2017 04:00:00 AM,8,5,3
08/10/2017 05:00:00 AM,36,8,28
08/10/2017 06:00:00 AM,70,13,57
08/10/2017 07:00:00 AM,189,16,173
08/10/2017 08:00:00 AM,131,14,117
08/10/2017 09:00:00 AM,62,12,50
08/10/2017 10:00:00 AM,28,5,23
08/10/2017 11:00:00 AM,20,5,15
08/10/2017 12:00:00 PM,28,10,18
08/10/2017 01:00:00 PM,30,16,14
08/10/2017 02:00:00 PM,34,19,15
08/10/2017 03:00:00 PM,74,52,22
08/10/2017 04:00:00 PM,115,94,21
08/10/2017 05:00:00 PM,202,179,23
08/10/2017 06:00:00 PM,119,98,21
08/10/2017 07:00:00 PM,56,47,9
08/10/2017 08:00:00 PM,30,19,11
08/10/2017 09:00:00 PM,21,12,9
08/10/2017 10:00:00 PM,15,13,2
08/10/2017 11:00:00 PM,6,4,2
08/11/2017 12:00:00 AM,6,5,1
08/11/2017 01:00:00 AM,4,2,2
08/11/2017 02:00:00 AM,2,2,0
08/11/2017 03:00:00 AM,4,0,4
08/11/2017 04:00:00 AM,6,4,2
08/11/2017 05:00:00 AM,22,3,19
08/11/2017 06:00:00 AM,61,13,48
08/11/2017 07:00:00 AM,145,16,129
08/11/2017 08:00:00 AM,131,19,112
08/11/2017 09:00:00 AM,51,11,40
08/11/2017 10:00:00 AM,36,15,21
08/11/2017 11:00:00 AM,38,14,24
08/11/2017 12:00:00 PM,30,17,13
08/11/2017 01:00:00 PM,46,26,20
08/11/2017 02:00:00 PM,50,28,22
08/11/2017 03:00:00 PM,68,45,23
08/11/2017 04:00:00 PM,115,93,22
08/11/2017 05:00:00 PM,171,144,27
08/11/2017 06:00:00 PM,84,70,14
08/11/2017 07:00:00 PM,51,40,11
08/11/2017 08:00:00 PM,28,19,9
08/11/2017 09:00:00 PM,23,13,10
08/11/2017 10:00:00 PM,18,9,9
08/11/2017 11:00:00 PM,10,6,4
08/12/2017 12:00:00 AM,10,4,6
08/12/2017 01:00:00 AM,5,4,1
08/12/2017 02:00:00 AM,4,2,2
08/12/2017 03:00:00 AM,5,3,2
08/12/2017 04:00:00 AM,4,2,2
08/12/2017 05:00:00 AM,4,1,3
08/12/2017 06:00:00 AM,9,2,7
08/12/2017 07:00:00 AM,21,6,15
08/12/2017 08:00:00 AM,39,19,20
08/12/2017 09:00:00 AM,28,12,16
08/12/2017 10:00:00 AM,59,30,29
08/12/2017 11:00:00 AM,55,17,38
08/12/2017 12:00:00 PM,59,26,33
08/12/2017 01:00:00 PM,59,32,27
08/12/2017 02:00:00 PM,56,27,29
08/12/2017 03:00:00 PM,63,41,22
08/12/2017 04:00:00 PM,52,26,26
08/12/2017 05:00:00 PM,70,46,24
08/12/2017 06:00:00 PM,42,23,19
08/12/2017 07:00:00 PM,18,12,6
08/12/2017 08:00:00 PM,19,7,12
08/12/2017 09:00:00 PM,11,5,6
08/12/2017 10:00:00 PM,6,2,4
08/12/2017 11:00:00 PM,4,4,0
08/13/2017 12:00:00 AM,1,0,1
08/13/2017 01:00:00 AM,6,2,4
08/13/2017 02:00:00 AM,0,0,0
08/13/2017 03:00:00 AM,2,1,1
08/13/2017 04:00:00 AM,1,1,0
08/13/2017 05:00:00 AM,6,0,6
08/13/2017 06:00:00 AM,5,2,3
08/13/2017 07:00:00 AM,10,3,7
08/13/2017 08:00:00 AM,19,6,13
08/13/2017 09:00:00 AM,31,13,18
08/13/2017 10:00:00 AM,63,34,29
08/13/2017 11:00:00 AM,82,16,66
08/13/2017 12:00:00 PM,101,24,77
08/13/2017 01:00:00 PM,53,26,27
08/13/2017 02:00:00 PM,44,17,27
08/13/2017 03:00:00 PM,46,23,23
08/13/2017 04:00:00 PM,44,28,16
08/13/2017 05:00:00 PM,30,16,14
08/13/2017 06:00:00 PM,27,13,14
08/13/2017 07:00:00 PM,11,8,3
08/13/2017 08:00:00 PM,14,9,5
08/13/2017 09:00:00 PM,10,4,6
08/13/2017 10:00:00 PM,9,5,4
08/13/2017 11:00:00 PM,6,3,3
08/14/2017 12:00:00 AM,4,1,3
08/14/2017 01:00:00 AM,2,0,2
08/14/2017 02:00:00 AM,1,0,1
08/14/2017 03:00:00 AM,3,1,2
08/14/2017 04:00:00 AM,7,3,4
08/14/2017 05:00:00 AM,27,4,23
08/14/2017 06:00:00 AM,78,12,66
08/14/2017 07:00:00 AM,158,21,137
08/14/2017 08:00:00 AM,149,20,129
08/14/2017 09:00:00 AM,71,5,66
08/14/2017 10:00:00 AM,33,12,21
08/14/2017 11:00:00 AM,27,12,15
08/14/2017 12:00:00 PM,19,10,9
08/14/2017 01:00:00 PM,33,17,16
08/14/2017 02:00:00 PM,36,24,12
08/14/2017 03:00:00 PM,60,45,15
08/14/2017 04:00:00 PM,134,107,27
08/14/2017 05:00:00 PM,194,172,22
08/14/2017 06:00:00 PM,126,105,21
08/14/2017 07:00:00 PM,47,38,9
08/14/2017 08:00:00 PM,22,18,4
08/14/2017 09:00:00 PM,21,13,8
08/14/2017 10:00:00 PM,7,4,3
08/14/2017 11:00:00 PM,6,5,1
08/15/2017 12:00:00 AM,2,1,1
08/15/2017 01:00:00 AM,1,1,0
08/15/2017 02:00:00 AM,0,0,0
08/15/2017 03:00:00 AM,5,4,1
08/15/2017 04:00:00 AM,6,1,5
08/15/2017 05:00:00 AM,35,3,32
08/15/2017 06:00:00 AM,83,9,74
08/15/2017 07:00:00 AM,193,23,170
08/15/2017 08:00:00 AM,154,9,145
08/15/2017 09:00:00 AM,68,12,56
08/15/2017 10:00:00 AM,29,8,21
08/15/2017 11:00:00 AM,35,15,20
08/15/2017 12:00:00 PM,34,18,16
08/15/2017 01:00:00 PM,24,8,16
08/15/2017 02:00:00 PM,35,20,15
08/15/2017 03:00:00 PM,70,47,23
08/15/2017 04:00:00 PM,124,98,26
08/15/2017 05:00:00 PM,201,178,23
08/15/2017 06:00:00 PM,159,138,21
08/15/2017 07:00:00 PM,69,52,17
08/15/2017 08:00:00 PM,32,20,12
08/15/2017 09:00:00 PM,18,14,4
08/15/2017 10:00:00 PM,18,12,6
08/15/2017 11:00:00 PM,5,3,2
08/16/2017 12:00:00 AM,3,3,0
08/16/2017 01:00:00 AM,1,1,0
08/16/2017 02:00:00 AM,1,1,0
08/16/2017 03:00:00 AM,4,3,1
08/16/2017 04:00:00 AM,6,2,4
08/16/2017 05:00:00 AM,29,2,27
08/16/2017 06:00:00 AM,83,7,76
08/16/2017 07:00:00 AM,92,17,75
08/16/2017 08:00:00 AM,224,21,203
08/16/2017 09:00:00 AM,67,11,56
08/16/2017 10:00:00 AM,36,6,30
08/16/2017 11:00:00 AM,35,7,28
08/16/2017 12:00:00 PM,26,15,11
08/16/2017 01:00:00 PM,40,20,20
08/16/2017 02:00:00 PM,41,23,18
08/16/2017 03:00:00 PM,64,49,15
08/16/2017 04:00:00 PM,138,107,31
08/16/2017 05:00:00 PM,212,182,30
08/16/2017 06:00:00 PM,135,112,23
08/16/2017 07:00:00 PM,77,57,20
08/16/2017 08:00:00 PM,45,34,11
08/16/2017 09:00:00 PM,35,22,13
08/16/2017 10:00:00 PM,4,1,3
08/16/2017 11:00:00 PM,9,5,4
08/17/2017 12:00:00 AM,2,0,2
08/17/2017 01:00:00 AM,4,3,1
08/17/2017 02:00:00 AM,4,2,2
08/17/2017 03:00:00 AM,3,2,1
08/17/2017 04:00:00 AM,4,1,3
08/17/2017 05:00:00 AM,33,5,28
08/17/2017 06:00:00 AM,89,10,79
08/17/2017 07:00:00 AM,161,17,144
08/17/2017 08:00:00 AM,138,14,124
08/17/2017 09:00:00 AM,56,6,50
08/17/2017 10:00:00 AM,24,6,18
08/17/2017 11:00:00 AM,20,5,15
08/17/2017 12:00:00 PM,27,15,12
08/17/2017 01:00:00 PM,40,17,23
08/17/2017 02:00:00 PM,40,27,13
08/17/2017 03:00:00 PM,59,41,18
08/17/2017 04:00:00 PM,121,100,21
08/17/2017 05:00:00 PM,193,171,22
08/17/2017 06:00:00 PM,129,114,15
08/17/2017 07:00:00 PM,58,40,18
08/17/2017 08:00:00 PM,32,21,11
08/17/2017 09:00:00 PM,15,9,6
08/17/2017 10:00:00 PM,9,5,4
08/17/2017 11:00:00 PM,11,3,8
08/18/2017 12:00:00 AM,6,4,2
08/18/2017 01:00:00 AM,5,2,3
08/18/2017 02:00:00 AM,3,3,0
08/18/2017 03:00:00 AM,0,0,0
08/18/2017 04:00:00 AM,3,1,2
08/18/2017 05:00:00 AM,23,4,19
08/18/2017 06:00:00 AM,55,5,50
08/18/2017 07:00:00 AM,116,14,102
08/18/2017 08:00:00 AM,135,10,125
08/18/2017 09:00:00 AM,42,4,38
08/18/2017 10:00:00 AM,26,10,16
08/18/2017 11:00:00 AM,20,5,15
08/18/2017 12:00:00 PM,29,14,15
08/18/2017 01:00:00 PM,40,18,22
08/18/2017 02:00:00 PM,49,32,17
08/18/2017 03:00:00 PM,68,45,23
08/18/2017 04:00:00 PM,106,90,16
08/18/2017 05:00:00 PM,136,119,17
08/18/2017 06:00:00 PM,79,68,11
08/18/2017 07:00:00 PM,44,28,16
08/18/2017 08:00:00 PM,15,10,5
08/18/2017 09:00:00 PM,15,12,3
08/18/2017 10:00:00 PM,13,9,4
08/18/2017 11:00:00 PM,9,7,2
08/19/2017 12:00:00 AM,6,5,1
08/19/2017 01:00:00 AM,3,1,2
08/19/2017 02:00:00 AM,1,1,0
08/19/2017 03:00:00 AM,3,2,1
08/19/2017 04:00:00 AM,1,1,0
08/19/2017 05:00:00 AM,3,0,3
08/19/2017 06:00:00 AM,10,4,6
08/19/2017 07:00:00 AM,22,6,16
08/19/2017 08:00:00 AM,42,17,25
08/19/2017 09:00:00 AM,37,21,16
08/19/2017 10:00:00 AM,44,20,24
08/19/2017 11:00:00 AM,63,35,28
08/19/2017 12:00:00 PM,50,29,21
08/19/2017 01:00:00 PM,62,24,38
08/19/2017 02:00:00 PM,53,25,28
08/19/2017 03:00:00 PM,38,24,14
08/19/2017 04:00:00 PM,49,23,26
08/19/2017 05:00:00 PM,60,37,23
08/19/2017 06:00:00 PM,36,25,11
08/19/2017 07:00:00 PM,27,19,8
08/19/2017 08:00:00 PM,16,9,7
08/19/2017 09:00:00 PM,17,6,11
08/19/2017 10:00:00 PM,18,4,14
08/19/2017 11:00:00 PM,4,4,0
08/20/2017 12:00:00 AM,6,4,2
08/20/2017 01:00:00 AM,8,4,4
08/20/2017 02:00:00 AM,3,3,0
08/20/2017 03:00:00 AM,2,1,1
08/20/2017 04:00:00 AM,4,3,1
08/20/2017 05:00:00 AM,6,1,5
08/20/2017 06:00:00 AM,7,2,5
08/20/2017 07:00:00 AM,10,3,7
08/20/2017 08:00:00 AM,30,11,19
08/20/2017 09:00:00 AM,35,17,18
08/20/2017 10:00:00 AM,35,16,19
08/20/2017 11:00:00 AM,37,23,14
08/20/2017 12:00:00 PM,57,35,22
08/20/2017 01:00:00 PM,75,37,38
08/20/2017 02:00:00 PM,48,26,22
08/20/2017 03:00:00 PM,41,23,18
08/20/2017 04:00:00 PM,62,29,33
08/20/2017 05:00:00 PM,38,18,20
08/20/2017 06:00:00 PM,35,13,22
08/20/2017 07:00:00 PM,19,12,7
08/20/2017 08:00:00 PM,16,15,1
08/20/2017 09:00:00 PM,21,17,4
08/20/2017 10:00:00 PM,5,4,1
08/20/2017 11:00:00 PM,5,2,3
08/21/2017 12:00:00 AM,6,2,4
08/21/2017 01:00:00 AM,1,0,1
08/21/2017 02:00:00 AM,1,1,0
08/21/2017 03:00:00 AM,4,3,1
08/21/2017 04:00:00 AM,5,2,3
08/21/2017 05:00:00 AM,34,3,31
08/21/2017 06:00:00 AM,66,10,56
08/21/2017 07:00:00 AM,137,12,125
08/21/2017 08:00:00 AM,111,16,95
08/21/2017 09:00:00 AM,45,5,40
08/21/2017 10:00:00 AM,32,9,23
08/21/2017 11:00:00 AM,27,8,19
08/21/2017 12:00:00 PM,24,11,13
08/21/2017 01:00:00 PM,30,12,18
08/21/2017 02:00:00 PM,40,22,18
08/21/2017 03:00:00 PM,57,42,15
08/21/2017 04:00:00 PM,95,82,13
08/21/2017 05:00:00 PM,160,145,15
08/21/2017 06:00:00 PM,102,90,12
08/21/2017 07:00:00 PM,34,28,6
08/21/2017 08:00:00 PM,19,13,6
08/21/2017 09:00:00 PM,10,10,0
08/21/2017 10:00:00 PM,5,3,2
08/21/2017 11:00:00 PM,4,1,3
08/22/2017 12:00:00 AM,1,1,0
08/22/2017 01:00:00 AM,4,4,0
08/22/2017 02:00:00 AM,1,0,1
08/22/2017 03:00:00 AM,2,1,1
08/22/2017 04:00:00 AM,6,1,5
08/22/2017 05:00:00 AM,33,6,27
08/22/2017 06:00:00 AM,57,10,47
08/22/2017 07:00:00 AM,177,17,160
08/22/2017 08:00:00 AM,141,16,125
08/22/2017 09:00:00 AM,71,7,64
08/22/2017 10:00:00 AM,35,6,29
08/22/2017 11:00:00 AM,24,12,12
08/22/2017 12:00:00 PM,26,11,15
08/22/2017 01:00:00 PM,42,21,21
08/22/2017 02:00:00 PM,24,13,11
08/22/2017 03:00:00 PM,64,46,18
08/22/2017 04:00:00 PM,122,111,11
08/22/2017 05:00:00 PM,208,186,22
08/22/2017 06:00:00 PM,112,99,13
08/22/2017 07:00:00 PM,50,38,12
08/22/2017 08:00:00 PM,37,22,15
08/22/2017 09:00:00 PM,8,7,1
08/22/2017 10:00:00 PM,8,3,5
08/22/2017 11:00:00 PM,6,6,0
08/23/2017 12:00:00 AM,3,2,1
08/23/2017 01:00:00 AM,1,0,1
08/23/2017 02:00:00 AM,4,3,1
08/23/2017 03:00:00 AM,2,1,1
08/23/2017 04:00:00 AM,10,2,8
08/23/2017 05:00:00 AM,30,2,28
08/23/2017 06:00:00 AM,91,14,77
08/23/2017 07:00:00 AM,167,20,147
08/23/2017 08:00:00 AM,152,13,139
08/23/2017 09:00:00 AM,68,11,57
08/23/2017 10:00:00 AM,31,6,25
08/23/2017 11:00:00 AM,20,6,14
08/23/2017 12:00:00 PM,26,12,14
08/23/2017 01:00:00 PM,41,20,21
08/23/2017 02:00:00 PM,34,21,13
08/23/2017 03:00:00 PM,72,54,18
08/23/2017 04:00:00 PM,122,99,23
08/23/2017 05:00:00 PM,184,165,19
08/23/2017 06:00:00 PM,134,109,25
08/23/2017 07:00:00 PM,59,42,17
08/23/2017 08:00:00 PM,30,17,13
08/23/2017 09:00:00 PM,14,12,2
08/23/2017 10:00:00 PM,5,3,2
08/23/2017 11:00:00 PM,5,5,0
08/24/2017 12:00:00 AM,6,2,4
08/24/2017 01:00:00 AM,4,2,2
08/24/2017 02:00:00 AM,0,0,0
08/24/2017 03:00:00 AM,3,1,2
08/24/2017 04:00:00 AM,5,3,2
08/24/2017 05:00:00 AM,27,3,24
08/24/2017 06:00:00 AM,61,11,50
08/24/2017 07:00:00 AM,158,13,145
08/24/2017 08:00:00 AM,168,20,148
08/24/2017 09:00:00 AM,53,6,47
08/24/2017 10:00:00 AM,32,5,27
08/24/2017 11:00:00 AM,27,12,15
08/24/2017 12:00:00 PM,36,15,21
08/24/2017 01:00:00 PM,32,17,15
08/24/2017 02:00:00 PM,32,14,18
08/24/2017 03:00:00 PM,62,49,13
08/24/2017 04:00:00 PM,117,96,21
08/24/2017 05:00:00 PM,172,147,25
08/24/2017 06:00:00 PM,100,84,16
08/24/2017 07:00:00 PM,59,48,11
08/24/2017 08:00:00 PM,19,18,1
08/24/2017 09:00:00 PM,23,21,2
08/24/2017 10:00:00 PM,8,5,3
08/24/2017 11:00:00 PM,7,6,1
08/25/2017 12:00:00 AM,8,6,2
08/25/2017 01:00:00 AM,4,3,1
08/25/2017 02:00:00 AM,2,1,1
08/25/2017 03:00:00 AM,4,1,3
08/25/2017 04:00:00 AM,5,1,4
08/25/2017 05:00:00 AM,15,2,13
08/25/2017 06:00:00 AM,58,5,53
08/25/2017 07:00:00 AM,132,7,125
08/25/2017 08:00:00 AM,131,12,119
08/25/2017 09:00:00 AM,52,5,47
08/25/2017 10:00:00 AM,29,9,20
08/25/2017 11:00:00 AM,29,13,16
08/25/2017 12:00:00 PM,31,17,14
08/25/2017 01:00:00 PM,31,17,14
08/25/2017 02:00:00 PM,51,33,18
08/25/2017 03:00:00 PM,81,56,25
08/25/2017 04:00:00 PM,129,109,20
08/25/2017 05:00:00 PM,146,118,28
08/25/2017 06:00:00 PM,76,68,8
08/25/2017 07:00:00 PM,47,33,14
08/25/2017 08:00:00 PM,26,20,6
08/25/2017 09:00:00 PM,15,9,6
08/25/2017 10:00:00 PM,12,10,2
08/25/2017 11:00:00 PM,12,7,5
08/26/2017 12:00:00 AM,2,1,1
08/26/2017 01:00:00 AM,2,1,1
08/26/2017 02:00:00 AM,5,4,1
08/26/2017 03:00:00 AM,4,2,2
08/26/2017 04:00:00 AM,1,0,1
08/26/2017 05:00:00 AM,5,0,5
08/26/2017 06:00:00 AM,14,4,10
08/26/2017 07:00:00 AM,18,7,11
08/26/2017 08:00:00 AM,28,7,21
08/26/2017 09:00:00 AM,44,22,22
08/26/2017 10:00:00 AM,61,21,40
08/26/2017 11:00:00 AM,82,39,43
08/26/2017 12:00:00 PM,78,33,45
08/26/2017 01:00:00 PM,72,39,33
08/26/2017 02:00:00 PM,63,32,31
08/26/2017 03:00:00 PM,62,31,31
08/26/2017 04:00:00 PM,64,34,30
08/26/2017 05:00:00 PM,35,19,16
08/26/2017 06:00:00 PM,51,30,21
08/26/2017 07:00:00 PM,28,19,9
08/26/2017 08:00:00 PM,26,13,13
08/26/2017 09:00:00 PM,3,2,1
08/26/2017 10:00:00 PM,12,8,4
08/26/2017 11:00:00 PM,5,5,0
08/27/2017 12:00:00 AM,5,3,2
08/27/2017 01:00:00 AM,4,3,1
08/27/2017 02:00:00 AM,1,1,0
08/27/2017 03:00:00 AM,2,1,1
08/27/2017 04:00:00 AM,1,1,0
08/27/2017 05:00:00 AM,4,1,3
08/27/2017 06:00:00 AM,4,0,4
08/27/2017 07:00:00 AM,8,3,5
08/27/2017 08:00:00 AM,33,14,19
08/27/2017 09:00:00 AM,45,22,23
08/27/2017 10:00:00 AM,68,32,36
08/27/2017 11:00:00 AM,73,47,26
08/27/2017 12:00:00 PM,79,42,37
08/27/2017 01:00:00 PM,68,30,38
08/27/2017 02:00:00 PM,69,34,35
08/27/2017 03:00:00 PM,68,34,34
08/27/2017 04:00:00 PM,54,31,23
08/27/2017 05:00:00 PM,55,24,31
08/27/2017 06:00:00 PM,37,15,22
08/27/2017 07:00:00 PM,23,13,10
08/27/2017 08:00:00 PM,10,8,2
08/27/2017 09:00:00 PM,20,17,3
08/27/2017 10:00:00 PM,4,2,2
08/27/2017 11:00:00 PM,6,4,2
08/28/2017 12:00:00 AM,2,1,1
08/28/2017 01:00:00 AM,4,2,2
08/28/2017 02:00:00 AM,2,1,1
08/28/2017 03:00:00 AM,1,0,1
08/28/2017 04:00:00 AM,10,3,7
08/28/2017 05:00:00 AM,25,2,23
08/28/2017 06:00:00 AM,75,13,62
08/28/2017 07:00:00 AM,181,14,167
08/28/2017 08:00:00 AM,154,28,126
08/28/2017 09:00:00 AM,52,4,48
08/28/2017 10:00:00 AM,25,7,18
08/28/2017 11:00:00 AM,16,8,8
08/28/2017 12:00:00 PM,22,12,10
08/28/2017 01:00:00 PM,21,12,9
08/28/2017 02:00:00 PM,32,23,9
08/28/2017 03:00:00 PM,57,36,21
08/28/2017 04:00:00 PM,105,92,13
08/28/2017 05:00:00 PM,190,170,20
08/28/2017 06:00:00 PM,115,101,14
08/28/2017 07:00:00 PM,65,53,12
08/28/2017 08:00:00 PM,26,17,9
08/28/2017 09:00:00 PM,11,4,7
08/28/2017 10:00:00 PM,6,2,4
08/28/2017 11:00:00 PM,3,2,1
08/29/2017 12:00:00 AM,1,0,1
08/29/2017 01:00:00 AM,5,3,2
08/29/2017 02:00:00 AM,2,1,1
08/29/2017 03:00:00 AM,0,0,0
08/29/2017 04:00:00 AM,5,3,2
08/29/2017 05:00:00 AM,34,5,29
08/29/2017 06:00:00 AM,82,14,68
08/29/2017 07:00:00 AM,178,15,163
08/29/2017 08:00:00 AM,158,12,146
08/29/2017 09:00:00 AM,50,10,40
08/29/2017 10:00:00 AM,36,9,27
08/29/2017 11:00:00 AM,23,10,13
08/29/2017 12:00:00 PM,26,15,11
08/29/2017 01:00:00 PM,35,14,21
08/29/2017 02:00:00 PM,35,21,14
08/29/2017 03:00:00 PM,64,39,25
08/29/2017 04:00:00 PM,135,112,23
08/29/2017 05:00:00 PM,202,166,36
08/29/2017 06:00:00 PM,137,117,20
08/29/2017 07:00:00 PM,57,53,4
08/29/2017 08:00:00 PM,22,17,5
08/29/2017 09:00:00 PM,17,13,4
08/29/2017 10:00:00 PM,9,8,1
08/29/2017 11:00:00 PM,3,2,1
08/30/2017 12:00:00 AM,7,4,3
08/30/2017 01:00:00 AM,3,1,2
08/30/2017 02:00:00 AM,2,2,0
08/30/2017 03:00:00 AM,1,1,0
08/30/2017 04:00:00 AM,4,1,3
08/30/2017 05:00:00 AM,28,3,25
08/30/2017 06:00:00 AM,80,15,65
08/30/2017 07:00:00 AM,188,25,163
08/30/2017 08:00:00 AM,165,20,145
08/30/2017 09:00:00 AM,59,12,47
08/30/2017 10:00:00 AM,22,4,18
08/30/2017 11:00:00 AM,24,7,17
08/30/2017 12:00:00 PM,22,11,11
08/30/2017 01:00:00 PM,23,9,14
08/30/2017 02:00:00 PM,38,24,14
08/30/2017 03:00:00 PM,72,48,24
08/30/2017 04:00:00 PM,121,97,24
08/30/2017 05:00:00 PM,209,187,22
08/30/2017 06:00:00 PM,141,117,24
08/30/2017 07:00:00 PM,69,48,21
08/30/2017 08:00:00 PM,38,19,19
08/30/2017 09:00:00 PM,17,14,3
08/30/2017 10:00:00 PM,8,7,1
08/30/2017 11:00:00 PM,5,4,1
08/31/2017 12:00:00 AM,1,0,1
08/31/2017 01:00:00 AM,3,1,2
08/31/2017 02:00:00 AM,1,0,1
08/31/2017 03:00:00 AM,4,2,2
08/31/2017 04:00:00 AM,4,2,2
08/31/2017 05:00:00 AM,23,4,19
08/31/2017 06:00:00 AM,63,11,52
08/31/2017 07:00:00 AM,140,20,120
08/31/2017 08:00:00 AM,153,11,142
08/31/2017 09:00:00 AM,43,2,41
08/31/2017 10:00:00 AM,28,5,23
08/31/2017 11:00:00 AM,13,3,10
08/31/2017 12:00:00 PM,12,5,7
08/31/2017 01:00:00 PM,17,9,8
08/31/2017 02:00:00 PM,28,16,12
08/31/2017 03:00:00 PM,45,26,19
08/31/2017 04:00:00 PM,102,86,16
08/31/2017 05:00:00 PM,177,151,26
08/31/2017 06:00:00 PM,133,111,22
08/31/2017 07:00:00 PM,66,49,17
08/31/2017 08:00:00 PM,23,16,7
08/31/2017 09:00:00 PM,21,10,11
08/31/2017 10:00:00 PM,11,8,3
08/31/2017 11:00:00 PM,7,5,2
09/01/2017 12:00:00 AM,8,4,4
09/01/2017 01:00:00 AM,2,2,0
09/01/2017 02:00:00 AM,1,1,0
09/01/2017 03:00:00 AM,4,1,3
09/01/2017 04:00:00 AM,4,1,3
09/01/2017 05:00:00 AM,18,0,18
09/01/2017 06:00:00 AM,50,8,42
09/01/2017 07:00:00 AM,119,14,105
09/01/2017 08:00:00 AM,101,11,90
09/01/2017 09:00:00 AM,62,14,48
09/01/2017 10:00:00 AM,47,16,31
09/01/2017 11:00:00 AM,38,16,22
09/01/2017 12:00:00 PM,37,13,24
09/01/2017 01:00:00 PM,44,26,18
09/01/2017 02:00:00 PM,53,41,12
09/01/2017 03:00:00 PM,84,61,23
09/01/2017 04:00:00 PM,107,85,22
09/01/2017 05:00:00 PM,108,96,12
09/01/2017 06:00:00 PM,72,60,12
09/01/2017 07:00:00 PM,35,25,10
09/01/2017 08:00:00 PM,25,13,12
09/01/2017 09:00:00 PM,12,3,9
09/01/2017 10:00:00 PM,11,10,1
09/01/2017 11:00:00 PM,8,6,2
09/02/2017 12:00:00 AM,5,1,4
09/02/2017 01:00:00 AM,9,4,5
09/02/2017 02:00:00 AM,2,1,1
09/02/2017 03:00:00 AM,5,3,2
09/02/2017 04:00:00 AM,1,1,0
09/02/2017 05:00:00 AM,4,1,3
09/02/2017 06:00:00 AM,7,2,5
09/02/2017 07:00:00 AM,20,7,13
09/02/2017 08:00:00 AM,43,26,17
09/02/2017 09:00:00 AM,35,16,19
09/02/2017 10:00:00 AM,41,19,22
09/02/2017 11:00:00 AM,62,39,23
09/02/2017 12:00:00 PM,49,19,30
09/02/2017 01:00:00 PM,69,35,34
09/02/2017 02:00:00 PM,78,38,40
09/02/2017 03:00:00 PM,47,28,19
09/02/2017 04:00:00 PM,44,29,15
09/02/2017 05:00:00 PM,54,31,23
09/02/2017 06:00:00 PM,42,30,12
09/02/2017 07:00:00 PM,17,11,6
09/02/2017 08:00:00 PM,14,7,7
09/02/2017 09:00:00 PM,7,3,4
09/02/2017 10:00:00 PM,8,6,2
09/02/2017 11:00:00 PM,7,7,0
09/03/2017 12:00:00 AM,9,7,2
09/03/2017 01:00:00 AM,4,1,3
09/03/2017 02:00:00 AM,4,3,1
09/03/2017 03:00:00 AM,6,5,1
09/03/2017 04:00:00 AM,0,0,0
09/03/2017 05:00:00 AM,5,1,4
09/03/2017 06:00:00 AM,7,2,5
09/03/2017 07:00:00 AM,15,5,10
09/03/2017 08:00:00 AM,45,18,27
09/03/2017 09:00:00 AM,61,36,25
09/03/2017 10:00:00 AM,61,33,28
09/03/2017 11:00:00 AM,51,24,27
09/03/2017 12:00:00 PM,62,30,32
09/03/2017 01:00:00 PM,37,13,24
09/03/2017 02:00:00 PM,45,25,20
09/03/2017 03:00:00 PM,36,19,17
09/03/2017 04:00:00 PM,47,25,22
09/03/2017 05:00:00 PM,29,22,7
09/03/2017 06:00:00 PM,33,21,12
09/03/2017 07:00:00 PM,23,14,9
09/03/2017 08:00:00 PM,28,9,19
09/03/2017 09:00:00 PM,5,1,4
09/03/2017 10:00:00 PM,8,1,7
09/03/2017 11:00:00 PM,4,3,1
09/04/2017 12:00:00 AM,5,3,2
09/04/2017 01:00:00 AM,0,0,0
09/04/2017 02:00:00 AM,3,1,2
09/04/2017 03:00:00 AM,3,2,1
09/04/2017 04:00:00 AM,1,0,1
09/04/2017 05:00:00 AM,6,0,6
09/04/2017 06:00:00 AM,13,5,8
09/04/2017 07:00:00 AM,23,7,16
09/04/2017 08:00:00 AM,50,23,27
09/04/2017 09:00:00 AM,74,54,20
09/04/2017 10:00:00 AM,69,33,36
09/04/2017 11:00:00 AM,83,48,35
09/04/2017 12:00:00 PM,77,36,41
09/04/2017 01:00:00 PM,45,22,23
09/04/2017 02:00:00 PM,62,32,30
09/04/2017 03:00:00 PM,49,14,35
09/04/2017 04:00:00 PM,63,23,40
09/04/2017 05:00:00 PM,43,27,16
09/04/2017 06:00:00 PM,24,15,9
09/04/2017 07:00:00 PM,26,15,11
09/04/2017 08:00:00 PM,9,5,4
09/04/2017 09:00:00 PM,7,5,2
09/04/2017 10:00:00 PM,11,9,2
09/04/2017 11:00:00 PM,2,1,1
09/05/2017 12:00:00 AM,3,2,1
09/05/2017 01:00:00 AM,3,2,1
09/05/2017 02:00:00 AM,4,1,3
09/05/2017 03:00:00 AM,4,2,2
09/05/2017 04:00:00 AM,5,3,2
09/05/2017 05:00:00 AM,30,4,26
09/05/2017 06:00:00 AM,70,13,57
09/05/2017 07:00:00 AM,175,15,160
09/05/2017 08:00:00 AM,133,16,117
09/05/2017 09:00:00 AM,32,3,29
09/05/2017 10:00:00 AM,34,11,23
09/05/2017 11:00:00 AM,13,4,9
09/05/2017 12:00:00 PM,20,8,12
09/05/2017 01:00:00 PM,10,4,6
09/05/2017 02:00:00 PM,24,14,10
09/05/2017 03:00:00 PM,45,35,10
09/05/2017 04:00:00 PM,100,83,17
09/05/2017 05:00:00 PM,153,136,17
09/05/2017 06:00:00 PM,86,78,8
09/05/2017 07:00:00 PM,40,35,5
09/05/2017 08:00:00 PM,18,11,7
09/05/2017 09:00:00 PM,8,6,2
09/05/2017 10:00:00 PM,10,8,2
09/05/2017 11:00:00 PM,4,3,1
09/06/2017 12:00:00 AM,1,1,0
09/06/2017 01:00:00 AM,4,2,2
09/06/2017 02:00:00 AM,3,1,2
09/06/2017 03:00:00 AM,4,3,1
09/06/2017 04:00:00 AM,7,2,5
09/06/2017 05:00:00 AM,27,2,25
09/06/2017 06:00:00 AM,62,17,45
09/06/2017 07:00:00 AM,124,18,106
09/06/2017 08:00:00 AM,114,8,106
09/06/2017 09:00:00 AM,49,5,44
09/06/2017 10:00:00 AM,22,7,15
09/06/2017 11:00:00 AM,17,1,16
09/06/2017 12:00:00 PM,23,10,13
09/06/2017 01:00:00 PM,24,12,12
09/06/2017 02:00:00 PM,20,12,8
09/06/2017 03:00:00 PM,39,29,10
09/06/2017 04:00:00 PM,78,67,11
09/06/2017 05:00:00 PM,140,121,19
09/06/2017 06:00:00 PM,86,73,13
09/06/2017 07:00:00 PM,41,36,5
09/06/2017 08:00:00 PM,17,13,4
09/06/2017 09:00:00 PM,8,6,2
09/06/2017 10:00:00 PM,7,5,2
09/06/2017 11:00:00 PM,4,2,2
09/07/2017 12:00:00 AM,1,0,1
09/07/2017 01:00:00 AM,1,1,0
09/07/2017 02:00:00 AM,2,2,0
09/07/2017 03:00:00 AM,1,0,1
09/07/2017 04:00:00 AM,5,1,4
09/07/2017 05:00:00 AM,17,2,15
09/07/2017 06:00:00 AM,77,14,63
09/07/2017 07:00:00 AM,120,15,105
09/07/2017 08:00:00 AM,133,16,117
09/07/2017 09:00:00 AM,57,8,49
09/07/2017 10:00:00 AM,21,4,17
09/07/2017 11:00:00 AM,16,5,11
09/07/2017 12:00:00 PM,14,7,7
09/07/2017 01:00:00 PM,34,18,16
09/07/2017 02:00:00 PM,26,17,9
09/07/2017 03:00:00 PM,53,33,20
09/07/2017 04:00:00 PM,100,83,17
09/07/2017 05:00:00 PM,153,123,30
09/07/2017 06:00:00 PM,106,86,20
09/07/2017 07:00:00 PM,80,70,10
09/07/2017 08:00:00 PM,23,17,6
09/07/2017 09:00:00 PM,25,12,13
09/07/2017 10:00:00 PM,14,7,7
09/07/2017 11:00:00 PM,20,5,15
09/08/2017 12:00:00 AM,6,4,2
09/08/2017 01:00:00 AM,4,4,0
09/08/2017 02:00:00 AM,6,3,3
09/08/2017 03:00:00 AM,5,3,2
09/08/2017 04:00:00 AM,6,3,3
09/08/2017 05:00:00 AM,23,4,19
09/08/2017 06:00:00 AM,58,13,45
09/08/2017 07:00:00 AM,141,18,123
09/08/2017 08:00:00 AM,110,9,101
09/08/2017 09:00:00 AM,57,14,43
09/08/2017 10:00:00 AM,19,5,14
09/08/2017 11:00:00 AM,27,16,11
09/08/2017 12:00:00 PM,25,13,12
09/08/2017 01:00:00 PM,16,6,10
09/08/2017 02:00:00 PM,33,19,14
09/08/2017 03:00:00 PM,58,37,21
09/08/2017 04:00:00 PM,88,74,14
09/08/2017 05:00:00 PM,148,130,18
09/08/2017 06:00:00 PM,76,64,12
09/08/2017 07:00:00 PM,17,14,3
09/08/2017 08:00:00 PM,23,21,2
09/08/2017 09:00:00 PM,10,6,4
09/08/2017 10:00:00 PM,8,5,3
09/08/2017 11:00:00 PM,5,3,2
09/09/2017 12:00:00 AM,6,4,2
09/09/2017 01:00:00 AM,3,1,2
09/09/2017 02:00:00 AM,5,4,1
09/09/2017 03:00:00 AM,4,2,2
09/09/2017 04:00:00 AM,0,0,0
09/09/2017 05:00:00 AM,7,3,4
09/09/2017 06:00:00 AM,14,5,9
09/09/2017 07:00:00 AM,9,3,6
09/09/2017 08:00:00 AM,27,11,16
09/09/2017 09:00:00 AM,27,16,11
09/09/2017 10:00:00 AM,28,15,13
09/09/2017 11:00:00 AM,36,16,20
09/09/2017 12:00:00 PM,47,21,26
09/09/2017 01:00:00 PM,33,12,21
09/09/2017 02:00:00 PM,35,22,13
09/09/2017 03:00:00 PM,40,26,14
09/09/2017 04:00:00 PM,42,23,19
09/09/2017 05:00:00 PM,24,13,11
09/09/2017 06:00:00 PM,15,6,9
09/09/2017 07:00:00 PM,14,9,5
09/09/2017 08:00:00 PM,22,12,10
09/09/2017 09:00:00 PM,8,4,4
09/09/2017 10:00:00 PM,8,7,1
09/09/2017 11:00:00 PM,4,1,3
09/10/2017 12:00:00 AM,7,4,3
09/10/2017 01:00:00 AM,3,3,0
09/10/2017 02:00:00 AM,6,4,2
09/10/2017 03:00:00 AM,2,1,1
09/10/2017 04:00:00 AM,1,0,1
09/10/2017 05:00:00 AM,5,1,4
09/10/2017 06:00:00 AM,6,4,2
09/10/2017 07:00:00 AM,10,2,8
09/10/2017 08:00:00 AM,14,5,9
09/10/2017 09:00:00 AM,28,13,15
09/10/2017 10:00:00 AM,45,26,19
09/10/2017 11:00:00 AM,49,28,21
09/10/2017 12:00:00 PM,60,23,37
09/10/2017 01:00:00 PM,55,25,30
09/10/2017 02:00:00 PM,56,31,25
09/10/2017 03:00:00 PM,39,19,20
09/10/2017 04:00:00 PM,51,25,26
09/10/2017 05:00:00 PM,36,9,27
09/10/2017 06:00:00 PM,34,21,13
09/10/2017 07:00:00 PM,22,10,12
09/10/2017 08:00:00 PM,14,11,3
09/10/2017 09:00:00 PM,14,12,2
09/10/2017 10:00:00 PM,6,5,1
09/10/2017 11:00:00 PM,2,1,1
09/11/2017 12:00:00 AM,5,3,2
09/11/2017 01:00:00 AM,2,2,0
09/11/2017 02:00:00 AM,3,0,3
09/11/2017 03:00:00 AM,3,1,2
09/11/2017 04:00:00 AM,8,2,6
09/11/2017 05:00:00 AM,37,6,31
09/11/2017 06:00:00 AM,68,10,58
09/11/2017 07:00:00 AM,170,14,156
09/11/2017 08:00:00 AM,121,9,112
09/11/2017 09:00:00 AM,79,9,70
09/11/2017 10:00:00 AM,23,7,16
09/11/2017 11:00:00 AM,34,16,18
09/11/2017 12:00:00 PM,23,12,11
09/11/2017 01:00:00 PM,23,14,9
09/11/2017 02:00:00 PM,34,16,18
09/11/2017 03:00:00 PM,56,42,14
09/11/2017 04:00:00 PM,134,112,22
09/11/2017 05:00:00 PM,197,172,25
09/11/2017 06:00:00 PM,126,107,19
09/11/2017 07:00:00 PM,47,36,11
09/11/2017 08:00:00 PM,25,19,6
09/11/2017 09:00:00 PM,7,6,1
09/11/2017 10:00:00 PM,2,1,1
09/11/2017 11:00:00 PM,6,3,3
09/12/2017 12:00:00 AM,1,1,0
09/12/2017 01:00:00 AM,1,0,1
09/12/2017 02:00:00 AM,0,0,0
09/12/2017 03:00:00 AM,3,2,1
09/12/2017 04:00:00 AM,8,1,7
09/12/2017 05:00:00 AM,34,3,31
09/12/2017 06:00:00 AM,80,13,67
09/12/2017 07:00:00 AM,179,19,160
09/12/2017 08:00:00 AM,157,16,141
09/12/2017 09:00:00 AM,61,4,57
09/12/2017 10:00:00 AM,32,4,28
09/12/2017 11:00:00 AM,20,8,12
09/12/2017 12:00:00 PM,26,13,13
09/12/2017 01:00:00 PM,40,22,18
09/12/2017 02:00:00 PM,35,22,13
09/12/2017 03:00:00 PM,66,45,21
09/12/2017 04:00:00 PM,138,117,21
09/12/2017 05:00:00 PM,203,176,27
09/12/2017 06:00:00 PM,124,112,12
09/12/2017 07:00:00 PM,54,41,13
09/12/2017 08:00:00 PM,27,23,4
09/12/2017 09:00:00 PM,14,10,4
09/12/2017 10:00:00 PM,12,10,2
09/12/2017 11:00:00 PM,4,2,2
09/13/2017 12:00:00 AM,1,0,1
09/13/2017 01:00:00 AM,3,2,1
09/13/2017 02:00:00 AM,2,1,1
09/13/2017 03:00:00 AM,3,2,1
09/13/2017 04:00:00 AM,7,1,6
09/13/2017 05:00:00 AM,31,3,28
09/13/2017 06:00:00 AM,67,12,55
09/13/2017 07:00:00 AM,175,22,153
09/13/2017 08:00:00 AM,143,21,122
09/13/2017 09:00:00 AM,68,4,64
09/13/2017 10:00:00 AM,23,9,14
09/13/2017 11:00:00 AM,28,9,19
09/13/2017 12:00:00 PM,32,9,23
09/13/2017 01:00:00 PM,42,23,19
09/13/2017 02:00:00 PM,38,24,14
09/13/2017 03:00:00 PM,58,41,17
09/13/2017 04:00:00 PM,126,92,34
09/13/2017 05:00:00 PM,188,156,32
09/13/2017 06:00:00 PM,111,91,20
09/13/2017 07:00:00 PM,51,41,10
09/13/2017 08:00:00 PM,32,25,7
09/13/2017 09:00:00 PM,12,9,3
09/13/2017 10:00:00 PM,10,7,3
09/13/2017 11:00:00 PM,3,2,1
09/14/2017 12:00:00 AM,1,0,1
09/14/2017 01:00:00 AM,0,0,0
09/14/2017 02:00:00 AM,2,2,0
09/14/2017 03:00:00 AM,2,1,1
09/14/2017 04:00:00 AM,4,2,2
09/14/2017 05:00:00 AM,27,2,25
09/14/2017 06:00:00 AM,69,14,55
09/14/2017 07:00:00 AM,154,15,139
09/14/2017 08:00:00 AM,140,12,128
09/14/2017 09:00:00 AM,52,6,46
09/14/2017 10:00:00 AM,37,11,26
09/14/2017 11:00:00 AM,18,4,14
09/14/2017 12:00:00 PM,21,8,13
09/14/2017 01:00:00 PM,28,11,17
09/14/2017 02:00:00 PM,40,24,16
09/14/2017 03:00:00 PM,54,32,22
09/14/2017 04:00:00 PM,133,113,20
09/14/2017 05:00:00 PM,168,141,27
09/14/2017 06:00:00 PM,114,97,17
09/14/2017 07:00:00 PM,52,45,7
09/14/2017 08:00:00 PM,20,15,5
09/14/2017 09:00:00 PM,17,12,5
09/14/2017 10:00:00 PM,8,4,4
09/14/2017 11:00:00 PM,8,7,1
09/15/2017 12:00:00 AM,5,5,0
09/15/2017 01:00:00 AM,2,1,1
09/15/2017 02:00:00 AM,1,1,0
09/15/2017 03:00:00 AM,3,2,1
09/15/2017 04:00:00 AM,6,2,4
09/15/2017 05:00:00 AM,20,1,19
09/15/2017 06:00:00 AM,69,12,57
09/15/2017 07:00:00 AM,115,14,101
09/15/2017 08:00:00 AM,129,20,109
09/15/2017 09:00:00 AM,65,7,58
09/15/2017 10:00:00 AM,27,8,19
09/15/2017 11:00:00 AM,28,14,14
09/15/2017 12:00:00 PM,37,23,14
09/15/2017 01:00:00 PM,39,23,16
09/15/2017 02:00:00 PM,59,33,26
09/15/2017 03:00:00 PM,64,40,24
09/15/2017 04:00:00 PM,111,93,18
09/15/2017 05:00:00 PM,160,137,23
09/15/2017 06:00:00 PM,97,78,19
09/15/2017 07:00:00 PM,39,27,12
09/15/2017 08:00:00 PM,15,12,3
09/15/2017 09:00:00 PM,9,5,4
09/15/2017 10:00:00 PM,5,2,3
09/15/2017 11:00:00 PM,7,4,3
09/16/2017 12:00:00 AM,3,3,0
09/16/2017 01:00:00 AM,3,3,0
09/16/2017 02:00:00 AM,1,1,0
09/16/2017 03:00:00 AM,1,1,0
09/16/2017 04:00:00 AM,3,3,0
09/16/2017 05:00:00 AM,7,1,6
09/16/2017 06:00:00 AM,10,6,4
09/16/2017 07:00:00 AM,16,4,12
09/16/2017 08:00:00 AM,43,19,24
09/16/2017 09:00:00 AM,50,31,19
09/16/2017 10:00:00 AM,48,21,27
09/16/2017 11:00:00 AM,47,24,23
09/16/2017 12:00:00 PM,45,29,16
09/16/2017 01:00:00 PM,40,15,25
09/16/2017 02:00:00 PM,53,25,28
09/16/2017 03:00:00 PM,48,19,29
09/16/2017 04:00:00 PM,58,34,24
09/16/2017 05:00:00 PM,42,24,18
09/16/2017 06:00:00 PM,31,13,18
09/16/2017 07:00:00 PM,14,7,7
09/16/2017 08:00:00 PM,8,6,2
09/16/2017 09:00:00 PM,3,2,1
09/16/2017 10:00:00 PM,6,1,5
09/16/2017 11:00:00 PM,5,1,4
09/17/2017 12:00:00 AM,3,2,1
09/17/2017 01:00:00 AM,4,3,1
09/17/2017 02:00:00 AM,1,1,0
09/17/2017 03:00:00 AM,1,1,0
09/17/2017 04:00:00 AM,4,3,1
09/17/2017 05:00:00 AM,3,0,3
09/17/2017 06:00:00 AM,8,3,5
09/17/2017 07:00:00 AM,11,4,7
09/17/2017 08:00:00 AM,32,15,17
09/17/2017 09:00:00 AM,26,16,10
09/17/2017 10:00:00 AM,39,14,25
09/17/2017 11:00:00 AM,38,19,19
09/17/2017 12:00:00 PM,40,16,24
09/17/2017 01:00:00 PM,19,12,7
09/17/2017 02:00:00 PM,6,3,3
09/17/2017 03:00:00 PM,10,4,6
09/17/2017 04:00:00 PM,14,8,6
09/17/2017 05:00:00 PM,10,10,0
09/17/2017 06:00:00 PM,6,4,2
09/17/2017 07:00:00 PM,4,4,0
09/17/2017 08:00:00 PM,3,1,2
09/17/2017 09:00:00 PM,4,2,2
09/17/2017 10:00:00 PM,2,0,2
09/17/2017 11:00:00 PM,1,1,0
09/18/2017 12:00:00 AM,4,1,3
09/18/2017 01:00:00 AM,2,1,1
09/18/2017 02:00:00 AM,1,1,0
09/18/2017 03:00:00 AM,1,1,0
09/18/2017 04:00:00 AM,8,2,6
09/18/2017 05:00:00 AM,22,6,16
09/18/2017 06:00:00 AM,57,10,47
09/18/2017 07:00:00 AM,106,13,93
09/18/2017 08:00:00 AM,112,10,102
09/18/2017 09:00:00 AM,45,8,37
09/18/2017 10:00:00 AM,17,0,17
09/18/2017 11:00:00 AM,9,1,8
09/18/2017 12:00:00 PM,16,8,8
09/18/2017 01:00:00 PM,16,7,9
09/18/2017 02:00:00 PM,27,15,12
09/18/2017 03:00:00 PM,39,30,9
09/18/2017 04:00:00 PM,63,54,9
09/18/2017 05:00:00 PM,133,120,13
09/18/2017 06:00:00 PM,58,54,4
09/18/2017 07:00:00 PM,18,16,2
09/18/2017 08:00:00 PM,7,6,1
09/18/2017 09:00:00 PM,5,3,2
09/18/2017 10:00:00 PM,8,4,4
09/18/2017 11:00:00 PM,2,0,2
09/19/2017 12:00:00 AM,1,0,1
09/19/2017 01:00:00 AM,1,1,0
09/19/2017 02:00:00 AM,0,0,0
09/19/2017 03:00:00 AM,1,1,0
09/19/2017 04:00:00 AM,5,1,4
09/19/2017 05:00:00 AM,13,2,11
09/19/2017 06:00:00 AM,40,10,30
09/19/2017 07:00:00 AM,99,12,87
09/19/2017 08:00:00 AM,95,9,86
09/19/2017 09:00:00 AM,47,6,41
09/19/2017 10:00:00 AM,15,0,15
09/19/2017 11:00:00 AM,11,2,9
09/19/2017 12:00:00 PM,12,8,4
09/19/2017 01:00:00 PM,9,4,5
09/19/2017 02:00:00 PM,20,10,10
09/19/2017 03:00:00 PM,27,19,8
09/19/2017 04:00:00 PM,58,50,8
09/19/2017 05:00:00 PM,114,100,14
09/19/2017 06:00:00 PM,60,55,5
09/19/2017 07:00:00 PM,25,22,3
09/19/2017 08:00:00 PM,4,4,0
09/19/2017 09:00:00 PM,6,4,2
09/19/2017 10:00:00 PM,3,3,0
09/19/2017 11:00:00 PM,2,0,2
09/20/2017 12:00:00 AM,4,3,1
09/20/2017 01:00:00 AM,5,2,3
09/20/2017 02:00:00 AM,2,1,1
09/20/2017 03:00:00 AM,2,1,1
09/20/2017 04:00:00 AM,6,1,5
09/20/2017 05:00:00 AM,17,1,16
09/20/2017 06:00:00 AM,60,7,53
09/20/2017 07:00:00 AM,115,19,96
09/20/2017 08:00:00 AM,129,11,118
09/20/2017 09:00:00 AM,34,2,32
09/20/2017 10:00:00 AM,13,1,12
09/20/2017 11:00:00 AM,18,6,12
09/20/2017 12:00:00 PM,18,12,6
09/20/2017 01:00:00 PM,28,16,12
09/20/2017 02:00:00 PM,30,7,23
09/20/2017 03:00:00 PM,35,21,14
09/20/2017 04:00:00 PM,86,73,13
09/20/2017 05:00:00 PM,130,116,14
09/20/2017 06:00:00 PM,77,65,12
09/20/2017 07:00:00 PM,36,31,5
09/20/2017 08:00:00 PM,26,14,12
09/20/2017 09:00:00 PM,12,10,2
09/20/2017 10:00:00 PM,8,5,3
09/20/2017 11:00:00 PM,1,1,0
09/21/2017 12:00:00 AM,4,2,2
09/21/2017 01:00:00 AM,3,3,0
09/21/2017 02:00:00 AM,2,2,0
09/21/2017 03:00:00 AM,1,1,0
09/21/2017 04:00:00 AM,6,1,5
09/21/2017 05:00:00 AM,25,5,20
09/21/2017 06:00:00 AM,58,12,46
09/21/2017 07:00:00 AM,112,11,101
09/21/2017 08:00:00 AM,122,7,115
09/21/2017 09:00:00 AM,32,1,31
09/21/2017 10:00:00 AM,28,7,21
09/21/2017 11:00:00 AM,21,8,13
09/21/2017 12:00:00 PM,27,13,14
09/21/2017 01:00:00 PM,11,8,3
09/21/2017 02:00:00 PM,36,17,19
09/21/2017 03:00:00 PM,33,26,7
09/21/2017 04:00:00 PM,101,85,16
09/21/2017 05:00:00 PM,141,120,21
09/21/2017 06:00:00 PM,84,75,9
09/21/2017 07:00:00 PM,35,28,7
09/21/2017 08:00:00 PM,10,8,2
09/21/2017 09:00:00 PM,13,9,4
09/21/2017 10:00:00 PM,9,6,3
09/21/2017 11:00:00 PM,2,1,1
09/22/2017 12:00:00 AM,4,4,0
09/22/2017 01:00:00 AM,2,1,1
09/22/2017 02:00:00 AM,2,2,0
09/22/2017 03:00:00 AM,3,1,2
09/22/2017 04:00:00 AM,6,1,5
09/22/2017 05:00:00 AM,24,4,20
09/22/2017 06:00:00 AM,65,15,50
09/22/2017 07:00:00 AM,122,12,110
09/22/2017 08:00:00 AM,117,14,103
09/22/2017 09:00:00 AM,38,8,30
09/22/2017 10:00:00 AM,32,8,24
09/22/2017 11:00:00 AM,29,15,14
09/22/2017 12:00:00 PM,31,16,15
09/22/2017 01:00:00 PM,37,16,21
09/22/2017 02:00:00 PM,42,24,18
09/22/2017 03:00:00 PM,61,45,16
09/22/2017 04:00:00 PM,116,96,20
09/22/2017 05:00:00 PM,123,102,21
09/22/2017 06:00:00 PM,75,62,13
09/22/2017 07:00:00 PM,37,28,9
09/22/2017 08:00:00 PM,18,11,7
09/22/2017 09:00:00 PM,9,4,5
09/22/2017 10:00:00 PM,7,3,4
09/22/2017 11:00:00 PM,5,3,2
09/23/2017 12:00:00 AM,4,3,1
09/23/2017 01:00:00 AM,3,3,0
09/23/2017 02:00:00 AM,4,1,3
09/23/2017 03:00:00 AM,1,1,0
09/23/2017 04:00:00 AM,3,2,1
09/23/2017 05:00:00 AM,7,1,6
09/23/2017 06:00:00 AM,9,2,7
09/23/2017 07:00:00 AM,8,4,4
09/23/2017 08:00:00 AM,35,9,26
09/23/2017 09:00:00 AM,46,17,29
09/23/2017 10:00:00 AM,53,32,21
09/23/2017 11:00:00 AM,64,30,34
09/23/2017 12:00:00 PM,75,34,41
09/23/2017 01:00:00 PM,70,36,34
09/23/2017 02:00:00 PM,56,25,31
09/23/2017 03:00:00 PM,55,29,26
09/23/2017 04:00:00 PM,47,31,16
09/23/2017 05:00:00 PM,39,24,15
09/23/2017 06:00:00 PM,18,10,8
09/23/2017 07:00:00 PM,5,5,0
09/23/2017 08:00:00 PM,9,7,2
09/23/2017 09:00:00 PM,7,6,1
09/23/2017 10:00:00 PM,5,3,2
09/23/2017 11:00:00 PM,5,3,2
09/24/2017 12:00:00 AM,2,2,0
09/24/2017 01:00:00 AM,4,2,2
09/24/2017 02:00:00 AM,2,1,1
09/24/2017 03:00:00 AM,5,3,2
09/24/2017 04:00:00 AM,2,2,0
09/24/2017 05:00:00 AM,4,0,4
09/24/2017 06:00:00 AM,7,2,5
09/24/2017 07:00:00 AM,9,2,7
09/24/2017 08:00:00 AM,30,11,19
09/24/2017 09:00:00 AM,36,21,15
09/24/2017 10:00:00 AM,22,4,18
09/24/2017 11:00:00 AM,44,23,21
09/24/2017 12:00:00 PM,40,24,16
09/24/2017 01:00:00 PM,60,28,32
09/24/2017 02:00:00 PM,43,31,12
09/24/2017 03:00:00 PM,42,22,20
09/24/2017 04:00:00 PM,42,17,25
09/24/2017 05:00:00 PM,27,11,16
09/24/2017 06:00:00 PM,25,13,12
09/24/2017 07:00:00 PM,15,7,8
09/24/2017 08:00:00 PM,9,8,1
09/24/2017 09:00:00 PM,5,5,0
09/24/2017 10:00:00 PM,5,2,3
09/24/2017 11:00:00 PM,5,3,2
09/25/2017 12:00:00 AM,3,1,2
09/25/2017 01:00:00 AM,4,3,1
09/25/2017 02:00:00 AM,3,2,1
09/25/2017 03:00:00 AM,2,1,1
09/25/2017 04:00:00 AM,5,0,5
09/25/2017 05:00:00 AM,26,4,22
09/25/2017 06:00:00 AM,59,7,52
09/25/2017 07:00:00 AM,106,10,96
09/25/2017 08:00:00 AM,126,9,117
09/25/2017 09:00:00 AM,47,5,42
09/25/2017 10:00:00 AM,15,4,11
09/25/2017 11:00:00 AM,13,2,11
09/25/2017 12:00:00 PM,5,3,2
09/25/2017 01:00:00 PM,16,7,9
09/25/2017 02:00:00 PM,25,17,8
09/25/2017 03:00:00 PM,33,22,11
09/25/2017 04:00:00 PM,95,77,18
09/25/2017 05:00:00 PM,151,137,14
09/25/2017 06:00:00 PM,88,81,7
09/25/2017 07:00:00 PM,32,24,8
09/25/2017 08:00:00 PM,10,7,3
09/25/2017 09:00:00 PM,6,4,2
09/25/2017 10:00:00 PM,4,1,3
09/25/2017 11:00:00 PM,1,1,0
09/26/2017 12:00:00 AM,2,2,0
09/26/2017 01:00:00 AM,7,4,3
09/26/2017 02:00:00 AM,0,0,0
09/26/2017 03:00:00 AM,4,4,0
09/26/2017 04:00:00 AM,6,1,5
09/26/2017 05:00:00 AM,30,4,26
09/26/2017 06:00:00 AM,82,11,71
09/26/2017 07:00:00 AM,156,14,142
09/26/2017 08:00:00 AM,148,16,132
09/26/2017 09:00:00 AM,51,7,44
09/26/2017 10:00:00 AM,20,2,18
09/26/2017 11:00:00 AM,26,11,15
09/26/2017 12:00:00 PM,21,10,11
09/26/2017 01:00:00 PM,27,13,14
09/26/2017 02:00:00 PM,45,22,23
09/26/2017 03:00:00 PM,49,34,15
09/26/2017 04:00:00 PM,134,115,19
09/26/2017 05:00:00 PM,195,177,18
09/26/2017 06:00:00 PM,121,106,15
09/26/2017 07:00:00 PM,39,30,9
09/26/2017 08:00:00 PM,25,16,9
09/26/2017 09:00:00 PM,10,10,0
09/26/2017 10:00:00 PM,9,8,1
09/26/2017 11:00:00 PM,14,11,3
09/27/2017 12:00:00 AM,3,2,1
09/27/2017 01:00:00 AM,2,2,0
09/27/2017 02:00:00 AM,0,0,0
09/27/2017 03:00:00 AM,3,2,1
09/27/2017 04:00:00 AM,6,1,5
09/27/2017 05:00:00 AM,26,3,23
09/27/2017 06:00:00 AM,74,10,64
09/27/2017 07:00:00 AM,147,18,129
09/27/2017 08:00:00 AM,164,9,155
09/27/2017 09:00:00 AM,67,11,56
09/27/2017 10:00:00 AM,35,6,29
09/27/2017 11:00:00 AM,26,8,18
09/27/2017 12:00:00 PM,32,14,18
09/27/2017 01:00:00 PM,42,13,29
09/27/2017 02:00:00 PM,29,17,12
09/27/2017 03:00:00 PM,60,39,21
09/27/2017 04:00:00 PM,116,96,20
09/27/2017 05:00:00 PM,177,159,18
09/27/2017 06:00:00 PM,130,110,20
09/27/2017 07:00:00 PM,38,29,9
09/27/2017 08:00:00 PM,18,13,5
09/27/2017 09:00:00 PM,14,13,1
09/27/2017 10:00:00 PM,13,9,4
09/27/2017 11:00:00 PM,9,9,0
09/28/2017 12:00:00 AM,5,4,1
09/28/2017 01:00:00 AM,3,3,0
09/28/2017 02:00:00 AM,4,4,0
09/28/2017 03:00:00 AM,2,0,2
09/28/2017 04:00:00 AM,7,2,5
09/28/2017 05:00:00 AM,28,2,26
09/28/2017 06:00:00 AM,88,16,72
09/28/2017 07:00:00 AM,146,16,130
09/28/2017 08:00:00 AM,193,20,173
09/28/2017 09:00:00 AM,56,6,50
09/28/2017 10:00:00 AM,36,10,26
09/28/2017 11:00:00 AM,31,9,22
09/28/2017 12:00:00 PM,27,16,11
09/28/2017 01:00:00 PM,43,22,21
09/28/2017 02:00:00 PM,44,26,18
09/28/2017 03:00:00 PM,70,47,23
09/28/2017 04:00:00 PM,154,122,32
09/28/2017 05:00:00 PM,192,169,23
09/28/2017 06:00:00 PM,151,130,21
09/28/2017 07:00:00 PM,44,34,10
09/28/2017 08:00:00 PM,17,12,5
09/28/2017 09:00:00 PM,17,10,7
09/28/2017 10:00:00 PM,9,5,4
09/28/2017 11:00:00 PM,7,4,3
09/29/2017 12:00:00 AM,1,1,0
09/29/2017 01:00:00 AM,3,3,0
09/29/2017 02:00:00 AM,3,2,1
09/29/2017 03:00:00 AM,0,0,0
09/29/2017 04:00:00 AM,5,2,3
09/29/2017 05:00:00 AM,12,3,9
09/29/2017 06:00:00 AM,38,3,35
09/29/2017 07:00:00 AM,87,18,69
09/29/2017 08:00:00 AM,91,9,82
09/29/2017 09:00:00 AM,37,7,30
09/29/2017 10:00:00 AM,20,6,14
09/29/2017 11:00:00 AM,8,3,5
09/29/2017 12:00:00 PM,16,6,10
09/29/2017 01:00:00 PM,11,5,6
09/29/2017 02:00:00 PM,24,19,5
09/29/2017 03:00:00 PM,34,22,12
09/29/2017 04:00:00 PM,74,59,15
09/29/2017 05:00:00 PM,97,88,9
09/29/2017 06:00:00 PM,69,55,14
09/29/2017 07:00:00 PM,30,26,4
09/29/2017 08:00:00 PM,7,7,0
09/29/2017 09:00:00 PM,6,4,2
09/29/2017 10:00:00 PM,4,4,0
09/29/2017 11:00:00 PM,14,11,3
09/30/2017 12:00:00 AM,9,7,2
09/30/2017 01:00:00 AM,2,1,1
09/30/2017 02:00:00 AM,1,1,0
09/30/2017 03:00:00 AM,5,4,1
09/30/2017 04:00:00 AM,2,2,0
09/30/2017 05:00:00 AM,3,0,3
09/30/2017 06:00:00 AM,8,2,6
09/30/2017 07:00:00 AM,8,2,6
09/30/2017 08:00:00 AM,26,8,18
09/30/2017 09:00:00 AM,22,11,11
09/30/2017 10:00:00 AM,25,8,17
09/30/2017 11:00:00 AM,45,22,23
09/30/2017 12:00:00 PM,39,17,22
09/30/2017 01:00:00 PM,35,13,22
09/30/2017 02:00:00 PM,23,18,5
09/30/2017 03:00:00 PM,20,9,11
09/30/2017 04:00:00 PM,25,16,9
09/30/2017 05:00:00 PM,10,6,4
09/30/2017 06:00:00 PM,16,11,5
09/30/2017 07:00:00 PM,13,5,8
09/30/2017 08:00:00 PM,4,3,1
09/30/2017 09:00:00 PM,4,4,0
09/30/2017 10:00:00 PM,3,3,0
09/30/2017 11:00:00 PM,5,5,0
10/01/2017 12:00:00 AM,2,1,1
10/01/2017 01:00:00 AM,4,1,3
10/01/2017 02:00:00 AM,4,3,1
10/01/2017 03:00:00 AM,3,1,2
10/01/2017 04:00:00 AM,4,2,2
10/01/2017 05:00:00 AM,4,0,4
10/01/2017 06:00:00 AM,5,1,4
10/01/2017 07:00:00 AM,4,1,3
10/01/2017 08:00:00 AM,24,3,21
10/01/2017 09:00:00 AM,21,11,10
10/01/2017 10:00:00 AM,27,14,13
10/01/2017 11:00:00 AM,33,14,19
10/01/2017 12:00:00 PM,37,14,23
10/01/2017 01:00:00 PM,32,16,16
10/01/2017 02:00:00 PM,19,9,10
10/01/2017 03:00:00 PM,35,20,15
10/01/2017 04:00:00 PM,24,13,11
10/01/2017 05:00:00 PM,32,17,15
10/01/2017 06:00:00 PM,18,11,7
10/01/2017 07:00:00 PM,12,6,6
10/01/2017 08:00:00 PM,7,6,1
10/01/2017 09:00:00 PM,14,10,4
10/01/2017 10:00:00 PM,5,5,0
10/01/2017 11:00:00 PM,6,4,2
10/02/2017 12:00:00 AM,5,3,2
10/02/2017 01:00:00 AM,3,2,1
10/02/2017 02:00:00 AM,2,1,1
10/02/2017 03:00:00 AM,1,1,0
10/02/2017 04:00:00 AM,6,1,5
10/02/2017 05:00:00 AM,25,4,21
10/02/2017 06:00:00 AM,61,11,50
10/02/2017 07:00:00 AM,168,12,156
10/02/2017 08:00:00 AM,158,17,141
10/02/2017 09:00:00 AM,60,4,56
10/02/2017 10:00:00 AM,27,7,20
10/02/2017 11:00:00 AM,12,4,8
10/02/2017 12:00:00 PM,11,7,4
10/02/2017 01:00:00 PM,23,15,8
10/02/2017 02:00:00 PM,23,15,8
10/02/2017 03:00:00 PM,43,35,8
10/02/2017 04:00:00 PM,111,94,17
10/02/2017 05:00:00 PM,185,169,16
10/02/2017 06:00:00 PM,96,83,13
10/02/2017 07:00:00 PM,44,32,12
10/02/2017 08:00:00 PM,11,9,2
10/02/2017 09:00:00 PM,8,7,1
10/02/2017 10:00:00 PM,5,5,0
10/02/2017 11:00:00 PM,2,1,1
10/03/2017 12:00:00 AM,0,0,0
10/03/2017 01:00:00 AM,0,0,0
10/03/2017 02:00:00 AM,2,1,1
10/03/2017 03:00:00 AM,2,1,1
10/03/2017 04:00:00 AM,8,1,7
10/03/2017 05:00:00 AM,29,2,27
10/03/2017 06:00:00 AM,67,13,54
10/03/2017 07:00:00 AM,164,13,151
10/03/2017 08:00:00 AM,150,11,139
10/03/2017 09:00:00 AM,73,9,64
10/03/2017 10:00:00 AM,25,7,18
10/03/2017 11:00:00 AM,22,10,12
10/03/2017 12:00:00 PM,24,13,11
10/03/2017 01:00:00 PM,38,16,22
10/03/2017 02:00:00 PM,34,16,18
10/03/2017 03:00:00 PM,55,38,17
10/03/2017 04:00:00 PM,97,81,16
10/03/2017 05:00:00 PM,202,182,20
10/03/2017 06:00:00 PM,126,110,16
10/03/2017 07:00:00 PM,42,37,5
10/03/2017 08:00:00 PM,15,13,2
10/03/2017 09:00:00 PM,9,7,2
10/03/2017 10:00:00 PM,5,3,2
10/03/2017 11:00:00 PM,7,4,3
10/04/2017 12:00:00 AM,1,0,1
10/04/2017 01:00:00 AM,1,1,0
10/04/2017 02:00:00 AM,2,1,1
10/04/2017 03:00:00 AM,1,0,1
10/04/2017 04:00:00 AM,2,1,1
10/04/2017 05:00:00 AM,25,4,21
10/04/2017 06:00:00 AM,67,9,58
10/04/2017 07:00:00 AM,157,16,141
10/04/2017 08:00:00 AM,138,13,125
10/04/2017 09:00:00 AM,56,8,48
10/04/2017 10:00:00 AM,31,7,24
10/04/2017 11:00:00 AM,10,5,5
10/04/2017 12:00:00 PM,24,10,14
10/04/2017 01:00:00 PM,20,5,15
10/04/2017 02:00:00 PM,38,24,14
10/04/2017 03:00:00 PM,51,35,16
10/04/2017 04:00:00 PM,123,102,21
10/04/2017 05:00:00 PM,185,155,30
10/04/2017 06:00:00 PM,99,89,10
10/04/2017 07:00:00 PM,33,25,8
10/04/2017 08:00:00 PM,20,11,9
10/04/2017 09:00:00 PM,20,17,3
10/04/2017 10:00:00 PM,4,3,1
10/04/2017 11:00:00 PM,4,4,0
10/05/2017 12:00:00 AM,5,3,2
10/05/2017 01:00:00 AM,8,4,4
10/05/2017 02:00:00 AM,1,1,0
10/05/2017 03:00:00 AM,3,1,2
10/05/2017 04:00:00 AM,5,1,4
10/05/2017 05:00:00 AM,25,3,22
10/05/2017 06:00:00 AM,69,11,58
10/05/2017 07:00:00 AM,142,14,128
10/05/2017 08:00:00 AM,145,11,134
10/05/2017 09:00:00 AM,51,5,46
10/05/2017 10:00:00 AM,34,9,25
10/05/2017 11:00:00 AM,37,16,21
10/05/2017 12:00:00 PM,21,12,9
10/05/2017 01:00:00 PM,31,13,18
10/05/2017 02:00:00 PM,41,23,18
10/05/2017 03:00:00 PM,64,46,18
10/05/2017 04:00:00 PM,97,73,24
10/05/2017 05:00:00 PM,178,153,25
10/05/2017 06:00:00 PM,111,91,20
10/05/2017 07:00:00 PM,75,60,15
10/05/2017 08:00:00 PM,20,14,6
10/05/2017 09:00:00 PM,15,5,10
10/05/2017 10:00:00 PM,8,5,3
10/05/2017 11:00:00 PM,12,9,3
10/06/2017 12:00:00 AM,8,3,5
10/06/2017 01:00:00 AM,8,0,8
10/06/2017 02:00:00 AM,2,1,1
10/06/2017 03:00:00 AM,1,1,0
10/06/2017 04:00:00 AM,6,2,4
10/06/2017 05:00:00 AM,17,2,15
10/06/2017 06:00:00 AM,48,8,40
10/06/2017 07:00:00 AM,122,10,112
10/06/2017 08:00:00 AM,111,7,104
10/06/2017 09:00:00 AM,51,8,43
10/06/2017 10:00:00 AM,23,4,19
10/06/2017 11:00:00 AM,24,12,12
10/06/2017 12:00:00 PM,19,5,14
10/06/2017 01:00:00 PM,29,13,16
10/06/2017 02:00:00 PM,37,22,15
10/06/2017 03:00:00 PM,49,35,14
10/06/2017 04:00:00 PM,88,75,13
10/06/2017 05:00:00 PM,129,113,16
10/06/2017 06:00:00 PM,63,50,13
10/06/2017 07:00:00 PM,22,14,8
10/06/2017 08:00:00 PM,7,6,1
10/06/2017 09:00:00 PM,6,5,1
10/06/2017 10:00:00 PM,4,1,3
10/06/2017 11:00:00 PM,1,0,1
10/07/2017 12:00:00 AM,2,2,0
10/07/2017 01:00:00 AM,2,1,1
10/07/2017 02:00:00 AM,6,5,1
10/07/2017 03:00:00 AM,1,1,0
10/07/2017 04:00:00 AM,6,5,1
10/07/2017 05:00:00 AM,3,1,2
10/07/2017 06:00:00 AM,2,1,1
10/07/2017 07:00:00 AM,6,1,5
10/07/2017 08:00:00 AM,19,8,11
10/07/2017 09:00:00 AM,26,11,15
10/07/2017 10:00:00 AM,30,13,17
10/07/2017 11:00:00 AM,28,12,16
10/07/2017 12:00:00 PM,23,12,11
10/07/2017 01:00:00 PM,25,16,9
10/07/2017 02:00:00 PM,22,9,13
10/07/2017 03:00:00 PM,21,13,8
10/07/2017 04:00:00 PM,23,14,9
10/07/2017 05:00:00 PM,25,12,13
10/07/2017 06:00:00 PM,16,5,11
10/07/2017 07:00:00 PM,2,2,0
10/07/2017 08:00:00 PM,6,4,2
10/07/2017 09:00:00 PM,7,5,2
10/07/2017 10:00:00 PM,2,1,1
10/07/2017 11:00:00 PM,0,0,0
10/08/2017 12:00:00 AM,0,0,0
10/08/2017 01:00:00 AM,5,3,2
10/08/2017 02:00:00 AM,0,0,0
10/08/2017 03:00:00 AM,1,1,0
10/08/2017 04:00:00 AM,4,1,3
10/08/2017 05:00:00 AM,4,1,3
10/08/2017 06:00:00 AM,8,4,4
10/08/2017 07:00:00 AM,7,2,5
10/08/2017 08:00:00 AM,21,5,16
10/08/2017 09:00:00 AM,14,7,7
10/08/2017 10:00:00 AM,29,10,19
10/08/2017 11:00:00 AM,38,25,13
10/08/2017 12:00:00 PM,38,15,23
10/08/2017 01:00:00 PM,44,18,26
10/08/2017 02:00:00 PM,35,22,13
10/08/2017 03:00:00 PM,55,28,27
10/08/2017 04:00:00 PM,55,24,31
10/08/2017 05:00:00 PM,35,21,14
10/08/2017 06:00:00 PM,17,8,9
10/08/2017 07:00:00 PM,19,9,10
10/08/2017 08:00:00 PM,5,3,2
10/08/2017 09:00:00 PM,3,3,0
10/08/2017 10:00:00 PM,2,1,1
10/08/2017 11:00:00 PM,3,2,1
10/09/2017 12:00:00 AM,1,1,0
10/09/2017 01:00:00 AM,4,4,0
10/09/2017 02:00:00 AM,0,0,0
10/09/2017 03:00:00 AM,1,1,0
10/09/2017 04:00:00 AM,2,0,2
10/09/2017 05:00:00 AM,20,1,19
10/09/2017 06:00:00 AM,57,6,51
10/09/2017 07:00:00 AM,138,11,127
10/09/2017 08:00:00 AM,135,7,128
10/09/2017 09:00:00 AM,48,2,46
10/09/2017 10:00:00 AM,27,7,20
10/09/2017 11:00:00 AM,19,8,11
10/09/2017 12:00:00 PM,28,13,15
10/09/2017 01:00:00 PM,24,10,14
10/09/2017 02:00:00 PM,31,16,15
10/09/2017 03:00:00 PM,47,32,15
10/09/2017 04:00:00 PM,116,101,15
10/09/2017 05:00:00 PM,181,164,17
10/09/2017 06:00:00 PM,106,88,18
10/09/2017 07:00:00 PM,33,24,9
10/09/2017 08:00:00 PM,21,17,4
10/09/2017 09:00:00 PM,9,5,4
10/09/2017 10:00:00 PM,3,1,2
10/09/2017 11:00:00 PM,1,1,0
10/10/2017 12:00:00 AM,3,2,1
10/10/2017 01:00:00 AM,2,2,0
10/10/2017 02:00:00 AM,5,2,3
10/10/2017 03:00:00 AM,1,1,0
10/10/2017 04:00:00 AM,3,1,2
10/10/2017 05:00:00 AM,24,1,23
10/10/2017 06:00:00 AM,61,17,44
10/10/2017 07:00:00 AM,129,13,116
10/10/2017 08:00:00 AM,122,9,113
10/10/2017 09:00:00 AM,43,2,41
10/10/2017 10:00:00 AM,21,2,19
10/10/2017 11:00:00 AM,14,5,9
10/10/2017 12:00:00 PM,11,7,4
10/10/2017 01:00:00 PM,12,5,7
10/10/2017 02:00:00 PM,10,6,4
10/10/2017 03:00:00 PM,34,27,7
10/10/2017 04:00:00 PM,93,79,14
10/10/2017 05:00:00 PM,137,122,15
10/10/2017 06:00:00 PM,84,71,13
10/10/2017 07:00:00 PM,19,15,4
10/10/2017 08:00:00 PM,13,11,2
10/10/2017 09:00:00 PM,8,7,1
10/10/2017 10:00:00 PM,6,6,0
10/10/2017 11:00:00 PM,5,4,1
10/11/2017 12:00:00 AM,2,0,2
10/11/2017 01:00:00 AM,1,0,1
10/11/2017 02:00:00 AM,2,1,1
10/11/2017 03:00:00 AM,1,1,0
10/11/2017 04:00:00 AM,2,1,1
10/11/2017 05:00:00 AM,23,2,21
10/11/2017 06:00:00 AM,63,7,56
10/11/2017 07:00:00 AM,91,8,83
10/11/2017 08:00:00 AM,150,7,143
10/11/2017 09:00:00 AM,51,8,43
10/11/2017 10:00:00 AM,24,4,20
10/11/2017 11:00:00 AM,16,5,11
10/11/2017 12:00:00 PM,19,10,9
10/11/2017 01:00:00 PM,22,9,13
10/11/2017 02:00:00 PM,19,12,7
10/11/2017 03:00:00 PM,46,32,14
10/11/2017 04:00:00 PM,81,69,12
10/11/2017 05:00:00 PM,139,119,20
10/11/2017 06:00:00 PM,83,70,13
10/11/2017 07:00:00 PM,25,19,6
10/11/2017 08:00:00 PM,16,12,4
10/11/2017 09:00:00 PM,8,7,1
10/11/2017 10:00:00 PM,11,6,5
10/11/2017 11:00:00 PM,2,1,1
10/12/2017 12:00:00 AM,0,0,0
10/12/2017 01:00:00 AM,2,0,2
10/12/2017 02:00:00 AM,3,3,0
10/12/2017 03:00:00 AM,2,2,0
10/12/2017 04:00:00 AM,5,1,4
10/12/2017 05:00:00 AM,16,0,16
10/12/2017 06:00:00 AM,46,7,39
10/12/2017 07:00:00 AM,92,10,82
10/12/2017 08:00:00 AM,97,7,90
10/12/2017 09:00:00 AM,40,6,34
10/12/2017 10:00:00 AM,18,6,12
10/12/2017 11:00:00 AM,12,3,9
10/12/2017 12:00:00 PM,8,4,4
10/12/2017 01:00:00 PM,6,2,4
10/12/2017 02:00:00 PM,13,7,6
10/12/2017 03:00:00 PM,19,15,4
10/12/2017 04:00:00 PM,66,54,12
10/12/2017 05:00:00 PM,109,97,12
10/12/2017 06:00:00 PM,65,56,9
10/12/2017 07:00:00 PM,21,19,2
10/12/2017 08:00:00 PM,7,6,1
10/12/2017 09:00:00 PM,9,7,2
10/12/2017 10:00:00 PM,4,3,1
10/12/2017 11:00:00 PM,6,4,2
10/13/2017 12:00:00 AM,0,0,0
10/13/2017 01:00:00 AM,3,1,2
10/13/2017 02:00:00 AM,0,0,0
10/13/2017 03:00:00 AM,1,1,0
10/13/2017 04:00:00 AM,4,1,3
10/13/2017 05:00:00 AM,17,1,16
10/13/2017 06:00:00 AM,35,7,28
10/13/2017 07:00:00 AM,106,12,94
10/13/2017 08:00:00 AM,104,6,98
10/13/2017 09:00:00 AM,39,4,35
10/13/2017 10:00:00 AM,19,4,15
10/13/2017 11:00:00 AM,13,4,9
10/13/2017 12:00:00 PM,18,6,12
10/13/2017 01:00:00 PM,12,8,4
10/13/2017 02:00:00 PM,26,11,15
10/13/2017 03:00:00 PM,34,24,10
10/13/2017 04:00:00 PM,83,69,14
10/13/2017 05:00:00 PM,130,111,19
10/13/2017 06:00:00 PM,69,55,14
10/13/2017 07:00:00 PM,24,19,5
10/13/2017 08:00:00 PM,13,7,6
10/13/2017 09:00:00 PM,7,4,3
10/13/2017 10:00:00 PM,4,3,1
10/13/2017 11:00:00 PM,6,4,2
10/14/2017 12:00:00 AM,4,3,1
10/14/2017 01:00:00 AM,2,2,0
10/14/2017 02:00:00 AM,3,2,1
10/14/2017 03:00:00 AM,0,0,0
10/14/2017 04:00:00 AM,5,4,1
10/14/2017 05:00:00 AM,2,0,2
10/14/2017 06:00:00 AM,7,4,3
10/14/2017 07:00:00 AM,6,3,3
10/14/2017 08:00:00 AM,27,6,21
10/14/2017 09:00:00 AM,22,10,12
10/14/2017 10:00:00 AM,26,11,15
10/14/2017 11:00:00 AM,29,19,10
10/14/2017 12:00:00 PM,41,14,27
10/14/2017 01:00:00 PM,25,11,14
10/14/2017 02:00:00 PM,36,24,12
10/14/2017 03:00:00 PM,37,13,24
10/14/2017 04:00:00 PM,39,24,15
10/14/2017 05:00:00 PM,19,12,7
10/14/2017 06:00:00 PM,20,11,9
10/14/2017 07:00:00 PM,6,4,2
10/14/2017 08:00:00 PM,10,5,5
10/14/2017 09:00:00 PM,3,2,1
10/14/2017 10:00:00 PM,6,3,3
10/14/2017 11:00:00 PM,3,2,1
10/15/2017 12:00:00 AM,2,2,0
10/15/2017 01:00:00 AM,4,4,0
10/15/2017 02:00:00 AM,2,1,1
10/15/2017 03:00:00 AM,1,0,1
10/15/2017 04:00:00 AM,2,1,1
10/15/2017 05:00:00 AM,4,0,4
10/15/2017 06:00:00 AM,10,4,6
10/15/2017 07:00:00 AM,6,3,3
10/15/2017 08:00:00 AM,24,7,17
10/15/2017 09:00:00 AM,21,11,10
10/15/2017 10:00:00 AM,39,15,24
10/15/2017 11:00:00 AM,42,21,21
10/15/2017 12:00:00 PM,50,26,24
10/15/2017 01:00:00 PM,68,37,31
10/15/2017 02:00:00 PM,71,34,37
10/15/2017 03:00:00 PM,69,27,42
10/15/2017 04:00:00 PM,56,29,27
10/15/2017 05:00:00 PM,38,17,21
10/15/2017 06:00:00 PM,22,14,8
10/15/2017 07:00:00 PM,13,10,3
10/15/2017 08:00:00 PM,6,6,0
10/15/2017 09:00:00 PM,10,6,4
10/15/2017 10:00:00 PM,2,0,2
10/15/2017 11:00:00 PM,4,1,3
10/16/2017 12:00:00 AM,1,1,0
10/16/2017 01:00:00 AM,4,4,0
10/16/2017 02:00:00 AM,2,0,2
10/16/2017 03:00:00 AM,6,2,4
10/16/2017 04:00:00 AM,5,1,4
10/16/2017 05:00:00 AM,20,2,18
10/16/2017 06:00:00 AM,69,7,62
10/16/2017 07:00:00 AM,146,11,135
10/16/2017 08:00:00 AM,148,11,137
10/16/2017 09:00:00 AM,51,6,45
10/16/2017 10:00:00 AM,22,7,15
10/16/2017 11:00:00 AM,14,3,11
10/16/2017 12:00:00 PM,20,10,10
10/16/2017 01:00:00 PM,16,6,10
10/16/2017 02:00:00 PM,22,15,7
10/16/2017 03:00:00 PM,43,29,14
10/16/2017 04:00:00 PM,115,96,19
10/16/2017 05:00:00 PM,177,157,20
10/16/2017 06:00:00 PM,107,97,10
10/16/2017 07:00:00 PM,18,14,4
10/16/2017 08:00:00 PM,9,7,2
10/16/2017 09:00:00 PM,7,6,1
10/16/2017 10:00:00 PM,3,2,1
10/16/2017 11:00:00 PM,3,3,0
10/17/2017 12:00:00 AM,6,4,2
10/17/2017 01:00:00 AM,0,0,0
10/17/2017 02:00:00 AM,1,1,0
10/17/2017 03:00:00 AM,2,1,1
10/17/2017 04:00:00 AM,4,3,1
10/17/2017 05:00:00 AM,24,3,21
10/17/2017 06:00:00 AM,51,6,45
10/17/2017 07:00:00 AM,115,8,107
10/17/2017 08:00:00 AM,87,6,81
10/17/2017 09:00:00 AM,38,1,37
10/17/2017 10:00:00 AM,14,4,10
10/17/2017 11:00:00 AM,16,1,15
10/17/2017 12:00:00 PM,7,5,2
10/17/2017 01:00:00 PM,10,5,5
10/17/2017 02:00:00 PM,12,5,7
10/17/2017 03:00:00 PM,24,12,12
10/17/2017 04:00:00 PM,85,72,13
10/17/2017 05:00:00 PM,122,108,14
10/17/2017 06:00:00 PM,79,67,12
10/17/2017 07:00:00 PM,17,16,1
10/17/2017 08:00:00 PM,10,9,1
10/17/2017 09:00:00 PM,9,5,4
10/17/2017 10:00:00 PM,5,4,1
10/17/2017 11:00:00 PM,4,4,0
10/18/2017 12:00:00 AM,7,5,2
10/18/2017 01:00:00 AM,3,2,1
10/18/2017 02:00:00 AM,3,2,1
10/18/2017 03:00:00 AM,2,1,1
10/18/2017 04:00:00 AM,5,1,4
10/18/2017 05:00:00 AM,18,5,13
10/18/2017 06:00:00 AM,53,8,45
10/18/2017 07:00:00 AM,113,10,103
10/18/2017 08:00:00 AM,88,6,82
10/18/2017 09:00:00 AM,34,7,27
10/18/2017 10:00:00 AM,10,1,9
10/18/2017 11:00:00 AM,7,3,4
10/18/2017 12:00:00 PM,3,1,2
10/18/2017 01:00:00 PM,6,4,2
10/18/2017 02:00:00 PM,11,8,3
10/18/2017 03:00:00 PM,33,23,10
10/18/2017 04:00:00 PM,48,43,5
10/18/2017 05:00:00 PM,102,87,15
10/18/2017 06:00:00 PM,43,41,2
10/18/2017 07:00:00 PM,18,14,4
10/18/2017 08:00:00 PM,10,9,1
10/18/2017 09:00:00 PM,5,5,0
10/18/2017 10:00:00 PM,2,1,1
10/18/2017 11:00:00 PM,2,2,0
10/19/2017 12:00:00 AM,1,0,1
10/19/2017 01:00:00 AM,1,1,0
10/19/2017 02:00:00 AM,1,1,0
10/19/2017 03:00:00 AM,0,0,0
10/19/2017 04:00:00 AM,2,0,2
10/19/2017 05:00:00 AM,13,1,12
10/19/2017 06:00:00 AM,36,8,28
10/19/2017 07:00:00 AM,62,4,58
10/19/2017 08:00:00 AM,77,7,70
10/19/2017 09:00:00 AM,27,3,24
10/19/2017 10:00:00 AM,23,6,17
10/19/2017 11:00:00 AM,4,2,2
10/19/2017 12:00:00 PM,9,6,3
10/19/2017 01:00:00 PM,10,3,7
10/19/2017 02:00:00 PM,17,8,9
10/19/2017 03:00:00 PM,21,19,2
10/19/2017 04:00:00 PM,39,29,10
10/19/2017 05:00:00 PM,72,61,11
10/19/2017 06:00:00 PM,53,48,5
10/19/2017 07:00:00 PM,17,16,1
10/19/2017 08:00:00 PM,7,6,1
10/19/2017 09:00:00 PM,5,3,2
10/19/2017 10:00:00 PM,3,3,0
10/19/2017 11:00:00 PM,2,1,1
10/20/2017 12:00:00 AM,1,1,0
10/20/2017 01:00:00 AM,2,0,2
10/20/2017 02:00:00 AM,3,3,0
10/20/2017 03:00:00 AM,1,0,1
10/20/2017 04:00:00 AM,7,1,6
10/20/2017 05:00:00 AM,13,1,12
10/20/2017 06:00:00 AM,33,4,29
10/20/2017 07:00:00 AM,69,8,61
10/20/2017 08:00:00 AM,80,6,74
10/20/2017 09:00:00 AM,28,2,26
10/20/2017 10:00:00 AM,14,4,10
10/20/2017 11:00:00 AM,11,5,6
10/20/2017 12:00:00 PM,11,4,7
10/20/2017 01:00:00 PM,7,3,4
10/20/2017 02:00:00 PM,20,11,9
10/20/2017 03:00:00 PM,24,17,7
10/20/2017 04:00:00 PM,59,48,11
10/20/2017 05:00:00 PM,88,80,8
10/20/2017 06:00:00 PM,47,41,6
10/20/2017 07:00:00 PM,14,12,2
10/20/2017 08:00:00 PM,8,7,1
10/20/2017 09:00:00 PM,3,2,1
10/20/2017 10:00:00 PM,3,2,1
10/20/2017 11:00:00 PM,2,2,0
10/21/2017 12:00:00 AM,3,2,1
10/21/2017 01:00:00 AM,4,2,2
10/21/2017 02:00:00 AM,1,1,0
10/21/2017 03:00:00 AM,1,1,0
10/21/2017 04:00:00 AM,2,1,1
10/21/2017 05:00:00 AM,2,1,1
10/21/2017 06:00:00 AM,3,2,1
10/21/2017 07:00:00 AM,4,2,2
10/21/2017 08:00:00 AM,7,2,5
10/21/2017 09:00:00 AM,12,7,5
10/21/2017 10:00:00 AM,7,3,4
10/21/2017 11:00:00 AM,6,2,4
10/21/2017 12:00:00 PM,6,3,3
10/21/2017 01:00:00 PM,11,6,5
10/21/2017 02:00:00 PM,5,1,4
10/21/2017 03:00:00 PM,10,7,3
10/21/2017 04:00:00 PM,5,2,3
10/21/2017 05:00:00 PM,11,7,4
10/21/2017 06:00:00 PM,7,2,5
10/21/2017 07:00:00 PM,5,5,0
10/21/2017 08:00:00 PM,2,0,2
10/21/2017 09:00:00 PM,2,2,0
10/21/2017 10:00:00 PM,0,0,0
10/21/2017 11:00:00 PM,1,1,0
10/22/2017 12:00:00 AM,0,0,0
10/22/2017 01:00:00 AM,1,0,1
10/22/2017 02:00:00 AM,0,0,0
10/22/2017 03:00:00 AM,1,1,0
10/22/2017 04:00:00 AM,1,0,1
10/22/2017 05:00:00 AM,2,1,1
10/22/2017 06:00:00 AM,10,5,5
10/22/2017 07:00:00 AM,2,0,2
10/22/2017 08:00:00 AM,20,9,11
10/22/2017 09:00:00 AM,11,3,8
10/22/2017 10:00:00 AM,45,30,15
10/22/2017 11:00:00 AM,44,17,27
10/22/2017 12:00:00 PM,26,10,16
10/22/2017 01:00:00 PM,40,20,20
10/22/2017 02:00:00 PM,25,12,13
10/22/2017 03:00:00 PM,35,16,19
10/22/2017 04:00:00 PM,29,15,14
10/22/2017 05:00:00 PM,20,9,11
10/22/2017 06:00:00 PM,9,3,6
10/22/2017 07:00:00 PM,3,2,1
10/22/2017 08:00:00 PM,3,0,3
10/22/2017 09:00:00 PM,4,2,2
10/22/2017 10:00:00 PM,4,4,0
10/22/2017 11:00:00 PM,3,2,1
10/23/2017 12:00:00 AM,3,1,2
10/23/2017 01:00:00 AM,3,2,1
10/23/2017 02:00:00 AM,1,1,0
10/23/2017 03:00:00 AM,0,0,0
10/23/2017 04:00:00 AM,4,0,4
10/23/2017 05:00:00 AM,22,2,20
10/23/2017 06:00:00 AM,80,15,65
10/23/2017 07:00:00 AM,117,9,108
10/23/2017 08:00:00 AM,160,15,145
10/23/2017 09:00:00 AM,62,5,57
10/23/2017 10:00:00 AM,34,12,22
10/23/2017 11:00:00 AM,17,5,12
10/23/2017 12:00:00 PM,18,4,14
10/23/2017 01:00:00 PM,23,12,11
10/23/2017 02:00:00 PM,32,20,12
10/23/2017 03:00:00 PM,53,33,20
10/23/2017 04:00:00 PM,110,95,15
10/23/2017 05:00:00 PM,210,181,29
10/23/2017 06:00:00 PM,95,76,19
10/23/2017 07:00:00 PM,21,20,1
10/23/2017 08:00:00 PM,11,9,2
10/23/2017 09:00:00 PM,11,10,1
10/23/2017 10:00:00 PM,5,2,3
10/23/2017 11:00:00 PM,2,1,1
10/24/2017 12:00:00 AM,3,1,2
10/24/2017 01:00:00 AM,2,1,1
10/24/2017 02:00:00 AM,4,4,0
10/24/2017 03:00:00 AM,2,2,0
10/24/2017 04:00:00 AM,4,1,3
10/24/2017 05:00:00 AM,35,5,30
10/24/2017 06:00:00 AM,70,12,58
10/24/2017 07:00:00 AM,155,19,136
10/24/2017 08:00:00 AM,153,16,137
10/24/2017 09:00:00 AM,64,7,57
10/24/2017 10:00:00 AM,24,5,19
10/24/2017 11:00:00 AM,23,10,13
10/24/2017 12:00:00 PM,20,9,11
10/24/2017 01:00:00 PM,32,16,16
10/24/2017 02:00:00 PM,30,13,17
10/24/2017 03:00:00 PM,55,41,14
10/24/2017 04:00:00 PM,113,92,21
10/24/2017 05:00:00 PM,214,181,33
10/24/2017 06:00:00 PM,92,77,15
10/24/2017 07:00:00 PM,29,25,4
10/24/2017 08:00:00 PM,9,9,0
10/24/2017 09:00:00 PM,16,14,2
10/24/2017 10:00:00 PM,6,4,2
10/24/2017 11:00:00 PM,2,2,0
10/25/2017 12:00:00 AM,0,0,0
10/25/2017 01:00:00 AM,6,5,1
10/25/2017 02:00:00 AM,3,2,1
10/25/2017 03:00:00 AM,4,3,1
10/25/2017 04:00:00 AM,8,3,5
10/25/2017 05:00:00 AM,23,2,21
10/25/2017 06:00:00 AM,52,4,48
10/25/2017 07:00:00 AM,126,19,107
10/25/2017 08:00:00 AM,139,16,123
10/25/2017 09:00:00 AM,49,7,42
10/25/2017 10:00:00 AM,23,2,21
10/25/2017 11:00:00 AM,17,3,14
10/25/2017 12:00:00 PM,15,7,8
10/25/2017 01:00:00 PM,19,10,9
10/25/2017 02:00:00 PM,10,7,3
10/25/2017 03:00:00 PM,60,42,18
10/25/2017 04:00:00 PM,74,64,10
10/25/2017 05:00:00 PM,154,136,18
10/25/2017 06:00:00 PM,69,63,6
10/25/2017 07:00:00 PM,32,27,5
10/25/2017 08:00:00 PM,21,14,7
10/25/2017 09:00:00 PM,4,3,1
10/25/2017 10:00:00 PM,6,6,0
10/25/2017 11:00:00 PM,0,0,0
10/26/2017 12:00:00 AM,1,0,1
10/26/2017 01:00:00 AM,1,1,0
10/26/2017 02:00:00 AM,2,1,1
10/26/2017 03:00:00 AM,2,1,1
10/26/2017 04:00:00 AM,5,1,4
10/26/2017 05:00:00 AM,26,1,25
10/26/2017 06:00:00 AM,71,9,62
10/26/2017 07:00:00 AM,138,15,123
10/26/2017 08:00:00 AM,138,19,119
10/26/2017 09:00:00 AM,58,7,51
10/26/2017 10:00:00 AM,19,2,17
10/26/2017 11:00:00 AM,21,12,9
10/26/2017 12:00:00 PM,14,4,10
10/26/2017 01:00:00 PM,22,12,10
10/26/2017 02:00:00 PM,23,15,8
10/26/2017 03:00:00 PM,46,29,17
10/26/2017 04:00:00 PM,124,97,27
10/26/2017 05:00:00 PM,163,136,27
10/26/2017 06:00:00 PM,105,87,18
10/26/2017 07:00:00 PM,45,33,12
10/26/2017 08:00:00 PM,13,8,5
10/26/2017 09:00:00 PM,16,11,5
10/26/2017 10:00:00 PM,1,1,0
10/26/2017 11:00:00 PM,6,3,3
10/27/2017 12:00:00 AM,1,1,0
10/27/2017 01:00:00 AM,4,1,3
10/27/2017 02:00:00 AM,6,4,2
10/27/2017 03:00:00 AM,2,2,0
10/27/2017 04:00:00 AM,3,0,3
10/27/2017 05:00:00 AM,18,1,17
10/27/2017 06:00:00 AM,49,4,45
10/27/2017 07:00:00 AM,111,10,101
10/27/2017 08:00:00 AM,131,10,121
10/27/2017 09:00:00 AM,59,10,49
10/27/2017 10:00:00 AM,29,3,26
10/27/2017 11:00:00 AM,24,10,14
10/27/2017 12:00:00 PM,25,7,18
10/27/2017 01:00:00 PM,37,18,19
10/27/2017 02:00:00 PM,54,25,29
10/27/2017 03:00:00 PM,55,39,16
10/27/2017 04:00:00 PM,128,98,30
10/27/2017 05:00:00 PM,131,107,24
10/27/2017 06:00:00 PM,81,61,20
10/27/2017 07:00:00 PM,33,26,7
10/27/2017 08:00:00 PM,15,10,5
10/27/2017 09:00:00 PM,11,5,6
10/27/2017 10:00:00 PM,8,3,5
10/27/2017 11:00:00 PM,8,6,2
10/28/2017 12:00:00 AM,3,2,1
10/28/2017 01:00:00 AM,7,6,1
10/28/2017 02:00:00 AM,2,1,1
10/28/2017 03:00:00 AM,3,2,1
10/28/2017 04:00:00 AM,4,2,2
10/28/2017 05:00:00 AM,5,0,5
10/28/2017 06:00:00 AM,9,2,7
10/28/2017 07:00:00 AM,12,4,8
10/28/2017 08:00:00 AM,20,4,16
10/28/2017 09:00:00 AM,31,17,14
10/28/2017 10:00:00 AM,39,15,24
10/28/2017 11:00:00 AM,41,16,25
10/28/2017 12:00:00 PM,37,16,21
10/28/2017 01:00:00 PM,62,30,32
10/28/2017 02:00:00 PM,64,33,31
10/28/2017 03:00:00 PM,57,36,21
10/28/2017 04:00:00 PM,41,25,16
10/28/2017 05:00:00 PM,36,21,15
10/28/2017 06:00:00 PM,17,13,4
10/28/2017 07:00:00 PM,4,4,0
10/28/2017 08:00:00 PM,15,9,6
10/28/2017 09:00:00 PM,6,5,1
10/28/2017 10:00:00 PM,2,2,0
10/28/2017 11:00:00 PM,2,2,0
10/29/2017 12:00:00 AM,2,2,0
10/29/2017 01:00:00 AM,1,1,0
10/29/2017 02:00:00 AM,2,2,0
10/29/2017 03:00:00 AM,3,1,2
10/29/2017 04:00:00 AM,4,2,2
10/29/2017 05:00:00 AM,5,0,5
10/29/2017 06:00:00 AM,4,2,2
10/29/2017 07:00:00 AM,5,1,4
10/29/2017 08:00:00 AM,26,10,16
10/29/2017 09:00:00 AM,25,15,10
10/29/2017 10:00:00 AM,32,8,24
10/29/2017 11:00:00 AM,25,9,16
10/29/2017 12:00:00 PM,44,22,22
10/29/2017 01:00:00 PM,30,14,16
10/29/2017 02:00:00 PM,33,17,16
10/29/2017 03:00:00 PM,35,20,15
10/29/2017 04:00:00 PM,25,15,10
10/29/2017 05:00:00 PM,35,20,15
10/29/2017 06:00:00 PM,15,8,7
10/29/2017 07:00:00 PM,7,5,2
10/29/2017 08:00:00 PM,7,4,3
10/29/2017 09:00:00 PM,1,1,0
10/29/2017 10:00:00 PM,0,0,0
10/29/2017 11:00:00 PM,1,1,0
10/30/2017 12:00:00 AM,3,3,0
10/30/2017 01:00:00 AM,1,1,0
10/30/2017 02:00:00 AM,0,0,0
10/30/2017 03:00:00 AM,2,1,1
10/30/2017 04:00:00 AM,4,0,4
10/30/2017 05:00:00 AM,32,3,29
10/30/2017 06:00:00 AM,69,16,53
10/30/2017 07:00:00 AM,129,8,121
10/30/2017 08:00:00 AM,146,15,131
10/30/2017 09:00:00 AM,52,6,46
10/30/2017 10:00:00 AM,26,3,23
10/30/2017 11:00:00 AM,24,14,10
10/30/2017 12:00:00 PM,18,9,9
10/30/2017 01:00:00 PM,29,11,18
10/30/2017 02:00:00 PM,19,10,9
10/30/2017 03:00:00 PM,51,41,10
10/30/2017 04:00:00 PM,101,86,15
10/30/2017 05:00:00 PM,185,159,26
10/30/2017 06:00:00 PM,93,81,12
10/30/2017 07:00:00 PM,28,25,3
10/30/2017 08:00:00 PM,15,13,2
10/30/2017 09:00:00 PM,11,8,3
10/30/2017 10:00:00 PM,6,4,2
10/30/2017 11:00:00 PM,4,3,1
10/31/2017 12:00:00 AM,3,2,1
10/31/2017 01:00:00 AM,2,1,1
10/31/2017 02:00:00 AM,3,2,1
10/31/2017 03:00:00 AM,1,0,1
10/31/2017 04:00:00 AM,3,2,1
10/31/2017 05:00:00 AM,25,3,22
10/31/2017 06:00:00 AM,67,10,57
10/31/2017 07:00:00 AM,134,7,127
10/31/2017 08:00:00 AM,135,12,123
10/31/2017 09:00:00 AM,45,5,40
10/31/2017 10:00:00 AM,19,7,12
10/31/2017 11:00:00 AM,42,27,15
10/31/2017 12:00:00 PM,56,16,40
10/31/2017 01:00:00 PM,28,13,15
10/31/2017 02:00:00 PM,26,15,11
10/31/2017 03:00:00 PM,42,33,9
10/31/2017 04:00:00 PM,143,117,26
10/31/2017 05:00:00 PM,190,165,25
10/31/2017 06:00:00 PM,58,54,4
10/31/2017 07:00:00 PM,14,10,4
10/31/2017 08:00:00 PM,13,10,3
10/31/2017 09:00:00 PM,8,2,6
10/31/2017 10:00:00 PM,5,3,2
10/31/2017 11:00:00 PM,1,0,1
11/01/2017 12:00:00 AM,2,2,0
11/01/2017 01:00:00 AM,3,2,1
11/01/2017 02:00:00 AM,4,2,2
11/01/2017 03:00:00 AM,2,2,0
11/01/2017 04:00:00 AM,6,3,3
11/01/2017 05:00:00 AM,17,2,15
11/01/2017 06:00:00 AM,62,8,54
11/01/2017 07:00:00 AM,117,15,102
11/01/2017 08:00:00 AM,119,12,107
11/01/2017 09:00:00 AM,69,11,58
11/01/2017 10:00:00 AM,12,4,8
11/01/2017 11:00:00 AM,18,9,9
11/01/2017 12:00:00 PM,15,4,11
11/01/2017 01:00:00 PM,20,10,10
11/01/2017 02:00:00 PM,22,11,11
11/01/2017 03:00:00 PM,51,40,11
11/01/2017 04:00:00 PM,79,68,11
11/01/2017 05:00:00 PM,141,123,18
11/01/2017 06:00:00 PM,75,59,16
11/01/2017 07:00:00 PM,33,28,5
11/01/2017 08:00:00 PM,30,21,9
11/01/2017 09:00:00 PM,8,5,3
11/01/2017 10:00:00 PM,10,10,0
11/01/2017 11:00:00 PM,2,2,0
11/02/2017 12:00:00 AM,1,0,1
11/02/2017 01:00:00 AM,4,1,3
11/02/2017 02:00:00 AM,3,2,1
11/02/2017 03:00:00 AM,5,1,4
11/02/2017 04:00:00 AM,3,1,2
11/02/2017 05:00:00 AM,18,2,16
11/02/2017 06:00:00 AM,49,8,41
11/02/2017 07:00:00 AM,86,9,77
11/02/2017 08:00:00 AM,106,15,91
11/02/2017 09:00:00 AM,41,3,38
11/02/2017 10:00:00 AM,17,5,12
11/02/2017 11:00:00 AM,2,1,1
11/02/2017 12:00:00 PM,8,5,3
11/02/2017 01:00:00 PM,9,3,6
11/02/2017 02:00:00 PM,14,6,8
11/02/2017 03:00:00 PM,27,17,10
11/02/2017 04:00:00 PM,60,45,15
11/02/2017 05:00:00 PM,118,100,18
11/02/2017 06:00:00 PM,50,42,8
11/02/2017 07:00:00 PM,22,15,7
11/02/2017 08:00:00 PM,11,11,0
11/02/2017 09:00:00 PM,5,4,1
11/02/2017 10:00:00 PM,8,8,0
11/02/2017 11:00:00 PM,0,0,0
11/03/2017 12:00:00 AM,1,1,0
11/03/2017 01:00:00 AM,1,0,1
11/03/2017 02:00:00 AM,2,1,1
11/03/2017 03:00:00 AM,3,3,0
11/03/2017 04:00:00 AM,3,1,2
11/03/2017 05:00:00 AM,11,1,10
11/03/2017 06:00:00 AM,19,3,16
11/03/2017 07:00:00 AM,57,4,53
11/03/2017 08:00:00 AM,84,8,76
11/03/2017 09:00:00 AM,21,1,20
11/03/2017 10:00:00 AM,9,4,5
11/03/2017 11:00:00 AM,7,2,5
11/03/2017 12:00:00 PM,8,2,6
11/03/2017 01:00:00 PM,9,4,5
11/03/2017 02:00:00 PM,13,6,7
11/03/2017 03:00:00 PM,19,14,5
11/03/2017 04:00:00 PM,45,41,4
11/03/2017 05:00:00 PM,69,63,6
11/03/2017 06:00:00 PM,38,35,3
11/03/2017 07:00:00 PM,7,6,1
11/03/2017 08:00:00 PM,9,8,1
11/03/2017 09:00:00 PM,2,1,1
11/03/2017 10:00:00 PM,2,2,0
11/03/2017 11:00:00 PM,3,2,1
11/04/2017 12:00:00 AM,1,1,0
11/04/2017 01:00:00 AM,3,1,2
11/04/2017 02:00:00 AM,3,2,1
11/04/2017 03:00:00 AM,2,1,1
11/04/2017 04:00:00 AM,2,2,0
11/04/2017 05:00:00 AM,4,0,4
11/04/2017 06:00:00 AM,9,5,4
11/04/2017 07:00:00 AM,0,0,0
11/04/2017 08:00:00 AM,14,5,9
11/04/2017 09:00:00 AM,17,8,9
11/04/2017 10:00:00 AM,17,12,5
11/04/2017 11:00:00 AM,16,7,9
11/04/2017 12:00:00 PM,21,6,15
11/04/2017 01:00:00 PM,10,1,9
11/04/2017 02:00:00 PM,9,5,4
11/04/2017 03:00:00 PM,8,4,4
11/04/2017 04:00:00 PM,9,8,1
11/04/2017 05:00:00 PM,4,2,2
11/04/2017 06:00:00 PM,5,3,2
11/04/2017 07:00:00 PM,2,2,0
11/04/2017 08:00:00 PM,2,1,1
11/04/2017 09:00:00 PM,0,0,0
11/04/2017 10:00:00 PM,0,0,0
11/04/2017 11:00:00 PM,0,0,0
11/05/2017 12:00:00 AM,7,5,2
11/05/2017 01:00:00 AM,5,5,0
11/05/2017 02:00:00 AM,3,1,2
11/05/2017 03:00:00 AM,2,1,1
11/05/2017 04:00:00 AM,0,0,0
11/05/2017 05:00:00 AM,3,1,2
11/05/2017 06:00:00 AM,3,0,3
11/05/2017 07:00:00 AM,2,1,1
11/05/2017 08:00:00 AM,3,1,2
11/05/2017 09:00:00 AM,5,2,3
11/05/2017 10:00:00 AM,6,3,3
11/05/2017 11:00:00 AM,4,2,2
11/05/2017 12:00:00 PM,8,2,6
11/05/2017 01:00:00 PM,4,3,1
11/05/2017 02:00:00 PM,3,0,3
11/05/2017 03:00:00 PM,2,0,2
11/05/2017 04:00:00 PM,6,4,2
11/05/2017 05:00:00 PM,9,7,2
11/05/2017 06:00:00 PM,2,1,1
11/05/2017 07:00:00 PM,5,4,1
11/05/2017 08:00:00 PM,1,1,0
11/05/2017 09:00:00 PM,1,0,1
11/05/2017 10:00:00 PM,1,1,0
11/05/2017 11:00:00 PM,2,0,2
11/06/2017 12:00:00 AM,0,0,0
11/06/2017 01:00:00 AM,2,1,1
11/06/2017 02:00:00 AM,2,2,0
11/06/2017 03:00:00 AM,1,1,0
11/06/2017 04:00:00 AM,0,0,0
11/06/2017 05:00:00 AM,16,2,14
11/06/2017 06:00:00 AM,45,6,39
11/06/2017 07:00:00 AM,124,7,117
11/06/2017 08:00:00 AM,100,8,92
11/06/2017 09:00:00 AM,43,7,36
11/06/2017 10:00:00 AM,15,2,13
11/06/2017 11:00:00 AM,24,11,13
11/06/2017 12:00:00 PM,22,6,16
11/06/2017 01:00:00 PM,23,12,11
11/06/2017 02:00:00 PM,22,13,9
11/06/2017 03:00:00 PM,34,23,11
11/06/2017 04:00:00 PM,88,72,16
11/06/2017 05:00:00 PM,146,129,17
11/06/2017 06:00:00 PM,60,54,6
11/06/2017 07:00:00 PM,18,15,3
11/06/2017 08:00:00 PM,7,5,2
11/06/2017 09:00:00 PM,6,3,3
11/06/2017 10:00:00 PM,5,5,0
11/06/2017 11:00:00 PM,0,0,0
11/07/2017 12:00:00 AM,1,0,1
11/07/2017 01:00:00 AM,1,0,1
11/07/2017 02:00:00 AM,3,2,1
11/07/2017 03:00:00 AM,2,2,0
11/07/2017 04:00:00 AM,4,2,2
11/07/2017 05:00:00 AM,28,4,24
11/07/2017 06:00:00 AM,61,12,49
11/07/2017 07:00:00 AM,132,12,120
11/07/2017 08:00:00 AM,114,9,105
11/07/2017 09:00:00 AM,37,2,35
11/07/2017 10:00:00 AM,17,1,16
11/07/2017 11:00:00 AM,12,6,6
11/07/2017 12:00:00 PM,13,5,8
11/07/2017 01:00:00 PM,19,11,8
11/07/2017 02:00:00 PM,26,11,15
11/07/2017 03:00:00 PM,33,25,8
11/07/2017 04:00:00 PM,109,81,28
11/07/2017 05:00:00 PM,132,122,10
11/07/2017 06:00:00 PM,76,62,14
11/07/2017 07:00:00 PM,26,24,2
11/07/2017 08:00:00 PM,9,4,5
11/07/2017 09:00:00 PM,11,9,2
11/07/2017 10:00:00 PM,2,2,0
11/07/2017 11:00:00 PM,2,1,1
11/08/2017 12:00:00 AM,3,1,2
11/08/2017 01:00:00 AM,0,0,0
11/08/2017 02:00:00 AM,1,0,1
11/08/2017 03:00:00 AM,1,1,0
11/08/2017 04:00:00 AM,3,2,1
11/08/2017 05:00:00 AM,18,2,16
11/08/2017 06:00:00 AM,41,8,33
11/08/2017 07:00:00 AM,91,6,85
11/08/2017 08:00:00 AM,149,10,139
11/08/2017 09:00:00 AM,45,4,41
11/08/2017 10:00:00 AM,11,0,11
11/08/2017 11:00:00 AM,15,8,7
11/08/2017 12:00:00 PM,12,6,6
11/08/2017 01:00:00 PM,17,6,11
11/08/2017 02:00:00 PM,19,11,8
11/08/2017 03:00:00 PM,32,29,3
11/08/2017 04:00:00 PM,80,68,12
11/08/2017 05:00:00 PM,126,109,17
11/08/2017 06:00:00 PM,42,38,4
11/08/2017 07:00:00 PM,23,21,2
11/08/2017 08:00:00 PM,6,6,0
11/08/2017 09:00:00 PM,8,6,2
11/08/2017 10:00:00 PM,5,5,0
11/08/2017 11:00:00 PM,1,1,0
11/09/2017 12:00:00 AM,4,3,1
11/09/2017 01:00:00 AM,1,0,1
11/09/2017 02:00:00 AM,4,3,1
11/09/2017 03:00:00 AM,1,0,1
11/09/2017 04:00:00 AM,6,3,3
11/09/2017 05:00:00 AM,12,2,10
11/09/2017 06:00:00 AM,45,10,35
11/09/2017 07:00:00 AM,75,7,68
11/09/2017 08:00:00 AM,81,6,75
11/09/2017 09:00:00 AM,43,6,37
11/09/2017 10:00:00 AM,16,3,13
11/09/2017 11:00:00 AM,8,3,5
11/09/2017 12:00:00 PM,6,2,4
11/09/2017 01:00:00 PM,9,5,4
11/09/2017 02:00:00 PM,7,3,4
11/09/2017 03:00:00 PM,26,22,4
11/09/2017 04:00:00 PM,49,41,8
11/09/2017 05:00:00 PM,92,83,9
11/09/2017 06:00:00 PM,48,40,8
11/09/2017 07:00:00 PM,17,16,1
11/09/2017 08:00:00 PM,6,5,1
11/09/2017 09:00:00 PM,7,5,2
11/09/2017 10:00:00 PM,2,1,1
11/09/2017 11:00:00 PM,2,2,0
11/10/2017 12:00:00 AM,1,0,1
11/10/2017 01:00:00 AM,2,1,1
11/10/2017 02:00:00 AM,4,2,2
11/10/2017 03:00:00 AM,1,1,0
11/10/2017 04:00:00 AM,1,1,0
11/10/2017 05:00:00 AM,13,1,12
11/10/2017 06:00:00 AM,24,4,20
11/10/2017 07:00:00 AM,77,10,67
11/10/2017 08:00:00 AM,75,6,69
11/10/2017 09:00:00 AM,45,8,37
11/10/2017 10:00:00 AM,19,3,16
11/10/2017 11:00:00 AM,22,12,10
11/10/2017 12:00:00 PM,28,7,21
11/10/2017 01:00:00 PM,34,14,20
11/10/2017 02:00:00 PM,36,14,22
11/10/2017 03:00:00 PM,43,31,12
11/10/2017 04:00:00 PM,73,61,12
11/10/2017 05:00:00 PM,82,73,9
11/10/2017 06:00:00 PM,49,37,12
11/10/2017 07:00:00 PM,10,10,0
11/10/2017 08:00:00 PM,8,6,2
11/10/2017 09:00:00 PM,7,6,1
11/10/2017 10:00:00 PM,4,1,3
11/10/2017 11:00:00 PM,4,3,1
11/11/2017 12:00:00 AM,2,0,2
11/11/2017 01:00:00 AM,1,1,0
11/11/2017 02:00:00 AM,2,2,0
11/11/2017 03:00:00 AM,0,0,0
11/11/2017 04:00:00 AM,3,2,1
11/11/2017 05:00:00 AM,4,0,4
11/11/2017 06:00:00 AM,4,1,3
11/11/2017 07:00:00 AM,7,3,4
11/11/2017 08:00:00 AM,16,4,12
11/11/2017 09:00:00 AM,11,3,8
11/11/2017 10:00:00 AM,33,16,17
11/11/2017 11:00:00 AM,19,6,13
11/11/2017 12:00:00 PM,13,7,6
11/11/2017 01:00:00 PM,10,4,6
11/11/2017 02:00:00 PM,12,10,2
11/11/2017 03:00:00 PM,12,8,4
11/11/2017 04:00:00 PM,16,10,6
11/11/2017 05:00:00 PM,16,10,6
11/11/2017 06:00:00 PM,3,2,1
11/11/2017 07:00:00 PM,3,1,2
11/11/2017 08:00:00 PM,0,0,0
11/11/2017 09:00:00 PM,3,3,0
11/11/2017 10:00:00 PM,2,2,0
11/11/2017 11:00:00 PM,3,3,0
11/12/2017 12:00:00 AM,2,1,1
11/12/2017 01:00:00 AM,6,4,2
11/12/2017 02:00:00 AM,1,1,0
11/12/2017 03:00:00 AM,0,0,0
11/12/2017 04:00:00 AM,1,1,0
11/12/2017 05:00:00 AM,3,0,3
11/12/2017 06:00:00 AM,2,2,0
11/12/2017 07:00:00 AM,0,0,0
11/12/2017 08:00:00 AM,8,4,4
11/12/2017 09:00:00 AM,11,4,7
11/12/2017 10:00:00 AM,15,3,12
11/12/2017 11:00:00 AM,25,11,14
11/12/2017 12:00:00 PM,28,13,15
11/12/2017 01:00:00 PM,20,10,10
11/12/2017 02:00:00 PM,8,7,1
11/12/2017 03:00:00 PM,15,9,6
11/12/2017 04:00:00 PM,11,6,5
11/12/2017 05:00:00 PM,8,4,4
11/12/2017 06:00:00 PM,7,3,4
11/12/2017 07:00:00 PM,7,4,3
11/12/2017 08:00:00 PM,3,2,1
11/12/2017 09:00:00 PM,1,0,1
11/12/2017 10:00:00 PM,1,1,0
11/12/2017 11:00:00 PM,1,1,0
11/13/2017 12:00:00 AM,1,1,0
11/13/2017 01:00:00 AM,3,1,2
11/13/2017 02:00:00 AM,0,0,0
11/13/2017 03:00:00 AM,1,1,0
11/13/2017 04:00:00 AM,4,1,3
11/13/2017 05:00:00 AM,16,1,15
11/13/2017 06:00:00 AM,27,4,23
11/13/2017 07:00:00 AM,83,3,80
11/13/2017 08:00:00 AM,78,4,74
11/13/2017 09:00:00 AM,28,2,26
11/13/2017 10:00:00 AM,13,2,11
11/13/2017 11:00:00 AM,10,3,7
11/13/2017 12:00:00 PM,9,3,6
11/13/2017 01:00:00 PM,8,4,4
11/13/2017 02:00:00 PM,4,3,1
11/13/2017 03:00:00 PM,21,16,5
11/13/2017 04:00:00 PM,38,34,4
11/13/2017 05:00:00 PM,65,58,7
11/13/2017 06:00:00 PM,28,27,1
11/13/2017 07:00:00 PM,7,7,0
11/13/2017 08:00:00 PM,8,6,2
11/13/2017 09:00:00 PM,4,2,2
11/13/2017 10:00:00 PM,3,3,0
11/13/2017 11:00:00 PM,1,1,0
11/14/2017 12:00:00 AM,0,0,0
11/14/2017 01:00:00 AM,1,0,1
11/14/2017 02:00:00 AM,1,0,1
11/14/2017 03:00:00 AM,1,1,0
11/14/2017 04:00:00 AM,4,2,2
11/14/2017 05:00:00 AM,22,5,17
11/14/2017 06:00:00 AM,34,6,28
11/14/2017 07:00:00 AM,81,9,72
11/14/2017 08:00:00 AM,95,7,88
11/14/2017 09:00:00 AM,34,6,28
11/14/2017 10:00:00 AM,14,2,12
11/14/2017 11:00:00 AM,4,2,2
11/14/2017 12:00:00 PM,6,3,3
11/14/2017 01:00:00 PM,11,7,4
11/14/2017 02:00:00 PM,17,11,6
11/14/2017 03:00:00 PM,25,18,7
11/14/2017 04:00:00 PM,49,42,7
11/14/2017 05:00:00 PM,103,92,11
11/14/2017 06:00:00 PM,45,40,5
11/14/2017 07:00:00 PM,29,24,5
11/14/2017 08:00:00 PM,5,4,1
11/14/2017 09:00:00 PM,8,5,3
11/14/2017 10:00:00 PM,2,1,1
11/14/2017 11:00:00 PM,2,2,0
11/15/2017 12:00:00 AM,2,1,1
11/15/2017 01:00:00 AM,0,0,0
11/15/2017 02:00:00 AM,0,0,0
11/15/2017 03:00:00 AM,1,1,0
11/15/2017 04:00:00 AM,4,1,3
11/15/2017 05:00:00 AM,11,1,10
11/15/2017 06:00:00 AM,30,7,23
11/15/2017 07:00:00 AM,51,6,45
11/15/2017 08:00:00 AM,93,3,90
11/15/2017 09:00:00 AM,24,1,23
11/15/2017 10:00:00 AM,12,2,10
11/15/2017 11:00:00 AM,6,1,5
11/15/2017 12:00:00 PM,6,3,3
11/15/2017 01:00:00 PM,8,4,4
11/15/2017 02:00:00 PM,12,8,4
11/15/2017 03:00:00 PM,23,19,4
11/15/2017 04:00:00 PM,41,30,11
11/15/2017 05:00:00 PM,87,77,10
11/15/2017 06:00:00 PM,46,40,6
11/15/2017 07:00:00 PM,21,19,2
11/15/2017 08:00:00 PM,7,7,0
11/15/2017 09:00:00 PM,8,6,2
11/15/2017 10:00:00 PM,4,2,2
11/15/2017 11:00:00 PM,0,0,0
11/16/2017 12:00:00 AM,0,0,0
11/16/2017 01:00:00 AM,4,3,1
11/16/2017 02:00:00 AM,2,2,0
11/16/2017 03:00:00 AM,1,1,0
11/16/2017 04:00:00 AM,7,2,5
11/16/2017 05:00:00 AM,23,3,20
11/16/2017 06:00:00 AM,32,5,27
11/16/2017 07:00:00 AM,86,9,77
11/16/2017 08:00:00 AM,98,9,89
11/16/2017 09:00:00 AM,31,5,26
11/16/2017 10:00:00 AM,26,11,15
11/16/2017 11:00:00 AM,5,1,4
11/16/2017 12:00:00 PM,5,4,1
11/16/2017 01:00:00 PM,13,4,9
11/16/2017 02:00:00 PM,7,2,5
11/16/2017 03:00:00 PM,49,36,13
11/16/2017 04:00:00 PM,54,46,8
11/16/2017 05:00:00 PM,91,79,12
11/16/2017 06:00:00 PM,70,58,12
11/16/2017 07:00:00 PM,25,19,6
11/16/2017 08:00:00 PM,8,7,1
11/16/2017 09:00:00 PM,8,6,2
11/16/2017 10:00:00 PM,4,2,2
11/16/2017 11:00:00 PM,3,2,1
11/17/2017 12:00:00 AM,0,0,0
11/17/2017 01:00:00 AM,1,0,1
11/17/2017 02:00:00 AM,4,3,1
11/17/2017 03:00:00 AM,1,0,1
11/17/2017 04:00:00 AM,7,1,6
11/17/2017 05:00:00 AM,15,4,11
11/17/2017 06:00:00 AM,48,8,40
11/17/2017 07:00:00 AM,94,14,80
11/17/2017 08:00:00 AM,108,8,100
11/17/2017 09:00:00 AM,47,8,39
11/17/2017 10:00:00 AM,22,4,18
11/17/2017 11:00:00 AM,18,7,11
11/17/2017 12:00:00 PM,18,7,11
11/17/2017 01:00:00 PM,24,13,11
11/17/2017 02:00:00 PM,27,14,13
11/17/2017 03:00:00 PM,40,24,16
11/17/2017 04:00:00 PM,65,57,8
11/17/2017 05:00:00 PM,103,88,15
11/17/2017 06:00:00 PM,49,38,11
11/17/2017 07:00:00 PM,24,22,2
11/17/2017 08:00:00 PM,13,8,5
11/17/2017 09:00:00 PM,8,6,2
11/17/2017 10:00:00 PM,6,4,2
11/17/2017 11:00:00 PM,5,4,1
11/18/2017 12:00:00 AM,2,1,1
11/18/2017 01:00:00 AM,0,0,0
11/18/2017 02:00:00 AM,2,2,0
11/18/2017 03:00:00 AM,1,1,0
11/18/2017 04:00:00 AM,2,2,0
11/18/2017 05:00:00 AM,4,0,4
11/18/2017 06:00:00 AM,7,1,6
11/18/2017 07:00:00 AM,7,0,7
11/18/2017 08:00:00 AM,20,5,15
11/18/2017 09:00:00 AM,24,9,15
11/18/2017 10:00:00 AM,28,10,18
11/18/2017 11:00:00 AM,36,24,12
11/18/2017 12:00:00 PM,53,23,30
11/18/2017 01:00:00 PM,44,17,27
11/18/2017 02:00:00 PM,43,24,19
11/18/2017 03:00:00 PM,42,21,21
11/18/2017 04:00:00 PM,27,15,12
11/18/2017 05:00:00 PM,19,13,6
11/18/2017 06:00:00 PM,9,7,2
11/18/2017 07:00:00 PM,8,2,6
11/18/2017 08:00:00 PM,5,4,1
11/18/2017 09:00:00 PM,6,6,0
11/18/2017 10:00:00 PM,1,1,0
11/18/2017 11:00:00 PM,2,2,0
11/19/2017 12:00:00 AM,2,2,0
11/19/2017 01:00:00 AM,3,2,1
11/19/2017 02:00:00 AM,1,1,0
11/19/2017 03:00:00 AM,2,2,0
11/19/2017 04:00:00 AM,1,1,0
11/19/2017 05:00:00 AM,2,0,2
11/19/2017 06:00:00 AM,3,1,2
11/19/2017 07:00:00 AM,1,0,1
11/19/2017 08:00:00 AM,9,1,8
11/19/2017 09:00:00 AM,11,4,7
11/19/2017 10:00:00 AM,26,12,14
11/19/2017 11:00:00 AM,28,17,11
11/19/2017 12:00:00 PM,24,12,12
11/19/2017 01:00:00 PM,15,6,9
11/19/2017 02:00:00 PM,19,11,8
11/19/2017 03:00:00 PM,7,5,2
11/19/2017 04:00:00 PM,5,1,4
11/19/2017 05:00:00 PM,4,1,3
11/19/2017 06:00:00 PM,1,1,0
11/19/2017 07:00:00 PM,2,2,0
11/19/2017 08:00:00 PM,1,1,0
11/19/2017 09:00:00 PM,1,1,0
11/19/2017 10:00:00 PM,0,0,0
11/19/2017 11:00:00 PM,1,1,0
11/20/2017 12:00:00 AM,1,0,1
11/20/2017 01:00:00 AM,3,3,0
11/20/2017 02:00:00 AM,0,0,0
11/20/2017 03:00:00 AM,1,1,0
11/20/2017 04:00:00 AM,4,1,3
11/20/2017 05:00:00 AM,15,3,12
11/20/2017 06:00:00 AM,36,2,34
11/20/2017 07:00:00 AM,68,7,61
11/20/2017 08:00:00 AM,63,6,57
11/20/2017 09:00:00 AM,29,3,26
11/20/2017 10:00:00 AM,11,1,10
11/20/2017 11:00:00 AM,14,5,9
11/20/2017 12:00:00 PM,14,5,9
11/20/2017 01:00:00 PM,11,7,4
11/20/2017 02:00:00 PM,14,6,8
11/20/2017 03:00:00 PM,22,20,2
11/20/2017 04:00:00 PM,54,39,15
11/20/2017 05:00:00 PM,84,78,6
11/20/2017 06:00:00 PM,52,40,12
11/20/2017 07:00:00 PM,17,13,4
11/20/2017 08:00:00 PM,7,6,1
11/20/2017 09:00:00 PM,7,6,1
11/20/2017 10:00:00 PM,2,2,0
11/20/2017 11:00:00 PM,6,2,4
11/21/2017 12:00:00 AM,2,2,0
11/21/2017 01:00:00 AM,2,2,0
11/21/2017 02:00:00 AM,0,0,0
11/21/2017 03:00:00 AM,0,0,0
11/21/2017 04:00:00 AM,5,2,3
11/21/2017 05:00:00 AM,17,2,15
11/21/2017 06:00:00 AM,22,0,22
11/21/2017 07:00:00 AM,70,6,64
11/21/2017 08:00:00 AM,58,5,53
11/21/2017 09:00:00 AM,23,1,22
11/21/2017 10:00:00 AM,9,0,9
11/21/2017 11:00:00 AM,4,2,2
11/21/2017 12:00:00 PM,8,4,4
11/21/2017 01:00:00 PM,5,5,0
11/21/2017 02:00:00 PM,11,4,7
11/21/2017 03:00:00 PM,13,12,1
11/21/2017 04:00:00 PM,34,29,5
11/21/2017 05:00:00 PM,70,63,7
11/21/2017 06:00:00 PM,35,29,6
11/21/2017 07:00:00 PM,13,12,1
11/21/2017 08:00:00 PM,6,4,2
11/21/2017 09:00:00 PM,3,3,0
11/21/2017 10:00:00 PM,2,2,0
11/21/2017 11:00:00 PM,1,0,1
11/22/2017 12:00:00 AM,2,1,1
11/22/2017 01:00:00 AM,1,1,0
11/22/2017 02:00:00 AM,2,0,2
11/22/2017 03:00:00 AM,0,0,0
11/22/2017 04:00:00 AM,5,3,2
11/22/2017 05:00:00 AM,10,1,9
11/22/2017 06:00:00 AM,25,2,23
11/22/2017 07:00:00 AM,70,7,63
11/22/2017 08:00:00 AM,64,9,55
11/22/2017 09:00:00 AM,39,14,25
11/22/2017 10:00:00 AM,18,6,12
11/22/2017 11:00:00 AM,13,4,9
11/22/2017 12:00:00 PM,22,7,15
11/22/2017 01:00:00 PM,21,11,10
11/22/2017 02:00:00 PM,28,21,7
11/22/2017 03:00:00 PM,47,38,9
11/22/2017 04:00:00 PM,55,48,7
11/22/2017 05:00:00 PM,47,42,5
11/22/2017 06:00:00 PM,20,17,3
11/22/2017 07:00:00 PM,10,9,1
11/22/2017 08:00:00 PM,8,7,1
11/22/2017 09:00:00 PM,4,2,2
11/22/2017 10:00:00 PM,1,1,0
11/22/2017 11:00:00 PM,4,2,2
11/23/2017 12:00:00 AM,1,1,0
11/23/2017 01:00:00 AM,2,0,2
11/23/2017 02:00:00 AM,3,2,1
11/23/2017 03:00:00 AM,1,1,0
11/23/2017 04:00:00 AM,1,0,1
11/23/2017 05:00:00 AM,4,1,3
11/23/2017 06:00:00 AM,3,2,1
11/23/2017 07:00:00 AM,3,2,1
11/23/2017 08:00:00 AM,11,4,7
11/23/2017 09:00:00 AM,14,9,5
11/23/2017 10:00:00 AM,6,1,5
11/23/2017 11:00:00 AM,6,5,1
11/23/2017 12:00:00 PM,6,3,3
11/23/2017 01:00:00 PM,4,3,1
11/23/2017 02:00:00 PM,8,3,5
11/23/2017 03:00:00 PM,12,8,4
11/23/2017 04:00:00 PM,6,3,3
11/23/2017 05:00:00 PM,3,1,2
11/23/2017 06:00:00 PM,1,0,1
11/23/2017 07:00:00 PM,6,1,5
11/23/2017 08:00:00 PM,3,0,3
11/23/2017 09:00:00 PM,5,1,4
11/23/2017 10:00:00 PM,2,2,0
11/23/2017 11:00:00 PM,2,1,1
11/24/2017 12:00:00 AM,0,0,0
11/24/2017 01:00:00 AM,0,0,0
11/24/2017 02:00:00 AM,5,2,3
11/24/2017 03:00:00 AM,1,0,1
11/24/2017 04:00:00 AM,6,2,4
11/24/2017 05:00:00 AM,2,1,1
11/24/2017 06:00:00 AM,6,2,4
11/24/2017 07:00:00 AM,10,3,7
11/24/2017 08:00:00 AM,22,5,17
11/24/2017 09:00:00 AM,11,4,7
11/24/2017 10:00:00 AM,24,12,12
11/24/2017 11:00:00 AM,29,13,16
11/24/2017 12:00:00 PM,27,14,13
11/24/2017 01:00:00 PM,26,13,13
11/24/2017 02:00:00 PM,31,18,13
11/24/2017 03:00:00 PM,18,10,8
11/24/2017 04:00:00 PM,21,12,9
11/24/2017 05:00:00 PM,14,10,4
11/24/2017 06:00:00 PM,6,4,2
11/24/2017 07:00:00 PM,8,4,4
11/24/2017 08:00:00 PM,3,3,0
11/24/2017 09:00:00 PM,4,2,2
11/24/2017 10:00:00 PM,3,2,1
11/24/2017 11:00:00 PM,1,1,0
11/25/2017 12:00:00 AM,1,0,1
11/25/2017 01:00:00 AM,1,1,0
11/25/2017 02:00:00 AM,0,0,0
11/25/2017 03:00:00 AM,0,0,0
11/25/2017 04:00:00 AM,1,1,0
11/25/2017 05:00:00 AM,0,0,0
11/25/2017 06:00:00 AM,2,0,2
11/25/2017 07:00:00 AM,4,0,4
11/25/2017 08:00:00 AM,20,4,16
11/25/2017 09:00:00 AM,23,12,11
11/25/2017 10:00:00 AM,36,16,20
11/25/2017 11:00:00 AM,35,17,18
11/25/2017 12:00:00 PM,49,26,23
11/25/2017 01:00:00 PM,27,9,18
11/25/2017 02:00:00 PM,28,15,13
11/25/2017 03:00:00 PM,17,14,3
11/25/2017 04:00:00 PM,7,5,2
11/25/2017 05:00:00 PM,5,4,1
11/25/2017 06:00:00 PM,2,2,0
11/25/2017 07:00:00 PM,4,1,3
11/25/2017 08:00:00 PM,3,1,2
11/25/2017 09:00:00 PM,2,1,1
11/25/2017 10:00:00 PM,0,0,0
11/25/2017 11:00:00 PM,1,1,0
11/26/2017 12:00:00 AM,2,1,1
11/26/2017 01:00:00 AM,4,1,3
11/26/2017 02:00:00 AM,3,3,0
11/26/2017 03:00:00 AM,2,1,1
11/26/2017 04:00:00 AM,3,2,1
11/26/2017 05:00:00 AM,3,1,2
11/26/2017 06:00:00 AM,2,1,1
11/26/2017 07:00:00 AM,4,1,3
11/26/2017 08:00:00 AM,3,0,3
11/26/2017 09:00:00 AM,8,3,5
11/26/2017 10:00:00 AM,20,13,7
11/26/2017 11:00:00 AM,20,8,12
11/26/2017 12:00:00 PM,9,3,6
11/26/2017 01:00:00 PM,10,6,4
11/26/2017 02:00:00 PM,7,3,4
11/26/2017 03:00:00 PM,6,5,1
11/26/2017 04:00:00 PM,4,2,2
11/26/2017 05:00:00 PM,9,5,4
11/26/2017 06:00:00 PM,3,2,1
11/26/2017 07:00:00 PM,4,4,0
11/26/2017 08:00:00 PM,4,1,3
11/26/2017 09:00:00 PM,3,2,1
11/26/2017 10:00:00 PM,0,0,0
11/26/2017 11:00:00 PM,3,2,1
11/27/2017 12:00:00 AM,0,0,0
11/27/2017 01:00:00 AM,2,1,1
11/27/2017 02:00:00 AM,0,0,0
11/27/2017 03:00:00 AM,1,1,0
11/27/2017 04:00:00 AM,10,1,9
11/27/2017 05:00:00 AM,22,4,18
11/27/2017 06:00:00 AM,51,9,42
11/27/2017 07:00:00 AM,126,12,114
11/27/2017 08:00:00 AM,125,14,111
11/27/2017 09:00:00 AM,45,5,40
11/27/2017 10:00:00 AM,23,5,18
11/27/2017 11:00:00 AM,10,2,8
11/27/2017 12:00:00 PM,12,5,7
11/27/2017 01:00:00 PM,20,7,13
11/27/2017 02:00:00 PM,14,12,2
11/27/2017 03:00:00 PM,46,28,18
11/27/2017 04:00:00 PM,90,77,13
11/27/2017 05:00:00 PM,151,135,16
11/27/2017 06:00:00 PM,72,62,10
11/27/2017 07:00:00 PM,25,22,3
11/27/2017 08:00:00 PM,9,8,1
11/27/2017 09:00:00 PM,9,8,1
11/27/2017 10:00:00 PM,5,4,1
11/27/2017 11:00:00 PM,1,1,0
11/28/2017 12:00:00 AM,2,0,2
11/28/2017 01:00:00 AM,3,1,2
11/28/2017 02:00:00 AM,2,1,1
11/28/2017 03:00:00 AM,1,1,0
11/28/2017 04:00:00 AM,8,1,7
11/28/2017 05:00:00 AM,28,3,25
11/28/2017 06:00:00 AM,35,7,28
11/28/2017 07:00:00 AM,82,9,73
11/28/2017 08:00:00 AM,87,4,83
11/28/2017 09:00:00 AM,31,2,29
11/28/2017 10:00:00 AM,9,0,9
11/28/2017 11:00:00 AM,4,2,2
11/28/2017 12:00:00 PM,5,3,2
11/28/2017 01:00:00 PM,9,2,7
11/28/2017 02:00:00 PM,8,3,5
11/28/2017 03:00:00 PM,12,10,2
11/28/2017 04:00:00 PM,57,47,10
11/28/2017 05:00:00 PM,98,87,11
11/28/2017 06:00:00 PM,71,65,6
11/28/2017 07:00:00 PM,18,17,1
11/28/2017 08:00:00 PM,3,2,1
11/28/2017 09:00:00 PM,7,5,2
11/28/2017 10:00:00 PM,3,3,0
11/28/2017 11:00:00 PM,1,1,0
11/29/2017 12:00:00 AM,3,2,1
11/29/2017 01:00:00 AM,2,0,2
11/29/2017 02:00:00 AM,2,1,1
11/29/2017 03:00:00 AM,0,0,0
11/29/2017 04:00:00 AM,7,3,4
11/29/2017 05:00:00 AM,16,2,14
11/29/2017 06:00:00 AM,62,9,53
11/29/2017 07:00:00 AM,118,12,106
11/29/2017 08:00:00 AM,110,8,102
11/29/2017 09:00:00 AM,58,2,56
11/29/2017 10:00:00 AM,19,5,14
11/29/2017 11:00:00 AM,16,7,9
11/29/2017 12:00:00 PM,19,8,11
11/29/2017 01:00:00 PM,18,8,10
11/29/2017 02:00:00 PM,22,15,7
11/29/2017 03:00:00 PM,41,33,8
11/29/2017 04:00:00 PM,91,68,23
11/29/2017 05:00:00 PM,138,118,20
11/29/2017 06:00:00 PM,63,56,7
11/29/2017 07:00:00 PM,31,24,7
11/29/2017 08:00:00 PM,21,17,4
11/29/2017 09:00:00 PM,7,7,0
11/29/2017 10:00:00 PM,7,6,1
11/29/2017 11:00:00 PM,2,2,0
11/30/2017 12:00:00 AM,3,2,1
11/30/2017 01:00:00 AM,3,3,0
11/30/2017 02:00:00 AM,2,2,0
11/30/2017 03:00:00 AM,3,2,1
11/30/2017 04:00:00 AM,5,0,5
11/30/2017 05:00:00 AM,21,3,18
11/30/2017 06:00:00 AM,40,6,34
11/30/2017 07:00:00 AM,83,8,75
11/30/2017 08:00:00 AM,75,7,68
11/30/2017 09:00:00 AM,29,1,28
11/30/2017 10:00:00 AM,13,2,11
11/30/2017 11:00:00 AM,11,3,8
11/30/2017 12:00:00 PM,9,5,4
11/30/2017 01:00:00 PM,12,4,8
11/30/2017 02:00:00 PM,10,4,6
11/30/2017 03:00:00 PM,24,17,7
11/30/2017 04:00:00 PM,43,33,10
11/30/2017 05:00:00 PM,101,88,13
11/30/2017 06:00:00 PM,54,42,12
11/30/2017 07:00:00 PM,24,17,7
11/30/2017 08:00:00 PM,8,8,0
11/30/2017 09:00:00 PM,6,2,4
11/30/2017 10:00:00 PM,12,11,1
11/30/2017 11:00:00 PM,3,3,0
12/01/2017 12:00:00 AM,2,1,1
12/01/2017 01:00:00 AM,0,0,0
12/01/2017 02:00:00 AM,3,2,1
12/01/2017 03:00:00 AM,2,0,2
12/01/2017 04:00:00 AM,5,3,2
12/01/2017 05:00:00 AM,13,0,13
12/01/2017 06:00:00 AM,33,9,24
12/01/2017 07:00:00 AM,87,14,73
12/01/2017 08:00:00 AM,83,7,76
12/01/2017 09:00:00 AM,34,3,31
12/01/2017 10:00:00 AM,11,2,9
12/01/2017 11:00:00 AM,13,3,10
12/01/2017 12:00:00 PM,5,1,4
12/01/2017 01:00:00 PM,9,4,5
12/01/2017 02:00:00 PM,9,7,2
12/01/2017 03:00:00 PM,21,14,7
12/01/2017 04:00:00 PM,54,48,6
12/01/2017 05:00:00 PM,81,71,10
12/01/2017 06:00:00 PM,32,23,9
12/01/2017 07:00:00 PM,18,15,3
12/01/2017 08:00:00 PM,9,8,1
12/01/2017 09:00:00 PM,6,5,1
12/01/2017 10:00:00 PM,7,5,2
12/01/2017 11:00:00 PM,2,1,1
12/02/2017 12:00:00 AM,4,3,1
12/02/2017 01:00:00 AM,7,2,5
12/02/2017 02:00:00 AM,2,2,0
12/02/2017 03:00:00 AM,2,0,2
12/02/2017 04:00:00 AM,6,4,2
12/02/2017 05:00:00 AM,3,0,3
12/02/2017 06:00:00 AM,4,0,4
12/02/2017 07:00:00 AM,2,0,2
12/02/2017 08:00:00 AM,12,2,10
12/02/2017 09:00:00 AM,9,4,5
12/02/2017 10:00:00 AM,5,2,3
12/02/2017 11:00:00 AM,0,0,0
12/02/2017 12:00:00 PM,6,4,2
12/02/2017 01:00:00 PM,6,2,4
12/02/2017 02:00:00 PM,4,2,2
12/02/2017 03:00:00 PM,6,4,2
12/02/2017 04:00:00 PM,6,2,4
12/02/2017 05:00:00 PM,6,4,2
12/02/2017 06:00:00 PM,4,0,4
12/02/2017 07:00:00 PM,2,1,1
12/02/2017 08:00:00 PM,2,2,0
12/02/2017 09:00:00 PM,2,1,1
12/02/2017 10:00:00 PM,1,1,0
12/02/2017 11:00:00 PM,1,1,0
12/03/2017 12:00:00 AM,1,1,0
12/03/2017 01:00:00 AM,1,1,0
12/03/2017 02:00:00 AM,1,1,0
12/03/2017 03:00:00 AM,0,0,0
12/03/2017 04:00:00 AM,1,0,1
12/03/2017 05:00:00 AM,4,2,2
12/03/2017 06:00:00 AM,3,0,3
12/03/2017 07:00:00 AM,5,2,3
12/03/2017 08:00:00 AM,21,9,12
12/03/2017 09:00:00 AM,36,12,24
12/03/2017 10:00:00 AM,34,20,14
12/03/2017 11:00:00 AM,34,19,15
12/03/2017 12:00:00 PM,20,10,10
12/03/2017 01:00:00 PM,30,8,22
12/03/2017 02:00:00 PM,20,12,8
12/03/2017 03:00:00 PM,29,14,15
12/03/2017 04:00:00 PM,20,9,11
12/03/2017 05:00:00 PM,10,6,4
12/03/2017 06:00:00 PM,2,0,2
12/03/2017 07:00:00 PM,10,7,3
12/03/2017 08:00:00 PM,1,1,0
12/03/2017 09:00:00 PM,8,6,2
12/03/2017 10:00:00 PM,3,0,3
12/03/2017 11:00:00 PM,5,5,0
12/04/2017 12:00:00 AM,0,0,0
12/04/2017 01:00:00 AM,5,2,3
12/04/2017 02:00:00 AM,1,0,1
12/04/2017 03:00:00 AM,0,0,0
12/04/2017 04:00:00 AM,7,0,7
12/04/2017 05:00:00 AM,15,4,11
12/04/2017 06:00:00 AM,52,4,48
12/04/2017 07:00:00 AM,100,8,92
12/04/2017 08:00:00 AM,112,12,100
12/04/2017 09:00:00 AM,28,1,27
12/04/2017 10:00:00 AM,21,3,18
12/04/2017 11:00:00 AM,8,3,5
12/04/2017 12:00:00 PM,14,6,8
12/04/2017 01:00:00 PM,15,7,8
12/04/2017 02:00:00 PM,14,7,7
12/04/2017 03:00:00 PM,30,19,11
12/04/2017 04:00:00 PM,79,65,14
12/04/2017 05:00:00 PM,133,117,16
12/04/2017 06:00:00 PM,58,49,9
12/04/2017 07:00:00 PM,28,26,2
12/04/2017 08:00:00 PM,10,8,2
12/04/2017 09:00:00 PM,5,5,0
12/04/2017 10:00:00 PM,3,3,0
12/04/2017 11:00:00 PM,1,0,1
12/05/2017 12:00:00 AM,0,0,0
12/05/2017 01:00:00 AM,1,1,0
12/05/2017 02:00:00 AM,0,0,0
12/05/2017 03:00:00 AM,2,1,1
12/05/2017 04:00:00 AM,4,1,3
12/05/2017 05:00:00 AM,33,3,30
12/05/2017 06:00:00 AM,41,7,34
12/05/2017 07:00:00 AM,95,8,87
12/05/2017 08:00:00 AM,115,7,108
12/05/2017 09:00:00 AM,33,3,30
12/05/2017 10:00:00 AM,11,0,11
12/05/2017 11:00:00 AM,13,6,7
12/05/2017 12:00:00 PM,17,5,12
12/05/2017 01:00:00 PM,21,7,14
12/05/2017 02:00:00 PM,19,10,9
12/05/2017 03:00:00 PM,33,22,11
12/05/2017 04:00:00 PM,70,61,9
12/05/2017 05:00:00 PM,124,108,16
12/05/2017 06:00:00 PM,64,56,8
12/05/2017 07:00:00 PM,20,19,1
12/05/2017 08:00:00 PM,9,7,2
12/05/2017 09:00:00 PM,10,7,3
12/05/2017 10:00:00 PM,10,8,2
12/05/2017 11:00:00 PM,1,1,0
12/06/2017 12:00:00 AM,5,3,2
12/06/2017 01:00:00 AM,2,2,0
12/06/2017 02:00:00 AM,2,1,1
12/06/2017 03:00:00 AM,1,1,0
12/06/2017 04:00:00 AM,3,0,3
12/06/2017 05:00:00 AM,24,3,21
12/06/2017 06:00:00 AM,56,7,49
12/06/2017 07:00:00 AM,92,15,77
12/06/2017 08:00:00 AM,101,7,94
12/06/2017 09:00:00 AM,51,6,45
12/06/2017 10:00:00 AM,24,4,20
12/06/2017 11:00:00 AM,24,7,17
12/06/2017 12:00:00 PM,22,11,11
12/06/2017 01:00:00 PM,18,8,10
12/06/2017 02:00:00 PM,25,14,11
12/06/2017 03:00:00 PM,46,28,18
12/06/2017 04:00:00 PM,71,58,13
12/06/2017 05:00:00 PM,119,103,16
12/06/2017 06:00:00 PM,54,50,4
12/06/2017 07:00:00 PM,27,23,4
12/06/2017 08:00:00 PM,28,19,9
12/06/2017 09:00:00 PM,5,5,0
12/06/2017 10:00:00 PM,6,6,0
12/06/2017 11:00:00 PM,2,1,1
12/07/2017 12:00:00 AM,0,0,0
12/07/2017 01:00:00 AM,2,1,1
12/07/2017 02:00:00 AM,1,1,0
12/07/2017 03:00:00 AM,2,1,1
12/07/2017 04:00:00 AM,4,1,3
12/07/2017 05:00:00 AM,22,2,20
12/07/2017 06:00:00 AM,38,1,37
12/07/2017 07:00:00 AM,58,10,48
12/07/2017 08:00:00 AM,105,5,100
12/07/2017 09:00:00 AM,42,3,39
12/07/2017 10:00:00 AM,21,5,16
12/07/2017 11:00:00 AM,17,6,11
12/07/2017 12:00:00 PM,19,7,12
12/07/2017 01:00:00 PM,14,5,9
12/07/2017 02:00:00 PM,17,11,6
12/07/2017 03:00:00 PM,35,22,13
12/07/2017 04:00:00 PM,69,57,12
12/07/2017 05:00:00 PM,87,79,8
12/07/2017 06:00:00 PM,71,62,9
12/07/2017 07:00:00 PM,30,24,6
12/07/2017 08:00:00 PM,11,9,2
12/07/2017 09:00:00 PM,8,5,3
12/07/2017 10:00:00 PM,10,9,1
12/07/2017 11:00:00 PM,3,2,1
12/08/2017 12:00:00 AM,1,1,0
12/08/2017 01:00:00 AM,0,0,0
12/08/2017 02:00:00 AM,2,2,0
12/08/2017 03:00:00 AM,2,2,0
12/08/2017 04:00:00 AM,2,1,1
12/08/2017 05:00:00 AM,14,1,13
12/08/2017 06:00:00 AM,26,2,24
12/08/2017 07:00:00 AM,59,10,49
12/08/2017 08:00:00 AM,69,5,64
12/08/2017 09:00:00 AM,30,2,28
12/08/2017 10:00:00 AM,12,3,9
12/08/2017 11:00:00 AM,11,3,8
12/08/2017 12:00:00 PM,14,9,5
12/08/2017 01:00:00 PM,19,8,11
12/08/2017 02:00:00 PM,19,9,10
12/08/2017 03:00:00 PM,34,25,9
12/08/2017 04:00:00 PM,53,42,11
12/08/2017 05:00:00 PM,73,58,15
12/08/2017 06:00:00 PM,35,28,7
12/08/2017 07:00:00 PM,22,19,3
12/08/2017 08:00:00 PM,8,5,3
12/08/2017 09:00:00 PM,3,2,1
12/08/2017 10:00:00 PM,5,3,2
12/08/2017 11:00:00 PM,5,3,2
12/09/2017 12:00:00 AM,1,1,0
12/09/2017 01:00:00 AM,2,1,1
12/09/2017 02:00:00 AM,2,2,0
12/09/2017 03:00:00 AM,1,1,0
12/09/2017 04:00:00 AM,2,1,1
12/09/2017 05:00:00 AM,4,0,4
12/09/2017 06:00:00 AM,5,2,3
12/09/2017 07:00:00 AM,2,0,2
12/09/2017 08:00:00 AM,7,1,6
12/09/2017 09:00:00 AM,10,4,6
12/09/2017 10:00:00 AM,21,7,14
12/09/2017 11:00:00 AM,23,12,11
12/09/2017 12:00:00 PM,28,18,10
12/09/2017 01:00:00 PM,33,15,18
12/09/2017 02:00:00 PM,36,19,17
12/09/2017 03:00:00 PM,19,10,9
12/09/2017 04:00:00 PM,22,6,16
12/09/2017 05:00:00 PM,14,8,6
12/09/2017 06:00:00 PM,5,4,1
12/09/2017 07:00:00 PM,10,6,4
12/09/2017 08:00:00 PM,2,1,1
12/09/2017 09:00:00 PM,7,6,1
12/09/2017 10:00:00 PM,6,5,1
12/09/2017 11:00:00 PM,2,1,1
12/10/2017 12:00:00 AM,1,0,1
12/10/2017 01:00:00 AM,4,2,2
12/10/2017 02:00:00 AM,1,1,0
12/10/2017 03:00:00 AM,2,1,1
12/10/2017 04:00:00 AM,2,1,1
12/10/2017 05:00:00 AM,2,0,2
12/10/2017 06:00:00 AM,3,0,3
12/10/2017 07:00:00 AM,1,1,0
12/10/2017 08:00:00 AM,12,5,7
12/10/2017 09:00:00 AM,18,9,9
12/10/2017 10:00:00 AM,22,7,15
12/10/2017 11:00:00 AM,29,13,16
12/10/2017 12:00:00 PM,34,18,16
12/10/2017 01:00:00 PM,43,19,24
12/10/2017 02:00:00 PM,33,17,16
12/10/2017 03:00:00 PM,29,13,16
12/10/2017 04:00:00 PM,17,8,9
12/10/2017 05:00:00 PM,9,6,3
12/10/2017 06:00:00 PM,2,1,1
12/10/2017 07:00:00 PM,3,2,1
12/10/2017 08:00:00 PM,1,1,0
12/10/2017 09:00:00 PM,0,0,0
12/10/2017 10:00:00 PM,2,2,0
12/10/2017 11:00:00 PM,5,1,4
12/11/2017 12:00:00 AM,1,1,0
12/11/2017 01:00:00 AM,2,1,1
12/11/2017 02:00:00 AM,0,0,0
12/11/2017 03:00:00 AM,0,0,0
12/11/2017 04:00:00 AM,0,0,0
12/11/2017 05:00:00 AM,22,3,19
12/11/2017 06:00:00 AM,32,1,31
12/11/2017 07:00:00 AM,59,5,54
12/11/2017 08:00:00 AM,68,5,63
12/11/2017 09:00:00 AM,37,3,34
12/11/2017 10:00:00 AM,13,1,12
12/11/2017 11:00:00 AM,16,9,7
12/11/2017 12:00:00 PM,12,7,5
12/11/2017 01:00:00 PM,13,3,10
12/11/2017 02:00:00 PM,14,7,7
12/11/2017 03:00:00 PM,32,25,7
12/11/2017 04:00:00 PM,71,52,19
12/11/2017 05:00:00 PM,89,79,10
12/11/2017 06:00:00 PM,49,43,6
12/11/2017 07:00:00 PM,19,14,5
12/11/2017 08:00:00 PM,5,5,0
12/11/2017 09:00:00 PM,7,6,1
12/11/2017 10:00:00 PM,1,1,0
12/11/2017 11:00:00 PM,0,0,0
12/12/2017 12:00:00 AM,0,0,0
12/12/2017 01:00:00 AM,0,0,0
12/12/2017 02:00:00 AM,1,1,0
12/12/2017 03:00:00 AM,1,1,0
12/12/2017 04:00:00 AM,1,1,0
12/12/2017 05:00:00 AM,23,2,21
12/12/2017 06:00:00 AM,56,5,51
12/12/2017 07:00:00 AM,75,7,68
12/12/2017 08:00:00 AM,93,3,90
12/12/2017 09:00:00 AM,41,4,37
12/12/2017 10:00:00 AM,13,2,11
12/12/2017 11:00:00 AM,11,5,6
12/12/2017 12:00:00 PM,8,2,6
12/12/2017 01:00:00 PM,19,6,13
12/12/2017 02:00:00 PM,17,9,8
12/12/2017 03:00:00 PM,31,25,6
12/12/2017 04:00:00 PM,74,58,16
12/12/2017 05:00:00 PM,115,102,13
12/12/2017 06:00:00 PM,55,48,7
12/12/2017 07:00:00 PM,23,20,3
12/12/2017 08:00:00 PM,10,7,3
12/12/2017 09:00:00 PM,5,5,0
12/12/2017 10:00:00 PM,6,6,0
12/12/2017 11:00:00 PM,1,1,0
12/13/2017 12:00:00 AM,0,0,0
12/13/2017 01:00:00 AM,0,0,0
12/13/2017 02:00:00 AM,1,1,0
12/13/2017 03:00:00 AM,1,1,0
12/13/2017 04:00:00 AM,2,1,1
12/13/2017 05:00:00 AM,26,3,23
12/13/2017 06:00:00 AM,52,1,51
12/13/2017 07:00:00 AM,69,6,63
12/13/2017 08:00:00 AM,111,7,104
12/13/2017 09:00:00 AM,38,4,34
12/13/2017 10:00:00 AM,19,4,15
12/13/2017 11:00:00 AM,14,4,10
12/13/2017 12:00:00 PM,18,6,12
12/13/2017 01:00:00 PM,13,7,6
12/13/2017 02:00:00 PM,33,18,15
12/13/2017 03:00:00 PM,36,29,7
12/13/2017 04:00:00 PM,72,60,12
12/13/2017 05:00:00 PM,101,91,10
12/13/2017 06:00:00 PM,70,58,12
12/13/2017 07:00:00 PM,28,21,7
12/13/2017 08:00:00 PM,10,7,3
12/13/2017 09:00:00 PM,7,4,3
12/13/2017 10:00:00 PM,9,7,2
12/13/2017 11:00:00 PM,5,4,1
12/14/2017 12:00:00 AM,0,0,0
12/14/2017 01:00:00 AM,1,0,1
12/14/2017 02:00:00 AM,2,2,0
12/14/2017 03:00:00 AM,4,3,1
12/14/2017 04:00:00 AM,5,3,2
12/14/2017 05:00:00 AM,23,1,22
12/14/2017 06:00:00 AM,37,6,31
12/14/2017 07:00:00 AM,77,8,69
12/14/2017 08:00:00 AM,93,4,89
12/14/2017 09:00:00 AM,36,1,35
12/14/2017 10:00:00 AM,18,3,15
12/14/2017 11:00:00 AM,13,4,9
12/14/2017 12:00:00 PM,17,7,10
12/14/2017 01:00:00 PM,12,9,3
12/14/2017 02:00:00 PM,27,13,14
12/14/2017 03:00:00 PM,34,27,7
12/14/2017 04:00:00 PM,56,49,7
12/14/2017 05:00:00 PM,96,83,13
12/14/2017 06:00:00 PM,51,44,7
12/14/2017 07:00:00 PM,24,20,4
12/14/2017 08:00:00 PM,9,8,1
12/14/2017 09:00:00 PM,5,2,3
12/14/2017 10:00:00 PM,9,3,6
12/14/2017 11:00:00 PM,3,3,0
12/15/2017 12:00:00 AM,5,3,2
12/15/2017 01:00:00 AM,2,1,1
12/15/2017 02:00:00 AM,1,1,0
12/15/2017 03:00:00 AM,2,1,1
12/15/2017 04:00:00 AM,6,2,4
12/15/2017 05:00:00 AM,20,3,17
12/15/2017 06:00:00 AM,20,0,20
12/15/2017 07:00:00 AM,52,3,49
12/15/2017 08:00:00 AM,63,6,57
12/15/2017 09:00:00 AM,25,3,22
12/15/2017 10:00:00 AM,16,2,14
12/15/2017 11:00:00 AM,11,3,8
12/15/2017 12:00:00 PM,11,6,5
12/15/2017 01:00:00 PM,13,8,5
12/15/2017 02:00:00 PM,18,8,10
12/15/2017 03:00:00 PM,26,19,7
12/15/2017 04:00:00 PM,47,38,9
12/15/2017 05:00:00 PM,59,51,8
12/15/2017 06:00:00 PM,23,21,2
12/15/2017 07:00:00 PM,20,18,2
12/15/2017 08:00:00 PM,8,8,0
12/15/2017 09:00:00 PM,6,5,1
12/15/2017 10:00:00 PM,5,3,2
12/15/2017 11:00:00 PM,1,0,1
12/16/2017 12:00:00 AM,0,0,0
12/16/2017 01:00:00 AM,4,3,1
12/16/2017 02:00:00 AM,2,1,1
12/16/2017 03:00:00 AM,5,4,1
12/16/2017 04:00:00 AM,2,2,0
12/16/2017 05:00:00 AM,2,0,2
12/16/2017 06:00:00 AM,11,7,4
12/16/2017 07:00:00 AM,5,1,4
12/16/2017 08:00:00 AM,15,5,10
12/16/2017 09:00:00 AM,16,4,12
12/16/2017 10:00:00 AM,14,2,12
12/16/2017 11:00:00 AM,20,16,4
12/16/2017 12:00:00 PM,28,12,16
12/16/2017 01:00:00 PM,23,13,10
12/16/2017 02:00:00 PM,23,8,15
12/16/2017 03:00:00 PM,32,22,10
12/16/2017 04:00:00 PM,12,6,6
12/16/2017 05:00:00 PM,10,5,5
12/16/2017 06:00:00 PM,11,8,3
12/16/2017 07:00:00 PM,8,3,5
12/16/2017 08:00:00 PM,6,1,5
12/16/2017 09:00:00 PM,4,3,1
12/16/2017 10:00:00 PM,1,1,0
12/16/2017 11:00:00 PM,2,1,1
12/17/2017 12:00:00 AM,1,1,0
12/17/2017 01:00:00 AM,4,1,3
12/17/2017 02:00:00 AM,2,2,0
12/17/2017 03:00:00 AM,2,2,0
12/17/2017 04:00:00 AM,0,0,0
12/17/2017 05:00:00 AM,1,0,1
12/17/2017 06:00:00 AM,5,2,3
12/17/2017 07:00:00 AM,1,0,1
12/17/2017 08:00:00 AM,11,6,5
12/17/2017 09:00:00 AM,4,1,3
12/17/2017 10:00:00 AM,10,7,3
12/17/2017 11:00:00 AM,8,3,5
12/17/2017 12:00:00 PM,5,2,3
12/17/2017 01:00:00 PM,9,6,3
12/17/2017 02:00:00 PM,5,1,4
12/17/2017 03:00:00 PM,15,7,8
12/17/2017 04:00:00 PM,18,13,5
12/17/2017 05:00:00 PM,11,5,6
12/17/2017 06:00:00 PM,3,2,1
12/17/2017 07:00:00 PM,1,1,0
12/17/2017 08:00:00 PM,7,6,1
12/17/2017 09:00:00 PM,4,4,0
12/17/2017 10:00:00 PM,3,1,2
12/17/2017 11:00:00 PM,2,1,1
12/18/2017 12:00:00 AM,3,1,2
12/18/2017 01:00:00 AM,1,0,1
12/18/2017 02:00:00 AM,1,1,0
12/18/2017 03:00:00 AM,1,0,1
12/18/2017 04:00:00 AM,1,0,1
12/18/2017 05:00:00 AM,19,3,16
12/18/2017 06:00:00 AM,31,5,26
12/18/2017 07:00:00 AM,62,8,54
12/18/2017 08:00:00 AM,64,4,60
12/18/2017 09:00:00 AM,27,3,24
12/18/2017 10:00:00 AM,13,1,12
12/18/2017 11:00:00 AM,7,2,5
12/18/2017 12:00:00 PM,3,1,2
12/18/2017 01:00:00 PM,11,7,4
12/18/2017 02:00:00 PM,16,8,8
12/18/2017 03:00:00 PM,18,14,4
12/18/2017 04:00:00 PM,44,38,6
12/18/2017 05:00:00 PM,79,68,11
12/18/2017 06:00:00 PM,36,33,3
12/18/2017 07:00:00 PM,13,12,1
12/18/2017 08:00:00 PM,9,7,2
12/18/2017 09:00:00 PM,1,0,1
12/18/2017 10:00:00 PM,1,1,0
12/18/2017 11:00:00 PM,1,1,0
12/19/2017 12:00:00 AM,1,1,0
12/19/2017 01:00:00 AM,0,0,0
12/19/2017 02:00:00 AM,0,0,0
12/19/2017 03:00:00 AM,1,0,1
12/19/2017 04:00:00 AM,3,1,2
12/19/2017 05:00:00 AM,14,0,14
12/19/2017 06:00:00 AM,27,5,22
12/19/2017 07:00:00 AM,43,6,37
12/19/2017 08:00:00 AM,42,4,38
12/19/2017 09:00:00 AM,12,1,11
12/19/2017 10:00:00 AM,10,0,10
12/19/2017 11:00:00 AM,8,2,6
12/19/2017 12:00:00 PM,1,0,1
12/19/2017 01:00:00 PM,4,0,4
12/19/2017 02:00:00 PM,3,0,3
12/19/2017 03:00:00 PM,12,9,3
12/19/2017 04:00:00 PM,43,32,11
12/19/2017 05:00:00 PM,46,40,6
12/19/2017 06:00:00 PM,37,30,7
12/19/2017 07:00:00 PM,12,10,2
12/19/2017 08:00:00 PM,8,7,1
12/19/2017 09:00:00 PM,5,4,1
12/19/2017 10:00:00 PM,6,3,3
12/19/2017 11:00:00 PM,1,1,0
12/20/2017 12:00:00 AM,0,0,0
12/20/2017 01:00:00 AM,0,0,0
12/20/2017 02:00:00 AM,0,0,0
12/20/2017 03:00:00 AM,5,3,2
12/20/2017 04:00:00 AM,1,1,0
12/20/2017 05:00:00 AM,15,3,12
12/20/2017 06:00:00 AM,34,4,30
12/20/2017 07:00:00 AM,70,7,63
12/20/2017 08:00:00 AM,78,3,75
12/20/2017 09:00:00 AM,26,6,20
12/20/2017 10:00:00 AM,20,4,16
12/20/2017 11:00:00 AM,27,9,18
12/20/2017 12:00:00 PM,16,7,9
12/20/2017 01:00:00 PM,18,4,14
12/20/2017 02:00:00 PM,24,10,14
12/20/2017 03:00:00 PM,38,31,7
12/20/2017 04:00:00 PM,59,45,14
12/20/2017 05:00:00 PM,82,70,12
12/20/2017 06:00:00 PM,48,38,10
12/20/2017 07:00:00 PM,21,17,4
12/20/2017 08:00:00 PM,14,10,4
12/20/2017 09:00:00 PM,4,4,0
12/20/2017 10:00:00 PM,4,4,0
12/20/2017 11:00:00 PM,1,1,0
12/21/2017 12:00:00 AM,1,0,1
12/21/2017 01:00:00 AM,0,0,0
12/21/2017 02:00:00 AM,0,0,0
12/21/2017 03:00:00 AM,4,4,0
12/21/2017 04:00:00 AM,1,1,0
12/21/2017 05:00:00 AM,16,1,15
12/21/2017 06:00:00 AM,28,5,23
12/21/2017 07:00:00 AM,38,4,34
12/21/2017 08:00:00 AM,49,3,46
12/21/2017 09:00:00 AM,26,4,22
12/21/2017 10:00:00 AM,14,4,10
12/21/2017 11:00:00 AM,13,1,12
12/21/2017 12:00:00 PM,19,7,12
12/21/2017 01:00:00 PM,6,3,3
12/21/2017 02:00:00 PM,14,8,6
12/21/2017 03:00:00 PM,32,27,5
12/21/2017 04:00:00 PM,46,36,10
12/21/2017 05:00:00 PM,56,49,7
12/21/2017 06:00:00 PM,30,24,6
12/21/2017 07:00:00 PM,9,6,3
12/21/2017 08:00:00 PM,12,10,2
12/21/2017 09:00:00 PM,14,7,7
12/21/2017 10:00:00 PM,10,8,2
12/21/2017 11:00:00 PM,0,0,0
12/22/2017 12:00:00 AM,1,0,1
12/22/2017 01:00:00 AM,2,1,1
12/22/2017 02:00:00 AM,1,1,0
12/22/2017 03:00:00 AM,1,1,0
12/22/2017 04:00:00 AM,1,1,0
12/22/2017 05:00:00 AM,10,2,8
12/22/2017 06:00:00 AM,19,3,16
12/22/2017 07:00:00 AM,19,6,13
12/22/2017 08:00:00 AM,42,3,39
12/22/2017 09:00:00 AM,10,1,9
12/22/2017 10:00:00 AM,10,4,6
12/22/2017 11:00:00 AM,15,8,7
12/22/2017 12:00:00 PM,5,1,4
12/22/2017 01:00:00 PM,20,12,8
12/22/2017 02:00:00 PM,16,13,3
12/22/2017 03:00:00 PM,27,19,8
12/22/2017 04:00:00 PM,44,27,17
12/22/2017 05:00:00 PM,19,15,4
12/22/2017 06:00:00 PM,10,8,2
12/22/2017 07:00:00 PM,6,5,1
12/22/2017 08:00:00 PM,5,3,2
12/22/2017 09:00:00 PM,6,5,1
12/22/2017 10:00:00 PM,1,1,0
12/22/2017 11:00:00 PM,1,0,1
12/23/2017 12:00:00 AM,1,1,0
12/23/2017 01:00:00 AM,2,1,1
12/23/2017 02:00:00 AM,0,0,0
12/23/2017 03:00:00 AM,1,1,0
12/23/2017 04:00:00 AM,4,4,0
12/23/2017 05:00:00 AM,2,0,2
12/23/2017 06:00:00 AM,4,2,2
12/23/2017 07:00:00 AM,3,2,1
12/23/2017 08:00:00 AM,14,5,9
12/23/2017 09:00:00 AM,9,3,6
12/23/2017 10:00:00 AM,14,5,9
12/23/2017 11:00:00 AM,22,12,10
12/23/2017 12:00:00 PM,22,9,13
12/23/2017 01:00:00 PM,23,16,7
12/23/2017 02:00:00 PM,27,16,11
12/23/2017 03:00:00 PM,21,10,11
12/23/2017 04:00:00 PM,18,8,10
12/23/2017 05:00:00 PM,9,2,7
12/23/2017 06:00:00 PM,7,6,1
12/23/2017 07:00:00 PM,2,2,0
12/23/2017 08:00:00 PM,0,0,0
12/23/2017 09:00:00 PM,1,0,1
12/23/2017 10:00:00 PM,2,2,0
12/23/2017 11:00:00 PM,0,0,0
12/24/2017 12:00:00 AM,1,1,0
12/24/2017 01:00:00 AM,1,1,0
12/24/2017 02:00:00 AM,0,0,0
12/24/2017 03:00:00 AM,1,1,0
12/24/2017 04:00:00 AM,0,0,0
12/24/2017 05:00:00 AM,0,0,0
12/24/2017 06:00:00 AM,4,0,4
12/24/2017 07:00:00 AM,0,0,0
12/24/2017 08:00:00 AM,2,0,2
12/24/2017 09:00:00 AM,3,2,1
12/24/2017 10:00:00 AM,8,1,7
12/24/2017 11:00:00 AM,10,7,3
12/24/2017 12:00:00 PM,9,5,4
12/24/2017 01:00:00 PM,6,4,2
12/24/2017 02:00:00 PM,7,2,5
12/24/2017 03:00:00 PM,7,4,3
12/24/2017 04:00:00 PM,5,4,1
12/24/2017 05:00:00 PM,1,0,1
12/24/2017 06:00:00 PM,4,2,2
12/24/2017 07:00:00 PM,1,1,0
12/24/2017 08:00:00 PM,0,0,0
12/24/2017 09:00:00 PM,2,1,1
12/24/2017 10:00:00 PM,1,0,1
12/24/2017 11:00:00 PM,1,0,1
12/25/2017 12:00:00 AM,0,0,0
12/25/2017 01:00:00 AM,1,0,1
12/25/2017 02:00:00 AM,0,0,0
12/25/2017 03:00:00 AM,1,1,0
12/25/2017 04:00:00 AM,0,0,0
12/25/2017 05:00:00 AM,0,0,0
12/25/2017 06:00:00 AM,0,0,0
12/25/2017 07:00:00 AM,0,0,0
12/25/2017 08:00:00 AM,0,0,0
12/25/2017 09:00:00 AM,2,1,1
12/25/2017 10:00:00 AM,0,0,0
12/25/2017 11:00:00 AM,0,0,0
12/25/2017 12:00:00 PM,0,0,0
12/25/2017 01:00:00 PM,1,0,1
12/25/2017 02:00:00 PM,3,1,2
12/25/2017 03:00:00 PM,2,2,0
12/25/2017 04:00:00 PM,1,0,1
12/25/2017 05:00:00 PM,3,2,1
12/25/2017 06:00:00 PM,0,0,0
12/25/2017 07:00:00 PM,1,1,0
12/25/2017 08:00:00 PM,0,0,0
12/25/2017 09:00:00 PM,1,0,1
12/25/2017 10:00:00 PM,1,1,0
12/25/2017 11:00:00 PM,0,0,0
12/26/2017 12:00:00 AM,2,0,2
12/26/2017 01:00:00 AM,1,1,0
12/26/2017 02:00:00 AM,1,1,0
12/26/2017 03:00:00 AM,0,0,0
12/26/2017 04:00:00 AM,1,0,1
12/26/2017 05:00:00 AM,5,0,5
12/26/2017 06:00:00 AM,6,2,4
12/26/2017 07:00:00 AM,8,0,8
12/26/2017 08:00:00 AM,12,1,11
12/26/2017 09:00:00 AM,7,3,4
12/26/2017 10:00:00 AM,15,3,12
12/26/2017 11:00:00 AM,7,2,5
12/26/2017 12:00:00 PM,8,5,3
12/26/2017 01:00:00 PM,8,5,3
12/26/2017 02:00:00 PM,12,8,4
12/26/2017 03:00:00 PM,9,3,6
12/26/2017 04:00:00 PM,17,12,5
12/26/2017 05:00:00 PM,21,13,8
12/26/2017 06:00:00 PM,4,3,1
12/26/2017 07:00:00 PM,3,3,0
12/26/2017 08:00:00 PM,4,4,0
12/26/2017 09:00:00 PM,2,2,0
12/26/2017 10:00:00 PM,8,6,2
12/26/2017 11:00:00 PM,2,1,1
12/27/2017 12:00:00 AM,1,1,0
12/27/2017 01:00:00 AM,1,0,1
12/27/2017 02:00:00 AM,0,0,0
12/27/2017 03:00:00 AM,1,1,0
12/27/2017 04:00:00 AM,0,0,0
12/27/2017 05:00:00 AM,8,2,6
12/27/2017 06:00:00 AM,13,2,11
12/27/2017 07:00:00 AM,18,4,14
12/27/2017 08:00:00 AM,29,5,24
12/27/2017 09:00:00 AM,16,0,16
12/27/2017 10:00:00 AM,11,2,9
12/27/2017 11:00:00 AM,20,13,7
12/27/2017 12:00:00 PM,23,6,17
12/27/2017 01:00:00 PM,6,5,1
12/27/2017 02:00:00 PM,15,7,8
12/27/2017 03:00:00 PM,17,16,1
12/27/2017 04:00:00 PM,36,30,6
12/27/2017 05:00:00 PM,25,19,6
12/27/2017 06:00:00 PM,19,9,10
12/27/2017 07:00:00 PM,8,6,2
12/27/2017 08:00:00 PM,13,9,4
12/27/2017 09:00:00 PM,2,2,0
12/27/2017 10:00:00 PM,2,2,0
12/27/2017 11:00:00 PM,0,0,0
12/28/2017 12:00:00 AM,2,1,1
12/28/2017 01:00:00 AM,1,0,1
12/28/2017 02:00:00 AM,2,1,1
12/28/2017 03:00:00 AM,2,2,0
12/28/2017 04:00:00 AM,1,1,0
12/28/2017 05:00:00 AM,11,3,8
12/28/2017 06:00:00 AM,15,4,11
12/28/2017 07:00:00 AM,23,3,20
12/28/2017 08:00:00 AM,33,5,28
12/28/2017 09:00:00 AM,23,9,14
12/28/2017 10:00:00 AM,14,3,11
12/28/2017 11:00:00 AM,8,3,5
12/28/2017 12:00:00 PM,7,3,4
12/28/2017 01:00:00 PM,9,2,7
12/28/2017 02:00:00 PM,11,7,4
12/28/2017 03:00:00 PM,12,11,1
12/28/2017 04:00:00 PM,26,21,5
12/28/2017 05:00:00 PM,31,26,5
12/28/2017 06:00:00 PM,20,15,5
12/28/2017 07:00:00 PM,8,5,3
12/28/2017 08:00:00 PM,2,2,0
12/28/2017 09:00:00 PM,3,3,0
12/28/2017 10:00:00 PM,2,1,1
12/28/2017 11:00:00 PM,0,0,0
12/29/2017 12:00:00 AM,0,0,0
12/29/2017 01:00:00 AM,0,0,0
12/29/2017 02:00:00 AM,1,1,0
12/29/2017 03:00:00 AM,1,1,0
12/29/2017 04:00:00 AM,1,1,0
12/29/2017 05:00:00 AM,7,1,6
12/29/2017 06:00:00 AM,8,0,8
12/29/2017 07:00:00 AM,14,3,11
12/29/2017 08:00:00 AM,15,3,12
12/29/2017 09:00:00 AM,5,2,3
12/29/2017 10:00:00 AM,3,0,3
12/29/2017 11:00:00 AM,1,0,1
12/29/2017 12:00:00 PM,4,1,3
12/29/2017 01:00:00 PM,8,4,4
12/29/2017 02:00:00 PM,5,2,3
12/29/2017 03:00:00 PM,13,12,1
12/29/2017 04:00:00 PM,15,12,3
12/29/2017 05:00:00 PM,15,9,6
12/29/2017 06:00:00 PM,5,3,2
12/29/2017 07:00:00 PM,6,5,1
12/29/2017 08:00:00 PM,1,1,0
12/29/2017 09:00:00 PM,0,0,0
12/29/2017 10:00:00 PM,3,2,1
12/29/2017 11:00:00 PM,0,0,0
12/30/2017 12:00:00 AM,0,0,0
12/30/2017 01:00:00 AM,1,1,0
12/30/2017 02:00:00 AM,2,0,2
12/30/2017 03:00:00 AM,2,2,0
12/30/2017 04:00:00 AM,1,1,0
12/30/2017 05:00:00 AM,0,0,0
12/30/2017 06:00:00 AM,4,1,3
12/30/2017 07:00:00 AM,2,1,1
12/30/2017 08:00:00 AM,9,2,7
12/30/2017 09:00:00 AM,24,12,12
12/30/2017 10:00:00 AM,19,7,12
12/30/2017 11:00:00 AM,25,8,17
12/30/2017 12:00:00 PM,49,19,30
12/30/2017 01:00:00 PM,31,22,9
12/30/2017 02:00:00 PM,26,18,8
12/30/2017 03:00:00 PM,18,5,13
12/30/2017 04:00:00 PM,14,9,5
12/30/2017 05:00:00 PM,11,5,6
12/30/2017 06:00:00 PM,8,5,3
12/30/2017 07:00:00 PM,2,1,1
12/30/2017 08:00:00 PM,4,3,1
12/30/2017 09:00:00 PM,4,3,1
12/30/2017 10:00:00 PM,3,3,0
12/30/2017 11:00:00 PM,2,1,1
12/31/2017 12:00:00 AM,5,2,3
12/31/2017 01:00:00 AM,0,0,0
12/31/2017 02:00:00 AM,5,1,4
12/31/2017 03:00:00 AM,1,0,1
12/31/2017 04:00:00 AM,2,0,2
12/31/2017 05:00:00 AM,2,0,2
12/31/2017 06:00:00 AM,4,2,2
12/31/2017 07:00:00 AM,4,2,2
12/31/2017 08:00:00 AM,13,2,11
12/31/2017 09:00:00 AM,12,2,10
12/31/2017 10:00:00 AM,25,15,10
12/31/2017 11:00:00 AM,23,6,17
12/31/2017 12:00:00 PM,29,15,14
12/31/2017 01:00:00 PM,49,36,13
12/31/2017 02:00:00 PM,30,19,11
12/31/2017 03:00:00 PM,18,11,7
12/31/2017 04:00:00 PM,15,4,11
12/31/2017 05:00:00 PM,11,8,3
12/31/2017 06:00:00 PM,8,3,5
12/31/2017 07:00:00 PM,5,1,4
12/31/2017 08:00:00 PM,4,0,4
12/31/2017 09:00:00 PM,2,2,0
12/31/2017 10:00:00 PM,5,1,4
12/31/2017 11:00:00 PM,1,1,0
01/01/2018 12:00:00 AM,4,2,2
01/01/2018 01:00:00 AM,5,2,3
01/01/2018 02:00:00 AM,2,2,0
01/01/2018 03:00:00 AM,4,3,1
01/01/2018 04:00:00 AM,5,5,0
01/01/2018 05:00:00 AM,1,0,1
01/01/2018 06:00:00 AM,2,1,1
01/01/2018 07:00:00 AM,4,0,4
01/01/2018 08:00:00 AM,4,2,2
01/01/2018 09:00:00 AM,6,3,3
01/01/2018 10:00:00 AM,17,5,12
01/01/2018 11:00:00 AM,16,9,7
01/01/2018 12:00:00 PM,38,20,18
01/01/2018 01:00:00 PM,33,13,20
01/01/2018 02:00:00 PM,29,16,13
01/01/2018 03:00:00 PM,25,13,12
01/01/2018 04:00:00 PM,19,10,9
01/01/2018 05:00:00 PM,5,4,1
01/01/2018 06:00:00 PM,5,0,5
01/01/2018 07:00:00 PM,5,5,0
01/01/2018 08:00:00 PM,1,0,1
01/01/2018 09:00:00 PM,2,1,1
01/01/2018 10:00:00 PM,1,0,1
01/01/2018 11:00:00 PM,0,0,0
01/02/2018 12:00:00 AM,5,5,0
01/02/2018 01:00:00 AM,2,0,2
01/02/2018 02:00:00 AM,1,0,1
01/02/2018 03:00:00 AM,2,2,0
01/02/2018 04:00:00 AM,6,0,6
01/02/2018 05:00:00 AM,13,1,12
01/02/2018 06:00:00 AM,49,6,43
01/02/2018 07:00:00 AM,76,10,66
01/02/2018 08:00:00 AM,111,9,102
01/02/2018 09:00:00 AM,28,1,27
01/02/2018 10:00:00 AM,10,1,9
01/02/2018 11:00:00 AM,15,7,8
01/02/2018 12:00:00 PM,15,6,9
01/02/2018 01:00:00 PM,17,5,12
01/02/2018 02:00:00 PM,11,5,6
01/02/2018 03:00:00 PM,22,19,3
01/02/2018 04:00:00 PM,77,67,10
01/02/2018 05:00:00 PM,122,107,15
01/02/2018 06:00:00 PM,75,65,10
01/02/2018 07:00:00 PM,12,12,0
01/02/2018 08:00:00 PM,8,6,2
01/02/2018 09:00:00 PM,0,0,0
01/02/2018 10:00:00 PM,5,4,1
01/02/2018 11:00:00 PM,1,1,0
01/03/2018 12:00:00 AM,0,0,0
01/03/2018 01:00:00 AM,1,0,1
01/03/2018 02:00:00 AM,1,0,1
01/03/2018 03:00:00 AM,0,0,0
01/03/2018 04:00:00 AM,3,1,2
01/03/2018 05:00:00 AM,16,1,15
01/03/2018 06:00:00 AM,45,5,40
01/03/2018 07:00:00 AM,93,8,85
01/03/2018 08:00:00 AM,111,5,106
01/03/2018 09:00:00 AM,48,4,44
01/03/2018 10:00:00 AM,20,5,15
01/03/2018 11:00:00 AM,23,11,12
01/03/2018 12:00:00 PM,14,8,6
01/03/2018 01:00:00 PM,21,12,9
01/03/2018 02:00:00 PM,17,12,5
01/03/2018 03:00:00 PM,31,22,9
01/03/2018 04:00:00 PM,73,59,14
01/03/2018 05:00:00 PM,132,115,17
01/03/2018 06:00:00 PM,73,65,8
01/03/2018 07:00:00 PM,19,14,5
01/03/2018 08:00:00 PM,6,6,0
01/03/2018 09:00:00 PM,6,4,2
01/03/2018 10:00:00 PM,5,4,1
01/03/2018 11:00:00 PM,1,0,1
01/04/2018 12:00:00 AM,0,0,0
01/04/2018 01:00:00 AM,2,0,2
01/04/2018 02:00:00 AM,3,3,0
01/04/2018 03:00:00 AM,3,1,2
01/04/2018 04:00:00 AM,6,2,4
01/04/2018 05:00:00 AM,22,3,19
01/04/2018 06:00:00 AM,45,8,37
01/04/2018 07:00:00 AM,80,9,71
01/04/2018 08:00:00 AM,110,9,101
01/04/2018 09:00:00 AM,45,4,41
01/04/2018 10:00:00 AM,13,4,9
01/04/2018 11:00:00 AM,7,2,5
01/04/2018 12:00:00 PM,17,4,13
01/04/2018 01:00:00 PM,9,5,4
01/04/2018 02:00:00 PM,12,4,8
01/04/2018 03:00:00 PM,32,26,6
01/04/2018 04:00:00 PM,67,52,15
01/04/2018 05:00:00 PM,112,98,14
01/04/2018 06:00:00 PM,66,58,8
01/04/2018 07:00:00 PM,21,21,0
01/04/2018 08:00:00 PM,14,11,3
01/04/2018 09:00:00 PM,13,11,2
01/04/2018 10:00:00 PM,3,3,0
01/04/2018 11:00:00 PM,2,1,1
01/05/2018 12:00:00 AM,3,1,2
01/05/2018 01:00:00 AM,1,0,1
01/05/2018 02:00:00 AM,3,2,1
01/05/2018 03:00:00 AM,1,1,0
01/05/2018 04:00:00 AM,2,1,1
01/05/2018 05:00:00 AM,13,3,10
01/05/2018 06:00:00 AM,22,3,19
01/05/2018 07:00:00 AM,57,7,50
01/05/2018 08:00:00 AM,70,8,62
01/05/2018 09:00:00 AM,47,11,36
01/05/2018 10:00:00 AM,9,2,7
01/05/2018 11:00:00 AM,7,2,5
01/05/2018 12:00:00 PM,4,0,4
01/05/2018 01:00:00 PM,16,11,5
01/05/2018 02:00:00 PM,11,5,6
01/05/2018 03:00:00 PM,21,15,6
01/05/2018 04:00:00 PM,51,42,9
01/05/2018 05:00:00 PM,62,54,8
01/05/2018 06:00:00 PM,39,34,5
01/05/2018 07:00:00 PM,23,17,6
01/05/2018 08:00:00 PM,6,6,0
01/05/2018 09:00:00 PM,1,1,0
01/05/2018 10:00:00 PM,1,1,0
01/05/2018 11:00:00 PM,0,0,0
01/06/2018 12:00:00 AM,2,1,1
01/06/2018 01:00:00 AM,0,0,0
01/06/2018 02:00:00 AM,4,4,0
01/06/2018 03:00:00 AM,2,2,0
01/06/2018 04:00:00 AM,1,0,1
01/06/2018 05:00:00 AM,0,0,0
01/06/2018 06:00:00 AM,5,2,3
01/06/2018 07:00:00 AM,0,0,0
01/06/2018 08:00:00 AM,5,2,3
01/06/2018 09:00:00 AM,12,5,7
01/06/2018 10:00:00 AM,11,5,6
01/06/2018 11:00:00 AM,11,5,6
01/06/2018 12:00:00 PM,13,9,4
01/06/2018 01:00:00 PM,20,11,9
01/06/2018 02:00:00 PM,8,4,4
01/06/2018 03:00:00 PM,13,9,4
01/06/2018 04:00:00 PM,19,8,11
01/06/2018 05:00:00 PM,7,3,4
01/06/2018 06:00:00 PM,5,1,4
01/06/2018 07:00:00 PM,5,5,0
01/06/2018 08:00:00 PM,4,2,2
01/06/2018 09:00:00 PM,1,0,1
01/06/2018 10:00:00 PM,6,3,3
01/06/2018 11:00:00 PM,4,1,3
01/07/2018 12:00:00 AM,4,4,0
01/07/2018 01:00:00 AM,2,2,0
01/07/2018 02:00:00 AM,1,0,1
01/07/2018 03:00:00 AM,2,1,1
01/07/2018 04:00:00 AM,0,0,0
01/07/2018 05:00:00 AM,0,0,0
01/07/2018 06:00:00 AM,6,3,3
01/07/2018 07:00:00 AM,2,1,1
01/07/2018 08:00:00 AM,5,3,2
01/07/2018 09:00:00 AM,2,0,2
01/07/2018 10:00:00 AM,19,8,11
01/07/2018 11:00:00 AM,19,7,12
01/07/2018 12:00:00 PM,12,6,6
01/07/2018 01:00:00 PM,24,11,13
01/07/2018 02:00:00 PM,13,4,9
01/07/2018 03:00:00 PM,10,6,4
01/07/2018 04:00:00 PM,6,5,1
01/07/2018 05:00:00 PM,4,1,3
01/07/2018 06:00:00 PM,3,1,2
01/07/2018 07:00:00 PM,5,5,0
01/07/2018 08:00:00 PM,0,0,0
01/07/2018 09:00:00 PM,0,0,0
01/07/2018 10:00:00 PM,2,1,1
01/07/2018 11:00:00 PM,0,0,0
01/08/2018 12:00:00 AM,1,0,1
01/08/2018 01:00:00 AM,3,1,2
01/08/2018 02:00:00 AM,1,1,0
01/08/2018 03:00:00 AM,1,1,0
01/08/2018 04:00:00 AM,3,0,3
01/08/2018 05:00:00 AM,18,0,18
01/08/2018 06:00:00 AM,44,3,41
01/08/2018 07:00:00 AM,109,9,100
01/08/2018 08:00:00 AM,91,10,81
01/08/2018 09:00:00 AM,52,5,47
01/08/2018 10:00:00 AM,14,3,11
01/08/2018 11:00:00 AM,17,9,8
01/08/2018 12:00:00 PM,19,8,11
01/08/2018 01:00:00 PM,23,12,11
01/08/2018 02:00:00 PM,21,14,7
01/08/2018 03:00:00 PM,25,21,4
01/08/2018 04:00:00 PM,68,56,12
01/08/2018 05:00:00 PM,131,118,13
01/08/2018 06:00:00 PM,79,68,11
01/08/2018 07:00:00 PM,14,12,2
01/08/2018 08:00:00 PM,14,13,1
01/08/2018 09:00:00 PM,2,1,1
01/08/2018 10:00:00 PM,1,1,0
01/08/2018 11:00:00 PM,0,0,0
01/09/2018 12:00:00 AM,0,0,0
01/09/2018 01:00:00 AM,0,0,0
01/09/2018 02:00:00 AM,0,0,0
01/09/2018 03:00:00 AM,0,0,0
01/09/2018 04:00:00 AM,10,3,7
01/09/2018 05:00:00 AM,19,4,15
01/09/2018 06:00:00 AM,43,7,36
01/09/2018 07:00:00 AM,92,10,82
01/09/2018 08:00:00 AM,82,4,78
01/09/2018 09:00:00 AM,37,2,35
01/09/2018 10:00:00 AM,7,3,4
01/09/2018 11:00:00 AM,8,2,6
01/09/2018 12:00:00 PM,8,4,4
01/09/2018 01:00:00 PM,4,2,2
01/09/2018 02:00:00 PM,13,7,6
01/09/2018 03:00:00 PM,25,19,6
01/09/2018 04:00:00 PM,59,46,13
01/09/2018 05:00:00 PM,102,86,16
01/09/2018 06:00:00 PM,51,46,5
01/09/2018 07:00:00 PM,32,28,4
01/09/2018 08:00:00 PM,6,6,0
01/09/2018 09:00:00 PM,4,3,1
01/09/2018 10:00:00 PM,4,2,2
01/09/2018 11:00:00 PM,0,0,0
01/10/2018 12:00:00 AM,4,1,3
01/10/2018 01:00:00 AM,2,0,2
01/10/2018 02:00:00 AM,1,1,0
01/10/2018 03:00:00 AM,2,1,1
01/10/2018 04:00:00 AM,3,1,2
01/10/2018 05:00:00 AM,16,3,13
01/10/2018 06:00:00 AM,38,7,31
01/10/2018 07:00:00 AM,114,12,102
01/10/2018 08:00:00 AM,84,9,75
01/10/2018 09:00:00 AM,35,5,30
01/10/2018 10:00:00 AM,16,3,13
01/10/2018 11:00:00 AM,5,3,2
01/10/2018 12:00:00 PM,5,2,3
01/10/2018 01:00:00 PM,12,5,7
01/10/2018 02:00:00 PM,13,5,8
01/10/2018 03:00:00 PM,23,19,4
01/10/2018 04:00:00 PM,68,63,5
01/10/2018 05:00:00 PM,83,76,7
01/10/2018 06:00:00 PM,62,59,3
01/10/2018 07:00:00 PM,21,21,0
01/10/2018 08:00:00 PM,7,7,0
01/10/2018 09:00:00 PM,7,5,2
01/10/2018 10:00:00 PM,4,4,0
01/10/2018 11:00:00 PM,1,0,1
01/11/2018 12:00:00 AM,0,0,0
01/11/2018 01:00:00 AM,0,0,0
01/11/2018 02:00:00 AM,4,1,3
01/11/2018 03:00:00 AM,0,0,0
01/11/2018 04:00:00 AM,6,1,5
01/11/2018 05:00:00 AM,15,1,14
01/11/2018 06:00:00 AM,21,5,16
01/11/2018 07:00:00 AM,59,11,48
01/11/2018 08:00:00 AM,52,0,52
01/11/2018 09:00:00 AM,17,1,16
01/11/2018 10:00:00 AM,4,1,3
01/11/2018 11:00:00 AM,5,1,4
01/11/2018 12:00:00 PM,1,1,0
01/11/2018 01:00:00 PM,5,3,2
01/11/2018 02:00:00 PM,11,5,6
01/11/2018 03:00:00 PM,17,15,2
01/11/2018 04:00:00 PM,33,27,6
01/11/2018 05:00:00 PM,58,48,10
01/11/2018 06:00:00 PM,36,34,2
01/11/2018 07:00:00 PM,18,14,4
01/11/2018 08:00:00 PM,2,2,0
01/11/2018 09:00:00 PM,6,5,1
01/11/2018 10:00:00 PM,3,3,0
01/11/2018 11:00:00 PM,0,0,0
01/12/2018 12:00:00 AM,0,0,0
01/12/2018 01:00:00 AM,1,0,1
01/12/2018 02:00:00 AM,2,2,0
01/12/2018 03:00:00 AM,2,1,1
01/12/2018 04:00:00 AM,4,1,3
01/12/2018 05:00:00 AM,18,2,16
01/12/2018 06:00:00 AM,22,5,17
01/12/2018 07:00:00 AM,59,2,57
01/12/2018 08:00:00 AM,65,2,63
01/12/2018 09:00:00 AM,31,1,30
01/12/2018 10:00:00 AM,12,2,10
01/12/2018 11:00:00 AM,10,5,5
01/12/2018 12:00:00 PM,6,5,1
01/12/2018 01:00:00 PM,19,10,9
01/12/2018 02:00:00 PM,16,9,7
01/12/2018 03:00:00 PM,24,20,4
01/12/2018 04:00:00 PM,54,48,6
01/12/2018 05:00:00 PM,74,65,9
01/12/2018 06:00:00 PM,36,32,4
01/12/2018 07:00:00 PM,7,5,2
01/12/2018 08:00:00 PM,5,5,0
01/12/2018 09:00:00 PM,6,6,0
01/12/2018 10:00:00 PM,2,1,1
01/12/2018 11:00:00 PM,1,1,0
01/13/2018 12:00:00 AM,0,0,0
01/13/2018 01:00:00 AM,3,1,2
01/13/2018 02:00:00 AM,0,0,0
01/13/2018 03:00:00 AM,2,2,0
01/13/2018 04:00:00 AM,3,1,2
01/13/2018 05:00:00 AM,0,0,0
01/13/2018 06:00:00 AM,4,0,4
01/13/2018 07:00:00 AM,4,3,1
01/13/2018 08:00:00 AM,6,1,5
01/13/2018 09:00:00 AM,19,6,13
01/13/2018 10:00:00 AM,31,16,15
01/13/2018 11:00:00 AM,31,13,18
01/13/2018 12:00:00 PM,26,15,11
01/13/2018 01:00:00 PM,33,19,14
01/13/2018 02:00:00 PM,27,15,12
01/13/2018 03:00:00 PM,26,19,7
01/13/2018 04:00:00 PM,31,19,12
01/13/2018 05:00:00 PM,10,5,5
01/13/2018 06:00:00 PM,8,3,5
01/13/2018 07:00:00 PM,6,5,1
01/13/2018 08:00:00 PM,1,1,0
01/13/2018 09:00:00 PM,2,0,2
01/13/2018 10:00:00 PM,2,0,2
01/13/2018 11:00:00 PM,1,1,0
01/14/2018 12:00:00 AM,1,1,0
01/14/2018 01:00:00 AM,3,2,1
01/14/2018 02:00:00 AM,5,3,2
01/14/2018 03:00:00 AM,2,0,2
01/14/2018 04:00:00 AM,2,1,1
01/14/2018 05:00:00 AM,1,0,1
01/14/2018 06:00:00 AM,4,1,3
01/14/2018 07:00:00 AM,7,2,5
01/14/2018 08:00:00 AM,15,8,7
01/14/2018 09:00:00 AM,33,12,21
01/14/2018 10:00:00 AM,42,20,22
01/14/2018 11:00:00 AM,53,28,25
01/14/2018 12:00:00 PM,48,25,23
01/14/2018 01:00:00 PM,79,43,36
01/14/2018 02:00:00 PM,72,30,42
01/14/2018 03:00:00 PM,68,35,33
01/14/2018 04:00:00 PM,45,20,25
01/14/2018 05:00:00 PM,22,7,15
01/14/2018 06:00:00 PM,18,15,3
01/14/2018 07:00:00 PM,10,7,3
01/14/2018 08:00:00 PM,0,0,0
01/14/2018 09:00:00 PM,2,1,1
01/14/2018 10:00:00 PM,3,2,1
01/14/2018 11:00:00 PM,3,2,1
01/15/2018 12:00:00 AM,1,0,1
01/15/2018 01:00:00 AM,3,1,2
01/15/2018 02:00:00 AM,1,1,0
01/15/2018 03:00:00 AM,2,2,0
01/15/2018 04:00:00 AM,2,0,2
01/15/2018 05:00:00 AM,17,3,14
01/15/2018 06:00:00 AM,36,9,27
01/15/2018 07:00:00 AM,51,4,47
01/15/2018 08:00:00 AM,63,4,59
01/15/2018 09:00:00 AM,31,7,24
01/15/2018 10:00:00 AM,24,6,18
01/15/2018 11:00:00 AM,27,10,17
01/15/2018 12:00:00 PM,33,18,15
01/15/2018 01:00:00 PM,51,25,26
01/15/2018 02:00:00 PM,42,16,26
01/15/2018 03:00:00 PM,48,34,14
01/15/2018 04:00:00 PM,54,42,12
01/15/2018 05:00:00 PM,78,71,7
01/15/2018 06:00:00 PM,31,30,1
01/15/2018 07:00:00 PM,12,10,2
01/15/2018 08:00:00 PM,11,5,6
01/15/2018 09:00:00 PM,8,8,0
01/15/2018 10:00:00 PM,4,3,1
01/15/2018 11:00:00 PM,0,0,0
01/16/2018 12:00:00 AM,0,0,0
01/16/2018 01:00:00 AM,0,0,0
01/16/2018 02:00:00 AM,0,0,0
01/16/2018 03:00:00 AM,1,1,0
01/16/2018 04:00:00 AM,3,1,2
01/16/2018 05:00:00 AM,25,4,21
01/16/2018 06:00:00 AM,39,6,33
01/16/2018 07:00:00 AM,89,10,79
01/16/2018 08:00:00 AM,95,11,84
01/16/2018 09:00:00 AM,38,10,28
01/16/2018 10:00:00 AM,9,1,8
01/16/2018 11:00:00 AM,12,1,11
01/16/2018 12:00:00 PM,16,8,8
01/16/2018 01:00:00 PM,17,6,11
01/16/2018 02:00:00 PM,20,8,12
01/16/2018 03:00:00 PM,24,16,8
01/16/2018 04:00:00 PM,76,66,10
01/16/2018 05:00:00 PM,105,91,14
01/16/2018 06:00:00 PM,64,55,9
01/16/2018 07:00:00 PM,32,24,8
01/16/2018 08:00:00 PM,10,9,1
01/16/2018 09:00:00 PM,6,4,2
01/16/2018 10:00:00 PM,3,3,0
01/16/2018 11:00:00 PM,3,3,0
01/17/2018 12:00:00 AM,1,1,0
01/17/2018 01:00:00 AM,1,1,0
01/17/2018 02:00:00 AM,2,2,0
01/17/2018 03:00:00 AM,0,0,0
01/17/2018 04:00:00 AM,6,0,6
01/17/2018 05:00:00 AM,19,2,17
01/17/2018 06:00:00 AM,37,4,33
01/17/2018 07:00:00 AM,68,14,54
01/17/2018 08:00:00 AM,102,10,92
01/17/2018 09:00:00 AM,46,9,37
01/17/2018 10:00:00 AM,19,5,14
01/17/2018 11:00:00 AM,13,5,8
01/17/2018 12:00:00 PM,12,6,6
01/17/2018 01:00:00 PM,11,3,8
01/17/2018 02:00:00 PM,16,9,7
01/17/2018 03:00:00 PM,26,25,1
01/17/2018 04:00:00 PM,48,35,13
01/17/2018 05:00:00 PM,81,71,10
01/17/2018 06:00:00 PM,44,41,3
01/17/2018 07:00:00 PM,13,13,0
01/17/2018 08:00:00 PM,16,16,0
01/17/2018 09:00:00 PM,7,5,2
01/17/2018 10:00:00 PM,3,2,1
01/17/2018 11:00:00 PM,0,0,0
01/18/2018 12:00:00 AM,0,0,0
01/18/2018 01:00:00 AM,3,2,1
01/18/2018 02:00:00 AM,0,0,0
01/18/2018 03:00:00 AM,2,1,1
01/18/2018 04:00:00 AM,4,1,3
01/18/2018 05:00:00 AM,17,1,16
01/18/2018 06:00:00 AM,37,4,33
01/18/2018 07:00:00 AM,70,6,64
01/18/2018 08:00:00 AM,87,2,85
01/18/2018 09:00:00 AM,33,3,30
01/18/2018 10:00:00 AM,14,3,11
01/18/2018 11:00:00 AM,14,4,10
01/18/2018 12:00:00 PM,12,3,9
01/18/2018 01:00:00 PM,7,5,2
01/18/2018 02:00:00 PM,12,7,5
01/18/2018 03:00:00 PM,13,11,2
01/18/2018 04:00:00 PM,49,42,7
01/18/2018 05:00:00 PM,94,83,11
01/18/2018 06:00:00 PM,47,43,4
01/18/2018 07:00:00 PM,19,17,2
01/18/2018 08:00:00 PM,9,9,0
01/18/2018 09:00:00 PM,7,6,1
01/18/2018 10:00:00 PM,5,4,1
01/18/2018 11:00:00 PM,2,1,1
01/19/2018 12:00:00 AM,0,0,0
01/19/2018 01:00:00 AM,1,1,0
01/19/2018 02:00:00 AM,1,1,0
01/19/2018 03:00:00 AM,0,0,0
01/19/2018 04:00:00 AM,4,2,2
01/19/2018 05:00:00 AM,16,2,14
01/19/2018 06:00:00 AM,28,2,26
01/19/2018 07:00:00 AM,71,13,58
01/19/2018 08:00:00 AM,72,7,65
01/19/2018 09:00:00 AM,30,3,27
01/19/2018 10:00:00 AM,13,5,8
01/19/2018 11:00:00 AM,15,3,12
01/19/2018 12:00:00 PM,8,3,5
01/19/2018 01:00:00 PM,9,3,6
01/19/2018 02:00:00 PM,17,12,5
01/19/2018 03:00:00 PM,29,19,10
01/19/2018 04:00:00 PM,55,46,9
01/19/2018 05:00:00 PM,72,58,14
01/19/2018 06:00:00 PM,39,34,5
01/19/2018 07:00:00 PM,20,17,3
01/19/2018 08:00:00 PM,6,4,2
01/19/2018 09:00:00 PM,3,3,0
01/19/2018 10:00:00 PM,6,4,2
01/19/2018 11:00:00 PM,2,1,1
01/20/2018 12:00:00 AM,1,1,0
01/20/2018 01:00:00 AM,3,3,0
01/20/2018 02:00:00 AM,2,0,2
01/20/2018 03:00:00 AM,2,1,1
01/20/2018 04:00:00 AM,0,0,0
01/20/2018 05:00:00 AM,1,1,0
01/20/2018 06:00:00 AM,5,1,4
01/20/2018 07:00:00 AM,6,0,6
01/20/2018 08:00:00 AM,15,4,11
01/20/2018 09:00:00 AM,10,4,6
01/20/2018 10:00:00 AM,19,6,13
01/20/2018 11:00:00 AM,13,4,9
01/20/2018 12:00:00 PM,23,12,11
01/20/2018 01:00:00 PM,20,9,11
01/20/2018 02:00:00 PM,25,13,12
01/20/2018 03:00:00 PM,15,11,4
01/20/2018 04:00:00 PM,18,13,5
01/20/2018 05:00:00 PM,10,7,3
01/20/2018 06:00:00 PM,10,4,6
01/20/2018 07:00:00 PM,1,1,0
01/20/2018 08:00:00 PM,2,2,0
01/20/2018 09:00:00 PM,1,1,0
01/20/2018 10:00:00 PM,2,0,2
01/20/2018 11:00:00 PM,0,0,0
01/21/2018 12:00:00 AM,0,0,0
01/21/2018 01:00:00 AM,3,2,1
01/21/2018 02:00:00 AM,2,1,1
01/21/2018 03:00:00 AM,1,0,1
01/21/2018 04:00:00 AM,0,0,0
01/21/2018 05:00:00 AM,2,0,2
01/21/2018 06:00:00 AM,1,0,1
01/21/2018 07:00:00 AM,1,0,1
01/21/2018 08:00:00 AM,6,2,4
01/21/2018 09:00:00 AM,2,0,2
01/21/2018 10:00:00 AM,4,0,4
01/21/2018 11:00:00 AM,4,2,2
01/21/2018 12:00:00 PM,7,5,2
01/21/2018 01:00:00 PM,8,2,6
01/21/2018 02:00:00 PM,11,2,9
01/21/2018 03:00:00 PM,7,4,3
01/21/2018 04:00:00 PM,1,1,0
01/21/2018 05:00:00 PM,6,3,3
01/21/2018 06:00:00 PM,0,0,0
01/21/2018 07:00:00 PM,1,1,0
01/21/2018 08:00:00 PM,2,2,0
01/21/2018 09:00:00 PM,0,0,0
01/21/2018 10:00:00 PM,1,1,0
01/21/2018 11:00:00 PM,2,0,2
01/22/2018 12:00:00 AM,0,0,0
01/22/2018 01:00:00 AM,1,1,0
01/22/2018 02:00:00 AM,0,0,0
01/22/2018 03:00:00 AM,2,2,0
01/22/2018 04:00:00 AM,3,0,3
01/22/2018 05:00:00 AM,24,2,22
01/22/2018 06:00:00 AM,39,4,35
01/22/2018 07:00:00 AM,94,9,85
01/22/2018 08:00:00 AM,95,10,85
01/22/2018 09:00:00 AM,32,4,28
01/22/2018 10:00:00 AM,16,5,11
01/22/2018 11:00:00 AM,13,2,11
01/22/2018 12:00:00 PM,13,6,7
01/22/2018 01:00:00 PM,24,10,14
01/22/2018 02:00:00 PM,20,14,6
01/22/2018 03:00:00 PM,23,20,3
01/22/2018 04:00:00 PM,71,54,17
01/22/2018 05:00:00 PM,111,98,13
01/22/2018 06:00:00 PM,68,63,5
01/22/2018 07:00:00 PM,19,13,6
01/22/2018 08:00:00 PM,8,7,1
01/22/2018 09:00:00 PM,4,3,1
01/22/2018 10:00:00 PM,4,2,2
01/22/2018 11:00:00 PM,0,0,0
01/23/2018 12:00:00 AM,1,0,1
01/23/2018 01:00:00 AM,2,1,1
01/23/2018 02:00:00 AM,5,5,0
01/23/2018 03:00:00 AM,2,1,1
01/23/2018 04:00:00 AM,3,0,3
01/23/2018 05:00:00 AM,23,4,19
01/23/2018 06:00:00 AM,35,5,30
01/23/2018 07:00:00 AM,65,9,56
01/23/2018 08:00:00 AM,76,3,73
01/23/2018 09:00:00 AM,23,1,22
01/23/2018 10:00:00 AM,13,4,9
01/23/2018 11:00:00 AM,4,2,2
01/23/2018 12:00:00 PM,2,1,1
01/23/2018 01:00:00 PM,4,1,3
01/23/2018 02:00:00 PM,9,5,4
01/23/2018 03:00:00 PM,15,11,4
01/23/2018 04:00:00 PM,44,42,2
01/23/2018 05:00:00 PM,74,66,8
01/23/2018 06:00:00 PM,43,38,5
01/23/2018 07:00:00 PM,14,12,2
01/23/2018 08:00:00 PM,5,3,2
01/23/2018 09:00:00 PM,9,7,2
01/23/2018 10:00:00 PM,3,2,1
01/23/2018 11:00:00 PM,0,0,0
01/24/2018 12:00:00 AM,1,1,0
01/24/2018 01:00:00 AM,3,1,2
01/24/2018 02:00:00 AM,1,1,0
01/24/2018 03:00:00 AM,0,0,0
01/24/2018 04:00:00 AM,5,2,3
01/24/2018 05:00:00 AM,16,2,14
01/24/2018 06:00:00 AM,40,5,35
01/24/2018 07:00:00 AM,79,10,69
01/24/2018 08:00:00 AM,53,6,47
01/24/2018 09:00:00 AM,32,4,28
01/24/2018 10:00:00 AM,8,3,5
01/24/2018 11:00:00 AM,10,3,7
01/24/2018 12:00:00 PM,10,5,5
01/24/2018 01:00:00 PM,10,2,8
01/24/2018 02:00:00 PM,14,6,8
01/24/2018 03:00:00 PM,16,13,3
01/24/2018 04:00:00 PM,46,39,7
01/24/2018 05:00:00 PM,78,69,9
01/24/2018 06:00:00 PM,36,31,5
01/24/2018 07:00:00 PM,13,11,2
01/24/2018 08:00:00 PM,9,9,0
01/24/2018 09:00:00 PM,6,5,1
01/24/2018 10:00:00 PM,6,6,0
01/24/2018 11:00:00 PM,0,0,0
01/25/2018 12:00:00 AM,1,1,0
01/25/2018 01:00:00 AM,2,1,1
01/25/2018 02:00:00 AM,1,1,0
01/25/2018 03:00:00 AM,3,1,2
01/25/2018 04:00:00 AM,4,1,3
01/25/2018 05:00:00 AM,21,4,17
01/25/2018 06:00:00 AM,29,1,28
01/25/2018 07:00:00 AM,72,6,66
01/25/2018 08:00:00 AM,90,5,85
01/25/2018 09:00:00 AM,23,1,22
01/25/2018 10:00:00 AM,13,3,10
01/25/2018 11:00:00 AM,8,3,5
01/25/2018 12:00:00 PM,7,3,4
01/25/2018 01:00:00 PM,6,1,5
01/25/2018 02:00:00 PM,10,5,5
01/25/2018 03:00:00 PM,21,14,7
01/25/2018 04:00:00 PM,58,49,9
01/25/2018 05:00:00 PM,87,79,8
01/25/2018 06:00:00 PM,59,53,6
01/25/2018 07:00:00 PM,24,22,2
01/25/2018 08:00:00 PM,7,6,1
01/25/2018 09:00:00 PM,5,4,1
01/25/2018 10:00:00 PM,4,3,1
01/25/2018 11:00:00 PM,1,0,1
01/26/2018 12:00:00 AM,1,1,0
01/26/2018 01:00:00 AM,3,2,1
01/26/2018 02:00:00 AM,1,1,0
01/26/2018 03:00:00 AM,0,0,0
01/26/2018 04:00:00 AM,2,1,1
01/26/2018 05:00:00 AM,21,4,17
01/26/2018 06:00:00 AM,21,7,14
01/26/2018 07:00:00 AM,57,6,51
01/26/2018 08:00:00 AM,69,7,62
01/26/2018 09:00:00 AM,24,2,22
01/26/2018 10:00:00 AM,9,1,8
01/26/2018 11:00:00 AM,12,2,10
01/26/2018 12:00:00 PM,11,7,4
01/26/2018 01:00:00 PM,10,5,5
01/26/2018 02:00:00 PM,18,10,8
01/26/2018 03:00:00 PM,25,18,7
01/26/2018 04:00:00 PM,49,43,6
01/26/2018 05:00:00 PM,72,62,10
01/26/2018 06:00:00 PM,38,33,5
01/26/2018 07:00:00 PM,8,6,2
01/26/2018 08:00:00 PM,6,6,0
01/26/2018 09:00:00 PM,3,2,1
01/26/2018 10:00:00 PM,5,4,1
01/26/2018 11:00:00 PM,2,0,2
01/27/2018 12:00:00 AM,2,2,0
01/27/2018 01:00:00 AM,1,1,0
01/27/2018 02:00:00 AM,1,1,0
01/27/2018 03:00:00 AM,1,1,0
01/27/2018 04:00:00 AM,1,1,0
01/27/2018 05:00:00 AM,2,0,2
01/27/2018 06:00:00 AM,4,1,3
01/27/2018 07:00:00 AM,3,1,2
01/27/2018 08:00:00 AM,8,2,6
01/27/2018 09:00:00 AM,7,3,4
01/27/2018 10:00:00 AM,8,3,5
01/27/2018 11:00:00 AM,9,2,7
01/27/2018 12:00:00 PM,11,7,4
01/27/2018 01:00:00 PM,8,5,3
01/27/2018 02:00:00 PM,10,5,5
01/27/2018 03:00:00 PM,19,9,10
01/27/2018 04:00:00 PM,11,5,6
01/27/2018 05:00:00 PM,13,8,5
01/27/2018 06:00:00 PM,6,3,3
01/27/2018 07:00:00 PM,3,2,1
01/27/2018 08:00:00 PM,2,1,1
01/27/2018 09:00:00 PM,1,1,0
01/27/2018 10:00:00 PM,3,2,1
01/27/2018 11:00:00 PM,0,0,0
01/28/2018 12:00:00 AM,0,0,0
01/28/2018 01:00:00 AM,3,2,1
01/28/2018 02:00:00 AM,0,0,0
01/28/2018 03:00:00 AM,0,0,0
01/28/2018 04:00:00 AM,1,0,1
01/28/2018 05:00:00 AM,0,0,0
01/28/2018 06:00:00 AM,4,2,2
01/28/2018 07:00:00 AM,3,2,1
01/28/2018 08:00:00 AM,12,1,11
01/28/2018 09:00:00 AM,9,6,3
01/28/2018 10:00:00 AM,11,2,9
01/28/2018 11:00:00 AM,24,9,15
01/28/2018 12:00:00 PM,10,6,4
01/28/2018 01:00:00 PM,14,9,5
01/28/2018 02:00:00 PM,23,9,14
01/28/2018 03:00:00 PM,26,14,12
01/28/2018 04:00:00 PM,17,9,8
01/28/2018 05:00:00 PM,12,5,7
01/28/2018 06:00:00 PM,3,1,2
01/28/2018 07:00:00 PM,5,4,1
01/28/2018 08:00:00 PM,7,7,0
01/28/2018 09:00:00 PM,3,0,3
01/28/2018 10:00:00 PM,2,1,1
01/28/2018 11:00:00 PM,5,3,2
01/29/2018 12:00:00 AM,3,2,1
01/29/2018 01:00:00 AM,3,2,1
01/29/2018 02:00:00 AM,4,0,4
01/29/2018 03:00:00 AM,2,0,2
01/29/2018 04:00:00 AM,7,1,6
01/29/2018 05:00:00 AM,18,2,16
01/29/2018 06:00:00 AM,35,6,29
01/29/2018 07:00:00 AM,69,4,65
01/29/2018 08:00:00 AM,71,15,56
01/29/2018 09:00:00 AM,25,2,23
01/29/2018 10:00:00 AM,7,2,5
01/29/2018 11:00:00 AM,3,1,2
01/29/2018 12:00:00 PM,5,1,4
01/29/2018 01:00:00 PM,3,1,2
01/29/2018 02:00:00 PM,8,5,3
01/29/2018 03:00:00 PM,14,12,2
01/29/2018 04:00:00 PM,46,41,5
01/29/2018 05:00:00 PM,73,68,5
01/29/2018 06:00:00 PM,51,48,3
01/29/2018 07:00:00 PM,13,13,0
01/29/2018 08:00:00 PM,6,3,3
01/29/2018 09:00:00 PM,2,2,0
01/29/2018 10:00:00 PM,2,2,0
01/29/2018 11:00:00 PM,3,2,1
01/30/2018 12:00:00 AM,3,3,0
01/30/2018 01:00:00 AM,2,1,1
01/30/2018 02:00:00 AM,1,0,1
01/30/2018 03:00:00 AM,2,2,0
01/30/2018 04:00:00 AM,6,0,6
01/30/2018 05:00:00 AM,31,4,27
01/30/2018 06:00:00 AM,37,3,34
01/30/2018 07:00:00 AM,95,9,86
01/30/2018 08:00:00 AM,94,4,90
01/30/2018 09:00:00 AM,32,2,30
01/30/2018 10:00:00 AM,19,4,15
01/30/2018 11:00:00 AM,18,8,10
01/30/2018 12:00:00 PM,18,7,11
01/30/2018 01:00:00 PM,20,11,9
01/30/2018 02:00:00 PM,24,14,10
01/30/2018 03:00:00 PM,32,22,10
01/30/2018 04:00:00 PM,84,70,14
01/30/2018 05:00:00 PM,113,97,16
01/30/2018 06:00:00 PM,64,58,6
01/30/2018 07:00:00 PM,24,22,2
01/30/2018 08:00:00 PM,19,13,6
01/30/2018 09:00:00 PM,7,5,2
01/30/2018 10:00:00 PM,6,6,0
01/30/2018 11:00:00 PM,1,1,0
01/31/2018 12:00:00 AM,2,2,0
01/31/2018 01:00:00 AM,1,1,0
01/31/2018 02:00:00 AM,1,0,1
01/31/2018 03:00:00 AM,0,0,0
01/31/2018 04:00:00 AM,3,1,2
01/31/2018 05:00:00 AM,19,4,15
01/31/2018 06:00:00 AM,44,7,37
01/31/2018 07:00:00 AM,88,4,84
01/31/2018 08:00:00 AM,111,6,105
01/31/2018 09:00:00 AM,34,2,32
01/31/2018 10:00:00 AM,6,1,5
01/31/2018 11:00:00 AM,14,7,7
01/31/2018 12:00:00 PM,15,4,11
01/31/2018 01:00:00 PM,14,6,8
01/31/2018 02:00:00 PM,15,11,4
01/31/2018 03:00:00 PM,28,25,3
01/31/2018 04:00:00 PM,50,40,10
01/31/2018 05:00:00 PM,109,99,10
01/31/2018 06:00:00 PM,61,52,9
01/31/2018 07:00:00 PM,29,26,3
01/31/2018 08:00:00 PM,6,6,0
01/31/2018 09:00:00 PM,14,11,3
01/31/2018 10:00:00 PM,1,1,0
01/31/2018 11:00:00 PM,3,2,1
02/01/2018 12:00:00 AM,2,1,1
02/01/2018 01:00:00 AM,4,1,3
02/01/2018 02:00:00 AM,2,1,1
02/01/2018 03:00:00 AM,1,1,0
02/01/2018 04:00:00 AM,7,2,5
02/01/2018 05:00:00 AM,18,3,15
02/01/2018 06:00:00 AM,38,4,34
02/01/2018 07:00:00 AM,72,3,69
02/01/2018 08:00:00 AM,71,4,67
02/01/2018 09:00:00 AM,42,7,35
02/01/2018 10:00:00 AM,8,2,6
02/01/2018 11:00:00 AM,14,3,11
02/01/2018 12:00:00 PM,5,2,3
02/01/2018 01:00:00 PM,10,3,7
02/01/2018 02:00:00 PM,9,5,4
02/01/2018 03:00:00 PM,15,14,1
02/01/2018 04:00:00 PM,42,35,7
02/01/2018 05:00:00 PM,71,67,4
02/01/2018 06:00:00 PM,52,49,3
02/01/2018 07:00:00 PM,18,15,3
02/01/2018 08:00:00 PM,4,4,0
02/01/2018 09:00:00 PM,4,4,0
02/01/2018 10:00:00 PM,1,0,1
02/01/2018 11:00:00 PM,1,1,0
02/02/2018 12:00:00 AM,1,1,0
02/02/2018 01:00:00 AM,4,2,2
02/02/2018 02:00:00 AM,2,2,0
02/02/2018 03:00:00 AM,1,1,0
02/02/2018 04:00:00 AM,3,1,2
02/02/2018 05:00:00 AM,14,3,11
02/02/2018 06:00:00 AM,24,1,23
02/02/2018 07:00:00 AM,59,3,56
02/02/2018 08:00:00 AM,72,2,70
02/02/2018 09:00:00 AM,31,5,26
02/02/2018 10:00:00 AM,7,2,5
02/02/2018 11:00:00 AM,8,2,6
02/02/2018 12:00:00 PM,15,6,9
02/02/2018 01:00:00 PM,19,12,7
02/02/2018 02:00:00 PM,26,13,13
02/02/2018 03:00:00 PM,29,19,10
02/02/2018 04:00:00 PM,32,28,4
02/02/2018 05:00:00 PM,79,73,6
02/02/2018 06:00:00 PM,44,39,5
02/02/2018 07:00:00 PM,18,12,6
02/02/2018 08:00:00 PM,8,8,0
02/02/2018 09:00:00 PM,5,4,1
02/02/2018 10:00:00 PM,26,21,5
02/02/2018 11:00:00 PM,1,1,0
02/03/2018 12:00:00 AM,3,0,3
02/03/2018 01:00:00 AM,6,1,5
02/03/2018 02:00:00 AM,4,2,2
02/03/2018 03:00:00 AM,3,2,1
02/03/2018 04:00:00 AM,2,2,0
02/03/2018 05:00:00 AM,0,0,0
02/03/2018 06:00:00 AM,6,3,3
02/03/2018 07:00:00 AM,4,0,4
02/03/2018 08:00:00 AM,16,1,15
02/03/2018 09:00:00 AM,11,6,5
02/03/2018 10:00:00 AM,11,5,6
02/03/2018 11:00:00 AM,12,4,8
02/03/2018 12:00:00 PM,26,16,10
02/03/2018 01:00:00 PM,21,12,9
02/03/2018 02:00:00 PM,16,13,3
02/03/2018 03:00:00 PM,7,3,4
02/03/2018 04:00:00 PM,11,7,4
02/03/2018 05:00:00 PM,11,4,7
02/03/2018 06:00:00 PM,7,4,3
02/03/2018 07:00:00 PM,3,1,2
02/03/2018 08:00:00 PM,3,1,2
02/03/2018 09:00:00 PM,1,1,0
02/03/2018 10:00:00 PM,1,1,0
02/03/2018 11:00:00 PM,3,0,3
02/04/2018 12:00:00 AM,3,2,1
02/04/2018 01:00:00 AM,2,2,0
02/04/2018 02:00:00 AM,0,0,0
02/04/2018 03:00:00 AM,1,1,0
02/04/2018 04:00:00 AM,0,0,0
02/04/2018 05:00:00 AM,1,1,0
02/04/2018 06:00:00 AM,2,1,1
02/04/2018 07:00:00 AM,7,6,1
02/04/2018 08:00:00 AM,13,3,10
02/04/2018 09:00:00 AM,10,3,7
02/04/2018 10:00:00 AM,12,8,4
02/04/2018 11:00:00 AM,24,10,14
02/04/2018 12:00:00 PM,12,7,5
02/04/2018 01:00:00 PM,22,12,10
02/04/2018 02:00:00 PM,34,17,17
02/04/2018 03:00:00 PM,30,19,11
02/04/2018 04:00:00 PM,19,10,9
02/04/2018 05:00:00 PM,16,7,9
02/04/2018 06:00:00 PM,4,2,2
02/04/2018 07:00:00 PM,10,7,3
02/04/2018 08:00:00 PM,3,1,2
02/04/2018 09:00:00 PM,4,1,3
02/04/2018 10:00:00 PM,2,2,0
02/04/2018 11:00:00 PM,3,2,1
02/05/2018 12:00:00 AM,3,2,1
02/05/2018 01:00:00 AM,2,1,1
02/05/2018 02:00:00 AM,3,2,1
02/05/2018 03:00:00 AM,0,0,0
02/05/2018 04:00:00 AM,4,0,4
02/05/2018 05:00:00 AM,24,3,21
02/05/2018 06:00:00 AM,49,8,41
02/05/2018 07:00:00 AM,106,18,88
02/05/2018 08:00:00 AM,122,14,108
02/05/2018 09:00:00 AM,41,2,39
02/05/2018 10:00:00 AM,17,4,13
02/05/2018 11:00:00 AM,11,5,6
02/05/2018 12:00:00 PM,12,1,11
02/05/2018 01:00:00 PM,20,9,11
02/05/2018 02:00:00 PM,10,7,3
02/05/2018 03:00:00 PM,27,20,7
02/05/2018 04:00:00 PM,77,68,9
02/05/2018 05:00:00 PM,125,111,14
02/05/2018 06:00:00 PM,77,66,11
02/05/2018 07:00:00 PM,26,26,0
02/05/2018 08:00:00 PM,9,9,0
02/05/2018 09:00:00 PM,7,6,1
02/05/2018 10:00:00 PM,2,1,1
02/05/2018 11:00:00 PM,1,0,1
02/06/2018 12:00:00 AM,0,0,0
02/06/2018 01:00:00 AM,2,0,2
02/06/2018 02:00:00 AM,3,3,0
02/06/2018 03:00:00 AM,0,0,0
02/06/2018 04:00:00 AM,10,3,7
02/06/2018 05:00:00 AM,29,5,24
02/06/2018 06:00:00 AM,54,6,48
02/06/2018 07:00:00 AM,113,13,100
02/06/2018 08:00:00 AM,113,6,107
02/06/2018 09:00:00 AM,43,3,40
02/06/2018 10:00:00 AM,23,3,20
02/06/2018 11:00:00 AM,22,7,15
02/06/2018 12:00:00 PM,14,5,9
02/06/2018 01:00:00 PM,13,7,6
02/06/2018 02:00:00 PM,26,18,8
02/06/2018 03:00:00 PM,26,20,6
02/06/2018 04:00:00 PM,92,75,17
02/06/2018 05:00:00 PM,125,114,11
02/06/2018 06:00:00 PM,64,60,4
02/06/2018 07:00:00 PM,33,30,3
02/06/2018 08:00:00 PM,16,15,1
02/06/2018 09:00:00 PM,16,11,5
02/06/2018 10:00:00 PM,6,3,3
02/06/2018 11:00:00 PM,2,1,1
02/07/2018 12:00:00 AM,1,1,0
02/07/2018 01:00:00 AM,0,0,0
02/07/2018 02:00:00 AM,0,0,0
02/07/2018 03:00:00 AM,0,0,0
02/07/2018 04:00:00 AM,5,1,4
02/07/2018 05:00:00 AM,24,4,20
02/07/2018 06:00:00 AM,59,8,51
02/07/2018 07:00:00 AM,108,8,100
02/07/2018 08:00:00 AM,104,9,95
02/07/2018 09:00:00 AM,33,2,31
02/07/2018 10:00:00 AM,23,4,19
02/07/2018 11:00:00 AM,16,5,11
02/07/2018 12:00:00 PM,23,6,17
02/07/2018 01:00:00 PM,28,8,20
02/07/2018 02:00:00 PM,23,12,11
02/07/2018 03:00:00 PM,37,30,7
02/07/2018 04:00:00 PM,81,72,9
02/07/2018 05:00:00 PM,122,108,14
02/07/2018 06:00:00 PM,72,63,9
02/07/2018 07:00:00 PM,24,21,3
02/07/2018 08:00:00 PM,19,14,5
02/07/2018 09:00:00 PM,10,8,2
02/07/2018 10:00:00 PM,7,6,1
02/07/2018 11:00:00 PM,0,0,0
02/08/2018 12:00:00 AM,0,0,0
02/08/2018 01:00:00 AM,3,1,2
02/08/2018 02:00:00 AM,0,0,0
02/08/2018 03:00:00 AM,2,2,0
02/08/2018 04:00:00 AM,4,1,3
02/08/2018 05:00:00 AM,26,3,23
02/08/2018 06:00:00 AM,42,6,36
02/08/2018 07:00:00 AM,97,3,94
02/08/2018 08:00:00 AM,90,5,85
02/08/2018 09:00:00 AM,53,7,46
02/08/2018 10:00:00 AM,19,5,14
02/08/2018 11:00:00 AM,20,11,9
02/08/2018 12:00:00 PM,15,7,8
02/08/2018 01:00:00 PM,12,7,5
02/08/2018 02:00:00 PM,13,6,7
02/08/2018 03:00:00 PM,32,22,10
02/08/2018 04:00:00 PM,70,60,10
02/08/2018 05:00:00 PM,93,84,9
02/08/2018 06:00:00 PM,63,57,6
02/08/2018 07:00:00 PM,28,21,7
02/08/2018 08:00:00 PM,8,6,2
02/08/2018 09:00:00 PM,12,10,2
02/08/2018 10:00:00 PM,4,2,2
02/08/2018 11:00:00 PM,4,2,2
02/09/2018 12:00:00 AM,0,0,0
02/09/2018 01:00:00 AM,3,1,2
02/09/2018 02:00:00 AM,4,2,2
02/09/2018 03:00:00 AM,3,2,1
02/09/2018 04:00:00 AM,5,1,4
02/09/2018 05:00:00 AM,22,5,17
02/09/2018 06:00:00 AM,30,2,28
02/09/2018 07:00:00 AM,73,9,64
02/09/2018 08:00:00 AM,87,7,80
02/09/2018 09:00:00 AM,33,5,28
02/09/2018 10:00:00 AM,21,8,13
02/09/2018 11:00:00 AM,26,8,18
02/09/2018 12:00:00 PM,20,11,9
02/09/2018 01:00:00 PM,15,10,5
02/09/2018 02:00:00 PM,32,19,13
02/09/2018 03:00:00 PM,54,41,13
02/09/2018 04:00:00 PM,76,59,17
02/09/2018 05:00:00 PM,106,94,12
02/09/2018 06:00:00 PM,49,40,9
02/09/2018 07:00:00 PM,19,13,6
02/09/2018 08:00:00 PM,7,6,1
02/09/2018 09:00:00 PM,2,1,1
02/09/2018 10:00:00 PM,3,2,1
02/09/2018 11:00:00 PM,5,2,3
02/10/2018 12:00:00 AM,1,1,0
02/10/2018 01:00:00 AM,8,5,3
02/10/2018 02:00:00 AM,2,1,1
02/10/2018 03:00:00 AM,2,1,1
02/10/2018 04:00:00 AM,3,2,1
02/10/2018 05:00:00 AM,5,0,5
02/10/2018 06:00:00 AM,7,4,3
02/10/2018 07:00:00 AM,8,3,5
02/10/2018 08:00:00 AM,20,3,17
02/10/2018 09:00:00 AM,32,20,12
02/10/2018 10:00:00 AM,43,23,20
02/10/2018 11:00:00 AM,39,20,19
02/10/2018 12:00:00 PM,64,28,36
02/10/2018 01:00:00 PM,77,34,43
02/10/2018 02:00:00 PM,53,29,24
02/10/2018 03:00:00 PM,65,29,36
02/10/2018 04:00:00 PM,41,24,17
02/10/2018 05:00:00 PM,18,4,14
02/10/2018 06:00:00 PM,11,7,4
02/10/2018 07:00:00 PM,10,6,4
02/10/2018 08:00:00 PM,6,5,1
02/10/2018 09:00:00 PM,4,3,1
02/10/2018 10:00:00 PM,4,1,3
02/10/2018 11:00:00 PM,3,1,2
02/11/2018 12:00:00 AM,1,1,0
02/11/2018 01:00:00 AM,4,2,2
02/11/2018 02:00:00 AM,0,0,0
02/11/2018 03:00:00 AM,4,3,1
02/11/2018 04:00:00 AM,1,0,1
02/11/2018 05:00:00 AM,1,0,1
02/11/2018 06:00:00 AM,6,1,5
02/11/2018 07:00:00 AM,2,1,1
02/11/2018 08:00:00 AM,12,4,8
02/11/2018 09:00:00 AM,4,0,4
02/11/2018 10:00:00 AM,25,16,9
02/11/2018 11:00:00 AM,24,14,10
02/11/2018 12:00:00 PM,35,19,16
02/11/2018 01:00:00 PM,37,18,19
02/11/2018 02:00:00 PM,36,15,21
02/11/2018 03:00:00 PM,27,14,13
02/11/2018 04:00:00 PM,16,10,6
02/11/2018 05:00:00 PM,16,9,7
02/11/2018 06:00:00 PM,2,0,2
02/11/2018 07:00:00 PM,6,5,1
02/11/2018 08:00:00 PM,3,1,2
02/11/2018 09:00:00 PM,3,1,2
02/11/2018 10:00:00 PM,2,1,1
02/11/2018 11:00:00 PM,1,0,1
02/12/2018 12:00:00 AM,1,1,0
02/12/2018 01:00:00 AM,1,1,0
02/12/2018 02:00:00 AM,0,0,0
02/12/2018 03:00:00 AM,0,0,0
02/12/2018 04:00:00 AM,5,0,5
02/12/2018 05:00:00 AM,20,3,17
02/12/2018 06:00:00 AM,57,11,46
02/12/2018 07:00:00 AM,97,8,89
02/12/2018 08:00:00 AM,103,7,96
02/12/2018 09:00:00 AM,35,1,34
02/12/2018 10:00:00 AM,14,1,13
02/12/2018 11:00:00 AM,13,9,4
02/12/2018 12:00:00 PM,18,11,7
02/12/2018 01:00:00 PM,23,10,13
02/12/2018 02:00:00 PM,21,8,13
02/12/2018 03:00:00 PM,25,20,5
02/12/2018 04:00:00 PM,92,74,18
02/12/2018 05:00:00 PM,110,97,13
02/12/2018 06:00:00 PM,77,73,4
02/12/2018 07:00:00 PM,22,17,5
02/12/2018 08:00:00 PM,5,5,0
02/12/2018 09:00:00 PM,9,6,3
02/12/2018 10:00:00 PM,1,0,1
02/12/2018 11:00:00 PM,3,0,3
02/13/2018 12:00:00 AM,0,0,0
02/13/2018 01:00:00 AM,0,0,0
02/13/2018 02:00:00 AM,0,0,0
02/13/2018 03:00:00 AM,1,1,0
02/13/2018 04:00:00 AM,8,2,6
02/13/2018 05:00:00 AM,27,2,25
02/13/2018 06:00:00 AM,46,7,39
02/13/2018 07:00:00 AM,84,13,71
02/13/2018 08:00:00 AM,94,6,88
02/13/2018 09:00:00 AM,41,4,37
02/13/2018 10:00:00 AM,11,1,10
02/13/2018 11:00:00 AM,25,11,14
02/13/2018 12:00:00 PM,13,7,6
02/13/2018 01:00:00 PM,17,9,8
02/13/2018 02:00:00 PM,16,9,7
02/13/2018 03:00:00 PM,38,23,15
02/13/2018 04:00:00 PM,83,77,6
02/13/2018 05:00:00 PM,99,88,11
02/13/2018 06:00:00 PM,65,53,12
02/13/2018 07:00:00 PM,27,24,3
02/13/2018 08:00:00 PM,4,4,0
02/13/2018 09:00:00 PM,6,3,3
02/13/2018 10:00:00 PM,2,1,1
02/13/2018 11:00:00 PM,1,1,0
02/14/2018 12:00:00 AM,0,0,0
02/14/2018 01:00:00 AM,0,0,0
02/14/2018 02:00:00 AM,0,0,0
02/14/2018 03:00:00 AM,0,0,0
02/14/2018 04:00:00 AM,4,1,3
02/14/2018 05:00:00 AM,18,3,15
02/14/2018 06:00:00 AM,35,5,30
02/14/2018 07:00:00 AM,74,6,68
02/14/2018 08:00:00 AM,89,7,82
02/14/2018 09:00:00 AM,32,5,27
02/14/2018 10:00:00 AM,11,0,11
02/14/2018 11:00:00 AM,8,4,4
02/14/2018 12:00:00 PM,4,1,3
02/14/2018 01:00:00 PM,16,6,10
02/14/2018 02:00:00 PM,7,5,2
02/14/2018 03:00:00 PM,21,15,6
02/14/2018 04:00:00 PM,69,60,9
02/14/2018 05:00:00 PM,103,95,8
02/14/2018 06:00:00 PM,51,47,4
02/14/2018 07:00:00 PM,15,12,3
02/14/2018 08:00:00 PM,10,8,2
02/14/2018 09:00:00 PM,4,2,2
02/14/2018 10:00:00 PM,3,3,0
02/14/2018 11:00:00 PM,2,2,0
02/15/2018 12:00:00 AM,1,1,0
02/15/2018 01:00:00 AM,2,1,1
02/15/2018 02:00:00 AM,1,1,0
02/15/2018 03:00:00 AM,1,1,0
02/15/2018 04:00:00 AM,4,1,3
02/15/2018 05:00:00 AM,18,2,16
02/15/2018 06:00:00 AM,45,7,38
02/15/2018 07:00:00 AM,86,9,77
02/15/2018 08:00:00 AM,86,2,84
02/15/2018 09:00:00 AM,37,6,31
02/15/2018 10:00:00 AM,18,3,15
02/15/2018 11:00:00 AM,19,11,8
02/15/2018 12:00:00 PM,9,4,5
02/15/2018 01:00:00 PM,20,10,10
02/15/2018 02:00:00 PM,12,5,7
02/15/2018 03:00:00 PM,29,21,8
02/15/2018 04:00:00 PM,62,50,12
02/15/2018 05:00:00 PM,103,88,15
02/15/2018 06:00:00 PM,63,59,4
02/15/2018 07:00:00 PM,12,10,2
02/15/2018 08:00:00 PM,11,8,3
02/15/2018 09:00:00 PM,6,6,0
02/15/2018 10:00:00 PM,5,4,1
02/15/2018 11:00:00 PM,1,0,1
02/16/2018 12:00:00 AM,4,2,2
02/16/2018 01:00:00 AM,5,2,3
02/16/2018 02:00:00 AM,3,2,1
02/16/2018 03:00:00 AM,1,1,0
02/16/2018 04:00:00 AM,2,1,1
02/16/2018 05:00:00 AM,15,1,14
02/16/2018 06:00:00 AM,22,4,18
02/16/2018 07:00:00 AM,64,7,57
02/16/2018 08:00:00 AM,61,7,54
02/16/2018 09:00:00 AM,25,2,23
02/16/2018 10:00:00 AM,11,2,9
02/16/2018 11:00:00 AM,11,2,9
02/16/2018 12:00:00 PM,6,4,2
02/16/2018 01:00:00 PM,16,7,9
02/16/2018 02:00:00 PM,10,7,3
02/16/2018 03:00:00 PM,21,16,5
02/16/2018 04:00:00 PM,48,38,10
02/16/2018 05:00:00 PM,71,61,10
02/16/2018 06:00:00 PM,39,36,3
02/16/2018 07:00:00 PM,23,16,7
02/16/2018 08:00:00 PM,5,4,1
02/16/2018 09:00:00 PM,9,4,5
02/16/2018 10:00:00 PM,2,2,0
02/16/2018 11:00:00 PM,6,5,1
02/17/2018 12:00:00 AM,0,0,0
02/17/2018 01:00:00 AM,4,3,1
02/17/2018 02:00:00 AM,1,0,1
02/17/2018 03:00:00 AM,1,1,0
02/17/2018 04:00:00 AM,0,0,0
02/17/2018 05:00:00 AM,0,0,0
02/17/2018 06:00:00 AM,2,0,2
02/17/2018 07:00:00 AM,2,0,2
02/17/2018 08:00:00 AM,4,2,2
02/17/2018 09:00:00 AM,1,0,1
02/17/2018 10:00:00 AM,8,5,3
02/17/2018 11:00:00 AM,5,4,1
02/17/2018 12:00:00 PM,10,4,6
02/17/2018 01:00:00 PM,22,8,14
02/17/2018 02:00:00 PM,15,12,3
02/17/2018 03:00:00 PM,24,14,10
02/17/2018 04:00:00 PM,20,7,13
02/17/2018 05:00:00 PM,11,4,7
02/17/2018 06:00:00 PM,7,3,4
02/17/2018 07:00:00 PM,5,3,2
02/17/2018 08:00:00 PM,3,1,2
02/17/2018 09:00:00 PM,1,1,0
02/17/2018 10:00:00 PM,5,2,3
02/17/2018 11:00:00 PM,3,2,1
02/18/2018 12:00:00 AM,1,0,1
02/18/2018 01:00:00 AM,1,0,1
02/18/2018 02:00:00 AM,1,0,1
02/18/2018 03:00:00 AM,1,1,0
02/18/2018 04:00:00 AM,0,0,0
02/18/2018 05:00:00 AM,2,0,2
02/18/2018 06:00:00 AM,2,0,2
02/18/2018 07:00:00 AM,0,0,0
02/18/2018 08:00:00 AM,7,1,6
02/18/2018 09:00:00 AM,4,1,3
02/18/2018 10:00:00 AM,16,11,5
02/18/2018 11:00:00 AM,15,3,12
02/18/2018 12:00:00 PM,11,4,7
02/18/2018 01:00:00 PM,3,2,1
02/18/2018 02:00:00 PM,6,4,2
02/18/2018 03:00:00 PM,8,4,4
02/18/2018 04:00:00 PM,11,5,6
02/18/2018 05:00:00 PM,7,1,6
02/18/2018 06:00:00 PM,4,2,2
02/18/2018 07:00:00 PM,5,5,0
02/18/2018 08:00:00 PM,2,2,0
02/18/2018 09:00:00 PM,0,0,0
02/18/2018 10:00:00 PM,1,0,1
02/18/2018 11:00:00 PM,0,0,0
02/19/2018 12:00:00 AM,0,0,0
02/19/2018 01:00:00 AM,3,2,1
02/19/2018 02:00:00 AM,0,0,0
02/19/2018 03:00:00 AM,0,0,0
02/19/2018 04:00:00 AM,0,0,0
02/19/2018 05:00:00 AM,8,2,6
02/19/2018 06:00:00 AM,12,2,10
02/19/2018 07:00:00 AM,22,2,20
02/19/2018 08:00:00 AM,36,5,31
02/19/2018 09:00:00 AM,21,4,17
02/19/2018 10:00:00 AM,12,3,9
02/19/2018 11:00:00 AM,7,4,3
02/19/2018 12:00:00 PM,15,6,9
02/19/2018 01:00:00 PM,18,8,10
02/19/2018 02:00:00 PM,17,7,10
02/19/2018 03:00:00 PM,13,8,5
02/19/2018 04:00:00 PM,24,18,6
02/19/2018 05:00:00 PM,40,33,7
02/19/2018 06:00:00 PM,19,17,2
02/19/2018 07:00:00 PM,11,10,1
02/19/2018 08:00:00 PM,3,2,1
02/19/2018 09:00:00 PM,5,4,1
02/19/2018 10:00:00 PM,0,0,0
02/19/2018 11:00:00 PM,0,0,0
02/20/2018 12:00:00 AM,0,0,0
02/20/2018 01:00:00 AM,0,0,0
02/20/2018 02:00:00 AM,0,0,0
02/20/2018 03:00:00 AM,1,1,0
02/20/2018 04:00:00 AM,1,1,0
02/20/2018 05:00:00 AM,21,4,17
02/20/2018 06:00:00 AM,25,5,20
02/20/2018 07:00:00 AM,48,3,45
02/20/2018 08:00:00 AM,79,7,72
02/20/2018 09:00:00 AM,19,2,17
02/20/2018 10:00:00 AM,9,2,7
02/20/2018 11:00:00 AM,11,5,6
02/20/2018 12:00:00 PM,5,0,5
02/20/2018 01:00:00 PM,7,4,3
02/20/2018 02:00:00 PM,13,8,5
02/20/2018 03:00:00 PM,15,10,5
02/20/2018 04:00:00 PM,39,34,5
02/20/2018 05:00:00 PM,66,56,10
02/20/2018 06:00:00 PM,45,41,4
02/20/2018 07:00:00 PM,21,15,6
02/20/2018 08:00:00 PM,3,2,1
02/20/2018 09:00:00 PM,5,3,2
02/20/2018 10:00:00 PM,4,4,0
02/20/2018 11:00:00 PM,1,0,1
02/21/2018 12:00:00 AM,0,0,0
02/21/2018 01:00:00 AM,0,0,0
02/21/2018 02:00:00 AM,0,0,0
02/21/2018 03:00:00 AM,0,0,0
02/21/2018 04:00:00 AM,3,1,2
02/21/2018 05:00:00 AM,19,3,16
02/21/2018 06:00:00 AM,26,4,22
02/21/2018 07:00:00 AM,53,8,45
02/21/2018 08:00:00 AM,70,10,60
02/21/2018 09:00:00 AM,21,1,20
02/21/2018 10:00:00 AM,13,2,11
02/21/2018 11:00:00 AM,11,3,8
02/21/2018 12:00:00 PM,9,5,4
02/21/2018 01:00:00 PM,12,5,7
02/21/2018 02:00:00 PM,4,0,4
02/21/2018 03:00:00 PM,21,15,6
02/21/2018 04:00:00 PM,42,33,9
02/21/2018 05:00:00 PM,72,65,7
02/21/2018 06:00:00 PM,41,38,3
02/21/2018 07:00:00 PM,14,12,2
02/21/2018 08:00:00 PM,8,6,2
02/21/2018 09:00:00 PM,5,1,4
02/21/2018 10:00:00 PM,2,2,0
02/21/2018 11:00:00 PM,1,0,1
02/22/2018 12:00:00 AM,1,1,0
02/22/2018 01:00:00 AM,2,1,1
02/22/2018 02:00:00 AM,1,1,0
02/22/2018 03:00:00 AM,1,1,0
02/22/2018 04:00:00 AM,1,0,1
02/22/2018 05:00:00 AM,10,1,9
02/22/2018 06:00:00 AM,10,2,8
02/22/2018 07:00:00 AM,12,1,11
02/22/2018 08:00:00 AM,18,1,17
02/22/2018 09:00:00 AM,7,0,7
02/22/2018 10:00:00 AM,5,1,4
02/22/2018 11:00:00 AM,9,2,7
02/22/2018 12:00:00 PM,4,3,1
02/22/2018 01:00:00 PM,5,3,2
02/22/2018 02:00:00 PM,6,2,4
02/22/2018 03:00:00 PM,7,4,3
02/22/2018 04:00:00 PM,22,18,4
02/22/2018 05:00:00 PM,33,25,8
02/22/2018 06:00:00 PM,16,13,3
02/22/2018 07:00:00 PM,6,4,2
02/22/2018 08:00:00 PM,6,6,0
02/22/2018 09:00:00 PM,3,3,0
02/22/2018 10:00:00 PM,2,2,0
02/22/2018 11:00:00 PM,0,0,0
02/23/2018 12:00:00 AM,0,0,0
02/23/2018 01:00:00 AM,4,1,3
02/23/2018 02:00:00 AM,4,3,1
02/23/2018 03:00:00 AM,1,1,0
02/23/2018 04:00:00 AM,0,0,0
02/23/2018 05:00:00 AM,13,3,10
02/23/2018 06:00:00 AM,15,3,12
02/23/2018 07:00:00 AM,27,4,23
02/23/2018 08:00:00 AM,36,4,32
02/23/2018 09:00:00 AM,8,1,7
02/23/2018 10:00:00 AM,6,1,5
02/23/2018 11:00:00 AM,10,4,6
02/23/2018 12:00:00 PM,9,2,7
02/23/2018 01:00:00 PM,13,7,6
02/23/2018 02:00:00 PM,11,5,6
02/23/2018 03:00:00 PM,19,12,7
02/23/2018 04:00:00 PM,30,26,4
02/23/2018 05:00:00 PM,40,35,5
02/23/2018 06:00:00 PM,9,8,1
02/23/2018 07:00:00 PM,5,4,1
02/23/2018 08:00:00 PM,6,5,1
02/23/2018 09:00:00 PM,0,0,0
02/23/2018 10:00:00 PM,2,0,2
02/23/2018 11:00:00 PM,5,4,1
02/24/2018 12:00:00 AM,2,1,1
02/24/2018 01:00:00 AM,1,1,0
02/24/2018 02:00:00 AM,2,1,1
02/24/2018 03:00:00 AM,3,2,1
02/24/2018 04:00:00 AM,1,1,0
02/24/2018 05:00:00 AM,2,1,1
02/24/2018 06:00:00 AM,3,0,3
02/24/2018 07:00:00 AM,5,0,5
02/24/2018 08:00:00 AM,6,4,2
02/24/2018 09:00:00 AM,9,2,7
02/24/2018 10:00:00 AM,22,10,12
02/24/2018 11:00:00 AM,16,6,10
02/24/2018 12:00:00 PM,25,7,18
02/24/2018 01:00:00 PM,19,14,5
02/24/2018 02:00:00 PM,24,7,17
02/24/2018 03:00:00 PM,30,14,16
02/24/2018 04:00:00 PM,15,9,6
02/24/2018 05:00:00 PM,24,14,10
02/24/2018 06:00:00 PM,12,6,6
02/24/2018 07:00:00 PM,4,2,2
02/24/2018 08:00:00 PM,4,3,1
02/24/2018 09:00:00 PM,7,6,1
02/24/2018 10:00:00 PM,6,3,3
02/24/2018 11:00:00 PM,2,0,2
02/25/2018 12:00:00 AM,1,1,0
02/25/2018 01:00:00 AM,3,0,3
02/25/2018 02:00:00 AM,0,0,0
02/25/2018 03:00:00 AM,1,1,0
02/25/2018 04:00:00 AM,0,0,0
02/25/2018 05:00:00 AM,0,0,0
02/25/2018 06:00:00 AM,4,0,4
02/25/2018 07:00:00 AM,22,2,20
02/25/2018 08:00:00 AM,31,7,24
02/25/2018 09:00:00 AM,7,4,3
02/25/2018 10:00:00 AM,20,7,13
02/25/2018 11:00:00 AM,15,3,12
02/25/2018 12:00:00 PM,22,13,9
02/25/2018 01:00:00 PM,23,14,9
02/25/2018 02:00:00 PM,24,18,6
02/25/2018 03:00:00 PM,28,20,8
02/25/2018 04:00:00 PM,26,15,11
02/25/2018 05:00:00 PM,6,1,5
02/25/2018 06:00:00 PM,3,2,1
02/25/2018 07:00:00 PM,1,1,0
02/25/2018 08:00:00 PM,3,2,1
02/25/2018 09:00:00 PM,5,4,1
02/25/2018 10:00:00 PM,0,0,0
02/25/2018 11:00:00 PM,0,0,0
02/26/2018 12:00:00 AM,0,0,0
02/26/2018 01:00:00 AM,1,0,1
02/26/2018 02:00:00 AM,0,0,0
02/26/2018 03:00:00 AM,4,3,1
02/26/2018 04:00:00 AM,4,1,3
02/26/2018 05:00:00 AM,24,5,19
02/26/2018 06:00:00 AM,44,5,39
02/26/2018 07:00:00 AM,96,4,92
02/26/2018 08:00:00 AM,88,7,81
02/26/2018 09:00:00 AM,33,0,33
02/26/2018 10:00:00 AM,13,5,8
02/26/2018 11:00:00 AM,10,2,8
02/26/2018 12:00:00 PM,12,7,5
02/26/2018 01:00:00 PM,11,5,6
02/26/2018 02:00:00 PM,23,7,16
02/26/2018 03:00:00 PM,36,25,11
02/26/2018 04:00:00 PM,85,68,17
02/26/2018 05:00:00 PM,119,108,11
02/26/2018 06:00:00 PM,65,58,7
02/26/2018 07:00:00 PM,21,18,3
02/26/2018 08:00:00 PM,10,9,1
02/26/2018 09:00:00 PM,10,9,1
02/26/2018 10:00:00 PM,6,3,3
02/26/2018 11:00:00 PM,0,0,0
02/27/2018 12:00:00 AM,0,0,0
02/27/2018 01:00:00 AM,1,0,1
02/27/2018 02:00:00 AM,1,1,0
02/27/2018 03:00:00 AM,4,3,1
02/27/2018 04:00:00 AM,2,1,1
02/27/2018 05:00:00 AM,17,2,15
02/27/2018 06:00:00 AM,50,6,44
02/27/2018 07:00:00 AM,101,11,90
02/27/2018 08:00:00 AM,97,5,92
02/27/2018 09:00:00 AM,31,4,27
02/27/2018 10:00:00 AM,10,0,10
02/27/2018 11:00:00 AM,6,2,4
02/27/2018 12:00:00 PM,13,7,6
02/27/2018 01:00:00 PM,12,5,7
02/27/2018 02:00:00 PM,13,6,7
02/27/2018 03:00:00 PM,23,17,6
02/27/2018 04:00:00 PM,54,43,11
02/27/2018 05:00:00 PM,86,77,9
02/27/2018 06:00:00 PM,54,51,3
02/27/2018 07:00:00 PM,20,18,2
02/27/2018 08:00:00 PM,11,9,2
02/27/2018 09:00:00 PM,2,2,0
02/27/2018 10:00:00 PM,6,6,0
02/27/2018 11:00:00 PM,0,0,0
02/28/2018 12:00:00 AM,0,0,0
02/28/2018 01:00:00 AM,0,0,0
02/28/2018 02:00:00 AM,1,0,1
02/28/2018 03:00:00 AM,1,0,1
02/28/2018 04:00:00 AM,2,1,1
02/28/2018 05:00:00 AM,16,4,12
02/28/2018 06:00:00 AM,37,3,34
02/28/2018 07:00:00 AM,79,11,68
02/28/2018 08:00:00 AM,69,5,64
02/28/2018 09:00:00 AM,34,2,32
02/28/2018 10:00:00 AM,12,4,8
02/28/2018 11:00:00 AM,10,4,6
02/28/2018 12:00:00 PM,10,5,5
02/28/2018 01:00:00 PM,7,2,5
02/28/2018 02:00:00 PM,8,3,5
02/28/2018 03:00:00 PM,15,9,6
02/28/2018 04:00:00 PM,49,41,8
02/28/2018 05:00:00 PM,77,65,12
02/28/2018 06:00:00 PM,49,47,2
02/28/2018 07:00:00 PM,25,23,2
02/28/2018 08:00:00 PM,4,3,1
02/28/2018 09:00:00 PM,11,7,4
02/28/2018 10:00:00 PM,0,0,0
02/28/2018 11:00:00 PM,2,1,1
03/01/2018 12:00:00 AM,3,3,0
03/01/2018 01:00:00 AM,5,1,4
03/01/2018 02:00:00 AM,3,3,0
03/01/2018 03:00:00 AM,1,1,0
03/01/2018 04:00:00 AM,7,2,5
03/01/2018 05:00:00 AM,19,3,16
03/01/2018 06:00:00 AM,42,7,35
03/01/2018 07:00:00 AM,95,9,86
03/01/2018 08:00:00 AM,88,7,81
03/01/2018 09:00:00 AM,0,0,0
03/01/2018 10:00:00 AM,6,1,5
03/01/2018 11:00:00 AM,14,6,8
03/01/2018 12:00:00 PM,24,11,13
03/01/2018 01:00:00 PM,19,3,16
03/01/2018 02:00:00 PM,17,6,11
03/01/2018 03:00:00 PM,29,27,2
03/01/2018 04:00:00 PM,77,62,15
03/01/2018 05:00:00 PM,120,99,21
03/01/2018 06:00:00 PM,60,52,8
03/01/2018 07:00:00 PM,38,35,3
03/01/2018 08:00:00 PM,20,16,4
03/01/2018 09:00:00 PM,12,10,2
03/01/2018 10:00:00 PM,14,8,6
03/01/2018 11:00:00 PM,17,4,13
03/02/2018 12:00:00 AM,2,1,1
03/02/2018 01:00:00 AM,3,3,0
03/02/2018 02:00:00 AM,1,1,0
03/02/2018 03:00:00 AM,0,0,0
03/02/2018 04:00:00 AM,2,0,2
03/02/2018 05:00:00 AM,11,1,10
03/02/2018 06:00:00 AM,27,4,23
03/02/2018 07:00:00 AM,66,5,61
03/02/2018 08:00:00 AM,87,7,80
03/02/2018 09:00:00 AM,27,4,23
03/02/2018 10:00:00 AM,18,3,15
03/02/2018 11:00:00 AM,14,4,10
03/02/2018 12:00:00 PM,11,4,7
03/02/2018 01:00:00 PM,12,8,4
03/02/2018 02:00:00 PM,17,10,7
03/02/2018 03:00:00 PM,29,23,6
03/02/2018 04:00:00 PM,49,45,4
03/02/2018 05:00:00 PM,83,74,9
03/02/2018 06:00:00 PM,38,33,5
03/02/2018 07:00:00 PM,21,16,5
03/02/2018 08:00:00 PM,16,13,3
03/02/2018 09:00:00 PM,3,3,0
03/02/2018 10:00:00 PM,2,1,1
03/02/2018 11:00:00 PM,2,2,0
03/03/2018 12:00:00 AM,2,2,0
03/03/2018 01:00:00 AM,3,2,1
03/03/2018 02:00:00 AM,2,2,0
03/03/2018 03:00:00 AM,4,3,1
03/03/2018 04:00:00 AM,1,1,0
03/03/2018 05:00:00 AM,2,0,2
03/03/2018 06:00:00 AM,2,0,2
03/03/2018 07:00:00 AM,9,6,3
03/03/2018 08:00:00 AM,26,8,18
03/03/2018 09:00:00 AM,18,7,11
03/03/2018 10:00:00 AM,34,11,23
03/03/2018 11:00:00 AM,50,25,25
03/03/2018 12:00:00 PM,68,41,27
03/03/2018 01:00:00 PM,72,34,38
03/03/2018 02:00:00 PM,63,34,29
03/03/2018 03:00:00 PM,56,13,43
03/03/2018 04:00:00 PM,52,28,24
03/03/2018 05:00:00 PM,28,15,13
03/03/2018 06:00:00 PM,8,6,2
03/03/2018 07:00:00 PM,5,3,2
03/03/2018 08:00:00 PM,3,0,3
03/03/2018 09:00:00 PM,4,3,1
03/03/2018 10:00:00 PM,1,0,1
03/03/2018 11:00:00 PM,1,0,1
03/04/2018 12:00:00 AM,3,2,1
03/04/2018 01:00:00 AM,2,2,0
03/04/2018 02:00:00 AM,1,1,0
03/04/2018 03:00:00 AM,0,0,0
03/04/2018 04:00:00 AM,0,0,0
03/04/2018 05:00:00 AM,1,0,1
03/04/2018 06:00:00 AM,5,2,3
03/04/2018 07:00:00 AM,8,1,7
03/04/2018 08:00:00 AM,13,4,9
03/04/2018 09:00:00 AM,36,19,17
03/04/2018 10:00:00 AM,35,8,27
03/04/2018 11:00:00 AM,37,20,17
03/04/2018 12:00:00 PM,29,9,20
03/04/2018 01:00:00 PM,41,25,16
03/04/2018 02:00:00 PM,17,4,13
03/04/2018 03:00:00 PM,13,8,5
03/04/2018 04:00:00 PM,18,9,9
03/04/2018 05:00:00 PM,8,6,2
03/04/2018 06:00:00 PM,7,6,1
03/04/2018 07:00:00 PM,1,1,0
03/04/2018 08:00:00 PM,6,3,3
03/04/2018 09:00:00 PM,2,2,0
03/04/2018 10:00:00 PM,0,0,0
03/04/2018 11:00:00 PM,0,0,0
03/05/2018 12:00:00 AM,0,0,0
03/05/2018 01:00:00 AM,2,2,0
03/05/2018 02:00:00 AM,0,0,0
03/05/2018 03:00:00 AM,2,1,1
03/05/2018 04:00:00 AM,4,0,4
03/05/2018 05:00:00 AM,18,3,15
03/05/2018 06:00:00 AM,65,7,58
03/05/2018 07:00:00 AM,122,15,107
03/05/2018 08:00:00 AM,108,10,98
03/05/2018 09:00:00 AM,46,3,43
03/05/2018 10:00:00 AM,10,0,10
03/05/2018 11:00:00 AM,15,8,7
03/05/2018 12:00:00 PM,16,4,12
03/05/2018 01:00:00 PM,16,6,10
03/05/2018 02:00:00 PM,19,10,9
03/05/2018 03:00:00 PM,39,32,7
03/05/2018 04:00:00 PM,88,71,17
03/05/2018 05:00:00 PM,141,129,12
03/05/2018 06:00:00 PM,59,52,7
03/05/2018 07:00:00 PM,31,25,6
03/05/2018 08:00:00 PM,15,11,4
03/05/2018 09:00:00 PM,5,4,1
03/05/2018 10:00:00 PM,3,3,0
03/05/2018 11:00:00 PM,0,0,0
03/06/2018 12:00:00 AM,2,1,1
03/06/2018 01:00:00 AM,1,0,1
03/06/2018 02:00:00 AM,0,0,0
03/06/2018 03:00:00 AM,1,1,0
03/06/2018 04:00:00 AM,3,1,2
03/06/2018 05:00:00 AM,26,2,24
03/06/2018 06:00:00 AM,64,8,56
03/06/2018 07:00:00 AM,124,15,109
03/06/2018 08:00:00 AM,123,16,107
03/06/2018 09:00:00 AM,45,1,44
03/06/2018 10:00:00 AM,19,2,17
03/06/2018 11:00:00 AM,18,8,10
03/06/2018 12:00:00 PM,30,12,18
03/06/2018 01:00:00 PM,21,12,9
03/06/2018 02:00:00 PM,28,17,11
03/06/2018 03:00:00 PM,54,37,17
03/06/2018 04:00:00 PM,129,98,31
03/06/2018 05:00:00 PM,169,151,18
03/06/2018 06:00:00 PM,62,51,11
03/06/2018 07:00:00 PM,29,23,6
03/06/2018 08:00:00 PM,10,6,4
03/06/2018 09:00:00 PM,17,12,5
03/06/2018 10:00:00 PM,5,4,1
03/06/2018 11:00:00 PM,3,3,0
03/07/2018 12:00:00 AM,0,0,0
03/07/2018 01:00:00 AM,1,1,0
03/07/2018 02:00:00 AM,0,0,0
03/07/2018 03:00:00 AM,0,0,0
03/07/2018 04:00:00 AM,2,1,1
03/07/2018 05:00:00 AM,23,3,20
03/07/2018 06:00:00 AM,68,11,57
03/07/2018 07:00:00 AM,120,13,107
03/07/2018 08:00:00 AM,98,8,90
03/07/2018 09:00:00 AM,39,2,37
03/07/2018 10:00:00 AM,15,4,11
03/07/2018 11:00:00 AM,24,12,12
03/07/2018 12:00:00 PM,14,5,9
03/07/2018 01:00:00 PM,21,9,12
03/07/2018 02:00:00 PM,15,8,7
03/07/2018 03:00:00 PM,32,23,9
03/07/2018 04:00:00 PM,90,71,19
03/07/2018 05:00:00 PM,140,122,18
03/07/2018 06:00:00 PM,62,53,9
03/07/2018 07:00:00 PM,16,16,0
03/07/2018 08:00:00 PM,13,9,4
03/07/2018 09:00:00 PM,20,18,2
03/07/2018 10:00:00 PM,3,3,0
03/07/2018 11:00:00 PM,4,2,2
03/08/2018 12:00:00 AM,3,3,0
03/08/2018 01:00:00 AM,2,1,1
03/08/2018 02:00:00 AM,4,4,0
03/08/2018 03:00:00 AM,2,2,0
03/08/2018 04:00:00 AM,4,1,3
03/08/2018 05:00:00 AM,18,3,15
03/08/2018 06:00:00 AM,31,7,24
03/08/2018 07:00:00 AM,59,5,54
03/08/2018 08:00:00 AM,56,3,53
03/08/2018 09:00:00 AM,15,0,15
03/08/2018 10:00:00 AM,11,0,11
03/08/2018 11:00:00 AM,4,0,4
03/08/2018 12:00:00 PM,5,3,2
03/08/2018 01:00:00 PM,6,3,3
03/08/2018 02:00:00 PM,4,2,2
03/08/2018 03:00:00 PM,14,12,2
03/08/2018 04:00:00 PM,36,28,8
03/08/2018 05:00:00 PM,72,67,5
03/08/2018 06:00:00 PM,33,30,3
03/08/2018 07:00:00 PM,20,19,1
03/08/2018 08:00:00 PM,6,5,1
03/08/2018 09:00:00 PM,5,5,0
03/08/2018 10:00:00 PM,2,1,1
03/08/2018 11:00:00 PM,2,2,0
03/09/2018 12:00:00 AM,1,1,0
03/09/2018 01:00:00 AM,0,0,0
03/09/2018 02:00:00 AM,0,0,0
03/09/2018 03:00:00 AM,0,0,0
03/09/2018 04:00:00 AM,5,1,4
03/09/2018 05:00:00 AM,15,2,13
03/09/2018 06:00:00 AM,37,7,30
03/09/2018 07:00:00 AM,80,6,74
03/09/2018 08:00:00 AM,92,10,82
03/09/2018 09:00:00 AM,25,7,18
03/09/2018 10:00:00 AM,18,6,12
03/09/2018 11:00:00 AM,16,3,13
03/09/2018 12:00:00 PM,12,6,6
03/09/2018 01:00:00 PM,19,12,7
03/09/2018 02:00:00 PM,25,18,7
03/09/2018 03:00:00 PM,47,33,14
03/09/2018 04:00:00 PM,77,59,18
03/09/2018 05:00:00 PM,90,85,5
03/09/2018 06:00:00 PM,44,39,5
03/09/2018 07:00:00 PM,23,15,8
03/09/2018 08:00:00 PM,7,5,2
03/09/2018 09:00:00 PM,8,6,2
03/09/2018 10:00:00 PM,8,4,4
03/09/2018 11:00:00 PM,0,0,0
03/10/2018 12:00:00 AM,1,0,1
03/10/2018 01:00:00 AM,4,3,1
03/10/2018 02:00:00 AM,2,1,1
03/10/2018 03:00:00 AM,2,1,1
03/10/2018 04:00:00 AM,4,3,1
03/10/2018 05:00:00 AM,2,0,2
03/10/2018 06:00:00 AM,5,2,3
03/10/2018 07:00:00 AM,3,0,3
03/10/2018 08:00:00 AM,22,4,18
03/10/2018 09:00:00 AM,30,11,19
03/10/2018 10:00:00 AM,42,16,26
03/10/2018 11:00:00 AM,41,17,24
03/10/2018 12:00:00 PM,65,40,25
03/10/2018 01:00:00 PM,67,37,30
03/10/2018 02:00:00 PM,53,31,22
03/10/2018 03:00:00 PM,59,22,37
03/10/2018 04:00:00 PM,42,30,12
03/10/2018 05:00:00 PM,46,25,21
03/10/2018 06:00:00 PM,27,7,20
03/10/2018 07:00:00 PM,7,3,4
03/10/2018 08:00:00 PM,9,5,4
03/10/2018 09:00:00 PM,3,3,0
03/10/2018 10:00:00 PM,5,5,0
03/10/2018 11:00:00 PM,2,2,0
03/11/2018 12:00:00 AM,3,2,1
03/11/2018 01:00:00 AM,1,0,1
03/11/2018 02:00:00 AM,,,
03/11/2018 03:00:00 AM,2,2,0
03/11/2018 04:00:00 AM,0,0,0
03/11/2018 05:00:00 AM,3,0,3
03/11/2018 06:00:00 AM,1,1,0
03/11/2018 07:00:00 AM,2,0,2
03/11/2018 08:00:00 AM,16,6,10
03/11/2018 09:00:00 AM,11,5,6
03/11/2018 10:00:00 AM,42,16,26
03/11/2018 11:00:00 AM,48,22,26
03/11/2018 12:00:00 PM,70,37,33
03/11/2018 01:00:00 PM,82,44,38
03/11/2018 02:00:00 PM,87,46,41
03/11/2018 03:00:00 PM,76,33,43
03/11/2018 04:00:00 PM,76,46,30
03/11/2018 05:00:00 PM,64,26,38
03/11/2018 06:00:00 PM,38,20,18
03/11/2018 07:00:00 PM,20,9,11
03/11/2018 08:00:00 PM,6,5,1
03/11/2018 09:00:00 PM,4,3,1
03/11/2018 10:00:00 PM,2,1,1
03/11/2018 11:00:00 PM,2,1,1
03/12/2018 12:00:00 AM,3,1,2
03/12/2018 01:00:00 AM,4,2,2
03/12/2018 02:00:00 AM,2,1,1
03/12/2018 03:00:00 AM,0,0,0
03/12/2018 04:00:00 AM,5,0,5
03/12/2018 05:00:00 AM,31,4,27
03/12/2018 06:00:00 AM,67,10,57
03/12/2018 07:00:00 AM,131,11,120
03/12/2018 08:00:00 AM,139,11,128
03/12/2018 09:00:00 AM,70,5,65
03/12/2018 10:00:00 AM,25,8,17
03/12/2018 11:00:00 AM,27,12,15
03/12/2018 12:00:00 PM,33,18,15
03/12/2018 01:00:00 PM,37,14,23
03/12/2018 02:00:00 PM,46,25,21
03/12/2018 03:00:00 PM,98,70,28
03/12/2018 04:00:00 PM,141,106,35
03/12/2018 05:00:00 PM,213,181,32
03/12/2018 06:00:00 PM,112,96,16
03/12/2018 07:00:00 PM,51,40,11
03/12/2018 08:00:00 PM,13,7,6
03/12/2018 09:00:00 PM,14,6,8
03/12/2018 10:00:00 PM,4,4,0
03/12/2018 11:00:00 PM,3,1,2
03/13/2018 12:00:00 AM,3,2,1
03/13/2018 01:00:00 AM,0,0,0
03/13/2018 02:00:00 AM,1,0,1
03/13/2018 03:00:00 AM,1,1,0
03/13/2018 04:00:00 AM,2,0,2
03/13/2018 05:00:00 AM,25,4,21
03/13/2018 06:00:00 AM,37,5,32
03/13/2018 07:00:00 AM,89,11,78
03/13/2018 08:00:00 AM,90,9,81
03/13/2018 09:00:00 AM,39,4,35
03/13/2018 10:00:00 AM,11,1,10
03/13/2018 11:00:00 AM,16,5,11
03/13/2018 12:00:00 PM,9,2,7
03/13/2018 01:00:00 PM,5,3,2
03/13/2018 02:00:00 PM,12,7,5
03/13/2018 03:00:00 PM,16,11,5
03/13/2018 04:00:00 PM,53,44,9
03/13/2018 05:00:00 PM,89,84,5
03/13/2018 06:00:00 PM,63,56,7
03/13/2018 07:00:00 PM,17,16,1
03/13/2018 08:00:00 PM,7,5,2
03/13/2018 09:00:00 PM,6,4,2
03/13/2018 10:00:00 PM,2,1,1
03/13/2018 11:00:00 PM,1,1,0
03/14/2018 12:00:00 AM,0,0,0
03/14/2018 01:00:00 AM,2,2,0
03/14/2018 02:00:00 AM,1,1,0
03/14/2018 03:00:00 AM,0,0,0
03/14/2018 04:00:00 AM,4,1,3
03/14/2018 05:00:00 AM,18,3,15
03/14/2018 06:00:00 AM,0,0,0
03/14/2018 07:00:00 AM,0,0,0
03/14/2018 08:00:00 AM,0,0,0
03/14/2018 09:00:00 AM,0,0,0
03/14/2018 10:00:00 AM,0,0,0
03/14/2018 11:00:00 AM,0,0,0
03/14/2018 12:00:00 PM,0,0,0
03/14/2018 01:00:00 PM,17,8,9
03/14/2018 02:00:00 PM,20,9,11
03/14/2018 03:00:00 PM,46,32,14
03/14/2018 04:00:00 PM,88,70,18
03/14/2018 05:00:00 PM,122,98,24
03/14/2018 06:00:00 PM,86,68,18
03/14/2018 07:00:00 PM,28,21,7
03/14/2018 08:00:00 PM,23,16,7
03/14/2018 09:00:00 PM,13,12,1
03/14/2018 10:00:00 PM,9,7,2
03/14/2018 11:00:00 PM,1,1,0
03/15/2018 12:00:00 AM,0,0,0
03/15/2018 01:00:00 AM,2,2,0
03/15/2018 02:00:00 AM,0,0,0
03/15/2018 03:00:00 AM,1,1,0
03/15/2018 04:00:00 AM,6,1,5
03/15/2018 05:00:00 AM,16,1,15
03/15/2018 06:00:00 AM,53,9,44
03/15/2018 07:00:00 AM,112,11,101
03/15/2018 08:00:00 AM,115,5,110
03/15/2018 09:00:00 AM,52,3,49
03/15/2018 10:00:00 AM,13,5,8
03/15/2018 11:00:00 AM,14,8,6
03/15/2018 12:00:00 PM,18,11,7
03/15/2018 01:00:00 PM,32,15,17
03/15/2018 02:00:00 PM,27,17,10
03/15/2018 03:00:00 PM,50,37,13
03/15/2018 04:00:00 PM,78,55,23
03/15/2018 05:00:00 PM,153,126,27
03/15/2018 06:00:00 PM,83,70,13
03/15/2018 07:00:00 PM,31,28,3
03/15/2018 08:00:00 PM,12,12,0
03/15/2018 09:00:00 PM,10,7,3
03/15/2018 10:00:00 PM,3,3,0
03/15/2018 11:00:00 PM,4,2,2
03/16/2018 12:00:00 AM,0,0,0
03/16/2018 01:00:00 AM,1,1,0
03/16/2018 02:00:00 AM,0,0,0
03/16/2018 03:00:00 AM,2,2,0
03/16/2018 04:00:00 AM,7,1,6
03/16/2018 05:00:00 AM,26,1,25
03/16/2018 06:00:00 AM,43,6,37
03/16/2018 07:00:00 AM,85,7,78
03/16/2018 08:00:00 AM,113,8,105
03/16/2018 09:00:00 AM,33,3,30
03/16/2018 10:00:00 AM,34,14,20
03/16/2018 11:00:00 AM,15,3,12
03/16/2018 12:00:00 PM,18,10,8
03/16/2018 01:00:00 PM,23,16,7
03/16/2018 02:00:00 PM,45,30,15
03/16/2018 03:00:00 PM,57,45,12
03/16/2018 04:00:00 PM,110,82,28
03/16/2018 05:00:00 PM,123,105,18
03/16/2018 06:00:00 PM,69,56,13
03/16/2018 07:00:00 PM,31,20,11
03/16/2018 08:00:00 PM,15,9,6
03/16/2018 09:00:00 PM,4,3,1
03/16/2018 10:00:00 PM,3,2,1
03/16/2018 11:00:00 PM,4,3,1
03/17/2018 12:00:00 AM,4,4,0
03/17/2018 01:00:00 AM,3,2,1
03/17/2018 02:00:00 AM,0,0,0
03/17/2018 03:00:00 AM,4,3,1
03/17/2018 04:00:00 AM,3,2,1
03/17/2018 05:00:00 AM,3,0,3
03/17/2018 06:00:00 AM,11,4,7
03/17/2018 07:00:00 AM,12,2,10
03/17/2018 08:00:00 AM,15,2,13
03/17/2018 09:00:00 AM,32,14,18
03/17/2018 10:00:00 AM,35,18,17
03/17/2018 11:00:00 AM,27,9,18
03/17/2018 12:00:00 PM,42,22,20
03/17/2018 01:00:00 PM,50,17,33
03/17/2018 02:00:00 PM,35,20,15
03/17/2018 03:00:00 PM,49,23,26
03/17/2018 04:00:00 PM,19,8,11
03/17/2018 05:00:00 PM,23,9,14
03/17/2018 06:00:00 PM,17,11,6
03/17/2018 07:00:00 PM,19,16,3
03/17/2018 08:00:00 PM,4,4,0
03/17/2018 09:00:00 PM,6,1,5
03/17/2018 10:00:00 PM,6,4,2
03/17/2018 11:00:00 PM,7,3,4
03/18/2018 12:00:00 AM,3,2,1
03/18/2018 01:00:00 AM,1,0,1
03/18/2018 02:00:00 AM,5,4,1
03/18/2018 03:00:00 AM,0,0,0
03/18/2018 04:00:00 AM,0,0,0
03/18/2018 05:00:00 AM,1,0,1
03/18/2018 06:00:00 AM,4,1,3
03/18/2018 07:00:00 AM,2,1,1
03/18/2018 08:00:00 AM,18,4,14
03/18/2018 09:00:00 AM,18,12,6
03/18/2018 10:00:00 AM,46,16,30
03/18/2018 11:00:00 AM,33,15,18
03/18/2018 12:00:00 PM,45,19,26
03/18/2018 01:00:00 PM,49,20,29
03/18/2018 02:00:00 PM,47,24,23
03/18/2018 03:00:00 PM,65,40,25
03/18/2018 04:00:00 PM,41,23,18
03/18/2018 05:00:00 PM,40,15,25
03/18/2018 06:00:00 PM,25,14,11
03/18/2018 07:00:00 PM,11,8,3
03/18/2018 08:00:00 PM,8,8,0
03/18/2018 09:00:00 PM,7,3,4
03/18/2018 10:00:00 PM,2,2,0
03/18/2018 11:00:00 PM,3,2,1
03/19/2018 12:00:00 AM,0,0,0
03/19/2018 01:00:00 AM,2,1,1
03/19/2018 02:00:00 AM,0,0,0
03/19/2018 03:00:00 AM,1,0,1
03/19/2018 04:00:00 AM,4,0,4
03/19/2018 05:00:00 AM,24,3,21
03/19/2018 06:00:00 AM,60,9,51
03/19/2018 07:00:00 AM,129,13,116
03/19/2018 08:00:00 AM,138,6,132
03/19/2018 09:00:00 AM,46,7,39
03/19/2018 10:00:00 AM,32,7,25
03/19/2018 11:00:00 AM,34,21,13
03/19/2018 12:00:00 PM,22,12,10
03/19/2018 01:00:00 PM,39,12,27
03/19/2018 02:00:00 PM,26,16,10
03/19/2018 03:00:00 PM,47,41,6
03/19/2018 04:00:00 PM,113,96,17
03/19/2018 05:00:00 PM,149,133,16
03/19/2018 06:00:00 PM,87,71,16
03/19/2018 07:00:00 PM,38,29,9
03/19/2018 08:00:00 PM,19,11,8
03/19/2018 09:00:00 PM,7,6,1
03/19/2018 10:00:00 PM,2,2,0
03/19/2018 11:00:00 PM,0,0,0
03/20/2018 12:00:00 AM,0,0,0
03/20/2018 01:00:00 AM,1,0,1
03/20/2018 02:00:00 AM,2,1,1
03/20/2018 03:00:00 AM,2,1,1
03/20/2018 04:00:00 AM,8,2,6
03/20/2018 05:00:00 AM,28,4,24
03/20/2018 06:00:00 AM,66,9,57
03/20/2018 07:00:00 AM,112,9,103
03/20/2018 08:00:00 AM,109,6,103
03/20/2018 09:00:00 AM,50,2,48
03/20/2018 10:00:00 AM,26,9,17
03/20/2018 11:00:00 AM,30,13,17
03/20/2018 12:00:00 PM,20,7,13
03/20/2018 01:00:00 PM,17,11,6
03/20/2018 02:00:00 PM,30,14,16
03/20/2018 03:00:00 PM,54,43,11
03/20/2018 04:00:00 PM,125,96,29
03/20/2018 05:00:00 PM,162,140,22
03/20/2018 06:00:00 PM,100,78,22
03/20/2018 07:00:00 PM,52,37,15
03/20/2018 08:00:00 PM,15,9,6
03/20/2018 09:00:00 PM,10,8,2
03/20/2018 10:00:00 PM,8,5,3
03/20/2018 11:00:00 PM,3,2,1
03/21/2018 12:00:00 AM,3,2,1
03/21/2018 01:00:00 AM,1,0,1
03/21/2018 02:00:00 AM,0,0,0
03/21/2018 03:00:00 AM,0,0,0
03/21/2018 04:00:00 AM,7,2,5
03/21/2018 05:00:00 AM,24,1,23
03/21/2018 06:00:00 AM,59,5,54
03/21/2018 07:00:00 AM,108,12,96
03/21/2018 08:00:00 AM,108,6,102
03/21/2018 09:00:00 AM,51,3,48
03/21/2018 10:00:00 AM,25,8,17
03/21/2018 11:00:00 AM,22,5,17
03/21/2018 12:00:00 PM,12,6,6
03/21/2018 01:00:00 PM,27,10,17
03/21/2018 02:00:00 PM,21,12,9
03/21/2018 03:00:00 PM,40,29,11
03/21/2018 04:00:00 PM,96,82,14
03/21/2018 05:00:00 PM,149,126,23
03/21/2018 06:00:00 PM,78,63,15
03/21/2018 07:00:00 PM,30,24,6
03/21/2018 08:00:00 PM,17,14,3
03/21/2018 09:00:00 PM,8,6,2
03/21/2018 10:00:00 PM,7,7,0
03/21/2018 11:00:00 PM,1,1,0
03/22/2018 12:00:00 AM,1,0,1
03/22/2018 01:00:00 AM,1,1,0
03/22/2018 02:00:00 AM,0,0,0
03/22/2018 03:00:00 AM,1,1,0
03/22/2018 04:00:00 AM,3,1,2
03/22/2018 05:00:00 AM,19,2,17
03/22/2018 06:00:00 AM,44,6,38
03/22/2018 07:00:00 AM,61,5,56
03/22/2018 08:00:00 AM,59,3,56
03/22/2018 09:00:00 AM,18,3,15
03/22/2018 10:00:00 AM,7,0,7
03/22/2018 11:00:00 AM,3,0,3
03/22/2018 12:00:00 PM,0,0,0
03/22/2018 01:00:00 PM,0,0,0
03/22/2018 02:00:00 PM,0,0,0
03/22/2018 03:00:00 PM,18,14,4
03/22/2018 04:00:00 PM,50,43,7
03/22/2018 05:00:00 PM,84,78,6
03/22/2018 06:00:00 PM,54,45,9
03/22/2018 07:00:00 PM,15,13,2
03/22/2018 08:00:00 PM,5,5,0
03/22/2018 09:00:00 PM,5,5,0
03/22/2018 10:00:00 PM,4,3,1
03/22/2018 11:00:00 PM,0,0,0
03/23/2018 12:00:00 AM,1,1,0
03/23/2018 01:00:00 AM,1,1,0
03/23/2018 02:00:00 AM,2,1,1
03/23/2018 03:00:00 AM,3,2,1
03/23/2018 04:00:00 AM,2,1,1
03/23/2018 05:00:00 AM,10,1,9
03/23/2018 06:00:00 AM,31,3,28
03/23/2018 07:00:00 AM,66,8,58
03/23/2018 08:00:00 AM,63,2,61
03/23/2018 09:00:00 AM,24,0,24
03/23/2018 10:00:00 AM,6,1,5
03/23/2018 11:00:00 AM,3,0,3
03/23/2018 12:00:00 PM,9,3,6
03/23/2018 01:00:00 PM,10,4,6
03/23/2018 02:00:00 PM,16,7,9
03/23/2018 03:00:00 PM,23,22,1
03/23/2018 04:00:00 PM,44,36,8
03/23/2018 05:00:00 PM,71,67,4
03/23/2018 06:00:00 PM,36,31,5
03/23/2018 07:00:00 PM,10,7,3
03/23/2018 08:00:00 PM,4,4,0
03/23/2018 09:00:00 PM,2,2,0
03/23/2018 10:00:00 PM,3,2,1
03/23/2018 11:00:00 PM,1,0,1
03/24/2018 12:00:00 AM,1,0,1
03/24/2018 01:00:00 AM,2,1,1
03/24/2018 02:00:00 AM,6,3,3
03/24/2018 03:00:00 AM,4,3,1
03/24/2018 04:00:00 AM,2,2,0
03/24/2018 05:00:00 AM,0,0,0
03/24/2018 06:00:00 AM,3,0,3
03/24/2018 07:00:00 AM,5,0,5
03/24/2018 08:00:00 AM,9,1,8
03/24/2018 09:00:00 AM,19,9,10
03/24/2018 10:00:00 AM,23,2,21
03/24/2018 11:00:00 AM,21,7,14
03/24/2018 12:00:00 PM,42,21,21
03/24/2018 01:00:00 PM,30,18,12
03/24/2018 02:00:00 PM,44,21,23
03/24/2018 03:00:00 PM,30,11,19
03/24/2018 04:00:00 PM,24,17,7
03/24/2018 05:00:00 PM,18,13,5
03/24/2018 06:00:00 PM,17,9,8
03/24/2018 07:00:00 PM,7,6,1
03/24/2018 08:00:00 PM,4,2,2
03/24/2018 09:00:00 PM,4,1,3
03/24/2018 10:00:00 PM,4,4,0
03/24/2018 11:00:00 PM,0,0,0
03/25/2018 12:00:00 AM,2,1,1
03/25/2018 01:00:00 AM,0,0,0
03/25/2018 02:00:00 AM,2,1,1
03/25/2018 03:00:00 AM,1,1,0
03/25/2018 04:00:00 AM,1,0,1
03/25/2018 05:00:00 AM,2,0,2
03/25/2018 06:00:00 AM,4,1,3
03/25/2018 07:00:00 AM,12,4,8
03/25/2018 08:00:00 AM,23,10,13
03/25/2018 09:00:00 AM,35,14,21
03/25/2018 10:00:00 AM,25,8,17
03/25/2018 11:00:00 AM,44,27,17
03/25/2018 12:00:00 PM,46,23,23
03/25/2018 01:00:00 PM,43,17,26
03/25/2018 02:00:00 PM,27,14,13
03/25/2018 03:00:00 PM,55,30,25
03/25/2018 04:00:00 PM,45,21,24
03/25/2018 05:00:00 PM,33,17,16
03/25/2018 06:00:00 PM,21,12,9
03/25/2018 07:00:00 PM,20,11,9
03/25/2018 08:00:00 PM,6,4,2
03/25/2018 09:00:00 PM,6,5,1
03/25/2018 10:00:00 PM,2,1,1
03/25/2018 11:00:00 PM,2,2,0
03/26/2018 12:00:00 AM,0,0,0
03/26/2018 01:00:00 AM,1,0,1
03/26/2018 02:00:00 AM,4,1,3
03/26/2018 03:00:00 AM,1,1,0
03/26/2018 04:00:00 AM,1,0,1
03/26/2018 05:00:00 AM,14,2,12
03/26/2018 06:00:00 AM,37,4,33
03/26/2018 07:00:00 AM,86,11,75
03/26/2018 08:00:00 AM,87,5,82
03/26/2018 09:00:00 AM,34,1,33
03/26/2018 10:00:00 AM,12,3,9
03/26/2018 11:00:00 AM,1,0,1
03/26/2018 12:00:00 PM,8,4,4
03/26/2018 01:00:00 PM,4,3,1
03/26/2018 02:00:00 PM,10,5,5
03/26/2018 03:00:00 PM,21,14,7
03/26/2018 04:00:00 PM,49,44,5
03/26/2018 05:00:00 PM,111,96,15
03/26/2018 06:00:00 PM,48,45,3
03/26/2018 07:00:00 PM,20,16,4
03/26/2018 08:00:00 PM,12,8,4
03/26/2018 09:00:00 PM,5,3,2
03/26/2018 10:00:00 PM,8,6,2
03/26/2018 11:00:00 PM,4,1,3
03/27/2018 12:00:00 AM,0,0,0
03/27/2018 01:00:00 AM,0,0,0
03/27/2018 02:00:00 AM,0,0,0
03/27/2018 03:00:00 AM,3,1,2
03/27/2018 04:00:00 AM,2,1,1
03/27/2018 05:00:00 AM,15,2,13
03/27/2018 06:00:00 AM,44,4,40
03/27/2018 07:00:00 AM,77,6,71
03/27/2018 08:00:00 AM,92,8,84
03/27/2018 09:00:00 AM,23,2,21
03/27/2018 10:00:00 AM,8,2,6
03/27/2018 11:00:00 AM,14,5,9
03/27/2018 12:00:00 PM,12,7,5
03/27/2018 01:00:00 PM,14,4,10
03/27/2018 02:00:00 PM,15,9,6
03/27/2018 03:00:00 PM,15,13,2
03/27/2018 04:00:00 PM,61,50,11
03/27/2018 05:00:00 PM,106,96,10
03/27/2018 06:00:00 PM,66,57,9
03/27/2018 07:00:00 PM,27,24,3
03/27/2018 08:00:00 PM,10,10,0
03/27/2018 09:00:00 PM,6,6,0
03/27/2018 10:00:00 PM,1,1,0
03/27/2018 11:00:00 PM,5,2,3
03/28/2018 12:00:00 AM,0,0,0
03/28/2018 01:00:00 AM,1,1,0
03/28/2018 02:00:00 AM,1,1,0
03/28/2018 03:00:00 AM,0,0,0
03/28/2018 04:00:00 AM,3,1,2
03/28/2018 05:00:00 AM,19,1,18
03/28/2018 06:00:00 AM,67,9,58
03/28/2018 07:00:00 AM,107,12,95
03/28/2018 08:00:00 AM,112,6,106
03/28/2018 09:00:00 AM,37,3,34
03/28/2018 10:00:00 AM,23,7,16
03/28/2018 11:00:00 AM,17,2,15
03/28/2018 12:00:00 PM,15,8,7
03/28/2018 01:00:00 PM,24,13,11
03/28/2018 02:00:00 PM,22,16,6
03/28/2018 03:00:00 PM,41,31,10
03/28/2018 04:00:00 PM,70,60,10
03/28/2018 05:00:00 PM,134,116,18
03/28/2018 06:00:00 PM,79,65,14
03/28/2018 07:00:00 PM,25,24,1
03/28/2018 08:00:00 PM,14,9,5
03/28/2018 09:00:00 PM,12,12,0
03/28/2018 10:00:00 PM,7,5,2
03/28/2018 11:00:00 PM,4,4,0
03/29/2018 12:00:00 AM,4,1,3
03/29/2018 01:00:00 AM,2,1,1
03/29/2018 02:00:00 AM,1,1,0
03/29/2018 03:00:00 AM,0,0,0
03/29/2018 04:00:00 AM,3,1,2
03/29/2018 05:00:00 AM,22,4,18
03/29/2018 06:00:00 AM,69,5,64
03/29/2018 07:00:00 AM,96,8,88
03/29/2018 08:00:00 AM,91,7,84
03/29/2018 09:00:00 AM,53,3,50
03/29/2018 10:00:00 AM,20,5,15
03/29/2018 11:00:00 AM,14,7,7
03/29/2018 12:00:00 PM,26,12,14
03/29/2018 01:00:00 PM,18,5,13
03/29/2018 02:00:00 PM,32,20,12
03/29/2018 03:00:00 PM,34,22,12
03/29/2018 04:00:00 PM,83,61,22
03/29/2018 05:00:00 PM,130,115,15
03/29/2018 06:00:00 PM,74,62,12
03/29/2018 07:00:00 PM,40,33,7
03/29/2018 08:00:00 PM,42,38,4
03/29/2018 09:00:00 PM,13,8,5
03/29/2018 10:00:00 PM,33,11,22
03/29/2018 11:00:00 PM,5,4,1
03/30/2018 12:00:00 AM,4,4,0
03/30/2018 01:00:00 AM,3,1,2
03/30/2018 02:00:00 AM,0,0,0
03/30/2018 03:00:00 AM,2,0,2
03/30/2018 04:00:00 AM,4,2,2
03/30/2018 05:00:00 AM,22,4,18
03/30/2018 06:00:00 AM,37,4,33
03/30/2018 07:00:00 AM,82,10,72
03/30/2018 08:00:00 AM,83,7,76
03/30/2018 09:00:00 AM,44,6,38
03/30/2018 10:00:00 AM,26,11,15
03/30/2018 11:00:00 AM,20,9,11
03/30/2018 12:00:00 PM,24,10,14
03/30/2018 01:00:00 PM,22,12,10
03/30/2018 02:00:00 PM,34,17,17
03/30/2018 03:00:00 PM,46,29,17
03/30/2018 04:00:00 PM,99,83,16
03/30/2018 05:00:00 PM,86,71,15
03/30/2018 06:00:00 PM,55,47,8
03/30/2018 07:00:00 PM,24,23,1
03/30/2018 08:00:00 PM,8,4,4
03/30/2018 09:00:00 PM,5,5,0
03/30/2018 10:00:00 PM,9,5,4
03/30/2018 11:00:00 PM,3,2,1
03/31/2018 12:00:00 AM,3,2,1
03/31/2018 01:00:00 AM,5,3,2
03/31/2018 02:00:00 AM,2,1,1
03/31/2018 03:00:00 AM,3,1,2
03/31/2018 04:00:00 AM,1,1,0
03/31/2018 05:00:00 AM,2,0,2
03/31/2018 06:00:00 AM,9,1,8
03/31/2018 07:00:00 AM,13,8,5
03/31/2018 08:00:00 AM,29,7,22
03/31/2018 09:00:00 AM,28,10,18
03/31/2018 10:00:00 AM,54,26,28
03/31/2018 11:00:00 AM,57,30,27
03/31/2018 12:00:00 PM,58,26,32
03/31/2018 01:00:00 PM,63,33,30
03/31/2018 02:00:00 PM,40,18,22
03/31/2018 03:00:00 PM,73,42,31
03/31/2018 04:00:00 PM,78,37,41
03/31/2018 05:00:00 PM,57,38,19
03/31/2018 06:00:00 PM,33,17,16
03/31/2018 07:00:00 PM,10,5,5
03/31/2018 08:00:00 PM,9,7,2
03/31/2018 09:00:00 PM,17,13,4
03/31/2018 10:00:00 PM,9,6,3
03/31/2018 11:00:00 PM,3,2,1
04/01/2018 12:00:00 AM,4,2,2
04/01/2018 01:00:00 AM,3,1,2
04/01/2018 02:00:00 AM,2,2,0
04/01/2018 03:00:00 AM,2,2,0
04/01/2018 04:00:00 AM,3,1,2
04/01/2018 05:00:00 AM,3,1,2
04/01/2018 06:00:00 AM,3,2,1
04/01/2018 07:00:00 AM,3,1,2
04/01/2018 08:00:00 AM,11,5,6
04/01/2018 09:00:00 AM,8,1,7
04/01/2018 10:00:00 AM,6,4,2
04/01/2018 11:00:00 AM,9,6,3
04/01/2018 12:00:00 PM,13,4,9
04/01/2018 01:00:00 PM,9,3,6
04/01/2018 02:00:00 PM,19,13,6
04/01/2018 03:00:00 PM,20,10,10
04/01/2018 04:00:00 PM,19,12,7
04/01/2018 05:00:00 PM,11,3,8
04/01/2018 06:00:00 PM,7,6,1
04/01/2018 07:00:00 PM,7,4,3
04/01/2018 08:00:00 PM,3,3,0
04/01/2018 09:00:00 PM,0,0,0
04/01/2018 10:00:00 PM,1,1,0
04/01/2018 11:00:00 PM,2,1,1
04/02/2018 12:00:00 AM,0,0,0
04/02/2018 01:00:00 AM,1,1,0
04/02/2018 02:00:00 AM,0,0,0
04/02/2018 03:00:00 AM,0,0,0
04/02/2018 04:00:00 AM,6,2,4
04/02/2018 05:00:00 AM,26,2,24
04/02/2018 06:00:00 AM,62,8,54
04/02/2018 07:00:00 AM,129,12,117
04/02/2018 08:00:00 AM,128,9,119
04/02/2018 09:00:00 AM,38,3,35
04/02/2018 10:00:00 AM,20,3,17
04/02/2018 11:00:00 AM,20,7,13
04/02/2018 12:00:00 PM,25,17,8
04/02/2018 01:00:00 PM,21,8,13
04/02/2018 02:00:00 PM,22,10,12
04/02/2018 03:00:00 PM,42,32,10
04/02/2018 04:00:00 PM,96,79,17
04/02/2018 05:00:00 PM,147,136,11
04/02/2018 06:00:00 PM,78,67,11
04/02/2018 07:00:00 PM,31,26,5
04/02/2018 08:00:00 PM,17,9,8
04/02/2018 09:00:00 PM,10,8,2
04/02/2018 10:00:00 PM,6,6,0
04/02/2018 11:00:00 PM,5,1,4
04/03/2018 12:00:00 AM,1,0,1
04/03/2018 01:00:00 AM,0,0,0
04/03/2018 02:00:00 AM,1,1,0
04/03/2018 03:00:00 AM,2,1,1
04/03/2018 04:00:00 AM,5,2,3
04/03/2018 05:00:00 AM,31,3,28
04/03/2018 06:00:00 AM,59,9,50
04/03/2018 07:00:00 AM,122,9,113
04/03/2018 08:00:00 AM,117,6,111
04/03/2018 09:00:00 AM,38,4,34
04/03/2018 10:00:00 AM,20,4,16
04/03/2018 11:00:00 AM,14,2,12
04/03/2018 12:00:00 PM,11,6,5
04/03/2018 01:00:00 PM,26,14,12
04/03/2018 02:00:00 PM,23,11,12
04/03/2018 03:00:00 PM,37,27,10
04/03/2018 04:00:00 PM,102,84,18
04/03/2018 05:00:00 PM,141,120,21
04/03/2018 06:00:00 PM,85,73,12
04/03/2018 07:00:00 PM,23,20,3
04/03/2018 08:00:00 PM,11,8,3
04/03/2018 09:00:00 PM,6,4,2
04/03/2018 10:00:00 PM,7,6,1
04/03/2018 11:00:00 PM,3,2,1
04/04/2018 12:00:00 AM,1,0,1
04/04/2018 01:00:00 AM,1,1,0
04/04/2018 02:00:00 AM,1,0,1
04/04/2018 03:00:00 AM,1,1,0
04/04/2018 04:00:00 AM,3,2,1
04/04/2018 05:00:00 AM,24,2,22
04/04/2018 06:00:00 AM,39,5,34
04/04/2018 07:00:00 AM,64,4,60
04/04/2018 08:00:00 AM,99,6,93
04/04/2018 09:00:00 AM,29,1,28
04/04/2018 10:00:00 AM,8,1,7
04/04/2018 11:00:00 AM,12,6,6
04/04/2018 12:00:00 PM,8,5,3
04/04/2018 01:00:00 PM,7,3,4
04/04/2018 02:00:00 PM,6,4,2
04/04/2018 03:00:00 PM,14,11,3
04/04/2018 04:00:00 PM,63,52,11
04/04/2018 05:00:00 PM,83,76,7
04/04/2018 06:00:00 PM,58,56,2
04/04/2018 07:00:00 PM,20,20,0
04/04/2018 08:00:00 PM,13,9,4
04/04/2018 09:00:00 PM,6,3,3
04/04/2018 10:00:00 PM,2,1,1
04/04/2018 11:00:00 PM,3,2,1
04/05/2018 12:00:00 AM,2,2,0
04/05/2018 01:00:00 AM,3,1,2
04/05/2018 02:00:00 AM,3,3,0
04/05/2018 03:00:00 AM,1,1,0
04/05/2018 04:00:00 AM,3,1,2
04/05/2018 05:00:00 AM,19,1,18
04/05/2018 06:00:00 AM,26,2,24
04/05/2018 07:00:00 AM,82,8,74
04/05/2018 08:00:00 AM,81,4,77
04/05/2018 09:00:00 AM,25,5,20
04/05/2018 10:00:00 AM,10,0,10
04/05/2018 11:00:00 AM,6,2,4
04/05/2018 12:00:00 PM,4,2,2
04/05/2018 01:00:00 PM,6,2,4
04/05/2018 02:00:00 PM,14,7,7
04/05/2018 03:00:00 PM,20,16,4
04/05/2018 04:00:00 PM,54,42,12
04/05/2018 05:00:00 PM,82,77,5
04/05/2018 06:00:00 PM,47,42,5
04/05/2018 07:00:00 PM,26,21,5
04/05/2018 08:00:00 PM,14,11,3
04/05/2018 09:00:00 PM,13,11,2
04/05/2018 10:00:00 PM,8,8,0
04/05/2018 11:00:00 PM,3,1,2
04/06/2018 12:00:00 AM,1,1,0
04/06/2018 01:00:00 AM,1,0,1
04/06/2018 02:00:00 AM,1,1,0
04/06/2018 03:00:00 AM,0,0,0
04/06/2018 04:00:00 AM,4,1,3
04/06/2018 05:00:00 AM,17,2,15
04/06/2018 06:00:00 AM,39,3,36
04/06/2018 07:00:00 AM,88,12,76
04/06/2018 08:00:00 AM,87,5,82
04/06/2018 09:00:00 AM,32,3,29
04/06/2018 10:00:00 AM,18,6,12
04/06/2018 11:00:00 AM,8,0,8
04/06/2018 12:00:00 PM,20,7,13
04/06/2018 01:00:00 PM,26,13,13
04/06/2018 02:00:00 PM,25,18,7
04/06/2018 03:00:00 PM,52,40,12
04/06/2018 04:00:00 PM,98,77,21
04/06/2018 05:00:00 PM,122,101,21
04/06/2018 06:00:00 PM,70,61,9
04/06/2018 07:00:00 PM,31,15,16
04/06/2018 08:00:00 PM,23,14,9
04/06/2018 09:00:00 PM,9,3,6
04/06/2018 10:00:00 PM,7,6,1
04/06/2018 11:00:00 PM,4,2,2
04/07/2018 12:00:00 AM,3,2,1
04/07/2018 01:00:00 AM,3,2,1
04/07/2018 02:00:00 AM,5,4,1
04/07/2018 03:00:00 AM,1,1,0
04/07/2018 04:00:00 AM,1,1,0
04/07/2018 05:00:00 AM,0,0,0
04/07/2018 06:00:00 AM,0,0,0
04/07/2018 07:00:00 AM,0,0,0
04/07/2018 08:00:00 AM,0,0,0
04/07/2018 09:00:00 AM,0,0,0
04/07/2018 10:00:00 AM,0,0,0
04/07/2018 11:00:00 AM,0,0,0
04/07/2018 12:00:00 PM,0,0,0
04/07/2018 01:00:00 PM,0,0,0
04/07/2018 02:00:00 PM,0,0,0
04/07/2018 03:00:00 PM,0,0,0
04/07/2018 04:00:00 PM,0,0,0
04/07/2018 05:00:00 PM,0,0,0
04/07/2018 06:00:00 PM,0,0,0
04/07/2018 07:00:00 PM,7,4,3
04/07/2018 08:00:00 PM,3,1,2
04/07/2018 09:00:00 PM,2,0,2
04/07/2018 10:00:00 PM,1,1,0
04/07/2018 11:00:00 PM,3,2,1
04/08/2018 12:00:00 AM,2,1,1
04/08/2018 01:00:00 AM,1,1,0
04/08/2018 02:00:00 AM,0,0,0
04/08/2018 03:00:00 AM,0,0,0
04/08/2018 04:00:00 AM,1,0,1
04/08/2018 05:00:00 AM,5,0,5
04/08/2018 06:00:00 AM,74,7,67
04/08/2018 07:00:00 AM,63,5,58
04/08/2018 08:00:00 AM,90,29,61
04/08/2018 09:00:00 AM,86,78,8
04/08/2018 10:00:00 AM,73,61,12
04/08/2018 11:00:00 AM,14,14,0
04/08/2018 12:00:00 PM,4,2,2
04/08/2018 01:00:00 PM,3,3,0
04/08/2018 02:00:00 PM,0,0,0
04/08/2018 03:00:00 PM,0,0,0
04/08/2018 04:00:00 PM,1,1,0
04/08/2018 05:00:00 PM,4,2,2
04/08/2018 06:00:00 PM,4,3,1
04/08/2018 07:00:00 PM,5,1,4
04/08/2018 08:00:00 PM,6,4,2
04/08/2018 09:00:00 PM,2,1,1
04/08/2018 10:00:00 PM,4,4,0
04/08/2018 11:00:00 PM,2,2,0
04/09/2018 12:00:00 AM,5,3,2
04/09/2018 01:00:00 AM,0,0,0
04/09/2018 02:00:00 AM,0,0,0
04/09/2018 03:00:00 AM,0,0,0
04/09/2018 04:00:00 AM,0,0,0
04/09/2018 05:00:00 AM,0,0,0
04/09/2018 06:00:00 AM,0,0,0
04/09/2018 07:00:00 AM,0,0,0
04/09/2018 08:00:00 AM,0,0,0
04/09/2018 09:00:00 AM,0,0,0
04/09/2018 10:00:00 AM,0,0,0
04/09/2018 11:00:00 AM,0,0,0
04/09/2018 12:00:00 PM,0,0,0
04/09/2018 01:00:00 PM,0,0,0
04/09/2018 02:00:00 PM,0,0,0
04/09/2018 03:00:00 PM,0,0,0
04/09/2018 04:00:00 PM,0,0,0
04/09/2018 05:00:00 PM,0,0,0
04/09/2018 06:00:00 PM,0,0,0
04/09/2018 07:00:00 PM,0,0,0
04/09/2018 08:00:00 PM,0,0,0
04/09/2018 09:00:00 PM,1,1,0
04/09/2018 10:00:00 PM,10,7,3
04/09/2018 11:00:00 PM,6,4,2
04/10/2018 12:00:00 AM,1,1,0
04/10/2018 01:00:00 AM,2,1,1
04/10/2018 02:00:00 AM,0,0,0
04/10/2018 03:00:00 AM,0,0,0
04/10/2018 04:00:00 AM,6,2,4
04/10/2018 05:00:00 AM,23,4,19
04/10/2018 06:00:00 AM,38,5,33
04/10/2018 07:00:00 AM,65,8,57
04/10/2018 08:00:00 AM,62,3,59
04/10/2018 09:00:00 AM,25,3,22
04/10/2018 10:00:00 AM,8,2,6
04/10/2018 11:00:00 AM,9,4,5
04/10/2018 12:00:00 PM,9,2,7
04/10/2018 01:00:00 PM,15,5,10
04/10/2018 02:00:00 PM,17,8,9
04/10/2018 03:00:00 PM,17,14,3
04/10/2018 04:00:00 PM,55,40,15
04/10/2018 05:00:00 PM,93,78,15
04/10/2018 06:00:00 PM,66,55,11
04/10/2018 07:00:00 PM,37,24,13
04/10/2018 08:00:00 PM,12,8,4
04/10/2018 09:00:00 PM,9,6,3
04/10/2018 10:00:00 PM,4,3,1
04/10/2018 11:00:00 PM,6,4,2
04/11/2018 12:00:00 AM,1,0,1
04/11/2018 01:00:00 AM,2,0,2
04/11/2018 02:00:00 AM,3,0,3
04/11/2018 03:00:00 AM,0,0,0
04/11/2018 04:00:00 AM,2,1,1
04/11/2018 05:00:00 AM,22,4,18
04/11/2018 06:00:00 AM,47,4,43
04/11/2018 07:00:00 AM,96,14,82
04/11/2018 08:00:00 AM,88,8,80
04/11/2018 09:00:00 AM,33,6,27
04/11/2018 10:00:00 AM,18,1,17
04/11/2018 11:00:00 AM,10,5,5
04/11/2018 12:00:00 PM,6,2,4
04/11/2018 01:00:00 PM,8,7,1
04/11/2018 02:00:00 PM,14,6,8
04/11/2018 03:00:00 PM,19,15,4
04/11/2018 04:00:00 PM,58,44,14
04/11/2018 05:00:00 PM,84,80,4
04/11/2018 06:00:00 PM,47,46,1
04/11/2018 07:00:00 PM,24,23,1
04/11/2018 08:00:00 PM,14,10,4
04/11/2018 09:00:00 PM,9,7,2
04/11/2018 10:00:00 PM,2,2,0
04/11/2018 11:00:00 PM,0,0,0
04/12/2018 12:00:00 AM,1,1,0
04/12/2018 01:00:00 AM,2,1,1
04/12/2018 02:00:00 AM,2,0,2
04/12/2018 03:00:00 AM,4,2,2
04/12/2018 04:00:00 AM,2,1,1
04/12/2018 05:00:00 AM,20,4,16
04/12/2018 06:00:00 AM,42,2,40
04/12/2018 07:00:00 AM,91,9,82
04/12/2018 08:00:00 AM,86,7,79
04/12/2018 09:00:00 AM,37,2,35
04/12/2018 10:00:00 AM,7,3,4
04/12/2018 11:00:00 AM,10,4,6
04/12/2018 12:00:00 PM,3,1,2
04/12/2018 01:00:00 PM,9,2,7
04/12/2018 02:00:00 PM,12,6,6
04/12/2018 03:00:00 PM,24,21,3
04/12/2018 04:00:00 PM,62,54,8
04/12/2018 05:00:00 PM,109,97,12
04/12/2018 06:00:00 PM,60,55,5
04/12/2018 07:00:00 PM,28,19,9
04/12/2018 08:00:00 PM,14,12,2
04/12/2018 09:00:00 PM,7,4,3
04/12/2018 10:00:00 PM,7,4,3
04/12/2018 11:00:00 PM,1,1,0
04/13/2018 12:00:00 AM,3,3,0
04/13/2018 01:00:00 AM,1,0,1
04/13/2018 02:00:00 AM,2,2,0
04/13/2018 03:00:00 AM,0,0,0
04/13/2018 04:00:00 AM,3,1,2
04/13/2018 05:00:00 AM,19,5,14
04/13/2018 06:00:00 AM,23,4,19
04/13/2018 07:00:00 AM,53,5,48
04/13/2018 08:00:00 AM,63,10,53
04/13/2018 09:00:00 AM,28,3,25
04/13/2018 10:00:00 AM,7,1,6
04/13/2018 11:00:00 AM,5,1,4
04/13/2018 12:00:00 PM,9,4,5
04/13/2018 01:00:00 PM,11,7,4
04/13/2018 02:00:00 PM,14,8,6
04/13/2018 03:00:00 PM,19,13,6
04/13/2018 04:00:00 PM,35,30,5
04/13/2018 05:00:00 PM,44,35,9
04/13/2018 06:00:00 PM,38,34,4
04/13/2018 07:00:00 PM,14,10,4
04/13/2018 08:00:00 PM,6,5,1
04/13/2018 09:00:00 PM,3,3,0
04/13/2018 10:00:00 PM,3,3,0
04/13/2018 11:00:00 PM,0,0,0
04/14/2018 12:00:00 AM,3,1,2
04/14/2018 01:00:00 AM,3,3,0
04/14/2018 02:00:00 AM,0,0,0
04/14/2018 03:00:00 AM,1,1,0
04/14/2018 04:00:00 AM,1,1,0
04/14/2018 05:00:00 AM,1,0,1
04/14/2018 06:00:00 AM,6,3,3
04/14/2018 07:00:00 AM,5,3,2
04/14/2018 08:00:00 AM,1,0,1
04/14/2018 09:00:00 AM,12,2,10
04/14/2018 10:00:00 AM,8,5,3
04/14/2018 11:00:00 AM,29,10,19
04/14/2018 12:00:00 PM,12,5,7
04/14/2018 01:00:00 PM,11,4,7
04/14/2018 02:00:00 PM,8,2,6
04/14/2018 03:00:00 PM,9,7,2
04/14/2018 04:00:00 PM,3,3,0
04/14/2018 05:00:00 PM,3,2,1
04/14/2018 06:00:00 PM,4,4,0
04/14/2018 07:00:00 PM,1,1,0
04/14/2018 08:00:00 PM,1,1,0
04/14/2018 09:00:00 PM,5,2,3
04/14/2018 10:00:00 PM,3,2,1
04/14/2018 11:00:00 PM,3,3,0
04/15/2018 12:00:00 AM,2,0,2
04/15/2018 01:00:00 AM,3,1,2
04/15/2018 02:00:00 AM,2,1,1
04/15/2018 03:00:00 AM,0,0,0
04/15/2018 04:00:00 AM,0,0,0
04/15/2018 05:00:00 AM,1,0,1
04/15/2018 06:00:00 AM,2,1,1
04/15/2018 07:00:00 AM,6,0,6
04/15/2018 08:00:00 AM,19,3,16
04/15/2018 09:00:00 AM,17,7,10
04/15/2018 10:00:00 AM,38,21,17
04/15/2018 11:00:00 AM,45,20,25
04/15/2018 12:00:00 PM,45,17,28
04/15/2018 01:00:00 PM,42,24,18
04/15/2018 02:00:00 PM,23,13,10
04/15/2018 03:00:00 PM,11,6,5
04/15/2018 04:00:00 PM,17,8,9
04/15/2018 05:00:00 PM,10,7,3
04/15/2018 06:00:00 PM,4,1,3
04/15/2018 07:00:00 PM,3,2,1
04/15/2018 08:00:00 PM,3,3,0
04/15/2018 09:00:00 PM,2,1,1
04/15/2018 10:00:00 PM,1,0,1
04/15/2018 11:00:00 PM,0,0,0
04/16/2018 12:00:00 AM,0,0,0
04/16/2018 01:00:00 AM,1,0,1
04/16/2018 02:00:00 AM,0,0,0
04/16/2018 03:00:00 AM,0,0,0
04/16/2018 04:00:00 AM,1,0,1
04/16/2018 05:00:00 AM,18,1,17
04/16/2018 06:00:00 AM,51,9,42
04/16/2018 07:00:00 AM,85,9,76
04/16/2018 08:00:00 AM,81,8,73
04/16/2018 09:00:00 AM,34,4,30
04/16/2018 10:00:00 AM,11,3,8
04/16/2018 11:00:00 AM,5,2,3
04/16/2018 12:00:00 PM,8,4,4
04/16/2018 01:00:00 PM,8,3,5
04/16/2018 02:00:00 PM,11,5,6
04/16/2018 03:00:00 PM,25,21,4
04/16/2018 04:00:00 PM,53,40,13
04/16/2018 05:00:00 PM,88,76,12
04/16/2018 06:00:00 PM,58,53,5
04/16/2018 07:00:00 PM,16,13,3
04/16/2018 08:00:00 PM,10,7,3
04/16/2018 09:00:00 PM,4,4,0
04/16/2018 10:00:00 PM,4,3,1
04/16/2018 11:00:00 PM,0,0,0
04/17/2018 12:00:00 AM,1,1,0
04/17/2018 01:00:00 AM,2,1,1
04/17/2018 02:00:00 AM,0,0,0
04/17/2018 03:00:00 AM,3,2,1
04/17/2018 04:00:00 AM,2,1,1
04/17/2018 05:00:00 AM,24,4,20
04/17/2018 06:00:00 AM,58,11,47
04/17/2018 07:00:00 AM,123,13,110
04/17/2018 08:00:00 AM,112,13,99
04/17/2018 09:00:00 AM,53,9,44
04/17/2018 10:00:00 AM,6,4,2
04/17/2018 11:00:00 AM,17,5,12
04/17/2018 12:00:00 PM,13,5,8
04/17/2018 01:00:00 PM,22,9,13
04/17/2018 02:00:00 PM,20,11,9
04/17/2018 03:00:00 PM,55,36,19
04/17/2018 04:00:00 PM,82,69,13
04/17/2018 05:00:00 PM,137,113,24
04/17/2018 06:00:00 PM,81,72,9
04/17/2018 07:00:00 PM,39,32,7
04/17/2018 08:00:00 PM,17,16,1
04/17/2018 09:00:00 PM,14,11,3
04/17/2018 10:00:00 PM,9,7,2
04/17/2018 11:00:00 PM,5,4,1
04/18/2018 12:00:00 AM,4,1,3
04/18/2018 01:00:00 AM,0,0,0
04/18/2018 02:00:00 AM,3,2,1
04/18/2018 03:00:00 AM,3,2,1
04/18/2018 04:00:00 AM,5,1,4
04/18/2018 05:00:00 AM,23,1,22
04/18/2018 06:00:00 AM,75,12,63
04/18/2018 07:00:00 AM,127,13,114
04/18/2018 08:00:00 AM,102,8,94
04/18/2018 09:00:00 AM,63,5,58
04/18/2018 10:00:00 AM,17,5,12
04/18/2018 11:00:00 AM,25,8,17
04/18/2018 12:00:00 PM,17,10,7
04/18/2018 01:00:00 PM,25,11,14
04/18/2018 02:00:00 PM,21,12,9
04/18/2018 03:00:00 PM,48,41,7
04/18/2018 04:00:00 PM,91,68,23
04/18/2018 05:00:00 PM,136,123,13
04/18/2018 06:00:00 PM,92,82,10
04/18/2018 07:00:00 PM,43,32,11
04/18/2018 08:00:00 PM,23,18,5
04/18/2018 09:00:00 PM,11,8,3
04/18/2018 10:00:00 PM,13,11,2
04/18/2018 11:00:00 PM,4,3,1
04/19/2018 12:00:00 AM,4,4,0
04/19/2018 01:00:00 AM,4,2,2
04/19/2018 02:00:00 AM,2,0,2
04/19/2018 03:00:00 AM,3,3,0
04/19/2018 04:00:00 AM,7,1,6
04/19/2018 05:00:00 AM,29,7,22
04/19/2018 06:00:00 AM,61,7,54
04/19/2018 07:00:00 AM,156,20,136
04/19/2018 08:00:00 AM,128,10,118
04/19/2018 09:00:00 AM,50,7,43
04/19/2018 10:00:00 AM,36,9,27
04/19/2018 11:00:00 AM,27,9,18
04/19/2018 12:00:00 PM,28,12,16
04/19/2018 01:00:00 PM,33,15,18
04/19/2018 02:00:00 PM,41,23,18
04/19/2018 03:00:00 PM,55,42,13
04/19/2018 04:00:00 PM,112,76,36
04/19/2018 05:00:00 PM,166,147,19
04/19/2018 06:00:00 PM,128,100,28
04/19/2018 07:00:00 PM,57,41,16
04/19/2018 08:00:00 PM,13,5,8
04/19/2018 09:00:00 PM,17,6,11
04/19/2018 10:00:00 PM,9,6,3
04/19/2018 11:00:00 PM,7,6,1
04/20/2018 12:00:00 AM,2,2,0
04/20/2018 01:00:00 AM,1,1,0
04/20/2018 02:00:00 AM,1,1,0
04/20/2018 03:00:00 AM,0,0,0
04/20/2018 04:00:00 AM,4,1,3
04/20/2018 05:00:00 AM,26,1,25
04/20/2018 06:00:00 AM,49,6,43
04/20/2018 07:00:00 AM,99,5,94
04/20/2018 08:00:00 AM,115,9,106
04/20/2018 09:00:00 AM,50,10,40
04/20/2018 10:00:00 AM,35,8,27
04/20/2018 11:00:00 AM,24,8,16
04/20/2018 12:00:00 PM,24,13,11
04/20/2018 01:00:00 PM,21,16,5
04/20/2018 02:00:00 PM,47,36,11
04/20/2018 03:00:00 PM,61,45,16
04/20/2018 04:00:00 PM,97,80,17
04/20/2018 05:00:00 PM,127,103,24
04/20/2018 06:00:00 PM,60,52,8
04/20/2018 07:00:00 PM,20,15,5
04/20/2018 08:00:00 PM,14,7,7
04/20/2018 09:00:00 PM,4,2,2
04/20/2018 10:00:00 PM,4,2,2
04/20/2018 11:00:00 PM,4,4,0
04/21/2018 12:00:00 AM,1,1,0
04/21/2018 01:00:00 AM,0,0,0
04/21/2018 02:00:00 AM,0,0,0
04/21/2018 03:00:00 AM,1,1,0
04/21/2018 04:00:00 AM,1,1,0
04/21/2018 05:00:00 AM,3,2,1
04/21/2018 06:00:00 AM,14,3,11
04/21/2018 07:00:00 AM,10,5,5
04/21/2018 08:00:00 AM,30,13,17
04/21/2018 09:00:00 AM,33,17,16
04/21/2018 10:00:00 AM,33,15,18
04/21/2018 11:00:00 AM,57,24,33
04/21/2018 12:00:00 PM,81,40,41
04/21/2018 01:00:00 PM,56,32,24
04/21/2018 02:00:00 PM,42,22,20
04/21/2018 03:00:00 PM,30,12,18
04/21/2018 04:00:00 PM,29,15,14
04/21/2018 05:00:00 PM,15,10,5
04/21/2018 06:00:00 PM,16,9,7
04/21/2018 07:00:00 PM,10,3,7
04/21/2018 08:00:00 PM,11,9,2
04/21/2018 09:00:00 PM,4,4,0
04/21/2018 10:00:00 PM,10,5,5
04/21/2018 11:00:00 PM,5,4,1
04/22/2018 12:00:00 AM,2,2,0
04/22/2018 01:00:00 AM,6,2,4
04/22/2018 02:00:00 AM,1,1,0
04/22/2018 03:00:00 AM,0,0,0
04/22/2018 04:00:00 AM,2,1,1
04/22/2018 05:00:00 AM,8,2,6
04/22/2018 06:00:00 AM,11,5,6
04/22/2018 07:00:00 AM,28,20,8
04/22/2018 08:00:00 AM,39,16,23
04/22/2018 09:00:00 AM,32,14,18
04/22/2018 10:00:00 AM,52,17,35
04/22/2018 11:00:00 AM,35,24,11
04/22/2018 12:00:00 PM,60,29,31
04/22/2018 01:00:00 PM,68,29,39
04/22/2018 02:00:00 PM,76,45,31
04/22/2018 03:00:00 PM,89,51,38
04/22/2018 04:00:00 PM,70,33,37
04/22/2018 05:00:00 PM,46,19,27
04/22/2018 06:00:00 PM,21,8,13
04/22/2018 07:00:00 PM,15,8,7
04/22/2018 08:00:00 PM,12,7,5
04/22/2018 09:00:00 PM,8,6,2
04/22/2018 10:00:00 PM,5,3,2
04/22/2018 11:00:00 PM,4,2,2
04/23/2018 12:00:00 AM,2,2,0
04/23/2018 01:00:00 AM,2,0,2
04/23/2018 02:00:00 AM,4,4,0
04/23/2018 03:00:00 AM,0,0,0
04/23/2018 04:00:00 AM,7,1,6
04/23/2018 05:00:00 AM,29,2,27
04/23/2018 06:00:00 AM,87,13,74
04/23/2018 07:00:00 AM,180,20,160
04/23/2018 08:00:00 AM,153,15,138
04/23/2018 09:00:00 AM,72,8,64
04/23/2018 10:00:00 AM,31,14,17
04/23/2018 11:00:00 AM,16,5,11
04/23/2018 12:00:00 PM,31,19,12
04/23/2018 01:00:00 PM,33,20,13
04/23/2018 02:00:00 PM,29,18,11
04/23/2018 03:00:00 PM,55,41,14
04/23/2018 04:00:00 PM,136,110,26
04/23/2018 05:00:00 PM,197,170,27
04/23/2018 06:00:00 PM,123,107,16
04/23/2018 07:00:00 PM,37,29,8
04/23/2018 08:00:00 PM,27,18,9
04/23/2018 09:00:00 PM,11,6,5
04/23/2018 10:00:00 PM,2,0,2
04/23/2018 11:00:00 PM,3,2,1
04/24/2018 12:00:00 AM,0,0,0
04/24/2018 01:00:00 AM,3,2,1
04/24/2018 02:00:00 AM,2,0,2
04/24/2018 03:00:00 AM,2,1,1
04/24/2018 04:00:00 AM,8,3,5
04/24/2018 05:00:00 AM,37,4,33
04/24/2018 06:00:00 AM,105,16,89
04/24/2018 07:00:00 AM,188,19,169
04/24/2018 08:00:00 AM,162,21,141
04/24/2018 09:00:00 AM,56,13,43
04/24/2018 10:00:00 AM,25,6,19
04/24/2018 11:00:00 AM,34,18,16
04/24/2018 12:00:00 PM,17,12,5
04/24/2018 01:00:00 PM,40,28,12
04/24/2018 02:00:00 PM,44,27,17
04/24/2018 03:00:00 PM,83,54,29
04/24/2018 04:00:00 PM,155,118,37
04/24/2018 05:00:00 PM,214,185,29
04/24/2018 06:00:00 PM,145,122,23
04/24/2018 07:00:00 PM,69,56,13
04/24/2018 08:00:00 PM,34,18,16
04/24/2018 09:00:00 PM,21,14,7
04/24/2018 10:00:00 PM,12,8,4
04/24/2018 11:00:00 PM,3,3,0
04/25/2018 12:00:00 AM,0,0,0
04/25/2018 01:00:00 AM,3,2,1
04/25/2018 02:00:00 AM,1,1,0
04/25/2018 03:00:00 AM,0,0,0
04/25/2018 04:00:00 AM,4,1,3
04/25/2018 05:00:00 AM,45,9,36
04/25/2018 06:00:00 AM,97,14,83
04/25/2018 07:00:00 AM,201,24,177
04/25/2018 08:00:00 AM,163,20,143
04/25/2018 09:00:00 AM,60,10,50
04/25/2018 10:00:00 AM,33,10,23
04/25/2018 11:00:00 AM,33,10,23
04/25/2018 12:00:00 PM,31,16,15
04/25/2018 01:00:00 PM,31,11,20
04/25/2018 02:00:00 PM,50,28,22
04/25/2018 03:00:00 PM,71,53,18
04/25/2018 04:00:00 PM,166,134,32
04/25/2018 05:00:00 PM,214,185,29
04/25/2018 06:00:00 PM,137,112,25
04/25/2018 07:00:00 PM,76,63,13
04/25/2018 08:00:00 PM,23,17,6
04/25/2018 09:00:00 PM,22,15,7
04/25/2018 10:00:00 PM,13,8,5
04/25/2018 11:00:00 PM,6,3,3
04/26/2018 12:00:00 AM,6,3,3
04/26/2018 01:00:00 AM,8,4,4
04/26/2018 02:00:00 AM,1,1,0
04/26/2018 03:00:00 AM,2,2,0
04/26/2018 04:00:00 AM,8,2,6
04/26/2018 05:00:00 AM,38,3,35
04/26/2018 06:00:00 AM,109,18,91
04/26/2018 07:00:00 AM,175,22,153
04/26/2018 08:00:00 AM,164,11,153
04/26/2018 09:00:00 AM,81,17,64
04/26/2018 10:00:00 AM,27,6,21
04/26/2018 11:00:00 AM,30,10,20
04/26/2018 12:00:00 PM,35,20,15
04/26/2018 01:00:00 PM,33,17,16
04/26/2018 02:00:00 PM,39,27,12
04/26/2018 03:00:00 PM,89,70,19
04/26/2018 04:00:00 PM,155,123,32
04/26/2018 05:00:00 PM,228,192,36
04/26/2018 06:00:00 PM,157,122,35
04/26/2018 07:00:00 PM,67,40,27
04/26/2018 08:00:00 PM,34,24,10
04/26/2018 09:00:00 PM,16,8,8
04/26/2018 10:00:00 PM,6,4,2
04/26/2018 11:00:00 PM,9,5,4
04/27/2018 12:00:00 AM,8,6,2
04/27/2018 01:00:00 AM,4,2,2
04/27/2018 02:00:00 AM,3,3,0
04/27/2018 03:00:00 AM,1,1,0
04/27/2018 04:00:00 AM,7,1,6
04/27/2018 05:00:00 AM,26,6,20
04/27/2018 06:00:00 AM,60,9,51
04/27/2018 07:00:00 AM,125,13,112
04/27/2018 08:00:00 AM,112,11,101
04/27/2018 09:00:00 AM,44,4,40
04/27/2018 10:00:00 AM,21,8,13
04/27/2018 11:00:00 AM,20,8,12
04/27/2018 12:00:00 PM,22,10,12
04/27/2018 01:00:00 PM,16,12,4
04/27/2018 02:00:00 PM,28,16,12
04/27/2018 03:00:00 PM,61,47,14
04/27/2018 04:00:00 PM,99,80,19
04/27/2018 05:00:00 PM,123,104,19
04/27/2018 06:00:00 PM,80,74,6
04/27/2018 07:00:00 PM,39,30,9
04/27/2018 08:00:00 PM,11,7,4
04/27/2018 09:00:00 PM,5,4,1
04/27/2018 10:00:00 PM,5,1,4
04/27/2018 11:00:00 PM,3,1,2
04/28/2018 12:00:00 AM,3,3,0
04/28/2018 01:00:00 AM,6,5,1
04/28/2018 02:00:00 AM,0,0,0
04/28/2018 03:00:00 AM,2,2,0
04/28/2018 04:00:00 AM,0,0,0
04/28/2018 05:00:00 AM,0,0,0
04/28/2018 06:00:00 AM,2,0,2
04/28/2018 07:00:00 AM,1,0,1
04/28/2018 08:00:00 AM,5,2,3
04/28/2018 09:00:00 AM,12,10,2
04/28/2018 10:00:00 AM,9,2,7
04/28/2018 11:00:00 AM,4,2,2
04/28/2018 12:00:00 PM,10,3,7
04/28/2018 01:00:00 PM,16,5,11
04/28/2018 02:00:00 PM,19,3,16
04/28/2018 03:00:00 PM,22,15,7
04/28/2018 04:00:00 PM,15,7,8
04/28/2018 05:00:00 PM,10,5,5
04/28/2018 06:00:00 PM,5,3,2
04/28/2018 07:00:00 PM,8,5,3
04/28/2018 08:00:00 PM,1,1,0
04/28/2018 09:00:00 PM,2,1,1
04/28/2018 10:00:00 PM,4,2,2
04/28/2018 11:00:00 PM,1,0,1
04/29/2018 12:00:00 AM,1,1,0
04/29/2018 01:00:00 AM,2,2,0
04/29/2018 02:00:00 AM,2,2,0
04/29/2018 03:00:00 AM,1,1,0
04/29/2018 04:00:00 AM,1,0,1
04/29/2018 05:00:00 AM,2,1,1
04/29/2018 06:00:00 AM,5,1,4
04/29/2018 07:00:00 AM,9,2,7
04/29/2018 08:00:00 AM,20,10,10
04/29/2018 09:00:00 AM,33,14,19
04/29/2018 10:00:00 AM,48,26,22
04/29/2018 11:00:00 AM,17,7,10
04/29/2018 12:00:00 PM,20,9,11
04/29/2018 01:00:00 PM,44,19,25
04/29/2018 02:00:00 PM,41,23,18
04/29/2018 03:00:00 PM,26,10,16
04/29/2018 04:00:00 PM,46,29,17
04/29/2018 05:00:00 PM,23,12,11
04/29/2018 06:00:00 PM,12,7,5
04/29/2018 07:00:00 PM,12,8,4
04/29/2018 08:00:00 PM,10,8,2
04/29/2018 09:00:00 PM,6,2,4
04/29/2018 10:00:00 PM,3,1,2
04/29/2018 11:00:00 PM,2,2,0
04/30/2018 12:00:00 AM,1,1,0
04/30/2018 01:00:00 AM,1,1,0
04/30/2018 02:00:00 AM,0,0,0
04/30/2018 03:00:00 AM,0,0,0
04/30/2018 04:00:00 AM,4,0,4
04/30/2018 05:00:00 AM,18,1,17
04/30/2018 06:00:00 AM,90,13,77
04/30/2018 07:00:00 AM,122,15,107
04/30/2018 08:00:00 AM,134,9,125
04/30/2018 09:00:00 AM,49,5,44
04/30/2018 10:00:00 AM,22,5,17
04/30/2018 11:00:00 AM,14,8,6
04/30/2018 12:00:00 PM,14,7,7
04/30/2018 01:00:00 PM,17,8,9
04/30/2018 02:00:00 PM,21,8,13
04/30/2018 03:00:00 PM,47,42,5
04/30/2018 04:00:00 PM,101,79,22
04/30/2018 05:00:00 PM,146,131,15
04/30/2018 06:00:00 PM,98,84,14
04/30/2018 07:00:00 PM,35,30,5
04/30/2018 08:00:00 PM,23,15,8
04/30/2018 09:00:00 PM,10,2,8
04/30/2018 10:00:00 PM,6,6,0
04/30/2018 11:00:00 PM,2,1,1
05/01/2018 12:00:00 AM,2,1,1
05/01/2018 01:00:00 AM,1,0,1
05/01/2018 02:00:00 AM,1,1,0
05/01/2018 03:00:00 AM,2,2,0
05/01/2018 04:00:00 AM,6,2,4
05/01/2018 05:00:00 AM,37,3,34
05/01/2018 06:00:00 AM,103,16,87
05/01/2018 07:00:00 AM,181,18,163
05/01/2018 08:00:00 AM,185,12,173
05/01/2018 09:00:00 AM,54,4,50
05/01/2018 10:00:00 AM,17,3,14
05/01/2018 11:00:00 AM,25,10,15
05/01/2018 12:00:00 PM,26,11,15
05/01/2018 01:00:00 PM,32,17,15
05/01/2018 02:00:00 PM,32,27,5
05/01/2018 03:00:00 PM,81,59,22
05/01/2018 04:00:00 PM,138,114,24
05/01/2018 05:00:00 PM,247,214,33
05/01/2018 06:00:00 PM,120,103,17
05/01/2018 07:00:00 PM,55,50,5
05/01/2018 08:00:00 PM,34,25,9
05/01/2018 09:00:00 PM,17,13,4
05/01/2018 10:00:00 PM,13,6,7
05/01/2018 11:00:00 PM,5,4,1
05/02/2018 12:00:00 AM,3,3,0
05/02/2018 01:00:00 AM,0,0,0
05/02/2018 02:00:00 AM,4,1,3
05/02/2018 03:00:00 AM,1,1,0
05/02/2018 04:00:00 AM,9,2,7
05/02/2018 05:00:00 AM,36,3,33
05/02/2018 06:00:00 AM,121,18,103
05/02/2018 07:00:00 AM,201,25,176
05/02/2018 08:00:00 AM,192,24,168
05/02/2018 09:00:00 AM,67,12,55
05/02/2018 10:00:00 AM,34,5,29
05/02/2018 11:00:00 AM,24,6,18
05/02/2018 12:00:00 PM,26,7,19
05/02/2018 01:00:00 PM,32,16,16
05/02/2018 02:00:00 PM,31,19,12
05/02/2018 03:00:00 PM,88,64,24
05/02/2018 04:00:00 PM,164,126,38
05/02/2018 05:00:00 PM,230,198,32
05/02/2018 06:00:00 PM,142,121,21
05/02/2018 07:00:00 PM,59,49,10
05/02/2018 08:00:00 PM,32,26,6
05/02/2018 09:00:00 PM,25,20,5
05/02/2018 10:00:00 PM,10,8,2
05/02/2018 11:00:00 PM,6,6,0
05/03/2018 12:00:00 AM,2,0,2
05/03/2018 01:00:00 AM,1,1,0
05/03/2018 02:00:00 AM,0,0,0
05/03/2018 03:00:00 AM,2,2,0
05/03/2018 04:00:00 AM,6,1,5
05/03/2018 05:00:00 AM,40,3,37
05/03/2018 06:00:00 AM,103,17,86
05/03/2018 07:00:00 AM,188,14,174
05/03/2018 08:00:00 AM,196,12,184
05/03/2018 09:00:00 AM,67,11,56
05/03/2018 10:00:00 AM,41,7,34
05/03/2018 11:00:00 AM,32,13,19
05/03/2018 12:00:00 PM,20,10,10
05/03/2018 01:00:00 PM,43,25,18
05/03/2018 02:00:00 PM,47,27,20
05/03/2018 03:00:00 PM,82,66,16
05/03/2018 04:00:00 PM,147,113,34
05/03/2018 05:00:00 PM,246,206,40
05/03/2018 06:00:00 PM,170,141,29
05/03/2018 07:00:00 PM,57,38,19
05/03/2018 08:00:00 PM,20,18,2
05/03/2018 09:00:00 PM,16,10,6
05/03/2018 10:00:00 PM,9,6,3
05/03/2018 11:00:00 PM,9,8,1
05/04/2018 12:00:00 AM,2,2,0
05/04/2018 01:00:00 AM,0,0,0
05/04/2018 02:00:00 AM,0,0,0
05/04/2018 03:00:00 AM,0,0,0
05/04/2018 04:00:00 AM,4,1,3
05/04/2018 05:00:00 AM,18,2,16
05/04/2018 06:00:00 AM,98,13,85
05/04/2018 07:00:00 AM,127,11,116
05/04/2018 08:00:00 AM,132,12,120
05/04/2018 09:00:00 AM,40,8,32
05/04/2018 10:00:00 AM,26,10,16
05/04/2018 11:00:00 AM,21,5,16
05/04/2018 12:00:00 PM,28,14,14
05/04/2018 01:00:00 PM,33,21,12
05/04/2018 02:00:00 PM,33,14,19
05/04/2018 03:00:00 PM,75,60,15
05/04/2018 04:00:00 PM,124,88,36
05/04/2018 05:00:00 PM,198,166,32
05/04/2018 06:00:00 PM,106,85,21
05/04/2018 07:00:00 PM,56,40,16
05/04/2018 08:00:00 PM,16,9,7
05/04/2018 09:00:00 PM,13,9,4
05/04/2018 10:00:00 PM,8,6,2
05/04/2018 11:00:00 PM,5,1,4
05/05/2018 12:00:00 AM,15,13,2
05/05/2018 01:00:00 AM,5,4,1
05/05/2018 02:00:00 AM,7,4,3
05/05/2018 03:00:00 AM,2,2,0
05/05/2018 04:00:00 AM,4,3,1
05/05/2018 05:00:00 AM,2,1,1
05/05/2018 06:00:00 AM,14,2,12
05/05/2018 07:00:00 AM,24,7,17
05/05/2018 08:00:00 AM,36,12,24
05/05/2018 09:00:00 AM,51,27,24
05/05/2018 10:00:00 AM,49,20,29
05/05/2018 11:00:00 AM,73,33,40
05/05/2018 12:00:00 PM,84,31,53
05/05/2018 01:00:00 PM,62,36,26
05/05/2018 02:00:00 PM,71,43,28
05/05/2018 03:00:00 PM,68,39,29
05/05/2018 04:00:00 PM,67,40,27
05/05/2018 05:00:00 PM,40,23,17
05/05/2018 06:00:00 PM,36,25,11
05/05/2018 07:00:00 PM,11,9,2
05/05/2018 08:00:00 PM,15,8,7
05/05/2018 09:00:00 PM,4,3,1
05/05/2018 10:00:00 PM,7,6,1
05/05/2018 11:00:00 PM,4,1,3
05/06/2018 12:00:00 AM,7,6,1
05/06/2018 01:00:00 AM,0,0,0
05/06/2018 02:00:00 AM,5,5,0
05/06/2018 03:00:00 AM,3,1,2
05/06/2018 04:00:00 AM,2,1,1
05/06/2018 05:00:00 AM,4,0,4
05/06/2018 06:00:00 AM,8,3,5
05/06/2018 07:00:00 AM,9,3,6
05/06/2018 08:00:00 AM,30,7,23
05/06/2018 09:00:00 AM,52,26,26
05/06/2018 10:00:00 AM,80,35,45
05/06/2018 11:00:00 AM,84,41,43
05/06/2018 12:00:00 PM,95,48,47
05/06/2018 01:00:00 PM,85,48,37
05/06/2018 02:00:00 PM,107,48,59
05/06/2018 03:00:00 PM,76,46,30
05/06/2018 04:00:00 PM,78,43,35
05/06/2018 05:00:00 PM,51,27,24
05/06/2018 06:00:00 PM,35,21,14
05/06/2018 07:00:00 PM,25,12,13
05/06/2018 08:00:00 PM,22,18,4
05/06/2018 09:00:00 PM,8,4,4
05/06/2018 10:00:00 PM,4,1,3
05/06/2018 11:00:00 PM,3,1,2
05/07/2018 12:00:00 AM,5,3,2
05/07/2018 01:00:00 AM,1,0,1
05/07/2018 02:00:00 AM,4,3,1
05/07/2018 03:00:00 AM,0,0,0
05/07/2018 04:00:00 AM,11,2,9
05/07/2018 05:00:00 AM,25,4,21
05/07/2018 06:00:00 AM,95,14,81
05/07/2018 07:00:00 AM,189,24,165
05/07/2018 08:00:00 AM,191,15,176
05/07/2018 09:00:00 AM,58,4,54
05/07/2018 10:00:00 AM,25,6,19
05/07/2018 11:00:00 AM,18,3,15
05/07/2018 12:00:00 PM,25,18,7
05/07/2018 01:00:00 PM,25,10,15
05/07/2018 02:00:00 PM,26,16,10
05/07/2018 03:00:00 PM,61,47,14
05/07/2018 04:00:00 PM,165,134,31
05/07/2018 05:00:00 PM,254,221,33
05/07/2018 06:00:00 PM,129,107,22
05/07/2018 07:00:00 PM,68,57,11
05/07/2018 08:00:00 PM,30,14,16
05/07/2018 09:00:00 PM,22,14,8
05/07/2018 10:00:00 PM,8,4,4
05/07/2018 11:00:00 PM,1,1,0
05/08/2018 12:00:00 AM,3,2,1
05/08/2018 01:00:00 AM,1,0,1
05/08/2018 02:00:00 AM,2,1,1
05/08/2018 03:00:00 AM,1,1,0
05/08/2018 04:00:00 AM,6,2,4
05/08/2018 05:00:00 AM,33,4,29
05/08/2018 06:00:00 AM,133,18,115
05/08/2018 07:00:00 AM,205,23,182
05/08/2018 08:00:00 AM,189,18,171
05/08/2018 09:00:00 AM,63,8,55
05/08/2018 10:00:00 AM,36,13,23
05/08/2018 11:00:00 AM,29,13,16
05/08/2018 12:00:00 PM,26,15,11
05/08/2018 01:00:00 PM,44,28,16
05/08/2018 02:00:00 PM,40,23,17
05/08/2018 03:00:00 PM,75,56,19
05/08/2018 04:00:00 PM,147,118,29
05/08/2018 05:00:00 PM,237,202,35
05/08/2018 06:00:00 PM,115,104,11
05/08/2018 07:00:00 PM,38,35,3
05/08/2018 08:00:00 PM,17,15,2
05/08/2018 09:00:00 PM,17,15,2
05/08/2018 10:00:00 PM,10,7,3
05/08/2018 11:00:00 PM,2,1,1
05/09/2018 12:00:00 AM,0,0,0
05/09/2018 01:00:00 AM,3,2,1
05/09/2018 02:00:00 AM,0,0,0
05/09/2018 03:00:00 AM,0,0,0
05/09/2018 04:00:00 AM,6,1,5
05/09/2018 05:00:00 AM,22,3,19
05/09/2018 06:00:00 AM,101,19,82
05/09/2018 07:00:00 AM,143,18,125
05/09/2018 08:00:00 AM,165,19,146
05/09/2018 09:00:00 AM,58,11,47
05/09/2018 10:00:00 AM,27,5,22
05/09/2018 11:00:00 AM,20,5,15
05/09/2018 12:00:00 PM,24,10,14
05/09/2018 01:00:00 PM,17,9,8
05/09/2018 02:00:00 PM,38,21,17
05/09/2018 03:00:00 PM,62,47,15
05/09/2018 04:00:00 PM,146,112,34
05/09/2018 05:00:00 PM,176,154,22
05/09/2018 06:00:00 PM,120,102,18
05/09/2018 07:00:00 PM,64,54,10
05/09/2018 08:00:00 PM,32,23,9
05/09/2018 09:00:00 PM,14,11,3
05/09/2018 10:00:00 PM,11,5,6
05/09/2018 11:00:00 PM,7,5,2
05/10/2018 12:00:00 AM,3,1,2
05/10/2018 01:00:00 AM,1,0,1
05/10/2018 02:00:00 AM,2,1,1
05/10/2018 03:00:00 AM,5,2,3
05/10/2018 04:00:00 AM,6,2,4
05/10/2018 05:00:00 AM,32,6,26
05/10/2018 06:00:00 AM,77,11,66
05/10/2018 07:00:00 AM,132,10,122
05/10/2018 08:00:00 AM,131,11,120
05/10/2018 09:00:00 AM,41,5,36
05/10/2018 10:00:00 AM,25,8,17
05/10/2018 11:00:00 AM,18,8,10
05/10/2018 12:00:00 PM,15,6,9
05/10/2018 01:00:00 PM,19,14,5
05/10/2018 02:00:00 PM,19,14,5
05/10/2018 03:00:00 PM,44,30,14
05/10/2018 04:00:00 PM,93,79,14
05/10/2018 05:00:00 PM,152,137,15
05/10/2018 06:00:00 PM,94,78,16
05/10/2018 07:00:00 PM,45,38,7
05/10/2018 08:00:00 PM,30,18,12
05/10/2018 09:00:00 PM,14,11,3
05/10/2018 10:00:00 PM,5,5,0
05/10/2018 11:00:00 PM,9,6,3
05/11/2018 12:00:00 AM,3,2,1
05/11/2018 01:00:00 AM,3,3,0
05/11/2018 02:00:00 AM,2,0,2
05/11/2018 03:00:00 AM,2,1,1
05/11/2018 04:00:00 AM,5,2,3
05/11/2018 05:00:00 AM,27,5,22
05/11/2018 06:00:00 AM,89,11,78
05/11/2018 07:00:00 AM,135,10,125
05/11/2018 08:00:00 AM,142,18,124
05/11/2018 09:00:00 AM,70,11,59
05/11/2018 10:00:00 AM,25,11,14
05/11/2018 11:00:00 AM,29,9,20
05/11/2018 12:00:00 PM,32,19,13
05/11/2018 01:00:00 PM,29,24,5
05/11/2018 02:00:00 PM,36,20,16
05/11/2018 03:00:00 PM,91,62,29
05/11/2018 04:00:00 PM,134,102,32
05/11/2018 05:00:00 PM,172,146,26
05/11/2018 06:00:00 PM,120,99,21
05/11/2018 07:00:00 PM,50,34,16
05/11/2018 08:00:00 PM,33,19,14
05/11/2018 09:00:00 PM,11,6,5
05/11/2018 10:00:00 PM,8,5,3
05/11/2018 11:00:00 PM,6,4,2
05/12/2018 12:00:00 AM,4,4,0
05/12/2018 01:00:00 AM,2,1,1
05/12/2018 02:00:00 AM,1,1,0
05/12/2018 03:00:00 AM,3,2,1
05/12/2018 04:00:00 AM,3,2,1
05/12/2018 05:00:00 AM,4,1,3
05/12/2018 06:00:00 AM,18,6,12
05/12/2018 07:00:00 AM,24,14,10
05/12/2018 08:00:00 AM,42,17,25
05/12/2018 09:00:00 AM,60,32,28
05/12/2018 10:00:00 AM,79,46,33
05/12/2018 11:00:00 AM,74,43,31
05/12/2018 12:00:00 PM,109,41,68
05/12/2018 01:00:00 PM,100,38,62
05/12/2018 02:00:00 PM,89,55,34
05/12/2018 03:00:00 PM,90,43,47
05/12/2018 04:00:00 PM,84,39,45
05/12/2018 05:00:00 PM,59,28,31
05/12/2018 06:00:00 PM,32,18,14
05/12/2018 07:00:00 PM,30,11,19
05/12/2018 08:00:00 PM,20,12,8
05/12/2018 09:00:00 PM,7,4,3
05/12/2018 10:00:00 PM,4,2,2
05/12/2018 11:00:00 PM,11,3,8
05/13/2018 12:00:00 AM,5,5,0
05/13/2018 01:00:00 AM,3,1,2
05/13/2018 02:00:00 AM,3,2,1
05/13/2018 03:00:00 AM,3,3,0
05/13/2018 04:00:00 AM,2,1,1
05/13/2018 05:00:00 AM,7,4,3
05/13/2018 06:00:00 AM,11,3,8
05/13/2018 07:00:00 AM,19,4,15
05/13/2018 08:00:00 AM,31,16,15
05/13/2018 09:00:00 AM,56,22,34
05/13/2018 10:00:00 AM,61,35,26
05/13/2018 11:00:00 AM,87,43,44
05/13/2018 12:00:00 PM,85,41,44
05/13/2018 01:00:00 PM,80,44,36
05/13/2018 02:00:00 PM,76,35,41
05/13/2018 03:00:00 PM,64,27,37
05/13/2018 04:00:00 PM,66,41,25
05/13/2018 05:00:00 PM,46,30,16
05/13/2018 06:00:00 PM,51,25,26
05/13/2018 07:00:00 PM,36,24,12
05/13/2018 08:00:00 PM,19,7,12
05/13/2018 09:00:00 PM,22,14,8
05/13/2018 10:00:00 PM,2,1,1
05/13/2018 11:00:00 PM,5,3,2
05/14/2018 12:00:00 AM,1,1,0
05/14/2018 01:00:00 AM,2,1,1
05/14/2018 02:00:00 AM,2,0,2
05/14/2018 03:00:00 AM,2,1,1
05/14/2018 04:00:00 AM,10,1,9
05/14/2018 05:00:00 AM,41,13,28
05/14/2018 06:00:00 AM,102,10,92
05/14/2018 07:00:00 AM,211,13,198
05/14/2018 08:00:00 AM,206,12,194
05/14/2018 09:00:00 AM,85,14,71
05/14/2018 10:00:00 AM,30,9,21
05/14/2018 11:00:00 AM,23,10,13
05/14/2018 12:00:00 PM,23,16,7
05/14/2018 01:00:00 PM,33,21,12
05/14/2018 02:00:00 PM,35,17,18
05/14/2018 03:00:00 PM,79,61,18
05/14/2018 04:00:00 PM,158,117,41
05/14/2018 05:00:00 PM,241,208,33
05/14/2018 06:00:00 PM,157,131,26
05/14/2018 07:00:00 PM,76,61,15
05/14/2018 08:00:00 PM,47,26,21
05/14/2018 09:00:00 PM,17,12,5
05/14/2018 10:00:00 PM,13,7,6
05/14/2018 11:00:00 PM,2,2,0
05/15/2018 12:00:00 AM,2,2,0
05/15/2018 01:00:00 AM,0,0,0
05/15/2018 02:00:00 AM,0,0,0
05/15/2018 03:00:00 AM,2,2,0
05/15/2018 04:00:00 AM,11,1,10
05/15/2018 05:00:00 AM,36,4,32
05/15/2018 06:00:00 AM,129,26,103
05/15/2018 07:00:00 AM,219,22,197
05/15/2018 08:00:00 AM,201,20,181
05/15/2018 09:00:00 AM,64,7,57
05/15/2018 10:00:00 AM,19,8,11
05/15/2018 11:00:00 AM,27,6,21
05/15/2018 12:00:00 PM,26,10,16
05/15/2018 01:00:00 PM,40,24,16
05/15/2018 02:00:00 PM,35,19,16
05/15/2018 03:00:00 PM,66,54,12
05/15/2018 04:00:00 PM,146,122,24
05/15/2018 05:00:00 PM,263,232,31
05/15/2018 06:00:00 PM,165,138,27
05/15/2018 07:00:00 PM,67,50,17
05/15/2018 08:00:00 PM,41,32,9
05/15/2018 09:00:00 PM,19,14,5
05/15/2018 10:00:00 PM,11,9,2
05/15/2018 11:00:00 PM,4,2,2
05/16/2018 12:00:00 AM,1,1,0
05/16/2018 01:00:00 AM,0,0,0
05/16/2018 02:00:00 AM,2,2,0
05/16/2018 03:00:00 AM,0,0,0
05/16/2018 04:00:00 AM,2,0,2
05/16/2018 05:00:00 AM,35,6,29
05/16/2018 06:00:00 AM,97,9,88
05/16/2018 07:00:00 AM,199,16,183
05/16/2018 08:00:00 AM,193,15,178
05/16/2018 09:00:00 AM,58,7,51
05/16/2018 10:00:00 AM,29,10,19
05/16/2018 11:00:00 AM,25,11,14
05/16/2018 12:00:00 PM,32,12,20
05/16/2018 01:00:00 PM,31,9,22
05/16/2018 02:00:00 PM,31,17,14
05/16/2018 03:00:00 PM,69,53,16
05/16/2018 04:00:00 PM,149,130,19
05/16/2018 05:00:00 PM,235,200,35
05/16/2018 06:00:00 PM,145,122,23
05/16/2018 07:00:00 PM,73,51,22
05/16/2018 08:00:00 PM,43,29,14
05/16/2018 09:00:00 PM,17,12,5
05/16/2018 10:00:00 PM,7,6,1
05/16/2018 11:00:00 PM,6,3,3
05/17/2018 12:00:00 AM,2,1,1
05/17/2018 01:00:00 AM,1,0,1
05/17/2018 02:00:00 AM,1,1,0
05/17/2018 03:00:00 AM,1,1,0
05/17/2018 04:00:00 AM,9,4,5
05/17/2018 05:00:00 AM,39,5,34
05/17/2018 06:00:00 AM,85,12,73
05/17/2018 07:00:00 AM,186,13,173
05/17/2018 08:00:00 AM,183,16,167
05/17/2018 09:00:00 AM,57,8,49
05/17/2018 10:00:00 AM,32,7,25
05/17/2018 11:00:00 AM,16,10,6
05/17/2018 12:00:00 PM,26,9,17
05/17/2018 01:00:00 PM,26,15,11
05/17/2018 02:00:00 PM,46,26,20
05/17/2018 03:00:00 PM,69,55,14
05/17/2018 04:00:00 PM,134,102,32
05/17/2018 05:00:00 PM,209,190,19
05/17/2018 06:00:00 PM,146,123,23
05/17/2018 07:00:00 PM,70,49,21
05/17/2018 08:00:00 PM,36,23,13
05/17/2018 09:00:00 PM,21,17,4
05/17/2018 10:00:00 PM,16,11,5
05/17/2018 11:00:00 PM,5,4,1
05/18/2018 12:00:00 AM,5,5,0
05/18/2018 01:00:00 AM,1,0,1
05/18/2018 02:00:00 AM,0,0,0
05/18/2018 03:00:00 AM,0,0,0
05/18/2018 04:00:00 AM,7,2,5
05/18/2018 05:00:00 AM,35,5,30
05/18/2018 06:00:00 AM,109,14,95
05/18/2018 07:00:00 AM,209,24,185
05/18/2018 08:00:00 AM,192,18,174
05/18/2018 09:00:00 AM,69,17,52
05/18/2018 10:00:00 AM,35,11,24
05/18/2018 11:00:00 AM,25,14,11
05/18/2018 12:00:00 PM,39,29,10
05/18/2018 01:00:00 PM,56,24,32
05/18/2018 02:00:00 PM,30,21,9
05/18/2018 03:00:00 PM,67,52,15
05/18/2018 04:00:00 PM,145,123,22
05/18/2018 05:00:00 PM,176,160,16
05/18/2018 06:00:00 PM,121,97,24
05/18/2018 07:00:00 PM,48,35,13
05/18/2018 08:00:00 PM,16,13,3
05/18/2018 09:00:00 PM,14,9,5
05/18/2018 10:00:00 PM,11,7,4
05/18/2018 11:00:00 PM,3,2,1
05/19/2018 12:00:00 AM,9,5,4
05/19/2018 01:00:00 AM,5,4,1
05/19/2018 02:00:00 AM,4,3,1
05/19/2018 03:00:00 AM,2,1,1
05/19/2018 04:00:00 AM,1,0,1
05/19/2018 05:00:00 AM,7,2,5
05/19/2018 06:00:00 AM,13,4,9
05/19/2018 07:00:00 AM,15,5,10
05/19/2018 08:00:00 AM,44,27,17
05/19/2018 09:00:00 AM,35,14,21
05/19/2018 10:00:00 AM,59,30,29
05/19/2018 11:00:00 AM,70,14,56
05/19/2018 12:00:00 PM,72,25,47
05/19/2018 01:00:00 PM,70,41,29
05/19/2018 02:00:00 PM,70,44,26
05/19/2018 03:00:00 PM,67,34,33
05/19/2018 04:00:00 PM,60,35,25
05/19/2018 05:00:00 PM,32,19,13
05/19/2018 06:00:00 PM,31,16,15
05/19/2018 07:00:00 PM,15,13,2
05/19/2018 08:00:00 PM,2,2,0
05/19/2018 09:00:00 PM,16,9,7
05/19/2018 10:00:00 PM,7,6,1
05/19/2018 11:00:00 PM,7,2,5
05/20/2018 12:00:00 AM,2,1,1
05/20/2018 01:00:00 AM,2,1,1
05/20/2018 02:00:00 AM,4,4,0
05/20/2018 03:00:00 AM,3,0,3
05/20/2018 04:00:00 AM,1,1,0
05/20/2018 05:00:00 AM,0,0,0
05/20/2018 06:00:00 AM,15,6,9
05/20/2018 07:00:00 AM,14,6,8
05/20/2018 08:00:00 AM,25,13,12
05/20/2018 09:00:00 AM,40,16,24
05/20/2018 10:00:00 AM,31,14,17
05/20/2018 11:00:00 AM,68,33,35
05/20/2018 12:00:00 PM,78,46,32
05/20/2018 01:00:00 PM,61,32,29
05/20/2018 02:00:00 PM,61,31,30
05/20/2018 03:00:00 PM,61,31,30
05/20/2018 04:00:00 PM,64,34,30
05/20/2018 05:00:00 PM,49,25,24
05/20/2018 06:00:00 PM,36,16,20
05/20/2018 07:00:00 PM,26,14,12
05/20/2018 08:00:00 PM,13,3,10
05/20/2018 09:00:00 PM,3,2,1
05/20/2018 10:00:00 PM,0,0,0
05/20/2018 11:00:00 PM,3,1,2
05/21/2018 12:00:00 AM,2,0,2
05/21/2018 01:00:00 AM,4,1,3
05/21/2018 02:00:00 AM,2,1,1
05/21/2018 03:00:00 AM,1,1,0
05/21/2018 04:00:00 AM,11,1,10
05/21/2018 05:00:00 AM,35,7,28
05/21/2018 06:00:00 AM,99,19,80
05/21/2018 07:00:00 AM,167,18,149
05/21/2018 08:00:00 AM,179,9,170
05/21/2018 09:00:00 AM,57,6,51
05/21/2018 10:00:00 AM,26,6,20
05/21/2018 11:00:00 AM,25,7,18
05/21/2018 12:00:00 PM,26,13,13
05/21/2018 01:00:00 PM,39,21,18
05/21/2018 02:00:00 PM,28,15,13
05/21/2018 03:00:00 PM,61,44,17
05/21/2018 04:00:00 PM,154,120,34
05/21/2018 05:00:00 PM,215,197,18
05/21/2018 06:00:00 PM,126,112,14
05/21/2018 07:00:00 PM,53,42,11
05/21/2018 08:00:00 PM,33,22,11
05/21/2018 09:00:00 PM,16,10,6
05/21/2018 10:00:00 PM,7,4,3
05/21/2018 11:00:00 PM,7,5,2
05/22/2018 12:00:00 AM,5,4,1
05/22/2018 01:00:00 AM,2,1,1
05/22/2018 02:00:00 AM,0,0,0
05/22/2018 03:00:00 AM,3,2,1
05/22/2018 04:00:00 AM,10,2,8
05/22/2018 05:00:00 AM,41,5,36
05/22/2018 06:00:00 AM,115,18,97
05/22/2018 07:00:00 AM,161,15,146
05/22/2018 08:00:00 AM,234,19,215
05/22/2018 09:00:00 AM,61,9,52
05/22/2018 10:00:00 AM,34,10,24
05/22/2018 11:00:00 AM,32,18,14
05/22/2018 12:00:00 PM,35,13,22
05/22/2018 01:00:00 PM,28,12,16
05/22/2018 02:00:00 PM,46,28,18
05/22/2018 03:00:00 PM,63,49,14
05/22/2018 04:00:00 PM,166,135,31
05/22/2018 05:00:00 PM,232,203,29
05/22/2018 06:00:00 PM,164,138,26
05/22/2018 07:00:00 PM,64,54,10
05/22/2018 08:00:00 PM,41,29,12
05/22/2018 09:00:00 PM,14,9,5
05/22/2018 10:00:00 PM,21,15,6
05/22/2018 11:00:00 PM,10,8,2
05/23/2018 12:00:00 AM,6,3,3
05/23/2018 01:00:00 AM,2,1,1
05/23/2018 02:00:00 AM,2,2,0
05/23/2018 03:00:00 AM,2,1,1
05/23/2018 04:00:00 AM,5,2,3
05/23/2018 05:00:00 AM,40,8,32
05/23/2018 06:00:00 AM,103,20,83
05/23/2018 07:00:00 AM,182,22,160
05/23/2018 08:00:00 AM,205,18,187
05/23/2018 09:00:00 AM,62,15,47
05/23/2018 10:00:00 AM,33,8,25
05/23/2018 11:00:00 AM,27,12,15
05/23/2018 12:00:00 PM,30,13,17
05/23/2018 01:00:00 PM,37,15,22
05/23/2018 02:00:00 PM,48,34,14
05/23/2018 03:00:00 PM,71,51,20
05/23/2018 04:00:00 PM,172,127,45
05/23/2018 05:00:00 PM,250,221,29
05/23/2018 06:00:00 PM,140,116,24
05/23/2018 07:00:00 PM,58,43,15
05/23/2018 08:00:00 PM,54,30,24
05/23/2018 09:00:00 PM,19,11,8
05/23/2018 10:00:00 PM,12,7,5
05/23/2018 11:00:00 PM,8,6,2
05/24/2018 12:00:00 AM,5,3,2
05/24/2018 01:00:00 AM,4,2,2
05/24/2018 02:00:00 AM,3,3,0
05/24/2018 03:00:00 AM,1,1,0
05/24/2018 04:00:00 AM,10,4,6
05/24/2018 05:00:00 AM,34,4,30
05/24/2018 06:00:00 AM,89,12,77
05/24/2018 07:00:00 AM,165,14,151
05/24/2018 08:00:00 AM,140,8,132
05/24/2018 09:00:00 AM,54,11,43
05/24/2018 10:00:00 AM,48,19,29
05/24/2018 11:00:00 AM,30,13,17
05/24/2018 12:00:00 PM,15,6,9
05/24/2018 01:00:00 PM,26,13,13
05/24/2018 02:00:00 PM,44,29,15
05/24/2018 03:00:00 PM,54,41,13
05/24/2018 04:00:00 PM,122,101,21
05/24/2018 05:00:00 PM,201,181,20
05/24/2018 06:00:00 PM,124,98,26
05/24/2018 07:00:00 PM,72,58,14
05/24/2018 08:00:00 PM,59,49,10
05/24/2018 09:00:00 PM,33,20,13
05/24/2018 10:00:00 PM,27,5,22
05/24/2018 11:00:00 PM,9,4,5
05/25/2018 12:00:00 AM,2,2,0
05/25/2018 01:00:00 AM,2,2,0
05/25/2018 02:00:00 AM,3,3,0
05/25/2018 03:00:00 AM,5,3,2
05/25/2018 04:00:00 AM,8,1,7
05/25/2018 05:00:00 AM,30,2,28
05/25/2018 06:00:00 AM,76,13,63
05/25/2018 07:00:00 AM,151,12,139
05/25/2018 08:00:00 AM,139,16,123
05/25/2018 09:00:00 AM,59,8,51
05/25/2018 10:00:00 AM,34,11,23
05/25/2018 11:00:00 AM,24,7,17
05/25/2018 12:00:00 PM,43,28,15
05/25/2018 01:00:00 PM,47,28,19
05/25/2018 02:00:00 PM,57,42,15
05/25/2018 03:00:00 PM,84,66,18
05/25/2018 04:00:00 PM,129,104,25
05/25/2018 05:00:00 PM,125,104,21
05/25/2018 06:00:00 PM,88,69,19
05/25/2018 07:00:00 PM,41,35,6
05/25/2018 08:00:00 PM,22,11,11
05/25/2018 09:00:00 PM,17,13,4
05/25/2018 10:00:00 PM,13,8,5
05/25/2018 11:00:00 PM,7,5,2
05/26/2018 12:00:00 AM,7,7,0
05/26/2018 01:00:00 AM,4,4,0
05/26/2018 02:00:00 AM,3,2,1
05/26/2018 03:00:00 AM,1,0,1
05/26/2018 04:00:00 AM,4,4,0
05/26/2018 05:00:00 AM,5,1,4
05/26/2018 06:00:00 AM,14,6,8
05/26/2018 07:00:00 AM,22,4,18
05/26/2018 08:00:00 AM,46,17,29
05/26/2018 09:00:00 AM,41,20,21
05/26/2018 10:00:00 AM,63,32,31
05/26/2018 11:00:00 AM,62,33,29
05/26/2018 12:00:00 PM,71,32,39
05/26/2018 01:00:00 PM,82,31,51
05/26/2018 02:00:00 PM,51,25,26
05/26/2018 03:00:00 PM,53,26,27
05/26/2018 04:00:00 PM,77,47,30
05/26/2018 05:00:00 PM,38,21,17
05/26/2018 06:00:00 PM,31,21,10
05/26/2018 07:00:00 PM,17,8,9
05/26/2018 08:00:00 PM,23,15,8
05/26/2018 09:00:00 PM,16,12,4
05/26/2018 10:00:00 PM,7,3,4
05/26/2018 11:00:00 PM,4,2,2
05/27/2018 12:00:00 AM,6,4,2
05/27/2018 01:00:00 AM,9,8,1
05/27/2018 02:00:00 AM,2,2,0
05/27/2018 03:00:00 AM,0,0,0
05/27/2018 04:00:00 AM,2,2,0
05/27/2018 05:00:00 AM,7,4,3
05/27/2018 06:00:00 AM,7,2,5
05/27/2018 07:00:00 AM,17,9,8
05/27/2018 08:00:00 AM,29,8,21
05/27/2018 09:00:00 AM,47,17,30
05/27/2018 10:00:00 AM,60,30,30
05/27/2018 11:00:00 AM,68,38,30
05/27/2018 12:00:00 PM,80,37,43
05/27/2018 01:00:00 PM,63,24,39
05/27/2018 02:00:00 PM,91,38,53
05/27/2018 03:00:00 PM,63,43,20
05/27/2018 04:00:00 PM,84,43,41
05/27/2018 05:00:00 PM,39,15,24
05/27/2018 06:00:00 PM,46,31,15
05/27/2018 07:00:00 PM,37,24,13
05/27/2018 08:00:00 PM,23,20,3
05/27/2018 09:00:00 PM,15,11,4
05/27/2018 10:00:00 PM,4,1,3
05/27/2018 11:00:00 PM,1,0,1
05/28/2018 12:00:00 AM,5,0,5
05/28/2018 01:00:00 AM,3,2,1
05/28/2018 02:00:00 AM,1,1,0
05/28/2018 03:00:00 AM,2,1,1
05/28/2018 04:00:00 AM,0,0,0
05/28/2018 05:00:00 AM,9,2,7
05/28/2018 06:00:00 AM,11,2,9
05/28/2018 07:00:00 AM,13,5,8
05/28/2018 08:00:00 AM,35,23,12
05/28/2018 09:00:00 AM,56,27,29
05/28/2018 10:00:00 AM,59,27,32
05/28/2018 11:00:00 AM,62,36,26
05/28/2018 12:00:00 PM,71,31,40
05/28/2018 01:00:00 PM,77,40,37
05/28/2018 02:00:00 PM,77,40,37
05/28/2018 03:00:00 PM,74,29,45
05/28/2018 04:00:00 PM,68,39,29
05/28/2018 05:00:00 PM,47,29,18
05/28/2018 06:00:00 PM,28,16,12
05/28/2018 07:00:00 PM,33,23,10
05/28/2018 08:00:00 PM,14,9,5
05/28/2018 09:00:00 PM,7,5,2
05/28/2018 10:00:00 PM,3,3,0
05/28/2018 11:00:00 PM,4,3,1
05/29/2018 12:00:00 AM,4,3,1
05/29/2018 01:00:00 AM,4,1,3
05/29/2018 02:00:00 AM,0,0,0
05/29/2018 03:00:00 AM,1,1,0
05/29/2018 04:00:00 AM,6,1,5
05/29/2018 05:00:00 AM,38,2,36
05/29/2018 06:00:00 AM,84,12,72
05/29/2018 07:00:00 AM,181,14,167
05/29/2018 08:00:00 AM,178,10,168
05/29/2018 09:00:00 AM,56,10,46
05/29/2018 10:00:00 AM,20,5,15
05/29/2018 11:00:00 AM,26,11,15
05/29/2018 12:00:00 PM,29,13,16
05/29/2018 01:00:00 PM,32,20,12
05/29/2018 02:00:00 PM,31,16,15
05/29/2018 03:00:00 PM,54,42,12
05/29/2018 04:00:00 PM,136,116,20
05/29/2018 05:00:00 PM,216,182,34
05/29/2018 06:00:00 PM,133,119,14
05/29/2018 07:00:00 PM,39,36,3
05/29/2018 08:00:00 PM,24,18,6
05/29/2018 09:00:00 PM,16,11,5
05/29/2018 10:00:00 PM,8,5,3
05/29/2018 11:00:00 PM,6,5,1
05/30/2018 12:00:00 AM,4,3,1
05/30/2018 01:00:00 AM,4,4,0
05/30/2018 02:00:00 AM,1,0,1
05/30/2018 03:00:00 AM,1,1,0
05/30/2018 04:00:00 AM,7,2,5
05/30/2018 05:00:00 AM,33,4,29
05/30/2018 06:00:00 AM,126,14,112
05/30/2018 07:00:00 AM,193,15,178
05/30/2018 08:00:00 AM,182,17,165
05/30/2018 09:00:00 AM,59,9,50
05/30/2018 10:00:00 AM,29,8,21
05/30/2018 11:00:00 AM,25,9,16
05/30/2018 12:00:00 PM,38,19,19
05/30/2018 01:00:00 PM,24,9,15
05/30/2018 02:00:00 PM,42,21,21
05/30/2018 03:00:00 PM,62,51,11
05/30/2018 04:00:00 PM,157,129,28
05/30/2018 05:00:00 PM,247,226,21
05/30/2018 06:00:00 PM,130,114,16
05/30/2018 07:00:00 PM,74,64,10
05/30/2018 08:00:00 PM,31,20,11
05/30/2018 09:00:00 PM,20,9,11
05/30/2018 10:00:00 PM,26,15,11
05/30/2018 11:00:00 PM,11,5,6
05/31/2018 12:00:00 AM,1,1,0
05/31/2018 01:00:00 AM,4,2,2
05/31/2018 02:00:00 AM,4,2,2
05/31/2018 03:00:00 AM,5,3,2
05/31/2018 04:00:00 AM,6,2,4
05/31/2018 05:00:00 AM,38,4,34
05/31/2018 06:00:00 AM,96,12,84
05/31/2018 07:00:00 AM,171,18,153
05/31/2018 08:00:00 AM,170,9,161
05/31/2018 09:00:00 AM,52,6,46
05/31/2018 10:00:00 AM,32,6,26
05/31/2018 11:00:00 AM,35,23,12
05/31/2018 12:00:00 PM,33,9,24
05/31/2018 01:00:00 PM,29,10,19
05/31/2018 02:00:00 PM,34,24,10
05/31/2018 03:00:00 PM,58,38,20
05/31/2018 04:00:00 PM,130,103,27
05/31/2018 05:00:00 PM,211,191,20
05/31/2018 06:00:00 PM,104,83,21
05/31/2018 07:00:00 PM,40,32,8
05/31/2018 08:00:00 PM,12,9,3
05/31/2018 09:00:00 PM,17,13,4
05/31/2018 10:00:00 PM,12,9,3
05/31/2018 11:00:00 PM,5,1,4
06/01/2018 12:00:00 AM,4,4,0
06/01/2018 01:00:00 AM,7,5,2
06/01/2018 02:00:00 AM,3,2,1
06/01/2018 03:00:00 AM,0,0,0
06/01/2018 04:00:00 AM,5,1,4
06/01/2018 05:00:00 AM,26,4,22
06/01/2018 06:00:00 AM,80,4,76
06/01/2018 07:00:00 AM,112,10,102
06/01/2018 08:00:00 AM,152,14,138
06/01/2018 09:00:00 AM,45,9,36
06/01/2018 10:00:00 AM,31,10,21
06/01/2018 11:00:00 AM,25,4,21
06/01/2018 12:00:00 PM,22,11,11
06/01/2018 01:00:00 PM,35,20,15
06/01/2018 02:00:00 PM,34,25,9
06/01/2018 03:00:00 PM,58,42,16
06/01/2018 04:00:00 PM,124,92,32
06/01/2018 05:00:00 PM,179,149,30
06/01/2018 06:00:00 PM,87,79,8
06/01/2018 07:00:00 PM,48,34,14
06/01/2018 08:00:00 PM,23,17,6
06/01/2018 09:00:00 PM,21,15,6
06/01/2018 10:00:00 PM,5,2,3
06/01/2018 11:00:00 PM,40,12,28
06/02/2018 12:00:00 AM,9,9,0
06/02/2018 01:00:00 AM,4,2,2
06/02/2018 02:00:00 AM,6,6,0
06/02/2018 03:00:00 AM,1,1,0
06/02/2018 04:00:00 AM,2,1,1
06/02/2018 05:00:00 AM,16,10,6
06/02/2018 06:00:00 AM,87,6,81
06/02/2018 07:00:00 AM,23,4,19
06/02/2018 08:00:00 AM,56,15,41
06/02/2018 09:00:00 AM,68,42,26
06/02/2018 10:00:00 AM,100,58,42
06/02/2018 11:00:00 AM,109,48,61
06/02/2018 12:00:00 PM,84,50,34
06/02/2018 01:00:00 PM,115,67,48
06/02/2018 02:00:00 PM,96,51,45
06/02/2018 03:00:00 PM,111,47,64
06/02/2018 04:00:00 PM,72,31,41
06/02/2018 05:00:00 PM,58,32,26
06/02/2018 06:00:00 PM,56,32,24
06/02/2018 07:00:00 PM,32,13,19
06/02/2018 08:00:00 PM,27,16,11
06/02/2018 09:00:00 PM,19,9,10
06/02/2018 10:00:00 PM,18,11,7
06/02/2018 11:00:00 PM,5,2,3
06/03/2018 12:00:00 AM,5,5,0
06/03/2018 01:00:00 AM,9,3,6
06/03/2018 02:00:00 AM,1,1,0
06/03/2018 03:00:00 AM,0,0,0
06/03/2018 04:00:00 AM,0,0,0
06/03/2018 05:00:00 AM,5,1,4
06/03/2018 06:00:00 AM,5,2,3
06/03/2018 07:00:00 AM,16,4,12
06/03/2018 08:00:00 AM,35,16,19
06/03/2018 09:00:00 AM,31,13,18
06/03/2018 10:00:00 AM,43,23,20
06/03/2018 11:00:00 AM,58,35,23
06/03/2018 12:00:00 PM,50,22,28
06/03/2018 01:00:00 PM,32,15,17
06/03/2018 02:00:00 PM,26,12,14
06/03/2018 03:00:00 PM,22,9,13
06/03/2018 04:00:00 PM,23,17,6
06/03/2018 05:00:00 PM,13,10,3
06/03/2018 06:00:00 PM,14,9,5
06/03/2018 07:00:00 PM,11,5,6
06/03/2018 08:00:00 PM,10,3,7
06/03/2018 09:00:00 PM,5,3,2
06/03/2018 10:00:00 PM,2,2,0
06/03/2018 11:00:00 PM,1,1,0
06/04/2018 12:00:00 AM,1,1,0
06/04/2018 01:00:00 AM,5,1,4
06/04/2018 02:00:00 AM,2,1,1
06/04/2018 03:00:00 AM,1,0,1
06/04/2018 04:00:00 AM,6,0,6
06/04/2018 05:00:00 AM,30,3,27
06/04/2018 06:00:00 AM,98,16,82
06/04/2018 07:00:00 AM,131,7,124
06/04/2018 08:00:00 AM,118,13,105
06/04/2018 09:00:00 AM,46,5,41
06/04/2018 10:00:00 AM,18,3,15
06/04/2018 11:00:00 AM,9,3,6
06/04/2018 12:00:00 PM,18,9,9
06/04/2018 01:00:00 PM,17,7,10
06/04/2018 02:00:00 PM,21,13,8
06/04/2018 03:00:00 PM,61,50,11
06/04/2018 04:00:00 PM,110,95,15
06/04/2018 05:00:00 PM,180,152,28
06/04/2018 06:00:00 PM,91,76,15
06/04/2018 07:00:00 PM,41,30,11
06/04/2018 08:00:00 PM,33,25,8
06/04/2018 09:00:00 PM,17,13,4
06/04/2018 10:00:00 PM,9,6,3
06/04/2018 11:00:00 PM,3,2,1
06/05/2018 12:00:00 AM,2,2,0
06/05/2018 01:00:00 AM,1,1,0
06/05/2018 02:00:00 AM,1,1,0
06/05/2018 03:00:00 AM,1,1,0
06/05/2018 04:00:00 AM,7,3,4
06/05/2018 05:00:00 AM,38,8,30
06/05/2018 06:00:00 AM,118,12,106
06/05/2018 07:00:00 AM,194,11,183
06/05/2018 08:00:00 AM,191,13,178
06/05/2018 09:00:00 AM,77,8,69
06/05/2018 10:00:00 AM,27,6,21
06/05/2018 11:00:00 AM,24,9,15
06/05/2018 12:00:00 PM,20,9,11
06/05/2018 01:00:00 PM,28,12,16
06/05/2018 02:00:00 PM,37,21,16
06/05/2018 03:00:00 PM,55,45,10
06/05/2018 04:00:00 PM,159,129,30
06/05/2018 05:00:00 PM,215,192,23
06/05/2018 06:00:00 PM,144,124,20
06/05/2018 07:00:00 PM,80,58,22
06/05/2018 08:00:00 PM,33,24,9
06/05/2018 09:00:00 PM,22,13,9
06/05/2018 10:00:00 PM,13,10,3
06/05/2018 11:00:00 PM,4,3,1
06/06/2018 12:00:00 AM,4,2,2
06/06/2018 01:00:00 AM,1,1,0
06/06/2018 02:00:00 AM,0,0,0
06/06/2018 03:00:00 AM,1,0,1
06/06/2018 04:00:00 AM,11,6,5
06/06/2018 05:00:00 AM,37,5,32
06/06/2018 06:00:00 AM,102,8,94
06/06/2018 07:00:00 AM,198,23,175
06/06/2018 08:00:00 AM,167,16,151
06/06/2018 09:00:00 AM,62,5,57
06/06/2018 10:00:00 AM,40,12,28
06/06/2018 11:00:00 AM,31,6,25
06/06/2018 12:00:00 PM,34,21,13
06/06/2018 01:00:00 PM,37,17,20
06/06/2018 02:00:00 PM,36,23,13
06/06/2018 03:00:00 PM,73,53,20
06/06/2018 04:00:00 PM,152,124,28
06/06/2018 05:00:00 PM,252,212,40
06/06/2018 06:00:00 PM,144,122,22
06/06/2018 07:00:00 PM,47,39,8
06/06/2018 08:00:00 PM,43,29,14
06/06/2018 09:00:00 PM,22,15,7
06/06/2018 10:00:00 PM,11,8,3
06/06/2018 11:00:00 PM,12,8,4
06/07/2018 12:00:00 AM,4,4,0
06/07/2018 01:00:00 AM,2,1,1
06/07/2018 02:00:00 AM,2,1,1
06/07/2018 03:00:00 AM,2,2,0
06/07/2018 04:00:00 AM,10,3,7
06/07/2018 05:00:00 AM,43,6,37
06/07/2018 06:00:00 AM,107,14,93
06/07/2018 07:00:00 AM,152,15,137
06/07/2018 08:00:00 AM,182,13,169
06/07/2018 09:00:00 AM,61,14,47
06/07/2018 10:00:00 AM,35,6,29
06/07/2018 11:00:00 AM,26,8,18
06/07/2018 12:00:00 PM,37,14,23
06/07/2018 01:00:00 PM,25,13,12
06/07/2018 02:00:00 PM,33,23,10
06/07/2018 03:00:00 PM,56,44,12
06/07/2018 04:00:00 PM,140,108,32
06/07/2018 05:00:00 PM,196,172,24
06/07/2018 06:00:00 PM,132,107,25
06/07/2018 07:00:00 PM,56,44,12
06/07/2018 08:00:00 PM,33,27,6
06/07/2018 09:00:00 PM,29,23,6
06/07/2018 10:00:00 PM,10,9,1
06/07/2018 11:00:00 PM,7,3,4
06/08/2018 12:00:00 AM,2,2,0
06/08/2018 01:00:00 AM,6,2,4
06/08/2018 02:00:00 AM,7,5,2
06/08/2018 03:00:00 AM,1,1,0
06/08/2018 04:00:00 AM,4,2,2
06/08/2018 05:00:00 AM,29,4,25
06/08/2018 06:00:00 AM,68,7,61
06/08/2018 07:00:00 AM,105,14,91
06/08/2018 08:00:00 AM,102,6,96
06/08/2018 09:00:00 AM,38,6,32
06/08/2018 10:00:00 AM,22,9,13
06/08/2018 11:00:00 AM,16,4,12
06/08/2018 12:00:00 PM,18,9,9
06/08/2018 01:00:00 PM,22,14,8
06/08/2018 02:00:00 PM,19,10,9
06/08/2018 03:00:00 PM,42,35,7
06/08/2018 04:00:00 PM,79,70,9
06/08/2018 05:00:00 PM,103,86,17
06/08/2018 06:00:00 PM,35,31,4
06/08/2018 07:00:00 PM,23,19,4
06/08/2018 08:00:00 PM,9,6,3
06/08/2018 09:00:00 PM,6,6,0
06/08/2018 10:00:00 PM,3,1,2
06/08/2018 11:00:00 PM,3,2,1
06/09/2018 12:00:00 AM,4,2,2
06/09/2018 01:00:00 AM,2,0,2
06/09/2018 02:00:00 AM,1,0,1
06/09/2018 03:00:00 AM,1,1,0
06/09/2018 04:00:00 AM,4,4,0
06/09/2018 05:00:00 AM,3,1,2
06/09/2018 06:00:00 AM,10,3,7
06/09/2018 07:00:00 AM,11,6,5
06/09/2018 08:00:00 AM,26,5,21
06/09/2018 09:00:00 AM,40,26,14
06/09/2018 10:00:00 AM,32,17,15
06/09/2018 11:00:00 AM,42,12,30
06/09/2018 12:00:00 PM,40,17,23
06/09/2018 01:00:00 PM,76,31,45
06/09/2018 02:00:00 PM,60,34,26
06/09/2018 03:00:00 PM,40,17,23
06/09/2018 04:00:00 PM,24,12,12
06/09/2018 05:00:00 PM,26,9,17
06/09/2018 06:00:00 PM,22,10,12
06/09/2018 07:00:00 PM,11,8,3
06/09/2018 08:00:00 PM,1,0,1
06/09/2018 09:00:00 PM,12,8,4
06/09/2018 10:00:00 PM,9,5,4
06/09/2018 11:00:00 PM,6,3,3
06/10/2018 12:00:00 AM,6,5,1
06/10/2018 01:00:00 AM,5,4,1
06/10/2018 02:00:00 AM,0,0,0
06/10/2018 03:00:00 AM,2,1,1
06/10/2018 04:00:00 AM,0,0,0
06/10/2018 05:00:00 AM,2,0,2
06/10/2018 06:00:00 AM,7,3,4
06/10/2018 07:00:00 AM,17,3,14
06/10/2018 08:00:00 AM,19,6,13
06/10/2018 09:00:00 AM,25,10,15
06/10/2018 10:00:00 AM,48,28,20
06/10/2018 11:00:00 AM,22,14,8
06/10/2018 12:00:00 PM,20,4,16
06/10/2018 01:00:00 PM,36,16,20
06/10/2018 02:00:00 PM,22,13,9
06/10/2018 03:00:00 PM,29,18,11
06/10/2018 04:00:00 PM,29,17,12
06/10/2018 05:00:00 PM,14,7,7
06/10/2018 06:00:00 PM,14,4,10
06/10/2018 07:00:00 PM,7,6,1
06/10/2018 08:00:00 PM,6,2,4
06/10/2018 09:00:00 PM,1,1,0
06/10/2018 10:00:00 PM,3,2,1
06/10/2018 11:00:00 PM,1,1,0
06/11/2018 12:00:00 AM,2,2,0
06/11/2018 01:00:00 AM,0,0,0
06/11/2018 02:00:00 AM,0,0,0
06/11/2018 03:00:00 AM,2,0,2
06/11/2018 04:00:00 AM,3,1,2
06/11/2018 05:00:00 AM,31,5,26
06/11/2018 06:00:00 AM,88,12,76
06/11/2018 07:00:00 AM,182,14,168
06/11/2018 08:00:00 AM,163,11,152
06/11/2018 09:00:00 AM,66,11,55
06/11/2018 10:00:00 AM,36,6,30
06/11/2018 11:00:00 AM,21,6,15
06/11/2018 12:00:00 PM,27,14,13
06/11/2018 01:00:00 PM,37,13,24
06/11/2018 02:00:00 PM,40,23,17
06/11/2018 03:00:00 PM,68,57,11
06/11/2018 04:00:00 PM,115,93,22
06/11/2018 05:00:00 PM,232,210,22
06/11/2018 06:00:00 PM,124,105,19
06/11/2018 07:00:00 PM,63,38,25
06/11/2018 08:00:00 PM,34,24,10
06/11/2018 09:00:00 PM,20,13,7
06/11/2018 10:00:00 PM,17,13,4
06/11/2018 11:00:00 PM,12,9,3
06/12/2018 12:00:00 AM,2,2,0
06/12/2018 01:00:00 AM,0,0,0
06/12/2018 02:00:00 AM,3,2,1
06/12/2018 03:00:00 AM,2,2,0
06/12/2018 04:00:00 AM,10,2,8
06/12/2018 05:00:00 AM,48,7,41
06/12/2018 06:00:00 AM,113,13,100
06/12/2018 07:00:00 AM,193,20,173
06/12/2018 08:00:00 AM,177,13,164
06/12/2018 09:00:00 AM,81,9,72
06/12/2018 10:00:00 AM,22,6,16
06/12/2018 11:00:00 AM,33,16,17
06/12/2018 12:00:00 PM,30,13,17
06/12/2018 01:00:00 PM,25,9,16
06/12/2018 02:00:00 PM,42,17,25
06/12/2018 03:00:00 PM,54,37,17
06/12/2018 04:00:00 PM,125,102,23
06/12/2018 05:00:00 PM,241,207,34
06/12/2018 06:00:00 PM,136,123,13
06/12/2018 07:00:00 PM,67,55,12
06/12/2018 08:00:00 PM,38,29,9
06/12/2018 09:00:00 PM,24,19,5
06/12/2018 10:00:00 PM,17,15,2
06/12/2018 11:00:00 PM,4,4,0
06/13/2018 12:00:00 AM,4,3,1
06/13/2018 01:00:00 AM,1,1,0
06/13/2018 02:00:00 AM,0,0,0
06/13/2018 03:00:00 AM,2,2,0
06/13/2018 04:00:00 AM,6,4,2
06/13/2018 05:00:00 AM,30,4,26
06/13/2018 06:00:00 AM,44,4,40
06/13/2018 07:00:00 AM,94,7,87
06/13/2018 08:00:00 AM,93,9,84
06/13/2018 09:00:00 AM,52,9,43
06/13/2018 10:00:00 AM,22,5,17
06/13/2018 11:00:00 AM,25,9,16
06/13/2018 12:00:00 PM,15,3,12
06/13/2018 01:00:00 PM,29,13,16
06/13/2018 02:00:00 PM,28,16,12
06/13/2018 03:00:00 PM,43,34,9
06/13/2018 04:00:00 PM,88,72,16
06/13/2018 05:00:00 PM,116,106,10
06/13/2018 06:00:00 PM,69,63,6
06/13/2018 07:00:00 PM,48,37,11
06/13/2018 08:00:00 PM,16,14,2
06/13/2018 09:00:00 PM,13,6,7
06/13/2018 10:00:00 PM,8,5,3
06/13/2018 11:00:00 PM,4,3,1
06/14/2018 12:00:00 AM,3,2,1
06/14/2018 01:00:00 AM,3,1,2
06/14/2018 02:00:00 AM,1,1,0
06/14/2018 03:00:00 AM,5,3,2
06/14/2018 04:00:00 AM,9,1,8
06/14/2018 05:00:00 AM,31,2,29
06/14/2018 06:00:00 AM,93,7,86
06/14/2018 07:00:00 AM,161,14,147
06/14/2018 08:00:00 AM,151,10,141
06/14/2018 09:00:00 AM,62,7,55
06/14/2018 10:00:00 AM,23,2,21
06/14/2018 11:00:00 AM,19,10,9
06/14/2018 12:00:00 PM,36,17,19
06/14/2018 01:00:00 PM,27,10,17
06/14/2018 02:00:00 PM,26,14,12
06/14/2018 03:00:00 PM,58,42,16
06/14/2018 04:00:00 PM,131,105,26
06/14/2018 05:00:00 PM,202,172,30
06/14/2018 06:00:00 PM,129,102,27
06/14/2018 07:00:00 PM,54,42,12
06/14/2018 08:00:00 PM,28,21,7
06/14/2018 09:00:00 PM,22,11,11
06/14/2018 10:00:00 PM,25,22,3
06/14/2018 11:00:00 PM,10,8,2
06/15/2018 12:00:00 AM,7,4,3
06/15/2018 01:00:00 AM,6,3,3
06/15/2018 02:00:00 AM,0,0,0
06/15/2018 03:00:00 AM,1,1,0
06/15/2018 04:00:00 AM,3,2,1
06/15/2018 05:00:00 AM,34,4,30
06/15/2018 06:00:00 AM,85,12,73
06/15/2018 07:00:00 AM,121,16,105
06/15/2018 08:00:00 AM,165,16,149
06/15/2018 09:00:00 AM,51,12,39
06/15/2018 10:00:00 AM,23,9,14
06/15/2018 11:00:00 AM,29,13,16
06/15/2018 12:00:00 PM,36,20,16
06/15/2018 01:00:00 PM,42,17,25
06/15/2018 02:00:00 PM,35,25,10
06/15/2018 03:00:00 PM,75,58,17
06/15/2018 04:00:00 PM,142,109,33
06/15/2018 05:00:00 PM,166,141,25
06/15/2018 06:00:00 PM,103,88,15
06/15/2018 07:00:00 PM,40,33,7
06/15/2018 08:00:00 PM,25,15,10
06/15/2018 09:00:00 PM,19,9,10
06/15/2018 10:00:00 PM,16,12,4
06/15/2018 11:00:00 PM,10,6,4
06/16/2018 12:00:00 AM,5,4,1
06/16/2018 01:00:00 AM,5,4,1
06/16/2018 02:00:00 AM,3,2,1
06/16/2018 03:00:00 AM,2,1,1
06/16/2018 04:00:00 AM,1,1,0
06/16/2018 05:00:00 AM,9,3,6
06/16/2018 06:00:00 AM,16,2,14
06/16/2018 07:00:00 AM,34,9,25
06/16/2018 08:00:00 AM,44,12,32
06/16/2018 09:00:00 AM,43,19,24
06/16/2018 10:00:00 AM,72,36,36
06/16/2018 11:00:00 AM,88,44,44
06/16/2018 12:00:00 PM,137,59,78
06/16/2018 01:00:00 PM,69,35,34
06/16/2018 02:00:00 PM,80,29,51
06/16/2018 03:00:00 PM,77,50,27
06/16/2018 04:00:00 PM,78,40,38
06/16/2018 05:00:00 PM,50,23,27
06/16/2018 06:00:00 PM,39,25,14
06/16/2018 07:00:00 PM,49,31,18
06/16/2018 08:00:00 PM,44,28,16
06/16/2018 09:00:00 PM,21,11,10
06/16/2018 10:00:00 PM,21,11,10
06/16/2018 11:00:00 PM,20,12,8
06/17/2018 12:00:00 AM,4,1,3
06/17/2018 01:00:00 AM,1,1,0
06/17/2018 02:00:00 AM,2,1,1
06/17/2018 03:00:00 AM,1,0,1
06/17/2018 04:00:00 AM,1,1,0
06/17/2018 05:00:00 AM,8,1,7
06/17/2018 06:00:00 AM,11,6,5
06/17/2018 07:00:00 AM,23,9,14
06/17/2018 08:00:00 AM,38,12,26
06/17/2018 09:00:00 AM,80,36,44
06/17/2018 10:00:00 AM,79,36,43
06/17/2018 11:00:00 AM,83,44,39
06/17/2018 12:00:00 PM,92,41,51
06/17/2018 01:00:00 PM,65,35,30
06/17/2018 02:00:00 PM,84,44,40
06/17/2018 03:00:00 PM,79,36,43
06/17/2018 04:00:00 PM,57,37,20
06/17/2018 05:00:00 PM,48,34,14
06/17/2018 06:00:00 PM,53,22,31
06/17/2018 07:00:00 PM,32,17,15
06/17/2018 08:00:00 PM,30,12,18
06/17/2018 09:00:00 PM,16,7,9
06/17/2018 10:00:00 PM,13,7,6
06/17/2018 11:00:00 PM,6,4,2
06/18/2018 12:00:00 AM,8,5,3
06/18/2018 01:00:00 AM,1,1,0
06/18/2018 02:00:00 AM,2,0,2
06/18/2018 03:00:00 AM,1,1,0
06/18/2018 04:00:00 AM,11,0,11
06/18/2018 05:00:00 AM,40,5,35
06/18/2018 06:00:00 AM,110,10,100
06/18/2018 07:00:00 AM,210,11,199
06/18/2018 08:00:00 AM,198,23,175
06/18/2018 09:00:00 AM,64,7,57
06/18/2018 10:00:00 AM,39,11,28
06/18/2018 11:00:00 AM,30,12,18
06/18/2018 12:00:00 PM,30,11,19
06/18/2018 01:00:00 PM,34,20,14
06/18/2018 02:00:00 PM,43,27,16
06/18/2018 03:00:00 PM,71,56,15
06/18/2018 04:00:00 PM,133,108,25
06/18/2018 05:00:00 PM,247,220,27
06/18/2018 06:00:00 PM,125,106,19
06/18/2018 07:00:00 PM,94,76,18
06/18/2018 08:00:00 PM,43,30,13
06/18/2018 09:00:00 PM,35,15,20
06/18/2018 10:00:00 PM,8,3,5
06/18/2018 11:00:00 PM,8,6,2
06/19/2018 12:00:00 AM,2,1,1
06/19/2018 01:00:00 AM,0,0,0
06/19/2018 02:00:00 AM,1,1,0
06/19/2018 03:00:00 AM,2,2,0
06/19/2018 04:00:00 AM,11,2,9
06/19/2018 05:00:00 AM,43,8,35
06/19/2018 06:00:00 AM,106,13,93
06/19/2018 07:00:00 AM,199,19,180
06/19/2018 08:00:00 AM,183,20,163
06/19/2018 09:00:00 AM,63,8,55
06/19/2018 10:00:00 AM,31,12,19
06/19/2018 11:00:00 AM,40,15,25
06/19/2018 12:00:00 PM,26,11,15
06/19/2018 01:00:00 PM,39,24,15
06/19/2018 02:00:00 PM,37,25,12
06/19/2018 03:00:00 PM,88,67,21
06/19/2018 04:00:00 PM,160,130,30
06/19/2018 05:00:00 PM,218,191,27
06/19/2018 06:00:00 PM,141,123,18
06/19/2018 07:00:00 PM,73,57,16
06/19/2018 08:00:00 PM,37,26,11
06/19/2018 09:00:00 PM,21,10,11
06/19/2018 10:00:00 PM,16,15,1
06/19/2018 11:00:00 PM,10,5,5
06/20/2018 12:00:00 AM,3,2,1
06/20/2018 01:00:00 AM,2,1,1
06/20/2018 02:00:00 AM,5,2,3
06/20/2018 03:00:00 AM,2,1,1
06/20/2018 04:00:00 AM,5,1,4
06/20/2018 05:00:00 AM,38,4,34
06/20/2018 06:00:00 AM,102,13,89
06/20/2018 07:00:00 AM,202,20,182
06/20/2018 08:00:00 AM,177,15,162
06/20/2018 09:00:00 AM,71,17,54
06/20/2018 10:00:00 AM,37,11,26
06/20/2018 11:00:00 AM,33,11,22
06/20/2018 12:00:00 PM,32,18,14
06/20/2018 01:00:00 PM,28,15,13
06/20/2018 02:00:00 PM,42,28,14
06/20/2018 03:00:00 PM,49,38,11
06/20/2018 04:00:00 PM,154,129,25
06/20/2018 05:00:00 PM,220,196,24
06/20/2018 06:00:00 PM,117,100,17
06/20/2018 07:00:00 PM,120,78,42
06/20/2018 08:00:00 PM,3,2,1
06/20/2018 09:00:00 PM,1,1,0
06/20/2018 10:00:00 PM,2,1,1
06/20/2018 11:00:00 PM,3,1,2
06/21/2018 12:00:00 AM,0,0,0
06/21/2018 01:00:00 AM,2,1,1
06/21/2018 02:00:00 AM,1,1,0
06/21/2018 03:00:00 AM,0,0,0
06/21/2018 04:00:00 AM,0,0,0
06/21/2018 05:00:00 AM,0,0,0
06/21/2018 06:00:00 AM,4,2,2
06/21/2018 07:00:00 AM,0,0,0
06/21/2018 08:00:00 AM,6,3,3
06/21/2018 09:00:00 AM,2,1,1
06/21/2018 10:00:00 AM,2,1,1
06/21/2018 11:00:00 AM,4,3,1
06/21/2018 12:00:00 PM,2,0,2
06/21/2018 01:00:00 PM,13,6,7
06/21/2018 02:00:00 PM,0,0,0
06/21/2018 03:00:00 PM,0,0,0
06/21/2018 04:00:00 PM,0,0,0
06/21/2018 05:00:00 PM,4,1,3
06/21/2018 06:00:00 PM,1,1,0
06/21/2018 07:00:00 PM,2,1,1
06/21/2018 08:00:00 PM,0,0,0
06/21/2018 09:00:00 PM,2,1,1
06/21/2018 10:00:00 PM,3,2,1
06/21/2018 11:00:00 PM,0,0,0
06/22/2018 12:00:00 AM,0,0,0
06/22/2018 01:00:00 AM,2,1,1
06/22/2018 02:00:00 AM,0,0,0
06/22/2018 03:00:00 AM,0,0,0
06/22/2018 04:00:00 AM,0,0,0
06/22/2018 05:00:00 AM,0,0,0
06/22/2018 06:00:00 AM,0,0,0
06/22/2018 07:00:00 AM,0,0,0
06/22/2018 08:00:00 AM,0,0,0
06/22/2018 09:00:00 AM,0,0,0
06/22/2018 10:00:00 AM,0,0,0
06/22/2018 11:00:00 AM,2,1,1
06/22/2018 12:00:00 PM,0,0,0
06/22/2018 01:00:00 PM,0,0,0
06/22/2018 02:00:00 PM,15,9,6
06/22/2018 03:00:00 PM,0,0,0
06/22/2018 04:00:00 PM,0,0,0
06/22/2018 05:00:00 PM,4,2,2
06/22/2018 06:00:00 PM,0,0,0
06/22/2018 07:00:00 PM,4,2,2
06/22/2018 08:00:00 PM,0,0,0
06/22/2018 09:00:00 PM,0,0,0
06/22/2018 10:00:00 PM,0,0,0
06/22/2018 11:00:00 PM,0,0,0
06/23/2018 12:00:00 AM,0,0,0
06/23/2018 01:00:00 AM,0,0,0
06/23/2018 02:00:00 AM,0,0,0
06/23/2018 03:00:00 AM,0,0,0
06/23/2018 04:00:00 AM,0,0,0
06/23/2018 05:00:00 AM,0,0,0
06/23/2018 06:00:00 AM,0,0,0
06/23/2018 07:00:00 AM,0,0,0
06/23/2018 08:00:00 AM,6,4,2
06/23/2018 09:00:00 AM,6,2,4
06/23/2018 10:00:00 AM,8,6,2
06/23/2018 11:00:00 AM,6,2,4
06/23/2018 12:00:00 PM,4,2,2
06/23/2018 01:00:00 PM,12,8,4
06/23/2018 02:00:00 PM,1,1,0
06/23/2018 03:00:00 PM,0,0,0
06/23/2018 04:00:00 PM,6,5,1
06/23/2018 05:00:00 PM,2,1,1
06/23/2018 06:00:00 PM,6,3,3
06/23/2018 07:00:00 PM,1,1,0
06/23/2018 08:00:00 PM,1,0,1
06/23/2018 09:00:00 PM,3,2,1
06/23/2018 10:00:00 PM,2,0,2
06/23/2018 11:00:00 PM,6,3,3
06/24/2018 12:00:00 AM,0,0,0
06/24/2018 01:00:00 AM,0,0,0
06/24/2018 02:00:00 AM,0,0,0
06/24/2018 03:00:00 AM,0,0,0
06/24/2018 04:00:00 AM,0,0,0
06/24/2018 05:00:00 AM,0,0,0
06/24/2018 06:00:00 AM,0,0,0
06/24/2018 07:00:00 AM,1,1,0
06/24/2018 08:00:00 AM,1,0,1
06/24/2018 09:00:00 AM,0,0,0
06/24/2018 10:00:00 AM,4,2,2
06/24/2018 11:00:00 AM,5,2,3
06/24/2018 12:00:00 PM,24,14,10
06/24/2018 01:00:00 PM,7,2,5
06/24/2018 02:00:00 PM,3,2,1
06/24/2018 03:00:00 PM,19,9,10
06/24/2018 04:00:00 PM,10,5,5
06/24/2018 05:00:00 PM,3,2,1
06/24/2018 06:00:00 PM,5,4,1
06/24/2018 07:00:00 PM,1,0,1
06/24/2018 08:00:00 PM,6,3,3
06/24/2018 09:00:00 PM,0,0,0
06/24/2018 10:00:00 PM,0,0,0
06/24/2018 11:00:00 PM,0,0,0
06/25/2018 12:00:00 AM,0,0,0
06/25/2018 01:00:00 AM,0,0,0
06/25/2018 02:00:00 AM,0,0,0
06/25/2018 03:00:00 AM,0,0,0
06/25/2018 04:00:00 AM,0,0,0
06/25/2018 05:00:00 AM,0,0,0
06/25/2018 06:00:00 AM,0,0,0
06/25/2018 07:00:00 AM,0,0,0
06/25/2018 08:00:00 AM,0,0,0
06/25/2018 09:00:00 AM,0,0,0
06/25/2018 10:00:00 AM,0,0,0
06/25/2018 11:00:00 AM,0,0,0
06/25/2018 12:00:00 PM,0,0,0
06/25/2018 01:00:00 PM,0,0,0
06/25/2018 02:00:00 PM,0,0,0
06/25/2018 03:00:00 PM,0,0,0
06/25/2018 04:00:00 PM,0,0,0
06/25/2018 05:00:00 PM,0,0,0
06/25/2018 06:00:00 PM,0,0,0
06/25/2018 07:00:00 PM,0,0,0
06/25/2018 08:00:00 PM,4,2,2
06/25/2018 09:00:00 PM,0,0,0
06/25/2018 10:00:00 PM,1,1,0
06/25/2018 11:00:00 PM,1,0,1
06/26/2018 12:00:00 AM,0,0,0
06/26/2018 01:00:00 AM,0,0,0
06/26/2018 02:00:00 AM,0,0,0
06/26/2018 03:00:00 AM,0,0,0
06/26/2018 04:00:00 AM,0,0,0
06/26/2018 05:00:00 AM,0,0,0
06/26/2018 06:00:00 AM,2,1,1
06/26/2018 07:00:00 AM,0,0,0
06/26/2018 08:00:00 AM,6,3,3
06/26/2018 09:00:00 AM,1,1,0
06/26/2018 10:00:00 AM,1,0,1
06/26/2018 11:00:00 AM,2,1,1
06/26/2018 12:00:00 PM,11,6,5
06/26/2018 01:00:00 PM,6,4,2
06/26/2018 02:00:00 PM,24,11,13
06/26/2018 03:00:00 PM,25,19,6
06/26/2018 04:00:00 PM,46,27,19
06/26/2018 05:00:00 PM,74,60,14
06/26/2018 06:00:00 PM,77,62,15
06/26/2018 07:00:00 PM,22,17,5
06/26/2018 08:00:00 PM,16,12,4
06/26/2018 09:00:00 PM,13,8,5
06/26/2018 10:00:00 PM,8,5,3
06/26/2018 11:00:00 PM,2,2,0
06/27/2018 12:00:00 AM,1,0,1
06/27/2018 01:00:00 AM,3,3,0
06/27/2018 02:00:00 AM,1,1,0
06/27/2018 03:00:00 AM,1,0,1
06/27/2018 04:00:00 AM,5,2,3
06/27/2018 05:00:00 AM,18,3,15
06/27/2018 06:00:00 AM,79,8,71
06/27/2018 07:00:00 AM,127,11,116
06/27/2018 08:00:00 AM,125,11,114
06/27/2018 09:00:00 AM,60,13,47
06/27/2018 10:00:00 AM,24,7,17
06/27/2018 11:00:00 AM,31,10,21
06/27/2018 12:00:00 PM,23,11,12
06/27/2018 01:00:00 PM,23,14,9
06/27/2018 02:00:00 PM,33,18,15
06/27/2018 03:00:00 PM,51,39,12
06/27/2018 04:00:00 PM,89,70,19
06/27/2018 05:00:00 PM,188,168,20
06/27/2018 06:00:00 PM,103,85,18
06/27/2018 07:00:00 PM,51,40,11
06/27/2018 08:00:00 PM,40,21,19
06/27/2018 09:00:00 PM,12,9,3
06/27/2018 10:00:00 PM,11,10,1
06/27/2018 11:00:00 PM,5,4,1
06/28/2018 12:00:00 AM,4,1,3
06/28/2018 01:00:00 AM,8,6,2
06/28/2018 02:00:00 AM,1,0,1
06/28/2018 03:00:00 AM,2,2,0
06/28/2018 04:00:00 AM,5,2,3
06/28/2018 05:00:00 AM,25,4,21
06/28/2018 06:00:00 AM,65,10,55
06/28/2018 07:00:00 AM,171,11,160
06/28/2018 08:00:00 AM,148,17,131
06/28/2018 09:00:00 AM,55,4,51
06/28/2018 10:00:00 AM,30,14,16
06/28/2018 11:00:00 AM,27,12,15
06/28/2018 12:00:00 PM,25,9,16
06/28/2018 01:00:00 PM,34,22,12
06/28/2018 02:00:00 PM,28,17,11
06/28/2018 03:00:00 PM,40,25,15
06/28/2018 04:00:00 PM,101,82,19
06/28/2018 05:00:00 PM,183,158,25
06/28/2018 06:00:00 PM,98,83,15
06/28/2018 07:00:00 PM,62,46,16
06/28/2018 08:00:00 PM,21,20,1
06/28/2018 09:00:00 PM,14,12,2
06/28/2018 10:00:00 PM,5,5,0
06/28/2018 11:00:00 PM,6,4,2
06/29/2018 12:00:00 AM,6,4,2
06/29/2018 01:00:00 AM,4,1,3
06/29/2018 02:00:00 AM,2,2,0
06/29/2018 03:00:00 AM,2,2,0
06/29/2018 04:00:00 AM,4,1,3
06/29/2018 05:00:00 AM,27,3,24
06/29/2018 06:00:00 AM,65,13,52
06/29/2018 07:00:00 AM,130,13,117
06/29/2018 08:00:00 AM,116,8,108
06/29/2018 09:00:00 AM,52,11,41
06/29/2018 10:00:00 AM,27,8,19
06/29/2018 11:00:00 AM,24,8,16
06/29/2018 12:00:00 PM,26,12,14
06/29/2018 01:00:00 PM,28,17,11
06/29/2018 02:00:00 PM,25,15,10
06/29/2018 03:00:00 PM,57,46,11
06/29/2018 04:00:00 PM,96,84,12
06/29/2018 05:00:00 PM,128,108,20
06/29/2018 06:00:00 PM,75,63,12
06/29/2018 07:00:00 PM,40,26,14
06/29/2018 08:00:00 PM,24,10,14
06/29/2018 09:00:00 PM,11,11,0
06/29/2018 10:00:00 PM,16,10,6
06/29/2018 11:00:00 PM,5,5,0
06/30/2018 12:00:00 AM,3,3,0
06/30/2018 01:00:00 AM,2,2,0
06/30/2018 02:00:00 AM,2,1,1
06/30/2018 03:00:00 AM,2,2,0
06/30/2018 04:00:00 AM,2,1,1
06/30/2018 05:00:00 AM,3,0,3
06/30/2018 06:00:00 AM,13,9,4
06/30/2018 07:00:00 AM,22,7,15
06/30/2018 08:00:00 AM,50,29,21
06/30/2018 09:00:00 AM,36,15,21
06/30/2018 10:00:00 AM,46,22,24
06/30/2018 11:00:00 AM,42,19,23
06/30/2018 12:00:00 PM,76,23,53
06/30/2018 01:00:00 PM,35,20,15
06/30/2018 02:00:00 PM,44,27,17
06/30/2018 03:00:00 PM,37,17,20
06/30/2018 04:00:00 PM,45,33,12
06/30/2018 05:00:00 PM,23,16,7
06/30/2018 06:00:00 PM,26,16,10
06/30/2018 07:00:00 PM,29,15,14
06/30/2018 08:00:00 PM,22,5,17
06/30/2018 09:00:00 PM,7,7,0
06/30/2018 10:00:00 PM,16,12,4
06/30/2018 11:00:00 PM,4,3,1
07/01/2018 12:00:00 AM,4,4,0
07/01/2018 01:00:00 AM,3,1,2
07/01/2018 02:00:00 AM,3,2,1
07/01/2018 03:00:00 AM,2,1,1
07/01/2018 04:00:00 AM,2,1,1
07/01/2018 05:00:00 AM,3,1,2
07/01/2018 06:00:00 AM,12,5,7
07/01/2018 07:00:00 AM,19,7,12
07/01/2018 08:00:00 AM,44,21,23
07/01/2018 09:00:00 AM,42,22,20
07/01/2018 10:00:00 AM,30,14,16
07/01/2018 11:00:00 AM,60,31,29
07/01/2018 12:00:00 PM,62,28,34
07/01/2018 01:00:00 PM,38,20,18
07/01/2018 02:00:00 PM,48,24,24
07/01/2018 03:00:00 PM,43,23,20
07/01/2018 04:00:00 PM,42,24,18
07/01/2018 05:00:00 PM,44,26,18
07/01/2018 06:00:00 PM,37,18,19
07/01/2018 07:00:00 PM,18,12,6
07/01/2018 08:00:00 PM,19,7,12
07/01/2018 09:00:00 PM,10,5,5
07/01/2018 10:00:00 PM,4,4,0
07/01/2018 11:00:00 PM,3,3,0
07/02/2018 12:00:00 AM,5,3,2
07/02/2018 01:00:00 AM,2,1,1
07/02/2018 02:00:00 AM,0,0,0
07/02/2018 03:00:00 AM,1,0,1
07/02/2018 04:00:00 AM,7,0,7
07/02/2018 05:00:00 AM,28,6,22
07/02/2018 06:00:00 AM,73,7,66
07/02/2018 07:00:00 AM,137,11,126
07/02/2018 08:00:00 AM,142,11,131
07/02/2018 09:00:00 AM,67,5,62
07/02/2018 10:00:00 AM,23,9,14
07/02/2018 11:00:00 AM,25,13,12
07/02/2018 12:00:00 PM,22,10,12
07/02/2018 01:00:00 PM,18,7,11
07/02/2018 02:00:00 PM,46,18,28
07/02/2018 03:00:00 PM,48,32,16
07/02/2018 04:00:00 PM,109,94,15
07/02/2018 05:00:00 PM,160,140,20
07/02/2018 06:00:00 PM,147,130,17
07/02/2018 07:00:00 PM,81,44,37
07/02/2018 08:00:00 PM,33,25,8
07/02/2018 09:00:00 PM,15,13,2
07/02/2018 10:00:00 PM,6,5,1
07/02/2018 11:00:00 PM,6,5,1
07/03/2018 12:00:00 AM,2,1,1
07/03/2018 01:00:00 AM,2,1,1
07/03/2018 02:00:00 AM,2,2,0
07/03/2018 03:00:00 AM,4,2,2
07/03/2018 04:00:00 AM,10,2,8
07/03/2018 05:00:00 AM,28,5,23
07/03/2018 06:00:00 AM,91,13,78
07/03/2018 07:00:00 AM,158,13,145
07/03/2018 08:00:00 AM,167,13,154
07/03/2018 09:00:00 AM,65,10,55
07/03/2018 10:00:00 AM,29,9,20
07/03/2018 11:00:00 AM,24,10,14
07/03/2018 12:00:00 PM,17,7,10
07/03/2018 01:00:00 PM,44,27,17
07/03/2018 02:00:00 PM,53,32,21
07/03/2018 03:00:00 PM,104,84,20
07/03/2018 04:00:00 PM,127,103,24
07/03/2018 05:00:00 PM,184,153,31
07/03/2018 06:00:00 PM,128,104,24
07/03/2018 07:00:00 PM,57,37,20
07/03/2018 08:00:00 PM,38,32,6
07/03/2018 09:00:00 PM,31,23,8
07/03/2018 10:00:00 PM,22,16,6
07/03/2018 11:00:00 PM,7,5,2
07/04/2018 12:00:00 AM,11,6,5
07/04/2018 01:00:00 AM,2,0,2
07/04/2018 02:00:00 AM,2,1,1
07/04/2018 03:00:00 AM,1,1,0
07/04/2018 04:00:00 AM,2,1,1
07/04/2018 05:00:00 AM,10,5,5
07/04/2018 06:00:00 AM,12,3,9
07/04/2018 07:00:00 AM,30,9,21
07/04/2018 08:00:00 AM,42,8,34
07/04/2018 09:00:00 AM,70,32,38
07/04/2018 10:00:00 AM,68,35,33
07/04/2018 11:00:00 AM,104,56,48
07/04/2018 12:00:00 PM,116,43,73
07/04/2018 01:00:00 PM,101,59,42
07/04/2018 02:00:00 PM,86,39,47
07/04/2018 03:00:00 PM,61,33,28
07/04/2018 04:00:00 PM,57,39,18
07/04/2018 05:00:00 PM,71,51,20
07/04/2018 06:00:00 PM,31,19,12
07/04/2018 07:00:00 PM,37,16,21
07/04/2018 08:00:00 PM,26,10,16
07/04/2018 09:00:00 PM,20,6,14
07/04/2018 10:00:00 PM,12,4,8
07/04/2018 11:00:00 PM,4,1,3
07/05/2018 12:00:00 AM,12,11,1
07/05/2018 01:00:00 AM,5,1,4
07/05/2018 02:00:00 AM,2,1,1
07/05/2018 03:00:00 AM,4,1,3
07/05/2018 04:00:00 AM,8,1,7
07/05/2018 05:00:00 AM,20,8,12
07/05/2018 06:00:00 AM,69,9,60
07/05/2018 07:00:00 AM,108,7,101
07/05/2018 08:00:00 AM,111,6,105
07/05/2018 09:00:00 AM,86,12,74
07/05/2018 10:00:00 AM,44,19,25
07/05/2018 11:00:00 AM,38,22,16
07/05/2018 12:00:00 PM,33,14,19
07/05/2018 01:00:00 PM,47,21,26
07/05/2018 02:00:00 PM,35,20,15
07/05/2018 03:00:00 PM,74,47,27
07/05/2018 04:00:00 PM,110,80,30
07/05/2018 05:00:00 PM,152,130,22
07/05/2018 06:00:00 PM,93,80,13
07/05/2018 07:00:00 PM,66,48,18
07/05/2018 08:00:00 PM,34,25,9
07/05/2018 09:00:00 PM,20,15,5
07/05/2018 10:00:00 PM,18,10,8
07/05/2018 11:00:00 PM,11,8,3
07/06/2018 12:00:00 AM,11,8,3
07/06/2018 01:00:00 AM,2,0,2
07/06/2018 02:00:00 AM,0,0,0
07/06/2018 03:00:00 AM,2,1,1
07/06/2018 04:00:00 AM,8,5,3
07/06/2018 05:00:00 AM,27,2,25
07/06/2018 06:00:00 AM,66,9,57
07/06/2018 07:00:00 AM,100,7,93
07/06/2018 08:00:00 AM,115,16,99
07/06/2018 09:00:00 AM,61,8,53
07/06/2018 10:00:00 AM,33,7,26
07/06/2018 11:00:00 AM,18,9,9
07/06/2018 12:00:00 PM,45,17,28
07/06/2018 01:00:00 PM,26,20,6
07/06/2018 02:00:00 PM,43,25,18
07/06/2018 03:00:00 PM,66,45,21
07/06/2018 04:00:00 PM,106,89,17
07/06/2018 05:00:00 PM,132,113,19
07/06/2018 06:00:00 PM,65,55,10
07/06/2018 07:00:00 PM,50,31,19
07/06/2018 08:00:00 PM,24,12,12
07/06/2018 09:00:00 PM,14,12,2
07/06/2018 10:00:00 PM,14,10,4
07/06/2018 11:00:00 PM,12,8,4
07/07/2018 12:00:00 AM,7,5,2
07/07/2018 01:00:00 AM,4,3,1
07/07/2018 02:00:00 AM,1,1,0
07/07/2018 03:00:00 AM,3,1,2
07/07/2018 04:00:00 AM,4,4,0
07/07/2018 05:00:00 AM,6,0,6
07/07/2018 06:00:00 AM,5,2,3
07/07/2018 07:00:00 AM,13,4,9
07/07/2018 08:00:00 AM,31,11,20
07/07/2018 09:00:00 AM,44,23,21
07/07/2018 10:00:00 AM,77,45,32
07/07/2018 11:00:00 AM,64,37,27
07/07/2018 12:00:00 PM,76,31,45
07/07/2018 01:00:00 PM,44,23,21
07/07/2018 02:00:00 PM,74,28,46
07/07/2018 03:00:00 PM,85,39,46
07/07/2018 04:00:00 PM,68,31,37
07/07/2018 05:00:00 PM,44,26,18
07/07/2018 06:00:00 PM,50,32,18
07/07/2018 07:00:00 PM,37,15,22
07/07/2018 08:00:00 PM,35,20,15
07/07/2018 09:00:00 PM,15,10,5
07/07/2018 10:00:00 PM,10,5,5
07/07/2018 11:00:00 PM,6,6,0
07/08/2018 12:00:00 AM,7,6,1
07/08/2018 01:00:00 AM,1,1,0
07/08/2018 02:00:00 AM,2,0,2
07/08/2018 03:00:00 AM,1,1,0
07/08/2018 04:00:00 AM,1,0,1
07/08/2018 05:00:00 AM,4,1,3
07/08/2018 06:00:00 AM,9,5,4
07/08/2018 07:00:00 AM,16,9,7
07/08/2018 08:00:00 AM,42,16,26
07/08/2018 09:00:00 AM,63,30,33
07/08/2018 10:00:00 AM,62,29,33
07/08/2018 11:00:00 AM,86,40,46
07/08/2018 12:00:00 PM,118,71,47
07/08/2018 01:00:00 PM,119,44,75
07/08/2018 02:00:00 PM,85,33,52
07/08/2018 03:00:00 PM,85,47,38
07/08/2018 04:00:00 PM,82,44,38
07/08/2018 05:00:00 PM,53,19,34
07/08/2018 06:00:00 PM,33,16,17
07/08/2018 07:00:00 PM,17,14,3
07/08/2018 08:00:00 PM,20,8,12
07/08/2018 09:00:00 PM,11,6,5
07/08/2018 10:00:00 PM,8,5,3
07/08/2018 11:00:00 PM,5,3,2
07/09/2018 12:00:00 AM,4,2,2
07/09/2018 01:00:00 AM,3,3,0
07/09/2018 02:00:00 AM,2,1,1
07/09/2018 03:00:00 AM,0,0,0
07/09/2018 04:00:00 AM,8,3,5
07/09/2018 05:00:00 AM,40,7,33
07/09/2018 06:00:00 AM,104,12,92
07/09/2018 07:00:00 AM,182,10,172
07/09/2018 08:00:00 AM,171,11,160
07/09/2018 09:00:00 AM,61,9,52
07/09/2018 10:00:00 AM,36,11,25
07/09/2018 11:00:00 AM,21,11,10
07/09/2018 12:00:00 PM,21,11,10
07/09/2018 01:00:00 PM,36,18,18
07/09/2018 02:00:00 PM,43,28,15
07/09/2018 03:00:00 PM,69,52,17
07/09/2018 04:00:00 PM,133,108,25
07/09/2018 05:00:00 PM,222,197,25
07/09/2018 06:00:00 PM,128,115,13
07/09/2018 07:00:00 PM,40,32,8
07/09/2018 08:00:00 PM,24,21,3
07/09/2018 09:00:00 PM,17,14,3
07/09/2018 10:00:00 PM,6,5,1
07/09/2018 11:00:00 PM,14,8,6
07/10/2018 12:00:00 AM,2,1,1
07/10/2018 01:00:00 AM,2,1,1
07/10/2018 02:00:00 AM,0,0,0
07/10/2018 03:00:00 AM,3,1,2
07/10/2018 04:00:00 AM,6,2,4
07/10/2018 05:00:00 AM,40,6,34
07/10/2018 06:00:00 AM,91,12,79
07/10/2018 07:00:00 AM,186,26,160
07/10/2018 08:00:00 AM,163,20,143
07/10/2018 09:00:00 AM,64,15,49
07/10/2018 10:00:00 AM,22,4,18
07/10/2018 11:00:00 AM,20,5,15
07/10/2018 12:00:00 PM,22,12,10
07/10/2018 01:00:00 PM,32,13,19
07/10/2018 02:00:00 PM,39,24,15
07/10/2018 03:00:00 PM,41,33,8
07/10/2018 04:00:00 PM,129,104,25
07/10/2018 05:00:00 PM,206,176,30
07/10/2018 06:00:00 PM,156,136,20
07/10/2018 07:00:00 PM,56,46,10
07/10/2018 08:00:00 PM,46,26,20
07/10/2018 09:00:00 PM,29,17,12
07/10/2018 10:00:00 PM,9,8,1
07/10/2018 11:00:00 PM,5,5,0
07/11/2018 12:00:00 AM,1,1,0
07/11/2018 01:00:00 AM,2,0,2
07/11/2018 02:00:00 AM,2,2,0
07/11/2018 03:00:00 AM,3,3,0
07/11/2018 04:00:00 AM,10,2,8
07/11/2018 05:00:00 AM,36,7,29
07/11/2018 06:00:00 AM,121,13,108
07/11/2018 07:00:00 AM,176,13,163
07/11/2018 08:00:00 AM,164,24,140
07/11/2018 09:00:00 AM,85,19,66
07/11/2018 10:00:00 AM,37,13,24
07/11/2018 11:00:00 AM,34,14,20
07/11/2018 12:00:00 PM,33,12,21
07/11/2018 01:00:00 PM,32,16,16
07/11/2018 02:00:00 PM,38,16,22
07/11/2018 03:00:00 PM,77,61,16
07/11/2018 04:00:00 PM,132,96,36
07/11/2018 05:00:00 PM,231,199,32
07/11/2018 06:00:00 PM,145,127,18
07/11/2018 07:00:00 PM,76,62,14
07/11/2018 08:00:00 PM,48,29,19
07/11/2018 09:00:00 PM,31,19,12
07/11/2018 10:00:00 PM,25,14,11
07/11/2018 11:00:00 PM,4,1,3
07/12/2018 12:00:00 AM,4,3,1
07/12/2018 01:00:00 AM,1,1,0
07/12/2018 02:00:00 AM,2,2,0
07/12/2018 03:00:00 AM,1,1,0
07/12/2018 04:00:00 AM,7,1,6
07/12/2018 05:00:00 AM,34,4,30
07/12/2018 06:00:00 AM,108,10,98
07/12/2018 07:00:00 AM,164,9,155
07/12/2018 08:00:00 AM,165,12,153
07/12/2018 09:00:00 AM,77,8,69
07/12/2018 10:00:00 AM,45,20,25
07/12/2018 11:00:00 AM,43,13,30
07/12/2018 12:00:00 PM,44,20,24
07/12/2018 01:00:00 PM,36,14,22
07/12/2018 02:00:00 PM,40,27,13
07/12/2018 03:00:00 PM,72,54,18
07/12/2018 04:00:00 PM,129,110,19
07/12/2018 05:00:00 PM,192,166,26
07/12/2018 06:00:00 PM,137,123,14
07/12/2018 07:00:00 PM,65,57,8
07/12/2018 08:00:00 PM,43,30,13
07/12/2018 09:00:00 PM,27,18,9
07/12/2018 10:00:00 PM,17,10,7
07/12/2018 11:00:00 PM,5,1,4
07/13/2018 12:00:00 AM,3,2,1
07/13/2018 01:00:00 AM,2,2,0
07/13/2018 02:00:00 AM,3,1,2
07/13/2018 03:00:00 AM,5,4,1
07/13/2018 04:00:00 AM,8,1,7
07/13/2018 05:00:00 AM,29,5,24
07/13/2018 06:00:00 AM,88,13,75
07/13/2018 07:00:00 AM,152,10,142
07/13/2018 08:00:00 AM,124,16,108
07/13/2018 09:00:00 AM,38,11,27
07/13/2018 10:00:00 AM,36,12,24
07/13/2018 11:00:00 AM,47,23,24
07/13/2018 12:00:00 PM,25,11,14
07/13/2018 01:00:00 PM,47,26,21
07/13/2018 02:00:00 PM,52,29,23
07/13/2018 03:00:00 PM,74,59,15
07/13/2018 04:00:00 PM,119,96,23
07/13/2018 05:00:00 PM,159,141,18
07/13/2018 06:00:00 PM,82,70,12
07/13/2018 07:00:00 PM,45,30,15
07/13/2018 08:00:00 PM,31,17,14
07/13/2018 09:00:00 PM,28,14,14
07/13/2018 10:00:00 PM,10,5,5
07/13/2018 11:00:00 PM,14,6,8
07/14/2018 12:00:00 AM,11,10,1
07/14/2018 01:00:00 AM,2,1,1
07/14/2018 02:00:00 AM,3,1,2
07/14/2018 03:00:00 AM,3,2,1
07/14/2018 04:00:00 AM,9,3,6
07/14/2018 05:00:00 AM,9,3,6
07/14/2018 06:00:00 AM,17,3,14
07/14/2018 07:00:00 AM,17,6,11
07/14/2018 08:00:00 AM,26,9,17
07/14/2018 09:00:00 AM,58,27,31
07/14/2018 10:00:00 AM,70,37,33
07/14/2018 11:00:00 AM,69,45,24
07/14/2018 12:00:00 PM,87,47,40
07/14/2018 01:00:00 PM,88,40,48
07/14/2018 02:00:00 PM,76,36,40
07/14/2018 03:00:00 PM,65,27,38
07/14/2018 04:00:00 PM,59,41,18
07/14/2018 05:00:00 PM,45,23,22
07/14/2018 06:00:00 PM,48,27,21
07/14/2018 07:00:00 PM,36,15,21
07/14/2018 08:00:00 PM,37,19,18
07/14/2018 09:00:00 PM,17,8,9
07/14/2018 10:00:00 PM,13,4,9
07/14/2018 11:00:00 PM,10,5,5
07/15/2018 12:00:00 AM,3,3,0
07/15/2018 01:00:00 AM,2,0,2
07/15/2018 02:00:00 AM,3,2,1
07/15/2018 03:00:00 AM,3,0,3
07/15/2018 04:00:00 AM,3,2,1
07/15/2018 05:00:00 AM,3,2,1
07/15/2018 06:00:00 AM,21,9,12
07/15/2018 07:00:00 AM,26,11,15
07/15/2018 08:00:00 AM,39,13,26
07/15/2018 09:00:00 AM,34,14,20
07/15/2018 10:00:00 AM,69,34,35
07/15/2018 11:00:00 AM,72,34,38
07/15/2018 12:00:00 PM,76,41,35
07/15/2018 01:00:00 PM,78,39,39
07/15/2018 02:00:00 PM,49,29,20
07/15/2018 03:00:00 PM,59,36,23
07/15/2018 04:00:00 PM,54,25,29
07/15/2018 05:00:00 PM,41,20,21
07/15/2018 06:00:00 PM,34,21,13
07/15/2018 07:00:00 PM,26,17,9
07/15/2018 08:00:00 PM,20,12,8
07/15/2018 09:00:00 PM,20,11,9
07/15/2018 10:00:00 PM,10,7,3
07/15/2018 11:00:00 PM,8,5,3
07/16/2018 12:00:00 AM,4,1,3
07/16/2018 01:00:00 AM,8,3,5
07/16/2018 02:00:00 AM,1,0,1
07/16/2018 03:00:00 AM,0,0,0
07/16/2018 04:00:00 AM,9,4,5
07/16/2018 05:00:00 AM,32,8,24
07/16/2018 06:00:00 AM,61,5,56
07/16/2018 07:00:00 AM,203,18,185
07/16/2018 08:00:00 AM,156,13,143
07/16/2018 09:00:00 AM,72,13,59
07/16/2018 10:00:00 AM,27,7,20
07/16/2018 11:00:00 AM,29,12,17
07/16/2018 12:00:00 PM,37,24,13
07/16/2018 01:00:00 PM,25,10,15
07/16/2018 02:00:00 PM,28,15,13
07/16/2018 03:00:00 PM,58,40,18
07/16/2018 04:00:00 PM,114,100,14
07/16/2018 05:00:00 PM,198,177,21
07/16/2018 06:00:00 PM,145,126,19
07/16/2018 07:00:00 PM,42,37,5
07/16/2018 08:00:00 PM,51,22,29
07/16/2018 09:00:00 PM,31,16,15
07/16/2018 10:00:00 PM,5,4,1
07/16/2018 11:00:00 PM,9,5,4
07/17/2018 12:00:00 AM,3,2,1
07/17/2018 01:00:00 AM,0,0,0
07/17/2018 02:00:00 AM,4,4,0
07/17/2018 03:00:00 AM,1,1,0
07/17/2018 04:00:00 AM,11,5,6
07/17/2018 05:00:00 AM,43,11,32
07/17/2018 06:00:00 AM,98,11,87
07/17/2018 07:00:00 AM,180,17,163
07/17/2018 08:00:00 AM,163,16,147
07/17/2018 09:00:00 AM,57,11,46
07/17/2018 10:00:00 AM,31,10,21
07/17/2018 11:00:00 AM,39,19,20
07/17/2018 12:00:00 PM,24,10,14
07/17/2018 01:00:00 PM,16,6,10
07/17/2018 02:00:00 PM,46,25,21
07/17/2018 03:00:00 PM,62,44,18
07/17/2018 04:00:00 PM,130,114,16
07/17/2018 05:00:00 PM,204,175,29
07/17/2018 06:00:00 PM,128,106,22
07/17/2018 07:00:00 PM,63,50,13
07/17/2018 08:00:00 PM,44,32,12
07/17/2018 09:00:00 PM,31,17,14
07/17/2018 10:00:00 PM,13,7,6
07/17/2018 11:00:00 PM,17,14,3
07/18/2018 12:00:00 AM,5,4,1
07/18/2018 01:00:00 AM,2,2,0
07/18/2018 02:00:00 AM,2,0,2
07/18/2018 03:00:00 AM,3,2,1
07/18/2018 04:00:00 AM,6,1,5
07/18/2018 05:00:00 AM,41,9,32
07/18/2018 06:00:00 AM,123,16,107
07/18/2018 07:00:00 AM,174,24,150
07/18/2018 08:00:00 AM,154,21,133
07/18/2018 09:00:00 AM,82,9,73
07/18/2018 10:00:00 AM,33,5,28
07/18/2018 11:00:00 AM,31,10,21
07/18/2018 12:00:00 PM,19,9,10
07/18/2018 01:00:00 PM,38,24,14
07/18/2018 02:00:00 PM,35,17,18
07/18/2018 03:00:00 PM,48,40,8
07/18/2018 04:00:00 PM,138,108,30
07/18/2018 05:00:00 PM,218,196,22
07/18/2018 06:00:00 PM,125,106,19
07/18/2018 07:00:00 PM,76,57,19
07/18/2018 08:00:00 PM,33,25,8
07/18/2018 09:00:00 PM,40,24,16
07/18/2018 10:00:00 PM,17,13,4
07/18/2018 11:00:00 PM,4,3,1
07/19/2018 12:00:00 AM,5,5,0
07/19/2018 01:00:00 AM,1,0,1
07/19/2018 02:00:00 AM,1,0,1
07/19/2018 03:00:00 AM,3,2,1
07/19/2018 04:00:00 AM,9,3,6
07/19/2018 05:00:00 AM,37,6,31
07/19/2018 06:00:00 AM,90,6,84
07/19/2018 07:00:00 AM,165,15,150
07/19/2018 08:00:00 AM,117,5,112
07/19/2018 09:00:00 AM,64,9,55
07/19/2018 10:00:00 AM,31,7,24
07/19/2018 11:00:00 AM,29,12,17
07/19/2018 12:00:00 PM,24,7,17
07/19/2018 01:00:00 PM,32,15,17
07/19/2018 02:00:00 PM,31,12,19
07/19/2018 03:00:00 PM,60,47,13
07/19/2018 04:00:00 PM,107,88,19
07/19/2018 05:00:00 PM,184,162,22
07/19/2018 06:00:00 PM,107,94,13
07/19/2018 07:00:00 PM,65,53,12
07/19/2018 08:00:00 PM,32,26,6
07/19/2018 09:00:00 PM,22,17,5
07/19/2018 10:00:00 PM,13,8,5
07/19/2018 11:00:00 PM,2,2,0
07/20/2018 12:00:00 AM,6,4,2
07/20/2018 01:00:00 AM,3,1,2
07/20/2018 02:00:00 AM,3,2,1
07/20/2018 03:00:00 AM,0,0,0
07/20/2018 04:00:00 AM,8,2,6
07/20/2018 05:00:00 AM,28,5,23
07/20/2018 06:00:00 AM,78,9,69
07/20/2018 07:00:00 AM,129,15,114
07/20/2018 08:00:00 AM,124,10,114
07/20/2018 09:00:00 AM,46,11,35
07/20/2018 10:00:00 AM,35,3,32
07/20/2018 11:00:00 AM,28,15,13
07/20/2018 12:00:00 PM,39,16,23
07/20/2018 01:00:00 PM,37,19,18
07/20/2018 02:00:00 PM,48,33,15
07/20/2018 03:00:00 PM,92,65,27
07/20/2018 04:00:00 PM,116,83,33
07/20/2018 05:00:00 PM,146,125,21
07/20/2018 06:00:00 PM,78,62,16
07/20/2018 07:00:00 PM,56,40,16
07/20/2018 08:00:00 PM,25,15,10
07/20/2018 09:00:00 PM,14,10,4
07/20/2018 10:00:00 PM,20,19,1
07/20/2018 11:00:00 PM,11,10,1
07/21/2018 12:00:00 AM,7,3,4
07/21/2018 01:00:00 AM,4,2,2
07/21/2018 02:00:00 AM,3,2,1
07/21/2018 03:00:00 AM,2,1,1
07/21/2018 04:00:00 AM,3,2,1
07/21/2018 05:00:00 AM,4,1,3
07/21/2018 06:00:00 AM,21,11,10
07/21/2018 07:00:00 AM,34,19,15
07/21/2018 08:00:00 AM,48,9,39
07/21/2018 09:00:00 AM,44,20,24
07/21/2018 10:00:00 AM,82,57,25
07/21/2018 11:00:00 AM,109,59,50
07/21/2018 12:00:00 PM,89,32,57
07/21/2018 01:00:00 PM,74,35,39
07/21/2018 02:00:00 PM,79,46,33
07/21/2018 03:00:00 PM,102,62,40
07/21/2018 04:00:00 PM,52,29,23
07/21/2018 05:00:00 PM,97,46,51
07/21/2018 06:00:00 PM,49,28,21
07/21/2018 07:00:00 PM,28,15,13
07/21/2018 08:00:00 PM,32,15,17
07/21/2018 09:00:00 PM,24,13,11
07/21/2018 10:00:00 PM,15,12,3
07/21/2018 11:00:00 PM,5,5,0
07/22/2018 12:00:00 AM,8,4,4
07/22/2018 01:00:00 AM,8,5,3
07/22/2018 02:00:00 AM,11,10,1
07/22/2018 03:00:00 AM,1,1,0
07/22/2018 04:00:00 AM,0,0,0
07/22/2018 05:00:00 AM,1,0,1
07/22/2018 06:00:00 AM,8,2,6
07/22/2018 07:00:00 AM,15,6,9
07/22/2018 08:00:00 AM,24,7,17
07/22/2018 09:00:00 AM,43,26,17
07/22/2018 10:00:00 AM,56,24,32
07/22/2018 11:00:00 AM,84,43,41
07/22/2018 12:00:00 PM,78,26,52
07/22/2018 01:00:00 PM,69,38,31
07/22/2018 02:00:00 PM,78,39,39
07/22/2018 03:00:00 PM,66,33,33
07/22/2018 04:00:00 PM,72,42,30
07/22/2018 05:00:00 PM,38,16,22
07/22/2018 06:00:00 PM,46,28,18
07/22/2018 07:00:00 PM,37,23,14
07/22/2018 08:00:00 PM,18,10,8
07/22/2018 09:00:00 PM,21,11,10
07/22/2018 10:00:00 PM,5,3,2
07/22/2018 11:00:00 PM,6,3,3
07/23/2018 12:00:00 AM,2,1,1
07/23/2018 01:00:00 AM,2,2,0
07/23/2018 02:00:00 AM,2,1,1
07/23/2018 03:00:00 AM,0,0,0
07/23/2018 04:00:00 AM,6,0,6
07/23/2018 05:00:00 AM,41,6,35
07/23/2018 06:00:00 AM,101,9,92
07/23/2018 07:00:00 AM,177,19,158
07/23/2018 08:00:00 AM,167,17,150
07/23/2018 09:00:00 AM,79,13,66
07/23/2018 10:00:00 AM,38,9,29
07/23/2018 11:00:00 AM,17,6,11
07/23/2018 12:00:00 PM,29,12,17
07/23/2018 01:00:00 PM,34,20,14
07/23/2018 02:00:00 PM,55,33,22
07/23/2018 03:00:00 PM,44,35,9
07/23/2018 04:00:00 PM,123,102,21
07/23/2018 05:00:00 PM,199,184,15
07/23/2018 06:00:00 PM,139,129,10
07/23/2018 07:00:00 PM,59,47,12
07/23/2018 08:00:00 PM,39,21,18
07/23/2018 09:00:00 PM,24,16,8
07/23/2018 10:00:00 PM,11,9,2
07/23/2018 11:00:00 PM,6,3,3
07/24/2018 12:00:00 AM,1,1,0
07/24/2018 01:00:00 AM,6,3,3
07/24/2018 02:00:00 AM,0,0,0
07/24/2018 03:00:00 AM,1,0,1
07/24/2018 04:00:00 AM,8,2,6
07/24/2018 05:00:00 AM,44,8,36
07/24/2018 06:00:00 AM,106,13,93
07/24/2018 07:00:00 AM,210,21,189
07/24/2018 08:00:00 AM,166,10,156
07/24/2018 09:00:00 AM,74,16,58
07/24/2018 10:00:00 AM,34,14,20
07/24/2018 11:00:00 AM,35,12,23
07/24/2018 12:00:00 PM,28,10,18
07/24/2018 01:00:00 PM,26,17,9
07/24/2018 02:00:00 PM,40,23,17
07/24/2018 03:00:00 PM,85,61,24
07/24/2018 04:00:00 PM,138,116,22
07/24/2018 05:00:00 PM,225,197,28
07/24/2018 06:00:00 PM,137,115,22
07/24/2018 07:00:00 PM,63,53,10
07/24/2018 08:00:00 PM,27,20,7
07/24/2018 09:00:00 PM,21,12,9
07/24/2018 10:00:00 PM,17,15,2
07/24/2018 11:00:00 PM,7,6,1
07/25/2018 12:00:00 AM,6,4,2
07/25/2018 01:00:00 AM,1,1,0
07/25/2018 02:00:00 AM,3,1,2
07/25/2018 03:00:00 AM,4,3,1
07/25/2018 04:00:00 AM,6,1,5
07/25/2018 05:00:00 AM,37,7,30
07/25/2018 06:00:00 AM,113,12,101
07/25/2018 07:00:00 AM,159,18,141
07/25/2018 08:00:00 AM,163,18,145
07/25/2018 09:00:00 AM,70,16,54
07/25/2018 10:00:00 AM,47,13,34
07/25/2018 11:00:00 AM,38,19,19
07/25/2018 12:00:00 PM,34,14,20
07/25/2018 01:00:00 PM,40,24,16
07/25/2018 02:00:00 PM,25,8,17
07/25/2018 03:00:00 PM,67,50,17
07/25/2018 04:00:00 PM,147,126,21
07/25/2018 05:00:00 PM,201,176,25
07/25/2018 06:00:00 PM,154,130,24
07/25/2018 07:00:00 PM,77,59,18
07/25/2018 08:00:00 PM,47,38,9
07/25/2018 09:00:00 PM,37,23,14
07/25/2018 10:00:00 PM,18,12,6
07/25/2018 11:00:00 PM,14,9,5
07/26/2018 12:00:00 AM,5,2,3
07/26/2018 01:00:00 AM,5,3,2
07/26/2018 02:00:00 AM,3,2,1
07/26/2018 03:00:00 AM,4,4,0
07/26/2018 04:00:00 AM,4,1,3
07/26/2018 05:00:00 AM,31,2,29
07/26/2018 06:00:00 AM,91,9,82
07/26/2018 07:00:00 AM,137,12,125
07/26/2018 08:00:00 AM,179,15,164
07/26/2018 09:00:00 AM,79,12,67
07/26/2018 10:00:00 AM,41,17,24
07/26/2018 11:00:00 AM,30,14,16
07/26/2018 12:00:00 PM,43,17,26
07/26/2018 01:00:00 PM,33,18,15
07/26/2018 02:00:00 PM,40,23,17
07/26/2018 03:00:00 PM,51,35,16
07/26/2018 04:00:00 PM,114,86,28
07/26/2018 05:00:00 PM,207,181,26
07/26/2018 06:00:00 PM,128,101,27
07/26/2018 07:00:00 PM,71,63,8
07/26/2018 08:00:00 PM,57,35,22
07/26/2018 09:00:00 PM,15,11,4
07/26/2018 10:00:00 PM,9,6,3
07/26/2018 11:00:00 PM,14,10,4
07/27/2018 12:00:00 AM,5,5,0
07/27/2018 01:00:00 AM,1,0,1
07/27/2018 02:00:00 AM,1,0,1
07/27/2018 03:00:00 AM,3,2,1
07/27/2018 04:00:00 AM,6,2,4
07/27/2018 05:00:00 AM,24,4,20
07/27/2018 06:00:00 AM,79,7,72
07/27/2018 07:00:00 AM,130,12,118
07/27/2018 08:00:00 AM,131,11,120
07/27/2018 09:00:00 AM,55,11,44
07/27/2018 10:00:00 AM,39,18,21
07/27/2018 11:00:00 AM,32,14,18
07/27/2018 12:00:00 PM,25,11,14
07/27/2018 01:00:00 PM,34,15,19
07/27/2018 02:00:00 PM,54,36,18
07/27/2018 03:00:00 PM,64,49,15
07/27/2018 04:00:00 PM,125,100,25
07/27/2018 05:00:00 PM,157,138,19
07/27/2018 06:00:00 PM,82,67,15
07/27/2018 07:00:00 PM,62,47,15
07/27/2018 08:00:00 PM,30,22,8
07/27/2018 09:00:00 PM,24,13,11
07/27/2018 10:00:00 PM,17,11,6
07/27/2018 11:00:00 PM,9,7,2
07/28/2018 12:00:00 AM,6,5,1
07/28/2018 01:00:00 AM,3,3,0
07/28/2018 02:00:00 AM,2,1,1
07/28/2018 03:00:00 AM,2,1,1
07/28/2018 04:00:00 AM,3,2,1
07/28/2018 05:00:00 AM,7,1,6
07/28/2018 06:00:00 AM,14,6,8
07/28/2018 07:00:00 AM,28,10,18
07/28/2018 08:00:00 AM,29,13,16
07/28/2018 09:00:00 AM,60,30,30
07/28/2018 10:00:00 AM,61,37,24
07/28/2018 11:00:00 AM,73,40,33
07/28/2018 12:00:00 PM,73,38,35
07/28/2018 01:00:00 PM,50,29,21
07/28/2018 02:00:00 PM,64,23,41
07/28/2018 03:00:00 PM,44,20,24
07/28/2018 04:00:00 PM,60,30,30
07/28/2018 05:00:00 PM,52,31,21
07/28/2018 06:00:00 PM,35,19,16
07/28/2018 07:00:00 PM,38,25,13
07/28/2018 08:00:00 PM,23,11,12
07/28/2018 09:00:00 PM,21,10,11
07/28/2018 10:00:00 PM,24,9,15
07/28/2018 11:00:00 PM,14,8,6
07/29/2018 12:00:00 AM,7,5,2
07/29/2018 01:00:00 AM,1,0,1
07/29/2018 02:00:00 AM,6,4,2
07/29/2018 03:00:00 AM,1,0,1
07/29/2018 04:00:00 AM,0,0,0
07/29/2018 05:00:00 AM,6,5,1
07/29/2018 06:00:00 AM,9,3,6
07/29/2018 07:00:00 AM,21,9,12
07/29/2018 08:00:00 AM,51,19,32
07/29/2018 09:00:00 AM,50,28,22
07/29/2018 10:00:00 AM,71,39,32
07/29/2018 11:00:00 AM,71,44,27
07/29/2018 12:00:00 PM,103,46,57
07/29/2018 01:00:00 PM,77,35,42
07/29/2018 02:00:00 PM,67,32,35
07/29/2018 03:00:00 PM,56,18,38
07/29/2018 04:00:00 PM,69,36,33
07/29/2018 05:00:00 PM,53,24,29
07/29/2018 06:00:00 PM,42,19,23
07/29/2018 07:00:00 PM,26,17,9
07/29/2018 08:00:00 PM,26,13,13
07/29/2018 09:00:00 PM,13,7,6
07/29/2018 10:00:00 PM,11,4,7
07/29/2018 11:00:00 PM,5,3,2
07/30/2018 12:00:00 AM,7,4,3
07/30/2018 01:00:00 AM,7,4,3
07/30/2018 02:00:00 AM,3,1,2
07/30/2018 03:00:00 AM,2,1,1
07/30/2018 04:00:00 AM,10,1,9
07/30/2018 05:00:00 AM,30,7,23
07/30/2018 06:00:00 AM,92,16,76
07/30/2018 07:00:00 AM,173,15,158
07/30/2018 08:00:00 AM,156,15,141
07/30/2018 09:00:00 AM,69,8,61
07/30/2018 10:00:00 AM,29,10,19
07/30/2018 11:00:00 AM,27,13,14
07/30/2018 12:00:00 PM,27,17,10
07/30/2018 01:00:00 PM,23,11,12
07/30/2018 02:00:00 PM,34,22,12
07/30/2018 03:00:00 PM,56,44,12
07/30/2018 04:00:00 PM,115,96,19
07/30/2018 05:00:00 PM,213,183,30
07/30/2018 06:00:00 PM,139,121,18
07/30/2018 07:00:00 PM,61,45,16
07/30/2018 08:00:00 PM,18,9,9
07/30/2018 09:00:00 PM,22,17,5
07/30/2018 10:00:00 PM,15,13,2
07/30/2018 11:00:00 PM,7,4,3
07/31/2018 12:00:00 AM,3,3,0
07/31/2018 01:00:00 AM,5,4,1
07/31/2018 02:00:00 AM,1,1,0
07/31/2018 03:00:00 AM,3,1,2
07/31/2018 04:00:00 AM,8,2,6
07/31/2018 05:00:00 AM,38,6,32
07/31/2018 06:00:00 AM,91,11,80
07/31/2018 07:00:00 AM,194,17,177
07/31/2018 08:00:00 AM,166,16,150
07/31/2018 09:00:00 AM,66,15,51
07/31/2018 10:00:00 AM,36,9,27
07/31/2018 11:00:00 AM,26,15,11
07/31/2018 12:00:00 PM,33,10,23
07/31/2018 01:00:00 PM,27,14,13
07/31/2018 02:00:00 PM,39,16,23
07/31/2018 03:00:00 PM,66,52,14
07/31/2018 04:00:00 PM,142,114,28
07/31/2018 05:00:00 PM,219,181,38
07/31/2018 06:00:00 PM,128,114,14
07/31/2018 07:00:00 PM,73,59,14
07/31/2018 08:00:00 PM,45,32,13
07/31/2018 09:00:00 PM,29,16,13
07/31/2018 10:00:00 PM,23,14,9
07/31/2018 11:00:00 PM,11,10,1
08/01/2018 12:00:00 AM,7,7,0
08/01/2018 01:00:00 AM,5,4,1
08/01/2018 02:00:00 AM,3,1,2
08/01/2018 03:00:00 AM,2,1,1
08/01/2018 04:00:00 AM,8,1,7
08/01/2018 05:00:00 AM,38,8,30
08/01/2018 06:00:00 AM,86,12,74
08/01/2018 07:00:00 AM,189,17,172
08/01/2018 08:00:00 AM,148,15,133
08/01/2018 09:00:00 AM,61,9,52
08/01/2018 10:00:00 AM,27,9,18
08/01/2018 11:00:00 AM,20,5,15
08/01/2018 12:00:00 PM,34,17,17
08/01/2018 01:00:00 PM,27,12,15
08/01/2018 02:00:00 PM,31,13,18
08/01/2018 03:00:00 PM,52,38,14
08/01/2018 04:00:00 PM,145,114,31
08/01/2018 05:00:00 PM,215,189,26
08/01/2018 06:00:00 PM,128,109,19
08/01/2018 07:00:00 PM,79,64,15
08/01/2018 08:00:00 PM,55,37,18
08/01/2018 09:00:00 PM,31,18,13
08/01/2018 10:00:00 PM,19,12,7
08/01/2018 11:00:00 PM,7,3,4
08/02/2018 12:00:00 AM,11,9,2
08/02/2018 01:00:00 AM,6,4,2
08/02/2018 02:00:00 AM,0,0,0
08/02/2018 03:00:00 AM,1,1,0
08/02/2018 04:00:00 AM,2,1,1
08/02/2018 05:00:00 AM,14,5,9
08/02/2018 06:00:00 AM,15,7,8
08/02/2018 07:00:00 AM,47,7,40
08/02/2018 08:00:00 AM,89,13,76
08/02/2018 09:00:00 AM,43,7,36
08/02/2018 10:00:00 AM,29,8,21
08/02/2018 11:00:00 AM,17,5,12
08/02/2018 12:00:00 PM,18,7,11
08/02/2018 01:00:00 PM,16,9,7
08/02/2018 02:00:00 PM,25,11,14
08/02/2018 03:00:00 PM,51,35,16
08/02/2018 04:00:00 PM,76,62,14
08/02/2018 05:00:00 PM,161,140,21
08/02/2018 06:00:00 PM,97,80,17
08/02/2018 07:00:00 PM,61,44,17
08/02/2018 08:00:00 PM,21,13,8
08/02/2018 09:00:00 PM,13,8,5
08/02/2018 10:00:00 PM,19,14,5
08/02/2018 11:00:00 PM,5,5,0
08/03/2018 12:00:00 AM,2,1,1
08/03/2018 01:00:00 AM,7,3,4
08/03/2018 02:00:00 AM,4,4,0
08/03/2018 03:00:00 AM,2,0,2
08/03/2018 04:00:00 AM,5,2,3
08/03/2018 05:00:00 AM,20,5,15
08/03/2018 06:00:00 AM,45,7,38
08/03/2018 07:00:00 AM,113,10,103
08/03/2018 08:00:00 AM,119,14,105
08/03/2018 09:00:00 AM,39,11,28
08/03/2018 10:00:00 AM,38,7,31
08/03/2018 11:00:00 AM,27,10,17
08/03/2018 12:00:00 PM,23,8,15
08/03/2018 01:00:00 PM,36,20,16
08/03/2018 02:00:00 PM,49,28,21
08/03/2018 03:00:00 PM,65,41,24
08/03/2018 04:00:00 PM,90,71,19
08/03/2018 05:00:00 PM,142,111,31
08/03/2018 06:00:00 PM,80,67,13
08/03/2018 07:00:00 PM,37,29,8
08/03/2018 08:00:00 PM,37,18,19
08/03/2018 09:00:00 PM,18,15,3
08/03/2018 10:00:00 PM,21,18,3
08/03/2018 11:00:00 PM,7,3,4
08/04/2018 12:00:00 AM,8,7,1
08/04/2018 01:00:00 AM,8,3,5
08/04/2018 02:00:00 AM,1,0,1
08/04/2018 03:00:00 AM,4,3,1
08/04/2018 04:00:00 AM,3,2,1
08/04/2018 05:00:00 AM,7,1,6
08/04/2018 06:00:00 AM,15,4,11
08/04/2018 07:00:00 AM,21,8,13
08/04/2018 08:00:00 AM,43,13,30
08/04/2018 09:00:00 AM,33,8,25
08/04/2018 10:00:00 AM,61,35,26
08/04/2018 11:00:00 AM,57,21,36
08/04/2018 12:00:00 PM,89,41,48
08/04/2018 01:00:00 PM,62,40,22
08/04/2018 02:00:00 PM,107,80,27
08/04/2018 03:00:00 PM,124,91,33
08/04/2018 04:00:00 PM,173,137,36
08/04/2018 05:00:00 PM,156,122,34
08/04/2018 06:00:00 PM,64,31,33
08/04/2018 07:00:00 PM,41,23,18
08/04/2018 08:00:00 PM,27,10,17
08/04/2018 09:00:00 PM,28,20,8
08/04/2018 10:00:00 PM,21,14,7
08/04/2018 11:00:00 PM,19,15,4
08/05/2018 12:00:00 AM,9,9,0
08/05/2018 01:00:00 AM,8,5,3
08/05/2018 02:00:00 AM,2,2,0
08/05/2018 03:00:00 AM,3,2,1
08/05/2018 04:00:00 AM,2,1,1
08/05/2018 05:00:00 AM,7,2,5
08/05/2018 06:00:00 AM,11,3,8
08/05/2018 07:00:00 AM,20,10,10
08/05/2018 08:00:00 AM,37,12,25
08/05/2018 09:00:00 AM,42,21,21
08/05/2018 10:00:00 AM,45,17,28
08/05/2018 11:00:00 AM,72,32,40
08/05/2018 12:00:00 PM,89,41,48
08/05/2018 01:00:00 PM,76,37,39
08/05/2018 02:00:00 PM,87,49,38
08/05/2018 03:00:00 PM,94,55,39
08/05/2018 04:00:00 PM,77,44,33
08/05/2018 05:00:00 PM,49,28,21
08/05/2018 06:00:00 PM,49,27,22
08/05/2018 07:00:00 PM,29,11,18
08/05/2018 08:00:00 PM,26,19,7
08/05/2018 09:00:00 PM,11,9,2
08/05/2018 10:00:00 PM,11,8,3
08/05/2018 11:00:00 PM,15,10,5
08/06/2018 12:00:00 AM,11,7,4
08/06/2018 01:00:00 AM,4,2,2
08/06/2018 02:00:00 AM,2,2,0
08/06/2018 03:00:00 AM,2,1,1
08/06/2018 04:00:00 AM,10,1,9
08/06/2018 05:00:00 AM,32,4,28
08/06/2018 06:00:00 AM,107,17,90
08/06/2018 07:00:00 AM,193,9,184
08/06/2018 08:00:00 AM,146,13,133
08/06/2018 09:00:00 AM,76,17,59
08/06/2018 10:00:00 AM,43,18,25
08/06/2018 11:00:00 AM,22,12,10
08/06/2018 12:00:00 PM,19,7,12
08/06/2018 01:00:00 PM,33,11,22
08/06/2018 02:00:00 PM,29,16,13
08/06/2018 03:00:00 PM,72,50,22
08/06/2018 04:00:00 PM,157,128,29
08/06/2018 05:00:00 PM,246,217,29
08/06/2018 06:00:00 PM,137,119,18
08/06/2018 07:00:00 PM,78,63,15
08/06/2018 08:00:00 PM,39,27,12
08/06/2018 09:00:00 PM,8,6,2
08/06/2018 10:00:00 PM,8,5,3
08/06/2018 11:00:00 PM,6,6,0
08/07/2018 12:00:00 AM,3,2,1
08/07/2018 01:00:00 AM,6,5,1
08/07/2018 02:00:00 AM,3,1,2
08/07/2018 03:00:00 AM,2,1,1
08/07/2018 04:00:00 AM,13,3,10
08/07/2018 05:00:00 AM,37,5,32
08/07/2018 06:00:00 AM,101,7,94
08/07/2018 07:00:00 AM,206,19,187
08/07/2018 08:00:00 AM,183,21,162
08/07/2018 09:00:00 AM,79,11,68
08/07/2018 10:00:00 AM,42,13,29
08/07/2018 11:00:00 AM,31,12,19
08/07/2018 12:00:00 PM,29,16,13
08/07/2018 01:00:00 PM,26,17,9
08/07/2018 02:00:00 PM,37,26,11
08/07/2018 03:00:00 PM,57,38,19
08/07/2018 04:00:00 PM,168,136,32
08/07/2018 05:00:00 PM,225,200,25
08/07/2018 06:00:00 PM,152,124,28
08/07/2018 07:00:00 PM,60,41,19
08/07/2018 08:00:00 PM,36,25,11
08/07/2018 09:00:00 PM,25,15,10
08/07/2018 10:00:00 PM,17,8,9
08/07/2018 11:00:00 PM,8,6,2
08/08/2018 12:00:00 AM,3,2,1
08/08/2018 01:00:00 AM,6,2,4
08/08/2018 02:00:00 AM,2,1,1
08/08/2018 03:00:00 AM,3,2,1
08/08/2018 04:00:00 AM,8,3,5
08/08/2018 05:00:00 AM,34,9,25
08/08/2018 06:00:00 AM,96,15,81
08/08/2018 07:00:00 AM,184,18,166
08/08/2018 08:00:00 AM,156,15,141
08/08/2018 09:00:00 AM,88,9,79
08/08/2018 10:00:00 AM,35,15,20
08/08/2018 11:00:00 AM,35,11,24
08/08/2018 12:00:00 PM,19,7,12
08/08/2018 01:00:00 PM,38,13,25
08/08/2018 02:00:00 PM,36,19,17
08/08/2018 03:00:00 PM,66,48,18
08/08/2018 04:00:00 PM,123,101,22
08/08/2018 05:00:00 PM,210,183,27
08/08/2018 06:00:00 PM,140,118,22
08/08/2018 07:00:00 PM,79,59,20
08/08/2018 08:00:00 PM,47,27,20
08/08/2018 09:00:00 PM,31,19,12
08/08/2018 10:00:00 PM,7,6,1
08/08/2018 11:00:00 PM,9,7,2
08/09/2018 12:00:00 AM,30,26,4
08/09/2018 01:00:00 AM,6,5,1
08/09/2018 02:00:00 AM,3,2,1
08/09/2018 03:00:00 AM,3,2,1
08/09/2018 04:00:00 AM,8,3,5
08/09/2018 05:00:00 AM,38,4,34
08/09/2018 06:00:00 AM,82,12,70
08/09/2018 07:00:00 AM,170,16,154
08/09/2018 08:00:00 AM,167,15,152
08/09/2018 09:00:00 AM,71,10,61
08/09/2018 10:00:00 AM,46,8,38
08/09/2018 11:00:00 AM,21,9,12
08/09/2018 12:00:00 PM,29,14,15
08/09/2018 01:00:00 PM,21,7,14
08/09/2018 02:00:00 PM,31,15,16
08/09/2018 03:00:00 PM,54,41,13
08/09/2018 04:00:00 PM,109,85,24
08/09/2018 05:00:00 PM,197,173,24
08/09/2018 06:00:00 PM,156,128,28
08/09/2018 07:00:00 PM,71,58,13
08/09/2018 08:00:00 PM,27,21,6
08/09/2018 09:00:00 PM,25,21,4
08/09/2018 10:00:00 PM,18,12,6
08/09/2018 11:00:00 PM,12,10,2
08/10/2018 12:00:00 AM,7,4,3
08/10/2018 01:00:00 AM,2,1,1
08/10/2018 02:00:00 AM,1,0,1
08/10/2018 03:00:00 AM,0,0,0
08/10/2018 04:00:00 AM,8,1,7
08/10/2018 05:00:00 AM,24,4,20
08/10/2018 06:00:00 AM,67,11,56
08/10/2018 07:00:00 AM,157,8,149
08/10/2018 08:00:00 AM,113,15,98
08/10/2018 09:00:00 AM,53,12,41
08/10/2018 10:00:00 AM,33,11,22
08/10/2018 11:00:00 AM,38,15,23
08/10/2018 12:00:00 PM,27,16,11
08/10/2018 01:00:00 PM,35,21,14
08/10/2018 02:00:00 PM,49,33,16
08/10/2018 03:00:00 PM,53,38,15
08/10/2018 04:00:00 PM,111,91,20
08/10/2018 05:00:00 PM,176,151,25
08/10/2018 06:00:00 PM,85,59,26
08/10/2018 07:00:00 PM,46,33,13
08/10/2018 08:00:00 PM,37,27,10
08/10/2018 09:00:00 PM,11,7,4
08/10/2018 10:00:00 PM,9,7,2
08/10/2018 11:00:00 PM,17,11,6
08/11/2018 12:00:00 AM,22,20,2
08/11/2018 01:00:00 AM,8,8,0
08/11/2018 02:00:00 AM,3,2,1
08/11/2018 03:00:00 AM,3,2,1
08/11/2018 04:00:00 AM,5,2,3
08/11/2018 05:00:00 AM,7,2,5
08/11/2018 06:00:00 AM,16,5,11
08/11/2018 07:00:00 AM,22,10,12
08/11/2018 08:00:00 AM,28,9,19
08/11/2018 09:00:00 AM,38,19,19
08/11/2018 10:00:00 AM,43,24,19
08/11/2018 11:00:00 AM,71,43,28
08/11/2018 12:00:00 PM,97,46,51
08/11/2018 01:00:00 PM,167,59,108
08/11/2018 02:00:00 PM,186,72,114
08/11/2018 03:00:00 PM,191,103,88
08/11/2018 04:00:00 PM,184,131,53
08/11/2018 05:00:00 PM,150,128,22
08/11/2018 06:00:00 PM,117,83,34
08/11/2018 07:00:00 PM,176,108,68
08/11/2018 08:00:00 PM,89,20,69
08/11/2018 09:00:00 PM,107,7,100
08/11/2018 10:00:00 PM,175,14,161
08/11/2018 11:00:00 PM,87,6,81
08/12/2018 12:00:00 AM,23,4,19
08/12/2018 01:00:00 AM,4,0,4
08/12/2018 02:00:00 AM,2,1,1
08/12/2018 03:00:00 AM,2,0,2
08/12/2018 04:00:00 AM,5,0,5
08/12/2018 05:00:00 AM,4,1,3
08/12/2018 06:00:00 AM,6,3,3
08/12/2018 07:00:00 AM,22,6,16
08/12/2018 08:00:00 AM,32,8,24
08/12/2018 09:00:00 AM,47,27,20
08/12/2018 10:00:00 AM,47,27,20
08/12/2018 11:00:00 AM,55,32,23
08/12/2018 12:00:00 PM,47,29,18
08/12/2018 01:00:00 PM,51,22,29
08/12/2018 02:00:00 PM,61,25,36
08/12/2018 03:00:00 PM,64,27,37
08/12/2018 04:00:00 PM,67,32,35
08/12/2018 05:00:00 PM,63,36,27
08/12/2018 06:00:00 PM,51,30,21
08/12/2018 07:00:00 PM,11,3,8
08/12/2018 08:00:00 PM,14,8,6
08/12/2018 09:00:00 PM,13,8,5
08/12/2018 10:00:00 PM,15,11,4
08/12/2018 11:00:00 PM,3,3,0
08/13/2018 12:00:00 AM,0,0,0
08/13/2018 01:00:00 AM,0,0,0
08/13/2018 02:00:00 AM,2,2,0
08/13/2018 03:00:00 AM,2,0,2
08/13/2018 04:00:00 AM,3,0,3
08/13/2018 05:00:00 AM,30,6,24
08/13/2018 06:00:00 AM,81,9,72
08/13/2018 07:00:00 AM,179,17,162
08/13/2018 08:00:00 AM,142,8,134
08/13/2018 09:00:00 AM,76,7,69
08/13/2018 10:00:00 AM,29,7,22
08/13/2018 11:00:00 AM,30,15,15
08/13/2018 12:00:00 PM,32,12,20
08/13/2018 01:00:00 PM,34,17,17
08/13/2018 02:00:00 PM,33,21,12
08/13/2018 03:00:00 PM,47,36,11
08/13/2018 04:00:00 PM,129,110,19
08/13/2018 05:00:00 PM,224,204,20
08/13/2018 06:00:00 PM,117,101,16
08/13/2018 07:00:00 PM,71,49,22
08/13/2018 08:00:00 PM,22,17,5
08/13/2018 09:00:00 PM,17,14,3
08/13/2018 10:00:00 PM,8,2,6
08/13/2018 11:00:00 PM,4,2,2
08/14/2018 12:00:00 AM,10,8,2
08/14/2018 01:00:00 AM,4,0,4
08/14/2018 02:00:00 AM,3,2,1
08/14/2018 03:00:00 AM,4,3,1
08/14/2018 04:00:00 AM,4,1,3
08/14/2018 05:00:00 AM,30,3,27
08/14/2018 06:00:00 AM,84,11,73
08/14/2018 07:00:00 AM,186,19,167
08/14/2018 08:00:00 AM,160,13,147
08/14/2018 09:00:00 AM,65,11,54
08/14/2018 10:00:00 AM,34,8,26
08/14/2018 11:00:00 AM,16,8,8
08/14/2018 12:00:00 PM,18,2,16
08/14/2018 01:00:00 PM,20,12,8
08/14/2018 02:00:00 PM,33,19,14
08/14/2018 03:00:00 PM,48,40,8
08/14/2018 04:00:00 PM,117,91,26
08/14/2018 05:00:00 PM,192,166,26
08/14/2018 06:00:00 PM,115,101,14
08/14/2018 07:00:00 PM,50,40,10
08/14/2018 08:00:00 PM,33,23,10
08/14/2018 09:00:00 PM,12,11,1
08/14/2018 10:00:00 PM,12,9,3
08/14/2018 11:00:00 PM,2,2,0
08/15/2018 12:00:00 AM,2,1,1
08/15/2018 01:00:00 AM,3,2,1
08/15/2018 02:00:00 AM,3,3,0
08/15/2018 03:00:00 AM,2,1,1
08/15/2018 04:00:00 AM,10,2,8
08/15/2018 05:00:00 AM,28,4,24
08/15/2018 06:00:00 AM,84,7,77
08/15/2018 07:00:00 AM,158,17,141
08/15/2018 08:00:00 AM,137,23,114
08/15/2018 09:00:00 AM,58,11,47
08/15/2018 10:00:00 AM,27,10,17
08/15/2018 11:00:00 AM,31,12,19
08/15/2018 12:00:00 PM,23,10,13
08/15/2018 01:00:00 PM,24,9,15
08/15/2018 02:00:00 PM,21,11,10
08/15/2018 03:00:00 PM,48,31,17
08/15/2018 04:00:00 PM,108,83,25
08/15/2018 05:00:00 PM,172,149,23
08/15/2018 06:00:00 PM,91,80,11
08/15/2018 07:00:00 PM,62,49,13
08/15/2018 08:00:00 PM,35,20,15
08/15/2018 09:00:00 PM,20,15,5
08/15/2018 10:00:00 PM,7,5,2
08/15/2018 11:00:00 PM,6,4,2
08/16/2018 12:00:00 AM,4,4,0
08/16/2018 01:00:00 AM,3,0,3
08/16/2018 02:00:00 AM,1,1,0
08/16/2018 03:00:00 AM,4,3,1
08/16/2018 04:00:00 AM,9,2,7
08/16/2018 05:00:00 AM,23,6,17
08/16/2018 06:00:00 AM,81,8,73
08/16/2018 07:00:00 AM,134,10,124
08/16/2018 08:00:00 AM,134,11,123
08/16/2018 09:00:00 AM,48,7,41
08/16/2018 10:00:00 AM,34,14,20
08/16/2018 11:00:00 AM,21,5,16
08/16/2018 12:00:00 PM,14,5,9
08/16/2018 01:00:00 PM,21,11,10
08/16/2018 02:00:00 PM,27,17,10
08/16/2018 03:00:00 PM,53,36,17
08/16/2018 04:00:00 PM,103,86,17
08/16/2018 05:00:00 PM,175,149,26
08/16/2018 06:00:00 PM,100,85,15
08/16/2018 07:00:00 PM,51,39,12
08/16/2018 08:00:00 PM,33,21,12
08/16/2018 09:00:00 PM,16,7,9
08/16/2018 10:00:00 PM,14,10,4
08/16/2018 11:00:00 PM,5,5,0
08/17/2018 12:00:00 AM,2,0,2
08/17/2018 01:00:00 AM,2,1,1
08/17/2018 02:00:00 AM,3,1,2
08/17/2018 03:00:00 AM,2,1,1
08/17/2018 04:00:00 AM,3,2,1
08/17/2018 05:00:00 AM,26,6,20
08/17/2018 06:00:00 AM,68,4,64
08/17/2018 07:00:00 AM,105,9,96
08/17/2018 08:00:00 AM,119,9,110
08/17/2018 09:00:00 AM,45,10,35
08/17/2018 10:00:00 AM,33,9,24
08/17/2018 11:00:00 AM,29,15,14
08/17/2018 12:00:00 PM,28,12,16
08/17/2018 01:00:00 PM,33,21,12
08/17/2018 02:00:00 PM,48,30,18
08/17/2018 03:00:00 PM,71,52,19
08/17/2018 04:00:00 PM,132,93,39
08/17/2018 05:00:00 PM,150,126,24
08/17/2018 06:00:00 PM,66,55,11
08/17/2018 07:00:00 PM,39,27,12
08/17/2018 08:00:00 PM,30,22,8
08/17/2018 09:00:00 PM,20,14,6
08/17/2018 10:00:00 PM,19,12,7
08/17/2018 11:00:00 PM,10,8,2
08/18/2018 12:00:00 AM,5,2,3
08/18/2018 01:00:00 AM,4,3,1
08/18/2018 02:00:00 AM,7,5,2
08/18/2018 03:00:00 AM,2,2,0
08/18/2018 04:00:00 AM,1,1,0
08/18/2018 05:00:00 AM,8,1,7
08/18/2018 06:00:00 AM,9,2,7
08/18/2018 07:00:00 AM,23,11,12
08/18/2018 08:00:00 AM,23,4,19
08/18/2018 09:00:00 AM,38,18,20
08/18/2018 10:00:00 AM,61,33,28
08/18/2018 11:00:00 AM,61,27,34
08/18/2018 12:00:00 PM,69,26,43
08/18/2018 01:00:00 PM,91,40,51
08/18/2018 02:00:00 PM,69,29,40
08/18/2018 03:00:00 PM,89,48,41
08/18/2018 04:00:00 PM,60,33,27
08/18/2018 05:00:00 PM,69,37,32
08/18/2018 06:00:00 PM,60,42,18
08/18/2018 07:00:00 PM,36,19,17
08/18/2018 08:00:00 PM,22,12,10
08/18/2018 09:00:00 PM,12,10,2
08/18/2018 10:00:00 PM,9,5,4
08/18/2018 11:00:00 PM,6,5,1
08/19/2018 12:00:00 AM,5,3,2
08/19/2018 01:00:00 AM,8,4,4
08/19/2018 02:00:00 AM,1,1,0
08/19/2018 03:00:00 AM,0,0,0
08/19/2018 04:00:00 AM,1,0,1
08/19/2018 05:00:00 AM,8,3,5
08/19/2018 06:00:00 AM,9,3,6
08/19/2018 07:00:00 AM,18,4,14
08/19/2018 08:00:00 AM,20,8,12
08/19/2018 09:00:00 AM,40,19,21
08/19/2018 10:00:00 AM,43,20,23
08/19/2018 11:00:00 AM,66,34,32
08/19/2018 12:00:00 PM,68,34,34
08/19/2018 01:00:00 PM,52,20,32
08/19/2018 02:00:00 PM,67,28,39
08/19/2018 03:00:00 PM,44,29,15
08/19/2018 04:00:00 PM,38,23,15
08/19/2018 05:00:00 PM,25,15,10
08/19/2018 06:00:00 PM,23,16,7
08/19/2018 07:00:00 PM,15,6,9
08/19/2018 08:00:00 PM,5,5,0
08/19/2018 09:00:00 PM,5,3,2
08/19/2018 10:00:00 PM,5,5,0
08/19/2018 11:00:00 PM,5,5,0
08/20/2018 12:00:00 AM,2,0,2
08/20/2018 01:00:00 AM,1,0,1
08/20/2018 02:00:00 AM,1,1,0
08/20/2018 03:00:00 AM,2,2,0
08/20/2018 04:00:00 AM,6,1,5
08/20/2018 05:00:00 AM,20,4,16
08/20/2018 06:00:00 AM,62,14,48
08/20/2018 07:00:00 AM,122,10,112
08/20/2018 08:00:00 AM,96,4,92
08/20/2018 09:00:00 AM,42,8,34
08/20/2018 10:00:00 AM,29,9,20
08/20/2018 11:00:00 AM,22,8,14
08/20/2018 12:00:00 PM,17,4,13
08/20/2018 01:00:00 PM,21,15,6
08/20/2018 02:00:00 PM,25,13,12
08/20/2018 03:00:00 PM,39,23,16
08/20/2018 04:00:00 PM,72,56,16
08/20/2018 05:00:00 PM,114,91,23
08/20/2018 06:00:00 PM,60,55,5
08/20/2018 07:00:00 PM,33,27,6
08/20/2018 08:00:00 PM,12,8,4
08/20/2018 09:00:00 PM,13,8,5
08/20/2018 10:00:00 PM,9,7,2
08/20/2018 11:00:00 PM,9,8,1
08/21/2018 12:00:00 AM,6,5,1
08/21/2018 01:00:00 AM,1,0,1
08/21/2018 02:00:00 AM,1,1,0
08/21/2018 03:00:00 AM,4,3,1
08/21/2018 04:00:00 AM,4,1,3
08/21/2018 05:00:00 AM,19,5,14
08/21/2018 06:00:00 AM,38,12,26
08/21/2018 07:00:00 AM,71,9,62
08/21/2018 08:00:00 AM,63,1,62
08/21/2018 09:00:00 AM,37,6,31
08/21/2018 10:00:00 AM,16,4,12
08/21/2018 11:00:00 AM,7,5,2
08/21/2018 12:00:00 PM,8,2,6
08/21/2018 01:00:00 PM,7,4,3
08/21/2018 02:00:00 PM,14,7,7
08/21/2018 03:00:00 PM,28,18,10
08/21/2018 04:00:00 PM,58,46,12
08/21/2018 05:00:00 PM,73,69,4
08/21/2018 06:00:00 PM,49,43,6
08/21/2018 07:00:00 PM,24,17,7
08/21/2018 08:00:00 PM,14,6,8
08/21/2018 09:00:00 PM,11,8,3
08/21/2018 10:00:00 PM,6,5,1
08/21/2018 11:00:00 PM,5,4,1
08/22/2018 12:00:00 AM,5,3,2
08/22/2018 01:00:00 AM,1,0,1
08/22/2018 02:00:00 AM,0,0,0
08/22/2018 03:00:00 AM,1,1,0
08/22/2018 04:00:00 AM,5,2,3
08/22/2018 05:00:00 AM,14,1,13
08/22/2018 06:00:00 AM,46,8,38
08/22/2018 07:00:00 AM,68,6,62
08/22/2018 08:00:00 AM,64,3,61
08/22/2018 09:00:00 AM,30,5,25
08/22/2018 10:00:00 AM,20,5,15
08/22/2018 11:00:00 AM,16,3,13
08/22/2018 12:00:00 PM,11,7,4
08/22/2018 01:00:00 PM,11,6,5
08/22/2018 02:00:00 PM,14,11,3
08/22/2018 03:00:00 PM,26,21,5
08/22/2018 04:00:00 PM,61,47,14
08/22/2018 05:00:00 PM,82,71,11
08/22/2018 06:00:00 PM,60,50,10
08/22/2018 07:00:00 PM,27,23,4
08/22/2018 08:00:00 PM,19,16,3
08/22/2018 09:00:00 PM,15,10,5
08/22/2018 10:00:00 PM,4,4,0
08/22/2018 11:00:00 PM,4,2,2
08/23/2018 12:00:00 AM,4,3,1
08/23/2018 01:00:00 AM,2,1,1
08/23/2018 02:00:00 AM,4,4,0
08/23/2018 03:00:00 AM,3,3,0
08/23/2018 04:00:00 AM,10,2,8
08/23/2018 05:00:00 AM,14,1,13
08/23/2018 06:00:00 AM,50,8,42
08/23/2018 07:00:00 AM,92,6,86
08/23/2018 08:00:00 AM,95,5,90
08/23/2018 09:00:00 AM,43,5,38
08/23/2018 10:00:00 AM,25,5,20
08/23/2018 11:00:00 AM,17,8,9
08/23/2018 12:00:00 PM,19,8,11
08/23/2018 01:00:00 PM,30,19,11
08/23/2018 02:00:00 PM,23,11,12
08/23/2018 03:00:00 PM,41,26,15
08/23/2018 04:00:00 PM,82,63,19
08/23/2018 05:00:00 PM,123,98,25
08/23/2018 06:00:00 PM,97,77,20
08/23/2018 07:00:00 PM,74,64,10
08/23/2018 08:00:00 PM,25,20,5
08/23/2018 09:00:00 PM,40,13,27
08/23/2018 10:00:00 PM,7,6,1
08/23/2018 11:00:00 PM,7,5,2
08/24/2018 12:00:00 AM,3,3,0
08/24/2018 01:00:00 AM,4,1,3
08/24/2018 02:00:00 AM,2,1,1
08/24/2018 03:00:00 AM,1,1,0
08/24/2018 04:00:00 AM,9,5,4
08/24/2018 05:00:00 AM,25,4,21
08/24/2018 06:00:00 AM,62,10,52
08/24/2018 07:00:00 AM,94,6,88
08/24/2018 08:00:00 AM,96,14,82
08/24/2018 09:00:00 AM,47,4,43
08/24/2018 10:00:00 AM,26,8,18
08/24/2018 11:00:00 AM,24,13,11
08/24/2018 12:00:00 PM,22,8,14
08/24/2018 01:00:00 PM,30,14,16
08/24/2018 02:00:00 PM,28,18,10
08/24/2018 03:00:00 PM,39,29,10
08/24/2018 04:00:00 PM,98,76,22
08/24/2018 05:00:00 PM,111,91,20
08/24/2018 06:00:00 PM,70,57,13
08/24/2018 07:00:00 PM,34,23,11
08/24/2018 08:00:00 PM,21,18,3
08/24/2018 09:00:00 PM,11,6,5
08/24/2018 10:00:00 PM,10,9,1
08/24/2018 11:00:00 PM,8,6,2
08/25/2018 12:00:00 AM,13,10,3
08/25/2018 01:00:00 AM,1,1,0
08/25/2018 02:00:00 AM,1,0,1
08/25/2018 03:00:00 AM,1,1,0
08/25/2018 04:00:00 AM,2,1,1
08/25/2018 05:00:00 AM,4,2,2
08/25/2018 06:00:00 AM,7,0,7
08/25/2018 07:00:00 AM,9,4,5
08/25/2018 08:00:00 AM,25,4,21
08/25/2018 09:00:00 AM,24,10,14
08/25/2018 10:00:00 AM,28,13,15
08/25/2018 11:00:00 AM,42,30,12
08/25/2018 12:00:00 PM,46,12,34
08/25/2018 01:00:00 PM,21,12,9
08/25/2018 02:00:00 PM,40,18,22
08/25/2018 03:00:00 PM,38,23,15
08/25/2018 04:00:00 PM,32,13,19
08/25/2018 05:00:00 PM,26,18,8
08/25/2018 06:00:00 PM,16,6,10
08/25/2018 07:00:00 PM,17,9,8
08/25/2018 08:00:00 PM,15,7,8
08/25/2018 09:00:00 PM,4,1,3
08/25/2018 10:00:00 PM,4,1,3
08/25/2018 11:00:00 PM,11,8,3
08/26/2018 12:00:00 AM,14,13,1
08/26/2018 01:00:00 AM,4,2,2
08/26/2018 02:00:00 AM,8,6,2
08/26/2018 03:00:00 AM,0,0,0
08/26/2018 04:00:00 AM,1,1,0
08/26/2018 05:00:00 AM,5,1,4
08/26/2018 06:00:00 AM,7,4,3
08/26/2018 07:00:00 AM,5,3,2
08/26/2018 08:00:00 AM,22,9,13
08/26/2018 09:00:00 AM,32,12,20
08/26/2018 10:00:00 AM,37,15,22
08/26/2018 11:00:00 AM,43,26,17
08/26/2018 12:00:00 PM,45,23,22
08/26/2018 01:00:00 PM,39,25,14
08/26/2018 02:00:00 PM,33,11,22
08/26/2018 03:00:00 PM,35,21,14
08/26/2018 04:00:00 PM,33,20,13
08/26/2018 05:00:00 PM,14,7,7
08/26/2018 06:00:00 PM,13,8,5
08/26/2018 07:00:00 PM,8,5,3
08/26/2018 08:00:00 PM,6,3,3
08/26/2018 09:00:00 PM,2,2,0
08/26/2018 10:00:00 PM,3,0,3
08/26/2018 11:00:00 PM,3,3,0
08/27/2018 12:00:00 AM,3,2,1
08/27/2018 01:00:00 AM,2,1,1
08/27/2018 02:00:00 AM,0,0,0
08/27/2018 03:00:00 AM,1,0,1
08/27/2018 04:00:00 AM,9,0,9
08/27/2018 05:00:00 AM,17,3,14
08/27/2018 06:00:00 AM,74,6,68
08/27/2018 07:00:00 AM,153,18,135
08/27/2018 08:00:00 AM,123,13,110
08/27/2018 09:00:00 AM,49,2,47
08/27/2018 10:00:00 AM,35,15,20
08/27/2018 11:00:00 AM,22,10,12
08/27/2018 12:00:00 PM,23,10,13
08/27/2018 01:00:00 PM,32,16,16
08/27/2018 02:00:00 PM,42,20,22
08/27/2018 03:00:00 PM,52,34,18
08/27/2018 04:00:00 PM,111,94,17
08/27/2018 05:00:00 PM,163,148,15
08/27/2018 06:00:00 PM,113,102,11
08/27/2018 07:00:00 PM,48,35,13
08/27/2018 08:00:00 PM,25,15,10
08/27/2018 09:00:00 PM,17,12,5
08/27/2018 10:00:00 PM,6,4,2
08/27/2018 11:00:00 PM,9,8,1
08/28/2018 12:00:00 AM,4,3,1
08/28/2018 01:00:00 AM,1,0,1
08/28/2018 02:00:00 AM,0,0,0
08/28/2018 03:00:00 AM,1,1,0
08/28/2018 04:00:00 AM,9,1,8
08/28/2018 05:00:00 AM,31,6,25
08/28/2018 06:00:00 AM,95,13,82
08/28/2018 07:00:00 AM,168,16,152
08/28/2018 08:00:00 AM,161,16,145
08/28/2018 09:00:00 AM,62,11,51
08/28/2018 10:00:00 AM,39,9,30
08/28/2018 11:00:00 AM,34,17,17
08/28/2018 12:00:00 PM,26,15,11
08/28/2018 01:00:00 PM,27,11,16
08/28/2018 02:00:00 PM,43,23,20
08/28/2018 03:00:00 PM,65,48,17
08/28/2018 04:00:00 PM,149,121,28
08/28/2018 05:00:00 PM,203,170,33
08/28/2018 06:00:00 PM,126,99,27
08/28/2018 07:00:00 PM,58,50,8
08/28/2018 08:00:00 PM,32,23,9
08/28/2018 09:00:00 PM,19,12,7
08/28/2018 10:00:00 PM,10,6,4
08/28/2018 11:00:00 PM,15,10,5
08/29/2018 12:00:00 AM,2,1,1
08/29/2018 01:00:00 AM,1,1,0
08/29/2018 02:00:00 AM,1,0,1
08/29/2018 03:00:00 AM,2,1,1
08/29/2018 04:00:00 AM,8,3,5
08/29/2018 05:00:00 AM,22,5,17
08/29/2018 06:00:00 AM,95,13,82
08/29/2018 07:00:00 AM,167,17,150
08/29/2018 08:00:00 AM,137,16,121
08/29/2018 09:00:00 AM,61,8,53
08/29/2018 10:00:00 AM,34,7,27
08/29/2018 11:00:00 AM,26,6,20
08/29/2018 12:00:00 PM,31,21,10
08/29/2018 01:00:00 PM,30,15,15
08/29/2018 02:00:00 PM,34,16,18
08/29/2018 03:00:00 PM,53,38,15
08/29/2018 04:00:00 PM,102,79,23
08/29/2018 05:00:00 PM,185,166,19
08/29/2018 06:00:00 PM,127,94,33
08/29/2018 07:00:00 PM,38,28,10
08/29/2018 08:00:00 PM,24,16,8
08/29/2018 09:00:00 PM,21,19,2
08/29/2018 10:00:00 PM,16,7,9
08/29/2018 11:00:00 PM,8,5,3
08/30/2018 12:00:00 AM,2,1,1
08/30/2018 01:00:00 AM,2,0,2
08/30/2018 02:00:00 AM,1,0,1
08/30/2018 03:00:00 AM,5,5,0
08/30/2018 04:00:00 AM,7,2,5
08/30/2018 05:00:00 AM,30,6,24
08/30/2018 06:00:00 AM,65,9,56
08/30/2018 07:00:00 AM,129,13,116
08/30/2018 08:00:00 AM,124,14,110
08/30/2018 09:00:00 AM,58,10,48
08/30/2018 10:00:00 AM,19,7,12
08/30/2018 11:00:00 AM,25,8,17
08/30/2018 12:00:00 PM,19,9,10
08/30/2018 01:00:00 PM,32,14,18
08/30/2018 02:00:00 PM,38,23,15
08/30/2018 03:00:00 PM,53,34,19
08/30/2018 04:00:00 PM,90,69,21
08/30/2018 05:00:00 PM,153,139,14
08/30/2018 06:00:00 PM,98,88,10
08/30/2018 07:00:00 PM,44,30,14
08/30/2018 08:00:00 PM,22,20,2
08/30/2018 09:00:00 PM,12,7,5
08/30/2018 10:00:00 PM,20,17,3
08/30/2018 11:00:00 PM,7,6,1
08/31/2018 12:00:00 AM,5,2,3
08/31/2018 01:00:00 AM,2,2,0
08/31/2018 02:00:00 AM,2,1,1
08/31/2018 03:00:00 AM,3,2,1
08/31/2018 04:00:00 AM,5,2,3
08/31/2018 05:00:00 AM,23,5,18
08/31/2018 06:00:00 AM,58,12,46
08/31/2018 07:00:00 AM,116,12,104
08/31/2018 08:00:00 AM,110,13,97
08/31/2018 09:00:00 AM,46,7,39
08/31/2018 10:00:00 AM,26,11,15
08/31/2018 11:00:00 AM,30,10,20
08/31/2018 12:00:00 PM,30,11,19
08/31/2018 01:00:00 PM,35,24,11
08/31/2018 02:00:00 PM,42,26,16
08/31/2018 03:00:00 PM,88,59,29
08/31/2018 04:00:00 PM,85,63,22
08/31/2018 05:00:00 PM,115,102,13
08/31/2018 06:00:00 PM,72,60,12
08/31/2018 07:00:00 PM,46,29,17
08/31/2018 08:00:00 PM,30,13,17
08/31/2018 09:00:00 PM,21,13,8
08/31/2018 10:00:00 PM,8,5,3
08/31/2018 11:00:00 PM,14,10,4
09/01/2018 12:00:00 AM,15,11,4
09/01/2018 01:00:00 AM,3,2,1
09/01/2018 02:00:00 AM,2,1,1
09/01/2018 03:00:00 AM,5,3,2
09/01/2018 04:00:00 AM,3,2,1
09/01/2018 05:00:00 AM,6,3,3
09/01/2018 06:00:00 AM,15,4,11
09/01/2018 07:00:00 AM,34,18,16
09/01/2018 08:00:00 AM,43,15,28
09/01/2018 09:00:00 AM,49,29,20
09/01/2018 10:00:00 AM,51,21,30
09/01/2018 11:00:00 AM,49,22,27
09/01/2018 12:00:00 PM,66,19,47
09/01/2018 01:00:00 PM,56,26,30
09/01/2018 02:00:00 PM,48,23,25
09/01/2018 03:00:00 PM,57,30,27
09/01/2018 04:00:00 PM,34,19,15
09/01/2018 05:00:00 PM,41,23,18
09/01/2018 06:00:00 PM,33,9,24
09/01/2018 07:00:00 PM,15,7,8
09/01/2018 08:00:00 PM,25,13,12
09/01/2018 09:00:00 PM,9,5,4
09/01/2018 10:00:00 PM,5,3,2
09/01/2018 11:00:00 PM,18,16,2
09/02/2018 12:00:00 AM,7,7,0
09/02/2018 01:00:00 AM,5,3,2
09/02/2018 02:00:00 AM,2,1,1
09/02/2018 03:00:00 AM,1,1,0
09/02/2018 04:00:00 AM,2,2,0
09/02/2018 05:00:00 AM,5,0,5
09/02/2018 06:00:00 AM,6,3,3
09/02/2018 07:00:00 AM,6,3,3
09/02/2018 08:00:00 AM,16,8,8
09/02/2018 09:00:00 AM,20,6,14
09/02/2018 10:00:00 AM,69,26,43
09/02/2018 11:00:00 AM,61,34,27
09/02/2018 12:00:00 PM,49,23,26
09/02/2018 01:00:00 PM,62,31,31
09/02/2018 02:00:00 PM,64,30,34
09/02/2018 03:00:00 PM,55,29,26
09/02/2018 04:00:00 PM,59,30,29
09/02/2018 05:00:00 PM,38,20,18
09/02/2018 06:00:00 PM,29,16,13
09/02/2018 07:00:00 PM,17,11,6
09/02/2018 08:00:00 PM,13,8,5
09/02/2018 09:00:00 PM,9,3,6
09/02/2018 10:00:00 PM,6,2,4
09/02/2018 11:00:00 PM,7,6,1
09/03/2018 12:00:00 AM,4,3,1
09/03/2018 01:00:00 AM,5,2,3
09/03/2018 02:00:00 AM,3,2,1
09/03/2018 03:00:00 AM,1,0,1
09/03/2018 04:00:00 AM,3,2,1
09/03/2018 05:00:00 AM,5,1,4
09/03/2018 06:00:00 AM,7,1,6
09/03/2018 07:00:00 AM,9,3,6
09/03/2018 08:00:00 AM,27,4,23
09/03/2018 09:00:00 AM,52,22,30
09/03/2018 10:00:00 AM,65,29,36
09/03/2018 11:00:00 AM,69,44,25
09/03/2018 12:00:00 PM,71,32,39
09/03/2018 01:00:00 PM,69,40,29
09/03/2018 02:00:00 PM,82,44,38
09/03/2018 03:00:00 PM,55,21,34
09/03/2018 04:00:00 PM,54,26,28
09/03/2018 05:00:00 PM,55,26,29
09/03/2018 06:00:00 PM,29,14,15
09/03/2018 07:00:00 PM,28,16,12
09/03/2018 08:00:00 PM,28,16,12
09/03/2018 09:00:00 PM,17,8,9
09/03/2018 10:00:00 PM,8,6,2
09/03/2018 11:00:00 PM,5,1,4
09/04/2018 12:00:00 AM,1,0,1
09/04/2018 01:00:00 AM,2,2,0
09/04/2018 02:00:00 AM,2,2,0
09/04/2018 03:00:00 AM,2,2,0
09/04/2018 04:00:00 AM,10,2,8
09/04/2018 05:00:00 AM,28,3,25
09/04/2018 06:00:00 AM,82,13,69
09/04/2018 07:00:00 AM,174,15,159
09/04/2018 08:00:00 AM,169,16,153
09/04/2018 09:00:00 AM,71,6,65
09/04/2018 10:00:00 AM,36,9,27
09/04/2018 11:00:00 AM,24,7,17
09/04/2018 12:00:00 PM,20,8,12
09/04/2018 01:00:00 PM,25,11,14
09/04/2018 02:00:00 PM,40,23,17
09/04/2018 03:00:00 PM,50,41,9
09/04/2018 04:00:00 PM,134,106,28
09/04/2018 05:00:00 PM,215,180,35
09/04/2018 06:00:00 PM,142,125,17
09/04/2018 07:00:00 PM,59,47,12
09/04/2018 08:00:00 PM,21,17,4
09/04/2018 09:00:00 PM,11,9,2
09/04/2018 10:00:00 PM,12,7,5
09/04/2018 11:00:00 PM,7,7,0
09/05/2018 12:00:00 AM,3,1,2
09/05/2018 01:00:00 AM,5,3,2
09/05/2018 02:00:00 AM,3,2,1
09/05/2018 03:00:00 AM,1,0,1
09/05/2018 04:00:00 AM,7,2,5
09/05/2018 05:00:00 AM,37,6,31
09/05/2018 06:00:00 AM,92,11,81
09/05/2018 07:00:00 AM,166,14,152
09/05/2018 08:00:00 AM,174,20,154
09/05/2018 09:00:00 AM,82,12,70
09/05/2018 10:00:00 AM,38,12,26
09/05/2018 11:00:00 AM,27,9,18
09/05/2018 12:00:00 PM,21,11,10
09/05/2018 01:00:00 PM,40,18,22
09/05/2018 02:00:00 PM,30,21,9
09/05/2018 03:00:00 PM,53,35,18
09/05/2018 04:00:00 PM,125,95,30
09/05/2018 05:00:00 PM,237,196,41
09/05/2018 06:00:00 PM,141,120,21
09/05/2018 07:00:00 PM,51,41,10
09/05/2018 08:00:00 PM,38,28,10
09/05/2018 09:00:00 PM,16,12,4
09/05/2018 10:00:00 PM,14,12,2
09/05/2018 11:00:00 PM,5,4,1
09/06/2018 12:00:00 AM,3,1,2
09/06/2018 01:00:00 AM,3,1,2
09/06/2018 02:00:00 AM,1,1,0
09/06/2018 03:00:00 AM,2,2,0
09/06/2018 04:00:00 AM,9,2,7
09/06/2018 05:00:00 AM,30,3,27
09/06/2018 06:00:00 AM,90,12,78
09/06/2018 07:00:00 AM,177,17,160
09/06/2018 08:00:00 AM,181,14,167
09/06/2018 09:00:00 AM,59,8,51
09/06/2018 10:00:00 AM,23,3,20
09/06/2018 11:00:00 AM,26,10,16
09/06/2018 12:00:00 PM,30,11,19
09/06/2018 01:00:00 PM,31,14,17
09/06/2018 02:00:00 PM,33,20,13
09/06/2018 03:00:00 PM,56,38,18
09/06/2018 04:00:00 PM,108,90,18
09/06/2018 05:00:00 PM,190,168,22
09/06/2018 06:00:00 PM,158,136,22
09/06/2018 07:00:00 PM,84,74,10
09/06/2018 08:00:00 PM,25,17,8
09/06/2018 09:00:00 PM,12,8,4
09/06/2018 10:00:00 PM,17,10,7
09/06/2018 11:00:00 PM,15,2,13
09/07/2018 12:00:00 AM,2,2,0
09/07/2018 01:00:00 AM,4,2,2
09/07/2018 02:00:00 AM,1,1,0
09/07/2018 03:00:00 AM,1,1,0
09/07/2018 04:00:00 AM,7,2,5
09/07/2018 05:00:00 AM,26,5,21
09/07/2018 06:00:00 AM,63,10,53
09/07/2018 07:00:00 AM,132,10,122
09/07/2018 08:00:00 AM,146,14,132
09/07/2018 09:00:00 AM,51,7,44
09/07/2018 10:00:00 AM,22,5,17
09/07/2018 11:00:00 AM,24,9,15
09/07/2018 12:00:00 PM,18,7,11
09/07/2018 01:00:00 PM,29,21,8
09/07/2018 02:00:00 PM,41,24,17
09/07/2018 03:00:00 PM,59,43,16
09/07/2018 04:00:00 PM,113,99,14
09/07/2018 05:00:00 PM,153,136,17
09/07/2018 06:00:00 PM,83,64,19
09/07/2018 07:00:00 PM,27,18,9
09/07/2018 08:00:00 PM,8,6,2
09/07/2018 09:00:00 PM,10,8,2
09/07/2018 10:00:00 PM,8,7,1
09/07/2018 11:00:00 PM,13,12,1
09/08/2018 12:00:00 AM,4,3,1
09/08/2018 01:00:00 AM,3,3,0
09/08/2018 02:00:00 AM,2,1,1
09/08/2018 03:00:00 AM,1,0,1
09/08/2018 04:00:00 AM,5,2,3
09/08/2018 05:00:00 AM,10,3,7
09/08/2018 06:00:00 AM,6,1,5
09/08/2018 07:00:00 AM,17,9,8
09/08/2018 08:00:00 AM,15,3,12
09/08/2018 09:00:00 AM,17,7,10
09/08/2018 10:00:00 AM,32,19,13
09/08/2018 11:00:00 AM,50,15,35
09/08/2018 12:00:00 PM,51,23,28
09/08/2018 01:00:00 PM,51,29,22
09/08/2018 02:00:00 PM,42,23,19
09/08/2018 03:00:00 PM,48,17,31
09/08/2018 04:00:00 PM,38,21,17
09/08/2018 05:00:00 PM,23,17,6
09/08/2018 06:00:00 PM,25,19,6
09/08/2018 07:00:00 PM,11,9,2
09/08/2018 08:00:00 PM,16,7,9
09/08/2018 09:00:00 PM,9,7,2
09/08/2018 10:00:00 PM,12,7,5
09/08/2018 11:00:00 PM,6,3,3
09/09/2018 12:00:00 AM,6,3,3
09/09/2018 01:00:00 AM,2,1,1
09/09/2018 02:00:00 AM,4,1,3
09/09/2018 03:00:00 AM,1,1,0
09/09/2018 04:00:00 AM,0,0,0
09/09/2018 05:00:00 AM,5,1,4
09/09/2018 06:00:00 AM,7,2,5
09/09/2018 07:00:00 AM,27,8,19
09/09/2018 08:00:00 AM,16,4,12
09/09/2018 09:00:00 AM,32,10,22
09/09/2018 10:00:00 AM,34,19,15
09/09/2018 11:00:00 AM,39,16,23
09/09/2018 12:00:00 PM,69,35,34
09/09/2018 01:00:00 PM,43,21,22
09/09/2018 02:00:00 PM,45,17,28
09/09/2018 03:00:00 PM,52,39,13
09/09/2018 04:00:00 PM,44,28,16
09/09/2018 05:00:00 PM,48,30,18
09/09/2018 06:00:00 PM,17,13,4
09/09/2018 07:00:00 PM,12,11,1
09/09/2018 08:00:00 PM,0,0,0
09/09/2018 09:00:00 PM,0,0,0
09/09/2018 10:00:00 PM,3,2,1
09/09/2018 11:00:00 PM,0,0,0
09/10/2018 12:00:00 AM,0,0,0
09/10/2018 01:00:00 AM,0,0,0
09/10/2018 02:00:00 AM,0,0,0
09/10/2018 03:00:00 AM,0,0,0
09/10/2018 04:00:00 AM,0,0,0
09/10/2018 05:00:00 AM,0,0,0
09/10/2018 06:00:00 AM,0,0,0
09/10/2018 07:00:00 AM,65,10,55
09/10/2018 08:00:00 AM,33,5,28
09/10/2018 09:00:00 AM,65,8,57
09/10/2018 10:00:00 AM,26,12,14
09/10/2018 11:00:00 AM,18,8,10
09/10/2018 12:00:00 PM,22,11,11
09/10/2018 01:00:00 PM,30,16,14
09/10/2018 02:00:00 PM,22,12,10
09/10/2018 03:00:00 PM,39,27,12
09/10/2018 04:00:00 PM,103,84,19
09/10/2018 05:00:00 PM,176,157,19
09/10/2018 06:00:00 PM,110,103,7
09/10/2018 07:00:00 PM,37,29,8
09/10/2018 08:00:00 PM,18,16,2
09/10/2018 09:00:00 PM,10,8,2
09/10/2018 10:00:00 PM,6,4,2
09/10/2018 11:00:00 PM,4,3,1
09/11/2018 12:00:00 AM,3,2,1
09/11/2018 01:00:00 AM,0,0,0
09/11/2018 02:00:00 AM,0,0,0
09/11/2018 03:00:00 AM,3,3,0
09/11/2018 04:00:00 AM,9,4,5
09/11/2018 05:00:00 AM,27,1,26
09/11/2018 06:00:00 AM,68,12,56
09/11/2018 07:00:00 AM,134,15,119
09/11/2018 08:00:00 AM,140,6,134
09/11/2018 09:00:00 AM,62,12,50
09/11/2018 10:00:00 AM,24,11,13
09/11/2018 11:00:00 AM,20,7,13
09/11/2018 12:00:00 PM,17,8,9
09/11/2018 01:00:00 PM,25,9,16
09/11/2018 02:00:00 PM,27,15,12
09/11/2018 03:00:00 PM,44,30,14
09/11/2018 04:00:00 PM,104,86,18
09/11/2018 05:00:00 PM,167,152,15
09/11/2018 06:00:00 PM,108,81,27
09/11/2018 07:00:00 PM,45,41,4
09/11/2018 08:00:00 PM,25,18,7
09/11/2018 09:00:00 PM,18,12,6
09/11/2018 10:00:00 PM,11,8,3
09/11/2018 11:00:00 PM,4,4,0
09/12/2018 12:00:00 AM,1,1,0
09/12/2018 01:00:00 AM,4,2,2
09/12/2018 02:00:00 AM,2,0,2
09/12/2018 03:00:00 AM,1,1,0
09/12/2018 04:00:00 AM,3,1,2
09/12/2018 05:00:00 AM,26,2,24
09/12/2018 06:00:00 AM,85,15,70
09/12/2018 07:00:00 AM,121,14,107
09/12/2018 08:00:00 AM,132,13,119
09/12/2018 09:00:00 AM,61,10,51
09/12/2018 10:00:00 AM,30,10,20
09/12/2018 11:00:00 AM,23,6,17
09/12/2018 12:00:00 PM,20,5,15
09/12/2018 01:00:00 PM,17,12,5
09/12/2018 02:00:00 PM,27,17,10
09/12/2018 03:00:00 PM,42,28,14
09/12/2018 04:00:00 PM,91,76,15
09/12/2018 05:00:00 PM,175,154,21
09/12/2018 06:00:00 PM,95,78,17
09/12/2018 07:00:00 PM,46,38,8
09/12/2018 08:00:00 PM,41,28,13
09/12/2018 09:00:00 PM,16,11,5
09/12/2018 10:00:00 PM,7,6,1
09/12/2018 11:00:00 PM,9,7,2
09/13/2018 12:00:00 AM,1,1,0
09/13/2018 01:00:00 AM,4,1,3
09/13/2018 02:00:00 AM,3,3,0
09/13/2018 03:00:00 AM,2,1,1
09/13/2018 04:00:00 AM,3,1,2
09/13/2018 05:00:00 AM,30,2,28
09/13/2018 06:00:00 AM,71,16,55
09/13/2018 07:00:00 AM,122,11,111
09/13/2018 08:00:00 AM,129,1,128
09/13/2018 09:00:00 AM,60,13,47
09/13/2018 10:00:00 AM,30,5,25
09/13/2018 11:00:00 AM,21,7,14
09/13/2018 12:00:00 PM,26,13,13
09/13/2018 01:00:00 PM,14,5,9
09/13/2018 02:00:00 PM,32,21,11
09/13/2018 03:00:00 PM,45,27,18
09/13/2018 04:00:00 PM,95,81,14
09/13/2018 05:00:00 PM,151,133,18
09/13/2018 06:00:00 PM,85,74,11
09/13/2018 07:00:00 PM,35,28,7
09/13/2018 08:00:00 PM,26,18,8
09/13/2018 09:00:00 PM,6,4,2
09/13/2018 10:00:00 PM,7,5,2
09/13/2018 11:00:00 PM,5,5,0
09/14/2018 12:00:00 AM,3,3,0
09/14/2018 01:00:00 AM,0,0,0
09/14/2018 02:00:00 AM,0,0,0
09/14/2018 03:00:00 AM,3,3,0
09/14/2018 04:00:00 AM,3,1,2
09/14/2018 05:00:00 AM,16,3,13
09/14/2018 06:00:00 AM,48,5,43
09/14/2018 07:00:00 AM,66,5,61
09/14/2018 08:00:00 AM,85,5,80
09/14/2018 09:00:00 AM,34,9,25
09/14/2018 10:00:00 AM,15,3,12
09/14/2018 11:00:00 AM,11,5,6
09/14/2018 12:00:00 PM,14,8,6
09/14/2018 01:00:00 PM,38,16,22
09/14/2018 02:00:00 PM,17,14,3
09/14/2018 03:00:00 PM,39,29,10
09/14/2018 04:00:00 PM,65,47,18
09/14/2018 05:00:00 PM,107,94,13
09/14/2018 06:00:00 PM,45,37,8
09/14/2018 07:00:00 PM,28,19,9
09/14/2018 08:00:00 PM,9,7,2
09/14/2018 09:00:00 PM,8,7,1
09/14/2018 10:00:00 PM,3,2,1
09/14/2018 11:00:00 PM,12,11,1
09/15/2018 12:00:00 AM,10,5,5
09/15/2018 01:00:00 AM,5,4,1
09/15/2018 02:00:00 AM,1,1,0
09/15/2018 03:00:00 AM,0,0,0
09/15/2018 04:00:00 AM,3,2,1
09/15/2018 05:00:00 AM,5,0,5
09/15/2018 06:00:00 AM,7,3,4
09/15/2018 07:00:00 AM,12,5,7
09/15/2018 08:00:00 AM,23,8,15
09/15/2018 09:00:00 AM,23,8,15
09/15/2018 10:00:00 AM,28,10,18
09/15/2018 11:00:00 AM,39,19,20
09/15/2018 12:00:00 PM,50,22,28
09/15/2018 01:00:00 PM,33,15,18
09/15/2018 02:00:00 PM,40,21,19
09/15/2018 03:00:00 PM,34,16,18
09/15/2018 04:00:00 PM,19,8,11
09/15/2018 05:00:00 PM,17,9,8
09/15/2018 06:00:00 PM,9,6,3
09/15/2018 07:00:00 PM,5,3,2
09/15/2018 08:00:00 PM,9,5,4
09/15/2018 09:00:00 PM,3,0,3
09/15/2018 10:00:00 PM,7,2,5
09/15/2018 11:00:00 PM,6,4,2
09/16/2018 12:00:00 AM,1,0,1
09/16/2018 01:00:00 AM,4,1,3
09/16/2018 02:00:00 AM,1,1,0
09/16/2018 03:00:00 AM,0,0,0
09/16/2018 04:00:00 AM,2,2,0
09/16/2018 05:00:00 AM,3,0,3
09/16/2018 06:00:00 AM,3,2,1
09/16/2018 07:00:00 AM,2,0,2
09/16/2018 08:00:00 AM,10,5,5
09/16/2018 09:00:00 AM,12,6,6
09/16/2018 10:00:00 AM,12,5,7
09/16/2018 11:00:00 AM,22,11,11
09/16/2018 12:00:00 PM,26,8,18
09/16/2018 01:00:00 PM,25,13,12
09/16/2018 02:00:00 PM,23,8,15
09/16/2018 03:00:00 PM,32,17,15
09/16/2018 04:00:00 PM,37,19,18
09/16/2018 05:00:00 PM,40,20,20
09/16/2018 06:00:00 PM,29,19,10
09/16/2018 07:00:00 PM,12,5,7
09/16/2018 08:00:00 PM,9,5,4
09/16/2018 09:00:00 PM,5,2,3
09/16/2018 10:00:00 PM,15,9,6
09/16/2018 11:00:00 PM,6,2,4
09/17/2018 12:00:00 AM,3,3,0
09/17/2018 01:00:00 AM,0,0,0
09/17/2018 02:00:00 AM,1,1,0
09/17/2018 03:00:00 AM,1,1,0
09/17/2018 04:00:00 AM,4,0,4
09/17/2018 05:00:00 AM,23,4,19
09/17/2018 06:00:00 AM,88,13,75
09/17/2018 07:00:00 AM,160,14,146
09/17/2018 08:00:00 AM,142,17,125
09/17/2018 09:00:00 AM,81,10,71
09/17/2018 10:00:00 AM,23,5,18
09/17/2018 11:00:00 AM,23,12,11
09/17/2018 12:00:00 PM,22,7,15
09/17/2018 01:00:00 PM,22,10,12
09/17/2018 02:00:00 PM,31,13,18
09/17/2018 03:00:00 PM,51,35,16
09/17/2018 04:00:00 PM,139,115,24
09/17/2018 05:00:00 PM,206,179,27
09/17/2018 06:00:00 PM,98,85,13
09/17/2018 07:00:00 PM,43,35,8
09/17/2018 08:00:00 PM,24,16,8
09/17/2018 09:00:00 PM,16,11,5
09/17/2018 10:00:00 PM,5,3,2
09/17/2018 11:00:00 PM,7,6,1
09/18/2018 12:00:00 AM,1,1,0
09/18/2018 01:00:00 AM,2,1,1
09/18/2018 02:00:00 AM,2,2,0
09/18/2018 03:00:00 AM,0,0,0
09/18/2018 04:00:00 AM,9,3,6
09/18/2018 05:00:00 AM,27,2,25
09/18/2018 06:00:00 AM,88,12,76
09/18/2018 07:00:00 AM,164,15,149
09/18/2018 08:00:00 AM,158,10,148
09/18/2018 09:00:00 AM,60,7,53
09/18/2018 10:00:00 AM,21,7,14
09/18/2018 11:00:00 AM,32,18,14
09/18/2018 12:00:00 PM,24,12,12
09/18/2018 01:00:00 PM,30,16,14
09/18/2018 02:00:00 PM,21,9,12
09/18/2018 03:00:00 PM,67,45,22
09/18/2018 04:00:00 PM,121,89,32
09/18/2018 05:00:00 PM,206,174,32
09/18/2018 06:00:00 PM,122,102,20
09/18/2018 07:00:00 PM,44,32,12
09/18/2018 08:00:00 PM,22,17,5
09/18/2018 09:00:00 PM,24,19,5
09/18/2018 10:00:00 PM,7,6,1
09/18/2018 11:00:00 PM,10,7,3
09/19/2018 12:00:00 AM,5,5,0
09/19/2018 01:00:00 AM,3,1,2
09/19/2018 02:00:00 AM,0,0,0
09/19/2018 03:00:00 AM,2,2,0
09/19/2018 04:00:00 AM,4,1,3
09/19/2018 05:00:00 AM,26,3,23
09/19/2018 06:00:00 AM,73,7,66
09/19/2018 07:00:00 AM,163,12,151
09/19/2018 08:00:00 AM,158,10,148
09/19/2018 09:00:00 AM,53,4,49
09/19/2018 10:00:00 AM,33,9,24
09/19/2018 11:00:00 AM,18,6,12
09/19/2018 12:00:00 PM,14,6,8
09/19/2018 01:00:00 PM,25,7,18
09/19/2018 02:00:00 PM,39,26,13
09/19/2018 03:00:00 PM,60,47,13
09/19/2018 04:00:00 PM,110,81,29
09/19/2018 05:00:00 PM,197,162,35
09/19/2018 06:00:00 PM,118,101,17
09/19/2018 07:00:00 PM,47,36,11
09/19/2018 08:00:00 PM,17,14,3
09/19/2018 09:00:00 PM,15,12,3
09/19/2018 10:00:00 PM,13,9,4
09/19/2018 11:00:00 PM,4,4,0
09/20/2018 12:00:00 AM,2,1,1
09/20/2018 01:00:00 AM,3,3,0
09/20/2018 02:00:00 AM,2,2,0
09/20/2018 03:00:00 AM,0,0,0
09/20/2018 04:00:00 AM,4,2,2
09/20/2018 05:00:00 AM,24,4,20
09/20/2018 06:00:00 AM,68,13,55
09/20/2018 07:00:00 AM,126,13,113
09/20/2018 08:00:00 AM,127,8,119
09/20/2018 09:00:00 AM,49,6,43
09/20/2018 10:00:00 AM,28,4,24
09/20/2018 11:00:00 AM,10,6,4
09/20/2018 12:00:00 PM,17,2,15
09/20/2018 01:00:00 PM,33,20,13
09/20/2018 02:00:00 PM,28,14,14
09/20/2018 03:00:00 PM,42,36,6
09/20/2018 04:00:00 PM,103,77,26
09/20/2018 05:00:00 PM,144,125,19
09/20/2018 06:00:00 PM,88,75,13
09/20/2018 07:00:00 PM,35,27,8
09/20/2018 08:00:00 PM,15,13,2
09/20/2018 09:00:00 PM,8,4,4
09/20/2018 10:00:00 PM,11,7,4
09/20/2018 11:00:00 PM,7,6,1
09/21/2018 12:00:00 AM,2,1,1
09/21/2018 01:00:00 AM,0,0,0
09/21/2018 02:00:00 AM,0,0,0
09/21/2018 03:00:00 AM,3,2,1
09/21/2018 04:00:00 AM,6,2,4
09/21/2018 05:00:00 AM,19,5,14
09/21/2018 06:00:00 AM,45,9,36
09/21/2018 07:00:00 AM,102,11,91
09/21/2018 08:00:00 AM,115,9,106
09/21/2018 09:00:00 AM,54,9,45
09/21/2018 10:00:00 AM,23,7,16
09/21/2018 11:00:00 AM,41,23,18
09/21/2018 12:00:00 PM,34,8,26
09/21/2018 01:00:00 PM,36,16,20
09/21/2018 02:00:00 PM,37,22,15
09/21/2018 03:00:00 PM,50,40,10
09/21/2018 04:00:00 PM,91,71,20
09/21/2018 05:00:00 PM,131,113,18
09/21/2018 06:00:00 PM,49,39,10
09/21/2018 07:00:00 PM,22,19,3
09/21/2018 08:00:00 PM,11,10,1
09/21/2018 09:00:00 PM,8,5,3
09/21/2018 10:00:00 PM,5,2,3
09/21/2018 11:00:00 PM,1,1,0
09/22/2018 12:00:00 AM,4,3,1
09/22/2018 01:00:00 AM,0,0,0
09/22/2018 02:00:00 AM,5,3,2
09/22/2018 03:00:00 AM,3,2,1
09/22/2018 04:00:00 AM,4,2,2
09/22/2018 05:00:00 AM,5,0,5
09/22/2018 06:00:00 AM,8,2,6
09/22/2018 07:00:00 AM,7,1,6
09/22/2018 08:00:00 AM,26,9,17
09/22/2018 09:00:00 AM,17,9,8
09/22/2018 10:00:00 AM,21,5,16
09/22/2018 11:00:00 AM,23,10,13
09/22/2018 12:00:00 PM,37,14,23
09/22/2018 01:00:00 PM,31,16,15
09/22/2018 02:00:00 PM,49,26,23
09/22/2018 03:00:00 PM,35,17,18
09/22/2018 04:00:00 PM,33,15,18
09/22/2018 05:00:00 PM,19,12,7
09/22/2018 06:00:00 PM,25,11,14
09/22/2018 07:00:00 PM,15,9,6
09/22/2018 08:00:00 PM,12,5,7
09/22/2018 09:00:00 PM,4,2,2
09/22/2018 10:00:00 PM,4,2,2
09/22/2018 11:00:00 PM,12,11,1
09/23/2018 12:00:00 AM,3,3,0
09/23/2018 01:00:00 AM,3,1,2
09/23/2018 02:00:00 AM,0,0,0
09/23/2018 03:00:00 AM,2,2,0
09/23/2018 04:00:00 AM,0,0,0
09/23/2018 05:00:00 AM,3,0,3
09/23/2018 06:00:00 AM,7,3,4
09/23/2018 07:00:00 AM,11,0,11
09/23/2018 08:00:00 AM,23,12,11
09/23/2018 09:00:00 AM,19,8,11
09/23/2018 10:00:00 AM,47,24,23
09/23/2018 11:00:00 AM,44,25,19
09/23/2018 12:00:00 PM,60,27,33
09/23/2018 01:00:00 PM,63,25,38
09/23/2018 02:00:00 PM,47,27,20
09/23/2018 03:00:00 PM,59,30,29
09/23/2018 04:00:00 PM,29,12,17
09/23/2018 05:00:00 PM,61,39,22
09/23/2018 06:00:00 PM,32,18,14
09/23/2018 07:00:00 PM,16,13,3
09/23/2018 08:00:00 PM,9,4,5
09/23/2018 09:00:00 PM,9,6,3
09/23/2018 10:00:00 PM,5,4,1
09/23/2018 11:00:00 PM,10,5,5
09/24/2018 12:00:00 AM,3,2,1
09/24/2018 01:00:00 AM,2,1,1
09/24/2018 02:00:00 AM,3,2,1
09/24/2018 03:00:00 AM,1,0,1
09/24/2018 04:00:00 AM,6,1,5
09/24/2018 05:00:00 AM,20,2,18
09/24/2018 06:00:00 AM,87,15,72
09/24/2018 07:00:00 AM,158,13,145
09/24/2018 08:00:00 AM,169,17,152
09/24/2018 09:00:00 AM,60,8,52
09/24/2018 10:00:00 AM,26,6,20
09/24/2018 11:00:00 AM,22,8,14
09/24/2018 12:00:00 PM,16,6,10
09/24/2018 01:00:00 PM,23,12,11
09/24/2018 02:00:00 PM,29,21,8
09/24/2018 03:00:00 PM,59,42,17
09/24/2018 04:00:00 PM,111,79,32
09/24/2018 05:00:00 PM,200,182,18
09/24/2018 06:00:00 PM,119,101,18
09/24/2018 07:00:00 PM,42,37,5
09/24/2018 08:00:00 PM,19,12,7
09/24/2018 09:00:00 PM,10,7,3
09/24/2018 10:00:00 PM,10,8,2
09/24/2018 11:00:00 PM,7,6,1
09/25/2018 12:00:00 AM,1,1,0
09/25/2018 01:00:00 AM,1,1,0
09/25/2018 02:00:00 AM,1,1,0
09/25/2018 03:00:00 AM,1,1,0
09/25/2018 04:00:00 AM,8,2,6
09/25/2018 05:00:00 AM,26,3,23
09/25/2018 06:00:00 AM,97,17,80
09/25/2018 07:00:00 AM,172,13,159
09/25/2018 08:00:00 AM,171,8,163
09/25/2018 09:00:00 AM,59,6,53
09/25/2018 10:00:00 AM,26,9,17
09/25/2018 11:00:00 AM,38,12,26
09/25/2018 12:00:00 PM,27,13,14
09/25/2018 01:00:00 PM,22,10,12
09/25/2018 02:00:00 PM,40,25,15
09/25/2018 03:00:00 PM,64,41,23
09/25/2018 04:00:00 PM,125,100,25
09/25/2018 05:00:00 PM,191,176,15
09/25/2018 06:00:00 PM,131,112,19
09/25/2018 07:00:00 PM,51,44,7
09/25/2018 08:00:00 PM,27,16,11
09/25/2018 09:00:00 PM,13,7,6
09/25/2018 10:00:00 PM,13,11,2
09/25/2018 11:00:00 PM,4,3,1
09/26/2018 12:00:00 AM,4,3,1
09/26/2018 01:00:00 AM,0,0,0
09/26/2018 02:00:00 AM,0,0,0
09/26/2018 03:00:00 AM,2,2,0
09/26/2018 04:00:00 AM,6,4,2
09/26/2018 05:00:00 AM,30,3,27
09/26/2018 06:00:00 AM,86,15,71
09/26/2018 07:00:00 AM,163,8,155
09/26/2018 08:00:00 AM,156,5,151
09/26/2018 09:00:00 AM,70,10,60
09/26/2018 10:00:00 AM,21,6,15
09/26/2018 11:00:00 AM,20,11,9
09/26/2018 12:00:00 PM,24,11,13
09/26/2018 01:00:00 PM,23,11,12
09/26/2018 02:00:00 PM,45,20,25
09/26/2018 03:00:00 PM,43,31,12
09/26/2018 04:00:00 PM,124,95,29
09/26/2018 05:00:00 PM,209,184,25
09/26/2018 06:00:00 PM,138,115,23
09/26/2018 07:00:00 PM,38,31,7
09/26/2018 08:00:00 PM,23,19,4
09/26/2018 09:00:00 PM,19,11,8
09/26/2018 10:00:00 PM,9,8,1
09/26/2018 11:00:00 PM,10,8,2
09/27/2018 12:00:00 AM,5,4,1
09/27/2018 01:00:00 AM,3,1,2
09/27/2018 02:00:00 AM,4,1,3
09/27/2018 03:00:00 AM,7,6,1
09/27/2018 04:00:00 AM,3,0,3
09/27/2018 05:00:00 AM,32,2,30
09/27/2018 06:00:00 AM,84,11,73
09/27/2018 07:00:00 AM,130,6,124
09/27/2018 08:00:00 AM,159,8,151
09/27/2018 09:00:00 AM,60,7,53
09/27/2018 10:00:00 AM,31,7,24
09/27/2018 11:00:00 AM,23,9,14
09/27/2018 12:00:00 PM,23,9,14
09/27/2018 01:00:00 PM,22,7,15
09/27/2018 02:00:00 PM,24,14,10
09/27/2018 03:00:00 PM,55,39,16
09/27/2018 04:00:00 PM,114,88,26
09/27/2018 05:00:00 PM,197,173,24
09/27/2018 06:00:00 PM,113,98,15
09/27/2018 07:00:00 PM,53,33,20
09/27/2018 08:00:00 PM,30,16,14
09/27/2018 09:00:00 PM,11,9,2
09/27/2018 10:00:00 PM,16,13,3
09/27/2018 11:00:00 PM,7,6,1
09/28/2018 12:00:00 AM,4,3,1
09/28/2018 01:00:00 AM,3,2,1
09/28/2018 02:00:00 AM,5,3,2
09/28/2018 03:00:00 AM,4,2,2
09/28/2018 04:00:00 AM,4,1,3
09/28/2018 05:00:00 AM,21,4,17
09/28/2018 06:00:00 AM,55,10,45
09/28/2018 07:00:00 AM,129,9,120
09/28/2018 08:00:00 AM,136,16,120
09/28/2018 09:00:00 AM,68,15,53
09/28/2018 10:00:00 AM,42,15,27
09/28/2018 11:00:00 AM,27,8,19
09/28/2018 12:00:00 PM,29,13,16
09/28/2018 01:00:00 PM,43,24,19
09/28/2018 02:00:00 PM,38,23,15
09/28/2018 03:00:00 PM,70,52,18
09/28/2018 04:00:00 PM,118,86,32
09/28/2018 05:00:00 PM,160,131,29
09/28/2018 06:00:00 PM,91,75,16
09/28/2018 07:00:00 PM,50,32,18
09/28/2018 08:00:00 PM,22,15,7
09/28/2018 09:00:00 PM,16,9,7
09/28/2018 10:00:00 PM,13,8,5
09/28/2018 11:00:00 PM,11,11,0
09/29/2018 12:00:00 AM,8,6,2
09/29/2018 01:00:00 AM,4,3,1
09/29/2018 02:00:00 AM,4,2,2
09/29/2018 03:00:00 AM,3,3,0
09/29/2018 04:00:00 AM,2,1,1
09/29/2018 05:00:00 AM,8,1,7
09/29/2018 06:00:00 AM,9,3,6
09/29/2018 07:00:00 AM,15,3,12
09/29/2018 08:00:00 AM,42,17,25
09/29/2018 09:00:00 AM,48,19,29
09/29/2018 10:00:00 AM,52,17,35
09/29/2018 11:00:00 AM,59,27,32
09/29/2018 12:00:00 PM,72,26,46
09/29/2018 01:00:00 PM,60,25,35
09/29/2018 02:00:00 PM,57,25,32
09/29/2018 03:00:00 PM,96,56,40
09/29/2018 04:00:00 PM,47,27,20
09/29/2018 05:00:00 PM,37,21,16
09/29/2018 06:00:00 PM,23,15,8
09/29/2018 07:00:00 PM,10,6,4
09/29/2018 08:00:00 PM,13,9,4
09/29/2018 09:00:00 PM,4,4,0
09/29/2018 10:00:00 PM,5,3,2
09/29/2018 11:00:00 PM,4,4,0
09/30/2018 12:00:00 AM,7,4,3
09/30/2018 01:00:00 AM,4,3,1
09/30/2018 02:00:00 AM,2,1,1
09/30/2018 03:00:00 AM,3,2,1
09/30/2018 04:00:00 AM,3,1,2
09/30/2018 05:00:00 AM,22,2,20
09/30/2018 06:00:00 AM,33,7,26
09/30/2018 07:00:00 AM,72,10,62
09/30/2018 08:00:00 AM,84,8,76
09/30/2018 09:00:00 AM,49,14,35
09/30/2018 10:00:00 AM,20,6,14
09/30/2018 11:00:00 AM,20,9,11
09/30/2018 12:00:00 PM,19,7,12
09/30/2018 01:00:00 PM,18,7,11
09/30/2018 02:00:00 PM,22,14,8
09/30/2018 03:00:00 PM,29,19,10
09/30/2018 04:00:00 PM,62,48,14
09/30/2018 05:00:00 PM,90,77,13
09/30/2018 06:00:00 PM,65,52,13
09/30/2018 07:00:00 PM,26,20,6
09/30/2018 08:00:00 PM,16,11,5
09/30/2018 09:00:00 PM,6,5,1
09/30/2018 10:00:00 PM,5,4,1
09/30/2018 11:00:00 PM,3,2,1
10/01/2018 12:00:00 AM,2,1,1
10/01/2018 01:00:00 AM,2,1,1
10/01/2018 02:00:00 AM,2,1,1
10/01/2018 03:00:00 AM,3,1,2
10/01/2018 04:00:00 AM,4,2,2
10/01/2018 05:00:00 AM,13,1,12
10/01/2018 06:00:00 AM,41,7,34
10/01/2018 07:00:00 AM,64,9,55
10/01/2018 08:00:00 AM,78,7,71
10/01/2018 09:00:00 AM,35,8,27
10/01/2018 10:00:00 AM,21,8,13
10/01/2018 11:00:00 AM,19,7,12
10/01/2018 12:00:00 PM,20,9,11
10/01/2018 01:00:00 PM,21,8,13
10/01/2018 02:00:00 PM,21,11,10
10/01/2018 03:00:00 PM,36,27,9
10/01/2018 04:00:00 PM,56,42,14
10/01/2018 05:00:00 PM,101,84,17
10/01/2018 06:00:00 PM,56,44,12
10/01/2018 07:00:00 PM,27,16,11
10/01/2018 08:00:00 PM,14,11,3
10/01/2018 09:00:00 PM,8,6,2
10/01/2018 10:00:00 PM,6,3,3
10/01/2018 11:00:00 PM,5,3,2
10/02/2018 12:00:00 AM,3,2,1
10/02/2018 01:00:00 AM,2,1,1
10/02/2018 02:00:00 AM,2,1,1
10/02/2018 03:00:00 AM,2,1,1
10/02/2018 04:00:00 AM,3,0,3
10/02/2018 05:00:00 AM,0,0,0
10/02/2018 06:00:00 AM,26,0,26
10/02/2018 07:00:00 AM,37,0,37
10/02/2018 08:00:00 AM,1,1,0
10/02/2018 09:00:00 AM,0,0,0
10/02/2018 10:00:00 AM,0,0,0
10/02/2018 11:00:00 AM,0,0,0
10/02/2018 12:00:00 PM,2,1,1
10/02/2018 01:00:00 PM,24,11,13
10/02/2018 02:00:00 PM,23,14,9
10/02/2018 03:00:00 PM,45,30,15
10/02/2018 04:00:00 PM,96,74,22
10/02/2018 05:00:00 PM,158,148,10
10/02/2018 06:00:00 PM,104,90,14
10/02/2018 07:00:00 PM,25,23,2
10/02/2018 08:00:00 PM,14,13,1
10/02/2018 09:00:00 PM,15,12,3
10/02/2018 10:00:00 PM,16,15,1
10/02/2018 11:00:00 PM,6,5,1
10/03/2018 12:00:00 AM,3,2,1
10/03/2018 01:00:00 AM,1,1,0
10/03/2018 02:00:00 AM,3,2,1
10/03/2018 03:00:00 AM,2,2,0
10/03/2018 04:00:00 AM,5,1,4
10/03/2018 05:00:00 AM,20,2,18
10/03/2018 06:00:00 AM,90,13,77
10/03/2018 07:00:00 AM,112,8,104
10/03/2018 08:00:00 AM,61,8,53
10/03/2018 09:00:00 AM,36,4,32
10/03/2018 10:00:00 AM,31,5,26
10/03/2018 11:00:00 AM,26,11,15
10/03/2018 12:00:00 PM,20,10,10
10/03/2018 01:00:00 PM,18,10,8
10/03/2018 02:00:00 PM,23,9,14
10/03/2018 03:00:00 PM,48,34,14
10/03/2018 04:00:00 PM,111,91,20
10/03/2018 05:00:00 PM,192,169,23
10/03/2018 06:00:00 PM,105,85,20
10/03/2018 07:00:00 PM,39,34,5
10/03/2018 08:00:00 PM,23,20,3
10/03/2018 09:00:00 PM,9,9,0
10/03/2018 10:00:00 PM,13,11,2
10/03/2018 11:00:00 PM,4,3,1
10/04/2018 12:00:00 AM,2,0,2
10/04/2018 01:00:00 AM,3,2,1
10/04/2018 02:00:00 AM,2,2,0
10/04/2018 03:00:00 AM,2,2,0
10/04/2018 04:00:00 AM,8,1,7
10/04/2018 05:00:00 AM,32,6,26
10/04/2018 06:00:00 AM,71,10,61
10/04/2018 07:00:00 AM,137,9,128
10/04/2018 08:00:00 AM,138,2,136
10/04/2018 09:00:00 AM,53,5,48
10/04/2018 10:00:00 AM,17,4,13
10/04/2018 11:00:00 AM,25,6,19
10/04/2018 12:00:00 PM,19,8,11
10/04/2018 01:00:00 PM,22,12,10
10/04/2018 02:00:00 PM,26,12,14
10/04/2018 03:00:00 PM,49,33,16
10/04/2018 04:00:00 PM,95,76,19
10/04/2018 05:00:00 PM,184,170,14
10/04/2018 06:00:00 PM,91,75,16
10/04/2018 07:00:00 PM,38,29,9
10/04/2018 08:00:00 PM,21,18,3
10/04/2018 09:00:00 PM,16,11,5
10/04/2018 10:00:00 PM,13,11,2
10/04/2018 11:00:00 PM,4,3,1
10/05/2018 12:00:00 AM,5,4,1
10/05/2018 01:00:00 AM,4,3,1
10/05/2018 02:00:00 AM,1,1,0
10/05/2018 03:00:00 AM,2,1,1
10/05/2018 04:00:00 AM,8,1,7
10/05/2018 05:00:00 AM,17,5,12
10/05/2018 06:00:00 AM,33,5,28
10/05/2018 07:00:00 AM,99,3,96
10/05/2018 08:00:00 AM,93,7,86
10/05/2018 09:00:00 AM,42,6,36
10/05/2018 10:00:00 AM,4,0,4
10/05/2018 11:00:00 AM,14,3,11
10/05/2018 12:00:00 PM,13,7,6
10/05/2018 01:00:00 PM,12,8,4
10/05/2018 02:00:00 PM,14,11,3
10/05/2018 03:00:00 PM,28,24,4
10/05/2018 04:00:00 PM,51,47,4
10/05/2018 05:00:00 PM,80,70,10
10/05/2018 06:00:00 PM,21,20,1
10/05/2018 07:00:00 PM,18,14,4
10/05/2018 08:00:00 PM,7,6,1
10/05/2018 09:00:00 PM,4,4,0
10/05/2018 10:00:00 PM,2,1,1
10/05/2018 11:00:00 PM,5,4,1
10/06/2018 12:00:00 AM,3,2,1
10/06/2018 01:00:00 AM,3,2,1
10/06/2018 02:00:00 AM,1,1,0
10/06/2018 03:00:00 AM,2,2,0
10/06/2018 04:00:00 AM,1,0,1
10/06/2018 05:00:00 AM,5,2,3
10/06/2018 06:00:00 AM,11,5,6
10/06/2018 07:00:00 AM,11,4,7
10/06/2018 08:00:00 AM,24,3,21
10/06/2018 09:00:00 AM,24,11,13
10/06/2018 10:00:00 AM,19,10,9
10/06/2018 11:00:00 AM,51,21,30
10/06/2018 12:00:00 PM,44,17,27
10/06/2018 01:00:00 PM,29,15,14
10/06/2018 02:00:00 PM,47,29,18
10/06/2018 03:00:00 PM,60,39,21
10/06/2018 04:00:00 PM,43,16,27
10/06/2018 05:00:00 PM,52,25,27
10/06/2018 06:00:00 PM,20,9,11
10/06/2018 07:00:00 PM,14,10,4
10/06/2018 08:00:00 PM,7,3,4
10/06/2018 09:00:00 PM,10,3,7
10/06/2018 10:00:00 PM,13,8,5
10/06/2018 11:00:00 PM,7,6,1
10/07/2018 12:00:00 AM,3,2,1
10/07/2018 01:00:00 AM,3,2,1
10/07/2018 02:00:00 AM,2,2,0
10/07/2018 03:00:00 AM,4,1,3
10/07/2018 04:00:00 AM,1,1,0
10/07/2018 05:00:00 AM,4,1,3
10/07/2018 06:00:00 AM,5,2,3
10/07/2018 07:00:00 AM,7,4,3
10/07/2018 08:00:00 AM,13,5,8
10/07/2018 09:00:00 AM,24,5,19
10/07/2018 10:00:00 AM,22,13,9
10/07/2018 11:00:00 AM,14,6,8
10/07/2018 12:00:00 PM,11,3,8
10/07/2018 01:00:00 PM,11,7,4
10/07/2018 02:00:00 PM,13,5,8
10/07/2018 03:00:00 PM,20,6,14
10/07/2018 04:00:00 PM,14,7,7
10/07/2018 05:00:00 PM,31,20,11
10/07/2018 06:00:00 PM,12,3,9
10/07/2018 07:00:00 PM,9,6,3
10/07/2018 08:00:00 PM,3,3,0
10/07/2018 09:00:00 PM,3,2,1
10/07/2018 10:00:00 PM,1,1,0
10/07/2018 11:00:00 PM,2,2,0
10/08/2018 12:00:00 AM,5,4,1
10/08/2018 01:00:00 AM,2,1,1
10/08/2018 02:00:00 AM,2,2,0
10/08/2018 03:00:00 AM,1,1,0
10/08/2018 04:00:00 AM,3,1,2
10/08/2018 05:00:00 AM,21,5,16
10/08/2018 06:00:00 AM,57,6,51
10/08/2018 07:00:00 AM,108,9,99
10/08/2018 08:00:00 AM,103,7,96
10/08/2018 09:00:00 AM,35,3,32
10/08/2018 10:00:00 AM,18,4,14
10/08/2018 11:00:00 AM,12,3,9
10/08/2018 12:00:00 PM,10,5,5
10/08/2018 01:00:00 PM,9,5,4
10/08/2018 02:00:00 PM,19,10,9
10/08/2018 03:00:00 PM,34,28,6
10/08/2018 04:00:00 PM,55,47,8
10/08/2018 05:00:00 PM,114,106,8
10/08/2018 06:00:00 PM,64,56,8
10/08/2018 07:00:00 PM,23,18,5
10/08/2018 08:00:00 PM,6,5,1
10/08/2018 09:00:00 PM,7,6,1
10/08/2018 10:00:00 PM,7,5,2
10/08/2018 11:00:00 PM,4,2,2
10/09/2018 12:00:00 AM,1,0,1
10/09/2018 01:00:00 AM,9,6,3
10/09/2018 02:00:00 AM,1,1,0
10/09/2018 03:00:00 AM,1,1,0
10/09/2018 04:00:00 AM,5,1,4
10/09/2018 05:00:00 AM,26,5,21
10/09/2018 06:00:00 AM,69,12,57
10/09/2018 07:00:00 AM,123,15,108
10/09/2018 08:00:00 AM,123,3,120
10/09/2018 09:00:00 AM,48,5,43
10/09/2018 10:00:00 AM,26,8,18
10/09/2018 11:00:00 AM,22,8,14
10/09/2018 12:00:00 PM,17,3,14
10/09/2018 01:00:00 PM,17,8,9
10/09/2018 02:00:00 PM,23,12,11
10/09/2018 03:00:00 PM,45,36,9
10/09/2018 04:00:00 PM,86,74,12
10/09/2018 05:00:00 PM,179,144,35
10/09/2018 06:00:00 PM,98,86,12
10/09/2018 07:00:00 PM,41,30,11
10/09/2018 08:00:00 PM,20,13,7
10/09/2018 09:00:00 PM,13,12,1
10/09/2018 10:00:00 PM,13,10,3
10/09/2018 11:00:00 PM,6,5,1
10/10/2018 12:00:00 AM,0,0,0
10/10/2018 01:00:00 AM,2,2,0
10/10/2018 02:00:00 AM,2,1,1
10/10/2018 03:00:00 AM,1,1,0
10/10/2018 04:00:00 AM,9,3,6
10/10/2018 05:00:00 AM,35,5,30
10/10/2018 06:00:00 AM,80,14,66
10/10/2018 07:00:00 AM,154,8,146
10/10/2018 08:00:00 AM,146,9,137
10/10/2018 09:00:00 AM,56,6,50
10/10/2018 10:00:00 AM,26,4,22
10/10/2018 11:00:00 AM,29,10,19
10/10/2018 12:00:00 PM,26,13,13
10/10/2018 01:00:00 PM,28,15,13
10/10/2018 02:00:00 PM,31,13,18
10/10/2018 03:00:00 PM,48,39,9
10/10/2018 04:00:00 PM,112,94,18
10/10/2018 05:00:00 PM,194,169,25
10/10/2018 06:00:00 PM,118,93,25
10/10/2018 07:00:00 PM,41,36,5
10/10/2018 08:00:00 PM,13,7,6
10/10/2018 09:00:00 PM,17,14,3
10/10/2018 10:00:00 PM,13,10,3
10/10/2018 11:00:00 PM,10,6,4
10/11/2018 12:00:00 AM,3,2,1
10/11/2018 01:00:00 AM,5,4,1
10/11/2018 02:00:00 AM,3,3,0
10/11/2018 03:00:00 AM,0,0,0
10/11/2018 04:00:00 AM,5,5,0
10/11/2018 05:00:00 AM,26,3,23
10/11/2018 06:00:00 AM,69,11,58
10/11/2018 07:00:00 AM,140,6,134
10/11/2018 08:00:00 AM,131,6,125
10/11/2018 09:00:00 AM,57,5,52
10/11/2018 10:00:00 AM,15,3,12
10/11/2018 11:00:00 AM,24,8,16
10/11/2018 12:00:00 PM,17,5,12
10/11/2018 01:00:00 PM,24,16,8
10/11/2018 02:00:00 PM,34,22,12
10/11/2018 03:00:00 PM,52,41,11
10/11/2018 04:00:00 PM,111,92,19
10/11/2018 05:00:00 PM,182,161,21
10/11/2018 06:00:00 PM,93,77,16
10/11/2018 07:00:00 PM,32,22,10
10/11/2018 08:00:00 PM,22,18,4
10/11/2018 09:00:00 PM,12,9,3
10/11/2018 10:00:00 PM,7,5,2
10/11/2018 11:00:00 PM,2,2,0
10/12/2018 12:00:00 AM,2,2,0
10/12/2018 01:00:00 AM,1,1,0
10/12/2018 02:00:00 AM,1,1,0
10/12/2018 03:00:00 AM,1,0,1
10/12/2018 04:00:00 AM,2,1,1
10/12/2018 05:00:00 AM,20,2,18
10/12/2018 06:00:00 AM,52,7,45
10/12/2018 07:00:00 AM,107,7,100
10/12/2018 08:00:00 AM,120,11,109
10/12/2018 09:00:00 AM,48,5,43
10/12/2018 10:00:00 AM,23,6,17
10/12/2018 11:00:00 AM,15,3,12
10/12/2018 12:00:00 PM,27,10,17
10/12/2018 01:00:00 PM,17,8,9
10/12/2018 02:00:00 PM,36,25,11
10/12/2018 03:00:00 PM,54,41,13
10/12/2018 04:00:00 PM,112,88,24
10/12/2018 05:00:00 PM,135,118,17
10/12/2018 06:00:00 PM,62,53,9
10/12/2018 07:00:00 PM,24,18,6
10/12/2018 08:00:00 PM,17,10,7
10/12/2018 09:00:00 PM,12,7,5
10/12/2018 10:00:00 PM,9,7,2
10/12/2018 11:00:00 PM,4,3,1
10/13/2018 12:00:00 AM,8,6,2
10/13/2018 01:00:00 AM,3,2,1
10/13/2018 02:00:00 AM,3,2,1
10/13/2018 03:00:00 AM,3,2,1
10/13/2018 04:00:00 AM,2,2,0
10/13/2018 05:00:00 AM,9,2,7
10/13/2018 06:00:00 AM,7,1,6
10/13/2018 07:00:00 AM,14,5,9
10/13/2018 08:00:00 AM,30,13,17
10/13/2018 09:00:00 AM,29,17,12
10/13/2018 10:00:00 AM,40,17,23
10/13/2018 11:00:00 AM,43,17,26
10/13/2018 12:00:00 PM,55,30,25
10/13/2018 01:00:00 PM,58,29,29
10/13/2018 02:00:00 PM,26,15,11
10/13/2018 03:00:00 PM,41,21,20
10/13/2018 04:00:00 PM,41,21,20
10/13/2018 05:00:00 PM,29,18,11
10/13/2018 06:00:00 PM,32,19,13
10/13/2018 07:00:00 PM,14,6,8
10/13/2018 08:00:00 PM,12,5,7
10/13/2018 09:00:00 PM,6,3,3
10/13/2018 10:00:00 PM,11,7,4
10/13/2018 11:00:00 PM,5,3,2
10/14/2018 12:00:00 AM,5,3,2
10/14/2018 01:00:00 AM,6,2,4
10/14/2018 02:00:00 AM,0,0,0
10/14/2018 03:00:00 AM,0,0,0
10/14/2018 04:00:00 AM,0,0,0
10/14/2018 05:00:00 AM,4,1,3
10/14/2018 06:00:00 AM,4,0,4
10/14/2018 07:00:00 AM,7,1,6
10/14/2018 08:00:00 AM,12,3,9
10/14/2018 09:00:00 AM,22,8,14
10/14/2018 10:00:00 AM,27,13,14
10/14/2018 11:00:00 AM,42,20,22
10/14/2018 12:00:00 PM,29,14,15
10/14/2018 01:00:00 PM,53,22,31
10/14/2018 02:00:00 PM,44,23,21
10/14/2018 03:00:00 PM,50,33,17
10/14/2018 04:00:00 PM,46,26,20
10/14/2018 05:00:00 PM,46,23,23
10/14/2018 06:00:00 PM,22,11,11
10/14/2018 07:00:00 PM,5,3,2
10/14/2018 08:00:00 PM,7,2,5
10/14/2018 09:00:00 PM,6,3,3
10/14/2018 10:00:00 PM,4,4,0
10/14/2018 11:00:00 PM,1,1,0
10/15/2018 12:00:00 AM,1,1,0
10/15/2018 01:00:00 AM,2,0,2
10/15/2018 02:00:00 AM,1,1,0
10/15/2018 03:00:00 AM,1,1,0
10/15/2018 04:00:00 AM,5,1,4
10/15/2018 05:00:00 AM,24,2,22
10/15/2018 06:00:00 AM,79,8,71
10/15/2018 07:00:00 AM,143,9,134
10/15/2018 08:00:00 AM,174,15,159
10/15/2018 09:00:00 AM,44,5,39
10/15/2018 10:00:00 AM,36,9,27
10/15/2018 11:00:00 AM,19,6,13
10/15/2018 12:00:00 PM,18,5,13
10/15/2018 01:00:00 PM,27,18,9
10/15/2018 02:00:00 PM,33,18,15
10/15/2018 03:00:00 PM,62,40,22
10/15/2018 04:00:00 PM,128,109,19
10/15/2018 05:00:00 PM,199,179,20
10/15/2018 06:00:00 PM,103,83,20
10/15/2018 07:00:00 PM,32,22,10
10/15/2018 08:00:00 PM,9,6,3
10/15/2018 09:00:00 PM,9,7,2
10/15/2018 10:00:00 PM,12,9,3
10/15/2018 11:00:00 PM,8,6,2
10/16/2018 12:00:00 AM,4,3,1
10/16/2018 01:00:00 AM,1,1,0
10/16/2018 02:00:00 AM,2,1,1
10/16/2018 03:00:00 AM,2,1,1
10/16/2018 04:00:00 AM,8,2,6
10/16/2018 05:00:00 AM,32,6,26
10/16/2018 06:00:00 AM,87,15,72
10/16/2018 07:00:00 AM,148,11,137
10/16/2018 08:00:00 AM,153,7,146
10/16/2018 09:00:00 AM,49,8,41
10/16/2018 10:00:00 AM,30,6,24
10/16/2018 11:00:00 AM,32,15,17
10/16/2018 12:00:00 PM,33,10,23
10/16/2018 01:00:00 PM,35,15,20
10/16/2018 02:00:00 PM,25,18,7
10/16/2018 03:00:00 PM,49,35,14
10/16/2018 04:00:00 PM,109,91,18
10/16/2018 05:00:00 PM,223,198,25
10/16/2018 06:00:00 PM,113,99,14
10/16/2018 07:00:00 PM,40,30,10
10/16/2018 08:00:00 PM,11,7,4
10/16/2018 09:00:00 PM,16,14,2
10/16/2018 10:00:00 PM,14,12,2
10/16/2018 11:00:00 PM,13,8,5
10/17/2018 12:00:00 AM,7,3,4
10/17/2018 01:00:00 AM,3,1,2
10/17/2018 02:00:00 AM,0,0,0
10/17/2018 03:00:00 AM,3,3,0
10/17/2018 04:00:00 AM,7,3,4
10/17/2018 05:00:00 AM,27,4,23
10/17/2018 06:00:00 AM,76,14,62
10/17/2018 07:00:00 AM,146,14,132
10/17/2018 08:00:00 AM,158,10,148
10/17/2018 09:00:00 AM,55,2,53
10/17/2018 10:00:00 AM,28,8,20
10/17/2018 11:00:00 AM,26,9,17
10/17/2018 12:00:00 PM,24,8,16
10/17/2018 01:00:00 PM,29,18,11
10/17/2018 02:00:00 PM,34,18,16
10/17/2018 03:00:00 PM,52,41,11
10/17/2018 04:00:00 PM,141,107,34
10/17/2018 05:00:00 PM,171,153,18
10/17/2018 06:00:00 PM,99,82,17
10/17/2018 07:00:00 PM,30,28,2
10/17/2018 08:00:00 PM,23,19,4
10/17/2018 09:00:00 PM,18,11,7
10/17/2018 10:00:00 PM,17,10,7
10/17/2018 11:00:00 PM,6,6,0
10/18/2018 12:00:00 AM,6,4,2
10/18/2018 01:00:00 AM,5,3,2
10/18/2018 02:00:00 AM,2,2,0
10/18/2018 03:00:00 AM,1,0,1
10/18/2018 04:00:00 AM,6,2,4
10/18/2018 05:00:00 AM,28,4,24
10/18/2018 06:00:00 AM,75,10,65
10/18/2018 07:00:00 AM,125,7,118
10/18/2018 08:00:00 AM,145,5,140
10/18/2018 09:00:00 AM,59,8,51
10/18/2018 10:00:00 AM,23,5,18
10/18/2018 11:00:00 AM,15,3,12
10/18/2018 12:00:00 PM,28,12,16
10/18/2018 01:00:00 PM,22,14,8
10/18/2018 02:00:00 PM,33,15,18
10/18/2018 03:00:00 PM,60,46,14
10/18/2018 04:00:00 PM,97,81,16
10/18/2018 05:00:00 PM,191,162,29
10/18/2018 06:00:00 PM,80,70,10
10/18/2018 07:00:00 PM,28,25,3
10/18/2018 08:00:00 PM,26,17,9
10/18/2018 09:00:00 PM,13,10,3
10/18/2018 10:00:00 PM,10,8,2
10/18/2018 11:00:00 PM,3,3,0
10/19/2018 12:00:00 AM,5,5,0
10/19/2018 01:00:00 AM,1,1,0
10/19/2018 02:00:00 AM,2,1,1
10/19/2018 03:00:00 AM,0,0,0
10/19/2018 04:00:00 AM,9,4,5
10/19/2018 05:00:00 AM,15,1,14
10/19/2018 06:00:00 AM,56,8,48
10/19/2018 07:00:00 AM,131,8,123
10/19/2018 08:00:00 AM,117,14,103
10/19/2018 09:00:00 AM,41,3,38
10/19/2018 10:00:00 AM,20,4,16
10/19/2018 11:00:00 AM,22,8,14
10/19/2018 12:00:00 PM,18,6,12
10/19/2018 01:00:00 PM,18,12,6
10/19/2018 02:00:00 PM,24,17,7
10/19/2018 03:00:00 PM,39,27,12
10/19/2018 04:00:00 PM,97,81,16
10/19/2018 05:00:00 PM,141,113,28
10/19/2018 06:00:00 PM,59,45,14
10/19/2018 07:00:00 PM,33,26,7
10/19/2018 08:00:00 PM,10,7,3
10/19/2018 09:00:00 PM,10,10,0
10/19/2018 10:00:00 PM,4,3,1
10/19/2018 11:00:00 PM,4,4,0
10/20/2018 12:00:00 AM,5,3,2
10/20/2018 01:00:00 AM,2,2,0
10/20/2018 02:00:00 AM,0,0,0
10/20/2018 03:00:00 AM,1,1,0
10/20/2018 04:00:00 AM,2,2,0
10/20/2018 05:00:00 AM,6,2,4
10/20/2018 06:00:00 AM,8,2,6
10/20/2018 07:00:00 AM,11,3,8
10/20/2018 08:00:00 AM,30,7,23
10/20/2018 09:00:00 AM,12,6,6
10/20/2018 10:00:00 AM,40,15,25
10/20/2018 11:00:00 AM,28,13,15
10/20/2018 12:00:00 PM,50,24,26
10/20/2018 01:00:00 PM,43,21,22
10/20/2018 02:00:00 PM,53,28,25
10/20/2018 03:00:00 PM,40,22,18
10/20/2018 04:00:00 PM,20,16,4
10/20/2018 05:00:00 PM,40,27,13
10/20/2018 06:00:00 PM,18,7,11
10/20/2018 07:00:00 PM,12,3,9
10/20/2018 08:00:00 PM,6,2,4
10/20/2018 09:00:00 PM,6,5,1
10/20/2018 10:00:00 PM,4,4,0
10/20/2018 11:00:00 PM,6,4,2
10/21/2018 12:00:00 AM,1,1,0
10/21/2018 01:00:00 AM,3,3,0
10/21/2018 02:00:00 AM,3,3,0
10/21/2018 03:00:00 AM,0,0,0
10/21/2018 04:00:00 AM,0,0,0
10/21/2018 05:00:00 AM,4,0,4
10/21/2018 06:00:00 AM,2,0,2
10/21/2018 07:00:00 AM,5,3,2
10/21/2018 08:00:00 AM,14,4,10
10/21/2018 09:00:00 AM,19,10,9
10/21/2018 10:00:00 AM,32,15,17
10/21/2018 11:00:00 AM,27,10,17
10/21/2018 12:00:00 PM,26,15,11
10/21/2018 01:00:00 PM,40,21,19
10/21/2018 02:00:00 PM,38,17,21
10/21/2018 03:00:00 PM,47,19,28
10/21/2018 04:00:00 PM,34,16,18
10/21/2018 05:00:00 PM,22,12,10
10/21/2018 06:00:00 PM,16,11,5
10/21/2018 07:00:00 PM,11,7,4
10/21/2018 08:00:00 PM,5,3,2
10/21/2018 09:00:00 PM,6,5,1
10/21/2018 10:00:00 PM,9,4,5
10/21/2018 11:00:00 PM,5,3,2
10/22/2018 12:00:00 AM,5,4,1
10/22/2018 01:00:00 AM,1,0,1
10/22/2018 02:00:00 AM,5,2,3
10/22/2018 03:00:00 AM,1,0,1
10/22/2018 04:00:00 AM,4,1,3
10/22/2018 05:00:00 AM,23,3,20
10/22/2018 06:00:00 AM,74,7,67
10/22/2018 07:00:00 AM,130,7,123
10/22/2018 08:00:00 AM,153,7,146
10/22/2018 09:00:00 AM,56,5,51
10/22/2018 10:00:00 AM,22,8,14
10/22/2018 11:00:00 AM,20,6,14
10/22/2018 12:00:00 PM,16,9,7
10/22/2018 01:00:00 PM,19,7,12
10/22/2018 02:00:00 PM,23,14,9
10/22/2018 03:00:00 PM,47,31,16
10/22/2018 04:00:00 PM,103,81,22
10/22/2018 05:00:00 PM,184,171,13
10/22/2018 06:00:00 PM,94,81,13
10/22/2018 07:00:00 PM,36,30,6
10/22/2018 08:00:00 PM,9,6,3
10/22/2018 09:00:00 PM,9,5,4
10/22/2018 10:00:00 PM,5,4,1
10/22/2018 11:00:00 PM,3,3,0
10/23/2018 12:00:00 AM,2,1,1
10/23/2018 01:00:00 AM,4,1,3
10/23/2018 02:00:00 AM,1,1,0
10/23/2018 03:00:00 AM,2,2,0
10/23/2018 04:00:00 AM,5,2,3
10/23/2018 05:00:00 AM,23,3,20
10/23/2018 06:00:00 AM,69,14,55
10/23/2018 07:00:00 AM,127,7,120
10/23/2018 08:00:00 AM,124,9,115
10/23/2018 09:00:00 AM,41,5,36
10/23/2018 10:00:00 AM,23,6,17
10/23/2018 11:00:00 AM,19,4,15
10/23/2018 12:00:00 PM,20,5,15
10/23/2018 01:00:00 PM,14,5,9
10/23/2018 02:00:00 PM,28,19,9
10/23/2018 03:00:00 PM,39,28,11
10/23/2018 04:00:00 PM,83,68,15
10/23/2018 05:00:00 PM,142,129,13
10/23/2018 06:00:00 PM,86,78,8
10/23/2018 07:00:00 PM,23,22,1
10/23/2018 08:00:00 PM,15,11,4
10/23/2018 09:00:00 PM,13,11,2
10/23/2018 10:00:00 PM,11,10,1
10/23/2018 11:00:00 PM,5,2,3
10/24/2018 12:00:00 AM,4,1,3
10/24/2018 01:00:00 AM,4,2,2
10/24/2018 02:00:00 AM,0,0,0
10/24/2018 03:00:00 AM,2,2,0
10/24/2018 04:00:00 AM,6,2,4
10/24/2018 05:00:00 AM,28,3,25
10/24/2018 06:00:00 AM,63,14,49
10/24/2018 07:00:00 AM,136,15,121
10/24/2018 08:00:00 AM,127,9,118
10/24/2018 09:00:00 AM,55,4,51
10/24/2018 10:00:00 AM,30,6,24
10/24/2018 11:00:00 AM,22,12,10
10/24/2018 12:00:00 PM,13,2,11
10/24/2018 01:00:00 PM,27,16,11
10/24/2018 02:00:00 PM,26,12,14
10/24/2018 03:00:00 PM,42,31,11
10/24/2018 04:00:00 PM,106,87,19
10/24/2018 05:00:00 PM,164,143,21
10/24/2018 06:00:00 PM,86,73,13
10/24/2018 07:00:00 PM,41,37,4
10/24/2018 08:00:00 PM,25,18,7
10/24/2018 09:00:00 PM,12,10,2
10/24/2018 10:00:00 PM,11,9,2
10/24/2018 11:00:00 PM,6,4,2
10/25/2018 12:00:00 AM,2,1,1
10/25/2018 01:00:00 AM,0,0,0
10/25/2018 02:00:00 AM,1,1,0
10/25/2018 03:00:00 AM,1,1,0
10/25/2018 04:00:00 AM,3,1,2
10/25/2018 05:00:00 AM,25,4,21
10/25/2018 06:00:00 AM,55,12,43
10/25/2018 07:00:00 AM,95,3,92
10/25/2018 08:00:00 AM,96,8,88
10/25/2018 09:00:00 AM,50,6,44
10/25/2018 10:00:00 AM,12,5,7
10/25/2018 11:00:00 AM,10,4,6
10/25/2018 12:00:00 PM,7,0,7
10/25/2018 01:00:00 PM,18,10,8
10/25/2018 02:00:00 PM,16,7,9
10/25/2018 03:00:00 PM,22,17,5
10/25/2018 04:00:00 PM,68,60,8
10/25/2018 05:00:00 PM,105,99,6
10/25/2018 06:00:00 PM,56,48,8
10/25/2018 07:00:00 PM,30,23,7
10/25/2018 08:00:00 PM,9,7,2
10/25/2018 09:00:00 PM,9,8,1
10/25/2018 10:00:00 PM,3,3,0
10/25/2018 11:00:00 PM,5,4,1
10/26/2018 12:00:00 AM,0,0,0
10/26/2018 01:00:00 AM,0,0,0
10/26/2018 02:00:00 AM,1,1,0
10/26/2018 03:00:00 AM,1,1,0
10/26/2018 04:00:00 AM,3,1,2
10/26/2018 05:00:00 AM,15,2,13
10/26/2018 06:00:00 AM,37,8,29
10/26/2018 07:00:00 AM,77,6,71
10/26/2018 08:00:00 AM,94,8,86
10/26/2018 09:00:00 AM,35,4,31
10/26/2018 10:00:00 AM,15,4,11
10/26/2018 11:00:00 AM,14,4,10
10/26/2018 12:00:00 PM,12,3,9
10/26/2018 01:00:00 PM,11,6,5
10/26/2018 02:00:00 PM,26,19,7
10/26/2018 03:00:00 PM,29,17,12
10/26/2018 04:00:00 PM,88,78,10
10/26/2018 05:00:00 PM,103,92,11
10/26/2018 06:00:00 PM,46,39,7
10/26/2018 07:00:00 PM,18,16,2
10/26/2018 08:00:00 PM,9,5,4
10/26/2018 09:00:00 PM,4,3,1
10/26/2018 10:00:00 PM,5,3,2
10/26/2018 11:00:00 PM,5,5,0
10/27/2018 12:00:00 AM,3,1,2
10/27/2018 01:00:00 AM,2,1,1
10/27/2018 02:00:00 AM,3,3,0
10/27/2018 03:00:00 AM,2,1,1
10/27/2018 04:00:00 AM,1,1,0
10/27/2018 05:00:00 AM,1,0,1
10/27/2018 06:00:00 AM,11,1,10
10/27/2018 07:00:00 AM,9,2,7
10/27/2018 08:00:00 AM,25,13,12
10/27/2018 09:00:00 AM,31,11,20
10/27/2018 10:00:00 AM,27,14,13
10/27/2018 11:00:00 AM,20,7,13
10/27/2018 12:00:00 PM,29,16,13
10/27/2018 01:00:00 PM,46,25,21
10/27/2018 02:00:00 PM,42,20,22
10/27/2018 03:00:00 PM,37,19,18
10/27/2018 04:00:00 PM,20,11,9
10/27/2018 05:00:00 PM,18,13,5
10/27/2018 06:00:00 PM,5,2,3
10/27/2018 07:00:00 PM,3,3,0
10/27/2018 08:00:00 PM,2,1,1
10/27/2018 09:00:00 PM,3,1,2
10/27/2018 10:00:00 PM,3,2,1
10/27/2018 11:00:00 PM,4,3,1
10/28/2018 12:00:00 AM,0,0,0
10/28/2018 01:00:00 AM,0,0,0
10/28/2018 02:00:00 AM,0,0,0
10/28/2018 03:00:00 AM,0,0,0
10/28/2018 04:00:00 AM,0,0,0
10/28/2018 05:00:00 AM,0,0,0
10/28/2018 06:00:00 AM,0,0,0
10/28/2018 07:00:00 AM,3,0,3
10/28/2018 08:00:00 AM,3,1,2
10/28/2018 09:00:00 AM,7,3,4
10/28/2018 10:00:00 AM,16,7,9
10/28/2018 11:00:00 AM,8,3,5
10/28/2018 12:00:00 PM,14,7,7
10/28/2018 01:00:00 PM,3,1,2
10/28/2018 02:00:00 PM,15,7,8
10/28/2018 03:00:00 PM,9,4,5
10/28/2018 04:00:00 PM,23,20,3
10/28/2018 05:00:00 PM,6,4,2
10/28/2018 06:00:00 PM,1,0,1
10/28/2018 07:00:00 PM,3,1,2
10/28/2018 08:00:00 PM,4,3,1
10/28/2018 09:00:00 PM,3,1,2
10/28/2018 10:00:00 PM,3,2,1
10/28/2018 11:00:00 PM,3,3,0
10/29/2018 12:00:00 AM,0,0,0
10/29/2018 01:00:00 AM,1,0,1
10/29/2018 02:00:00 AM,0,0,0
10/29/2018 03:00:00 AM,0,0,0
10/29/2018 04:00:00 AM,3,0,3
10/29/2018 05:00:00 AM,11,3,8
10/29/2018 06:00:00 AM,58,8,50
10/29/2018 07:00:00 AM,126,5,121
10/29/2018 08:00:00 AM,132,4,128
10/29/2018 09:00:00 AM,44,3,41
10/29/2018 10:00:00 AM,16,7,9
10/29/2018 11:00:00 AM,14,6,8
10/29/2018 12:00:00 PM,17,6,11
10/29/2018 01:00:00 PM,8,5,3
10/29/2018 02:00:00 PM,15,7,8
10/29/2018 03:00:00 PM,36,28,8
10/29/2018 04:00:00 PM,93,69,24
10/29/2018 05:00:00 PM,149,136,13
10/29/2018 06:00:00 PM,65,58,7
10/29/2018 07:00:00 PM,26,23,3
10/29/2018 08:00:00 PM,14,9,5
10/29/2018 09:00:00 PM,16,14,2
10/29/2018 10:00:00 PM,9,8,1
10/29/2018 11:00:00 PM,7,5,2
10/30/2018 12:00:00 AM,3,3,0
10/30/2018 01:00:00 AM,1,1,0
10/30/2018 02:00:00 AM,0,0,0
10/30/2018 03:00:00 AM,5,3,2
10/30/2018 04:00:00 AM,6,2,4
10/30/2018 05:00:00 AM,23,3,20
10/30/2018 06:00:00 AM,64,13,51
10/30/2018 07:00:00 AM,121,6,115
10/30/2018 08:00:00 AM,126,5,121
10/30/2018 09:00:00 AM,47,3,44
10/30/2018 10:00:00 AM,26,3,23
10/30/2018 11:00:00 AM,29,8,21
10/30/2018 12:00:00 PM,19,8,11
10/30/2018 01:00:00 PM,17,10,7
10/30/2018 02:00:00 PM,21,14,7
10/30/2018 03:00:00 PM,36,23,13
10/30/2018 04:00:00 PM,88,70,18
10/30/2018 05:00:00 PM,166,151,15
10/30/2018 06:00:00 PM,89,78,11
10/30/2018 07:00:00 PM,34,27,7
10/30/2018 08:00:00 PM,8,8,0
10/30/2018 09:00:00 PM,10,8,2
10/30/2018 10:00:00 PM,7,6,1
10/30/2018 11:00:00 PM,4,3,1
10/31/2018 12:00:00 AM,1,0,1
10/31/2018 01:00:00 AM,2,1,1
10/31/2018 02:00:00 AM,1,1,0
10/31/2018 03:00:00 AM,3,2,1
10/31/2018 04:00:00 AM,2,1,1
10/31/2018 05:00:00 AM,21,1,20
10/31/2018 06:00:00 AM,52,9,43
10/31/2018 07:00:00 AM,105,12,93
10/31/2018 08:00:00 AM,49,12,37
10/31/2018 09:00:00 AM,32,6,26
10/31/2018 10:00:00 AM,15,4,11
10/31/2018 11:00:00 AM,12,5,7
10/31/2018 12:00:00 PM,16,12,4
10/31/2018 01:00:00 PM,13,9,4
10/31/2018 02:00:00 PM,15,9,6
10/31/2018 03:00:00 PM,55,45,10
10/31/2018 04:00:00 PM,113,96,17
10/31/2018 05:00:00 PM,113,102,11
10/31/2018 06:00:00 PM,44,38,6
10/31/2018 07:00:00 PM,7,7,0
10/31/2018 08:00:00 PM,10,10,0
10/31/2018 09:00:00 PM,2,2,0
10/31/2018 10:00:00 PM,10,7,3
10/31/2018 11:00:00 PM,5,3,2
11/01/2018 12:00:00 AM,3,2,1
11/01/2018 01:00:00 AM,1,0,1
11/01/2018 02:00:00 AM,2,2,0
11/01/2018 03:00:00 AM,4,3,1
11/01/2018 04:00:00 AM,10,5,5
11/01/2018 05:00:00 AM,19,2,17
11/01/2018 06:00:00 AM,54,9,45
11/01/2018 07:00:00 AM,115,12,103
11/01/2018 08:00:00 AM,117,7,110
11/01/2018 09:00:00 AM,54,6,48
11/01/2018 10:00:00 AM,17,3,14
11/01/2018 11:00:00 AM,19,4,15
11/01/2018 12:00:00 PM,8,2,6
11/01/2018 01:00:00 PM,16,7,9
11/01/2018 02:00:00 PM,21,15,6
11/01/2018 03:00:00 PM,49,32,17
11/01/2018 04:00:00 PM,84,66,18
11/01/2018 05:00:00 PM,135,118,17
11/01/2018 06:00:00 PM,86,73,13
11/01/2018 07:00:00 PM,32,30,2
11/01/2018 08:00:00 PM,19,17,2
11/01/2018 09:00:00 PM,9,7,2
11/01/2018 10:00:00 PM,9,6,3
11/01/2018 11:00:00 PM,4,2,2
11/02/2018 12:00:00 AM,2,1,1
11/02/2018 01:00:00 AM,4,2,2
11/02/2018 02:00:00 AM,1,1,0
11/02/2018 03:00:00 AM,2,2,0
11/02/2018 04:00:00 AM,5,1,4
11/02/2018 05:00:00 AM,16,4,12
11/02/2018 06:00:00 AM,41,4,37
11/02/2018 07:00:00 AM,95,11,84
11/02/2018 08:00:00 AM,92,9,83
11/02/2018 09:00:00 AM,52,7,45
11/02/2018 10:00:00 AM,13,3,10
11/02/2018 11:00:00 AM,24,5,19
11/02/2018 12:00:00 PM,21,8,13
11/02/2018 01:00:00 PM,17,9,8
11/02/2018 02:00:00 PM,21,10,11
11/02/2018 03:00:00 PM,36,28,8
11/02/2018 04:00:00 PM,74,62,12
11/02/2018 05:00:00 PM,127,112,15
11/02/2018 06:00:00 PM,54,47,7
11/02/2018 07:00:00 PM,21,17,4
11/02/2018 08:00:00 PM,13,10,3
11/02/2018 09:00:00 PM,9,4,5
11/02/2018 10:00:00 PM,7,5,2
11/02/2018 11:00:00 PM,4,1,3
11/03/2018 12:00:00 AM,7,4,3
11/03/2018 01:00:00 AM,2,1,1
11/03/2018 02:00:00 AM,3,2,1
11/03/2018 03:00:00 AM,1,1,0
11/03/2018 04:00:00 AM,0,0,0
11/03/2018 05:00:00 AM,4,1,3
11/03/2018 06:00:00 AM,7,0,7
11/03/2018 07:00:00 AM,6,1,5
11/03/2018 08:00:00 AM,16,5,11
11/03/2018 09:00:00 AM,8,2,6
11/03/2018 10:00:00 AM,5,1,4
11/03/2018 11:00:00 AM,16,7,9
11/03/2018 12:00:00 PM,19,11,8
11/03/2018 01:00:00 PM,14,11,3
11/03/2018 02:00:00 PM,13,10,3
11/03/2018 03:00:00 PM,9,6,3
11/03/2018 04:00:00 PM,9,7,2
11/03/2018 05:00:00 PM,8,6,2
11/03/2018 06:00:00 PM,6,4,2
11/03/2018 07:00:00 PM,7,4,3
11/03/2018 08:00:00 PM,3,3,0
11/03/2018 09:00:00 PM,1,0,1
11/03/2018 10:00:00 PM,3,1,2
11/03/2018 11:00:00 PM,5,4,1
11/04/2018 12:00:00 AM,8,6,2
11/04/2018 01:00:00 AM,2,0,2
11/04/2018 02:00:00 AM,3,2,1
11/04/2018 03:00:00 AM,1,1,0
11/04/2018 04:00:00 AM,0,0,0
11/04/2018 05:00:00 AM,4,1,3
11/04/2018 06:00:00 AM,3,1,2
11/04/2018 07:00:00 AM,6,3,3
11/04/2018 08:00:00 AM,10,4,6
11/04/2018 09:00:00 AM,32,21,11
11/04/2018 10:00:00 AM,29,13,16
11/04/2018 11:00:00 AM,16,3,13
11/04/2018 12:00:00 PM,38,16,22
11/04/2018 01:00:00 PM,28,8,20
11/04/2018 02:00:00 PM,32,13,19
11/04/2018 03:00:00 PM,35,14,21
11/04/2018 04:00:00 PM,21,14,7
11/04/2018 05:00:00 PM,24,16,8
11/04/2018 06:00:00 PM,9,6,3
11/04/2018 07:00:00 PM,7,4,3
11/04/2018 08:00:00 PM,16,15,1
11/04/2018 09:00:00 PM,1,0,1
11/04/2018 10:00:00 PM,5,3,2
11/04/2018 11:00:00 PM,3,3,0
11/05/2018 12:00:00 AM,1,0,1
11/05/2018 01:00:00 AM,2,1,1
11/05/2018 02:00:00 AM,2,0,2
11/05/2018 03:00:00 AM,1,1,0
11/05/2018 04:00:00 AM,0,0,0
11/05/2018 05:00:00 AM,28,4,24
11/05/2018 06:00:00 AM,84,17,67
11/05/2018 07:00:00 AM,145,6,139
11/05/2018 08:00:00 AM,114,8,106
11/05/2018 09:00:00 AM,42,3,39
11/05/2018 10:00:00 AM,20,6,14
11/05/2018 11:00:00 AM,39,16,23
11/05/2018 12:00:00 PM,19,9,10
11/05/2018 01:00:00 PM,18,7,11
11/05/2018 02:00:00 PM,26,12,14
11/05/2018 03:00:00 PM,37,31,6
11/05/2018 04:00:00 PM,98,84,14
11/05/2018 05:00:00 PM,154,135,19
11/05/2018 06:00:00 PM,76,64,12
11/05/2018 07:00:00 PM,29,21,8
11/05/2018 08:00:00 PM,8,8,0
11/05/2018 09:00:00 PM,16,15,1
11/05/2018 10:00:00 PM,6,6,0
11/05/2018 11:00:00 PM,1,0,1
11/06/2018 12:00:00 AM,0,0,0
11/06/2018 01:00:00 AM,0,0,0
11/06/2018 02:00:00 AM,1,0,1
11/06/2018 03:00:00 AM,1,1,0
11/06/2018 04:00:00 AM,4,1,3
11/06/2018 05:00:00 AM,30,4,26
11/06/2018 06:00:00 AM,82,14,68
11/06/2018 07:00:00 AM,121,9,112
11/06/2018 08:00:00 AM,123,12,111
11/06/2018 09:00:00 AM,44,6,38
11/06/2018 10:00:00 AM,17,4,13
11/06/2018 11:00:00 AM,23,7,16
11/06/2018 12:00:00 PM,18,7,11
11/06/2018 01:00:00 PM,25,8,17
11/06/2018 02:00:00 PM,24,13,11
11/06/2018 03:00:00 PM,38,33,5
11/06/2018 04:00:00 PM,118,100,18
11/06/2018 05:00:00 PM,139,128,11
11/06/2018 06:00:00 PM,80,70,10
11/06/2018 07:00:00 PM,17,16,1
11/06/2018 08:00:00 PM,16,13,3
11/06/2018 09:00:00 PM,9,6,3
11/06/2018 10:00:00 PM,8,5,3
11/06/2018 11:00:00 PM,4,4,0
11/07/2018 12:00:00 AM,0,0,0
11/07/2018 01:00:00 AM,0,0,0
11/07/2018 02:00:00 AM,1,1,0
11/07/2018 03:00:00 AM,2,2,0
11/07/2018 04:00:00 AM,7,4,3
11/07/2018 05:00:00 AM,28,5,23
11/07/2018 06:00:00 AM,80,10,70
11/07/2018 07:00:00 AM,140,14,126
11/07/2018 08:00:00 AM,128,11,117
11/07/2018 09:00:00 AM,44,2,42
11/07/2018 10:00:00 AM,31,6,25
11/07/2018 11:00:00 AM,16,9,7
11/07/2018 12:00:00 PM,21,9,12
11/07/2018 01:00:00 PM,20,12,8
11/07/2018 02:00:00 PM,32,13,19
11/07/2018 03:00:00 PM,50,37,13
11/07/2018 04:00:00 PM,109,94,15
11/07/2018 05:00:00 PM,168,147,21
11/07/2018 06:00:00 PM,77,66,11
11/07/2018 07:00:00 PM,21,18,3
11/07/2018 08:00:00 PM,25,18,7
11/07/2018 09:00:00 PM,6,5,1
11/07/2018 10:00:00 PM,8,4,4
11/07/2018 11:00:00 PM,3,3,0
11/08/2018 12:00:00 AM,2,1,1
11/08/2018 01:00:00 AM,0,0,0
11/08/2018 02:00:00 AM,1,1,0
11/08/2018 03:00:00 AM,2,2,0
11/08/2018 04:00:00 AM,7,2,5
11/08/2018 05:00:00 AM,22,4,18
11/08/2018 06:00:00 AM,81,15,66
11/08/2018 07:00:00 AM,99,8,91
11/08/2018 08:00:00 AM,105,8,97
11/08/2018 09:00:00 AM,55,4,51
11/08/2018 10:00:00 AM,31,14,17
11/08/2018 11:00:00 AM,22,9,13
11/08/2018 12:00:00 PM,20,6,14
11/08/2018 01:00:00 PM,14,9,5
11/08/2018 02:00:00 PM,27,13,14
11/08/2018 03:00:00 PM,52,36,16
11/08/2018 04:00:00 PM,95,81,14
11/08/2018 05:00:00 PM,120,107,13
11/08/2018 06:00:00 PM,73,62,11
11/08/2018 07:00:00 PM,23,20,3
11/08/2018 08:00:00 PM,18,13,5
11/08/2018 09:00:00 PM,12,9,3
11/08/2018 10:00:00 PM,12,10,2
11/08/2018 11:00:00 PM,15,12,3
11/09/2018 12:00:00 AM,5,4,1
11/09/2018 01:00:00 AM,0,0,0
11/09/2018 02:00:00 AM,0,0,0
11/09/2018 03:00:00 AM,3,2,1
11/09/2018 04:00:00 AM,3,0,3
11/09/2018 05:00:00 AM,21,4,17
11/09/2018 06:00:00 AM,47,10,37
11/09/2018 07:00:00 AM,97,4,93
11/09/2018 08:00:00 AM,101,9,92
11/09/2018 09:00:00 AM,42,8,34
11/09/2018 10:00:00 AM,13,0,13
11/09/2018 11:00:00 AM,10,4,6
11/09/2018 12:00:00 PM,7,4,3
11/09/2018 01:00:00 PM,12,2,10
11/09/2018 02:00:00 PM,23,13,10
11/09/2018 03:00:00 PM,39,35,4
11/09/2018 04:00:00 PM,60,49,11
11/09/2018 05:00:00 PM,94,83,11
11/09/2018 06:00:00 PM,51,47,4
11/09/2018 07:00:00 PM,20,18,2
11/09/2018 08:00:00 PM,7,5,2
11/09/2018 09:00:00 PM,8,6,2
11/09/2018 10:00:00 PM,4,4,0
11/09/2018 11:00:00 PM,5,4,1
11/10/2018 12:00:00 AM,6,5,1
11/10/2018 01:00:00 AM,1,0,1
11/10/2018 02:00:00 AM,1,0,1
11/10/2018 03:00:00 AM,1,1,0
11/10/2018 04:00:00 AM,1,0,1
11/10/2018 05:00:00 AM,4,1,3
11/10/2018 06:00:00 AM,10,3,7
11/10/2018 07:00:00 AM,13,3,10
11/10/2018 08:00:00 AM,20,7,13
11/10/2018 09:00:00 AM,13,1,12
11/10/2018 10:00:00 AM,25,10,15
11/10/2018 11:00:00 AM,33,18,15
11/10/2018 12:00:00 PM,24,12,12
11/10/2018 01:00:00 PM,42,29,13
11/10/2018 02:00:00 PM,49,31,18
11/10/2018 03:00:00 PM,38,19,19
11/10/2018 04:00:00 PM,38,19,19
11/10/2018 05:00:00 PM,19,14,5
11/10/2018 06:00:00 PM,10,4,6
11/10/2018 07:00:00 PM,6,3,3
11/10/2018 08:00:00 PM,0,0,0
11/10/2018 09:00:00 PM,5,4,1
11/10/2018 10:00:00 PM,9,6,3
11/10/2018 11:00:00 PM,4,3,1
11/11/2018 12:00:00 AM,4,3,1
11/11/2018 01:00:00 AM,0,0,0
11/11/2018 02:00:00 AM,2,2,0
11/11/2018 03:00:00 AM,0,0,0
11/11/2018 04:00:00 AM,0,0,0
11/11/2018 05:00:00 AM,3,1,2
11/11/2018 06:00:00 AM,2,1,1
11/11/2018 07:00:00 AM,4,0,4
11/11/2018 08:00:00 AM,14,6,8
11/11/2018 09:00:00 AM,25,7,18
11/11/2018 10:00:00 AM,28,10,18
11/11/2018 11:00:00 AM,35,16,19
11/11/2018 12:00:00 PM,41,19,22
11/11/2018 01:00:00 PM,37,24,13
11/11/2018 02:00:00 PM,51,31,20
11/11/2018 03:00:00 PM,27,9,18
11/11/2018 04:00:00 PM,29,14,15
11/11/2018 05:00:00 PM,23,10,13
11/11/2018 06:00:00 PM,9,4,5
11/11/2018 07:00:00 PM,3,1,2
11/11/2018 08:00:00 PM,2,2,0
11/11/2018 09:00:00 PM,4,2,2
11/11/2018 10:00:00 PM,5,4,1
11/11/2018 11:00:00 PM,2,2,0
11/12/2018 12:00:00 AM,3,2,1
11/12/2018 01:00:00 AM,0,0,0
11/12/2018 02:00:00 AM,2,1,1
11/12/2018 03:00:00 AM,2,2,0
11/12/2018 04:00:00 AM,1,0,1
11/12/2018 05:00:00 AM,15,1,14
11/12/2018 06:00:00 AM,37,6,31
11/12/2018 07:00:00 AM,93,8,85
11/12/2018 08:00:00 AM,110,10,100
11/12/2018 09:00:00 AM,46,6,40
11/12/2018 10:00:00 AM,25,3,22
11/12/2018 11:00:00 AM,22,8,14
11/12/2018 12:00:00 PM,15,6,9
11/12/2018 01:00:00 PM,24,11,13
11/12/2018 02:00:00 PM,42,20,22
11/12/2018 03:00:00 PM,36,24,12
11/12/2018 04:00:00 PM,80,64,16
11/12/2018 05:00:00 PM,116,106,10
11/12/2018 06:00:00 PM,64,56,8
11/12/2018 07:00:00 PM,24,20,4
11/12/2018 08:00:00 PM,14,11,3
11/12/2018 09:00:00 PM,11,10,1
11/12/2018 10:00:00 PM,5,4,1
11/12/2018 11:00:00 PM,3,0,3
11/13/2018 12:00:00 AM,5,1,4
11/13/2018 01:00:00 AM,1,0,1
11/13/2018 02:00:00 AM,0,0,0
11/13/2018 03:00:00 AM,1,1,0
11/13/2018 04:00:00 AM,7,2,5
11/13/2018 05:00:00 AM,22,2,20
11/13/2018 06:00:00 AM,78,15,63
11/13/2018 07:00:00 AM,131,13,118
11/13/2018 08:00:00 AM,116,14,102
11/13/2018 09:00:00 AM,48,5,43
11/13/2018 10:00:00 AM,28,3,25
11/13/2018 11:00:00 AM,27,13,14
11/13/2018 12:00:00 PM,31,17,14
11/13/2018 01:00:00 PM,14,8,6
11/13/2018 02:00:00 PM,28,16,12
11/13/2018 03:00:00 PM,42,29,13
11/13/2018 04:00:00 PM,87,67,20
11/13/2018 05:00:00 PM,131,118,13
11/13/2018 06:00:00 PM,96,88,8
11/13/2018 07:00:00 PM,25,18,7
11/13/2018 08:00:00 PM,7,7,0
11/13/2018 09:00:00 PM,11,11,0
11/13/2018 10:00:00 PM,8,7,1
11/13/2018 11:00:00 PM,6,6,0
11/14/2018 12:00:00 AM,1,1,0
11/14/2018 01:00:00 AM,1,0,1
11/14/2018 02:00:00 AM,0,0,0
11/14/2018 03:00:00 AM,1,1,0
11/14/2018 04:00:00 AM,7,4,3
11/14/2018 05:00:00 AM,15,1,14
11/14/2018 06:00:00 AM,56,5,51
11/14/2018 07:00:00 AM,99,6,93
11/14/2018 08:00:00 AM,94,10,84
11/14/2018 09:00:00 AM,39,3,36
11/14/2018 10:00:00 AM,18,2,16
11/14/2018 11:00:00 AM,11,4,7
11/14/2018 12:00:00 PM,15,7,8
11/14/2018 01:00:00 PM,10,6,4
11/14/2018 02:00:00 PM,22,13,9
11/14/2018 03:00:00 PM,25,21,4
11/14/2018 04:00:00 PM,70,50,20
11/14/2018 05:00:00 PM,127,113,14
11/14/2018 06:00:00 PM,65,59,6
11/14/2018 07:00:00 PM,28,21,7
11/14/2018 08:00:00 PM,15,13,2
11/14/2018 09:00:00 PM,15,13,2
11/14/2018 10:00:00 PM,5,4,1
11/14/2018 11:00:00 PM,9,7,2
11/15/2018 12:00:00 AM,0,0,0
11/15/2018 01:00:00 AM,2,1,1
11/15/2018 02:00:00 AM,4,2,2
11/15/2018 03:00:00 AM,2,1,1
11/15/2018 04:00:00 AM,6,4,2
11/15/2018 05:00:00 AM,26,3,23
11/15/2018 06:00:00 AM,68,9,59
11/15/2018 07:00:00 AM,111,9,102
11/15/2018 08:00:00 AM,130,6,124
11/15/2018 09:00:00 AM,34,3,31
11/15/2018 10:00:00 AM,28,7,21
11/15/2018 11:00:00 AM,19,7,12
11/15/2018 12:00:00 PM,18,6,12
11/15/2018 01:00:00 PM,9,3,6
11/15/2018 02:00:00 PM,22,11,11
11/15/2018 03:00:00 PM,41,30,11
11/15/2018 04:00:00 PM,111,84,27
11/15/2018 05:00:00 PM,127,109,18
11/15/2018 06:00:00 PM,63,55,8
11/15/2018 07:00:00 PM,34,28,6
11/15/2018 08:00:00 PM,22,19,3
11/15/2018 09:00:00 PM,26,25,1
11/15/2018 10:00:00 PM,10,7,3
11/15/2018 11:00:00 PM,7,7,0
11/16/2018 12:00:00 AM,3,2,1
11/16/2018 01:00:00 AM,1,1,0
11/16/2018 02:00:00 AM,1,1,0
11/16/2018 03:00:00 AM,2,1,1
11/16/2018 04:00:00 AM,3,0,3
11/16/2018 05:00:00 AM,23,1,22
11/16/2018 06:00:00 AM,53,9,44
11/16/2018 07:00:00 AM,88,7,81
11/16/2018 08:00:00 AM,107,10,97
11/16/2018 09:00:00 AM,45,4,41
11/16/2018 10:00:00 AM,18,6,12
11/16/2018 11:00:00 AM,16,5,11
11/16/2018 12:00:00 PM,21,10,11
11/16/2018 01:00:00 PM,13,5,8
11/16/2018 02:00:00 PM,21,15,6
11/16/2018 03:00:00 PM,40,30,10
11/16/2018 04:00:00 PM,71,60,11
11/16/2018 05:00:00 PM,124,114,10
11/16/2018 06:00:00 PM,41,37,4
11/16/2018 07:00:00 PM,22,17,5
11/16/2018 08:00:00 PM,11,9,2
11/16/2018 09:00:00 PM,9,7,2
11/16/2018 10:00:00 PM,7,4,3
11/16/2018 11:00:00 PM,5,3,2
11/17/2018 12:00:00 AM,3,2,1
11/17/2018 01:00:00 AM,2,1,1
11/17/2018 02:00:00 AM,4,2,2
11/17/2018 03:00:00 AM,3,3,0
11/17/2018 04:00:00 AM,3,1,2
11/17/2018 05:00:00 AM,2,1,1
11/17/2018 06:00:00 AM,9,2,7
11/17/2018 07:00:00 AM,12,1,11
11/17/2018 08:00:00 AM,15,5,10
11/17/2018 09:00:00 AM,46,14,32
11/17/2018 10:00:00 AM,42,15,27
11/17/2018 11:00:00 AM,62,23,39
11/17/2018 12:00:00 PM,68,31,37
11/17/2018 01:00:00 PM,62,32,30
11/17/2018 02:00:00 PM,60,37,23
11/17/2018 03:00:00 PM,60,31,29
11/17/2018 04:00:00 PM,36,15,21
11/17/2018 05:00:00 PM,17,10,7
11/17/2018 06:00:00 PM,19,10,9
11/17/2018 07:00:00 PM,11,8,3
11/17/2018 08:00:00 PM,3,0,3
11/17/2018 09:00:00 PM,5,4,1
11/17/2018 10:00:00 PM,6,5,1
11/17/2018 11:00:00 PM,4,1,3
11/18/2018 12:00:00 AM,8,3,5
11/18/2018 01:00:00 AM,0,0,0
11/18/2018 02:00:00 AM,2,1,1
11/18/2018 03:00:00 AM,0,0,0
11/18/2018 04:00:00 AM,2,1,1
11/18/2018 05:00:00 AM,4,0,4
11/18/2018 06:00:00 AM,4,0,4
11/18/2018 07:00:00 AM,8,3,5
11/18/2018 08:00:00 AM,16,6,10
11/18/2018 09:00:00 AM,30,10,20
11/18/2018 10:00:00 AM,58,33,25
11/18/2018 11:00:00 AM,37,16,21
11/18/2018 12:00:00 PM,71,35,36
11/18/2018 01:00:00 PM,52,25,27
11/18/2018 02:00:00 PM,59,28,31
11/18/2018 03:00:00 PM,43,21,22
11/18/2018 04:00:00 PM,40,19,21
11/18/2018 05:00:00 PM,20,13,7
11/18/2018 06:00:00 PM,6,3,3
11/18/2018 07:00:00 PM,10,5,5
11/18/2018 08:00:00 PM,4,4,0
11/18/2018 09:00:00 PM,2,1,1
11/18/2018 10:00:00 PM,7,2,5
11/18/2018 11:00:00 PM,4,4,0
11/19/2018 12:00:00 AM,3,2,1
11/19/2018 01:00:00 AM,3,3,0
11/19/2018 02:00:00 AM,1,0,1
11/19/2018 03:00:00 AM,2,2,0
11/19/2018 04:00:00 AM,4,0,4
11/19/2018 05:00:00 AM,21,3,18
11/19/2018 06:00:00 AM,68,15,53
11/19/2018 07:00:00 AM,104,12,92
11/19/2018 08:00:00 AM,109,8,101
11/19/2018 09:00:00 AM,50,5,45
11/19/2018 10:00:00 AM,27,10,17
11/19/2018 11:00:00 AM,23,10,13
11/19/2018 12:00:00 PM,23,10,13
11/19/2018 01:00:00 PM,27,14,13
11/19/2018 02:00:00 PM,23,11,12
11/19/2018 03:00:00 PM,51,37,14
11/19/2018 04:00:00 PM,91,63,28
11/19/2018 05:00:00 PM,130,119,11
11/19/2018 06:00:00 PM,71,65,6
11/19/2018 07:00:00 PM,16,11,5
11/19/2018 08:00:00 PM,11,8,3
11/19/2018 09:00:00 PM,8,5,3
11/19/2018 10:00:00 PM,7,5,2
11/19/2018 11:00:00 PM,5,3,2
11/20/2018 12:00:00 AM,1,1,0
11/20/2018 01:00:00 AM,2,2,0
11/20/2018 02:00:00 AM,2,1,1
11/20/2018 03:00:00 AM,1,1,0
11/20/2018 04:00:00 AM,5,2,3
11/20/2018 05:00:00 AM,25,3,22
11/20/2018 06:00:00 AM,64,17,47
11/20/2018 07:00:00 AM,94,9,85
11/20/2018 08:00:00 AM,103,8,95
11/20/2018 09:00:00 AM,31,4,27
11/20/2018 10:00:00 AM,25,5,20
11/20/2018 11:00:00 AM,18,5,13
11/20/2018 12:00:00 PM,22,11,11
11/20/2018 01:00:00 PM,16,6,10
11/20/2018 02:00:00 PM,24,17,7
11/20/2018 03:00:00 PM,44,30,14
11/20/2018 04:00:00 PM,93,68,25
11/20/2018 05:00:00 PM,99,88,11
11/20/2018 06:00:00 PM,70,63,7
11/20/2018 07:00:00 PM,30,26,4
11/20/2018 08:00:00 PM,13,8,5
11/20/2018 09:00:00 PM,5,5,0
11/20/2018 10:00:00 PM,5,5,0
11/20/2018 11:00:00 PM,4,2,2
11/21/2018 12:00:00 AM,3,1,2
11/21/2018 01:00:00 AM,5,3,2
11/21/2018 02:00:00 AM,3,2,1
11/21/2018 03:00:00 AM,0,0,0
11/21/2018 04:00:00 AM,7,2,5
11/21/2018 05:00:00 AM,15,4,11
11/21/2018 06:00:00 AM,37,3,34
11/21/2018 07:00:00 AM,52,7,45
11/21/2018 08:00:00 AM,72,7,65
11/21/2018 09:00:00 AM,26,5,21
11/21/2018 10:00:00 AM,8,3,5
11/21/2018 11:00:00 AM,14,3,11
11/21/2018 12:00:00 PM,10,4,6
11/21/2018 01:00:00 PM,13,9,4
11/21/2018 02:00:00 PM,26,18,8
11/21/2018 03:00:00 PM,40,37,3
11/21/2018 04:00:00 PM,52,48,4
11/21/2018 05:00:00 PM,55,45,10
11/21/2018 06:00:00 PM,26,21,5
11/21/2018 07:00:00 PM,5,4,1
11/21/2018 08:00:00 PM,10,8,2
11/21/2018 09:00:00 PM,9,7,2
11/21/2018 10:00:00 PM,4,2,2
11/21/2018 11:00:00 PM,0,0,0
11/22/2018 12:00:00 AM,3,0,3
11/22/2018 01:00:00 AM,1,1,0
11/22/2018 02:00:00 AM,2,2,0
11/22/2018 03:00:00 AM,0,0,0
11/22/2018 04:00:00 AM,3,2,1
11/22/2018 05:00:00 AM,5,2,3
11/22/2018 06:00:00 AM,4,1,3
11/22/2018 07:00:00 AM,9,3,6
11/22/2018 08:00:00 AM,7,0,7
11/22/2018 09:00:00 AM,11,5,6
11/22/2018 10:00:00 AM,26,13,13
11/22/2018 11:00:00 AM,16,11,5
11/22/2018 12:00:00 PM,18,12,6
11/22/2018 01:00:00 PM,12,7,5
11/22/2018 02:00:00 PM,10,3,7
11/22/2018 03:00:00 PM,7,2,5
11/22/2018 04:00:00 PM,2,1,1
11/22/2018 05:00:00 PM,2,2,0
11/22/2018 06:00:00 PM,3,0,3
11/22/2018 07:00:00 PM,3,3,0
11/22/2018 08:00:00 PM,2,1,1
11/22/2018 09:00:00 PM,4,2,2
11/22/2018 10:00:00 PM,3,1,2
11/22/2018 11:00:00 PM,2,0,2
11/23/2018 12:00:00 AM,0,0,0
11/23/2018 01:00:00 AM,0,0,0
11/23/2018 02:00:00 AM,0,0,0
11/23/2018 03:00:00 AM,0,0,0
11/23/2018 04:00:00 AM,0,0,0
11/23/2018 05:00:00 AM,2,1,1
11/23/2018 06:00:00 AM,7,1,6
11/23/2018 07:00:00 AM,8,0,8
11/23/2018 08:00:00 AM,7,1,6
11/23/2018 09:00:00 AM,9,4,5
11/23/2018 10:00:00 AM,8,5,3
11/23/2018 11:00:00 AM,11,4,7
11/23/2018 12:00:00 PM,17,6,11
11/23/2018 01:00:00 PM,20,7,13
11/23/2018 02:00:00 PM,15,8,7
11/23/2018 03:00:00 PM,20,13,7
11/23/2018 04:00:00 PM,8,4,4
11/23/2018 05:00:00 PM,12,8,4
11/23/2018 06:00:00 PM,8,7,1
11/23/2018 07:00:00 PM,2,2,0
11/23/2018 08:00:00 PM,3,3,0
11/23/2018 09:00:00 PM,5,2,3
11/23/2018 10:00:00 PM,4,3,1
11/23/2018 11:00:00 PM,3,2,1
11/24/2018 12:00:00 AM,2,1,1
11/24/2018 01:00:00 AM,1,1,0
11/24/2018 02:00:00 AM,0,0,0
11/24/2018 03:00:00 AM,2,2,0
11/24/2018 04:00:00 AM,1,1,0
11/24/2018 05:00:00 AM,3,0,3
11/24/2018 06:00:00 AM,3,0,3
11/24/2018 07:00:00 AM,7,1,6
11/24/2018 08:00:00 AM,16,6,10
11/24/2018 09:00:00 AM,13,4,9
11/24/2018 10:00:00 AM,29,11,18
11/24/2018 11:00:00 AM,25,11,14
11/24/2018 12:00:00 PM,44,21,23
11/24/2018 01:00:00 PM,27,15,12
11/24/2018 02:00:00 PM,35,19,16
11/24/2018 03:00:00 PM,33,11,22
11/24/2018 04:00:00 PM,8,5,3
11/24/2018 05:00:00 PM,7,6,1
11/24/2018 06:00:00 PM,3,1,2
11/24/2018 07:00:00 PM,4,2,2
11/24/2018 08:00:00 PM,4,1,3
11/24/2018 09:00:00 PM,7,2,5
11/24/2018 10:00:00 PM,1,0,1
11/24/2018 11:00:00 PM,5,5,0
11/25/2018 12:00:00 AM,4,0,4
11/25/2018 01:00:00 AM,4,4,0
11/25/2018 02:00:00 AM,1,1,0
11/25/2018 03:00:00 AM,0,0,0
11/25/2018 04:00:00 AM,1,1,0
11/25/2018 05:00:00 AM,1,0,1
11/25/2018 06:00:00 AM,4,1,3
11/25/2018 07:00:00 AM,10,1,9
11/25/2018 08:00:00 AM,18,10,8
11/25/2018 09:00:00 AM,18,9,9
11/25/2018 10:00:00 AM,27,10,17
11/25/2018 11:00:00 AM,34,17,17
11/25/2018 12:00:00 PM,42,17,25
11/25/2018 01:00:00 PM,31,19,12
11/25/2018 02:00:00 PM,40,16,24
11/25/2018 03:00:00 PM,24,16,8
11/25/2018 04:00:00 PM,15,11,4
11/25/2018 05:00:00 PM,9,6,3
11/25/2018 06:00:00 PM,6,4,2
11/25/2018 07:00:00 PM,7,1,6
11/25/2018 08:00:00 PM,2,2,0
11/25/2018 09:00:00 PM,3,2,1
11/25/2018 10:00:00 PM,3,3,0
11/25/2018 11:00:00 PM,0,0,0
11/26/2018 12:00:00 AM,0,0,0
11/26/2018 01:00:00 AM,1,1,0
11/26/2018 02:00:00 AM,0,0,0
11/26/2018 03:00:00 AM,0,0,0
11/26/2018 04:00:00 AM,9,1,8
11/26/2018 05:00:00 AM,21,3,18
11/26/2018 06:00:00 AM,49,8,41
11/26/2018 07:00:00 AM,124,11,113
11/26/2018 08:00:00 AM,124,13,111
11/26/2018 09:00:00 AM,44,4,40
11/26/2018 10:00:00 AM,21,4,17
11/26/2018 11:00:00 AM,9,1,8
11/26/2018 12:00:00 PM,11,5,6
11/26/2018 01:00:00 PM,19,7,12
11/26/2018 02:00:00 PM,14,12,2
11/26/2018 03:00:00 PM,43,26,17
11/26/2018 04:00:00 PM,87,75,12
11/26/2018 05:00:00 PM,145,130,15
11/26/2018 06:00:00 PM,70,60,10
11/26/2018 07:00:00 PM,23,21,2
11/26/2018 08:00:00 PM,12,9,3
11/26/2018 09:00:00 PM,12,9,3
11/26/2018 10:00:00 PM,6,4,2
11/26/2018 11:00:00 PM,5,3,2
11/27/2018 12:00:00 AM,3,0,3
11/27/2018 01:00:00 AM,4,2,2
11/27/2018 02:00:00 AM,3,2,1
11/27/2018 03:00:00 AM,1,1,0
11/27/2018 04:00:00 AM,10,2,8
11/27/2018 05:00:00 AM,37,4,33
11/27/2018 06:00:00 AM,44,9,35
11/27/2018 07:00:00 AM,106,12,94
11/27/2018 08:00:00 AM,112,5,107
11/27/2018 09:00:00 AM,40,2,38
11/27/2018 10:00:00 AM,11,0,11
11/27/2018 11:00:00 AM,5,2,3
11/27/2018 12:00:00 PM,7,5,2
11/27/2018 01:00:00 PM,11,3,8
11/27/2018 02:00:00 PM,12,5,7
11/27/2018 03:00:00 PM,15,13,2
11/27/2018 04:00:00 PM,77,65,12
11/27/2018 05:00:00 PM,133,119,14
11/27/2018 06:00:00 PM,97,89,8
11/27/2018 07:00:00 PM,24,23,1
11/27/2018 08:00:00 PM,5,3,2
11/27/2018 09:00:00 PM,9,6,3
11/27/2018 10:00:00 PM,4,3,1
11/27/2018 11:00:00 PM,2,2,0
11/28/2018 12:00:00 AM,3,2,1
11/28/2018 01:00:00 AM,1,0,1
11/28/2018 02:00:00 AM,1,1,0
11/28/2018 03:00:00 AM,0,0,0
11/28/2018 04:00:00 AM,6,3,3
11/28/2018 05:00:00 AM,13,1,12
11/28/2018 06:00:00 AM,51,7,44
11/28/2018 07:00:00 AM,99,10,89
11/28/2018 08:00:00 AM,92,6,86
11/28/2018 09:00:00 AM,48,1,47
11/28/2018 10:00:00 AM,15,4,11
11/28/2018 11:00:00 AM,14,6,8
11/28/2018 12:00:00 PM,16,7,9
11/28/2018 01:00:00 PM,15,7,8
11/28/2018 02:00:00 PM,19,13,6
11/28/2018 03:00:00 PM,34,28,6
11/28/2018 04:00:00 PM,78,59,19
11/28/2018 05:00:00 PM,118,102,16
11/28/2018 06:00:00 PM,55,49,6
11/28/2018 07:00:00 PM,25,20,5
11/28/2018 08:00:00 PM,19,15,4
11/28/2018 09:00:00 PM,8,6,2
11/28/2018 10:00:00 PM,10,8,2
11/28/2018 11:00:00 PM,3,2,1
11/29/2018 12:00:00 AM,5,3,2
11/29/2018 01:00:00 AM,4,4,0
11/29/2018 02:00:00 AM,3,3,0
11/29/2018 03:00:00 AM,4,2,2
11/29/2018 04:00:00 AM,5,0,5
11/29/2018 05:00:00 AM,22,3,19
11/29/2018 06:00:00 AM,40,6,34
11/29/2018 07:00:00 AM,84,8,76
11/29/2018 08:00:00 AM,76,7,69
11/29/2018 09:00:00 AM,30,1,29
11/29/2018 10:00:00 AM,13,2,11
11/29/2018 11:00:00 AM,32,10,22
11/29/2018 12:00:00 PM,27,12,15
11/29/2018 01:00:00 PM,45,15,30
11/29/2018 02:00:00 PM,37,14,23
11/29/2018 03:00:00 PM,66,47,19
11/29/2018 04:00:00 PM,120,100,20
11/29/2018 05:00:00 PM,212,193,19
11/29/2018 06:00:00 PM,92,85,7
11/29/2018 07:00:00 PM,45,33,12
11/29/2018 08:00:00 PM,26,22,4
11/29/2018 09:00:00 PM,18,11,7
11/29/2018 10:00:00 PM,20,17,3
11/29/2018 11:00:00 PM,7,3,4
11/30/2018 12:00:00 AM,2,0,2
11/30/2018 01:00:00 AM,3,3,0
11/30/2018 02:00:00 AM,2,1,1
11/30/2018 03:00:00 AM,2,1,1
11/30/2018 04:00:00 AM,2,0,2
11/30/2018 05:00:00 AM,15,2,13
11/30/2018 06:00:00 AM,48,2,46
11/30/2018 07:00:00 AM,85,11,74
11/30/2018 08:00:00 AM,103,9,94
11/30/2018 09:00:00 AM,35,4,31
11/30/2018 10:00:00 AM,16,6,10
11/30/2018 11:00:00 AM,18,7,11
11/30/2018 12:00:00 PM,15,8,7
11/30/2018 01:00:00 PM,16,12,4
11/30/2018 02:00:00 PM,22,13,9
11/30/2018 03:00:00 PM,30,19,11
11/30/2018 04:00:00 PM,75,66,9
11/30/2018 05:00:00 PM,90,80,10
11/30/2018 06:00:00 PM,41,39,2
11/30/2018 07:00:00 PM,28,24,4
11/30/2018 08:00:00 PM,4,4,0
11/30/2018 09:00:00 PM,6,5,1
11/30/2018 10:00:00 PM,8,5,3
11/30/2018 11:00:00 PM,5,3,2
12/01/2018 12:00:00 AM,9,1,8
12/01/2018 01:00:00 AM,2,2,0
12/01/2018 02:00:00 AM,3,2,1
12/01/2018 03:00:00 AM,2,2,0
12/01/2018 04:00:00 AM,1,1,0
12/01/2018 05:00:00 AM,1,0,1
12/01/2018 06:00:00 AM,13,3,10
12/01/2018 07:00:00 AM,25,17,8
12/01/2018 08:00:00 AM,22,9,13
12/01/2018 09:00:00 AM,16,7,9
12/01/2018 10:00:00 AM,21,8,13
12/01/2018 11:00:00 AM,32,15,17
12/01/2018 12:00:00 PM,20,9,11
12/01/2018 01:00:00 PM,25,12,13
12/01/2018 02:00:00 PM,29,15,14
12/01/2018 03:00:00 PM,14,8,6
12/01/2018 04:00:00 PM,14,8,6
12/01/2018 05:00:00 PM,10,6,4
12/01/2018 06:00:00 PM,6,4,2
12/01/2018 07:00:00 PM,7,4,3
12/01/2018 08:00:00 PM,9,6,3
12/01/2018 09:00:00 PM,3,3,0
12/01/2018 10:00:00 PM,1,0,1
12/01/2018 11:00:00 PM,1,0,1
12/02/2018 12:00:00 AM,1,1,0
12/02/2018 01:00:00 AM,2,2,0
12/02/2018 02:00:00 AM,0,0,0
12/02/2018 03:00:00 AM,0,0,0
12/02/2018 04:00:00 AM,0,0,0
12/02/2018 05:00:00 AM,3,1,2
12/02/2018 06:00:00 AM,8,3,5
12/02/2018 07:00:00 AM,7,2,5
12/02/2018 08:00:00 AM,15,6,9
12/02/2018 09:00:00 AM,15,10,5
12/02/2018 10:00:00 AM,32,14,18
12/02/2018 11:00:00 AM,32,13,19
12/02/2018 12:00:00 PM,33,11,22
12/02/2018 01:00:00 PM,27,15,12
12/02/2018 02:00:00 PM,40,26,14
12/02/2018 03:00:00 PM,24,15,9
12/02/2018 04:00:00 PM,11,4,7
12/02/2018 05:00:00 PM,53,32,21
12/02/2018 06:00:00 PM,5,4,1
12/02/2018 07:00:00 PM,6,3,3
12/02/2018 08:00:00 PM,4,2,2
12/02/2018 09:00:00 PM,3,2,1
12/02/2018 10:00:00 PM,0,0,0
12/02/2018 11:00:00 PM,2,2,0
12/03/2018 12:00:00 AM,2,1,1
12/03/2018 01:00:00 AM,3,3,0
12/03/2018 02:00:00 AM,0,0,0
12/03/2018 03:00:00 AM,0,0,0
12/03/2018 04:00:00 AM,2,0,2
12/03/2018 05:00:00 AM,22,1,21
12/03/2018 06:00:00 AM,65,11,54
12/03/2018 07:00:00 AM,108,13,95
12/03/2018 08:00:00 AM,115,11,104
12/03/2018 09:00:00 AM,54,6,48
12/03/2018 10:00:00 AM,25,6,19
12/03/2018 11:00:00 AM,12,7,5
12/03/2018 12:00:00 PM,24,8,16
12/03/2018 01:00:00 PM,21,9,12
12/03/2018 02:00:00 PM,35,20,15
12/03/2018 03:00:00 PM,40,28,12
12/03/2018 04:00:00 PM,89,76,13
12/03/2018 05:00:00 PM,135,125,10
12/03/2018 06:00:00 PM,60,55,5
12/03/2018 07:00:00 PM,42,34,8
12/03/2018 08:00:00 PM,10,8,2
12/03/2018 09:00:00 PM,8,8,0
12/03/2018 10:00:00 PM,4,2,2
12/03/2018 11:00:00 PM,4,3,1
12/04/2018 12:00:00 AM,1,0,1
12/04/2018 01:00:00 AM,4,3,1
12/04/2018 02:00:00 AM,0,0,0
12/04/2018 03:00:00 AM,6,5,1
12/04/2018 04:00:00 AM,8,2,6
12/04/2018 05:00:00 AM,23,3,20
12/04/2018 06:00:00 AM,53,8,45
12/04/2018 07:00:00 AM,91,9,82
12/04/2018 08:00:00 AM,118,8,110
12/04/2018 09:00:00 AM,37,3,34
12/04/2018 10:00:00 AM,25,9,16
12/04/2018 11:00:00 AM,19,8,11
12/04/2018 12:00:00 PM,24,10,14
12/04/2018 01:00:00 PM,16,10,6
12/04/2018 02:00:00 PM,24,17,7
12/04/2018 03:00:00 PM,41,28,13
12/04/2018 04:00:00 PM,73,57,16
12/04/2018 05:00:00 PM,122,103,19
12/04/2018 06:00:00 PM,71,65,6
12/04/2018 07:00:00 PM,21,20,1
12/04/2018 08:00:00 PM,13,11,2
12/04/2018 09:00:00 PM,9,6,3
12/04/2018 10:00:00 PM,4,3,1
12/04/2018 11:00:00 PM,2,2,0
12/05/2018 12:00:00 AM,1,0,1
12/05/2018 01:00:00 AM,2,1,1
12/05/2018 02:00:00 AM,2,2,0
12/05/2018 03:00:00 AM,5,5,0
12/05/2018 04:00:00 AM,2,1,1
12/05/2018 05:00:00 AM,18,2,16
12/05/2018 06:00:00 AM,38,5,33
12/05/2018 07:00:00 AM,74,4,70
12/05/2018 08:00:00 AM,105,8,97
12/05/2018 09:00:00 AM,41,5,36
12/05/2018 10:00:00 AM,19,1,18
12/05/2018 11:00:00 AM,20,10,10
12/05/2018 12:00:00 PM,21,7,14
12/05/2018 01:00:00 PM,22,2,20
12/05/2018 02:00:00 PM,30,18,12
12/05/2018 03:00:00 PM,29,22,7
12/05/2018 04:00:00 PM,67,52,15
12/05/2018 05:00:00 PM,102,94,8
12/05/2018 06:00:00 PM,58,51,7
12/05/2018 07:00:00 PM,23,21,2
12/05/2018 08:00:00 PM,13,10,3
12/05/2018 09:00:00 PM,8,7,1
12/05/2018 10:00:00 PM,6,4,2
12/05/2018 11:00:00 PM,3,3,0
12/06/2018 12:00:00 AM,2,1,1
12/06/2018 01:00:00 AM,3,1,2
12/06/2018 02:00:00 AM,2,2,0
12/06/2018 03:00:00 AM,4,4,0
12/06/2018 04:00:00 AM,6,3,3
12/06/2018 05:00:00 AM,19,4,15
12/06/2018 06:00:00 AM,53,7,46
12/06/2018 07:00:00 AM,81,8,73
12/06/2018 08:00:00 AM,100,7,93
12/06/2018 09:00:00 AM,39,3,36
12/06/2018 10:00:00 AM,18,3,15
12/06/2018 11:00:00 AM,14,6,8
12/06/2018 12:00:00 PM,13,8,5
12/06/2018 01:00:00 PM,20,14,6
12/06/2018 02:00:00 PM,31,16,15
12/06/2018 03:00:00 PM,42,24,18
12/06/2018 04:00:00 PM,70,57,13
12/06/2018 05:00:00 PM,100,86,14
12/06/2018 06:00:00 PM,48,44,4
12/06/2018 07:00:00 PM,18,16,2
12/06/2018 08:00:00 PM,18,12,6
12/06/2018 09:00:00 PM,28,19,9
12/06/2018 10:00:00 PM,8,7,1
12/06/2018 11:00:00 PM,2,1,1
12/07/2018 12:00:00 AM,4,1,3
12/07/2018 01:00:00 AM,0,0,0
12/07/2018 02:00:00 AM,2,2,0
12/07/2018 03:00:00 AM,2,2,0
12/07/2018 04:00:00 AM,6,3,3
12/07/2018 05:00:00 AM,17,2,15
12/07/2018 06:00:00 AM,31,2,29
12/07/2018 07:00:00 AM,67,9,58
12/07/2018 08:00:00 AM,73,10,63
12/07/2018 09:00:00 AM,41,13,28
12/07/2018 10:00:00 AM,17,5,12
12/07/2018 11:00:00 AM,17,7,10
12/07/2018 12:00:00 PM,18,8,10
12/07/2018 01:00:00 PM,14,2,12
12/07/2018 02:00:00 PM,28,20,8
12/07/2018 03:00:00 PM,38,25,13
12/07/2018 04:00:00 PM,61,53,8
12/07/2018 05:00:00 PM,67,55,12
12/07/2018 06:00:00 PM,34,32,2
12/07/2018 07:00:00 PM,15,13,2
12/07/2018 08:00:00 PM,6,5,1
12/07/2018 09:00:00 PM,7,5,2
12/07/2018 10:00:00 PM,3,2,1
12/07/2018 11:00:00 PM,4,1,3
12/08/2018 12:00:00 AM,5,4,1
12/08/2018 01:00:00 AM,4,4,0
12/08/2018 02:00:00 AM,1,0,1
12/08/2018 03:00:00 AM,5,4,1
12/08/2018 04:00:00 AM,1,1,0
12/08/2018 05:00:00 AM,4,2,2
12/08/2018 06:00:00 AM,4,3,1
12/08/2018 07:00:00 AM,6,1,5
12/08/2018 08:00:00 AM,16,3,13
12/08/2018 09:00:00 AM,17,11,6
12/08/2018 10:00:00 AM,33,20,13
12/08/2018 11:00:00 AM,32,10,22
12/08/2018 12:00:00 PM,42,20,22
12/08/2018 01:00:00 PM,33,12,21
12/08/2018 02:00:00 PM,33,22,11
12/08/2018 03:00:00 PM,19,10,9
12/08/2018 04:00:00 PM,23,9,14
12/08/2018 05:00:00 PM,12,7,5
12/08/2018 06:00:00 PM,2,1,1
12/08/2018 07:00:00 PM,1,1,0
12/08/2018 08:00:00 PM,4,0,4
12/08/2018 09:00:00 PM,11,2,9
12/08/2018 10:00:00 PM,11,9,2
12/08/2018 11:00:00 PM,4,1,3
12/09/2018 12:00:00 AM,2,2,0
12/09/2018 01:00:00 AM,3,1,2
12/09/2018 02:00:00 AM,5,2,3
12/09/2018 03:00:00 AM,0,0,0
12/09/2018 04:00:00 AM,0,0,0
12/09/2018 05:00:00 AM,4,1,3
12/09/2018 06:00:00 AM,3,0,3
12/09/2018 07:00:00 AM,2,0,2
12/09/2018 08:00:00 AM,4,3,1
12/09/2018 09:00:00 AM,9,4,5
12/09/2018 10:00:00 AM,7,2,5
12/09/2018 11:00:00 AM,3,0,3
12/09/2018 12:00:00 PM,3,1,2
12/09/2018 01:00:00 PM,12,1,11
12/09/2018 02:00:00 PM,4,3,1
12/09/2018 03:00:00 PM,1,1,0
12/09/2018 04:00:00 PM,2,1,1
12/09/2018 05:00:00 PM,37,19,18
12/09/2018 06:00:00 PM,2,2,0
12/09/2018 07:00:00 PM,2,2,0
12/09/2018 08:00:00 PM,4,3,1
12/09/2018 09:00:00 PM,0,0,0
12/09/2018 10:00:00 PM,3,1,2
12/09/2018 11:00:00 PM,0,0,0
12/10/2018 12:00:00 AM,0,0,0
12/10/2018 01:00:00 AM,1,1,0
12/10/2018 02:00:00 AM,1,1,0
12/10/2018 03:00:00 AM,1,0,1
12/10/2018 04:00:00 AM,4,0,4
12/10/2018 05:00:00 AM,19,3,16
12/10/2018 06:00:00 AM,56,9,47
12/10/2018 07:00:00 AM,119,9,110
12/10/2018 08:00:00 AM,112,5,107
12/10/2018 09:00:00 AM,45,3,42
12/10/2018 10:00:00 AM,16,6,10
12/10/2018 11:00:00 AM,10,2,8
12/10/2018 12:00:00 PM,18,7,11
12/10/2018 01:00:00 PM,19,9,10
12/10/2018 02:00:00 PM,24,16,8
12/10/2018 03:00:00 PM,46,30,16
12/10/2018 04:00:00 PM,101,80,21
12/10/2018 05:00:00 PM,135,129,6
12/10/2018 06:00:00 PM,50,48,2
12/10/2018 07:00:00 PM,22,17,5
12/10/2018 08:00:00 PM,27,23,4
12/10/2018 09:00:00 PM,22,18,4
12/10/2018 10:00:00 PM,4,3,1
12/10/2018 11:00:00 PM,4,3,1
12/11/2018 12:00:00 AM,9,5,4
12/11/2018 01:00:00 AM,0,0,0
12/11/2018 02:00:00 AM,3,2,1
12/11/2018 03:00:00 AM,3,3,0
12/11/2018 04:00:00 AM,2,0,2
12/11/2018 05:00:00 AM,13,3,10
12/11/2018 06:00:00 AM,42,9,33
12/11/2018 07:00:00 AM,79,5,74
12/11/2018 08:00:00 AM,80,8,72
12/11/2018 09:00:00 AM,43,13,30
12/11/2018 10:00:00 AM,20,9,11
12/11/2018 11:00:00 AM,10,5,5
12/11/2018 12:00:00 PM,3,1,2
12/11/2018 01:00:00 PM,6,3,3
12/11/2018 02:00:00 PM,12,9,3
12/11/2018 03:00:00 PM,13,10,3
12/11/2018 04:00:00 PM,50,43,7
12/11/2018 05:00:00 PM,104,94,10
12/11/2018 06:00:00 PM,65,52,13
12/11/2018 07:00:00 PM,22,18,4
12/11/2018 08:00:00 PM,4,4,0
12/11/2018 09:00:00 PM,5,4,1
12/11/2018 10:00:00 PM,4,2,2
12/11/2018 11:00:00 PM,1,1,0
12/12/2018 12:00:00 AM,6,3,3
12/12/2018 01:00:00 AM,1,0,1
12/12/2018 02:00:00 AM,2,1,1
12/12/2018 03:00:00 AM,1,1,0
12/12/2018 04:00:00 AM,4,2,2
12/12/2018 05:00:00 AM,16,2,14
12/12/2018 06:00:00 AM,68,7,61
12/12/2018 07:00:00 AM,64,6,58
12/12/2018 08:00:00 AM,134,5,129
12/12/2018 09:00:00 AM,43,7,36
12/12/2018 10:00:00 AM,15,3,12
12/12/2018 11:00:00 AM,19,9,10
12/12/2018 12:00:00 PM,9,3,6
12/12/2018 01:00:00 PM,16,10,6
12/12/2018 02:00:00 PM,16,8,8
12/12/2018 03:00:00 PM,27,20,7
12/12/2018 04:00:00 PM,65,56,9
12/12/2018 05:00:00 PM,108,96,12
12/12/2018 06:00:00 PM,87,65,22
12/12/2018 07:00:00 PM,26,21,5
12/12/2018 08:00:00 PM,11,11,0
12/12/2018 09:00:00 PM,10,10,0
12/12/2018 10:00:00 PM,4,3,1
12/12/2018 11:00:00 PM,3,2,1
12/13/2018 12:00:00 AM,3,3,0
12/13/2018 01:00:00 AM,0,0,0
12/13/2018 02:00:00 AM,2,1,1
12/13/2018 03:00:00 AM,2,2,0
12/13/2018 04:00:00 AM,4,1,3
12/13/2018 05:00:00 AM,15,3,12
12/13/2018 06:00:00 AM,41,5,36
12/13/2018 07:00:00 AM,70,6,64
12/13/2018 08:00:00 AM,83,3,80
12/13/2018 09:00:00 AM,37,6,31
12/13/2018 10:00:00 AM,12,3,9
12/13/2018 11:00:00 AM,7,3,4
12/13/2018 12:00:00 PM,13,5,8
12/13/2018 01:00:00 PM,12,5,7
12/13/2018 02:00:00 PM,9,5,4
12/13/2018 03:00:00 PM,28,24,4
12/13/2018 04:00:00 PM,50,43,7
12/13/2018 05:00:00 PM,91,80,11
12/13/2018 06:00:00 PM,51,50,1
12/13/2018 07:00:00 PM,17,12,5
12/13/2018 08:00:00 PM,16,12,4
12/13/2018 09:00:00 PM,14,8,6
12/13/2018 10:00:00 PM,4,4,0
12/13/2018 11:00:00 PM,3,2,1
12/14/2018 12:00:00 AM,5,2,3
12/14/2018 01:00:00 AM,1,1,0
12/14/2018 02:00:00 AM,1,1,0
12/14/2018 03:00:00 AM,1,1,0
12/14/2018 04:00:00 AM,2,0,2
12/14/2018 05:00:00 AM,15,1,14
12/14/2018 06:00:00 AM,43,5,38
12/14/2018 07:00:00 AM,72,6,66
12/14/2018 08:00:00 AM,107,5,102
12/14/2018 09:00:00 AM,34,5,29
12/14/2018 10:00:00 AM,18,3,15
12/14/2018 11:00:00 AM,16,3,13
12/14/2018 12:00:00 PM,17,8,9
12/14/2018 01:00:00 PM,16,8,8
12/14/2018 02:00:00 PM,24,16,8
12/14/2018 03:00:00 PM,42,29,13
12/14/2018 04:00:00 PM,67,59,8
12/14/2018 05:00:00 PM,77,63,14
12/14/2018 06:00:00 PM,47,44,3
12/14/2018 07:00:00 PM,6,5,1
12/14/2018 08:00:00 PM,4,3,1
12/14/2018 09:00:00 PM,7,4,3
12/14/2018 10:00:00 PM,6,4,2
12/14/2018 11:00:00 PM,2,1,1
12/15/2018 12:00:00 AM,4,4,0
12/15/2018 01:00:00 AM,2,2,0
12/15/2018 02:00:00 AM,2,1,1
12/15/2018 03:00:00 AM,2,2,0
12/15/2018 04:00:00 AM,2,1,1
12/15/2018 05:00:00 AM,2,0,2
12/15/2018 06:00:00 AM,6,0,6
12/15/2018 07:00:00 AM,11,2,9
12/15/2018 08:00:00 AM,14,6,8
12/15/2018 09:00:00 AM,8,3,5
12/15/2018 10:00:00 AM,29,14,15
12/15/2018 11:00:00 AM,29,16,13
12/15/2018 12:00:00 PM,47,19,28
12/15/2018 01:00:00 PM,40,21,19
12/15/2018 02:00:00 PM,48,24,24
12/15/2018 03:00:00 PM,28,9,19
12/15/2018 04:00:00 PM,24,14,10
12/15/2018 05:00:00 PM,13,11,2
12/15/2018 06:00:00 PM,3,2,1
12/15/2018 07:00:00 PM,6,4,2
12/15/2018 08:00:00 PM,3,2,1
12/15/2018 09:00:00 PM,3,3,0
12/15/2018 10:00:00 PM,3,2,1
12/15/2018 11:00:00 PM,5,1,4
12/16/2018 12:00:00 AM,4,4,0
12/16/2018 01:00:00 AM,2,2,0
12/16/2018 02:00:00 AM,0,0,0
12/16/2018 03:00:00 AM,2,0,2
12/16/2018 04:00:00 AM,1,1,0
12/16/2018 05:00:00 AM,3,1,2
12/16/2018 06:00:00 AM,4,2,2
12/16/2018 07:00:00 AM,5,3,2
12/16/2018 08:00:00 AM,7,2,5
12/16/2018 09:00:00 AM,34,15,19
12/16/2018 10:00:00 AM,15,9,6
12/16/2018 11:00:00 AM,7,2,5
12/16/2018 12:00:00 PM,8,3,5
12/16/2018 01:00:00 PM,11,7,4
12/16/2018 02:00:00 PM,10,4,6
12/16/2018 03:00:00 PM,2,2,0
12/16/2018 04:00:00 PM,4,1,3
12/16/2018 05:00:00 PM,25,14,11
12/16/2018 06:00:00 PM,2,2,0
12/16/2018 07:00:00 PM,4,4,0
12/16/2018 08:00:00 PM,0,0,0
12/16/2018 09:00:00 PM,2,2,0
12/16/2018 10:00:00 PM,3,2,1
12/16/2018 11:00:00 PM,1,1,0
12/17/2018 12:00:00 AM,0,0,0
12/17/2018 01:00:00 AM,2,1,1
12/17/2018 02:00:00 AM,0,0,0
12/17/2018 03:00:00 AM,0,0,0
12/17/2018 04:00:00 AM,4,1,3
12/17/2018 05:00:00 AM,21,3,18
12/17/2018 06:00:00 AM,55,10,45
12/17/2018 07:00:00 AM,84,8,76
12/17/2018 08:00:00 AM,107,7,100
12/17/2018 09:00:00 AM,52,10,42
12/17/2018 10:00:00 AM,12,2,10
12/17/2018 11:00:00 AM,18,9,9
12/17/2018 12:00:00 PM,17,2,15
12/17/2018 01:00:00 PM,24,10,14
12/17/2018 02:00:00 PM,22,15,7
12/17/2018 03:00:00 PM,33,24,9
12/17/2018 04:00:00 PM,61,47,14
12/17/2018 05:00:00 PM,99,89,10
12/17/2018 06:00:00 PM,70,61,9
12/17/2018 07:00:00 PM,23,20,3
12/17/2018 08:00:00 PM,6,4,2
12/17/2018 09:00:00 PM,4,3,1
12/17/2018 10:00:00 PM,4,2,2
12/17/2018 11:00:00 PM,0,0,0
12/18/2018 12:00:00 AM,1,1,0
12/18/2018 01:00:00 AM,0,0,0
12/18/2018 02:00:00 AM,2,2,0
12/18/2018 03:00:00 AM,2,2,0
12/18/2018 04:00:00 AM,2,1,1
12/18/2018 05:00:00 AM,15,2,13
12/18/2018 06:00:00 AM,34,1,33
12/18/2018 07:00:00 AM,68,10,58
12/18/2018 08:00:00 AM,67,6,61
12/18/2018 09:00:00 AM,37,5,32
12/18/2018 10:00:00 AM,12,1,11
12/18/2018 11:00:00 AM,9,3,6
12/18/2018 12:00:00 PM,17,8,9
12/18/2018 01:00:00 PM,12,8,4
12/18/2018 02:00:00 PM,13,6,7
12/18/2018 03:00:00 PM,23,18,5
12/18/2018 04:00:00 PM,50,39,11
12/18/2018 05:00:00 PM,83,72,11
12/18/2018 06:00:00 PM,65,51,14
12/18/2018 07:00:00 PM,14,11,3
12/18/2018 08:00:00 PM,6,3,3
12/18/2018 09:00:00 PM,6,5,1
12/18/2018 10:00:00 PM,6,5,1
12/18/2018 11:00:00 PM,2,2,0
12/19/2018 12:00:00 AM,1,0,1
12/19/2018 01:00:00 AM,1,1,0
12/19/2018 02:00:00 AM,1,0,1
12/19/2018 03:00:00 AM,1,1,0
12/19/2018 04:00:00 AM,3,1,2
12/19/2018 05:00:00 AM,18,1,17
12/19/2018 06:00:00 AM,48,6,42
12/19/2018 07:00:00 AM,104,11,93
12/19/2018 08:00:00 AM,86,4,82
12/19/2018 09:00:00 AM,33,0,33
12/19/2018 10:00:00 AM,8,1,7
12/19/2018 11:00:00 AM,11,5,6
12/19/2018 12:00:00 PM,16,5,11
12/19/2018 01:00:00 PM,9,3,6
12/19/2018 02:00:00 PM,24,14,10
12/19/2018 03:00:00 PM,46,37,9
12/19/2018 04:00:00 PM,70,57,13
12/19/2018 05:00:00 PM,119,107,12
12/19/2018 06:00:00 PM,73,56,17
12/19/2018 07:00:00 PM,31,26,5
12/19/2018 08:00:00 PM,12,10,2
12/19/2018 09:00:00 PM,6,5,1
12/19/2018 10:00:00 PM,4,2,2
12/19/2018 11:00:00 PM,8,5,3
12/20/2018 12:00:00 AM,1,1,0
12/20/2018 01:00:00 AM,0,0,0
12/20/2018 02:00:00 AM,4,3,1
12/20/2018 03:00:00 AM,1,1,0
12/20/2018 04:00:00 AM,1,1,0
12/20/2018 05:00:00 AM,15,2,13
12/20/2018 06:00:00 AM,36,8,28
12/20/2018 07:00:00 AM,60,7,53
12/20/2018 08:00:00 AM,65,4,61
12/20/2018 09:00:00 AM,20,4,16
12/20/2018 10:00:00 AM,7,0,7
12/20/2018 11:00:00 AM,7,3,4
12/20/2018 12:00:00 PM,5,1,4
12/20/2018 01:00:00 PM,6,2,4
12/20/2018 02:00:00 PM,14,10,4
12/20/2018 03:00:00 PM,16,11,5
12/20/2018 04:00:00 PM,41,34,7
12/20/2018 05:00:00 PM,67,58,9
12/20/2018 06:00:00 PM,39,33,6
12/20/2018 07:00:00 PM,13,12,1
12/20/2018 08:00:00 PM,16,14,2
12/20/2018 09:00:00 PM,9,8,1
12/20/2018 10:00:00 PM,8,3,5
12/20/2018 11:00:00 PM,7,3,4
12/21/2018 12:00:00 AM,1,1,0
12/21/2018 01:00:00 AM,6,1,5
12/21/2018 02:00:00 AM,4,1,3
12/21/2018 03:00:00 AM,1,1,0
12/21/2018 04:00:00 AM,2,2,0
12/21/2018 05:00:00 AM,14,1,13
12/21/2018 06:00:00 AM,27,7,20
12/21/2018 07:00:00 AM,60,4,56
12/21/2018 08:00:00 AM,74,4,70
12/21/2018 09:00:00 AM,31,8,23
12/21/2018 10:00:00 AM,14,3,11
12/21/2018 11:00:00 AM,25,10,15
12/21/2018 12:00:00 PM,21,7,14
12/21/2018 01:00:00 PM,20,12,8
12/21/2018 02:00:00 PM,34,22,12
12/21/2018 03:00:00 PM,47,34,13
12/21/2018 04:00:00 PM,63,53,10
12/21/2018 05:00:00 PM,53,45,8
12/21/2018 06:00:00 PM,18,16,2
12/21/2018 07:00:00 PM,12,9,3
12/21/2018 08:00:00 PM,13,10,3
12/21/2018 09:00:00 PM,7,7,0
12/21/2018 10:00:00 PM,4,3,1
12/21/2018 11:00:00 PM,1,0,1
12/22/2018 12:00:00 AM,4,3,1
12/22/2018 01:00:00 AM,3,2,1
12/22/2018 02:00:00 AM,2,2,0
12/22/2018 03:00:00 AM,3,3,0
12/22/2018 04:00:00 AM,9,9,0
12/22/2018 05:00:00 AM,4,0,4
12/22/2018 06:00:00 AM,6,3,3
12/22/2018 07:00:00 AM,5,3,2
12/22/2018 08:00:00 AM,26,8,18
12/22/2018 09:00:00 AM,17,5,12
12/22/2018 10:00:00 AM,25,8,17
12/22/2018 11:00:00 AM,41,21,20
12/22/2018 12:00:00 PM,40,16,24
12/22/2018 01:00:00 PM,42,29,13
12/22/2018 02:00:00 PM,51,29,22
12/22/2018 03:00:00 PM,38,17,21
12/22/2018 04:00:00 PM,34,15,19
12/22/2018 05:00:00 PM,17,4,13
12/22/2018 06:00:00 PM,13,11,2
12/22/2018 07:00:00 PM,3,3,0
12/22/2018 08:00:00 PM,0,0,0
12/22/2018 09:00:00 PM,2,0,2
12/22/2018 10:00:00 PM,4,4,0
12/22/2018 11:00:00 PM,1,1,0
12/23/2018 12:00:00 AM,5,5,0
12/23/2018 01:00:00 AM,5,5,0
12/23/2018 02:00:00 AM,0,0,0
12/23/2018 03:00:00 AM,4,4,0
12/23/2018 04:00:00 AM,0,0,0
12/23/2018 05:00:00 AM,0,0,0
12/23/2018 06:00:00 AM,16,0,16
12/23/2018 07:00:00 AM,0,0,0
12/23/2018 08:00:00 AM,9,0,9
12/23/2018 09:00:00 AM,13,8,5
12/23/2018 10:00:00 AM,33,4,29
12/23/2018 11:00:00 AM,42,29,13
12/23/2018 12:00:00 PM,38,22,16
12/23/2018 01:00:00 PM,25,17,8
12/23/2018 02:00:00 PM,30,9,21
12/23/2018 03:00:00 PM,28,16,12
12/23/2018 04:00:00 PM,21,17,4
12/23/2018 05:00:00 PM,4,0,4
12/23/2018 06:00:00 PM,18,9,9
12/23/2018 07:00:00 PM,4,4,0
12/23/2018 08:00:00 PM,0,0,0
12/23/2018 09:00:00 PM,8,3,5
12/23/2018 10:00:00 PM,4,0,4
12/23/2018 11:00:00 PM,3,0,3
12/24/2018 12:00:00 AM,0,0,0
12/24/2018 01:00:00 AM,65,0,65
12/24/2018 02:00:00 AM,0,0,0
12/24/2018 03:00:00 AM,51,51,0
12/24/2018 04:00:00 AM,0,0,0
12/24/2018 05:00:00 AM,0,0,0
12/24/2018 06:00:00 AM,0,0,0
12/24/2018 07:00:00 AM,0,0,0
12/24/2018 08:00:00 AM,0,0,0
12/24/2018 09:00:00 AM,113,51,62
12/24/2018 10:00:00 AM,0,0,0
12/24/2018 11:00:00 AM,0,0,0
12/24/2018 12:00:00 PM,0,0,0
12/24/2018 01:00:00 PM,62,0,62
12/24/2018 02:00:00 PM,175,51,124
12/24/2018 03:00:00 PM,102,102,0
12/24/2018 04:00:00 PM,62,0,62
12/24/2018 05:00:00 PM,164,102,62
12/24/2018 06:00:00 PM,0,0,0
12/24/2018 07:00:00 PM,51,51,0
12/24/2018 08:00:00 PM,0,0,0
12/24/2018 09:00:00 PM,62,0,62
12/24/2018 10:00:00 PM,51,51,0
12/24/2018 11:00:00 PM,0,0,0
12/25/2018 12:00:00 AM,10,0,10
12/25/2018 01:00:00 AM,,,
12/25/2018 02:00:00 AM,,,
12/25/2018 03:00:00 AM,,,
12/25/2018 04:00:00 AM,4,0,4
12/25/2018 05:00:00 AM,25,0,25
12/25/2018 06:00:00 AM,29,10,19
12/25/2018 07:00:00 AM,40,0,40
12/25/2018 08:00:00 AM,60,5,55
12/25/2018 09:00:00 AM,35,15,20
12/25/2018 10:00:00 AM,74,15,59
12/25/2018 11:00:00 AM,35,10,25
12/25/2018 12:00:00 PM,40,26,14
12/25/2018 01:00:00 PM,40,26,14
12/25/2018 02:00:00 PM,61,41,20
12/25/2018 03:00:00 PM,44,15,29
12/25/2018 04:00:00 PM,85,61,24
12/25/2018 05:00:00 PM,105,66,39
12/25/2018 06:00:00 PM,21,16,5
12/25/2018 07:00:00 PM,18,15,3
12/25/2018 08:00:00 PM,21,20,1
12/25/2018 09:00:00 PM,8,8,0
12/25/2018 10:00:00 PM,35,25,10
12/25/2018 11:00:00 PM,9,5,4
12/26/2018 12:00:00 AM,3,3,0
12/26/2018 01:00:00 AM,3,0,3
12/26/2018 02:00:00 AM,0,0,0
12/26/2018 03:00:00 AM,2,2,0
12/26/2018 04:00:00 AM,0,0,0
12/26/2018 05:00:00 AM,24,5,19
12/26/2018 06:00:00 AM,39,5,34
12/26/2018 07:00:00 AM,55,11,44
12/26/2018 08:00:00 AM,89,14,75
12/26/2018 09:00:00 AM,50,0,50
12/26/2018 10:00:00 AM,32,5,27
12/26/2018 11:00:00 AM,59,37,22
12/26/2018 12:00:00 PM,71,18,53
12/26/2018 01:00:00 PM,18,15,3
12/26/2018 02:00:00 PM,46,21,25
12/26/2018 03:00:00 PM,49,46,3
12/26/2018 04:00:00 PM,106,88,18
12/26/2018 05:00:00 PM,74,56,18
12/26/2018 06:00:00 PM,59,27,32
12/26/2018 07:00:00 PM,23,17,6
12/26/2018 08:00:00 PM,40,27,13
12/26/2018 09:00:00 PM,5,5,0
12/26/2018 10:00:00 PM,6,6,0
12/26/2018 11:00:00 PM,1,1,0
12/27/2018 12:00:00 AM,6,3,3
12/27/2018 01:00:00 AM,2,0,2
12/27/2018 02:00:00 AM,5,3,2
12/27/2018 03:00:00 AM,5,5,0
12/27/2018 04:00:00 AM,3,3,0
12/27/2018 05:00:00 AM,31,8,23
12/27/2018 06:00:00 AM,41,10,31
12/27/2018 07:00:00 AM,66,8,58
12/27/2018 08:00:00 AM,93,13,80
12/27/2018 09:00:00 AM,64,24,40
12/27/2018 10:00:00 AM,39,8,31
12/27/2018 11:00:00 AM,23,8,15
12/27/2018 12:00:00 PM,20,9,11
12/27/2018 01:00:00 PM,25,6,19
12/27/2018 02:00:00 PM,32,20,12
12/27/2018 03:00:00 PM,32,30,2
12/27/2018 04:00:00 PM,72,58,14
12/27/2018 05:00:00 PM,86,72,14
12/27/2018 06:00:00 PM,57,42,15
12/27/2018 07:00:00 PM,21,13,8
12/27/2018 08:00:00 PM,6,6,0
12/27/2018 09:00:00 PM,9,8,1
12/27/2018 10:00:00 PM,5,2,3
12/27/2018 11:00:00 PM,1,0,1
12/28/2018 12:00:00 AM,0,0,0
12/28/2018 01:00:00 AM,0,0,0
12/28/2018 02:00:00 AM,6,6,0
12/28/2018 03:00:00 AM,5,5,0
12/28/2018 04:00:00 AM,6,6,0
12/28/2018 05:00:00 AM,38,5,33
12/28/2018 06:00:00 AM,44,0,44
12/28/2018 07:00:00 AM,77,16,61
12/28/2018 08:00:00 AM,82,16,66
12/28/2018 09:00:00 AM,28,11,17
12/28/2018 10:00:00 AM,16,0,16
12/28/2018 11:00:00 AM,6,0,6
12/28/2018 12:00:00 PM,22,6,16
12/28/2018 01:00:00 PM,45,23,22
12/28/2018 02:00:00 PM,29,12,17
12/28/2018 03:00:00 PM,71,66,5
12/28/2018 04:00:00 PM,83,67,16
12/28/2018 05:00:00 PM,83,50,33
12/28/2018 06:00:00 PM,28,17,11
12/28/2018 07:00:00 PM,32,27,5
12/28/2018 08:00:00 PM,6,6,0
12/28/2018 09:00:00 PM,0,0,0
12/28/2018 10:00:00 PM,17,11,6
12/28/2018 11:00:00 PM,0,0,0
12/29/2018 12:00:00 AM,0,0,0
12/29/2018 01:00:00 AM,2,2,0
12/29/2018 02:00:00 AM,3,0,3
12/29/2018 03:00:00 AM,3,3,0
12/29/2018 04:00:00 AM,2,2,0
12/29/2018 05:00:00 AM,0,0,0
12/29/2018 06:00:00 AM,5,1,4
12/29/2018 07:00:00 AM,3,1,2
12/29/2018 08:00:00 AM,14,3,11
12/29/2018 09:00:00 AM,37,18,19
12/29/2018 10:00:00 AM,28,10,18
12/29/2018 11:00:00 AM,39,12,27
12/29/2018 12:00:00 PM,76,30,46
12/29/2018 01:00:00 PM,48,35,13
12/29/2018 02:00:00 PM,42,29,13
12/29/2018 03:00:00 PM,27,7,20
12/29/2018 04:00:00 PM,22,15,7
12/29/2018 05:00:00 PM,17,8,9
12/29/2018 06:00:00 PM,13,8,5
12/29/2018 07:00:00 PM,3,2,1
12/29/2018 08:00:00 PM,7,5,2
12/29/2018 09:00:00 PM,6,4,2
12/29/2018 10:00:00 PM,6,5,1
12/29/2018 11:00:00 PM,3,2,1
12/30/2018 12:00:00 AM,7,3,4
12/30/2018 01:00:00 AM,0,0,0
12/30/2018 02:00:00 AM,6,2,4
12/30/2018 03:00:00 AM,2,0,2
12/30/2018 04:00:00 AM,2,0,2
12/30/2018 05:00:00 AM,3,0,3
12/30/2018 06:00:00 AM,4,2,2
12/30/2018 07:00:00 AM,5,2,3
12/30/2018 08:00:00 AM,15,2,13
12/30/2018 09:00:00 AM,14,2,12
12/30/2018 10:00:00 AM,28,17,11
12/30/2018 11:00:00 AM,26,6,20
12/30/2018 12:00:00 PM,34,18,16
12/30/2018 01:00:00 PM,57,42,15
12/30/2018 02:00:00 PM,36,23,13
12/30/2018 03:00:00 PM,20,12,8
12/30/2018 04:00:00 PM,17,5,12
12/30/2018 05:00:00 PM,13,10,3
12/30/2018 06:00:00 PM,10,4,6
12/30/2018 07:00:00 PM,5,1,4
12/30/2018 08:00:00 PM,5,0,5
12/30/2018 09:00:00 PM,2,2,0
12/30/2018 10:00:00 PM,7,2,5
12/30/2018 11:00:00 PM,0,0,0
12/31/2018 12:00:00 AM,7,3,4
12/31/2018 01:00:00 AM,8,3,5
12/31/2018 02:00:00 AM,3,3,0
12/31/2018 03:00:00 AM,5,3,2
12/31/2018 04:00:00 AM,7,7,0
12/31/2018 05:00:00 AM,2,0,2
12/31/2018 06:00:00 AM,2,1,1
12/31/2018 07:00:00 AM,8,0,8
12/31/2018 08:00:00 AM,6,2,4
12/31/2018 09:00:00 AM,9,3,6
12/31/2018 10:00:00 AM,28,6,22
12/31/2018 11:00:00 AM,24,11,13
12/31/2018 12:00:00 PM,60,27,33
12/31/2018 01:00:00 PM,54,18,36
12/31/2018 02:00:00 PM,45,21,24
12/31/2018 03:00:00 PM,39,17,22
12/31/2018 04:00:00 PM,30,14,16
12/31/2018 05:00:00 PM,7,6,1
12/31/2018 06:00:00 PM,10,0,10
12/31/2018 07:00:00 PM,6,6,0
12/31/2018 08:00:00 PM,2,0,2
12/31/2018 09:00:00 PM,3,1,2
12/31/2018 10:00:00 PM,2,0,2
12/31/2018 11:00:00 PM,1,0,1
01/01/2019 12:00:00 AM,4,4,0
01/01/2019 01:00:00 AM,1,0,1
01/01/2019 02:00:00 AM,0,0,0
01/01/2019 03:00:00 AM,1,1,0
01/01/2019 04:00:00 AM,4,0,4
01/01/2019 05:00:00 AM,10,0,10
01/01/2019 06:00:00 AM,37,4,33
01/01/2019 07:00:00 AM,59,7,52
01/01/2019 08:00:00 AM,87,7,80
01/01/2019 09:00:00 AM,22,0,22
01/01/2019 10:00:00 AM,7,0,7
01/01/2019 11:00:00 AM,12,5,7
01/01/2019 12:00:00 PM,12,5,7
01/01/2019 01:00:00 PM,13,4,9
01/01/2019 02:00:00 PM,9,4,5
01/01/2019 03:00:00 PM,17,15,2
01/01/2019 04:00:00 PM,61,54,7
01/01/2019 05:00:00 PM,96,85,11
01/01/2019 06:00:00 PM,60,52,8
01/01/2019 07:00:00 PM,9,9,0
01/01/2019 08:00:00 PM,7,5,2
01/01/2019 09:00:00 PM,1,1,0
01/01/2019 10:00:00 PM,6,5,1
01/01/2019 11:00:00 PM,3,2,1
01/02/2019 12:00:00 AM,0,0,0
01/02/2019 01:00:00 AM,0,0,0
01/02/2019 02:00:00 AM,0,0,0
01/02/2019 03:00:00 AM,0,0,0
01/02/2019 04:00:00 AM,2,1,1
01/02/2019 05:00:00 AM,13,0,13
01/02/2019 06:00:00 AM,36,4,32
01/02/2019 07:00:00 AM,76,7,69
01/02/2019 08:00:00 AM,90,4,86
01/02/2019 09:00:00 AM,39,3,36
01/02/2019 10:00:00 AM,16,4,12
01/02/2019 11:00:00 AM,19,9,10
01/02/2019 12:00:00 PM,12,8,4
01/02/2019 01:00:00 PM,18,11,7
01/02/2019 02:00:00 PM,16,11,5
01/02/2019 03:00:00 PM,26,19,7
01/02/2019 04:00:00 PM,64,53,11
01/02/2019 05:00:00 PM,116,103,13
01/02/2019 06:00:00 PM,65,58,7
01/02/2019 07:00:00 PM,16,12,4
01/02/2019 08:00:00 PM,6,6,0
01/02/2019 09:00:00 PM,5,3,2
01/02/2019 10:00:00 PM,6,5,1
01/02/2019 11:00:00 PM,2,1,1
01/03/2019 12:00:00 AM,0,0,0
01/03/2019 01:00:00 AM,1,0,1
01/03/2019 02:00:00 AM,4,4,0
01/03/2019 03:00:00 AM,3,1,2
01/03/2019 04:00:00 AM,6,3,3
01/03/2019 05:00:00 AM,22,3,19
01/03/2019 06:00:00 AM,43,8,35
01/03/2019 07:00:00 AM,78,9,69
01/03/2019 08:00:00 AM,107,9,98
01/03/2019 09:00:00 AM,44,4,40
01/03/2019 10:00:00 AM,12,4,8
01/03/2019 11:00:00 AM,7,2,5
01/03/2019 12:00:00 PM,17,5,12
01/03/2019 01:00:00 PM,9,6,3
01/03/2019 02:00:00 PM,13,5,8
01/03/2019 03:00:00 PM,64,52,12
01/03/2019 04:00:00 PM,104,84,20
01/03/2019 05:00:00 PM,180,162,18
01/03/2019 06:00:00 PM,107,90,17
01/03/2019 07:00:00 PM,31,28,3
01/03/2019 08:00:00 PM,10,7,3
01/03/2019 09:00:00 PM,4,2,2
01/03/2019 10:00:00 PM,7,4,3
01/03/2019 11:00:00 PM,3,3,0
01/04/2019 12:00:00 AM,0,0,0
01/04/2019 01:00:00 AM,1,1,0
01/04/2019 02:00:00 AM,1,1,0
01/04/2019 03:00:00 AM,2,2,0
01/04/2019 04:00:00 AM,1,0,1
01/04/2019 05:00:00 AM,14,3,11
01/04/2019 06:00:00 AM,36,6,30
01/04/2019 07:00:00 AM,77,6,71
01/04/2019 08:00:00 AM,71,5,66
01/04/2019 09:00:00 AM,30,4,26
01/04/2019 10:00:00 AM,16,3,13
01/04/2019 11:00:00 AM,18,5,13
01/04/2019 12:00:00 PM,11,5,6
01/04/2019 01:00:00 PM,18,7,11
01/04/2019 02:00:00 PM,22,14,8
01/04/2019 03:00:00 PM,29,21,8
01/04/2019 04:00:00 PM,56,49,7
01/04/2019 05:00:00 PM,78,72,6
01/04/2019 06:00:00 PM,55,47,8
01/04/2019 07:00:00 PM,10,9,1
01/04/2019 08:00:00 PM,8,7,1
01/04/2019 09:00:00 PM,3,3,0
01/04/2019 10:00:00 PM,7,5,2
01/04/2019 11:00:00 PM,4,2,2
01/05/2019 12:00:00 AM,3,3,0
01/05/2019 01:00:00 AM,1,0,1
01/05/2019 02:00:00 AM,1,1,0
01/05/2019 03:00:00 AM,2,2,0
01/05/2019 04:00:00 AM,2,2,0
01/05/2019 05:00:00 AM,2,1,1
01/05/2019 06:00:00 AM,5,2,3
01/05/2019 07:00:00 AM,7,0,7
01/05/2019 08:00:00 AM,22,4,18
01/05/2019 09:00:00 AM,51,10,41
01/05/2019 10:00:00 AM,28,12,16
01/05/2019 11:00:00 AM,52,35,17
01/05/2019 12:00:00 PM,44,23,21
01/05/2019 01:00:00 PM,44,23,21
01/05/2019 02:00:00 PM,31,20,11
01/05/2019 03:00:00 PM,17,13,4
01/05/2019 04:00:00 PM,24,11,13
01/05/2019 05:00:00 PM,7,3,4
01/05/2019 06:00:00 PM,4,2,2
01/05/2019 07:00:00 PM,6,6,0
01/05/2019 08:00:00 PM,4,1,3
01/05/2019 09:00:00 PM,4,2,2
01/05/2019 10:00:00 PM,4,3,1
01/05/2019 11:00:00 PM,4,2,2
01/06/2019 12:00:00 AM,1,1,0
01/06/2019 01:00:00 AM,0,0,0
01/06/2019 02:00:00 AM,1,1,0
01/06/2019 03:00:00 AM,0,0,0
01/06/2019 04:00:00 AM,0,0,0
01/06/2019 05:00:00 AM,1,0,1
01/06/2019 06:00:00 AM,3,1,2
01/06/2019 07:00:00 AM,2,0,2
01/06/2019 08:00:00 AM,9,4,5
01/06/2019 09:00:00 AM,34,15,19
01/06/2019 10:00:00 AM,18,6,12
01/06/2019 11:00:00 AM,24,14,10
01/06/2019 12:00:00 PM,32,13,19
01/06/2019 01:00:00 PM,36,11,25
01/06/2019 02:00:00 PM,23,9,14
01/06/2019 03:00:00 PM,15,12,3
01/06/2019 04:00:00 PM,16,8,8
01/06/2019 05:00:00 PM,36,20,16
01/06/2019 06:00:00 PM,2,2,0
01/06/2019 07:00:00 PM,3,3,0
01/06/2019 08:00:00 PM,0,0,0
01/06/2019 09:00:00 PM,4,1,3
01/06/2019 10:00:00 PM,3,2,1
01/06/2019 11:00:00 PM,2,2,0
01/07/2019 12:00:00 AM,3,2,1
01/07/2019 01:00:00 AM,0,0,0
01/07/2019 02:00:00 AM,0,0,0
01/07/2019 03:00:00 AM,2,1,1
01/07/2019 04:00:00 AM,4,1,3
01/07/2019 05:00:00 AM,23,3,20
01/07/2019 06:00:00 AM,61,11,50
01/07/2019 07:00:00 AM,142,8,134
01/07/2019 08:00:00 AM,112,7,105
01/07/2019 09:00:00 AM,57,7,50
01/07/2019 10:00:00 AM,18,5,13
01/07/2019 11:00:00 AM,15,8,7
01/07/2019 12:00:00 PM,16,7,9
01/07/2019 01:00:00 PM,11,5,6
01/07/2019 02:00:00 PM,20,9,11
01/07/2019 03:00:00 PM,45,36,9
01/07/2019 04:00:00 PM,96,81,15
01/07/2019 05:00:00 PM,121,113,8
01/07/2019 06:00:00 PM,116,94,22
01/07/2019 07:00:00 PM,38,30,8
01/07/2019 08:00:00 PM,8,5,3
01/07/2019 09:00:00 PM,8,7,1
01/07/2019 10:00:00 PM,5,4,1
01/07/2019 11:00:00 PM,3,3,0
01/08/2019 12:00:00 AM,1,1,0
01/08/2019 01:00:00 AM,1,1,0
01/08/2019 02:00:00 AM,2,2,0
01/08/2019 03:00:00 AM,1,1,0
01/08/2019 04:00:00 AM,2,1,1
01/08/2019 05:00:00 AM,21,2,19
01/08/2019 06:00:00 AM,50,7,43
01/08/2019 07:00:00 AM,108,7,101
01/08/2019 08:00:00 AM,101,3,98
01/08/2019 09:00:00 AM,43,3,40
01/08/2019 10:00:00 AM,16,7,9
01/08/2019 11:00:00 AM,5,0,5
01/08/2019 12:00:00 PM,10,3,7
01/08/2019 01:00:00 PM,5,3,2
01/08/2019 02:00:00 PM,14,7,7
01/08/2019 03:00:00 PM,34,24,10
01/08/2019 04:00:00 PM,60,49,11
01/08/2019 05:00:00 PM,122,108,14
01/08/2019 06:00:00 PM,75,63,12
01/08/2019 07:00:00 PM,24,21,3
01/08/2019 08:00:00 PM,9,7,2
01/08/2019 09:00:00 PM,6,6,0
01/08/2019 10:00:00 PM,5,4,1
01/08/2019 11:00:00 PM,6,3,3
01/09/2019 12:00:00 AM,1,1,0
01/09/2019 01:00:00 AM,2,2,0
01/09/2019 02:00:00 AM,1,1,0
01/09/2019 03:00:00 AM,1,0,1
01/09/2019 04:00:00 AM,6,4,2
01/09/2019 05:00:00 AM,18,3,15
01/09/2019 06:00:00 AM,50,8,42
01/09/2019 07:00:00 AM,93,8,85
01/09/2019 08:00:00 AM,102,7,95
01/09/2019 09:00:00 AM,44,2,42
01/09/2019 10:00:00 AM,17,4,13
01/09/2019 11:00:00 AM,22,12,10
01/09/2019 12:00:00 PM,18,6,12
01/09/2019 01:00:00 PM,15,11,4
01/09/2019 02:00:00 PM,17,11,6
01/09/2019 03:00:00 PM,33,22,11
01/09/2019 04:00:00 PM,56,46,10
01/09/2019 05:00:00 PM,126,117,9
01/09/2019 06:00:00 PM,69,63,6
01/09/2019 07:00:00 PM,25,20,5
01/09/2019 08:00:00 PM,10,10,0
01/09/2019 09:00:00 PM,10,8,2
01/09/2019 10:00:00 PM,3,3,0
01/09/2019 11:00:00 PM,5,4,1
01/10/2019 12:00:00 AM,0,0,0
01/10/2019 01:00:00 AM,0,0,0
01/10/2019 02:00:00 AM,1,1,0
01/10/2019 03:00:00 AM,1,1,0
01/10/2019 04:00:00 AM,3,1,2
01/10/2019 05:00:00 AM,18,2,16
01/10/2019 06:00:00 AM,50,7,43
01/10/2019 07:00:00 AM,130,11,119
01/10/2019 08:00:00 AM,122,4,118
01/10/2019 09:00:00 AM,55,8,47
01/10/2019 10:00:00 AM,28,6,22
01/10/2019 11:00:00 AM,25,9,16
01/10/2019 12:00:00 PM,15,4,11
01/10/2019 01:00:00 PM,16,9,7
01/10/2019 02:00:00 PM,21,12,9
01/10/2019 03:00:00 PM,32,26,6
01/10/2019 04:00:00 PM,76,66,10
01/10/2019 05:00:00 PM,152,135,17
01/10/2019 06:00:00 PM,80,71,9
01/10/2019 07:00:00 PM,27,22,5
01/10/2019 08:00:00 PM,15,15,0
01/10/2019 09:00:00 PM,31,18,13
01/10/2019 10:00:00 PM,10,7,3
01/10/2019 11:00:00 PM,2,2,0
01/11/2019 12:00:00 AM,5,2,3
01/11/2019 01:00:00 AM,3,3,0
01/11/2019 02:00:00 AM,3,2,1
01/11/2019 03:00:00 AM,1,1,0
01/11/2019 04:00:00 AM,5,3,2
01/11/2019 05:00:00 AM,22,3,19
01/11/2019 06:00:00 AM,50,9,41
01/11/2019 07:00:00 AM,115,13,102
01/11/2019 08:00:00 AM,128,11,117
01/11/2019 09:00:00 AM,48,8,40
01/11/2019 10:00:00 AM,20,6,14
01/11/2019 11:00:00 AM,21,6,15
01/11/2019 12:00:00 PM,25,13,12
01/11/2019 01:00:00 PM,30,14,16
01/11/2019 02:00:00 PM,40,28,12
01/11/2019 03:00:00 PM,41,30,11
01/11/2019 04:00:00 PM,92,80,12
01/11/2019 05:00:00 PM,131,123,8
01/11/2019 06:00:00 PM,72,65,7
01/11/2019 07:00:00 PM,20,19,1
01/11/2019 08:00:00 PM,11,8,3
01/11/2019 09:00:00 PM,7,4,3
01/11/2019 10:00:00 PM,9,5,4
01/11/2019 11:00:00 PM,13,9,4
01/12/2019 12:00:00 AM,4,3,1
01/12/2019 01:00:00 AM,1,1,0
01/12/2019 02:00:00 AM,1,1,0
01/12/2019 03:00:00 AM,2,2,0
01/12/2019 04:00:00 AM,0,0,0
01/12/2019 05:00:00 AM,7,2,5
01/12/2019 06:00:00 AM,12,1,11
01/12/2019 07:00:00 AM,18,5,13
01/12/2019 08:00:00 AM,23,10,13
01/12/2019 09:00:00 AM,39,16,23
01/12/2019 10:00:00 AM,54,31,23
01/12/2019 11:00:00 AM,52,16,36
01/12/2019 12:00:00 PM,86,44,42
01/12/2019 01:00:00 PM,82,37,45
01/12/2019 02:00:00 PM,97,57,40
01/12/2019 03:00:00 PM,89,47,42
01/12/2019 04:00:00 PM,63,36,27
01/12/2019 05:00:00 PM,23,17,6
01/12/2019 06:00:00 PM,20,15,5
01/12/2019 07:00:00 PM,9,7,2
01/12/2019 08:00:00 PM,6,6,0
01/12/2019 09:00:00 PM,10,9,1
01/12/2019 10:00:00 PM,6,3,3
01/12/2019 11:00:00 PM,10,5,5
01/13/2019 12:00:00 AM,8,3,5
01/13/2019 01:00:00 AM,1,1,0
01/13/2019 02:00:00 AM,0,0,0
01/13/2019 03:00:00 AM,1,1,0
01/13/2019 04:00:00 AM,0,0,0
01/13/2019 05:00:00 AM,4,1,3
01/13/2019 06:00:00 AM,5,3,2
01/13/2019 07:00:00 AM,10,2,8
01/13/2019 08:00:00 AM,16,5,11
01/13/2019 09:00:00 AM,66,22,44
01/13/2019 10:00:00 AM,51,22,29
01/13/2019 11:00:00 AM,81,42,39
01/13/2019 12:00:00 PM,66,32,34
01/13/2019 01:00:00 PM,91,48,43
01/13/2019 02:00:00 PM,73,35,38
01/13/2019 03:00:00 PM,79,38,41
01/13/2019 04:00:00 PM,33,23,10
01/13/2019 05:00:00 PM,51,21,30
01/13/2019 06:00:00 PM,16,13,3
01/13/2019 07:00:00 PM,4,4,0
01/13/2019 08:00:00 PM,4,3,1
01/13/2019 09:00:00 PM,5,3,2
01/13/2019 10:00:00 PM,11,5,6
01/13/2019 11:00:00 PM,1,1,0
01/14/2019 12:00:00 AM,2,1,1
01/14/2019 01:00:00 AM,1,0,1
01/14/2019 02:00:00 AM,0,0,0
01/14/2019 03:00:00 AM,2,2,0
01/14/2019 04:00:00 AM,7,0,7
01/14/2019 05:00:00 AM,46,5,41
01/14/2019 06:00:00 AM,114,18,96
01/14/2019 07:00:00 AM,232,16,216
01/14/2019 08:00:00 AM,240,14,226
01/14/2019 09:00:00 AM,90,5,85
01/14/2019 10:00:00 AM,30,5,25
01/14/2019 11:00:00 AM,32,8,24
01/14/2019 12:00:00 PM,26,11,15
01/14/2019 01:00:00 PM,32,18,14
01/14/2019 02:00:00 PM,42,20,22
01/14/2019 03:00:00 PM,100,79,21
01/14/2019 04:00:00 PM,185,155,30
01/14/2019 05:00:00 PM,240,219,21
01/14/2019 06:00:00 PM,150,133,17
01/14/2019 07:00:00 PM,47,41,6
01/14/2019 08:00:00 PM,26,21,5
01/14/2019 09:00:00 PM,9,7,2
01/14/2019 10:00:00 PM,8,5,3
01/14/2019 11:00:00 PM,5,4,1
01/15/2019 12:00:00 AM,2,2,0
01/15/2019 01:00:00 AM,2,2,0
01/15/2019 02:00:00 AM,1,0,1
01/15/2019 03:00:00 AM,2,2,0
01/15/2019 04:00:00 AM,6,1,5
01/15/2019 05:00:00 AM,42,6,36
01/15/2019 06:00:00 AM,98,8,90
01/15/2019 07:00:00 AM,180,12,168
01/15/2019 08:00:00 AM,183,8,175
01/15/2019 09:00:00 AM,101,17,84
01/15/2019 10:00:00 AM,38,7,31
01/15/2019 11:00:00 AM,23,7,16
01/15/2019 12:00:00 PM,31,12,19
01/15/2019 01:00:00 PM,15,8,7
01/15/2019 02:00:00 PM,35,17,18
01/15/2019 03:00:00 PM,59,48,11
01/15/2019 04:00:00 PM,163,144,19
01/15/2019 05:00:00 PM,210,193,17
01/15/2019 06:00:00 PM,114,98,16
01/15/2019 07:00:00 PM,46,41,5
01/15/2019 08:00:00 PM,22,18,4
01/15/2019 09:00:00 PM,5,5,0
01/15/2019 10:00:00 PM,9,8,1
01/15/2019 11:00:00 PM,4,3,1
01/16/2019 12:00:00 AM,1,0,1
01/16/2019 01:00:00 AM,1,0,1
01/16/2019 02:00:00 AM,0,0,0
01/16/2019 03:00:00 AM,1,1,0
01/16/2019 04:00:00 AM,6,2,4
01/16/2019 05:00:00 AM,27,5,22
01/16/2019 06:00:00 AM,89,9,80
01/16/2019 07:00:00 AM,175,12,163
01/16/2019 08:00:00 AM,176,13,163
01/16/2019 09:00:00 AM,82,9,73
01/16/2019 10:00:00 AM,32,4,28
01/16/2019 11:00:00 AM,26,10,16
01/16/2019 12:00:00 PM,29,6,23
01/16/2019 01:00:00 PM,28,11,17
01/16/2019 02:00:00 PM,33,16,17
01/16/2019 03:00:00 PM,69,50,19
01/16/2019 04:00:00 PM,131,114,17
01/16/2019 05:00:00 PM,198,179,19
01/16/2019 06:00:00 PM,123,102,21
01/16/2019 07:00:00 PM,48,40,8
01/16/2019 08:00:00 PM,28,24,4
01/16/2019 09:00:00 PM,9,8,1
01/16/2019 10:00:00 PM,6,5,1
01/16/2019 11:00:00 PM,7,7,0
01/17/2019 12:00:00 AM,0,0,0
01/17/2019 01:00:00 AM,3,1,2
01/17/2019 02:00:00 AM,0,0,0
01/17/2019 03:00:00 AM,1,1,0
01/17/2019 04:00:00 AM,8,4,4
01/17/2019 05:00:00 AM,34,6,28
01/17/2019 06:00:00 AM,69,7,62
01/17/2019 07:00:00 AM,141,9,132
01/17/2019 08:00:00 AM,140,11,129
01/17/2019 09:00:00 AM,63,10,53
01/17/2019 10:00:00 AM,43,15,28
01/17/2019 11:00:00 AM,13,3,10
01/17/2019 12:00:00 PM,14,6,8
01/17/2019 01:00:00 PM,17,12,5
01/17/2019 02:00:00 PM,29,17,12
01/17/2019 03:00:00 PM,48,40,8
01/17/2019 04:00:00 PM,99,82,17
01/17/2019 05:00:00 PM,145,135,10
01/17/2019 06:00:00 PM,84,77,7
01/17/2019 07:00:00 PM,39,30,9
01/17/2019 08:00:00 PM,14,14,0
01/17/2019 09:00:00 PM,20,11,9
01/17/2019 10:00:00 PM,1,1,0
01/17/2019 11:00:00 PM,2,2,0
01/18/2019 12:00:00 AM,1,1,0
01/18/2019 01:00:00 AM,1,1,0
01/18/2019 02:00:00 AM,1,1,0
01/18/2019 03:00:00 AM,4,3,1
01/18/2019 04:00:00 AM,5,3,2
01/18/2019 05:00:00 AM,20,3,17
01/18/2019 06:00:00 AM,50,6,44
01/18/2019 07:00:00 AM,124,13,111
01/18/2019 08:00:00 AM,120,6,114
01/18/2019 09:00:00 AM,43,8,35
01/18/2019 10:00:00 AM,21,4,17
01/18/2019 11:00:00 AM,11,3,8
01/18/2019 12:00:00 PM,17,8,9
01/18/2019 01:00:00 PM,12,7,5
01/18/2019 02:00:00 PM,34,25,9
01/18/2019 03:00:00 PM,36,29,7
01/18/2019 04:00:00 PM,87,80,7
01/18/2019 05:00:00 PM,103,92,11
01/18/2019 06:00:00 PM,77,65,12
01/18/2019 07:00:00 PM,20,18,2
01/18/2019 08:00:00 PM,10,9,1
01/18/2019 09:00:00 PM,7,6,1
01/18/2019 10:00:00 PM,4,2,2
01/18/2019 11:00:00 PM,2,1,1
01/19/2019 12:00:00 AM,2,1,1
01/19/2019 01:00:00 AM,1,1,0
01/19/2019 02:00:00 AM,0,0,0
01/19/2019 03:00:00 AM,1,1,0
01/19/2019 04:00:00 AM,0,0,0
01/19/2019 05:00:00 AM,3,1,2
01/19/2019 06:00:00 AM,5,4,1
01/19/2019 07:00:00 AM,7,2,5
01/19/2019 08:00:00 AM,19,5,14
01/19/2019 09:00:00 AM,15,5,10
01/19/2019 10:00:00 AM,15,6,9
01/19/2019 11:00:00 AM,30,14,16
01/19/2019 12:00:00 PM,36,17,19
01/19/2019 01:00:00 PM,37,18,19
01/19/2019 02:00:00 PM,25,14,11
01/19/2019 03:00:00 PM,19,6,13
01/19/2019 04:00:00 PM,19,13,6
01/19/2019 05:00:00 PM,9,2,7
01/19/2019 06:00:00 PM,14,5,9
01/19/2019 07:00:00 PM,2,1,1
01/19/2019 08:00:00 PM,1,1,0
01/19/2019 09:00:00 PM,6,3,3
01/19/2019 10:00:00 PM,4,3,1
01/19/2019 11:00:00 PM,5,4,1
01/20/2019 12:00:00 AM,1,1,0
01/20/2019 01:00:00 AM,0,0,0
01/20/2019 02:00:00 AM,2,1,1
01/20/2019 03:00:00 AM,1,0,1
01/20/2019 04:00:00 AM,1,1,0
01/20/2019 05:00:00 AM,2,1,1
01/20/2019 06:00:00 AM,3,1,2
01/20/2019 07:00:00 AM,10,1,9
01/20/2019 08:00:00 AM,12,3,9
01/20/2019 09:00:00 AM,37,18,19
01/20/2019 10:00:00 AM,21,7,14
01/20/2019 11:00:00 AM,44,22,22
01/20/2019 12:00:00 PM,32,13,19
01/20/2019 01:00:00 PM,24,13,11
01/20/2019 02:00:00 PM,28,18,10
01/20/2019 03:00:00 PM,35,13,22
01/20/2019 04:00:00 PM,18,11,7
01/20/2019 05:00:00 PM,25,13,12
01/20/2019 06:00:00 PM,4,3,1
01/20/2019 07:00:00 PM,5,3,2
01/20/2019 08:00:00 PM,7,6,1
01/20/2019 09:00:00 PM,10,9,1
01/20/2019 10:00:00 PM,3,2,1
01/20/2019 11:00:00 PM,6,1,5
01/21/2019 12:00:00 AM,2,2,0
01/21/2019 01:00:00 AM,3,0,3
01/21/2019 02:00:00 AM,1,0,1
01/21/2019 03:00:00 AM,1,1,0
01/21/2019 04:00:00 AM,3,1,2
01/21/2019 05:00:00 AM,11,2,9
01/21/2019 06:00:00 AM,44,8,36
01/21/2019 07:00:00 AM,66,6,60
01/21/2019 08:00:00 AM,78,5,73
01/21/2019 09:00:00 AM,37,6,31
01/21/2019 10:00:00 AM,27,11,16
01/21/2019 11:00:00 AM,24,9,15
01/21/2019 12:00:00 PM,27,6,21
01/21/2019 01:00:00 PM,28,11,17
01/21/2019 02:00:00 PM,35,22,13
01/21/2019 03:00:00 PM,48,38,10
01/21/2019 04:00:00 PM,70,60,10
01/21/2019 05:00:00 PM,91,79,12
01/21/2019 06:00:00 PM,45,37,8
01/21/2019 07:00:00 PM,17,12,5
01/21/2019 08:00:00 PM,13,10,3
01/21/2019 09:00:00 PM,7,5,2
01/21/2019 10:00:00 PM,4,2,2
01/21/2019 11:00:00 PM,2,1,1
01/22/2019 12:00:00 AM,2,1,1
01/22/2019 01:00:00 AM,5,2,3
01/22/2019 02:00:00 AM,2,1,1
01/22/2019 03:00:00 AM,3,3,0
01/22/2019 04:00:00 AM,4,0,4
01/22/2019 05:00:00 AM,31,3,28
01/22/2019 06:00:00 AM,72,15,57
01/22/2019 07:00:00 AM,161,17,144
01/22/2019 08:00:00 AM,153,11,142
01/22/2019 09:00:00 AM,55,4,51
01/22/2019 10:00:00 AM,17,3,14
01/22/2019 11:00:00 AM,18,4,14
01/22/2019 12:00:00 PM,12,7,5
01/22/2019 01:00:00 PM,9,6,3
01/22/2019 02:00:00 PM,15,10,5
01/22/2019 03:00:00 PM,34,27,7
01/22/2019 04:00:00 PM,110,96,14
01/22/2019 05:00:00 PM,161,149,12
01/22/2019 06:00:00 PM,96,87,9
01/22/2019 07:00:00 PM,33,31,2
01/22/2019 08:00:00 PM,10,10,0
01/22/2019 09:00:00 PM,2,2,0
01/22/2019 10:00:00 PM,3,2,1
01/22/2019 11:00:00 PM,0,0,0
01/23/2019 12:00:00 AM,0,0,0
01/23/2019 01:00:00 AM,2,1,1
01/23/2019 02:00:00 AM,2,2,0
01/23/2019 03:00:00 AM,1,1,0
01/23/2019 04:00:00 AM,3,1,2
01/23/2019 05:00:00 AM,22,1,21
01/23/2019 06:00:00 AM,87,14,73
01/23/2019 07:00:00 AM,133,12,121
01/23/2019 08:00:00 AM,166,11,155
01/23/2019 09:00:00 AM,43,4,39
01/23/2019 10:00:00 AM,20,2,18
01/23/2019 11:00:00 AM,17,6,11
01/23/2019 12:00:00 PM,15,5,10
01/23/2019 01:00:00 PM,10,4,6
01/23/2019 02:00:00 PM,21,10,11
01/23/2019 03:00:00 PM,50,38,12
01/23/2019 04:00:00 PM,134,117,17
01/23/2019 05:00:00 PM,164,152,12
01/23/2019 06:00:00 PM,87,79,8
01/23/2019 07:00:00 PM,35,33,2
01/23/2019 08:00:00 PM,13,10,3
01/23/2019 09:00:00 PM,10,10,0
01/23/2019 10:00:00 PM,6,4,2
01/23/2019 11:00:00 PM,7,4,3
01/24/2019 12:00:00 AM,3,0,3
01/24/2019 01:00:00 AM,1,0,1
01/24/2019 02:00:00 AM,7,4,3
01/24/2019 03:00:00 AM,2,2,0
01/24/2019 04:00:00 AM,11,4,7
01/24/2019 05:00:00 AM,37,5,32
01/24/2019 06:00:00 AM,83,15,68
01/24/2019 07:00:00 AM,172,15,157
01/24/2019 08:00:00 AM,147,12,135
01/24/2019 09:00:00 AM,54,6,48
01/24/2019 10:00:00 AM,27,5,22
01/24/2019 11:00:00 AM,18,6,12
01/24/2019 12:00:00 PM,19,8,11
01/24/2019 01:00:00 PM,24,10,14
01/24/2019 02:00:00 PM,25,14,11
01/24/2019 03:00:00 PM,46,36,10
01/24/2019 04:00:00 PM,134,116,18
01/24/2019 05:00:00 PM,159,149,10
01/24/2019 06:00:00 PM,114,93,21
01/24/2019 07:00:00 PM,32,29,3
01/24/2019 08:00:00 PM,38,35,3
01/24/2019 09:00:00 PM,55,35,20
01/24/2019 10:00:00 PM,7,7,0
01/24/2019 11:00:00 PM,6,4,2
01/25/2019 12:00:00 AM,3,2,1
01/25/2019 01:00:00 AM,1,0,1
01/25/2019 02:00:00 AM,1,1,0
01/25/2019 03:00:00 AM,1,1,0
01/25/2019 04:00:00 AM,4,1,3
01/25/2019 05:00:00 AM,29,4,25
01/25/2019 06:00:00 AM,65,9,56
01/25/2019 07:00:00 AM,129,13,116
01/25/2019 08:00:00 AM,153,10,143
01/25/2019 09:00:00 AM,64,10,54
01/25/2019 10:00:00 AM,27,5,22
01/25/2019 11:00:00 AM,27,10,17
01/25/2019 12:00:00 PM,15,7,8
01/25/2019 01:00:00 PM,21,11,10
01/25/2019 02:00:00 PM,43,30,13
01/25/2019 03:00:00 PM,59,39,20
01/25/2019 04:00:00 PM,119,103,16
01/25/2019 05:00:00 PM,150,138,12
01/25/2019 06:00:00 PM,78,69,9
01/25/2019 07:00:00 PM,21,17,4
01/25/2019 08:00:00 PM,41,29,12
01/25/2019 09:00:00 PM,12,10,2
01/25/2019 10:00:00 PM,9,7,2
01/25/2019 11:00:00 PM,4,3,1
01/26/2019 12:00:00 AM,2,1,1
01/26/2019 01:00:00 AM,4,4,0
01/26/2019 02:00:00 AM,3,3,0
01/26/2019 03:00:00 AM,3,1,2
01/26/2019 04:00:00 AM,2,0,2
01/26/2019 05:00:00 AM,1,0,1
01/26/2019 06:00:00 AM,4,2,2
01/26/2019 07:00:00 AM,11,4,7
01/26/2019 08:00:00 AM,23,7,16
01/26/2019 09:00:00 AM,40,21,19
01/26/2019 10:00:00 AM,34,10,24
01/26/2019 11:00:00 AM,62,31,31
01/26/2019 12:00:00 PM,71,31,40
01/26/2019 01:00:00 PM,72,36,36
01/26/2019 02:00:00 PM,65,35,30
01/26/2019 03:00:00 PM,76,37,39
01/26/2019 04:00:00 PM,43,26,17
01/26/2019 05:00:00 PM,18,14,4
01/26/2019 06:00:00 PM,18,7,11
01/26/2019 07:00:00 PM,8,7,1
01/26/2019 08:00:00 PM,7,4,3
01/26/2019 09:00:00 PM,8,5,3
01/26/2019 10:00:00 PM,4,2,2
01/26/2019 11:00:00 PM,4,2,2
01/27/2019 12:00:00 AM,5,2,3
01/27/2019 01:00:00 AM,3,3,0
01/27/2019 02:00:00 AM,2,2,0
01/27/2019 03:00:00 AM,0,0,0
01/27/2019 04:00:00 AM,4,2,2
01/27/2019 05:00:00 AM,5,3,2
01/27/2019 06:00:00 AM,6,2,4
01/27/2019 07:00:00 AM,16,8,8
01/27/2019 08:00:00 AM,7,2,5
01/27/2019 09:00:00 AM,27,7,20
01/27/2019 10:00:00 AM,34,14,20
01/27/2019 11:00:00 AM,41,20,21
01/27/2019 12:00:00 PM,42,18,24
01/27/2019 01:00:00 PM,56,28,28
01/27/2019 02:00:00 PM,35,16,19
01/27/2019 03:00:00 PM,38,19,19
01/27/2019 04:00:00 PM,33,16,17
01/27/2019 05:00:00 PM,13,4,9
01/27/2019 06:00:00 PM,39,23,16
01/27/2019 07:00:00 PM,3,2,1
01/27/2019 08:00:00 PM,5,3,2
01/27/2019 09:00:00 PM,4,3,1
01/27/2019 10:00:00 PM,2,2,0
01/27/2019 11:00:00 PM,1,1,0
01/28/2019 12:00:00 AM,2,0,2
01/28/2019 01:00:00 AM,2,1,1
01/28/2019 02:00:00 AM,0,0,0
01/28/2019 03:00:00 AM,1,1,0
01/28/2019 04:00:00 AM,8,1,7
01/28/2019 05:00:00 AM,28,5,23
01/28/2019 06:00:00 AM,92,14,78
01/28/2019 07:00:00 AM,189,12,177
01/28/2019 08:00:00 AM,165,5,160
01/28/2019 09:00:00 AM,67,3,64
01/28/2019 10:00:00 AM,31,10,21
01/28/2019 11:00:00 AM,24,7,17
01/28/2019 12:00:00 PM,22,7,15
01/28/2019 01:00:00 PM,24,12,12
01/28/2019 02:00:00 PM,28,21,7
01/28/2019 03:00:00 PM,56,41,15
01/28/2019 04:00:00 PM,154,130,24
01/28/2019 05:00:00 PM,186,171,15
01/28/2019 06:00:00 PM,123,109,14
01/28/2019 07:00:00 PM,29,26,3
01/28/2019 08:00:00 PM,15,13,2
01/28/2019 09:00:00 PM,13,10,3
01/28/2019 10:00:00 PM,10,5,5
01/28/2019 11:00:00 PM,2,2,0
01/29/2019 12:00:00 AM,2,2,0
01/29/2019 01:00:00 AM,0,0,0
01/29/2019 02:00:00 AM,3,3,0
01/29/2019 03:00:00 AM,1,1,0
01/29/2019 04:00:00 AM,9,2,7
01/29/2019 05:00:00 AM,27,1,26
01/29/2019 06:00:00 AM,92,17,75
01/29/2019 07:00:00 AM,167,12,155
01/29/2019 08:00:00 AM,164,11,153
01/29/2019 09:00:00 AM,73,12,61
01/29/2019 10:00:00 AM,30,4,26
01/29/2019 11:00:00 AM,27,7,20
01/29/2019 12:00:00 PM,32,15,17
01/29/2019 01:00:00 PM,20,11,9
01/29/2019 02:00:00 PM,38,21,17
01/29/2019 03:00:00 PM,72,53,19
01/29/2019 04:00:00 PM,147,119,28
01/29/2019 05:00:00 PM,188,167,21
01/29/2019 06:00:00 PM,101,91,10
01/29/2019 07:00:00 PM,62,50,12
01/29/2019 08:00:00 PM,14,13,1
01/29/2019 09:00:00 PM,18,14,4
01/29/2019 10:00:00 PM,10,7,3
01/29/2019 11:00:00 PM,3,3,0
01/30/2019 12:00:00 AM,1,1,0
01/30/2019 01:00:00 AM,2,1,1
01/30/2019 02:00:00 AM,4,2,2
01/30/2019 03:00:00 AM,1,1,0
01/30/2019 04:00:00 AM,6,0,6
01/30/2019 05:00:00 AM,32,3,29
01/30/2019 06:00:00 AM,74,11,63
01/30/2019 07:00:00 AM,139,8,131
01/30/2019 08:00:00 AM,160,12,148
01/30/2019 09:00:00 AM,64,9,55
01/30/2019 10:00:00 AM,33,7,26
01/30/2019 11:00:00 AM,32,10,22
01/30/2019 12:00:00 PM,23,8,15
01/30/2019 01:00:00 PM,20,10,10
01/30/2019 02:00:00 PM,43,19,24
01/30/2019 03:00:00 PM,53,42,11
01/30/2019 04:00:00 PM,120,105,15
01/30/2019 05:00:00 PM,155,131,24
01/30/2019 06:00:00 PM,80,60,20
01/30/2019 07:00:00 PM,38,34,4
01/30/2019 08:00:00 PM,23,19,4
01/30/2019 09:00:00 PM,8,6,2
01/30/2019 10:00:00 PM,10,4,6
01/30/2019 11:00:00 PM,6,4,2
01/31/2019 12:00:00 AM,7,4,3
01/31/2019 01:00:00 AM,2,2,0
01/31/2019 02:00:00 AM,3,3,0
01/31/2019 03:00:00 AM,8,5,3
01/31/2019 04:00:00 AM,3,0,3
01/31/2019 05:00:00 AM,33,5,28
01/31/2019 06:00:00 AM,71,12,59
01/31/2019 07:00:00 AM,137,9,128
01/31/2019 08:00:00 AM,148,10,138
01/31/2019 09:00:00 AM,75,7,68
01/31/2019 10:00:00 AM,28,6,22
01/31/2019 11:00:00 AM,24,8,16
01/31/2019 12:00:00 PM,26,8,18
01/31/2019 01:00:00 PM,20,13,7
01/31/2019 02:00:00 PM,31,19,12
01/31/2019 03:00:00 PM,52,34,18
01/31/2019 04:00:00 PM,105,93,12
01/31/2019 05:00:00 PM,178,169,9
01/31/2019 06:00:00 PM,97,82,15
01/31/2019 07:00:00 PM,38,30,8
01/31/2019 08:00:00 PM,20,17,3
01/31/2019 09:00:00 PM,27,16,11
01/31/2019 10:00:00 PM,8,6,2
01/31/2019 11:00:00 PM,5,3,2
02/01/2019 12:00:00 AM,1,1,0
02/01/2019 01:00:00 AM,2,2,0
02/01/2019 02:00:00 AM,4,3,1
02/01/2019 03:00:00 AM,2,1,1
02/01/2019 04:00:00 AM,2,1,1
02/01/2019 05:00:00 AM,15,2,13
02/01/2019 06:00:00 AM,40,5,35
02/01/2019 07:00:00 AM,84,7,77
02/01/2019 08:00:00 AM,98,6,92
02/01/2019 09:00:00 AM,36,6,30
02/01/2019 10:00:00 AM,6,2,4
02/01/2019 11:00:00 AM,7,1,6
02/01/2019 12:00:00 PM,5,2,3
02/01/2019 01:00:00 PM,10,6,4
02/01/2019 02:00:00 PM,23,17,6
02/01/2019 03:00:00 PM,31,23,8
02/01/2019 04:00:00 PM,61,53,8
02/01/2019 05:00:00 PM,83,77,6
02/01/2019 06:00:00 PM,43,40,3
02/01/2019 07:00:00 PM,26,24,2
02/01/2019 08:00:00 PM,17,15,2
02/01/2019 09:00:00 PM,5,3,2
02/01/2019 10:00:00 PM,5,3,2
02/01/2019 11:00:00 PM,7,2,5
02/02/2019 12:00:00 AM,2,0,2
02/02/2019 01:00:00 AM,3,3,0
02/02/2019 02:00:00 AM,1,1,0
02/02/2019 03:00:00 AM,1,1,0
02/02/2019 04:00:00 AM,0,0,0
02/02/2019 05:00:00 AM,4,1,3
02/02/2019 06:00:00 AM,17,1,16
02/02/2019 07:00:00 AM,15,6,9
02/02/2019 08:00:00 AM,19,9,10
02/02/2019 09:00:00 AM,21,12,9
02/02/2019 10:00:00 AM,22,12,10
02/02/2019 11:00:00 AM,32,13,19
02/02/2019 12:00:00 PM,42,18,24
02/02/2019 01:00:00 PM,42,20,22
02/02/2019 02:00:00 PM,24,14,10
02/02/2019 03:00:00 PM,26,16,10
02/02/2019 04:00:00 PM,25,13,12
02/02/2019 05:00:00 PM,29,22,7
02/02/2019 06:00:00 PM,14,10,4
02/02/2019 07:00:00 PM,5,3,2
02/02/2019 08:00:00 PM,7,6,1
02/02/2019 09:00:00 PM,8,4,4
02/02/2019 10:00:00 PM,7,6,1
02/02/2019 11:00:00 PM,3,2,1
02/03/2019 12:00:00 AM,6,6,0
02/03/2019 01:00:00 AM,1,1,0
02/03/2019 02:00:00 AM,3,2,1
02/03/2019 03:00:00 AM,1,0,1
02/03/2019 04:00:00 AM,1,1,0
02/03/2019 05:00:00 AM,3,0,3
02/03/2019 06:00:00 AM,17,4,13
02/03/2019 07:00:00 AM,159,10,149
02/03/2019 08:00:00 AM,131,10,121
02/03/2019 09:00:00 AM,69,47,22
02/03/2019 10:00:00 AM,145,123,22
02/03/2019 11:00:00 AM,72,63,9
02/03/2019 12:00:00 PM,42,38,4
02/03/2019 01:00:00 PM,32,17,15
02/03/2019 02:00:00 PM,16,10,6
02/03/2019 03:00:00 PM,19,15,4
02/03/2019 04:00:00 PM,1,0,1
02/03/2019 05:00:00 PM,13,8,5
02/03/2019 06:00:00 PM,2,2,0
02/03/2019 07:00:00 PM,5,3,2
02/03/2019 08:00:00 PM,3,2,1
02/03/2019 09:00:00 PM,1,1,0
02/03/2019 10:00:00 PM,3,2,1
02/03/2019 11:00:00 PM,0,0,0
02/04/2019 12:00:00 AM,3,1,2
02/04/2019 01:00:00 AM,2,1,1
02/04/2019 02:00:00 AM,0,0,0
02/04/2019 03:00:00 AM,0,0,0
02/04/2019 04:00:00 AM,1,1,0
02/04/2019 05:00:00 AM,8,2,6
02/04/2019 06:00:00 AM,6,2,4
02/04/2019 07:00:00 AM,11,0,11
02/04/2019 08:00:00 AM,9,1,8
02/04/2019 09:00:00 AM,8,0,8
02/04/2019 10:00:00 AM,1,1,0
02/04/2019 11:00:00 AM,2,0,2
02/04/2019 12:00:00 PM,3,2,1
02/04/2019 01:00:00 PM,2,2,0
02/04/2019 02:00:00 PM,3,2,1
02/04/2019 03:00:00 PM,7,5,2
02/04/2019 04:00:00 PM,11,9,2
02/04/2019 05:00:00 PM,10,9,1
02/04/2019 06:00:00 PM,6,5,1
02/04/2019 07:00:00 PM,2,2,0
02/04/2019 08:00:00 PM,0,0,0
02/04/2019 09:00:00 PM,0,0,0
02/04/2019 10:00:00 PM,2,2,0
02/04/2019 11:00:00 PM,1,1,0
02/05/2019 12:00:00 AM,1,1,0
02/05/2019 01:00:00 AM,1,1,0
02/05/2019 02:00:00 AM,0,0,0
02/05/2019 03:00:00 AM,3,3,0
02/05/2019 04:00:00 AM,1,1,0
02/05/2019 05:00:00 AM,3,1,2
02/05/2019 06:00:00 AM,6,2,4
02/05/2019 07:00:00 AM,10,1,9
02/05/2019 08:00:00 AM,14,3,11
02/05/2019 09:00:00 AM,7,0,7
02/05/2019 10:00:00 AM,5,1,4
02/05/2019 11:00:00 AM,1,0,1
02/05/2019 12:00:00 PM,3,1,2
02/05/2019 01:00:00 PM,8,4,4
02/05/2019 02:00:00 PM,6,4,2
02/05/2019 03:00:00 PM,14,9,5
02/05/2019 04:00:00 PM,13,12,1
02/05/2019 05:00:00 PM,16,14,2
02/05/2019 06:00:00 PM,8,6,2
02/05/2019 07:00:00 PM,5,4,1
02/05/2019 08:00:00 PM,2,1,1
02/05/2019 09:00:00 PM,2,0,2
02/05/2019 10:00:00 PM,1,1,0
02/05/2019 11:00:00 PM,0,0,0
02/06/2019 12:00:00 AM,1,0,1
02/06/2019 01:00:00 AM,1,1,0
02/06/2019 02:00:00 AM,2,1,1
02/06/2019 03:00:00 AM,1,1,0
02/06/2019 04:00:00 AM,1,1,0
02/06/2019 05:00:00 AM,5,2,3
02/06/2019 06:00:00 AM,19,3,16
02/06/2019 07:00:00 AM,25,1,24
02/06/2019 08:00:00 AM,32,3,29
02/06/2019 09:00:00 AM,22,3,19
02/06/2019 10:00:00 AM,11,2,9
02/06/2019 11:00:00 AM,2,0,2
02/06/2019 12:00:00 PM,3,0,3
02/06/2019 01:00:00 PM,10,5,5
02/06/2019 02:00:00 PM,12,4,8
02/06/2019 03:00:00 PM,12,8,4
02/06/2019 04:00:00 PM,24,19,5
02/06/2019 05:00:00 PM,50,47,3
02/06/2019 06:00:00 PM,18,17,1
02/06/2019 07:00:00 PM,55,30,25
02/06/2019 08:00:00 PM,7,6,1
02/06/2019 09:00:00 PM,5,5,0
02/06/2019 10:00:00 PM,3,2,1
02/06/2019 11:00:00 PM,0,0,0
02/07/2019 12:00:00 AM,1,1,0
02/07/2019 01:00:00 AM,1,0,1
02/07/2019 02:00:00 AM,4,3,1
02/07/2019 03:00:00 AM,3,2,1
02/07/2019 04:00:00 AM,2,2,0
02/07/2019 05:00:00 AM,10,4,6
02/07/2019 06:00:00 AM,23,3,20
02/07/2019 07:00:00 AM,36,4,32
02/07/2019 08:00:00 AM,59,5,54
02/07/2019 09:00:00 AM,25,4,21
02/07/2019 10:00:00 AM,6,0,6
02/07/2019 11:00:00 AM,4,2,2
02/07/2019 12:00:00 PM,17,5,12
02/07/2019 01:00:00 PM,9,4,5
02/07/2019 02:00:00 PM,13,6,7
02/07/2019 03:00:00 PM,20,16,4
02/07/2019 04:00:00 PM,35,31,4
02/07/2019 05:00:00 PM,66,60,6
02/07/2019 06:00:00 PM,20,20,0
02/07/2019 07:00:00 PM,11,10,1
02/07/2019 08:00:00 PM,6,4,2
02/07/2019 09:00:00 PM,30,17,13
02/07/2019 10:00:00 PM,2,1,1
02/07/2019 11:00:00 PM,0,0,0
02/08/2019 12:00:00 AM,3,2,1
02/08/2019 01:00:00 AM,1,1,0
02/08/2019 02:00:00 AM,2,1,1
02/08/2019 03:00:00 AM,2,2,0
02/08/2019 04:00:00 AM,3,0,3
02/08/2019 05:00:00 AM,12,4,8
02/08/2019 06:00:00 AM,17,3,14
02/08/2019 07:00:00 AM,25,2,23
02/08/2019 08:00:00 AM,40,3,37
02/08/2019 09:00:00 AM,11,2,9
02/08/2019 10:00:00 AM,7,4,3
02/08/2019 11:00:00 AM,5,2,3
02/08/2019 12:00:00 PM,17,15,2
02/08/2019 01:00:00 PM,33,30,3
02/08/2019 02:00:00 PM,30,26,4
02/08/2019 03:00:00 PM,16,15,1
02/08/2019 04:00:00 PM,9,4,5
02/08/2019 05:00:00 PM,7,6,1
02/08/2019 06:00:00 PM,2,2,0
02/08/2019 07:00:00 PM,1,1,0
02/08/2019 08:00:00 PM,1,0,1
02/08/2019 09:00:00 PM,0,0,0
02/08/2019 10:00:00 PM,3,0,3
02/08/2019 11:00:00 PM,0,0,0
02/09/2019 12:00:00 AM,3,3,0
02/09/2019 01:00:00 AM,0,0,0
02/09/2019 02:00:00 AM,1,1,0
02/09/2019 03:00:00 AM,0,0,0
02/09/2019 04:00:00 AM,0,0,0
02/09/2019 05:00:00 AM,0,0,0
02/09/2019 06:00:00 AM,0,0,0
02/09/2019 07:00:00 AM,1,0,1
02/09/2019 08:00:00 AM,0,0,0
02/09/2019 09:00:00 AM,0,0,0
02/09/2019 10:00:00 AM,1,0,1
02/09/2019 11:00:00 AM,23,9,14
02/09/2019 12:00:00 PM,2,1,1
02/09/2019 01:00:00 PM,1,0,1
02/09/2019 02:00:00 PM,0,0,0
02/09/2019 03:00:00 PM,2,1,1
02/09/2019 04:00:00 PM,2,1,1
02/09/2019 05:00:00 PM,2,2,0
02/09/2019 06:00:00 PM,2,2,0
02/09/2019 07:00:00 PM,0,0,0
02/09/2019 08:00:00 PM,0,0,0
02/09/2019 09:00:00 PM,1,0,1
02/09/2019 10:00:00 PM,0,0,0
02/09/2019 11:00:00 PM,2,2,0
02/10/2019 12:00:00 AM,0,0,0
02/10/2019 01:00:00 AM,0,0,0
02/10/2019 02:00:00 AM,0,0,0
02/10/2019 03:00:00 AM,0,0,0
02/10/2019 04:00:00 AM,0,0,0
02/10/2019 05:00:00 AM,1,0,1
02/10/2019 06:00:00 AM,0,0,0
02/10/2019 07:00:00 AM,2,0,2
02/10/2019 08:00:00 AM,0,0,0
02/10/2019 09:00:00 AM,0,0,0
02/10/2019 10:00:00 AM,1,0,1
02/10/2019 11:00:00 AM,0,0,0
02/10/2019 12:00:00 PM,0,0,0
02/10/2019 01:00:00 PM,0,0,0
02/10/2019 02:00:00 PM,1,1,0
02/10/2019 03:00:00 PM,1,0,1
02/10/2019 04:00:00 PM,0,0,0
02/10/2019 05:00:00 PM,1,0,1
02/10/2019 06:00:00 PM,1,1,0
02/10/2019 07:00:00 PM,1,1,0
02/10/2019 08:00:00 PM,0,0,0
02/10/2019 09:00:00 PM,0,0,0
02/10/2019 10:00:00 PM,0,0,0
02/10/2019 11:00:00 PM,0,0,0
02/11/2019 12:00:00 AM,0,0,0
02/11/2019 01:00:00 AM,0,0,0
02/11/2019 02:00:00 AM,0,0,0
02/11/2019 03:00:00 AM,0,0,0
02/11/2019 04:00:00 AM,1,1,0
02/11/2019 05:00:00 AM,5,2,3
02/11/2019 06:00:00 AM,3,1,2
02/11/2019 07:00:00 AM,6,1,5
02/11/2019 08:00:00 AM,36,18,18
02/11/2019 09:00:00 AM,2,0,2
02/11/2019 10:00:00 AM,2,0,2
02/11/2019 11:00:00 AM,1,0,1
02/11/2019 12:00:00 PM,2,1,1
02/11/2019 01:00:00 PM,3,1,2
02/11/2019 02:00:00 PM,3,2,1
02/11/2019 03:00:00 PM,6,4,2
02/11/2019 04:00:00 PM,5,4,1
02/11/2019 05:00:00 PM,43,22,21
02/11/2019 06:00:00 PM,2,2,0
02/11/2019 07:00:00 PM,1,0,1
02/11/2019 08:00:00 PM,1,1,0
02/11/2019 09:00:00 PM,0,0,0
02/11/2019 10:00:00 PM,1,0,1
02/11/2019 11:00:00 PM,1,1,0
02/12/2019 12:00:00 AM,0,0,0
02/12/2019 01:00:00 AM,1,0,1
02/12/2019 02:00:00 AM,1,1,0
02/12/2019 03:00:00 AM,0,0,0
02/12/2019 04:00:00 AM,1,1,0
02/12/2019 05:00:00 AM,2,0,2
02/12/2019 06:00:00 AM,3,0,3
02/12/2019 07:00:00 AM,7,0,7
02/12/2019 08:00:00 AM,10,4,6
02/12/2019 09:00:00 AM,3,1,2
02/12/2019 10:00:00 AM,5,2,3
02/12/2019 11:00:00 AM,1,0,1
02/12/2019 12:00:00 PM,1,0,1
02/12/2019 01:00:00 PM,1,1,0
02/12/2019 02:00:00 PM,3,1,2
02/12/2019 03:00:00 PM,4,2,2
02/12/2019 04:00:00 PM,7,4,3
02/12/2019 05:00:00 PM,14,11,3
02/12/2019 06:00:00 PM,6,5,1
02/12/2019 07:00:00 PM,1,0,1
02/12/2019 08:00:00 PM,1,0,1
02/12/2019 09:00:00 PM,1,1,0
02/12/2019 10:00:00 PM,3,2,1
02/12/2019 11:00:00 PM,0,0,0
02/13/2019 12:00:00 AM,1,0,1
02/13/2019 01:00:00 AM,0,0,0
02/13/2019 02:00:00 AM,1,0,1
02/13/2019 03:00:00 AM,1,1,0
02/13/2019 04:00:00 AM,0,0,0
02/13/2019 05:00:00 AM,2,0,2
02/13/2019 06:00:00 AM,10,2,8
02/13/2019 07:00:00 AM,13,0,13
02/13/2019 08:00:00 AM,22,2,20
02/13/2019 09:00:00 AM,9,2,7
02/13/2019 10:00:00 AM,4,2,2
02/13/2019 11:00:00 AM,5,1,4
02/13/2019 12:00:00 PM,5,1,4
02/13/2019 01:00:00 PM,5,2,3
02/13/2019 02:00:00 PM,4,3,1
02/13/2019 03:00:00 PM,8,7,1
02/13/2019 04:00:00 PM,12,10,2
02/13/2019 05:00:00 PM,28,25,3
02/13/2019 06:00:00 PM,12,8,4
02/13/2019 07:00:00 PM,4,3,1
02/13/2019 08:00:00 PM,4,4,0
02/13/2019 09:00:00 PM,2,1,1
02/13/2019 10:00:00 PM,1,1,0
02/13/2019 11:00:00 PM,0,0,0
02/14/2019 12:00:00 AM,1,0,1
02/14/2019 01:00:00 AM,0,0,0
02/14/2019 02:00:00 AM,2,2,0
02/14/2019 03:00:00 AM,1,1,0
02/14/2019 04:00:00 AM,1,1,0
02/14/2019 05:00:00 AM,5,2,3
02/14/2019 06:00:00 AM,9,1,8
02/14/2019 07:00:00 AM,16,1,15
02/14/2019 08:00:00 AM,31,3,28
02/14/2019 09:00:00 AM,13,1,12
02/14/2019 10:00:00 AM,6,3,3
02/14/2019 11:00:00 AM,0,0,0
02/14/2019 12:00:00 PM,5,1,4
02/14/2019 01:00:00 PM,6,3,3
02/14/2019 02:00:00 PM,7,4,3
02/14/2019 03:00:00 PM,5,3,2
02/14/2019 04:00:00 PM,25,20,5
02/14/2019 05:00:00 PM,34,28,6
02/14/2019 06:00:00 PM,14,13,1
02/14/2019 07:00:00 PM,6,2,4
02/14/2019 08:00:00 PM,2,2,0
02/14/2019 09:00:00 PM,27,14,13
02/14/2019 10:00:00 PM,1,0,1
02/14/2019 11:00:00 PM,3,0,3
02/15/2019 12:00:00 AM,1,0,1
02/15/2019 01:00:00 AM,0,0,0
02/15/2019 02:00:00 AM,2,1,1
02/15/2019 03:00:00 AM,2,1,1
02/15/2019 04:00:00 AM,1,1,0
02/15/2019 05:00:00 AM,8,2,6
02/15/2019 06:00:00 AM,16,4,12
02/15/2019 07:00:00 AM,34,2,32
02/15/2019 08:00:00 AM,58,4,54
02/15/2019 09:00:00 AM,23,7,16
02/15/2019 10:00:00 AM,6,2,4
02/15/2019 11:00:00 AM,3,1,2
02/15/2019 12:00:00 PM,5,2,3
02/15/2019 01:00:00 PM,11,8,3
02/15/2019 02:00:00 PM,9,6,3
02/15/2019 03:00:00 PM,23,21,2
02/15/2019 04:00:00 PM,31,26,5
02/15/2019 05:00:00 PM,38,36,2
02/15/2019 06:00:00 PM,42,38,4
02/15/2019 07:00:00 PM,6,3,3
02/15/2019 08:00:00 PM,2,1,1
02/15/2019 09:00:00 PM,6,4,2
02/15/2019 10:00:00 PM,3,2,1
02/15/2019 11:00:00 PM,3,3,0
02/16/2019 12:00:00 AM,3,1,2
02/16/2019 01:00:00 AM,0,0,0
02/16/2019 02:00:00 AM,0,0,0
02/16/2019 03:00:00 AM,1,1,0
02/16/2019 04:00:00 AM,0,0,0
02/16/2019 05:00:00 AM,0,0,0
02/16/2019 06:00:00 AM,1,0,1
02/16/2019 07:00:00 AM,3,0,3
02/16/2019 08:00:00 AM,10,2,8
02/16/2019 09:00:00 AM,13,3,10
02/16/2019 10:00:00 AM,21,17,4
02/16/2019 11:00:00 AM,33,13,20
02/16/2019 12:00:00 PM,16,11,5
02/16/2019 01:00:00 PM,21,5,16
02/16/2019 02:00:00 PM,20,9,11
02/16/2019 03:00:00 PM,8,5,3
02/16/2019 04:00:00 PM,15,13,2
02/16/2019 05:00:00 PM,3,1,2
02/16/2019 06:00:00 PM,1,0,1
02/16/2019 07:00:00 PM,4,3,1
02/16/2019 08:00:00 PM,1,1,0
02/16/2019 09:00:00 PM,0,0,0
02/16/2019 10:00:00 PM,2,0,2
02/16/2019 11:00:00 PM,4,1,3
02/17/2019 12:00:00 AM,0,0,0
02/17/2019 01:00:00 AM,1,1,0
02/17/2019 02:00:00 AM,0,0,0
02/17/2019 03:00:00 AM,0,0,0
02/17/2019 04:00:00 AM,1,0,1
02/17/2019 05:00:00 AM,1,0,1
02/17/2019 06:00:00 AM,1,0,1
02/17/2019 07:00:00 AM,4,1,3
02/17/2019 08:00:00 AM,9,5,4
02/17/2019 09:00:00 AM,20,5,15
02/17/2019 10:00:00 AM,23,11,12
02/17/2019 11:00:00 AM,28,19,9
02/17/2019 12:00:00 PM,17,7,10
02/17/2019 01:00:00 PM,23,9,14
02/17/2019 02:00:00 PM,18,14,4
02/17/2019 03:00:00 PM,16,10,6
02/17/2019 04:00:00 PM,22,11,11
02/17/2019 05:00:00 PM,25,17,8
02/17/2019 06:00:00 PM,9,5,4
02/17/2019 07:00:00 PM,11,6,5
02/17/2019 08:00:00 PM,0,0,0
02/17/2019 09:00:00 PM,2,1,1
02/17/2019 10:00:00 PM,3,0,3
02/17/2019 11:00:00 PM,0,0,0
02/18/2019 12:00:00 AM,1,1,0
02/18/2019 01:00:00 AM,0,0,0
02/18/2019 02:00:00 AM,0,0,0
02/18/2019 03:00:00 AM,1,1,0
02/18/2019 04:00:00 AM,1,0,1
02/18/2019 05:00:00 AM,10,4,6
02/18/2019 06:00:00 AM,21,6,15
02/18/2019 07:00:00 AM,24,3,21
02/18/2019 08:00:00 AM,61,9,52
02/18/2019 09:00:00 AM,25,5,20
02/18/2019 10:00:00 AM,21,3,18
02/18/2019 11:00:00 AM,19,7,12
02/18/2019 12:00:00 PM,17,9,8
02/18/2019 01:00:00 PM,17,7,10
02/18/2019 02:00:00 PM,23,11,12
02/18/2019 03:00:00 PM,34,22,12
02/18/2019 04:00:00 PM,49,35,14
02/18/2019 05:00:00 PM,52,48,4
02/18/2019 06:00:00 PM,46,37,9
02/18/2019 07:00:00 PM,10,8,2
02/18/2019 08:00:00 PM,5,5,0
02/18/2019 09:00:00 PM,4,3,1
02/18/2019 10:00:00 PM,3,2,1
02/18/2019 11:00:00 PM,2,2,0
02/19/2019 12:00:00 AM,1,1,0
02/19/2019 01:00:00 AM,0,0,0
02/19/2019 02:00:00 AM,3,1,2
02/19/2019 03:00:00 AM,1,1,0
02/19/2019 04:00:00 AM,2,0,2
02/19/2019 05:00:00 AM,15,1,14
02/19/2019 06:00:00 AM,54,12,42
02/19/2019 07:00:00 AM,80,6,74
02/19/2019 08:00:00 AM,83,7,76
02/19/2019 09:00:00 AM,40,4,36
02/19/2019 10:00:00 AM,14,6,8
02/19/2019 11:00:00 AM,10,2,8
02/19/2019 12:00:00 PM,6,3,3
02/19/2019 01:00:00 PM,9,3,6
02/19/2019 02:00:00 PM,10,8,2
02/19/2019 03:00:00 PM,30,21,9
02/19/2019 04:00:00 PM,45,39,6
02/19/2019 05:00:00 PM,101,96,5
02/19/2019 06:00:00 PM,50,46,4
02/19/2019 07:00:00 PM,20,15,5
02/19/2019 08:00:00 PM,3,3,0
02/19/2019 09:00:00 PM,10,7,3
02/19/2019 10:00:00 PM,6,4,2
02/19/2019 11:00:00 PM,3,2,1
02/20/2019 12:00:00 AM,0,0,0
02/20/2019 01:00:00 AM,1,1,0
02/20/2019 02:00:00 AM,2,1,1
02/20/2019 03:00:00 AM,0,0,0
02/20/2019 04:00:00 AM,4,1,3
02/20/2019 05:00:00 AM,13,2,11
02/20/2019 06:00:00 AM,40,6,34
02/20/2019 07:00:00 AM,67,3,64
02/20/2019 08:00:00 AM,102,9,93
02/20/2019 09:00:00 AM,37,6,31
02/20/2019 10:00:00 AM,16,5,11
02/20/2019 11:00:00 AM,8,1,7
02/20/2019 12:00:00 PM,13,5,8
02/20/2019 01:00:00 PM,8,5,3
02/20/2019 02:00:00 PM,16,8,8
02/20/2019 03:00:00 PM,28,18,10
02/20/2019 04:00:00 PM,69,56,13
02/20/2019 05:00:00 PM,107,97,10
02/20/2019 06:00:00 PM,56,49,7
02/20/2019 07:00:00 PM,20,16,4
02/20/2019 08:00:00 PM,17,16,1
02/20/2019 09:00:00 PM,12,10,2
02/20/2019 10:00:00 PM,4,3,1
02/20/2019 11:00:00 PM,4,4,0
02/21/2019 12:00:00 AM,2,1,1
02/21/2019 01:00:00 AM,1,1,0
02/21/2019 02:00:00 AM,2,1,1
02/21/2019 03:00:00 AM,3,1,2
02/21/2019 04:00:00 AM,7,2,5
02/21/2019 05:00:00 AM,14,1,13
02/21/2019 06:00:00 AM,35,4,31
02/21/2019 07:00:00 AM,87,9,78
02/21/2019 08:00:00 AM,94,6,88
02/21/2019 09:00:00 AM,46,8,38
02/21/2019 10:00:00 AM,23,4,19
02/21/2019 11:00:00 AM,22,7,15
02/21/2019 12:00:00 PM,28,9,19
02/21/2019 01:00:00 PM,32,18,14
02/21/2019 02:00:00 PM,25,10,15
02/21/2019 03:00:00 PM,29,24,5
02/21/2019 04:00:00 PM,68,60,8
02/21/2019 05:00:00 PM,124,102,22
02/21/2019 06:00:00 PM,63,52,11
02/21/2019 07:00:00 PM,24,21,3
02/21/2019 08:00:00 PM,11,8,3
02/21/2019 09:00:00 PM,9,9,0
02/21/2019 10:00:00 PM,5,5,0
02/21/2019 11:00:00 PM,2,2,0
02/22/2019 12:00:00 AM,3,1,2
02/22/2019 01:00:00 AM,0,0,0
02/22/2019 02:00:00 AM,1,1,0
02/22/2019 03:00:00 AM,2,1,1
02/22/2019 04:00:00 AM,3,2,1
02/22/2019 05:00:00 AM,10,1,9
02/22/2019 06:00:00 AM,32,5,27
02/22/2019 07:00:00 AM,63,5,58
02/22/2019 08:00:00 AM,67,5,62
02/22/2019 09:00:00 AM,26,3,23
02/22/2019 10:00:00 AM,7,2,5
02/22/2019 11:00:00 AM,6,1,5
02/22/2019 12:00:00 PM,5,3,2
02/22/2019 01:00:00 PM,5,4,1
02/22/2019 02:00:00 PM,13,5,8
02/22/2019 03:00:00 PM,24,16,8
02/22/2019 04:00:00 PM,41,36,5
02/22/2019 05:00:00 PM,58,50,8
02/22/2019 06:00:00 PM,39,35,4
02/22/2019 07:00:00 PM,17,15,2
02/22/2019 08:00:00 PM,3,3,0
02/22/2019 09:00:00 PM,11,6,5
02/22/2019 10:00:00 PM,4,2,2
02/22/2019 11:00:00 PM,2,2,0
02/23/2019 12:00:00 AM,0,0,0
02/23/2019 01:00:00 AM,3,3,0
02/23/2019 02:00:00 AM,1,1,0
02/23/2019 03:00:00 AM,4,2,2
02/23/2019 04:00:00 AM,2,0,2
02/23/2019 05:00:00 AM,3,2,1
02/23/2019 06:00:00 AM,3,1,2
02/23/2019 07:00:00 AM,6,1,5
02/23/2019 08:00:00 AM,16,5,11
02/23/2019 09:00:00 AM,8,3,5
02/23/2019 10:00:00 AM,14,5,9
02/23/2019 11:00:00 AM,27,20,7
02/23/2019 12:00:00 PM,27,10,17
02/23/2019 01:00:00 PM,17,9,8
02/23/2019 02:00:00 PM,23,11,12
02/23/2019 03:00:00 PM,11,7,4
02/23/2019 04:00:00 PM,18,10,8
02/23/2019 05:00:00 PM,9,7,2
02/23/2019 06:00:00 PM,10,2,8
02/23/2019 07:00:00 PM,4,2,2
02/23/2019 08:00:00 PM,4,4,0
02/23/2019 09:00:00 PM,3,2,1
02/23/2019 10:00:00 PM,1,1,0
02/23/2019 11:00:00 PM,0,0,0
02/24/2019 12:00:00 AM,2,1,1
02/24/2019 01:00:00 AM,0,0,0
02/24/2019 02:00:00 AM,0,0,0
02/24/2019 03:00:00 AM,1,0,1
02/24/2019 04:00:00 AM,0,0,0
02/24/2019 05:00:00 AM,4,1,3
02/24/2019 06:00:00 AM,3,0,3
02/24/2019 07:00:00 AM,23,0,23
02/24/2019 08:00:00 AM,25,6,19
02/24/2019 09:00:00 AM,13,4,9
02/24/2019 10:00:00 AM,17,6,11
02/24/2019 11:00:00 AM,23,8,15
02/24/2019 12:00:00 PM,33,15,18
02/24/2019 01:00:00 PM,27,14,13
02/24/2019 02:00:00 PM,22,11,11
02/24/2019 03:00:00 PM,30,20,10
02/24/2019 04:00:00 PM,27,19,8
02/24/2019 05:00:00 PM,32,18,14
02/24/2019 06:00:00 PM,23,15,8
02/24/2019 07:00:00 PM,10,7,3
02/24/2019 08:00:00 PM,1,1,0
02/24/2019 09:00:00 PM,2,2,0
02/24/2019 10:00:00 PM,3,1,2
02/24/2019 11:00:00 PM,3,2,1
02/25/2019 12:00:00 AM,1,1,0
02/25/2019 01:00:00 AM,0,0,0
02/25/2019 02:00:00 AM,2,2,0
02/25/2019 03:00:00 AM,1,0,1
02/25/2019 04:00:00 AM,1,0,1
02/25/2019 05:00:00 AM,11,3,8
02/25/2019 06:00:00 AM,53,4,49
02/25/2019 07:00:00 AM,98,7,91
02/25/2019 08:00:00 AM,99,3,96
02/25/2019 09:00:00 AM,45,4,41
02/25/2019 10:00:00 AM,16,6,10
02/25/2019 11:00:00 AM,10,5,5
02/25/2019 12:00:00 PM,16,5,11
02/25/2019 01:00:00 PM,6,5,1
02/25/2019 02:00:00 PM,22,11,11
02/25/2019 03:00:00 PM,36,28,8
02/25/2019 04:00:00 PM,64,59,5
02/25/2019 05:00:00 PM,124,119,5
02/25/2019 06:00:00 PM,60,57,3
02/25/2019 07:00:00 PM,20,17,3
02/25/2019 08:00:00 PM,16,12,4
02/25/2019 09:00:00 PM,7,4,3
02/25/2019 10:00:00 PM,5,3,2
02/25/2019 11:00:00 PM,2,2,0
02/26/2019 12:00:00 AM,1,0,1
02/26/2019 01:00:00 AM,0,0,0
02/26/2019 02:00:00 AM,3,2,1
02/26/2019 03:00:00 AM,0,0,0
02/26/2019 04:00:00 AM,4,1,3
02/26/2019 05:00:00 AM,22,4,18
02/26/2019 06:00:00 AM,48,3,45
02/26/2019 07:00:00 AM,105,9,96
02/26/2019 08:00:00 AM,81,5,76
02/26/2019 09:00:00 AM,69,6,63
02/26/2019 10:00:00 AM,27,7,20
02/26/2019 11:00:00 AM,21,9,12
02/26/2019 12:00:00 PM,17,7,10
02/26/2019 01:00:00 PM,13,7,6
02/26/2019 02:00:00 PM,16,7,9
02/26/2019 03:00:00 PM,41,29,12
02/26/2019 04:00:00 PM,70,60,10
02/26/2019 05:00:00 PM,135,122,13
02/26/2019 06:00:00 PM,81,69,12
02/26/2019 07:00:00 PM,33,26,7
02/26/2019 08:00:00 PM,9,9,0
02/26/2019 09:00:00 PM,10,8,2
02/26/2019 10:00:00 PM,6,6,0
02/26/2019 11:00:00 PM,2,2,0
02/27/2019 12:00:00 AM,2,1,1
02/27/2019 01:00:00 AM,1,0,1
02/27/2019 02:00:00 AM,1,1,0
02/27/2019 03:00:00 AM,1,0,1
02/27/2019 04:00:00 AM,2,1,1
02/27/2019 05:00:00 AM,17,2,15
02/27/2019 06:00:00 AM,47,5,42
02/27/2019 07:00:00 AM,89,6,83
02/27/2019 08:00:00 AM,88,4,84
02/27/2019 09:00:00 AM,40,5,35
02/27/2019 10:00:00 AM,15,4,11
02/27/2019 11:00:00 AM,11,4,7
02/27/2019 12:00:00 PM,17,7,10
02/27/2019 01:00:00 PM,11,6,5
02/27/2019 02:00:00 PM,16,9,7
02/27/2019 03:00:00 PM,23,20,3
02/27/2019 04:00:00 PM,58,52,6
02/27/2019 05:00:00 PM,118,109,9
02/27/2019 06:00:00 PM,63,53,10
02/27/2019 07:00:00 PM,31,26,5
02/27/2019 08:00:00 PM,19,17,2
02/27/2019 09:00:00 PM,5,5,0
02/27/2019 10:00:00 PM,7,6,1
02/27/2019 11:00:00 PM,2,2,0
02/28/2019 12:00:00 AM,3,2,1
02/28/2019 01:00:00 AM,0,0,0
02/28/2019 02:00:00 AM,2,2,0
02/28/2019 03:00:00 AM,5,2,3
02/28/2019 04:00:00 AM,6,2,4
02/28/2019 05:00:00 AM,18,1,17
02/28/2019 06:00:00 AM,39,6,33
02/28/2019 07:00:00 AM,101,11,90
02/28/2019 08:00:00 AM,97,7,90
02/28/2019 09:00:00 AM,41,5,36
02/28/2019 10:00:00 AM,12,1,11
02/28/2019 11:00:00 AM,15,7,8
02/28/2019 12:00:00 PM,21,4,17
02/28/2019 01:00:00 PM,13,8,5
02/28/2019 02:00:00 PM,31,13,18
02/28/2019 03:00:00 PM,28,22,6
02/28/2019 04:00:00 PM,64,49,15
02/28/2019 05:00:00 PM,120,104,16
02/28/2019 06:00:00 PM,79,69,10
02/28/2019 07:00:00 PM,32,28,4
02/28/2019 08:00:00 PM,13,9,4
02/28/2019 09:00:00 PM,28,16,12
02/28/2019 10:00:00 PM,2,2,0
02/28/2019 11:00:00 PM,4,3,1
03/01/2019 12:00:00 AM,3,2,1
03/01/2019 01:00:00 AM,0,0,0
03/01/2019 02:00:00 AM,3,1,2
03/01/2019 03:00:00 AM,1,1,0
03/01/2019 04:00:00 AM,4,1,3
03/01/2019 05:00:00 AM,16,2,14
03/01/2019 06:00:00 AM,36,4,32
03/01/2019 07:00:00 AM,82,9,73
03/01/2019 08:00:00 AM,86,6,80
03/01/2019 09:00:00 AM,50,12,38
03/01/2019 10:00:00 AM,17,4,13
03/01/2019 11:00:00 AM,24,6,18
03/01/2019 12:00:00 PM,17,6,11
03/01/2019 01:00:00 PM,13,7,6
03/01/2019 02:00:00 PM,28,16,12
03/01/2019 03:00:00 PM,40,31,9
03/01/2019 04:00:00 PM,69,57,12
03/01/2019 05:00:00 PM,119,99,20
03/01/2019 06:00:00 PM,46,39,7
03/01/2019 07:00:00 PM,20,16,4
03/01/2019 08:00:00 PM,8,7,1
03/01/2019 09:00:00 PM,5,4,1
03/01/2019 10:00:00 PM,4,3,1
03/01/2019 11:00:00 PM,1,1,0
03/02/2019 12:00:00 AM,5,4,1
03/02/2019 01:00:00 AM,2,2,0
03/02/2019 02:00:00 AM,3,2,1
03/02/2019 03:00:00 AM,3,2,1
03/02/2019 04:00:00 AM,0,0,0
03/02/2019 05:00:00 AM,2,1,1
03/02/2019 06:00:00 AM,7,4,3
03/02/2019 07:00:00 AM,24,15,9
03/02/2019 08:00:00 AM,33,27,6
03/02/2019 09:00:00 AM,22,10,12
03/02/2019 10:00:00 AM,70,35,35
03/02/2019 11:00:00 AM,45,14,31
03/02/2019 12:00:00 PM,40,25,15
03/02/2019 01:00:00 PM,58,20,38
03/02/2019 02:00:00 PM,67,34,33
03/02/2019 03:00:00 PM,48,16,32
03/02/2019 04:00:00 PM,48,28,20
03/02/2019 05:00:00 PM,30,17,13
03/02/2019 06:00:00 PM,16,7,9
03/02/2019 07:00:00 PM,2,1,1
03/02/2019 08:00:00 PM,4,3,1
03/02/2019 09:00:00 PM,8,4,4
03/02/2019 10:00:00 PM,4,3,1
03/02/2019 11:00:00 PM,1,1,0
03/03/2019 12:00:00 AM,1,1,0
03/03/2019 01:00:00 AM,4,3,1
03/03/2019 02:00:00 AM,3,3,0
03/03/2019 03:00:00 AM,1,0,1
03/03/2019 04:00:00 AM,0,0,0
03/03/2019 05:00:00 AM,4,1,3
03/03/2019 06:00:00 AM,4,2,2
03/03/2019 07:00:00 AM,10,3,7
03/03/2019 08:00:00 AM,11,3,8
03/03/2019 09:00:00 AM,24,11,13
03/03/2019 10:00:00 AM,37,18,19
03/03/2019 11:00:00 AM,36,19,17
03/03/2019 12:00:00 PM,60,29,31
03/03/2019 01:00:00 PM,62,30,32
03/03/2019 02:00:00 PM,46,22,24
03/03/2019 03:00:00 PM,55,22,33
03/03/2019 04:00:00 PM,44,21,23
03/03/2019 05:00:00 PM,18,9,9
03/03/2019 06:00:00 PM,15,8,7
03/03/2019 07:00:00 PM,12,9,3
03/03/2019 08:00:00 PM,9,4,5
03/03/2019 09:00:00 PM,2,1,1
03/03/2019 10:00:00 PM,4,3,1
03/03/2019 11:00:00 PM,1,1,0
03/04/2019 12:00:00 AM,3,1,2
03/04/2019 01:00:00 AM,0,0,0
03/04/2019 02:00:00 AM,0,0,0
03/04/2019 03:00:00 AM,0,0,0
03/04/2019 04:00:00 AM,1,0,1
03/04/2019 05:00:00 AM,11,2,9
03/04/2019 06:00:00 AM,54,11,43
03/04/2019 07:00:00 AM,121,11,110
03/04/2019 08:00:00 AM,120,10,110
03/04/2019 09:00:00 AM,31,2,29
03/04/2019 10:00:00 AM,18,5,13
03/04/2019 11:00:00 AM,18,5,13
03/04/2019 12:00:00 PM,11,2,9
03/04/2019 01:00:00 PM,13,6,7
03/04/2019 02:00:00 PM,15,8,7
03/04/2019 03:00:00 PM,36,26,10
03/04/2019 04:00:00 PM,100,83,17
03/04/2019 05:00:00 PM,135,126,9
03/04/2019 06:00:00 PM,66,56,10
03/04/2019 07:00:00 PM,29,22,7
03/04/2019 08:00:00 PM,13,10,3
03/04/2019 09:00:00 PM,9,7,2
03/04/2019 10:00:00 PM,4,3,1
03/04/2019 11:00:00 PM,2,1,1
03/05/2019 12:00:00 AM,1,1,0
03/05/2019 01:00:00 AM,0,0,0
03/05/2019 02:00:00 AM,1,0,1
03/05/2019 03:00:00 AM,2,1,1
03/05/2019 04:00:00 AM,2,0,2
03/05/2019 05:00:00 AM,16,2,14
03/05/2019 06:00:00 AM,55,11,44
03/05/2019 07:00:00 AM,129,9,120
03/05/2019 08:00:00 AM,121,6,115
03/05/2019 09:00:00 AM,36,5,31
03/05/2019 10:00:00 AM,14,6,8
03/05/2019 11:00:00 AM,15,7,8
03/05/2019 12:00:00 PM,22,8,14
03/05/2019 01:00:00 PM,31,12,19
03/05/2019 02:00:00 PM,18,11,7
03/05/2019 03:00:00 PM,39,22,17
03/05/2019 04:00:00 PM,78,65,13
03/05/2019 05:00:00 PM,143,129,14
03/05/2019 06:00:00 PM,95,79,16
03/05/2019 07:00:00 PM,27,23,4
03/05/2019 08:00:00 PM,16,10,6
03/05/2019 09:00:00 PM,9,7,2
03/05/2019 10:00:00 PM,0,0,0
03/05/2019 11:00:00 PM,4,2,2
03/06/2019 12:00:00 AM,1,1,0
03/06/2019 01:00:00 AM,1,1,0
03/06/2019 02:00:00 AM,2,0,2
03/06/2019 03:00:00 AM,0,0,0
03/06/2019 04:00:00 AM,2,1,1
03/06/2019 05:00:00 AM,18,3,15
03/06/2019 06:00:00 AM,52,9,43
03/06/2019 07:00:00 AM,86,5,81
03/06/2019 08:00:00 AM,96,3,93
03/06/2019 09:00:00 AM,30,6,24
03/06/2019 10:00:00 AM,9,3,6
03/06/2019 11:00:00 AM,10,2,8
03/06/2019 12:00:00 PM,6,3,3
03/06/2019 01:00:00 PM,5,3,2
03/06/2019 02:00:00 PM,7,2,5
03/06/2019 03:00:00 PM,14,9,5
03/06/2019 04:00:00 PM,52,44,8
03/06/2019 05:00:00 PM,90,86,4
03/06/2019 06:00:00 PM,76,65,11
03/06/2019 07:00:00 PM,19,17,2
03/06/2019 08:00:00 PM,9,9,0
03/06/2019 09:00:00 PM,6,5,1
03/06/2019 10:00:00 PM,3,1,2
03/06/2019 11:00:00 PM,1,1,0
03/07/2019 12:00:00 AM,2,1,1
03/07/2019 01:00:00 AM,0,0,0
03/07/2019 02:00:00 AM,1,0,1
03/07/2019 03:00:00 AM,2,2,0
03/07/2019 04:00:00 AM,3,1,2
03/07/2019 05:00:00 AM,22,8,14
03/07/2019 06:00:00 AM,23,3,20
03/07/2019 07:00:00 AM,32,5,27
03/07/2019 08:00:00 AM,36,3,33
03/07/2019 09:00:00 AM,20,0,20
03/07/2019 10:00:00 AM,6,2,4
03/07/2019 11:00:00 AM,11,2,9
03/07/2019 12:00:00 PM,8,2,6
03/07/2019 01:00:00 PM,3,1,2
03/07/2019 02:00:00 PM,9,6,3
03/07/2019 03:00:00 PM,17,13,4
03/07/2019 04:00:00 PM,26,20,6
03/07/2019 05:00:00 PM,66,54,12
03/07/2019 06:00:00 PM,40,32,8
03/07/2019 07:00:00 PM,17,14,3
03/07/2019 08:00:00 PM,9,7,2
03/07/2019 09:00:00 PM,8,5,3
03/07/2019 10:00:00 PM,3,2,1
03/07/2019 11:00:00 PM,1,1,0
03/08/2019 12:00:00 AM,3,1,2
03/08/2019 01:00:00 AM,0,0,0
03/08/2019 02:00:00 AM,1,1,0
03/08/2019 03:00:00 AM,1,0,1
03/08/2019 04:00:00 AM,3,0,3
03/08/2019 05:00:00 AM,15,4,11
03/08/2019 06:00:00 AM,51,4,47
03/08/2019 07:00:00 AM,69,9,60
03/08/2019 08:00:00 AM,61,5,56
03/08/2019 09:00:00 AM,17,2,15
03/08/2019 10:00:00 AM,11,1,10
03/08/2019 11:00:00 AM,11,3,8
03/08/2019 12:00:00 PM,9,5,4
03/08/2019 01:00:00 PM,9,6,3
03/08/2019 02:00:00 PM,11,7,4
03/08/2019 03:00:00 PM,27,22,5
03/08/2019 04:00:00 PM,43,34,9
03/08/2019 05:00:00 PM,84,75,9
03/08/2019 06:00:00 PM,43,41,2
03/08/2019 07:00:00 PM,9,7,2
03/08/2019 08:00:00 PM,11,9,2
03/08/2019 09:00:00 PM,3,2,1
03/08/2019 10:00:00 PM,1,1,0
03/08/2019 11:00:00 PM,1,1,0
03/09/2019 12:00:00 AM,3,2,1
03/09/2019 01:00:00 AM,2,2,0
03/09/2019 02:00:00 AM,0,0,0
03/09/2019 03:00:00 AM,3,2,1
03/09/2019 04:00:00 AM,0,0,0
03/09/2019 05:00:00 AM,3,1,2
03/09/2019 06:00:00 AM,4,0,4
03/09/2019 07:00:00 AM,5,1,4
03/09/2019 08:00:00 AM,13,2,11
03/09/2019 09:00:00 AM,16,7,9
03/09/2019 10:00:00 AM,28,11,17
03/09/2019 11:00:00 AM,43,23,20
03/09/2019 12:00:00 PM,76,32,44
03/09/2019 01:00:00 PM,53,28,25
03/09/2019 02:00:00 PM,54,28,26
03/09/2019 03:00:00 PM,41,26,15
03/09/2019 04:00:00 PM,48,22,26
03/09/2019 05:00:00 PM,27,10,17
03/09/2019 06:00:00 PM,3,2,1
03/09/2019 07:00:00 PM,6,5,1
03/09/2019 08:00:00 PM,6,2,4
03/09/2019 09:00:00 PM,6,4,2
03/09/2019 10:00:00 PM,3,1,2
03/09/2019 11:00:00 PM,4,3,1
03/10/2019 12:00:00 AM,2,2,0
03/10/2019 01:00:00 AM,1,1,0
03/10/2019 02:00:00 AM,,,
03/10/2019 03:00:00 AM,2,1,1
03/10/2019 04:00:00 AM,1,0,1
03/10/2019 05:00:00 AM,3,2,1
03/10/2019 06:00:00 AM,8,3,5
03/10/2019 07:00:00 AM,4,1,3
03/10/2019 08:00:00 AM,25,17,8
03/10/2019 09:00:00 AM,17,7,10
03/10/2019 10:00:00 AM,19,5,14
03/10/2019 11:00:00 AM,38,23,15
03/10/2019 12:00:00 PM,41,27,14
03/10/2019 01:00:00 PM,62,22,40
03/10/2019 02:00:00 PM,63,24,39
03/10/2019 03:00:00 PM,69,37,32
03/10/2019 04:00:00 PM,53,26,27
03/10/2019 05:00:00 PM,62,29,33
03/10/2019 06:00:00 PM,13,4,9
03/10/2019 07:00:00 PM,12,7,5
03/10/2019 08:00:00 PM,2,1,1
03/10/2019 09:00:00 PM,10,5,5
03/10/2019 10:00:00 PM,2,2,0
03/10/2019 11:00:00 PM,2,2,0
03/11/2019 12:00:00 AM,1,1,0
03/11/2019 01:00:00 AM,3,2,1
03/11/2019 02:00:00 AM,0,0,0
03/11/2019 03:00:00 AM,0,0,0
03/11/2019 04:00:00 AM,0,0,0
03/11/2019 05:00:00 AM,10,2,8
03/11/2019 06:00:00 AM,53,6,47
03/11/2019 07:00:00 AM,99,9,90
03/11/2019 08:00:00 AM,127,10,117
03/11/2019 09:00:00 AM,45,3,42
03/11/2019 10:00:00 AM,20,5,15
03/11/2019 11:00:00 AM,11,3,8
03/11/2019 12:00:00 PM,19,7,12
03/11/2019 01:00:00 PM,18,8,10
03/11/2019 02:00:00 PM,26,11,15
03/11/2019 03:00:00 PM,47,39,8
03/11/2019 04:00:00 PM,75,63,12
03/11/2019 05:00:00 PM,138,121,17
03/11/2019 06:00:00 PM,67,62,5
03/11/2019 07:00:00 PM,27,24,3
03/11/2019 08:00:00 PM,12,8,4
03/11/2019 09:00:00 PM,7,4,3
03/11/2019 10:00:00 PM,2,1,1
03/11/2019 11:00:00 PM,2,1,1
03/12/2019 12:00:00 AM,0,0,0
03/12/2019 01:00:00 AM,0,0,0
03/12/2019 02:00:00 AM,1,0,1
03/12/2019 03:00:00 AM,0,0,0
03/12/2019 04:00:00 AM,0,0,0
03/12/2019 05:00:00 AM,15,3,12
03/12/2019 06:00:00 AM,50,7,43
03/12/2019 07:00:00 AM,75,2,73
03/12/2019 08:00:00 AM,93,5,88
03/12/2019 09:00:00 AM,28,2,26
03/12/2019 10:00:00 AM,18,3,15
03/12/2019 11:00:00 AM,18,9,9
03/12/2019 12:00:00 PM,12,4,8
03/12/2019 01:00:00 PM,7,3,4
03/12/2019 02:00:00 PM,6,3,3
03/12/2019 03:00:00 PM,17,15,2
03/12/2019 04:00:00 PM,57,48,9
03/12/2019 05:00:00 PM,103,96,7
03/12/2019 06:00:00 PM,77,68,9
03/12/2019 07:00:00 PM,30,24,6
03/12/2019 08:00:00 PM,10,8,2
03/12/2019 09:00:00 PM,5,5,0
03/12/2019 10:00:00 PM,4,3,1
03/12/2019 11:00:00 PM,4,3,1
03/13/2019 12:00:00 AM,1,1,0
03/13/2019 01:00:00 AM,1,1,0
03/13/2019 02:00:00 AM,1,0,1
03/13/2019 03:00:00 AM,2,1,1
03/13/2019 04:00:00 AM,3,1,2
03/13/2019 05:00:00 AM,18,3,15
03/13/2019 06:00:00 AM,67,14,53
03/13/2019 07:00:00 AM,104,12,92
03/13/2019 08:00:00 AM,120,6,114
03/13/2019 09:00:00 AM,39,1,38
03/13/2019 10:00:00 AM,17,3,14
03/13/2019 11:00:00 AM,16,5,11
03/13/2019 12:00:00 PM,20,7,13
03/13/2019 01:00:00 PM,15,7,8
03/13/2019 02:00:00 PM,34,14,20
03/13/2019 03:00:00 PM,35,26,9
03/13/2019 04:00:00 PM,70,56,14
03/13/2019 05:00:00 PM,147,133,14
03/13/2019 06:00:00 PM,115,99,16
03/13/2019 07:00:00 PM,36,27,9
03/13/2019 08:00:00 PM,23,17,6
03/13/2019 09:00:00 PM,10,8,2
03/13/2019 10:00:00 PM,4,3,1
03/13/2019 11:00:00 PM,4,3,1
03/14/2019 12:00:00 AM,2,2,0
03/14/2019 01:00:00 AM,0,0,0
03/14/2019 02:00:00 AM,2,2,0
03/14/2019 03:00:00 AM,6,4,2
03/14/2019 04:00:00 AM,2,1,1
03/14/2019 05:00:00 AM,19,3,16
03/14/2019 06:00:00 AM,58,11,47
03/14/2019 07:00:00 AM,102,10,92
03/14/2019 08:00:00 AM,124,10,114
03/14/2019 09:00:00 AM,45,7,38
03/14/2019 10:00:00 AM,20,5,15
03/14/2019 11:00:00 AM,10,4,6
03/14/2019 12:00:00 PM,23,8,15
03/14/2019 01:00:00 PM,16,3,13
03/14/2019 02:00:00 PM,17,7,10
03/14/2019 03:00:00 PM,43,34,9
03/14/2019 04:00:00 PM,71,59,12
03/14/2019 05:00:00 PM,151,135,16
03/14/2019 06:00:00 PM,97,84,13
03/14/2019 07:00:00 PM,27,23,4
03/14/2019 08:00:00 PM,12,10,2
03/14/2019 09:00:00 PM,8,6,2
03/14/2019 10:00:00 PM,3,2,1
03/14/2019 11:00:00 PM,9,6,3
03/15/2019 12:00:00 AM,6,4,2
03/15/2019 01:00:00 AM,0,0,0
03/15/2019 02:00:00 AM,2,2,0
03/15/2019 03:00:00 AM,4,2,2
03/15/2019 04:00:00 AM,2,1,1
03/15/2019 05:00:00 AM,19,3,16
03/15/2019 06:00:00 AM,44,11,33
03/15/2019 07:00:00 AM,77,15,62
03/15/2019 08:00:00 AM,113,9,104
03/15/2019 09:00:00 AM,44,2,42
03/15/2019 10:00:00 AM,23,6,17
03/15/2019 11:00:00 AM,18,7,11
03/15/2019 12:00:00 PM,17,7,10
03/15/2019 01:00:00 PM,25,12,13
03/15/2019 02:00:00 PM,24,11,13
03/15/2019 03:00:00 PM,61,41,20
03/15/2019 04:00:00 PM,96,71,25
03/15/2019 05:00:00 PM,134,114,20
03/15/2019 06:00:00 PM,75,62,13
03/15/2019 07:00:00 PM,26,22,4
03/15/2019 08:00:00 PM,11,8,3
03/15/2019 09:00:00 PM,4,3,1
03/15/2019 10:00:00 PM,3,2,1
03/15/2019 11:00:00 PM,5,4,1
03/16/2019 12:00:00 AM,5,4,1
03/16/2019 01:00:00 AM,2,2,0
03/16/2019 02:00:00 AM,5,1,4
03/16/2019 03:00:00 AM,0,0,0
03/16/2019 04:00:00 AM,1,0,1
03/16/2019 05:00:00 AM,2,1,1
03/16/2019 06:00:00 AM,6,1,5
03/16/2019 07:00:00 AM,9,2,7
03/16/2019 08:00:00 AM,32,9,23
03/16/2019 09:00:00 AM,35,19,16
03/16/2019 10:00:00 AM,24,10,14
03/16/2019 11:00:00 AM,52,26,26
03/16/2019 12:00:00 PM,57,21,36
03/16/2019 01:00:00 PM,70,33,37
03/16/2019 02:00:00 PM,64,31,33
03/16/2019 03:00:00 PM,49,24,25
03/16/2019 04:00:00 PM,50,28,22
03/16/2019 05:00:00 PM,40,18,22
03/16/2019 06:00:00 PM,24,13,11
03/16/2019 07:00:00 PM,16,8,8
03/16/2019 08:00:00 PM,7,3,4
03/16/2019 09:00:00 PM,7,6,1
03/16/2019 10:00:00 PM,9,9,0
03/16/2019 11:00:00 PM,2,1,1
03/17/2019 12:00:00 AM,8,6,2
03/17/2019 01:00:00 AM,4,2,2
03/17/2019 02:00:00 AM,2,2,0
03/17/2019 03:00:00 AM,3,3,0
03/17/2019 04:00:00 AM,0,0,0
03/17/2019 05:00:00 AM,6,3,3
03/17/2019 06:00:00 AM,3,1,2
03/17/2019 07:00:00 AM,6,2,4
03/17/2019 08:00:00 AM,18,6,12
03/17/2019 09:00:00 AM,31,15,16
03/17/2019 10:00:00 AM,38,16,22
03/17/2019 11:00:00 AM,70,40,30
03/17/2019 12:00:00 PM,92,47,45
03/17/2019 01:00:00 PM,98,53,45
03/17/2019 02:00:00 PM,94,45,49
03/17/2019 03:00:00 PM,82,37,45
03/17/2019 04:00:00 PM,54,25,29
03/17/2019 05:00:00 PM,45,22,23
03/17/2019 06:00:00 PM,25,12,13
03/17/2019 07:00:00 PM,15,11,4
03/17/2019 08:00:00 PM,6,3,3
03/17/2019 09:00:00 PM,6,2,4
03/17/2019 10:00:00 PM,5,3,2
03/17/2019 11:00:00 PM,2,2,0
03/18/2019 12:00:00 AM,0,0,0
03/18/2019 01:00:00 AM,3,2,1
03/18/2019 02:00:00 AM,3,2,1
03/18/2019 03:00:00 AM,0,0,0
03/18/2019 04:00:00 AM,3,0,3
03/18/2019 05:00:00 AM,24,2,22
03/18/2019 06:00:00 AM,77,16,61
03/18/2019 07:00:00 AM,143,12,131
03/18/2019 08:00:00 AM,165,13,152
03/18/2019 09:00:00 AM,76,9,67
03/18/2019 10:00:00 AM,27,6,21
03/18/2019 11:00:00 AM,21,9,12
03/18/2019 12:00:00 PM,33,15,18
03/18/2019 01:00:00 PM,32,14,18
03/18/2019 02:00:00 PM,50,27,23
03/18/2019 03:00:00 PM,67,49,18
03/18/2019 04:00:00 PM,130,103,27
03/18/2019 05:00:00 PM,199,174,25
03/18/2019 06:00:00 PM,121,97,24
03/18/2019 07:00:00 PM,58,46,12
03/18/2019 08:00:00 PM,25,15,10
03/18/2019 09:00:00 PM,13,6,7
03/18/2019 10:00:00 PM,6,5,1
03/18/2019 11:00:00 PM,5,4,1
03/19/2019 12:00:00 AM,1,1,0
03/19/2019 01:00:00 AM,0,0,0
03/19/2019 02:00:00 AM,1,0,1
03/19/2019 03:00:00 AM,3,3,0
03/19/2019 04:00:00 AM,10,3,7
03/19/2019 05:00:00 AM,30,6,24
03/19/2019 06:00:00 AM,83,17,66
03/19/2019 07:00:00 AM,176,18,158
03/19/2019 08:00:00 AM,172,14,158
03/19/2019 09:00:00 AM,63,5,58
03/19/2019 10:00:00 AM,40,11,29
03/19/2019 11:00:00 AM,34,16,18
03/19/2019 12:00:00 PM,46,13,33
03/19/2019 01:00:00 PM,45,27,18
03/19/2019 02:00:00 PM,43,14,29
03/19/2019 03:00:00 PM,77,56,21
03/19/2019 04:00:00 PM,141,117,24
03/19/2019 05:00:00 PM,233,207,26
03/19/2019 06:00:00 PM,122,103,19
03/19/2019 07:00:00 PM,65,57,8
03/19/2019 08:00:00 PM,25,15,10
03/19/2019 09:00:00 PM,12,8,4
03/19/2019 10:00:00 PM,12,9,3
03/19/2019 11:00:00 PM,4,4,0
03/20/2019 12:00:00 AM,1,1,0
03/20/2019 01:00:00 AM,2,0,2
03/20/2019 02:00:00 AM,2,0,2
03/20/2019 03:00:00 AM,1,0,1
03/20/2019 04:00:00 AM,4,1,3
03/20/2019 05:00:00 AM,30,5,25
03/20/2019 06:00:00 AM,88,11,77
03/20/2019 07:00:00 AM,179,19,160
03/20/2019 08:00:00 AM,162,10,152
03/20/2019 09:00:00 AM,67,11,56
03/20/2019 10:00:00 AM,35,9,26
03/20/2019 11:00:00 AM,30,10,20
03/20/2019 12:00:00 PM,34,19,15
03/20/2019 01:00:00 PM,28,13,15
03/20/2019 02:00:00 PM,43,21,22
03/20/2019 03:00:00 PM,63,47,16
03/20/2019 04:00:00 PM,149,127,22
03/20/2019 05:00:00 PM,208,179,29
03/20/2019 06:00:00 PM,144,119,25
03/20/2019 07:00:00 PM,47,36,11
03/20/2019 08:00:00 PM,40,23,17
03/20/2019 09:00:00 PM,13,11,2
03/20/2019 10:00:00 PM,7,3,4
03/20/2019 11:00:00 PM,10,9,1
03/21/2019 12:00:00 AM,3,2,1
03/21/2019 01:00:00 AM,2,2,0
03/21/2019 02:00:00 AM,3,1,2
03/21/2019 03:00:00 AM,2,1,1
03/21/2019 04:00:00 AM,7,4,3
03/21/2019 05:00:00 AM,27,4,23
03/21/2019 06:00:00 AM,73,13,60
03/21/2019 07:00:00 AM,127,11,116
03/21/2019 08:00:00 AM,133,9,124
03/21/2019 09:00:00 AM,71,8,63
03/21/2019 10:00:00 AM,33,8,25
03/21/2019 11:00:00 AM,22,6,16
03/21/2019 12:00:00 PM,27,7,20
03/21/2019 01:00:00 PM,27,14,13
03/21/2019 02:00:00 PM,34,18,16
03/21/2019 03:00:00 PM,45,34,11
03/21/2019 04:00:00 PM,106,96,10
03/21/2019 05:00:00 PM,154,137,17
03/21/2019 06:00:00 PM,84,70,14
03/21/2019 07:00:00 PM,66,57,9
03/21/2019 08:00:00 PM,21,16,5
03/21/2019 09:00:00 PM,12,10,2
03/21/2019 10:00:00 PM,7,6,1
03/21/2019 11:00:00 PM,4,3,1
03/22/2019 12:00:00 AM,6,4,2
03/22/2019 01:00:00 AM,3,3,0
03/22/2019 02:00:00 AM,3,2,1
03/22/2019 03:00:00 AM,0,0,0
03/22/2019 04:00:00 AM,5,3,2
03/22/2019 05:00:00 AM,20,4,16
03/22/2019 06:00:00 AM,47,8,39
03/22/2019 07:00:00 AM,85,15,70
03/22/2019 08:00:00 AM,111,12,99
03/22/2019 09:00:00 AM,54,11,43
03/22/2019 10:00:00 AM,34,7,27
03/22/2019 11:00:00 AM,28,5,23
03/22/2019 12:00:00 PM,21,14,7
03/22/2019 01:00:00 PM,26,14,12
03/22/2019 02:00:00 PM,41,29,12
03/22/2019 03:00:00 PM,44,34,10
03/22/2019 04:00:00 PM,75,64,11
03/22/2019 05:00:00 PM,88,78,10
03/22/2019 06:00:00 PM,49,45,4
03/22/2019 07:00:00 PM,21,18,3
03/22/2019 08:00:00 PM,8,7,1
03/22/2019 09:00:00 PM,8,5,3
03/22/2019 10:00:00 PM,12,4,8
03/22/2019 11:00:00 PM,6,4,2
03/23/2019 12:00:00 AM,5,3,2
03/23/2019 01:00:00 AM,4,2,2
03/23/2019 02:00:00 AM,0,0,0
03/23/2019 03:00:00 AM,0,0,0
03/23/2019 04:00:00 AM,1,0,1
03/23/2019 05:00:00 AM,3,2,1
03/23/2019 06:00:00 AM,3,0,3
03/23/2019 07:00:00 AM,8,1,7
03/23/2019 08:00:00 AM,23,7,16
03/23/2019 09:00:00 AM,31,13,18
03/23/2019 10:00:00 AM,52,38,14
03/23/2019 11:00:00 AM,44,26,18
03/23/2019 12:00:00 PM,73,26,47
03/23/2019 01:00:00 PM,52,16,36
03/23/2019 02:00:00 PM,71,37,34
03/23/2019 03:00:00 PM,73,48,25
03/23/2019 04:00:00 PM,48,27,21
03/23/2019 05:00:00 PM,31,16,15
03/23/2019 06:00:00 PM,25,13,12
03/23/2019 07:00:00 PM,19,10,9
03/23/2019 08:00:00 PM,5,1,4
03/23/2019 09:00:00 PM,16,9,7
03/23/2019 10:00:00 PM,11,8,3
03/23/2019 11:00:00 PM,4,4,0
03/24/2019 12:00:00 AM,2,0,2
03/24/2019 01:00:00 AM,6,5,1
03/24/2019 02:00:00 AM,1,1,0
03/24/2019 03:00:00 AM,1,0,1
03/24/2019 04:00:00 AM,0,0,0
03/24/2019 05:00:00 AM,4,1,3
03/24/2019 06:00:00 AM,11,4,7
03/24/2019 07:00:00 AM,24,11,13
03/24/2019 08:00:00 AM,21,9,12
03/24/2019 09:00:00 AM,18,6,12
03/24/2019 10:00:00 AM,42,22,20
03/24/2019 11:00:00 AM,53,28,25
03/24/2019 12:00:00 PM,55,20,35
03/24/2019 01:00:00 PM,64,26,38
03/24/2019 02:00:00 PM,48,19,29
03/24/2019 03:00:00 PM,31,18,13
03/24/2019 04:00:00 PM,56,38,18
03/24/2019 05:00:00 PM,30,16,14
03/24/2019 06:00:00 PM,16,9,7
03/24/2019 07:00:00 PM,17,8,9
03/24/2019 08:00:00 PM,7,4,3
03/24/2019 09:00:00 PM,6,4,2
03/24/2019 10:00:00 PM,3,1,2
03/24/2019 11:00:00 PM,3,3,0
03/25/2019 12:00:00 AM,0,0,0
03/25/2019 01:00:00 AM,2,2,0
03/25/2019 02:00:00 AM,0,0,0
03/25/2019 03:00:00 AM,1,0,1
03/25/2019 04:00:00 AM,5,0,5
03/25/2019 05:00:00 AM,23,3,20
03/25/2019 06:00:00 AM,73,8,65
03/25/2019 07:00:00 AM,121,9,112
03/25/2019 08:00:00 AM,122,10,112
03/25/2019 09:00:00 AM,57,8,49
03/25/2019 10:00:00 AM,28,4,24
03/25/2019 11:00:00 AM,10,4,6
03/25/2019 12:00:00 PM,16,8,8
03/25/2019 01:00:00 PM,13,6,7
03/25/2019 02:00:00 PM,22,14,8
03/25/2019 03:00:00 PM,30,25,5
03/25/2019 04:00:00 PM,90,80,10
03/25/2019 05:00:00 PM,144,134,10
03/25/2019 06:00:00 PM,80,74,6
03/25/2019 07:00:00 PM,9,8,1
03/25/2019 08:00:00 PM,11,8,3
03/25/2019 09:00:00 PM,3,2,1
03/25/2019 10:00:00 PM,7,6,1
03/25/2019 11:00:00 PM,1,1,0
03/26/2019 12:00:00 AM,1,1,0
03/26/2019 01:00:00 AM,1,0,1
03/26/2019 02:00:00 AM,1,0,1
03/26/2019 03:00:00 AM,1,0,1
03/26/2019 04:00:00 AM,4,2,2
03/26/2019 05:00:00 AM,30,6,24
03/26/2019 06:00:00 AM,75,12,63
03/26/2019 07:00:00 AM,147,12,135
03/26/2019 08:00:00 AM,119,6,113
03/26/2019 09:00:00 AM,45,4,41
03/26/2019 10:00:00 AM,16,2,14
03/26/2019 11:00:00 AM,23,6,17
03/26/2019 12:00:00 PM,20,5,15
03/26/2019 01:00:00 PM,21,8,13
03/26/2019 02:00:00 PM,30,17,13
03/26/2019 03:00:00 PM,45,32,13
03/26/2019 04:00:00 PM,119,96,23
03/26/2019 05:00:00 PM,180,162,18
03/26/2019 06:00:00 PM,114,98,16
03/26/2019 07:00:00 PM,48,41,7
03/26/2019 08:00:00 PM,11,6,5
03/26/2019 09:00:00 PM,13,10,3
03/26/2019 10:00:00 PM,8,6,2
03/26/2019 11:00:00 PM,2,2,0
03/27/2019 12:00:00 AM,2,1,1
03/27/2019 01:00:00 AM,0,0,0
03/27/2019 02:00:00 AM,2,0,2
03/27/2019 03:00:00 AM,1,0,1
03/27/2019 04:00:00 AM,3,2,1
03/27/2019 05:00:00 AM,26,6,20
03/27/2019 06:00:00 AM,82,14,68
03/27/2019 07:00:00 AM,147,14,133
03/27/2019 08:00:00 AM,171,9,162
03/27/2019 09:00:00 AM,51,7,44
03/27/2019 10:00:00 AM,35,13,22
03/27/2019 11:00:00 AM,21,9,12
03/27/2019 12:00:00 PM,21,7,14
03/27/2019 01:00:00 PM,20,7,13
03/27/2019 02:00:00 PM,28,16,12
03/27/2019 03:00:00 PM,41,28,13
03/27/2019 04:00:00 PM,120,103,17
03/27/2019 05:00:00 PM,163,150,13
03/27/2019 06:00:00 PM,129,109,20
03/27/2019 07:00:00 PM,37,31,6
03/27/2019 08:00:00 PM,16,14,2
03/27/2019 09:00:00 PM,12,12,0
03/27/2019 10:00:00 PM,7,5,2
03/27/2019 11:00:00 PM,3,2,1
03/28/2019 12:00:00 AM,1,1,0
03/28/2019 01:00:00 AM,0,0,0
03/28/2019 02:00:00 AM,1,0,1
03/28/2019 03:00:00 AM,3,2,1
03/28/2019 04:00:00 AM,4,1,3
03/28/2019 05:00:00 AM,25,4,21
03/28/2019 06:00:00 AM,76,12,64
03/28/2019 07:00:00 AM,130,10,120
03/28/2019 08:00:00 AM,133,10,123
03/28/2019 09:00:00 AM,54,5,49
03/28/2019 10:00:00 AM,17,1,16
03/28/2019 11:00:00 AM,23,12,11
03/28/2019 12:00:00 PM,33,10,23
03/28/2019 01:00:00 PM,13,6,7
03/28/2019 02:00:00 PM,38,23,15
03/28/2019 03:00:00 PM,49,36,13
03/28/2019 04:00:00 PM,109,82,27
03/28/2019 05:00:00 PM,179,162,17
03/28/2019 06:00:00 PM,103,94,9
03/28/2019 07:00:00 PM,51,39,12
03/28/2019 08:00:00 PM,21,15,6
03/28/2019 09:00:00 PM,17,16,1
03/28/2019 10:00:00 PM,8,5,3
03/28/2019 11:00:00 PM,2,2,0
03/29/2019 12:00:00 AM,2,2,0
03/29/2019 01:00:00 AM,0,0,0
03/29/2019 02:00:00 AM,1,0,1
03/29/2019 03:00:00 AM,1,1,0
03/29/2019 04:00:00 AM,7,2,5
03/29/2019 05:00:00 AM,20,5,15
03/29/2019 06:00:00 AM,65,10,55
03/29/2019 07:00:00 AM,128,14,114
03/29/2019 08:00:00 AM,110,7,103
03/29/2019 09:00:00 AM,53,8,45
03/29/2019 10:00:00 AM,19,4,15
03/29/2019 11:00:00 AM,29,12,17
03/29/2019 12:00:00 PM,19,11,8
03/29/2019 01:00:00 PM,19,9,10
03/29/2019 02:00:00 PM,31,16,15
03/29/2019 03:00:00 PM,52,38,14
03/29/2019 04:00:00 PM,98,76,22
03/29/2019 05:00:00 PM,158,136,22
03/29/2019 06:00:00 PM,80,68,12
03/29/2019 07:00:00 PM,35,31,4
03/29/2019 08:00:00 PM,11,7,4
03/29/2019 09:00:00 PM,6,4,2
03/29/2019 10:00:00 PM,11,7,4
03/29/2019 11:00:00 PM,6,6,0
03/30/2019 12:00:00 AM,2,2,0
03/30/2019 01:00:00 AM,4,2,2
03/30/2019 02:00:00 AM,4,4,0
03/30/2019 03:00:00 AM,2,2,0
03/30/2019 04:00:00 AM,2,0,2
03/30/2019 05:00:00 AM,6,1,5
03/30/2019 06:00:00 AM,9,2,7
03/30/2019 07:00:00 AM,12,6,6
03/30/2019 08:00:00 AM,25,6,19
03/30/2019 09:00:00 AM,43,19,24
03/30/2019 10:00:00 AM,90,52,38
03/30/2019 11:00:00 AM,116,46,70
03/30/2019 12:00:00 PM,69,39,30
03/30/2019 01:00:00 PM,78,34,44
03/30/2019 02:00:00 PM,89,43,46
03/30/2019 03:00:00 PM,71,40,31
03/30/2019 04:00:00 PM,56,35,21
03/30/2019 05:00:00 PM,62,29,33
03/30/2019 06:00:00 PM,30,20,10
03/30/2019 07:00:00 PM,15,11,4
03/30/2019 08:00:00 PM,31,19,12
03/30/2019 09:00:00 PM,13,11,2
03/30/2019 10:00:00 PM,22,8,14
03/30/2019 11:00:00 PM,5,4,1
03/31/2019 12:00:00 AM,2,1,1
03/31/2019 01:00:00 AM,3,2,1
03/31/2019 02:00:00 AM,0,0,0
03/31/2019 03:00:00 AM,0,0,0
03/31/2019 04:00:00 AM,0,0,0
03/31/2019 05:00:00 AM,5,2,3
03/31/2019 06:00:00 AM,3,1,2
03/31/2019 07:00:00 AM,5,0,5
03/31/2019 08:00:00 AM,30,9,21
03/31/2019 09:00:00 AM,52,20,32
03/31/2019 10:00:00 AM,55,27,28
03/31/2019 11:00:00 AM,69,33,36
03/31/2019 12:00:00 PM,69,23,46
03/31/2019 01:00:00 PM,68,39,29
03/31/2019 02:00:00 PM,78,44,34
03/31/2019 03:00:00 PM,77,29,48
03/31/2019 04:00:00 PM,49,28,21
03/31/2019 05:00:00 PM,55,35,20
03/31/2019 06:00:00 PM,21,11,10
03/31/2019 07:00:00 PM,24,13,11
03/31/2019 08:00:00 PM,7,7,0
03/31/2019 09:00:00 PM,8,3,5
03/31/2019 10:00:00 PM,5,5,0
03/31/2019 11:00:00 PM,6,1,5
04/01/2019 12:00:00 AM,5,4,1
04/01/2019 01:00:00 AM,1,1,0
04/01/2019 02:00:00 AM,2,1,1
04/01/2019 03:00:00 AM,0,0,0
04/01/2019 04:00:00 AM,10,2,8
04/01/2019 05:00:00 AM,21,5,16
04/01/2019 06:00:00 AM,85,13,72
04/01/2019 07:00:00 AM,175,22,153
04/01/2019 08:00:00 AM,145,11,134
04/01/2019 09:00:00 AM,60,6,54
04/01/2019 10:00:00 AM,25,6,19
04/01/2019 11:00:00 AM,24,7,17
04/01/2019 12:00:00 PM,35,14,21
04/01/2019 01:00:00 PM,25,14,11
04/01/2019 02:00:00 PM,41,24,17
04/01/2019 03:00:00 PM,50,35,15
04/01/2019 04:00:00 PM,110,99,11
04/01/2019 05:00:00 PM,215,193,22
04/01/2019 06:00:00 PM,117,104,13
04/01/2019 07:00:00 PM,41,32,9
04/01/2019 08:00:00 PM,13,7,6
04/01/2019 09:00:00 PM,13,9,4
04/01/2019 10:00:00 PM,4,3,1
04/01/2019 11:00:00 PM,4,4,0
04/02/2019 12:00:00 AM,3,2,1
04/02/2019 01:00:00 AM,0,0,0
04/02/2019 02:00:00 AM,4,2,2
04/02/2019 03:00:00 AM,1,0,1
04/02/2019 04:00:00 AM,11,3,8
04/02/2019 05:00:00 AM,39,8,31
04/02/2019 06:00:00 AM,94,16,78
04/02/2019 07:00:00 AM,159,15,144
04/02/2019 08:00:00 AM,149,10,139
04/02/2019 09:00:00 AM,73,12,61
04/02/2019 10:00:00 AM,25,8,17
04/02/2019 11:00:00 AM,17,6,11
04/02/2019 12:00:00 PM,26,11,15
04/02/2019 01:00:00 PM,28,11,17
04/02/2019 02:00:00 PM,28,18,10
04/02/2019 03:00:00 PM,62,42,20
04/02/2019 04:00:00 PM,112,98,14
04/02/2019 05:00:00 PM,206,186,20
04/02/2019 06:00:00 PM,118,96,22
04/02/2019 07:00:00 PM,37,34,3
04/02/2019 08:00:00 PM,25,19,6
04/02/2019 09:00:00 PM,18,15,3
04/02/2019 10:00:00 PM,10,6,4
04/02/2019 11:00:00 PM,6,5,1
04/03/2019 12:00:00 AM,0,0,0
04/03/2019 01:00:00 AM,2,1,1
04/03/2019 02:00:00 AM,2,0,2
04/03/2019 03:00:00 AM,0,0,0
04/03/2019 04:00:00 AM,3,1,2
04/03/2019 05:00:00 AM,18,4,14
04/03/2019 06:00:00 AM,74,11,63
04/03/2019 07:00:00 AM,109,12,97
04/03/2019 08:00:00 AM,144,11,133
04/03/2019 09:00:00 AM,31,4,27
04/03/2019 10:00:00 AM,15,1,14
04/03/2019 11:00:00 AM,13,5,8
04/03/2019 12:00:00 PM,7,3,4
04/03/2019 01:00:00 PM,11,4,7
04/03/2019 02:00:00 PM,25,13,12
04/03/2019 03:00:00 PM,30,28,2
04/03/2019 04:00:00 PM,80,69,11
04/03/2019 05:00:00 PM,134,124,10
04/03/2019 06:00:00 PM,82,69,13
04/03/2019 07:00:00 PM,34,29,5
04/03/2019 08:00:00 PM,12,11,1
04/03/2019 09:00:00 PM,14,12,2
04/03/2019 10:00:00 PM,5,2,3
04/03/2019 11:00:00 PM,4,3,1
04/04/2019 12:00:00 AM,2,1,1
04/04/2019 01:00:00 AM,1,0,1
04/04/2019 02:00:00 AM,2,1,1
04/04/2019 03:00:00 AM,1,0,1
04/04/2019 04:00:00 AM,4,0,4
04/04/2019 05:00:00 AM,21,3,18
04/04/2019 06:00:00 AM,75,14,61
04/04/2019 07:00:00 AM,146,11,135
04/04/2019 08:00:00 AM,130,10,120
04/04/2019 09:00:00 AM,67,10,57
04/04/2019 10:00:00 AM,27,3,24
04/04/2019 11:00:00 AM,33,14,19
04/04/2019 12:00:00 PM,38,17,21
04/04/2019 01:00:00 PM,26,16,10
04/04/2019 02:00:00 PM,34,22,12
04/04/2019 03:00:00 PM,64,44,20
04/04/2019 04:00:00 PM,108,82,26
04/04/2019 05:00:00 PM,177,163,14
04/04/2019 06:00:00 PM,89,75,14
04/04/2019 07:00:00 PM,46,39,7
04/04/2019 08:00:00 PM,26,23,3
04/04/2019 09:00:00 PM,33,18,15
04/04/2019 10:00:00 PM,8,5,3
04/04/2019 11:00:00 PM,13,1,12
04/05/2019 12:00:00 AM,10,5,5
04/05/2019 01:00:00 AM,0,0,0
04/05/2019 02:00:00 AM,1,1,0
04/05/2019 03:00:00 AM,0,0,0
04/05/2019 04:00:00 AM,5,2,3
04/05/2019 05:00:00 AM,12,5,7
04/05/2019 06:00:00 AM,40,5,35
04/05/2019 07:00:00 AM,75,8,67
04/05/2019 08:00:00 AM,91,10,81
04/05/2019 09:00:00 AM,29,5,24
04/05/2019 10:00:00 AM,15,4,11
04/05/2019 11:00:00 AM,6,2,4
04/05/2019 12:00:00 PM,11,6,5
04/05/2019 01:00:00 PM,7,5,2
04/05/2019 02:00:00 PM,7,5,2
04/05/2019 03:00:00 PM,21,16,5
04/05/2019 04:00:00 PM,59,52,7
04/05/2019 05:00:00 PM,68,62,6
04/05/2019 06:00:00 PM,46,40,6
04/05/2019 07:00:00 PM,30,27,3
04/05/2019 08:00:00 PM,11,7,4
04/05/2019 09:00:00 PM,9,4,5
04/05/2019 10:00:00 PM,2,2,0
04/05/2019 11:00:00 PM,2,2,0
04/06/2019 12:00:00 AM,6,3,3
04/06/2019 01:00:00 AM,5,4,1
04/06/2019 02:00:00 AM,6,1,5
04/06/2019 03:00:00 AM,4,0,4
04/06/2019 04:00:00 AM,2,0,2
04/06/2019 05:00:00 AM,3,1,2
04/06/2019 06:00:00 AM,2,0,2
04/06/2019 07:00:00 AM,5,2,3
04/06/2019 08:00:00 AM,7,2,5
04/06/2019 09:00:00 AM,21,17,4
04/06/2019 10:00:00 AM,11,8,3
04/06/2019 11:00:00 AM,24,5,19
04/06/2019 12:00:00 PM,13,4,9
04/06/2019 01:00:00 PM,17,9,8
04/06/2019 02:00:00 PM,16,10,6
04/06/2019 03:00:00 PM,14,9,5
04/06/2019 04:00:00 PM,14,7,7
04/06/2019 05:00:00 PM,6,3,3
04/06/2019 06:00:00 PM,16,8,8
04/06/2019 07:00:00 PM,7,3,4
04/06/2019 08:00:00 PM,2,2,0
04/06/2019 09:00:00 PM,11,6,5
04/06/2019 10:00:00 PM,5,5,0
04/06/2019 11:00:00 PM,1,1,0
04/07/2019 12:00:00 AM,1,0,1
04/07/2019 01:00:00 AM,0,0,0
04/07/2019 02:00:00 AM,0,0,0
04/07/2019 03:00:00 AM,2,1,1
04/07/2019 04:00:00 AM,2,1,1
04/07/2019 05:00:00 AM,2,1,1
04/07/2019 06:00:00 AM,4,2,2
04/07/2019 07:00:00 AM,3,1,2
04/07/2019 08:00:00 AM,16,5,11
04/07/2019 09:00:00 AM,14,7,7
04/07/2019 10:00:00 AM,10,6,4
04/07/2019 11:00:00 AM,21,12,9
04/07/2019 12:00:00 PM,19,8,11
04/07/2019 01:00:00 PM,34,11,23
04/07/2019 02:00:00 PM,41,25,16
04/07/2019 03:00:00 PM,27,13,14
04/07/2019 04:00:00 PM,17,9,8
04/07/2019 05:00:00 PM,27,15,12
04/07/2019 06:00:00 PM,17,12,5
04/07/2019 07:00:00 PM,13,9,4
04/07/2019 08:00:00 PM,6,5,1
04/07/2019 09:00:00 PM,4,1,3
04/07/2019 10:00:00 PM,3,1,2
04/07/2019 11:00:00 PM,2,2,0
04/08/2019 12:00:00 AM,2,1,1
04/08/2019 01:00:00 AM,0,0,0
04/08/2019 02:00:00 AM,0,0,0
04/08/2019 03:00:00 AM,1,1,0
04/08/2019 04:00:00 AM,5,0,5
04/08/2019 05:00:00 AM,16,5,11
04/08/2019 06:00:00 AM,56,11,45
04/08/2019 07:00:00 AM,121,9,112
04/08/2019 08:00:00 AM,108,10,98
04/08/2019 09:00:00 AM,33,5,28
04/08/2019 10:00:00 AM,21,5,16
04/08/2019 11:00:00 AM,10,4,6
04/08/2019 12:00:00 PM,13,4,9
04/08/2019 01:00:00 PM,15,9,6
04/08/2019 02:00:00 PM,25,13,12
04/08/2019 03:00:00 PM,38,30,8
04/08/2019 04:00:00 PM,86,70,16
04/08/2019 05:00:00 PM,123,114,9
04/08/2019 06:00:00 PM,59,58,1
04/08/2019 07:00:00 PM,29,21,8
04/08/2019 08:00:00 PM,16,11,5
04/08/2019 09:00:00 PM,7,4,3
04/08/2019 10:00:00 PM,1,0,1
04/08/2019 11:00:00 PM,3,2,1
04/09/2019 12:00:00 AM,2,0,2
04/09/2019 01:00:00 AM,3,3,0
04/09/2019 02:00:00 AM,2,1,1
04/09/2019 03:00:00 AM,1,0,1
04/09/2019 04:00:00 AM,6,1,5
04/09/2019 05:00:00 AM,22,4,18
04/09/2019 06:00:00 AM,59,11,48
04/09/2019 07:00:00 AM,107,6,101
04/09/2019 08:00:00 AM,103,5,98
04/09/2019 09:00:00 AM,47,5,42
04/09/2019 10:00:00 AM,21,4,17
04/09/2019 11:00:00 AM,23,11,12
04/09/2019 12:00:00 PM,15,11,4
04/09/2019 01:00:00 PM,16,8,8
04/09/2019 02:00:00 PM,26,12,14
04/09/2019 03:00:00 PM,44,28,16
04/09/2019 04:00:00 PM,98,77,21
04/09/2019 05:00:00 PM,149,134,15
04/09/2019 06:00:00 PM,86,75,11
04/09/2019 07:00:00 PM,30,25,5
04/09/2019 08:00:00 PM,11,9,2
04/09/2019 09:00:00 PM,12,9,3
04/09/2019 10:00:00 PM,4,3,1
04/09/2019 11:00:00 PM,4,3,1
04/10/2019 12:00:00 AM,0,0,0
04/10/2019 01:00:00 AM,3,1,2
04/10/2019 02:00:00 AM,3,2,1
04/10/2019 03:00:00 AM,3,1,2
04/10/2019 04:00:00 AM,3,1,2
04/10/2019 05:00:00 AM,16,5,11
04/10/2019 06:00:00 AM,63,13,50
04/10/2019 07:00:00 AM,100,7,93
04/10/2019 08:00:00 AM,87,7,80
04/10/2019 09:00:00 AM,33,5,28
04/10/2019 10:00:00 AM,22,2,20
04/10/2019 11:00:00 AM,22,12,10
04/10/2019 12:00:00 PM,18,5,13
04/10/2019 01:00:00 PM,7,3,4
04/10/2019 02:00:00 PM,19,11,8
04/10/2019 03:00:00 PM,35,20,15
04/10/2019 04:00:00 PM,50,45,5
04/10/2019 05:00:00 PM,125,114,11
04/10/2019 06:00:00 PM,82,69,13
04/10/2019 07:00:00 PM,15,14,1
04/10/2019 08:00:00 PM,15,11,4
04/10/2019 09:00:00 PM,13,9,4
04/10/2019 10:00:00 PM,8,6,2
04/10/2019 11:00:00 PM,2,2,0
04/11/2019 12:00:00 AM,3,1,2
04/11/2019 01:00:00 AM,2,1,1
04/11/2019 02:00:00 AM,2,1,1
04/11/2019 03:00:00 AM,0,0,0
04/11/2019 04:00:00 AM,2,1,1
04/11/2019 05:00:00 AM,18,3,15
04/11/2019 06:00:00 AM,47,6,41
04/11/2019 07:00:00 AM,74,8,66
04/11/2019 08:00:00 AM,81,8,73
04/11/2019 09:00:00 AM,25,4,21
04/11/2019 10:00:00 AM,14,3,11
04/11/2019 11:00:00 AM,12,5,7
04/11/2019 12:00:00 PM,11,6,5
04/11/2019 01:00:00 PM,5,2,3
04/11/2019 02:00:00 PM,11,4,7
04/11/2019 03:00:00 PM,21,15,6
04/11/2019 04:00:00 PM,45,38,7
04/11/2019 05:00:00 PM,99,89,10
04/11/2019 06:00:00 PM,62,55,7
04/11/2019 07:00:00 PM,29,24,5
04/11/2019 08:00:00 PM,13,8,5
04/11/2019 09:00:00 PM,10,7,3
04/11/2019 10:00:00 PM,6,6,0
04/11/2019 11:00:00 PM,3,2,1
04/12/2019 12:00:00 AM,0,0,0
04/12/2019 01:00:00 AM,0,0,0
04/12/2019 02:00:00 AM,2,1,1
04/12/2019 03:00:00 AM,2,1,1
04/12/2019 04:00:00 AM,2,1,1
04/12/2019 05:00:00 AM,15,1,14
04/12/2019 06:00:00 AM,52,8,44
04/12/2019 07:00:00 AM,84,9,75
04/12/2019 08:00:00 AM,79,8,71
04/12/2019 09:00:00 AM,47,12,35
04/12/2019 10:00:00 AM,23,5,18
04/12/2019 11:00:00 AM,24,13,11
04/12/2019 12:00:00 PM,22,7,15
04/12/2019 01:00:00 PM,33,17,16
04/12/2019 02:00:00 PM,28,14,14
04/12/2019 03:00:00 PM,55,38,17
04/12/2019 04:00:00 PM,94,74,20
04/12/2019 05:00:00 PM,91,79,12
04/12/2019 06:00:00 PM,69,54,15
04/12/2019 07:00:00 PM,19,13,6
04/12/2019 08:00:00 PM,14,7,7
04/12/2019 09:00:00 PM,9,7,2
04/12/2019 10:00:00 PM,9,7,2
04/12/2019 11:00:00 PM,5,4,1
04/13/2019 12:00:00 AM,1,1,0
04/13/2019 01:00:00 AM,4,4,0
04/13/2019 02:00:00 AM,0,0,0
04/13/2019 03:00:00 AM,2,0,2
04/13/2019 04:00:00 AM,4,3,1
04/13/2019 05:00:00 AM,3,1,2
04/13/2019 06:00:00 AM,6,3,3
04/13/2019 07:00:00 AM,9,5,4
04/13/2019 08:00:00 AM,6,4,2
04/13/2019 09:00:00 AM,13,7,6
04/13/2019 10:00:00 AM,12,5,7
04/13/2019 11:00:00 AM,28,6,22
04/13/2019 12:00:00 PM,19,7,12
04/13/2019 01:00:00 PM,17,10,7
04/13/2019 02:00:00 PM,10,7,3
04/13/2019 03:00:00 PM,21,14,7
04/13/2019 04:00:00 PM,33,25,8
04/13/2019 05:00:00 PM,20,8,12
04/13/2019 06:00:00 PM,25,8,17
04/13/2019 07:00:00 PM,11,7,4
04/13/2019 08:00:00 PM,6,4,2
04/13/2019 09:00:00 PM,7,4,3
04/13/2019 10:00:00 PM,3,2,1
04/13/2019 11:00:00 PM,5,3,2
04/14/2019 12:00:00 AM,4,2,2
04/14/2019 01:00:00 AM,0,0,0
04/14/2019 02:00:00 AM,0,0,0
04/14/2019 03:00:00 AM,1,0,1
04/14/2019 04:00:00 AM,1,0,1
04/14/2019 05:00:00 AM,2,0,2
04/14/2019 06:00:00 AM,3,0,3
04/14/2019 07:00:00 AM,8,1,7
04/14/2019 08:00:00 AM,23,8,15
04/14/2019 09:00:00 AM,32,16,16
04/14/2019 10:00:00 AM,31,16,15
04/14/2019 11:00:00 AM,45,15,30
04/14/2019 12:00:00 PM,37,23,14
04/14/2019 01:00:00 PM,35,13,22
04/14/2019 02:00:00 PM,25,15,10
04/14/2019 03:00:00 PM,29,20,9
04/14/2019 04:00:00 PM,25,14,11
04/14/2019 05:00:00 PM,22,14,8
04/14/2019 06:00:00 PM,6,3,3
04/14/2019 07:00:00 PM,5,3,2
04/14/2019 08:00:00 PM,10,8,2
04/14/2019 09:00:00 PM,3,1,2
04/14/2019 10:00:00 PM,3,3,0
04/14/2019 11:00:00 PM,2,2,0
04/15/2019 12:00:00 AM,0,0,0
04/15/2019 01:00:00 AM,1,1,0
04/15/2019 02:00:00 AM,2,2,0
04/15/2019 03:00:00 AM,1,0,1
04/15/2019 04:00:00 AM,8,1,7
04/15/2019 05:00:00 AM,22,5,17
04/15/2019 06:00:00 AM,88,21,67
04/15/2019 07:00:00 AM,140,16,124
04/15/2019 08:00:00 AM,153,13,140
04/15/2019 09:00:00 AM,59,8,51
04/15/2019 10:00:00 AM,28,7,21
04/15/2019 11:00:00 AM,20,8,12
04/15/2019 12:00:00 PM,35,16,19
04/15/2019 01:00:00 PM,25,17,8
04/15/2019 02:00:00 PM,35,18,17
04/15/2019 03:00:00 PM,63,49,14
04/15/2019 04:00:00 PM,104,85,19
04/15/2019 05:00:00 PM,177,162,15
04/15/2019 06:00:00 PM,108,93,15
04/15/2019 07:00:00 PM,42,37,5
04/15/2019 08:00:00 PM,8,6,2
04/15/2019 09:00:00 PM,10,7,3
04/15/2019 10:00:00 PM,5,3,2
04/15/2019 11:00:00 PM,1,1,0
04/16/2019 12:00:00 AM,2,0,2
04/16/2019 01:00:00 AM,3,1,2
04/16/2019 02:00:00 AM,4,3,1
04/16/2019 03:00:00 AM,1,1,0
04/16/2019 04:00:00 AM,4,1,3
04/16/2019 05:00:00 AM,29,4,25
04/16/2019 06:00:00 AM,88,12,76
04/16/2019 07:00:00 AM,156,17,139
04/16/2019 08:00:00 AM,152,13,139
04/16/2019 09:00:00 AM,48,5,43
04/16/2019 10:00:00 AM,22,6,16
04/16/2019 11:00:00 AM,17,6,11
04/16/2019 12:00:00 PM,10,4,6
04/16/2019 01:00:00 PM,16,7,9
04/16/2019 02:00:00 PM,22,13,9
04/16/2019 03:00:00 PM,51,32,19
04/16/2019 04:00:00 PM,112,94,18
04/16/2019 05:00:00 PM,162,145,17
04/16/2019 06:00:00 PM,106,94,12
04/16/2019 07:00:00 PM,24,22,2
04/16/2019 08:00:00 PM,10,10,0
04/16/2019 09:00:00 PM,9,9,0
04/16/2019 10:00:00 PM,8,6,2
04/16/2019 11:00:00 PM,5,4,1
04/17/2019 12:00:00 AM,3,2,1
04/17/2019 01:00:00 AM,1,1,0
04/17/2019 02:00:00 AM,4,3,1
04/17/2019 03:00:00 AM,0,0,0
04/17/2019 04:00:00 AM,7,3,4
04/17/2019 05:00:00 AM,19,2,17
04/17/2019 06:00:00 AM,82,9,73
04/17/2019 07:00:00 AM,135,8,127
04/17/2019 08:00:00 AM,132,10,122
04/17/2019 09:00:00 AM,49,4,45
04/17/2019 10:00:00 AM,22,4,18
04/17/2019 11:00:00 AM,18,4,14
04/17/2019 12:00:00 PM,13,6,7
04/17/2019 01:00:00 PM,17,10,7
04/17/2019 02:00:00 PM,24,12,12
04/17/2019 03:00:00 PM,40,28,12
04/17/2019 04:00:00 PM,99,76,23
04/17/2019 05:00:00 PM,189,172,17
04/17/2019 06:00:00 PM,108,91,17
04/17/2019 07:00:00 PM,53,39,14
04/17/2019 08:00:00 PM,18,13,5
04/17/2019 09:00:00 PM,15,13,2
04/17/2019 10:00:00 PM,7,7,0
04/17/2019 11:00:00 PM,4,4,0
04/18/2019 12:00:00 AM,2,2,0
04/18/2019 01:00:00 AM,2,2,0
04/18/2019 02:00:00 AM,2,1,1
04/18/2019 03:00:00 AM,4,4,0
04/18/2019 04:00:00 AM,6,1,5
04/18/2019 05:00:00 AM,19,2,17
04/18/2019 06:00:00 AM,64,12,52
04/18/2019 07:00:00 AM,90,8,82
04/18/2019 08:00:00 AM,88,5,83
04/18/2019 09:00:00 AM,45,8,37
04/18/2019 10:00:00 AM,14,2,12
04/18/2019 11:00:00 AM,18,4,14
04/18/2019 12:00:00 PM,12,3,9
04/18/2019 01:00:00 PM,14,6,8
04/18/2019 02:00:00 PM,20,11,9
04/18/2019 03:00:00 PM,30,23,7
04/18/2019 04:00:00 PM,59,47,12
04/18/2019 05:00:00 PM,131,119,12
04/18/2019 06:00:00 PM,69,59,10
04/18/2019 07:00:00 PM,34,27,7
04/18/2019 08:00:00 PM,8,7,1
04/18/2019 09:00:00 PM,12,7,5
04/18/2019 10:00:00 PM,5,3,2
04/18/2019 11:00:00 PM,9,7,2
04/19/2019 12:00:00 AM,1,1,0
04/19/2019 01:00:00 AM,1,0,1
04/19/2019 02:00:00 AM,1,1,0
04/19/2019 03:00:00 AM,3,2,1
04/19/2019 04:00:00 AM,3,1,2
04/19/2019 05:00:00 AM,14,3,11
04/19/2019 06:00:00 AM,43,8,35
04/19/2019 07:00:00 AM,70,8,62
04/19/2019 08:00:00 AM,83,5,78
04/19/2019 09:00:00 AM,22,1,21
04/19/2019 10:00:00 AM,13,4,9
04/19/2019 11:00:00 AM,9,2,7
04/19/2019 12:00:00 PM,12,8,4
04/19/2019 01:00:00 PM,12,7,5
04/19/2019 02:00:00 PM,16,8,8
04/19/2019 03:00:00 PM,28,21,7
04/19/2019 04:00:00 PM,53,43,10
04/19/2019 05:00:00 PM,85,77,8
04/19/2019 06:00:00 PM,43,38,5
04/19/2019 07:00:00 PM,11,8,3
04/19/2019 08:00:00 PM,9,4,5
04/19/2019 09:00:00 PM,6,6,0
04/19/2019 10:00:00 PM,5,3,2
04/19/2019 11:00:00 PM,4,1,3
04/20/2019 12:00:00 AM,2,2,0
04/20/2019 01:00:00 AM,0,0,0
04/20/2019 02:00:00 AM,1,0,1
04/20/2019 03:00:00 AM,4,1,3
04/20/2019 04:00:00 AM,3,2,1
04/20/2019 05:00:00 AM,2,0,2
04/20/2019 06:00:00 AM,19,9,10
04/20/2019 07:00:00 AM,37,21,16
04/20/2019 08:00:00 AM,40,6,34
04/20/2019 09:00:00 AM,44,21,23
04/20/2019 10:00:00 AM,52,31,21
04/20/2019 11:00:00 AM,56,32,24
04/20/2019 12:00:00 PM,52,29,23
04/20/2019 01:00:00 PM,39,21,18
04/20/2019 02:00:00 PM,0,0,0
04/20/2019 03:00:00 PM,56,26,30
04/20/2019 04:00:00 PM,56,24,32
04/20/2019 05:00:00 PM,34,19,15
04/20/2019 06:00:00 PM,35,18,17
04/20/2019 07:00:00 PM,16,9,7
04/20/2019 08:00:00 PM,14,8,6
04/20/2019 09:00:00 PM,8,3,5
04/20/2019 10:00:00 PM,3,2,1
04/20/2019 11:00:00 PM,3,1,2
04/21/2019 12:00:00 AM,4,4,0
04/21/2019 01:00:00 AM,1,1,0
04/21/2019 02:00:00 AM,1,1,0
04/21/2019 03:00:00 AM,0,0,0
04/21/2019 04:00:00 AM,4,2,2
04/21/2019 05:00:00 AM,6,3,3
04/21/2019 06:00:00 AM,3,1,2
04/21/2019 07:00:00 AM,11,5,6
04/21/2019 08:00:00 AM,13,3,10
04/21/2019 09:00:00 AM,22,11,11
04/21/2019 10:00:00 AM,27,13,14
04/21/2019 11:00:00 AM,55,24,31
04/21/2019 12:00:00 PM,52,30,22
04/21/2019 01:00:00 PM,56,24,32
04/21/2019 02:00:00 PM,59,29,30
04/21/2019 03:00:00 PM,48,26,22
04/21/2019 04:00:00 PM,57,25,32
04/21/2019 05:00:00 PM,30,15,15
04/21/2019 06:00:00 PM,26,18,8
04/21/2019 07:00:00 PM,17,12,5
04/21/2019 08:00:00 PM,10,5,5
04/21/2019 09:00:00 PM,5,0,5
04/21/2019 10:00:00 PM,1,0,1
04/21/2019 11:00:00 PM,1,0,1
04/22/2019 12:00:00 AM,5,4,1
04/22/2019 01:00:00 AM,1,1,0
04/22/2019 02:00:00 AM,0,0,0
04/22/2019 03:00:00 AM,3,2,1
04/22/2019 04:00:00 AM,7,2,5
04/22/2019 05:00:00 AM,20,2,18
04/22/2019 06:00:00 AM,68,14,54
04/22/2019 07:00:00 AM,124,10,114
04/22/2019 08:00:00 AM,117,9,108
04/22/2019 09:00:00 AM,45,3,42
04/22/2019 10:00:00 AM,30,9,21
04/22/2019 11:00:00 AM,17,9,8
04/22/2019 12:00:00 PM,18,8,10
04/22/2019 01:00:00 PM,12,8,4
04/22/2019 02:00:00 PM,22,14,8
04/22/2019 03:00:00 PM,27,20,7
04/22/2019 04:00:00 PM,82,67,15
04/22/2019 05:00:00 PM,120,114,6
04/22/2019 06:00:00 PM,77,66,11
04/22/2019 07:00:00 PM,27,22,5
04/22/2019 08:00:00 PM,15,11,4
04/22/2019 09:00:00 PM,8,7,1
04/22/2019 10:00:00 PM,7,6,1
04/22/2019 11:00:00 PM,1,1,0
04/23/2019 12:00:00 AM,1,0,1
04/23/2019 01:00:00 AM,1,0,1
04/23/2019 02:00:00 AM,6,5,1
04/23/2019 03:00:00 AM,2,0,2
04/23/2019 04:00:00 AM,4,3,1
04/23/2019 05:00:00 AM,25,4,21
04/23/2019 06:00:00 AM,79,13,66
04/23/2019 07:00:00 AM,147,11,136
04/23/2019 08:00:00 AM,140,6,134
04/23/2019 09:00:00 AM,49,8,41
04/23/2019 10:00:00 AM,22,6,16
04/23/2019 11:00:00 AM,23,11,12
04/23/2019 12:00:00 PM,18,5,13
04/23/2019 01:00:00 PM,33,21,12
04/23/2019 02:00:00 PM,25,16,9
04/23/2019 03:00:00 PM,42,24,18
04/23/2019 04:00:00 PM,119,98,21
04/23/2019 05:00:00 PM,195,173,22
04/23/2019 06:00:00 PM,107,98,9
04/23/2019 07:00:00 PM,53,40,13
04/23/2019 08:00:00 PM,14,13,1
04/23/2019 09:00:00 PM,18,7,11
04/23/2019 10:00:00 PM,7,5,2
04/23/2019 11:00:00 PM,6,6,0
04/24/2019 12:00:00 AM,1,1,0
04/24/2019 01:00:00 AM,2,1,1
04/24/2019 02:00:00 AM,3,1,2
04/24/2019 03:00:00 AM,0,0,0
04/24/2019 04:00:00 AM,4,2,2
04/24/2019 05:00:00 AM,23,4,19
04/24/2019 06:00:00 AM,97,10,87
04/24/2019 07:00:00 AM,160,14,146
04/24/2019 08:00:00 AM,149,8,141
04/24/2019 09:00:00 AM,66,15,51
04/24/2019 10:00:00 AM,36,14,22
04/24/2019 11:00:00 AM,27,4,23
04/24/2019 12:00:00 PM,27,18,9
04/24/2019 01:00:00 PM,33,20,13
04/24/2019 02:00:00 PM,41,17,24
04/24/2019 03:00:00 PM,53,39,14
04/24/2019 04:00:00 PM,110,96,14
04/24/2019 05:00:00 PM,215,188,27
04/24/2019 06:00:00 PM,132,104,28
04/24/2019 07:00:00 PM,65,44,21
04/24/2019 08:00:00 PM,30,20,10
04/24/2019 09:00:00 PM,20,14,6
04/24/2019 10:00:00 PM,14,12,2
04/24/2019 11:00:00 PM,6,5,1
04/25/2019 12:00:00 AM,4,1,3
04/25/2019 01:00:00 AM,2,1,1
04/25/2019 02:00:00 AM,5,1,4
04/25/2019 03:00:00 AM,4,2,2
04/25/2019 04:00:00 AM,6,2,4
04/25/2019 05:00:00 AM,28,4,24
04/25/2019 06:00:00 AM,78,12,66
04/25/2019 07:00:00 AM,147,15,132
04/25/2019 08:00:00 AM,164,25,139
04/25/2019 09:00:00 AM,70,11,59
04/25/2019 10:00:00 AM,29,7,22
04/25/2019 11:00:00 AM,16,8,8
04/25/2019 12:00:00 PM,23,13,10
04/25/2019 01:00:00 PM,33,12,21
04/25/2019 02:00:00 PM,32,20,12
04/25/2019 03:00:00 PM,53,33,20
04/25/2019 04:00:00 PM,106,87,19
04/25/2019 05:00:00 PM,168,154,14
04/25/2019 06:00:00 PM,99,92,7
04/25/2019 07:00:00 PM,48,38,10
04/25/2019 08:00:00 PM,22,16,6
04/25/2019 09:00:00 PM,15,14,1
04/25/2019 10:00:00 PM,3,2,1
04/25/2019 11:00:00 PM,9,6,3
04/26/2019 12:00:00 AM,7,3,4
04/26/2019 01:00:00 AM,3,2,1
04/26/2019 02:00:00 AM,3,2,1
04/26/2019 03:00:00 AM,4,3,1
04/26/2019 04:00:00 AM,4,2,2
04/26/2019 05:00:00 AM,24,3,21
04/26/2019 06:00:00 AM,66,9,57
04/26/2019 07:00:00 AM,133,10,123
04/26/2019 08:00:00 AM,148,11,137
04/26/2019 09:00:00 AM,56,12,44
04/26/2019 10:00:00 AM,24,7,17
04/26/2019 11:00:00 AM,17,10,7
04/26/2019 12:00:00 PM,23,11,12
04/26/2019 01:00:00 PM,34,17,17
04/26/2019 02:00:00 PM,49,29,20
04/26/2019 03:00:00 PM,58,37,21
04/26/2019 04:00:00 PM,136,110,26
04/26/2019 05:00:00 PM,159,139,20
04/26/2019 06:00:00 PM,81,66,15
04/26/2019 07:00:00 PM,28,20,8
04/26/2019 08:00:00 PM,8,7,1
04/26/2019 09:00:00 PM,16,10,6
04/26/2019 10:00:00 PM,3,2,1
04/26/2019 11:00:00 PM,6,5,1
04/27/2019 12:00:00 AM,4,3,1
04/27/2019 01:00:00 AM,3,1,2
04/27/2019 02:00:00 AM,6,5,1
04/27/2019 03:00:00 AM,1,1,0
04/27/2019 04:00:00 AM,3,1,2
04/27/2019 05:00:00 AM,5,1,4
04/27/2019 06:00:00 AM,10,4,6
04/27/2019 07:00:00 AM,23,8,15
04/27/2019 08:00:00 AM,27,4,23
04/27/2019 09:00:00 AM,31,14,17
04/27/2019 10:00:00 AM,39,19,20
04/27/2019 11:00:00 AM,52,25,27
04/27/2019 12:00:00 PM,53,31,22
04/27/2019 01:00:00 PM,64,36,28
04/27/2019 02:00:00 PM,56,28,28
04/27/2019 03:00:00 PM,58,35,23
04/27/2019 04:00:00 PM,29,16,13
04/27/2019 05:00:00 PM,28,17,11
04/27/2019 06:00:00 PM,27,13,14
04/27/2019 07:00:00 PM,25,15,10
04/27/2019 08:00:00 PM,9,3,6
04/27/2019 09:00:00 PM,5,3,2
04/27/2019 10:00:00 PM,3,1,2
04/27/2019 11:00:00 PM,10,4,6
04/28/2019 12:00:00 AM,3,3,0
04/28/2019 01:00:00 AM,0,0,0
04/28/2019 02:00:00 AM,2,1,1
04/28/2019 03:00:00 AM,0,0,0
04/28/2019 04:00:00 AM,3,0,3
04/28/2019 05:00:00 AM,1,0,1
04/28/2019 06:00:00 AM,10,5,5
04/28/2019 07:00:00 AM,13,2,11
04/28/2019 08:00:00 AM,31,12,19
04/28/2019 09:00:00 AM,28,9,19
04/28/2019 10:00:00 AM,52,25,27
04/28/2019 11:00:00 AM,78,29,49
04/28/2019 12:00:00 PM,83,42,41
04/28/2019 01:00:00 PM,65,32,33
04/28/2019 02:00:00 PM,87,48,39
04/28/2019 03:00:00 PM,94,51,43
04/28/2019 04:00:00 PM,84,57,27
04/28/2019 05:00:00 PM,50,31,19
04/28/2019 06:00:00 PM,32,15,17
04/28/2019 07:00:00 PM,21,6,15
04/28/2019 08:00:00 PM,13,3,10
04/28/2019 09:00:00 PM,10,8,2
04/28/2019 10:00:00 PM,6,4,2
04/28/2019 11:00:00 PM,5,2,3
04/29/2019 12:00:00 AM,1,1,0
04/29/2019 01:00:00 AM,3,2,1
04/29/2019 02:00:00 AM,1,0,1
04/29/2019 03:00:00 AM,4,2,2
04/29/2019 04:00:00 AM,3,2,1
04/29/2019 05:00:00 AM,24,4,20
04/29/2019 06:00:00 AM,85,13,72
04/29/2019 07:00:00 AM,178,19,159
04/29/2019 08:00:00 AM,161,9,152
04/29/2019 09:00:00 AM,68,8,60
04/29/2019 10:00:00 AM,28,4,24
04/29/2019 11:00:00 AM,21,9,12
04/29/2019 12:00:00 PM,28,11,17
04/29/2019 01:00:00 PM,24,13,11
04/29/2019 02:00:00 PM,36,22,14
04/29/2019 03:00:00 PM,64,45,19
04/29/2019 04:00:00 PM,127,116,11
04/29/2019 05:00:00 PM,207,197,10
04/29/2019 06:00:00 PM,131,116,15
04/29/2019 07:00:00 PM,43,30,13
04/29/2019 08:00:00 PM,17,12,5
04/29/2019 09:00:00 PM,7,6,1
04/29/2019 10:00:00 PM,4,2,2
04/29/2019 11:00:00 PM,2,1,1
04/30/2019 12:00:00 AM,2,1,1
04/30/2019 01:00:00 AM,1,1,0
04/30/2019 02:00:00 AM,2,2,0
04/30/2019 03:00:00 AM,4,1,3
04/30/2019 04:00:00 AM,4,1,3
04/30/2019 05:00:00 AM,26,5,21
04/30/2019 06:00:00 AM,92,13,79
04/30/2019 07:00:00 AM,172,16,156
04/30/2019 08:00:00 AM,190,11,179
04/30/2019 09:00:00 AM,69,13,56
04/30/2019 10:00:00 AM,24,6,18
04/30/2019 11:00:00 AM,42,19,23
04/30/2019 12:00:00 PM,21,10,11
04/30/2019 01:00:00 PM,34,19,15
04/30/2019 02:00:00 PM,30,14,16
04/30/2019 03:00:00 PM,59,49,10
04/30/2019 04:00:00 PM,146,113,33
04/30/2019 05:00:00 PM,227,197,30
04/30/2019 06:00:00 PM,138,120,18
04/30/2019 07:00:00 PM,50,40,10
04/30/2019 08:00:00 PM,18,12,6
04/30/2019 09:00:00 PM,18,11,7
04/30/2019 10:00:00 PM,16,16,0
04/30/2019 11:00:00 PM,3,2,1
05/01/2019 12:00:00 AM,1,1,0
05/01/2019 01:00:00 AM,2,2,0
05/01/2019 02:00:00 AM,3,1,2
05/01/2019 03:00:00 AM,2,1,1
05/01/2019 04:00:00 AM,4,1,3
05/01/2019 05:00:00 AM,27,6,21
05/01/2019 06:00:00 AM,119,20,99
05/01/2019 07:00:00 AM,200,13,187
05/01/2019 08:00:00 AM,188,10,178
05/01/2019 09:00:00 AM,74,12,62
05/01/2019 10:00:00 AM,31,7,24
05/01/2019 11:00:00 AM,30,19,11
05/01/2019 12:00:00 PM,19,7,12
05/01/2019 01:00:00 PM,25,14,11
05/01/2019 02:00:00 PM,51,22,29
05/01/2019 03:00:00 PM,78,53,25
05/01/2019 04:00:00 PM,153,126,27
05/01/2019 05:00:00 PM,247,219,28
05/01/2019 06:00:00 PM,155,127,28
05/01/2019 07:00:00 PM,64,55,9
05/01/2019 08:00:00 PM,35,24,11
05/01/2019 09:00:00 PM,15,12,3
05/01/2019 10:00:00 PM,7,7,0
05/01/2019 11:00:00 PM,7,6,1
05/02/2019 12:00:00 AM,2,1,1
05/02/2019 01:00:00 AM,0,0,0
05/02/2019 02:00:00 AM,4,2,2
05/02/2019 03:00:00 AM,2,1,1
05/02/2019 04:00:00 AM,9,1,8
05/02/2019 05:00:00 AM,25,5,20
05/02/2019 06:00:00 AM,87,14,73
05/02/2019 07:00:00 AM,174,14,160
05/02/2019 08:00:00 AM,170,13,157
05/02/2019 09:00:00 AM,55,6,49
05/02/2019 10:00:00 AM,29,5,24
05/02/2019 11:00:00 AM,29,8,21
05/02/2019 12:00:00 PM,28,10,18
05/02/2019 01:00:00 PM,23,9,14
05/02/2019 02:00:00 PM,34,21,13
05/02/2019 03:00:00 PM,52,37,15
05/02/2019 04:00:00 PM,118,96,22
05/02/2019 05:00:00 PM,176,164,12
05/02/2019 06:00:00 PM,126,112,14
05/02/2019 07:00:00 PM,54,47,7
05/02/2019 08:00:00 PM,34,28,6
05/02/2019 09:00:00 PM,19,15,4
05/02/2019 10:00:00 PM,17,13,4
05/02/2019 11:00:00 PM,4,4,0
05/03/2019 12:00:00 AM,3,2,1
05/03/2019 01:00:00 AM,5,1,4
05/03/2019 02:00:00 AM,2,2,0
05/03/2019 03:00:00 AM,4,0,4
05/03/2019 04:00:00 AM,4,2,2
05/03/2019 05:00:00 AM,15,3,12
05/03/2019 06:00:00 AM,69,12,57
05/03/2019 07:00:00 AM,140,16,124
05/03/2019 08:00:00 AM,126,14,112
05/03/2019 09:00:00 AM,61,8,53
05/03/2019 10:00:00 AM,30,8,22
05/03/2019 11:00:00 AM,17,4,13
05/03/2019 12:00:00 PM,22,10,12
05/03/2019 01:00:00 PM,26,15,11
05/03/2019 02:00:00 PM,37,25,12
05/03/2019 03:00:00 PM,48,39,9
05/03/2019 04:00:00 PM,122,100,22
05/03/2019 05:00:00 PM,151,138,13
05/03/2019 06:00:00 PM,101,86,15
05/03/2019 07:00:00 PM,31,19,12
05/03/2019 08:00:00 PM,16,6,10
05/03/2019 09:00:00 PM,17,12,5
05/03/2019 10:00:00 PM,2,2,0
05/03/2019 11:00:00 PM,10,8,2
05/04/2019 12:00:00 AM,4,2,2
05/04/2019 01:00:00 AM,4,2,2
05/04/2019 02:00:00 AM,2,0,2
05/04/2019 03:00:00 AM,2,1,1
05/04/2019 04:00:00 AM,3,1,2
05/04/2019 05:00:00 AM,2,0,2
05/04/2019 06:00:00 AM,14,6,8
05/04/2019 07:00:00 AM,21,5,16
05/04/2019 08:00:00 AM,35,13,22
05/04/2019 09:00:00 AM,34,14,20
05/04/2019 10:00:00 AM,64,34,30
05/04/2019 11:00:00 AM,80,37,43
05/04/2019 12:00:00 PM,87,38,49
05/04/2019 01:00:00 PM,53,33,20
05/04/2019 02:00:00 PM,73,38,35
05/04/2019 03:00:00 PM,102,49,53
05/04/2019 04:00:00 PM,64,39,25
05/04/2019 05:00:00 PM,44,20,24
05/04/2019 06:00:00 PM,46,21,25
05/04/2019 07:00:00 PM,34,20,14
05/04/2019 08:00:00 PM,17,9,8
05/04/2019 09:00:00 PM,6,2,4
05/04/2019 10:00:00 PM,9,5,4
05/04/2019 11:00:00 PM,2,2,0
05/05/2019 12:00:00 AM,9,6,3
05/05/2019 01:00:00 AM,0,0,0
05/05/2019 02:00:00 AM,1,1,0
05/05/2019 03:00:00 AM,0,0,0
05/05/2019 04:00:00 AM,2,1,1
05/05/2019 05:00:00 AM,6,1,5
05/05/2019 06:00:00 AM,16,8,8
05/05/2019 07:00:00 AM,11,2,9
05/05/2019 08:00:00 AM,60,20,40
05/05/2019 09:00:00 AM,44,14,30
05/05/2019 10:00:00 AM,54,27,27
05/05/2019 11:00:00 AM,77,41,36
05/05/2019 12:00:00 PM,80,41,39
05/05/2019 01:00:00 PM,104,61,43
05/05/2019 02:00:00 PM,82,41,41
05/05/2019 03:00:00 PM,73,43,30
05/05/2019 04:00:00 PM,95,53,42
05/05/2019 05:00:00 PM,34,17,17
05/05/2019 06:00:00 PM,36,20,16
05/05/2019 07:00:00 PM,17,6,11
05/05/2019 08:00:00 PM,17,13,4
05/05/2019 09:00:00 PM,19,10,9
05/05/2019 10:00:00 PM,4,2,2
05/05/2019 11:00:00 PM,1,0,1
05/06/2019 12:00:00 AM,2,1,1
05/06/2019 01:00:00 AM,3,2,1
05/06/2019 02:00:00 AM,1,1,0
05/06/2019 03:00:00 AM,3,2,1
05/06/2019 04:00:00 AM,6,0,6
05/06/2019 05:00:00 AM,25,6,19
05/06/2019 06:00:00 AM,94,10,84
05/06/2019 07:00:00 AM,181,11,170
05/06/2019 08:00:00 AM,220,17,203
05/06/2019 09:00:00 AM,81,14,67
05/06/2019 10:00:00 AM,35,9,26
05/06/2019 11:00:00 AM,23,9,14
05/06/2019 12:00:00 PM,25,10,15
05/06/2019 01:00:00 PM,38,27,11
05/06/2019 02:00:00 PM,43,29,14
05/06/2019 03:00:00 PM,82,60,22
05/06/2019 04:00:00 PM,151,129,22
05/06/2019 05:00:00 PM,242,222,20
05/06/2019 06:00:00 PM,132,111,21
05/06/2019 07:00:00 PM,59,40,19
05/06/2019 08:00:00 PM,29,21,8
05/06/2019 09:00:00 PM,7,5,2
05/06/2019 10:00:00 PM,12,9,3
05/06/2019 11:00:00 PM,3,2,1
05/07/2019 12:00:00 AM,0,0,0
05/07/2019 01:00:00 AM,0,0,0
05/07/2019 02:00:00 AM,4,2,2
05/07/2019 03:00:00 AM,1,1,0
05/07/2019 04:00:00 AM,7,3,4
05/07/2019 05:00:00 AM,29,2,27
05/07/2019 06:00:00 AM,123,12,111
05/07/2019 07:00:00 AM,210,19,191
05/07/2019 08:00:00 AM,207,17,190
05/07/2019 09:00:00 AM,64,14,50
05/07/2019 10:00:00 AM,34,6,28
05/07/2019 11:00:00 AM,30,8,22
05/07/2019 12:00:00 PM,19,7,12
05/07/2019 01:00:00 PM,26,15,11
05/07/2019 02:00:00 PM,45,29,16
05/07/2019 03:00:00 PM,62,45,17
05/07/2019 04:00:00 PM,170,141,29
05/07/2019 05:00:00 PM,252,222,30
05/07/2019 06:00:00 PM,139,125,14
05/07/2019 07:00:00 PM,98,72,26
05/07/2019 08:00:00 PM,36,21,15
05/07/2019 09:00:00 PM,13,10,3
05/07/2019 10:00:00 PM,7,6,1
05/07/2019 11:00:00 PM,8,7,1
05/08/2019 12:00:00 AM,0,0,0
05/08/2019 01:00:00 AM,2,1,1
05/08/2019 02:00:00 AM,3,1,2
05/08/2019 03:00:00 AM,0,0,0
05/08/2019 04:00:00 AM,8,1,7
05/08/2019 05:00:00 AM,31,3,28
05/08/2019 06:00:00 AM,107,13,94
05/08/2019 07:00:00 AM,186,13,173
05/08/2019 08:00:00 AM,212,16,196
05/08/2019 09:00:00 AM,57,8,49
05/08/2019 10:00:00 AM,35,13,22
05/08/2019 11:00:00 AM,20,6,14
05/08/2019 12:00:00 PM,26,10,16
05/08/2019 01:00:00 PM,27,19,8
05/08/2019 02:00:00 PM,41,17,24
05/08/2019 03:00:00 PM,80,61,19
05/08/2019 04:00:00 PM,141,119,22
05/08/2019 05:00:00 PM,270,248,22
05/08/2019 06:00:00 PM,141,118,23
05/08/2019 07:00:00 PM,78,62,16
05/08/2019 08:00:00 PM,32,28,4
05/08/2019 09:00:00 PM,32,16,16
05/08/2019 10:00:00 PM,12,6,6
05/08/2019 11:00:00 PM,10,7,3
05/09/2019 12:00:00 AM,4,3,1
05/09/2019 01:00:00 AM,0,0,0
05/09/2019 02:00:00 AM,5,1,4
05/09/2019 03:00:00 AM,5,5,0
05/09/2019 04:00:00 AM,8,2,6
05/09/2019 05:00:00 AM,42,8,34
05/09/2019 06:00:00 AM,123,21,102
05/09/2019 07:00:00 AM,190,18,172
05/09/2019 08:00:00 AM,203,13,190
05/09/2019 09:00:00 AM,82,14,68
05/09/2019 10:00:00 AM,36,13,23
05/09/2019 11:00:00 AM,46,21,25
05/09/2019 12:00:00 PM,36,16,20
05/09/2019 01:00:00 PM,42,24,18
05/09/2019 02:00:00 PM,40,19,21
05/09/2019 03:00:00 PM,67,54,13
05/09/2019 04:00:00 PM,163,125,38
05/09/2019 05:00:00 PM,249,219,30
05/09/2019 06:00:00 PM,137,117,20
05/09/2019 07:00:00 PM,69,55,14
05/09/2019 08:00:00 PM,30,21,9
05/09/2019 09:00:00 PM,16,9,7
05/09/2019 10:00:00 PM,16,11,5
05/09/2019 11:00:00 PM,8,6,2
05/10/2019 12:00:00 AM,5,2,3
05/10/2019 01:00:00 AM,2,1,1
05/10/2019 02:00:00 AM,3,1,2
05/10/2019 03:00:00 AM,1,1,0
05/10/2019 04:00:00 AM,7,1,6
05/10/2019 05:00:00 AM,19,4,15
05/10/2019 06:00:00 AM,111,16,95
05/10/2019 07:00:00 AM,176,18,158
05/10/2019 08:00:00 AM,170,12,158
05/10/2019 09:00:00 AM,74,21,53
05/10/2019 10:00:00 AM,45,21,24
05/10/2019 11:00:00 AM,23,9,14
05/10/2019 12:00:00 PM,34,16,18
05/10/2019 01:00:00 PM,49,27,22
05/10/2019 02:00:00 PM,50,32,18
05/10/2019 03:00:00 PM,78,61,17
05/10/2019 04:00:00 PM,141,115,26
05/10/2019 05:00:00 PM,211,185,26
05/10/2019 06:00:00 PM,107,91,16
05/10/2019 07:00:00 PM,51,36,15
05/10/2019 08:00:00 PM,50,38,12
05/10/2019 09:00:00 PM,16,5,11
05/10/2019 10:00:00 PM,12,3,9
05/10/2019 11:00:00 PM,10,9,1
05/11/2019 12:00:00 AM,6,5,1
05/11/2019 01:00:00 AM,2,1,1
05/11/2019 02:00:00 AM,7,4,3
05/11/2019 03:00:00 AM,0,0,0
05/11/2019 04:00:00 AM,4,3,1
05/11/2019 05:00:00 AM,6,2,4
05/11/2019 06:00:00 AM,23,8,15
05/11/2019 07:00:00 AM,22,9,13
05/11/2019 08:00:00 AM,54,25,29
05/11/2019 09:00:00 AM,52,22,30
05/11/2019 10:00:00 AM,88,41,47
05/11/2019 11:00:00 AM,84,54,30
05/11/2019 12:00:00 PM,95,56,39
05/11/2019 01:00:00 PM,98,55,43
05/11/2019 02:00:00 PM,98,49,49
05/11/2019 03:00:00 PM,67,33,34
05/11/2019 04:00:00 PM,66,32,34
05/11/2019 05:00:00 PM,60,19,41
05/11/2019 06:00:00 PM,39,11,28
05/11/2019 07:00:00 PM,25,12,13
05/11/2019 08:00:00 PM,15,8,7
05/11/2019 09:00:00 PM,28,22,6
05/11/2019 10:00:00 PM,18,14,4
05/11/2019 11:00:00 PM,3,3,0
05/12/2019 12:00:00 AM,3,2,1
05/12/2019 01:00:00 AM,1,1,0
05/12/2019 02:00:00 AM,2,0,2
05/12/2019 03:00:00 AM,1,1,0
05/12/2019 04:00:00 AM,0,0,0
05/12/2019 05:00:00 AM,8,3,5
05/12/2019 06:00:00 AM,5,1,4
05/12/2019 07:00:00 AM,10,2,8
05/12/2019 08:00:00 AM,12,6,6
05/12/2019 09:00:00 AM,29,16,13
05/12/2019 10:00:00 AM,32,14,18
05/12/2019 11:00:00 AM,27,14,13
05/12/2019 12:00:00 PM,49,37,12
05/12/2019 01:00:00 PM,37,17,20
05/12/2019 02:00:00 PM,44,31,13
05/12/2019 03:00:00 PM,53,23,30
05/12/2019 04:00:00 PM,35,18,17
05/12/2019 05:00:00 PM,30,13,17
05/12/2019 06:00:00 PM,32,18,14
05/12/2019 07:00:00 PM,20,10,10
05/12/2019 08:00:00 PM,19,9,10
05/12/2019 09:00:00 PM,4,2,2
05/12/2019 10:00:00 PM,6,6,0
05/12/2019 11:00:00 PM,1,0,1
05/13/2019 12:00:00 AM,0,0,0
05/13/2019 01:00:00 AM,1,0,1
05/13/2019 02:00:00 AM,1,1,0
05/13/2019 03:00:00 AM,1,0,1
05/13/2019 04:00:00 AM,8,2,6
05/13/2019 05:00:00 AM,27,5,22
05/13/2019 06:00:00 AM,97,10,87
05/13/2019 07:00:00 AM,181,11,170
05/13/2019 08:00:00 AM,186,16,170
05/13/2019 09:00:00 AM,81,17,64
05/13/2019 10:00:00 AM,26,7,19
05/13/2019 11:00:00 AM,20,9,11
05/13/2019 12:00:00 PM,13,10,3
05/13/2019 01:00:00 PM,20,13,7
05/13/2019 02:00:00 PM,27,20,7
05/13/2019 03:00:00 PM,50,39,11
05/13/2019 04:00:00 PM,123,106,17
05/13/2019 05:00:00 PM,245,225,20
05/13/2019 06:00:00 PM,126,113,13
05/13/2019 07:00:00 PM,77,50,27
05/13/2019 08:00:00 PM,38,20,18
05/13/2019 09:00:00 PM,18,11,7
05/13/2019 10:00:00 PM,6,5,1
05/13/2019 11:00:00 PM,3,3,0
05/14/2019 12:00:00 AM,0,0,0
05/14/2019 01:00:00 AM,0,0,0
05/14/2019 02:00:00 AM,3,1,2
05/14/2019 03:00:00 AM,0,0,0
05/14/2019 04:00:00 AM,3,2,1
05/14/2019 05:00:00 AM,30,4,26
05/14/2019 06:00:00 AM,93,15,78
05/14/2019 07:00:00 AM,136,17,119
05/14/2019 08:00:00 AM,126,8,118
05/14/2019 09:00:00 AM,42,7,35
05/14/2019 10:00:00 AM,14,3,11
05/14/2019 11:00:00 AM,15,3,12
05/14/2019 12:00:00 PM,5,1,4
05/14/2019 01:00:00 PM,11,8,3
05/14/2019 02:00:00 PM,10,5,5
05/14/2019 03:00:00 PM,30,20,10
05/14/2019 04:00:00 PM,104,84,20
05/14/2019 05:00:00 PM,180,169,11
05/14/2019 06:00:00 PM,82,75,7
05/14/2019 07:00:00 PM,49,33,16
05/14/2019 08:00:00 PM,19,16,3
05/14/2019 09:00:00 PM,7,5,2
05/14/2019 10:00:00 PM,10,9,1
05/14/2019 11:00:00 PM,4,3,1
05/15/2019 12:00:00 AM,1,1,0
05/15/2019 01:00:00 AM,1,0,1
05/15/2019 02:00:00 AM,4,3,1
05/15/2019 03:00:00 AM,3,1,2
05/15/2019 04:00:00 AM,7,1,6
05/15/2019 05:00:00 AM,19,4,15
05/15/2019 06:00:00 AM,86,15,71
05/15/2019 07:00:00 AM,120,14,106
05/15/2019 08:00:00 AM,224,12,212
05/15/2019 09:00:00 AM,57,9,48
05/15/2019 10:00:00 AM,29,8,21
05/15/2019 11:00:00 AM,54,27,27
05/15/2019 12:00:00 PM,32,17,15
05/15/2019 01:00:00 PM,51,21,30
05/15/2019 02:00:00 PM,38,24,14
05/15/2019 03:00:00 PM,56,39,17
05/15/2019 04:00:00 PM,109,88,21
05/15/2019 05:00:00 PM,164,151,13
05/15/2019 06:00:00 PM,96,88,8
05/15/2019 07:00:00 PM,58,42,16
05/15/2019 08:00:00 PM,17,16,1
05/15/2019 09:00:00 PM,13,10,3
05/15/2019 10:00:00 PM,4,3,1
05/15/2019 11:00:00 PM,4,2,2
05/16/2019 12:00:00 AM,1,1,0
05/16/2019 01:00:00 AM,3,1,2
05/16/2019 02:00:00 AM,2,1,1
05/16/2019 03:00:00 AM,0,0,0
05/16/2019 04:00:00 AM,6,1,5
05/16/2019 05:00:00 AM,32,5,27
05/16/2019 06:00:00 AM,75,10,65
05/16/2019 07:00:00 AM,144,15,129
05/16/2019 08:00:00 AM,146,8,138
05/16/2019 09:00:00 AM,55,8,47
05/16/2019 10:00:00 AM,26,7,19
05/16/2019 11:00:00 AM,23,8,15
05/16/2019 12:00:00 PM,15,6,9
05/16/2019 01:00:00 PM,14,10,4
05/16/2019 02:00:00 PM,17,10,7
05/16/2019 03:00:00 PM,33,30,3
05/16/2019 04:00:00 PM,97,79,18
05/16/2019 05:00:00 PM,155,143,12
05/16/2019 06:00:00 PM,100,90,10
05/16/2019 07:00:00 PM,36,28,8
05/16/2019 08:00:00 PM,15,14,1
05/16/2019 09:00:00 PM,16,13,3
05/16/2019 10:00:00 PM,6,4,2
05/16/2019 11:00:00 PM,3,3,0
05/17/2019 12:00:00 AM,2,0,2
05/17/2019 01:00:00 AM,3,2,1
05/17/2019 02:00:00 AM,2,0,2
05/17/2019 03:00:00 AM,1,0,1
05/17/2019 04:00:00 AM,7,2,5
05/17/2019 05:00:00 AM,26,4,22
05/17/2019 06:00:00 AM,82,9,73
05/17/2019 07:00:00 AM,137,17,120
05/17/2019 08:00:00 AM,163,14,149
05/17/2019 09:00:00 AM,54,9,45
05/17/2019 10:00:00 AM,17,7,10
05/17/2019 11:00:00 AM,34,14,20
05/17/2019 12:00:00 PM,54,32,22
05/17/2019 01:00:00 PM,41,12,29
05/17/2019 02:00:00 PM,45,28,17
05/17/2019 03:00:00 PM,55,38,17
05/17/2019 04:00:00 PM,107,85,22
05/17/2019 05:00:00 PM,199,169,30
05/17/2019 06:00:00 PM,101,84,17
05/17/2019 07:00:00 PM,45,35,10
05/17/2019 08:00:00 PM,19,11,8
05/17/2019 09:00:00 PM,15,13,2
05/17/2019 10:00:00 PM,7,3,4
05/17/2019 11:00:00 PM,4,2,2
05/18/2019 12:00:00 AM,5,3,2
05/18/2019 01:00:00 AM,2,2,0
05/18/2019 02:00:00 AM,2,2,0
05/18/2019 03:00:00 AM,0,0,0
05/18/2019 04:00:00 AM,2,1,1
05/18/2019 05:00:00 AM,14,4,10
05/18/2019 06:00:00 AM,10,4,6
05/18/2019 07:00:00 AM,17,9,8
05/18/2019 08:00:00 AM,38,10,28
05/18/2019 09:00:00 AM,56,29,27
05/18/2019 10:00:00 AM,62,28,34
05/18/2019 11:00:00 AM,73,37,36
05/18/2019 12:00:00 PM,79,49,30
05/18/2019 01:00:00 PM,82,44,38
05/18/2019 02:00:00 PM,103,69,34
05/18/2019 03:00:00 PM,84,41,43
05/18/2019 04:00:00 PM,68,32,36
05/18/2019 05:00:00 PM,67,43,24
05/18/2019 06:00:00 PM,47,22,25
05/18/2019 07:00:00 PM,24,9,15
05/18/2019 08:00:00 PM,11,4,7
05/18/2019 09:00:00 PM,13,12,1
05/18/2019 10:00:00 PM,8,6,2
05/18/2019 11:00:00 PM,6,6,0
05/19/2019 12:00:00 AM,4,3,1
05/19/2019 01:00:00 AM,1,1,0
05/19/2019 02:00:00 AM,1,1,0
05/19/2019 03:00:00 AM,1,1,0
05/19/2019 04:00:00 AM,3,2,1
05/19/2019 05:00:00 AM,4,2,2
05/19/2019 06:00:00 AM,6,2,4
05/19/2019 07:00:00 AM,11,2,9
05/19/2019 08:00:00 AM,27,8,19
05/19/2019 09:00:00 AM,37,16,21
05/19/2019 10:00:00 AM,24,16,8
05/19/2019 11:00:00 AM,37,17,20
05/19/2019 12:00:00 PM,42,23,19
05/19/2019 01:00:00 PM,66,29,37
05/19/2019 02:00:00 PM,65,33,32
05/19/2019 03:00:00 PM,62,35,27
05/19/2019 04:00:00 PM,64,36,28
05/19/2019 05:00:00 PM,46,21,25
05/19/2019 06:00:00 PM,28,15,13
05/19/2019 07:00:00 PM,21,11,10
05/19/2019 08:00:00 PM,14,8,6
05/19/2019 09:00:00 PM,11,4,7
05/19/2019 10:00:00 PM,6,4,2
05/19/2019 11:00:00 PM,2,1,1
05/20/2019 12:00:00 AM,1,1,0
05/20/2019 01:00:00 AM,3,2,1
05/20/2019 02:00:00 AM,1,0,1
05/20/2019 03:00:00 AM,0,0,0
05/20/2019 04:00:00 AM,9,0,9
05/20/2019 05:00:00 AM,26,6,20
05/20/2019 06:00:00 AM,75,8,67
05/20/2019 07:00:00 AM,128,10,118
05/20/2019 08:00:00 AM,175,7,168
05/20/2019 09:00:00 AM,51,2,49
05/20/2019 10:00:00 AM,30,5,25
05/20/2019 11:00:00 AM,14,6,8
05/20/2019 12:00:00 PM,22,12,10
05/20/2019 01:00:00 PM,12,8,4
05/20/2019 02:00:00 PM,18,9,9
05/20/2019 03:00:00 PM,29,25,4
05/20/2019 04:00:00 PM,95,79,16
05/20/2019 05:00:00 PM,178,167,11
05/20/2019 06:00:00 PM,102,91,11
05/20/2019 07:00:00 PM,33,24,9
05/20/2019 08:00:00 PM,16,12,4
05/20/2019 09:00:00 PM,11,6,5
05/20/2019 10:00:00 PM,3,2,1
05/20/2019 11:00:00 PM,2,2,0
05/21/2019 12:00:00 AM,1,0,1
05/21/2019 01:00:00 AM,0,0,0
05/21/2019 02:00:00 AM,1,0,1
05/21/2019 03:00:00 AM,1,1,0
05/21/2019 04:00:00 AM,7,1,6
05/21/2019 05:00:00 AM,26,2,24
05/21/2019 06:00:00 AM,84,11,73
05/21/2019 07:00:00 AM,148,14,134
05/21/2019 08:00:00 AM,183,11,172
05/21/2019 09:00:00 AM,61,7,54
05/21/2019 10:00:00 AM,23,6,17
05/21/2019 11:00:00 AM,28,9,19
05/21/2019 12:00:00 PM,20,9,11
05/21/2019 01:00:00 PM,19,9,10
05/21/2019 02:00:00 PM,21,13,8
05/21/2019 03:00:00 PM,56,47,9
05/21/2019 04:00:00 PM,114,97,17
05/21/2019 05:00:00 PM,223,199,24
05/21/2019 06:00:00 PM,91,79,12
05/21/2019 07:00:00 PM,61,49,12
05/21/2019 08:00:00 PM,25,18,7
05/21/2019 09:00:00 PM,17,14,3
05/21/2019 10:00:00 PM,8,3,5
05/21/2019 11:00:00 PM,2,2,0
05/22/2019 12:00:00 AM,4,3,1
05/22/2019 01:00:00 AM,1,0,1
05/22/2019 02:00:00 AM,4,2,2
05/22/2019 03:00:00 AM,1,0,1
05/22/2019 04:00:00 AM,4,1,3
05/22/2019 05:00:00 AM,23,3,20
05/22/2019 06:00:00 AM,122,15,107
05/22/2019 07:00:00 AM,179,14,165
05/22/2019 08:00:00 AM,193,14,179
05/22/2019 09:00:00 AM,73,12,61
05/22/2019 10:00:00 AM,38,12,26
05/22/2019 11:00:00 AM,30,10,20
05/22/2019 12:00:00 PM,30,11,19
05/22/2019 01:00:00 PM,46,28,18
05/22/2019 02:00:00 PM,51,25,26
05/22/2019 03:00:00 PM,86,60,26
05/22/2019 04:00:00 PM,139,119,20
05/22/2019 05:00:00 PM,263,234,29
05/22/2019 06:00:00 PM,168,138,30
05/22/2019 07:00:00 PM,64,53,11
05/22/2019 08:00:00 PM,40,31,9
05/22/2019 09:00:00 PM,33,26,7
05/22/2019 10:00:00 PM,10,7,3
05/22/2019 11:00:00 PM,20,12,8
05/23/2019 12:00:00 AM,5,3,2
05/23/2019 01:00:00 AM,1,0,1
05/23/2019 02:00:00 AM,4,2,2
05/23/2019 03:00:00 AM,2,0,2
05/23/2019 04:00:00 AM,6,2,4
05/23/2019 05:00:00 AM,16,4,12
05/23/2019 06:00:00 AM,120,18,102
05/23/2019 07:00:00 AM,170,17,153
05/23/2019 08:00:00 AM,210,17,193
05/23/2019 09:00:00 AM,92,13,79
05/23/2019 10:00:00 AM,30,6,24
05/23/2019 11:00:00 AM,42,22,20
05/23/2019 12:00:00 PM,36,17,19
05/23/2019 01:00:00 PM,52,28,24
05/23/2019 02:00:00 PM,40,22,18
05/23/2019 03:00:00 PM,72,50,22
05/23/2019 04:00:00 PM,144,113,31
05/23/2019 05:00:00 PM,246,214,32
05/23/2019 06:00:00 PM,155,130,25
05/23/2019 07:00:00 PM,56,42,14
05/23/2019 08:00:00 PM,34,27,7
05/23/2019 09:00:00 PM,16,13,3
05/23/2019 10:00:00 PM,14,12,2
05/23/2019 11:00:00 PM,9,8,1
05/24/2019 12:00:00 AM,3,1,2
05/24/2019 01:00:00 AM,0,0,0
05/24/2019 02:00:00 AM,2,1,1
05/24/2019 03:00:00 AM,1,1,0
05/24/2019 04:00:00 AM,5,3,2
05/24/2019 05:00:00 AM,16,3,13
05/24/2019 06:00:00 AM,63,9,54
05/24/2019 07:00:00 AM,111,17,94
05/24/2019 08:00:00 AM,120,6,114
05/24/2019 09:00:00 AM,47,6,41
05/24/2019 10:00:00 AM,21,12,9
05/24/2019 11:00:00 AM,24,9,15
05/24/2019 12:00:00 PM,16,9,7
05/24/2019 01:00:00 PM,47,26,21
05/24/2019 02:00:00 PM,58,38,20
05/24/2019 03:00:00 PM,51,43,8
05/24/2019 04:00:00 PM,93,80,13
05/24/2019 05:00:00 PM,121,103,18
05/24/2019 06:00:00 PM,65,54,11
05/24/2019 07:00:00 PM,24,18,6
05/24/2019 08:00:00 PM,12,11,1
05/24/2019 09:00:00 PM,10,8,2
05/24/2019 10:00:00 PM,12,8,4
05/24/2019 11:00:00 PM,1,1,0
05/25/2019 12:00:00 AM,4,4,0
05/25/2019 01:00:00 AM,4,3,1
05/25/2019 02:00:00 AM,1,1,0
05/25/2019 03:00:00 AM,4,1,3
05/25/2019 04:00:00 AM,1,0,1
05/25/2019 05:00:00 AM,1,1,0
05/25/2019 06:00:00 AM,6,2,4
05/25/2019 07:00:00 AM,21,9,12
05/25/2019 08:00:00 AM,15,8,7
05/25/2019 09:00:00 AM,27,10,17
05/25/2019 10:00:00 AM,42,18,24
05/25/2019 11:00:00 AM,22,11,11
05/25/2019 12:00:00 PM,11,5,6
05/25/2019 01:00:00 PM,14,8,6
05/25/2019 02:00:00 PM,11,6,5
05/25/2019 03:00:00 PM,7,4,3
05/25/2019 04:00:00 PM,10,9,1
05/25/2019 05:00:00 PM,9,5,4
05/25/2019 06:00:00 PM,15,9,6
05/25/2019 07:00:00 PM,8,5,3
05/25/2019 08:00:00 PM,5,5,0
05/25/2019 09:00:00 PM,3,1,2
05/25/2019 10:00:00 PM,1,0,1
05/25/2019 11:00:00 PM,2,1,1
05/26/2019 12:00:00 AM,1,0,1
05/26/2019 01:00:00 AM,1,0,1
05/26/2019 02:00:00 AM,1,1,0
05/26/2019 03:00:00 AM,1,0,1
05/26/2019 04:00:00 AM,3,0,3
05/26/2019 05:00:00 AM,6,3,3
05/26/2019 06:00:00 AM,22,2,20
05/26/2019 07:00:00 AM,33,6,27
05/26/2019 08:00:00 AM,54,28,26
05/26/2019 09:00:00 AM,77,55,22
05/26/2019 10:00:00 AM,56,32,24
05/26/2019 11:00:00 AM,45,25,20
05/26/2019 12:00:00 PM,72,40,32
05/26/2019 01:00:00 PM,95,38,57
05/26/2019 02:00:00 PM,65,25,40
05/26/2019 03:00:00 PM,60,30,30
05/26/2019 04:00:00 PM,58,29,29
05/26/2019 05:00:00 PM,39,21,18
05/26/2019 06:00:00 PM,29,17,12
05/26/2019 07:00:00 PM,20,9,11
05/26/2019 08:00:00 PM,26,15,11
05/26/2019 09:00:00 PM,12,5,7
05/26/2019 10:00:00 PM,6,4,2
05/26/2019 11:00:00 PM,6,2,4
05/27/2019 12:00:00 AM,3,2,1
05/27/2019 01:00:00 AM,1,1,0
05/27/2019 02:00:00 AM,0,0,0
05/27/2019 03:00:00 AM,2,2,0
05/27/2019 04:00:00 AM,2,0,2
05/27/2019 05:00:00 AM,8,5,3
05/27/2019 06:00:00 AM,14,2,12
05/27/2019 07:00:00 AM,23,6,17
05/27/2019 08:00:00 AM,36,16,20
05/27/2019 09:00:00 AM,51,31,20
05/27/2019 10:00:00 AM,78,43,35
05/27/2019 11:00:00 AM,104,53,51
05/27/2019 12:00:00 PM,101,48,53
05/27/2019 01:00:00 PM,121,66,55
05/27/2019 02:00:00 PM,122,67,55
05/27/2019 03:00:00 PM,113,45,68
05/27/2019 04:00:00 PM,90,39,51
05/27/2019 05:00:00 PM,67,40,27
05/27/2019 06:00:00 PM,50,23,27
05/27/2019 07:00:00 PM,42,20,22
05/27/2019 08:00:00 PM,28,17,11
05/27/2019 09:00:00 PM,10,5,5
05/27/2019 10:00:00 PM,8,5,3
05/27/2019 11:00:00 PM,5,4,1
05/28/2019 12:00:00 AM,4,1,3
05/28/2019 01:00:00 AM,1,1,0
05/28/2019 02:00:00 AM,1,0,1
05/28/2019 03:00:00 AM,1,0,1
05/28/2019 04:00:00 AM,5,2,3
05/28/2019 05:00:00 AM,32,5,27
05/28/2019 06:00:00 AM,98,9,89
05/28/2019 07:00:00 AM,196,18,178
05/28/2019 08:00:00 AM,195,12,183
05/28/2019 09:00:00 AM,58,8,50
05/28/2019 10:00:00 AM,37,7,30
05/28/2019 11:00:00 AM,23,5,18
05/28/2019 12:00:00 PM,25,14,11
05/28/2019 01:00:00 PM,27,14,13
05/28/2019 02:00:00 PM,26,20,6
05/28/2019 03:00:00 PM,49,40,9
05/28/2019 04:00:00 PM,104,91,13
05/28/2019 05:00:00 PM,231,207,24
05/28/2019 06:00:00 PM,131,118,13
05/28/2019 07:00:00 PM,67,54,13
05/28/2019 08:00:00 PM,19,15,4
05/28/2019 09:00:00 PM,13,10,3
05/28/2019 10:00:00 PM,9,7,2
05/28/2019 11:00:00 PM,4,4,0
05/29/2019 12:00:00 AM,3,2,1
05/29/2019 01:00:00 AM,0,0,0
05/29/2019 02:00:00 AM,6,2,4
05/29/2019 03:00:00 AM,1,0,1
05/29/2019 04:00:00 AM,6,2,4
05/29/2019 05:00:00 AM,29,5,24
05/29/2019 06:00:00 AM,116,14,102
05/29/2019 07:00:00 AM,200,15,185
05/29/2019 08:00:00 AM,203,13,190
05/29/2019 09:00:00 AM,75,7,68
05/29/2019 10:00:00 AM,34,8,26
05/29/2019 11:00:00 AM,31,10,21
05/29/2019 12:00:00 PM,31,15,16
05/29/2019 01:00:00 PM,35,13,22
05/29/2019 02:00:00 PM,40,22,18
05/29/2019 03:00:00 PM,62,48,14
05/29/2019 04:00:00 PM,138,112,26
05/29/2019 05:00:00 PM,254,231,23
05/29/2019 06:00:00 PM,148,127,21
05/29/2019 07:00:00 PM,62,47,15
05/29/2019 08:00:00 PM,42,35,7
05/29/2019 09:00:00 PM,28,20,8
05/29/2019 10:00:00 PM,13,8,5
05/29/2019 11:00:00 PM,5,3,2
05/30/2019 12:00:00 AM,0,0,0
05/30/2019 01:00:00 AM,1,0,1
05/30/2019 02:00:00 AM,4,3,1
05/30/2019 03:00:00 AM,1,0,1
05/30/2019 04:00:00 AM,4,1,3
05/30/2019 05:00:00 AM,30,5,25
05/30/2019 06:00:00 AM,116,14,102
05/30/2019 07:00:00 AM,201,20,181
05/30/2019 08:00:00 AM,188,19,169
05/30/2019 09:00:00 AM,74,7,67
05/30/2019 10:00:00 AM,33,5,28
05/30/2019 11:00:00 AM,21,9,12
05/30/2019 12:00:00 PM,23,9,14
05/30/2019 01:00:00 PM,26,16,10
05/30/2019 02:00:00 PM,40,26,14
05/30/2019 03:00:00 PM,73,52,21
05/30/2019 04:00:00 PM,137,116,21
05/30/2019 05:00:00 PM,205,185,20
05/30/2019 06:00:00 PM,159,140,19
05/30/2019 07:00:00 PM,88,69,19
05/30/2019 08:00:00 PM,38,30,8
05/30/2019 09:00:00 PM,30,20,10
05/30/2019 10:00:00 PM,19,9,10
05/30/2019 11:00:00 PM,15,8,7
05/31/2019 12:00:00 AM,5,3,2
05/31/2019 01:00:00 AM,2,2,0
05/31/2019 02:00:00 AM,1,1,0
05/31/2019 03:00:00 AM,2,0,2
05/31/2019 04:00:00 AM,5,1,4
05/31/2019 05:00:00 AM,26,2,24
05/31/2019 06:00:00 AM,79,5,74
05/31/2019 07:00:00 AM,152,14,138
05/31/2019 08:00:00 AM,145,14,131
05/31/2019 09:00:00 AM,57,4,53
05/31/2019 10:00:00 AM,20,5,15
05/31/2019 11:00:00 AM,31,14,17
05/31/2019 12:00:00 PM,20,9,11
05/31/2019 01:00:00 PM,35,15,20
05/31/2019 02:00:00 PM,40,26,14
05/31/2019 03:00:00 PM,71,51,20
05/31/2019 04:00:00 PM,101,82,19
05/31/2019 05:00:00 PM,179,156,23
05/31/2019 06:00:00 PM,109,92,17
05/31/2019 07:00:00 PM,50,37,13
05/31/2019 08:00:00 PM,30,16,14
05/31/2019 09:00:00 PM,12,8,4
05/31/2019 10:00:00 PM,10,9,1
05/31/2019 11:00:00 PM,14,6,8
06/01/2019 12:00:00 AM,6,5,1
06/01/2019 01:00:00 AM,1,1,0
06/01/2019 02:00:00 AM,7,4,3
06/01/2019 03:00:00 AM,0,0,0
06/01/2019 04:00:00 AM,3,1,2
06/01/2019 05:00:00 AM,4,1,3
06/01/2019 06:00:00 AM,16,5,11
06/01/2019 07:00:00 AM,25,10,15
06/01/2019 08:00:00 AM,33,13,20
06/01/2019 09:00:00 AM,36,15,21
06/01/2019 10:00:00 AM,96,63,33
06/01/2019 11:00:00 AM,56,24,32
06/01/2019 12:00:00 PM,48,21,27
06/01/2019 01:00:00 PM,57,32,25
06/01/2019 02:00:00 PM,69,36,33
06/01/2019 03:00:00 PM,49,34,15
06/01/2019 04:00:00 PM,60,33,27
06/01/2019 05:00:00 PM,63,32,31
06/01/2019 06:00:00 PM,44,26,18
06/01/2019 07:00:00 PM,36,16,20
06/01/2019 08:00:00 PM,25,13,12
06/01/2019 09:00:00 PM,21,9,12
06/01/2019 10:00:00 PM,7,6,1
06/01/2019 11:00:00 PM,3,0,3
06/02/2019 12:00:00 AM,2,1,1
06/02/2019 01:00:00 AM,4,3,1
06/02/2019 02:00:00 AM,0,0,0
06/02/2019 03:00:00 AM,1,1,0
06/02/2019 04:00:00 AM,2,2,0
06/02/2019 05:00:00 AM,2,2,0
06/02/2019 06:00:00 AM,11,3,8
06/02/2019 07:00:00 AM,14,3,11
06/02/2019 08:00:00 AM,38,17,21
06/02/2019 09:00:00 AM,62,36,26
06/02/2019 10:00:00 AM,106,61,45
06/02/2019 11:00:00 AM,112,53,59
06/02/2019 12:00:00 PM,109,59,50
06/02/2019 01:00:00 PM,87,45,42
06/02/2019 02:00:00 PM,84,28,56
06/02/2019 03:00:00 PM,82,45,37
06/02/2019 04:00:00 PM,67,35,32
06/02/2019 05:00:00 PM,45,23,22
06/02/2019 06:00:00 PM,56,27,29
06/02/2019 07:00:00 PM,15,10,5
06/02/2019 08:00:00 PM,13,6,7
06/02/2019 09:00:00 PM,9,5,4
06/02/2019 10:00:00 PM,7,4,3
06/02/2019 11:00:00 PM,1,1,0
06/03/2019 12:00:00 AM,1,1,0
06/03/2019 01:00:00 AM,3,2,1
06/03/2019 02:00:00 AM,0,0,0
06/03/2019 03:00:00 AM,0,0,0
06/03/2019 04:00:00 AM,2,0,2
06/03/2019 05:00:00 AM,22,7,15
06/03/2019 06:00:00 AM,103,12,91
06/03/2019 07:00:00 AM,193,24,169
06/03/2019 08:00:00 AM,183,16,167
06/03/2019 09:00:00 AM,71,12,59
06/03/2019 10:00:00 AM,40,12,28
06/03/2019 11:00:00 AM,18,6,12
06/03/2019 12:00:00 PM,21,6,15
06/03/2019 01:00:00 PM,21,9,12
06/03/2019 02:00:00 PM,27,17,10
06/03/2019 03:00:00 PM,60,47,13
06/03/2019 04:00:00 PM,125,110,15
06/03/2019 05:00:00 PM,227,205,22
06/03/2019 06:00:00 PM,150,131,19
06/03/2019 07:00:00 PM,66,44,22
06/03/2019 08:00:00 PM,15,11,4
06/03/2019 09:00:00 PM,22,16,6
06/03/2019 10:00:00 PM,9,8,1
06/03/2019 11:00:00 PM,2,2,0
06/04/2019 12:00:00 AM,0,0,0
06/04/2019 01:00:00 AM,1,1,0
06/04/2019 02:00:00 AM,3,1,2
06/04/2019 03:00:00 AM,0,0,0
06/04/2019 04:00:00 AM,4,2,2
06/04/2019 05:00:00 AM,26,7,19
06/04/2019 06:00:00 AM,121,13,108
06/04/2019 07:00:00 AM,196,14,182
06/04/2019 08:00:00 AM,201,15,186
06/04/2019 09:00:00 AM,62,8,54
06/04/2019 10:00:00 AM,25,6,19
06/04/2019 11:00:00 AM,28,9,19
06/04/2019 12:00:00 PM,37,16,21
06/04/2019 01:00:00 PM,31,15,16
06/04/2019 02:00:00 PM,30,17,13
06/04/2019 03:00:00 PM,64,47,17
06/04/2019 04:00:00 PM,140,122,18
06/04/2019 05:00:00 PM,258,226,32
06/04/2019 06:00:00 PM,163,131,32
06/04/2019 07:00:00 PM,69,57,12
06/04/2019 08:00:00 PM,61,48,13
06/04/2019 09:00:00 PM,28,20,8
06/04/2019 10:00:00 PM,17,7,10
06/04/2019 11:00:00 PM,7,2,5
06/05/2019 12:00:00 AM,9,2,7
06/05/2019 01:00:00 AM,3,1,2
06/05/2019 02:00:00 AM,2,1,1
06/05/2019 03:00:00 AM,0,0,0
06/05/2019 04:00:00 AM,4,2,2
06/05/2019 05:00:00 AM,25,3,22
06/05/2019 06:00:00 AM,120,15,105
06/05/2019 07:00:00 AM,194,17,177
06/05/2019 08:00:00 AM,173,15,158
06/05/2019 09:00:00 AM,77,18,59
06/05/2019 10:00:00 AM,32,12,20
06/05/2019 11:00:00 AM,22,3,19
06/05/2019 12:00:00 PM,29,10,19
06/05/2019 01:00:00 PM,25,19,6
06/05/2019 02:00:00 PM,32,15,17
06/05/2019 03:00:00 PM,43,33,10
06/05/2019 04:00:00 PM,136,113,23
06/05/2019 05:00:00 PM,224,201,23
06/05/2019 06:00:00 PM,139,119,20
06/05/2019 07:00:00 PM,51,38,13
06/05/2019 08:00:00 PM,34,28,6
06/05/2019 09:00:00 PM,29,22,7
06/05/2019 10:00:00 PM,7,4,3
06/05/2019 11:00:00 PM,8,6,2
06/06/2019 12:00:00 AM,6,3,3
06/06/2019 01:00:00 AM,1,1,0
06/06/2019 02:00:00 AM,3,2,1
06/06/2019 03:00:00 AM,2,2,0
06/06/2019 04:00:00 AM,1,0,1
06/06/2019 05:00:00 AM,22,2,20
06/06/2019 06:00:00 AM,91,11,80
06/06/2019 07:00:00 AM,133,16,117
06/06/2019 08:00:00 AM,161,12,149
06/06/2019 09:00:00 AM,60,11,49
06/06/2019 10:00:00 AM,31,8,23
06/06/2019 11:00:00 AM,17,8,9
06/06/2019 12:00:00 PM,20,8,12
06/06/2019 01:00:00 PM,24,9,15
06/06/2019 02:00:00 PM,43,26,17
06/06/2019 03:00:00 PM,59,44,15
06/06/2019 04:00:00 PM,83,71,12
06/06/2019 05:00:00 PM,164,153,11
06/06/2019 06:00:00 PM,103,89,14
06/06/2019 07:00:00 PM,54,39,15
06/06/2019 08:00:00 PM,23,20,3
06/06/2019 09:00:00 PM,17,12,5
06/06/2019 10:00:00 PM,8,6,2
06/06/2019 11:00:00 PM,3,1,2
06/07/2019 12:00:00 AM,1,1,0
06/07/2019 01:00:00 AM,3,1,2
06/07/2019 02:00:00 AM,3,1,2
06/07/2019 03:00:00 AM,0,0,0
06/07/2019 04:00:00 AM,3,1,2
06/07/2019 05:00:00 AM,20,2,18
06/07/2019 06:00:00 AM,40,4,36
06/07/2019 07:00:00 AM,99,10,89
06/07/2019 08:00:00 AM,127,11,116
06/07/2019 09:00:00 AM,50,9,41
06/07/2019 10:00:00 AM,13,4,9
06/07/2019 11:00:00 AM,17,3,14
06/07/2019 12:00:00 PM,12,6,6
06/07/2019 01:00:00 PM,19,12,7
06/07/2019 02:00:00 PM,16,11,5
06/07/2019 03:00:00 PM,47,36,11
06/07/2019 04:00:00 PM,68,60,8
06/07/2019 05:00:00 PM,107,94,13
06/07/2019 06:00:00 PM,57,47,10
06/07/2019 07:00:00 PM,28,21,7
06/07/2019 08:00:00 PM,13,10,3
06/07/2019 09:00:00 PM,15,11,4
06/07/2019 10:00:00 PM,33,3,30
06/07/2019 11:00:00 PM,12,5,7
06/08/2019 12:00:00 AM,9,8,1
06/08/2019 01:00:00 AM,1,0,1
06/08/2019 02:00:00 AM,3,3,0
06/08/2019 03:00:00 AM,1,1,0
06/08/2019 04:00:00 AM,1,0,1
06/08/2019 05:00:00 AM,2,2,0
06/08/2019 06:00:00 AM,14,1,13
06/08/2019 07:00:00 AM,34,20,14
06/08/2019 08:00:00 AM,28,17,11
06/08/2019 09:00:00 AM,34,17,17
06/08/2019 10:00:00 AM,51,34,17
06/08/2019 11:00:00 AM,74,26,48
06/08/2019 12:00:00 PM,52,27,25
06/08/2019 01:00:00 PM,80,36,44
06/08/2019 02:00:00 PM,100,40,60
06/08/2019 03:00:00 PM,89,46,43
06/08/2019 04:00:00 PM,70,39,31
06/08/2019 05:00:00 PM,61,30,31
06/08/2019 06:00:00 PM,55,34,21
06/08/2019 07:00:00 PM,35,22,13
06/08/2019 08:00:00 PM,30,10,20
06/08/2019 09:00:00 PM,10,8,2
06/08/2019 10:00:00 PM,11,5,6
06/08/2019 11:00:00 PM,3,3,0
06/09/2019 12:00:00 AM,6,3,3
06/09/2019 01:00:00 AM,2,1,1
06/09/2019 02:00:00 AM,4,4,0
06/09/2019 03:00:00 AM,1,1,0
06/09/2019 04:00:00 AM,0,0,0
06/09/2019 05:00:00 AM,4,1,3
06/09/2019 06:00:00 AM,6,1,5
06/09/2019 07:00:00 AM,21,7,14
06/09/2019 08:00:00 AM,36,12,24
06/09/2019 09:00:00 AM,29,10,19
06/09/2019 10:00:00 AM,58,31,27
06/09/2019 11:00:00 AM,72,43,29
06/09/2019 12:00:00 PM,92,57,35
06/09/2019 01:00:00 PM,87,40,47
06/09/2019 02:00:00 PM,113,40,73
06/09/2019 03:00:00 PM,61,27,34
06/09/2019 04:00:00 PM,48,27,21
06/09/2019 05:00:00 PM,48,28,20
06/09/2019 06:00:00 PM,30,18,12
06/09/2019 07:00:00 PM,21,13,8
06/09/2019 08:00:00 PM,33,15,18
06/09/2019 09:00:00 PM,12,6,6
06/09/2019 10:00:00 PM,6,2,4
06/09/2019 11:00:00 PM,1,1,0
06/10/2019 12:00:00 AM,2,1,1
06/10/2019 01:00:00 AM,1,1,0
06/10/2019 02:00:00 AM,1,1,0
06/10/2019 03:00:00 AM,0,0,0
06/10/2019 04:00:00 AM,4,0,4
06/10/2019 05:00:00 AM,25,3,22
06/10/2019 06:00:00 AM,90,12,78
06/10/2019 07:00:00 AM,158,15,143
06/10/2019 08:00:00 AM,194,13,181
06/10/2019 09:00:00 AM,70,7,63
06/10/2019 10:00:00 AM,37,14,23
06/10/2019 11:00:00 AM,37,19,18
06/10/2019 12:00:00 PM,30,11,19
06/10/2019 01:00:00 PM,46,26,20
06/10/2019 02:00:00 PM,31,21,10
06/10/2019 03:00:00 PM,64,49,15
06/10/2019 04:00:00 PM,140,117,23
06/10/2019 05:00:00 PM,209,185,24
06/10/2019 06:00:00 PM,130,115,15
06/10/2019 07:00:00 PM,56,42,14
06/10/2019 08:00:00 PM,28,20,8
06/10/2019 09:00:00 PM,14,13,1
06/10/2019 10:00:00 PM,10,5,5
06/10/2019 11:00:00 PM,5,4,1
06/11/2019 12:00:00 AM,1,1,0
06/11/2019 01:00:00 AM,1,1,0
06/11/2019 02:00:00 AM,2,1,1
06/11/2019 03:00:00 AM,1,0,1
06/11/2019 04:00:00 AM,8,2,6
06/11/2019 05:00:00 AM,41,4,37
06/11/2019 06:00:00 AM,125,19,106
06/11/2019 07:00:00 AM,223,18,205
06/11/2019 08:00:00 AM,183,14,169
06/11/2019 09:00:00 AM,84,16,68
06/11/2019 10:00:00 AM,36,8,28
06/11/2019 11:00:00 AM,33,17,16
06/11/2019 12:00:00 PM,23,14,9
06/11/2019 01:00:00 PM,35,19,16
06/11/2019 02:00:00 PM,35,19,16
06/11/2019 03:00:00 PM,69,55,14
06/11/2019 04:00:00 PM,157,128,29
06/11/2019 05:00:00 PM,242,224,18
06/11/2019 06:00:00 PM,145,125,20
06/11/2019 07:00:00 PM,99,76,23
06/11/2019 08:00:00 PM,46,31,15
06/11/2019 09:00:00 PM,20,13,7
06/11/2019 10:00:00 PM,10,6,4
06/11/2019 11:00:00 PM,15,11,4
06/12/2019 12:00:00 AM,9,2,7
06/12/2019 01:00:00 AM,0,0,0
06/12/2019 02:00:00 AM,0,0,0
06/12/2019 03:00:00 AM,0,0,0
06/12/2019 04:00:00 AM,6,4,2
06/12/2019 05:00:00 AM,30,4,26
06/12/2019 06:00:00 AM,118,8,110
06/12/2019 07:00:00 AM,170,14,156
06/12/2019 08:00:00 AM,213,20,193
06/12/2019 09:00:00 AM,88,10,78
06/12/2019 10:00:00 AM,31,9,22
06/12/2019 11:00:00 AM,32,16,16
06/12/2019 12:00:00 PM,25,15,10
06/12/2019 01:00:00 PM,39,17,22
06/12/2019 02:00:00 PM,44,27,17
06/12/2019 03:00:00 PM,70,55,15
06/12/2019 04:00:00 PM,137,110,27
06/12/2019 05:00:00 PM,228,203,25
06/12/2019 06:00:00 PM,158,136,22
06/12/2019 07:00:00 PM,63,47,16
06/12/2019 08:00:00 PM,33,27,6
06/12/2019 09:00:00 PM,52,36,16
06/12/2019 10:00:00 PM,10,5,5
06/12/2019 11:00:00 PM,5,2,3
06/13/2019 12:00:00 AM,2,1,1
06/13/2019 01:00:00 AM,6,5,1
06/13/2019 02:00:00 AM,4,2,2
06/13/2019 03:00:00 AM,3,2,1
06/13/2019 04:00:00 AM,7,2,5
06/13/2019 05:00:00 AM,29,5,24
06/13/2019 06:00:00 AM,94,15,79
06/13/2019 07:00:00 AM,172,17,155
06/13/2019 08:00:00 AM,195,9,186
06/13/2019 09:00:00 AM,81,16,65
06/13/2019 10:00:00 AM,36,10,26
06/13/2019 11:00:00 AM,26,12,14
06/13/2019 12:00:00 PM,28,13,15
06/13/2019 01:00:00 PM,32,14,18
06/13/2019 02:00:00 PM,49,32,17
06/13/2019 03:00:00 PM,61,51,10
06/13/2019 04:00:00 PM,144,121,23
06/13/2019 05:00:00 PM,203,183,20
06/13/2019 06:00:00 PM,147,124,23
06/13/2019 07:00:00 PM,62,49,13
06/13/2019 08:00:00 PM,37,33,4
06/13/2019 09:00:00 PM,34,25,9
06/13/2019 10:00:00 PM,12,7,5
06/13/2019 11:00:00 PM,10,4,6
06/14/2019 12:00:00 AM,5,4,1
06/14/2019 01:00:00 AM,1,0,1
06/14/2019 02:00:00 AM,5,2,3
06/14/2019 03:00:00 AM,2,0,2
06/14/2019 04:00:00 AM,4,0,4
06/14/2019 05:00:00 AM,27,4,23
06/14/2019 06:00:00 AM,73,6,67
06/14/2019 07:00:00 AM,138,9,129
06/14/2019 08:00:00 AM,147,8,139
06/14/2019 09:00:00 AM,53,10,43
06/14/2019 10:00:00 AM,24,5,19
06/14/2019 11:00:00 AM,24,7,17
06/14/2019 12:00:00 PM,20,8,12
06/14/2019 01:00:00 PM,35,21,14
06/14/2019 02:00:00 PM,47,36,11
06/14/2019 03:00:00 PM,66,54,12
06/14/2019 04:00:00 PM,125,105,20
06/14/2019 05:00:00 PM,151,131,20
06/14/2019 06:00:00 PM,113,91,22
06/14/2019 07:00:00 PM,50,32,18
06/14/2019 08:00:00 PM,34,21,13
06/14/2019 09:00:00 PM,19,10,9
06/14/2019 10:00:00 PM,19,16,3
06/14/2019 11:00:00 PM,11,9,2
06/15/2019 12:00:00 AM,7,5,2
06/15/2019 01:00:00 AM,4,1,3
06/15/2019 02:00:00 AM,1,1,0
06/15/2019 03:00:00 AM,1,0,1
06/15/2019 04:00:00 AM,5,3,2
06/15/2019 05:00:00 AM,3,0,3
06/15/2019 06:00:00 AM,10,4,6
06/15/2019 07:00:00 AM,19,6,13
06/15/2019 08:00:00 AM,56,21,35
06/15/2019 09:00:00 AM,34,16,18
06/15/2019 10:00:00 AM,72,38,34
06/15/2019 11:00:00 AM,56,20,36
06/15/2019 12:00:00 PM,73,49,24
06/15/2019 01:00:00 PM,57,33,24
06/15/2019 02:00:00 PM,68,30,38
06/15/2019 03:00:00 PM,68,32,36
06/15/2019 04:00:00 PM,81,46,35
06/15/2019 05:00:00 PM,34,18,16
06/15/2019 06:00:00 PM,44,27,17
06/15/2019 07:00:00 PM,31,12,19
06/15/2019 08:00:00 PM,20,12,8
06/15/2019 09:00:00 PM,23,9,14
06/15/2019 10:00:00 PM,4,2,2
06/15/2019 11:00:00 PM,5,4,1
06/16/2019 12:00:00 AM,2,0,2
06/16/2019 01:00:00 AM,1,1,0
06/16/2019 02:00:00 AM,3,1,2
06/16/2019 03:00:00 AM,0,0,0
06/16/2019 04:00:00 AM,0,0,0
06/16/2019 05:00:00 AM,4,2,2
06/16/2019 06:00:00 AM,12,3,9
06/16/2019 07:00:00 AM,15,9,6
06/16/2019 08:00:00 AM,38,16,22
06/16/2019 09:00:00 AM,42,21,21
06/16/2019 10:00:00 AM,63,40,23
06/16/2019 11:00:00 AM,76,38,38
06/16/2019 12:00:00 PM,132,48,84
06/16/2019 01:00:00 PM,91,43,48
06/16/2019 02:00:00 PM,91,50,41
06/16/2019 03:00:00 PM,98,55,43
06/16/2019 04:00:00 PM,78,52,26
06/16/2019 05:00:00 PM,33,22,11
06/16/2019 06:00:00 PM,45,15,30
06/16/2019 07:00:00 PM,24,18,6
06/16/2019 08:00:00 PM,21,11,10
06/16/2019 09:00:00 PM,13,3,10
06/16/2019 10:00:00 PM,7,4,3
06/16/2019 11:00:00 PM,2,1,1
06/17/2019 12:00:00 AM,1,1,0
06/17/2019 01:00:00 AM,0,0,0
06/17/2019 02:00:00 AM,2,1,1
06/17/2019 03:00:00 AM,0,0,0
06/17/2019 04:00:00 AM,4,0,4
06/17/2019 05:00:00 AM,20,1,19
06/17/2019 06:00:00 AM,101,13,88
06/17/2019 07:00:00 AM,125,8,117
06/17/2019 08:00:00 AM,220,13,207
06/17/2019 09:00:00 AM,73,10,63
06/17/2019 10:00:00 AM,27,4,23
06/17/2019 11:00:00 AM,24,11,13
06/17/2019 12:00:00 PM,22,10,12
06/17/2019 01:00:00 PM,23,11,12
06/17/2019 02:00:00 PM,27,17,10
06/17/2019 03:00:00 PM,63,44,19
06/17/2019 04:00:00 PM,130,114,16
06/17/2019 05:00:00 PM,227,207,20
06/17/2019 06:00:00 PM,155,132,23
06/17/2019 07:00:00 PM,65,51,14
06/17/2019 08:00:00 PM,25,16,9
06/17/2019 09:00:00 PM,22,14,8
06/17/2019 10:00:00 PM,9,9,0
06/17/2019 11:00:00 PM,9,6,3
06/18/2019 12:00:00 AM,3,1,2
06/18/2019 01:00:00 AM,2,1,1
06/18/2019 02:00:00 AM,3,1,2
06/18/2019 03:00:00 AM,3,2,1
06/18/2019 04:00:00 AM,4,0,4
06/18/2019 05:00:00 AM,31,2,29
06/18/2019 06:00:00 AM,68,9,59
06/18/2019 07:00:00 AM,133,10,123
06/18/2019 08:00:00 AM,134,10,124
06/18/2019 09:00:00 AM,54,7,47
06/18/2019 10:00:00 AM,25,6,19
06/18/2019 11:00:00 AM,22,7,15
06/18/2019 12:00:00 PM,15,8,7
06/18/2019 01:00:00 PM,21,10,11
06/18/2019 02:00:00 PM,15,8,7
06/18/2019 03:00:00 PM,44,39,5
06/18/2019 04:00:00 PM,97,84,13
06/18/2019 05:00:00 PM,170,151,19
06/18/2019 06:00:00 PM,105,90,15
06/18/2019 07:00:00 PM,44,32,12
06/18/2019 08:00:00 PM,27,18,9
06/18/2019 09:00:00 PM,18,14,4
06/18/2019 10:00:00 PM,11,7,4
06/18/2019 11:00:00 PM,2,2,0
06/19/2019 12:00:00 AM,4,2,2
06/19/2019 01:00:00 AM,1,1,0
06/19/2019 02:00:00 AM,2,0,2
06/19/2019 03:00:00 AM,0,0,0
06/19/2019 04:00:00 AM,3,1,2
06/19/2019 05:00:00 AM,30,4,26
06/19/2019 06:00:00 AM,97,9,88
06/19/2019 07:00:00 AM,154,9,145
06/19/2019 08:00:00 AM,175,17,158
06/19/2019 09:00:00 AM,59,4,55
06/19/2019 10:00:00 AM,25,4,21
06/19/2019 11:00:00 AM,26,9,17
06/19/2019 12:00:00 PM,21,7,14
06/19/2019 01:00:00 PM,33,15,18
06/19/2019 02:00:00 PM,27,15,12
06/19/2019 03:00:00 PM,60,40,20
06/19/2019 04:00:00 PM,123,107,16
06/19/2019 05:00:00 PM,195,175,20
06/19/2019 06:00:00 PM,133,115,18
06/19/2019 07:00:00 PM,67,54,13
06/19/2019 08:00:00 PM,44,21,23
06/19/2019 09:00:00 PM,14,12,2
06/19/2019 10:00:00 PM,5,5,0
06/19/2019 11:00:00 PM,4,3,1
06/20/2019 12:00:00 AM,6,5,1
06/20/2019 01:00:00 AM,3,2,1
06/20/2019 02:00:00 AM,2,1,1
06/20/2019 03:00:00 AM,1,1,0
06/20/2019 04:00:00 AM,3,1,2
06/20/2019 05:00:00 AM,19,3,16
06/20/2019 06:00:00 AM,88,9,79
06/20/2019 07:00:00 AM,131,11,120
06/20/2019 08:00:00 AM,156,9,147
06/20/2019 09:00:00 AM,67,10,57
06/20/2019 10:00:00 AM,25,6,19
06/20/2019 11:00:00 AM,14,6,8
06/20/2019 12:00:00 PM,21,6,15
06/20/2019 01:00:00 PM,20,12,8
06/20/2019 02:00:00 PM,27,20,7
06/20/2019 03:00:00 PM,68,54,14
06/20/2019 04:00:00 PM,92,71,21
06/20/2019 05:00:00 PM,172,149,23
06/20/2019 06:00:00 PM,124,99,25
06/20/2019 07:00:00 PM,63,49,14
06/20/2019 08:00:00 PM,47,22,25
06/20/2019 09:00:00 PM,25,14,11
06/20/2019 10:00:00 PM,13,10,3
06/20/2019 11:00:00 PM,8,2,6
06/21/2019 12:00:00 AM,5,4,1
06/21/2019 01:00:00 AM,1,1,0
06/21/2019 02:00:00 AM,0,0,0
06/21/2019 03:00:00 AM,1,1,0
06/21/2019 04:00:00 AM,4,0,4
06/21/2019 05:00:00 AM,29,3,26
06/21/2019 06:00:00 AM,63,8,55
06/21/2019 07:00:00 AM,132,15,117
06/21/2019 08:00:00 AM,149,17,132
06/21/2019 09:00:00 AM,53,8,45
06/21/2019 10:00:00 AM,33,14,19
06/21/2019 11:00:00 AM,24,12,12
06/21/2019 12:00:00 PM,22,10,12
06/21/2019 01:00:00 PM,49,29,20
06/21/2019 02:00:00 PM,45,33,12
06/21/2019 03:00:00 PM,72,43,29
06/21/2019 04:00:00 PM,103,72,31
06/21/2019 05:00:00 PM,143,124,19
06/21/2019 06:00:00 PM,116,95,21
06/21/2019 07:00:00 PM,42,30,12
06/21/2019 08:00:00 PM,24,14,10
06/21/2019 09:00:00 PM,20,11,9
06/21/2019 10:00:00 PM,16,13,3
06/21/2019 11:00:00 PM,19,10,9
06/22/2019 12:00:00 AM,5,4,1
06/22/2019 01:00:00 AM,2,1,1
06/22/2019 02:00:00 AM,2,2,0
06/22/2019 03:00:00 AM,2,1,1
06/22/2019 04:00:00 AM,1,1,0
06/22/2019 05:00:00 AM,3,1,2
06/22/2019 06:00:00 AM,15,3,12
06/22/2019 07:00:00 AM,15,3,12
06/22/2019 08:00:00 AM,45,21,24
06/22/2019 09:00:00 AM,38,9,29
06/22/2019 10:00:00 AM,72,32,40
06/22/2019 11:00:00 AM,83,39,44
06/22/2019 12:00:00 PM,78,24,54
06/22/2019 01:00:00 PM,56,29,27
06/22/2019 02:00:00 PM,46,19,27
06/22/2019 03:00:00 PM,34,17,17
06/22/2019 04:00:00 PM,45,22,23
06/22/2019 05:00:00 PM,63,45,18
06/22/2019 06:00:00 PM,45,34,11
06/22/2019 07:00:00 PM,14,9,5
06/22/2019 08:00:00 PM,23,19,4
06/22/2019 09:00:00 PM,12,7,5
06/22/2019 10:00:00 PM,13,7,6
06/22/2019 11:00:00 PM,4,4,0
06/23/2019 12:00:00 AM,4,3,1
06/23/2019 01:00:00 AM,5,5,0
06/23/2019 02:00:00 AM,0,0,0
06/23/2019 03:00:00 AM,2,1,1
06/23/2019 04:00:00 AM,1,1,0
06/23/2019 05:00:00 AM,5,1,4
06/23/2019 06:00:00 AM,3,0,3
06/23/2019 07:00:00 AM,6,2,4
06/23/2019 08:00:00 AM,16,6,10
06/23/2019 09:00:00 AM,27,12,15
06/23/2019 10:00:00 AM,41,28,13
06/23/2019 11:00:00 AM,34,12,22
06/23/2019 12:00:00 PM,51,21,30
06/23/2019 01:00:00 PM,43,27,16
06/23/2019 02:00:00 PM,54,24,30
06/23/2019 03:00:00 PM,45,20,25
06/23/2019 04:00:00 PM,29,17,12
06/23/2019 05:00:00 PM,25,16,9
06/23/2019 06:00:00 PM,24,12,12
06/23/2019 07:00:00 PM,15,13,2
06/23/2019 08:00:00 PM,13,8,5
06/23/2019 09:00:00 PM,11,8,3
06/23/2019 10:00:00 PM,8,5,3
06/23/2019 11:00:00 PM,8,4,4
06/24/2019 12:00:00 AM,0,0,0
06/24/2019 01:00:00 AM,2,1,1
06/24/2019 02:00:00 AM,0,0,0
06/24/2019 03:00:00 AM,1,0,1
06/24/2019 04:00:00 AM,5,2,3
06/24/2019 05:00:00 AM,27,9,18
06/24/2019 06:00:00 AM,70,8,62
06/24/2019 07:00:00 AM,160,15,145
06/24/2019 08:00:00 AM,152,7,145
06/24/2019 09:00:00 AM,65,10,55
06/24/2019 10:00:00 AM,28,6,22
06/24/2019 11:00:00 AM,20,9,11
06/24/2019 12:00:00 PM,27,7,20
06/24/2019 01:00:00 PM,25,13,12
06/24/2019 02:00:00 PM,31,18,13
06/24/2019 03:00:00 PM,52,33,19
06/24/2019 04:00:00 PM,124,104,20
06/24/2019 05:00:00 PM,211,189,22
06/24/2019 06:00:00 PM,135,110,25
06/24/2019 07:00:00 PM,60,44,16
06/24/2019 08:00:00 PM,39,21,18
06/24/2019 09:00:00 PM,30,16,14
06/24/2019 10:00:00 PM,12,9,3
06/24/2019 11:00:00 PM,4,4,0
06/25/2019 12:00:00 AM,6,4,2
06/25/2019 01:00:00 AM,0,0,0
06/25/2019 02:00:00 AM,2,0,2
06/25/2019 03:00:00 AM,0,0,0
06/25/2019 04:00:00 AM,7,4,3
06/25/2019 05:00:00 AM,35,8,27
06/25/2019 06:00:00 AM,101,9,92
06/25/2019 07:00:00 AM,197,18,179
06/25/2019 08:00:00 AM,194,12,182
06/25/2019 09:00:00 AM,76,11,65
06/25/2019 10:00:00 AM,36,4,32
06/25/2019 11:00:00 AM,26,12,14
06/25/2019 12:00:00 PM,41,16,25
06/25/2019 01:00:00 PM,33,16,17
06/25/2019 02:00:00 PM,53,29,24
06/25/2019 03:00:00 PM,73,54,19
06/25/2019 04:00:00 PM,159,133,26
06/25/2019 05:00:00 PM,234,204,30
06/25/2019 06:00:00 PM,165,142,23
06/25/2019 07:00:00 PM,65,53,12
06/25/2019 08:00:00 PM,40,33,7
06/25/2019 09:00:00 PM,15,12,3
06/25/2019 10:00:00 PM,13,7,6
06/25/2019 11:00:00 PM,7,6,1
06/26/2019 12:00:00 AM,2,2,0
06/26/2019 01:00:00 AM,2,1,1
06/26/2019 02:00:00 AM,1,0,1
06/26/2019 03:00:00 AM,1,0,1
06/26/2019 04:00:00 AM,5,2,3
06/26/2019 05:00:00 AM,32,5,27
06/26/2019 06:00:00 AM,82,7,75
06/26/2019 07:00:00 AM,158,11,147
06/26/2019 08:00:00 AM,182,12,170
06/26/2019 09:00:00 AM,61,11,50
06/26/2019 10:00:00 AM,26,5,21
06/26/2019 11:00:00 AM,28,6,22
06/26/2019 12:00:00 PM,28,14,14
06/26/2019 01:00:00 PM,37,20,17
06/26/2019 02:00:00 PM,35,22,13
06/26/2019 03:00:00 PM,51,37,14
06/26/2019 04:00:00 PM,106,90,16
06/26/2019 05:00:00 PM,169,152,17
06/26/2019 06:00:00 PM,115,100,15
06/26/2019 07:00:00 PM,34,29,5
06/26/2019 08:00:00 PM,28,20,8
06/26/2019 09:00:00 PM,21,15,6
06/26/2019 10:00:00 PM,8,5,3
06/26/2019 11:00:00 PM,8,6,2
06/27/2019 12:00:00 AM,3,2,1
06/27/2019 01:00:00 AM,0,0,0
06/27/2019 02:00:00 AM,1,0,1
06/27/2019 03:00:00 AM,3,1,2
06/27/2019 04:00:00 AM,4,1,3
06/27/2019 05:00:00 AM,23,6,17
06/27/2019 06:00:00 AM,65,6,59
06/27/2019 07:00:00 AM,124,11,113
06/27/2019 08:00:00 AM,113,9,104
06/27/2019 09:00:00 AM,61,15,46
06/27/2019 10:00:00 AM,21,7,14
06/27/2019 11:00:00 AM,28,12,16
06/27/2019 12:00:00 PM,20,8,12
06/27/2019 01:00:00 PM,14,2,12
06/27/2019 02:00:00 PM,23,13,10
06/27/2019 03:00:00 PM,40,34,6
06/27/2019 04:00:00 PM,91,76,15
06/27/2019 05:00:00 PM,157,138,19
06/27/2019 06:00:00 PM,108,94,14
06/27/2019 07:00:00 PM,47,38,9
06/27/2019 08:00:00 PM,37,23,14
06/27/2019 09:00:00 PM,11,7,4
06/27/2019 10:00:00 PM,11,5,6
06/27/2019 11:00:00 PM,3,2,1
06/28/2019 12:00:00 AM,3,2,1
06/28/2019 01:00:00 AM,4,4,0
06/28/2019 02:00:00 AM,4,2,2
06/28/2019 03:00:00 AM,2,0,2
06/28/2019 04:00:00 AM,7,3,4
06/28/2019 05:00:00 AM,22,5,17
06/28/2019 06:00:00 AM,71,6,65
06/28/2019 07:00:00 AM,125,10,115
06/28/2019 08:00:00 AM,125,9,116
06/28/2019 09:00:00 AM,58,6,52
06/28/2019 10:00:00 AM,32,10,22
06/28/2019 11:00:00 AM,31,12,19
06/28/2019 12:00:00 PM,46,22,24
06/28/2019 01:00:00 PM,39,22,17
06/28/2019 02:00:00 PM,47,30,17
06/28/2019 03:00:00 PM,59,41,18
06/28/2019 04:00:00 PM,113,96,17
06/28/2019 05:00:00 PM,153,134,19
06/28/2019 06:00:00 PM,96,83,13
06/28/2019 07:00:00 PM,55,40,15
06/28/2019 08:00:00 PM,33,18,15
06/28/2019 09:00:00 PM,13,9,4
06/28/2019 10:00:00 PM,15,8,7
06/28/2019 11:00:00 PM,8,5,3
06/29/2019 12:00:00 AM,2,2,0
06/29/2019 01:00:00 AM,3,1,2
06/29/2019 02:00:00 AM,2,0,2
06/29/2019 03:00:00 AM,1,1,0
06/29/2019 04:00:00 AM,3,2,1
06/29/2019 05:00:00 AM,4,3,1
06/29/2019 06:00:00 AM,8,0,8
06/29/2019 07:00:00 AM,21,10,11
06/29/2019 08:00:00 AM,50,19,31
06/29/2019 09:00:00 AM,53,28,25
06/29/2019 10:00:00 AM,61,37,24
06/29/2019 11:00:00 AM,59,31,28
06/29/2019 12:00:00 PM,80,31,49
06/29/2019 01:00:00 PM,81,39,42
06/29/2019 02:00:00 PM,79,47,32
06/29/2019 03:00:00 PM,70,37,33
06/29/2019 04:00:00 PM,67,37,30
06/29/2019 05:00:00 PM,52,28,24
06/29/2019 06:00:00 PM,58,29,29
06/29/2019 07:00:00 PM,51,25,26
06/29/2019 08:00:00 PM,16,6,10
06/29/2019 09:00:00 PM,18,9,9
06/29/2019 10:00:00 PM,19,12,7
06/29/2019 11:00:00 PM,5,5,0
06/30/2019 12:00:00 AM,6,3,3
06/30/2019 01:00:00 AM,3,2,1
06/30/2019 02:00:00 AM,1,1,0
06/30/2019 03:00:00 AM,1,1,0
06/30/2019 04:00:00 AM,3,1,2
06/30/2019 05:00:00 AM,3,1,2
06/30/2019 06:00:00 AM,5,3,2
06/30/2019 07:00:00 AM,22,5,17
06/30/2019 08:00:00 AM,29,15,14
06/30/2019 09:00:00 AM,65,39,26
06/30/2019 10:00:00 AM,74,32,42
06/30/2019 11:00:00 AM,113,41,72
06/30/2019 12:00:00 PM,80,33,47
06/30/2019 01:00:00 PM,133,72,61
06/30/2019 02:00:00 PM,82,37,45
06/30/2019 03:00:00 PM,77,53,24
06/30/2019 04:00:00 PM,78,49,29
06/30/2019 05:00:00 PM,71,39,32
06/30/2019 06:00:00 PM,37,25,12
06/30/2019 07:00:00 PM,31,18,13
06/30/2019 08:00:00 PM,20,16,4
06/30/2019 09:00:00 PM,13,6,7
06/30/2019 10:00:00 PM,9,5,4
06/30/2019 11:00:00 PM,3,3,0
07/01/2019 12:00:00 AM,2,1,1
07/01/2019 01:00:00 AM,2,1,1
07/01/2019 02:00:00 AM,0,0,0
07/01/2019 03:00:00 AM,0,0,0
07/01/2019 04:00:00 AM,5,0,5
07/01/2019 05:00:00 AM,34,8,26
07/01/2019 06:00:00 AM,108,13,95
07/01/2019 07:00:00 AM,175,13,162
07/01/2019 08:00:00 AM,192,16,176
07/01/2019 09:00:00 AM,78,18,60
07/01/2019 10:00:00 AM,41,10,31
07/01/2019 11:00:00 AM,23,11,12
07/01/2019 12:00:00 PM,36,20,16
07/01/2019 01:00:00 PM,32,11,21
07/01/2019 02:00:00 PM,43,31,12
07/01/2019 03:00:00 PM,64,49,15
07/01/2019 04:00:00 PM,149,123,26
07/01/2019 05:00:00 PM,228,207,21
07/01/2019 06:00:00 PM,134,115,19
07/01/2019 07:00:00 PM,64,54,10
07/01/2019 08:00:00 PM,35,17,18
07/01/2019 09:00:00 PM,19,14,5
07/01/2019 10:00:00 PM,13,11,2
07/01/2019 11:00:00 PM,5,3,2
07/02/2019 12:00:00 AM,3,2,1
07/02/2019 01:00:00 AM,2,0,2
07/02/2019 02:00:00 AM,4,0,4
07/02/2019 03:00:00 AM,1,0,1
07/02/2019 04:00:00 AM,7,2,5
07/02/2019 05:00:00 AM,23,6,17
07/02/2019 06:00:00 AM,74,9,65
07/02/2019 07:00:00 AM,128,7,121
07/02/2019 08:00:00 AM,158,17,141
07/02/2019 09:00:00 AM,65,6,59
07/02/2019 10:00:00 AM,17,4,13
07/02/2019 11:00:00 AM,18,6,12
07/02/2019 12:00:00 PM,19,5,14
07/02/2019 01:00:00 PM,22,10,12
07/02/2019 02:00:00 PM,33,17,16
07/02/2019 03:00:00 PM,29,14,15
07/02/2019 04:00:00 PM,73,65,8
07/02/2019 05:00:00 PM,162,151,11
07/02/2019 06:00:00 PM,82,72,10
07/02/2019 07:00:00 PM,37,32,5
07/02/2019 08:00:00 PM,13,11,2
07/02/2019 09:00:00 PM,5,3,2
07/02/2019 10:00:00 PM,8,7,1
07/02/2019 11:00:00 PM,6,5,1
07/03/2019 12:00:00 AM,2,2,0
07/03/2019 01:00:00 AM,1,1,0
07/03/2019 02:00:00 AM,3,1,2
07/03/2019 03:00:00 AM,2,0,2
07/03/2019 04:00:00 AM,8,5,3
07/03/2019 05:00:00 AM,25,5,20
07/03/2019 06:00:00 AM,77,7,70
07/03/2019 07:00:00 AM,126,7,119
07/03/2019 08:00:00 AM,130,9,121
07/03/2019 09:00:00 AM,64,8,56
07/03/2019 10:00:00 AM,20,7,13
07/03/2019 11:00:00 AM,20,8,12
07/03/2019 12:00:00 PM,21,5,16
07/03/2019 01:00:00 PM,25,16,9
07/03/2019 02:00:00 PM,46,32,14
07/03/2019 03:00:00 PM,73,59,14
07/03/2019 04:00:00 PM,112,90,22
07/03/2019 05:00:00 PM,161,138,23
07/03/2019 06:00:00 PM,109,85,24
07/03/2019 07:00:00 PM,52,44,8
07/03/2019 08:00:00 PM,25,17,8
07/03/2019 09:00:00 PM,22,14,8
07/03/2019 10:00:00 PM,12,10,2
07/03/2019 11:00:00 PM,18,13,5
07/04/2019 12:00:00 AM,10,6,4
07/04/2019 01:00:00 AM,2,1,1
07/04/2019 02:00:00 AM,2,2,0
07/04/2019 03:00:00 AM,3,1,2
07/04/2019 04:00:00 AM,4,2,2
07/04/2019 05:00:00 AM,7,2,5
07/04/2019 06:00:00 AM,12,6,6
07/04/2019 07:00:00 AM,14,3,11
07/04/2019 08:00:00 AM,35,17,18
07/04/2019 09:00:00 AM,59,30,29
07/04/2019 10:00:00 AM,62,33,29
07/04/2019 11:00:00 AM,91,54,37
07/04/2019 12:00:00 PM,85,39,46
07/04/2019 01:00:00 PM,98,45,53
07/04/2019 02:00:00 PM,84,32,52
07/04/2019 03:00:00 PM,104,57,47
07/04/2019 04:00:00 PM,90,56,34
07/04/2019 05:00:00 PM,62,29,33
07/04/2019 06:00:00 PM,47,23,24
07/04/2019 07:00:00 PM,36,17,19
07/04/2019 08:00:00 PM,23,5,18
07/04/2019 09:00:00 PM,17,6,11
07/04/2019 10:00:00 PM,10,7,3
07/04/2019 11:00:00 PM,13,6,7
07/05/2019 12:00:00 AM,7,2,5
07/05/2019 01:00:00 AM,6,5,1
07/05/2019 02:00:00 AM,4,4,0
07/05/2019 03:00:00 AM,3,2,1
07/05/2019 04:00:00 AM,6,2,4
07/05/2019 05:00:00 AM,8,1,7
07/05/2019 06:00:00 AM,33,5,28
07/05/2019 07:00:00 AM,54,8,46
07/05/2019 08:00:00 AM,50,7,43
07/05/2019 09:00:00 AM,64,6,58
07/05/2019 10:00:00 AM,41,11,30
07/05/2019 11:00:00 AM,43,22,21
07/05/2019 12:00:00 PM,44,23,21
07/05/2019 01:00:00 PM,38,22,16
07/05/2019 02:00:00 PM,51,27,24
07/05/2019 03:00:00 PM,62,45,17
07/05/2019 04:00:00 PM,59,46,13
07/05/2019 05:00:00 PM,64,46,18
07/05/2019 06:00:00 PM,50,34,16
07/05/2019 07:00:00 PM,20,13,7
07/05/2019 08:00:00 PM,21,17,4
07/05/2019 09:00:00 PM,11,10,1
07/05/2019 10:00:00 PM,9,8,1
07/05/2019 11:00:00 PM,3,1,2
07/06/2019 12:00:00 AM,0,0,0
07/06/2019 01:00:00 AM,1,1,0
07/06/2019 02:00:00 AM,0,0,0
07/06/2019 03:00:00 AM,0,0,0
07/06/2019 04:00:00 AM,4,3,1
07/06/2019 05:00:00 AM,9,2,7
07/06/2019 06:00:00 AM,10,0,10
07/06/2019 07:00:00 AM,25,11,14
07/06/2019 08:00:00 AM,33,11,22
07/06/2019 09:00:00 AM,35,13,22
07/06/2019 10:00:00 AM,66,33,33
07/06/2019 11:00:00 AM,105,47,58
07/06/2019 12:00:00 PM,81,45,36
07/06/2019 01:00:00 PM,75,39,36
07/06/2019 02:00:00 PM,70,34,36
07/06/2019 03:00:00 PM,69,33,36
07/06/2019 04:00:00 PM,64,28,36
07/06/2019 05:00:00 PM,50,23,27
07/06/2019 06:00:00 PM,39,18,21
07/06/2019 07:00:00 PM,20,8,12
07/06/2019 08:00:00 PM,14,7,7
07/06/2019 09:00:00 PM,3,1,2
07/06/2019 10:00:00 PM,14,12,2
07/06/2019 11:00:00 PM,5,2,3
07/07/2019 12:00:00 AM,5,3,2
07/07/2019 01:00:00 AM,2,2,0
07/07/2019 02:00:00 AM,1,1,0
07/07/2019 03:00:00 AM,0,0,0
07/07/2019 04:00:00 AM,2,1,1
07/07/2019 05:00:00 AM,4,2,2
07/07/2019 06:00:00 AM,17,9,8
07/07/2019 07:00:00 AM,11,2,9
07/07/2019 08:00:00 AM,45,20,25
07/07/2019 09:00:00 AM,41,14,27
07/07/2019 10:00:00 AM,51,24,27
07/07/2019 11:00:00 AM,73,40,33
07/07/2019 12:00:00 PM,62,24,38
07/07/2019 01:00:00 PM,69,32,37
07/07/2019 02:00:00 PM,75,41,34
07/07/2019 03:00:00 PM,50,23,27
07/07/2019 04:00:00 PM,33,19,14
07/07/2019 05:00:00 PM,32,23,9
07/07/2019 06:00:00 PM,15,10,5
07/07/2019 07:00:00 PM,9,5,4
07/07/2019 08:00:00 PM,8,6,2
07/07/2019 09:00:00 PM,4,2,2
07/07/2019 10:00:00 PM,4,2,2
07/07/2019 11:00:00 PM,3,2,1
07/08/2019 12:00:00 AM,0,0,0
07/08/2019 01:00:00 AM,2,2,0
07/08/2019 02:00:00 AM,0,0,0
07/08/2019 03:00:00 AM,3,1,2
07/08/2019 04:00:00 AM,2,1,1
07/08/2019 05:00:00 AM,22,4,18
07/08/2019 06:00:00 AM,88,11,77
07/08/2019 07:00:00 AM,155,13,142
07/08/2019 08:00:00 AM,141,13,128
07/08/2019 09:00:00 AM,62,8,54
07/08/2019 10:00:00 AM,21,4,17
07/08/2019 11:00:00 AM,12,5,7
07/08/2019 12:00:00 PM,15,7,8
07/08/2019 01:00:00 PM,19,11,8
07/08/2019 02:00:00 PM,31,19,12
07/08/2019 03:00:00 PM,45,35,10
07/08/2019 04:00:00 PM,127,101,26
07/08/2019 05:00:00 PM,188,172,16
07/08/2019 06:00:00 PM,127,113,14
07/08/2019 07:00:00 PM,66,48,18
07/08/2019 08:00:00 PM,35,14,21
07/08/2019 09:00:00 PM,16,9,7
07/08/2019 10:00:00 PM,13,9,4
07/08/2019 11:00:00 PM,12,7,5
07/09/2019 12:00:00 AM,3,0,3
07/09/2019 01:00:00 AM,3,1,2
07/09/2019 02:00:00 AM,4,3,1
07/09/2019 03:00:00 AM,3,2,1
07/09/2019 04:00:00 AM,6,1,5
07/09/2019 05:00:00 AM,33,8,25
07/09/2019 06:00:00 AM,100,10,90
07/09/2019 07:00:00 AM,181,11,170
07/09/2019 08:00:00 AM,183,11,172
07/09/2019 09:00:00 AM,68,10,58
07/09/2019 10:00:00 AM,42,8,34
07/09/2019 11:00:00 AM,27,7,20
07/09/2019 12:00:00 PM,28,13,15
07/09/2019 01:00:00 PM,29,14,15
07/09/2019 02:00:00 PM,44,23,21
07/09/2019 03:00:00 PM,63,38,25
07/09/2019 04:00:00 PM,142,120,22
07/09/2019 05:00:00 PM,237,217,20
07/09/2019 06:00:00 PM,110,100,10
07/09/2019 07:00:00 PM,56,42,14
07/09/2019 08:00:00 PM,15,13,2
07/09/2019 09:00:00 PM,7,4,3
07/09/2019 10:00:00 PM,6,4,2
07/09/2019 11:00:00 PM,4,3,1
07/10/2019 12:00:00 AM,2,1,1
07/10/2019 01:00:00 AM,1,1,0
07/10/2019 02:00:00 AM,1,0,1
07/10/2019 03:00:00 AM,4,3,1
07/10/2019 04:00:00 AM,3,0,3
07/10/2019 05:00:00 AM,18,4,14
07/10/2019 06:00:00 AM,48,4,44
07/10/2019 07:00:00 AM,91,6,85
07/10/2019 08:00:00 AM,99,4,95
07/10/2019 09:00:00 AM,30,1,29
07/10/2019 10:00:00 AM,20,2,18
07/10/2019 11:00:00 AM,11,1,10
07/10/2019 12:00:00 PM,11,4,7
07/10/2019 01:00:00 PM,12,10,2
07/10/2019 02:00:00 PM,17,7,10
07/10/2019 03:00:00 PM,25,22,3
07/10/2019 04:00:00 PM,67,56,11
07/10/2019 05:00:00 PM,121,104,17
07/10/2019 06:00:00 PM,85,72,13
07/10/2019 07:00:00 PM,50,39,11
07/10/2019 08:00:00 PM,23,15,8
07/10/2019 09:00:00 PM,9,6,3
07/10/2019 10:00:00 PM,10,9,1
07/10/2019 11:00:00 PM,10,6,4
07/11/2019 12:00:00 AM,5,3,2
07/11/2019 01:00:00 AM,2,1,1
07/11/2019 02:00:00 AM,1,0,1
07/11/2019 03:00:00 AM,4,3,1
07/11/2019 04:00:00 AM,7,1,6
07/11/2019 05:00:00 AM,34,4,30
07/11/2019 06:00:00 AM,82,9,73
07/11/2019 07:00:00 AM,152,15,137
07/11/2019 08:00:00 AM,175,7,168
07/11/2019 09:00:00 AM,80,16,64
07/11/2019 10:00:00 AM,34,16,18
07/11/2019 11:00:00 AM,47,22,25
07/11/2019 12:00:00 PM,33,12,21
07/11/2019 01:00:00 PM,34,13,21
07/11/2019 02:00:00 PM,41,28,13
07/11/2019 03:00:00 PM,62,46,16
07/11/2019 04:00:00 PM,135,111,24
07/11/2019 05:00:00 PM,196,173,23
07/11/2019 06:00:00 PM,110,96,14
07/11/2019 07:00:00 PM,63,53,10
07/11/2019 08:00:00 PM,45,35,10
07/11/2019 09:00:00 PM,19,11,8
07/11/2019 10:00:00 PM,15,11,4
07/11/2019 11:00:00 PM,3,2,1
07/12/2019 12:00:00 AM,7,3,4
07/12/2019 01:00:00 AM,3,1,2
07/12/2019 02:00:00 AM,4,2,2
07/12/2019 03:00:00 AM,1,1,0
07/12/2019 04:00:00 AM,3,1,2
07/12/2019 05:00:00 AM,26,7,19
07/12/2019 06:00:00 AM,71,5,66
07/12/2019 07:00:00 AM,129,10,119
07/12/2019 08:00:00 AM,138,12,126
07/12/2019 09:00:00 AM,50,7,43
07/12/2019 10:00:00 AM,31,8,23
07/12/2019 11:00:00 AM,40,11,29
07/12/2019 12:00:00 PM,27,14,13
07/12/2019 01:00:00 PM,37,18,19
07/12/2019 02:00:00 PM,52,29,23
07/12/2019 03:00:00 PM,66,53,13
07/12/2019 04:00:00 PM,129,106,23
07/12/2019 05:00:00 PM,155,136,19
07/12/2019 06:00:00 PM,97,82,15
07/12/2019 07:00:00 PM,56,40,16
07/12/2019 08:00:00 PM,32,22,10
07/12/2019 09:00:00 PM,19,12,7
07/12/2019 10:00:00 PM,13,8,5
07/12/2019 11:00:00 PM,5,5,0
07/13/2019 12:00:00 AM,5,4,1
07/13/2019 01:00:00 AM,2,1,1
07/13/2019 02:00:00 AM,3,2,1
07/13/2019 03:00:00 AM,2,0,2
07/13/2019 04:00:00 AM,7,2,5
07/13/2019 05:00:00 AM,6,2,4
07/13/2019 06:00:00 AM,15,5,10
07/13/2019 07:00:00 AM,27,14,13
07/13/2019 08:00:00 AM,30,9,21
07/13/2019 09:00:00 AM,52,22,30
07/13/2019 10:00:00 AM,77,45,32
07/13/2019 11:00:00 AM,77,30,47
07/13/2019 12:00:00 PM,87,53,34
07/13/2019 01:00:00 PM,84,34,50
07/13/2019 02:00:00 PM,57,35,22
07/13/2019 03:00:00 PM,79,37,42
07/13/2019 04:00:00 PM,57,41,16
07/13/2019 05:00:00 PM,55,33,22
07/13/2019 06:00:00 PM,56,32,24
07/13/2019 07:00:00 PM,50,23,27
07/13/2019 08:00:00 PM,26,11,15
07/13/2019 09:00:00 PM,19,7,12
07/13/2019 10:00:00 PM,7,3,4
07/13/2019 11:00:00 PM,8,4,4
07/14/2019 12:00:00 AM,2,0,2
07/14/2019 01:00:00 AM,0,0,0
07/14/2019 02:00:00 AM,2,1,1
07/14/2019 03:00:00 AM,0,0,0
07/14/2019 04:00:00 AM,2,2,0
07/14/2019 05:00:00 AM,3,1,2
07/14/2019 06:00:00 AM,11,5,6
07/14/2019 07:00:00 AM,16,5,11
07/14/2019 08:00:00 AM,23,6,17
07/14/2019 09:00:00 AM,47,19,28
07/14/2019 10:00:00 AM,67,31,36
07/14/2019 11:00:00 AM,92,34,58
07/14/2019 12:00:00 PM,75,21,54
07/14/2019 01:00:00 PM,89,53,36
07/14/2019 02:00:00 PM,74,41,33
07/14/2019 03:00:00 PM,104,65,39
07/14/2019 04:00:00 PM,92,53,39
07/14/2019 05:00:00 PM,51,32,19
07/14/2019 06:00:00 PM,49,27,22
07/14/2019 07:00:00 PM,32,14,18
07/14/2019 08:00:00 PM,14,7,7
07/14/2019 09:00:00 PM,10,6,4
07/14/2019 10:00:00 PM,5,1,4
07/14/2019 11:00:00 PM,7,0,7
07/15/2019 12:00:00 AM,7,1,6
07/15/2019 01:00:00 AM,4,3,1
07/15/2019 02:00:00 AM,1,1,0
07/15/2019 03:00:00 AM,0,0,0
07/15/2019 04:00:00 AM,2,0,2
07/15/2019 05:00:00 AM,31,6,25
07/15/2019 06:00:00 AM,85,10,75
07/15/2019 07:00:00 AM,171,17,154
07/15/2019 08:00:00 AM,160,11,149
07/15/2019 09:00:00 AM,54,4,50
07/15/2019 10:00:00 AM,30,15,15
07/15/2019 11:00:00 AM,20,8,12
07/15/2019 12:00:00 PM,10,4,6
07/15/2019 01:00:00 PM,17,8,9
07/15/2019 02:00:00 PM,23,14,9
07/15/2019 03:00:00 PM,56,45,11
07/15/2019 04:00:00 PM,119,98,21
07/15/2019 05:00:00 PM,200,178,22
07/15/2019 06:00:00 PM,111,92,19
07/15/2019 07:00:00 PM,62,49,13
07/15/2019 08:00:00 PM,21,16,5
07/15/2019 09:00:00 PM,22,12,10
07/15/2019 10:00:00 PM,10,6,4
07/15/2019 11:00:00 PM,5,1,4
07/16/2019 12:00:00 AM,0,0,0
07/16/2019 01:00:00 AM,3,2,1
07/16/2019 02:00:00 AM,5,3,2
07/16/2019 03:00:00 AM,2,0,2
07/16/2019 04:00:00 AM,4,1,3
07/16/2019 05:00:00 AM,30,6,24
07/16/2019 06:00:00 AM,90,5,85
07/16/2019 07:00:00 AM,174,8,166
07/16/2019 08:00:00 AM,177,13,164
07/16/2019 09:00:00 AM,74,11,63
07/16/2019 10:00:00 AM,31,7,24
07/16/2019 11:00:00 AM,28,11,17
07/16/2019 12:00:00 PM,34,19,15
07/16/2019 01:00:00 PM,31,14,17
07/16/2019 02:00:00 PM,36,17,19
07/16/2019 03:00:00 PM,58,42,16
07/16/2019 04:00:00 PM,160,134,26
07/16/2019 05:00:00 PM,243,213,30
07/16/2019 06:00:00 PM,146,124,22
07/16/2019 07:00:00 PM,75,59,16
07/16/2019 08:00:00 PM,46,28,18
07/16/2019 09:00:00 PM,21,15,6
07/16/2019 10:00:00 PM,10,4,6
07/16/2019 11:00:00 PM,3,1,2
07/17/2019 12:00:00 AM,2,2,0
07/17/2019 01:00:00 AM,3,2,1
07/17/2019 02:00:00 AM,2,0,2
07/17/2019 03:00:00 AM,2,1,1
07/17/2019 04:00:00 AM,3,0,3
07/17/2019 05:00:00 AM,24,5,19
07/17/2019 06:00:00 AM,64,3,61
07/17/2019 07:00:00 AM,122,10,112
07/17/2019 08:00:00 AM,118,7,111
07/17/2019 09:00:00 AM,69,14,55
07/17/2019 10:00:00 AM,25,4,21
07/17/2019 11:00:00 AM,12,4,8
07/17/2019 12:00:00 PM,17,9,8
07/17/2019 01:00:00 PM,15,5,10
07/17/2019 02:00:00 PM,12,4,8
07/17/2019 03:00:00 PM,40,35,5
07/17/2019 04:00:00 PM,73,61,12
07/17/2019 05:00:00 PM,139,119,20
07/17/2019 06:00:00 PM,104,92,12
07/17/2019 07:00:00 PM,45,34,11
07/17/2019 08:00:00 PM,26,19,7
07/17/2019 09:00:00 PM,16,13,3
07/17/2019 10:00:00 PM,6,6,0
07/17/2019 11:00:00 PM,11,8,3
07/18/2019 12:00:00 AM,2,1,1
07/18/2019 01:00:00 AM,0,0,0
07/18/2019 02:00:00 AM,2,1,1
07/18/2019 03:00:00 AM,0,0,0
07/18/2019 04:00:00 AM,3,1,2
07/18/2019 05:00:00 AM,22,5,17
07/18/2019 06:00:00 AM,76,6,70
07/18/2019 07:00:00 AM,148,13,135
07/18/2019 08:00:00 AM,150,14,136
07/18/2019 09:00:00 AM,66,7,59
07/18/2019 10:00:00 AM,30,8,22
07/18/2019 11:00:00 AM,25,7,18
07/18/2019 12:00:00 PM,35,15,20
07/18/2019 01:00:00 PM,27,13,14
07/18/2019 02:00:00 PM,44,24,20
07/18/2019 03:00:00 PM,78,53,25
07/18/2019 04:00:00 PM,115,96,19
07/18/2019 05:00:00 PM,200,169,31
07/18/2019 06:00:00 PM,107,93,14
07/18/2019 07:00:00 PM,47,38,9
07/18/2019 08:00:00 PM,21,14,7
07/18/2019 09:00:00 PM,12,9,3
07/18/2019 10:00:00 PM,6,5,1
07/18/2019 11:00:00 PM,1,0,1
07/19/2019 12:00:00 AM,2,2,0
07/19/2019 01:00:00 AM,2,2,0
07/19/2019 02:00:00 AM,1,0,1
07/19/2019 03:00:00 AM,0,0,0
07/19/2019 04:00:00 AM,4,1,3
07/19/2019 05:00:00 AM,18,3,15
07/19/2019 06:00:00 AM,71,11,60
07/19/2019 07:00:00 AM,125,10,115
07/19/2019 08:00:00 AM,120,10,110
07/19/2019 09:00:00 AM,46,9,37
07/19/2019 10:00:00 AM,29,5,24
07/19/2019 11:00:00 AM,19,5,14
07/19/2019 12:00:00 PM,41,17,24
07/19/2019 01:00:00 PM,37,21,16
07/19/2019 02:00:00 PM,51,30,21
07/19/2019 03:00:00 PM,73,54,19
07/19/2019 04:00:00 PM,131,101,30
07/19/2019 05:00:00 PM,176,146,30
07/19/2019 06:00:00 PM,98,80,18
07/19/2019 07:00:00 PM,53,38,15
07/19/2019 08:00:00 PM,28,18,10
07/19/2019 09:00:00 PM,17,13,4
07/19/2019 10:00:00 PM,21,17,4
07/19/2019 11:00:00 PM,3,3,0
07/20/2019 12:00:00 AM,7,5,2
07/20/2019 01:00:00 AM,5,3,2
07/20/2019 02:00:00 AM,5,3,2
07/20/2019 03:00:00 AM,5,2,3
07/20/2019 04:00:00 AM,1,0,1
07/20/2019 05:00:00 AM,6,4,2
07/20/2019 06:00:00 AM,16,3,13
07/20/2019 07:00:00 AM,20,12,8
07/20/2019 08:00:00 AM,38,9,29
07/20/2019 09:00:00 AM,46,19,27
07/20/2019 10:00:00 AM,81,45,36
07/20/2019 11:00:00 AM,91,46,45
07/20/2019 12:00:00 PM,91,56,35
07/20/2019 01:00:00 PM,82,45,37
07/20/2019 02:00:00 PM,88,48,40
07/20/2019 03:00:00 PM,86,42,44
07/20/2019 04:00:00 PM,70,43,27
07/20/2019 05:00:00 PM,61,27,34
07/20/2019 06:00:00 PM,47,28,19
07/20/2019 07:00:00 PM,33,13,20
07/20/2019 08:00:00 PM,33,23,10
07/20/2019 09:00:00 PM,25,12,13
07/20/2019 10:00:00 PM,9,8,1
07/20/2019 11:00:00 PM,11,9,2
07/21/2019 12:00:00 AM,1,0,1
07/21/2019 01:00:00 AM,3,2,1
07/21/2019 02:00:00 AM,0,0,0
07/21/2019 03:00:00 AM,0,0,0
07/21/2019 04:00:00 AM,1,0,1
07/21/2019 05:00:00 AM,7,3,4
07/21/2019 06:00:00 AM,10,6,4
07/21/2019 07:00:00 AM,13,5,8
07/21/2019 08:00:00 AM,42,13,29
07/21/2019 09:00:00 AM,46,16,30
07/21/2019 10:00:00 AM,78,44,34
07/21/2019 11:00:00 AM,63,40,23
07/21/2019 12:00:00 PM,95,38,57
07/21/2019 01:00:00 PM,79,38,41
07/21/2019 02:00:00 PM,87,44,43
07/21/2019 03:00:00 PM,65,38,27
07/21/2019 04:00:00 PM,90,45,45
07/21/2019 05:00:00 PM,58,27,31
07/21/2019 06:00:00 PM,29,21,8
07/21/2019 07:00:00 PM,20,6,14
07/21/2019 08:00:00 PM,14,8,6
07/21/2019 09:00:00 PM,40,31,9
07/21/2019 10:00:00 PM,5,1,4
07/21/2019 11:00:00 PM,9,5,4
07/22/2019 12:00:00 AM,3,2,1
07/22/2019 01:00:00 AM,0,0,0
07/22/2019 02:00:00 AM,3,1,2
07/22/2019 03:00:00 AM,1,1,0
07/22/2019 04:00:00 AM,5,0,5
07/22/2019 05:00:00 AM,31,5,26
07/22/2019 06:00:00 AM,100,10,90
07/22/2019 07:00:00 AM,175,17,158
07/22/2019 08:00:00 AM,183,12,171
07/22/2019 09:00:00 AM,81,8,73
07/22/2019 10:00:00 AM,31,9,22
07/22/2019 11:00:00 AM,30,15,15
07/22/2019 12:00:00 PM,39,14,25
07/22/2019 01:00:00 PM,33,20,13
07/22/2019 02:00:00 PM,40,23,17
07/22/2019 03:00:00 PM,61,46,15
07/22/2019 04:00:00 PM,151,131,20
07/22/2019 05:00:00 PM,237,211,26
07/22/2019 06:00:00 PM,151,127,24
07/22/2019 07:00:00 PM,64,44,20
07/22/2019 08:00:00 PM,39,23,16
07/22/2019 09:00:00 PM,34,17,17
07/22/2019 10:00:00 PM,11,7,4
07/22/2019 11:00:00 PM,7,7,0
07/23/2019 12:00:00 AM,5,3,2
07/23/2019 01:00:00 AM,1,1,0
07/23/2019 02:00:00 AM,1,0,1
07/23/2019 03:00:00 AM,1,1,0
07/23/2019 04:00:00 AM,5,2,3
07/23/2019 05:00:00 AM,43,8,35
07/23/2019 06:00:00 AM,104,18,86
07/23/2019 07:00:00 AM,200,21,179
07/23/2019 08:00:00 AM,204,15,189
07/23/2019 09:00:00 AM,70,11,59
07/23/2019 10:00:00 AM,30,11,19
07/23/2019 11:00:00 AM,32,13,19
07/23/2019 12:00:00 PM,20,9,11
07/23/2019 01:00:00 PM,19,7,12
07/23/2019 02:00:00 PM,41,23,18
07/23/2019 03:00:00 PM,54,41,13
07/23/2019 04:00:00 PM,146,127,19
07/23/2019 05:00:00 PM,234,204,30
07/23/2019 06:00:00 PM,151,128,23
07/23/2019 07:00:00 PM,78,61,17
07/23/2019 08:00:00 PM,30,24,6
07/23/2019 09:00:00 PM,24,20,4
07/23/2019 10:00:00 PM,15,11,4
07/23/2019 11:00:00 PM,3,3,0
07/24/2019 12:00:00 AM,8,3,5
07/24/2019 01:00:00 AM,0,0,0
07/24/2019 02:00:00 AM,5,3,2
07/24/2019 03:00:00 AM,2,0,2
07/24/2019 04:00:00 AM,4,2,2
07/24/2019 05:00:00 AM,29,5,24
07/24/2019 06:00:00 AM,86,9,77
07/24/2019 07:00:00 AM,176,14,162
07/24/2019 08:00:00 AM,173,11,162
07/24/2019 09:00:00 AM,82,9,73
07/24/2019 10:00:00 AM,38,11,27
07/24/2019 11:00:00 AM,39,14,25
07/24/2019 12:00:00 PM,44,17,27
07/24/2019 01:00:00 PM,39,21,18
07/24/2019 02:00:00 PM,46,26,20
07/24/2019 03:00:00 PM,79,60,19
07/24/2019 04:00:00 PM,147,118,29
07/24/2019 05:00:00 PM,247,219,28
07/24/2019 06:00:00 PM,146,125,21
07/24/2019 07:00:00 PM,63,46,17
07/24/2019 08:00:00 PM,35,21,14
07/24/2019 09:00:00 PM,26,18,8
07/24/2019 10:00:00 PM,6,4,2
07/24/2019 11:00:00 PM,13,11,2
07/25/2019 12:00:00 AM,4,3,1
07/25/2019 01:00:00 AM,4,1,3
07/25/2019 02:00:00 AM,5,3,2
07/25/2019 03:00:00 AM,0,0,0
07/25/2019 04:00:00 AM,2,1,1
07/25/2019 05:00:00 AM,23,4,19
07/25/2019 06:00:00 AM,90,7,83
07/25/2019 07:00:00 AM,162,20,142
07/25/2019 08:00:00 AM,187,16,171
07/25/2019 09:00:00 AM,80,9,71
07/25/2019 10:00:00 AM,44,13,31
07/25/2019 11:00:00 AM,38,17,21
07/25/2019 12:00:00 PM,38,17,21
07/25/2019 01:00:00 PM,30,21,9
07/25/2019 02:00:00 PM,50,26,24
07/25/2019 03:00:00 PM,74,55,19
07/25/2019 04:00:00 PM,123,103,20
07/25/2019 05:00:00 PM,198,169,29
07/25/2019 06:00:00 PM,131,116,15
07/25/2019 07:00:00 PM,62,43,19
07/25/2019 08:00:00 PM,29,18,11
07/25/2019 09:00:00 PM,25,17,8
07/25/2019 10:00:00 PM,14,12,2
07/25/2019 11:00:00 PM,7,7,0
07/26/2019 12:00:00 AM,4,3,1
07/26/2019 01:00:00 AM,5,3,2
07/26/2019 02:00:00 AM,6,2,4
07/26/2019 03:00:00 AM,0,0,0
07/26/2019 04:00:00 AM,8,1,7
07/26/2019 05:00:00 AM,27,6,21
07/26/2019 06:00:00 AM,78,12,66
07/26/2019 07:00:00 AM,121,8,113
07/26/2019 08:00:00 AM,143,8,135
07/26/2019 09:00:00 AM,59,9,50
07/26/2019 10:00:00 AM,31,7,24
07/26/2019 11:00:00 AM,37,19,18
07/26/2019 12:00:00 PM,36,23,13
07/26/2019 01:00:00 PM,50,29,21
07/26/2019 02:00:00 PM,47,35,12
07/26/2019 03:00:00 PM,75,54,21
07/26/2019 04:00:00 PM,123,99,24
07/26/2019 05:00:00 PM,157,133,24
07/26/2019 06:00:00 PM,85,68,17
07/26/2019 07:00:00 PM,39,27,12
07/26/2019 08:00:00 PM,33,21,12
07/26/2019 09:00:00 PM,27,20,7
07/26/2019 10:00:00 PM,20,12,8
07/26/2019 11:00:00 PM,14,13,1
07/27/2019 12:00:00 AM,9,7,2
07/27/2019 01:00:00 AM,7,6,1
07/27/2019 02:00:00 AM,3,2,1
07/27/2019 03:00:00 AM,6,6,0
07/27/2019 04:00:00 AM,3,0,3
07/27/2019 05:00:00 AM,3,1,2
07/27/2019 06:00:00 AM,13,3,10
07/27/2019 07:00:00 AM,12,4,8
07/27/2019 08:00:00 AM,27,11,16
07/27/2019 09:00:00 AM,22,8,14
07/27/2019 10:00:00 AM,58,34,24
07/27/2019 11:00:00 AM,42,20,22
07/27/2019 12:00:00 PM,66,37,29
07/27/2019 01:00:00 PM,74,38,36
07/27/2019 02:00:00 PM,51,30,21
07/27/2019 03:00:00 PM,61,29,32
07/27/2019 04:00:00 PM,72,39,33
07/27/2019 05:00:00 PM,53,21,32
07/27/2019 06:00:00 PM,25,18,7
07/27/2019 07:00:00 PM,30,17,13
07/27/2019 08:00:00 PM,17,7,10
07/27/2019 09:00:00 PM,7,5,2
07/27/2019 10:00:00 PM,17,9,8
07/27/2019 11:00:00 PM,12,9,3
07/28/2019 12:00:00 AM,12,8,4
07/28/2019 01:00:00 AM,4,3,1
07/28/2019 02:00:00 AM,3,2,1
07/28/2019 03:00:00 AM,2,1,1
07/28/2019 04:00:00 AM,0,0,0
07/28/2019 05:00:00 AM,5,2,3
07/28/2019 06:00:00 AM,9,2,7
07/28/2019 07:00:00 AM,17,7,10
07/28/2019 08:00:00 AM,36,19,17
07/28/2019 09:00:00 AM,46,19,27
07/28/2019 10:00:00 AM,57,28,29
07/28/2019 11:00:00 AM,76,32,44
07/28/2019 12:00:00 PM,97,50,47
07/28/2019 01:00:00 PM,90,47,43
07/28/2019 02:00:00 PM,84,43,41
07/28/2019 03:00:00 PM,87,40,47
07/28/2019 04:00:00 PM,83,32,51
07/28/2019 05:00:00 PM,64,31,33
07/28/2019 06:00:00 PM,53,26,27
07/28/2019 07:00:00 PM,35,13,22
07/28/2019 08:00:00 PM,19,10,9
07/28/2019 09:00:00 PM,14,3,11
07/28/2019 10:00:00 PM,7,6,1
07/28/2019 11:00:00 PM,9,7,2
07/29/2019 12:00:00 AM,6,5,1
07/29/2019 01:00:00 AM,0,0,0
07/29/2019 02:00:00 AM,0,0,0
07/29/2019 03:00:00 AM,1,0,1
07/29/2019 04:00:00 AM,6,2,4
07/29/2019 05:00:00 AM,31,5,26
07/29/2019 06:00:00 AM,101,10,91
07/29/2019 07:00:00 AM,179,14,165
07/29/2019 08:00:00 AM,201,14,187
07/29/2019 09:00:00 AM,65,2,63
07/29/2019 10:00:00 AM,34,9,25
07/29/2019 11:00:00 AM,31,13,18
07/29/2019 12:00:00 PM,31,13,18
07/29/2019 01:00:00 PM,41,18,23
07/29/2019 02:00:00 PM,42,26,16
07/29/2019 03:00:00 PM,67,48,19
07/29/2019 04:00:00 PM,128,113,15
07/29/2019 05:00:00 PM,269,246,23
07/29/2019 06:00:00 PM,160,140,20
07/29/2019 07:00:00 PM,66,49,17
07/29/2019 08:00:00 PM,40,18,22
07/29/2019 09:00:00 PM,18,13,5
07/29/2019 10:00:00 PM,11,4,7
07/29/2019 11:00:00 PM,1,1,0
07/30/2019 12:00:00 AM,4,2,2
07/30/2019 01:00:00 AM,3,2,1
07/30/2019 02:00:00 AM,1,0,1
07/30/2019 03:00:00 AM,3,3,0
07/30/2019 04:00:00 AM,4,0,4
07/30/2019 05:00:00 AM,37,4,33
07/30/2019 06:00:00 AM,104,11,93
07/30/2019 07:00:00 AM,193,19,174
07/30/2019 08:00:00 AM,188,16,172
07/30/2019 09:00:00 AM,91,9,82
07/30/2019 10:00:00 AM,40,13,27
07/30/2019 11:00:00 AM,28,9,19
07/30/2019 12:00:00 PM,28,16,12
07/30/2019 01:00:00 PM,36,20,16
07/30/2019 02:00:00 PM,43,28,15
07/30/2019 03:00:00 PM,79,53,26
07/30/2019 04:00:00 PM,167,135,32
07/30/2019 05:00:00 PM,261,233,28
07/30/2019 06:00:00 PM,143,125,18
07/30/2019 07:00:00 PM,67,52,15
07/30/2019 08:00:00 PM,33,18,15
07/30/2019 09:00:00 PM,45,23,22
07/30/2019 10:00:00 PM,8,2,6
07/30/2019 11:00:00 PM,8,6,2
07/31/2019 12:00:00 AM,0,0,0
07/31/2019 01:00:00 AM,7,5,2
07/31/2019 02:00:00 AM,6,3,3
07/31/2019 03:00:00 AM,6,2,4
07/31/2019 04:00:00 AM,5,1,4
07/31/2019 05:00:00 AM,39,9,30
07/31/2019 06:00:00 AM,111,11,100
07/31/2019 07:00:00 AM,178,13,165
07/31/2019 08:00:00 AM,171,15,156
07/31/2019 09:00:00 AM,85,10,75
07/31/2019 10:00:00 AM,57,13,44
07/31/2019 11:00:00 AM,27,12,15
07/31/2019 12:00:00 PM,33,12,21
07/31/2019 01:00:00 PM,40,25,15
07/31/2019 02:00:00 PM,46,26,20
07/31/2019 03:00:00 PM,76,54,22
07/31/2019 04:00:00 PM,159,138,21
07/31/2019 05:00:00 PM,254,219,35
07/31/2019 06:00:00 PM,175,142,33
07/31/2019 07:00:00 PM,63,48,15
07/31/2019 08:00:00 PM,41,34,7
07/31/2019 09:00:00 PM,38,20,18
07/31/2019 10:00:00 PM,11,2,9
07/31/2019 11:00:00 PM,9,7,2
08/01/2019 12:00:00 AM,4,3,1
08/01/2019 01:00:00 AM,4,4,0
08/01/2019 02:00:00 AM,5,4,1
08/01/2019 03:00:00 AM,0,0,0
08/01/2019 04:00:00 AM,10,3,7
08/01/2019 05:00:00 AM,34,3,31
08/01/2019 06:00:00 AM,105,9,96
08/01/2019 07:00:00 AM,165,15,150
08/01/2019 08:00:00 AM,192,11,181
08/01/2019 09:00:00 AM,71,10,61
08/01/2019 10:00:00 AM,50,15,35
08/01/2019 11:00:00 AM,29,15,14
08/01/2019 12:00:00 PM,32,12,20
08/01/2019 01:00:00 PM,25,15,10
08/01/2019 02:00:00 PM,41,22,19
08/01/2019 03:00:00 PM,72,49,23
08/01/2019 04:00:00 PM,152,122,30
08/01/2019 05:00:00 PM,216,188,28
08/01/2019 06:00:00 PM,153,122,31
08/01/2019 07:00:00 PM,63,56,7
08/01/2019 08:00:00 PM,39,23,16
08/01/2019 09:00:00 PM,19,13,6
08/01/2019 10:00:00 PM,9,8,1
08/01/2019 11:00:00 PM,8,7,1
08/02/2019 12:00:00 AM,5,2,3
08/02/2019 01:00:00 AM,3,2,1
08/02/2019 02:00:00 AM,7,3,4
08/02/2019 03:00:00 AM,3,2,1
08/02/2019 04:00:00 AM,5,2,3
08/02/2019 05:00:00 AM,17,4,13
08/02/2019 06:00:00 AM,49,5,44
08/02/2019 07:00:00 AM,109,8,101
08/02/2019 08:00:00 AM,113,8,105
08/02/2019 09:00:00 AM,58,11,47
08/02/2019 10:00:00 AM,33,16,17
08/02/2019 11:00:00 AM,36,17,19
08/02/2019 12:00:00 PM,33,13,20
08/02/2019 01:00:00 PM,31,14,17
08/02/2019 02:00:00 PM,42,28,14
08/02/2019 03:00:00 PM,61,42,19
08/02/2019 04:00:00 PM,109,86,23
08/02/2019 05:00:00 PM,145,127,18
08/02/2019 06:00:00 PM,104,85,19
08/02/2019 07:00:00 PM,43,32,11
08/02/2019 08:00:00 PM,18,12,6
08/02/2019 09:00:00 PM,15,11,4
08/02/2019 10:00:00 PM,7,4,3
08/02/2019 11:00:00 PM,4,4,0
08/03/2019 12:00:00 AM,9,6,3
08/03/2019 01:00:00 AM,3,2,1
08/03/2019 02:00:00 AM,2,1,1
08/03/2019 03:00:00 AM,5,3,2
08/03/2019 04:00:00 AM,2,1,1
08/03/2019 05:00:00 AM,4,1,3
08/03/2019 06:00:00 AM,18,6,12
08/03/2019 07:00:00 AM,25,7,18
08/03/2019 08:00:00 AM,45,17,28
08/03/2019 09:00:00 AM,35,11,24
08/03/2019 10:00:00 AM,73,38,35
08/03/2019 11:00:00 AM,80,34,46
08/03/2019 12:00:00 PM,81,33,48
08/03/2019 01:00:00 PM,54,22,32
08/03/2019 02:00:00 PM,67,32,35
08/03/2019 03:00:00 PM,71,43,28
08/03/2019 04:00:00 PM,89,37,52
08/03/2019 05:00:00 PM,90,47,43
08/03/2019 06:00:00 PM,33,16,17
08/03/2019 07:00:00 PM,36,16,20
08/03/2019 08:00:00 PM,15,9,6
08/03/2019 09:00:00 PM,12,8,4
08/03/2019 10:00:00 PM,23,19,4
08/03/2019 11:00:00 PM,11,7,4
08/04/2019 12:00:00 AM,9,7,2
08/04/2019 01:00:00 AM,9,5,4
08/04/2019 02:00:00 AM,0,0,0
08/04/2019 03:00:00 AM,0,0,0
08/04/2019 04:00:00 AM,4,2,2
08/04/2019 05:00:00 AM,3,2,1
08/04/2019 06:00:00 AM,8,3,5
08/04/2019 07:00:00 AM,27,9,18
08/04/2019 08:00:00 AM,39,13,26
08/04/2019 09:00:00 AM,62,28,34
08/04/2019 10:00:00 AM,62,34,28
08/04/2019 11:00:00 AM,71,40,31
08/04/2019 12:00:00 PM,60,29,31
08/04/2019 01:00:00 PM,83,34,49
08/04/2019 02:00:00 PM,76,31,45
08/04/2019 03:00:00 PM,54,29,25
08/04/2019 04:00:00 PM,77,36,41
08/04/2019 05:00:00 PM,53,31,22
08/04/2019 06:00:00 PM,35,18,17
08/04/2019 07:00:00 PM,22,6,16
08/04/2019 08:00:00 PM,27,13,14
08/04/2019 09:00:00 PM,21,13,8
08/04/2019 10:00:00 PM,14,6,8
08/04/2019 11:00:00 PM,8,3,5
08/05/2019 12:00:00 AM,9,7,2
08/05/2019 01:00:00 AM,5,2,3
08/05/2019 02:00:00 AM,4,3,1
08/05/2019 03:00:00 AM,1,0,1
08/05/2019 04:00:00 AM,5,2,3
08/05/2019 05:00:00 AM,30,5,25
08/05/2019 06:00:00 AM,77,9,68
08/05/2019 07:00:00 AM,209,9,200
08/05/2019 08:00:00 AM,183,14,169
08/05/2019 09:00:00 AM,86,15,71
08/05/2019 10:00:00 AM,42,15,27
08/05/2019 11:00:00 AM,30,16,14
08/05/2019 12:00:00 PM,35,13,22
08/05/2019 01:00:00 PM,30,16,14
08/05/2019 02:00:00 PM,55,30,25
08/05/2019 03:00:00 PM,57,43,14
08/05/2019 04:00:00 PM,139,118,21
08/05/2019 05:00:00 PM,252,218,34
08/05/2019 06:00:00 PM,153,130,23
08/05/2019 07:00:00 PM,74,51,23
08/05/2019 08:00:00 PM,38,24,14
08/05/2019 09:00:00 PM,26,12,14
08/05/2019 10:00:00 PM,14,9,5
08/05/2019 11:00:00 PM,2,0,2
08/06/2019 12:00:00 AM,4,1,3
08/06/2019 01:00:00 AM,1,0,1
08/06/2019 02:00:00 AM,3,2,1
08/06/2019 03:00:00 AM,3,2,1
08/06/2019 04:00:00 AM,5,1,4
08/06/2019 05:00:00 AM,37,4,33
08/06/2019 06:00:00 AM,101,10,91
08/06/2019 07:00:00 AM,238,18,220
08/06/2019 08:00:00 AM,180,23,157
08/06/2019 09:00:00 AM,75,9,66
08/06/2019 10:00:00 AM,31,11,20
08/06/2019 11:00:00 AM,24,9,15
08/06/2019 12:00:00 PM,31,16,15
08/06/2019 01:00:00 PM,29,10,19
08/06/2019 02:00:00 PM,38,21,17
08/06/2019 03:00:00 PM,59,47,12
08/06/2019 04:00:00 PM,176,153,23
08/06/2019 05:00:00 PM,240,219,21
08/06/2019 06:00:00 PM,158,132,26
08/06/2019 07:00:00 PM,74,52,22
08/06/2019 08:00:00 PM,24,19,5
08/06/2019 09:00:00 PM,22,14,8
08/06/2019 10:00:00 PM,19,15,4
08/06/2019 11:00:00 PM,5,4,1
08/07/2019 12:00:00 AM,5,2,3
08/07/2019 01:00:00 AM,3,2,1
08/07/2019 02:00:00 AM,3,1,2
08/07/2019 03:00:00 AM,1,1,0
08/07/2019 04:00:00 AM,5,1,4
08/07/2019 05:00:00 AM,29,5,24
08/07/2019 06:00:00 AM,102,12,90
08/07/2019 07:00:00 AM,187,13,174
08/07/2019 08:00:00 AM,181,8,173
08/07/2019 09:00:00 AM,76,14,62
08/07/2019 10:00:00 AM,33,4,29
08/07/2019 11:00:00 AM,29,11,18
08/07/2019 12:00:00 PM,43,17,26
08/07/2019 01:00:00 PM,20,8,12
08/07/2019 02:00:00 PM,57,29,28
08/07/2019 03:00:00 PM,64,40,24
08/07/2019 04:00:00 PM,136,114,22
08/07/2019 05:00:00 PM,244,227,17
08/07/2019 06:00:00 PM,134,123,11
08/07/2019 07:00:00 PM,99,75,24
08/07/2019 08:00:00 PM,45,27,18
08/07/2019 09:00:00 PM,22,9,13
08/07/2019 10:00:00 PM,11,6,5
08/07/2019 11:00:00 PM,5,4,1
08/08/2019 12:00:00 AM,3,3,0
08/08/2019 01:00:00 AM,6,6,0
08/08/2019 02:00:00 AM,3,1,2
08/08/2019 03:00:00 AM,1,1,0
08/08/2019 04:00:00 AM,6,1,5
08/08/2019 05:00:00 AM,36,5,31
08/08/2019 06:00:00 AM,100,5,95
08/08/2019 07:00:00 AM,170,16,154
08/08/2019 08:00:00 AM,185,16,169
08/08/2019 09:00:00 AM,76,10,66
08/08/2019 10:00:00 AM,34,8,26
08/08/2019 11:00:00 AM,57,13,44
08/08/2019 12:00:00 PM,32,11,21
08/08/2019 01:00:00 PM,22,13,9
08/08/2019 02:00:00 PM,38,21,17
08/08/2019 03:00:00 PM,62,47,15
08/08/2019 04:00:00 PM,146,121,25
08/08/2019 05:00:00 PM,242,211,31
08/08/2019 06:00:00 PM,150,128,22
08/08/2019 07:00:00 PM,74,66,8
08/08/2019 08:00:00 PM,23,18,5
08/08/2019 09:00:00 PM,20,16,4
08/08/2019 10:00:00 PM,21,15,6
08/08/2019 11:00:00 PM,6,5,1
08/09/2019 12:00:00 AM,8,5,3
08/09/2019 01:00:00 AM,3,0,3
08/09/2019 02:00:00 AM,2,0,2
08/09/2019 03:00:00 AM,3,2,1
08/09/2019 04:00:00 AM,5,0,5
08/09/2019 05:00:00 AM,27,3,24
08/09/2019 06:00:00 AM,69,11,58
08/09/2019 07:00:00 AM,133,12,121
08/09/2019 08:00:00 AM,143,12,131
08/09/2019 09:00:00 AM,58,7,51
08/09/2019 10:00:00 AM,41,14,27
08/09/2019 11:00:00 AM,37,18,19
08/09/2019 12:00:00 PM,29,19,10
08/09/2019 01:00:00 PM,36,21,15
08/09/2019 02:00:00 PM,53,24,29
08/09/2019 03:00:00 PM,61,44,17
08/09/2019 04:00:00 PM,125,102,23
08/09/2019 05:00:00 PM,176,156,20
08/09/2019 06:00:00 PM,98,73,25
08/09/2019 07:00:00 PM,53,46,7
08/09/2019 08:00:00 PM,21,14,7
08/09/2019 09:00:00 PM,18,10,8
08/09/2019 10:00:00 PM,6,5,1
08/09/2019 11:00:00 PM,12,10,2
08/10/2019 12:00:00 AM,12,11,1
08/10/2019 01:00:00 AM,1,0,1
08/10/2019 02:00:00 AM,0,0,0
08/10/2019 03:00:00 AM,1,0,1
08/10/2019 04:00:00 AM,2,0,2
08/10/2019 05:00:00 AM,4,0,4
08/10/2019 06:00:00 AM,3,1,2
08/10/2019 07:00:00 AM,5,2,3
08/10/2019 08:00:00 AM,6,1,5
08/10/2019 09:00:00 AM,4,0,4
08/10/2019 10:00:00 AM,26,12,14
08/10/2019 11:00:00 AM,21,5,16
08/10/2019 12:00:00 PM,58,21,37
08/10/2019 01:00:00 PM,41,15,26
08/10/2019 02:00:00 PM,45,29,16
08/10/2019 03:00:00 PM,77,46,31
08/10/2019 04:00:00 PM,49,31,18
08/10/2019 05:00:00 PM,46,25,21
08/10/2019 06:00:00 PM,36,25,11
08/10/2019 07:00:00 PM,22,9,13
08/10/2019 08:00:00 PM,16,11,5
08/10/2019 09:00:00 PM,8,4,4
08/10/2019 10:00:00 PM,11,7,4
08/10/2019 11:00:00 PM,9,4,5
08/11/2019 12:00:00 AM,4,2,2
08/11/2019 01:00:00 AM,2,1,1
08/11/2019 02:00:00 AM,3,1,2
08/11/2019 03:00:00 AM,0,0,0
08/11/2019 04:00:00 AM,1,0,1
08/11/2019 05:00:00 AM,5,2,3
08/11/2019 06:00:00 AM,7,2,5
08/11/2019 07:00:00 AM,16,8,8
08/11/2019 08:00:00 AM,30,14,16
08/11/2019 09:00:00 AM,43,18,25
08/11/2019 10:00:00 AM,52,26,26
08/11/2019 11:00:00 AM,61,30,31
08/11/2019 12:00:00 PM,55,34,21
08/11/2019 01:00:00 PM,49,16,33
08/11/2019 02:00:00 PM,41,19,22
08/11/2019 03:00:00 PM,45,24,21
08/11/2019 04:00:00 PM,51,25,26
08/11/2019 05:00:00 PM,36,25,11
08/11/2019 06:00:00 PM,11,8,3
08/11/2019 07:00:00 PM,18,10,8
08/11/2019 08:00:00 PM,7,2,5
08/11/2019 09:00:00 PM,4,3,1
08/11/2019 10:00:00 PM,5,3,2
08/11/2019 11:00:00 PM,6,5,1
08/12/2019 12:00:00 AM,1,1,0
08/12/2019 01:00:00 AM,0,0,0
08/12/2019 02:00:00 AM,1,0,1
08/12/2019 03:00:00 AM,2,1,1
08/12/2019 04:00:00 AM,4,0,4
08/12/2019 05:00:00 AM,29,8,21
08/12/2019 06:00:00 AM,95,7,88
08/12/2019 07:00:00 AM,174,15,159
08/12/2019 08:00:00 AM,181,15,166
08/12/2019 09:00:00 AM,63,11,52
08/12/2019 10:00:00 AM,32,5,27
08/12/2019 11:00:00 AM,32,13,19
08/12/2019 12:00:00 PM,40,15,25
08/12/2019 01:00:00 PM,19,8,11
08/12/2019 02:00:00 PM,29,16,13
08/12/2019 03:00:00 PM,73,53,20
08/12/2019 04:00:00 PM,118,100,18
08/12/2019 05:00:00 PM,237,222,15
08/12/2019 06:00:00 PM,156,132,24
08/12/2019 07:00:00 PM,71,47,24
08/12/2019 08:00:00 PM,28,23,5
08/12/2019 09:00:00 PM,13,6,7
08/12/2019 10:00:00 PM,3,1,2
08/12/2019 11:00:00 PM,7,5,2
08/13/2019 12:00:00 AM,0,0,0
08/13/2019 01:00:00 AM,1,1,0
08/13/2019 02:00:00 AM,7,5,2
08/13/2019 03:00:00 AM,2,1,1
08/13/2019 04:00:00 AM,7,1,6
08/13/2019 05:00:00 AM,32,6,26
08/13/2019 06:00:00 AM,114,10,104
08/13/2019 07:00:00 AM,170,11,159
08/13/2019 08:00:00 AM,216,14,202
08/13/2019 09:00:00 AM,84,17,67
08/13/2019 10:00:00 AM,45,16,29
08/13/2019 11:00:00 AM,26,8,18
08/13/2019 12:00:00 PM,29,13,16
08/13/2019 01:00:00 PM,39,18,21
08/13/2019 02:00:00 PM,38,19,19
08/13/2019 03:00:00 PM,69,47,22
08/13/2019 04:00:00 PM,146,120,26
08/13/2019 05:00:00 PM,240,219,21
08/13/2019 06:00:00 PM,158,129,29
08/13/2019 07:00:00 PM,68,48,20
08/13/2019 08:00:00 PM,60,37,23
08/13/2019 09:00:00 PM,13,10,3
08/13/2019 10:00:00 PM,12,9,3
08/13/2019 11:00:00 PM,10,5,5
08/14/2019 12:00:00 AM,2,1,1
08/14/2019 01:00:00 AM,1,0,1
08/14/2019 02:00:00 AM,11,5,6
08/14/2019 03:00:00 AM,2,0,2
08/14/2019 04:00:00 AM,9,2,7
08/14/2019 05:00:00 AM,28,4,24
08/14/2019 06:00:00 AM,108,13,95
08/14/2019 07:00:00 AM,190,9,181
08/14/2019 08:00:00 AM,179,13,166
08/14/2019 09:00:00 AM,69,13,56
08/14/2019 10:00:00 AM,34,13,21
08/14/2019 11:00:00 AM,48,26,22
08/14/2019 12:00:00 PM,43,14,29
08/14/2019 01:00:00 PM,39,19,20
08/14/2019 02:00:00 PM,49,31,18
08/14/2019 03:00:00 PM,58,43,15
08/14/2019 04:00:00 PM,146,118,28
08/14/2019 05:00:00 PM,235,206,29
08/14/2019 06:00:00 PM,152,124,28
08/14/2019 07:00:00 PM,69,54,15
08/14/2019 08:00:00 PM,34,26,8
08/14/2019 09:00:00 PM,25,18,7
08/14/2019 10:00:00 PM,27,13,14
08/14/2019 11:00:00 PM,21,17,4
08/15/2019 12:00:00 AM,13,11,2
08/15/2019 01:00:00 AM,5,4,1
08/15/2019 02:00:00 AM,6,2,4
08/15/2019 03:00:00 AM,5,5,0
08/15/2019 04:00:00 AM,10,3,7
08/15/2019 05:00:00 AM,39,8,31
08/15/2019 06:00:00 AM,95,9,86
08/15/2019 07:00:00 AM,163,16,147
08/15/2019 08:00:00 AM,168,11,157
08/15/2019 09:00:00 AM,81,18,63
08/15/2019 10:00:00 AM,46,12,34
08/15/2019 11:00:00 AM,16,7,9
08/15/2019 12:00:00 PM,36,20,16
08/15/2019 01:00:00 PM,38,15,23
08/15/2019 02:00:00 PM,46,22,24
08/15/2019 03:00:00 PM,67,45,22
08/15/2019 04:00:00 PM,147,115,32
08/15/2019 05:00:00 PM,223,203,20
08/15/2019 06:00:00 PM,129,115,14
08/15/2019 07:00:00 PM,76,61,15
08/15/2019 08:00:00 PM,36,29,7
08/15/2019 09:00:00 PM,27,17,10
08/15/2019 10:00:00 PM,18,7,11
08/15/2019 11:00:00 PM,5,5,0
08/16/2019 12:00:00 AM,10,10,0
08/16/2019 01:00:00 AM,6,1,5
08/16/2019 02:00:00 AM,5,3,2
08/16/2019 03:00:00 AM,0,0,0
08/16/2019 04:00:00 AM,5,1,4
08/16/2019 05:00:00 AM,26,6,20
08/16/2019 06:00:00 AM,78,10,68
08/16/2019 07:00:00 AM,130,13,117
08/16/2019 08:00:00 AM,125,15,110
08/16/2019 09:00:00 AM,63,10,53
08/16/2019 10:00:00 AM,36,9,27
08/16/2019 11:00:00 AM,41,15,26
08/16/2019 12:00:00 PM,29,10,19
08/16/2019 01:00:00 PM,33,24,9
08/16/2019 02:00:00 PM,41,27,14
08/16/2019 03:00:00 PM,57,39,18
08/16/2019 04:00:00 PM,105,88,17
08/16/2019 05:00:00 PM,150,120,30
08/16/2019 06:00:00 PM,80,64,16
08/16/2019 07:00:00 PM,47,33,14
08/16/2019 08:00:00 PM,25,17,8
08/16/2019 09:00:00 PM,12,12,0
08/16/2019 10:00:00 PM,13,10,3
08/16/2019 11:00:00 PM,5,4,1
08/17/2019 12:00:00 AM,5,4,1
08/17/2019 01:00:00 AM,6,4,2
08/17/2019 02:00:00 AM,2,2,0
08/17/2019 03:00:00 AM,1,0,1
08/17/2019 04:00:00 AM,1,0,1
08/17/2019 05:00:00 AM,4,2,2
08/17/2019 06:00:00 AM,13,2,11
08/17/2019 07:00:00 AM,29,10,19
08/17/2019 08:00:00 AM,50,24,26
08/17/2019 09:00:00 AM,47,23,24
08/17/2019 10:00:00 AM,72,42,30
08/17/2019 11:00:00 AM,74,32,42
08/17/2019 12:00:00 PM,56,32,24
08/17/2019 01:00:00 PM,69,33,36
08/17/2019 02:00:00 PM,64,31,33
08/17/2019 03:00:00 PM,61,33,28
08/17/2019 04:00:00 PM,39,24,15
08/17/2019 05:00:00 PM,47,21,26
08/17/2019 06:00:00 PM,36,21,15
08/17/2019 07:00:00 PM,28,21,7
08/17/2019 08:00:00 PM,13,7,6
08/17/2019 09:00:00 PM,15,8,7
08/17/2019 10:00:00 PM,8,3,5
08/17/2019 11:00:00 PM,17,8,9
08/18/2019 12:00:00 AM,7,7,0
08/18/2019 01:00:00 AM,6,2,4
08/18/2019 02:00:00 AM,3,2,1
08/18/2019 03:00:00 AM,2,2,0
08/18/2019 04:00:00 AM,0,0,0
08/18/2019 05:00:00 AM,5,2,3
08/18/2019 06:00:00 AM,5,3,2
08/18/2019 07:00:00 AM,14,4,10
08/18/2019 08:00:00 AM,22,6,16
08/18/2019 09:00:00 AM,33,14,19
08/18/2019 10:00:00 AM,48,24,24
08/18/2019 11:00:00 AM,77,34,43
08/18/2019 12:00:00 PM,60,27,33
08/18/2019 01:00:00 PM,54,20,34
08/18/2019 02:00:00 PM,47,21,26
08/18/2019 03:00:00 PM,58,30,28
08/18/2019 04:00:00 PM,50,36,14
08/18/2019 05:00:00 PM,50,32,18
08/18/2019 06:00:00 PM,25,14,11
08/18/2019 07:00:00 PM,27,6,21
08/18/2019 08:00:00 PM,25,12,13
08/18/2019 09:00:00 PM,5,3,2
08/18/2019 10:00:00 PM,13,10,3
08/18/2019 11:00:00 PM,1,1,0
08/19/2019 12:00:00 AM,3,2,1
08/19/2019 01:00:00 AM,6,2,4
08/19/2019 02:00:00 AM,2,0,2
08/19/2019 03:00:00 AM,2,0,2
08/19/2019 04:00:00 AM,6,0,6
08/19/2019 05:00:00 AM,26,6,20
08/19/2019 06:00:00 AM,105,11,94
08/19/2019 07:00:00 AM,149,14,135
08/19/2019 08:00:00 AM,179,11,168
08/19/2019 09:00:00 AM,71,6,65
08/19/2019 10:00:00 AM,41,11,30
08/19/2019 11:00:00 AM,17,10,7
08/19/2019 12:00:00 PM,38,16,22
08/19/2019 01:00:00 PM,27,12,15
08/19/2019 02:00:00 PM,43,23,20
08/19/2019 03:00:00 PM,63,49,14
08/19/2019 04:00:00 PM,142,120,22
08/19/2019 05:00:00 PM,205,181,24
08/19/2019 06:00:00 PM,143,124,19
08/19/2019 07:00:00 PM,54,39,15
08/19/2019 08:00:00 PM,35,26,9
08/19/2019 09:00:00 PM,14,10,4
08/19/2019 10:00:00 PM,12,7,5
08/19/2019 11:00:00 PM,3,2,1
08/20/2019 12:00:00 AM,2,0,2
08/20/2019 01:00:00 AM,6,5,1
08/20/2019 02:00:00 AM,2,2,0
08/20/2019 03:00:00 AM,4,0,4
08/20/2019 04:00:00 AM,6,2,4
08/20/2019 05:00:00 AM,34,4,30
08/20/2019 06:00:00 AM,104,6,98
08/20/2019 07:00:00 AM,192,16,176
08/20/2019 08:00:00 AM,197,9,188
08/20/2019 09:00:00 AM,81,9,72
08/20/2019 10:00:00 AM,38,8,30
08/20/2019 11:00:00 AM,31,19,12
08/20/2019 12:00:00 PM,47,21,26
08/20/2019 01:00:00 PM,29,18,11
08/20/2019 02:00:00 PM,52,29,23
08/20/2019 03:00:00 PM,53,35,18
08/20/2019 04:00:00 PM,145,126,19
08/20/2019 05:00:00 PM,268,232,36
08/20/2019 06:00:00 PM,137,109,28
08/20/2019 07:00:00 PM,64,51,13
08/20/2019 08:00:00 PM,38,28,10
08/20/2019 09:00:00 PM,11,9,2
08/20/2019 10:00:00 PM,25,17,8
08/20/2019 11:00:00 PM,7,6,1
08/21/2019 12:00:00 AM,6,4,2
08/21/2019 01:00:00 AM,2,2,0
08/21/2019 02:00:00 AM,4,2,2
08/21/2019 03:00:00 AM,1,0,1
08/21/2019 04:00:00 AM,8,3,5
08/21/2019 05:00:00 AM,21,4,17
08/21/2019 06:00:00 AM,57,1,56
08/21/2019 07:00:00 AM,89,5,84
08/21/2019 08:00:00 AM,75,1,74
08/21/2019 09:00:00 AM,36,3,33
08/21/2019 10:00:00 AM,12,3,9
08/21/2019 11:00:00 AM,14,7,7
08/21/2019 12:00:00 PM,21,8,13
08/21/2019 01:00:00 PM,4,1,3
08/21/2019 02:00:00 PM,24,13,11
08/21/2019 03:00:00 PM,38,29,9
08/21/2019 04:00:00 PM,66,54,12
08/21/2019 05:00:00 PM,112,97,15
08/21/2019 06:00:00 PM,74,67,7
08/21/2019 07:00:00 PM,26,22,4
08/21/2019 08:00:00 PM,22,16,6
08/21/2019 09:00:00 PM,10,8,2
08/21/2019 10:00:00 PM,10,7,3
08/21/2019 11:00:00 PM,2,1,1
08/22/2019 12:00:00 AM,2,2,0
08/22/2019 01:00:00 AM,1,1,0
08/22/2019 02:00:00 AM,1,0,1
08/22/2019 03:00:00 AM,2,2,0
08/22/2019 04:00:00 AM,9,2,7
08/22/2019 05:00:00 AM,32,4,28
08/22/2019 06:00:00 AM,86,14,72
08/22/2019 07:00:00 AM,120,13,107
08/22/2019 08:00:00 AM,176,9,167
08/22/2019 09:00:00 AM,66,11,55
08/22/2019 10:00:00 AM,37,13,24
08/22/2019 11:00:00 AM,26,7,19
08/22/2019 12:00:00 PM,36,12,24
08/22/2019 01:00:00 PM,37,18,19
08/22/2019 02:00:00 PM,36,18,18
08/22/2019 03:00:00 PM,71,52,19
08/22/2019 04:00:00 PM,119,102,17
08/22/2019 05:00:00 PM,202,172,30
08/22/2019 06:00:00 PM,131,108,23
08/22/2019 07:00:00 PM,55,36,19
08/22/2019 08:00:00 PM,40,30,10
08/22/2019 09:00:00 PM,22,16,6
08/22/2019 10:00:00 PM,7,6,1
08/22/2019 11:00:00 PM,3,3,0
08/23/2019 12:00:00 AM,7,7,0
08/23/2019 01:00:00 AM,0,0,0
08/23/2019 02:00:00 AM,4,1,3
08/23/2019 03:00:00 AM,2,1,1
08/23/2019 04:00:00 AM,8,2,6
08/23/2019 05:00:00 AM,36,6,30
08/23/2019 06:00:00 AM,70,5,65
08/23/2019 07:00:00 AM,118,8,110
08/23/2019 08:00:00 AM,129,10,119
08/23/2019 09:00:00 AM,63,10,53
08/23/2019 10:00:00 AM,21,7,14
08/23/2019 11:00:00 AM,30,14,16
08/23/2019 12:00:00 PM,23,8,15
08/23/2019 01:00:00 PM,42,23,19
08/23/2019 02:00:00 PM,52,32,20
08/23/2019 03:00:00 PM,71,51,20
08/23/2019 04:00:00 PM,139,113,26
08/23/2019 05:00:00 PM,151,120,31
08/23/2019 06:00:00 PM,106,87,19
08/23/2019 07:00:00 PM,46,33,13
08/23/2019 08:00:00 PM,19,7,12
08/23/2019 09:00:00 PM,19,16,3
08/23/2019 10:00:00 PM,11,9,2
08/23/2019 11:00:00 PM,10,6,4
08/24/2019 12:00:00 AM,7,6,1
08/24/2019 01:00:00 AM,3,1,2
08/24/2019 02:00:00 AM,4,2,2
08/24/2019 03:00:00 AM,4,4,0
08/24/2019 04:00:00 AM,2,0,2
08/24/2019 05:00:00 AM,3,1,2
08/24/2019 06:00:00 AM,10,5,5
08/24/2019 07:00:00 AM,17,5,12
08/24/2019 08:00:00 AM,35,12,23
08/24/2019 09:00:00 AM,45,23,22
08/24/2019 10:00:00 AM,70,38,32
08/24/2019 11:00:00 AM,112,43,69
08/24/2019 12:00:00 PM,58,28,30
08/24/2019 01:00:00 PM,65,37,28
08/24/2019 02:00:00 PM,64,23,41
08/24/2019 03:00:00 PM,48,20,28
08/24/2019 04:00:00 PM,70,37,33
08/24/2019 05:00:00 PM,60,31,29
08/24/2019 06:00:00 PM,32,21,11
08/24/2019 07:00:00 PM,30,18,12
08/24/2019 08:00:00 PM,30,15,15
08/24/2019 09:00:00 PM,5,3,2
08/24/2019 10:00:00 PM,26,11,15
08/24/2019 11:00:00 PM,6,4,2
08/25/2019 12:00:00 AM,4,3,1
08/25/2019 01:00:00 AM,3,2,1
08/25/2019 02:00:00 AM,2,2,0
08/25/2019 03:00:00 AM,1,1,0
08/25/2019 04:00:00 AM,1,0,1
08/25/2019 05:00:00 AM,6,2,4
08/25/2019 06:00:00 AM,6,1,5
08/25/2019 07:00:00 AM,15,11,4
08/25/2019 08:00:00 AM,22,5,17
08/25/2019 09:00:00 AM,33,16,17
08/25/2019 10:00:00 AM,48,29,19
08/25/2019 11:00:00 AM,48,19,29
08/25/2019 12:00:00 PM,44,15,29
08/25/2019 01:00:00 PM,59,22,37
08/25/2019 02:00:00 PM,62,28,34
08/25/2019 03:00:00 PM,69,38,31
08/25/2019 04:00:00 PM,59,42,17
08/25/2019 05:00:00 PM,47,33,14
08/25/2019 06:00:00 PM,30,15,15
08/25/2019 07:00:00 PM,28,12,16
08/25/2019 08:00:00 PM,24,12,12
08/25/2019 09:00:00 PM,9,4,5
08/25/2019 10:00:00 PM,2,2,0
08/25/2019 11:00:00 PM,5,3,2
08/26/2019 12:00:00 AM,7,3,4
08/26/2019 01:00:00 AM,3,3,0
08/26/2019 02:00:00 AM,6,3,3
08/26/2019 03:00:00 AM,2,1,1
08/26/2019 04:00:00 AM,5,0,5
08/26/2019 05:00:00 AM,27,4,23
08/26/2019 06:00:00 AM,98,9,89
08/26/2019 07:00:00 AM,169,18,151
08/26/2019 08:00:00 AM,186,12,174
08/26/2019 09:00:00 AM,59,10,49
08/26/2019 10:00:00 AM,45,17,28
08/26/2019 11:00:00 AM,20,5,15
08/26/2019 12:00:00 PM,28,12,16
08/26/2019 01:00:00 PM,26,10,16
08/26/2019 02:00:00 PM,52,27,25
08/26/2019 03:00:00 PM,60,49,11
08/26/2019 04:00:00 PM,126,96,30
08/26/2019 05:00:00 PM,244,214,30
08/26/2019 06:00:00 PM,147,127,20
08/26/2019 07:00:00 PM,56,47,9
08/26/2019 08:00:00 PM,31,17,14
08/26/2019 09:00:00 PM,17,12,5
08/26/2019 10:00:00 PM,6,5,1
08/26/2019 11:00:00 PM,6,6,0
08/27/2019 12:00:00 AM,1,1,0
08/27/2019 01:00:00 AM,3,3,0
08/27/2019 02:00:00 AM,5,0,5
08/27/2019 03:00:00 AM,6,5,1
08/27/2019 04:00:00 AM,11,1,10
08/27/2019 05:00:00 AM,37,5,32
08/27/2019 06:00:00 AM,100,17,83
08/27/2019 07:00:00 AM,191,15,176
08/27/2019 08:00:00 AM,182,17,165
08/27/2019 09:00:00 AM,84,7,77
08/27/2019 10:00:00 AM,42,11,31
08/27/2019 11:00:00 AM,43,15,28
08/27/2019 12:00:00 PM,36,18,18
08/27/2019 01:00:00 PM,34,16,18
08/27/2019 02:00:00 PM,41,19,22
08/27/2019 03:00:00 PM,55,41,14
08/27/2019 04:00:00 PM,153,128,25
08/27/2019 05:00:00 PM,247,210,37
08/27/2019 06:00:00 PM,147,122,25
08/27/2019 07:00:00 PM,90,73,17
08/27/2019 08:00:00 PM,30,20,10
08/27/2019 09:00:00 PM,23,15,8
08/27/2019 10:00:00 PM,26,16,10
08/27/2019 11:00:00 PM,5,4,1
08/28/2019 12:00:00 AM,1,1,0
08/28/2019 01:00:00 AM,3,2,1
08/28/2019 02:00:00 AM,4,1,3
08/28/2019 03:00:00 AM,3,3,0
08/28/2019 04:00:00 AM,6,3,3
08/28/2019 05:00:00 AM,29,4,25
08/28/2019 06:00:00 AM,109,17,92
08/28/2019 07:00:00 AM,162,14,148
08/28/2019 08:00:00 AM,175,14,161
08/28/2019 09:00:00 AM,76,7,69
08/28/2019 10:00:00 AM,32,7,25
08/28/2019 11:00:00 AM,28,12,16
08/28/2019 12:00:00 PM,39,12,27
08/28/2019 01:00:00 PM,21,7,14
08/28/2019 02:00:00 PM,38,22,16
08/28/2019 03:00:00 PM,57,43,14
08/28/2019 04:00:00 PM,160,130,30
08/28/2019 05:00:00 PM,227,198,29
08/28/2019 06:00:00 PM,145,131,14
08/28/2019 07:00:00 PM,72,56,16
08/28/2019 08:00:00 PM,62,29,33
08/28/2019 09:00:00 PM,17,9,8
08/28/2019 10:00:00 PM,9,6,3
08/28/2019 11:00:00 PM,8,5,3
08/29/2019 12:00:00 AM,7,2,5
08/29/2019 01:00:00 AM,2,1,1
08/29/2019 02:00:00 AM,5,2,3
08/29/2019 03:00:00 AM,3,1,2
08/29/2019 04:00:00 AM,9,2,7
08/29/2019 05:00:00 AM,27,5,22
08/29/2019 06:00:00 AM,99,14,85
08/29/2019 07:00:00 AM,157,13,144
08/29/2019 08:00:00 AM,168,12,156
08/29/2019 09:00:00 AM,73,10,63
08/29/2019 10:00:00 AM,43,11,32
08/29/2019 11:00:00 AM,32,13,19
08/29/2019 12:00:00 PM,28,11,17
08/29/2019 01:00:00 PM,31,17,14
08/29/2019 02:00:00 PM,42,24,18
08/29/2019 03:00:00 PM,88,56,32
08/29/2019 04:00:00 PM,143,112,31
08/29/2019 05:00:00 PM,222,195,27
08/29/2019 06:00:00 PM,101,89,12
08/29/2019 07:00:00 PM,43,37,6
08/29/2019 08:00:00 PM,8,6,2
08/29/2019 09:00:00 PM,15,11,4
08/29/2019 10:00:00 PM,9,8,1
08/29/2019 11:00:00 PM,3,3,0
08/30/2019 12:00:00 AM,5,3,2
08/30/2019 01:00:00 AM,1,1,0
08/30/2019 02:00:00 AM,1,1,0
08/30/2019 03:00:00 AM,0,0,0
08/30/2019 04:00:00 AM,7,2,5
08/30/2019 05:00:00 AM,25,4,21
08/30/2019 06:00:00 AM,56,5,51
08/30/2019 07:00:00 AM,112,15,97
08/30/2019 08:00:00 AM,112,11,101
08/30/2019 09:00:00 AM,48,10,38
08/30/2019 10:00:00 AM,41,14,27
08/30/2019 11:00:00 AM,25,10,15
08/30/2019 12:00:00 PM,38,16,22
08/30/2019 01:00:00 PM,31,14,17
08/30/2019 02:00:00 PM,37,26,11
08/30/2019 03:00:00 PM,88,67,21
08/30/2019 04:00:00 PM,118,91,27
08/30/2019 05:00:00 PM,133,118,15
08/30/2019 06:00:00 PM,67,52,15
08/30/2019 07:00:00 PM,46,34,12
08/30/2019 08:00:00 PM,33,18,15
08/30/2019 09:00:00 PM,15,10,5
08/30/2019 10:00:00 PM,10,9,1
08/30/2019 11:00:00 PM,5,4,1
08/31/2019 12:00:00 AM,6,2,4
08/31/2019 01:00:00 AM,8,6,2
08/31/2019 02:00:00 AM,3,0,3
08/31/2019 03:00:00 AM,0,0,0
08/31/2019 04:00:00 AM,1,0,1
08/31/2019 05:00:00 AM,3,1,2
08/31/2019 06:00:00 AM,10,2,8
08/31/2019 07:00:00 AM,13,7,6
08/31/2019 08:00:00 AM,42,19,23
08/31/2019 09:00:00 AM,35,13,22
08/31/2019 10:00:00 AM,63,24,39
08/31/2019 11:00:00 AM,53,25,28
08/31/2019 12:00:00 PM,58,25,33
08/31/2019 01:00:00 PM,53,31,22
08/31/2019 02:00:00 PM,58,28,30
08/31/2019 03:00:00 PM,65,39,26
08/31/2019 04:00:00 PM,44,24,20
08/31/2019 05:00:00 PM,36,19,17
08/31/2019 06:00:00 PM,35,10,25
08/31/2019 07:00:00 PM,22,13,9
08/31/2019 08:00:00 PM,26,19,7
08/31/2019 09:00:00 PM,11,8,3
08/31/2019 10:00:00 PM,3,2,1
08/31/2019 11:00:00 PM,6,4,2
09/01/2019 12:00:00 AM,3,1,2
09/01/2019 01:00:00 AM,3,3,0
09/01/2019 02:00:00 AM,1,0,1
09/01/2019 03:00:00 AM,0,0,0
09/01/2019 04:00:00 AM,1,1,0
09/01/2019 05:00:00 AM,3,3,0
09/01/2019 06:00:00 AM,5,2,3
09/01/2019 07:00:00 AM,14,3,11
09/01/2019 08:00:00 AM,43,25,18
09/01/2019 09:00:00 AM,56,19,37
09/01/2019 10:00:00 AM,75,31,44
09/01/2019 11:00:00 AM,50,26,24
09/01/2019 12:00:00 PM,63,27,36
09/01/2019 01:00:00 PM,76,36,40
09/01/2019 02:00:00 PM,79,25,54
09/01/2019 03:00:00 PM,81,34,47
09/01/2019 04:00:00 PM,72,41,31
09/01/2019 05:00:00 PM,48,31,17
09/01/2019 06:00:00 PM,45,30,15
09/01/2019 07:00:00 PM,33,20,13
09/01/2019 08:00:00 PM,20,11,9
09/01/2019 09:00:00 PM,14,6,8
09/01/2019 10:00:00 PM,10,8,2
09/01/2019 11:00:00 PM,2,1,1
09/02/2019 12:00:00 AM,3,3,0
09/02/2019 01:00:00 AM,3,2,1
09/02/2019 02:00:00 AM,1,0,1
09/02/2019 03:00:00 AM,0,0,0
09/02/2019 04:00:00 AM,2,1,1
09/02/2019 05:00:00 AM,1,0,1
09/02/2019 06:00:00 AM,10,2,8
09/02/2019 07:00:00 AM,22,4,18
09/02/2019 08:00:00 AM,30,13,17
09/02/2019 09:00:00 AM,53,28,25
09/02/2019 10:00:00 AM,63,35,28
09/02/2019 11:00:00 AM,54,31,23
09/02/2019 12:00:00 PM,61,26,35
09/02/2019 01:00:00 PM,80,40,40
09/02/2019 02:00:00 PM,82,44,38
09/02/2019 03:00:00 PM,72,36,36
09/02/2019 04:00:00 PM,72,34,38
09/02/2019 05:00:00 PM,65,41,24
09/02/2019 06:00:00 PM,48,31,17
09/02/2019 07:00:00 PM,24,7,17
09/02/2019 08:00:00 PM,26,7,19
09/02/2019 09:00:00 PM,9,1,8
09/02/2019 10:00:00 PM,7,6,1
09/02/2019 11:00:00 PM,3,2,1
09/03/2019 12:00:00 AM,0,0,0
09/03/2019 01:00:00 AM,1,1,0
09/03/2019 02:00:00 AM,4,1,3
09/03/2019 03:00:00 AM,3,1,2
09/03/2019 04:00:00 AM,5,0,5
09/03/2019 05:00:00 AM,31,1,30
09/03/2019 06:00:00 AM,93,8,85
09/03/2019 07:00:00 AM,185,16,169
09/03/2019 08:00:00 AM,194,19,175
09/03/2019 09:00:00 AM,74,2,72
09/03/2019 10:00:00 AM,49,16,33
09/03/2019 11:00:00 AM,23,11,12
09/03/2019 12:00:00 PM,28,8,20
09/03/2019 01:00:00 PM,37,19,18
09/03/2019 02:00:00 PM,45,23,22
09/03/2019 03:00:00 PM,68,50,18
09/03/2019 04:00:00 PM,165,137,28
09/03/2019 05:00:00 PM,245,214,31
09/03/2019 06:00:00 PM,139,118,21
09/03/2019 07:00:00 PM,61,46,15
09/03/2019 08:00:00 PM,24,14,10
09/03/2019 09:00:00 PM,8,6,2
09/03/2019 10:00:00 PM,11,10,1
09/03/2019 11:00:00 PM,4,3,1
09/04/2019 12:00:00 AM,4,4,0
09/04/2019 01:00:00 AM,2,1,1
09/04/2019 02:00:00 AM,4,0,4
09/04/2019 03:00:00 AM,0,0,0
09/04/2019 04:00:00 AM,3,0,3
09/04/2019 05:00:00 AM,45,8,37
09/04/2019 06:00:00 AM,106,7,99
09/04/2019 07:00:00 AM,175,16,159
09/04/2019 08:00:00 AM,205,11,194
09/04/2019 09:00:00 AM,91,9,82
09/04/2019 10:00:00 AM,34,9,25
09/04/2019 11:00:00 AM,28,11,17
09/04/2019 12:00:00 PM,27,16,11
09/04/2019 01:00:00 PM,41,20,21
09/04/2019 02:00:00 PM,44,24,20
09/04/2019 03:00:00 PM,65,49,16
09/04/2019 04:00:00 PM,131,114,17
09/04/2019 05:00:00 PM,275,242,33
09/04/2019 06:00:00 PM,161,134,27
09/04/2019 07:00:00 PM,72,50,22
09/04/2019 08:00:00 PM,26,19,7
09/04/2019 09:00:00 PM,16,11,5
09/04/2019 10:00:00 PM,9,6,3
09/04/2019 11:00:00 PM,7,6,1
09/05/2019 12:00:00 AM,4,2,2
09/05/2019 01:00:00 AM,2,0,2
09/05/2019 02:00:00 AM,4,2,2
09/05/2019 03:00:00 AM,1,0,1
09/05/2019 04:00:00 AM,9,2,7
09/05/2019 05:00:00 AM,27,3,24
09/05/2019 06:00:00 AM,101,12,89
09/05/2019 07:00:00 AM,161,22,139
09/05/2019 08:00:00 AM,178,12,166
09/05/2019 09:00:00 AM,84,10,74
09/05/2019 10:00:00 AM,37,14,23
09/05/2019 11:00:00 AM,17,4,13
09/05/2019 12:00:00 PM,33,22,11
09/05/2019 01:00:00 PM,28,13,15
09/05/2019 02:00:00 PM,41,20,21
09/05/2019 03:00:00 PM,64,37,27
09/05/2019 04:00:00 PM,139,121,18
09/05/2019 05:00:00 PM,212,187,25
09/05/2019 06:00:00 PM,122,106,16
09/05/2019 07:00:00 PM,59,49,10
09/05/2019 08:00:00 PM,20,13,7
09/05/2019 09:00:00 PM,15,12,3
09/05/2019 10:00:00 PM,3,3,0
09/05/2019 11:00:00 PM,6,3,3
09/06/2019 12:00:00 AM,3,3,0
09/06/2019 01:00:00 AM,3,1,2
09/06/2019 02:00:00 AM,2,1,1
09/06/2019 03:00:00 AM,0,0,0
09/06/2019 04:00:00 AM,8,2,6
09/06/2019 05:00:00 AM,33,5,28
09/06/2019 06:00:00 AM,77,14,63
09/06/2019 07:00:00 AM,141,9,132
09/06/2019 08:00:00 AM,157,8,149
09/06/2019 09:00:00 AM,58,10,48
09/06/2019 10:00:00 AM,39,9,30
09/06/2019 11:00:00 AM,29,10,19
09/06/2019 12:00:00 PM,33,19,14
09/06/2019 01:00:00 PM,54,26,28
09/06/2019 02:00:00 PM,54,34,20
09/06/2019 03:00:00 PM,85,59,26
09/06/2019 04:00:00 PM,147,131,16
09/06/2019 05:00:00 PM,189,161,28
09/06/2019 06:00:00 PM,108,80,28
09/06/2019 07:00:00 PM,58,43,15
09/06/2019 08:00:00 PM,31,20,11
09/06/2019 09:00:00 PM,10,7,3
09/06/2019 10:00:00 PM,13,9,4
09/06/2019 11:00:00 PM,6,4,2
09/07/2019 12:00:00 AM,2,2,0
09/07/2019 01:00:00 AM,6,4,2
09/07/2019 02:00:00 AM,5,4,1
09/07/2019 03:00:00 AM,7,4,3
09/07/2019 04:00:00 AM,3,2,1
09/07/2019 05:00:00 AM,3,2,1
09/07/2019 06:00:00 AM,11,3,8
09/07/2019 07:00:00 AM,15,7,8
09/07/2019 08:00:00 AM,57,20,37
09/07/2019 09:00:00 AM,44,18,26
09/07/2019 10:00:00 AM,73,40,33
09/07/2019 11:00:00 AM,53,21,32
09/07/2019 12:00:00 PM,54,23,31
09/07/2019 01:00:00 PM,58,27,31
09/07/2019 02:00:00 PM,50,24,26
09/07/2019 03:00:00 PM,50,24,26
09/07/2019 04:00:00 PM,38,22,16
09/07/2019 05:00:00 PM,51,28,23
09/07/2019 06:00:00 PM,31,15,16
09/07/2019 07:00:00 PM,19,12,7
09/07/2019 08:00:00 PM,3,2,1
09/07/2019 09:00:00 PM,8,7,1
09/07/2019 10:00:00 PM,4,4,0
09/07/2019 11:00:00 PM,5,4,1
09/08/2019 12:00:00 AM,1,1,0
09/08/2019 01:00:00 AM,1,1,0
09/08/2019 02:00:00 AM,1,1,0
09/08/2019 03:00:00 AM,0,0,0
09/08/2019 04:00:00 AM,4,2,2
09/08/2019 05:00:00 AM,2,0,2
09/08/2019 06:00:00 AM,4,0,4
09/08/2019 07:00:00 AM,3,2,1
09/08/2019 08:00:00 AM,11,4,7
09/08/2019 09:00:00 AM,33,12,21
09/08/2019 10:00:00 AM,18,9,9
09/08/2019 11:00:00 AM,21,11,10
09/08/2019 12:00:00 PM,23,9,14
09/08/2019 01:00:00 PM,20,5,15
09/08/2019 02:00:00 PM,31,20,11
09/08/2019 03:00:00 PM,24,8,16
09/08/2019 04:00:00 PM,33,25,8
09/08/2019 05:00:00 PM,34,24,10
09/08/2019 06:00:00 PM,14,10,4
09/08/2019 07:00:00 PM,17,6,11
09/08/2019 08:00:00 PM,5,3,2
09/08/2019 09:00:00 PM,6,4,2
09/08/2019 10:00:00 PM,4,3,1
09/08/2019 11:00:00 PM,2,1,1
09/09/2019 12:00:00 AM,1,0,1
09/09/2019 01:00:00 AM,1,1,0
09/09/2019 02:00:00 AM,1,0,1
09/09/2019 03:00:00 AM,2,1,1
09/09/2019 04:00:00 AM,9,2,7
09/09/2019 05:00:00 AM,15,2,13
09/09/2019 06:00:00 AM,65,9,56
09/09/2019 07:00:00 AM,137,13,124
09/09/2019 08:00:00 AM,109,10,99
09/09/2019 09:00:00 AM,50,5,45
09/09/2019 10:00:00 AM,17,4,13
09/09/2019 11:00:00 AM,12,3,9
09/09/2019 12:00:00 PM,15,5,10
09/09/2019 01:00:00 PM,14,7,7
09/09/2019 02:00:00 PM,10,3,7
09/09/2019 03:00:00 PM,37,31,6
09/09/2019 04:00:00 PM,82,71,11
09/09/2019 05:00:00 PM,156,143,13
09/09/2019 06:00:00 PM,73,65,8
09/09/2019 07:00:00 PM,32,29,3
09/09/2019 08:00:00 PM,9,8,1
09/09/2019 09:00:00 PM,12,8,4
09/09/2019 10:00:00 PM,4,2,2
09/09/2019 11:00:00 PM,5,3,2
09/10/2019 12:00:00 AM,0,0,0
09/10/2019 01:00:00 AM,2,2,0
09/10/2019 02:00:00 AM,4,1,3
09/10/2019 03:00:00 AM,2,1,1
09/10/2019 04:00:00 AM,8,1,7
09/10/2019 05:00:00 AM,21,3,18
09/10/2019 06:00:00 AM,71,9,62
09/10/2019 07:00:00 AM,119,14,105
09/10/2019 08:00:00 AM,150,12,138
09/10/2019 09:00:00 AM,53,9,44
09/10/2019 10:00:00 AM,20,2,18
09/10/2019 11:00:00 AM,24,8,16
09/10/2019 12:00:00 PM,21,12,9
09/10/2019 01:00:00 PM,34,17,17
09/10/2019 02:00:00 PM,40,19,21
09/10/2019 03:00:00 PM,51,34,17
09/10/2019 04:00:00 PM,106,89,17
09/10/2019 05:00:00 PM,195,170,25
09/10/2019 06:00:00 PM,108,86,22
09/10/2019 07:00:00 PM,38,35,3
09/10/2019 08:00:00 PM,21,12,9
09/10/2019 09:00:00 PM,19,14,5
09/10/2019 10:00:00 PM,7,7,0
09/10/2019 11:00:00 PM,9,5,4
09/11/2019 12:00:00 AM,7,5,2
09/11/2019 01:00:00 AM,2,1,1
09/11/2019 02:00:00 AM,4,2,2
09/11/2019 03:00:00 AM,4,2,2
09/11/2019 04:00:00 AM,8,4,4
09/11/2019 05:00:00 AM,29,3,26
09/11/2019 06:00:00 AM,83,9,74
09/11/2019 07:00:00 AM,161,14,147
09/11/2019 08:00:00 AM,199,13,186
09/11/2019 09:00:00 AM,79,18,61
09/11/2019 10:00:00 AM,34,6,28
09/11/2019 11:00:00 AM,24,9,15
09/11/2019 12:00:00 PM,23,13,10
09/11/2019 01:00:00 PM,32,14,18
09/11/2019 02:00:00 PM,40,19,21
09/11/2019 03:00:00 PM,75,52,23
09/11/2019 04:00:00 PM,150,121,29
09/11/2019 05:00:00 PM,227,194,33
09/11/2019 06:00:00 PM,137,109,28
09/11/2019 07:00:00 PM,58,44,14
09/11/2019 08:00:00 PM,20,16,4
09/11/2019 09:00:00 PM,15,10,5
09/11/2019 10:00:00 PM,15,10,5
09/11/2019 11:00:00 PM,3,3,0
09/12/2019 12:00:00 AM,5,5,0
09/12/2019 01:00:00 AM,0,0,0
09/12/2019 02:00:00 AM,5,3,2
09/12/2019 03:00:00 AM,2,0,2
09/12/2019 04:00:00 AM,5,1,4
09/12/2019 05:00:00 AM,26,5,21
09/12/2019 06:00:00 AM,90,11,79
09/12/2019 07:00:00 AM,160,18,142
09/12/2019 08:00:00 AM,195,15,180
09/12/2019 09:00:00 AM,75,9,66
09/12/2019 10:00:00 AM,48,12,36
09/12/2019 11:00:00 AM,40,24,16
09/12/2019 12:00:00 PM,46,17,29
09/12/2019 01:00:00 PM,41,18,23
09/12/2019 02:00:00 PM,33,20,13
09/12/2019 03:00:00 PM,80,50,30
09/12/2019 04:00:00 PM,144,113,31
09/12/2019 05:00:00 PM,232,211,21
09/12/2019 06:00:00 PM,138,118,20
09/12/2019 07:00:00 PM,49,37,12
09/12/2019 08:00:00 PM,27,20,7
09/12/2019 09:00:00 PM,11,10,1
09/12/2019 10:00:00 PM,7,7,0
09/12/2019 11:00:00 PM,6,2,4
09/13/2019 12:00:00 AM,1,1,0
09/13/2019 01:00:00 AM,0,0,0
09/13/2019 02:00:00 AM,5,5,0
09/13/2019 03:00:00 AM,4,0,4
09/13/2019 04:00:00 AM,7,2,5
09/13/2019 05:00:00 AM,19,4,15
09/13/2019 06:00:00 AM,45,5,40
09/13/2019 07:00:00 AM,117,18,99
09/13/2019 08:00:00 AM,135,14,121
09/13/2019 09:00:00 AM,61,6,55
09/13/2019 10:00:00 AM,27,8,19
09/13/2019 11:00:00 AM,29,6,23
09/13/2019 12:00:00 PM,35,26,9
09/13/2019 01:00:00 PM,23,12,11
09/13/2019 02:00:00 PM,47,22,25
09/13/2019 03:00:00 PM,58,40,18
09/13/2019 04:00:00 PM,111,91,20
09/13/2019 05:00:00 PM,165,147,18
09/13/2019 06:00:00 PM,86,66,20
09/13/2019 07:00:00 PM,42,31,11
09/13/2019 08:00:00 PM,17,11,6
09/13/2019 09:00:00 PM,14,12,2
09/13/2019 10:00:00 PM,5,4,1
09/13/2019 11:00:00 PM,5,5,0
09/14/2019 12:00:00 AM,5,5,0
09/14/2019 01:00:00 AM,2,2,0
09/14/2019 02:00:00 AM,1,0,1
09/14/2019 03:00:00 AM,1,1,0
09/14/2019 04:00:00 AM,2,0,2
09/14/2019 05:00:00 AM,5,1,4
09/14/2019 06:00:00 AM,14,8,6
09/14/2019 07:00:00 AM,16,3,13
09/14/2019 08:00:00 AM,38,16,22
09/14/2019 09:00:00 AM,29,12,17
09/14/2019 10:00:00 AM,49,23,26
09/14/2019 11:00:00 AM,56,28,28
09/14/2019 12:00:00 PM,43,20,23
09/14/2019 01:00:00 PM,52,30,22
09/14/2019 02:00:00 PM,45,16,29
09/14/2019 03:00:00 PM,34,12,22
09/14/2019 04:00:00 PM,38,17,21
09/14/2019 05:00:00 PM,21,13,8
09/14/2019 06:00:00 PM,21,15,6
09/14/2019 07:00:00 PM,14,9,5
09/14/2019 08:00:00 PM,5,3,2
09/14/2019 09:00:00 PM,5,2,3
09/14/2019 10:00:00 PM,5,1,4
09/14/2019 11:00:00 PM,8,6,2
09/15/2019 12:00:00 AM,4,4,0
09/15/2019 01:00:00 AM,1,0,1
09/15/2019 02:00:00 AM,3,1,2
09/15/2019 03:00:00 AM,1,0,1
09/15/2019 04:00:00 AM,0,0,0
09/15/2019 05:00:00 AM,0,0,0
09/15/2019 06:00:00 AM,2,1,1
09/15/2019 07:00:00 AM,7,2,5
09/15/2019 08:00:00 AM,7,1,6
09/15/2019 09:00:00 AM,7,2,5
09/15/2019 10:00:00 AM,7,2,5
09/15/2019 11:00:00 AM,12,9,3
09/15/2019 12:00:00 PM,9,4,5
09/15/2019 01:00:00 PM,9,5,4
09/15/2019 02:00:00 PM,15,4,11
09/15/2019 03:00:00 PM,18,12,6
09/15/2019 04:00:00 PM,9,1,8
09/15/2019 05:00:00 PM,16,11,5
09/15/2019 06:00:00 PM,16,7,9
09/15/2019 07:00:00 PM,7,5,2
09/15/2019 08:00:00 PM,4,2,2
09/15/2019 09:00:00 PM,2,0,2
09/15/2019 10:00:00 PM,6,6,0
09/15/2019 11:00:00 PM,14,4,10
09/16/2019 12:00:00 AM,2,2,0
09/16/2019 01:00:00 AM,3,1,2
09/16/2019 02:00:00 AM,1,0,1
09/16/2019 03:00:00 AM,0,0,0
09/16/2019 04:00:00 AM,8,2,6
09/16/2019 05:00:00 AM,12,2,10
09/16/2019 06:00:00 AM,70,4,66
09/16/2019 07:00:00 AM,153,16,137
09/16/2019 08:00:00 AM,177,12,165
09/16/2019 09:00:00 AM,56,4,52
09/16/2019 10:00:00 AM,30,8,22
09/16/2019 11:00:00 AM,23,9,14
09/16/2019 12:00:00 PM,22,8,14
09/16/2019 01:00:00 PM,30,12,18
09/16/2019 02:00:00 PM,33,20,13
09/16/2019 03:00:00 PM,53,41,12
09/16/2019 04:00:00 PM,132,106,26
09/16/2019 05:00:00 PM,214,198,16
09/16/2019 06:00:00 PM,117,102,15
09/16/2019 07:00:00 PM,41,30,11
09/16/2019 08:00:00 PM,13,7,6
09/16/2019 09:00:00 PM,22,16,6
09/16/2019 10:00:00 PM,7,4,3
09/16/2019 11:00:00 PM,5,5,0
09/17/2019 12:00:00 AM,4,3,1
09/17/2019 01:00:00 AM,2,1,1
09/17/2019 02:00:00 AM,2,1,1
09/17/2019 03:00:00 AM,5,3,2
09/17/2019 04:00:00 AM,9,2,7
09/17/2019 05:00:00 AM,21,3,18
09/17/2019 06:00:00 AM,66,14,52
09/17/2019 07:00:00 AM,116,8,108
09/17/2019 08:00:00 AM,107,10,97
09/17/2019 09:00:00 AM,34,5,29
09/17/2019 10:00:00 AM,12,3,9
09/17/2019 11:00:00 AM,11,4,7
09/17/2019 12:00:00 PM,9,5,4
09/17/2019 01:00:00 PM,12,4,8
09/17/2019 02:00:00 PM,11,6,5
09/17/2019 03:00:00 PM,29,19,10
09/17/2019 04:00:00 PM,79,68,11
09/17/2019 05:00:00 PM,148,139,9
09/17/2019 06:00:00 PM,61,52,9
09/17/2019 07:00:00 PM,25,19,6
09/17/2019 08:00:00 PM,9,8,1
09/17/2019 09:00:00 PM,5,3,2
09/17/2019 10:00:00 PM,5,3,2
09/17/2019 11:00:00 PM,6,4,2
09/18/2019 12:00:00 AM,2,2,0
09/18/2019 01:00:00 AM,0,0,0
09/18/2019 02:00:00 AM,4,1,3
09/18/2019 03:00:00 AM,4,1,3
09/18/2019 04:00:00 AM,6,3,3
09/18/2019 05:00:00 AM,12,3,9
09/18/2019 06:00:00 AM,71,6,65
09/18/2019 07:00:00 AM,136,11,125
09/18/2019 08:00:00 AM,149,11,138
09/18/2019 09:00:00 AM,54,4,50
09/18/2019 10:00:00 AM,31,10,21
09/18/2019 11:00:00 AM,19,5,14
09/18/2019 12:00:00 PM,0,0,0
09/18/2019 01:00:00 PM,11,5,6
09/18/2019 02:00:00 PM,42,21,21
09/18/2019 03:00:00 PM,65,46,19
09/18/2019 04:00:00 PM,108,95,13
09/18/2019 05:00:00 PM,170,143,27
09/18/2019 06:00:00 PM,111,93,18
09/18/2019 07:00:00 PM,46,35,11
09/18/2019 08:00:00 PM,26,22,4
09/18/2019 09:00:00 PM,16,12,4
09/18/2019 10:00:00 PM,23,19,4
09/18/2019 11:00:00 PM,9,9,0
09/19/2019 12:00:00 AM,4,2,2
09/19/2019 01:00:00 AM,4,2,2
09/19/2019 02:00:00 AM,4,3,1
09/19/2019 03:00:00 AM,3,1,2
09/19/2019 04:00:00 AM,4,0,4
09/19/2019 05:00:00 AM,23,4,19
09/19/2019 06:00:00 AM,102,8,94
09/19/2019 07:00:00 AM,135,12,123
09/19/2019 08:00:00 AM,171,10,161
09/19/2019 09:00:00 AM,69,12,57
09/19/2019 10:00:00 AM,30,12,18
09/19/2019 11:00:00 AM,35,15,20
09/19/2019 12:00:00 PM,32,16,16
09/19/2019 01:00:00 PM,39,20,19
09/19/2019 02:00:00 PM,37,17,20
09/19/2019 03:00:00 PM,70,53,17
09/19/2019 04:00:00 PM,137,122,15
09/19/2019 05:00:00 PM,176,160,16
09/19/2019 06:00:00 PM,123,101,22
09/19/2019 07:00:00 PM,46,38,8
09/19/2019 08:00:00 PM,10,6,4
09/19/2019 09:00:00 PM,21,15,6
09/19/2019 10:00:00 PM,13,12,1
09/19/2019 11:00:00 PM,5,4,1
09/20/2019 12:00:00 AM,4,3,1
09/20/2019 01:00:00 AM,2,1,1
09/20/2019 02:00:00 AM,4,3,1
09/20/2019 03:00:00 AM,1,1,0
09/20/2019 04:00:00 AM,3,1,2
09/20/2019 05:00:00 AM,14,4,10
09/20/2019 06:00:00 AM,60,6,54
09/20/2019 07:00:00 AM,111,13,98
09/20/2019 08:00:00 AM,141,16,125
09/20/2019 09:00:00 AM,60,5,55
09/20/2019 10:00:00 AM,36,3,33
09/20/2019 11:00:00 AM,21,5,16
09/20/2019 12:00:00 PM,19,3,16
09/20/2019 01:00:00 PM,34,20,14
09/20/2019 02:00:00 PM,33,22,11
09/20/2019 03:00:00 PM,88,61,27
09/20/2019 04:00:00 PM,139,109,30
09/20/2019 05:00:00 PM,148,134,14
09/20/2019 06:00:00 PM,76,66,10
09/20/2019 07:00:00 PM,41,32,9
09/20/2019 08:00:00 PM,11,8,3
09/20/2019 09:00:00 PM,12,5,7
09/20/2019 10:00:00 PM,9,8,1
09/20/2019 11:00:00 PM,8,7,1
09/21/2019 12:00:00 AM,5,1,4
09/21/2019 01:00:00 AM,1,0,1
09/21/2019 02:00:00 AM,1,1,0
09/21/2019 03:00:00 AM,3,1,2
09/21/2019 04:00:00 AM,1,1,0
09/21/2019 05:00:00 AM,2,1,1
09/21/2019 06:00:00 AM,14,5,9
09/21/2019 07:00:00 AM,19,4,15
09/21/2019 08:00:00 AM,30,17,13
09/21/2019 09:00:00 AM,46,15,31
09/21/2019 10:00:00 AM,52,29,23
09/21/2019 11:00:00 AM,110,41,69
09/21/2019 12:00:00 PM,92,58,34
09/21/2019 01:00:00 PM,92,53,39
09/21/2019 02:00:00 PM,69,30,39
09/21/2019 03:00:00 PM,69,34,35
09/21/2019 04:00:00 PM,75,37,38
09/21/2019 05:00:00 PM,44,24,20
09/21/2019 06:00:00 PM,33,18,15
09/21/2019 07:00:00 PM,16,9,7
09/21/2019 08:00:00 PM,10,6,4
09/21/2019 09:00:00 PM,5,3,2
09/21/2019 10:00:00 PM,6,2,4
09/21/2019 11:00:00 PM,6,5,1
09/22/2019 12:00:00 AM,4,4,0
09/22/2019 01:00:00 AM,1,1,0
09/22/2019 02:00:00 AM,3,2,1
09/22/2019 03:00:00 AM,1,0,1
09/22/2019 04:00:00 AM,0,0,0
09/22/2019 05:00:00 AM,6,4,2
09/22/2019 06:00:00 AM,5,1,4
09/22/2019 07:00:00 AM,1,1,0
09/22/2019 08:00:00 AM,8,3,5
09/22/2019 09:00:00 AM,15,6,9
09/22/2019 10:00:00 AM,12,4,8
09/22/2019 11:00:00 AM,14,5,9
09/22/2019 12:00:00 PM,8,5,3
09/22/2019 01:00:00 PM,7,4,3
09/22/2019 02:00:00 PM,6,3,3
09/22/2019 03:00:00 PM,3,1,2
09/22/2019 04:00:00 PM,12,9,3
09/22/2019 05:00:00 PM,21,15,6
09/22/2019 06:00:00 PM,12,8,4
09/22/2019 07:00:00 PM,9,6,3
09/22/2019 08:00:00 PM,7,6,1
09/22/2019 09:00:00 PM,2,2,0
09/22/2019 10:00:00 PM,2,2,0
09/22/2019 11:00:00 PM,2,1,1
09/23/2019 12:00:00 AM,1,1,0
09/23/2019 01:00:00 AM,6,4,2
09/23/2019 02:00:00 AM,0,0,0
09/23/2019 03:00:00 AM,1,0,1
09/23/2019 04:00:00 AM,5,1,4
09/23/2019 05:00:00 AM,23,4,19
09/23/2019 06:00:00 AM,82,11,71
09/23/2019 07:00:00 AM,160,8,152
09/23/2019 08:00:00 AM,174,9,165
09/23/2019 09:00:00 AM,51,2,49
09/23/2019 10:00:00 AM,23,4,19
09/23/2019 11:00:00 AM,14,2,12
09/23/2019 12:00:00 PM,16,9,7
09/23/2019 01:00:00 PM,8,5,3
09/23/2019 02:00:00 PM,24,14,10
09/23/2019 03:00:00 PM,37,30,7
09/23/2019 04:00:00 PM,103,90,13
09/23/2019 05:00:00 PM,179,162,17
09/23/2019 06:00:00 PM,106,97,9
09/23/2019 07:00:00 PM,31,27,4
09/23/2019 08:00:00 PM,13,12,1
09/23/2019 09:00:00 PM,8,7,1
09/23/2019 10:00:00 PM,2,1,1
09/23/2019 11:00:00 PM,5,3,2
09/24/2019 12:00:00 AM,1,1,0
09/24/2019 01:00:00 AM,3,0,3
09/24/2019 02:00:00 AM,3,2,1
09/24/2019 03:00:00 AM,2,1,1
09/24/2019 04:00:00 AM,4,1,3
09/24/2019 05:00:00 AM,33,7,26
09/24/2019 06:00:00 AM,72,7,65
09/24/2019 07:00:00 AM,141,14,127
09/24/2019 08:00:00 AM,160,10,150
09/24/2019 09:00:00 AM,44,9,35
09/24/2019 10:00:00 AM,26,3,23
09/24/2019 11:00:00 AM,24,7,17
09/24/2019 12:00:00 PM,13,4,9
09/24/2019 01:00:00 PM,17,11,6
09/24/2019 02:00:00 PM,32,13,19
09/24/2019 03:00:00 PM,71,46,25
09/24/2019 04:00:00 PM,122,106,16
09/24/2019 05:00:00 PM,186,168,18
09/24/2019 06:00:00 PM,129,117,12
09/24/2019 07:00:00 PM,37,31,6
09/24/2019 08:00:00 PM,16,13,3
09/24/2019 09:00:00 PM,10,9,1
09/24/2019 10:00:00 PM,8,8,0
09/24/2019 11:00:00 PM,3,3,0
09/25/2019 12:00:00 AM,3,2,1
09/25/2019 01:00:00 AM,0,0,0
09/25/2019 02:00:00 AM,5,1,4
09/25/2019 03:00:00 AM,3,2,1
09/25/2019 04:00:00 AM,6,2,4
09/25/2019 05:00:00 AM,28,6,22
09/25/2019 06:00:00 AM,73,5,68
09/25/2019 07:00:00 AM,155,14,141
09/25/2019 08:00:00 AM,177,11,166
09/25/2019 09:00:00 AM,54,5,49
09/25/2019 10:00:00 AM,42,9,33
09/25/2019 11:00:00 AM,26,14,12
09/25/2019 12:00:00 PM,43,16,27
09/25/2019 01:00:00 PM,39,19,20
09/25/2019 02:00:00 PM,33,19,14
09/25/2019 03:00:00 PM,73,46,27
09/25/2019 04:00:00 PM,127,105,22
09/25/2019 05:00:00 PM,216,195,21
09/25/2019 06:00:00 PM,138,119,19
09/25/2019 07:00:00 PM,52,37,15
09/25/2019 08:00:00 PM,21,12,9
09/25/2019 09:00:00 PM,16,9,7
09/25/2019 10:00:00 PM,17,14,3
09/25/2019 11:00:00 PM,4,3,1
09/26/2019 12:00:00 AM,4,4,0
09/26/2019 01:00:00 AM,3,0,3
09/26/2019 02:00:00 AM,2,1,1
09/26/2019 03:00:00 AM,0,0,0
09/26/2019 04:00:00 AM,6,3,3
09/26/2019 05:00:00 AM,19,5,14
09/26/2019 06:00:00 AM,65,5,60
09/26/2019 07:00:00 AM,103,12,91
09/26/2019 08:00:00 AM,127,7,120
09/26/2019 09:00:00 AM,46,6,40
09/26/2019 10:00:00 AM,34,14,20
09/26/2019 11:00:00 AM,24,11,13
09/26/2019 12:00:00 PM,24,7,17
09/26/2019 01:00:00 PM,24,11,13
09/26/2019 02:00:00 PM,26,14,12
09/26/2019 03:00:00 PM,61,44,17
09/26/2019 04:00:00 PM,92,79,13
09/26/2019 05:00:00 PM,155,130,25
09/26/2019 06:00:00 PM,108,87,21
09/26/2019 07:00:00 PM,34,26,8
09/26/2019 08:00:00 PM,27,15,12
09/26/2019 09:00:00 PM,21,17,4
09/26/2019 10:00:00 PM,11,10,1
09/26/2019 11:00:00 PM,3,3,0
09/27/2019 12:00:00 AM,2,0,2
09/27/2019 01:00:00 AM,2,1,1
09/27/2019 02:00:00 AM,2,1,1
09/27/2019 03:00:00 AM,2,0,2
09/27/2019 04:00:00 AM,9,4,5
09/27/2019 05:00:00 AM,20,3,17
09/27/2019 06:00:00 AM,34,5,29
09/27/2019 07:00:00 AM,97,6,91
09/27/2019 08:00:00 AM,118,8,110
09/27/2019 09:00:00 AM,36,4,32
09/27/2019 10:00:00 AM,24,5,19
09/27/2019 11:00:00 AM,17,6,11
09/27/2019 12:00:00 PM,23,7,16
09/27/2019 01:00:00 PM,25,15,10
09/27/2019 02:00:00 PM,30,19,11
09/27/2019 03:00:00 PM,71,48,23
09/27/2019 04:00:00 PM,104,83,21
09/27/2019 05:00:00 PM,106,90,16
09/27/2019 06:00:00 PM,67,59,8
09/27/2019 07:00:00 PM,20,15,5
09/27/2019 08:00:00 PM,8,7,1
09/27/2019 09:00:00 PM,8,6,2
09/27/2019 10:00:00 PM,6,2,4
09/27/2019 11:00:00 PM,9,5,4
09/28/2019 12:00:00 AM,3,2,1
09/28/2019 01:00:00 AM,2,2,0
09/28/2019 02:00:00 AM,0,0,0
09/28/2019 03:00:00 AM,0,0,0
09/28/2019 04:00:00 AM,1,0,1
09/28/2019 05:00:00 AM,6,0,6
09/28/2019 06:00:00 AM,5,1,4
09/28/2019 07:00:00 AM,7,2,5
09/28/2019 08:00:00 AM,12,7,5
09/28/2019 09:00:00 AM,25,17,8
09/28/2019 10:00:00 AM,13,4,9
09/28/2019 11:00:00 AM,21,6,15
09/28/2019 12:00:00 PM,39,21,18
09/28/2019 01:00:00 PM,41,20,21
09/28/2019 02:00:00 PM,47,22,25
09/28/2019 03:00:00 PM,51,23,28
09/28/2019 04:00:00 PM,45,26,19
09/28/2019 05:00:00 PM,40,28,12
09/28/2019 06:00:00 PM,29,18,11
09/28/2019 07:00:00 PM,8,2,6
09/28/2019 08:00:00 PM,14,12,2
09/28/2019 09:00:00 PM,13,7,6
09/28/2019 10:00:00 PM,4,2,2
09/28/2019 11:00:00 PM,1,1,0
09/29/2019 12:00:00 AM,5,4,1
09/29/2019 01:00:00 AM,4,2,2
09/29/2019 02:00:00 AM,1,0,1
09/29/2019 03:00:00 AM,3,1,2
09/29/2019 04:00:00 AM,3,2,1
09/29/2019 05:00:00 AM,3,1,2
09/29/2019 06:00:00 AM,8,1,7
09/29/2019 07:00:00 AM,7,4,3
09/29/2019 08:00:00 AM,21,9,12
09/29/2019 09:00:00 AM,23,4,19
09/29/2019 10:00:00 AM,32,16,16
09/29/2019 11:00:00 AM,39,20,19
09/29/2019 12:00:00 PM,45,24,21
09/29/2019 01:00:00 PM,42,22,20
09/29/2019 02:00:00 PM,33,13,20
09/29/2019 03:00:00 PM,36,16,20
09/29/2019 04:00:00 PM,32,16,16
09/29/2019 05:00:00 PM,20,12,8
09/29/2019 06:00:00 PM,18,4,14
09/29/2019 07:00:00 PM,6,4,2
09/29/2019 08:00:00 PM,8,6,2
09/29/2019 09:00:00 PM,8,8,0
09/29/2019 10:00:00 PM,4,2,2
09/29/2019 11:00:00 PM,2,1,1
09/30/2019 12:00:00 AM,2,1,1
09/30/2019 01:00:00 AM,1,1,0
09/30/2019 02:00:00 AM,2,2,0
09/30/2019 03:00:00 AM,4,1,3
09/30/2019 04:00:00 AM,8,2,6
09/30/2019 05:00:00 AM,24,3,21
09/30/2019 06:00:00 AM,62,4,58
09/30/2019 07:00:00 AM,138,11,127
09/30/2019 08:00:00 AM,183,11,172
09/30/2019 09:00:00 AM,64,10,54
09/30/2019 10:00:00 AM,40,11,29
09/30/2019 11:00:00 AM,19,7,12
09/30/2019 12:00:00 PM,17,8,9
09/30/2019 01:00:00 PM,30,14,16
09/30/2019 02:00:00 PM,38,21,17
09/30/2019 03:00:00 PM,63,42,21
09/30/2019 04:00:00 PM,136,116,20
09/30/2019 05:00:00 PM,205,192,13
09/30/2019 06:00:00 PM,113,104,9
09/30/2019 07:00:00 PM,45,37,8
09/30/2019 08:00:00 PM,13,12,1
09/30/2019 09:00:00 PM,7,4,3
09/30/2019 10:00:00 PM,1,1,0
09/30/2019 11:00:00 PM,6,4,2
10/01/2019 12:00:00 AM,1,1,0
10/01/2019 01:00:00 AM,3,2,1
10/01/2019 02:00:00 AM,2,1,1
10/01/2019 03:00:00 AM,0,0,0
10/01/2019 04:00:00 AM,5,1,4
10/01/2019 05:00:00 AM,25,4,21
10/01/2019 06:00:00 AM,97,12,85
10/01/2019 07:00:00 AM,152,12,140
10/01/2019 08:00:00 AM,170,11,159
10/01/2019 09:00:00 AM,63,7,56
10/01/2019 10:00:00 AM,34,9,25
10/01/2019 11:00:00 AM,29,10,19
10/01/2019 12:00:00 PM,34,12,22
10/01/2019 01:00:00 PM,31,15,16
10/01/2019 02:00:00 PM,49,29,20
10/01/2019 03:00:00 PM,74,57,17
10/01/2019 04:00:00 PM,145,125,20
10/01/2019 05:00:00 PM,227,210,17
10/01/2019 06:00:00 PM,123,106,17
10/01/2019 07:00:00 PM,63,44,19
10/01/2019 08:00:00 PM,23,14,9
10/01/2019 09:00:00 PM,25,6,19
10/01/2019 10:00:00 PM,8,6,2
10/01/2019 11:00:00 PM,1,1,0
10/02/2019 12:00:00 AM,0,0,0
10/02/2019 01:00:00 AM,0,0,0
10/02/2019 02:00:00 AM,4,2,2
10/02/2019 03:00:00 AM,4,1,3
10/02/2019 04:00:00 AM,2,1,1
10/02/2019 05:00:00 AM,31,7,24
10/02/2019 06:00:00 AM,76,10,66
10/02/2019 07:00:00 AM,144,14,130
10/02/2019 08:00:00 AM,166,7,159
10/02/2019 09:00:00 AM,61,10,51
10/02/2019 10:00:00 AM,32,9,23
10/02/2019 11:00:00 AM,27,10,17
10/02/2019 12:00:00 PM,24,8,16
10/02/2019 01:00:00 PM,30,16,14
10/02/2019 02:00:00 PM,30,19,11
10/02/2019 03:00:00 PM,50,35,15
10/02/2019 04:00:00 PM,118,99,19
10/02/2019 05:00:00 PM,219,195,24
10/02/2019 06:00:00 PM,98,81,17
10/02/2019 07:00:00 PM,32,29,3
10/02/2019 08:00:00 PM,17,14,3
10/02/2019 09:00:00 PM,10,7,3
10/02/2019 10:00:00 PM,9,6,3
10/02/2019 11:00:00 PM,4,3,1
10/03/2019 12:00:00 AM,1,1,0
10/03/2019 01:00:00 AM,0,0,0
10/03/2019 02:00:00 AM,4,2,2
10/03/2019 03:00:00 AM,2,1,1
10/03/2019 04:00:00 AM,5,2,3
10/03/2019 05:00:00 AM,25,3,22
10/03/2019 06:00:00 AM,68,3,65
10/03/2019 07:00:00 AM,129,11,118
10/03/2019 08:00:00 AM,128,6,122
10/03/2019 09:00:00 AM,71,13,58
10/03/2019 10:00:00 AM,18,3,15
10/03/2019 11:00:00 AM,12,2,10
10/03/2019 12:00:00 PM,27,11,16
10/03/2019 01:00:00 PM,21,9,12
10/03/2019 02:00:00 PM,43,26,17
10/03/2019 03:00:00 PM,54,39,15
10/03/2019 04:00:00 PM,123,106,17
10/03/2019 05:00:00 PM,159,141,18
10/03/2019 06:00:00 PM,86,69,17
10/03/2019 07:00:00 PM,30,22,8
10/03/2019 08:00:00 PM,30,20,10
10/03/2019 09:00:00 PM,33,29,4
10/03/2019 10:00:00 PM,3,3,0
10/03/2019 11:00:00 PM,2,2,0
10/04/2019 12:00:00 AM,2,1,1
10/04/2019 01:00:00 AM,1,1,0
10/04/2019 02:00:00 AM,1,0,1
10/04/2019 03:00:00 AM,2,1,1
10/04/2019 04:00:00 AM,6,3,3
10/04/2019 05:00:00 AM,16,4,12
10/04/2019 06:00:00 AM,49,7,42
10/04/2019 07:00:00 AM,117,13,104
10/04/2019 08:00:00 AM,128,9,119
10/04/2019 09:00:00 AM,53,5,48
10/04/2019 10:00:00 AM,22,6,16
10/04/2019 11:00:00 AM,26,8,18
10/04/2019 12:00:00 PM,14,4,10
10/04/2019 01:00:00 PM,19,8,11
10/04/2019 02:00:00 PM,31,24,7
10/04/2019 03:00:00 PM,58,41,17
10/04/2019 04:00:00 PM,103,85,18
10/04/2019 05:00:00 PM,126,109,17
10/04/2019 06:00:00 PM,68,57,11
10/04/2019 07:00:00 PM,29,22,7
10/04/2019 08:00:00 PM,13,8,5
10/04/2019 09:00:00 PM,7,5,2
10/04/2019 10:00:00 PM,8,6,2
10/04/2019 11:00:00 PM,6,3,3
10/05/2019 12:00:00 AM,3,1,2
10/05/2019 01:00:00 AM,3,3,0
10/05/2019 02:00:00 AM,2,2,0
10/05/2019 03:00:00 AM,3,3,0
10/05/2019 04:00:00 AM,0,0,0
10/05/2019 05:00:00 AM,1,0,1
10/05/2019 06:00:00 AM,9,2,7
10/05/2019 07:00:00 AM,14,6,8
10/05/2019 08:00:00 AM,30,5,25
10/05/2019 09:00:00 AM,23,7,16
10/05/2019 10:00:00 AM,48,33,15
10/05/2019 11:00:00 AM,56,20,36
10/05/2019 12:00:00 PM,43,18,25
10/05/2019 01:00:00 PM,52,21,31
10/05/2019 02:00:00 PM,40,22,18
10/05/2019 03:00:00 PM,75,35,40
10/05/2019 04:00:00 PM,47,32,15
10/05/2019 05:00:00 PM,36,13,23
10/05/2019 06:00:00 PM,15,7,8
10/05/2019 07:00:00 PM,18,13,5
10/05/2019 08:00:00 PM,10,9,1
10/05/2019 09:00:00 PM,6,4,2
10/05/2019 10:00:00 PM,4,2,2
10/05/2019 11:00:00 PM,5,5,0
10/06/2019 12:00:00 AM,4,3,1
10/06/2019 01:00:00 AM,1,1,0
10/06/2019 02:00:00 AM,1,1,0
10/06/2019 03:00:00 AM,2,1,1
10/06/2019 04:00:00 AM,2,1,1
10/06/2019 05:00:00 AM,5,1,4
10/06/2019 06:00:00 AM,5,1,4
10/06/2019 07:00:00 AM,9,4,5
10/06/2019 08:00:00 AM,18,3,15
10/06/2019 09:00:00 AM,28,12,16
10/06/2019 10:00:00 AM,23,11,12
10/06/2019 11:00:00 AM,73,31,42
10/06/2019 12:00:00 PM,90,26,64
10/06/2019 01:00:00 PM,64,28,36
10/06/2019 02:00:00 PM,59,32,27
10/06/2019 03:00:00 PM,85,52,33
10/06/2019 04:00:00 PM,68,42,26
10/06/2019 05:00:00 PM,28,13,15
10/06/2019 06:00:00 PM,27,17,10
10/06/2019 07:00:00 PM,11,5,6
10/06/2019 08:00:00 PM,10,8,2
10/06/2019 09:00:00 PM,6,3,3
10/06/2019 10:00:00 PM,2,1,1
10/06/2019 11:00:00 PM,4,3,1
10/07/2019 12:00:00 AM,1,0,1
10/07/2019 01:00:00 AM,0,0,0
10/07/2019 02:00:00 AM,1,1,0
10/07/2019 03:00:00 AM,3,3,0
10/07/2019 04:00:00 AM,4,0,4
10/07/2019 05:00:00 AM,20,3,17
10/07/2019 06:00:00 AM,68,13,55
10/07/2019 07:00:00 AM,126,10,116
10/07/2019 08:00:00 AM,156,10,146
10/07/2019 09:00:00 AM,61,6,55
10/07/2019 10:00:00 AM,18,1,17
10/07/2019 11:00:00 AM,11,5,6
10/07/2019 12:00:00 PM,8,5,3
10/07/2019 01:00:00 PM,11,4,7
10/07/2019 02:00:00 PM,24,11,13
10/07/2019 03:00:00 PM,43,30,13
10/07/2019 04:00:00 PM,105,91,14
10/07/2019 05:00:00 PM,175,158,17
10/07/2019 06:00:00 PM,101,87,14
10/07/2019 07:00:00 PM,30,23,7
10/07/2019 08:00:00 PM,8,8,0
10/07/2019 09:00:00 PM,14,8,6
10/07/2019 10:00:00 PM,3,3,0
10/07/2019 11:00:00 PM,3,2,1
10/08/2019 12:00:00 AM,1,1,0
10/08/2019 01:00:00 AM,0,0,0
10/08/2019 02:00:00 AM,1,1,0
10/08/2019 03:00:00 AM,1,0,1
10/08/2019 04:00:00 AM,2,0,2
10/08/2019 05:00:00 AM,31,5,26
10/08/2019 06:00:00 AM,60,12,48
10/08/2019 07:00:00 AM,122,13,109
10/08/2019 08:00:00 AM,175,12,163
10/08/2019 09:00:00 AM,82,10,72
10/08/2019 10:00:00 AM,36,10,26
10/08/2019 11:00:00 AM,15,7,8
10/08/2019 12:00:00 PM,12,7,5
10/08/2019 01:00:00 PM,13,7,6
10/08/2019 02:00:00 PM,19,10,9
10/08/2019 03:00:00 PM,41,31,10
10/08/2019 04:00:00 PM,122,101,21
10/08/2019 05:00:00 PM,175,163,12
10/08/2019 06:00:00 PM,109,99,10
10/08/2019 07:00:00 PM,42,33,9
10/08/2019 08:00:00 PM,16,12,4
10/08/2019 09:00:00 PM,8,5,3
10/08/2019 10:00:00 PM,2,1,1
10/08/2019 11:00:00 PM,2,1,1
10/09/2019 12:00:00 AM,0,0,0
10/09/2019 01:00:00 AM,3,0,3
10/09/2019 02:00:00 AM,4,2,2
10/09/2019 03:00:00 AM,1,0,1
10/09/2019 04:00:00 AM,3,1,2
10/09/2019 05:00:00 AM,21,4,17
10/09/2019 06:00:00 AM,61,6,55
10/09/2019 07:00:00 AM,142,11,131
10/09/2019 08:00:00 AM,170,13,157
10/09/2019 09:00:00 AM,63,9,54
10/09/2019 10:00:00 AM,18,5,13
10/09/2019 11:00:00 AM,20,7,13
10/09/2019 12:00:00 PM,28,17,11
10/09/2019 01:00:00 PM,34,18,16
10/09/2019 02:00:00 PM,38,20,18
10/09/2019 03:00:00 PM,62,46,16
10/09/2019 04:00:00 PM,111,92,19
10/09/2019 05:00:00 PM,221,187,34
10/09/2019 06:00:00 PM,113,98,15
10/09/2019 07:00:00 PM,40,34,6
10/09/2019 08:00:00 PM,29,20,9
10/09/2019 09:00:00 PM,13,11,2
10/09/2019 10:00:00 PM,6,3,3
10/09/2019 11:00:00 PM,2,2,0
10/10/2019 12:00:00 AM,3,3,0
10/10/2019 01:00:00 AM,1,1,0
10/10/2019 02:00:00 AM,1,1,0
10/10/2019 03:00:00 AM,2,1,1
10/10/2019 04:00:00 AM,2,1,1
10/10/2019 05:00:00 AM,28,6,22
10/10/2019 06:00:00 AM,66,14,52
10/10/2019 07:00:00 AM,122,11,111
10/10/2019 08:00:00 AM,137,7,130
10/10/2019 09:00:00 AM,61,8,53
10/10/2019 10:00:00 AM,38,9,29
10/10/2019 11:00:00 AM,16,3,13
10/10/2019 12:00:00 PM,21,7,14
10/10/2019 01:00:00 PM,38,18,20
10/10/2019 02:00:00 PM,26,14,12
10/10/2019 03:00:00 PM,65,48,17
10/10/2019 04:00:00 PM,126,105,21
10/10/2019 05:00:00 PM,167,150,17
10/10/2019 06:00:00 PM,95,86,9
10/10/2019 07:00:00 PM,40,30,10
10/10/2019 08:00:00 PM,18,13,5
10/10/2019 09:00:00 PM,9,7,2
10/10/2019 10:00:00 PM,3,3,0
10/10/2019 11:00:00 PM,4,3,1
10/11/2019 12:00:00 AM,6,4,2
10/11/2019 01:00:00 AM,0,0,0
10/11/2019 02:00:00 AM,3,2,1
10/11/2019 03:00:00 AM,2,1,1
10/11/2019 04:00:00 AM,5,0,5
10/11/2019 05:00:00 AM,13,3,10
10/11/2019 06:00:00 AM,47,8,39
10/11/2019 07:00:00 AM,103,5,98
10/11/2019 08:00:00 AM,121,11,110
10/11/2019 09:00:00 AM,46,9,37
10/11/2019 10:00:00 AM,26,11,15
10/11/2019 11:00:00 AM,14,5,9
10/11/2019 12:00:00 PM,31,19,12
10/11/2019 01:00:00 PM,36,9,27
10/11/2019 02:00:00 PM,37,26,11
10/11/2019 03:00:00 PM,56,41,15
10/11/2019 04:00:00 PM,104,89,15
10/11/2019 05:00:00 PM,146,129,17
10/11/2019 06:00:00 PM,76,56,20
10/11/2019 07:00:00 PM,33,26,7
10/11/2019 08:00:00 PM,15,15,0
10/11/2019 09:00:00 PM,4,3,1
10/11/2019 10:00:00 PM,4,2,2
10/11/2019 11:00:00 PM,4,1,3
10/12/2019 12:00:00 AM,0,0,0
10/12/2019 01:00:00 AM,4,2,2
10/12/2019 02:00:00 AM,4,3,1
10/12/2019 03:00:00 AM,6,3,3
10/12/2019 04:00:00 AM,2,2,0
10/12/2019 05:00:00 AM,2,0,2
10/12/2019 06:00:00 AM,7,3,4
10/12/2019 07:00:00 AM,5,1,4
10/12/2019 08:00:00 AM,25,5,20
10/12/2019 09:00:00 AM,29,14,15
10/12/2019 10:00:00 AM,50,35,15
10/12/2019 11:00:00 AM,52,31,21
10/12/2019 12:00:00 PM,70,17,53
10/12/2019 01:00:00 PM,39,16,23
10/12/2019 02:00:00 PM,30,16,14
10/12/2019 03:00:00 PM,55,37,18
10/12/2019 04:00:00 PM,39,19,20
10/12/2019 05:00:00 PM,34,21,13
10/12/2019 06:00:00 PM,18,6,12
10/12/2019 07:00:00 PM,5,4,1
10/12/2019 08:00:00 PM,3,0,3
10/12/2019 09:00:00 PM,8,3,5
10/12/2019 10:00:00 PM,6,3,3
10/12/2019 11:00:00 PM,3,3,0
10/13/2019 12:00:00 AM,2,1,1
10/13/2019 01:00:00 AM,2,1,1
10/13/2019 02:00:00 AM,2,1,1
10/13/2019 03:00:00 AM,1,0,1
10/13/2019 04:00:00 AM,1,1,0
10/13/2019 05:00:00 AM,3,1,2
10/13/2019 06:00:00 AM,0,0,0
10/13/2019 07:00:00 AM,6,2,4
10/13/2019 08:00:00 AM,15,6,9
10/13/2019 09:00:00 AM,18,7,11
10/13/2019 10:00:00 AM,16,8,8
10/13/2019 11:00:00 AM,33,17,16
10/13/2019 12:00:00 PM,43,17,26
10/13/2019 01:00:00 PM,28,8,20
10/13/2019 02:00:00 PM,42,17,25
10/13/2019 03:00:00 PM,40,21,19
10/13/2019 04:00:00 PM,38,16,22
10/13/2019 05:00:00 PM,15,8,7
10/13/2019 06:00:00 PM,18,9,9
10/13/2019 07:00:00 PM,9,7,2
10/13/2019 08:00:00 PM,5,5,0
10/13/2019 09:00:00 PM,3,1,2
10/13/2019 10:00:00 PM,4,4,0
10/13/2019 11:00:00 PM,1,0,1
10/14/2019 12:00:00 AM,1,1,0
10/14/2019 01:00:00 AM,2,2,0
10/14/2019 02:00:00 AM,3,0,3
10/14/2019 03:00:00 AM,4,2,2
10/14/2019 04:00:00 AM,2,0,2
10/14/2019 05:00:00 AM,20,3,17
10/14/2019 06:00:00 AM,69,7,62
10/14/2019 07:00:00 AM,156,5,151
10/14/2019 08:00:00 AM,170,7,163
10/14/2019 09:00:00 AM,60,7,53
10/14/2019 10:00:00 AM,32,7,25
10/14/2019 11:00:00 AM,20,12,8
10/14/2019 12:00:00 PM,23,10,13
10/14/2019 01:00:00 PM,34,13,21
10/14/2019 02:00:00 PM,44,26,18
10/14/2019 03:00:00 PM,62,43,19
10/14/2019 04:00:00 PM,165,132,33
10/14/2019 05:00:00 PM,204,190,14
10/14/2019 06:00:00 PM,98,92,6
10/14/2019 07:00:00 PM,40,33,7
10/14/2019 08:00:00 PM,18,11,7
10/14/2019 09:00:00 PM,12,9,3
10/14/2019 10:00:00 PM,8,2,6
10/14/2019 11:00:00 PM,5,2,3
10/15/2019 12:00:00 AM,1,1,0
10/15/2019 01:00:00 AM,0,0,0
10/15/2019 02:00:00 AM,3,2,1
10/15/2019 03:00:00 AM,3,1,2
10/15/2019 04:00:00 AM,6,3,3
10/15/2019 05:00:00 AM,32,5,27
10/15/2019 06:00:00 AM,78,13,65
10/15/2019 07:00:00 AM,151,27,124
10/15/2019 08:00:00 AM,156,14,142
10/15/2019 09:00:00 AM,70,8,62
10/15/2019 10:00:00 AM,36,5,31
10/15/2019 11:00:00 AM,26,15,11
10/15/2019 12:00:00 PM,25,10,15
10/15/2019 01:00:00 PM,34,17,17
10/15/2019 02:00:00 PM,27,14,13
10/15/2019 03:00:00 PM,52,33,19
10/15/2019 04:00:00 PM,133,115,18
10/15/2019 05:00:00 PM,217,204,13
10/15/2019 06:00:00 PM,108,90,18
10/15/2019 07:00:00 PM,29,24,5
10/15/2019 08:00:00 PM,13,11,2
10/15/2019 09:00:00 PM,11,7,4
10/15/2019 10:00:00 PM,7,5,2
10/15/2019 11:00:00 PM,9,7,2
10/16/2019 12:00:00 AM,5,2,3
10/16/2019 01:00:00 AM,1,1,0
10/16/2019 02:00:00 AM,2,0,2
10/16/2019 03:00:00 AM,1,1,0
10/16/2019 04:00:00 AM,1,0,1
10/16/2019 05:00:00 AM,21,4,17
10/16/2019 06:00:00 AM,54,7,47
10/16/2019 07:00:00 AM,77,11,66
10/16/2019 08:00:00 AM,116,7,109
10/16/2019 09:00:00 AM,32,4,28
10/16/2019 10:00:00 AM,16,9,7
10/16/2019 11:00:00 AM,14,0,14
10/16/2019 12:00:00 PM,10,5,5
10/16/2019 01:00:00 PM,10,6,4
10/16/2019 02:00:00 PM,11,5,6
10/16/2019 03:00:00 PM,34,28,6
10/16/2019 04:00:00 PM,76,61,15
10/16/2019 05:00:00 PM,138,118,20
10/16/2019 06:00:00 PM,63,55,8
10/16/2019 07:00:00 PM,11,10,1
10/16/2019 08:00:00 PM,9,7,2
10/16/2019 09:00:00 PM,6,3,3
10/16/2019 10:00:00 PM,5,4,1
10/16/2019 11:00:00 PM,2,2,0
10/17/2019 12:00:00 AM,1,1,0
10/17/2019 01:00:00 AM,0,0,0
10/17/2019 02:00:00 AM,4,1,3
10/17/2019 03:00:00 AM,2,0,2
10/17/2019 04:00:00 AM,7,1,6
10/17/2019 05:00:00 AM,22,5,17
10/17/2019 06:00:00 AM,49,7,42
10/17/2019 07:00:00 AM,92,6,86
10/17/2019 08:00:00 AM,98,5,93
10/17/2019 09:00:00 AM,38,5,33
10/17/2019 10:00:00 AM,15,3,12
10/17/2019 11:00:00 AM,10,2,8
10/17/2019 12:00:00 PM,14,5,9
10/17/2019 01:00:00 PM,12,6,6
10/17/2019 02:00:00 PM,13,8,5
10/17/2019 03:00:00 PM,36,26,10
10/17/2019 04:00:00 PM,70,57,13
10/17/2019 05:00:00 PM,122,109,13
10/17/2019 06:00:00 PM,52,45,7
10/17/2019 07:00:00 PM,31,28,3
10/17/2019 08:00:00 PM,10,9,1
10/17/2019 09:00:00 PM,10,8,2
10/17/2019 10:00:00 PM,4,3,1
10/17/2019 11:00:00 PM,3,1,2
10/18/2019 12:00:00 AM,2,2,0
10/18/2019 01:00:00 AM,3,2,1
10/18/2019 02:00:00 AM,1,1,0
10/18/2019 03:00:00 AM,5,2,3
10/18/2019 04:00:00 AM,3,1,2
10/18/2019 05:00:00 AM,17,7,10
10/18/2019 06:00:00 AM,42,6,36
10/18/2019 07:00:00 AM,86,11,75
10/18/2019 08:00:00 AM,95,11,84
10/18/2019 09:00:00 AM,45,7,38
10/18/2019 10:00:00 AM,19,4,15
10/18/2019 11:00:00 AM,14,3,11
10/18/2019 12:00:00 PM,8,5,3
10/18/2019 01:00:00 PM,15,8,7
10/18/2019 02:00:00 PM,17,14,3
10/18/2019 03:00:00 PM,42,34,8
10/18/2019 04:00:00 PM,78,62,16
10/18/2019 05:00:00 PM,80,74,6
10/18/2019 06:00:00 PM,44,40,4
10/18/2019 07:00:00 PM,21,15,6
10/18/2019 08:00:00 PM,1,1,0
10/18/2019 09:00:00 PM,5,4,1
10/18/2019 10:00:00 PM,3,3,0
10/18/2019 11:00:00 PM,4,2,2
10/19/2019 12:00:00 AM,3,2,1
10/19/2019 01:00:00 AM,1,1,0
10/19/2019 02:00:00 AM,1,0,1
10/19/2019 03:00:00 AM,0,0,0
10/19/2019 04:00:00 AM,0,0,0
10/19/2019 05:00:00 AM,0,0,0
10/19/2019 06:00:00 AM,6,1,5
10/19/2019 07:00:00 AM,3,1,2
10/19/2019 08:00:00 AM,6,3,3
10/19/2019 09:00:00 AM,4,2,2
10/19/2019 10:00:00 AM,14,7,7
10/19/2019 11:00:00 AM,12,2,10
10/19/2019 12:00:00 PM,10,3,7
10/19/2019 01:00:00 PM,10,3,7
10/19/2019 02:00:00 PM,6,3,3
10/19/2019 03:00:00 PM,23,10,13
10/19/2019 04:00:00 PM,28,13,15
10/19/2019 05:00:00 PM,27,20,7
10/19/2019 06:00:00 PM,17,6,11
10/19/2019 07:00:00 PM,7,5,2
10/19/2019 08:00:00 PM,4,3,1
10/19/2019 09:00:00 PM,5,2,3
10/19/2019 10:00:00 PM,3,1,2
10/19/2019 11:00:00 PM,6,5,1
10/20/2019 12:00:00 AM,4,2,2
10/20/2019 01:00:00 AM,0,0,0
10/20/2019 02:00:00 AM,1,1,0
10/20/2019 03:00:00 AM,0,0,0
10/20/2019 04:00:00 AM,0,0,0
10/20/2019 05:00:00 AM,3,1,2
10/20/2019 06:00:00 AM,3,1,2
10/20/2019 07:00:00 AM,4,1,3
10/20/2019 08:00:00 AM,11,6,5
10/20/2019 09:00:00 AM,5,2,3
10/20/2019 10:00:00 AM,14,9,5
10/20/2019 11:00:00 AM,16,7,9
10/20/2019 12:00:00 PM,24,12,12
10/20/2019 01:00:00 PM,18,11,7
10/20/2019 02:00:00 PM,11,4,7
10/20/2019 03:00:00 PM,7,4,3
10/20/2019 04:00:00 PM,20,10,10
10/20/2019 05:00:00 PM,22,17,5
10/20/2019 06:00:00 PM,8,4,4
10/20/2019 07:00:00 PM,3,1,2
10/20/2019 08:00:00 PM,4,4,0
10/20/2019 09:00:00 PM,8,7,1
10/20/2019 10:00:00 PM,3,2,1
10/20/2019 11:00:00 PM,0,0,0
10/21/2019 12:00:00 AM,0,0,0
10/21/2019 01:00:00 AM,3,1,2
10/21/2019 02:00:00 AM,0,0,0
10/21/2019 03:00:00 AM,0,0,0
10/21/2019 04:00:00 AM,3,1,2
10/21/2019 05:00:00 AM,23,3,20
10/21/2019 06:00:00 AM,52,7,45
10/21/2019 07:00:00 AM,103,9,94
10/21/2019 08:00:00 AM,126,11,115
10/21/2019 09:00:00 AM,39,2,37
10/21/2019 10:00:00 AM,17,2,15
10/21/2019 11:00:00 AM,14,7,7
10/21/2019 12:00:00 PM,12,5,7
10/21/2019 01:00:00 PM,11,5,6
10/21/2019 02:00:00 PM,27,15,12
10/21/2019 03:00:00 PM,28,21,7
10/21/2019 04:00:00 PM,68,57,11
10/21/2019 05:00:00 PM,129,117,12
10/21/2019 06:00:00 PM,70,67,3
10/21/2019 07:00:00 PM,21,16,5
10/21/2019 08:00:00 PM,5,5,0
10/21/2019 09:00:00 PM,6,3,3
10/21/2019 10:00:00 PM,3,2,1
10/21/2019 11:00:00 PM,2,1,1
10/22/2019 12:00:00 AM,2,1,1
10/22/2019 01:00:00 AM,1,1,0
10/22/2019 02:00:00 AM,3,2,1
10/22/2019 03:00:00 AM,1,0,1
10/22/2019 04:00:00 AM,3,0,3
10/22/2019 05:00:00 AM,18,5,13
10/22/2019 06:00:00 AM,62,4,58
10/22/2019 07:00:00 AM,96,9,87
10/22/2019 08:00:00 AM,137,8,129
10/22/2019 09:00:00 AM,45,5,40
10/22/2019 10:00:00 AM,27,7,20
10/22/2019 11:00:00 AM,17,7,10
10/22/2019 12:00:00 PM,11,5,6
10/22/2019 01:00:00 PM,19,5,14
10/22/2019 02:00:00 PM,16,10,6
10/22/2019 03:00:00 PM,37,31,6
10/22/2019 04:00:00 PM,87,71,16
10/22/2019 05:00:00 PM,150,135,15
10/22/2019 06:00:00 PM,93,81,12
10/22/2019 07:00:00 PM,30,24,6
10/22/2019 08:00:00 PM,15,10,5
10/22/2019 09:00:00 PM,9,4,5
10/22/2019 10:00:00 PM,8,7,1
10/22/2019 11:00:00 PM,2,2,0
10/23/2019 12:00:00 AM,0,0,0
10/23/2019 01:00:00 AM,1,1,0
10/23/2019 02:00:00 AM,5,3,2
10/23/2019 03:00:00 AM,0,0,0
10/23/2019 04:00:00 AM,3,0,3
10/23/2019 05:00:00 AM,21,3,18
10/23/2019 06:00:00 AM,66,12,54
10/23/2019 07:00:00 AM,113,8,105
10/23/2019 08:00:00 AM,163,13,150
10/23/2019 09:00:00 AM,72,8,64
10/23/2019 10:00:00 AM,28,6,22
10/23/2019 11:00:00 AM,31,10,21
10/23/2019 12:00:00 PM,34,10,24
10/23/2019 01:00:00 PM,42,21,21
10/23/2019 02:00:00 PM,36,17,19
10/23/2019 03:00:00 PM,63,46,17
10/23/2019 04:00:00 PM,106,81,25
10/23/2019 05:00:00 PM,172,150,22
10/23/2019 06:00:00 PM,110,87,23
10/23/2019 07:00:00 PM,45,42,3
10/23/2019 08:00:00 PM,20,18,2
10/23/2019 09:00:00 PM,18,14,4
10/23/2019 10:00:00 PM,12,4,8
10/23/2019 11:00:00 PM,5,4,1
10/24/2019 12:00:00 AM,0,0,0
10/24/2019 01:00:00 AM,0,0,0
10/24/2019 02:00:00 AM,7,3,4
10/24/2019 03:00:00 AM,1,0,1
10/24/2019 04:00:00 AM,3,1,2
10/24/2019 05:00:00 AM,29,4,25
10/24/2019 06:00:00 AM,69,7,62
10/24/2019 07:00:00 AM,128,13,115
10/24/2019 08:00:00 AM,168,8,160
10/24/2019 09:00:00 AM,63,3,60
10/24/2019 10:00:00 AM,38,11,27
10/24/2019 11:00:00 AM,28,10,18
10/24/2019 12:00:00 PM,27,8,19
10/24/2019 01:00:00 PM,35,19,16
10/24/2019 02:00:00 PM,41,19,22
10/24/2019 03:00:00 PM,52,36,16
10/24/2019 04:00:00 PM,136,111,25
10/24/2019 05:00:00 PM,193,177,16
10/24/2019 06:00:00 PM,96,81,15
10/24/2019 07:00:00 PM,41,32,9
10/24/2019 08:00:00 PM,26,20,6
10/24/2019 09:00:00 PM,10,7,3
10/24/2019 10:00:00 PM,6,6,0
10/24/2019 11:00:00 PM,2,1,1
10/25/2019 12:00:00 AM,3,1,2
10/25/2019 01:00:00 AM,1,0,1
10/25/2019 02:00:00 AM,1,1,0
10/25/2019 03:00:00 AM,1,1,0
10/25/2019 04:00:00 AM,4,1,3
10/25/2019 05:00:00 AM,21,6,15
10/25/2019 06:00:00 AM,50,9,41
10/25/2019 07:00:00 AM,97,10,87
10/25/2019 08:00:00 AM,115,8,107
10/25/2019 09:00:00 AM,69,11,58
10/25/2019 10:00:00 AM,11,3,8
10/25/2019 11:00:00 AM,16,2,14
10/25/2019 12:00:00 PM,7,5,2
10/25/2019 01:00:00 PM,16,11,5
10/25/2019 02:00:00 PM,17,10,7
10/25/2019 03:00:00 PM,25,21,4
10/25/2019 04:00:00 PM,84,72,12
10/25/2019 05:00:00 PM,112,103,9
10/25/2019 06:00:00 PM,59,52,7
10/25/2019 07:00:00 PM,23,15,8
10/25/2019 08:00:00 PM,13,9,4
10/25/2019 09:00:00 PM,5,4,1
10/25/2019 10:00:00 PM,8,6,2
10/25/2019 11:00:00 PM,7,3,4
10/26/2019 12:00:00 AM,2,1,1
10/26/2019 01:00:00 AM,1,1,0
10/26/2019 02:00:00 AM,3,1,2
10/26/2019 03:00:00 AM,1,0,1
10/26/2019 04:00:00 AM,1,0,1
10/26/2019 05:00:00 AM,1,0,1
10/26/2019 06:00:00 AM,6,2,4
10/26/2019 07:00:00 AM,9,4,5
10/26/2019 08:00:00 AM,19,4,15
10/26/2019 09:00:00 AM,20,6,14
10/26/2019 10:00:00 AM,25,10,15
10/26/2019 11:00:00 AM,50,19,31
10/26/2019 12:00:00 PM,36,22,14
10/26/2019 01:00:00 PM,35,19,16
10/26/2019 02:00:00 PM,37,18,19
10/26/2019 03:00:00 PM,35,18,17
10/26/2019 04:00:00 PM,33,16,17
10/26/2019 05:00:00 PM,33,14,19
10/26/2019 06:00:00 PM,18,10,8
10/26/2019 07:00:00 PM,8,6,2
10/26/2019 08:00:00 PM,3,3,0
10/26/2019 09:00:00 PM,5,3,2
10/26/2019 10:00:00 PM,7,1,6
10/26/2019 11:00:00 PM,2,1,1
10/27/2019 12:00:00 AM,3,3,0
10/27/2019 01:00:00 AM,4,2,2
10/27/2019 02:00:00 AM,0,0,0
10/27/2019 03:00:00 AM,1,1,0
10/27/2019 04:00:00 AM,2,2,0
10/27/2019 05:00:00 AM,3,1,2
10/27/2019 06:00:00 AM,3,2,1
10/27/2019 07:00:00 AM,8,4,4
10/27/2019 08:00:00 AM,23,11,12
10/27/2019 09:00:00 AM,18,7,11
10/27/2019 10:00:00 AM,16,11,5
10/27/2019 11:00:00 AM,37,18,19
10/27/2019 12:00:00 PM,43,17,26
10/27/2019 01:00:00 PM,52,24,28
10/27/2019 02:00:00 PM,53,29,24
10/27/2019 03:00:00 PM,56,22,34
10/27/2019 04:00:00 PM,35,20,15
10/27/2019 05:00:00 PM,25,15,10
10/27/2019 06:00:00 PM,10,6,4
10/27/2019 07:00:00 PM,7,4,3
10/27/2019 08:00:00 PM,13,8,5
10/27/2019 09:00:00 PM,3,2,1
10/27/2019 10:00:00 PM,2,2,0
10/27/2019 11:00:00 PM,3,1,2
10/28/2019 12:00:00 AM,1,1,0
10/28/2019 01:00:00 AM,1,0,1
10/28/2019 02:00:00 AM,3,2,1
10/28/2019 03:00:00 AM,2,0,2
10/28/2019 04:00:00 AM,2,1,1
10/28/2019 05:00:00 AM,18,3,15
10/28/2019 06:00:00 AM,61,11,50
10/28/2019 07:00:00 AM,114,8,106
10/28/2019 08:00:00 AM,165,8,157
10/28/2019 09:00:00 AM,67,7,60
10/28/2019 10:00:00 AM,31,5,26
10/28/2019 11:00:00 AM,21,10,11
10/28/2019 12:00:00 PM,19,8,11
10/28/2019 01:00:00 PM,29,15,14
10/28/2019 02:00:00 PM,41,22,19
10/28/2019 03:00:00 PM,45,31,14
10/28/2019 04:00:00 PM,117,96,21
10/28/2019 05:00:00 PM,198,180,18
10/28/2019 06:00:00 PM,89,76,13
10/28/2019 07:00:00 PM,21,15,6
10/28/2019 08:00:00 PM,13,12,1
10/28/2019 09:00:00 PM,6,4,2
10/28/2019 10:00:00 PM,7,5,2
10/28/2019 11:00:00 PM,5,3,2
10/29/2019 12:00:00 AM,1,1,0
10/29/2019 01:00:00 AM,0,0,0
10/29/2019 02:00:00 AM,2,0,2
10/29/2019 03:00:00 AM,1,0,1
10/29/2019 04:00:00 AM,3,1,2
10/29/2019 05:00:00 AM,27,7,20
10/29/2019 06:00:00 AM,68,9,59
10/29/2019 07:00:00 AM,131,10,121
10/29/2019 08:00:00 AM,166,6,160
10/29/2019 09:00:00 AM,58,4,54
10/29/2019 10:00:00 AM,33,11,22
10/29/2019 11:00:00 AM,21,13,8
10/29/2019 12:00:00 PM,28,9,19
10/29/2019 01:00:00 PM,25,11,14
10/29/2019 02:00:00 PM,25,18,7
10/29/2019 03:00:00 PM,39,26,13
10/29/2019 04:00:00 PM,127,107,20
10/29/2019 05:00:00 PM,191,176,15
10/29/2019 06:00:00 PM,102,90,12
10/29/2019 07:00:00 PM,29,25,4
10/29/2019 08:00:00 PM,13,10,3
10/29/2019 09:00:00 PM,17,11,6
10/29/2019 10:00:00 PM,6,4,2
10/29/2019 11:00:00 PM,6,6,0
10/30/2019 12:00:00 AM,0,0,0
10/30/2019 01:00:00 AM,2,0,2
10/30/2019 02:00:00 AM,3,1,2
10/30/2019 03:00:00 AM,3,1,2
10/30/2019 04:00:00 AM,3,2,1
10/30/2019 05:00:00 AM,25,4,21
10/30/2019 06:00:00 AM,57,5,52
10/30/2019 07:00:00 AM,113,10,103
10/30/2019 08:00:00 AM,138,8,130
10/30/2019 09:00:00 AM,63,5,58
10/30/2019 10:00:00 AM,29,6,23
10/30/2019 11:00:00 AM,32,11,21
10/30/2019 12:00:00 PM,28,11,17
10/30/2019 01:00:00 PM,26,13,13
10/30/2019 02:00:00 PM,39,18,21
10/30/2019 03:00:00 PM,44,35,9
10/30/2019 04:00:00 PM,111,90,21
10/30/2019 05:00:00 PM,166,149,17
10/30/2019 06:00:00 PM,97,83,14
10/30/2019 07:00:00 PM,28,25,3
10/30/2019 08:00:00 PM,10,10,0
10/30/2019 09:00:00 PM,5,5,0
10/30/2019 10:00:00 PM,4,2,2
10/30/2019 11:00:00 PM,4,3,1
10/31/2019 12:00:00 AM,2,0,2
10/31/2019 01:00:00 AM,4,3,1
10/31/2019 02:00:00 AM,1,0,1
10/31/2019 03:00:00 AM,3,2,1
10/31/2019 04:00:00 AM,6,2,4
10/31/2019 05:00:00 AM,23,7,16
10/31/2019 06:00:00 AM,45,9,36
10/31/2019 07:00:00 AM,119,14,105
10/31/2019 08:00:00 AM,152,5,147
10/31/2019 09:00:00 AM,64,3,61
10/31/2019 10:00:00 AM,21,3,18
10/31/2019 11:00:00 AM,20,9,11
10/31/2019 12:00:00 PM,22,9,13
10/31/2019 01:00:00 PM,26,12,14
10/31/2019 02:00:00 PM,28,20,8
10/31/2019 03:00:00 PM,79,59,20
10/31/2019 04:00:00 PM,148,124,24
10/31/2019 05:00:00 PM,164,144,20
10/31/2019 06:00:00 PM,61,55,6
10/31/2019 07:00:00 PM,26,20,6
10/31/2019 08:00:00 PM,9,7,2
10/31/2019 09:00:00 PM,5,3,2
10/31/2019 10:00:00 PM,4,3,1
10/31/2019 11:00:00 PM,5,3,2
11/01/2019 12:00:00 AM,2,0,2
11/01/2019 01:00:00 AM,1,0,1
11/01/2019 02:00:00 AM,1,0,1
11/01/2019 03:00:00 AM,3,1,2
11/01/2019 04:00:00 AM,3,2,1
11/01/2019 05:00:00 AM,14,4,10
11/01/2019 06:00:00 AM,44,2,42
11/01/2019 07:00:00 AM,118,10,108
11/01/2019 08:00:00 AM,127,7,120
11/01/2019 09:00:00 AM,42,5,37
11/01/2019 10:00:00 AM,21,6,15
11/01/2019 11:00:00 AM,17,4,13
11/01/2019 12:00:00 PM,21,10,11
11/01/2019 01:00:00 PM,26,11,15
11/01/2019 02:00:00 PM,31,20,11
11/01/2019 03:00:00 PM,63,44,19
11/01/2019 04:00:00 PM,80,72,8
11/01/2019 05:00:00 PM,156,135,21
11/01/2019 06:00:00 PM,70,60,10
11/01/2019 07:00:00 PM,31,24,7
11/01/2019 08:00:00 PM,8,6,2
11/01/2019 09:00:00 PM,7,5,2
11/01/2019 10:00:00 PM,5,3,2
11/01/2019 11:00:00 PM,2,2,0
11/02/2019 12:00:00 AM,3,1,2
11/02/2019 01:00:00 AM,2,2,0
11/02/2019 02:00:00 AM,2,1,1
11/02/2019 03:00:00 AM,1,0,1
11/02/2019 04:00:00 AM,0,0,0
11/02/2019 05:00:00 AM,2,2,0
11/02/2019 06:00:00 AM,7,3,4
11/02/2019 07:00:00 AM,3,0,3
11/02/2019 08:00:00 AM,31,5,26
11/02/2019 09:00:00 AM,34,18,16
11/02/2019 10:00:00 AM,64,42,22
11/02/2019 11:00:00 AM,52,17,35
11/02/2019 12:00:00 PM,58,32,26
11/02/2019 01:00:00 PM,53,28,25
11/02/2019 02:00:00 PM,49,32,17
11/02/2019 03:00:00 PM,63,32,31
11/02/2019 04:00:00 PM,34,18,16
11/02/2019 05:00:00 PM,35,13,22
11/02/2019 06:00:00 PM,31,20,11
11/02/2019 07:00:00 PM,7,6,1
11/02/2019 08:00:00 PM,10,6,4
11/02/2019 09:00:00 PM,5,1,4
11/02/2019 10:00:00 PM,2,1,1
11/02/2019 11:00:00 PM,1,0,1
11/03/2019 12:00:00 AM,4,2,2
11/03/2019 01:00:00 AM,3,3,0
11/03/2019 02:00:00 AM,0,0,0
11/03/2019 03:00:00 AM,3,0,3
11/03/2019 04:00:00 AM,0,0,0
11/03/2019 05:00:00 AM,2,1,1
11/03/2019 06:00:00 AM,6,1,5
11/03/2019 07:00:00 AM,6,3,3
11/03/2019 08:00:00 AM,30,9,21
11/03/2019 09:00:00 AM,35,14,21
11/03/2019 10:00:00 AM,45,23,22
11/03/2019 11:00:00 AM,66,32,34
11/03/2019 12:00:00 PM,67,28,39
11/03/2019 01:00:00 PM,57,33,24
11/03/2019 02:00:00 PM,40,23,17
11/03/2019 03:00:00 PM,33,13,20
11/03/2019 04:00:00 PM,27,17,10
11/03/2019 05:00:00 PM,40,34,6
11/03/2019 06:00:00 PM,10,8,2
11/03/2019 07:00:00 PM,5,3,2
11/03/2019 08:00:00 PM,2,1,1
11/03/2019 09:00:00 PM,4,3,1
11/03/2019 10:00:00 PM,3,2,1
11/03/2019 11:00:00 PM,2,2,0
11/04/2019 12:00:00 AM,1,1,0
11/04/2019 01:00:00 AM,2,1,1
11/04/2019 02:00:00 AM,2,1,1
11/04/2019 03:00:00 AM,1,0,1
11/04/2019 04:00:00 AM,0,0,0
11/04/2019 05:00:00 AM,26,6,20
11/04/2019 06:00:00 AM,83,16,67
11/04/2019 07:00:00 AM,153,13,140
11/04/2019 08:00:00 AM,174,14,160
11/04/2019 09:00:00 AM,49,7,42
11/04/2019 10:00:00 AM,19,5,14
11/04/2019 11:00:00 AM,22,7,15
11/04/2019 12:00:00 PM,19,7,12
11/04/2019 01:00:00 PM,23,10,13
11/04/2019 02:00:00 PM,33,19,14
11/04/2019 03:00:00 PM,56,44,12
11/04/2019 04:00:00 PM,117,96,21
11/04/2019 05:00:00 PM,201,175,26
11/04/2019 06:00:00 PM,82,70,12
11/04/2019 07:00:00 PM,43,33,10
11/04/2019 08:00:00 PM,15,11,4
11/04/2019 09:00:00 PM,13,7,6
11/04/2019 10:00:00 PM,2,1,1
11/04/2019 11:00:00 PM,1,1,0
11/05/2019 12:00:00 AM,2,0,2
11/05/2019 01:00:00 AM,0,0,0
11/05/2019 02:00:00 AM,1,1,0
11/05/2019 03:00:00 AM,3,0,3
11/05/2019 04:00:00 AM,5,2,3
11/05/2019 05:00:00 AM,30,7,23
11/05/2019 06:00:00 AM,80,15,65
11/05/2019 07:00:00 AM,153,12,141
11/05/2019 08:00:00 AM,165,4,161
11/05/2019 09:00:00 AM,46,5,41
11/05/2019 10:00:00 AM,22,6,16
11/05/2019 11:00:00 AM,18,7,11
11/05/2019 12:00:00 PM,19,11,8
11/05/2019 01:00:00 PM,36,15,21
11/05/2019 02:00:00 PM,32,23,9
11/05/2019 03:00:00 PM,55,44,11
11/05/2019 04:00:00 PM,120,98,22
11/05/2019 05:00:00 PM,214,197,17
11/05/2019 06:00:00 PM,83,72,11
11/05/2019 07:00:00 PM,31,26,5
11/05/2019 08:00:00 PM,13,7,6
11/05/2019 09:00:00 PM,10,8,2
11/05/2019 10:00:00 PM,9,7,2
11/05/2019 11:00:00 PM,0,0,0
11/06/2019 12:00:00 AM,1,1,0
11/06/2019 01:00:00 AM,0,0,0
11/06/2019 02:00:00 AM,3,2,1
11/06/2019 03:00:00 AM,0,0,0
11/06/2019 04:00:00 AM,2,0,2
11/06/2019 05:00:00 AM,28,7,21
11/06/2019 06:00:00 AM,76,7,69
11/06/2019 07:00:00 AM,157,13,144
11/06/2019 08:00:00 AM,156,13,143
11/06/2019 09:00:00 AM,61,6,55
11/06/2019 10:00:00 AM,29,6,23
11/06/2019 11:00:00 AM,25,9,16
11/06/2019 12:00:00 PM,24,16,8
11/06/2019 01:00:00 PM,33,16,17
11/06/2019 02:00:00 PM,38,17,21
11/06/2019 03:00:00 PM,59,48,11
11/06/2019 04:00:00 PM,147,123,24
11/06/2019 05:00:00 PM,164,145,19
11/06/2019 06:00:00 PM,96,87,9
11/06/2019 07:00:00 PM,35,28,7
11/06/2019 08:00:00 PM,21,19,2
11/06/2019 09:00:00 PM,8,6,2
11/06/2019 10:00:00 PM,8,3,5
11/06/2019 11:00:00 PM,5,3,2
11/07/2019 12:00:00 AM,3,3,0
11/07/2019 01:00:00 AM,2,2,0
11/07/2019 02:00:00 AM,2,2,0
11/07/2019 03:00:00 AM,4,1,3
11/07/2019 04:00:00 AM,3,0,3
11/07/2019 05:00:00 AM,33,7,26
11/07/2019 06:00:00 AM,72,9,63
11/07/2019 07:00:00 AM,134,15,119
11/07/2019 08:00:00 AM,144,14,130
11/07/2019 09:00:00 AM,52,7,45
11/07/2019 10:00:00 AM,21,6,15
11/07/2019 11:00:00 AM,22,11,11
11/07/2019 12:00:00 PM,19,7,12
11/07/2019 01:00:00 PM,20,11,9
11/07/2019 02:00:00 PM,21,10,11
11/07/2019 03:00:00 PM,52,40,12
11/07/2019 04:00:00 PM,116,103,13
11/07/2019 05:00:00 PM,178,152,26
11/07/2019 06:00:00 PM,76,66,10
11/07/2019 07:00:00 PM,21,20,1
11/07/2019 08:00:00 PM,15,13,2
11/07/2019 09:00:00 PM,13,10,3
11/07/2019 10:00:00 PM,4,3,1
11/07/2019 11:00:00 PM,4,3,1
11/08/2019 12:00:00 AM,3,3,0
11/08/2019 01:00:00 AM,2,1,1
11/08/2019 02:00:00 AM,5,3,2
11/08/2019 03:00:00 AM,1,0,1
11/08/2019 04:00:00 AM,3,2,1
11/08/2019 05:00:00 AM,17,3,14
11/08/2019 06:00:00 AM,49,6,43
11/08/2019 07:00:00 AM,99,9,90
11/08/2019 08:00:00 AM,115,13,102
11/08/2019 09:00:00 AM,42,10,32
11/08/2019 10:00:00 AM,24,9,15
11/08/2019 11:00:00 AM,27,9,18
11/08/2019 12:00:00 PM,23,8,15
11/08/2019 01:00:00 PM,31,19,12
11/08/2019 02:00:00 PM,34,25,9
11/08/2019 03:00:00 PM,52,41,11
11/08/2019 04:00:00 PM,93,74,19
11/08/2019 05:00:00 PM,112,100,12
11/08/2019 06:00:00 PM,59,54,5
11/08/2019 07:00:00 PM,23,18,5
11/08/2019 08:00:00 PM,15,14,1
11/08/2019 09:00:00 PM,7,5,2
11/08/2019 10:00:00 PM,3,3,0
11/08/2019 11:00:00 PM,5,4,1
11/09/2019 12:00:00 AM,3,3,0
11/09/2019 01:00:00 AM,1,1,0
11/09/2019 02:00:00 AM,3,1,2
11/09/2019 03:00:00 AM,0,0,0
11/09/2019 04:00:00 AM,1,0,1
11/09/2019 05:00:00 AM,3,1,2
11/09/2019 06:00:00 AM,5,2,3
11/09/2019 07:00:00 AM,7,3,4
11/09/2019 08:00:00 AM,12,1,11
11/09/2019 09:00:00 AM,12,8,4
11/09/2019 10:00:00 AM,26,11,15
11/09/2019 11:00:00 AM,19,11,8
11/09/2019 12:00:00 PM,8,5,3
11/09/2019 01:00:00 PM,13,9,4
11/09/2019 02:00:00 PM,13,7,6
11/09/2019 03:00:00 PM,14,3,11
11/09/2019 04:00:00 PM,17,7,10
11/09/2019 05:00:00 PM,14,10,4
11/09/2019 06:00:00 PM,4,3,1
11/09/2019 07:00:00 PM,4,3,1
11/09/2019 08:00:00 PM,1,0,1
11/09/2019 09:00:00 PM,4,0,4
11/09/2019 10:00:00 PM,0,0,0
11/09/2019 11:00:00 PM,1,1,0
11/10/2019 12:00:00 AM,2,2,0
11/10/2019 01:00:00 AM,0,0,0
11/10/2019 02:00:00 AM,0,0,0
11/10/2019 03:00:00 AM,1,0,1
11/10/2019 04:00:00 AM,1,1,0
11/10/2019 05:00:00 AM,2,0,2
11/10/2019 06:00:00 AM,4,4,0
11/10/2019 07:00:00 AM,6,1,5
11/10/2019 08:00:00 AM,21,7,14
11/10/2019 09:00:00 AM,31,9,22
11/10/2019 10:00:00 AM,23,7,16
11/10/2019 11:00:00 AM,28,11,17
11/10/2019 12:00:00 PM,22,9,13
11/10/2019 01:00:00 PM,24,11,13
11/10/2019 02:00:00 PM,36,23,13
11/10/2019 03:00:00 PM,43,25,18
11/10/2019 04:00:00 PM,13,9,4
11/10/2019 05:00:00 PM,13,10,3
11/10/2019 06:00:00 PM,16,11,5
11/10/2019 07:00:00 PM,5,0,5
11/10/2019 08:00:00 PM,5,2,3
11/10/2019 09:00:00 PM,1,1,0
11/10/2019 10:00:00 PM,5,3,2
11/10/2019 11:00:00 PM,1,1,0
11/11/2019 12:00:00 AM,1,1,0
11/11/2019 01:00:00 AM,1,1,0
11/11/2019 02:00:00 AM,0,0,0
11/11/2019 03:00:00 AM,1,0,1
11/11/2019 04:00:00 AM,4,0,4
11/11/2019 05:00:00 AM,12,2,10
11/11/2019 06:00:00 AM,48,8,40
11/11/2019 07:00:00 AM,102,9,93
11/11/2019 08:00:00 AM,129,7,122
11/11/2019 09:00:00 AM,46,7,39
11/11/2019 10:00:00 AM,20,5,15
11/11/2019 11:00:00 AM,25,10,15
11/11/2019 12:00:00 PM,30,13,17
11/11/2019 01:00:00 PM,28,18,10
11/11/2019 02:00:00 PM,49,31,18
11/11/2019 03:00:00 PM,66,41,25
11/11/2019 04:00:00 PM,90,72,18
11/11/2019 05:00:00 PM,128,114,14
11/11/2019 06:00:00 PM,56,53,3
11/11/2019 07:00:00 PM,17,14,3
11/11/2019 08:00:00 PM,14,13,1
11/11/2019 09:00:00 PM,13,8,5
11/11/2019 10:00:00 PM,6,4,2
11/11/2019 11:00:00 PM,3,3,0
11/12/2019 12:00:00 AM,2,0,2
11/12/2019 01:00:00 AM,1,1,0
11/12/2019 02:00:00 AM,0,0,0
11/12/2019 03:00:00 AM,1,1,0
11/12/2019 04:00:00 AM,3,2,1
11/12/2019 05:00:00 AM,27,6,21
11/12/2019 06:00:00 AM,58,8,50
11/12/2019 07:00:00 AM,101,12,89
11/12/2019 08:00:00 AM,111,8,103
11/12/2019 09:00:00 AM,40,7,33
11/12/2019 10:00:00 AM,15,1,14
11/12/2019 11:00:00 AM,14,5,9
11/12/2019 12:00:00 PM,12,4,8
11/12/2019 01:00:00 PM,14,9,5
11/12/2019 02:00:00 PM,13,8,5
11/12/2019 03:00:00 PM,40,31,9
11/12/2019 04:00:00 PM,75,61,14
11/12/2019 05:00:00 PM,148,132,16
11/12/2019 06:00:00 PM,60,50,10
11/12/2019 07:00:00 PM,31,26,5
11/12/2019 08:00:00 PM,22,19,3
11/12/2019 09:00:00 PM,7,4,3
11/12/2019 10:00:00 PM,8,7,1
11/12/2019 11:00:00 PM,2,1,1
11/13/2019 12:00:00 AM,3,1,2
11/13/2019 01:00:00 AM,0,0,0
11/13/2019 02:00:00 AM,2,1,1
11/13/2019 03:00:00 AM,2,0,2
11/13/2019 04:00:00 AM,1,0,1
11/13/2019 05:00:00 AM,35,6,29
11/13/2019 06:00:00 AM,85,18,67
11/13/2019 07:00:00 AM,151,13,138
11/13/2019 08:00:00 AM,149,12,137
11/13/2019 09:00:00 AM,65,6,59
11/13/2019 10:00:00 AM,20,5,15
11/13/2019 11:00:00 AM,27,10,17
11/13/2019 12:00:00 PM,26,5,21
11/13/2019 01:00:00 PM,32,19,13
11/13/2019 02:00:00 PM,29,17,12
11/13/2019 03:00:00 PM,56,46,10
11/13/2019 04:00:00 PM,116,97,19
11/13/2019 05:00:00 PM,173,152,21
11/13/2019 06:00:00 PM,89,75,14
11/13/2019 07:00:00 PM,46,36,10
11/13/2019 08:00:00 PM,29,18,11
11/13/2019 09:00:00 PM,11,6,5
11/13/2019 10:00:00 PM,4,4,0
11/13/2019 11:00:00 PM,3,2,1
11/14/2019 12:00:00 AM,0,0,0
11/14/2019 01:00:00 AM,0,0,0
11/14/2019 02:00:00 AM,3,1,2
11/14/2019 03:00:00 AM,2,1,1
11/14/2019 04:00:00 AM,3,1,2
11/14/2019 05:00:00 AM,25,5,20
11/14/2019 06:00:00 AM,75,13,62
11/14/2019 07:00:00 AM,126,11,115
11/14/2019 08:00:00 AM,144,3,141
11/14/2019 09:00:00 AM,47,5,42
11/14/2019 10:00:00 AM,24,7,17
11/14/2019 11:00:00 AM,25,7,18
11/14/2019 12:00:00 PM,25,14,11
11/14/2019 01:00:00 PM,13,5,8
11/14/2019 02:00:00 PM,21,10,11
11/14/2019 03:00:00 PM,57,50,7
11/14/2019 04:00:00 PM,105,90,15
11/14/2019 05:00:00 PM,149,137,12
11/14/2019 06:00:00 PM,86,76,10
11/14/2019 07:00:00 PM,52,48,4
11/14/2019 08:00:00 PM,16,10,6
11/14/2019 09:00:00 PM,12,6,6
11/14/2019 10:00:00 PM,16,7,9
11/14/2019 11:00:00 PM,8,5,3
11/15/2019 12:00:00 AM,4,2,2
11/15/2019 01:00:00 AM,8,1,7
11/15/2019 02:00:00 AM,0,0,0
11/15/2019 03:00:00 AM,2,0,2
11/15/2019 04:00:00 AM,5,2,3
11/15/2019 05:00:00 AM,17,6,11
11/15/2019 06:00:00 AM,40,2,38
11/15/2019 07:00:00 AM,84,8,76
11/15/2019 08:00:00 AM,105,9,96
11/15/2019 09:00:00 AM,54,8,46
11/15/2019 10:00:00 AM,22,5,17
11/15/2019 11:00:00 AM,14,5,9
11/15/2019 12:00:00 PM,12,6,6
11/15/2019 01:00:00 PM,18,12,6
11/15/2019 02:00:00 PM,18,12,6
11/15/2019 03:00:00 PM,50,44,6
11/15/2019 04:00:00 PM,77,66,11
11/15/2019 05:00:00 PM,110,95,15
11/15/2019 06:00:00 PM,56,48,8
11/15/2019 07:00:00 PM,20,16,4
11/15/2019 08:00:00 PM,12,9,3
11/15/2019 09:00:00 PM,7,6,1
11/15/2019 10:00:00 PM,8,6,2
11/15/2019 11:00:00 PM,2,1,1
11/16/2019 12:00:00 AM,3,2,1
11/16/2019 01:00:00 AM,0,0,0
11/16/2019 02:00:00 AM,2,2,0
11/16/2019 03:00:00 AM,1,0,1
11/16/2019 04:00:00 AM,1,0,1
11/16/2019 05:00:00 AM,0,0,0
11/16/2019 06:00:00 AM,9,0,9
11/16/2019 07:00:00 AM,7,2,5
11/16/2019 08:00:00 AM,17,3,14
11/16/2019 09:00:00 AM,21,9,12
11/16/2019 10:00:00 AM,24,7,17
11/16/2019 11:00:00 AM,26,11,15
11/16/2019 12:00:00 PM,42,20,22
11/16/2019 01:00:00 PM,30,14,16
11/16/2019 02:00:00 PM,24,14,10
11/16/2019 03:00:00 PM,28,18,10
11/16/2019 04:00:00 PM,10,9,1
11/16/2019 05:00:00 PM,15,9,6
11/16/2019 06:00:00 PM,10,5,5
11/16/2019 07:00:00 PM,6,4,2
11/16/2019 08:00:00 PM,5,1,4
11/16/2019 09:00:00 PM,3,2,1
11/16/2019 10:00:00 PM,1,0,1
11/16/2019 11:00:00 PM,2,1,1
11/17/2019 12:00:00 AM,3,2,1
11/17/2019 01:00:00 AM,1,1,0
11/17/2019 02:00:00 AM,0,0,0
11/17/2019 03:00:00 AM,1,0,1
11/17/2019 04:00:00 AM,4,3,1
11/17/2019 05:00:00 AM,5,0,5
11/17/2019 06:00:00 AM,9,2,7
11/17/2019 07:00:00 AM,7,1,6
11/17/2019 08:00:00 AM,3,1,2
11/17/2019 09:00:00 AM,5,2,3
11/17/2019 10:00:00 AM,11,4,7
11/17/2019 11:00:00 AM,23,11,12
11/17/2019 12:00:00 PM,31,11,20
11/17/2019 01:00:00 PM,21,9,12
11/17/2019 02:00:00 PM,23,7,16
11/17/2019 03:00:00 PM,13,9,4
11/17/2019 04:00:00 PM,17,11,6
11/17/2019 05:00:00 PM,8,4,4
11/17/2019 06:00:00 PM,3,2,1
11/17/2019 07:00:00 PM,3,2,1
11/17/2019 08:00:00 PM,8,4,4
11/17/2019 09:00:00 PM,3,2,1
11/17/2019 10:00:00 PM,2,1,1
11/17/2019 11:00:00 PM,1,1,0
11/18/2019 12:00:00 AM,1,1,0
11/18/2019 01:00:00 AM,3,2,1
11/18/2019 02:00:00 AM,1,0,1
11/18/2019 03:00:00 AM,2,0,2
11/18/2019 04:00:00 AM,0,0,0
11/18/2019 05:00:00 AM,24,5,19
11/18/2019 06:00:00 AM,56,6,50
11/18/2019 07:00:00 AM,114,14,100
11/18/2019 08:00:00 AM,143,15,128
11/18/2019 09:00:00 AM,48,6,42
11/18/2019 10:00:00 AM,12,3,9
11/18/2019 11:00:00 AM,12,5,7
11/18/2019 12:00:00 PM,10,3,7
11/18/2019 01:00:00 PM,7,7,0
11/18/2019 02:00:00 PM,16,11,5
11/18/2019 03:00:00 PM,26,24,2
11/18/2019 04:00:00 PM,93,80,13
11/18/2019 05:00:00 PM,139,126,13
11/18/2019 06:00:00 PM,68,63,5
11/18/2019 07:00:00 PM,22,18,4
11/18/2019 08:00:00 PM,11,9,2
11/18/2019 09:00:00 PM,3,1,2
11/18/2019 10:00:00 PM,1,0,1
11/18/2019 11:00:00 PM,2,2,0
11/19/2019 12:00:00 AM,0,0,0
11/19/2019 01:00:00 AM,0,0,0
11/19/2019 02:00:00 AM,1,1,0
11/19/2019 03:00:00 AM,3,3,0
11/19/2019 04:00:00 AM,1,0,1
11/19/2019 05:00:00 AM,24,5,19
11/19/2019 06:00:00 AM,58,4,54
11/19/2019 07:00:00 AM,109,9,100
11/19/2019 08:00:00 AM,140,7,133
11/19/2019 09:00:00 AM,56,7,49
11/19/2019 10:00:00 AM,9,3,6
11/19/2019 11:00:00 AM,9,4,5
11/19/2019 12:00:00 PM,11,4,7
11/19/2019 01:00:00 PM,17,8,9
11/19/2019 02:00:00 PM,20,8,12
11/19/2019 03:00:00 PM,42,30,12
11/19/2019 04:00:00 PM,82,64,18
11/19/2019 05:00:00 PM,178,166,12
11/19/2019 06:00:00 PM,84,67,17
11/19/2019 07:00:00 PM,29,29,0
11/19/2019 08:00:00 PM,12,9,3
11/19/2019 09:00:00 PM,11,10,1
11/19/2019 10:00:00 PM,5,5,0
11/19/2019 11:00:00 PM,4,3,1
11/20/2019 12:00:00 AM,2,0,2
11/20/2019 01:00:00 AM,2,1,1
11/20/2019 02:00:00 AM,2,1,1
11/20/2019 03:00:00 AM,0,0,0
11/20/2019 04:00:00 AM,3,1,2
11/20/2019 05:00:00 AM,32,6,26
11/20/2019 06:00:00 AM,79,9,70
11/20/2019 07:00:00 AM,110,8,102
11/20/2019 08:00:00 AM,186,13,173
11/20/2019 09:00:00 AM,54,11,43
11/20/2019 10:00:00 AM,27,7,20
11/20/2019 11:00:00 AM,22,8,14
11/20/2019 12:00:00 PM,22,11,11
11/20/2019 01:00:00 PM,30,13,17
11/20/2019 02:00:00 PM,29,15,14
11/20/2019 03:00:00 PM,48,37,11
11/20/2019 04:00:00 PM,111,86,25
11/20/2019 05:00:00 PM,183,163,20
11/20/2019 06:00:00 PM,95,85,10
11/20/2019 07:00:00 PM,28,26,2
11/20/2019 08:00:00 PM,24,22,2
11/20/2019 09:00:00 PM,9,8,1
11/20/2019 10:00:00 PM,4,3,1
11/20/2019 11:00:00 PM,3,2,1
11/21/2019 12:00:00 AM,1,0,1
11/21/2019 01:00:00 AM,0,0,0
11/21/2019 02:00:00 AM,3,1,2
11/21/2019 03:00:00 AM,0,0,0
11/21/2019 04:00:00 AM,1,1,0
11/21/2019 05:00:00 AM,22,5,17
11/21/2019 06:00:00 AM,60,8,52
11/21/2019 07:00:00 AM,104,18,86
11/21/2019 08:00:00 AM,157,8,149
11/21/2019 09:00:00 AM,72,6,66
11/21/2019 10:00:00 AM,28,5,23
11/21/2019 11:00:00 AM,26,8,18
11/21/2019 12:00:00 PM,17,11,6
11/21/2019 01:00:00 PM,30,10,20
11/21/2019 02:00:00 PM,37,24,13
11/21/2019 03:00:00 PM,56,44,12
11/21/2019 04:00:00 PM,99,78,21
11/21/2019 05:00:00 PM,150,139,11
11/21/2019 06:00:00 PM,93,82,11
11/21/2019 07:00:00 PM,33,29,4
11/21/2019 08:00:00 PM,12,10,2
11/21/2019 09:00:00 PM,3,3,0
11/21/2019 10:00:00 PM,5,5,0
11/21/2019 11:00:00 PM,4,4,0
11/22/2019 12:00:00 AM,3,3,0
11/22/2019 01:00:00 AM,1,0,1
11/22/2019 02:00:00 AM,1,1,0
11/22/2019 03:00:00 AM,2,1,1
11/22/2019 04:00:00 AM,4,1,3
11/22/2019 05:00:00 AM,17,3,14
11/22/2019 06:00:00 AM,37,6,31
11/22/2019 07:00:00 AM,98,14,84
11/22/2019 08:00:00 AM,123,7,116
11/22/2019 09:00:00 AM,48,5,43
11/22/2019 10:00:00 AM,26,10,16
11/22/2019 11:00:00 AM,28,11,17
11/22/2019 12:00:00 PM,19,7,12
11/22/2019 01:00:00 PM,20,9,11
11/22/2019 02:00:00 PM,19,15,4
11/22/2019 03:00:00 PM,63,37,26
11/22/2019 04:00:00 PM,96,79,17
11/22/2019 05:00:00 PM,112,103,9
11/22/2019 06:00:00 PM,63,57,6
11/22/2019 07:00:00 PM,17,17,0
11/22/2019 08:00:00 PM,9,7,2
11/22/2019 09:00:00 PM,12,7,5
11/22/2019 10:00:00 PM,3,1,2
11/22/2019 11:00:00 PM,1,1,0
11/23/2019 12:00:00 AM,1,1,0
11/23/2019 01:00:00 AM,1,0,1
11/23/2019 02:00:00 AM,2,1,1
11/23/2019 03:00:00 AM,1,0,1
11/23/2019 04:00:00 AM,0,0,0
11/23/2019 05:00:00 AM,3,1,2
11/23/2019 06:00:00 AM,4,0,4
11/23/2019 07:00:00 AM,9,4,5
11/23/2019 08:00:00 AM,18,3,15
11/23/2019 09:00:00 AM,40,14,26
11/23/2019 10:00:00 AM,28,7,21
11/23/2019 11:00:00 AM,46,21,25
11/23/2019 12:00:00 PM,25,11,14
11/23/2019 01:00:00 PM,31,14,17
11/23/2019 02:00:00 PM,42,24,18
11/23/2019 03:00:00 PM,25,17,8
11/23/2019 04:00:00 PM,25,18,7
11/23/2019 05:00:00 PM,12,10,2
11/23/2019 06:00:00 PM,15,7,8
11/23/2019 07:00:00 PM,5,2,3
11/23/2019 08:00:00 PM,3,2,1
11/23/2019 09:00:00 PM,2,1,1
11/23/2019 10:00:00 PM,5,0,5
11/23/2019 11:00:00 PM,3,2,1
11/24/2019 12:00:00 AM,3,3,0
11/24/2019 01:00:00 AM,1,1,0
11/24/2019 02:00:00 AM,2,1,1
11/24/2019 03:00:00 AM,1,0,1
11/24/2019 04:00:00 AM,0,0,0
11/24/2019 05:00:00 AM,3,1,2
11/24/2019 06:00:00 AM,2,1,1
11/24/2019 07:00:00 AM,5,0,5
11/24/2019 08:00:00 AM,7,2,5
11/24/2019 09:00:00 AM,17,6,11
11/24/2019 10:00:00 AM,27,11,16
11/24/2019 11:00:00 AM,36,22,14
11/24/2019 12:00:00 PM,23,7,16
11/24/2019 01:00:00 PM,30,18,12
11/24/2019 02:00:00 PM,42,25,17
11/24/2019 03:00:00 PM,34,21,13
11/24/2019 04:00:00 PM,20,9,11
11/24/2019 05:00:00 PM,7,5,2
11/24/2019 06:00:00 PM,9,8,1
11/24/2019 07:00:00 PM,2,1,1
11/24/2019 08:00:00 PM,2,2,0
11/24/2019 09:00:00 PM,3,1,2
11/24/2019 10:00:00 PM,5,4,1
11/24/2019 11:00:00 PM,1,1,0
11/25/2019 12:00:00 AM,1,1,0
11/25/2019 01:00:00 AM,3,2,1
11/25/2019 02:00:00 AM,0,0,0
11/25/2019 03:00:00 AM,0,0,0
11/25/2019 04:00:00 AM,1,0,1
11/25/2019 05:00:00 AM,18,5,13
11/25/2019 06:00:00 AM,55,6,49
11/25/2019 07:00:00 AM,98,11,87
11/25/2019 08:00:00 AM,105,4,101
11/25/2019 09:00:00 AM,44,6,38
11/25/2019 10:00:00 AM,17,5,12
11/25/2019 11:00:00 AM,14,2,12
11/25/2019 12:00:00 PM,12,6,6
11/25/2019 01:00:00 PM,7,2,5
11/25/2019 02:00:00 PM,15,7,8
11/25/2019 03:00:00 PM,47,34,13
11/25/2019 04:00:00 PM,68,57,11
11/25/2019 05:00:00 PM,117,106,11
11/25/2019 06:00:00 PM,60,52,8
11/25/2019 07:00:00 PM,20,18,2
11/25/2019 08:00:00 PM,3,2,1
11/25/2019 09:00:00 PM,6,5,1
11/25/2019 10:00:00 PM,0,0,0
11/25/2019 11:00:00 PM,1,1,0
11/26/2019 12:00:00 AM,1,0,1
11/26/2019 01:00:00 AM,0,0,0
11/26/2019 02:00:00 AM,2,2,0
11/26/2019 03:00:00 AM,1,0,1
11/26/2019 04:00:00 AM,2,2,0
11/26/2019 05:00:00 AM,20,4,16
11/26/2019 06:00:00 AM,56,6,50
11/26/2019 07:00:00 AM,93,11,82
11/26/2019 08:00:00 AM,130,8,122
11/26/2019 09:00:00 AM,59,3,56
11/26/2019 10:00:00 AM,17,4,13
11/26/2019 11:00:00 AM,16,9,7
11/26/2019 12:00:00 PM,12,4,8
11/26/2019 01:00:00 PM,23,9,14
11/26/2019 02:00:00 PM,21,12,9
11/26/2019 03:00:00 PM,47,35,12
11/26/2019 04:00:00 PM,90,72,18
11/26/2019 05:00:00 PM,135,127,8
11/26/2019 06:00:00 PM,70,58,12
11/26/2019 07:00:00 PM,18,17,1
11/26/2019 08:00:00 PM,11,8,3
11/26/2019 09:00:00 PM,6,3,3
11/26/2019 10:00:00 PM,2,1,1
11/26/2019 11:00:00 PM,0,0,0
11/27/2019 12:00:00 AM,0,0,0
11/27/2019 01:00:00 AM,0,0,0
11/27/2019 02:00:00 AM,4,2,2
11/27/2019 03:00:00 AM,0,0,0
11/27/2019 04:00:00 AM,2,1,1
11/27/2019 05:00:00 AM,17,5,12
11/27/2019 06:00:00 AM,33,3,30
11/27/2019 07:00:00 AM,59,7,52
11/27/2019 08:00:00 AM,80,3,77
11/27/2019 09:00:00 AM,44,4,40
11/27/2019 10:00:00 AM,34,10,24
11/27/2019 11:00:00 AM,20,12,8
11/27/2019 12:00:00 PM,26,16,10
11/27/2019 01:00:00 PM,49,30,19
11/27/2019 02:00:00 PM,47,35,12
11/27/2019 03:00:00 PM,64,49,15
11/27/2019 04:00:00 PM,61,54,7
11/27/2019 05:00:00 PM,67,57,10
11/27/2019 06:00:00 PM,37,28,9
11/27/2019 07:00:00 PM,11,10,1
11/27/2019 08:00:00 PM,3,1,2
11/27/2019 09:00:00 PM,6,3,3
11/27/2019 10:00:00 PM,5,3,2
11/27/2019 11:00:00 PM,1,0,1
11/28/2019 12:00:00 AM,1,1,0
11/28/2019 01:00:00 AM,1,0,1
11/28/2019 02:00:00 AM,2,1,1
11/28/2019 03:00:00 AM,1,1,0
11/28/2019 04:00:00 AM,0,0,0
11/28/2019 05:00:00 AM,5,3,2
11/28/2019 06:00:00 AM,5,1,4
11/28/2019 07:00:00 AM,4,2,2
11/28/2019 08:00:00 AM,10,4,6
11/28/2019 09:00:00 AM,13,5,8
11/28/2019 10:00:00 AM,14,7,7
11/28/2019 11:00:00 AM,26,17,9
11/28/2019 12:00:00 PM,18,5,13
11/28/2019 01:00:00 PM,22,6,16
11/28/2019 02:00:00 PM,21,14,7
11/28/2019 03:00:00 PM,14,7,7
11/28/2019 04:00:00 PM,12,6,6
11/28/2019 05:00:00 PM,5,3,2
11/28/2019 06:00:00 PM,1,1,0
11/28/2019 07:00:00 PM,4,1,3
11/28/2019 08:00:00 PM,2,0,2
11/28/2019 09:00:00 PM,2,0,2
11/28/2019 10:00:00 PM,1,1,0
11/28/2019 11:00:00 PM,0,0,0
11/29/2019 12:00:00 AM,0,0,0
11/29/2019 01:00:00 AM,1,1,0
11/29/2019 02:00:00 AM,0,0,0
11/29/2019 03:00:00 AM,1,0,1
11/29/2019 04:00:00 AM,0,0,0
11/29/2019 05:00:00 AM,2,0,2
11/29/2019 06:00:00 AM,11,1,10
11/29/2019 07:00:00 AM,5,1,4
11/29/2019 08:00:00 AM,9,0,9
11/29/2019 09:00:00 AM,14,3,11
11/29/2019 10:00:00 AM,9,4,5
11/29/2019 11:00:00 AM,20,7,13
11/29/2019 12:00:00 PM,28,14,14
11/29/2019 01:00:00 PM,23,10,13
11/29/2019 02:00:00 PM,20,12,8
11/29/2019 03:00:00 PM,21,18,3
11/29/2019 04:00:00 PM,23,17,6
11/29/2019 05:00:00 PM,15,12,3
11/29/2019 06:00:00 PM,7,2,5
11/29/2019 07:00:00 PM,2,0,2
11/29/2019 08:00:00 PM,2,2,0
11/29/2019 09:00:00 PM,1,0,1
11/29/2019 10:00:00 PM,4,3,1
11/29/2019 11:00:00 PM,0,0,0
11/30/2019 12:00:00 AM,0,0,0
11/30/2019 01:00:00 AM,1,0,1
11/30/2019 02:00:00 AM,1,1,0
11/30/2019 03:00:00 AM,1,1,0
11/30/2019 04:00:00 AM,2,1,1
11/30/2019 05:00:00 AM,2,1,1
11/30/2019 06:00:00 AM,5,0,5
11/30/2019 07:00:00 AM,2,1,1
11/30/2019 08:00:00 AM,6,2,4
11/30/2019 09:00:00 AM,13,3,10
11/30/2019 10:00:00 AM,9,4,5
11/30/2019 11:00:00 AM,19,5,14
11/30/2019 12:00:00 PM,33,17,16
11/30/2019 01:00:00 PM,43,23,20
11/30/2019 02:00:00 PM,36,19,17
11/30/2019 03:00:00 PM,31,16,15
11/30/2019 04:00:00 PM,23,15,8
11/30/2019 05:00:00 PM,10,6,4
11/30/2019 06:00:00 PM,4,2,2
11/30/2019 07:00:00 PM,5,5,0
11/30/2019 08:00:00 PM,2,2,0
11/30/2019 09:00:00 PM,2,0,2
11/30/2019 10:00:00 PM,1,0,1
11/30/2019 11:00:00 PM,0,0,0
12/01/2019 12:00:00 AM,0,0,0
12/01/2019 01:00:00 AM,0,0,0
12/01/2019 02:00:00 AM,1,1,0
12/01/2019 03:00:00 AM,2,0,2
12/01/2019 04:00:00 AM,3,1,2
12/01/2019 05:00:00 AM,1,1,0
12/01/2019 06:00:00 AM,1,0,1
12/01/2019 07:00:00 AM,5,2,3
12/01/2019 08:00:00 AM,6,2,4
12/01/2019 09:00:00 AM,9,6,3
12/01/2019 10:00:00 AM,14,4,10
12/01/2019 11:00:00 AM,14,8,6
12/01/2019 12:00:00 PM,14,6,8
12/01/2019 01:00:00 PM,13,11,2
12/01/2019 02:00:00 PM,10,6,4
12/01/2019 03:00:00 PM,14,7,7
12/01/2019 04:00:00 PM,6,3,3
12/01/2019 05:00:00 PM,3,1,2
12/01/2019 06:00:00 PM,3,1,2
12/01/2019 07:00:00 PM,3,2,1
12/01/2019 08:00:00 PM,1,1,0
12/01/2019 09:00:00 PM,1,1,0
12/01/2019 10:00:00 PM,4,2,2
12/01/2019 11:00:00 PM,2,2,0
12/02/2019 12:00:00 AM,3,2,1
12/02/2019 01:00:00 AM,3,2,1
12/02/2019 02:00:00 AM,1,1,0
12/02/2019 03:00:00 AM,1,0,1
12/02/2019 04:00:00 AM,2,0,2
12/02/2019 05:00:00 AM,24,3,21
12/02/2019 06:00:00 AM,55,10,45
12/02/2019 07:00:00 AM,123,12,111
12/02/2019 08:00:00 AM,134,2,132
12/02/2019 09:00:00 AM,58,8,50
12/02/2019 10:00:00 AM,15,3,12
12/02/2019 11:00:00 AM,8,4,4
12/02/2019 12:00:00 PM,19,6,13
12/02/2019 01:00:00 PM,18,9,9
12/02/2019 02:00:00 PM,37,21,16
12/02/2019 03:00:00 PM,48,32,16
12/02/2019 04:00:00 PM,122,104,18
12/02/2019 05:00:00 PM,140,125,15
12/02/2019 06:00:00 PM,60,55,5
12/02/2019 07:00:00 PM,35,31,4
12/02/2019 08:00:00 PM,11,9,2
12/02/2019 09:00:00 PM,33,30,3
12/02/2019 10:00:00 PM,4,4,0
12/02/2019 11:00:00 PM,5,2,3
12/03/2019 12:00:00 AM,0,0,0
12/03/2019 01:00:00 AM,1,1,0
12/03/2019 02:00:00 AM,1,1,0
12/03/2019 03:00:00 AM,1,0,1
12/03/2019 04:00:00 AM,4,2,2
12/03/2019 05:00:00 AM,30,10,20
12/03/2019 06:00:00 AM,79,14,65
12/03/2019 07:00:00 AM,107,16,91
12/03/2019 08:00:00 AM,137,13,124
12/03/2019 09:00:00 AM,56,5,51
12/03/2019 10:00:00 AM,15,3,12
12/03/2019 11:00:00 AM,17,3,14
12/03/2019 12:00:00 PM,14,5,9
12/03/2019 01:00:00 PM,20,7,13
12/03/2019 02:00:00 PM,10,7,3
12/03/2019 03:00:00 PM,40,28,12
12/03/2019 04:00:00 PM,103,84,19
12/03/2019 05:00:00 PM,151,139,12
12/03/2019 06:00:00 PM,95,80,15
12/03/2019 07:00:00 PM,27,23,4
12/03/2019 08:00:00 PM,17,15,2
12/03/2019 09:00:00 PM,13,12,1
12/03/2019 10:00:00 PM,4,3,1
12/03/2019 11:00:00 PM,3,3,0
12/04/2019 12:00:00 AM,4,2,2
12/04/2019 01:00:00 AM,1,1,0
12/04/2019 02:00:00 AM,3,2,1
12/04/2019 03:00:00 AM,0,0,0
12/04/2019 04:00:00 AM,1,0,1
12/04/2019 05:00:00 AM,24,5,19
12/04/2019 06:00:00 AM,64,13,51
12/04/2019 07:00:00 AM,90,6,84
12/04/2019 08:00:00 AM,108,6,102
12/04/2019 09:00:00 AM,41,5,36
12/04/2019 10:00:00 AM,23,4,19
12/04/2019 11:00:00 AM,12,5,7
12/04/2019 12:00:00 PM,10,6,4
12/04/2019 01:00:00 PM,20,5,15
12/04/2019 02:00:00 PM,11,5,6
12/04/2019 03:00:00 PM,43,32,11
12/04/2019 04:00:00 PM,86,71,15
12/04/2019 05:00:00 PM,133,119,14
12/04/2019 06:00:00 PM,70,66,4
12/04/2019 07:00:00 PM,30,26,4
12/04/2019 08:00:00 PM,14,9,5
12/04/2019 09:00:00 PM,5,5,0
12/04/2019 10:00:00 PM,6,2,4
12/04/2019 11:00:00 PM,4,3,1
12/05/2019 12:00:00 AM,2,1,1
12/05/2019 01:00:00 AM,2,1,1
12/05/2019 02:00:00 AM,3,3,0
12/05/2019 03:00:00 AM,1,0,1
12/05/2019 04:00:00 AM,1,1,0
12/05/2019 05:00:00 AM,26,7,19
12/05/2019 06:00:00 AM,61,6,55
12/05/2019 07:00:00 AM,99,10,89
12/05/2019 08:00:00 AM,140,4,136
12/05/2019 09:00:00 AM,63,7,56
12/05/2019 10:00:00 AM,23,10,13
12/05/2019 11:00:00 AM,19,7,12
12/05/2019 12:00:00 PM,25,11,14
12/05/2019 01:00:00 PM,24,10,14
12/05/2019 02:00:00 PM,29,17,12
12/05/2019 03:00:00 PM,51,39,12
12/05/2019 04:00:00 PM,98,81,17
12/05/2019 05:00:00 PM,145,126,19
12/05/2019 06:00:00 PM,76,64,12
12/05/2019 07:00:00 PM,26,22,4
12/05/2019 08:00:00 PM,18,17,1
12/05/2019 09:00:00 PM,8,6,2
12/05/2019 10:00:00 PM,6,5,1
12/05/2019 11:00:00 PM,4,3,1
12/06/2019 12:00:00 AM,4,2,2
12/06/2019 01:00:00 AM,0,0,0
12/06/2019 02:00:00 AM,1,1,0
12/06/2019 03:00:00 AM,1,0,1
12/06/2019 04:00:00 AM,2,1,1
12/06/2019 05:00:00 AM,23,5,18
12/06/2019 06:00:00 AM,40,8,32
12/06/2019 07:00:00 AM,87,7,80
12/06/2019 08:00:00 AM,117,10,107
12/06/2019 09:00:00 AM,42,6,36
12/06/2019 10:00:00 AM,16,4,12
12/06/2019 11:00:00 AM,15,6,9
12/06/2019 12:00:00 PM,20,10,10
12/06/2019 01:00:00 PM,33,11,22
12/06/2019 02:00:00 PM,19,11,8
12/06/2019 03:00:00 PM,50,42,8
12/06/2019 04:00:00 PM,88,72,16
12/06/2019 05:00:00 PM,108,90,18
12/06/2019 06:00:00 PM,48,46,2
12/06/2019 07:00:00 PM,16,13,3
12/06/2019 08:00:00 PM,8,6,2
12/06/2019 09:00:00 PM,7,5,2
12/06/2019 10:00:00 PM,1,1,0
12/06/2019 11:00:00 PM,4,4,0
12/07/2019 12:00:00 AM,2,0,2
12/07/2019 01:00:00 AM,0,0,0
12/07/2019 02:00:00 AM,4,2,2
12/07/2019 03:00:00 AM,1,0,1
12/07/2019 04:00:00 AM,0,0,0
12/07/2019 05:00:00 AM,0,0,0
12/07/2019 06:00:00 AM,1,0,1
12/07/2019 07:00:00 AM,2,0,2
12/07/2019 08:00:00 AM,5,0,5
12/07/2019 09:00:00 AM,10,3,7
12/07/2019 10:00:00 AM,9,4,5
12/07/2019 11:00:00 AM,13,7,6
12/07/2019 12:00:00 PM,8,2,6
12/07/2019 01:00:00 PM,8,4,4
12/07/2019 02:00:00 PM,9,6,3
12/07/2019 03:00:00 PM,14,8,6
12/07/2019 04:00:00 PM,14,7,7
12/07/2019 05:00:00 PM,11,5,6
12/07/2019 06:00:00 PM,7,6,1
12/07/2019 07:00:00 PM,4,2,2
12/07/2019 08:00:00 PM,3,1,2
12/07/2019 09:00:00 PM,3,2,1
12/07/2019 10:00:00 PM,2,2,0
12/07/2019 11:00:00 PM,7,5,2
12/08/2019 12:00:00 AM,13,4,9
12/08/2019 01:00:00 AM,0,0,0
12/08/2019 02:00:00 AM,1,1,0
12/08/2019 03:00:00 AM,5,2,3
12/08/2019 04:00:00 AM,0,0,0
12/08/2019 05:00:00 AM,1,0,1
12/08/2019 06:00:00 AM,4,1,3
12/08/2019 07:00:00 AM,11,2,9
12/08/2019 08:00:00 AM,6,1,5
12/08/2019 09:00:00 AM,30,17,13
12/08/2019 10:00:00 AM,24,10,14
12/08/2019 11:00:00 AM,19,11,8
12/08/2019 12:00:00 PM,40,20,20
12/08/2019 01:00:00 PM,27,9,18
12/08/2019 02:00:00 PM,31,16,15
12/08/2019 03:00:00 PM,14,6,8
12/08/2019 04:00:00 PM,28,18,10
12/08/2019 05:00:00 PM,20,15,5
12/08/2019 06:00:00 PM,9,8,1
12/08/2019 07:00:00 PM,5,3,2
12/08/2019 08:00:00 PM,5,2,3
12/08/2019 09:00:00 PM,0,0,0
12/08/2019 10:00:00 PM,2,2,0
12/08/2019 11:00:00 PM,1,1,0
12/09/2019 12:00:00 AM,2,2,0
12/09/2019 01:00:00 AM,1,0,1
12/09/2019 02:00:00 AM,3,2,1
12/09/2019 03:00:00 AM,1,1,0
12/09/2019 04:00:00 AM,2,0,2
12/09/2019 05:00:00 AM,19,4,15
12/09/2019 06:00:00 AM,66,7,59
12/09/2019 07:00:00 AM,129,5,124
12/09/2019 08:00:00 AM,151,8,143
12/09/2019 09:00:00 AM,59,5,54
12/09/2019 10:00:00 AM,21,3,18
12/09/2019 11:00:00 AM,14,7,7
12/09/2019 12:00:00 PM,16,6,10
12/09/2019 01:00:00 PM,18,9,9
12/09/2019 02:00:00 PM,37,20,17
12/09/2019 03:00:00 PM,40,34,6
12/09/2019 04:00:00 PM,111,93,18
12/09/2019 05:00:00 PM,164,151,13
12/09/2019 06:00:00 PM,81,70,11
12/09/2019 07:00:00 PM,34,29,5
12/09/2019 08:00:00 PM,13,10,3
12/09/2019 09:00:00 PM,10,8,2
12/09/2019 10:00:00 PM,3,3,0
12/09/2019 11:00:00 PM,3,2,1
12/10/2019 12:00:00 AM,2,1,1
12/10/2019 01:00:00 AM,2,1,1
12/10/2019 02:00:00 AM,4,4,0
12/10/2019 03:00:00 AM,2,2,0
12/10/2019 04:00:00 AM,5,1,4
12/10/2019 05:00:00 AM,25,7,18
12/10/2019 06:00:00 AM,60,5,55
12/10/2019 07:00:00 AM,106,7,99
12/10/2019 08:00:00 AM,132,4,128
12/10/2019 09:00:00 AM,34,2,32
12/10/2019 10:00:00 AM,20,7,13
12/10/2019 11:00:00 AM,15,7,8
12/10/2019 12:00:00 PM,9,5,4
12/10/2019 01:00:00 PM,11,3,8
12/10/2019 02:00:00 PM,13,5,8
12/10/2019 03:00:00 PM,27,23,4
12/10/2019 04:00:00 PM,89,73,16
12/10/2019 05:00:00 PM,124,113,11
12/10/2019 06:00:00 PM,80,67,13
12/10/2019 07:00:00 PM,30,26,4
12/10/2019 08:00:00 PM,8,8,0
12/10/2019 09:00:00 PM,5,5,0
12/10/2019 10:00:00 PM,2,2,0
12/10/2019 11:00:00 PM,1,1,0
12/11/2019 12:00:00 AM,1,1,0
12/11/2019 01:00:00 AM,0,0,0
12/11/2019 02:00:00 AM,2,1,1
12/11/2019 03:00:00 AM,0,0,0
12/11/2019 04:00:00 AM,4,1,3
12/11/2019 05:00:00 AM,18,4,14
12/11/2019 06:00:00 AM,53,5,48
12/11/2019 07:00:00 AM,91,6,85
12/11/2019 08:00:00 AM,126,6,120
12/11/2019 09:00:00 AM,36,5,31
12/11/2019 10:00:00 AM,13,4,9
12/11/2019 11:00:00 AM,11,3,8
12/11/2019 12:00:00 PM,6,4,2
12/11/2019 01:00:00 PM,10,8,2
12/11/2019 02:00:00 PM,16,6,10
12/11/2019 03:00:00 PM,30,25,5
12/11/2019 04:00:00 PM,61,51,10
12/11/2019 05:00:00 PM,126,115,11
12/11/2019 06:00:00 PM,58,52,6
12/11/2019 07:00:00 PM,24,19,5
12/11/2019 08:00:00 PM,11,9,2
12/11/2019 09:00:00 PM,5,5,0
12/11/2019 10:00:00 PM,3,2,1
12/11/2019 11:00:00 PM,1,1,0
12/12/2019 12:00:00 AM,1,1,0
12/12/2019 01:00:00 AM,0,0,0
12/12/2019 02:00:00 AM,2,2,0
12/12/2019 03:00:00 AM,2,1,1
12/12/2019 04:00:00 AM,3,1,2
12/12/2019 05:00:00 AM,22,6,16
12/12/2019 06:00:00 AM,41,3,38
12/12/2019 07:00:00 AM,76,3,73
12/12/2019 08:00:00 AM,95,4,91
12/12/2019 09:00:00 AM,29,3,26
12/12/2019 10:00:00 AM,10,4,6
12/12/2019 11:00:00 AM,7,1,6
12/12/2019 12:00:00 PM,6,2,4
12/12/2019 01:00:00 PM,11,3,8
12/12/2019 02:00:00 PM,9,5,4
12/12/2019 03:00:00 PM,24,20,4
12/12/2019 04:00:00 PM,68,57,11
12/12/2019 05:00:00 PM,116,103,13
12/12/2019 06:00:00 PM,44,40,4
12/12/2019 07:00:00 PM,13,11,2
12/12/2019 08:00:00 PM,9,8,1
12/12/2019 09:00:00 PM,5,5,0
12/12/2019 10:00:00 PM,4,4,0
12/12/2019 11:00:00 PM,2,2,0
12/13/2019 12:00:00 AM,2,1,1
12/13/2019 01:00:00 AM,1,0,1
12/13/2019 02:00:00 AM,1,1,0
12/13/2019 03:00:00 AM,1,1,0
12/13/2019 04:00:00 AM,2,0,2
12/13/2019 05:00:00 AM,18,4,14
12/13/2019 06:00:00 AM,36,5,31
12/13/2019 07:00:00 AM,84,10,74
12/13/2019 08:00:00 AM,80,10,70
12/13/2019 09:00:00 AM,45,3,42
12/13/2019 10:00:00 AM,33,17,16
12/13/2019 11:00:00 AM,16,7,9
12/13/2019 12:00:00 PM,19,7,12
12/13/2019 01:00:00 PM,24,13,11
12/13/2019 02:00:00 PM,24,15,9
12/13/2019 03:00:00 PM,46,25,21
12/13/2019 04:00:00 PM,94,76,18
12/13/2019 05:00:00 PM,83,73,10
12/13/2019 06:00:00 PM,50,45,5
12/13/2019 07:00:00 PM,14,9,5
12/13/2019 08:00:00 PM,4,3,1
12/13/2019 09:00:00 PM,2,2,0
12/13/2019 10:00:00 PM,5,1,4
12/13/2019 11:00:00 PM,5,5,0
12/14/2019 12:00:00 AM,0,0,0
12/14/2019 01:00:00 AM,4,1,3
12/14/2019 02:00:00 AM,1,1,0
12/14/2019 03:00:00 AM,0,0,0
12/14/2019 04:00:00 AM,0,0,0
12/14/2019 05:00:00 AM,1,0,1
12/14/2019 06:00:00 AM,3,1,2
12/14/2019 07:00:00 AM,3,1,2
12/14/2019 08:00:00 AM,17,7,10
12/14/2019 09:00:00 AM,38,21,17
12/14/2019 10:00:00 AM,17,7,10
12/14/2019 11:00:00 AM,17,8,9
12/14/2019 12:00:00 PM,17,12,5
12/14/2019 01:00:00 PM,33,11,22
12/14/2019 02:00:00 PM,14,11,3
12/14/2019 03:00:00 PM,16,8,8
12/14/2019 04:00:00 PM,14,9,5
12/14/2019 05:00:00 PM,9,3,6
12/14/2019 06:00:00 PM,5,2,3
12/14/2019 07:00:00 PM,5,3,2
12/14/2019 08:00:00 PM,3,1,2
12/14/2019 09:00:00 PM,3,3,0
12/14/2019 10:00:00 PM,1,0,1
12/14/2019 11:00:00 PM,2,2,0
12/15/2019 12:00:00 AM,1,1,0
12/15/2019 01:00:00 AM,2,1,1
12/15/2019 02:00:00 AM,1,1,0
12/15/2019 03:00:00 AM,1,0,1
12/15/2019 04:00:00 AM,1,1,0
12/15/2019 05:00:00 AM,2,0,2
12/15/2019 06:00:00 AM,4,1,3
12/15/2019 07:00:00 AM,2,0,2
12/15/2019 08:00:00 AM,10,3,7
12/15/2019 09:00:00 AM,8,1,7
12/15/2019 10:00:00 AM,11,4,7
12/15/2019 11:00:00 AM,13,9,4
12/15/2019 12:00:00 PM,8,5,3
12/15/2019 01:00:00 PM,20,7,13
12/15/2019 02:00:00 PM,16,7,9
12/15/2019 03:00:00 PM,23,11,12
12/15/2019 04:00:00 PM,12,5,7
12/15/2019 05:00:00 PM,8,4,4
12/15/2019 06:00:00 PM,7,5,2
12/15/2019 07:00:00 PM,2,1,1
12/15/2019 08:00:00 PM,3,3,0
12/15/2019 09:00:00 PM,2,1,1
12/15/2019 10:00:00 PM,2,2,0
12/15/2019 11:00:00 PM,1,0,1
12/16/2019 12:00:00 AM,2,1,1
12/16/2019 01:00:00 AM,2,2,0
12/16/2019 02:00:00 AM,1,0,1
12/16/2019 03:00:00 AM,1,0,1
12/16/2019 04:00:00 AM,1,0,1
12/16/2019 05:00:00 AM,16,5,11
12/16/2019 06:00:00 AM,57,7,50
12/16/2019 07:00:00 AM,108,11,97
12/16/2019 08:00:00 AM,134,11,123
12/16/2019 09:00:00 AM,46,6,40
12/16/2019 10:00:00 AM,16,4,12
12/16/2019 11:00:00 AM,17,7,10
12/16/2019 12:00:00 PM,10,4,6
12/16/2019 01:00:00 PM,16,6,10
12/16/2019 02:00:00 PM,20,11,9
12/16/2019 03:00:00 PM,40,28,12
12/16/2019 04:00:00 PM,89,68,21
12/16/2019 05:00:00 PM,138,127,11
12/16/2019 06:00:00 PM,80,74,6
12/16/2019 07:00:00 PM,28,23,5
12/16/2019 08:00:00 PM,17,14,3
12/16/2019 09:00:00 PM,5,3,2
12/16/2019 10:00:00 PM,4,3,1
12/16/2019 11:00:00 PM,1,1,0
12/17/2019 12:00:00 AM,1,1,0
12/17/2019 01:00:00 AM,1,1,0
12/17/2019 02:00:00 AM,3,2,1
12/17/2019 03:00:00 AM,1,0,1
12/17/2019 04:00:00 AM,1,0,1
12/17/2019 05:00:00 AM,22,4,18
12/17/2019 06:00:00 AM,66,6,60
12/17/2019 07:00:00 AM,112,9,103
12/17/2019 08:00:00 AM,139,10,129
12/17/2019 09:00:00 AM,41,2,39
12/17/2019 10:00:00 AM,23,5,18
12/17/2019 11:00:00 AM,17,7,10
12/17/2019 12:00:00 PM,17,10,7
12/17/2019 01:00:00 PM,27,12,15
12/17/2019 02:00:00 PM,22,11,11
12/17/2019 03:00:00 PM,42,29,13
12/17/2019 04:00:00 PM,96,78,18
12/17/2019 05:00:00 PM,136,122,14
12/17/2019 06:00:00 PM,95,85,10
12/17/2019 07:00:00 PM,18,13,5
12/17/2019 08:00:00 PM,16,14,2
12/17/2019 09:00:00 PM,12,11,1
12/17/2019 10:00:00 PM,6,5,1
12/17/2019 11:00:00 PM,4,3,1
12/18/2019 12:00:00 AM,0,0,0
12/18/2019 01:00:00 AM,1,0,1
12/18/2019 02:00:00 AM,3,2,1
12/18/2019 03:00:00 AM,0,0,0
12/18/2019 04:00:00 AM,1,1,0
12/18/2019 05:00:00 AM,20,4,16
12/18/2019 06:00:00 AM,46,4,42
12/18/2019 07:00:00 AM,92,13,79
12/18/2019 08:00:00 AM,114,11,103
12/18/2019 09:00:00 AM,44,5,39
12/18/2019 10:00:00 AM,17,6,11
12/18/2019 11:00:00 AM,15,8,7
12/18/2019 12:00:00 PM,18,4,14
12/18/2019 01:00:00 PM,22,8,14
12/18/2019 02:00:00 PM,24,11,13
12/18/2019 03:00:00 PM,48,40,8
12/18/2019 04:00:00 PM,76,61,15
12/18/2019 05:00:00 PM,104,98,6
12/18/2019 06:00:00 PM,55,48,7
12/18/2019 07:00:00 PM,13,12,1
12/18/2019 08:00:00 PM,17,16,1
12/18/2019 09:00:00 PM,3,3,0
12/18/2019 10:00:00 PM,3,2,1
12/18/2019 11:00:00 PM,1,1,0
12/19/2019 12:00:00 AM,0,0,0
12/19/2019 01:00:00 AM,1,1,0
12/19/2019 02:00:00 AM,2,2,0
12/19/2019 03:00:00 AM,0,0,0
12/19/2019 04:00:00 AM,3,1,2
12/19/2019 05:00:00 AM,20,3,17
12/19/2019 06:00:00 AM,34,3,31
12/19/2019 07:00:00 AM,65,5,60
12/19/2019 08:00:00 AM,76,4,72
12/19/2019 09:00:00 AM,23,5,18
12/19/2019 10:00:00 AM,20,2,18
12/19/2019 11:00:00 AM,11,6,5
12/19/2019 12:00:00 PM,8,3,5
12/19/2019 01:00:00 PM,4,4,0
12/19/2019 02:00:00 PM,3,1,2
12/19/2019 03:00:00 PM,24,19,5
12/19/2019 04:00:00 PM,45,40,5
12/19/2019 05:00:00 PM,70,65,5
12/19/2019 06:00:00 PM,36,33,3
12/19/2019 07:00:00 PM,10,7,3
12/19/2019 08:00:00 PM,11,9,2
12/19/2019 09:00:00 PM,0,0,0
12/19/2019 10:00:00 PM,0,0,0
12/19/2019 11:00:00 PM,1,1,0
12/20/2019 12:00:00 AM,1,1,0
12/20/2019 01:00:00 AM,0,0,0
12/20/2019 02:00:00 AM,1,1,0
12/20/2019 03:00:00 AM,0,0,0
12/20/2019 04:00:00 AM,1,1,0
12/20/2019 05:00:00 AM,13,2,11
12/20/2019 06:00:00 AM,16,4,12
12/20/2019 07:00:00 AM,31,2,29
12/20/2019 08:00:00 AM,37,4,33
12/20/2019 09:00:00 AM,15,1,14
12/20/2019 10:00:00 AM,15,2,13
12/20/2019 11:00:00 AM,3,2,1
12/20/2019 12:00:00 PM,3,0,3
12/20/2019 01:00:00 PM,1,0,1
12/20/2019 02:00:00 PM,4,0,4
12/20/2019 03:00:00 PM,24,20,4
12/20/2019 04:00:00 PM,18,16,2
12/20/2019 05:00:00 PM,40,37,3
12/20/2019 06:00:00 PM,19,17,2
12/20/2019 07:00:00 PM,8,6,2
12/20/2019 08:00:00 PM,6,3,3
12/20/2019 09:00:00 PM,2,2,0
12/20/2019 10:00:00 PM,1,0,1
12/20/2019 11:00:00 PM,3,1,2
12/21/2019 12:00:00 AM,0,0,0
12/21/2019 01:00:00 AM,1,1,0
12/21/2019 02:00:00 AM,0,0,0
12/21/2019 03:00:00 AM,0,0,0
12/21/2019 04:00:00 AM,0,0,0
12/21/2019 05:00:00 AM,1,1,0
12/21/2019 06:00:00 AM,4,1,3
12/21/2019 07:00:00 AM,2,0,2
12/21/2019 08:00:00 AM,3,1,2
12/21/2019 09:00:00 AM,5,2,3
12/21/2019 10:00:00 AM,1,0,1
12/21/2019 11:00:00 AM,3,3,0
12/21/2019 12:00:00 PM,0,0,0
12/21/2019 01:00:00 PM,5,3,2
12/21/2019 02:00:00 PM,2,1,1
12/21/2019 03:00:00 PM,5,3,2
12/21/2019 04:00:00 PM,10,7,3
12/21/2019 05:00:00 PM,8,4,4
12/21/2019 06:00:00 PM,11,3,8
12/21/2019 07:00:00 PM,3,1,2
12/21/2019 08:00:00 PM,3,2,1
12/21/2019 09:00:00 PM,15,13,2
12/21/2019 10:00:00 PM,2,1,1
12/21/2019 11:00:00 PM,13,3,10
12/22/2019 12:00:00 AM,2,1,1
12/22/2019 01:00:00 AM,1,1,0
12/22/2019 02:00:00 AM,2,1,1
12/22/2019 03:00:00 AM,1,0,1
12/22/2019 04:00:00 AM,2,2,0
12/22/2019 05:00:00 AM,2,0,2
12/22/2019 06:00:00 AM,2,0,2
12/22/2019 07:00:00 AM,2,0,2
12/22/2019 08:00:00 AM,9,3,6
12/22/2019 09:00:00 AM,17,1,16
12/22/2019 10:00:00 AM,21,7,14
12/22/2019 11:00:00 AM,34,17,17
12/22/2019 12:00:00 PM,20,11,9
12/22/2019 01:00:00 PM,22,14,8
12/22/2019 02:00:00 PM,15,10,5
12/22/2019 03:00:00 PM,26,13,13
12/22/2019 04:00:00 PM,11,8,3
12/22/2019 05:00:00 PM,11,8,3
12/22/2019 06:00:00 PM,2,2,0
12/22/2019 07:00:00 PM,2,2,0
12/22/2019 08:00:00 PM,1,1,0
12/22/2019 09:00:00 PM,0,0,0
12/22/2019 10:00:00 PM,0,0,0
12/22/2019 11:00:00 PM,0,0,0
12/23/2019 12:00:00 AM,0,0,0
12/23/2019 01:00:00 AM,3,3,0
12/23/2019 02:00:00 AM,0,0,0
12/23/2019 03:00:00 AM,0,0,0
12/23/2019 04:00:00 AM,1,0,1
12/23/2019 05:00:00 AM,12,1,11
12/23/2019 06:00:00 AM,31,4,27
12/23/2019 07:00:00 AM,44,3,41
12/23/2019 08:00:00 AM,40,2,38
12/23/2019 09:00:00 AM,28,5,23
12/23/2019 10:00:00 AM,11,2,9
12/23/2019 11:00:00 AM,27,10,17
12/23/2019 12:00:00 PM,19,8,11
12/23/2019 01:00:00 PM,12,7,5
12/23/2019 02:00:00 PM,25,14,11
12/23/2019 03:00:00 PM,41,31,10
12/23/2019 04:00:00 PM,54,46,8
12/23/2019 05:00:00 PM,55,50,5
12/23/2019 06:00:00 PM,23,19,4
12/23/2019 07:00:00 PM,8,5,3
12/23/2019 08:00:00 PM,4,3,1
12/23/2019 09:00:00 PM,4,3,1
12/23/2019 10:00:00 PM,4,2,2
12/23/2019 11:00:00 PM,1,1,0
12/24/2019 12:00:00 AM,2,1,1
12/24/2019 01:00:00 AM,1,1,0
12/24/2019 02:00:00 AM,1,1,0
12/24/2019 03:00:00 AM,0,0,0
12/24/2019 04:00:00 AM,4,3,1
12/24/2019 05:00:00 AM,13,6,7
12/24/2019 06:00:00 AM,20,4,16
12/24/2019 07:00:00 AM,24,2,22
12/24/2019 08:00:00 AM,21,2,19
12/24/2019 09:00:00 AM,18,5,13
12/24/2019 10:00:00 AM,16,8,8
12/24/2019 11:00:00 AM,14,6,8
12/24/2019 12:00:00 PM,22,14,8
12/24/2019 01:00:00 PM,23,14,9
12/24/2019 02:00:00 PM,31,21,10
12/24/2019 03:00:00 PM,23,20,3
12/24/2019 04:00:00 PM,15,9,6
12/24/2019 05:00:00 PM,11,8,3
12/24/2019 06:00:00 PM,6,5,1
12/24/2019 07:00:00 PM,2,2,0
12/24/2019 08:00:00 PM,4,4,0
12/24/2019 09:00:00 PM,3,0,3
12/24/2019 10:00:00 PM,3,2,1
12/24/2019 11:00:00 PM,0,0,0
12/25/2019 12:00:00 AM,0,0,0
12/25/2019 01:00:00 AM,0,0,0
12/25/2019 02:00:00 AM,1,1,0
12/25/2019 03:00:00 AM,1,1,0
12/25/2019 04:00:00 AM,0,0,0
12/25/2019 05:00:00 AM,1,0,1
12/25/2019 06:00:00 AM,3,1,2
12/25/2019 07:00:00 AM,3,3,0
12/25/2019 08:00:00 AM,4,1,3
12/25/2019 09:00:00 AM,7,4,3
12/25/2019 10:00:00 AM,10,7,3
12/25/2019 11:00:00 AM,24,15,9
12/25/2019 12:00:00 PM,12,5,7
12/25/2019 01:00:00 PM,26,6,20
12/25/2019 02:00:00 PM,23,11,12
12/25/2019 03:00:00 PM,14,8,6
12/25/2019 04:00:00 PM,8,3,5
12/25/2019 05:00:00 PM,2,1,1
12/25/2019 06:00:00 PM,2,2,0
12/25/2019 07:00:00 PM,1,0,1
12/25/2019 08:00:00 PM,1,1,0
12/25/2019 09:00:00 PM,3,3,0
12/25/2019 10:00:00 PM,3,1,2
12/25/2019 11:00:00 PM,1,0,1
12/26/2019 12:00:00 AM,2,0,2
12/26/2019 01:00:00 AM,0,0,0
12/26/2019 02:00:00 AM,0,0,0
12/26/2019 03:00:00 AM,0,0,0
12/26/2019 04:00:00 AM,1,0,1
12/26/2019 05:00:00 AM,10,0,10
12/26/2019 06:00:00 AM,19,3,16
12/26/2019 07:00:00 AM,23,3,20
12/26/2019 08:00:00 AM,21,1,20
12/26/2019 09:00:00 AM,27,2,25
12/26/2019 10:00:00 AM,16,6,10
12/26/2019 11:00:00 AM,13,3,10
12/26/2019 12:00:00 PM,19,13,6
12/26/2019 01:00:00 PM,27,16,11
12/26/2019 02:00:00 PM,33,16,17
12/26/2019 03:00:00 PM,25,19,6
12/26/2019 04:00:00 PM,33,27,6
12/26/2019 05:00:00 PM,31,24,7
12/26/2019 06:00:00 PM,21,19,2
12/26/2019 07:00:00 PM,8,1,7
12/26/2019 08:00:00 PM,4,3,1
12/26/2019 09:00:00 PM,3,2,1
12/26/2019 10:00:00 PM,0,0,0
12/26/2019 11:00:00 PM,2,1,1
12/27/2019 12:00:00 AM,1,1,0
12/27/2019 01:00:00 AM,0,0,0
12/27/2019 02:00:00 AM,1,1,0
12/27/2019 03:00:00 AM,3,2,1
12/27/2019 04:00:00 AM,3,0,3
12/27/2019 05:00:00 AM,8,0,8
12/27/2019 06:00:00 AM,27,6,21
12/27/2019 07:00:00 AM,29,4,25
12/27/2019 08:00:00 AM,34,2,32
12/27/2019 09:00:00 AM,19,3,16
12/27/2019 10:00:00 AM,16,7,9
12/27/2019 11:00:00 AM,13,5,8
12/27/2019 12:00:00 PM,7,4,3
12/27/2019 01:00:00 PM,16,9,7
12/27/2019 02:00:00 PM,19,9,10
12/27/2019 03:00:00 PM,35,27,8
12/27/2019 04:00:00 PM,33,29,4
12/27/2019 05:00:00 PM,36,30,6
12/27/2019 06:00:00 PM,21,17,4
12/27/2019 07:00:00 PM,9,5,4
12/27/2019 08:00:00 PM,10,9,1
12/27/2019 09:00:00 PM,7,2,5
12/27/2019 10:00:00 PM,2,2,0
12/27/2019 11:00:00 PM,2,0,2
12/28/2019 12:00:00 AM,3,3,0
12/28/2019 01:00:00 AM,3,1,2
12/28/2019 02:00:00 AM,0,0,0
12/28/2019 03:00:00 AM,1,1,0
12/28/2019 04:00:00 AM,1,0,1
12/28/2019 05:00:00 AM,1,0,1
12/28/2019 06:00:00 AM,13,5,8
12/28/2019 07:00:00 AM,3,1,2
12/28/2019 08:00:00 AM,7,1,6
12/28/2019 09:00:00 AM,19,4,15
12/28/2019 10:00:00 AM,21,11,10
12/28/2019 11:00:00 AM,32,17,15
12/28/2019 12:00:00 PM,35,20,15
12/28/2019 01:00:00 PM,47,16,31
12/28/2019 02:00:00 PM,31,13,18
12/28/2019 03:00:00 PM,12,4,8
12/28/2019 04:00:00 PM,16,13,3
12/28/2019 05:00:00 PM,12,4,8
12/28/2019 06:00:00 PM,5,2,3
12/28/2019 07:00:00 PM,2,2,0
12/28/2019 08:00:00 PM,6,4,2
12/28/2019 09:00:00 PM,6,4,2
12/28/2019 10:00:00 PM,1,0,1
12/28/2019 11:00:00 PM,5,4,1
12/29/2019 12:00:00 AM,3,2,1
12/29/2019 01:00:00 AM,1,0,1
12/29/2019 02:00:00 AM,1,1,0
12/29/2019 03:00:00 AM,0,0,0
12/29/2019 04:00:00 AM,1,1,0
12/29/2019 05:00:00 AM,4,1,3
12/29/2019 06:00:00 AM,8,3,5
12/29/2019 07:00:00 AM,2,0,2
12/29/2019 08:00:00 AM,6,0,6
12/29/2019 09:00:00 AM,15,5,10
12/29/2019 10:00:00 AM,28,16,12
12/29/2019 11:00:00 AM,28,11,17
12/29/2019 12:00:00 PM,25,13,12
12/29/2019 01:00:00 PM,27,15,12
12/29/2019 02:00:00 PM,40,11,29
12/29/2019 03:00:00 PM,33,13,20
12/29/2019 04:00:00 PM,26,12,14
12/29/2019 05:00:00 PM,5,2,3
12/29/2019 06:00:00 PM,6,4,2
12/29/2019 07:00:00 PM,6,4,2
12/29/2019 08:00:00 PM,11,7,4
12/29/2019 09:00:00 PM,23,22,1
12/29/2019 10:00:00 PM,2,1,1
12/29/2019 11:00:00 PM,0,0,0
12/30/2019 12:00:00 AM,0,0,0
12/30/2019 01:00:00 AM,2,2,0
12/30/2019 02:00:00 AM,0,0,0
12/30/2019 03:00:00 AM,2,1,1
12/30/2019 04:00:00 AM,4,0,4
12/30/2019 05:00:00 AM,11,1,10
12/30/2019 06:00:00 AM,28,2,26
12/30/2019 07:00:00 AM,49,4,45
12/30/2019 08:00:00 AM,61,11,50
12/30/2019 09:00:00 AM,25,3,22
12/30/2019 10:00:00 AM,17,4,13
12/30/2019 11:00:00 AM,20,12,8
12/30/2019 12:00:00 PM,12,7,5
12/30/2019 01:00:00 PM,12,4,8
12/30/2019 02:00:00 PM,16,9,7
12/30/2019 03:00:00 PM,35,28,7
12/30/2019 04:00:00 PM,64,50,14
12/30/2019 05:00:00 PM,57,51,6
12/30/2019 06:00:00 PM,31,23,8
12/30/2019 07:00:00 PM,9,6,3
12/30/2019 08:00:00 PM,6,4,2
12/30/2019 09:00:00 PM,4,4,0
12/30/2019 10:00:00 PM,3,1,2
12/30/2019 11:00:00 PM,7,4,3
12/31/2019 12:00:00 AM,3,1,2
12/31/2019 01:00:00 AM,1,0,1
12/31/2019 02:00:00 AM,3,3,0
12/31/2019 03:00:00 AM,1,0,1
12/31/2019 04:00:00 AM,2,1,1
12/31/2019 05:00:00 AM,8,1,7
12/31/2019 06:00:00 AM,20,6,14
12/31/2019 07:00:00 AM,34,3,31
12/31/2019 08:00:00 AM,31,3,28
12/31/2019 09:00:00 AM,18,4,14
12/31/2019 10:00:00 AM,15,6,9
12/31/2019 11:00:00 AM,8,3,5
12/31/2019 12:00:00 PM,8,4,4
12/31/2019 01:00:00 PM,18,12,6
12/31/2019 02:00:00 PM,17,15,2
12/31/2019 03:00:00 PM,33,29,4
12/31/2019 04:00:00 PM,38,26,12
12/31/2019 05:00:00 PM,19,15,4
12/31/2019 06:00:00 PM,10,8,2
12/31/2019 07:00:00 PM,5,3,2
12/31/2019 08:00:00 PM,1,1,0
12/31/2019 09:00:00 PM,2,0,2
12/31/2019 10:00:00 PM,0,0,0
12/31/2019 11:00:00 PM,0,0,0
01/01/2020 12:00:00 AM,3,1,2
01/01/2020 01:00:00 AM,4,1,3
01/01/2020 02:00:00 AM,2,2,0
01/01/2020 03:00:00 AM,0,0,0
01/01/2020 04:00:00 AM,0,0,0
01/01/2020 05:00:00 AM,1,1,0
01/01/2020 06:00:00 AM,3,1,2
01/01/2020 07:00:00 AM,2,1,1
01/01/2020 08:00:00 AM,7,3,4
01/01/2020 09:00:00 AM,9,4,5
01/01/2020 10:00:00 AM,23,14,9
01/01/2020 11:00:00 AM,18,5,13
01/01/2020 12:00:00 PM,27,11,16
01/01/2020 01:00:00 PM,47,21,26
01/01/2020 02:00:00 PM,17,11,6
01/01/2020 03:00:00 PM,30,17,13
01/01/2020 04:00:00 PM,23,12,11
01/01/2020 05:00:00 PM,7,3,4
01/01/2020 06:00:00 PM,6,3,3
01/01/2020 07:00:00 PM,7,2,5
01/01/2020 08:00:00 PM,4,3,1
01/01/2020 09:00:00 PM,4,2,2
01/01/2020 10:00:00 PM,2,1,1
01/01/2020 11:00:00 PM,0,0,0
01/02/2020 12:00:00 AM,2,1,1
01/02/2020 01:00:00 AM,4,3,1
01/02/2020 02:00:00 AM,2,1,1
01/02/2020 03:00:00 AM,3,0,3
01/02/2020 04:00:00 AM,5,1,4
01/02/2020 05:00:00 AM,20,2,18
01/02/2020 06:00:00 AM,43,4,39
01/02/2020 07:00:00 AM,83,5,78
01/02/2020 08:00:00 AM,95,3,92
01/02/2020 09:00:00 AM,38,4,34
01/02/2020 10:00:00 AM,16,2,14
01/02/2020 11:00:00 AM,10,3,7
01/02/2020 12:00:00 PM,17,9,8
01/02/2020 01:00:00 PM,13,5,8
01/02/2020 02:00:00 PM,16,11,5
01/02/2020 03:00:00 PM,33,27,6
01/02/2020 04:00:00 PM,58,49,9
01/02/2020 05:00:00 PM,105,96,9
01/02/2020 06:00:00 PM,44,40,4
01/02/2020 07:00:00 PM,16,15,1
01/02/2020 08:00:00 PM,4,3,1
01/02/2020 09:00:00 PM,1,1,0
01/02/2020 10:00:00 PM,3,3,0
01/02/2020 11:00:00 PM,3,1,2
01/03/2020 12:00:00 AM,0,0,0
01/03/2020 01:00:00 AM,2,0,2
01/03/2020 02:00:00 AM,1,1,0
01/03/2020 03:00:00 AM,0,0,0
01/03/2020 04:00:00 AM,3,1,2
01/03/2020 05:00:00 AM,8,2,6
01/03/2020 06:00:00 AM,29,7,22
01/03/2020 07:00:00 AM,67,2,65
01/03/2020 08:00:00 AM,79,4,75
01/03/2020 09:00:00 AM,34,7,27
01/03/2020 10:00:00 AM,19,8,11
01/03/2020 11:00:00 AM,24,9,15
01/03/2020 12:00:00 PM,26,10,16
01/03/2020 01:00:00 PM,36,19,17
01/03/2020 02:00:00 PM,31,21,10
01/03/2020 03:00:00 PM,46,33,13
01/03/2020 04:00:00 PM,75,69,6
01/03/2020 05:00:00 PM,82,70,12
01/03/2020 06:00:00 PM,52,45,7
01/03/2020 07:00:00 PM,10,7,3
01/03/2020 08:00:00 PM,10,5,5
01/03/2020 09:00:00 PM,4,3,1
01/03/2020 10:00:00 PM,5,4,1
01/03/2020 11:00:00 PM,2,1,1
01/04/2020 12:00:00 AM,0,0,0
01/04/2020 01:00:00 AM,0,0,0
01/04/2020 02:00:00 AM,0,0,0
01/04/2020 03:00:00 AM,0,0,0
01/04/2020 04:00:00 AM,1,1,0
01/04/2020 05:00:00 AM,3,1,2
01/04/2020 06:00:00 AM,5,2,3
01/04/2020 07:00:00 AM,5,1,4
01/04/2020 08:00:00 AM,12,3,9
01/04/2020 09:00:00 AM,27,5,22
01/04/2020 10:00:00 AM,25,8,17
01/04/2020 11:00:00 AM,50,22,28
01/04/2020 12:00:00 PM,30,18,12
01/04/2020 01:00:00 PM,21,12,9
01/04/2020 02:00:00 PM,12,6,6
01/04/2020 03:00:00 PM,16,10,6
01/04/2020 04:00:00 PM,13,11,2
01/04/2020 05:00:00 PM,14,9,5
01/04/2020 06:00:00 PM,5,2,3
01/04/2020 07:00:00 PM,3,0,3
01/04/2020 08:00:00 PM,2,2,0
01/04/2020 09:00:00 PM,2,1,1
01/04/2020 10:00:00 PM,4,3,1
01/04/2020 11:00:00 PM,0,0,0
01/05/2020 12:00:00 AM,2,0,2
01/05/2020 01:00:00 AM,0,0,0
01/05/2020 02:00:00 AM,0,0,0
01/05/2020 03:00:00 AM,0,0,0
01/05/2020 04:00:00 AM,0,0,0
01/05/2020 05:00:00 AM,0,0,0
01/05/2020 06:00:00 AM,0,0,0
01/05/2020 07:00:00 AM,4,1,3
01/05/2020 08:00:00 AM,7,0,7
01/05/2020 09:00:00 AM,6,2,4
01/05/2020 10:00:00 AM,6,3,3
01/05/2020 11:00:00 AM,8,5,3
01/05/2020 12:00:00 PM,14,10,4
01/05/2020 01:00:00 PM,11,5,6
01/05/2020 02:00:00 PM,20,11,9
01/05/2020 03:00:00 PM,14,9,5
01/05/2020 04:00:00 PM,13,3,10
01/05/2020 05:00:00 PM,14,5,9
01/05/2020 06:00:00 PM,1,1,0
01/05/2020 07:00:00 PM,2,2,0
01/05/2020 08:00:00 PM,4,4,0
01/05/2020 09:00:00 PM,1,1,0
01/05/2020 10:00:00 PM,1,1,0
01/05/2020 11:00:00 PM,3,1,2
01/06/2020 12:00:00 AM,2,1,1
01/06/2020 01:00:00 AM,1,1,0
01/06/2020 02:00:00 AM,0,0,0
01/06/2020 03:00:00 AM,1,0,1
01/06/2020 04:00:00 AM,6,2,4
01/06/2020 05:00:00 AM,16,2,14
01/06/2020 06:00:00 AM,53,5,48
01/06/2020 07:00:00 AM,90,10,80
01/06/2020 08:00:00 AM,94,6,88
01/06/2020 09:00:00 AM,29,2,27
01/06/2020 10:00:00 AM,7,1,6
01/06/2020 11:00:00 AM,2,0,2
01/06/2020 12:00:00 PM,5,2,3
01/06/2020 01:00:00 PM,2,1,1
01/06/2020 02:00:00 PM,12,6,6
01/06/2020 03:00:00 PM,27,23,4
01/06/2020 04:00:00 PM,71,60,11
01/06/2020 05:00:00 PM,97,92,5
01/06/2020 06:00:00 PM,64,53,11
01/06/2020 07:00:00 PM,6,4,2
01/06/2020 08:00:00 PM,9,8,1
01/06/2020 09:00:00 PM,4,3,1
01/06/2020 10:00:00 PM,3,3,0
01/06/2020 11:00:00 PM,3,2,1
01/07/2020 12:00:00 AM,3,2,1
01/07/2020 01:00:00 AM,0,0,0
01/07/2020 02:00:00 AM,2,1,1
01/07/2020 03:00:00 AM,1,1,0
01/07/2020 04:00:00 AM,3,1,2
01/07/2020 05:00:00 AM,15,3,12
01/07/2020 06:00:00 AM,40,5,35
01/07/2020 07:00:00 AM,84,10,74
01/07/2020 08:00:00 AM,106,7,99
01/07/2020 09:00:00 AM,44,7,37
01/07/2020 10:00:00 AM,8,1,7
01/07/2020 11:00:00 AM,5,4,1
01/07/2020 12:00:00 PM,10,6,4
01/07/2020 01:00:00 PM,18,9,9
01/07/2020 02:00:00 PM,14,8,6
01/07/2020 03:00:00 PM,22,15,7
01/07/2020 04:00:00 PM,56,45,11
01/07/2020 05:00:00 PM,122,112,10
01/07/2020 06:00:00 PM,62,54,8
01/07/2020 07:00:00 PM,17,16,1
01/07/2020 08:00:00 PM,4,2,2
01/07/2020 09:00:00 PM,3,2,1
01/07/2020 10:00:00 PM,1,1,0
01/07/2020 11:00:00 PM,6,5,1
01/08/2020 12:00:00 AM,2,2,0
01/08/2020 01:00:00 AM,5,2,3
01/08/2020 02:00:00 AM,3,2,1
01/08/2020 03:00:00 AM,1,1,0
01/08/2020 04:00:00 AM,6,2,4
01/08/2020 05:00:00 AM,21,6,15
01/08/2020 06:00:00 AM,63,5,58
01/08/2020 07:00:00 AM,85,9,76
01/08/2020 08:00:00 AM,133,8,125
01/08/2020 09:00:00 AM,46,6,40
01/08/2020 10:00:00 AM,11,3,8
01/08/2020 11:00:00 AM,14,4,10
01/08/2020 12:00:00 PM,17,11,6
01/08/2020 01:00:00 PM,15,8,7
01/08/2020 02:00:00 PM,21,12,9
01/08/2020 03:00:00 PM,35,26,9
01/08/2020 04:00:00 PM,76,62,14
01/08/2020 05:00:00 PM,117,111,6
01/08/2020 06:00:00 PM,78,69,9
01/08/2020 07:00:00 PM,21,16,5
01/08/2020 08:00:00 PM,10,9,1
01/08/2020 09:00:00 PM,7,6,1
01/08/2020 10:00:00 PM,3,3,0
01/08/2020 11:00:00 PM,3,3,0
01/09/2020 12:00:00 AM,0,0,0
01/09/2020 01:00:00 AM,3,2,1
01/09/2020 02:00:00 AM,1,1,0
01/09/2020 03:00:00 AM,0,0,0
01/09/2020 04:00:00 AM,5,2,3
01/09/2020 05:00:00 AM,22,5,17
01/09/2020 06:00:00 AM,48,4,44
01/09/2020 07:00:00 AM,83,6,77
01/09/2020 08:00:00 AM,104,6,98
01/09/2020 09:00:00 AM,37,6,31
01/09/2020 10:00:00 AM,5,1,4
01/09/2020 11:00:00 AM,5,2,3
01/09/2020 12:00:00 PM,4,1,3
01/09/2020 01:00:00 PM,4,2,2
01/09/2020 02:00:00 PM,22,12,10
01/09/2020 03:00:00 PM,25,17,8
01/09/2020 04:00:00 PM,87,72,15
01/09/2020 05:00:00 PM,109,103,6
01/09/2020 06:00:00 PM,62,54,8
01/09/2020 07:00:00 PM,17,15,2
01/09/2020 08:00:00 PM,8,5,3
01/09/2020 09:00:00 PM,7,5,2
01/09/2020 10:00:00 PM,6,6,0
01/09/2020 11:00:00 PM,1,1,0
01/10/2020 12:00:00 AM,2,2,0
01/10/2020 01:00:00 AM,0,0,0
01/10/2020 02:00:00 AM,1,1,0
01/10/2020 03:00:00 AM,0,0,0
01/10/2020 04:00:00 AM,2,0,2
01/10/2020 05:00:00 AM,13,6,7
01/10/2020 06:00:00 AM,35,3,32
01/10/2020 07:00:00 AM,52,5,47
01/10/2020 08:00:00 AM,83,4,79
01/10/2020 09:00:00 AM,25,2,23
01/10/2020 10:00:00 AM,6,1,5
01/10/2020 11:00:00 AM,9,3,6
01/10/2020 12:00:00 PM,4,3,1
01/10/2020 01:00:00 PM,6,1,5
01/10/2020 02:00:00 PM,9,5,4
01/10/2020 03:00:00 PM,26,20,6
01/10/2020 04:00:00 PM,44,37,7
01/10/2020 05:00:00 PM,86,74,12
01/10/2020 06:00:00 PM,32,29,3
01/10/2020 07:00:00 PM,15,12,3
01/10/2020 08:00:00 PM,3,3,0
01/10/2020 09:00:00 PM,3,2,1
01/10/2020 10:00:00 PM,3,2,1
01/10/2020 11:00:00 PM,1,1,0
01/11/2020 12:00:00 AM,0,0,0
01/11/2020 01:00:00 AM,0,0,0
01/11/2020 02:00:00 AM,0,0,0
01/11/2020 03:00:00 AM,1,0,1
01/11/2020 04:00:00 AM,0,0,0
01/11/2020 05:00:00 AM,2,2,0
01/11/2020 06:00:00 AM,4,0,4
01/11/2020 07:00:00 AM,4,0,4
01/11/2020 08:00:00 AM,3,1,2
01/11/2020 09:00:00 AM,14,5,9
01/11/2020 10:00:00 AM,16,9,7
01/11/2020 11:00:00 AM,19,11,8
01/11/2020 12:00:00 PM,14,8,6
01/11/2020 01:00:00 PM,25,9,16
01/11/2020 02:00:00 PM,20,4,16
01/11/2020 03:00:00 PM,20,13,7
01/11/2020 04:00:00 PM,12,11,1
01/11/2020 05:00:00 PM,14,8,6
01/11/2020 06:00:00 PM,6,4,2
01/11/2020 07:00:00 PM,7,5,2
01/11/2020 08:00:00 PM,6,3,3
01/11/2020 09:00:00 PM,6,4,2
01/11/2020 10:00:00 PM,3,3,0
01/11/2020 11:00:00 PM,1,1,0
01/12/2020 12:00:00 AM,3,1,2
01/12/2020 01:00:00 AM,0,0,0
01/12/2020 02:00:00 AM,1,0,1
01/12/2020 03:00:00 AM,1,1,0
01/12/2020 04:00:00 AM,0,0,0
01/12/2020 05:00:00 AM,0,0,0
01/12/2020 06:00:00 AM,3,0,3
01/12/2020 07:00:00 AM,4,1,3
01/12/2020 08:00:00 AM,2,0,2
01/12/2020 09:00:00 AM,10,1,9
01/12/2020 10:00:00 AM,10,7,3
01/12/2020 11:00:00 AM,10,8,2
01/12/2020 12:00:00 PM,5,1,4
01/12/2020 01:00:00 PM,9,3,6
01/12/2020 02:00:00 PM,8,6,2
01/12/2020 03:00:00 PM,22,9,13
01/12/2020 04:00:00 PM,6,4,2
01/12/2020 05:00:00 PM,3,2,1
01/12/2020 06:00:00 PM,3,1,2
01/12/2020 07:00:00 PM,0,0,0
01/12/2020 08:00:00 PM,4,4,0
01/12/2020 09:00:00 PM,1,1,0
01/12/2020 10:00:00 PM,1,0,1
01/12/2020 11:00:00 PM,0,0,0
01/13/2020 12:00:00 AM,0,0,0
01/13/2020 01:00:00 AM,1,1,0
01/13/2020 02:00:00 AM,0,0,0
01/13/2020 03:00:00 AM,1,0,1
01/13/2020 04:00:00 AM,2,1,1
01/13/2020 05:00:00 AM,9,1,8
01/13/2020 06:00:00 AM,26,0,26
01/13/2020 07:00:00 AM,44,6,38
01/13/2020 08:00:00 AM,48,2,46
01/13/2020 09:00:00 AM,29,4,25
01/13/2020 10:00:00 AM,9,2,7
01/13/2020 11:00:00 AM,7,2,5
01/13/2020 12:00:00 PM,4,2,2
01/13/2020 01:00:00 PM,2,0,2
01/13/2020 02:00:00 PM,8,6,2
01/13/2020 03:00:00 PM,22,16,6
01/13/2020 04:00:00 PM,42,37,5
01/13/2020 05:00:00 PM,54,53,1
01/13/2020 06:00:00 PM,17,14,3
01/13/2020 07:00:00 PM,11,10,1
01/13/2020 08:00:00 PM,3,3,0
01/13/2020 09:00:00 PM,3,3,0
01/13/2020 10:00:00 PM,2,2,0
01/13/2020 11:00:00 PM,1,1,0
01/14/2020 12:00:00 AM,0,0,0
01/14/2020 01:00:00 AM,1,0,1
01/14/2020 02:00:00 AM,1,1,0
01/14/2020 03:00:00 AM,3,0,3
01/14/2020 04:00:00 AM,1,1,0
01/14/2020 05:00:00 AM,6,2,4
01/14/2020 06:00:00 AM,11,0,11
01/14/2020 07:00:00 AM,20,2,18
01/14/2020 08:00:00 AM,21,1,20
01/14/2020 09:00:00 AM,17,5,12
01/14/2020 10:00:00 AM,12,5,7
01/14/2020 11:00:00 AM,6,3,3
01/14/2020 12:00:00 PM,4,2,2
01/14/2020 01:00:00 PM,7,3,4
01/14/2020 02:00:00 PM,9,5,4
01/14/2020 03:00:00 PM,19,12,7
01/14/2020 04:00:00 PM,13,11,2
01/14/2020 05:00:00 PM,36,33,3
01/14/2020 06:00:00 PM,8,7,1
01/14/2020 07:00:00 PM,11,9,2
01/14/2020 08:00:00 PM,1,0,1
01/14/2020 09:00:00 PM,2,2,0
01/14/2020 10:00:00 PM,2,2,0
01/14/2020 11:00:00 PM,1,0,1
01/15/2020 12:00:00 AM,0,0,0
01/15/2020 01:00:00 AM,0,0,0
01/15/2020 02:00:00 AM,2,2,0
01/15/2020 03:00:00 AM,1,0,1
01/15/2020 04:00:00 AM,1,1,0
01/15/2020 05:00:00 AM,6,1,5
01/15/2020 06:00:00 AM,15,0,15
01/15/2020 07:00:00 AM,23,0,23
01/15/2020 08:00:00 AM,38,2,36
01/15/2020 09:00:00 AM,22,4,18
01/15/2020 10:00:00 AM,10,3,7
01/15/2020 11:00:00 AM,4,1,3
01/15/2020 12:00:00 PM,3,2,1
01/15/2020 01:00:00 PM,5,0,5
01/15/2020 02:00:00 PM,8,4,4
01/15/2020 03:00:00 PM,14,12,2
01/15/2020 04:00:00 PM,24,19,5
01/15/2020 05:00:00 PM,31,29,2
01/15/2020 06:00:00 PM,22,19,3
01/15/2020 07:00:00 PM,9,8,1
01/15/2020 08:00:00 PM,6,6,0
01/15/2020 09:00:00 PM,2,2,0
01/15/2020 10:00:00 PM,3,3,0
01/15/2020 11:00:00 PM,2,1,1
01/16/2020 12:00:00 AM,0,0,0
01/16/2020 01:00:00 AM,0,0,0
01/16/2020 02:00:00 AM,1,1,0
01/16/2020 03:00:00 AM,0,0,0
01/16/2020 04:00:00 AM,1,0,1
01/16/2020 05:00:00 AM,12,2,10
01/16/2020 06:00:00 AM,38,3,35
01/16/2020 07:00:00 AM,63,6,57
01/16/2020 08:00:00 AM,88,8,80
01/16/2020 09:00:00 AM,44,7,37
01/16/2020 10:00:00 AM,11,3,8
01/16/2020 11:00:00 AM,15,7,8
01/16/2020 12:00:00 PM,11,4,7
01/16/2020 01:00:00 PM,15,4,11
01/16/2020 02:00:00 PM,14,8,6
01/16/2020 03:00:00 PM,37,29,8
01/16/2020 04:00:00 PM,71,56,15
01/16/2020 05:00:00 PM,88,78,10
01/16/2020 06:00:00 PM,43,38,5
01/16/2020 07:00:00 PM,15,12,3
01/16/2020 08:00:00 PM,13,9,4
01/16/2020 09:00:00 PM,3,1,2
01/16/2020 10:00:00 PM,2,2,0
01/16/2020 11:00:00 PM,0,0,0
01/17/2020 12:00:00 AM,1,1,0
01/17/2020 01:00:00 AM,1,0,1
01/17/2020 02:00:00 AM,2,2,0
01/17/2020 03:00:00 AM,1,1,0
01/17/2020 04:00:00 AM,1,0,1
01/17/2020 05:00:00 AM,11,3,8
01/17/2020 06:00:00 AM,31,3,28
01/17/2020 07:00:00 AM,53,5,48
01/17/2020 08:00:00 AM,72,5,67
01/17/2020 09:00:00 AM,35,9,26
01/17/2020 10:00:00 AM,19,7,12
01/17/2020 11:00:00 AM,9,5,4
01/17/2020 12:00:00 PM,13,4,9
01/17/2020 01:00:00 PM,9,5,4
01/17/2020 02:00:00 PM,16,11,5
01/17/2020 03:00:00 PM,30,26,4
01/17/2020 04:00:00 PM,59,49,10
01/17/2020 05:00:00 PM,92,76,16
01/17/2020 06:00:00 PM,37,32,5
01/17/2020 07:00:00 PM,16,12,4
01/17/2020 08:00:00 PM,2,2,0
01/17/2020 09:00:00 PM,2,1,1
01/17/2020 10:00:00 PM,2,2,0
01/17/2020 11:00:00 PM,1,0,1
01/18/2020 12:00:00 AM,2,1,1
01/18/2020 01:00:00 AM,1,1,0
01/18/2020 02:00:00 AM,1,0,1
01/18/2020 03:00:00 AM,0,0,0
01/18/2020 04:00:00 AM,1,1,0
01/18/2020 05:00:00 AM,0,0,0
01/18/2020 06:00:00 AM,5,0,5
01/18/2020 07:00:00 AM,4,1,3
01/18/2020 08:00:00 AM,13,2,11
01/18/2020 09:00:00 AM,6,4,2
01/18/2020 10:00:00 AM,25,15,10
01/18/2020 11:00:00 AM,19,8,11
01/18/2020 12:00:00 PM,39,11,28
01/18/2020 01:00:00 PM,20,11,9
01/18/2020 02:00:00 PM,10,3,7
01/18/2020 03:00:00 PM,22,14,8
01/18/2020 04:00:00 PM,26,16,10
01/18/2020 05:00:00 PM,12,6,6
01/18/2020 06:00:00 PM,7,6,1
01/18/2020 07:00:00 PM,9,6,3
01/18/2020 08:00:00 PM,3,3,0
01/18/2020 09:00:00 PM,1,1,0
01/18/2020 10:00:00 PM,1,1,0
01/18/2020 11:00:00 PM,1,0,1
01/19/2020 12:00:00 AM,2,0,2
01/19/2020 01:00:00 AM,1,1,0
01/19/2020 02:00:00 AM,0,0,0
01/19/2020 03:00:00 AM,2,2,0
01/19/2020 04:00:00 AM,0,0,0
01/19/2020 05:00:00 AM,4,1,3
01/19/2020 06:00:00 AM,3,0,3
01/19/2020 07:00:00 AM,2,1,1
01/19/2020 08:00:00 AM,10,3,7
01/19/2020 09:00:00 AM,12,7,5
01/19/2020 10:00:00 AM,31,13,18
01/19/2020 11:00:00 AM,17,11,6
01/19/2020 12:00:00 PM,19,10,9
01/19/2020 01:00:00 PM,9,3,6
01/19/2020 02:00:00 PM,14,4,10
01/19/2020 03:00:00 PM,19,11,8
01/19/2020 04:00:00 PM,20,10,10
01/19/2020 05:00:00 PM,10,4,6
01/19/2020 06:00:00 PM,9,4,5
01/19/2020 07:00:00 PM,3,1,2
01/19/2020 08:00:00 PM,7,6,1
01/19/2020 09:00:00 PM,3,2,1
01/19/2020 10:00:00 PM,2,0,2
01/19/2020 11:00:00 PM,1,0,1
01/20/2020 12:00:00 AM,2,1,1
01/20/2020 01:00:00 AM,2,2,0
01/20/2020 02:00:00 AM,2,0,2
01/20/2020 03:00:00 AM,1,0,1
01/20/2020 04:00:00 AM,0,0,0
01/20/2020 05:00:00 AM,7,3,4
01/20/2020 06:00:00 AM,23,3,20
01/20/2020 07:00:00 AM,48,8,40
01/20/2020 08:00:00 AM,53,10,43
01/20/2020 09:00:00 AM,28,5,23
01/20/2020 10:00:00 AM,14,3,11
01/20/2020 11:00:00 AM,21,11,10
01/20/2020 12:00:00 PM,18,9,9
01/20/2020 01:00:00 PM,22,12,10
01/20/2020 02:00:00 PM,33,18,15
01/20/2020 03:00:00 PM,36,21,15
01/20/2020 04:00:00 PM,52,32,20
01/20/2020 05:00:00 PM,51,39,12
01/20/2020 06:00:00 PM,46,38,8
01/20/2020 07:00:00 PM,13,9,4
01/20/2020 08:00:00 PM,3,2,1
01/20/2020 09:00:00 PM,1,1,0
01/20/2020 10:00:00 PM,5,4,1
01/20/2020 11:00:00 PM,2,2,0
01/21/2020 12:00:00 AM,0,0,0
01/21/2020 01:00:00 AM,0,0,0
01/21/2020 02:00:00 AM,2,2,0
01/21/2020 03:00:00 AM,1,0,1
01/21/2020 04:00:00 AM,4,2,2
01/21/2020 05:00:00 AM,18,6,12
01/21/2020 06:00:00 AM,50,7,43
01/21/2020 07:00:00 AM,87,15,72
01/21/2020 08:00:00 AM,103,7,96
01/21/2020 09:00:00 AM,36,3,33
01/21/2020 10:00:00 AM,13,1,12
01/21/2020 11:00:00 AM,8,2,6
01/21/2020 12:00:00 PM,5,1,4
01/21/2020 01:00:00 PM,9,4,5
01/21/2020 02:00:00 PM,12,6,6
01/21/2020 03:00:00 PM,32,21,11
01/21/2020 04:00:00 PM,62,51,11
01/21/2020 05:00:00 PM,111,104,7
01/21/2020 06:00:00 PM,63,54,9
01/21/2020 07:00:00 PM,10,9,1
01/21/2020 08:00:00 PM,7,6,1
01/21/2020 09:00:00 PM,1,1,0
01/21/2020 10:00:00 PM,1,1,0
01/21/2020 11:00:00 PM,1,1,0
01/22/2020 12:00:00 AM,4,3,1
01/22/2020 01:00:00 AM,2,0,2
01/22/2020 02:00:00 AM,3,2,1
01/22/2020 03:00:00 AM,2,1,1
01/22/2020 04:00:00 AM,1,0,1
01/22/2020 05:00:00 AM,21,6,15
01/22/2020 06:00:00 AM,40,4,36
01/22/2020 07:00:00 AM,57,9,48
01/22/2020 08:00:00 AM,111,8,103
01/22/2020 09:00:00 AM,31,5,26
01/22/2020 10:00:00 AM,10,3,7
01/22/2020 11:00:00 AM,8,4,4
01/22/2020 12:00:00 PM,10,5,5
01/22/2020 01:00:00 PM,10,3,7
01/22/2020 02:00:00 PM,10,5,5
01/22/2020 03:00:00 PM,26,19,7
01/22/2020 04:00:00 PM,63,52,11
01/22/2020 05:00:00 PM,100,88,12
01/22/2020 06:00:00 PM,67,56,11
01/22/2020 07:00:00 PM,15,11,4
01/22/2020 08:00:00 PM,10,10,0
01/22/2020 09:00:00 PM,8,5,3
01/22/2020 10:00:00 PM,6,6,0
01/22/2020 11:00:00 PM,4,4,0
01/23/2020 12:00:00 AM,0,0,0
01/23/2020 01:00:00 AM,0,0,0
01/23/2020 02:00:00 AM,2,1,1
01/23/2020 03:00:00 AM,0,0,0
01/23/2020 04:00:00 AM,6,2,4
01/23/2020 05:00:00 AM,17,4,13
01/23/2020 06:00:00 AM,44,6,38
01/23/2020 07:00:00 AM,61,6,55
01/23/2020 08:00:00 AM,73,5,68
01/23/2020 09:00:00 AM,23,5,18
01/23/2020 10:00:00 AM,7,1,6
01/23/2020 11:00:00 AM,4,0,4
01/23/2020 12:00:00 PM,4,3,1
01/23/2020 01:00:00 PM,4,2,2
01/23/2020 02:00:00 PM,8,2,6
01/23/2020 03:00:00 PM,26,20,6
01/23/2020 04:00:00 PM,54,41,13
01/23/2020 05:00:00 PM,84,74,10
01/23/2020 06:00:00 PM,48,46,2
01/23/2020 07:00:00 PM,28,26,2
01/23/2020 08:00:00 PM,5,2,3
01/23/2020 09:00:00 PM,8,4,4
01/23/2020 10:00:00 PM,5,3,2
01/23/2020 11:00:00 PM,2,2,0
01/24/2020 12:00:00 AM,0,0,0
01/24/2020 01:00:00 AM,1,0,1
01/24/2020 02:00:00 AM,2,2,0
01/24/2020 03:00:00 AM,2,0,2
01/24/2020 04:00:00 AM,5,1,4
01/24/2020 05:00:00 AM,12,4,8
01/24/2020 06:00:00 AM,35,6,29
01/24/2020 07:00:00 AM,69,11,58
01/24/2020 08:00:00 AM,92,9,83
01/24/2020 09:00:00 AM,25,6,19
01/24/2020 10:00:00 AM,11,1,10
01/24/2020 11:00:00 AM,8,2,6
01/24/2020 12:00:00 PM,6,5,1
01/24/2020 01:00:00 PM,4,3,1
01/24/2020 02:00:00 PM,16,7,9
01/24/2020 03:00:00 PM,33,25,8
01/24/2020 04:00:00 PM,50,43,7
01/24/2020 05:00:00 PM,86,79,7
01/24/2020 06:00:00 PM,35,31,4
01/24/2020 07:00:00 PM,18,13,5
01/24/2020 08:00:00 PM,3,2,1
01/24/2020 09:00:00 PM,4,4,0
01/24/2020 10:00:00 PM,2,1,1
01/24/2020 11:00:00 PM,4,4,0
01/25/2020 12:00:00 AM,2,2,0
01/25/2020 01:00:00 AM,4,3,1
01/25/2020 02:00:00 AM,1,1,0
01/25/2020 03:00:00 AM,4,0,4
01/25/2020 04:00:00 AM,1,0,1
01/25/2020 05:00:00 AM,3,1,2
01/25/2020 06:00:00 AM,5,1,4
01/25/2020 07:00:00 AM,1,0,1
01/25/2020 08:00:00 AM,18,6,12
01/25/2020 09:00:00 AM,9,2,7
01/25/2020 10:00:00 AM,25,9,16
01/25/2020 11:00:00 AM,16,8,8
01/25/2020 12:00:00 PM,18,13,5
01/25/2020 01:00:00 PM,29,14,15
01/25/2020 02:00:00 PM,42,21,21
01/25/2020 03:00:00 PM,23,8,15
01/25/2020 04:00:00 PM,26,16,10
01/25/2020 05:00:00 PM,9,7,2
01/25/2020 06:00:00 PM,7,6,1
01/25/2020 07:00:00 PM,5,2,3
01/25/2020 08:00:00 PM,8,4,4
01/25/2020 09:00:00 PM,5,3,2
01/25/2020 10:00:00 PM,0,0,0
01/25/2020 11:00:00 PM,4,2,2
01/26/2020 12:00:00 AM,2,2,0
01/26/2020 01:00:00 AM,2,2,0
01/26/2020 02:00:00 AM,2,1,1
01/26/2020 03:00:00 AM,0,0,0
01/26/2020 04:00:00 AM,0,0,0
01/26/2020 05:00:00 AM,1,0,1
01/26/2020 06:00:00 AM,4,1,3
01/26/2020 07:00:00 AM,7,0,7
01/26/2020 08:00:00 AM,5,3,2
01/26/2020 09:00:00 AM,16,7,9
01/26/2020 10:00:00 AM,19,9,10
01/26/2020 11:00:00 AM,42,23,19
01/26/2020 12:00:00 PM,44,19,25
01/26/2020 01:00:00 PM,35,22,13
01/26/2020 02:00:00 PM,39,22,17
01/26/2020 03:00:00 PM,30,14,16
01/26/2020 04:00:00 PM,19,5,14
01/26/2020 05:00:00 PM,12,5,7
01/26/2020 06:00:00 PM,9,7,2
01/26/2020 07:00:00 PM,3,1,2
01/26/2020 08:00:00 PM,0,0,0
01/26/2020 09:00:00 PM,6,5,1
01/26/2020 10:00:00 PM,7,4,3
01/26/2020 11:00:00 PM,1,0,1
01/27/2020 12:00:00 AM,0,0,0
01/27/2020 01:00:00 AM,2,1,1
01/27/2020 02:00:00 AM,1,1,0
01/27/2020 03:00:00 AM,2,2,0
01/27/2020 04:00:00 AM,4,1,3
01/27/2020 05:00:00 AM,12,3,9
01/27/2020 06:00:00 AM,45,3,42
01/27/2020 07:00:00 AM,92,8,84
01/27/2020 08:00:00 AM,112,4,108
01/27/2020 09:00:00 AM,42,3,39
01/27/2020 10:00:00 AM,28,9,19
01/27/2020 11:00:00 AM,18,5,13
01/27/2020 12:00:00 PM,14,6,8
01/27/2020 01:00:00 PM,22,14,8
01/27/2020 02:00:00 PM,20,10,10
01/27/2020 03:00:00 PM,35,29,6
01/27/2020 04:00:00 PM,71,62,9
01/27/2020 05:00:00 PM,119,106,13
01/27/2020 06:00:00 PM,60,51,9
01/27/2020 07:00:00 PM,21,18,3
01/27/2020 08:00:00 PM,4,4,0
01/27/2020 09:00:00 PM,3,2,1
01/27/2020 10:00:00 PM,2,1,1
01/27/2020 11:00:00 PM,2,1,1
01/28/2020 12:00:00 AM,2,1,1
01/28/2020 01:00:00 AM,0,0,0
01/28/2020 02:00:00 AM,2,1,1
01/28/2020 03:00:00 AM,1,0,1
01/28/2020 04:00:00 AM,4,1,3
01/28/2020 05:00:00 AM,18,6,12
01/28/2020 06:00:00 AM,41,5,36
01/28/2020 07:00:00 AM,59,5,54
01/28/2020 08:00:00 AM,101,8,93
01/28/2020 09:00:00 AM,27,4,23
01/28/2020 10:00:00 AM,15,3,12
01/28/2020 11:00:00 AM,8,2,6
01/28/2020 12:00:00 PM,12,3,9
01/28/2020 01:00:00 PM,11,7,4
01/28/2020 02:00:00 PM,20,12,8
01/28/2020 03:00:00 PM,37,26,11
01/28/2020 04:00:00 PM,61,49,12
01/28/2020 05:00:00 PM,120,105,15
01/28/2020 06:00:00 PM,58,52,6
01/28/2020 07:00:00 PM,14,14,0
01/28/2020 08:00:00 PM,13,8,5
01/28/2020 09:00:00 PM,5,5,0
01/28/2020 10:00:00 PM,6,4,2
01/28/2020 11:00:00 PM,1,1,0
01/29/2020 12:00:00 AM,0,0,0
01/29/2020 01:00:00 AM,3,3,0
01/29/2020 02:00:00 AM,1,1,0
01/29/2020 03:00:00 AM,1,0,1
01/29/2020 04:00:00 AM,4,1,3
01/29/2020 05:00:00 AM,16,3,13
01/29/2020 06:00:00 AM,57,3,54
01/29/2020 07:00:00 AM,66,6,60
01/29/2020 08:00:00 AM,107,10,97
01/29/2020 09:00:00 AM,33,3,30
01/29/2020 10:00:00 AM,9,3,6
01/29/2020 11:00:00 AM,7,3,4
01/29/2020 12:00:00 PM,6,2,4
01/29/2020 01:00:00 PM,8,4,4
01/29/2020 02:00:00 PM,12,8,4
01/29/2020 03:00:00 PM,25,20,5
01/29/2020 04:00:00 PM,65,56,9
01/29/2020 05:00:00 PM,103,91,12
01/29/2020 06:00:00 PM,52,47,5
01/29/2020 07:00:00 PM,24,21,3
01/29/2020 08:00:00 PM,10,10,0
01/29/2020 09:00:00 PM,9,7,2
01/29/2020 10:00:00 PM,2,2,0
01/29/2020 11:00:00 PM,3,3,0
01/30/2020 12:00:00 AM,0,0,0
01/30/2020 01:00:00 AM,2,0,2
01/30/2020 02:00:00 AM,1,1,0
01/30/2020 03:00:00 AM,1,0,1
01/30/2020 04:00:00 AM,3,1,2
01/30/2020 05:00:00 AM,22,5,17
01/30/2020 06:00:00 AM,48,11,37
01/30/2020 07:00:00 AM,91,6,85
01/30/2020 08:00:00 AM,125,9,116
01/30/2020 09:00:00 AM,42,5,37
01/30/2020 10:00:00 AM,21,7,14
01/30/2020 11:00:00 AM,17,7,10
01/30/2020 12:00:00 PM,11,5,6
01/30/2020 01:00:00 PM,9,5,4
01/30/2020 02:00:00 PM,25,13,12
01/30/2020 03:00:00 PM,33,24,9
01/30/2020 04:00:00 PM,76,67,9
01/30/2020 05:00:00 PM,119,111,8
01/30/2020 06:00:00 PM,62,56,6
01/30/2020 07:00:00 PM,20,15,5
01/30/2020 08:00:00 PM,11,9,2
01/30/2020 09:00:00 PM,7,6,1
01/30/2020 10:00:00 PM,3,3,0
01/30/2020 11:00:00 PM,2,2,0
01/31/2020 12:00:00 AM,0,0,0
01/31/2020 01:00:00 AM,3,2,1
01/31/2020 02:00:00 AM,2,2,0
01/31/2020 03:00:00 AM,1,0,1
01/31/2020 04:00:00 AM,3,1,2
01/31/2020 05:00:00 AM,9,4,5
01/31/2020 06:00:00 AM,25,3,22
01/31/2020 07:00:00 AM,63,3,60
01/31/2020 08:00:00 AM,68,7,61
01/31/2020 09:00:00 AM,26,8,18
01/31/2020 10:00:00 AM,10,2,8
01/31/2020 11:00:00 AM,8,5,3
01/31/2020 12:00:00 PM,8,4,4
01/31/2020 01:00:00 PM,8,5,3
01/31/2020 02:00:00 PM,8,5,3
01/31/2020 03:00:00 PM,12,9,3
01/31/2020 04:00:00 PM,42,34,8
01/31/2020 05:00:00 PM,74,67,7
01/31/2020 06:00:00 PM,24,24,0
01/31/2020 07:00:00 PM,10,7,3
01/31/2020 08:00:00 PM,7,6,1
01/31/2020 09:00:00 PM,3,2,1
01/31/2020 10:00:00 PM,0,0,0
01/31/2020 11:00:00 PM,0,0,0
02/01/2020 12:00:00 AM,5,3,2
02/01/2020 01:00:00 AM,0,0,0
02/01/2020 02:00:00 AM,2,1,1
02/01/2020 03:00:00 AM,2,1,1
02/01/2020 04:00:00 AM,0,0,0
02/01/2020 05:00:00 AM,0,0,0
02/01/2020 06:00:00 AM,4,3,1
02/01/2020 07:00:00 AM,3,0,3
02/01/2020 08:00:00 AM,6,3,3
02/01/2020 09:00:00 AM,10,5,5
02/01/2020 10:00:00 AM,6,4,2
02/01/2020 11:00:00 AM,16,9,7
02/01/2020 12:00:00 PM,23,7,16
02/01/2020 01:00:00 PM,20,9,11
02/01/2020 02:00:00 PM,30,18,12
02/01/2020 03:00:00 PM,33,17,16
02/01/2020 04:00:00 PM,24,13,11
02/01/2020 05:00:00 PM,18,10,8
02/01/2020 06:00:00 PM,8,5,3
02/01/2020 07:00:00 PM,7,5,2
02/01/2020 08:00:00 PM,4,2,2
02/01/2020 09:00:00 PM,2,1,1
02/01/2020 10:00:00 PM,1,0,1
02/01/2020 11:00:00 PM,2,1,1
02/02/2020 12:00:00 AM,1,1,0
02/02/2020 01:00:00 AM,3,3,0
02/02/2020 02:00:00 AM,0,0,0
02/02/2020 03:00:00 AM,0,0,0
02/02/2020 04:00:00 AM,3,1,2
02/02/2020 05:00:00 AM,2,2,0
02/02/2020 06:00:00 AM,1,1,0
02/02/2020 07:00:00 AM,7,3,4
02/02/2020 08:00:00 AM,5,1,4
02/02/2020 09:00:00 AM,18,8,10
02/02/2020 10:00:00 AM,38,10,28
02/02/2020 11:00:00 AM,44,28,16
02/02/2020 12:00:00 PM,53,32,21
02/02/2020 01:00:00 PM,49,28,21
02/02/2020 02:00:00 PM,44,17,27
02/02/2020 03:00:00 PM,40,16,24
02/02/2020 04:00:00 PM,19,10,9
02/02/2020 05:00:00 PM,13,6,7
02/02/2020 06:00:00 PM,4,1,3
02/02/2020 07:00:00 PM,3,1,2
02/02/2020 08:00:00 PM,3,2,1
02/02/2020 09:00:00 PM,5,3,2
02/02/2020 10:00:00 PM,5,4,1
02/02/2020 11:00:00 PM,2,1,1
02/03/2020 12:00:00 AM,1,1,0
02/03/2020 01:00:00 AM,3,2,1
02/03/2020 02:00:00 AM,1,0,1
02/03/2020 03:00:00 AM,0,0,0
02/03/2020 04:00:00 AM,3,1,2
02/03/2020 05:00:00 AM,18,7,11
02/03/2020 06:00:00 AM,45,3,42
02/03/2020 07:00:00 AM,96,7,89
02/03/2020 08:00:00 AM,115,9,106
02/03/2020 09:00:00 AM,45,8,37
02/03/2020 10:00:00 AM,20,5,15
02/03/2020 11:00:00 AM,15,4,11
02/03/2020 12:00:00 PM,11,1,10
02/03/2020 01:00:00 PM,6,3,3
02/03/2020 02:00:00 PM,22,14,8
02/03/2020 03:00:00 PM,38,32,6
02/03/2020 04:00:00 PM,77,64,13
02/03/2020 05:00:00 PM,138,132,6
02/03/2020 06:00:00 PM,70,63,7
02/03/2020 07:00:00 PM,19,16,3
02/03/2020 08:00:00 PM,9,6,3
02/03/2020 09:00:00 PM,8,5,3
02/03/2020 10:00:00 PM,1,1,0
02/03/2020 11:00:00 PM,0,0,0
02/04/2020 12:00:00 AM,1,0,1
02/04/2020 01:00:00 AM,3,1,2
02/04/2020 02:00:00 AM,1,0,1
02/04/2020 03:00:00 AM,2,2,0
02/04/2020 04:00:00 AM,2,0,2
02/04/2020 05:00:00 AM,19,8,11
02/04/2020 06:00:00 AM,50,7,43
02/04/2020 07:00:00 AM,83,6,77
02/04/2020 08:00:00 AM,108,5,103
02/04/2020 09:00:00 AM,35,3,32
02/04/2020 10:00:00 AM,13,2,11
02/04/2020 11:00:00 AM,6,2,4
02/04/2020 12:00:00 PM,6,3,3
02/04/2020 01:00:00 PM,8,3,5
02/04/2020 02:00:00 PM,9,6,3
02/04/2020 03:00:00 PM,29,21,8
02/04/2020 04:00:00 PM,55,45,10
02/04/2020 05:00:00 PM,108,103,5
02/04/2020 06:00:00 PM,53,47,6
02/04/2020 07:00:00 PM,13,10,3
02/04/2020 08:00:00 PM,14,9,5
02/04/2020 09:00:00 PM,10,10,0
02/04/2020 10:00:00 PM,3,2,1
02/04/2020 11:00:00 PM,0,0,0
02/05/2020 12:00:00 AM,1,1,0
02/05/2020 01:00:00 AM,1,1,0
02/05/2020 02:00:00 AM,1,1,0
02/05/2020 03:00:00 AM,0,0,0
02/05/2020 04:00:00 AM,5,3,2
02/05/2020 05:00:00 AM,18,5,13
02/05/2020 06:00:00 AM,43,6,37
02/05/2020 07:00:00 AM,64,8,56
02/05/2020 08:00:00 AM,90,10,80
02/05/2020 09:00:00 AM,25,5,20
02/05/2020 10:00:00 AM,5,2,3
02/05/2020 11:00:00 AM,7,5,2
02/05/2020 12:00:00 PM,5,0,5
02/05/2020 01:00:00 PM,8,4,4
02/05/2020 02:00:00 PM,11,6,5
02/05/2020 03:00:00 PM,20,15,5
02/05/2020 04:00:00 PM,52,46,6
02/05/2020 05:00:00 PM,85,77,8
02/05/2020 06:00:00 PM,55,49,6
02/05/2020 07:00:00 PM,13,13,0
02/05/2020 08:00:00 PM,8,6,2
02/05/2020 09:00:00 PM,4,3,1
02/05/2020 10:00:00 PM,4,4,0
02/05/2020 11:00:00 PM,0,0,0
02/06/2020 12:00:00 AM,0,0,0
02/06/2020 01:00:00 AM,2,1,1
02/06/2020 02:00:00 AM,1,0,1
02/06/2020 03:00:00 AM,0,0,0
02/06/2020 04:00:00 AM,5,2,3
02/06/2020 05:00:00 AM,16,5,11
02/06/2020 06:00:00 AM,38,5,33
02/06/2020 07:00:00 AM,57,5,52
02/06/2020 08:00:00 AM,77,11,66
02/06/2020 09:00:00 AM,19,2,17
02/06/2020 10:00:00 AM,8,0,8
02/06/2020 11:00:00 AM,1,0,1
02/06/2020 12:00:00 PM,5,3,2
02/06/2020 01:00:00 PM,4,3,1
02/06/2020 02:00:00 PM,12,10,2
02/06/2020 03:00:00 PM,24,18,6
02/06/2020 04:00:00 PM,56,48,8
02/06/2020 05:00:00 PM,66,62,4
02/06/2020 06:00:00 PM,49,45,4
02/06/2020 07:00:00 PM,14,9,5
02/06/2020 08:00:00 PM,8,7,1
02/06/2020 09:00:00 PM,0,0,0
02/06/2020 10:00:00 PM,4,4,0
02/06/2020 11:00:00 PM,3,2,1
02/07/2020 12:00:00 AM,1,0,1
02/07/2020 01:00:00 AM,2,1,1
02/07/2020 02:00:00 AM,0,0,0
02/07/2020 03:00:00 AM,3,2,1
02/07/2020 04:00:00 AM,4,2,2
02/07/2020 05:00:00 AM,16,4,12
02/07/2020 06:00:00 AM,28,5,23
02/07/2020 07:00:00 AM,56,5,51
02/07/2020 08:00:00 AM,72,7,65
02/07/2020 09:00:00 AM,18,3,15
02/07/2020 10:00:00 AM,17,6,11
02/07/2020 11:00:00 AM,18,6,12
02/07/2020 12:00:00 PM,14,9,5
02/07/2020 01:00:00 PM,9,6,3
02/07/2020 02:00:00 PM,12,5,7
02/07/2020 03:00:00 PM,23,18,5
02/07/2020 04:00:00 PM,56,47,9
02/07/2020 05:00:00 PM,61,55,6
02/07/2020 06:00:00 PM,31,27,4
02/07/2020 07:00:00 PM,16,13,3
02/07/2020 08:00:00 PM,5,4,1
02/07/2020 09:00:00 PM,8,6,2
02/07/2020 10:00:00 PM,6,4,2
02/07/2020 11:00:00 PM,1,0,1
02/08/2020 12:00:00 AM,0,0,0
02/08/2020 01:00:00 AM,0,0,0
02/08/2020 02:00:00 AM,1,1,0
02/08/2020 03:00:00 AM,0,0,0
02/08/2020 04:00:00 AM,0,0,0
02/08/2020 05:00:00 AM,1,0,1
02/08/2020 06:00:00 AM,8,3,5
02/08/2020 07:00:00 AM,8,1,7
02/08/2020 08:00:00 AM,9,4,5
02/08/2020 09:00:00 AM,17,8,9
02/08/2020 10:00:00 AM,16,6,10
02/08/2020 11:00:00 AM,37,21,16
02/08/2020 12:00:00 PM,47,22,25
02/08/2020 01:00:00 PM,53,27,26
02/08/2020 02:00:00 PM,28,13,15
02/08/2020 03:00:00 PM,36,19,17
02/08/2020 04:00:00 PM,27,15,12
02/08/2020 05:00:00 PM,36,12,24
02/08/2020 06:00:00 PM,8,7,1
02/08/2020 07:00:00 PM,2,1,1
02/08/2020 08:00:00 PM,7,6,1
02/08/2020 09:00:00 PM,1,1,0
02/08/2020 10:00:00 PM,2,0,2
02/08/2020 11:00:00 PM,3,2,1
02/09/2020 12:00:00 AM,1,1,0
02/09/2020 01:00:00 AM,0,0,0
02/09/2020 02:00:00 AM,0,0,0
02/09/2020 03:00:00 AM,1,1,0
02/09/2020 04:00:00 AM,9,3,6
02/09/2020 05:00:00 AM,3,1,2
02/09/2020 06:00:00 AM,4,1,3
02/09/2020 07:00:00 AM,4,0,4
02/09/2020 08:00:00 AM,4,1,3
02/09/2020 09:00:00 AM,21,4,17
02/09/2020 10:00:00 AM,37,16,21
02/09/2020 11:00:00 AM,46,26,20
02/09/2020 12:00:00 PM,43,21,22
02/09/2020 01:00:00 PM,53,30,23
02/09/2020 02:00:00 PM,61,41,20
02/09/2020 03:00:00 PM,68,45,23
02/09/2020 04:00:00 PM,45,24,21
02/09/2020 05:00:00 PM,23,12,11
02/09/2020 06:00:00 PM,9,8,1
02/09/2020 07:00:00 PM,6,3,3
02/09/2020 08:00:00 PM,0,0,0
02/09/2020 09:00:00 PM,5,4,1
02/09/2020 10:00:00 PM,4,2,2
02/09/2020 11:00:00 PM,2,0,2
02/10/2020 12:00:00 AM,1,1,0
02/10/2020 01:00:00 AM,2,1,1
02/10/2020 02:00:00 AM,0,0,0
02/10/2020 03:00:00 AM,0,0,0
02/10/2020 04:00:00 AM,4,0,4
02/10/2020 05:00:00 AM,20,4,16
02/10/2020 06:00:00 AM,57,7,50
02/10/2020 07:00:00 AM,113,7,106
02/10/2020 08:00:00 AM,143,10,133
02/10/2020 09:00:00 AM,42,4,38
02/10/2020 10:00:00 AM,25,9,16
02/10/2020 11:00:00 AM,16,5,11
02/10/2020 12:00:00 PM,9,4,5
02/10/2020 01:00:00 PM,13,3,10
02/10/2020 02:00:00 PM,24,10,14
02/10/2020 03:00:00 PM,49,41,8
02/10/2020 04:00:00 PM,110,78,32
02/10/2020 05:00:00 PM,180,168,12
02/10/2020 06:00:00 PM,72,65,7
02/10/2020 07:00:00 PM,19,17,2
02/10/2020 08:00:00 PM,13,10,3
02/10/2020 09:00:00 PM,8,5,3
02/10/2020 10:00:00 PM,0,0,0
02/10/2020 11:00:00 PM,0,0,0
02/11/2020 12:00:00 AM,2,1,1
02/11/2020 01:00:00 AM,0,0,0
02/11/2020 02:00:00 AM,1,1,0
02/11/2020 03:00:00 AM,0,0,0
02/11/2020 04:00:00 AM,3,2,1
02/11/2020 05:00:00 AM,20,6,14
02/11/2020 06:00:00 AM,58,8,50
02/11/2020 07:00:00 AM,109,6,103
02/11/2020 08:00:00 AM,128,9,119
02/11/2020 09:00:00 AM,52,6,46
02/11/2020 10:00:00 AM,17,3,14
02/11/2020 11:00:00 AM,15,5,10
02/11/2020 12:00:00 PM,15,6,9
02/11/2020 01:00:00 PM,14,7,7
02/11/2020 02:00:00 PM,21,14,7
02/11/2020 03:00:00 PM,40,22,18
02/11/2020 04:00:00 PM,82,69,13
02/11/2020 05:00:00 PM,162,144,18
02/11/2020 06:00:00 PM,82,73,9
02/11/2020 07:00:00 PM,26,23,3
02/11/2020 08:00:00 PM,13,9,4
02/11/2020 09:00:00 PM,9,7,2
02/11/2020 10:00:00 PM,8,4,4
02/11/2020 11:00:00 PM,2,1,1
02/12/2020 12:00:00 AM,1,1,0
02/12/2020 01:00:00 AM,1,1,0
02/12/2020 02:00:00 AM,1,1,0
02/12/2020 03:00:00 AM,0,0,0
02/12/2020 04:00:00 AM,3,1,2
02/12/2020 05:00:00 AM,23,9,14
02/12/2020 06:00:00 AM,61,9,52
02/12/2020 07:00:00 AM,100,10,90
02/12/2020 08:00:00 AM,118,11,107
02/12/2020 09:00:00 AM,41,6,35
02/12/2020 10:00:00 AM,16,2,14
02/12/2020 11:00:00 AM,13,5,8
02/12/2020 12:00:00 PM,15,7,8
02/12/2020 01:00:00 PM,24,13,11
02/12/2020 02:00:00 PM,22,12,10
02/12/2020 03:00:00 PM,41,28,13
02/12/2020 04:00:00 PM,108,84,24
02/12/2020 05:00:00 PM,148,134,14
02/12/2020 06:00:00 PM,67,59,8
02/12/2020 07:00:00 PM,25,20,5
02/12/2020 08:00:00 PM,7,5,2
02/12/2020 09:00:00 PM,7,5,2
02/12/2020 10:00:00 PM,4,2,2
02/12/2020 11:00:00 PM,2,2,0
02/13/2020 12:00:00 AM,0,0,0
02/13/2020 01:00:00 AM,2,1,1
02/13/2020 02:00:00 AM,1,1,0
02/13/2020 03:00:00 AM,0,0,0
02/13/2020 04:00:00 AM,5,1,4
02/13/2020 05:00:00 AM,18,5,13
02/13/2020 06:00:00 AM,45,3,42
02/13/2020 07:00:00 AM,89,6,83
02/13/2020 08:00:00 AM,105,10,95
02/13/2020 09:00:00 AM,30,6,24
02/13/2020 10:00:00 AM,11,4,7
02/13/2020 11:00:00 AM,8,3,5
02/13/2020 12:00:00 PM,8,4,4
02/13/2020 01:00:00 PM,7,0,7
02/13/2020 02:00:00 PM,16,9,7
02/13/2020 03:00:00 PM,41,34,7
02/13/2020 04:00:00 PM,58,44,14
02/13/2020 05:00:00 PM,116,108,8
02/13/2020 06:00:00 PM,51,47,4
02/13/2020 07:00:00 PM,30,23,7
02/13/2020 08:00:00 PM,6,6,0
02/13/2020 09:00:00 PM,1,0,1
02/13/2020 10:00:00 PM,2,1,1
02/13/2020 11:00:00 PM,2,2,0
02/14/2020 12:00:00 AM,2,2,0
02/14/2020 01:00:00 AM,1,1,0
02/14/2020 02:00:00 AM,1,1,0
02/14/2020 03:00:00 AM,1,0,1
02/14/2020 04:00:00 AM,4,2,2
02/14/2020 05:00:00 AM,18,6,12
02/14/2020 06:00:00 AM,37,8,29
02/14/2020 07:00:00 AM,67,9,58
02/14/2020 08:00:00 AM,92,12,80
02/14/2020 09:00:00 AM,34,8,26
02/14/2020 10:00:00 AM,23,7,16
02/14/2020 11:00:00 AM,25,16,9
02/14/2020 12:00:00 PM,16,8,8
02/14/2020 01:00:00 PM,25,12,13
02/14/2020 02:00:00 PM,25,17,8
02/14/2020 03:00:00 PM,47,28,19
02/14/2020 04:00:00 PM,72,55,17
02/14/2020 05:00:00 PM,99,88,11
02/14/2020 06:00:00 PM,36,34,2
02/14/2020 07:00:00 PM,18,14,4
02/14/2020 08:00:00 PM,5,4,1
02/14/2020 09:00:00 PM,9,4,5
02/14/2020 10:00:00 PM,2,1,1
02/14/2020 11:00:00 PM,3,2,1
02/15/2020 12:00:00 AM,1,0,1
02/15/2020 01:00:00 AM,2,2,0
02/15/2020 02:00:00 AM,2,2,0
02/15/2020 03:00:00 AM,0,0,0
02/15/2020 04:00:00 AM,1,1,0
02/15/2020 05:00:00 AM,2,1,1
02/15/2020 06:00:00 AM,7,2,5
02/15/2020 07:00:00 AM,5,2,3
02/15/2020 08:00:00 AM,11,1,10
02/15/2020 09:00:00 AM,6,2,4
02/15/2020 10:00:00 AM,17,8,9
02/15/2020 11:00:00 AM,13,7,6
02/15/2020 12:00:00 PM,12,5,7
02/15/2020 01:00:00 PM,20,14,6
02/15/2020 02:00:00 PM,11,4,7
02/15/2020 03:00:00 PM,7,1,6
02/15/2020 04:00:00 PM,6,5,1
02/15/2020 05:00:00 PM,8,7,1
02/15/2020 06:00:00 PM,11,9,2
02/15/2020 07:00:00 PM,6,2,4
02/15/2020 08:00:00 PM,2,0,2
02/15/2020 09:00:00 PM,3,2,1
02/15/2020 10:00:00 PM,4,1,3
02/15/2020 11:00:00 PM,1,1,0
02/16/2020 12:00:00 AM,4,2,2
02/16/2020 01:00:00 AM,0,0,0
02/16/2020 02:00:00 AM,0,0,0
02/16/2020 03:00:00 AM,0,0,0
02/16/2020 04:00:00 AM,1,1,0
02/16/2020 05:00:00 AM,2,0,2
02/16/2020 06:00:00 AM,0,0,0
02/16/2020 07:00:00 AM,6,2,4
02/16/2020 08:00:00 AM,9,2,7
02/16/2020 09:00:00 AM,26,4,22
02/16/2020 10:00:00 AM,20,13,7
02/16/2020 11:00:00 AM,17,6,11
02/16/2020 12:00:00 PM,29,23,6
02/16/2020 01:00:00 PM,28,15,13
02/16/2020 02:00:00 PM,12,8,4
02/16/2020 03:00:00 PM,21,9,12
02/16/2020 04:00:00 PM,21,10,11
02/16/2020 05:00:00 PM,11,5,6
02/16/2020 06:00:00 PM,8,5,3
02/16/2020 07:00:00 PM,9,6,3
02/16/2020 08:00:00 PM,3,3,0
02/16/2020 09:00:00 PM,2,0,2
02/16/2020 10:00:00 PM,5,3,2
02/16/2020 11:00:00 PM,0,0,0
02/17/2020 12:00:00 AM,1,0,1
02/17/2020 01:00:00 AM,1,1,0
02/17/2020 02:00:00 AM,0,0,0
02/17/2020 03:00:00 AM,1,1,0
02/17/2020 04:00:00 AM,1,0,1
02/17/2020 05:00:00 AM,8,4,4
02/17/2020 06:00:00 AM,19,5,14
02/17/2020 07:00:00 AM,42,6,36
02/17/2020 08:00:00 AM,48,2,46
02/17/2020 09:00:00 AM,39,13,26
02/17/2020 10:00:00 AM,30,13,17
02/17/2020 11:00:00 AM,49,21,28
02/17/2020 12:00:00 PM,45,23,22
02/17/2020 01:00:00 PM,49,25,24
02/17/2020 02:00:00 PM,39,22,17
02/17/2020 03:00:00 PM,44,20,24
02/17/2020 04:00:00 PM,63,40,23
02/17/2020 05:00:00 PM,67,56,11
02/17/2020 06:00:00 PM,36,31,5
02/17/2020 07:00:00 PM,15,10,5
02/17/2020 08:00:00 PM,9,4,5
02/17/2020 09:00:00 PM,6,6,0
02/17/2020 10:00:00 PM,4,3,1
02/17/2020 11:00:00 PM,2,2,0
02/18/2020 12:00:00 AM,5,4,1
02/18/2020 01:00:00 AM,1,1,0
02/18/2020 02:00:00 AM,1,1,0
02/18/2020 03:00:00 AM,0,0,0
02/18/2020 04:00:00 AM,6,2,4
02/18/2020 05:00:00 AM,21,6,15
02/18/2020 06:00:00 AM,53,4,49
02/18/2020 07:00:00 AM,101,8,93
02/18/2020 08:00:00 AM,114,4,110
02/18/2020 09:00:00 AM,41,9,32
02/18/2020 10:00:00 AM,29,9,20
02/18/2020 11:00:00 AM,27,6,21
02/18/2020 12:00:00 PM,14,8,6
02/18/2020 01:00:00 PM,17,5,12
02/18/2020 02:00:00 PM,28,18,10
02/18/2020 03:00:00 PM,44,31,13
02/18/2020 04:00:00 PM,79,64,15
02/18/2020 05:00:00 PM,151,131,20
02/18/2020 06:00:00 PM,64,59,5
02/18/2020 07:00:00 PM,26,23,3
02/18/2020 08:00:00 PM,10,10,0
02/18/2020 09:00:00 PM,4,1,3
02/18/2020 10:00:00 PM,2,1,1
02/18/2020 11:00:00 PM,0,0,0
02/19/2020 12:00:00 AM,1,1,0
02/19/2020 01:00:00 AM,0,0,0
02/19/2020 02:00:00 AM,4,4,0
02/19/2020 03:00:00 AM,0,0,0
02/19/2020 04:00:00 AM,2,1,1
02/19/2020 05:00:00 AM,16,3,13
02/19/2020 06:00:00 AM,48,2,46
02/19/2020 07:00:00 AM,88,8,80
02/19/2020 08:00:00 AM,118,6,112
02/19/2020 09:00:00 AM,55,8,47
02/19/2020 10:00:00 AM,18,8,10
02/19/2020 11:00:00 AM,22,11,11
02/19/2020 12:00:00 PM,26,12,14
02/19/2020 01:00:00 PM,23,11,12
02/19/2020 02:00:00 PM,24,14,10
02/19/2020 03:00:00 PM,53,30,23
02/19/2020 04:00:00 PM,82,67,15
02/19/2020 05:00:00 PM,149,130,19
02/19/2020 06:00:00 PM,66,55,11
02/19/2020 07:00:00 PM,18,15,3
02/19/2020 08:00:00 PM,20,16,4
02/19/2020 09:00:00 PM,6,6,0
02/19/2020 10:00:00 PM,2,2,0
02/19/2020 11:00:00 PM,2,1,1
02/20/2020 12:00:00 AM,3,2,1
02/20/2020 01:00:00 AM,0,0,0
02/20/2020 02:00:00 AM,2,2,0
02/20/2020 03:00:00 AM,0,0,0
02/20/2020 04:00:00 AM,4,1,3
02/20/2020 05:00:00 AM,15,5,10
02/20/2020 06:00:00 AM,55,7,48
02/20/2020 07:00:00 AM,94,5,89
02/20/2020 08:00:00 AM,115,3,112
02/20/2020 09:00:00 AM,43,6,37
02/20/2020 10:00:00 AM,26,6,20
02/20/2020 11:00:00 AM,11,3,8
02/20/2020 12:00:00 PM,23,11,12
02/20/2020 01:00:00 PM,12,3,9
02/20/2020 02:00:00 PM,28,17,11
02/20/2020 03:00:00 PM,58,38,20
02/20/2020 04:00:00 PM,96,78,18
02/20/2020 05:00:00 PM,148,134,14
02/20/2020 06:00:00 PM,67,52,15
02/20/2020 07:00:00 PM,28,22,6
02/20/2020 08:00:00 PM,37,34,3
02/20/2020 09:00:00 PM,7,6,1
02/20/2020 10:00:00 PM,6,4,2
02/20/2020 11:00:00 PM,2,1,1
02/21/2020 12:00:00 AM,3,0,3
02/21/2020 01:00:00 AM,0,0,0
02/21/2020 02:00:00 AM,3,3,0
02/21/2020 03:00:00 AM,3,1,2
02/21/2020 04:00:00 AM,6,3,3
02/21/2020 05:00:00 AM,14,2,12
02/21/2020 06:00:00 AM,38,3,35
02/21/2020 07:00:00 AM,75,4,71
02/21/2020 08:00:00 AM,82,5,77
02/21/2020 09:00:00 AM,41,6,35
02/21/2020 10:00:00 AM,19,6,13
02/21/2020 11:00:00 AM,9,4,5
02/21/2020 12:00:00 PM,16,10,6
02/21/2020 01:00:00 PM,32,15,17
02/21/2020 02:00:00 PM,30,21,9
02/21/2020 03:00:00 PM,50,36,14
02/21/2020 04:00:00 PM,71,57,14
02/21/2020 05:00:00 PM,111,93,18
02/21/2020 06:00:00 PM,55,41,14
02/21/2020 07:00:00 PM,11,8,3
02/21/2020 08:00:00 PM,12,10,2
02/21/2020 09:00:00 PM,8,5,3
02/21/2020 10:00:00 PM,5,3,2
02/21/2020 11:00:00 PM,3,1,2
02/22/2020 12:00:00 AM,1,0,1
02/22/2020 01:00:00 AM,2,1,1
02/22/2020 02:00:00 AM,1,1,0
02/22/2020 03:00:00 AM,0,0,0
02/22/2020 04:00:00 AM,1,0,1
02/22/2020 05:00:00 AM,4,1,3
02/22/2020 06:00:00 AM,8,4,4
02/22/2020 07:00:00 AM,12,10,2
02/22/2020 08:00:00 AM,20,6,14
02/22/2020 09:00:00 AM,19,6,13
02/22/2020 10:00:00 AM,25,10,15
02/22/2020 11:00:00 AM,61,31,30
02/22/2020 12:00:00 PM,22,7,15
02/22/2020 01:00:00 PM,34,8,26
02/22/2020 02:00:00 PM,34,17,17
02/22/2020 03:00:00 PM,21,15,6
02/22/2020 04:00:00 PM,22,10,12
02/22/2020 05:00:00 PM,16,10,6
02/22/2020 06:00:00 PM,20,12,8
02/22/2020 07:00:00 PM,5,3,2
02/22/2020 08:00:00 PM,6,1,5
02/22/2020 09:00:00 PM,2,2,0
02/22/2020 10:00:00 PM,4,2,2
02/22/2020 11:00:00 PM,1,1,0
02/23/2020 12:00:00 AM,0,0,0
02/23/2020 01:00:00 AM,0,0,0
02/23/2020 02:00:00 AM,0,0,0
02/23/2020 03:00:00 AM,0,0,0
02/23/2020 04:00:00 AM,1,1,0
02/23/2020 05:00:00 AM,1,0,1
02/23/2020 06:00:00 AM,1,0,1
02/23/2020 07:00:00 AM,22,1,21
02/23/2020 08:00:00 AM,16,3,13
02/23/2020 09:00:00 AM,6,2,4
02/23/2020 10:00:00 AM,5,4,1
02/23/2020 11:00:00 AM,14,7,7
02/23/2020 12:00:00 PM,15,5,10
02/23/2020 01:00:00 PM,31,20,11
02/23/2020 02:00:00 PM,36,23,13
02/23/2020 03:00:00 PM,6,4,2
02/23/2020 04:00:00 PM,19,13,6
02/23/2020 05:00:00 PM,11,5,6
02/23/2020 06:00:00 PM,6,3,3
02/23/2020 07:00:00 PM,1,1,0
02/23/2020 08:00:00 PM,0,0,0
02/23/2020 09:00:00 PM,3,3,0
02/23/2020 10:00:00 PM,1,0,1
02/23/2020 11:00:00 PM,0,0,0
02/24/2020 12:00:00 AM,0,0,0
02/24/2020 01:00:00 AM,0,0,0
02/24/2020 02:00:00 AM,0,0,0
02/24/2020 03:00:00 AM,1,1,0
02/24/2020 04:00:00 AM,5,0,5
02/24/2020 05:00:00 AM,20,2,18
02/24/2020 06:00:00 AM,54,2,52
02/24/2020 07:00:00 AM,99,4,95
02/24/2020 08:00:00 AM,130,8,122
02/24/2020 09:00:00 AM,35,3,32
02/24/2020 10:00:00 AM,12,0,12
02/24/2020 11:00:00 AM,12,4,8
02/24/2020 12:00:00 PM,12,5,7
02/24/2020 01:00:00 PM,11,4,7
02/24/2020 02:00:00 PM,14,6,8
02/24/2020 03:00:00 PM,48,36,12
02/24/2020 04:00:00 PM,93,77,16
02/24/2020 05:00:00 PM,163,144,19
02/24/2020 06:00:00 PM,73,63,10
02/24/2020 07:00:00 PM,30,22,8
02/24/2020 08:00:00 PM,12,10,2
02/24/2020 09:00:00 PM,4,2,2
02/24/2020 10:00:00 PM,3,1,2
02/24/2020 11:00:00 PM,7,4,3
02/25/2020 12:00:00 AM,0,0,0
02/25/2020 01:00:00 AM,2,2,0
02/25/2020 02:00:00 AM,5,3,2
02/25/2020 03:00:00 AM,0,0,0
02/25/2020 04:00:00 AM,3,1,2
02/25/2020 05:00:00 AM,21,3,18
02/25/2020 06:00:00 AM,52,4,48
02/25/2020 07:00:00 AM,120,7,113
02/25/2020 08:00:00 AM,121,9,112
02/25/2020 09:00:00 AM,51,6,45
02/25/2020 10:00:00 AM,18,1,17
02/25/2020 11:00:00 AM,11,5,6
02/25/2020 12:00:00 PM,12,4,8
02/25/2020 01:00:00 PM,10,4,6
02/25/2020 02:00:00 PM,21,12,9
02/25/2020 03:00:00 PM,44,34,10
02/25/2020 04:00:00 PM,87,74,13
02/25/2020 05:00:00 PM,168,148,20
02/25/2020 06:00:00 PM,84,72,12
02/25/2020 07:00:00 PM,29,23,6
02/25/2020 08:00:00 PM,12,9,3
02/25/2020 09:00:00 PM,15,11,4
02/25/2020 10:00:00 PM,4,4,0
02/25/2020 11:00:00 PM,6,1,5
02/26/2020 12:00:00 AM,4,4,0
02/26/2020 01:00:00 AM,0,0,0
02/26/2020 02:00:00 AM,3,2,1
02/26/2020 03:00:00 AM,0,0,0
02/26/2020 04:00:00 AM,4,1,3
02/26/2020 05:00:00 AM,26,6,20
02/26/2020 06:00:00 AM,76,6,70
02/26/2020 07:00:00 AM,98,12,86
02/26/2020 08:00:00 AM,134,15,119
02/26/2020 09:00:00 AM,43,7,36
02/26/2020 10:00:00 AM,30,11,19
02/26/2020 11:00:00 AM,11,5,6
02/26/2020 12:00:00 PM,17,7,10
02/26/2020 01:00:00 PM,24,7,17
02/26/2020 02:00:00 PM,19,6,13
02/26/2020 03:00:00 PM,54,42,12
02/26/2020 04:00:00 PM,84,67,17
02/26/2020 05:00:00 PM,158,145,13
02/26/2020 06:00:00 PM,83,71,12
02/26/2020 07:00:00 PM,26,20,6
02/26/2020 08:00:00 PM,16,9,7
02/26/2020 09:00:00 PM,6,5,1
02/26/2020 10:00:00 PM,9,8,1
02/26/2020 11:00:00 PM,2,2,0
02/27/2020 12:00:00 AM,5,1,4
02/27/2020 01:00:00 AM,1,1,0
02/27/2020 02:00:00 AM,1,1,0
02/27/2020 03:00:00 AM,1,1,0
02/27/2020 04:00:00 AM,3,1,2
02/27/2020 05:00:00 AM,24,5,19
02/27/2020 06:00:00 AM,61,5,56
02/27/2020 07:00:00 AM,109,9,100
02/27/2020 08:00:00 AM,156,11,145
02/27/2020 09:00:00 AM,56,11,45
02/27/2020 10:00:00 AM,29,9,20
02/27/2020 11:00:00 AM,34,19,15
02/27/2020 12:00:00 PM,27,17,10
02/27/2020 01:00:00 PM,31,12,19
02/27/2020 02:00:00 PM,35,16,19
02/27/2020 03:00:00 PM,52,33,19
02/27/2020 04:00:00 PM,106,86,20
02/27/2020 05:00:00 PM,201,171,30
02/27/2020 06:00:00 PM,87,71,16
02/27/2020 07:00:00 PM,37,27,10
02/27/2020 08:00:00 PM,11,9,2
02/27/2020 09:00:00 PM,17,14,3
02/27/2020 10:00:00 PM,5,3,2
02/27/2020 11:00:00 PM,1,1,0
02/28/2020 12:00:00 AM,3,1,2
02/28/2020 01:00:00 AM,4,3,1
02/28/2020 02:00:00 AM,3,2,1
02/28/2020 03:00:00 AM,4,2,2
02/28/2020 04:00:00 AM,3,3,0
02/28/2020 05:00:00 AM,19,4,15
02/28/2020 06:00:00 AM,47,7,40
02/28/2020 07:00:00 AM,84,11,73
02/28/2020 08:00:00 AM,112,6,106
02/28/2020 09:00:00 AM,32,8,24
02/28/2020 10:00:00 AM,19,7,12
02/28/2020 11:00:00 AM,9,4,5
02/28/2020 12:00:00 PM,19,11,8
02/28/2020 01:00:00 PM,12,7,5
02/28/2020 02:00:00 PM,15,10,5
02/28/2020 03:00:00 PM,46,35,11
02/28/2020 04:00:00 PM,74,55,19
02/28/2020 05:00:00 PM,88,75,13
02/28/2020 06:00:00 PM,47,41,6
02/28/2020 07:00:00 PM,21,17,4
02/28/2020 08:00:00 PM,10,8,2
02/28/2020 09:00:00 PM,1,0,1
02/28/2020 10:00:00 PM,2,2,0
02/28/2020 11:00:00 PM,1,0,1
02/29/2020 12:00:00 AM,0,0,0
02/29/2020 01:00:00 AM,0,0,0
02/29/2020 02:00:00 AM,1,0,1
02/29/2020 03:00:00 AM,0,0,0
02/29/2020 04:00:00 AM,0,0,0
02/29/2020 05:00:00 AM,1,1,0
02/29/2020 06:00:00 AM,4,0,4
02/29/2020 07:00:00 AM,9,2,7
02/29/2020 08:00:00 AM,13,5,8
02/29/2020 09:00:00 AM,14,4,10
02/29/2020 10:00:00 AM,17,9,8
02/29/2020 11:00:00 AM,29,18,11
02/29/2020 12:00:00 PM,25,6,19
02/29/2020 01:00:00 PM,22,13,9
02/29/2020 02:00:00 PM,19,10,9
02/29/2020 03:00:00 PM,13,8,5
02/29/2020 04:00:00 PM,24,14,10
02/29/2020 05:00:00 PM,15,10,5
02/29/2020 06:00:00 PM,8,5,3
02/29/2020 07:00:00 PM,3,2,1
02/29/2020 08:00:00 PM,4,1,3
02/29/2020 09:00:00 PM,2,0,2
02/29/2020 10:00:00 PM,5,3,2
02/29/2020 11:00:00 PM,0,0,0
03/01/2020 12:00:00 AM,0,0,0
03/01/2020 01:00:00 AM,0,0,0
03/01/2020 02:00:00 AM,0,0,0
03/01/2020 03:00:00 AM,0,0,0
03/01/2020 04:00:00 AM,2,1,1
03/01/2020 05:00:00 AM,1,0,1
03/01/2020 06:00:00 AM,5,2,3
03/01/2020 07:00:00 AM,6,1,5
03/01/2020 08:00:00 AM,18,8,10
03/01/2020 09:00:00 AM,40,24,16
03/01/2020 10:00:00 AM,55,26,29
03/01/2020 11:00:00 AM,57,27,30
03/01/2020 12:00:00 PM,47,28,19
03/01/2020 01:00:00 PM,72,37,35
03/01/2020 02:00:00 PM,48,21,27
03/01/2020 03:00:00 PM,36,25,11
03/01/2020 04:00:00 PM,28,12,16
03/01/2020 05:00:00 PM,16,10,6
03/01/2020 06:00:00 PM,7,2,5
03/01/2020 07:00:00 PM,3,1,2
03/01/2020 08:00:00 PM,6,1,5
03/01/2020 09:00:00 PM,3,3,0
03/01/2020 10:00:00 PM,1,0,1
03/01/2020 11:00:00 PM,2,2,0
03/02/2020 12:00:00 AM,1,1,0
03/02/2020 01:00:00 AM,1,1,0
03/02/2020 02:00:00 AM,0,0,0
03/02/2020 03:00:00 AM,0,0,0
03/02/2020 04:00:00 AM,2,0,2
03/02/2020 05:00:00 AM,17,3,14
03/02/2020 06:00:00 AM,55,4,51
03/02/2020 07:00:00 AM,114,10,104
03/02/2020 08:00:00 AM,103,9,94
03/02/2020 09:00:00 AM,43,3,40
03/02/2020 10:00:00 AM,11,1,10
03/02/2020 11:00:00 AM,7,4,3
03/02/2020 12:00:00 PM,9,4,5
03/02/2020 01:00:00 PM,13,6,7
03/02/2020 02:00:00 PM,20,15,5
03/02/2020 03:00:00 PM,38,34,4
03/02/2020 04:00:00 PM,73,63,10
03/02/2020 05:00:00 PM,125,120,5
03/02/2020 06:00:00 PM,73,67,6
03/02/2020 07:00:00 PM,16,12,4
03/02/2020 08:00:00 PM,11,9,2
03/02/2020 09:00:00 PM,2,1,1
03/02/2020 10:00:00 PM,2,0,2
03/02/2020 11:00:00 PM,4,3,1
03/03/2020 12:00:00 AM,1,0,1
03/03/2020 01:00:00 AM,1,1,0
03/03/2020 02:00:00 AM,1,1,0
03/03/2020 03:00:00 AM,1,1,0
03/03/2020 04:00:00 AM,2,2,0
03/03/2020 05:00:00 AM,16,2,14
03/03/2020 06:00:00 AM,62,7,55
03/03/2020 07:00:00 AM,105,4,101
03/03/2020 08:00:00 AM,135,7,128
03/03/2020 09:00:00 AM,42,4,38
03/03/2020 10:00:00 AM,23,2,21
03/03/2020 11:00:00 AM,16,5,11
03/03/2020 12:00:00 PM,18,7,11
03/03/2020 01:00:00 PM,17,11,6
03/03/2020 02:00:00 PM,14,8,6
03/03/2020 03:00:00 PM,48,34,14
03/03/2020 04:00:00 PM,76,70,6
03/03/2020 05:00:00 PM,133,125,8
03/03/2020 06:00:00 PM,76,66,10
03/03/2020 07:00:00 PM,27,23,4
03/03/2020 08:00:00 PM,15,13,2
03/03/2020 09:00:00 PM,5,4,1
03/03/2020 10:00:00 PM,4,1,3
03/03/2020 11:00:00 PM,4,4,0
03/04/2020 12:00:00 AM,0,0,0
03/04/2020 01:00:00 AM,1,1,0
03/04/2020 02:00:00 AM,1,1,0
03/04/2020 03:00:00 AM,0,0,0
03/04/2020 04:00:00 AM,2,0,2
03/04/2020 05:00:00 AM,14,4,10
03/04/2020 06:00:00 AM,61,7,54
03/04/2020 07:00:00 AM,89,3,86
03/04/2020 08:00:00 AM,116,11,105
03/04/2020 09:00:00 AM,53,8,45
03/04/2020 10:00:00 AM,20,1,19
03/04/2020 11:00:00 AM,12,6,6
03/04/2020 12:00:00 PM,27,12,15
03/04/2020 01:00:00 PM,27,11,16
03/04/2020 02:00:00 PM,41,21,20
03/04/2020 03:00:00 PM,65,46,19
03/04/2020 04:00:00 PM,91,78,13
03/04/2020 05:00:00 PM,147,123,24
03/04/2020 06:00:00 PM,83,64,19
03/04/2020 07:00:00 PM,44,34,10
03/04/2020 08:00:00 PM,24,16,8
03/04/2020 09:00:00 PM,12,8,4
03/04/2020 10:00:00 PM,1,1,0
03/04/2020 11:00:00 PM,5,4,1
03/05/2020 12:00:00 AM,0,0,0
03/05/2020 01:00:00 AM,1,1,0
03/05/2020 02:00:00 AM,1,1,0
03/05/2020 03:00:00 AM,0,0,0
03/05/2020 04:00:00 AM,4,1,3
03/05/2020 05:00:00 AM,12,3,9
03/05/2020 06:00:00 AM,57,10,47
03/05/2020 07:00:00 AM,96,17,79
03/05/2020 08:00:00 AM,94,7,87
03/05/2020 09:00:00 AM,39,5,34
03/05/2020 10:00:00 AM,19,9,10
03/05/2020 11:00:00 AM,16,6,10
03/05/2020 12:00:00 PM,14,5,9
03/05/2020 01:00:00 PM,22,13,9
03/05/2020 02:00:00 PM,29,18,11
03/05/2020 03:00:00 PM,40,32,8
03/05/2020 04:00:00 PM,67,51,16
03/05/2020 05:00:00 PM,99,86,13
03/05/2020 06:00:00 PM,44,38,6
03/05/2020 07:00:00 PM,21,17,4
03/05/2020 08:00:00 PM,16,11,5
03/05/2020 09:00:00 PM,8,6,2
03/05/2020 10:00:00 PM,1,1,0
03/05/2020 11:00:00 PM,1,1,0
03/06/2020 12:00:00 AM,0,0,0
03/06/2020 01:00:00 AM,0,0,0
03/06/2020 02:00:00 AM,1,1,0
03/06/2020 03:00:00 AM,1,0,1
03/06/2020 04:00:00 AM,1,1,0
03/06/2020 05:00:00 AM,9,3,6
03/06/2020 06:00:00 AM,27,2,25
03/06/2020 07:00:00 AM,44,6,38
03/06/2020 08:00:00 AM,52,8,44
03/06/2020 09:00:00 AM,20,4,16
03/06/2020 10:00:00 AM,5,3,2
03/06/2020 11:00:00 AM,5,3,2
03/06/2020 12:00:00 PM,5,2,3
03/06/2020 01:00:00 PM,10,5,5
03/06/2020 02:00:00 PM,11,6,5
03/06/2020 03:00:00 PM,23,16,7
03/06/2020 04:00:00 PM,41,32,9
03/06/2020 05:00:00 PM,44,39,5
03/06/2020 06:00:00 PM,35,32,3
03/06/2020 07:00:00 PM,14,10,4
03/06/2020 08:00:00 PM,7,5,2
03/06/2020 09:00:00 PM,4,3,1
03/06/2020 10:00:00 PM,1,0,1
03/06/2020 11:00:00 PM,5,4,1
03/07/2020 12:00:00 AM,2,0,2
03/07/2020 01:00:00 AM,1,0,1
03/07/2020 02:00:00 AM,0,0,0
03/07/2020 03:00:00 AM,4,2,2
03/07/2020 04:00:00 AM,0,0,0
03/07/2020 05:00:00 AM,1,0,1
03/07/2020 06:00:00 AM,7,2,5
03/07/2020 07:00:00 AM,10,1,9
03/07/2020 08:00:00 AM,17,6,11
03/07/2020 09:00:00 AM,22,6,16
03/07/2020 10:00:00 AM,19,6,13
03/07/2020 11:00:00 AM,26,17,9
03/07/2020 12:00:00 PM,26,20,6
03/07/2020 01:00:00 PM,18,5,13
03/07/2020 02:00:00 PM,19,6,13
03/07/2020 03:00:00 PM,17,10,7
03/07/2020 04:00:00 PM,20,12,8
03/07/2020 05:00:00 PM,24,14,10
03/07/2020 06:00:00 PM,13,5,8
03/07/2020 07:00:00 PM,6,5,1
03/07/2020 08:00:00 PM,4,2,2
03/07/2020 09:00:00 PM,4,3,1
03/07/2020 10:00:00 PM,3,2,1
03/07/2020 11:00:00 PM,4,3,1
03/08/2020 12:00:00 AM,0,0,0
03/08/2020 01:00:00 AM,1,1,0
03/08/2020 02:00:00 AM,,,
03/08/2020 03:00:00 AM,1,0,1
03/08/2020 04:00:00 AM,1,1,0
03/08/2020 05:00:00 AM,2,0,2
03/08/2020 06:00:00 AM,4,0,4
03/08/2020 07:00:00 AM,3,2,1
03/08/2020 08:00:00 AM,11,5,6
03/08/2020 09:00:00 AM,15,5,10
03/08/2020 10:00:00 AM,23,13,10
03/08/2020 11:00:00 AM,39,27,12
03/08/2020 12:00:00 PM,53,32,21
03/08/2020 01:00:00 PM,50,18,32
03/08/2020 02:00:00 PM,67,27,40
03/08/2020 03:00:00 PM,51,20,31
03/08/2020 04:00:00 PM,45,22,23
03/08/2020 05:00:00 PM,32,20,12
03/08/2020 06:00:00 PM,24,11,13
03/08/2020 07:00:00 PM,6,3,3
03/08/2020 08:00:00 PM,3,0,3
03/08/2020 09:00:00 PM,8,5,3
03/08/2020 10:00:00 PM,1,0,1
03/08/2020 11:00:00 PM,1,1,0
03/09/2020 12:00:00 AM,0,0,0
03/09/2020 01:00:00 AM,1,1,0
03/09/2020 02:00:00 AM,1,1,0
03/09/2020 03:00:00 AM,1,0,1
03/09/2020 04:00:00 AM,1,0,1
03/09/2020 05:00:00 AM,15,2,13
03/09/2020 06:00:00 AM,39,7,32
03/09/2020 07:00:00 AM,57,5,52
03/09/2020 08:00:00 AM,63,3,60
03/09/2020 09:00:00 AM,28,6,22
03/09/2020 10:00:00 AM,17,3,14
03/09/2020 11:00:00 AM,13,4,9
03/09/2020 12:00:00 PM,18,9,9
03/09/2020 01:00:00 PM,18,7,11
03/09/2020 02:00:00 PM,26,17,9
03/09/2020 03:00:00 PM,46,32,14
03/09/2020 04:00:00 PM,75,57,18
03/09/2020 05:00:00 PM,110,86,24
03/09/2020 06:00:00 PM,68,53,15
03/09/2020 07:00:00 PM,20,9,11
03/09/2020 08:00:00 PM,7,4,3
03/09/2020 09:00:00 PM,2,1,1
03/09/2020 10:00:00 PM,9,5,4
03/09/2020 11:00:00 PM,1,1,0
03/10/2020 12:00:00 AM,0,0,0
03/10/2020 01:00:00 AM,2,0,2
03/10/2020 02:00:00 AM,3,3,0
03/10/2020 03:00:00 AM,0,0,0
03/10/2020 04:00:00 AM,3,0,3
03/10/2020 05:00:00 AM,19,3,16
03/10/2020 06:00:00 AM,33,3,30
03/10/2020 07:00:00 AM,63,6,57
03/10/2020 08:00:00 AM,63,4,59
03/10/2020 09:00:00 AM,34,4,30
03/10/2020 10:00:00 AM,20,5,15
03/10/2020 11:00:00 AM,9,1,8
03/10/2020 12:00:00 PM,14,7,7
03/10/2020 01:00:00 PM,16,8,8
03/10/2020 02:00:00 PM,34,17,17
03/10/2020 03:00:00 PM,35,25,10
03/10/2020 04:00:00 PM,61,49,12
03/10/2020 05:00:00 PM,92,81,11
03/10/2020 06:00:00 PM,58,48,10
03/10/2020 07:00:00 PM,24,16,8
03/10/2020 08:00:00 PM,14,9,5
03/10/2020 09:00:00 PM,3,2,1
03/10/2020 10:00:00 PM,3,2,1
03/10/2020 11:00:00 PM,3,3,0
03/11/2020 12:00:00 AM,1,0,1
03/11/2020 01:00:00 AM,1,1,0
03/11/2020 02:00:00 AM,1,1,0
03/11/2020 03:00:00 AM,1,1,0
03/11/2020 04:00:00 AM,4,1,3
03/11/2020 05:00:00 AM,15,2,13
03/11/2020 06:00:00 AM,43,2,41
03/11/2020 07:00:00 AM,56,7,49
03/11/2020 08:00:00 AM,53,9,44
03/11/2020 09:00:00 AM,36,7,29
03/11/2020 10:00:00 AM,24,8,16
03/11/2020 11:00:00 AM,18,8,10
03/11/2020 12:00:00 PM,8,1,7
03/11/2020 01:00:00 PM,14,4,10
03/11/2020 02:00:00 PM,10,5,5
03/11/2020 03:00:00 PM,47,29,18
03/11/2020 04:00:00 PM,60,49,11
03/11/2020 05:00:00 PM,75,62,13
03/11/2020 06:00:00 PM,56,42,14
03/11/2020 07:00:00 PM,24,18,6
03/11/2020 08:00:00 PM,17,13,4
03/11/2020 09:00:00 PM,5,5,0
03/11/2020 10:00:00 PM,10,7,3
03/11/2020 11:00:00 PM,2,2,0
03/12/2020 12:00:00 AM,1,1,0
03/12/2020 01:00:00 AM,0,0,0
03/12/2020 02:00:00 AM,2,2,0
03/12/2020 03:00:00 AM,0,0,0
03/12/2020 04:00:00 AM,0,0,0
03/12/2020 05:00:00 AM,19,3,16
03/12/2020 06:00:00 AM,45,8,37
03/12/2020 07:00:00 AM,57,6,51
03/12/2020 08:00:00 AM,57,5,52
03/12/2020 09:00:00 AM,26,1,25
03/12/2020 10:00:00 AM,14,7,7
03/12/2020 11:00:00 AM,16,4,12
03/12/2020 12:00:00 PM,15,8,7
03/12/2020 01:00:00 PM,17,6,11
03/12/2020 02:00:00 PM,21,9,12
03/12/2020 03:00:00 PM,46,29,17
03/12/2020 04:00:00 PM,66,45,21
03/12/2020 05:00:00 PM,93,77,16
03/12/2020 06:00:00 PM,73,51,22
03/12/2020 07:00:00 PM,21,15,6
03/12/2020 08:00:00 PM,9,8,1
03/12/2020 09:00:00 PM,2,1,1
03/12/2020 10:00:00 PM,5,5,0
03/12/2020 11:00:00 PM,4,3,1
03/13/2020 12:00:00 AM,3,1,2
03/13/2020 01:00:00 AM,2,1,1
03/13/2020 02:00:00 AM,1,1,0
03/13/2020 03:00:00 AM,4,1,3
03/13/2020 04:00:00 AM,2,2,0
03/13/2020 05:00:00 AM,15,1,14
03/13/2020 06:00:00 AM,21,3,18
03/13/2020 07:00:00 AM,23,6,17
03/13/2020 08:00:00 AM,28,3,25
03/13/2020 09:00:00 AM,10,3,7
03/13/2020 10:00:00 AM,5,2,3
03/13/2020 11:00:00 AM,4,1,3
03/13/2020 12:00:00 PM,9,6,3
03/13/2020 01:00:00 PM,8,5,3
03/13/2020 02:00:00 PM,15,7,8
03/13/2020 03:00:00 PM,18,14,4
03/13/2020 04:00:00 PM,21,14,7
03/13/2020 05:00:00 PM,34,30,4
03/13/2020 06:00:00 PM,14,9,5
03/13/2020 07:00:00 PM,9,6,3
03/13/2020 08:00:00 PM,5,5,0
03/13/2020 09:00:00 PM,2,1,1
03/13/2020 10:00:00 PM,2,1,1
03/13/2020 11:00:00 PM,1,0,1
03/14/2020 12:00:00 AM,1,1,0
03/14/2020 01:00:00 AM,1,1,0
03/14/2020 02:00:00 AM,0,0,0
03/14/2020 03:00:00 AM,0,0,0
03/14/2020 04:00:00 AM,0,0,0
03/14/2020 05:00:00 AM,0,0,0
03/14/2020 06:00:00 AM,5,1,4
03/14/2020 07:00:00 AM,5,1,4
03/14/2020 08:00:00 AM,13,9,4
03/14/2020 09:00:00 AM,19,9,10
03/14/2020 10:00:00 AM,21,10,11
03/14/2020 11:00:00 AM,15,5,10
03/14/2020 12:00:00 PM,16,5,11
03/14/2020 01:00:00 PM,34,16,18
03/14/2020 02:00:00 PM,37,16,21
03/14/2020 03:00:00 PM,38,20,18
03/14/2020 04:00:00 PM,18,13,5
03/14/2020 05:00:00 PM,17,10,7
03/14/2020 06:00:00 PM,17,6,11
03/14/2020 07:00:00 PM,3,3,0
03/14/2020 08:00:00 PM,2,0,2
03/14/2020 09:00:00 PM,4,2,2
03/14/2020 10:00:00 PM,2,0,2
03/14/2020 11:00:00 PM,0,0,0
03/15/2020 12:00:00 AM,2,1,1
03/15/2020 01:00:00 AM,0,0,0
03/15/2020 02:00:00 AM,4,2,2
03/15/2020 03:00:00 AM,2,1,1
03/15/2020 04:00:00 AM,0,0,0
03/15/2020 05:00:00 AM,0,0,0
03/15/2020 06:00:00 AM,4,3,1
03/15/2020 07:00:00 AM,7,1,6
03/15/2020 08:00:00 AM,8,5,3
03/15/2020 09:00:00 AM,18,2,16
03/15/2020 10:00:00 AM,20,6,14
03/15/2020 11:00:00 AM,46,31,15
03/15/2020 12:00:00 PM,48,31,17
03/15/2020 01:00:00 PM,56,30,26
03/15/2020 02:00:00 PM,53,25,28
03/15/2020 03:00:00 PM,60,23,37
03/15/2020 04:00:00 PM,47,22,25
03/15/2020 05:00:00 PM,20,10,10
03/15/2020 06:00:00 PM,22,9,13
03/15/2020 07:00:00 PM,5,1,4
03/15/2020 08:00:00 PM,7,5,2
03/15/2020 09:00:00 PM,1,0,1
03/15/2020 10:00:00 PM,0,0,0
03/15/2020 11:00:00 PM,3,1,2
03/16/2020 12:00:00 AM,0,0,0
03/16/2020 01:00:00 AM,1,1,0
03/16/2020 02:00:00 AM,0,0,0
03/16/2020 03:00:00 AM,2,0,2
03/16/2020 04:00:00 AM,3,0,3
03/16/2020 05:00:00 AM,8,1,7
03/16/2020 06:00:00 AM,34,7,27
03/16/2020 07:00:00 AM,45,6,39
03/16/2020 08:00:00 AM,27,2,25
03/16/2020 09:00:00 AM,13,1,12
03/16/2020 10:00:00 AM,16,3,13
03/16/2020 11:00:00 AM,17,8,9
03/16/2020 12:00:00 PM,17,8,9
03/16/2020 01:00:00 PM,23,17,6
03/16/2020 02:00:00 PM,32,21,11
03/16/2020 03:00:00 PM,50,28,22
03/16/2020 04:00:00 PM,60,41,19
03/16/2020 05:00:00 PM,80,60,20
03/16/2020 06:00:00 PM,45,33,12
03/16/2020 07:00:00 PM,19,9,10
03/16/2020 08:00:00 PM,8,6,2
03/16/2020 09:00:00 PM,1,1,0
03/16/2020 10:00:00 PM,4,2,2
03/16/2020 11:00:00 PM,2,2,0
03/17/2020 12:00:00 AM,1,1,0
03/17/2020 01:00:00 AM,0,0,0
03/17/2020 02:00:00 AM,2,2,0
03/17/2020 03:00:00 AM,0,0,0
03/17/2020 04:00:00 AM,0,0,0
03/17/2020 05:00:00 AM,12,1,11
03/17/2020 06:00:00 AM,31,6,25
03/17/2020 07:00:00 AM,31,9,22
03/17/2020 08:00:00 AM,29,2,27
03/17/2020 09:00:00 AM,17,2,15
03/17/2020 10:00:00 AM,14,1,13
03/17/2020 11:00:00 AM,11,6,5
03/17/2020 12:00:00 PM,27,16,11
03/17/2020 01:00:00 PM,30,13,17
03/17/2020 02:00:00 PM,38,19,19
03/17/2020 03:00:00 PM,44,24,20
03/17/2020 04:00:00 PM,59,43,16
03/17/2020 05:00:00 PM,87,54,33
03/17/2020 06:00:00 PM,48,33,15
03/17/2020 07:00:00 PM,10,7,3
03/17/2020 08:00:00 PM,11,11,0
03/17/2020 09:00:00 PM,0,0,0
03/17/2020 10:00:00 PM,2,1,1
03/17/2020 11:00:00 PM,1,0,1
03/18/2020 12:00:00 AM,0,0,0
03/18/2020 01:00:00 AM,0,0,0
03/18/2020 02:00:00 AM,1,1,0
03/18/2020 03:00:00 AM,0,0,0
03/18/2020 04:00:00 AM,1,1,0
03/18/2020 05:00:00 AM,8,1,7
03/18/2020 06:00:00 AM,35,5,30
03/18/2020 07:00:00 AM,26,4,22
03/18/2020 08:00:00 AM,26,3,23
03/18/2020 09:00:00 AM,21,4,17
03/18/2020 10:00:00 AM,22,6,16
03/18/2020 11:00:00 AM,26,15,11
03/18/2020 12:00:00 PM,46,20,26
03/18/2020 01:00:00 PM,43,19,24
03/18/2020 02:00:00 PM,43,22,21
03/18/2020 03:00:00 PM,76,44,32
03/18/2020 04:00:00 PM,73,49,24
03/18/2020 05:00:00 PM,118,77,41
03/18/2020 06:00:00 PM,77,35,42
03/18/2020 07:00:00 PM,34,21,13
03/18/2020 08:00:00 PM,22,15,7
03/18/2020 09:00:00 PM,4,2,2
03/18/2020 10:00:00 PM,1,1,0
03/18/2020 11:00:00 PM,3,2,1
03/19/2020 12:00:00 AM,0,0,0
03/19/2020 01:00:00 AM,1,1,0
03/19/2020 02:00:00 AM,1,1,0
03/19/2020 03:00:00 AM,0,0,0
03/19/2020 04:00:00 AM,1,0,1
03/19/2020 05:00:00 AM,5,1,4
03/19/2020 06:00:00 AM,21,2,19
03/19/2020 07:00:00 AM,20,2,18
03/19/2020 08:00:00 AM,29,3,26
03/19/2020 09:00:00 AM,13,3,10
03/19/2020 10:00:00 AM,17,3,14
03/19/2020 11:00:00 AM,15,9,6
03/19/2020 12:00:00 PM,41,22,19
03/19/2020 01:00:00 PM,43,19,24
03/19/2020 02:00:00 PM,58,34,24
03/19/2020 03:00:00 PM,62,40,22
03/19/2020 04:00:00 PM,89,53,36
03/19/2020 05:00:00 PM,96,58,38
03/19/2020 06:00:00 PM,64,47,17
03/19/2020 07:00:00 PM,39,14,25
03/19/2020 08:00:00 PM,25,12,13
03/19/2020 09:00:00 PM,6,5,1
03/19/2020 10:00:00 PM,1,1,0
03/19/2020 11:00:00 PM,3,1,2
03/20/2020 12:00:00 AM,3,3,0
03/20/2020 01:00:00 AM,0,0,0
03/20/2020 02:00:00 AM,1,1,0
03/20/2020 03:00:00 AM,1,1,0
03/20/2020 04:00:00 AM,1,1,0
03/20/2020 05:00:00 AM,9,2,7
03/20/2020 06:00:00 AM,19,5,14
03/20/2020 07:00:00 AM,21,4,17
03/20/2020 08:00:00 AM,25,2,23
03/20/2020 09:00:00 AM,23,5,18
03/20/2020 10:00:00 AM,17,7,10
03/20/2020 11:00:00 AM,31,19,12
03/20/2020 12:00:00 PM,30,15,15
03/20/2020 01:00:00 PM,51,24,27
03/20/2020 02:00:00 PM,57,26,31
03/20/2020 03:00:00 PM,64,40,24
03/20/2020 04:00:00 PM,87,50,37
03/20/2020 05:00:00 PM,113,71,42
03/20/2020 06:00:00 PM,68,36,32
03/20/2020 07:00:00 PM,30,15,15
03/20/2020 08:00:00 PM,14,5,9
03/20/2020 09:00:00 PM,7,4,3
03/20/2020 10:00:00 PM,4,3,1
03/20/2020 11:00:00 PM,6,4,2
03/21/2020 12:00:00 AM,0,0,0
03/21/2020 01:00:00 AM,0,0,0
03/21/2020 02:00:00 AM,1,0,1
03/21/2020 03:00:00 AM,1,1,0
03/21/2020 04:00:00 AM,1,1,0
03/21/2020 05:00:00 AM,4,2,2
03/21/2020 06:00:00 AM,3,0,3
03/21/2020 07:00:00 AM,10,2,8
03/21/2020 08:00:00 AM,16,9,7
03/21/2020 09:00:00 AM,29,13,16
03/21/2020 10:00:00 AM,45,25,20
03/21/2020 11:00:00 AM,70,35,35
03/21/2020 12:00:00 PM,59,34,25
03/21/2020 01:00:00 PM,111,66,45
03/21/2020 02:00:00 PM,111,52,59
03/21/2020 03:00:00 PM,141,78,63
03/21/2020 04:00:00 PM,119,56,63
03/21/2020 05:00:00 PM,97,48,49
03/21/2020 06:00:00 PM,50,21,29
03/21/2020 07:00:00 PM,19,8,11
03/21/2020 08:00:00 PM,9,4,5
03/21/2020 09:00:00 PM,2,2,0
03/21/2020 10:00:00 PM,0,0,0
03/21/2020 11:00:00 PM,5,2,3
03/22/2020 12:00:00 AM,0,0,0
03/22/2020 01:00:00 AM,3,2,1
03/22/2020 02:00:00 AM,0,0,0
03/22/2020 03:00:00 AM,0,0,0
03/22/2020 04:00:00 AM,1,1,0
03/22/2020 05:00:00 AM,0,0,0
03/22/2020 06:00:00 AM,3,1,2
03/22/2020 07:00:00 AM,10,2,8
03/22/2020 08:00:00 AM,10,4,6
03/22/2020 09:00:00 AM,17,9,8
03/22/2020 10:00:00 AM,23,12,11
03/22/2020 11:00:00 AM,67,30,37
03/22/2020 12:00:00 PM,96,54,42
03/22/2020 01:00:00 PM,99,52,47
03/22/2020 02:00:00 PM,110,50,60
03/22/2020 03:00:00 PM,107,51,56
03/22/2020 04:00:00 PM,55,29,26
03/22/2020 05:00:00 PM,33,21,12
03/22/2020 06:00:00 PM,16,8,8
03/22/2020 07:00:00 PM,16,9,7
03/22/2020 08:00:00 PM,2,1,1
03/22/2020 09:00:00 PM,1,1,0
03/22/2020 10:00:00 PM,0,0,0
03/22/2020 11:00:00 PM,1,0,1
03/23/2020 12:00:00 AM,1,0,1
03/23/2020 01:00:00 AM,5,2,3
03/23/2020 02:00:00 AM,4,2,2
03/23/2020 03:00:00 AM,0,0,0
03/23/2020 04:00:00 AM,0,0,0
03/23/2020 05:00:00 AM,9,1,8
03/23/2020 06:00:00 AM,22,3,19
03/23/2020 07:00:00 AM,21,2,19
03/23/2020 08:00:00 AM,25,5,20
03/23/2020 09:00:00 AM,17,2,15
03/23/2020 10:00:00 AM,17,3,14
03/23/2020 11:00:00 AM,10,4,6
03/23/2020 12:00:00 PM,19,10,9
03/23/2020 01:00:00 PM,22,13,9
03/23/2020 02:00:00 PM,20,11,9
03/23/2020 03:00:00 PM,25,15,10
03/23/2020 04:00:00 PM,28,22,6
03/23/2020 05:00:00 PM,33,21,12
03/23/2020 06:00:00 PM,32,26,6
03/23/2020 07:00:00 PM,10,8,2
03/23/2020 08:00:00 PM,7,3,4
03/23/2020 09:00:00 PM,1,1,0
03/23/2020 10:00:00 PM,4,4,0
03/23/2020 11:00:00 PM,3,2,1
03/24/2020 12:00:00 AM,0,0,0
03/24/2020 01:00:00 AM,1,1,0
03/24/2020 02:00:00 AM,1,1,0
03/24/2020 03:00:00 AM,2,1,1
03/24/2020 04:00:00 AM,1,0,1
03/24/2020 05:00:00 AM,6,1,5
03/24/2020 06:00:00 AM,28,5,23
03/24/2020 07:00:00 AM,26,6,20
03/24/2020 08:00:00 AM,14,2,12
03/24/2020 09:00:00 AM,20,5,15
03/24/2020 10:00:00 AM,9,3,6
03/24/2020 11:00:00 AM,14,6,8
03/24/2020 12:00:00 PM,16,6,10
03/24/2020 01:00:00 PM,22,14,8
03/24/2020 02:00:00 PM,20,11,9
03/24/2020 03:00:00 PM,26,17,9
03/24/2020 04:00:00 PM,43,35,8
03/24/2020 05:00:00 PM,49,39,10
03/24/2020 06:00:00 PM,41,23,18
03/24/2020 07:00:00 PM,13,9,4
03/24/2020 08:00:00 PM,7,4,3
03/24/2020 09:00:00 PM,3,3,0
03/24/2020 10:00:00 PM,0,0,0
03/24/2020 11:00:00 PM,1,0,1
03/25/2020 12:00:00 AM,1,1,0
03/25/2020 01:00:00 AM,2,1,1
03/25/2020 02:00:00 AM,2,2,0
03/25/2020 03:00:00 AM,0,0,0
03/25/2020 04:00:00 AM,1,0,1
03/25/2020 05:00:00 AM,4,1,3
03/25/2020 06:00:00 AM,23,4,19
03/25/2020 07:00:00 AM,11,0,11
03/25/2020 08:00:00 AM,14,2,12
03/25/2020 09:00:00 AM,14,8,6
03/25/2020 10:00:00 AM,9,4,5
03/25/2020 11:00:00 AM,6,0,6
03/25/2020 12:00:00 PM,19,13,6
03/25/2020 01:00:00 PM,10,5,5
03/25/2020 02:00:00 PM,26,13,13
03/25/2020 03:00:00 PM,37,18,19
03/25/2020 04:00:00 PM,76,34,42
03/25/2020 05:00:00 PM,88,58,30
03/25/2020 06:00:00 PM,46,21,25
03/25/2020 07:00:00 PM,30,18,12
03/25/2020 08:00:00 PM,6,5,1
03/25/2020 09:00:00 PM,8,5,3
03/25/2020 10:00:00 PM,2,1,1
03/25/2020 11:00:00 PM,3,2,1
03/26/2020 12:00:00 AM,0,0,0
03/26/2020 01:00:00 AM,0,0,0
03/26/2020 02:00:00 AM,4,3,1
03/26/2020 03:00:00 AM,1,1,0
03/26/2020 04:00:00 AM,2,0,2
03/26/2020 05:00:00 AM,9,3,6
03/26/2020 06:00:00 AM,28,6,22
03/26/2020 07:00:00 AM,23,3,20
03/26/2020 08:00:00 AM,17,5,12
03/26/2020 09:00:00 AM,18,6,12
03/26/2020 10:00:00 AM,27,12,15
03/26/2020 11:00:00 AM,32,8,24
03/26/2020 12:00:00 PM,23,10,13
03/26/2020 01:00:00 PM,43,27,16
03/26/2020 02:00:00 PM,33,13,20
03/26/2020 03:00:00 PM,32,21,11
03/26/2020 04:00:00 PM,34,18,16
03/26/2020 05:00:00 PM,59,42,17
03/26/2020 06:00:00 PM,39,23,16
03/26/2020 07:00:00 PM,20,13,7
03/26/2020 08:00:00 PM,6,4,2
03/26/2020 09:00:00 PM,4,1,3
03/26/2020 10:00:00 PM,1,1,0
03/26/2020 11:00:00 PM,1,0,1
03/27/2020 12:00:00 AM,0,0,0
03/27/2020 01:00:00 AM,2,1,1
03/27/2020 02:00:00 AM,4,2,2
03/27/2020 03:00:00 AM,1,0,1
03/27/2020 04:00:00 AM,2,1,1
03/27/2020 05:00:00 AM,6,1,5
03/27/2020 06:00:00 AM,14,2,12
03/27/2020 07:00:00 AM,13,3,10
03/27/2020 08:00:00 AM,14,1,13
03/27/2020 09:00:00 AM,18,7,11
03/27/2020 10:00:00 AM,8,2,6
03/27/2020 11:00:00 AM,17,8,9
03/27/2020 12:00:00 PM,17,9,8
03/27/2020 01:00:00 PM,32,13,19
03/27/2020 02:00:00 PM,27,13,14
03/27/2020 03:00:00 PM,41,24,17
03/27/2020 04:00:00 PM,44,25,19
03/27/2020 05:00:00 PM,48,24,24
03/27/2020 06:00:00 PM,35,16,19
03/27/2020 07:00:00 PM,7,7,0
03/27/2020 08:00:00 PM,5,5,0
03/27/2020 09:00:00 PM,10,6,4
03/27/2020 10:00:00 PM,1,1,0
03/27/2020 11:00:00 PM,1,1,0
03/28/2020 12:00:00 AM,5,3,2
03/28/2020 01:00:00 AM,0,0,0
03/28/2020 02:00:00 AM,4,1,3
03/28/2020 03:00:00 AM,0,0,0
03/28/2020 04:00:00 AM,0,0,0
03/28/2020 05:00:00 AM,1,1,0
03/28/2020 06:00:00 AM,6,4,2
03/28/2020 07:00:00 AM,4,0,4
03/28/2020 08:00:00 AM,14,5,9
03/28/2020 09:00:00 AM,23,11,12
03/28/2020 10:00:00 AM,27,14,13
03/28/2020 11:00:00 AM,38,20,18
03/28/2020 12:00:00 PM,49,28,21
03/28/2020 01:00:00 PM,58,25,33
03/28/2020 02:00:00 PM,44,23,21
03/28/2020 03:00:00 PM,49,21,28
03/28/2020 04:00:00 PM,35,17,18
03/28/2020 05:00:00 PM,26,13,13
03/28/2020 06:00:00 PM,13,7,6
03/28/2020 07:00:00 PM,10,7,3
03/28/2020 08:00:00 PM,0,0,0
03/28/2020 09:00:00 PM,3,2,1
03/28/2020 10:00:00 PM,3,1,2
03/28/2020 11:00:00 PM,3,1,2
03/29/2020 12:00:00 AM,0,0,0
03/29/2020 01:00:00 AM,0,0,0
03/29/2020 02:00:00 AM,0,0,0
03/29/2020 03:00:00 AM,0,0,0
03/29/2020 04:00:00 AM,0,0,0
03/29/2020 05:00:00 AM,2,1,1
03/29/2020 06:00:00 AM,2,0,2
03/29/2020 07:00:00 AM,5,2,3
03/29/2020 08:00:00 AM,9,4,5
03/29/2020 09:00:00 AM,14,6,8
03/29/2020 10:00:00 AM,35,17,18
03/29/2020 11:00:00 AM,90,43,47
03/29/2020 12:00:00 PM,90,48,42
03/29/2020 01:00:00 PM,140,66,74
03/29/2020 02:00:00 PM,210,123,87
03/29/2020 03:00:00 PM,157,80,77
03/29/2020 04:00:00 PM,122,58,64
03/29/2020 05:00:00 PM,95,46,49
03/29/2020 06:00:00 PM,33,14,19
03/29/2020 07:00:00 PM,13,7,6
03/29/2020 08:00:00 PM,2,2,0
03/29/2020 09:00:00 PM,0,0,0
03/29/2020 10:00:00 PM,0,0,0
03/29/2020 11:00:00 PM,0,0,0
03/30/2020 12:00:00 AM,0,0,0
03/30/2020 01:00:00 AM,0,0,0
03/30/2020 02:00:00 AM,0,0,0
03/30/2020 03:00:00 AM,0,0,0
03/30/2020 04:00:00 AM,0,0,0
03/30/2020 05:00:00 AM,7,2,5
03/30/2020 06:00:00 AM,17,2,15
03/30/2020 07:00:00 AM,13,3,10
03/30/2020 08:00:00 AM,18,3,15
03/30/2020 09:00:00 AM,14,7,7
03/30/2020 10:00:00 AM,17,4,13
03/30/2020 11:00:00 AM,7,1,6
03/30/2020 12:00:00 PM,3,3,0
03/30/2020 01:00:00 PM,7,4,3
03/30/2020 02:00:00 PM,7,5,2
03/30/2020 03:00:00 PM,13,5,8
03/30/2020 04:00:00 PM,23,16,7
03/30/2020 05:00:00 PM,20,17,3
03/30/2020 06:00:00 PM,13,10,3
03/30/2020 07:00:00 PM,3,1,2
03/30/2020 08:00:00 PM,2,0,2
03/30/2020 09:00:00 PM,2,2,0
03/30/2020 10:00:00 PM,0,0,0
03/30/2020 11:00:00 PM,1,1,0
03/31/2020 12:00:00 AM,2,2,0
03/31/2020 01:00:00 AM,0,0,0
03/31/2020 02:00:00 AM,3,3,0
03/31/2020 03:00:00 AM,1,0,1
03/31/2020 04:00:00 AM,1,0,1
03/31/2020 05:00:00 AM,5,2,3
03/31/2020 06:00:00 AM,23,5,18
03/31/2020 07:00:00 AM,13,2,11
03/31/2020 08:00:00 AM,18,2,16
03/31/2020 09:00:00 AM,11,5,6
03/31/2020 10:00:00 AM,13,5,8
03/31/2020 11:00:00 AM,16,9,7
03/31/2020 12:00:00 PM,24,7,17
03/31/2020 01:00:00 PM,16,5,11
03/31/2020 02:00:00 PM,20,12,8
03/31/2020 03:00:00 PM,23,14,9
03/31/2020 04:00:00 PM,31,24,7
03/31/2020 05:00:00 PM,38,29,9
03/31/2020 06:00:00 PM,27,17,10
03/31/2020 07:00:00 PM,9,5,4
03/31/2020 08:00:00 PM,4,3,1
03/31/2020 09:00:00 PM,2,1,1
03/31/2020 10:00:00 PM,6,2,4
03/31/2020 11:00:00 PM,3,3,0
04/01/2020 12:00:00 AM,1,1,0
04/01/2020 01:00:00 AM,2,2,0
04/01/2020 02:00:00 AM,1,1,0
04/01/2020 03:00:00 AM,1,0,1
04/01/2020 04:00:00 AM,0,0,0
04/01/2020 05:00:00 AM,7,2,5
04/01/2020 06:00:00 AM,15,0,15
04/01/2020 07:00:00 AM,23,2,21
04/01/2020 08:00:00 AM,28,4,24
04/01/2020 09:00:00 AM,11,3,8
04/01/2020 10:00:00 AM,11,2,9
04/01/2020 11:00:00 AM,18,9,9
04/01/2020 12:00:00 PM,20,9,11
04/01/2020 01:00:00 PM,29,13,16
04/01/2020 02:00:00 PM,48,24,24
04/01/2020 03:00:00 PM,71,40,31
04/01/2020 04:00:00 PM,75,46,29
04/01/2020 05:00:00 PM,71,45,26
04/01/2020 06:00:00 PM,81,45,36
04/01/2020 07:00:00 PM,36,21,15
04/01/2020 08:00:00 PM,11,7,4
04/01/2020 09:00:00 PM,8,6,2
04/01/2020 10:00:00 PM,5,2,3
04/01/2020 11:00:00 PM,1,1,0
04/02/2020 12:00:00 AM,2,0,2
04/02/2020 01:00:00 AM,1,1,0
04/02/2020 02:00:00 AM,1,1,0
04/02/2020 03:00:00 AM,4,4,0
04/02/2020 04:00:00 AM,0,0,0
04/02/2020 05:00:00 AM,7,2,5
04/02/2020 06:00:00 AM,24,5,19
04/02/2020 07:00:00 AM,29,4,25
04/02/2020 08:00:00 AM,14,1,13
04/02/2020 09:00:00 AM,21,4,17
04/02/2020 10:00:00 AM,10,4,6
04/02/2020 11:00:00 AM,14,4,10
04/02/2020 12:00:00 PM,19,11,8
04/02/2020 01:00:00 PM,28,10,18
04/02/2020 02:00:00 PM,41,15,26
04/02/2020 03:00:00 PM,51,29,22
04/02/2020 04:00:00 PM,64,41,23
04/02/2020 05:00:00 PM,85,50,35
04/02/2020 06:00:00 PM,55,40,15
04/02/2020 07:00:00 PM,31,18,13
04/02/2020 08:00:00 PM,12,5,7
04/02/2020 09:00:00 PM,7,4,3
04/02/2020 10:00:00 PM,1,0,1
04/02/2020 11:00:00 PM,0,0,0
04/03/2020 12:00:00 AM,1,0,1
04/03/2020 01:00:00 AM,1,1,0
04/03/2020 02:00:00 AM,4,2,2
04/03/2020 03:00:00 AM,0,0,0
04/03/2020 04:00:00 AM,1,0,1
04/03/2020 05:00:00 AM,10,4,6
04/03/2020 06:00:00 AM,20,5,15
04/03/2020 07:00:00 AM,22,1,21
04/03/2020 08:00:00 AM,15,1,14
04/03/2020 09:00:00 AM,19,7,12
04/03/2020 10:00:00 AM,19,12,7
04/03/2020 11:00:00 AM,30,13,17
04/03/2020 12:00:00 PM,33,13,20
04/03/2020 01:00:00 PM,27,14,13
04/03/2020 02:00:00 PM,35,20,15
04/03/2020 03:00:00 PM,40,29,11
04/03/2020 04:00:00 PM,45,30,15
04/03/2020 05:00:00 PM,36,20,16
04/03/2020 06:00:00 PM,27,21,6
04/03/2020 07:00:00 PM,13,9,4
04/03/2020 08:00:00 PM,5,3,2
04/03/2020 09:00:00 PM,0,0,0
04/03/2020 10:00:00 PM,2,2,0
04/03/2020 11:00:00 PM,2,2,0
04/04/2020 12:00:00 AM,3,1,2
04/04/2020 01:00:00 AM,0,0,0
04/04/2020 02:00:00 AM,0,0,0
04/04/2020 03:00:00 AM,1,1,0
04/04/2020 04:00:00 AM,0,0,0
04/04/2020 05:00:00 AM,2,0,2
04/04/2020 06:00:00 AM,10,4,6
04/04/2020 07:00:00 AM,5,3,2
04/04/2020 08:00:00 AM,21,10,11
04/04/2020 09:00:00 AM,38,19,19
04/04/2020 10:00:00 AM,63,35,28
04/04/2020 11:00:00 AM,82,36,46
04/04/2020 12:00:00 PM,141,62,79
04/04/2020 01:00:00 PM,147,65,82
04/04/2020 02:00:00 PM,177,97,80
04/04/2020 03:00:00 PM,140,73,67
04/04/2020 04:00:00 PM,93,52,41
04/04/2020 05:00:00 PM,76,34,42
04/04/2020 06:00:00 PM,37,22,15
04/04/2020 07:00:00 PM,10,6,4
04/04/2020 08:00:00 PM,10,6,4
04/04/2020 09:00:00 PM,1,0,1
04/04/2020 10:00:00 PM,1,0,1
04/04/2020 11:00:00 PM,1,1,0
04/05/2020 12:00:00 AM,0,0,0
04/05/2020 01:00:00 AM,2,0,2
04/05/2020 02:00:00 AM,0,0,0
04/05/2020 03:00:00 AM,0,0,0
04/05/2020 04:00:00 AM,0,0,0
04/05/2020 05:00:00 AM,1,0,1
04/05/2020 06:00:00 AM,5,2,3
04/05/2020 07:00:00 AM,7,1,6
04/05/2020 08:00:00 AM,15,7,8
04/05/2020 09:00:00 AM,26,10,16
04/05/2020 10:00:00 AM,40,23,17
04/05/2020 11:00:00 AM,70,41,29
04/05/2020 12:00:00 PM,96,41,55
04/05/2020 01:00:00 PM,122,60,62
04/05/2020 02:00:00 PM,108,67,41
04/05/2020 03:00:00 PM,129,64,65
04/05/2020 04:00:00 PM,100,56,44
04/05/2020 05:00:00 PM,44,25,19
04/05/2020 06:00:00 PM,19,11,8
04/05/2020 07:00:00 PM,17,7,10
04/05/2020 08:00:00 PM,5,2,3
04/05/2020 09:00:00 PM,2,1,1
04/05/2020 10:00:00 PM,3,3,0
04/05/2020 11:00:00 PM,0,0,0
04/06/2020 12:00:00 AM,0,0,0
04/06/2020 01:00:00 AM,4,2,2
04/06/2020 02:00:00 AM,1,1,0
04/06/2020 03:00:00 AM,0,0,0
04/06/2020 04:00:00 AM,0,0,0
04/06/2020 05:00:00 AM,9,1,8
04/06/2020 06:00:00 AM,30,5,25
04/06/2020 07:00:00 AM,19,0,19
04/06/2020 08:00:00 AM,27,3,24
04/06/2020 09:00:00 AM,35,15,20
04/06/2020 10:00:00 AM,22,8,14
04/06/2020 11:00:00 AM,25,10,15
04/06/2020 12:00:00 PM,53,22,31
04/06/2020 01:00:00 PM,52,26,26
04/06/2020 02:00:00 PM,58,37,21
04/06/2020 03:00:00 PM,77,39,38
04/06/2020 04:00:00 PM,91,47,44
04/06/2020 05:00:00 PM,106,65,41
04/06/2020 06:00:00 PM,70,47,23
04/06/2020 07:00:00 PM,31,13,18
04/06/2020 08:00:00 PM,14,8,6
04/06/2020 09:00:00 PM,5,1,4
04/06/2020 10:00:00 PM,0,0,0
04/06/2020 11:00:00 PM,3,2,1
04/07/2020 12:00:00 AM,0,0,0
04/07/2020 01:00:00 AM,0,0,0
04/07/2020 02:00:00 AM,1,1,0
04/07/2020 03:00:00 AM,1,0,1
04/07/2020 04:00:00 AM,0,0,0
04/07/2020 05:00:00 AM,7,2,5
04/07/2020 06:00:00 AM,34,4,30
04/07/2020 07:00:00 AM,29,3,26
04/07/2020 08:00:00 AM,25,5,20
04/07/2020 09:00:00 AM,20,5,15
04/07/2020 10:00:00 AM,19,9,10
04/07/2020 11:00:00 AM,22,13,9
04/07/2020 12:00:00 PM,26,15,11
04/07/2020 01:00:00 PM,40,18,22
04/07/2020 02:00:00 PM,44,22,22
04/07/2020 03:00:00 PM,56,32,24
04/07/2020 04:00:00 PM,94,64,30
04/07/2020 05:00:00 PM,79,55,24
04/07/2020 06:00:00 PM,79,35,44
04/07/2020 07:00:00 PM,42,25,17
04/07/2020 08:00:00 PM,24,8,16
04/07/2020 09:00:00 PM,5,2,3
04/07/2020 10:00:00 PM,6,4,2
04/07/2020 11:00:00 PM,2,1,1
04/08/2020 12:00:00 AM,1,0,1
04/08/2020 01:00:00 AM,1,0,1
04/08/2020 02:00:00 AM,5,3,2
04/08/2020 03:00:00 AM,2,0,2
04/08/2020 04:00:00 AM,1,1,0
04/08/2020 05:00:00 AM,12,1,11
04/08/2020 06:00:00 AM,30,5,25
04/08/2020 07:00:00 AM,27,5,22
04/08/2020 08:00:00 AM,31,4,27
04/08/2020 09:00:00 AM,16,4,12
04/08/2020 10:00:00 AM,25,9,16
04/08/2020 11:00:00 AM,36,17,19
04/08/2020 12:00:00 PM,50,28,22
04/08/2020 01:00:00 PM,50,20,30
04/08/2020 02:00:00 PM,55,22,33
04/08/2020 03:00:00 PM,102,67,35
04/08/2020 04:00:00 PM,84,56,28
04/08/2020 05:00:00 PM,110,64,46
04/08/2020 06:00:00 PM,104,57,47
04/08/2020 07:00:00 PM,44,21,23
04/08/2020 08:00:00 PM,18,12,6
04/08/2020 09:00:00 PM,9,5,4
04/08/2020 10:00:00 PM,1,0,1
04/08/2020 11:00:00 PM,2,1,1
04/09/2020 12:00:00 AM,2,0,2
04/09/2020 01:00:00 AM,2,2,0
04/09/2020 02:00:00 AM,1,1,0
04/09/2020 03:00:00 AM,0,0,0
04/09/2020 04:00:00 AM,1,1,0
04/09/2020 05:00:00 AM,6,1,5
04/09/2020 06:00:00 AM,30,1,29
04/09/2020 07:00:00 AM,30,3,27
04/09/2020 08:00:00 AM,34,14,20
04/09/2020 09:00:00 AM,28,10,18
04/09/2020 10:00:00 AM,31,10,21
04/09/2020 11:00:00 AM,44,15,29
04/09/2020 12:00:00 PM,55,22,33
04/09/2020 01:00:00 PM,74,37,37
04/09/2020 02:00:00 PM,75,47,28
04/09/2020 03:00:00 PM,117,64,53
04/09/2020 04:00:00 PM,128,83,45
04/09/2020 05:00:00 PM,146,81,65
04/09/2020 06:00:00 PM,92,57,35
04/09/2020 07:00:00 PM,58,32,26
04/09/2020 08:00:00 PM,18,10,8
04/09/2020 09:00:00 PM,4,1,3
04/09/2020 10:00:00 PM,2,1,1
04/09/2020 11:00:00 PM,2,1,1
04/10/2020 12:00:00 AM,2,2,0
04/10/2020 01:00:00 AM,1,0,1
04/10/2020 02:00:00 AM,2,1,1
04/10/2020 03:00:00 AM,2,0,2
04/10/2020 04:00:00 AM,0,0,0
04/10/2020 05:00:00 AM,5,2,3
04/10/2020 06:00:00 AM,25,3,22
04/10/2020 07:00:00 AM,34,9,25
04/10/2020 08:00:00 AM,26,4,22
04/10/2020 09:00:00 AM,40,14,26
04/10/2020 10:00:00 AM,32,12,20
04/10/2020 11:00:00 AM,45,19,26
04/10/2020 12:00:00 PM,65,44,21
04/10/2020 01:00:00 PM,52,30,22
04/10/2020 02:00:00 PM,71,38,33
04/10/2020 03:00:00 PM,88,44,44
04/10/2020 04:00:00 PM,94,53,41
04/10/2020 05:00:00 PM,115,73,42
04/10/2020 06:00:00 PM,79,45,34
04/10/2020 07:00:00 PM,40,18,22
04/10/2020 08:00:00 PM,14,8,6
04/10/2020 09:00:00 PM,6,4,2
04/10/2020 10:00:00 PM,3,3,0
04/10/2020 11:00:00 PM,2,2,0
04/11/2020 12:00:00 AM,2,1,1
04/11/2020 01:00:00 AM,1,0,1
04/11/2020 02:00:00 AM,2,1,1
04/11/2020 03:00:00 AM,1,1,0
04/11/2020 04:00:00 AM,3,1,2
04/11/2020 05:00:00 AM,1,1,0
04/11/2020 06:00:00 AM,12,2,10
04/11/2020 07:00:00 AM,13,6,7
04/11/2020 08:00:00 AM,13,4,9
04/11/2020 09:00:00 AM,39,20,19
04/11/2020 10:00:00 AM,38,14,24
04/11/2020 11:00:00 AM,66,34,32
04/11/2020 12:00:00 PM,93,56,37
04/11/2020 01:00:00 PM,80,34,46
04/11/2020 02:00:00 PM,136,64,72
04/11/2020 03:00:00 PM,122,62,60
04/11/2020 04:00:00 PM,128,71,57
04/11/2020 05:00:00 PM,108,51,57
04/11/2020 06:00:00 PM,67,42,25
04/11/2020 07:00:00 PM,38,15,23
04/11/2020 08:00:00 PM,8,6,2
04/11/2020 09:00:00 PM,6,1,5
04/11/2020 10:00:00 PM,0,0,0
04/11/2020 11:00:00 PM,0,0,0
04/12/2020 12:00:00 AM,1,1,0
04/12/2020 01:00:00 AM,0,0,0
04/12/2020 02:00:00 AM,1,1,0
04/12/2020 03:00:00 AM,0,0,0
04/12/2020 04:00:00 AM,2,2,0
04/12/2020 05:00:00 AM,2,0,2
04/12/2020 06:00:00 AM,3,2,1
04/12/2020 07:00:00 AM,13,4,9
04/12/2020 08:00:00 AM,21,7,14
04/12/2020 09:00:00 AM,61,24,37
04/12/2020 10:00:00 AM,82,40,42
04/12/2020 11:00:00 AM,116,82,34
04/12/2020 12:00:00 PM,139,62,77
04/12/2020 01:00:00 PM,179,100,79
04/12/2020 02:00:00 PM,186,98,88
04/12/2020 03:00:00 PM,176,87,89
04/12/2020 04:00:00 PM,150,66,84
04/12/2020 05:00:00 PM,88,35,53
04/12/2020 06:00:00 PM,51,27,24
04/12/2020 07:00:00 PM,25,7,18
04/12/2020 08:00:00 PM,11,7,4
04/12/2020 09:00:00 PM,5,1,4
04/12/2020 10:00:00 PM,4,0,4
04/12/2020 11:00:00 PM,0,0,0
04/13/2020 12:00:00 AM,1,1,0
04/13/2020 01:00:00 AM,2,0,2
04/13/2020 02:00:00 AM,0,0,0
04/13/2020 03:00:00 AM,1,1,0
04/13/2020 04:00:00 AM,0,0,0
04/13/2020 05:00:00 AM,13,3,10
04/13/2020 06:00:00 AM,29,3,26
04/13/2020 07:00:00 AM,33,4,29
04/13/2020 08:00:00 AM,25,6,19
04/13/2020 09:00:00 AM,26,8,18
04/13/2020 10:00:00 AM,24,9,15
04/13/2020 11:00:00 AM,34,19,15
04/13/2020 12:00:00 PM,49,23,26
04/13/2020 01:00:00 PM,46,18,28
04/13/2020 02:00:00 PM,64,42,22
04/13/2020 03:00:00 PM,69,42,27
04/13/2020 04:00:00 PM,101,57,44
04/13/2020 05:00:00 PM,107,66,41
04/13/2020 06:00:00 PM,61,34,27
04/13/2020 07:00:00 PM,37,19,18
04/13/2020 08:00:00 PM,12,7,5
04/13/2020 09:00:00 PM,5,2,3
04/13/2020 10:00:00 PM,4,3,1
04/13/2020 11:00:00 PM,4,1,3
04/14/2020 12:00:00 AM,1,1,0
04/14/2020 01:00:00 AM,2,2,0
04/14/2020 02:00:00 AM,2,0,2
04/14/2020 03:00:00 AM,1,0,1
04/14/2020 04:00:00 AM,0,0,0
04/14/2020 05:00:00 AM,11,2,9
04/14/2020 06:00:00 AM,30,4,26
04/14/2020 07:00:00 AM,30,4,26
04/14/2020 08:00:00 AM,28,7,21
04/14/2020 09:00:00 AM,34,10,24
04/14/2020 10:00:00 AM,25,9,16
04/14/2020 11:00:00 AM,28,14,14
04/14/2020 12:00:00 PM,38,21,17
04/14/2020 01:00:00 PM,59,36,23
04/14/2020 02:00:00 PM,82,30,52
04/14/2020 03:00:00 PM,90,53,37
04/14/2020 04:00:00 PM,106,66,40
04/14/2020 05:00:00 PM,108,63,45
04/14/2020 06:00:00 PM,70,42,28
04/14/2020 07:00:00 PM,46,23,23
04/14/2020 08:00:00 PM,6,2,4
04/14/2020 09:00:00 PM,6,3,3
04/14/2020 10:00:00 PM,5,2,3
04/14/2020 11:00:00 PM,1,1,0
04/15/2020 12:00:00 AM,1,0,1
04/15/2020 01:00:00 AM,1,0,1
04/15/2020 02:00:00 AM,2,2,0
04/15/2020 03:00:00 AM,0,0,0
04/15/2020 04:00:00 AM,1,0,1
04/15/2020 05:00:00 AM,6,3,3
04/15/2020 06:00:00 AM,28,1,27
04/15/2020 07:00:00 AM,32,5,27
04/15/2020 08:00:00 AM,36,6,30
04/15/2020 09:00:00 AM,34,12,22
04/15/2020 10:00:00 AM,19,6,13
04/15/2020 11:00:00 AM,40,22,18
04/15/2020 12:00:00 PM,53,24,29
04/15/2020 01:00:00 PM,67,37,30
04/15/2020 02:00:00 PM,68,33,35
04/15/2020 03:00:00 PM,76,47,29
04/15/2020 04:00:00 PM,102,60,42
04/15/2020 05:00:00 PM,86,57,29
04/15/2020 06:00:00 PM,69,38,31
04/15/2020 07:00:00 PM,39,24,15
04/15/2020 08:00:00 PM,19,16,3
04/15/2020 09:00:00 PM,6,3,3
04/15/2020 10:00:00 PM,4,3,1
04/15/2020 11:00:00 PM,2,1,1
04/16/2020 12:00:00 AM,3,2,1
04/16/2020 01:00:00 AM,2,2,0
04/16/2020 02:00:00 AM,2,2,0
04/16/2020 03:00:00 AM,0,0,0
04/16/2020 04:00:00 AM,0,0,0
04/16/2020 05:00:00 AM,11,2,9
04/16/2020 06:00:00 AM,36,2,34
04/16/2020 07:00:00 AM,42,5,37
04/16/2020 08:00:00 AM,28,8,20
04/16/2020 09:00:00 AM,38,13,25
04/16/2020 10:00:00 AM,28,14,14
04/16/2020 11:00:00 AM,68,31,37
04/16/2020 12:00:00 PM,81,28,53
04/16/2020 01:00:00 PM,76,39,37
04/16/2020 02:00:00 PM,95,53,42
04/16/2020 03:00:00 PM,139,87,52
04/16/2020 04:00:00 PM,139,84,55
04/16/2020 05:00:00 PM,142,83,59
04/16/2020 06:00:00 PM,114,65,49
04/16/2020 07:00:00 PM,61,35,26
04/16/2020 08:00:00 PM,38,19,19
04/16/2020 09:00:00 PM,7,5,2
04/16/2020 10:00:00 PM,2,2,0
04/16/2020 11:00:00 PM,2,2,0
04/17/2020 12:00:00 AM,5,3,2
04/17/2020 01:00:00 AM,1,0,1
04/17/2020 02:00:00 AM,4,4,0
04/17/2020 03:00:00 AM,0,0,0
04/17/2020 04:00:00 AM,2,0,2
04/17/2020 05:00:00 AM,7,2,5
04/17/2020 06:00:00 AM,30,1,29
04/17/2020 07:00:00 AM,36,5,31
04/17/2020 08:00:00 AM,30,8,22
04/17/2020 09:00:00 AM,34,13,21
04/17/2020 10:00:00 AM,62,19,43
04/17/2020 11:00:00 AM,73,32,41
04/17/2020 12:00:00 PM,99,38,61
04/17/2020 01:00:00 PM,89,51,38
04/17/2020 02:00:00 PM,83,56,27
04/17/2020 03:00:00 PM,97,55,42
04/17/2020 04:00:00 PM,118,65,53
04/17/2020 05:00:00 PM,92,58,34
04/17/2020 06:00:00 PM,67,40,27
04/17/2020 07:00:00 PM,24,12,12
04/17/2020 08:00:00 PM,16,9,7
04/17/2020 09:00:00 PM,13,5,8
04/17/2020 10:00:00 PM,1,1,0
04/17/2020 11:00:00 PM,3,0,3
04/18/2020 12:00:00 AM,3,3,0
04/18/2020 01:00:00 AM,3,3,0
04/18/2020 02:00:00 AM,0,0,0
04/18/2020 03:00:00 AM,1,0,1
04/18/2020 04:00:00 AM,0,0,0
04/18/2020 05:00:00 AM,7,2,5
04/18/2020 06:00:00 AM,7,1,6
04/18/2020 07:00:00 AM,12,4,8
04/18/2020 08:00:00 AM,14,5,9
04/18/2020 09:00:00 AM,15,6,9
04/18/2020 10:00:00 AM,9,4,5
04/18/2020 11:00:00 AM,28,16,12
04/18/2020 12:00:00 PM,39,16,23
04/18/2020 01:00:00 PM,52,29,23
04/18/2020 02:00:00 PM,102,57,45
04/18/2020 03:00:00 PM,79,49,30
04/18/2020 04:00:00 PM,63,29,34
04/18/2020 05:00:00 PM,89,48,41
04/18/2020 06:00:00 PM,30,11,19
04/18/2020 07:00:00 PM,15,11,4
04/18/2020 08:00:00 PM,14,4,10
04/18/2020 09:00:00 PM,5,1,4
04/18/2020 10:00:00 PM,5,5,0
04/18/2020 11:00:00 PM,2,2,0
04/19/2020 12:00:00 AM,0,0,0
04/19/2020 01:00:00 AM,3,2,1
04/19/2020 02:00:00 AM,2,2,0
04/19/2020 03:00:00 AM,0,0,0
04/19/2020 04:00:00 AM,0,0,0
04/19/2020 05:00:00 AM,0,0,0
04/19/2020 06:00:00 AM,10,1,9
04/19/2020 07:00:00 AM,15,5,10
04/19/2020 08:00:00 AM,33,16,17
04/19/2020 09:00:00 AM,70,32,38
04/19/2020 10:00:00 AM,92,40,52
04/19/2020 11:00:00 AM,146,91,55
04/19/2020 12:00:00 PM,178,80,98
04/19/2020 01:00:00 PM,187,107,80
04/19/2020 02:00:00 PM,266,142,124
04/19/2020 03:00:00 PM,179,88,91
04/19/2020 04:00:00 PM,193,86,107
04/19/2020 05:00:00 PM,118,55,63
04/19/2020 06:00:00 PM,76,36,40
04/19/2020 07:00:00 PM,30,18,12
04/19/2020 08:00:00 PM,13,5,8
04/19/2020 09:00:00 PM,5,3,2
04/19/2020 10:00:00 PM,2,0,2
04/19/2020 11:00:00 PM,4,3,1
04/20/2020 12:00:00 AM,2,2,0
04/20/2020 01:00:00 AM,3,1,2
04/20/2020 02:00:00 AM,1,0,1
04/20/2020 03:00:00 AM,2,1,1
04/20/2020 04:00:00 AM,0,0,0
04/20/2020 05:00:00 AM,18,2,16
04/20/2020 06:00:00 AM,34,8,26
04/20/2020 07:00:00 AM,45,11,34
04/20/2020 08:00:00 AM,33,7,26
04/20/2020 09:00:00 AM,38,16,22
04/20/2020 10:00:00 AM,32,11,21
04/20/2020 11:00:00 AM,47,18,29
04/20/2020 12:00:00 PM,67,38,29
04/20/2020 01:00:00 PM,63,29,34
04/20/2020 02:00:00 PM,76,35,41
04/20/2020 03:00:00 PM,101,63,38
04/20/2020 04:00:00 PM,122,71,51
04/20/2020 05:00:00 PM,137,92,45
04/20/2020 06:00:00 PM,101,52,49
04/20/2020 07:00:00 PM,52,29,23
04/20/2020 08:00:00 PM,17,5,12
04/20/2020 09:00:00 PM,5,2,3
04/20/2020 10:00:00 PM,4,1,3
04/20/2020 11:00:00 PM,4,4,0
04/21/2020 12:00:00 AM,4,2,2
04/21/2020 01:00:00 AM,0,0,0
04/21/2020 02:00:00 AM,1,1,0
04/21/2020 03:00:00 AM,1,1,0
04/21/2020 04:00:00 AM,3,1,2
04/21/2020 05:00:00 AM,17,5,12
04/21/2020 06:00:00 AM,37,10,27
04/21/2020 07:00:00 AM,39,2,37
04/21/2020 08:00:00 AM,28,8,20
04/21/2020 09:00:00 AM,17,4,13
04/21/2020 10:00:00 AM,25,10,15
04/21/2020 11:00:00 AM,29,10,19
04/21/2020 12:00:00 PM,24,9,15
04/21/2020 01:00:00 PM,24,14,10
04/21/2020 02:00:00 PM,26,11,15
04/21/2020 03:00:00 PM,59,44,15
04/21/2020 04:00:00 PM,57,40,17
04/21/2020 05:00:00 PM,72,47,25
04/21/2020 06:00:00 PM,51,37,14
04/21/2020 07:00:00 PM,20,14,6
04/21/2020 08:00:00 PM,10,5,5
04/21/2020 09:00:00 PM,5,3,2
04/21/2020 10:00:00 PM,2,0,2
04/21/2020 11:00:00 PM,0,0,0
04/22/2020 12:00:00 AM,2,2,0
04/22/2020 01:00:00 AM,1,1,0
04/22/2020 02:00:00 AM,2,1,1
04/22/2020 03:00:00 AM,1,0,1
04/22/2020 04:00:00 AM,0,0,0
04/22/2020 05:00:00 AM,6,3,3
04/22/2020 06:00:00 AM,25,3,22
04/22/2020 07:00:00 AM,24,6,18
04/22/2020 08:00:00 AM,19,5,14
04/22/2020 09:00:00 AM,14,3,11
04/22/2020 10:00:00 AM,5,1,4
04/22/2020 11:00:00 AM,6,4,2
04/22/2020 12:00:00 PM,9,3,6
04/22/2020 01:00:00 PM,9,6,3
04/22/2020 02:00:00 PM,10,5,5
04/22/2020 03:00:00 PM,12,10,2
04/22/2020 04:00:00 PM,20,13,7
04/22/2020 05:00:00 PM,36,24,12
04/22/2020 06:00:00 PM,19,14,5
04/22/2020 07:00:00 PM,9,4,5
04/22/2020 08:00:00 PM,7,4,3
04/22/2020 09:00:00 PM,2,1,1
04/22/2020 10:00:00 PM,1,1,0
04/22/2020 11:00:00 PM,3,2,1
04/23/2020 12:00:00 AM,1,1,0
04/23/2020 01:00:00 AM,2,1,1
04/23/2020 02:00:00 AM,1,1,0
04/23/2020 03:00:00 AM,1,1,0
04/23/2020 04:00:00 AM,0,0,0
04/23/2020 05:00:00 AM,7,1,6
04/23/2020 06:00:00 AM,25,3,22
04/23/2020 07:00:00 AM,30,5,25
04/23/2020 08:00:00 AM,21,5,16
04/23/2020 09:00:00 AM,18,6,12
04/23/2020 10:00:00 AM,18,9,9
04/23/2020 11:00:00 AM,20,9,11
04/23/2020 12:00:00 PM,28,6,22
04/23/2020 01:00:00 PM,30,17,13
04/23/2020 02:00:00 PM,59,27,32
04/23/2020 03:00:00 PM,62,41,21
04/23/2020 04:00:00 PM,54,32,22
04/23/2020 05:00:00 PM,33,24,9
04/23/2020 06:00:00 PM,30,23,7
04/23/2020 07:00:00 PM,24,14,10
04/23/2020 08:00:00 PM,7,4,3
04/23/2020 09:00:00 PM,6,3,3
04/23/2020 10:00:00 PM,1,1,0
04/23/2020 11:00:00 PM,2,2,0
04/24/2020 12:00:00 AM,1,1,0
04/24/2020 01:00:00 AM,0,0,0
04/24/2020 02:00:00 AM,5,4,1
04/24/2020 03:00:00 AM,0,0,0
04/24/2020 04:00:00 AM,0,0,0
04/24/2020 05:00:00 AM,16,2,14
04/24/2020 06:00:00 AM,32,5,27
04/24/2020 07:00:00 AM,34,12,22
04/24/2020 08:00:00 AM,36,10,26
04/24/2020 09:00:00 AM,30,11,19
04/24/2020 10:00:00 AM,42,17,25
04/24/2020 11:00:00 AM,73,46,27
04/24/2020 12:00:00 PM,67,25,42
04/24/2020 01:00:00 PM,76,34,42
04/24/2020 02:00:00 PM,69,36,33
04/24/2020 03:00:00 PM,67,38,29
04/24/2020 04:00:00 PM,51,43,8
04/24/2020 05:00:00 PM,110,67,43
04/24/2020 06:00:00 PM,70,34,36
04/24/2020 07:00:00 PM,31,15,16
04/24/2020 08:00:00 PM,11,8,3
04/24/2020 09:00:00 PM,4,2,2
04/24/2020 10:00:00 PM,8,6,2
04/24/2020 11:00:00 PM,1,1,0
04/25/2020 12:00:00 AM,5,2,3
04/25/2020 01:00:00 AM,0,0,0
04/25/2020 02:00:00 AM,2,1,1
04/25/2020 03:00:00 AM,1,1,0
04/25/2020 04:00:00 AM,1,1,0
04/25/2020 05:00:00 AM,3,0,3
04/25/2020 06:00:00 AM,18,4,14
04/25/2020 07:00:00 AM,5,2,3
04/25/2020 08:00:00 AM,22,11,11
04/25/2020 09:00:00 AM,6,5,1
04/25/2020 10:00:00 AM,26,13,13
04/25/2020 11:00:00 AM,30,15,15
04/25/2020 12:00:00 PM,25,9,16
04/25/2020 01:00:00 PM,63,36,27
04/25/2020 02:00:00 PM,102,53,49
04/25/2020 03:00:00 PM,123,62,61
04/25/2020 04:00:00 PM,121,58,63
04/25/2020 05:00:00 PM,79,40,39
04/25/2020 06:00:00 PM,70,36,34
04/25/2020 07:00:00 PM,26,12,14
04/25/2020 08:00:00 PM,14,3,11
04/25/2020 09:00:00 PM,9,5,4
04/25/2020 10:00:00 PM,4,3,1
04/25/2020 11:00:00 PM,2,2,0
04/26/2020 12:00:00 AM,1,1,0
04/26/2020 01:00:00 AM,4,1,3
04/26/2020 02:00:00 AM,2,2,0
04/26/2020 03:00:00 AM,0,0,0
04/26/2020 04:00:00 AM,1,0,1
04/26/2020 05:00:00 AM,1,0,1
04/26/2020 06:00:00 AM,12,4,8
04/26/2020 07:00:00 AM,21,11,10
04/26/2020 08:00:00 AM,40,20,20
04/26/2020 09:00:00 AM,103,44,59
04/26/2020 10:00:00 AM,123,53,70
04/26/2020 11:00:00 AM,151,81,70
04/26/2020 12:00:00 PM,189,110,79
04/26/2020 01:00:00 PM,199,102,97
04/26/2020 02:00:00 PM,199,112,87
04/26/2020 03:00:00 PM,145,77,68
04/26/2020 04:00:00 PM,137,61,76
04/26/2020 05:00:00 PM,83,38,45
04/26/2020 06:00:00 PM,46,17,29
04/26/2020 07:00:00 PM,26,9,17
04/26/2020 08:00:00 PM,18,8,10
04/26/2020 09:00:00 PM,1,1,0
04/26/2020 10:00:00 PM,0,0,0
04/26/2020 11:00:00 PM,3,2,1
04/27/2020 12:00:00 AM,0,0,0
04/27/2020 01:00:00 AM,1,0,1
04/27/2020 02:00:00 AM,0,0,0
04/27/2020 03:00:00 AM,0,0,0
04/27/2020 04:00:00 AM,2,1,1
04/27/2020 05:00:00 AM,18,2,16
04/27/2020 06:00:00 AM,30,4,26
04/27/2020 07:00:00 AM,35,3,32
04/27/2020 08:00:00 AM,27,6,21
04/27/2020 09:00:00 AM,24,8,16
04/27/2020 10:00:00 AM,15,4,11
04/27/2020 11:00:00 AM,22,8,14
04/27/2020 12:00:00 PM,32,13,19
04/27/2020 01:00:00 PM,38,22,16
04/27/2020 02:00:00 PM,55,35,20
04/27/2020 03:00:00 PM,58,34,24
04/27/2020 04:00:00 PM,84,49,35
04/27/2020 05:00:00 PM,75,56,19
04/27/2020 06:00:00 PM,71,44,27
04/27/2020 07:00:00 PM,43,24,19
04/27/2020 08:00:00 PM,16,8,8
04/27/2020 09:00:00 PM,8,2,6
04/27/2020 10:00:00 PM,2,1,1
04/27/2020 11:00:00 PM,3,1,2
04/28/2020 12:00:00 AM,1,1,0
04/28/2020 01:00:00 AM,4,2,2
04/28/2020 02:00:00 AM,0,0,0
04/28/2020 03:00:00 AM,1,0,1
04/28/2020 04:00:00 AM,2,1,1
04/28/2020 05:00:00 AM,11,2,9
04/28/2020 06:00:00 AM,35,4,31
04/28/2020 07:00:00 AM,41,5,36
04/28/2020 08:00:00 AM,36,10,26
04/28/2020 09:00:00 AM,25,8,17
04/28/2020 10:00:00 AM,31,6,25
04/28/2020 11:00:00 AM,32,13,19
04/28/2020 12:00:00 PM,43,18,25
04/28/2020 01:00:00 PM,50,22,28
04/28/2020 02:00:00 PM,54,33,21
04/28/2020 03:00:00 PM,61,43,18
04/28/2020 04:00:00 PM,77,51,26
04/28/2020 05:00:00 PM,100,67,33
04/28/2020 06:00:00 PM,73,51,22
04/28/2020 07:00:00 PM,33,14,19
04/28/2020 08:00:00 PM,8,4,4
04/28/2020 09:00:00 PM,5,3,2
04/28/2020 10:00:00 PM,3,1,2
04/28/2020 11:00:00 PM,1,0,1
04/29/2020 12:00:00 AM,1,1,0
04/29/2020 01:00:00 AM,0,0,0
04/29/2020 02:00:00 AM,0,0,0
04/29/2020 03:00:00 AM,2,0,2
04/29/2020 04:00:00 AM,1,1,0
04/29/2020 05:00:00 AM,13,2,11
04/29/2020 06:00:00 AM,42,8,34
04/29/2020 07:00:00 AM,40,8,32
04/29/2020 08:00:00 AM,34,12,22
04/29/2020 09:00:00 AM,29,6,23
04/29/2020 10:00:00 AM,32,10,22
04/29/2020 11:00:00 AM,39,19,20
04/29/2020 12:00:00 PM,48,23,25
04/29/2020 01:00:00 PM,62,29,33
04/29/2020 02:00:00 PM,57,32,25
04/29/2020 03:00:00 PM,73,45,28
04/29/2020 04:00:00 PM,89,56,33
04/29/2020 05:00:00 PM,84,55,29
04/29/2020 06:00:00 PM,71,40,31
04/29/2020 07:00:00 PM,29,11,18
04/29/2020 08:00:00 PM,12,8,4
04/29/2020 09:00:00 PM,8,4,4
04/29/2020 10:00:00 PM,5,1,4
04/29/2020 11:00:00 PM,3,1,2
04/30/2020 12:00:00 AM,5,2,3
04/30/2020 01:00:00 AM,0,0,0
04/30/2020 02:00:00 AM,0,0,0
04/30/2020 03:00:00 AM,1,0,1
04/30/2020 04:00:00 AM,8,3,5
04/30/2020 05:00:00 AM,12,2,10
04/30/2020 06:00:00 AM,46,9,37
04/30/2020 07:00:00 AM,34,4,30
04/30/2020 08:00:00 AM,36,9,27
04/30/2020 09:00:00 AM,35,8,27
04/30/2020 10:00:00 AM,29,9,20
04/30/2020 11:00:00 AM,28,12,16
04/30/2020 12:00:00 PM,33,11,22
04/30/2020 01:00:00 PM,31,16,15
04/30/2020 02:00:00 PM,41,20,21
04/30/2020 03:00:00 PM,46,27,19
04/30/2020 04:00:00 PM,67,48,19
04/30/2020 05:00:00 PM,103,74,29
04/30/2020 06:00:00 PM,83,44,39
04/30/2020 07:00:00 PM,37,19,18
04/30/2020 08:00:00 PM,16,14,2
04/30/2020 09:00:00 PM,18,9,9
04/30/2020 10:00:00 PM,5,4,1
04/30/2020 11:00:00 PM,4,2,2
05/01/2020 12:00:00 AM,4,2,2
05/01/2020 01:00:00 AM,1,0,1
05/01/2020 02:00:00 AM,1,0,1
05/01/2020 03:00:00 AM,3,1,2
05/01/2020 04:00:00 AM,4,2,2
05/01/2020 05:00:00 AM,13,3,10
05/01/2020 06:00:00 AM,32,7,25
05/01/2020 07:00:00 AM,55,15,40
05/01/2020 08:00:00 AM,48,10,38
05/01/2020 09:00:00 AM,35,9,26
05/01/2020 10:00:00 AM,51,21,30
05/01/2020 11:00:00 AM,61,35,26
05/01/2020 12:00:00 PM,93,51,42
05/01/2020 01:00:00 PM,96,40,56
05/01/2020 02:00:00 PM,102,48,54
05/01/2020 03:00:00 PM,139,79,60
05/01/2020 04:00:00 PM,139,86,53
05/01/2020 05:00:00 PM,135,71,64
05/01/2020 06:00:00 PM,79,45,34
05/01/2020 07:00:00 PM,64,41,23
05/01/2020 08:00:00 PM,23,15,8
05/01/2020 09:00:00 PM,13,10,3
05/01/2020 10:00:00 PM,10,4,6
05/01/2020 11:00:00 PM,1,0,1
05/02/2020 12:00:00 AM,7,4,3
05/02/2020 01:00:00 AM,4,2,2
05/02/2020 02:00:00 AM,1,0,1
05/02/2020 03:00:00 AM,5,1,4
05/02/2020 04:00:00 AM,0,0,0
05/02/2020 05:00:00 AM,3,1,2
05/02/2020 06:00:00 AM,15,9,6
05/02/2020 07:00:00 AM,13,5,8
05/02/2020 08:00:00 AM,11,8,3
05/02/2020 09:00:00 AM,25,14,11
05/02/2020 10:00:00 AM,31,10,21
05/02/2020 11:00:00 AM,20,12,8
05/02/2020 12:00:00 PM,22,10,12
05/02/2020 01:00:00 PM,19,8,11
05/02/2020 02:00:00 PM,23,13,10
05/02/2020 03:00:00 PM,23,18,5
05/02/2020 04:00:00 PM,18,11,7
05/02/2020 05:00:00 PM,21,9,12
05/02/2020 06:00:00 PM,15,8,7
05/02/2020 07:00:00 PM,16,12,4
05/02/2020 08:00:00 PM,10,4,6
05/02/2020 09:00:00 PM,4,2,2
05/02/2020 10:00:00 PM,1,1,0
05/02/2020 11:00:00 PM,3,1,2
05/03/2020 12:00:00 AM,0,0,0
05/03/2020 01:00:00 AM,1,0,1
05/03/2020 02:00:00 AM,2,1,1
05/03/2020 03:00:00 AM,0,0,0
05/03/2020 04:00:00 AM,0,0,0
05/03/2020 05:00:00 AM,0,0,0
05/03/2020 06:00:00 AM,7,1,6
05/03/2020 07:00:00 AM,20,6,14
05/03/2020 08:00:00 AM,19,7,12
05/03/2020 09:00:00 AM,41,19,22
05/03/2020 10:00:00 AM,88,39,49
05/03/2020 11:00:00 AM,125,71,54
05/03/2020 12:00:00 PM,172,92,80
05/03/2020 01:00:00 PM,169,80,89
05/03/2020 02:00:00 PM,166,93,73
05/03/2020 03:00:00 PM,149,62,87
05/03/2020 04:00:00 PM,81,48,33
05/03/2020 05:00:00 PM,66,34,32
05/03/2020 06:00:00 PM,56,22,34
05/03/2020 07:00:00 PM,31,15,16
05/03/2020 08:00:00 PM,11,4,7
05/03/2020 09:00:00 PM,8,3,5
05/03/2020 10:00:00 PM,2,1,1
05/03/2020 11:00:00 PM,1,0,1
05/04/2020 12:00:00 AM,1,1,0
05/04/2020 01:00:00 AM,3,1,2
05/04/2020 02:00:00 AM,2,1,1
05/04/2020 03:00:00 AM,1,0,1
05/04/2020 04:00:00 AM,3,1,2
05/04/2020 05:00:00 AM,24,2,22
05/04/2020 06:00:00 AM,43,8,35
05/04/2020 07:00:00 AM,50,5,45
05/04/2020 08:00:00 AM,29,5,24
05/04/2020 09:00:00 AM,29,10,19
05/04/2020 10:00:00 AM,28,13,15
05/04/2020 11:00:00 AM,49,21,28
05/04/2020 12:00:00 PM,40,18,22
05/04/2020 01:00:00 PM,51,25,26
05/04/2020 02:00:00 PM,52,24,28
05/04/2020 03:00:00 PM,75,49,26
05/04/2020 04:00:00 PM,89,54,35
05/04/2020 05:00:00 PM,93,67,26
05/04/2020 06:00:00 PM,58,39,19
05/04/2020 07:00:00 PM,37,19,18
05/04/2020 08:00:00 PM,24,8,16
05/04/2020 09:00:00 PM,4,4,0
05/04/2020 10:00:00 PM,5,5,0
05/04/2020 11:00:00 PM,3,1,2
05/05/2020 12:00:00 AM,5,1,4
05/05/2020 01:00:00 AM,1,1,0
05/05/2020 02:00:00 AM,1,0,1
05/05/2020 03:00:00 AM,4,1,3
05/05/2020 04:00:00 AM,7,4,3
05/05/2020 05:00:00 AM,16,3,13
05/05/2020 06:00:00 AM,54,11,43
05/05/2020 07:00:00 AM,60,11,49
05/05/2020 08:00:00 AM,42,11,31
05/05/2020 09:00:00 AM,43,16,27
05/05/2020 10:00:00 AM,27,11,16
05/05/2020 11:00:00 AM,29,12,17
05/05/2020 12:00:00 PM,44,17,27
05/05/2020 01:00:00 PM,57,29,28
05/05/2020 02:00:00 PM,65,35,30
05/05/2020 03:00:00 PM,96,58,38
05/05/2020 04:00:00 PM,125,83,42
05/05/2020 05:00:00 PM,124,78,46
05/05/2020 06:00:00 PM,87,49,38
05/05/2020 07:00:00 PM,46,24,22
05/05/2020 08:00:00 PM,25,14,11
05/05/2020 09:00:00 PM,15,9,6
05/05/2020 10:00:00 PM,4,0,4
05/05/2020 11:00:00 PM,2,1,1
05/06/2020 12:00:00 AM,3,2,1
05/06/2020 01:00:00 AM,1,0,1
05/06/2020 02:00:00 AM,1,1,0
05/06/2020 03:00:00 AM,2,1,1
05/06/2020 04:00:00 AM,2,0,2
05/06/2020 05:00:00 AM,13,1,12
05/06/2020 06:00:00 AM,42,5,37
05/06/2020 07:00:00 AM,26,2,24
05/06/2020 08:00:00 AM,28,3,25
05/06/2020 09:00:00 AM,29,7,22
05/06/2020 10:00:00 AM,15,4,11
05/06/2020 11:00:00 AM,29,16,13
05/06/2020 12:00:00 PM,22,11,11
05/06/2020 01:00:00 PM,14,9,5
05/06/2020 02:00:00 PM,23,13,10
05/06/2020 03:00:00 PM,39,24,15
05/06/2020 04:00:00 PM,65,42,23
05/06/2020 05:00:00 PM,80,57,23
05/06/2020 06:00:00 PM,47,31,16
05/06/2020 07:00:00 PM,27,12,15
05/06/2020 08:00:00 PM,14,11,3
05/06/2020 09:00:00 PM,10,5,5
05/06/2020 10:00:00 PM,1,1,0
05/06/2020 11:00:00 PM,4,1,3
05/07/2020 12:00:00 AM,4,3,1
05/07/2020 01:00:00 AM,1,0,1
05/07/2020 02:00:00 AM,0,0,0
05/07/2020 03:00:00 AM,0,0,0
05/07/2020 04:00:00 AM,8,2,6
05/07/2020 05:00:00 AM,26,4,22
05/07/2020 06:00:00 AM,57,13,44
05/07/2020 07:00:00 AM,55,4,51
05/07/2020 08:00:00 AM,65,22,43
05/07/2020 09:00:00 AM,22,8,14
05/07/2020 10:00:00 AM,54,35,19
05/07/2020 11:00:00 AM,45,22,23
05/07/2020 12:00:00 PM,76,27,49
05/07/2020 01:00:00 PM,79,43,36
05/07/2020 02:00:00 PM,92,53,39
05/07/2020 03:00:00 PM,104,52,52
05/07/2020 04:00:00 PM,169,113,56
05/07/2020 05:00:00 PM,157,101,56
05/07/2020 06:00:00 PM,115,63,52
05/07/2020 07:00:00 PM,79,36,43
05/07/2020 08:00:00 PM,43,31,12
05/07/2020 09:00:00 PM,12,7,5
05/07/2020 10:00:00 PM,5,1,4
05/07/2020 11:00:00 PM,0,0,0
05/08/2020 12:00:00 AM,3,3,0
05/08/2020 01:00:00 AM,3,0,3
05/08/2020 02:00:00 AM,0,0,0
05/08/2020 03:00:00 AM,1,0,1
05/08/2020 04:00:00 AM,4,2,2
05/08/2020 05:00:00 AM,21,4,17
05/08/2020 06:00:00 AM,53,9,44
05/08/2020 07:00:00 AM,56,15,41
05/08/2020 08:00:00 AM,50,12,38
05/08/2020 09:00:00 AM,60,26,34
05/08/2020 10:00:00 AM,65,23,42
05/08/2020 11:00:00 AM,62,24,38
05/08/2020 12:00:00 PM,76,44,32
05/08/2020 01:00:00 PM,126,84,42
05/08/2020 02:00:00 PM,108,57,51
05/08/2020 03:00:00 PM,149,67,82
05/08/2020 04:00:00 PM,149,88,61
05/08/2020 05:00:00 PM,137,91,46
05/08/2020 06:00:00 PM,103,62,41
05/08/2020 07:00:00 PM,77,33,44
05/08/2020 08:00:00 PM,33,16,17
05/08/2020 09:00:00 PM,29,13,16
05/08/2020 10:00:00 PM,14,11,3
05/08/2020 11:00:00 PM,2,1,1
05/09/2020 12:00:00 AM,8,7,1
05/09/2020 01:00:00 AM,5,2,3
05/09/2020 02:00:00 AM,4,1,3
05/09/2020 03:00:00 AM,2,0,2
05/09/2020 04:00:00 AM,3,1,2
05/09/2020 05:00:00 AM,7,3,4
05/09/2020 06:00:00 AM,26,9,17
05/09/2020 07:00:00 AM,43,26,17
05/09/2020 08:00:00 AM,59,25,34
05/09/2020 09:00:00 AM,95,40,55
05/09/2020 10:00:00 AM,154,75,79
05/09/2020 11:00:00 AM,179,87,92
05/09/2020 12:00:00 PM,196,99,97
05/09/2020 01:00:00 PM,180,91,89
05/09/2020 02:00:00 PM,189,91,98
05/09/2020 03:00:00 PM,169,89,80
05/09/2020 04:00:00 PM,106,53,53
05/09/2020 05:00:00 PM,119,63,56
05/09/2020 06:00:00 PM,95,45,50
05/09/2020 07:00:00 PM,57,24,33
05/09/2020 08:00:00 PM,21,9,12
05/09/2020 09:00:00 PM,18,6,12
05/09/2020 10:00:00 PM,12,4,8
05/09/2020 11:00:00 PM,4,4,0
05/10/2020 12:00:00 AM,2,1,1
05/10/2020 01:00:00 AM,1,0,1
05/10/2020 02:00:00 AM,1,0,1
05/10/2020 03:00:00 AM,2,1,1
05/10/2020 04:00:00 AM,1,1,0
05/10/2020 05:00:00 AM,5,3,2
05/10/2020 06:00:00 AM,5,1,4
05/10/2020 07:00:00 AM,13,6,7
05/10/2020 08:00:00 AM,36,14,22
05/10/2020 09:00:00 AM,70,31,39
05/10/2020 10:00:00 AM,129,72,57
05/10/2020 11:00:00 AM,133,64,69
05/10/2020 12:00:00 PM,170,73,97
05/10/2020 01:00:00 PM,125,68,57
05/10/2020 02:00:00 PM,138,79,59
05/10/2020 03:00:00 PM,116,66,50
05/10/2020 04:00:00 PM,112,58,54
05/10/2020 05:00:00 PM,77,29,48
05/10/2020 06:00:00 PM,55,26,29
05/10/2020 07:00:00 PM,51,31,20
05/10/2020 08:00:00 PM,34,9,25
05/10/2020 09:00:00 PM,15,9,6
05/10/2020 10:00:00 PM,3,2,1
05/10/2020 11:00:00 PM,1,0,1
05/11/2020 12:00:00 AM,2,1,1
05/11/2020 01:00:00 AM,0,0,0
05/11/2020 02:00:00 AM,0,0,0
05/11/2020 03:00:00 AM,2,2,0
05/11/2020 04:00:00 AM,2,0,2
05/11/2020 05:00:00 AM,29,2,27
05/11/2020 06:00:00 AM,56,12,44
05/11/2020 07:00:00 AM,46,7,39
05/11/2020 08:00:00 AM,60,11,49
05/11/2020 09:00:00 AM,44,12,32
05/11/2020 10:00:00 AM,43,23,20
05/11/2020 11:00:00 AM,34,16,18
05/11/2020 12:00:00 PM,55,28,27
05/11/2020 01:00:00 PM,61,26,35
05/11/2020 02:00:00 PM,69,32,37
05/11/2020 03:00:00 PM,99,55,44
05/11/2020 04:00:00 PM,94,63,31
05/11/2020 05:00:00 PM,72,56,16
05/11/2020 06:00:00 PM,40,26,14
05/11/2020 07:00:00 PM,10,7,3
05/11/2020 08:00:00 PM,10,7,3
05/11/2020 09:00:00 PM,8,3,5
05/11/2020 10:00:00 PM,1,1,0
05/11/2020 11:00:00 PM,1,1,0
05/12/2020 12:00:00 AM,2,1,1
05/12/2020 01:00:00 AM,1,1,0
05/12/2020 02:00:00 AM,0,0,0
05/12/2020 03:00:00 AM,1,1,0
05/12/2020 04:00:00 AM,1,0,1
05/12/2020 05:00:00 AM,21,3,18
05/12/2020 06:00:00 AM,39,5,34
05/12/2020 07:00:00 AM,38,10,28
05/12/2020 08:00:00 AM,32,5,27
05/12/2020 09:00:00 AM,14,4,10
05/12/2020 10:00:00 AM,18,7,11
05/12/2020 11:00:00 AM,24,11,13
05/12/2020 12:00:00 PM,21,8,13
05/12/2020 01:00:00 PM,16,11,5
05/12/2020 02:00:00 PM,32,19,13
05/12/2020 03:00:00 PM,60,39,21
05/12/2020 04:00:00 PM,60,40,20
05/12/2020 05:00:00 PM,60,47,13
05/12/2020 06:00:00 PM,36,25,11
05/12/2020 07:00:00 PM,22,11,11
05/12/2020 08:00:00 PM,12,9,3
05/12/2020 09:00:00 PM,9,4,5
05/12/2020 10:00:00 PM,0,0,0
05/12/2020 11:00:00 PM,1,0,1
05/13/2020 12:00:00 AM,2,1,1
05/13/2020 01:00:00 AM,1,1,0
05/13/2020 02:00:00 AM,1,0,1
05/13/2020 03:00:00 AM,1,0,1
05/13/2020 04:00:00 AM,3,1,2
05/13/2020 05:00:00 AM,23,4,19
05/13/2020 06:00:00 AM,49,7,42
05/13/2020 07:00:00 AM,36,5,31
05/13/2020 08:00:00 AM,32,4,28
05/13/2020 09:00:00 AM,26,9,17
05/13/2020 10:00:00 AM,26,12,14
05/13/2020 11:00:00 AM,32,12,20
05/13/2020 12:00:00 PM,39,16,23
05/13/2020 01:00:00 PM,58,24,34
05/13/2020 02:00:00 PM,42,23,19
05/13/2020 03:00:00 PM,83,53,30
05/13/2020 04:00:00 PM,97,73,24
05/13/2020 05:00:00 PM,135,99,36
05/13/2020 06:00:00 PM,87,56,31
05/13/2020 07:00:00 PM,57,26,31
05/13/2020 08:00:00 PM,35,16,19
05/13/2020 09:00:00 PM,3,1,2
05/13/2020 10:00:00 PM,5,4,1
05/13/2020 11:00:00 PM,3,2,1
05/14/2020 12:00:00 AM,6,3,3
05/14/2020 01:00:00 AM,3,1,2
05/14/2020 02:00:00 AM,2,2,0
05/14/2020 03:00:00 AM,3,2,1
05/14/2020 04:00:00 AM,3,1,2
05/14/2020 05:00:00 AM,21,5,16
05/14/2020 06:00:00 AM,50,10,40
05/14/2020 07:00:00 AM,50,16,34
05/14/2020 08:00:00 AM,26,5,21
05/14/2020 09:00:00 AM,21,5,16
05/14/2020 10:00:00 AM,14,4,10
05/14/2020 11:00:00 AM,25,12,13
05/14/2020 12:00:00 PM,23,8,15
05/14/2020 01:00:00 PM,35,15,20
05/14/2020 02:00:00 PM,51,35,16
05/14/2020 03:00:00 PM,64,37,27
05/14/2020 04:00:00 PM,96,54,42
05/14/2020 05:00:00 PM,124,76,48
05/14/2020 06:00:00 PM,79,50,29
05/14/2020 07:00:00 PM,61,37,24
05/14/2020 08:00:00 PM,29,11,18
05/14/2020 09:00:00 PM,14,7,7
05/14/2020 10:00:00 PM,3,3,0
05/14/2020 11:00:00 PM,4,3,1
05/15/2020 12:00:00 AM,2,1,1
05/15/2020 01:00:00 AM,0,0,0
05/15/2020 02:00:00 AM,2,1,1
05/15/2020 03:00:00 AM,5,3,2
05/15/2020 04:00:00 AM,5,2,3
05/15/2020 05:00:00 AM,25,4,21
05/15/2020 06:00:00 AM,42,4,38
05/15/2020 07:00:00 AM,60,15,45
05/15/2020 08:00:00 AM,45,16,29
05/15/2020 09:00:00 AM,51,19,32
05/15/2020 10:00:00 AM,49,20,29
05/15/2020 11:00:00 AM,80,40,40
05/15/2020 12:00:00 PM,66,34,32
05/15/2020 01:00:00 PM,97,58,39
05/15/2020 02:00:00 PM,142,75,67
05/15/2020 03:00:00 PM,141,82,59
05/15/2020 04:00:00 PM,118,76,42
05/15/2020 05:00:00 PM,180,118,62
05/15/2020 06:00:00 PM,132,69,63
05/15/2020 07:00:00 PM,50,26,24
05/15/2020 08:00:00 PM,44,21,23
05/15/2020 09:00:00 PM,19,5,14
05/15/2020 10:00:00 PM,21,9,12
05/15/2020 11:00:00 PM,3,3,0
05/16/2020 12:00:00 AM,4,3,1
05/16/2020 01:00:00 AM,3,2,1
05/16/2020 02:00:00 AM,4,1,3
05/16/2020 03:00:00 AM,4,3,1
05/16/2020 04:00:00 AM,1,0,1
05/16/2020 05:00:00 AM,6,2,4
05/16/2020 06:00:00 AM,13,5,8
05/16/2020 07:00:00 AM,20,9,11
05/16/2020 08:00:00 AM,23,13,10
05/16/2020 09:00:00 AM,28,11,17
05/16/2020 10:00:00 AM,30,14,16
05/16/2020 11:00:00 AM,31,10,21
05/16/2020 12:00:00 PM,34,16,18
05/16/2020 01:00:00 PM,41,25,16
05/16/2020 02:00:00 PM,24,14,10
05/16/2020 03:00:00 PM,22,14,8
05/16/2020 04:00:00 PM,18,8,10
05/16/2020 05:00:00 PM,8,4,4
05/16/2020 06:00:00 PM,22,12,10
05/16/2020 07:00:00 PM,17,12,5
05/16/2020 08:00:00 PM,9,5,4
05/16/2020 09:00:00 PM,6,2,4
05/16/2020 10:00:00 PM,1,0,1
05/16/2020 11:00:00 PM,2,1,1
05/17/2020 12:00:00 AM,1,0,1
05/17/2020 01:00:00 AM,2,2,0
05/17/2020 02:00:00 AM,1,1,0
05/17/2020 03:00:00 AM,0,0,0
05/17/2020 04:00:00 AM,0,0,0
05/17/2020 05:00:00 AM,4,0,4
05/17/2020 06:00:00 AM,13,3,10
05/17/2020 07:00:00 AM,21,8,13
05/17/2020 08:00:00 AM,37,18,19
05/17/2020 09:00:00 AM,61,29,32
05/17/2020 10:00:00 AM,74,37,37
05/17/2020 11:00:00 AM,100,59,41
05/17/2020 12:00:00 PM,146,69,77
05/17/2020 01:00:00 PM,171,89,82
05/17/2020 02:00:00 PM,201,110,91
05/17/2020 03:00:00 PM,174,83,91
05/17/2020 04:00:00 PM,133,65,68
05/17/2020 05:00:00 PM,118,58,60
05/17/2020 06:00:00 PM,99,44,55
05/17/2020 07:00:00 PM,40,18,22
05/17/2020 08:00:00 PM,22,11,11
05/17/2020 09:00:00 PM,11,4,7
05/17/2020 10:00:00 PM,3,1,2
05/17/2020 11:00:00 PM,3,2,1
05/18/2020 12:00:00 AM,2,1,1
05/18/2020 01:00:00 AM,1,0,1
05/18/2020 02:00:00 AM,4,2,2
05/18/2020 03:00:00 AM,0,0,0
05/18/2020 04:00:00 AM,1,0,1
05/18/2020 05:00:00 AM,19,2,17
05/18/2020 06:00:00 AM,60,12,48
05/18/2020 07:00:00 AM,52,5,47
05/18/2020 08:00:00 AM,48,8,40
05/18/2020 09:00:00 AM,29,13,16
05/18/2020 10:00:00 AM,23,8,15
05/18/2020 11:00:00 AM,41,13,28
05/18/2020 12:00:00 PM,39,23,16
05/18/2020 01:00:00 PM,51,28,23
05/18/2020 02:00:00 PM,70,39,31
05/18/2020 03:00:00 PM,71,43,28
05/18/2020 04:00:00 PM,90,56,34
05/18/2020 05:00:00 PM,114,74,40
05/18/2020 06:00:00 PM,62,37,25
05/18/2020 07:00:00 PM,40,24,16
05/18/2020 08:00:00 PM,16,10,6
05/18/2020 09:00:00 PM,6,4,2
05/18/2020 10:00:00 PM,0,0,0
05/18/2020 11:00:00 PM,6,5,1
05/19/2020 12:00:00 AM,4,3,1
05/19/2020 01:00:00 AM,0,0,0
05/19/2020 02:00:00 AM,3,1,2
05/19/2020 03:00:00 AM,3,2,1
05/19/2020 04:00:00 AM,2,0,2
05/19/2020 05:00:00 AM,29,5,24
05/19/2020 06:00:00 AM,61,15,46
05/19/2020 07:00:00 AM,62,15,47
05/19/2020 08:00:00 AM,57,13,44
05/19/2020 09:00:00 AM,39,14,25
05/19/2020 10:00:00 AM,39,9,30
05/19/2020 11:00:00 AM,41,22,19
05/19/2020 12:00:00 PM,34,15,19
05/19/2020 01:00:00 PM,54,27,27
05/19/2020 02:00:00 PM,46,20,26
05/19/2020 03:00:00 PM,79,48,31
05/19/2020 04:00:00 PM,106,67,39
05/19/2020 05:00:00 PM,125,78,47
05/19/2020 06:00:00 PM,87,53,34
05/19/2020 07:00:00 PM,49,25,24
05/19/2020 08:00:00 PM,31,18,13
05/19/2020 09:00:00 PM,9,3,6
05/19/2020 10:00:00 PM,4,3,1
05/19/2020 11:00:00 PM,2,2,0
05/20/2020 12:00:00 AM,8,5,3
05/20/2020 01:00:00 AM,1,1,0
05/20/2020 02:00:00 AM,1,1,0
05/20/2020 03:00:00 AM,2,1,1
05/20/2020 04:00:00 AM,2,0,2
05/20/2020 05:00:00 AM,24,6,18
05/20/2020 06:00:00 AM,59,15,44
05/20/2020 07:00:00 AM,50,10,40
05/20/2020 08:00:00 AM,39,10,29
05/20/2020 09:00:00 AM,37,16,21
05/20/2020 10:00:00 AM,29,11,18
05/20/2020 11:00:00 AM,35,12,23
05/20/2020 12:00:00 PM,45,22,23
05/20/2020 01:00:00 PM,36,19,17
05/20/2020 02:00:00 PM,45,28,17
05/20/2020 03:00:00 PM,45,27,18
05/20/2020 04:00:00 PM,64,45,19
05/20/2020 05:00:00 PM,64,49,15
05/20/2020 06:00:00 PM,38,25,13
05/20/2020 07:00:00 PM,15,7,8
05/20/2020 08:00:00 PM,14,8,6
05/20/2020 09:00:00 PM,8,6,2
05/20/2020 10:00:00 PM,7,3,4
05/20/2020 11:00:00 PM,2,2,0
05/21/2020 12:00:00 AM,4,3,1
05/21/2020 01:00:00 AM,0,0,0
05/21/2020 02:00:00 AM,3,3,0
05/21/2020 03:00:00 AM,1,0,1
05/21/2020 04:00:00 AM,1,0,1
05/21/2020 05:00:00 AM,15,2,13
05/21/2020 06:00:00 AM,30,5,25
05/21/2020 07:00:00 AM,26,5,21
05/21/2020 08:00:00 AM,24,6,18
05/21/2020 09:00:00 AM,14,4,10
05/21/2020 10:00:00 AM,14,5,9
05/21/2020 11:00:00 AM,15,6,9
05/21/2020 12:00:00 PM,16,8,8
05/21/2020 01:00:00 PM,20,7,13
05/21/2020 02:00:00 PM,21,19,2
05/21/2020 03:00:00 PM,23,13,10
05/21/2020 04:00:00 PM,54,34,20
05/21/2020 05:00:00 PM,37,27,10
05/21/2020 06:00:00 PM,24,17,7
05/21/2020 07:00:00 PM,9,7,2
05/21/2020 08:00:00 PM,11,4,7
05/21/2020 09:00:00 PM,4,3,1
05/21/2020 10:00:00 PM,5,3,2
05/21/2020 11:00:00 PM,2,0,2
05/22/2020 12:00:00 AM,2,2,0
05/22/2020 01:00:00 AM,2,2,0
05/22/2020 02:00:00 AM,1,1,0
05/22/2020 03:00:00 AM,1,1,0
05/22/2020 04:00:00 AM,4,2,2
05/22/2020 05:00:00 AM,21,4,17
05/22/2020 06:00:00 AM,44,9,35
05/22/2020 07:00:00 AM,57,9,48
05/22/2020 08:00:00 AM,30,13,17
05/22/2020 09:00:00 AM,48,19,29
05/22/2020 10:00:00 AM,35,14,21
05/22/2020 11:00:00 AM,62,24,38
05/22/2020 12:00:00 PM,53,17,36
05/22/2020 01:00:00 PM,91,52,39
05/22/2020 02:00:00 PM,88,53,35
05/22/2020 03:00:00 PM,84,54,30
05/22/2020 04:00:00 PM,102,63,39
05/22/2020 05:00:00 PM,75,39,36
05/22/2020 06:00:00 PM,63,46,17
05/22/2020 07:00:00 PM,32,23,9
05/22/2020 08:00:00 PM,13,7,6
05/22/2020 09:00:00 PM,8,5,3
05/22/2020 10:00:00 PM,6,3,3
05/22/2020 11:00:00 PM,4,2,2
05/23/2020 12:00:00 AM,3,3,0
05/23/2020 01:00:00 AM,1,1,0
05/23/2020 02:00:00 AM,1,0,1
05/23/2020 03:00:00 AM,3,3,0
05/23/2020 04:00:00 AM,2,1,1
05/23/2020 05:00:00 AM,10,2,8
05/23/2020 06:00:00 AM,12,4,8
05/23/2020 07:00:00 AM,14,7,7
05/23/2020 08:00:00 AM,47,26,21
05/23/2020 09:00:00 AM,77,39,38
05/23/2020 10:00:00 AM,54,19,35
05/23/2020 11:00:00 AM,101,52,49
05/23/2020 12:00:00 PM,125,73,52
05/23/2020 01:00:00 PM,127,76,51
05/23/2020 02:00:00 PM,147,68,79
05/23/2020 03:00:00 PM,120,68,52
05/23/2020 04:00:00 PM,142,67,75
05/23/2020 05:00:00 PM,80,39,41
05/23/2020 06:00:00 PM,72,29,43
05/23/2020 07:00:00 PM,44,23,21
05/23/2020 08:00:00 PM,16,3,13
05/23/2020 09:00:00 PM,12,8,4
05/23/2020 10:00:00 PM,4,1,3
05/23/2020 11:00:00 PM,5,1,4
05/24/2020 12:00:00 AM,6,3,3
05/24/2020 01:00:00 AM,1,1,0
05/24/2020 02:00:00 AM,1,1,0
05/24/2020 03:00:00 AM,0,0,0
05/24/2020 04:00:00 AM,1,1,0
05/24/2020 05:00:00 AM,5,0,5
05/24/2020 06:00:00 AM,15,4,11
05/24/2020 07:00:00 AM,17,7,10
05/24/2020 08:00:00 AM,39,21,18
05/24/2020 09:00:00 AM,61,28,33
05/24/2020 10:00:00 AM,59,35,24
05/24/2020 11:00:00 AM,100,58,42
05/24/2020 12:00:00 PM,126,66,60
05/24/2020 01:00:00 PM,157,65,92
05/24/2020 02:00:00 PM,142,66,76
05/24/2020 03:00:00 PM,143,78,65
05/24/2020 04:00:00 PM,137,70,67
05/24/2020 05:00:00 PM,105,55,50
05/24/2020 06:00:00 PM,95,43,52
05/24/2020 07:00:00 PM,52,13,39
05/24/2020 08:00:00 PM,27,13,14
05/24/2020 09:00:00 PM,11,2,9
05/24/2020 10:00:00 PM,8,5,3
05/24/2020 11:00:00 PM,5,2,3
05/25/2020 12:00:00 AM,2,1,1
05/25/2020 01:00:00 AM,5,3,2
05/25/2020 02:00:00 AM,0,0,0
05/25/2020 03:00:00 AM,0,0,0
05/25/2020 04:00:00 AM,1,1,0
05/25/2020 05:00:00 AM,3,2,1
05/25/2020 06:00:00 AM,7,1,6
05/25/2020 07:00:00 AM,6,0,6
05/25/2020 08:00:00 AM,9,5,4
05/25/2020 09:00:00 AM,10,5,5
05/25/2020 10:00:00 AM,20,11,9
05/25/2020 11:00:00 AM,15,8,7
05/25/2020 12:00:00 PM,37,11,26
05/25/2020 01:00:00 PM,25,5,20
05/25/2020 02:00:00 PM,21,13,8
05/25/2020 03:00:00 PM,21,8,13
05/25/2020 04:00:00 PM,30,16,14
05/25/2020 05:00:00 PM,25,14,11
05/25/2020 06:00:00 PM,22,11,11
05/25/2020 07:00:00 PM,15,7,8
05/25/2020 08:00:00 PM,14,6,8
05/25/2020 09:00:00 PM,11,7,4
05/25/2020 10:00:00 PM,2,2,0
05/25/2020 11:00:00 PM,1,0,1
05/26/2020 12:00:00 AM,3,3,0
05/26/2020 01:00:00 AM,1,0,1
05/26/2020 02:00:00 AM,4,3,1
05/26/2020 03:00:00 AM,0,0,0
05/26/2020 04:00:00 AM,6,1,5
05/26/2020 05:00:00 AM,32,5,27
05/26/2020 06:00:00 AM,49,9,40
05/26/2020 07:00:00 AM,43,6,37
05/26/2020 08:00:00 AM,30,5,25
05/26/2020 09:00:00 AM,22,5,17
05/26/2020 10:00:00 AM,15,5,10
05/26/2020 11:00:00 AM,29,12,17
05/26/2020 12:00:00 PM,29,10,19
05/26/2020 01:00:00 PM,55,24,31
05/26/2020 02:00:00 PM,48,22,26
05/26/2020 03:00:00 PM,88,58,30
05/26/2020 04:00:00 PM,89,57,32
05/26/2020 05:00:00 PM,114,74,40
05/26/2020 06:00:00 PM,109,65,44
05/26/2020 07:00:00 PM,61,38,23
05/26/2020 08:00:00 PM,35,16,19
05/26/2020 09:00:00 PM,26,15,11
05/26/2020 10:00:00 PM,6,3,3
05/26/2020 11:00:00 PM,3,3,0
05/27/2020 12:00:00 AM,6,4,2
05/27/2020 01:00:00 AM,2,1,1
05/27/2020 02:00:00 AM,1,1,0
05/27/2020 03:00:00 AM,2,1,1
05/27/2020 04:00:00 AM,2,1,1
05/27/2020 05:00:00 AM,29,7,22
05/27/2020 06:00:00 AM,67,12,55
05/27/2020 07:00:00 AM,74,14,60
05/27/2020 08:00:00 AM,64,15,49
05/27/2020 09:00:00 AM,52,22,30
05/27/2020 10:00:00 AM,46,20,26
05/27/2020 11:00:00 AM,52,16,36
05/27/2020 12:00:00 PM,69,37,32
05/27/2020 01:00:00 PM,77,38,39
05/27/2020 02:00:00 PM,100,48,52
05/27/2020 03:00:00 PM,94,61,33
05/27/2020 04:00:00 PM,135,89,46
05/27/2020 05:00:00 PM,136,90,46
05/27/2020 06:00:00 PM,125,77,48
05/27/2020 07:00:00 PM,71,41,30
05/27/2020 08:00:00 PM,43,18,25
05/27/2020 09:00:00 PM,23,10,13
05/27/2020 10:00:00 PM,15,7,8
05/27/2020 11:00:00 PM,5,4,1
05/28/2020 12:00:00 AM,6,4,2
05/28/2020 01:00:00 AM,0,0,0
05/28/2020 02:00:00 AM,1,1,0
05/28/2020 03:00:00 AM,1,0,1
05/28/2020 04:00:00 AM,4,2,2
05/28/2020 05:00:00 AM,28,5,23
05/28/2020 06:00:00 AM,73,16,57
05/28/2020 07:00:00 AM,75,12,63
05/28/2020 08:00:00 AM,77,18,59
05/28/2020 09:00:00 AM,50,17,33
05/28/2020 10:00:00 AM,45,17,28
05/28/2020 11:00:00 AM,52,19,33
05/28/2020 12:00:00 PM,72,40,32
05/28/2020 01:00:00 PM,56,24,32
05/28/2020 02:00:00 PM,84,48,36
05/28/2020 03:00:00 PM,112,64,48
05/28/2020 04:00:00 PM,139,83,56
05/28/2020 05:00:00 PM,169,123,46
05/28/2020 06:00:00 PM,122,61,61
05/28/2020 07:00:00 PM,78,34,44
05/28/2020 08:00:00 PM,35,17,18
05/28/2020 09:00:00 PM,23,13,10
05/28/2020 10:00:00 PM,5,4,1
05/28/2020 11:00:00 PM,5,4,1
05/29/2020 12:00:00 AM,3,2,1
05/29/2020 01:00:00 AM,3,2,1
05/29/2020 02:00:00 AM,2,0,2
05/29/2020 03:00:00 AM,1,0,1
05/29/2020 04:00:00 AM,5,0,5
05/29/2020 05:00:00 AM,30,3,27
05/29/2020 06:00:00 AM,59,13,46
05/29/2020 07:00:00 AM,76,13,63
05/29/2020 08:00:00 AM,59,12,47
05/29/2020 09:00:00 AM,55,20,35
05/29/2020 10:00:00 AM,79,28,51
05/29/2020 11:00:00 AM,50,21,29
05/29/2020 12:00:00 PM,77,31,46
05/29/2020 01:00:00 PM,83,43,40
05/29/2020 02:00:00 PM,86,54,32
05/29/2020 03:00:00 PM,133,76,57
05/29/2020 04:00:00 PM,146,87,59
05/29/2020 05:00:00 PM,155,99,56
05/29/2020 06:00:00 PM,149,103,46
05/29/2020 07:00:00 PM,75,34,41
05/29/2020 08:00:00 PM,33,12,21
05/29/2020 09:00:00 PM,0,0,0
05/29/2020 10:00:00 PM,0,0,0
05/29/2020 11:00:00 PM,0,0,0
05/30/2020 12:00:00 AM,2,1,1
05/30/2020 01:00:00 AM,0,0,0
05/30/2020 02:00:00 AM,4,3,1
05/30/2020 03:00:00 AM,3,2,1
05/30/2020 04:00:00 AM,2,1,1
05/30/2020 05:00:00 AM,9,1,8
05/30/2020 06:00:00 AM,14,9,5
05/30/2020 07:00:00 AM,26,9,17
05/30/2020 08:00:00 AM,21,10,11
05/30/2020 09:00:00 AM,15,13,2
05/30/2020 10:00:00 AM,4,2,2
05/30/2020 11:00:00 AM,22,7,15
05/30/2020 12:00:00 PM,22,9,13
05/30/2020 01:00:00 PM,15,11,4
05/30/2020 02:00:00 PM,25,8,17
05/30/2020 03:00:00 PM,19,10,9
05/30/2020 04:00:00 PM,19,15,4
05/30/2020 05:00:00 PM,19,14,5
05/30/2020 06:00:00 PM,13,9,4
05/30/2020 07:00:00 PM,2,2,0
05/30/2020 08:00:00 PM,2,1,1
05/30/2020 09:00:00 PM,5,3,2
05/30/2020 10:00:00 PM,0,0,0
05/30/2020 11:00:00 PM,1,1,0
05/31/2020 12:00:00 AM,0,0,0
05/31/2020 01:00:00 AM,0,0,0
05/31/2020 02:00:00 AM,0,0,0
05/31/2020 03:00:00 AM,0,0,0
05/31/2020 04:00:00 AM,0,0,0
05/31/2020 05:00:00 AM,1,0,1
05/31/2020 06:00:00 AM,5,1,4
05/31/2020 07:00:00 AM,3,3,0
05/31/2020 08:00:00 AM,12,4,8
05/31/2020 09:00:00 AM,16,8,8
05/31/2020 10:00:00 AM,23,9,14
05/31/2020 11:00:00 AM,34,14,20
05/31/2020 12:00:00 PM,31,17,14
05/31/2020 01:00:00 PM,58,24,34
05/31/2020 02:00:00 PM,68,34,34
05/31/2020 03:00:00 PM,84,40,44
05/31/2020 04:00:00 PM,63,32,31
05/31/2020 05:00:00 PM,66,31,35
05/31/2020 06:00:00 PM,30,12,18
05/31/2020 07:00:00 PM,10,7,3
05/31/2020 08:00:00 PM,5,4,1
05/31/2020 09:00:00 PM,5,2,3
05/31/2020 10:00:00 PM,4,3,1
05/31/2020 11:00:00 PM,2,1,1
12/01/2020 12:00:00 AM,3,1,2
12/01/2020 01:00:00 AM,1,0,1
12/01/2020 02:00:00 AM,4,2,2
12/01/2020 03:00:00 AM,4,2,2
12/01/2020 04:00:00 AM,4,4,0
12/01/2020 05:00:00 AM,26,18,8
12/01/2020 06:00:00 AM,53,44,9
12/01/2020 07:00:00 AM,55,46,9
12/01/2020 08:00:00 AM,51,45,6
12/01/2020 09:00:00 AM,34,29,5
12/01/2020 10:00:00 AM,23,13,10
12/01/2020 11:00:00 AM,28,17,11
12/01/2020 12:00:00 PM,20,8,12
12/01/2020 01:00:00 PM,36,19,17
12/01/2020 02:00:00 PM,75,31,44
12/01/2020 03:00:00 PM,67,22,45
12/01/2020 04:00:00 PM,76,21,55
12/01/2020 05:00:00 PM,75,13,62
12/01/2020 06:00:00 PM,40,9,31
12/01/2020 07:00:00 PM,20,7,13
12/01/2020 08:00:00 PM,6,1,5
12/01/2020 09:00:00 PM,6,4,2
12/01/2020 10:00:00 PM,3,1,2
12/01/2020 11:00:00 PM,9,2,7
12/02/2020 12:00:00 AM,2,0,2
12/02/2020 01:00:00 AM,2,0,2
12/02/2020 02:00:00 AM,5,2,3
12/02/2020 03:00:00 AM,2,2,0
12/02/2020 04:00:00 AM,6,5,1
12/02/2020 05:00:00 AM,28,20,8
12/02/2020 06:00:00 AM,50,45,5
12/02/2020 07:00:00 AM,54,49,5
12/02/2020 08:00:00 AM,53,46,7
12/02/2020 09:00:00 AM,28,23,5
12/02/2020 10:00:00 AM,42,27,15
12/02/2020 11:00:00 AM,43,19,24
12/02/2020 12:00:00 PM,36,24,12
12/02/2020 01:00:00 PM,61,30,31
12/02/2020 02:00:00 PM,67,26,41
12/02/2020 03:00:00 PM,84,27,57
12/02/2020 04:00:00 PM,94,31,63
12/02/2020 05:00:00 PM,79,14,65
12/02/2020 06:00:00 PM,31,7,24
12/02/2020 07:00:00 PM,19,3,16
12/02/2020 08:00:00 PM,12,2,10
12/02/2020 09:00:00 PM,6,2,4
12/02/2020 10:00:00 PM,1,0,1
12/02/2020 11:00:00 PM,5,2,3
12/03/2020 12:00:00 AM,3,2,1
12/03/2020 01:00:00 AM,1,1,0
12/03/2020 02:00:00 AM,2,1,1
12/03/2020 03:00:00 AM,1,0,1
12/03/2020 04:00:00 AM,6,5,1
12/03/2020 05:00:00 AM,27,19,8
12/03/2020 06:00:00 AM,46,40,6
12/03/2020 07:00:00 AM,47,44,3
12/03/2020 08:00:00 AM,58,48,10
12/03/2020 09:00:00 AM,42,29,13
12/03/2020 10:00:00 AM,32,22,10
12/03/2020 11:00:00 AM,32,18,14
12/03/2020 12:00:00 PM,28,13,15
12/03/2020 01:00:00 PM,37,18,19
12/03/2020 02:00:00 PM,32,11,21
12/03/2020 03:00:00 PM,51,14,37
12/03/2020 04:00:00 PM,66,12,54
12/03/2020 05:00:00 PM,66,18,48
12/03/2020 06:00:00 PM,39,6,33
12/03/2020 07:00:00 PM,17,5,12
12/03/2020 08:00:00 PM,15,3,12
12/03/2020 09:00:00 PM,4,2,2
12/03/2020 10:00:00 PM,4,2,2
12/03/2020 11:00:00 PM,2,1,1
12/04/2020 12:00:00 AM,7,0,7
12/04/2020 01:00:00 AM,3,3,0
12/04/2020 02:00:00 AM,4,1,3
12/04/2020 03:00:00 AM,0,0,0
12/04/2020 04:00:00 AM,6,5,1
12/04/2020 05:00:00 AM,28,21,7
12/04/2020 06:00:00 AM,38,33,5
12/04/2020 07:00:00 AM,43,36,7
12/04/2020 08:00:00 AM,54,41,13
12/04/2020 09:00:00 AM,41,28,13
12/04/2020 10:00:00 AM,38,23,15
12/04/2020 11:00:00 AM,41,26,15
12/04/2020 12:00:00 PM,41,24,17
12/04/2020 01:00:00 PM,49,21,28
12/04/2020 02:00:00 PM,73,32,41
12/04/2020 03:00:00 PM,100,36,64
12/04/2020 04:00:00 PM,68,15,53
12/04/2020 05:00:00 PM,60,12,48
12/04/2020 06:00:00 PM,37,8,29
12/04/2020 07:00:00 PM,19,6,13
12/04/2020 08:00:00 PM,16,3,13
12/04/2020 09:00:00 PM,10,4,6
12/04/2020 10:00:00 PM,3,1,2
12/04/2020 11:00:00 PM,3,1,2
12/05/2020 12:00:00 AM,5,1,4
12/05/2020 01:00:00 AM,1,1,0
12/05/2020 02:00:00 AM,4,2,2
12/05/2020 03:00:00 AM,1,1,0
12/05/2020 04:00:00 AM,4,2,2
12/05/2020 05:00:00 AM,6,5,1
12/05/2020 06:00:00 AM,11,5,6
12/05/2020 07:00:00 AM,8,5,3
12/05/2020 08:00:00 AM,27,13,14
12/05/2020 09:00:00 AM,55,25,30
12/05/2020 10:00:00 AM,64,31,33
12/05/2020 11:00:00 AM,91,49,42
12/05/2020 12:00:00 PM,106,57,49
12/05/2020 01:00:00 PM,130,52,78
12/05/2020 02:00:00 PM,120,64,56
12/05/2020 03:00:00 PM,114,57,57
12/05/2020 04:00:00 PM,52,26,26
12/05/2020 05:00:00 PM,24,10,14
12/05/2020 06:00:00 PM,19,6,13
12/05/2020 07:00:00 PM,7,3,4
12/05/2020 08:00:00 PM,4,2,2
12/05/2020 09:00:00 PM,5,1,4
12/05/2020 10:00:00 PM,6,1,5
12/05/2020 11:00:00 PM,2,0,2
12/06/2020 12:00:00 AM,3,3,0
12/06/2020 01:00:00 AM,2,0,2
12/06/2020 02:00:00 AM,4,2,2
12/06/2020 03:00:00 AM,0,0,0
12/06/2020 04:00:00 AM,2,2,0
12/06/2020 05:00:00 AM,3,2,1
12/06/2020 06:00:00 AM,5,2,3
12/06/2020 07:00:00 AM,6,3,3
12/06/2020 08:00:00 AM,13,8,5
12/06/2020 09:00:00 AM,16,9,7
12/06/2020 10:00:00 AM,41,16,25
12/06/2020 11:00:00 AM,68,29,39
12/06/2020 12:00:00 PM,74,45,29
12/06/2020 01:00:00 PM,85,42,43
12/06/2020 02:00:00 PM,78,45,33
12/06/2020 03:00:00 PM,66,24,42
12/06/2020 04:00:00 PM,38,19,19
12/06/2020 05:00:00 PM,20,10,10
12/06/2020 06:00:00 PM,8,2,6
12/06/2020 07:00:00 PM,5,1,4
12/06/2020 08:00:00 PM,5,1,4
12/06/2020 09:00:00 PM,4,2,2
12/06/2020 10:00:00 PM,0,0,0
12/06/2020 11:00:00 PM,4,2,2
12/07/2020 12:00:00 AM,5,3,2
12/07/2020 01:00:00 AM,1,1,0
12/07/2020 02:00:00 AM,1,0,1
12/07/2020 03:00:00 AM,3,1,2
12/07/2020 04:00:00 AM,5,5,0
12/07/2020 05:00:00 AM,24,20,4
12/07/2020 06:00:00 AM,38,33,5
12/07/2020 07:00:00 AM,58,51,7
12/07/2020 08:00:00 AM,53,45,8
12/07/2020 09:00:00 AM,30,17,13
12/07/2020 10:00:00 AM,22,16,6
12/07/2020 11:00:00 AM,24,14,10
12/07/2020 12:00:00 PM,25,11,14
12/07/2020 01:00:00 PM,34,14,20
12/07/2020 02:00:00 PM,29,12,17
12/07/2020 03:00:00 PM,53,20,33
12/07/2020 04:00:00 PM,64,10,54
12/07/2020 05:00:00 PM,55,10,45
12/07/2020 06:00:00 PM,46,7,39
12/07/2020 07:00:00 PM,12,2,10
12/07/2020 08:00:00 PM,5,1,4
12/07/2020 09:00:00 PM,3,1,2
12/07/2020 10:00:00 PM,3,1,2
12/07/2020 11:00:00 PM,3,2,1
12/08/2020 12:00:00 AM,3,0,3
12/08/2020 01:00:00 AM,3,2,1
12/08/2020 02:00:00 AM,1,0,1
12/08/2020 03:00:00 AM,2,1,1
12/08/2020 04:00:00 AM,2,2,0
12/08/2020 05:00:00 AM,22,17,5
12/08/2020 06:00:00 AM,48,42,6
12/08/2020 07:00:00 AM,42,39,3
12/08/2020 08:00:00 AM,51,43,8
12/08/2020 09:00:00 AM,21,16,5
12/08/2020 10:00:00 AM,13,11,2
12/08/2020 11:00:00 AM,16,7,9
12/08/2020 12:00:00 PM,17,9,8
12/08/2020 01:00:00 PM,13,3,10
12/08/2020 02:00:00 PM,28,8,20
12/08/2020 03:00:00 PM,27,10,17
12/08/2020 04:00:00 PM,36,9,27
12/08/2020 05:00:00 PM,54,11,43
12/08/2020 06:00:00 PM,18,0,18
12/08/2020 07:00:00 PM,12,2,10
12/08/2020 08:00:00 PM,7,1,6
12/08/2020 09:00:00 PM,5,1,4
12/08/2020 10:00:00 PM,3,1,2
12/08/2020 11:00:00 PM,4,2,2
12/09/2020 12:00:00 AM,3,1,2
12/09/2020 01:00:00 AM,1,1,0
12/09/2020 02:00:00 AM,0,0,0
12/09/2020 03:00:00 AM,1,0,1
12/09/2020 04:00:00 AM,3,2,1
12/09/2020 05:00:00 AM,21,13,8
12/09/2020 06:00:00 AM,46,41,5
12/09/2020 07:00:00 AM,41,37,4
12/09/2020 08:00:00 AM,44,37,7
12/09/2020 09:00:00 AM,27,21,6
12/09/2020 10:00:00 AM,23,16,7
12/09/2020 11:00:00 AM,19,13,6
12/09/2020 12:00:00 PM,24,14,10
12/09/2020 01:00:00 PM,24,8,16
12/09/2020 02:00:00 PM,40,19,21
12/09/2020 03:00:00 PM,48,18,30
12/09/2020 04:00:00 PM,63,16,47
12/09/2020 05:00:00 PM,60,9,51
12/09/2020 06:00:00 PM,35,4,31
12/09/2020 07:00:00 PM,19,6,13
12/09/2020 08:00:00 PM,6,3,3
12/09/2020 09:00:00 PM,4,1,3
12/09/2020 10:00:00 PM,5,0,5
12/09/2020 11:00:00 PM,6,3,3
12/10/2020 12:00:00 AM,3,0,3
12/10/2020 01:00:00 AM,3,2,1
12/10/2020 02:00:00 AM,2,2,0
12/10/2020 03:00:00 AM,3,3,0
12/10/2020 04:00:00 AM,5,3,2
12/10/2020 05:00:00 AM,26,18,8
12/10/2020 06:00:00 AM,44,41,3
12/10/2020 07:00:00 AM,49,43,6
12/10/2020 08:00:00 AM,60,50,10
12/10/2020 09:00:00 AM,28,20,8
12/10/2020 10:00:00 AM,26,21,5
12/10/2020 11:00:00 AM,32,17,15
12/10/2020 12:00:00 PM,21,12,9
12/10/2020 01:00:00 PM,24,6,18
12/10/2020 02:00:00 PM,34,13,21
12/10/2020 03:00:00 PM,51,21,30
12/10/2020 04:00:00 PM,60,12,48
12/10/2020 05:00:00 PM,68,19,49
12/10/2020 06:00:00 PM,34,3,31
12/10/2020 07:00:00 PM,17,1,16
12/10/2020 08:00:00 PM,3,0,3
12/10/2020 09:00:00 PM,4,2,2
12/10/2020 10:00:00 PM,5,4,1
12/10/2020 11:00:00 PM,1,1,0
12/11/2020 12:00:00 AM,2,0,2
12/11/2020 01:00:00 AM,1,1,0
12/11/2020 02:00:00 AM,4,0,4
12/11/2020 03:00:00 AM,1,0,1
12/11/2020 04:00:00 AM,6,4,2
12/11/2020 05:00:00 AM,23,17,6
12/11/2020 06:00:00 AM,36,31,5
12/11/2020 07:00:00 AM,34,24,10
12/11/2020 08:00:00 AM,43,33,10
12/11/2020 09:00:00 AM,28,20,8
12/11/2020 10:00:00 AM,33,26,7
12/11/2020 11:00:00 AM,27,17,10
12/11/2020 12:00:00 PM,24,13,11
12/11/2020 01:00:00 PM,29,14,15
12/11/2020 02:00:00 PM,49,20,29
12/11/2020 03:00:00 PM,49,16,33
12/11/2020 04:00:00 PM,59,15,44
12/11/2020 05:00:00 PM,54,10,44
12/11/2020 06:00:00 PM,39,11,28
12/11/2020 07:00:00 PM,18,3,15
12/11/2020 08:00:00 PM,10,2,8
12/11/2020 09:00:00 PM,10,4,6
12/11/2020 10:00:00 PM,5,2,3
12/11/2020 11:00:00 PM,2,1,1
12/12/2020 12:00:00 AM,2,0,2
12/12/2020 01:00:00 AM,3,2,1
12/12/2020 02:00:00 AM,3,2,1
12/12/2020 03:00:00 AM,1,1,0
12/12/2020 04:00:00 AM,1,1,0
12/12/2020 05:00:00 AM,5,3,2
12/12/2020 06:00:00 AM,14,11,3
12/12/2020 07:00:00 AM,16,10,6
12/12/2020 08:00:00 AM,23,14,9
12/12/2020 09:00:00 AM,36,16,20
12/12/2020 10:00:00 AM,42,21,21
12/12/2020 11:00:00 AM,87,51,36
12/12/2020 12:00:00 PM,77,43,34
12/12/2020 01:00:00 PM,117,61,56
12/12/2020 02:00:00 PM,121,58,63
12/12/2020 03:00:00 PM,84,42,42
12/12/2020 04:00:00 PM,38,19,19
12/12/2020 05:00:00 PM,15,8,7
12/12/2020 06:00:00 PM,14,7,7
12/12/2020 07:00:00 PM,13,4,9
12/12/2020 08:00:00 PM,14,6,8
12/12/2020 09:00:00 PM,3,1,2
12/12/2020 10:00:00 PM,1,0,1
12/12/2020 11:00:00 PM,3,2,1
12/13/2020 12:00:00 AM,3,1,2
12/13/2020 01:00:00 AM,1,0,1
12/13/2020 02:00:00 AM,0,0,0
12/13/2020 03:00:00 AM,0,0,0
12/13/2020 04:00:00 AM,0,0,0
12/13/2020 05:00:00 AM,2,2,0
12/13/2020 06:00:00 AM,5,4,1
12/13/2020 07:00:00 AM,1,0,1
12/13/2020 08:00:00 AM,5,3,2
12/13/2020 09:00:00 AM,4,3,1
12/13/2020 10:00:00 AM,12,9,3
12/13/2020 11:00:00 AM,7,5,2
12/13/2020 12:00:00 PM,7,4,3
12/13/2020 01:00:00 PM,16,7,9
12/13/2020 02:00:00 PM,25,12,13
12/13/2020 03:00:00 PM,25,13,12
12/13/2020 04:00:00 PM,15,9,6
12/13/2020 05:00:00 PM,9,5,4
12/13/2020 06:00:00 PM,7,1,6
12/13/2020 07:00:00 PM,6,3,3
12/13/2020 08:00:00 PM,5,2,3
12/13/2020 09:00:00 PM,3,2,1
12/13/2020 10:00:00 PM,4,0,4
12/13/2020 11:00:00 PM,2,1,1
12/14/2020 12:00:00 AM,1,1,0
12/14/2020 01:00:00 AM,2,0,2
12/14/2020 02:00:00 AM,0,0,0
12/14/2020 03:00:00 AM,4,1,3
12/14/2020 04:00:00 AM,6,6,0
12/14/2020 05:00:00 AM,22,16,6
12/14/2020 06:00:00 AM,34,32,2
12/14/2020 07:00:00 AM,40,35,5
12/14/2020 08:00:00 AM,34,31,3
12/14/2020 09:00:00 AM,31,27,4
12/14/2020 10:00:00 AM,18,13,5
12/14/2020 11:00:00 AM,26,15,11
12/14/2020 12:00:00 PM,14,10,4
12/14/2020 01:00:00 PM,21,10,11
12/14/2020 02:00:00 PM,34,16,18
12/14/2020 03:00:00 PM,46,10,36
12/14/2020 04:00:00 PM,54,10,44
12/14/2020 05:00:00 PM,57,8,49
12/14/2020 06:00:00 PM,22,5,17
12/14/2020 07:00:00 PM,17,4,13
12/14/2020 08:00:00 PM,14,2,12
12/14/2020 09:00:00 PM,2,2,0
12/14/2020 10:00:00 PM,2,0,2
12/14/2020 11:00:00 PM,5,2,3
12/15/2020 12:00:00 AM,7,5,2
12/15/2020 01:00:00 AM,0,0,0
12/15/2020 02:00:00 AM,3,1,2
12/15/2020 03:00:00 AM,0,0,0
12/15/2020 04:00:00 AM,4,3,1
12/15/2020 05:00:00 AM,17,13,4
12/15/2020 06:00:00 AM,33,30,3
12/15/2020 07:00:00 AM,24,19,5
12/15/2020 08:00:00 AM,42,34,8
12/15/2020 09:00:00 AM,18,13,5
12/15/2020 10:00:00 AM,10,9,1
12/15/2020 11:00:00 AM,13,9,4
12/15/2020 12:00:00 PM,14,6,8
12/15/2020 01:00:00 PM,16,8,8
12/15/2020 02:00:00 PM,23,9,14
12/15/2020 03:00:00 PM,21,4,17
12/15/2020 04:00:00 PM,39,8,31
12/15/2020 05:00:00 PM,39,6,33
12/15/2020 06:00:00 PM,33,8,25
12/15/2020 07:00:00 PM,14,4,10
12/15/2020 08:00:00 PM,3,0,3
12/15/2020 09:00:00 PM,3,1,2
12/15/2020 10:00:00 PM,3,2,1
12/15/2020 11:00:00 PM,2,0,2
12/16/2020 12:00:00 AM,3,2,1
12/16/2020 01:00:00 AM,1,0,1
12/16/2020 02:00:00 AM,4,2,2
12/16/2020 03:00:00 AM,1,0,1
12/16/2020 04:00:00 AM,5,5,0
12/16/2020 05:00:00 AM,21,15,6
12/16/2020 06:00:00 AM,38,32,6
12/16/2020 07:00:00 AM,38,35,3
12/16/2020 08:00:00 AM,36,31,5
12/16/2020 09:00:00 AM,29,21,8
12/16/2020 10:00:00 AM,12,10,2
12/16/2020 11:00:00 AM,12,4,8
12/16/2020 12:00:00 PM,12,7,5
12/16/2020 01:00:00 PM,15,6,9
12/16/2020 02:00:00 PM,21,9,12
12/16/2020 03:00:00 PM,30,9,21
12/16/2020 04:00:00 PM,24,2,22
12/16/2020 05:00:00 PM,46,9,37
12/16/2020 06:00:00 PM,20,2,18
12/16/2020 07:00:00 PM,15,4,11
12/16/2020 08:00:00 PM,9,2,7
12/16/2020 09:00:00 PM,5,1,4
12/16/2020 10:00:00 PM,2,1,1
12/16/2020 11:00:00 PM,1,0,1
12/17/2020 12:00:00 AM,8,5,3
12/17/2020 01:00:00 AM,1,0,1
12/17/2020 02:00:00 AM,1,1,0
12/17/2020 03:00:00 AM,1,0,1
12/17/2020 04:00:00 AM,3,2,1
12/17/2020 05:00:00 AM,20,14,6
12/17/2020 06:00:00 AM,39,36,3
12/17/2020 07:00:00 AM,32,27,5
12/17/2020 08:00:00 AM,34,29,5
12/17/2020 09:00:00 AM,30,24,6
12/17/2020 10:00:00 AM,21,12,9
12/17/2020 11:00:00 AM,27,15,12
12/17/2020 12:00:00 PM,29,19,10
12/17/2020 01:00:00 PM,33,17,16
12/17/2020 02:00:00 PM,58,29,29
12/17/2020 03:00:00 PM,67,16,51
12/17/2020 04:00:00 PM,66,19,47
12/17/2020 05:00:00 PM,59,14,45
12/17/2020 06:00:00 PM,31,5,26
12/17/2020 07:00:00 PM,14,7,7
12/17/2020 08:00:00 PM,6,3,3
12/17/2020 09:00:00 PM,5,1,4
12/17/2020 10:00:00 PM,3,2,1
12/17/2020 11:00:00 PM,3,2,1
12/18/2020 12:00:00 AM,6,2,4
12/18/2020 01:00:00 AM,1,1,0
12/18/2020 02:00:00 AM,2,2,0
12/18/2020 03:00:00 AM,0,0,0
12/18/2020 04:00:00 AM,8,6,2
12/18/2020 05:00:00 AM,14,11,3
12/18/2020 06:00:00 AM,29,23,6
12/18/2020 07:00:00 AM,22,18,4
12/18/2020 08:00:00 AM,35,29,6
12/18/2020 09:00:00 AM,23,16,7
12/18/2020 10:00:00 AM,13,8,5
12/18/2020 11:00:00 AM,10,5,5
12/18/2020 12:00:00 PM,10,3,7
12/18/2020 01:00:00 PM,19,9,10
12/18/2020 02:00:00 PM,26,12,14
12/18/2020 03:00:00 PM,28,8,20
12/18/2020 04:00:00 PM,28,7,21
12/18/2020 05:00:00 PM,29,2,27
12/18/2020 06:00:00 PM,22,4,18
12/18/2020 07:00:00 PM,10,3,7
12/18/2020 08:00:00 PM,4,1,3
12/18/2020 09:00:00 PM,5,1,4
12/18/2020 10:00:00 PM,2,0,2
12/18/2020 11:00:00 PM,3,3,0
12/19/2020 12:00:00 AM,2,1,1
12/19/2020 01:00:00 AM,0,0,0
12/19/2020 02:00:00 AM,4,0,4
12/19/2020 03:00:00 AM,0,0,0
12/19/2020 04:00:00 AM,3,3,0
12/19/2020 05:00:00 AM,6,5,1
12/19/2020 06:00:00 AM,3,1,2
12/19/2020 07:00:00 AM,7,5,2
12/19/2020 08:00:00 AM,13,11,2
12/19/2020 09:00:00 AM,28,14,14
12/19/2020 10:00:00 AM,35,21,14
12/19/2020 11:00:00 AM,44,22,22
12/19/2020 12:00:00 PM,40,20,20
12/19/2020 01:00:00 PM,24,8,16
12/19/2020 02:00:00 PM,18,7,11
12/19/2020 03:00:00 PM,7,2,5
12/19/2020 04:00:00 PM,7,1,6
12/19/2020 05:00:00 PM,7,2,5
12/19/2020 06:00:00 PM,2,0,2
12/19/2020 07:00:00 PM,5,2,3
12/19/2020 08:00:00 PM,5,1,4
12/19/2020 09:00:00 PM,2,0,2
12/19/2020 10:00:00 PM,3,1,2
12/19/2020 11:00:00 PM,1,0,1
12/20/2020 12:00:00 AM,3,2,1
12/20/2020 01:00:00 AM,0,0,0
12/20/2020 02:00:00 AM,1,0,1
12/20/2020 03:00:00 AM,0,0,0
12/20/2020 04:00:00 AM,1,1,0
12/20/2020 05:00:00 AM,1,1,0
12/20/2020 06:00:00 AM,3,1,2
12/20/2020 07:00:00 AM,10,5,5
12/20/2020 08:00:00 AM,15,11,4
12/20/2020 09:00:00 AM,23,14,9
12/20/2020 10:00:00 AM,17,5,12
12/20/2020 11:00:00 AM,26,5,21
12/20/2020 12:00:00 PM,53,25,28
12/20/2020 01:00:00 PM,44,19,25
12/20/2020 02:00:00 PM,37,16,21
12/20/2020 03:00:00 PM,43,25,18
12/20/2020 04:00:00 PM,21,6,15
12/20/2020 05:00:00 PM,14,7,7
12/20/2020 06:00:00 PM,7,2,5
12/20/2020 07:00:00 PM,5,3,2
12/20/2020 08:00:00 PM,7,2,5
12/20/2020 09:00:00 PM,3,2,1
12/20/2020 10:00:00 PM,2,2,0
12/20/2020 11:00:00 PM,0,0,0
12/21/2020 12:00:00 AM,0,0,0
12/21/2020 01:00:00 AM,2,0,2
12/21/2020 02:00:00 AM,1,1,0
12/21/2020 03:00:00 AM,2,1,1
12/21/2020 04:00:00 AM,3,3,0
12/21/2020 05:00:00 AM,9,8,1
12/21/2020 06:00:00 AM,18,14,4
12/21/2020 07:00:00 AM,17,17,0
12/21/2020 08:00:00 AM,12,9,3
12/21/2020 09:00:00 AM,6,6,0
12/21/2020 10:00:00 AM,8,8,0
12/21/2020 11:00:00 AM,6,4,2
12/21/2020 12:00:00 PM,9,3,6
12/21/2020 01:00:00 PM,6,4,2
12/21/2020 02:00:00 PM,7,4,3
12/21/2020 03:00:00 PM,10,1,9
12/21/2020 04:00:00 PM,9,3,6
12/21/2020 05:00:00 PM,33,5,28
12/21/2020 06:00:00 PM,11,1,10
12/21/2020 07:00:00 PM,4,0,4
12/21/2020 08:00:00 PM,3,0,3
12/21/2020 09:00:00 PM,4,2,2
12/21/2020 10:00:00 PM,3,0,3
12/21/2020 11:00:00 PM,1,0,1
12/22/2020 12:00:00 AM,1,0,1
12/22/2020 01:00:00 AM,0,0,0
12/22/2020 02:00:00 AM,1,1,0
12/22/2020 03:00:00 AM,2,2,0
12/22/2020 04:00:00 AM,2,1,1
12/22/2020 05:00:00 AM,12,8,4
12/22/2020 06:00:00 AM,19,16,3
12/22/2020 07:00:00 AM,17,14,3
12/22/2020 08:00:00 AM,21,19,2
12/22/2020 09:00:00 AM,29,23,6
12/22/2020 10:00:00 AM,24,16,8
12/22/2020 11:00:00 AM,32,24,8
12/22/2020 12:00:00 PM,35,16,19
12/22/2020 01:00:00 PM,44,24,20
12/22/2020 02:00:00 PM,61,30,31
12/22/2020 03:00:00 PM,52,20,32
12/22/2020 04:00:00 PM,39,9,30
12/22/2020 05:00:00 PM,29,8,21
12/22/2020 06:00:00 PM,22,3,19
12/22/2020 07:00:00 PM,15,3,12
12/22/2020 08:00:00 PM,3,0,3
12/22/2020 09:00:00 PM,5,1,4
12/22/2020 10:00:00 PM,2,0,2
12/22/2020 11:00:00 PM,2,0,2
12/23/2020 12:00:00 AM,4,3,1
12/23/2020 01:00:00 AM,6,2,4
12/23/2020 02:00:00 AM,1,1,0
12/23/2020 03:00:00 AM,1,1,0
12/23/2020 04:00:00 AM,4,3,1
12/23/2020 05:00:00 AM,11,9,2
12/23/2020 06:00:00 AM,18,15,3
12/23/2020 07:00:00 AM,13,13,0
12/23/2020 08:00:00 AM,25,17,8
12/23/2020 09:00:00 AM,17,15,2
12/23/2020 10:00:00 AM,20,13,7
12/23/2020 11:00:00 AM,25,20,5
12/23/2020 12:00:00 PM,35,16,19
12/23/2020 01:00:00 PM,43,18,25
12/23/2020 02:00:00 PM,47,26,21
12/23/2020 03:00:00 PM,55,18,37
12/23/2020 04:00:00 PM,39,9,30
12/23/2020 05:00:00 PM,27,8,19
12/23/2020 06:00:00 PM,21,6,15
12/23/2020 07:00:00 PM,11,2,9
12/23/2020 08:00:00 PM,8,2,6
12/23/2020 09:00:00 PM,6,1,5
12/23/2020 10:00:00 PM,4,1,3
12/23/2020 11:00:00 PM,4,2,2
12/24/2020 12:00:00 AM,2,1,1
12/24/2020 01:00:00 AM,0,0,0
12/24/2020 02:00:00 AM,3,1,2
12/24/2020 03:00:00 AM,2,1,1
12/24/2020 04:00:00 AM,0,0,0
12/24/2020 05:00:00 AM,11,8,3
12/24/2020 06:00:00 AM,10,9,1
12/24/2020 07:00:00 AM,12,12,0
12/24/2020 08:00:00 AM,15,11,4
12/24/2020 09:00:00 AM,16,12,4
12/24/2020 10:00:00 AM,14,10,4
12/24/2020 11:00:00 AM,40,20,20
12/24/2020 12:00:00 PM,56,31,25
12/24/2020 01:00:00 PM,67,26,41
12/24/2020 02:00:00 PM,49,22,27
12/24/2020 03:00:00 PM,48,18,30
12/24/2020 04:00:00 PM,22,10,12
12/24/2020 05:00:00 PM,18,7,11
12/24/2020 06:00:00 PM,6,3,3
12/24/2020 07:00:00 PM,8,0,8
12/24/2020 08:00:00 PM,3,2,1
12/24/2020 09:00:00 PM,3,1,2
12/24/2020 10:00:00 PM,1,0,1
12/24/2020 11:00:00 PM,2,0,2
12/25/2020 12:00:00 AM,0,0,0
12/25/2020 01:00:00 AM,1,1,0
12/25/2020 02:00:00 AM,2,1,1
12/25/2020 03:00:00 AM,2,2,0
12/25/2020 04:00:00 AM,0,0,0
12/25/2020 05:00:00 AM,2,1,1
12/25/2020 06:00:00 AM,2,1,1
12/25/2020 07:00:00 AM,4,2,2
12/25/2020 08:00:00 AM,1,0,1
12/25/2020 09:00:00 AM,8,2,6
12/25/2020 10:00:00 AM,8,5,3
12/25/2020 11:00:00 AM,12,7,5
12/25/2020 12:00:00 PM,14,8,6
12/25/2020 01:00:00 PM,16,9,7
12/25/2020 02:00:00 PM,11,8,3
12/25/2020 03:00:00 PM,10,2,8
12/25/2020 04:00:00 PM,2,2,0
12/25/2020 05:00:00 PM,5,2,3
12/25/2020 06:00:00 PM,1,1,0
12/25/2020 07:00:00 PM,1,0,1
12/25/2020 08:00:00 PM,0,0,0
12/25/2020 09:00:00 PM,3,0,3
12/25/2020 10:00:00 PM,2,0,2
12/25/2020 11:00:00 PM,1,0,1
12/26/2020 12:00:00 AM,0,0,0
12/26/2020 01:00:00 AM,1,0,1
12/26/2020 02:00:00 AM,1,0,1
12/26/2020 03:00:00 AM,0,0,0
12/26/2020 04:00:00 AM,2,2,0
12/26/2020 05:00:00 AM,3,2,1
12/26/2020 06:00:00 AM,2,1,1
12/26/2020 07:00:00 AM,2,1,1
12/26/2020 08:00:00 AM,8,3,5
12/26/2020 09:00:00 AM,12,8,4
12/26/2020 10:00:00 AM,14,9,5
12/26/2020 11:00:00 AM,14,9,5
12/26/2020 12:00:00 PM,19,10,9
12/26/2020 01:00:00 PM,26,14,12
12/26/2020 02:00:00 PM,39,17,22
12/26/2020 03:00:00 PM,35,10,25
12/26/2020 04:00:00 PM,22,10,12
12/26/2020 05:00:00 PM,14,6,8
12/26/2020 06:00:00 PM,8,4,4
12/26/2020 07:00:00 PM,1,0,1
12/26/2020 08:00:00 PM,5,0,5
12/26/2020 09:00:00 PM,4,2,2
12/26/2020 10:00:00 PM,2,1,1
12/26/2020 11:00:00 PM,0,0,0
12/27/2020 12:00:00 AM,1,1,0
12/27/2020 01:00:00 AM,1,1,0
12/27/2020 02:00:00 AM,1,0,1
12/27/2020 03:00:00 AM,2,2,0
12/27/2020 04:00:00 AM,2,1,1
12/27/2020 05:00:00 AM,3,2,1
12/27/2020 06:00:00 AM,4,4,0
12/27/2020 07:00:00 AM,6,4,2
12/27/2020 08:00:00 AM,4,2,2
12/27/2020 09:00:00 AM,15,10,5
12/27/2020 10:00:00 AM,8,5,3
12/27/2020 11:00:00 AM,19,14,5
12/27/2020 12:00:00 PM,24,14,10
12/27/2020 01:00:00 PM,32,18,14
12/27/2020 02:00:00 PM,64,31,33
12/27/2020 03:00:00 PM,38,15,23
12/27/2020 04:00:00 PM,22,10,12
12/27/2020 05:00:00 PM,10,5,5
12/27/2020 06:00:00 PM,11,6,5
12/27/2020 07:00:00 PM,3,0,3
12/27/2020 08:00:00 PM,8,2,6
12/27/2020 09:00:00 PM,5,4,1
12/27/2020 10:00:00 PM,3,1,2
12/27/2020 11:00:00 PM,4,2,2
12/28/2020 12:00:00 AM,0,0,0
12/28/2020 01:00:00 AM,3,2,1
12/28/2020 02:00:00 AM,1,1,0
12/28/2020 03:00:00 AM,1,0,1
12/28/2020 04:00:00 AM,4,3,1
12/28/2020 05:00:00 AM,15,14,1
12/28/2020 06:00:00 AM,15,14,1
12/28/2020 07:00:00 AM,22,17,5
12/28/2020 08:00:00 AM,24,18,6
12/28/2020 09:00:00 AM,20,15,5
12/28/2020 10:00:00 AM,31,22,9
12/28/2020 11:00:00 AM,38,21,17
12/28/2020 12:00:00 PM,55,32,23
12/28/2020 01:00:00 PM,78,34,44
12/28/2020 02:00:00 PM,100,55,45
12/28/2020 03:00:00 PM,98,30,68
12/28/2020 04:00:00 PM,49,24,25
12/28/2020 05:00:00 PM,39,8,31
12/28/2020 06:00:00 PM,16,7,9
12/28/2020 07:00:00 PM,12,1,11
12/28/2020 08:00:00 PM,6,3,3
12/28/2020 09:00:00 PM,7,2,5
12/28/2020 10:00:00 PM,0,0,0
12/28/2020 11:00:00 PM,4,3,1
12/29/2020 12:00:00 AM,3,0,3
12/29/2020 01:00:00 AM,1,1,0
12/29/2020 02:00:00 AM,2,1,1
12/29/2020 03:00:00 AM,1,0,1
12/29/2020 04:00:00 AM,3,2,1
12/29/2020 05:00:00 AM,18,15,3
12/29/2020 06:00:00 AM,23,17,6
12/29/2020 07:00:00 AM,24,20,4
12/29/2020 08:00:00 AM,31,27,4
12/29/2020 09:00:00 AM,21,14,7
12/29/2020 10:00:00 AM,21,13,8
12/29/2020 11:00:00 AM,36,20,16
12/29/2020 12:00:00 PM,19,11,8
12/29/2020 01:00:00 PM,33,21,12
12/29/2020 02:00:00 PM,37,10,27
12/29/2020 03:00:00 PM,51,14,37
12/29/2020 04:00:00 PM,49,10,39
12/29/2020 05:00:00 PM,28,8,20
12/29/2020 06:00:00 PM,16,6,10
12/29/2020 07:00:00 PM,7,2,5
12/29/2020 08:00:00 PM,3,0,3
12/29/2020 09:00:00 PM,4,1,3
12/29/2020 10:00:00 PM,1,1,0
12/29/2020 11:00:00 PM,2,0,2
12/30/2020 12:00:00 AM,2,1,1
12/30/2020 01:00:00 AM,2,2,0
12/30/2020 02:00:00 AM,0,0,0
12/30/2020 03:00:00 AM,0,0,0
12/30/2020 04:00:00 AM,2,2,0
12/30/2020 05:00:00 AM,13,10,3
12/30/2020 06:00:00 AM,21,16,5
12/30/2020 07:00:00 AM,8,7,1
12/30/2020 08:00:00 AM,19,15,4
12/30/2020 09:00:00 AM,9,7,2
12/30/2020 10:00:00 AM,10,6,4
12/30/2020 11:00:00 AM,7,7,0
12/30/2020 12:00:00 PM,16,10,6
12/30/2020 01:00:00 PM,9,5,4
12/30/2020 02:00:00 PM,15,7,8
12/30/2020 03:00:00 PM,23,6,17
12/30/2020 04:00:00 PM,19,5,14
12/30/2020 05:00:00 PM,22,5,17
12/30/2020 06:00:00 PM,19,4,15
12/30/2020 07:00:00 PM,7,3,4
12/30/2020 08:00:00 PM,2,0,2
12/30/2020 09:00:00 PM,2,0,2
12/30/2020 10:00:00 PM,1,1,0
12/30/2020 11:00:00 PM,6,3,3
12/31/2020 12:00:00 AM,3,2,1
12/31/2020 01:00:00 AM,1,0,1
12/31/2020 02:00:00 AM,1,1,0
12/31/2020 03:00:00 AM,1,1,0
12/31/2020 04:00:00 AM,1,1,0
12/31/2020 05:00:00 AM,10,8,2
12/31/2020 06:00:00 AM,16,14,2
12/31/2020 07:00:00 AM,21,16,5
12/31/2020 08:00:00 AM,16,13,3
12/31/2020 09:00:00 AM,21,17,4
12/31/2020 10:00:00 AM,20,17,3
12/31/2020 11:00:00 AM,33,20,13
12/31/2020 12:00:00 PM,36,20,16
12/31/2020 01:00:00 PM,55,15,40
12/31/2020 02:00:00 PM,45,14,31
12/31/2020 03:00:00 PM,58,25,33
12/31/2020 04:00:00 PM,34,9,25
12/31/2020 05:00:00 PM,21,6,15
12/31/2020 06:00:00 PM,14,2,12
12/31/2020 07:00:00 PM,8,3,5
12/31/2020 08:00:00 PM,1,0,1
12/31/2020 09:00:00 PM,9,5,4
12/31/2020 10:00:00 PM,2,0,2
12/31/2020 11:00:00 PM,1,1,0
01/01/2021 12:00:00 AM,5,1,4
01/01/2021 01:00:00 AM,4,1,3
01/01/2021 02:00:00 AM,3,3,0
01/01/2021 03:00:00 AM,3,3,0
01/01/2021 04:00:00 AM,1,0,1
01/01/2021 05:00:00 AM,1,1,0
01/01/2021 06:00:00 AM,3,1,2
01/01/2021 07:00:00 AM,0,0,0
01/01/2021 08:00:00 AM,3,3,0
01/01/2021 09:00:00 AM,12,9,3
01/01/2021 10:00:00 AM,11,6,5
01/01/2021 11:00:00 AM,27,15,12
01/01/2021 12:00:00 PM,21,5,16
01/01/2021 01:00:00 PM,26,11,15
01/01/2021 02:00:00 PM,20,14,6
01/01/2021 03:00:00 PM,5,2,3
01/01/2021 04:00:00 PM,5,2,3
01/01/2021 05:00:00 PM,10,2,8
01/01/2021 06:00:00 PM,3,1,2
01/01/2021 07:00:00 PM,1,0,1
01/01/2021 08:00:00 PM,2,1,1
01/01/2021 09:00:00 PM,4,2,2
01/01/2021 10:00:00 PM,1,1,0
01/01/2021 11:00:00 PM,2,1,1
01/02/2021 12:00:00 AM,1,0,1
01/02/2021 01:00:00 AM,0,0,0
01/02/2021 02:00:00 AM,0,0,0
01/02/2021 03:00:00 AM,1,0,1
01/02/2021 04:00:00 AM,1,1,0
01/02/2021 05:00:00 AM,4,4,0
01/02/2021 06:00:00 AM,6,4,2
01/02/2021 07:00:00 AM,3,2,1
01/02/2021 08:00:00 AM,2,1,1
01/02/2021 09:00:00 AM,7,6,1
01/02/2021 10:00:00 AM,5,4,1
01/02/2021 11:00:00 AM,4,2,2
01/02/2021 12:00:00 PM,5,2,3
01/02/2021 01:00:00 PM,4,2,2
01/02/2021 02:00:00 PM,4,1,3
01/02/2021 03:00:00 PM,3,1,2
01/02/2021 04:00:00 PM,5,0,5
01/02/2021 05:00:00 PM,5,2,3
01/02/2021 06:00:00 PM,3,1,2
01/02/2021 07:00:00 PM,3,1,2
01/02/2021 08:00:00 PM,3,2,1
01/02/2021 09:00:00 PM,1,0,1
01/02/2021 10:00:00 PM,1,0,1
01/02/2021 11:00:00 PM,0,0,0
01/03/2021 12:00:00 AM,1,0,1
01/03/2021 01:00:00 AM,0,0,0
01/03/2021 02:00:00 AM,0,0,0
01/03/2021 03:00:00 AM,1,0,1
01/03/2021 04:00:00 AM,4,2,2
01/03/2021 05:00:00 AM,3,2,1
01/03/2021 06:00:00 AM,6,5,1
01/03/2021 07:00:00 AM,8,7,1
01/03/2021 08:00:00 AM,5,3,2
01/03/2021 09:00:00 AM,6,5,1
01/03/2021 10:00:00 AM,8,3,5
01/03/2021 11:00:00 AM,15,10,5
01/03/2021 12:00:00 PM,18,9,9
01/03/2021 01:00:00 PM,23,10,13
01/03/2021 02:00:00 PM,36,19,17
01/03/2021 03:00:00 PM,33,15,18
01/03/2021 04:00:00 PM,22,7,15
01/03/2021 05:00:00 PM,11,3,8
01/03/2021 06:00:00 PM,4,0,4
01/03/2021 07:00:00 PM,6,2,4
01/03/2021 08:00:00 PM,3,1,2
01/03/2021 09:00:00 PM,3,1,2
01/03/2021 10:00:00 PM,3,1,2
01/03/2021 11:00:00 PM,2,0,2
01/04/2021 12:00:00 AM,0,0,0
01/04/2021 01:00:00 AM,1,0,1
01/04/2021 02:00:00 AM,1,0,1
01/04/2021 03:00:00 AM,2,2,0
01/04/2021 04:00:00 AM,4,3,1
01/04/2021 05:00:00 AM,20,18,2
01/04/2021 06:00:00 AM,27,25,2
01/04/2021 07:00:00 AM,28,22,6
01/04/2021 08:00:00 AM,32,29,3
01/04/2021 09:00:00 AM,13,11,2
01/04/2021 10:00:00 AM,11,7,4
01/04/2021 11:00:00 AM,8,7,1
01/04/2021 12:00:00 PM,5,2,3
01/04/2021 01:00:00 PM,4,1,3
01/04/2021 02:00:00 PM,18,8,10
01/04/2021 03:00:00 PM,21,5,16
01/04/2021 04:00:00 PM,35,5,30
01/04/2021 05:00:00 PM,39,6,33
01/04/2021 06:00:00 PM,20,3,17
01/04/2021 07:00:00 PM,9,2,7
01/04/2021 08:00:00 PM,8,1,7
01/04/2021 09:00:00 PM,3,0,3
01/04/2021 10:00:00 PM,6,2,4
01/04/2021 11:00:00 PM,10,2,8
01/05/2021 12:00:00 AM,8,5,3
01/05/2021 01:00:00 AM,1,1,0
01/05/2021 02:00:00 AM,1,1,0
01/05/2021 03:00:00 AM,0,0,0
01/05/2021 04:00:00 AM,3,2,1
01/05/2021 05:00:00 AM,24,21,3
01/05/2021 06:00:00 AM,38,32,6
01/05/2021 07:00:00 AM,40,37,3
01/05/2021 08:00:00 AM,41,34,7
01/05/2021 09:00:00 AM,33,25,8
01/05/2021 10:00:00 AM,14,8,6
01/05/2021 11:00:00 AM,13,10,3
01/05/2021 12:00:00 PM,17,7,10
01/05/2021 01:00:00 PM,13,6,7
01/05/2021 02:00:00 PM,14,3,11
01/05/2021 03:00:00 PM,26,9,17
01/05/2021 04:00:00 PM,36,5,31
01/05/2021 05:00:00 PM,37,6,31
01/05/2021 06:00:00 PM,19,0,19
01/05/2021 07:00:00 PM,7,1,6
01/05/2021 08:00:00 PM,5,1,4
01/05/2021 09:00:00 PM,7,1,6
01/05/2021 10:00:00 PM,3,0,3
01/05/2021 11:00:00 PM,5,2,3
01/06/2021 12:00:00 AM,2,0,2
01/06/2021 01:00:00 AM,0,0,0
01/06/2021 02:00:00 AM,0,0,0
01/06/2021 03:00:00 AM,0,0,0
01/06/2021 04:00:00 AM,2,2,0
01/06/2021 05:00:00 AM,14,11,3
01/06/2021 06:00:00 AM,45,40,5
01/06/2021 07:00:00 AM,40,31,9
01/06/2021 08:00:00 AM,35,33,2
01/06/2021 09:00:00 AM,22,18,4
01/06/2021 10:00:00 AM,15,8,7
01/06/2021 11:00:00 AM,26,14,12
01/06/2021 12:00:00 PM,26,19,7
01/06/2021 01:00:00 PM,27,14,13
01/06/2021 02:00:00 PM,32,14,18
01/06/2021 03:00:00 PM,52,18,34
01/06/2021 04:00:00 PM,56,14,42
01/06/2021 05:00:00 PM,68,14,54
01/06/2021 06:00:00 PM,34,9,25
01/06/2021 07:00:00 PM,17,6,11
01/06/2021 08:00:00 PM,14,5,9
01/06/2021 09:00:00 PM,6,2,4
01/06/2021 10:00:00 PM,4,1,3
01/06/2021 11:00:00 PM,3,0,3
01/07/2021 12:00:00 AM,4,1,3
01/07/2021 01:00:00 AM,0,0,0
01/07/2021 02:00:00 AM,3,3,0
01/07/2021 03:00:00 AM,1,1,0
01/07/2021 04:00:00 AM,2,2,0
01/07/2021 05:00:00 AM,16,11,5
01/07/2021 06:00:00 AM,43,38,5
01/07/2021 07:00:00 AM,54,42,12
01/07/2021 08:00:00 AM,53,46,7
01/07/2021 09:00:00 AM,32,23,9
01/07/2021 10:00:00 AM,21,17,4
01/07/2021 11:00:00 AM,32,22,10
01/07/2021 12:00:00 PM,36,23,13
01/07/2021 01:00:00 PM,34,14,20
01/07/2021 02:00:00 PM,42,17,25
01/07/2021 03:00:00 PM,65,16,49
01/07/2021 04:00:00 PM,63,17,46
01/07/2021 05:00:00 PM,64,18,46
01/07/2021 06:00:00 PM,29,3,26
01/07/2021 07:00:00 PM,17,6,11
01/07/2021 08:00:00 PM,7,4,3
01/07/2021 09:00:00 PM,7,1,6
01/07/2021 10:00:00 PM,7,4,3
01/07/2021 11:00:00 PM,3,0,3
01/08/2021 12:00:00 AM,4,1,3
01/08/2021 01:00:00 AM,0,0,0
01/08/2021 02:00:00 AM,1,1,0
01/08/2021 03:00:00 AM,3,1,2
01/08/2021 04:00:00 AM,2,2,0
01/08/2021 05:00:00 AM,20,15,5
01/08/2021 06:00:00 AM,26,22,4
01/08/2021 07:00:00 AM,27,20,7
01/08/2021 08:00:00 AM,26,23,3
01/08/2021 09:00:00 AM,20,14,6
01/08/2021 10:00:00 AM,15,12,3
01/08/2021 11:00:00 AM,13,6,7
01/08/2021 12:00:00 PM,18,13,5
01/08/2021 01:00:00 PM,10,6,4
01/08/2021 02:00:00 PM,16,8,8
01/08/2021 03:00:00 PM,26,5,21
01/08/2021 04:00:00 PM,30,5,25
01/08/2021 05:00:00 PM,30,4,26
01/08/2021 06:00:00 PM,23,4,19
01/08/2021 07:00:00 PM,9,2,7
01/08/2021 08:00:00 PM,5,1,4
01/08/2021 09:00:00 PM,2,1,1
01/08/2021 10:00:00 PM,2,0,2
01/08/2021 11:00:00 PM,0,0,0
01/09/2021 12:00:00 AM,4,1,3
01/09/2021 01:00:00 AM,1,0,1
01/09/2021 02:00:00 AM,3,2,1
01/09/2021 03:00:00 AM,2,2,0
01/09/2021 04:00:00 AM,1,1,0
01/09/2021 05:00:00 AM,5,2,3
01/09/2021 06:00:00 AM,3,2,1
01/09/2021 07:00:00 AM,8,5,3
01/09/2021 08:00:00 AM,16,9,7
01/09/2021 09:00:00 AM,33,17,16
01/09/2021 10:00:00 AM,32,20,12
01/09/2021 11:00:00 AM,45,19,26
01/09/2021 12:00:00 PM,46,22,24
01/09/2021 01:00:00 PM,82,38,44
01/09/2021 02:00:00 PM,67,31,36
01/09/2021 03:00:00 PM,56,28,28
01/09/2021 04:00:00 PM,31,19,12
01/09/2021 05:00:00 PM,23,12,11
01/09/2021 06:00:00 PM,13,5,8
01/09/2021 07:00:00 PM,10,4,6
01/09/2021 08:00:00 PM,3,1,2
01/09/2021 09:00:00 PM,4,1,3
01/09/2021 10:00:00 PM,7,4,3
01/09/2021 11:00:00 PM,3,2,1
01/10/2021 12:00:00 AM,2,2,0
01/10/2021 01:00:00 AM,0,0,0
01/10/2021 02:00:00 AM,0,0,0
01/10/2021 03:00:00 AM,2,1,1
01/10/2021 04:00:00 AM,1,1,0
01/10/2021 05:00:00 AM,1,0,1
01/10/2021 06:00:00 AM,4,2,2
01/10/2021 07:00:00 AM,6,3,3
01/10/2021 08:00:00 AM,11,5,6
01/10/2021 09:00:00 AM,22,10,12
01/10/2021 10:00:00 AM,28,17,11
01/10/2021 11:00:00 AM,47,19,28
01/10/2021 12:00:00 PM,52,23,29
01/10/2021 01:00:00 PM,71,41,30
01/10/2021 02:00:00 PM,65,31,34
01/10/2021 03:00:00 PM,46,23,23
01/10/2021 04:00:00 PM,33,12,21
01/10/2021 05:00:00 PM,12,8,4
01/10/2021 06:00:00 PM,10,0,10
01/10/2021 07:00:00 PM,5,3,2
01/10/2021 08:00:00 PM,6,2,4
01/10/2021 09:00:00 PM,4,2,2
01/10/2021 10:00:00 PM,2,1,1
01/10/2021 11:00:00 PM,2,1,1
01/11/2021 12:00:00 AM,0,0,0
01/11/2021 01:00:00 AM,2,1,1
01/11/2021 02:00:00 AM,2,1,1
01/11/2021 03:00:00 AM,3,1,2
01/11/2021 04:00:00 AM,4,3,1
01/11/2021 05:00:00 AM,22,17,5
01/11/2021 06:00:00 AM,37,35,2
01/11/2021 07:00:00 AM,24,22,2
01/11/2021 08:00:00 AM,34,30,4
01/11/2021 09:00:00 AM,15,11,4
01/11/2021 10:00:00 AM,9,7,2
01/11/2021 11:00:00 AM,10,5,5
01/11/2021 12:00:00 PM,5,3,2
01/11/2021 01:00:00 PM,9,5,4
01/11/2021 02:00:00 PM,10,2,8
01/11/2021 03:00:00 PM,20,5,15
01/11/2021 04:00:00 PM,42,2,40
01/11/2021 05:00:00 PM,37,11,26
01/11/2021 06:00:00 PM,18,2,16
01/11/2021 07:00:00 PM,7,0,7
01/11/2021 08:00:00 PM,8,2,6
01/11/2021 09:00:00 PM,3,1,2
01/11/2021 10:00:00 PM,3,1,2
01/11/2021 11:00:00 PM,2,0,2
01/12/2021 12:00:00 AM,5,1,4
01/12/2021 01:00:00 AM,0,0,0
01/12/2021 02:00:00 AM,2,2,0
01/12/2021 03:00:00 AM,0,0,0
01/12/2021 04:00:00 AM,3,2,1
01/12/2021 05:00:00 AM,17,14,3
01/12/2021 06:00:00 AM,31,30,1
01/12/2021 07:00:00 AM,21,21,0
01/12/2021 08:00:00 AM,23,22,1
01/12/2021 09:00:00 AM,9,7,2
01/12/2021 10:00:00 AM,16,9,7
01/12/2021 11:00:00 AM,9,4,5
01/12/2021 12:00:00 PM,13,10,3
01/12/2021 01:00:00 PM,11,4,7
01/12/2021 02:00:00 PM,17,8,9
01/12/2021 03:00:00 PM,26,6,20
01/12/2021 04:00:00 PM,33,7,26
01/12/2021 05:00:00 PM,29,6,23
01/12/2021 06:00:00 PM,21,2,19
01/12/2021 07:00:00 PM,5,0,5
01/12/2021 08:00:00 PM,6,1,5
01/12/2021 09:00:00 PM,4,2,2
01/12/2021 10:00:00 PM,4,2,2
01/12/2021 11:00:00 PM,2,0,2
01/13/2021 12:00:00 AM,2,0,2
01/13/2021 01:00:00 AM,0,0,0
01/13/2021 02:00:00 AM,2,1,1
01/13/2021 03:00:00 AM,0,0,0
01/13/2021 04:00:00 AM,3,3,0
01/13/2021 05:00:00 AM,15,11,4
01/13/2021 06:00:00 AM,40,37,3
01/13/2021 07:00:00 AM,18,13,5
01/13/2021 08:00:00 AM,42,39,3
01/13/2021 09:00:00 AM,35,25,10
01/13/2021 10:00:00 AM,27,19,8
01/13/2021 11:00:00 AM,42,24,18
01/13/2021 12:00:00 PM,46,23,23
01/13/2021 01:00:00 PM,57,34,23
01/13/2021 02:00:00 PM,64,29,35
01/13/2021 03:00:00 PM,70,30,40
01/13/2021 04:00:00 PM,72,18,54
01/13/2021 05:00:00 PM,55,10,45
01/13/2021 06:00:00 PM,41,7,34
01/13/2021 07:00:00 PM,20,8,12
01/13/2021 08:00:00 PM,6,2,4
01/13/2021 09:00:00 PM,8,1,7
01/13/2021 10:00:00 PM,6,2,4
01/13/2021 11:00:00 PM,8,4,4
01/14/2021 12:00:00 AM,4,2,2
01/14/2021 01:00:00 AM,4,3,1
01/14/2021 02:00:00 AM,4,4,0
01/14/2021 03:00:00 AM,0,0,0
01/14/2021 04:00:00 AM,8,4,4
01/14/2021 05:00:00 AM,27,20,7
01/14/2021 06:00:00 AM,39,35,4
01/14/2021 07:00:00 AM,49,38,11
01/14/2021 08:00:00 AM,42,34,8
01/14/2021 09:00:00 AM,34,31,3
01/14/2021 10:00:00 AM,27,19,8
01/14/2021 11:00:00 AM,31,21,10
01/14/2021 12:00:00 PM,35,14,21
01/14/2021 01:00:00 PM,44,21,23
01/14/2021 02:00:00 PM,75,31,44
01/14/2021 03:00:00 PM,63,21,42
01/14/2021 04:00:00 PM,77,18,59
01/14/2021 05:00:00 PM,70,13,57
01/14/2021 06:00:00 PM,37,5,32
01/14/2021 07:00:00 PM,13,4,9
01/14/2021 08:00:00 PM,9,2,7
01/14/2021 09:00:00 PM,8,3,5
01/14/2021 10:00:00 PM,1,0,1
01/14/2021 11:00:00 PM,2,0,2
01/15/2021 12:00:00 AM,1,0,1
01/15/2021 01:00:00 AM,0,0,0
01/15/2021 02:00:00 AM,6,4,2
01/15/2021 03:00:00 AM,1,0,1
01/15/2021 04:00:00 AM,4,4,0
01/15/2021 05:00:00 AM,19,15,4
01/15/2021 06:00:00 AM,29,26,3
01/15/2021 07:00:00 AM,38,32,6
01/15/2021 08:00:00 AM,39,33,6
01/15/2021 09:00:00 AM,25,22,3
01/15/2021 10:00:00 AM,22,10,12
01/15/2021 11:00:00 AM,23,14,9
01/15/2021 12:00:00 PM,27,16,11
01/15/2021 01:00:00 PM,45,20,25
01/15/2021 02:00:00 PM,53,25,28
01/15/2021 03:00:00 PM,46,16,30
01/15/2021 04:00:00 PM,67,20,47
01/15/2021 05:00:00 PM,54,14,40
01/15/2021 06:00:00 PM,30,7,23
01/15/2021 07:00:00 PM,15,2,13
01/15/2021 08:00:00 PM,6,1,5
01/15/2021 09:00:00 PM,7,0,7
01/15/2021 10:00:00 PM,4,0,4
01/15/2021 11:00:00 PM,3,1,2
01/16/2021 12:00:00 AM,3,1,2
01/16/2021 01:00:00 AM,1,1,0
01/16/2021 02:00:00 AM,3,3,0
01/16/2021 03:00:00 AM,1,1,0
01/16/2021 04:00:00 AM,4,2,2
01/16/2021 05:00:00 AM,6,6,0
01/16/2021 06:00:00 AM,7,4,3
01/16/2021 07:00:00 AM,11,8,3
01/16/2021 08:00:00 AM,19,11,8
01/16/2021 09:00:00 AM,35,18,17
01/16/2021 10:00:00 AM,56,28,28
01/16/2021 11:00:00 AM,58,40,18
01/16/2021 12:00:00 PM,75,38,37
01/16/2021 01:00:00 PM,60,30,30
01/16/2021 02:00:00 PM,78,33,45
01/16/2021 03:00:00 PM,57,27,30
01/16/2021 04:00:00 PM,44,22,22
01/16/2021 05:00:00 PM,24,7,17
01/16/2021 06:00:00 PM,19,8,11
01/16/2021 07:00:00 PM,7,2,5
01/16/2021 08:00:00 PM,5,1,4
01/16/2021 09:00:00 PM,4,2,2
01/16/2021 10:00:00 PM,3,1,2
01/16/2021 11:00:00 PM,4,0,4
01/17/2021 12:00:00 AM,3,1,2
01/17/2021 01:00:00 AM,1,0,1
01/17/2021 02:00:00 AM,1,1,0
01/17/2021 03:00:00 AM,1,1,0
01/17/2021 04:00:00 AM,2,0,2
01/17/2021 05:00:00 AM,5,4,1
01/17/2021 06:00:00 AM,7,4,3
01/17/2021 07:00:00 AM,7,5,2
01/17/2021 08:00:00 AM,10,7,3
01/17/2021 09:00:00 AM,28,15,13
01/17/2021 10:00:00 AM,49,30,19
01/17/2021 11:00:00 AM,51,25,26
01/17/2021 12:00:00 PM,51,16,35
01/17/2021 01:00:00 PM,83,38,45
01/17/2021 02:00:00 PM,59,34,25
01/17/2021 03:00:00 PM,42,21,21
01/17/2021 04:00:00 PM,32,12,20
01/17/2021 05:00:00 PM,19,7,12
01/17/2021 06:00:00 PM,6,4,2
01/17/2021 07:00:00 PM,5,2,3
01/17/2021 08:00:00 PM,6,1,5
01/17/2021 09:00:00 PM,4,3,1
01/17/2021 10:00:00 PM,3,0,3
01/17/2021 11:00:00 PM,1,0,1
01/18/2021 12:00:00 AM,1,1,0
01/18/2021 01:00:00 AM,3,2,1
01/18/2021 02:00:00 AM,2,2,0
01/18/2021 03:00:00 AM,1,0,1
01/18/2021 04:00:00 AM,2,2,0
01/18/2021 05:00:00 AM,7,4,3
01/18/2021 06:00:00 AM,24,21,3
01/18/2021 07:00:00 AM,16,15,1
01/18/2021 08:00:00 AM,30,27,3
01/18/2021 09:00:00 AM,26,17,9
01/18/2021 10:00:00 AM,37,18,19
01/18/2021 11:00:00 AM,53,41,12
01/18/2021 12:00:00 PM,70,33,37
01/18/2021 01:00:00 PM,85,36,49
01/18/2021 02:00:00 PM,85,34,51
01/18/2021 03:00:00 PM,77,40,37
01/18/2021 04:00:00 PM,71,30,41
01/18/2021 05:00:00 PM,34,6,28
01/18/2021 06:00:00 PM,19,3,16
01/18/2021 07:00:00 PM,15,4,11
01/18/2021 08:00:00 PM,4,1,3
01/18/2021 09:00:00 PM,5,1,4
01/18/2021 10:00:00 PM,2,0,2
01/18/2021 11:00:00 PM,4,1,3
01/19/2021 12:00:00 AM,3,1,2
01/19/2021 01:00:00 AM,1,0,1
01/19/2021 02:00:00 AM,2,2,0
01/19/2021 03:00:00 AM,1,1,0
01/19/2021 04:00:00 AM,1,1,0
01/19/2021 05:00:00 AM,27,22,5
01/19/2021 06:00:00 AM,40,36,4
01/19/2021 07:00:00 AM,48,42,6
01/19/2021 08:00:00 AM,37,31,6
01/19/2021 09:00:00 AM,23,14,9
01/19/2021 10:00:00 AM,29,18,11
01/19/2021 11:00:00 AM,18,16,2
01/19/2021 12:00:00 PM,12,5,7
01/19/2021 01:00:00 PM,30,15,15
01/19/2021 02:00:00 PM,37,15,22
01/19/2021 03:00:00 PM,54,14,40
01/19/2021 04:00:00 PM,52,6,46
01/19/2021 05:00:00 PM,56,14,42
01/19/2021 06:00:00 PM,33,4,29
01/19/2021 07:00:00 PM,10,5,5
01/19/2021 08:00:00 PM,9,3,6
01/19/2021 09:00:00 PM,6,2,4
01/19/2021 10:00:00 PM,4,1,3
01/19/2021 11:00:00 PM,5,2,3
01/20/2021 12:00:00 AM,5,2,3
01/20/2021 01:00:00 AM,6,5,1
01/20/2021 02:00:00 AM,3,2,1
01/20/2021 03:00:00 AM,0,0,0
01/20/2021 04:00:00 AM,2,1,1
01/20/2021 05:00:00 AM,22,16,6
01/20/2021 06:00:00 AM,43,40,3
01/20/2021 07:00:00 AM,35,31,4
01/20/2021 08:00:00 AM,35,30,5
01/20/2021 09:00:00 AM,40,29,11
01/20/2021 10:00:00 AM,23,17,6
01/20/2021 11:00:00 AM,17,8,9
01/20/2021 12:00:00 PM,23,11,12
01/20/2021 01:00:00 PM,21,13,8
01/20/2021 02:00:00 PM,36,18,18
01/20/2021 03:00:00 PM,46,14,32
01/20/2021 04:00:00 PM,60,14,46
01/20/2021 05:00:00 PM,68,14,54
01/20/2021 06:00:00 PM,32,7,25
01/20/2021 07:00:00 PM,20,1,19
01/20/2021 08:00:00 PM,6,3,3
01/20/2021 09:00:00 PM,2,0,2
01/20/2021 10:00:00 PM,4,1,3
01/20/2021 11:00:00 PM,5,1,4
01/21/2021 12:00:00 AM,1,0,1
01/21/2021 01:00:00 AM,1,0,1
01/21/2021 02:00:00 AM,2,2,0
01/21/2021 03:00:00 AM,3,1,2
01/21/2021 04:00:00 AM,4,4,0
01/21/2021 05:00:00 AM,18,11,7
01/21/2021 06:00:00 AM,32,26,6
01/21/2021 07:00:00 AM,36,31,5
01/21/2021 08:00:00 AM,38,35,3
01/21/2021 09:00:00 AM,24,19,5
01/21/2021 10:00:00 AM,18,11,7
01/21/2021 11:00:00 AM,17,10,7
01/21/2021 12:00:00 PM,19,13,6
01/21/2021 01:00:00 PM,15,5,10
01/21/2021 02:00:00 PM,32,11,21
01/21/2021 03:00:00 PM,38,13,25
01/21/2021 04:00:00 PM,45,9,36
01/21/2021 05:00:00 PM,45,10,35
01/21/2021 06:00:00 PM,29,7,22
01/21/2021 07:00:00 PM,16,4,12
01/21/2021 08:00:00 PM,8,1,7
01/21/2021 09:00:00 PM,6,1,5
01/21/2021 10:00:00 PM,2,0,2
01/21/2021 11:00:00 PM,3,1,2
01/22/2021 12:00:00 AM,2,0,2
01/22/2021 01:00:00 AM,4,0,4
01/22/2021 02:00:00 AM,2,2,0
01/22/2021 03:00:00 AM,1,1,0
01/22/2021 04:00:00 AM,5,4,1
01/22/2021 05:00:00 AM,18,13,5
01/22/2021 06:00:00 AM,36,30,6
01/22/2021 07:00:00 AM,39,34,5
01/22/2021 08:00:00 AM,47,37,10
01/22/2021 09:00:00 AM,30,23,7
01/22/2021 10:00:00 AM,41,26,15
01/22/2021 11:00:00 AM,36,25,11
01/22/2021 12:00:00 PM,37,21,16
01/22/2021 01:00:00 PM,40,19,21
01/22/2021 02:00:00 PM,58,24,34
01/22/2021 03:00:00 PM,66,17,49
01/22/2021 04:00:00 PM,86,20,66
01/22/2021 05:00:00 PM,44,12,32
01/22/2021 06:00:00 PM,32,11,21
01/22/2021 07:00:00 PM,15,6,9
01/22/2021 08:00:00 PM,7,0,7
01/22/2021 09:00:00 PM,3,0,3
01/22/2021 10:00:00 PM,6,3,3
01/22/2021 11:00:00 PM,6,2,4
01/23/2021 12:00:00 AM,4,2,2
01/23/2021 01:00:00 AM,1,1,0
01/23/2021 02:00:00 AM,2,1,1
01/23/2021 03:00:00 AM,1,0,1
01/23/2021 04:00:00 AM,1,1,0
01/23/2021 05:00:00 AM,6,6,0
01/23/2021 06:00:00 AM,6,4,2
01/23/2021 07:00:00 AM,4,2,2
01/23/2021 08:00:00 AM,12,6,6
01/23/2021 09:00:00 AM,30,10,20
01/23/2021 10:00:00 AM,57,28,29
01/23/2021 11:00:00 AM,44,19,25
01/23/2021 12:00:00 PM,77,43,34
01/23/2021 01:00:00 PM,107,38,69
01/23/2021 02:00:00 PM,109,61,48
01/23/2021 03:00:00 PM,104,58,46
01/23/2021 04:00:00 PM,71,32,39
01/23/2021 05:00:00 PM,49,26,23
01/23/2021 06:00:00 PM,18,8,10
01/23/2021 07:00:00 PM,7,3,4
01/23/2021 08:00:00 PM,7,3,4
01/23/2021 09:00:00 PM,3,0,3
01/23/2021 10:00:00 PM,3,0,3
01/23/2021 11:00:00 PM,1,0,1
01/24/2021 12:00:00 AM,0,0,0
01/24/2021 01:00:00 AM,1,0,1
01/24/2021 02:00:00 AM,1,1,0
01/24/2021 03:00:00 AM,0,0,0
01/24/2021 04:00:00 AM,2,2,0
01/24/2021 05:00:00 AM,3,2,1
01/24/2021 06:00:00 AM,4,2,2
01/24/2021 07:00:00 AM,5,5,0
01/24/2021 08:00:00 AM,6,1,5
01/24/2021 09:00:00 AM,4,2,2
01/24/2021 10:00:00 AM,3,2,1
01/24/2021 11:00:00 AM,8,2,6
01/24/2021 12:00:00 PM,4,2,2
01/24/2021 01:00:00 PM,9,4,5
01/24/2021 02:00:00 PM,9,5,4
01/24/2021 03:00:00 PM,13,6,7
01/24/2021 04:00:00 PM,12,8,4
01/24/2021 05:00:00 PM,5,0,5
01/24/2021 06:00:00 PM,7,4,3
01/24/2021 07:00:00 PM,1,0,1
01/24/2021 08:00:00 PM,1,0,1
01/24/2021 09:00:00 PM,4,0,4
01/24/2021 10:00:00 PM,2,1,1
01/24/2021 11:00:00 PM,1,0,1
01/25/2021 12:00:00 AM,1,0,1
01/25/2021 01:00:00 AM,1,1,0
01/25/2021 02:00:00 AM,3,3,0
01/25/2021 03:00:00 AM,0,0,0
01/25/2021 04:00:00 AM,5,3,2
01/25/2021 05:00:00 AM,15,11,4
01/25/2021 06:00:00 AM,37,35,2
01/25/2021 07:00:00 AM,44,38,6
01/25/2021 08:00:00 AM,36,33,3
01/25/2021 09:00:00 AM,30,24,6
01/25/2021 10:00:00 AM,22,16,6
01/25/2021 11:00:00 AM,20,11,9
01/25/2021 12:00:00 PM,24,15,9
01/25/2021 01:00:00 PM,25,8,17
01/25/2021 02:00:00 PM,39,16,23
01/25/2021 03:00:00 PM,43,13,30
01/25/2021 04:00:00 PM,43,7,36
01/25/2021 05:00:00 PM,68,8,60
01/25/2021 06:00:00 PM,28,5,23
01/25/2021 07:00:00 PM,7,1,6
01/25/2021 08:00:00 PM,9,2,7
01/25/2021 09:00:00 PM,6,1,5
01/25/2021 10:00:00 PM,3,1,2
01/25/2021 11:00:00 PM,5,1,4
01/26/2021 12:00:00 AM,2,1,1
01/26/2021 01:00:00 AM,0,0,0
01/26/2021 02:00:00 AM,0,0,0
01/26/2021 03:00:00 AM,2,2,0
01/26/2021 04:00:00 AM,2,1,1
01/26/2021 05:00:00 AM,25,18,7
01/26/2021 06:00:00 AM,34,31,3
01/26/2021 07:00:00 AM,40,36,4
01/26/2021 08:00:00 AM,55,45,10
01/26/2021 09:00:00 AM,22,14,8
01/26/2021 10:00:00 AM,28,19,9
01/26/2021 11:00:00 AM,22,11,11
01/26/2021 12:00:00 PM,22,12,10
01/26/2021 01:00:00 PM,19,7,12
01/26/2021 02:00:00 PM,46,14,32
01/26/2021 03:00:00 PM,40,13,27
01/26/2021 04:00:00 PM,59,14,45
01/26/2021 05:00:00 PM,50,9,41
01/26/2021 06:00:00 PM,29,7,22
01/26/2021 07:00:00 PM,21,6,15
01/26/2021 08:00:00 PM,6,2,4
01/26/2021 09:00:00 PM,7,1,6
01/26/2021 10:00:00 PM,2,1,1
01/26/2021 11:00:00 PM,1,0,1
01/27/2021 12:00:00 AM,2,1,1
01/27/2021 01:00:00 AM,1,1,0
01/27/2021 02:00:00 AM,3,3,0
01/27/2021 03:00:00 AM,3,2,1
01/27/2021 04:00:00 AM,2,1,1
01/27/2021 05:00:00 AM,21,18,3
01/27/2021 06:00:00 AM,29,25,4
01/27/2021 07:00:00 AM,35,31,4
01/27/2021 08:00:00 AM,26,19,7
01/27/2021 09:00:00 AM,22,16,6
01/27/2021 10:00:00 AM,15,12,3
01/27/2021 11:00:00 AM,27,16,11
01/27/2021 12:00:00 PM,14,8,6
01/27/2021 01:00:00 PM,28,19,9
01/27/2021 02:00:00 PM,41,16,25
01/27/2021 03:00:00 PM,44,17,27
01/27/2021 04:00:00 PM,55,20,35
01/27/2021 05:00:00 PM,59,9,50
01/27/2021 06:00:00 PM,44,8,36
01/27/2021 07:00:00 PM,12,5,7
01/27/2021 08:00:00 PM,3,0,3
01/27/2021 09:00:00 PM,4,2,2
01/27/2021 10:00:00 PM,4,3,1
01/27/2021 11:00:00 PM,2,0,2
01/28/2021 12:00:00 AM,1,0,1
01/28/2021 01:00:00 AM,4,2,2
01/28/2021 02:00:00 AM,5,3,2
01/28/2021 03:00:00 AM,1,1,0
01/28/2021 04:00:00 AM,9,6,3
01/28/2021 05:00:00 AM,19,15,4
01/28/2021 06:00:00 AM,37,30,7
01/28/2021 07:00:00 AM,32,32,0
01/28/2021 08:00:00 AM,33,29,4
01/28/2021 09:00:00 AM,18,11,7
01/28/2021 10:00:00 AM,8,6,2
01/28/2021 11:00:00 AM,11,5,6
01/28/2021 12:00:00 PM,12,7,5
01/28/2021 01:00:00 PM,18,9,9
01/28/2021 02:00:00 PM,29,13,16
01/28/2021 03:00:00 PM,40,14,26
01/28/2021 04:00:00 PM,50,14,36
01/28/2021 05:00:00 PM,47,7,40
01/28/2021 06:00:00 PM,31,7,24
01/28/2021 07:00:00 PM,13,5,8
01/28/2021 08:00:00 PM,6,2,4
01/28/2021 09:00:00 PM,5,3,2
01/28/2021 10:00:00 PM,9,0,9
01/28/2021 11:00:00 PM,6,4,2
01/29/2021 12:00:00 AM,4,1,3
01/29/2021 01:00:00 AM,1,0,1
01/29/2021 02:00:00 AM,4,4,0
01/29/2021 03:00:00 AM,1,1,0
01/29/2021 04:00:00 AM,5,4,1
01/29/2021 05:00:00 AM,23,18,5
01/29/2021 06:00:00 AM,28,25,3
01/29/2021 07:00:00 AM,41,35,6
01/29/2021 08:00:00 AM,36,31,5
01/29/2021 09:00:00 AM,31,22,9
01/29/2021 10:00:00 AM,19,12,7
01/29/2021 11:00:00 AM,22,15,7
01/29/2021 12:00:00 PM,25,15,10
01/29/2021 01:00:00 PM,23,13,10
01/29/2021 02:00:00 PM,43,10,33
01/29/2021 03:00:00 PM,60,16,44
01/29/2021 04:00:00 PM,58,21,37
01/29/2021 05:00:00 PM,80,21,59
01/29/2021 06:00:00 PM,29,11,18
01/29/2021 07:00:00 PM,15,5,10
01/29/2021 08:00:00 PM,7,1,6
01/29/2021 09:00:00 PM,1,0,1
01/29/2021 10:00:00 PM,4,0,4
01/29/2021 11:00:00 PM,6,3,3
01/30/2021 12:00:00 AM,5,2,3
01/30/2021 01:00:00 AM,0,0,0
01/30/2021 02:00:00 AM,2,0,2
01/30/2021 03:00:00 AM,1,1,0
01/30/2021 04:00:00 AM,2,1,1
01/30/2021 05:00:00 AM,6,4,2
01/30/2021 06:00:00 AM,3,2,1
01/30/2021 07:00:00 AM,8,4,4
01/30/2021 08:00:00 AM,12,7,5
01/30/2021 09:00:00 AM,18,12,6
01/30/2021 10:00:00 AM,18,12,6
01/30/2021 11:00:00 AM,23,7,16
01/30/2021 12:00:00 PM,39,19,20
01/30/2021 01:00:00 PM,36,23,13
01/30/2021 02:00:00 PM,33,12,21
01/30/2021 03:00:00 PM,28,9,19
01/30/2021 04:00:00 PM,13,6,7
01/30/2021 05:00:00 PM,14,4,10
01/30/2021 06:00:00 PM,8,3,5
01/30/2021 07:00:00 PM,4,2,2
01/30/2021 08:00:00 PM,3,1,2
01/30/2021 09:00:00 PM,1,0,1
01/30/2021 10:00:00 PM,1,1,0
01/30/2021 11:00:00 PM,1,0,1
01/31/2021 12:00:00 AM,0,0,0
01/31/2021 01:00:00 AM,2,0,2
01/31/2021 02:00:00 AM,1,0,1
01/31/2021 03:00:00 AM,0,0,0
01/31/2021 04:00:00 AM,2,1,1
01/31/2021 05:00:00 AM,4,3,1
01/31/2021 06:00:00 AM,6,3,3
01/31/2021 07:00:00 AM,4,1,3
01/31/2021 08:00:00 AM,9,4,5
01/31/2021 09:00:00 AM,10,7,3
01/31/2021 10:00:00 AM,18,12,6
01/31/2021 11:00:00 AM,15,3,12
01/31/2021 12:00:00 PM,18,8,10
01/31/2021 01:00:00 PM,18,10,8
01/31/2021 02:00:00 PM,13,5,8
01/31/2021 03:00:00 PM,7,6,1
01/31/2021 04:00:00 PM,10,2,8
01/31/2021 05:00:00 PM,9,2,7
01/31/2021 06:00:00 PM,1,1,0
01/31/2021 07:00:00 PM,4,0,4
01/31/2021 08:00:00 PM,3,3,0
01/31/2021 09:00:00 PM,3,3,0
01/31/2021 10:00:00 PM,2,1,1
01/31/2021 11:00:00 PM,1,0,1
02/01/2021 12:00:00 AM,1,1,0
02/01/2021 01:00:00 AM,4,2,2
02/01/2021 02:00:00 AM,0,0,0
02/01/2021 03:00:00 AM,0,0,0
02/01/2021 04:00:00 AM,2,1,1
02/01/2021 05:00:00 AM,13,11,2
02/01/2021 06:00:00 AM,30,24,6
02/01/2021 07:00:00 AM,29,25,4
02/01/2021 08:00:00 AM,33,31,2
02/01/2021 09:00:00 AM,20,16,4
02/01/2021 10:00:00 AM,11,9,2
02/01/2021 11:00:00 AM,11,5,6
02/01/2021 12:00:00 PM,8,5,3
02/01/2021 01:00:00 PM,7,4,3
02/01/2021 02:00:00 PM,17,4,13
02/01/2021 03:00:00 PM,25,6,19
02/01/2021 04:00:00 PM,37,9,28
02/01/2021 05:00:00 PM,32,4,28
02/01/2021 06:00:00 PM,28,3,25
02/01/2021 07:00:00 PM,7,1,6
02/01/2021 08:00:00 PM,7,1,6
02/01/2021 09:00:00 PM,3,0,3
02/01/2021 10:00:00 PM,2,0,2
02/01/2021 11:00:00 PM,4,0,4
02/02/2021 12:00:00 AM,3,0,3
02/02/2021 01:00:00 AM,1,1,0
02/02/2021 02:00:00 AM,3,1,2
02/02/2021 03:00:00 AM,3,3,0
02/02/2021 04:00:00 AM,2,2,0
02/02/2021 05:00:00 AM,21,16,5
02/02/2021 06:00:00 AM,34,26,8
02/02/2021 07:00:00 AM,35,30,5
02/02/2021 08:00:00 AM,31,25,6
02/02/2021 09:00:00 AM,20,13,7
02/02/2021 10:00:00 AM,11,7,4
02/02/2021 11:00:00 AM,11,5,6
02/02/2021 12:00:00 PM,15,11,4
02/02/2021 01:00:00 PM,15,8,7
02/02/2021 02:00:00 PM,22,7,15
02/02/2021 03:00:00 PM,23,11,12
02/02/2021 04:00:00 PM,29,9,20
02/02/2021 05:00:00 PM,48,9,39
02/02/2021 06:00:00 PM,28,5,23
02/02/2021 07:00:00 PM,9,2,7
02/02/2021 08:00:00 PM,10,2,8
02/02/2021 09:00:00 PM,6,0,6
02/02/2021 10:00:00 PM,3,0,3
02/02/2021 11:00:00 PM,3,0,3
02/03/2021 12:00:00 AM,4,1,3
02/03/2021 01:00:00 AM,3,2,1
02/03/2021 02:00:00 AM,2,0,2
02/03/2021 03:00:00 AM,1,1,0
02/03/2021 04:00:00 AM,3,3,0
02/03/2021 05:00:00 AM,25,20,5
02/03/2021 06:00:00 AM,37,34,3
02/03/2021 07:00:00 AM,37,32,5
02/03/2021 08:00:00 AM,49,41,8
02/03/2021 09:00:00 AM,25,20,5
02/03/2021 10:00:00 AM,24,16,8
02/03/2021 11:00:00 AM,32,15,17
02/03/2021 12:00:00 PM,34,20,14
02/03/2021 01:00:00 PM,35,17,18
02/03/2021 02:00:00 PM,57,29,28
02/03/2021 03:00:00 PM,69,24,45
02/03/2021 04:00:00 PM,84,31,53
02/03/2021 05:00:00 PM,66,9,57
02/03/2021 06:00:00 PM,24,1,23
02/03/2021 07:00:00 PM,16,4,12
02/03/2021 08:00:00 PM,11,3,8
02/03/2021 09:00:00 PM,3,1,2
02/03/2021 10:00:00 PM,5,2,3
02/03/2021 11:00:00 PM,4,1,3
02/04/2021 12:00:00 AM,3,1,2
02/04/2021 01:00:00 AM,0,0,0
02/04/2021 02:00:00 AM,2,1,1
02/04/2021 03:00:00 AM,3,3,0
02/04/2021 04:00:00 AM,3,2,1
02/04/2021 05:00:00 AM,27,19,8
02/04/2021 06:00:00 AM,45,36,9
02/04/2021 07:00:00 AM,46,38,8
02/04/2021 08:00:00 AM,42,35,7
02/04/2021 09:00:00 AM,26,20,6
02/04/2021 10:00:00 AM,12,7,5
02/04/2021 11:00:00 AM,11,7,4
02/04/2021 12:00:00 PM,12,11,1
02/04/2021 01:00:00 PM,19,5,14
02/04/2021 02:00:00 PM,29,6,23
02/04/2021 03:00:00 PM,31,10,21
02/04/2021 04:00:00 PM,43,6,37
02/04/2021 05:00:00 PM,51,12,39
02/04/2021 06:00:00 PM,27,5,22
02/04/2021 07:00:00 PM,15,3,12
02/04/2021 08:00:00 PM,10,4,6
02/04/2021 09:00:00 PM,7,0,7
02/04/2021 10:00:00 PM,2,0,2
02/04/2021 11:00:00 PM,3,1,2
02/05/2021 12:00:00 AM,4,0,4
02/05/2021 01:00:00 AM,5,3,2
02/05/2021 02:00:00 AM,1,0,1
02/05/2021 03:00:00 AM,5,4,1
02/05/2021 04:00:00 AM,4,3,1
02/05/2021 05:00:00 AM,18,12,6
02/05/2021 06:00:00 AM,28,25,3
02/05/2021 07:00:00 AM,43,37,6
02/05/2021 08:00:00 AM,44,33,11
02/05/2021 09:00:00 AM,29,21,8
02/05/2021 10:00:00 AM,32,19,13
02/05/2021 11:00:00 AM,19,11,8
02/05/2021 12:00:00 PM,22,15,7
02/05/2021 01:00:00 PM,15,8,7
02/05/2021 02:00:00 PM,45,20,25
02/05/2021 03:00:00 PM,49,22,27
02/05/2021 04:00:00 PM,52,8,44
02/05/2021 05:00:00 PM,62,14,48
02/05/2021 06:00:00 PM,43,11,32
02/05/2021 07:00:00 PM,16,4,12
02/05/2021 08:00:00 PM,16,1,15
02/05/2021 09:00:00 PM,4,1,3
02/05/2021 10:00:00 PM,10,7,3
02/05/2021 11:00:00 PM,7,2,5
02/06/2021 12:00:00 AM,3,2,1
02/06/2021 01:00:00 AM,2,1,1
02/06/2021 02:00:00 AM,3,3,0
02/06/2021 03:00:00 AM,2,1,1
02/06/2021 04:00:00 AM,1,0,1
02/06/2021 05:00:00 AM,8,8,0
02/06/2021 06:00:00 AM,4,3,1
02/06/2021 07:00:00 AM,6,1,5
02/06/2021 08:00:00 AM,24,11,13
02/06/2021 09:00:00 AM,30,18,12
02/06/2021 10:00:00 AM,24,10,14
02/06/2021 11:00:00 AM,32,15,17
02/06/2021 12:00:00 PM,34,17,17
02/06/2021 01:00:00 PM,42,23,19
02/06/2021 02:00:00 PM,51,22,29
02/06/2021 03:00:00 PM,29,17,12
02/06/2021 04:00:00 PM,43,17,26
02/06/2021 05:00:00 PM,16,6,10
02/06/2021 06:00:00 PM,9,3,6
02/06/2021 07:00:00 PM,11,5,6
02/06/2021 08:00:00 PM,15,5,10
02/06/2021 09:00:00 PM,5,0,5
02/06/2021 10:00:00 PM,2,2,0
02/06/2021 11:00:00 PM,4,1,3
02/07/2021 12:00:00 AM,7,7,0
02/07/2021 01:00:00 AM,1,1,0
02/07/2021 02:00:00 AM,2,1,1
02/07/2021 03:00:00 AM,1,0,1
02/07/2021 04:00:00 AM,1,1,0
02/07/2021 05:00:00 AM,4,3,1
02/07/2021 06:00:00 AM,9,5,4
02/07/2021 07:00:00 AM,13,8,5
02/07/2021 08:00:00 AM,13,7,6
02/07/2021 09:00:00 AM,47,28,19
02/07/2021 10:00:00 AM,59,33,26
02/07/2021 11:00:00 AM,73,38,35
02/07/2021 12:00:00 PM,90,35,55
02/07/2021 01:00:00 PM,115,56,59
02/07/2021 02:00:00 PM,68,37,31
02/07/2021 03:00:00 PM,36,21,15
02/07/2021 04:00:00 PM,19,10,9
02/07/2021 05:00:00 PM,18,5,13
02/07/2021 06:00:00 PM,13,7,6
02/07/2021 07:00:00 PM,4,1,3
02/07/2021 08:00:00 PM,3,2,1
02/07/2021 09:00:00 PM,5,2,3
02/07/2021 10:00:00 PM,4,3,1
02/07/2021 11:00:00 PM,0,0,0
02/08/2021 12:00:00 AM,2,1,1
02/08/2021 01:00:00 AM,0,0,0
02/08/2021 02:00:00 AM,1,0,1
02/08/2021 03:00:00 AM,1,1,0
02/08/2021 04:00:00 AM,3,2,1
02/08/2021 05:00:00 AM,28,23,5
02/08/2021 06:00:00 AM,26,23,3
02/08/2021 07:00:00 AM,29,24,5
02/08/2021 08:00:00 AM,42,37,5
02/08/2021 09:00:00 AM,29,21,8
02/08/2021 10:00:00 AM,8,7,1
02/08/2021 11:00:00 AM,14,7,7
02/08/2021 12:00:00 PM,16,8,8
02/08/2021 01:00:00 PM,17,10,7
02/08/2021 02:00:00 PM,32,9,23
02/08/2021 03:00:00 PM,43,9,34
02/08/2021 04:00:00 PM,41,15,26
02/08/2021 05:00:00 PM,56,10,46
02/08/2021 06:00:00 PM,27,5,22
02/08/2021 07:00:00 PM,6,2,4
02/08/2021 08:00:00 PM,7,2,5
02/08/2021 09:00:00 PM,6,1,5
02/08/2021 10:00:00 PM,4,1,3
02/08/2021 11:00:00 PM,4,0,4
02/09/2021 12:00:00 AM,1,0,1
02/09/2021 01:00:00 AM,2,1,1
02/09/2021 02:00:00 AM,1,0,1
02/09/2021 03:00:00 AM,1,1,0
02/09/2021 04:00:00 AM,0,0,0
02/09/2021 05:00:00 AM,22,18,4
02/09/2021 06:00:00 AM,36,32,4
02/09/2021 07:00:00 AM,28,25,3
02/09/2021 08:00:00 AM,42,33,9
02/09/2021 09:00:00 AM,27,19,8
02/09/2021 10:00:00 AM,31,19,12
02/09/2021 11:00:00 AM,23,16,7
02/09/2021 12:00:00 PM,29,19,10
02/09/2021 01:00:00 PM,32,17,15
02/09/2021 02:00:00 PM,38,15,23
02/09/2021 03:00:00 PM,53,19,34
02/09/2021 04:00:00 PM,66,19,47
02/09/2021 05:00:00 PM,70,16,54
02/09/2021 06:00:00 PM,33,6,27
02/09/2021 07:00:00 PM,10,3,7
02/09/2021 08:00:00 PM,11,4,7
02/09/2021 09:00:00 PM,6,2,4
02/09/2021 10:00:00 PM,4,0,4
02/09/2021 11:00:00 PM,4,2,2
02/10/2021 12:00:00 AM,2,1,1
02/10/2021 01:00:00 AM,1,0,1
02/10/2021 02:00:00 AM,2,2,0
02/10/2021 03:00:00 AM,1,1,0
02/10/2021 04:00:00 AM,3,3,0
02/10/2021 05:00:00 AM,16,9,7
02/10/2021 06:00:00 AM,35,33,2
02/10/2021 07:00:00 AM,21,18,3
02/10/2021 08:00:00 AM,34,30,4
02/10/2021 09:00:00 AM,20,14,6
02/10/2021 10:00:00 AM,10,6,4
02/10/2021 11:00:00 AM,16,11,5
02/10/2021 12:00:00 PM,19,11,8
02/10/2021 01:00:00 PM,26,17,9
02/10/2021 02:00:00 PM,36,17,19
02/10/2021 03:00:00 PM,41,13,28
02/10/2021 04:00:00 PM,46,13,33
02/10/2021 05:00:00 PM,47,10,37
02/10/2021 06:00:00 PM,28,5,23
02/10/2021 07:00:00 PM,10,2,8
02/10/2021 08:00:00 PM,8,5,3
02/10/2021 09:00:00 PM,8,1,7
02/10/2021 10:00:00 PM,2,0,2
02/10/2021 11:00:00 PM,6,2,4
02/11/2021 12:00:00 AM,3,1,2
02/11/2021 01:00:00 AM,1,1,0
02/11/2021 02:00:00 AM,3,2,1
02/11/2021 03:00:00 AM,5,1,4
02/11/2021 04:00:00 AM,2,2,0
02/11/2021 05:00:00 AM,15,10,5
02/11/2021 06:00:00 AM,30,27,3
02/11/2021 07:00:00 AM,29,22,7
02/11/2021 08:00:00 AM,23,20,3
02/11/2021 09:00:00 AM,18,11,7
02/11/2021 10:00:00 AM,10,6,4
02/11/2021 11:00:00 AM,13,8,5
02/11/2021 12:00:00 PM,12,5,7
02/11/2021 01:00:00 PM,10,4,6
02/11/2021 02:00:00 PM,27,11,16
02/11/2021 03:00:00 PM,30,13,17
02/11/2021 04:00:00 PM,23,8,15
02/11/2021 05:00:00 PM,31,8,23
02/11/2021 06:00:00 PM,11,7,4
02/11/2021 07:00:00 PM,9,2,7
02/11/2021 08:00:00 PM,10,3,7
02/11/2021 09:00:00 PM,1,0,1
02/11/2021 10:00:00 PM,3,0,3
02/11/2021 11:00:00 PM,3,1,2
02/12/2021 12:00:00 AM,2,0,2
02/12/2021 01:00:00 AM,1,0,1
02/12/2021 02:00:00 AM,0,0,0
02/12/2021 03:00:00 AM,1,0,1
02/12/2021 04:00:00 AM,3,2,1
02/12/2021 05:00:00 AM,5,4,1
02/12/2021 06:00:00 AM,10,8,2
02/12/2021 07:00:00 AM,3,2,1
02/12/2021 08:00:00 AM,13,12,1
02/12/2021 09:00:00 AM,14,10,4
02/12/2021 10:00:00 AM,8,7,1
02/12/2021 11:00:00 AM,12,6,6
02/12/2021 12:00:00 PM,5,3,2
02/12/2021 01:00:00 PM,20,9,11
02/12/2021 02:00:00 PM,18,6,12
02/12/2021 03:00:00 PM,16,4,12
02/12/2021 04:00:00 PM,17,6,11
02/12/2021 05:00:00 PM,20,4,16
02/12/2021 06:00:00 PM,10,4,6
02/12/2021 07:00:00 PM,3,0,3
02/12/2021 08:00:00 PM,3,1,2
02/12/2021 09:00:00 PM,2,0,2
02/12/2021 10:00:00 PM,1,0,1
02/12/2021 11:00:00 PM,1,0,1
02/13/2021 12:00:00 AM,2,0,2
02/13/2021 01:00:00 AM,3,2,1
02/13/2021 02:00:00 AM,0,0,0
02/13/2021 03:00:00 AM,1,0,1
02/13/2021 04:00:00 AM,2,1,1
02/13/2021 05:00:00 AM,5,3,2
02/13/2021 06:00:00 AM,3,2,1
02/13/2021 07:00:00 AM,0,0,0
02/13/2021 08:00:00 AM,0,0,0
02/13/2021 09:00:00 AM,2,2,0
02/13/2021 10:00:00 AM,11,6,5
02/13/2021 11:00:00 AM,12,8,4
02/13/2021 12:00:00 PM,2,1,1
02/13/2021 01:00:00 PM,1,1,0
02/13/2021 02:00:00 PM,2,0,2
02/13/2021 03:00:00 PM,4,3,1
02/13/2021 04:00:00 PM,0,0,0
02/13/2021 05:00:00 PM,1,0,1
02/13/2021 06:00:00 PM,0,0,0
02/13/2021 07:00:00 PM,0,0,0
02/13/2021 08:00:00 PM,1,0,1
02/13/2021 09:00:00 PM,0,0,0
02/13/2021 10:00:00 PM,0,0,0
02/13/2021 11:00:00 PM,0,0,0
02/14/2021 12:00:00 AM,0,0,0
02/14/2021 01:00:00 AM,0,0,0
02/14/2021 02:00:00 AM,0,0,0
02/14/2021 03:00:00 AM,1,0,1
02/14/2021 04:00:00 AM,2,1,1
02/14/2021 05:00:00 AM,4,1,3
02/14/2021 06:00:00 AM,0,0,0
02/14/2021 07:00:00 AM,0,0,0
02/14/2021 08:00:00 AM,20,8,12
02/14/2021 09:00:00 AM,0,0,0
02/14/2021 10:00:00 AM,0,0,0
02/14/2021 11:00:00 AM,1,0,1
02/14/2021 12:00:00 PM,4,3,1
02/14/2021 01:00:00 PM,4,2,2
02/14/2021 02:00:00 PM,2,2,0
02/14/2021 03:00:00 PM,1,1,0
02/14/2021 04:00:00 PM,1,1,0
02/14/2021 05:00:00 PM,0,0,0
02/14/2021 06:00:00 PM,1,0,1
02/14/2021 07:00:00 PM,0,0,0
02/14/2021 08:00:00 PM,1,0,1
02/14/2021 09:00:00 PM,0,0,0
02/14/2021 10:00:00 PM,0,0,0
02/14/2021 11:00:00 PM,1,1,0
02/15/2021 12:00:00 AM,3,1,2
02/15/2021 01:00:00 AM,1,0,1
02/15/2021 02:00:00 AM,0,0,0
02/15/2021 03:00:00 AM,3,1,2
02/15/2021 04:00:00 AM,0,0,0
02/15/2021 05:00:00 AM,0,0,0
02/15/2021 06:00:00 AM,7,6,1
02/15/2021 07:00:00 AM,3,2,1
02/15/2021 08:00:00 AM,6,6,0
02/15/2021 09:00:00 AM,1,1,0
02/15/2021 10:00:00 AM,4,4,0
02/15/2021 11:00:00 AM,2,1,1
02/15/2021 12:00:00 PM,5,2,3
02/15/2021 01:00:00 PM,7,3,4
02/15/2021 02:00:00 PM,4,2,2
02/15/2021 03:00:00 PM,9,1,8
02/15/2021 04:00:00 PM,7,4,3
02/15/2021 05:00:00 PM,8,0,8
02/15/2021 06:00:00 PM,1,0,1
02/15/2021 07:00:00 PM,3,1,2
02/15/2021 08:00:00 PM,0,0,0
02/15/2021 09:00:00 PM,4,4,0
02/15/2021 10:00:00 PM,2,1,1
02/15/2021 11:00:00 PM,0,0,0
02/16/2021 12:00:00 AM,2,0,2
02/16/2021 01:00:00 AM,1,0,1
02/16/2021 02:00:00 AM,3,1,2
02/16/2021 03:00:00 AM,1,1,0
02/16/2021 04:00:00 AM,1,0,1
02/16/2021 05:00:00 AM,8,5,3
02/16/2021 06:00:00 AM,14,13,1
02/16/2021 07:00:00 AM,10,10,0
02/16/2021 08:00:00 AM,20,17,3
02/16/2021 09:00:00 AM,11,9,2
02/16/2021 10:00:00 AM,8,6,2
02/16/2021 11:00:00 AM,16,9,7
02/16/2021 12:00:00 PM,5,4,1
02/16/2021 01:00:00 PM,12,9,3
02/16/2021 02:00:00 PM,18,8,10
02/16/2021 03:00:00 PM,27,7,20
02/16/2021 04:00:00 PM,25,12,13
02/16/2021 05:00:00 PM,35,11,24
02/16/2021 06:00:00 PM,14,2,12
02/16/2021 07:00:00 PM,10,5,5
02/16/2021 08:00:00 PM,3,0,3
02/16/2021 09:00:00 PM,6,0,6
02/16/2021 10:00:00 PM,1,0,1
02/16/2021 11:00:00 PM,2,1,1
02/17/2021 12:00:00 AM,3,2,1
02/17/2021 01:00:00 AM,1,0,1
02/17/2021 02:00:00 AM,3,0,3
02/17/2021 03:00:00 AM,0,0,0
02/17/2021 04:00:00 AM,3,3,0
02/17/2021 05:00:00 AM,17,11,6
02/17/2021 06:00:00 AM,21,20,1
02/17/2021 07:00:00 AM,29,24,5
02/17/2021 08:00:00 AM,39,31,8
02/17/2021 09:00:00 AM,23,19,4
02/17/2021 10:00:00 AM,13,9,4
02/17/2021 11:00:00 AM,16,11,5
02/17/2021 12:00:00 PM,24,13,11
02/17/2021 01:00:00 PM,27,11,16
02/17/2021 02:00:00 PM,38,19,19
02/17/2021 03:00:00 PM,57,22,35
02/17/2021 04:00:00 PM,70,28,42
02/17/2021 05:00:00 PM,60,14,46
02/17/2021 06:00:00 PM,22,4,18
02/17/2021 07:00:00 PM,21,5,16
02/17/2021 08:00:00 PM,7,1,6
02/17/2021 09:00:00 PM,5,2,3
02/17/2021 10:00:00 PM,2,0,2
02/17/2021 11:00:00 PM,4,2,2
02/18/2021 12:00:00 AM,2,0,2
02/18/2021 01:00:00 AM,1,0,1
02/18/2021 02:00:00 AM,7,3,4
02/18/2021 03:00:00 AM,0,0,0
02/18/2021 04:00:00 AM,1,1,0
02/18/2021 05:00:00 AM,15,9,6
02/18/2021 06:00:00 AM,27,26,1
02/18/2021 07:00:00 AM,35,28,7
02/18/2021 08:00:00 AM,30,25,5
02/18/2021 09:00:00 AM,29,24,5
02/18/2021 10:00:00 AM,13,9,4
02/18/2021 11:00:00 AM,9,5,4
02/18/2021 12:00:00 PM,16,5,11
02/18/2021 01:00:00 PM,10,5,5
02/18/2021 02:00:00 PM,16,4,12
02/18/2021 03:00:00 PM,20,8,12
02/18/2021 04:00:00 PM,30,9,21
02/18/2021 05:00:00 PM,49,7,42
02/18/2021 06:00:00 PM,18,1,17
02/18/2021 07:00:00 PM,14,6,8
02/18/2021 08:00:00 PM,7,0,7
02/18/2021 09:00:00 PM,4,1,3
02/18/2021 10:00:00 PM,2,1,1
02/18/2021 11:00:00 PM,2,0,2
02/19/2021 12:00:00 AM,2,0,2
02/19/2021 01:00:00 AM,0,0,0
02/19/2021 02:00:00 AM,4,1,3
02/19/2021 03:00:00 AM,1,0,1
02/19/2021 04:00:00 AM,1,1,0
02/19/2021 05:00:00 AM,19,15,4
02/19/2021 06:00:00 AM,21,18,3
02/19/2021 07:00:00 AM,26,18,8
02/19/2021 08:00:00 AM,33,28,5
02/19/2021 09:00:00 AM,24,18,6
02/19/2021 10:00:00 AM,23,12,11
02/19/2021 11:00:00 AM,22,14,8
02/19/2021 12:00:00 PM,13,9,4
02/19/2021 01:00:00 PM,15,8,7
02/19/2021 02:00:00 PM,36,13,23
02/19/2021 03:00:00 PM,26,11,15
02/19/2021 04:00:00 PM,36,10,26
02/19/2021 05:00:00 PM,26,3,23
02/19/2021 06:00:00 PM,19,3,16
02/19/2021 07:00:00 PM,8,2,6
02/19/2021 08:00:00 PM,4,0,4
02/19/2021 09:00:00 PM,3,0,3
02/19/2021 10:00:00 PM,1,1,0
02/19/2021 11:00:00 PM,2,0,2
02/20/2021 12:00:00 AM,7,5,2
02/20/2021 01:00:00 AM,3,3,0
02/20/2021 02:00:00 AM,1,0,1
02/20/2021 03:00:00 AM,3,1,2
02/20/2021 04:00:00 AM,1,1,0
02/20/2021 05:00:00 AM,6,4,2
02/20/2021 06:00:00 AM,3,2,1
02/20/2021 07:00:00 AM,10,6,4
02/20/2021 08:00:00 AM,20,11,9
02/20/2021 09:00:00 AM,26,17,9
02/20/2021 10:00:00 AM,40,21,19
02/20/2021 11:00:00 AM,79,39,40
02/20/2021 12:00:00 PM,59,28,31
02/20/2021 01:00:00 PM,96,45,51
02/20/2021 02:00:00 PM,90,48,42
02/20/2021 03:00:00 PM,81,36,45
02/20/2021 04:00:00 PM,41,23,18
02/20/2021 05:00:00 PM,34,19,15
02/20/2021 06:00:00 PM,16,10,6
02/20/2021 07:00:00 PM,16,6,10
02/20/2021 08:00:00 PM,4,0,4
02/20/2021 09:00:00 PM,6,1,5
02/20/2021 10:00:00 PM,9,7,2
02/20/2021 11:00:00 PM,2,0,2
02/21/2021 12:00:00 AM,1,1,0
02/21/2021 01:00:00 AM,1,0,1
02/21/2021 02:00:00 AM,3,3,0
02/21/2021 03:00:00 AM,4,1,3
02/21/2021 04:00:00 AM,2,2,0
02/21/2021 05:00:00 AM,5,4,1
02/21/2021 06:00:00 AM,3,1,2
02/21/2021 07:00:00 AM,4,2,2
02/21/2021 08:00:00 AM,3,2,1
02/21/2021 09:00:00 AM,13,12,1
02/21/2021 10:00:00 AM,28,14,14
02/21/2021 11:00:00 AM,17,9,8
02/21/2021 12:00:00 PM,28,12,16
02/21/2021 01:00:00 PM,35,16,19
02/21/2021 02:00:00 PM,29,20,9
02/21/2021 03:00:00 PM,35,17,18
02/21/2021 04:00:00 PM,23,11,12
02/21/2021 05:00:00 PM,13,2,11
02/21/2021 06:00:00 PM,8,4,4
02/21/2021 07:00:00 PM,7,2,5
02/21/2021 08:00:00 PM,2,0,2
02/21/2021 09:00:00 PM,2,0,2
02/21/2021 10:00:00 PM,0,0,0
02/21/2021 11:00:00 PM,1,1,0
02/22/2021 12:00:00 AM,1,0,1
02/22/2021 01:00:00 AM,1,0,1
02/22/2021 02:00:00 AM,0,0,0
02/22/2021 03:00:00 AM,2,2,0
02/22/2021 04:00:00 AM,3,3,0
02/22/2021 05:00:00 AM,21,16,5
02/22/2021 06:00:00 AM,26,24,2
02/22/2021 07:00:00 AM,36,31,5
02/22/2021 08:00:00 AM,32,30,2
02/22/2021 09:00:00 AM,24,19,5
02/22/2021 10:00:00 AM,5,3,2
02/22/2021 11:00:00 AM,2,1,1
02/22/2021 12:00:00 PM,5,3,2
02/22/2021 01:00:00 PM,9,4,5
02/22/2021 02:00:00 PM,14,6,8
02/22/2021 03:00:00 PM,29,9,20
02/22/2021 04:00:00 PM,42,7,35
02/22/2021 05:00:00 PM,52,12,40
02/22/2021 06:00:00 PM,31,6,25
02/22/2021 07:00:00 PM,10,3,7
02/22/2021 08:00:00 PM,12,4,8
02/22/2021 09:00:00 PM,10,5,5
02/22/2021 10:00:00 PM,6,0,6
02/22/2021 11:00:00 PM,1,0,1
02/23/2021 12:00:00 AM,2,0,2
02/23/2021 01:00:00 AM,4,4,0
02/23/2021 02:00:00 AM,0,0,0
02/23/2021 03:00:00 AM,2,2,0
02/23/2021 04:00:00 AM,1,1,0
02/23/2021 05:00:00 AM,26,16,10
02/23/2021 06:00:00 AM,41,35,6
02/23/2021 07:00:00 AM,42,37,5
02/23/2021 08:00:00 AM,44,39,5
02/23/2021 09:00:00 AM,36,25,11
02/23/2021 10:00:00 AM,22,15,7
02/23/2021 11:00:00 AM,24,9,15
02/23/2021 12:00:00 PM,33,17,16
02/23/2021 01:00:00 PM,32,15,17
02/23/2021 02:00:00 PM,29,12,17
02/23/2021 03:00:00 PM,40,17,23
02/23/2021 04:00:00 PM,48,12,36
02/23/2021 05:00:00 PM,59,13,46
02/23/2021 06:00:00 PM,31,9,22
02/23/2021 07:00:00 PM,19,6,13
02/23/2021 08:00:00 PM,11,1,10
02/23/2021 09:00:00 PM,4,1,3
02/23/2021 10:00:00 PM,1,0,1
02/23/2021 11:00:00 PM,2,0,2
02/24/2021 12:00:00 AM,2,0,2
02/24/2021 01:00:00 AM,1,1,0
02/24/2021 02:00:00 AM,1,1,0
02/24/2021 03:00:00 AM,1,1,0
02/24/2021 04:00:00 AM,5,3,2
02/24/2021 05:00:00 AM,21,13,8
02/24/2021 06:00:00 AM,39,38,1
02/24/2021 07:00:00 AM,30,28,2
02/24/2021 08:00:00 AM,57,46,11
02/24/2021 09:00:00 AM,29,19,10
02/24/2021 10:00:00 AM,23,15,8
02/24/2021 11:00:00 AM,22,11,11
02/24/2021 12:00:00 PM,24,18,6
02/24/2021 01:00:00 PM,25,8,17
02/24/2021 02:00:00 PM,42,19,23
02/24/2021 03:00:00 PM,66,26,40
02/24/2021 04:00:00 PM,58,18,40
02/24/2021 05:00:00 PM,71,17,54
02/24/2021 06:00:00 PM,40,9,31
02/24/2021 07:00:00 PM,19,5,14
02/24/2021 08:00:00 PM,12,3,9
02/24/2021 09:00:00 PM,7,2,5
02/24/2021 10:00:00 PM,4,1,3
02/24/2021 11:00:00 PM,3,0,3
02/25/2021 12:00:00 AM,1,1,0
02/25/2021 01:00:00 AM,3,0,3
02/25/2021 02:00:00 AM,2,1,1
02/25/2021 03:00:00 AM,0,0,0
02/25/2021 04:00:00 AM,1,1,0
02/25/2021 05:00:00 AM,13,10,3
02/25/2021 06:00:00 AM,31,28,3
02/25/2021 07:00:00 AM,45,38,7
02/25/2021 08:00:00 AM,48,42,6
02/25/2021 09:00:00 AM,26,16,10
02/25/2021 10:00:00 AM,15,8,7
02/25/2021 11:00:00 AM,19,12,7
02/25/2021 12:00:00 PM,14,9,5
02/25/2021 01:00:00 PM,18,6,12
02/25/2021 02:00:00 PM,23,8,15
02/25/2021 03:00:00 PM,46,17,29
02/25/2021 04:00:00 PM,43,10,33
02/25/2021 05:00:00 PM,57,14,43
02/25/2021 06:00:00 PM,32,7,25
02/25/2021 07:00:00 PM,12,3,9
02/25/2021 08:00:00 PM,8,3,5
02/25/2021 09:00:00 PM,6,0,6
02/25/2021 10:00:00 PM,4,2,2
02/25/2021 11:00:00 PM,1,0,1
02/26/2021 12:00:00 AM,2,0,2
02/26/2021 01:00:00 AM,2,1,1
02/26/2021 02:00:00 AM,2,2,0
02/26/2021 03:00:00 AM,1,0,1
02/26/2021 04:00:00 AM,5,5,0
02/26/2021 05:00:00 AM,21,16,5
02/26/2021 06:00:00 AM,37,34,3
02/26/2021 07:00:00 AM,45,38,7
02/26/2021 08:00:00 AM,39,37,2
02/26/2021 09:00:00 AM,27,19,8
02/26/2021 10:00:00 AM,33,18,15
02/26/2021 11:00:00 AM,33,22,11
02/26/2021 12:00:00 PM,35,20,15
02/26/2021 01:00:00 PM,40,27,13
02/26/2021 02:00:00 PM,45,18,27
02/26/2021 03:00:00 PM,51,12,39
02/26/2021 04:00:00 PM,55,16,39
02/26/2021 05:00:00 PM,71,21,50
02/26/2021 06:00:00 PM,37,10,27
02/26/2021 07:00:00 PM,20,4,16
02/26/2021 08:00:00 PM,9,0,9
02/26/2021 09:00:00 PM,7,3,4
02/26/2021 10:00:00 PM,4,1,3
02/26/2021 11:00:00 PM,6,1,5
02/27/2021 12:00:00 AM,3,1,2
02/27/2021 01:00:00 AM,1,1,0
02/27/2021 02:00:00 AM,4,3,1
02/27/2021 03:00:00 AM,1,1,0
02/27/2021 04:00:00 AM,2,1,1
02/27/2021 05:00:00 AM,6,3,3
02/27/2021 06:00:00 AM,6,4,2
02/27/2021 07:00:00 AM,12,8,4
02/27/2021 08:00:00 AM,30,17,13
02/27/2021 09:00:00 AM,38,21,17
02/27/2021 10:00:00 AM,52,33,19
02/27/2021 11:00:00 AM,68,29,39
02/27/2021 12:00:00 PM,84,43,41
02/27/2021 01:00:00 PM,77,42,35
02/27/2021 02:00:00 PM,151,50,101
02/27/2021 03:00:00 PM,92,52,40
02/27/2021 04:00:00 PM,91,56,35
02/27/2021 05:00:00 PM,66,37,29
02/27/2021 06:00:00 PM,23,12,11
02/27/2021 07:00:00 PM,9,0,9
02/27/2021 08:00:00 PM,10,3,7
02/27/2021 09:00:00 PM,4,2,2
02/27/2021 10:00:00 PM,3,3,0
02/27/2021 11:00:00 PM,6,4,2
02/28/2021 12:00:00 AM,2,1,1
02/28/2021 01:00:00 AM,2,0,2
02/28/2021 02:00:00 AM,1,1,0
02/28/2021 03:00:00 AM,4,1,3
02/28/2021 04:00:00 AM,0,0,0
02/28/2021 05:00:00 AM,2,1,1
02/28/2021 06:00:00 AM,6,3,3
02/28/2021 07:00:00 AM,7,5,2
02/28/2021 08:00:00 AM,13,6,7
02/28/2021 09:00:00 AM,23,16,7
02/28/2021 10:00:00 AM,44,29,15
02/28/2021 11:00:00 AM,56,19,37
02/28/2021 12:00:00 PM,66,26,40
02/28/2021 01:00:00 PM,62,42,20
02/28/2021 02:00:00 PM,68,40,28
02/28/2021 03:00:00 PM,44,16,28
02/28/2021 04:00:00 PM,47,19,28
02/28/2021 05:00:00 PM,30,11,19
02/28/2021 06:00:00 PM,13,3,10
02/28/2021 07:00:00 PM,6,2,4
02/28/2021 08:00:00 PM,3,0,3
02/28/2021 09:00:00 PM,1,0,1
02/28/2021 10:00:00 PM,3,1,2
02/28/2021 11:00:00 PM,3,2,1
03/01/2021 12:00:00 AM,0,0,0
03/01/2021 01:00:00 AM,4,2,2
03/01/2021 02:00:00 AM,3,2,1
03/01/2021 03:00:00 AM,3,1,2
03/01/2021 04:00:00 AM,4,4,0
03/01/2021 05:00:00 AM,23,17,6
03/01/2021 06:00:00 AM,42,39,3
03/01/2021 07:00:00 AM,59,55,4
03/01/2021 08:00:00 AM,52,46,6
03/01/2021 09:00:00 AM,31,23,8
03/01/2021 10:00:00 AM,20,12,8
03/01/2021 11:00:00 AM,22,13,9
03/01/2021 12:00:00 PM,27,14,13
03/01/2021 01:00:00 PM,30,18,12
03/01/2021 02:00:00 PM,62,23,39
03/01/2021 03:00:00 PM,69,21,48
03/01/2021 04:00:00 PM,85,22,63
03/01/2021 05:00:00 PM,82,17,65
03/01/2021 06:00:00 PM,44,8,36
03/01/2021 07:00:00 PM,11,3,8
03/01/2021 08:00:00 PM,12,4,8
03/01/2021 09:00:00 PM,4,2,2
03/01/2021 10:00:00 PM,0,0,0
03/01/2021 11:00:00 PM,4,1,3
03/02/2021 12:00:00 AM,2,1,1
03/02/2021 01:00:00 AM,2,2,0
03/02/2021 02:00:00 AM,4,0,4
03/02/2021 03:00:00 AM,3,2,1
03/02/2021 04:00:00 AM,4,4,0
03/02/2021 05:00:00 AM,25,19,6
03/02/2021 06:00:00 AM,48,43,5
03/02/2021 07:00:00 AM,50,44,6
03/02/2021 08:00:00 AM,44,38,6
03/02/2021 09:00:00 AM,31,22,9
03/02/2021 10:00:00 AM,15,14,1
03/02/2021 11:00:00 AM,27,16,11
03/02/2021 12:00:00 PM,13,10,3
03/02/2021 01:00:00 PM,17,6,11
03/02/2021 02:00:00 PM,36,13,23
03/02/2021 03:00:00 PM,35,10,25
03/02/2021 04:00:00 PM,75,16,59
03/02/2021 05:00:00 PM,80,17,63
03/02/2021 06:00:00 PM,43,13,30
03/02/2021 07:00:00 PM,12,3,9
03/02/2021 08:00:00 PM,9,3,6
03/02/2021 09:00:00 PM,4,0,4
03/02/2021 10:00:00 PM,9,5,4
03/02/2021 11:00:00 PM,4,0,4
03/03/2021 12:00:00 AM,2,0,2
03/03/2021 01:00:00 AM,1,1,0
03/03/2021 02:00:00 AM,3,2,1
03/03/2021 03:00:00 AM,6,3,3
03/03/2021 04:00:00 AM,3,3,0
03/03/2021 05:00:00 AM,21,14,7
03/03/2021 06:00:00 AM,53,47,6
03/03/2021 07:00:00 AM,51,45,6
03/03/2021 08:00:00 AM,48,43,5
03/03/2021 09:00:00 AM,40,29,11
03/03/2021 10:00:00 AM,26,20,6
03/03/2021 11:00:00 AM,48,23,25
03/03/2021 12:00:00 PM,49,26,23
03/03/2021 01:00:00 PM,61,33,28
03/03/2021 02:00:00 PM,82,37,45
03/03/2021 03:00:00 PM,101,35,66
03/03/2021 04:00:00 PM,108,38,70
03/03/2021 05:00:00 PM,108,30,78
03/03/2021 06:00:00 PM,48,8,40
03/03/2021 07:00:00 PM,24,9,15
03/03/2021 08:00:00 PM,9,2,7
03/03/2021 09:00:00 PM,8,2,6
03/03/2021 10:00:00 PM,5,1,4
03/03/2021 11:00:00 PM,4,1,3
03/04/2021 12:00:00 AM,2,0,2
03/04/2021 01:00:00 AM,2,0,2
03/04/2021 02:00:00 AM,3,3,0
03/04/2021 03:00:00 AM,4,3,1
03/04/2021 04:00:00 AM,3,2,1
03/04/2021 05:00:00 AM,26,21,5
03/04/2021 06:00:00 AM,39,30,9
03/04/2021 07:00:00 AM,48,42,6
03/04/2021 08:00:00 AM,47,42,5
03/04/2021 09:00:00 AM,32,21,11
03/04/2021 10:00:00 AM,19,12,7
03/04/2021 11:00:00 AM,24,16,8
03/04/2021 12:00:00 PM,27,14,13
03/04/2021 01:00:00 PM,26,12,14
03/04/2021 02:00:00 PM,26,9,17
03/04/2021 03:00:00 PM,31,8,23
03/04/2021 04:00:00 PM,38,8,30
03/04/2021 05:00:00 PM,55,7,48
03/04/2021 06:00:00 PM,28,7,21
03/04/2021 07:00:00 PM,19,3,16
03/04/2021 08:00:00 PM,4,1,3
03/04/2021 09:00:00 PM,7,0,7
03/04/2021 10:00:00 PM,3,1,2
03/04/2021 11:00:00 PM,5,1,4
03/05/2021 12:00:00 AM,3,2,1
03/05/2021 01:00:00 AM,3,0,3
03/05/2021 02:00:00 AM,2,1,1
03/05/2021 03:00:00 AM,2,0,2
03/05/2021 04:00:00 AM,5,4,1
03/05/2021 05:00:00 AM,20,16,4
03/05/2021 06:00:00 AM,34,30,4
03/05/2021 07:00:00 AM,34,28,6
03/05/2021 08:00:00 AM,37,33,4
03/05/2021 09:00:00 AM,22,18,4
03/05/2021 10:00:00 AM,12,7,5
03/05/2021 11:00:00 AM,11,8,3
03/05/2021 12:00:00 PM,15,10,5
03/05/2021 01:00:00 PM,16,5,11
03/05/2021 02:00:00 PM,24,11,13
03/05/2021 03:00:00 PM,47,17,30
03/05/2021 04:00:00 PM,34,8,26
03/05/2021 05:00:00 PM,55,9,46
03/05/2021 06:00:00 PM,23,5,18
03/05/2021 07:00:00 PM,12,2,10
03/05/2021 08:00:00 PM,10,1,9
03/05/2021 09:00:00 PM,24,3,21
03/05/2021 10:00:00 PM,23,17,6
03/05/2021 11:00:00 PM,1,0,1
03/06/2021 12:00:00 AM,4,0,4
03/06/2021 01:00:00 AM,4,2,2
03/06/2021 02:00:00 AM,0,0,0
03/06/2021 03:00:00 AM,2,1,1
03/06/2021 04:00:00 AM,1,1,0
03/06/2021 05:00:00 AM,5,4,1
03/06/2021 06:00:00 AM,6,4,2
03/06/2021 07:00:00 AM,12,4,8
03/06/2021 08:00:00 AM,28,16,12
03/06/2021 09:00:00 AM,33,18,15
03/06/2021 10:00:00 AM,61,24,37
03/06/2021 11:00:00 AM,60,26,34
03/06/2021 12:00:00 PM,81,37,44
03/06/2021 01:00:00 PM,64,38,26
03/06/2021 02:00:00 PM,65,34,31
03/06/2021 03:00:00 PM,38,15,23
03/06/2021 04:00:00 PM,53,26,27
03/06/2021 05:00:00 PM,28,13,15
03/06/2021 06:00:00 PM,15,6,9
03/06/2021 07:00:00 PM,10,4,6
03/06/2021 08:00:00 PM,9,1,8
03/06/2021 09:00:00 PM,9,2,7
03/06/2021 10:00:00 PM,3,3,0
03/06/2021 11:00:00 PM,1,1,0
03/07/2021 12:00:00 AM,1,0,1
03/07/2021 01:00:00 AM,0,0,0
03/07/2021 02:00:00 AM,1,1,0
03/07/2021 03:00:00 AM,1,0,1
03/07/2021 04:00:00 AM,0,0,0
03/07/2021 05:00:00 AM,4,4,0
03/07/2021 06:00:00 AM,6,3,3
03/07/2021 07:00:00 AM,8,6,2
03/07/2021 08:00:00 AM,14,7,7
03/07/2021 09:00:00 AM,6,4,2
03/07/2021 10:00:00 AM,19,12,7
03/07/2021 11:00:00 AM,22,11,11
03/07/2021 12:00:00 PM,15,6,9
03/07/2021 01:00:00 PM,14,10,4
03/07/2021 02:00:00 PM,20,11,9
03/07/2021 03:00:00 PM,25,14,11
03/07/2021 04:00:00 PM,18,5,13
03/07/2021 05:00:00 PM,12,4,8
03/07/2021 06:00:00 PM,9,3,6
03/07/2021 07:00:00 PM,2,2,0
03/07/2021 08:00:00 PM,4,0,4
03/07/2021 09:00:00 PM,6,2,4
03/07/2021 10:00:00 PM,2,0,2
03/07/2021 11:00:00 PM,2,0,2
03/08/2021 12:00:00 AM,0,0,0
03/08/2021 01:00:00 AM,4,1,3
03/08/2021 02:00:00 AM,0,0,0
03/08/2021 03:00:00 AM,2,1,1
03/08/2021 04:00:00 AM,3,3,0
03/08/2021 05:00:00 AM,36,26,10
03/08/2021 06:00:00 AM,44,40,4
03/08/2021 07:00:00 AM,41,35,6
03/08/2021 08:00:00 AM,46,39,7
03/08/2021 09:00:00 AM,40,35,5
03/08/2021 10:00:00 AM,20,16,4
03/08/2021 11:00:00 AM,39,16,23
03/08/2021 12:00:00 PM,37,24,13
03/08/2021 01:00:00 PM,32,13,19
03/08/2021 02:00:00 PM,52,18,34
03/08/2021 03:00:00 PM,46,15,31
03/08/2021 04:00:00 PM,65,15,50
03/08/2021 05:00:00 PM,79,17,62
03/08/2021 06:00:00 PM,29,8,21
03/08/2021 07:00:00 PM,21,3,18
03/08/2021 08:00:00 PM,4,0,4
03/08/2021 09:00:00 PM,4,2,2
03/08/2021 10:00:00 PM,8,2,6
03/08/2021 11:00:00 PM,2,0,2
03/09/2021 12:00:00 AM,2,1,1
03/09/2021 01:00:00 AM,1,1,0
03/09/2021 02:00:00 AM,0,0,0
03/09/2021 03:00:00 AM,2,0,2
03/09/2021 04:00:00 AM,6,5,1
03/09/2021 05:00:00 AM,25,19,6
03/09/2021 06:00:00 AM,45,41,4
03/09/2021 07:00:00 AM,55,49,6
03/09/2021 08:00:00 AM,50,40,10
03/09/2021 09:00:00 AM,31,21,10
03/09/2021 10:00:00 AM,21,12,9
03/09/2021 11:00:00 AM,24,16,8
03/09/2021 12:00:00 PM,26,14,12
03/09/2021 01:00:00 PM,34,20,14
03/09/2021 02:00:00 PM,38,11,27
03/09/2021 03:00:00 PM,68,20,48
03/09/2021 04:00:00 PM,72,16,56
03/09/2021 05:00:00 PM,84,24,60
03/09/2021 06:00:00 PM,49,8,41
03/09/2021 07:00:00 PM,13,6,7
03/09/2021 08:00:00 PM,7,1,6
03/09/2021 09:00:00 PM,9,1,8
03/09/2021 10:00:00 PM,4,0,4
03/09/2021 11:00:00 PM,5,2,3
03/10/2021 12:00:00 AM,2,1,1
03/10/2021 01:00:00 AM,2,0,2
03/10/2021 02:00:00 AM,4,3,1
03/10/2021 03:00:00 AM,1,0,1
03/10/2021 04:00:00 AM,5,4,1
03/10/2021 05:00:00 AM,24,17,7
03/10/2021 06:00:00 AM,56,49,7
03/10/2021 07:00:00 AM,61,58,3
03/10/2021 08:00:00 AM,56,49,7
03/10/2021 09:00:00 AM,32,23,9
03/10/2021 10:00:00 AM,34,22,12
03/10/2021 11:00:00 AM,36,16,20
03/10/2021 12:00:00 PM,31,23,8
03/10/2021 01:00:00 PM,45,21,24
03/10/2021 02:00:00 PM,57,24,33
03/10/2021 03:00:00 PM,81,32,49
03/10/2021 04:00:00 PM,82,17,65
03/10/2021 05:00:00 PM,104,27,77
03/10/2021 06:00:00 PM,79,29,50
03/10/2021 07:00:00 PM,27,5,22
03/10/2021 08:00:00 PM,12,1,11
03/10/2021 09:00:00 PM,13,6,7
03/10/2021 10:00:00 PM,2,1,1
03/10/2021 11:00:00 PM,4,0,4
03/11/2021 12:00:00 AM,5,2,3
03/11/2021 01:00:00 AM,1,0,1
03/11/2021 02:00:00 AM,4,4,0
03/11/2021 03:00:00 AM,2,1,1
03/11/2021 04:00:00 AM,4,4,0
03/11/2021 05:00:00 AM,26,21,5
03/11/2021 06:00:00 AM,61,57,4
03/11/2021 07:00:00 AM,64,53,11
03/11/2021 08:00:00 AM,61,54,7
03/11/2021 09:00:00 AM,41,29,12
03/11/2021 10:00:00 AM,33,20,13
03/11/2021 11:00:00 AM,28,19,9
03/11/2021 12:00:00 PM,52,25,27
03/11/2021 01:00:00 PM,50,32,18
03/11/2021 02:00:00 PM,46,18,28
03/11/2021 03:00:00 PM,85,32,53
03/11/2021 04:00:00 PM,101,21,80
03/11/2021 05:00:00 PM,112,35,77
03/11/2021 06:00:00 PM,55,13,42
03/11/2021 07:00:00 PM,28,8,20
03/11/2021 08:00:00 PM,15,5,10
03/11/2021 09:00:00 PM,8,3,5
03/11/2021 10:00:00 PM,3,0,3
03/11/2021 11:00:00 PM,1,1,0
03/12/2021 12:00:00 AM,5,1,4
03/12/2021 01:00:00 AM,2,1,1
03/12/2021 02:00:00 AM,2,2,0
03/12/2021 03:00:00 AM,3,1,2
03/12/2021 04:00:00 AM,5,5,0
03/12/2021 05:00:00 AM,28,22,6
03/12/2021 06:00:00 AM,51,46,5
03/12/2021 07:00:00 AM,69,58,11
03/12/2021 08:00:00 AM,56,36,20
03/12/2021 09:00:00 AM,43,28,15
03/12/2021 10:00:00 AM,46,31,15
03/12/2021 11:00:00 AM,29,17,12
03/12/2021 12:00:00 PM,47,28,19
03/12/2021 01:00:00 PM,49,25,24
03/12/2021 02:00:00 PM,77,36,41
03/12/2021 03:00:00 PM,93,31,62
03/12/2021 04:00:00 PM,102,32,70
03/12/2021 05:00:00 PM,101,23,78
03/12/2021 06:00:00 PM,70,14,56
03/12/2021 07:00:00 PM,27,6,21
03/12/2021 08:00:00 PM,22,11,11
03/12/2021 09:00:00 PM,10,5,5
03/12/2021 10:00:00 PM,3,0,3
03/12/2021 11:00:00 PM,3,0,3
03/13/2021 12:00:00 AM,4,2,2
03/13/2021 01:00:00 AM,3,1,2
03/13/2021 02:00:00 AM,2,1,1
03/13/2021 03:00:00 AM,3,0,3
03/13/2021 04:00:00 AM,2,1,1
03/13/2021 05:00:00 AM,6,6,0
03/13/2021 06:00:00 AM,8,5,3
03/13/2021 07:00:00 AM,15,9,6
03/13/2021 08:00:00 AM,43,19,24
03/13/2021 09:00:00 AM,63,28,35
03/13/2021 10:00:00 AM,86,51,35
03/13/2021 11:00:00 AM,117,81,36
03/13/2021 12:00:00 PM,132,70,62
03/13/2021 01:00:00 PM,138,58,80
03/13/2021 02:00:00 PM,168,97,71
03/13/2021 03:00:00 PM,139,67,72
03/13/2021 04:00:00 PM,128,69,59
03/13/2021 05:00:00 PM,84,44,40
03/13/2021 06:00:00 PM,53,25,28
03/13/2021 07:00:00 PM,33,14,19
03/13/2021 08:00:00 PM,16,8,8
03/13/2021 09:00:00 PM,9,3,6
03/13/2021 10:00:00 PM,8,0,8
03/13/2021 11:00:00 PM,6,4,2
03/14/2021 12:00:00 AM,3,1,2
03/14/2021 01:00:00 AM,3,0,3
03/14/2021 02:00:00 AM,,,
03/14/2021 03:00:00 AM,5,4,1
03/14/2021 04:00:00 AM,2,2,0
03/14/2021 05:00:00 AM,2,2,0
03/14/2021 06:00:00 AM,9,6,3
03/14/2021 07:00:00 AM,10,8,2
03/14/2021 08:00:00 AM,12,8,4
03/14/2021 09:00:00 AM,23,9,14
03/14/2021 10:00:00 AM,19,13,6
03/14/2021 11:00:00 AM,15,7,8
03/14/2021 12:00:00 PM,17,9,8
03/14/2021 01:00:00 PM,8,6,2
03/14/2021 02:00:00 PM,10,6,4
03/14/2021 03:00:00 PM,14,8,6
03/14/2021 04:00:00 PM,10,2,8
03/14/2021 05:00:00 PM,10,3,7
03/14/2021 06:00:00 PM,7,2,5
03/14/2021 07:00:00 PM,1,0,1
03/14/2021 08:00:00 PM,4,1,3
03/14/2021 09:00:00 PM,2,0,2
03/14/2021 10:00:00 PM,5,3,2
03/14/2021 11:00:00 PM,1,0,1
03/15/2021 12:00:00 AM,2,0,2
03/15/2021 01:00:00 AM,4,2,2
03/15/2021 02:00:00 AM,1,1,0
03/15/2021 03:00:00 AM,2,0,2
03/15/2021 04:00:00 AM,4,4,0
03/15/2021 05:00:00 AM,18,16,2
03/15/2021 06:00:00 AM,35,31,4
03/15/2021 07:00:00 AM,48,40,8
03/15/2021 08:00:00 AM,45,40,5
03/15/2021 09:00:00 AM,29,27,2
03/15/2021 10:00:00 AM,16,14,2
03/15/2021 11:00:00 AM,16,9,7
03/15/2021 12:00:00 PM,17,8,9
03/15/2021 01:00:00 PM,17,7,10
03/15/2021 02:00:00 PM,39,14,25
03/15/2021 03:00:00 PM,47,15,32
03/15/2021 04:00:00 PM,72,23,49
03/15/2021 05:00:00 PM,79,15,64
03/15/2021 06:00:00 PM,37,8,29
03/15/2021 07:00:00 PM,26,7,19
03/15/2021 08:00:00 PM,9,2,7
03/15/2021 09:00:00 PM,5,2,3
03/15/2021 10:00:00 PM,3,0,3
03/15/2021 11:00:00 PM,7,3,4
03/16/2021 12:00:00 AM,3,0,3
03/16/2021 01:00:00 AM,3,2,1
03/16/2021 02:00:00 AM,3,2,1
03/16/2021 03:00:00 AM,3,2,1
03/16/2021 04:00:00 AM,5,4,1
03/16/2021 05:00:00 AM,21,18,3
03/16/2021 06:00:00 AM,34,30,4
03/16/2021 07:00:00 AM,50,46,4
03/16/2021 08:00:00 AM,45,38,7
03/16/2021 09:00:00 AM,34,27,7
03/16/2021 10:00:00 AM,30,23,7
03/16/2021 11:00:00 AM,30,19,11
03/16/2021 12:00:00 PM,22,14,8
03/16/2021 01:00:00 PM,35,18,17
03/16/2021 02:00:00 PM,48,25,23
03/16/2021 03:00:00 PM,59,17,42
03/16/2021 04:00:00 PM,81,16,65
03/16/2021 05:00:00 PM,111,31,80
03/16/2021 06:00:00 PM,70,17,53
03/16/2021 07:00:00 PM,20,10,10
03/16/2021 08:00:00 PM,9,3,6
03/16/2021 09:00:00 PM,7,1,6
03/16/2021 10:00:00 PM,2,1,1
03/16/2021 11:00:00 PM,5,2,3
03/17/2021 12:00:00 AM,4,2,2
03/17/2021 01:00:00 AM,3,2,1
03/17/2021 02:00:00 AM,4,2,2
03/17/2021 03:00:00 AM,0,0,0
03/17/2021 04:00:00 AM,4,3,1
03/17/2021 05:00:00 AM,23,18,5
03/17/2021 06:00:00 AM,42,39,3
03/17/2021 07:00:00 AM,49,45,4
03/17/2021 08:00:00 AM,63,53,10
03/17/2021 09:00:00 AM,37,30,7
03/17/2021 10:00:00 AM,26,19,7
03/17/2021 11:00:00 AM,35,16,19
03/17/2021 12:00:00 PM,37,30,7
03/17/2021 01:00:00 PM,39,21,18
03/17/2021 02:00:00 PM,62,26,36
03/17/2021 03:00:00 PM,85,26,59
03/17/2021 04:00:00 PM,103,31,72
03/17/2021 05:00:00 PM,97,28,69
03/17/2021 06:00:00 PM,74,18,56
03/17/2021 07:00:00 PM,42,14,28
03/17/2021 08:00:00 PM,10,5,5
03/17/2021 09:00:00 PM,12,4,8
03/17/2021 10:00:00 PM,9,4,5
03/17/2021 11:00:00 PM,2,0,2
03/18/2021 12:00:00 AM,5,3,2
03/18/2021 01:00:00 AM,2,1,1
03/18/2021 02:00:00 AM,2,2,0
03/18/2021 03:00:00 AM,0,0,0
03/18/2021 04:00:00 AM,3,2,1
03/18/2021 05:00:00 AM,19,15,4
03/18/2021 06:00:00 AM,34,30,4
03/18/2021 07:00:00 AM,49,42,7
03/18/2021 08:00:00 AM,41,36,5
03/18/2021 09:00:00 AM,28,21,7
03/18/2021 10:00:00 AM,15,11,4
03/18/2021 11:00:00 AM,16,9,7
03/18/2021 12:00:00 PM,17,10,7
03/18/2021 01:00:00 PM,11,4,7
03/18/2021 02:00:00 PM,25,12,13
03/18/2021 03:00:00 PM,45,17,28
03/18/2021 04:00:00 PM,40,5,35
03/18/2021 05:00:00 PM,52,5,47
03/18/2021 06:00:00 PM,32,3,29
03/18/2021 07:00:00 PM,13,4,9
03/18/2021 08:00:00 PM,12,3,9
03/18/2021 09:00:00 PM,6,2,4
03/18/2021 10:00:00 PM,5,0,5
03/18/2021 11:00:00 PM,3,2,1
03/19/2021 12:00:00 AM,2,1,1
03/19/2021 01:00:00 AM,2,0,2
03/19/2021 02:00:00 AM,2,1,1
03/19/2021 03:00:00 AM,2,1,1
03/19/2021 04:00:00 AM,4,3,1
03/19/2021 05:00:00 AM,23,20,3
03/19/2021 06:00:00 AM,27,26,1
03/19/2021 07:00:00 AM,37,30,7
03/19/2021 08:00:00 AM,36,30,6
03/19/2021 09:00:00 AM,31,19,12
03/19/2021 10:00:00 AM,28,20,8
03/19/2021 11:00:00 AM,23,10,13
03/19/2021 12:00:00 PM,29,13,16
03/19/2021 01:00:00 PM,22,11,11
03/19/2021 02:00:00 PM,43,19,24
03/19/2021 03:00:00 PM,39,13,26
03/19/2021 04:00:00 PM,47,9,38
03/19/2021 05:00:00 PM,46,10,36
03/19/2021 06:00:00 PM,33,7,26
03/19/2021 07:00:00 PM,29,7,22
03/19/2021 08:00:00 PM,11,3,8
03/19/2021 09:00:00 PM,4,2,2
03/19/2021 10:00:00 PM,6,3,3
03/19/2021 11:00:00 PM,6,4,2
03/20/2021 12:00:00 AM,2,0,2
03/20/2021 01:00:00 AM,1,1,0
03/20/2021 02:00:00 AM,1,1,0
03/20/2021 03:00:00 AM,0,0,0
03/20/2021 04:00:00 AM,4,3,1
03/20/2021 05:00:00 AM,4,4,0
03/20/2021 06:00:00 AM,5,4,1
03/20/2021 07:00:00 AM,7,4,3
03/20/2021 08:00:00 AM,15,8,7
03/20/2021 09:00:00 AM,19,14,5
03/20/2021 10:00:00 AM,31,11,20
03/20/2021 11:00:00 AM,24,13,11
03/20/2021 12:00:00 PM,45,28,17
03/20/2021 01:00:00 PM,37,22,15
03/20/2021 02:00:00 PM,43,17,26
03/20/2021 03:00:00 PM,46,26,20
03/20/2021 04:00:00 PM,48,22,26
03/20/2021 05:00:00 PM,24,9,15
03/20/2021 06:00:00 PM,15,6,9
03/20/2021 07:00:00 PM,8,4,4
03/20/2021 08:00:00 PM,8,1,7
03/20/2021 09:00:00 PM,8,4,4
03/20/2021 10:00:00 PM,7,3,4
03/20/2021 11:00:00 PM,4,3,1
03/21/2021 12:00:00 AM,4,0,4
03/21/2021 01:00:00 AM,1,0,1
03/21/2021 02:00:00 AM,0,0,0
03/21/2021 03:00:00 AM,1,0,1
03/21/2021 04:00:00 AM,3,2,1
03/21/2021 05:00:00 AM,2,1,1
03/21/2021 06:00:00 AM,6,4,2
03/21/2021 07:00:00 AM,10,8,2
03/21/2021 08:00:00 AM,10,8,2
03/21/2021 09:00:00 AM,17,13,4
03/21/2021 10:00:00 AM,28,13,15
03/21/2021 11:00:00 AM,19,9,10
03/21/2021 12:00:00 PM,11,9,2
03/21/2021 01:00:00 PM,14,3,11
03/21/2021 02:00:00 PM,20,11,9
03/21/2021 03:00:00 PM,14,5,9
03/21/2021 04:00:00 PM,28,17,11
03/21/2021 05:00:00 PM,13,4,9
03/21/2021 06:00:00 PM,14,4,10
03/21/2021 07:00:00 PM,4,0,4
03/21/2021 08:00:00 PM,4,2,2
03/21/2021 09:00:00 PM,1,0,1
03/21/2021 10:00:00 PM,1,1,0
03/21/2021 11:00:00 PM,0,0,0
03/22/2021 12:00:00 AM,1,0,1
03/22/2021 01:00:00 AM,1,0,1
03/22/2021 02:00:00 AM,0,0,0
03/22/2021 03:00:00 AM,1,0,1
03/22/2021 04:00:00 AM,3,3,0
03/22/2021 05:00:00 AM,19,16,3
03/22/2021 06:00:00 AM,28,26,2
03/22/2021 07:00:00 AM,31,26,5
03/22/2021 08:00:00 AM,31,24,7
03/22/2021 09:00:00 AM,15,11,4
03/22/2021 10:00:00 AM,13,10,3
03/22/2021 11:00:00 AM,11,5,6
03/22/2021 12:00:00 PM,14,7,7
03/22/2021 01:00:00 PM,20,9,11
03/22/2021 02:00:00 PM,27,9,18
03/22/2021 03:00:00 PM,38,14,24
03/22/2021 04:00:00 PM,52,15,37
03/22/2021 05:00:00 PM,64,14,50
03/22/2021 06:00:00 PM,53,18,35
03/22/2021 07:00:00 PM,18,7,11
03/22/2021 08:00:00 PM,13,2,11
03/22/2021 09:00:00 PM,5,3,2
03/22/2021 10:00:00 PM,3,0,3
03/22/2021 11:00:00 PM,5,3,2
03/23/2021 12:00:00 AM,1,0,1
03/23/2021 01:00:00 AM,2,1,1
03/23/2021 02:00:00 AM,2,2,0
03/23/2021 03:00:00 AM,2,1,1
03/23/2021 04:00:00 AM,4,4,0
03/23/2021 05:00:00 AM,26,22,4
03/23/2021 06:00:00 AM,55,45,10
03/23/2021 07:00:00 AM,48,45,3
03/23/2021 08:00:00 AM,54,44,10
03/23/2021 09:00:00 AM,47,31,16
03/23/2021 10:00:00 AM,21,16,5
03/23/2021 11:00:00 AM,44,24,20
03/23/2021 12:00:00 PM,39,19,20
03/23/2021 01:00:00 PM,56,31,25
03/23/2021 02:00:00 PM,68,30,38
03/23/2021 03:00:00 PM,65,26,39
03/23/2021 04:00:00 PM,79,20,59
03/23/2021 05:00:00 PM,98,22,76
03/23/2021 06:00:00 PM,72,19,53
03/23/2021 07:00:00 PM,38,14,24
03/23/2021 08:00:00 PM,12,1,11
03/23/2021 09:00:00 PM,6,1,5
03/23/2021 10:00:00 PM,4,2,2
03/23/2021 11:00:00 PM,3,2,1
03/24/2021 12:00:00 AM,4,1,3
03/24/2021 01:00:00 AM,3,2,1
03/24/2021 02:00:00 AM,3,2,1
03/24/2021 03:00:00 AM,2,0,2
03/24/2021 04:00:00 AM,3,2,1
03/24/2021 05:00:00 AM,24,18,6
03/24/2021 06:00:00 AM,32,29,3
03/24/2021 07:00:00 AM,34,32,2
03/24/2021 08:00:00 AM,52,44,8
03/24/2021 09:00:00 AM,20,14,6
03/24/2021 10:00:00 AM,13,7,6
03/24/2021 11:00:00 AM,11,6,5
03/24/2021 12:00:00 PM,16,5,11
03/24/2021 01:00:00 PM,22,14,8
03/24/2021 02:00:00 PM,18,9,9
03/24/2021 03:00:00 PM,35,8,27
03/24/2021 04:00:00 PM,34,7,27
03/24/2021 05:00:00 PM,55,7,48
03/24/2021 06:00:00 PM,28,5,23
03/24/2021 07:00:00 PM,11,2,9
03/24/2021 08:00:00 PM,11,5,6
03/24/2021 09:00:00 PM,5,0,5
03/24/2021 10:00:00 PM,1,0,1
03/24/2021 11:00:00 PM,3,0,3
03/25/2021 12:00:00 AM,3,1,2
03/25/2021 01:00:00 AM,0,0,0
03/25/2021 02:00:00 AM,0,0,0
03/25/2021 03:00:00 AM,1,0,1
03/25/2021 04:00:00 AM,0,0,0
03/25/2021 05:00:00 AM,18,15,3
03/25/2021 06:00:00 AM,34,28,6
03/25/2021 07:00:00 AM,44,39,5
03/25/2021 08:00:00 AM,46,41,5
03/25/2021 09:00:00 AM,24,19,5
03/25/2021 10:00:00 AM,16,13,3
03/25/2021 11:00:00 AM,10,6,4
03/25/2021 12:00:00 PM,17,11,6
03/25/2021 01:00:00 PM,36,16,20
03/25/2021 02:00:00 PM,40,19,21
03/25/2021 03:00:00 PM,58,21,37
03/25/2021 04:00:00 PM,65,19,46
03/25/2021 05:00:00 PM,97,38,59
03/25/2021 06:00:00 PM,62,15,47
03/25/2021 07:00:00 PM,35,18,17
03/25/2021 08:00:00 PM,22,9,13
03/25/2021 09:00:00 PM,10,1,9
03/25/2021 10:00:00 PM,5,2,3
03/25/2021 11:00:00 PM,3,0,3
03/26/2021 12:00:00 AM,1,0,1
03/26/2021 01:00:00 AM,4,1,3
03/26/2021 02:00:00 AM,5,3,2
03/26/2021 03:00:00 AM,3,2,1
03/26/2021 04:00:00 AM,4,4,0
03/26/2021 05:00:00 AM,21,17,4
03/26/2021 06:00:00 AM,37,31,6
03/26/2021 07:00:00 AM,66,54,12
03/26/2021 08:00:00 AM,53,44,9
03/26/2021 09:00:00 AM,34,20,14
03/26/2021 10:00:00 AM,28,16,12
03/26/2021 11:00:00 AM,29,14,15
03/26/2021 12:00:00 PM,29,16,13
03/26/2021 01:00:00 PM,33,19,14
03/26/2021 02:00:00 PM,47,27,20
03/26/2021 03:00:00 PM,38,16,22
03/26/2021 04:00:00 PM,71,18,53
03/26/2021 05:00:00 PM,91,26,65
03/26/2021 06:00:00 PM,67,20,47
03/26/2021 07:00:00 PM,42,12,30
03/26/2021 08:00:00 PM,22,9,13
03/26/2021 09:00:00 PM,11,2,9
03/26/2021 10:00:00 PM,7,1,6
03/26/2021 11:00:00 PM,4,2,2
03/27/2021 12:00:00 AM,5,2,3
03/27/2021 01:00:00 AM,3,1,2
03/27/2021 02:00:00 AM,1,0,1
03/27/2021 03:00:00 AM,1,0,1
03/27/2021 04:00:00 AM,3,1,2
03/27/2021 05:00:00 AM,6,4,2
03/27/2021 06:00:00 AM,17,9,8
03/27/2021 07:00:00 AM,12,6,6
03/27/2021 08:00:00 AM,37,24,13
03/27/2021 09:00:00 AM,34,19,15
03/27/2021 10:00:00 AM,58,32,26
03/27/2021 11:00:00 AM,79,37,42
03/27/2021 12:00:00 PM,70,29,41
03/27/2021 01:00:00 PM,85,54,31
03/27/2021 02:00:00 PM,81,39,42
03/27/2021 03:00:00 PM,100,42,58
03/27/2021 04:00:00 PM,71,29,42
03/27/2021 05:00:00 PM,55,28,27
03/27/2021 06:00:00 PM,42,18,24
03/27/2021 07:00:00 PM,18,5,13
03/27/2021 08:00:00 PM,14,8,6
03/27/2021 09:00:00 PM,9,6,3
03/27/2021 10:00:00 PM,3,1,2
03/27/2021 11:00:00 PM,3,2,1
03/28/2021 12:00:00 AM,2,0,2
03/28/2021 01:00:00 AM,4,0,4
03/28/2021 02:00:00 AM,3,1,2
03/28/2021 03:00:00 AM,3,0,3
03/28/2021 04:00:00 AM,5,3,2
03/28/2021 05:00:00 AM,6,5,1
03/28/2021 06:00:00 AM,4,2,2
03/28/2021 07:00:00 AM,9,5,4
03/28/2021 08:00:00 AM,6,3,3
03/28/2021 09:00:00 AM,15,8,7
03/28/2021 10:00:00 AM,13,5,8
03/28/2021 11:00:00 AM,13,9,4
03/28/2021 12:00:00 PM,6,4,2
03/28/2021 01:00:00 PM,10,6,4
03/28/2021 02:00:00 PM,2,2,0
03/28/2021 03:00:00 PM,6,1,5
03/28/2021 04:00:00 PM,9,2,7
03/28/2021 05:00:00 PM,13,9,4
03/28/2021 06:00:00 PM,13,6,7
03/28/2021 07:00:00 PM,5,3,2
03/28/2021 08:00:00 PM,6,1,5
03/28/2021 09:00:00 PM,6,2,4
03/28/2021 10:00:00 PM,3,2,1
03/28/2021 11:00:00 PM,0,0,0
03/29/2021 12:00:00 AM,1,1,0
03/29/2021 01:00:00 AM,1,0,1
03/29/2021 02:00:00 AM,2,1,1
03/29/2021 03:00:00 AM,0,0,0
03/29/2021 04:00:00 AM,2,2,0
03/29/2021 05:00:00 AM,21,17,4
03/29/2021 06:00:00 AM,42,35,7
03/29/2021 07:00:00 AM,55,48,7
03/29/2021 08:00:00 AM,55,47,8
03/29/2021 09:00:00 AM,54,36,18
03/29/2021 10:00:00 AM,26,18,8
03/29/2021 11:00:00 AM,14,8,6
03/29/2021 12:00:00 PM,16,11,5
03/29/2021 01:00:00 PM,28,11,17
03/29/2021 02:00:00 PM,38,17,21
03/29/2021 03:00:00 PM,54,19,35
03/29/2021 04:00:00 PM,79,19,60
03/29/2021 05:00:00 PM,87,17,70
03/29/2021 06:00:00 PM,67,16,51
03/29/2021 07:00:00 PM,24,5,19
03/29/2021 08:00:00 PM,5,2,3
03/29/2021 09:00:00 PM,7,6,1
03/29/2021 10:00:00 PM,11,7,4
03/29/2021 11:00:00 PM,1,0,1
03/30/2021 12:00:00 AM,2,1,1
03/30/2021 01:00:00 AM,0,0,0
03/30/2021 02:00:00 AM,8,1,7
03/30/2021 03:00:00 AM,2,0,2
03/30/2021 04:00:00 AM,3,3,0
03/30/2021 05:00:00 AM,22,19,3
03/30/2021 06:00:00 AM,43,38,5
03/30/2021 07:00:00 AM,56,54,2
03/30/2021 08:00:00 AM,51,44,7
03/30/2021 09:00:00 AM,36,28,8
03/30/2021 10:00:00 AM,36,25,11
03/30/2021 11:00:00 AM,29,19,10
03/30/2021 12:00:00 PM,32,15,17
03/30/2021 01:00:00 PM,45,26,19
03/30/2021 02:00:00 PM,63,29,34
03/30/2021 03:00:00 PM,82,31,51
03/30/2021 04:00:00 PM,71,16,55
03/30/2021 05:00:00 PM,124,31,93
03/30/2021 06:00:00 PM,87,24,63
03/30/2021 07:00:00 PM,51,23,28
03/30/2021 08:00:00 PM,16,5,11
03/30/2021 09:00:00 PM,11,2,9
03/30/2021 10:00:00 PM,4,0,4
03/30/2021 11:00:00 PM,2,1,1
03/31/2021 12:00:00 AM,3,1,2
03/31/2021 01:00:00 AM,0,0,0
03/31/2021 02:00:00 AM,6,3,3
03/31/2021 03:00:00 AM,1,0,1
03/31/2021 04:00:00 AM,3,3,0
03/31/2021 05:00:00 AM,17,14,3
03/31/2021 06:00:00 AM,43,37,6
03/31/2021 07:00:00 AM,68,57,11
03/31/2021 08:00:00 AM,63,52,11
03/31/2021 09:00:00 AM,32,23,9
03/31/2021 10:00:00 AM,40,30,10
03/31/2021 11:00:00 AM,37,21,16
03/31/2021 12:00:00 PM,37,21,16
03/31/2021 01:00:00 PM,48,27,21
03/31/2021 02:00:00 PM,52,24,28
03/31/2021 03:00:00 PM,85,35,50
03/31/2021 04:00:00 PM,124,44,80
03/31/2021 05:00:00 PM,137,28,109
03/31/2021 06:00:00 PM,79,26,53
03/31/2021 07:00:00 PM,39,22,17
03/31/2021 08:00:00 PM,16,4,12
03/31/2021 09:00:00 PM,14,3,11
03/31/2021 10:00:00 PM,10,4,6
03/31/2021 11:00:00 PM,6,2,4
04/01/2021 12:00:00 AM,6,5,1
04/01/2021 01:00:00 AM,0,0,0
04/01/2021 02:00:00 AM,4,3,1
04/01/2021 03:00:00 AM,2,1,1
04/01/2021 04:00:00 AM,4,4,0
04/01/2021 05:00:00 AM,20,16,4
04/01/2021 06:00:00 AM,46,37,9
04/01/2021 07:00:00 AM,58,49,9
04/01/2021 08:00:00 AM,58,49,9
04/01/2021 09:00:00 AM,39,31,8
04/01/2021 10:00:00 AM,30,21,9
04/01/2021 11:00:00 AM,25,13,12
04/01/2021 12:00:00 PM,30,19,11
04/01/2021 01:00:00 PM,31,19,12
04/01/2021 02:00:00 PM,39,16,23
04/01/2021 03:00:00 PM,78,22,56
04/01/2021 04:00:00 PM,86,28,58
04/01/2021 05:00:00 PM,117,32,85
04/01/2021 06:00:00 PM,77,23,54
04/01/2021 07:00:00 PM,42,14,28
04/01/2021 08:00:00 PM,22,12,10
04/01/2021 09:00:00 PM,14,5,9
04/01/2021 10:00:00 PM,7,1,6
04/01/2021 11:00:00 PM,3,1,2
04/02/2021 12:00:00 AM,0,0,0
04/02/2021 01:00:00 AM,2,1,1
04/02/2021 02:00:00 AM,4,2,2
04/02/2021 03:00:00 AM,2,1,1
04/02/2021 04:00:00 AM,5,3,2
04/02/2021 05:00:00 AM,21,19,2
04/02/2021 06:00:00 AM,38,34,4
04/02/2021 07:00:00 AM,59,41,18
04/02/2021 08:00:00 AM,62,50,12
04/02/2021 09:00:00 AM,37,29,8
04/02/2021 10:00:00 AM,30,18,12
04/02/2021 11:00:00 AM,35,25,10
04/02/2021 12:00:00 PM,45,21,24
04/02/2021 01:00:00 PM,35,17,18
04/02/2021 02:00:00 PM,52,25,27
04/02/2021 03:00:00 PM,82,32,50
04/02/2021 04:00:00 PM,84,27,57
04/02/2021 05:00:00 PM,100,22,78
04/02/2021 06:00:00 PM,55,14,41
04/02/2021 07:00:00 PM,27,5,22
04/02/2021 08:00:00 PM,24,11,13
04/02/2021 09:00:00 PM,5,1,4
04/02/2021 10:00:00 PM,5,0,5
04/02/2021 11:00:00 PM,7,5,2
04/03/2021 12:00:00 AM,4,1,3
04/03/2021 01:00:00 AM,0,0,0
04/03/2021 02:00:00 AM,3,0,3
04/03/2021 03:00:00 AM,4,3,1
04/03/2021 04:00:00 AM,1,1,0
04/03/2021 05:00:00 AM,7,4,3
04/03/2021 06:00:00 AM,9,7,2
04/03/2021 07:00:00 AM,17,12,5
04/03/2021 08:00:00 AM,36,22,14
04/03/2021 09:00:00 AM,47,29,18
04/03/2021 10:00:00 AM,57,35,22
04/03/2021 11:00:00 AM,86,37,49
04/03/2021 12:00:00 PM,85,42,43
04/03/2021 01:00:00 PM,113,53,60
04/03/2021 02:00:00 PM,75,41,34
04/03/2021 03:00:00 PM,79,40,39
04/03/2021 04:00:00 PM,84,42,42
04/03/2021 05:00:00 PM,51,23,28
04/03/2021 06:00:00 PM,56,28,28
04/03/2021 07:00:00 PM,31,5,26
04/03/2021 08:00:00 PM,22,13,9
04/03/2021 09:00:00 PM,14,8,6
04/03/2021 10:00:00 PM,2,0,2
04/03/2021 11:00:00 PM,5,4,1
04/04/2021 12:00:00 AM,1,0,1
04/04/2021 01:00:00 AM,0,0,0
04/04/2021 02:00:00 AM,0,0,0
04/04/2021 03:00:00 AM,2,0,2
04/04/2021 04:00:00 AM,1,1,0
04/04/2021 05:00:00 AM,1,1,0
04/04/2021 06:00:00 AM,6,2,4
04/04/2021 07:00:00 AM,6,6,0
04/04/2021 08:00:00 AM,10,6,4
04/04/2021 09:00:00 AM,9,6,3
04/04/2021 10:00:00 AM,26,11,15
04/04/2021 11:00:00 AM,24,13,11
04/04/2021 12:00:00 PM,27,17,10
04/04/2021 01:00:00 PM,49,26,23
04/04/2021 02:00:00 PM,37,17,20
04/04/2021 03:00:00 PM,30,17,13
04/04/2021 04:00:00 PM,22,8,14
04/04/2021 05:00:00 PM,7,4,3
04/04/2021 06:00:00 PM,16,4,12
04/04/2021 07:00:00 PM,9,3,6
04/04/2021 08:00:00 PM,4,2,2
04/04/2021 09:00:00 PM,4,4,0
04/04/2021 10:00:00 PM,3,1,2
04/04/2021 11:00:00 PM,4,1,3
04/05/2021 12:00:00 AM,2,2,0
04/05/2021 01:00:00 AM,1,0,1
04/05/2021 02:00:00 AM,0,0,0
04/05/2021 03:00:00 AM,1,1,0
04/05/2021 04:00:00 AM,4,4,0
04/05/2021 05:00:00 AM,28,21,7
04/05/2021 06:00:00 AM,44,36,8
04/05/2021 07:00:00 AM,67,61,6
04/05/2021 08:00:00 AM,59,51,8
04/05/2021 09:00:00 AM,32,28,4
04/05/2021 10:00:00 AM,30,16,14
04/05/2021 11:00:00 AM,22,16,6
04/05/2021 12:00:00 PM,28,16,12
04/05/2021 01:00:00 PM,36,23,13
04/05/2021 02:00:00 PM,51,21,30
04/05/2021 03:00:00 PM,64,31,33
04/05/2021 04:00:00 PM,115,31,84
04/05/2021 05:00:00 PM,134,47,87
04/05/2021 06:00:00 PM,82,19,63
04/05/2021 07:00:00 PM,45,19,26
04/05/2021 08:00:00 PM,20,8,12
04/05/2021 09:00:00 PM,9,4,5
04/05/2021 10:00:00 PM,6,1,5
04/05/2021 11:00:00 PM,3,0,3
04/06/2021 12:00:00 AM,2,2,0
04/06/2021 01:00:00 AM,0,0,0
04/06/2021 02:00:00 AM,2,1,1
04/06/2021 03:00:00 AM,1,0,1
04/06/2021 04:00:00 AM,2,2,0
04/06/2021 05:00:00 AM,25,21,4
04/06/2021 06:00:00 AM,65,53,12
04/06/2021 07:00:00 AM,63,56,7
04/06/2021 08:00:00 AM,57,47,10
04/06/2021 09:00:00 AM,44,31,13
04/06/2021 10:00:00 AM,41,29,12
04/06/2021 11:00:00 AM,37,25,12
04/06/2021 12:00:00 PM,28,16,12
04/06/2021 01:00:00 PM,39,17,22
04/06/2021 02:00:00 PM,50,22,28
04/06/2021 03:00:00 PM,56,19,37
04/06/2021 04:00:00 PM,117,29,88
04/06/2021 05:00:00 PM,138,30,108
04/06/2021 06:00:00 PM,85,31,54
04/06/2021 07:00:00 PM,45,23,22
04/06/2021 08:00:00 PM,18,6,12
04/06/2021 09:00:00 PM,12,0,12
04/06/2021 10:00:00 PM,6,0,6
04/06/2021 11:00:00 PM,6,1,5
04/07/2021 12:00:00 AM,7,4,3
04/07/2021 01:00:00 AM,1,1,0
04/07/2021 02:00:00 AM,4,1,3
04/07/2021 03:00:00 AM,2,0,2
04/07/2021 04:00:00 AM,1,1,0
04/07/2021 05:00:00 AM,16,13,3
04/07/2021 06:00:00 AM,49,42,7
04/07/2021 07:00:00 AM,46,40,6
04/07/2021 08:00:00 AM,48,42,6
04/07/2021 09:00:00 AM,22,17,5
04/07/2021 10:00:00 AM,22,14,8
04/07/2021 11:00:00 AM,13,8,5
04/07/2021 12:00:00 PM,23,9,14
04/07/2021 01:00:00 PM,20,8,12
04/07/2021 02:00:00 PM,27,12,15
04/07/2021 03:00:00 PM,37,12,25
04/07/2021 04:00:00 PM,58,12,46
04/07/2021 05:00:00 PM,61,14,47
04/07/2021 06:00:00 PM,42,9,33
04/07/2021 07:00:00 PM,24,7,17
04/07/2021 08:00:00 PM,11,3,8
04/07/2021 09:00:00 PM,8,3,5
04/07/2021 10:00:00 PM,2,0,2
04/07/2021 11:00:00 PM,0,0,0
04/08/2021 12:00:00 AM,1,1,0
04/08/2021 01:00:00 AM,2,0,2
04/08/2021 02:00:00 AM,1,1,0
04/08/2021 03:00:00 AM,0,0,0
04/08/2021 04:00:00 AM,2,1,1
04/08/2021 05:00:00 AM,14,9,5
04/08/2021 06:00:00 AM,43,39,4
04/08/2021 07:00:00 AM,59,51,8
04/08/2021 08:00:00 AM,58,46,12
04/08/2021 09:00:00 AM,39,30,9
04/08/2021 10:00:00 AM,22,16,6
04/08/2021 11:00:00 AM,26,17,9
04/08/2021 12:00:00 PM,32,19,13
04/08/2021 01:00:00 PM,33,17,16
04/08/2021 02:00:00 PM,45,27,18
04/08/2021 03:00:00 PM,65,23,42
04/08/2021 04:00:00 PM,88,29,59
04/08/2021 05:00:00 PM,119,34,85
04/08/2021 06:00:00 PM,70,20,50
04/08/2021 07:00:00 PM,48,16,32
04/08/2021 08:00:00 PM,19,6,13
04/08/2021 09:00:00 PM,9,3,6
04/08/2021 10:00:00 PM,10,1,9
04/08/2021 11:00:00 PM,5,3,2
04/09/2021 12:00:00 AM,1,0,1
04/09/2021 01:00:00 AM,0,0,0
04/09/2021 02:00:00 AM,3,2,1
04/09/2021 03:00:00 AM,2,0,2
04/09/2021 04:00:00 AM,2,2,0
04/09/2021 05:00:00 AM,18,15,3
04/09/2021 06:00:00 AM,33,32,1
04/09/2021 07:00:00 AM,57,49,8
04/09/2021 08:00:00 AM,56,46,10
04/09/2021 09:00:00 AM,35,30,5
04/09/2021 10:00:00 AM,25,14,11
04/09/2021 11:00:00 AM,15,8,7
04/09/2021 12:00:00 PM,32,23,9
04/09/2021 01:00:00 PM,34,16,18
04/09/2021 02:00:00 PM,46,21,25
04/09/2021 03:00:00 PM,42,13,29
04/09/2021 04:00:00 PM,66,15,51
04/09/2021 05:00:00 PM,67,15,52
04/09/2021 06:00:00 PM,41,9,32
04/09/2021 07:00:00 PM,18,4,14
04/09/2021 08:00:00 PM,6,1,5
04/09/2021 09:00:00 PM,10,2,8
04/09/2021 10:00:00 PM,5,0,5
04/09/2021 11:00:00 PM,2,1,1
04/10/2021 12:00:00 AM,1,0,1
04/10/2021 01:00:00 AM,1,0,1
04/10/2021 02:00:00 AM,2,2,0
04/10/2021 03:00:00 AM,1,1,0
04/10/2021 04:00:00 AM,2,0,2
04/10/2021 05:00:00 AM,6,4,2
04/10/2021 06:00:00 AM,6,6,0
04/10/2021 07:00:00 AM,5,3,2
04/10/2021 08:00:00 AM,15,5,10
04/10/2021 09:00:00 AM,34,19,15
04/10/2021 10:00:00 AM,47,26,21
04/10/2021 11:00:00 AM,59,34,25
04/10/2021 12:00:00 PM,58,27,31
04/10/2021 01:00:00 PM,66,32,34
04/10/2021 02:00:00 PM,82,39,43
04/10/2021 03:00:00 PM,73,35,38
04/10/2021 04:00:00 PM,74,37,37
04/10/2021 05:00:00 PM,57,29,28
04/10/2021 06:00:00 PM,25,11,14
04/10/2021 07:00:00 PM,12,5,7
04/10/2021 08:00:00 PM,9,3,6
04/10/2021 09:00:00 PM,5,1,4
04/10/2021 10:00:00 PM,3,2,1
04/10/2021 11:00:00 PM,1,0,1
04/11/2021 12:00:00 AM,4,0,4
04/11/2021 01:00:00 AM,7,5,2
04/11/2021 02:00:00 AM,5,0,5
04/11/2021 03:00:00 AM,1,0,1
04/11/2021 04:00:00 AM,3,3,0
04/11/2021 05:00:00 AM,1,1,0
04/11/2021 06:00:00 AM,6,1,5
04/11/2021 07:00:00 AM,17,14,3
04/11/2021 08:00:00 AM,23,14,9
04/11/2021 09:00:00 AM,26,14,12
04/11/2021 10:00:00 AM,63,46,17
04/11/2021 11:00:00 AM,95,31,64
04/11/2021 12:00:00 PM,81,25,56
04/11/2021 01:00:00 PM,120,74,46
04/11/2021 02:00:00 PM,89,47,42
04/11/2021 03:00:00 PM,69,37,32
04/11/2021 04:00:00 PM,83,50,33
04/11/2021 05:00:00 PM,60,20,40
04/11/2021 06:00:00 PM,37,19,18
04/11/2021 07:00:00 PM,22,12,10
04/11/2021 08:00:00 PM,15,11,4
04/11/2021 09:00:00 PM,14,6,8
04/11/2021 10:00:00 PM,4,2,2
04/11/2021 11:00:00 PM,3,0,3
04/12/2021 12:00:00 AM,0,0,0
04/12/2021 01:00:00 AM,3,1,2
04/12/2021 02:00:00 AM,0,0,0
04/12/2021 03:00:00 AM,1,1,0
04/12/2021 04:00:00 AM,7,6,1
04/12/2021 05:00:00 AM,17,14,3
04/12/2021 06:00:00 AM,40,39,1
04/12/2021 07:00:00 AM,55,49,6
04/12/2021 08:00:00 AM,54,45,9
04/12/2021 09:00:00 AM,45,26,19
04/12/2021 10:00:00 AM,30,20,10
04/12/2021 11:00:00 AM,21,12,9
04/12/2021 12:00:00 PM,39,14,25
04/12/2021 01:00:00 PM,39,20,19
04/12/2021 02:00:00 PM,40,22,18
04/12/2021 03:00:00 PM,49,16,33
04/12/2021 04:00:00 PM,85,19,66
04/12/2021 05:00:00 PM,95,29,66
04/12/2021 06:00:00 PM,50,12,38
04/12/2021 07:00:00 PM,28,14,14
04/12/2021 08:00:00 PM,12,3,9
04/12/2021 09:00:00 PM,5,2,3
04/12/2021 10:00:00 PM,5,0,5
04/12/2021 11:00:00 PM,0,0,0
04/13/2021 12:00:00 AM,2,1,1
04/13/2021 01:00:00 AM,1,0,1
04/13/2021 02:00:00 AM,0,0,0
04/13/2021 03:00:00 AM,0,0,0
04/13/2021 04:00:00 AM,3,3,0
04/13/2021 05:00:00 AM,30,25,5
04/13/2021 06:00:00 AM,50,45,5
04/13/2021 07:00:00 AM,54,43,11
04/13/2021 08:00:00 AM,66,51,15
04/13/2021 09:00:00 AM,44,31,13
04/13/2021 10:00:00 AM,35,22,13
04/13/2021 11:00:00 AM,43,23,20
04/13/2021 12:00:00 PM,39,15,24
04/13/2021 01:00:00 PM,42,19,23
04/13/2021 02:00:00 PM,51,28,23
04/13/2021 03:00:00 PM,62,27,35
04/13/2021 04:00:00 PM,94,28,66
04/13/2021 05:00:00 PM,113,34,79
04/13/2021 06:00:00 PM,96,30,66
04/13/2021 07:00:00 PM,40,15,25
04/13/2021 08:00:00 PM,17,6,11
04/13/2021 09:00:00 PM,10,4,6
04/13/2021 10:00:00 PM,5,1,4
04/13/2021 11:00:00 PM,4,2,2
04/14/2021 12:00:00 AM,1,0,1
04/14/2021 01:00:00 AM,2,1,1
04/14/2021 02:00:00 AM,4,3,1
04/14/2021 03:00:00 AM,5,1,4
04/14/2021 04:00:00 AM,3,3,0
04/14/2021 05:00:00 AM,29,22,7
04/14/2021 06:00:00 AM,56,49,7
04/14/2021 07:00:00 AM,57,52,5
04/14/2021 08:00:00 AM,64,54,10
04/14/2021 09:00:00 AM,28,23,5
04/14/2021 10:00:00 AM,24,18,6
04/14/2021 11:00:00 AM,35,14,21
04/14/2021 12:00:00 PM,26,20,6
04/14/2021 01:00:00 PM,56,27,29
04/14/2021 02:00:00 PM,59,26,33
04/14/2021 03:00:00 PM,59,17,42
04/14/2021 04:00:00 PM,90,28,62
04/14/2021 05:00:00 PM,134,33,101
04/14/2021 06:00:00 PM,73,17,56
04/14/2021 07:00:00 PM,49,18,31
04/14/2021 08:00:00 PM,18,6,12
04/14/2021 09:00:00 PM,8,3,5
04/14/2021 10:00:00 PM,2,0,2
04/14/2021 11:00:00 PM,4,2,2
04/15/2021 12:00:00 AM,4,1,3
04/15/2021 01:00:00 AM,0,0,0
04/15/2021 02:00:00 AM,3,2,1
04/15/2021 03:00:00 AM,1,0,1
04/15/2021 04:00:00 AM,4,4,0
04/15/2021 05:00:00 AM,29,24,5
04/15/2021 06:00:00 AM,57,49,8
04/15/2021 07:00:00 AM,62,54,8
04/15/2021 08:00:00 AM,78,64,14
04/15/2021 09:00:00 AM,38,29,9
04/15/2021 10:00:00 AM,44,26,18
04/15/2021 11:00:00 AM,56,37,19
04/15/2021 12:00:00 PM,38,23,15
04/15/2021 01:00:00 PM,55,28,27
04/15/2021 02:00:00 PM,78,38,40
04/15/2021 03:00:00 PM,63,20,43
04/15/2021 04:00:00 PM,96,36,60
04/15/2021 05:00:00 PM,169,43,126
04/15/2021 06:00:00 PM,100,40,60
04/15/2021 07:00:00 PM,78,16,62
04/15/2021 08:00:00 PM,32,13,19
04/15/2021 09:00:00 PM,21,5,16
04/15/2021 10:00:00 PM,14,10,4
04/15/2021 11:00:00 PM,9,7,2
04/16/2021 12:00:00 AM,6,3,3
04/16/2021 01:00:00 AM,1,1,0
04/16/2021 02:00:00 AM,4,1,3
04/16/2021 03:00:00 AM,1,1,0
04/16/2021 04:00:00 AM,4,3,1
04/16/2021 05:00:00 AM,28,22,6
04/16/2021 06:00:00 AM,47,41,6
04/16/2021 07:00:00 AM,61,53,8
04/16/2021 08:00:00 AM,59,47,12
04/16/2021 09:00:00 AM,48,28,20
04/16/2021 10:00:00 AM,45,25,20
04/16/2021 11:00:00 AM,54,26,28
04/16/2021 12:00:00 PM,55,27,28
04/16/2021 01:00:00 PM,56,26,30
04/16/2021 02:00:00 PM,88,40,48
04/16/2021 03:00:00 PM,82,23,59
04/16/2021 04:00:00 PM,114,39,75
04/16/2021 05:00:00 PM,93,34,59
04/16/2021 06:00:00 PM,66,27,39
04/16/2021 07:00:00 PM,37,10,27
04/16/2021 08:00:00 PM,26,11,15
04/16/2021 09:00:00 PM,19,7,12
04/16/2021 10:00:00 PM,9,2,7
04/16/2021 11:00:00 PM,4,1,3
04/17/2021 12:00:00 AM,3,0,3
04/17/2021 01:00:00 AM,1,0,1
04/17/2021 02:00:00 AM,1,0,1
04/17/2021 03:00:00 AM,2,2,0
04/17/2021 04:00:00 AM,1,1,0
04/17/2021 05:00:00 AM,5,3,2
04/17/2021 06:00:00 AM,13,11,2
04/17/2021 07:00:00 AM,20,12,8
04/17/2021 08:00:00 AM,54,29,25
04/17/2021 09:00:00 AM,52,24,28
04/17/2021 10:00:00 AM,81,49,32
04/17/2021 11:00:00 AM,84,41,43
04/17/2021 12:00:00 PM,95,44,51
04/17/2021 01:00:00 PM,136,62,74
04/17/2021 02:00:00 PM,104,48,56
04/17/2021 03:00:00 PM,129,64,65
04/17/2021 04:00:00 PM,106,53,53
04/17/2021 05:00:00 PM,62,29,33
04/17/2021 06:00:00 PM,65,40,25
04/17/2021 07:00:00 PM,48,24,24
04/17/2021 08:00:00 PM,28,6,22
04/17/2021 09:00:00 PM,20,9,11
04/17/2021 10:00:00 PM,16,8,8
04/17/2021 11:00:00 PM,5,2,3
04/18/2021 12:00:00 AM,3,2,1
04/18/2021 01:00:00 AM,4,0,4
04/18/2021 02:00:00 AM,0,0,0
04/18/2021 03:00:00 AM,1,0,1
04/18/2021 04:00:00 AM,2,2,0
04/18/2021 05:00:00 AM,5,3,2
04/18/2021 06:00:00 AM,10,7,3
04/18/2021 07:00:00 AM,16,13,3
04/18/2021 08:00:00 AM,25,12,13
04/18/2021 09:00:00 AM,65,32,33
04/18/2021 10:00:00 AM,100,38,62
04/18/2021 11:00:00 AM,93,45,48
04/18/2021 12:00:00 PM,145,89,56
04/18/2021 01:00:00 PM,109,54,55
04/18/2021 02:00:00 PM,134,58,76
04/18/2021 03:00:00 PM,105,47,58
04/18/2021 04:00:00 PM,119,58,61
04/18/2021 05:00:00 PM,72,42,30
04/18/2021 06:00:00 PM,67,40,27
04/18/2021 07:00:00 PM,34,20,14
04/18/2021 08:00:00 PM,22,15,7
04/18/2021 09:00:00 PM,10,4,6
04/18/2021 10:00:00 PM,2,1,1
04/18/2021 11:00:00 PM,2,2,0
04/19/2021 12:00:00 AM,4,4,0
04/19/2021 01:00:00 AM,2,1,1
04/19/2021 02:00:00 AM,3,2,1
04/19/2021 03:00:00 AM,0,0,0
04/19/2021 04:00:00 AM,4,4,0
04/19/2021 05:00:00 AM,33,26,7
04/19/2021 06:00:00 AM,59,52,7
04/19/2021 07:00:00 AM,75,68,7
04/19/2021 08:00:00 AM,69,54,15
04/19/2021 09:00:00 AM,46,37,9
04/19/2021 10:00:00 AM,32,17,15
04/19/2021 11:00:00 AM,30,19,11
04/19/2021 12:00:00 PM,39,20,19
04/19/2021 01:00:00 PM,30,11,19
04/19/2021 02:00:00 PM,39,16,23
04/19/2021 03:00:00 PM,68,27,41
04/19/2021 04:00:00 PM,102,31,71
04/19/2021 05:00:00 PM,134,31,103
04/19/2021 06:00:00 PM,84,25,59
04/19/2021 07:00:00 PM,37,13,24
04/19/2021 08:00:00 PM,16,6,10
04/19/2021 09:00:00 PM,10,4,6
04/19/2021 10:00:00 PM,9,1,8
04/19/2021 11:00:00 PM,2,0,2
04/20/2021 12:00:00 AM,1,0,1
04/20/2021 01:00:00 AM,0,0,0
04/20/2021 02:00:00 AM,1,0,1
04/20/2021 03:00:00 AM,1,1,0
04/20/2021 04:00:00 AM,6,5,1
04/20/2021 05:00:00 AM,36,29,7
04/20/2021 06:00:00 AM,75,67,8
04/20/2021 07:00:00 AM,84,67,17
04/20/2021 08:00:00 AM,82,62,20
04/20/2021 09:00:00 AM,41,29,12
04/20/2021 10:00:00 AM,45,28,17
04/20/2021 11:00:00 AM,31,15,16
04/20/2021 12:00:00 PM,40,24,16
04/20/2021 01:00:00 PM,50,21,29
04/20/2021 02:00:00 PM,53,21,32
04/20/2021 03:00:00 PM,81,33,48
04/20/2021 04:00:00 PM,118,39,79
04/20/2021 05:00:00 PM,147,35,112
04/20/2021 06:00:00 PM,111,32,79
04/20/2021 07:00:00 PM,60,24,36
04/20/2021 08:00:00 PM,26,13,13
04/20/2021 09:00:00 PM,11,6,5
04/20/2021 10:00:00 PM,4,1,3
04/20/2021 11:00:00 PM,6,3,3
04/21/2021 12:00:00 AM,1,1,0
04/21/2021 01:00:00 AM,1,1,0
04/21/2021 02:00:00 AM,1,1,0
04/21/2021 03:00:00 AM,2,1,1
04/21/2021 04:00:00 AM,5,3,2
04/21/2021 05:00:00 AM,33,24,9
04/21/2021 06:00:00 AM,69,62,7
04/21/2021 07:00:00 AM,79,71,8
04/21/2021 08:00:00 AM,57,47,10
04/21/2021 09:00:00 AM,42,34,8
04/21/2021 10:00:00 AM,38,21,17
04/21/2021 11:00:00 AM,35,22,13
04/21/2021 12:00:00 PM,37,19,18
04/21/2021 01:00:00 PM,57,33,24
04/21/2021 02:00:00 PM,77,38,39
04/21/2021 03:00:00 PM,73,33,40
04/21/2021 04:00:00 PM,132,48,84
04/21/2021 05:00:00 PM,157,43,114
04/21/2021 06:00:00 PM,81,18,63
04/21/2021 07:00:00 PM,57,13,44
04/21/2021 08:00:00 PM,32,12,20
04/21/2021 09:00:00 PM,14,4,10
04/21/2021 10:00:00 PM,12,2,10
04/21/2021 11:00:00 PM,8,4,4
04/22/2021 12:00:00 AM,5,3,2
04/22/2021 01:00:00 AM,0,0,0
04/22/2021 02:00:00 AM,3,1,2
04/22/2021 03:00:00 AM,3,1,2
04/22/2021 04:00:00 AM,4,4,0
04/22/2021 05:00:00 AM,32,25,7
04/22/2021 06:00:00 AM,57,46,11
04/22/2021 07:00:00 AM,81,66,15
04/22/2021 08:00:00 AM,68,57,11
04/22/2021 09:00:00 AM,43,31,12
04/22/2021 10:00:00 AM,25,19,6
04/22/2021 11:00:00 AM,26,15,11
04/22/2021 12:00:00 PM,28,16,12
04/22/2021 01:00:00 PM,40,24,16
04/22/2021 02:00:00 PM,44,15,29
04/22/2021 03:00:00 PM,62,28,34
04/22/2021 04:00:00 PM,117,41,76
04/22/2021 05:00:00 PM,132,29,103
04/22/2021 06:00:00 PM,75,23,52
04/22/2021 07:00:00 PM,58,18,40
04/22/2021 08:00:00 PM,25,13,12
04/22/2021 09:00:00 PM,9,3,6
04/22/2021 10:00:00 PM,10,2,8
04/22/2021 11:00:00 PM,12,3,9
04/23/2021 12:00:00 AM,3,2,1
04/23/2021 01:00:00 AM,4,4,0
04/23/2021 02:00:00 AM,2,1,1
04/23/2021 03:00:00 AM,1,0,1
04/23/2021 04:00:00 AM,3,3,0
04/23/2021 05:00:00 AM,35,24,11
04/23/2021 06:00:00 AM,51,44,7
04/23/2021 07:00:00 AM,70,56,14
04/23/2021 08:00:00 AM,57,45,12
04/23/2021 09:00:00 AM,35,26,9
04/23/2021 10:00:00 AM,36,18,18
04/23/2021 11:00:00 AM,31,22,9
04/23/2021 12:00:00 PM,39,14,25
04/23/2021 01:00:00 PM,40,22,18
04/23/2021 02:00:00 PM,52,23,29
04/23/2021 03:00:00 PM,94,42,52
04/23/2021 04:00:00 PM,92,29,63
04/23/2021 05:00:00 PM,117,34,83
04/23/2021 06:00:00 PM,68,18,50
04/23/2021 07:00:00 PM,34,12,22
04/23/2021 08:00:00 PM,25,9,16
04/23/2021 09:00:00 PM,11,7,4
04/23/2021 10:00:00 PM,13,6,7
04/23/2021 11:00:00 PM,3,2,1
04/24/2021 12:00:00 AM,3,0,3
04/24/2021 01:00:00 AM,0,0,0
04/24/2021 02:00:00 AM,0,0,0
04/24/2021 03:00:00 AM,3,1,2
04/24/2021 04:00:00 AM,2,1,1
04/24/2021 05:00:00 AM,3,3,0
04/24/2021 06:00:00 AM,5,3,2
04/24/2021 07:00:00 AM,5,3,2
04/24/2021 08:00:00 AM,10,5,5
04/24/2021 09:00:00 AM,17,10,7
04/24/2021 10:00:00 AM,10,3,7
04/24/2021 11:00:00 AM,23,13,10
04/24/2021 12:00:00 PM,12,8,4
04/24/2021 01:00:00 PM,26,14,12
04/24/2021 02:00:00 PM,15,8,7
04/24/2021 03:00:00 PM,15,9,6
04/24/2021 04:00:00 PM,16,4,12
04/24/2021 05:00:00 PM,12,3,9
04/24/2021 06:00:00 PM,9,6,3
04/24/2021 07:00:00 PM,15,7,8
04/24/2021 08:00:00 PM,6,4,2
04/24/2021 09:00:00 PM,2,0,2
04/24/2021 10:00:00 PM,4,0,4
04/24/2021 11:00:00 PM,1,0,1
04/25/2021 12:00:00 AM,,,
04/25/2021 01:00:00 AM,,,
04/25/2021 02:00:00 AM,,,
04/25/2021 03:00:00 AM,,,
04/25/2021 04:00:00 AM,,,
04/25/2021 05:00:00 AM,,,
04/25/2021 06:00:00 AM,,,
04/25/2021 07:00:00 AM,,,
04/25/2021 08:00:00 AM,,,
04/25/2021 09:00:00 AM,,,
04/25/2021 10:00:00 AM,,,
04/25/2021 11:00:00 AM,,,
04/25/2021 12:00:00 PM,,,
04/25/2021 01:00:00 PM,,,
04/25/2021 02:00:00 PM,,,
04/25/2021 03:00:00 PM,,,
04/25/2021 04:00:00 PM,,,
04/25/2021 05:00:00 PM,,,
04/25/2021 06:00:00 PM,,,
04/25/2021 07:00:00 PM,,,
04/25/2021 08:00:00 PM,,,
04/25/2021 09:00:00 PM,,,
04/25/2021 10:00:00 PM,,,
04/25/2021 11:00:00 PM,,,
04/26/2021 12:00:00 AM,,,
04/26/2021 01:00:00 AM,,,
04/26/2021 02:00:00 AM,,,
04/26/2021 03:00:00 AM,,,
04/26/2021 04:00:00 AM,,,
04/26/2021 05:00:00 AM,,,
04/26/2021 06:00:00 AM,,,
04/26/2021 07:00:00 AM,,,
04/26/2021 08:00:00 AM,,,
04/26/2021 09:00:00 AM,,,
04/26/2021 10:00:00 AM,,,
04/26/2021 11:00:00 AM,,,
04/26/2021 12:00:00 PM,,,
04/26/2021 01:00:00 PM,,,
04/26/2021 02:00:00 PM,,,
04/26/2021 03:00:00 PM,,,
04/26/2021 04:00:00 PM,,,
04/26/2021 05:00:00 PM,,,
04/26/2021 06:00:00 PM,,,
04/26/2021 07:00:00 PM,,,
04/26/2021 08:00:00 PM,,,
04/26/2021 09:00:00 PM,,,
04/26/2021 10:00:00 PM,,,
04/26/2021 11:00:00 PM,,,
04/27/2021 12:00:00 AM,,,
04/27/2021 01:00:00 AM,,,
04/27/2021 02:00:00 AM,,,
04/27/2021 03:00:00 AM,,,
04/27/2021 04:00:00 AM,,,
04/27/2021 05:00:00 AM,0,0,0
04/27/2021 06:00:00 AM,0,0,0
04/27/2021 07:00:00 AM,0,0,0
04/27/2021 08:00:00 AM,0,0,0
04/27/2021 09:00:00 AM,0,0,0
04/27/2021 10:00:00 AM,0,0,0
04/27/2021 11:00:00 AM,0,0,0
04/27/2021 12:00:00 PM,0,0,0
04/27/2021 01:00:00 PM,0,0,0
04/27/2021 02:00:00 PM,0,0,0
04/27/2021 03:00:00 PM,0,0,0
04/27/2021 04:00:00 PM,101,28,73
04/27/2021 05:00:00 PM,122,30,92
04/27/2021 06:00:00 PM,65,18,47
04/27/2021 07:00:00 PM,49,19,30
04/27/2021 08:00:00 PM,11,4,7
04/27/2021 09:00:00 PM,10,0,10
04/27/2021 10:00:00 PM,11,5,6
04/27/2021 11:00:00 PM,1,0,1
04/28/2021 12:00:00 AM,2,1,1
04/28/2021 01:00:00 AM,3,1,2
04/28/2021 02:00:00 AM,3,1,2
04/28/2021 03:00:00 AM,2,2,0
04/28/2021 04:00:00 AM,5,5,0
04/28/2021 05:00:00 AM,30,20,10
04/28/2021 06:00:00 AM,73,63,10
04/28/2021 07:00:00 AM,70,63,7
04/28/2021 08:00:00 AM,67,57,10
04/28/2021 09:00:00 AM,50,37,13
04/28/2021 10:00:00 AM,30,22,8
04/28/2021 11:00:00 AM,29,20,9
04/28/2021 12:00:00 PM,48,24,24
04/28/2021 01:00:00 PM,31,16,15
04/28/2021 02:00:00 PM,46,19,27
04/28/2021 03:00:00 PM,69,26,43
04/28/2021 04:00:00 PM,97,23,74
04/28/2021 05:00:00 PM,127,27,100
04/28/2021 06:00:00 PM,79,22,57
04/28/2021 07:00:00 PM,49,15,34
04/28/2021 08:00:00 PM,19,4,15
04/28/2021 09:00:00 PM,16,4,12
04/28/2021 10:00:00 PM,10,3,7
04/28/2021 11:00:00 PM,6,3,3
04/29/2021 12:00:00 AM,4,3,1
04/29/2021 01:00:00 AM,1,0,1
04/29/2021 02:00:00 AM,1,1,0
04/29/2021 03:00:00 AM,0,0,0
04/29/2021 04:00:00 AM,6,4,2
04/29/2021 05:00:00 AM,30,24,6
04/29/2021 06:00:00 AM,72,57,15
04/29/2021 07:00:00 AM,85,73,12
04/29/2021 08:00:00 AM,72,58,14
04/29/2021 09:00:00 AM,59,44,15
04/29/2021 10:00:00 AM,41,27,14
04/29/2021 11:00:00 AM,43,22,21
04/29/2021 12:00:00 PM,38,23,15
04/29/2021 01:00:00 PM,54,24,30
04/29/2021 02:00:00 PM,62,29,33
04/29/2021 03:00:00 PM,83,36,47
04/29/2021 04:00:00 PM,145,44,101
04/29/2021 05:00:00 PM,134,42,92
04/29/2021 06:00:00 PM,114,39,75
04/29/2021 07:00:00 PM,70,26,44
04/29/2021 08:00:00 PM,34,14,20
04/29/2021 09:00:00 PM,26,8,18
04/29/2021 10:00:00 PM,8,1,7
04/29/2021 11:00:00 PM,2,1,1
04/30/2021 12:00:00 AM,3,0,3
04/30/2021 01:00:00 AM,0,0,0
04/30/2021 02:00:00 AM,3,2,1
04/30/2021 03:00:00 AM,3,3,0
04/30/2021 04:00:00 AM,4,3,1
04/30/2021 05:00:00 AM,23,17,6
04/30/2021 06:00:00 AM,51,41,10
04/30/2021 07:00:00 AM,52,43,9
04/30/2021 08:00:00 AM,35,29,6
04/30/2021 09:00:00 AM,20,15,5
04/30/2021 10:00:00 AM,13,10,3
04/30/2021 11:00:00 AM,15,7,8
04/30/2021 12:00:00 PM,18,10,8
04/30/2021 01:00:00 PM,20,10,10
04/30/2021 02:00:00 PM,38,19,19
04/30/2021 03:00:00 PM,58,23,35
04/30/2021 04:00:00 PM,71,24,47
04/30/2021 05:00:00 PM,73,14,59
04/30/2021 06:00:00 PM,61,25,36
04/30/2021 07:00:00 PM,49,13,36
04/30/2021 08:00:00 PM,26,10,16
04/30/2021 09:00:00 PM,13,5,8
04/30/2021 10:00:00 PM,17,9,8
04/30/2021 11:00:00 PM,8,3,5
05/01/2021 12:00:00 AM,4,1,3
05/01/2021 01:00:00 AM,1,1,0
05/01/2021 02:00:00 AM,1,0,1
05/01/2021 03:00:00 AM,1,1,0
05/01/2021 04:00:00 AM,1,1,0
05/01/2021 05:00:00 AM,3,3,0
05/01/2021 06:00:00 AM,10,6,4
05/01/2021 07:00:00 AM,10,7,3
05/01/2021 08:00:00 AM,23,16,7
05/01/2021 09:00:00 AM,40,21,19
05/01/2021 10:00:00 AM,46,26,20
05/01/2021 11:00:00 AM,47,17,30
05/01/2021 12:00:00 PM,61,23,38
05/01/2021 01:00:00 PM,59,33,26
05/01/2021 02:00:00 PM,77,37,40
05/01/2021 03:00:00 PM,53,23,30
05/01/2021 04:00:00 PM,41,22,19
05/01/2021 05:00:00 PM,37,17,20
05/01/2021 06:00:00 PM,17,9,8
05/01/2021 07:00:00 PM,13,4,9
05/01/2021 08:00:00 PM,12,2,10
05/01/2021 09:00:00 PM,13,8,5
05/01/2021 10:00:00 PM,8,2,6
05/01/2021 11:00:00 PM,2,0,2
05/02/2021 12:00:00 AM,4,3,1
05/02/2021 01:00:00 AM,4,0,4
05/02/2021 02:00:00 AM,4,3,1
05/02/2021 03:00:00 AM,2,1,1
05/02/2021 04:00:00 AM,2,2,0
05/02/2021 05:00:00 AM,6,3,3
05/02/2021 06:00:00 AM,14,6,8
05/02/2021 07:00:00 AM,15,13,2
05/02/2021 08:00:00 AM,32,21,11
05/02/2021 09:00:00 AM,38,19,19
05/02/2021 10:00:00 AM,81,43,38
05/02/2021 11:00:00 AM,86,31,55
05/02/2021 12:00:00 PM,87,43,44
05/02/2021 01:00:00 PM,116,62,54
05/02/2021 02:00:00 PM,115,59,56
05/02/2021 03:00:00 PM,101,50,51
05/02/2021 04:00:00 PM,103,48,55
05/02/2021 05:00:00 PM,76,37,39
05/02/2021 06:00:00 PM,57,22,35
05/02/2021 07:00:00 PM,23,14,9
05/02/2021 08:00:00 PM,16,5,11
05/02/2021 09:00:00 PM,7,6,1
05/02/2021 10:00:00 PM,4,1,3
05/02/2021 11:00:00 PM,5,1,4
05/03/2021 12:00:00 AM,3,2,1
05/03/2021 01:00:00 AM,4,2,2
05/03/2021 02:00:00 AM,3,0,3
05/03/2021 03:00:00 AM,1,0,1
05/03/2021 04:00:00 AM,3,3,0
05/03/2021 05:00:00 AM,30,21,9
05/03/2021 06:00:00 AM,60,52,8
05/03/2021 07:00:00 AM,64,58,6
05/03/2021 08:00:00 AM,50,42,8
05/03/2021 09:00:00 AM,38,27,11
05/03/2021 10:00:00 AM,22,13,9
05/03/2021 11:00:00 AM,30,20,10
05/03/2021 12:00:00 PM,19,10,9
05/03/2021 01:00:00 PM,24,10,14
05/03/2021 02:00:00 PM,31,9,22
05/03/2021 03:00:00 PM,43,15,28
05/03/2021 04:00:00 PM,56,9,47
05/03/2021 05:00:00 PM,72,10,62
05/03/2021 06:00:00 PM,34,4,30
05/03/2021 07:00:00 PM,11,5,6
05/03/2021 08:00:00 PM,8,2,6
05/03/2021 09:00:00 PM,9,4,5
05/03/2021 10:00:00 PM,6,2,4
05/03/2021 11:00:00 PM,2,2,0
05/04/2021 12:00:00 AM,6,3,3
05/04/2021 01:00:00 AM,1,0,1
05/04/2021 02:00:00 AM,0,0,0
05/04/2021 03:00:00 AM,1,0,1
05/04/2021 04:00:00 AM,3,2,1
05/04/2021 05:00:00 AM,29,22,7
05/04/2021 06:00:00 AM,51,41,10
05/04/2021 07:00:00 AM,62,56,6
05/04/2021 08:00:00 AM,85,72,13
05/04/2021 09:00:00 AM,50,38,12
05/04/2021 10:00:00 AM,27,19,8
05/04/2021 11:00:00 AM,20,10,10
05/04/2021 12:00:00 PM,30,16,14
05/04/2021 01:00:00 PM,42,21,21
05/04/2021 02:00:00 PM,46,23,23
05/04/2021 03:00:00 PM,81,33,48
05/04/2021 04:00:00 PM,110,44,66
05/04/2021 05:00:00 PM,129,29,100
05/04/2021 06:00:00 PM,113,33,80
05/04/2021 07:00:00 PM,56,23,33
05/04/2021 08:00:00 PM,35,21,14
05/04/2021 09:00:00 PM,19,4,15
05/04/2021 10:00:00 PM,10,4,6
05/04/2021 11:00:00 PM,14,9,5
05/05/2021 12:00:00 AM,4,1,3
05/05/2021 01:00:00 AM,3,1,2
05/05/2021 02:00:00 AM,3,1,2
05/05/2021 03:00:00 AM,3,3,0
05/05/2021 04:00:00 AM,5,4,1
05/05/2021 05:00:00 AM,41,31,10
05/05/2021 06:00:00 AM,64,60,4
05/05/2021 07:00:00 AM,78,69,9
05/05/2021 08:00:00 AM,67,60,7
05/05/2021 09:00:00 AM,50,36,14
05/05/2021 10:00:00 AM,44,24,20
05/05/2021 11:00:00 AM,36,31,5
05/05/2021 12:00:00 PM,32,17,15
05/05/2021 01:00:00 PM,43,19,24
05/05/2021 02:00:00 PM,49,18,31
05/05/2021 03:00:00 PM,92,31,61
05/05/2021 04:00:00 PM,88,21,67
05/05/2021 05:00:00 PM,138,29,109
05/05/2021 06:00:00 PM,92,30,62
05/05/2021 07:00:00 PM,48,14,34
05/05/2021 08:00:00 PM,32,15,17
05/05/2021 09:00:00 PM,13,5,8
05/05/2021 10:00:00 PM,6,3,3
05/05/2021 11:00:00 PM,8,3,5
05/06/2021 12:00:00 AM,5,2,3
05/06/2021 01:00:00 AM,5,3,2
05/06/2021 02:00:00 AM,2,2,0
05/06/2021 03:00:00 AM,4,1,3
05/06/2021 04:00:00 AM,5,5,0
05/06/2021 05:00:00 AM,30,21,9
05/06/2021 06:00:00 AM,52,40,12
05/06/2021 07:00:00 AM,66,52,14
05/06/2021 08:00:00 AM,76,68,8
05/06/2021 09:00:00 AM,39,32,7
05/06/2021 10:00:00 AM,34,22,12
05/06/2021 11:00:00 AM,32,17,15
05/06/2021 12:00:00 PM,32,15,17
05/06/2021 01:00:00 PM,36,19,17
05/06/2021 02:00:00 PM,35,14,21
05/06/2021 03:00:00 PM,57,17,40
05/06/2021 04:00:00 PM,74,15,59
05/06/2021 05:00:00 PM,84,24,60
05/06/2021 06:00:00 PM,59,11,48
05/06/2021 07:00:00 PM,31,13,18
05/06/2021 08:00:00 PM,22,10,12
05/06/2021 09:00:00 PM,10,3,7
05/06/2021 10:00:00 PM,5,2,3
05/06/2021 11:00:00 PM,9,0,9
05/07/2021 12:00:00 AM,3,3,0
05/07/2021 01:00:00 AM,0,0,0
05/07/2021 02:00:00 AM,1,1,0
05/07/2021 03:00:00 AM,1,0,1
05/07/2021 04:00:00 AM,2,2,0
05/07/2021 05:00:00 AM,32,23,9
05/07/2021 06:00:00 AM,36,29,7
05/07/2021 07:00:00 AM,49,41,8
05/07/2021 08:00:00 AM,41,36,5
05/07/2021 09:00:00 AM,36,28,8
05/07/2021 10:00:00 AM,24,15,9
05/07/2021 11:00:00 AM,20,11,9
05/07/2021 12:00:00 PM,31,15,16
05/07/2021 01:00:00 PM,19,6,13
05/07/2021 02:00:00 PM,25,9,16
05/07/2021 03:00:00 PM,42,16,26
05/07/2021 04:00:00 PM,55,18,37
05/07/2021 05:00:00 PM,68,20,48
05/07/2021 06:00:00 PM,42,8,34
05/07/2021 07:00:00 PM,28,7,21
05/07/2021 08:00:00 PM,18,7,11
05/07/2021 09:00:00 PM,10,7,3
05/07/2021 10:00:00 PM,3,1,2
05/07/2021 11:00:00 PM,3,0,3
05/08/2021 12:00:00 AM,,,
05/08/2021 01:00:00 AM,,,
05/08/2021 02:00:00 AM,,,
05/08/2021 03:00:00 AM,,,
05/08/2021 04:00:00 AM,,,
05/08/2021 05:00:00 AM,,,
05/08/2021 06:00:00 AM,,,
05/08/2021 07:00:00 AM,,,
05/08/2021 08:00:00 AM,,,
05/08/2021 09:00:00 AM,,,
05/08/2021 10:00:00 AM,,,
05/08/2021 11:00:00 AM,,,
05/08/2021 12:00:00 PM,,,
05/08/2021 01:00:00 PM,,,
05/08/2021 02:00:00 PM,,,
05/08/2021 03:00:00 PM,,,
05/08/2021 04:00:00 PM,,,
05/08/2021 05:00:00 PM,,,
05/08/2021 06:00:00 PM,,,
05/08/2021 07:00:00 PM,,,
05/08/2021 08:00:00 PM,,,
05/08/2021 09:00:00 PM,,,
05/08/2021 10:00:00 PM,,,
05/08/2021 11:00:00 PM,,,
05/09/2021 12:00:00 AM,,,
05/09/2021 01:00:00 AM,,,
05/09/2021 02:00:00 AM,,,
05/09/2021 03:00:00 AM,,,
05/09/2021 04:00:00 AM,,,
05/09/2021 05:00:00 AM,,,
05/09/2021 06:00:00 AM,,,
05/09/2021 07:00:00 AM,,,
05/09/2021 08:00:00 AM,,,
05/09/2021 09:00:00 AM,,,
05/09/2021 10:00:00 AM,,,
05/09/2021 11:00:00 AM,,,
05/09/2021 12:00:00 PM,,,
05/09/2021 01:00:00 PM,,,
05/09/2021 02:00:00 PM,,,
05/09/2021 03:00:00 PM,,,
05/09/2021 04:00:00 PM,,,
05/09/2021 05:00:00 PM,,,
05/09/2021 06:00:00 PM,,,
05/09/2021 07:00:00 PM,,,
05/09/2021 08:00:00 PM,,,
05/09/2021 09:00:00 PM,,,
05/09/2021 10:00:00 PM,,,
05/09/2021 11:00:00 PM,,,
05/10/2021 12:00:00 AM,0,0,0
05/10/2021 01:00:00 AM,0,0,0
05/10/2021 02:00:00 AM,0,0,0
05/10/2021 03:00:00 AM,0,0,0
05/10/2021 04:00:00 AM,0,0,0
05/10/2021 05:00:00 AM,0,0,0
05/10/2021 06:00:00 AM,0,0,0
05/10/2021 07:00:00 AM,0,0,0
05/10/2021 08:00:00 AM,0,0,0
05/10/2021 09:00:00 AM,0,0,0
05/10/2021 10:00:00 AM,0,0,0
05/10/2021 11:00:00 AM,0,0,0
05/10/2021 12:00:00 PM,0,0,0
05/10/2021 01:00:00 PM,0,0,0
05/10/2021 02:00:00 PM,0,0,0
05/10/2021 03:00:00 PM,0,0,0
05/10/2021 04:00:00 PM,0,0,0
05/10/2021 05:00:00 PM,0,0,0
05/10/2021 06:00:00 PM,0,0,0
05/10/2021 07:00:00 PM,0,0,0
05/10/2021 08:00:00 PM,0,0,0
05/10/2021 09:00:00 PM,0,0,0
05/10/2021 10:00:00 PM,0,0,0
05/10/2021 11:00:00 PM,0,0,0
05/11/2021 12:00:00 AM,0,0,0
05/11/2021 01:00:00 AM,0,0,0
05/11/2021 02:00:00 AM,0,0,0
05/11/2021 03:00:00 AM,0,0,0
05/11/2021 04:00:00 AM,0,0,0
05/11/2021 05:00:00 AM,,,
05/11/2021 06:00:00 AM,,,
05/11/2021 07:00:00 AM,,,
05/11/2021 08:00:00 AM,,,
05/11/2021 09:00:00 AM,,,
05/11/2021 10:00:00 AM,,,
05/11/2021 11:00:00 AM,,,
05/11/2021 12:00:00 PM,,,
05/11/2021 01:00:00 PM,,,
05/11/2021 02:00:00 PM,,,
05/11/2021 03:00:00 PM,,,
05/11/2021 04:00:00 PM,,,
05/11/2021 05:00:00 PM,,,
05/11/2021 06:00:00 PM,,,
05/11/2021 07:00:00 PM,,,
05/11/2021 08:00:00 PM,,,
05/11/2021 09:00:00 PM,,,
05/11/2021 10:00:00 PM,,,
05/11/2021 11:00:00 PM,,,
05/12/2021 12:00:00 AM,,,
05/12/2021 01:00:00 AM,,,
05/12/2021 02:00:00 AM,,,
05/12/2021 03:00:00 AM,,,
05/12/2021 04:00:00 AM,,,
05/12/2021 05:00:00 AM,,,
05/12/2021 06:00:00 AM,,,
05/12/2021 07:00:00 AM,,,
05/12/2021 08:00:00 AM,,,
05/12/2021 09:00:00 AM,,,
05/12/2021 10:00:00 AM,,,
05/12/2021 11:00:00 AM,,,
05/12/2021 12:00:00 PM,,,
05/12/2021 01:00:00 PM,,,
05/12/2021 02:00:00 PM,,,
05/12/2021 03:00:00 PM,,,
05/12/2021 04:00:00 PM,,,
05/12/2021 05:00:00 PM,,,
05/12/2021 06:00:00 PM,,,
05/12/2021 07:00:00 PM,,,
05/12/2021 08:00:00 PM,,,
05/12/2021 09:00:00 PM,,,
05/12/2021 10:00:00 PM,,,
05/12/2021 11:00:00 PM,,,
05/13/2021 12:00:00 AM,,,
05/13/2021 01:00:00 AM,,,
05/13/2021 02:00:00 AM,,,
05/13/2021 03:00:00 AM,,,
05/13/2021 04:00:00 AM,,,
05/13/2021 05:00:00 AM,,,
05/13/2021 06:00:00 AM,,,
05/13/2021 07:00:00 AM,,,
05/13/2021 08:00:00 AM,,,
05/13/2021 09:00:00 AM,,,
05/13/2021 10:00:00 AM,,,
05/13/2021 11:00:00 AM,,,
05/13/2021 12:00:00 PM,,,
05/13/2021 01:00:00 PM,,,
05/13/2021 02:00:00 PM,,,
05/13/2021 03:00:00 PM,,,
05/13/2021 04:00:00 PM,,,
05/13/2021 05:00:00 PM,,,
05/13/2021 06:00:00 PM,,,
05/13/2021 07:00:00 PM,,,
05/13/2021 08:00:00 PM,,,
05/13/2021 09:00:00 PM,,,
05/13/2021 10:00:00 PM,,,
05/13/2021 11:00:00 PM,,,
05/14/2021 12:00:00 AM,,,
05/14/2021 01:00:00 AM,,,
05/14/2021 02:00:00 AM,,,
05/14/2021 03:00:00 AM,,,
05/14/2021 04:00:00 AM,,,
05/14/2021 05:00:00 AM,,,
05/14/2021 06:00:00 AM,,,
05/14/2021 07:00:00 AM,,,
05/14/2021 08:00:00 AM,,,
05/14/2021 09:00:00 AM,,,
05/14/2021 10:00:00 AM,,,
05/14/2021 11:00:00 AM,,,
05/14/2021 12:00:00 PM,,,
05/14/2021 01:00:00 PM,,,
05/14/2021 02:00:00 PM,,,
05/14/2021 03:00:00 PM,,,
05/14/2021 04:00:00 PM,,,
05/14/2021 05:00:00 PM,,,
05/14/2021 06:00:00 PM,,,
05/14/2021 07:00:00 PM,,,
05/14/2021 08:00:00 PM,,,
05/14/2021 09:00:00 PM,,,
05/14/2021 10:00:00 PM,,,
05/14/2021 11:00:00 PM,,,
05/15/2021 12:00:00 AM,,,
05/15/2021 01:00:00 AM,,,
05/15/2021 02:00:00 AM,,,
05/15/2021 03:00:00 AM,,,
05/15/2021 04:00:00 AM,,,
05/15/2021 05:00:00 AM,,,
05/15/2021 06:00:00 AM,,,
05/15/2021 07:00:00 AM,,,
05/15/2021 08:00:00 AM,,,
05/15/2021 09:00:00 AM,,,
05/15/2021 10:00:00 AM,,,
05/15/2021 11:00:00 AM,,,
05/15/2021 12:00:00 PM,,,
05/15/2021 01:00:00 PM,,,
05/15/2021 02:00:00 PM,,,
05/15/2021 03:00:00 PM,,,
05/15/2021 04:00:00 PM,,,
05/15/2021 05:00:00 PM,,,
05/15/2021 06:00:00 PM,,,
05/15/2021 07:00:00 PM,,,
05/15/2021 08:00:00 PM,,,
05/15/2021 09:00:00 PM,,,
05/15/2021 10:00:00 PM,,,
05/15/2021 11:00:00 PM,,,
05/16/2021 12:00:00 AM,,,
05/16/2021 01:00:00 AM,,,
05/16/2021 02:00:00 AM,,,
05/16/2021 03:00:00 AM,,,
05/16/2021 04:00:00 AM,,,
05/16/2021 05:00:00 AM,,,
05/16/2021 06:00:00 AM,,,
05/16/2021 07:00:00 AM,,,
05/16/2021 08:00:00 AM,,,
05/16/2021 09:00:00 AM,,,
05/16/2021 10:00:00 AM,,,
05/16/2021 11:00:00 AM,,,
05/16/2021 12:00:00 PM,,,
05/16/2021 01:00:00 PM,,,
05/16/2021 02:00:00 PM,,,
05/16/2021 03:00:00 PM,,,
05/16/2021 04:00:00 PM,,,
05/16/2021 05:00:00 PM,,,
05/16/2021 06:00:00 PM,,,
05/16/2021 07:00:00 PM,,,
05/16/2021 08:00:00 PM,,,
05/16/2021 09:00:00 PM,,,
05/16/2021 10:00:00 PM,,,
05/16/2021 11:00:00 PM,,,
05/17/2021 12:00:00 AM,,,
05/17/2021 01:00:00 AM,,,
05/17/2021 02:00:00 AM,,,
05/17/2021 03:00:00 AM,,,
05/17/2021 04:00:00 AM,,,
05/17/2021 05:00:00 AM,,,
05/17/2021 06:00:00 AM,,,
05/17/2021 07:00:00 AM,,,
05/17/2021 08:00:00 AM,,,
05/17/2021 09:00:00 AM,,,
05/17/2021 10:00:00 AM,,,
05/17/2021 11:00:00 AM,,,
05/17/2021 12:00:00 PM,,,
05/17/2021 01:00:00 PM,,,
05/17/2021 02:00:00 PM,,,
05/17/2021 03:00:00 PM,,,
05/17/2021 04:00:00 PM,,,
05/17/2021 05:00:00 PM,,,
05/17/2021 06:00:00 PM,,,
05/17/2021 07:00:00 PM,,,
05/17/2021 08:00:00 PM,,,
05/17/2021 09:00:00 PM,,,
05/17/2021 10:00:00 PM,,,
05/17/2021 11:00:00 PM,,,
05/18/2021 12:00:00 AM,,,
05/18/2021 01:00:00 AM,,,
05/18/2021 02:00:00 AM,,,
05/18/2021 03:00:00 AM,,,
05/18/2021 04:00:00 AM,,,
05/18/2021 05:00:00 AM,,,
05/18/2021 06:00:00 AM,,,
05/18/2021 07:00:00 AM,,,
05/18/2021 08:00:00 AM,,,
05/18/2021 09:00:00 AM,,,
05/18/2021 10:00:00 AM,,,
05/18/2021 11:00:00 AM,,,
05/18/2021 12:00:00 PM,,,
05/18/2021 01:00:00 PM,,,
05/18/2021 02:00:00 PM,,,
05/18/2021 03:00:00 PM,,,
05/18/2021 04:00:00 PM,,,
05/18/2021 05:00:00 PM,,,
05/18/2021 06:00:00 PM,,,
05/18/2021 07:00:00 PM,,,
05/18/2021 08:00:00 PM,,,
05/18/2021 09:00:00 PM,,,
05/18/2021 10:00:00 PM,,,
05/18/2021 11:00:00 PM,,,
05/19/2021 12:00:00 AM,,,
05/19/2021 01:00:00 AM,,,
05/19/2021 02:00:00 AM,,,
05/19/2021 03:00:00 AM,,,
05/19/2021 04:00:00 AM,,,
05/19/2021 05:00:00 AM,,,
05/19/2021 06:00:00 AM,,,
05/19/2021 07:00:00 AM,,,
05/19/2021 08:00:00 AM,,,
05/19/2021 09:00:00 AM,,,
05/19/2021 10:00:00 AM,,,
05/19/2021 11:00:00 AM,,,
05/19/2021 12:00:00 PM,,,
05/19/2021 01:00:00 PM,,,
05/19/2021 02:00:00 PM,,,
05/19/2021 03:00:00 PM,,,
05/19/2021 04:00:00 PM,,,
05/19/2021 05:00:00 PM,,,
05/19/2021 06:00:00 PM,,,
05/19/2021 07:00:00 PM,,,
05/19/2021 08:00:00 PM,,,
05/19/2021 09:00:00 PM,,,
05/19/2021 10:00:00 PM,,,
05/19/2021 11:00:00 PM,,,
05/20/2021 12:00:00 AM,,,
05/20/2021 01:00:00 AM,,,
05/20/2021 02:00:00 AM,,,
05/20/2021 03:00:00 AM,,,
05/20/2021 04:00:00 AM,,,
05/20/2021 05:00:00 AM,,,
05/20/2021 06:00:00 AM,,,
05/20/2021 07:00:00 AM,,,
05/20/2021 08:00:00 AM,,,
05/20/2021 09:00:00 AM,,,
05/20/2021 10:00:00 AM,,,
05/20/2021 11:00:00 AM,,,
05/20/2021 12:00:00 PM,,,
05/20/2021 01:00:00 PM,,,
05/20/2021 02:00:00 PM,,,
05/20/2021 03:00:00 PM,,,
05/20/2021 04:00:00 PM,,,
05/20/2021 05:00:00 PM,,,
05/20/2021 06:00:00 PM,,,
05/20/2021 07:00:00 PM,,,
05/20/2021 08:00:00 PM,,,
05/20/2021 09:00:00 PM,,,
05/20/2021 10:00:00 PM,,,
05/20/2021 11:00:00 PM,,,
05/21/2021 12:00:00 AM,,,
05/21/2021 01:00:00 AM,,,
05/21/2021 02:00:00 AM,,,
05/21/2021 03:00:00 AM,,,
05/21/2021 04:00:00 AM,,,
05/21/2021 05:00:00 AM,,,
05/21/2021 06:00:00 AM,,,
05/21/2021 07:00:00 AM,,,
05/21/2021 08:00:00 AM,,,
05/21/2021 09:00:00 AM,,,
05/21/2021 10:00:00 AM,,,
05/21/2021 11:00:00 AM,,,
05/21/2021 12:00:00 PM,,,
05/21/2021 01:00:00 PM,,,
05/21/2021 02:00:00 PM,,,
05/21/2021 03:00:00 PM,,,
05/21/2021 04:00:00 PM,,,
05/21/2021 05:00:00 PM,,,
05/21/2021 06:00:00 PM,,,
05/21/2021 07:00:00 PM,,,
05/21/2021 08:00:00 PM,,,
05/21/2021 09:00:00 PM,,,
05/21/2021 10:00:00 PM,,,
05/21/2021 11:00:00 PM,,,
05/22/2021 12:00:00 AM,,,
05/22/2021 01:00:00 AM,,,
05/22/2021 02:00:00 AM,,,
05/22/2021 03:00:00 AM,,,
05/22/2021 04:00:00 AM,,,
05/22/2021 05:00:00 AM,,,
05/22/2021 06:00:00 AM,,,
05/22/2021 07:00:00 AM,,,
05/22/2021 08:00:00 AM,,,
05/22/2021 09:00:00 AM,,,
05/22/2021 10:00:00 AM,,,
05/22/2021 11:00:00 AM,,,
05/22/2021 12:00:00 PM,,,
05/22/2021 01:00:00 PM,,,
05/22/2021 02:00:00 PM,,,
05/22/2021 03:00:00 PM,,,
05/22/2021 04:00:00 PM,,,
05/22/2021 05:00:00 PM,,,
05/22/2021 06:00:00 PM,,,
05/22/2021 07:00:00 PM,,,
05/22/2021 08:00:00 PM,,,
05/22/2021 09:00:00 PM,,,
05/22/2021 10:00:00 PM,,,
05/22/2021 11:00:00 PM,,,
05/23/2021 12:00:00 AM,,,
05/23/2021 01:00:00 AM,,,
05/23/2021 02:00:00 AM,,,
05/23/2021 03:00:00 AM,,,
05/23/2021 04:00:00 AM,,,
05/23/2021 05:00:00 AM,,,
05/23/2021 06:00:00 AM,,,
05/23/2021 07:00:00 AM,,,
05/23/2021 08:00:00 AM,,,
05/23/2021 09:00:00 AM,,,
05/23/2021 10:00:00 AM,,,
05/23/2021 11:00:00 AM,,,
05/23/2021 12:00:00 PM,,,
05/23/2021 01:00:00 PM,,,
05/23/2021 02:00:00 PM,,,
05/23/2021 03:00:00 PM,,,
05/23/2021 04:00:00 PM,,,
05/23/2021 05:00:00 PM,,,
05/23/2021 06:00:00 PM,,,
05/23/2021 07:00:00 PM,,,
05/23/2021 08:00:00 PM,,,
05/23/2021 09:00:00 PM,,,
05/23/2021 10:00:00 PM,,,
05/23/2021 11:00:00 PM,,,
05/24/2021 12:00:00 AM,,,
05/24/2021 01:00:00 AM,,,
05/24/2021 02:00:00 AM,,,
05/24/2021 03:00:00 AM,,,
05/24/2021 04:00:00 AM,,,
05/24/2021 05:00:00 AM,,,
05/24/2021 06:00:00 AM,,,
05/24/2021 07:00:00 AM,,,
05/24/2021 08:00:00 AM,,,
05/24/2021 09:00:00 AM,,,
05/24/2021 10:00:00 AM,,,
05/24/2021 11:00:00 AM,,,
05/24/2021 12:00:00 PM,,,
05/24/2021 01:00:00 PM,,,
05/24/2021 02:00:00 PM,,,
05/24/2021 03:00:00 PM,,,
05/24/2021 04:00:00 PM,,,
05/24/2021 05:00:00 PM,,,
05/24/2021 06:00:00 PM,,,
05/24/2021 07:00:00 PM,,,
05/24/2021 08:00:00 PM,,,
05/24/2021 09:00:00 PM,,,
05/24/2021 10:00:00 PM,,,
05/24/2021 11:00:00 PM,,,
05/25/2021 12:00:00 AM,,,
05/25/2021 01:00:00 AM,,,
05/25/2021 02:00:00 AM,,,
05/25/2021 03:00:00 AM,,,
05/25/2021 04:00:00 AM,,,
05/25/2021 05:00:00 AM,,,
05/25/2021 06:00:00 AM,,,
05/25/2021 07:00:00 AM,,,
05/25/2021 08:00:00 AM,,,
05/25/2021 09:00:00 AM,,,
05/25/2021 10:00:00 AM,,,
05/25/2021 11:00:00 AM,,,
05/25/2021 12:00:00 PM,,,
05/25/2021 01:00:00 PM,,,
05/25/2021 02:00:00 PM,,,
05/25/2021 03:00:00 PM,,,
05/25/2021 04:00:00 PM,,,
05/25/2021 05:00:00 PM,,,
05/25/2021 06:00:00 PM,,,
05/25/2021 07:00:00 PM,,,
05/25/2021 08:00:00 PM,,,
05/25/2021 09:00:00 PM,,,
05/25/2021 10:00:00 PM,,,
05/25/2021 11:00:00 PM,,,
05/26/2021 12:00:00 AM,,,
05/26/2021 01:00:00 AM,,,
05/26/2021 02:00:00 AM,,,
05/26/2021 03:00:00 AM,,,
05/26/2021 04:00:00 AM,,,
05/26/2021 05:00:00 AM,,,
05/26/2021 06:00:00 AM,,,
05/26/2021 07:00:00 AM,,,
05/26/2021 08:00:00 AM,,,
05/26/2021 09:00:00 AM,,,
05/26/2021 10:00:00 AM,,,
05/26/2021 11:00:00 AM,,,
05/26/2021 12:00:00 PM,,,
05/26/2021 01:00:00 PM,,,
05/26/2021 02:00:00 PM,,,
05/26/2021 03:00:00 PM,,,
05/26/2021 04:00:00 PM,,,
05/26/2021 05:00:00 PM,,,
05/26/2021 06:00:00 PM,,,
05/26/2021 07:00:00 PM,,,
05/26/2021 08:00:00 PM,,,
05/26/2021 09:00:00 PM,,,
05/26/2021 10:00:00 PM,,,
05/26/2021 11:00:00 PM,,,
05/27/2021 12:00:00 AM,,,
05/27/2021 01:00:00 AM,,,
05/27/2021 02:00:00 AM,,,
05/27/2021 03:00:00 AM,,,
05/27/2021 04:00:00 AM,,,
05/27/2021 05:00:00 AM,,,
05/27/2021 06:00:00 AM,,,
05/27/2021 07:00:00 AM,,,
05/27/2021 08:00:00 AM,,,
05/27/2021 09:00:00 AM,,,
05/27/2021 10:00:00 AM,,,
05/27/2021 11:00:00 AM,,,
05/27/2021 12:00:00 PM,,,
05/27/2021 01:00:00 PM,,,
05/27/2021 02:00:00 PM,,,
05/27/2021 03:00:00 PM,,,
05/27/2021 04:00:00 PM,,,
05/27/2021 05:00:00 PM,,,
05/27/2021 06:00:00 PM,,,
05/27/2021 07:00:00 PM,,,
05/27/2021 08:00:00 PM,,,
05/27/2021 09:00:00 PM,,,
05/27/2021 10:00:00 PM,,,
05/27/2021 11:00:00 PM,,,
05/28/2021 12:00:00 AM,0,0,0
05/28/2021 01:00:00 AM,0,0,0
05/28/2021 02:00:00 AM,0,0,0
05/28/2021 03:00:00 AM,0,0,0
05/28/2021 04:00:00 AM,0,0,0
05/28/2021 05:00:00 AM,0,0,0
05/28/2021 06:00:00 AM,0,0,0
05/28/2021 07:00:00 AM,0,0,0
05/28/2021 08:00:00 AM,0,0,0
05/28/2021 09:00:00 AM,0,0,0
05/28/2021 10:00:00 AM,0,0,0
05/28/2021 11:00:00 AM,0,0,0
05/28/2021 12:00:00 PM,0,0,0
05/28/2021 01:00:00 PM,0,0,0
05/28/2021 02:00:00 PM,0,0,0
05/28/2021 03:00:00 PM,1,0,1
05/28/2021 04:00:00 PM,15,8,7
05/28/2021 05:00:00 PM,84,60,24
05/28/2021 06:00:00 PM,58,32,26
05/28/2021 07:00:00 PM,34,26,8
05/28/2021 08:00:00 PM,34,22,12
05/28/2021 09:00:00 PM,20,14,6
05/28/2021 10:00:00 PM,13,7,6
05/28/2021 11:00:00 PM,2,1,1
05/29/2021 12:00:00 AM,6,6,0
05/29/2021 01:00:00 AM,0,0,0
05/29/2021 02:00:00 AM,1,0,1
05/29/2021 03:00:00 AM,0,0,0
05/29/2021 04:00:00 AM,2,0,2
05/29/2021 05:00:00 AM,3,1,2
05/29/2021 06:00:00 AM,12,2,10
05/29/2021 07:00:00 AM,11,3,8
05/29/2021 08:00:00 AM,56,29,27
05/29/2021 09:00:00 AM,52,20,32
05/29/2021 10:00:00 AM,54,16,38
05/29/2021 11:00:00 AM,84,47,37
05/29/2021 12:00:00 PM,103,69,34
05/29/2021 01:00:00 PM,126,68,58
05/29/2021 02:00:00 PM,102,53,49
05/29/2021 03:00:00 PM,66,35,31
05/29/2021 04:00:00 PM,98,44,54
05/29/2021 05:00:00 PM,63,28,35
05/29/2021 06:00:00 PM,49,24,25
05/29/2021 07:00:00 PM,27,19,8
05/29/2021 08:00:00 PM,19,10,9
05/29/2021 09:00:00 PM,21,10,11
05/29/2021 10:00:00 PM,19,13,6
05/29/2021 11:00:00 PM,7,7,0
05/30/2021 12:00:00 AM,15,4,11
05/30/2021 01:00:00 AM,3,3,0
05/30/2021 02:00:00 AM,1,1,0
05/30/2021 03:00:00 AM,0,0,0
05/30/2021 04:00:00 AM,5,2,3
05/30/2021 05:00:00 AM,2,0,2
05/30/2021 06:00:00 AM,11,5,6
05/30/2021 07:00:00 AM,27,10,17
05/30/2021 08:00:00 AM,30,17,13
05/30/2021 09:00:00 AM,45,19,26
05/30/2021 10:00:00 AM,86,42,44
05/30/2021 11:00:00 AM,66,33,33
05/30/2021 12:00:00 PM,83,39,44
05/30/2021 01:00:00 PM,81,29,52
05/30/2021 02:00:00 PM,57,27,30
05/30/2021 03:00:00 PM,71,51,20
05/30/2021 04:00:00 PM,68,32,36
05/30/2021 05:00:00 PM,39,17,22
05/30/2021 06:00:00 PM,40,19,21
05/30/2021 07:00:00 PM,62,38,24
05/30/2021 08:00:00 PM,18,12,6
05/30/2021 09:00:00 PM,8,3,5
05/30/2021 10:00:00 PM,8,5,3
05/30/2021 11:00:00 PM,7,5,2
05/31/2021 12:00:00 AM,5,3,2
05/31/2021 01:00:00 AM,3,2,1
05/31/2021 02:00:00 AM,1,1,0
05/31/2021 03:00:00 AM,6,2,4
05/31/2021 04:00:00 AM,2,1,1
05/31/2021 05:00:00 AM,4,2,2
05/31/2021 06:00:00 AM,14,5,9
05/31/2021 07:00:00 AM,16,6,10
05/31/2021 08:00:00 AM,27,13,14
05/31/2021 09:00:00 AM,52,15,37
05/31/2021 10:00:00 AM,65,33,32
05/31/2021 11:00:00 AM,99,45,54
05/31/2021 12:00:00 PM,127,57,70
05/31/2021 01:00:00 PM,98,54,44
05/31/2021 02:00:00 PM,116,61,55
05/31/2021 03:00:00 PM,81,43,38
05/31/2021 04:00:00 PM,85,45,40
05/31/2021 05:00:00 PM,72,42,30
05/31/2021 06:00:00 PM,51,32,19
05/31/2021 07:00:00 PM,22,11,11
05/31/2021 08:00:00 PM,24,14,10
05/31/2021 09:00:00 PM,13,7,6
05/31/2021 10:00:00 PM,5,3,2
05/31/2021 11:00:00 PM,10,6,4
06/01/2021 12:00:00 AM,6,3,3
06/01/2021 01:00:00 AM,2,1,1
06/01/2021 02:00:00 AM,3,1,2
06/01/2021 03:00:00 AM,2,1,1
06/01/2021 04:00:00 AM,7,1,6
06/01/2021 05:00:00 AM,29,4,25
06/01/2021 06:00:00 AM,82,8,74
06/01/2021 07:00:00 AM,106,12,94
06/01/2021 08:00:00 AM,84,14,70
06/01/2021 09:00:00 AM,49,9,40
06/01/2021 10:00:00 AM,30,12,18
06/01/2021 11:00:00 AM,37,9,28
06/01/2021 12:00:00 PM,37,23,14
06/01/2021 01:00:00 PM,38,20,18
06/01/2021 02:00:00 PM,54,32,22
06/01/2021 03:00:00 PM,94,61,33
06/01/2021 04:00:00 PM,116,85,31
06/01/2021 05:00:00 PM,150,113,37
06/01/2021 06:00:00 PM,83,59,24
06/01/2021 07:00:00 PM,51,39,12
06/01/2021 08:00:00 PM,26,15,11
06/01/2021 09:00:00 PM,19,11,8
06/01/2021 10:00:00 PM,13,11,2
06/01/2021 11:00:00 PM,11,8,3
06/02/2021 12:00:00 AM,3,1,2
06/02/2021 01:00:00 AM,2,1,1
06/02/2021 02:00:00 AM,4,1,3
06/02/2021 03:00:00 AM,1,0,1
06/02/2021 04:00:00 AM,10,1,9
06/02/2021 05:00:00 AM,30,4,26
06/02/2021 06:00:00 AM,73,7,66
06/02/2021 07:00:00 AM,108,11,97
06/02/2021 08:00:00 AM,85,14,71
06/02/2021 09:00:00 AM,42,10,32
06/02/2021 10:00:00 AM,38,20,18
06/02/2021 11:00:00 AM,49,22,27
06/02/2021 12:00:00 PM,34,15,19
06/02/2021 01:00:00 PM,52,33,19
06/02/2021 02:00:00 PM,50,26,24
06/02/2021 03:00:00 PM,82,58,24
06/02/2021 04:00:00 PM,111,81,30
06/02/2021 05:00:00 PM,139,111,28
06/02/2021 06:00:00 PM,78,55,23
06/02/2021 07:00:00 PM,66,50,16
06/02/2021 08:00:00 PM,51,18,33
06/02/2021 09:00:00 PM,34,12,22
06/02/2021 10:00:00 PM,10,8,2
06/02/2021 11:00:00 PM,8,8,0
06/03/2021 12:00:00 AM,3,3,0
06/03/2021 01:00:00 AM,3,0,3
06/03/2021 02:00:00 AM,4,1,3
06/03/2021 03:00:00 AM,5,3,2
06/03/2021 04:00:00 AM,5,0,5
06/03/2021 05:00:00 AM,40,9,31
06/03/2021 06:00:00 AM,69,8,61
06/03/2021 07:00:00 AM,89,10,79
06/03/2021 08:00:00 AM,90,15,75
06/03/2021 09:00:00 AM,45,10,35
06/03/2021 10:00:00 AM,36,6,30
06/03/2021 11:00:00 AM,40,17,23
06/03/2021 12:00:00 PM,54,28,26
06/03/2021 01:00:00 PM,29,20,9
06/03/2021 02:00:00 PM,74,44,30
06/03/2021 03:00:00 PM,79,44,35
06/03/2021 04:00:00 PM,128,96,32
06/03/2021 05:00:00 PM,142,105,37
06/03/2021 06:00:00 PM,108,78,30
06/03/2021 07:00:00 PM,59,36,23
06/03/2021 08:00:00 PM,33,16,17
06/03/2021 09:00:00 PM,21,13,8
06/03/2021 10:00:00 PM,10,4,6
06/03/2021 11:00:00 PM,5,5,0
06/04/2021 12:00:00 AM,1,0,1
06/04/2021 01:00:00 AM,0,0,0
06/04/2021 02:00:00 AM,2,0,2
06/04/2021 03:00:00 AM,2,2,0
06/04/2021 04:00:00 AM,4,0,4
06/04/2021 05:00:00 AM,30,4,26
06/04/2021 06:00:00 AM,56,6,50
06/04/2021 07:00:00 AM,83,12,71
06/04/2021 08:00:00 AM,74,12,62
06/04/2021 09:00:00 AM,44,9,35
06/04/2021 10:00:00 AM,47,21,26
06/04/2021 11:00:00 AM,36,19,17
06/04/2021 12:00:00 PM,35,12,23
06/04/2021 01:00:00 PM,60,32,28
06/04/2021 02:00:00 PM,49,28,21
06/04/2021 03:00:00 PM,72,42,30
06/04/2021 04:00:00 PM,101,69,32
06/04/2021 05:00:00 PM,111,93,18
06/04/2021 06:00:00 PM,61,40,21
06/04/2021 07:00:00 PM,48,30,18
06/04/2021 08:00:00 PM,24,14,10
06/04/2021 09:00:00 PM,20,19,1
06/04/2021 10:00:00 PM,5,4,1
06/04/2021 11:00:00 PM,3,2,1
06/05/2021 12:00:00 AM,8,4,4
06/05/2021 01:00:00 AM,2,0,2
06/05/2021 02:00:00 AM,2,0,2
06/05/2021 03:00:00 AM,0,0,0
06/05/2021 04:00:00 AM,3,1,2
06/05/2021 05:00:00 AM,5,2,3
06/05/2021 06:00:00 AM,7,0,7
06/05/2021 07:00:00 AM,15,7,8
06/05/2021 08:00:00 AM,28,9,19
06/05/2021 09:00:00 AM,39,23,16
06/05/2021 10:00:00 AM,32,14,18
06/05/2021 11:00:00 AM,69,34,35
06/05/2021 12:00:00 PM,81,45,36
06/05/2021 01:00:00 PM,55,25,30
06/05/2021 02:00:00 PM,71,34,37
06/05/2021 03:00:00 PM,53,33,20
06/05/2021 04:00:00 PM,35,18,17
06/05/2021 05:00:00 PM,33,18,15
06/05/2021 06:00:00 PM,31,17,14
06/05/2021 07:00:00 PM,19,10,9
06/05/2021 08:00:00 PM,17,12,5
06/05/2021 09:00:00 PM,7,5,2
06/05/2021 10:00:00 PM,4,4,0
06/05/2021 11:00:00 PM,3,2,1
06/06/2021 12:00:00 AM,6,3,3
06/06/2021 01:00:00 AM,2,1,1
06/06/2021 02:00:00 AM,1,1,0
06/06/2021 03:00:00 AM,1,0,1
06/06/2021 04:00:00 AM,3,1,2
06/06/2021 05:00:00 AM,3,1,2
06/06/2021 06:00:00 AM,14,4,10
06/06/2021 07:00:00 AM,6,3,3
06/06/2021 08:00:00 AM,21,6,15
06/06/2021 09:00:00 AM,34,18,16
06/06/2021 10:00:00 AM,29,9,20
06/06/2021 11:00:00 AM,34,8,26
06/06/2021 12:00:00 PM,20,9,11
06/06/2021 01:00:00 PM,20,13,7
06/06/2021 02:00:00 PM,18,7,11
06/06/2021 03:00:00 PM,7,4,3
06/06/2021 04:00:00 PM,13,4,9
06/06/2021 05:00:00 PM,16,9,7
06/06/2021 06:00:00 PM,4,1,3
06/06/2021 07:00:00 PM,9,7,2
06/06/2021 08:00:00 PM,13,9,4
06/06/2021 09:00:00 PM,1,1,0
06/06/2021 10:00:00 PM,4,1,3
06/06/2021 11:00:00 PM,2,1,1
06/07/2021 12:00:00 AM,1,1,0
06/07/2021 01:00:00 AM,1,1,0
06/07/2021 02:00:00 AM,0,0,0
06/07/2021 03:00:00 AM,0,0,0
06/07/2021 04:00:00 AM,3,0,3
06/07/2021 05:00:00 AM,18,4,14
06/07/2021 06:00:00 AM,45,4,41
06/07/2021 07:00:00 AM,66,6,60
06/07/2021 08:00:00 AM,67,11,56
06/07/2021 09:00:00 AM,40,9,31
06/07/2021 10:00:00 AM,34,9,25
06/07/2021 11:00:00 AM,21,6,15
06/07/2021 12:00:00 PM,22,12,10
06/07/2021 01:00:00 PM,23,14,9
06/07/2021 02:00:00 PM,42,27,15
06/07/2021 03:00:00 PM,72,46,26
06/07/2021 04:00:00 PM,79,60,19
06/07/2021 05:00:00 PM,107,86,21
06/07/2021 06:00:00 PM,63,42,21
06/07/2021 07:00:00 PM,33,24,9
06/07/2021 08:00:00 PM,20,11,9
06/07/2021 09:00:00 PM,16,10,6
06/07/2021 10:00:00 PM,9,5,4
06/07/2021 11:00:00 PM,5,1,4
06/08/2021 12:00:00 AM,2,2,0
06/08/2021 01:00:00 AM,1,0,1
06/08/2021 02:00:00 AM,2,1,1
06/08/2021 03:00:00 AM,3,0,3
06/08/2021 04:00:00 AM,9,1,8
06/08/2021 05:00:00 AM,29,3,26
06/08/2021 06:00:00 AM,83,12,71
06/08/2021 07:00:00 AM,97,9,88
06/08/2021 08:00:00 AM,88,17,71
06/08/2021 09:00:00 AM,44,11,33
06/08/2021 10:00:00 AM,44,11,33
06/08/2021 11:00:00 AM,43,20,23
06/08/2021 12:00:00 PM,26,11,15
06/08/2021 01:00:00 PM,45,22,23
06/08/2021 02:00:00 PM,40,25,15
06/08/2021 03:00:00 PM,76,46,30
06/08/2021 04:00:00 PM,114,83,31
06/08/2021 05:00:00 PM,122,98,24
06/08/2021 06:00:00 PM,83,60,23
06/08/2021 07:00:00 PM,37,30,7
06/08/2021 08:00:00 PM,28,18,10
06/08/2021 09:00:00 PM,23,18,5
06/08/2021 10:00:00 PM,6,4,2
06/08/2021 11:00:00 PM,2,0,2
06/09/2021 12:00:00 AM,1,1,0
06/09/2021 01:00:00 AM,0,0,0
06/09/2021 02:00:00 AM,8,6,2
06/09/2021 03:00:00 AM,2,1,1
06/09/2021 04:00:00 AM,7,1,6
06/09/2021 05:00:00 AM,30,6,24
06/09/2021 06:00:00 AM,69,6,63
06/09/2021 07:00:00 AM,98,13,85
06/09/2021 08:00:00 AM,80,13,67
06/09/2021 09:00:00 AM,62,6,56
06/09/2021 10:00:00 AM,32,11,21
06/09/2021 11:00:00 AM,47,17,30
06/09/2021 12:00:00 PM,40,15,25
06/09/2021 01:00:00 PM,28,12,16
06/09/2021 02:00:00 PM,59,38,21
06/09/2021 03:00:00 PM,79,51,28
06/09/2021 04:00:00 PM,118,73,45
06/09/2021 05:00:00 PM,157,131,26
06/09/2021 06:00:00 PM,93,62,31
06/09/2021 07:00:00 PM,44,36,8
06/09/2021 08:00:00 PM,48,28,20
06/09/2021 09:00:00 PM,35,23,12
06/09/2021 10:00:00 PM,11,4,7
06/09/2021 11:00:00 PM,8,5,3
06/10/2021 12:00:00 AM,6,5,1
06/10/2021 01:00:00 AM,1,1,0
06/10/2021 02:00:00 AM,2,0,2
06/10/2021 03:00:00 AM,2,0,2
06/10/2021 04:00:00 AM,11,4,7
06/10/2021 05:00:00 AM,27,4,23
06/10/2021 06:00:00 AM,63,5,58
06/10/2021 07:00:00 AM,106,12,94
06/10/2021 08:00:00 AM,87,10,77
06/10/2021 09:00:00 AM,42,9,33
06/10/2021 10:00:00 AM,39,9,30
06/10/2021 11:00:00 AM,42,20,22
06/10/2021 12:00:00 PM,27,11,16
06/10/2021 01:00:00 PM,42,23,19
06/10/2021 02:00:00 PM,45,34,11
06/10/2021 03:00:00 PM,85,50,35
06/10/2021 04:00:00 PM,107,80,27
06/10/2021 05:00:00 PM,127,101,26
06/10/2021 06:00:00 PM,60,49,11
06/10/2021 07:00:00 PM,52,33,19
06/10/2021 08:00:00 PM,50,36,14
06/10/2021 09:00:00 PM,29,18,11
06/10/2021 10:00:00 PM,16,13,3
06/10/2021 11:00:00 PM,22,8,14
06/11/2021 12:00:00 AM,6,1,5
06/11/2021 01:00:00 AM,1,0,1
06/11/2021 02:00:00 AM,2,0,2
06/11/2021 03:00:00 AM,1,1,0
06/11/2021 04:00:00 AM,2,0,2
06/11/2021 05:00:00 AM,22,6,16
06/11/2021 06:00:00 AM,49,3,46
06/11/2021 07:00:00 AM,67,10,57
06/11/2021 08:00:00 AM,53,7,46
06/11/2021 09:00:00 AM,30,7,23
06/11/2021 10:00:00 AM,15,4,11
06/11/2021 11:00:00 AM,14,7,7
06/11/2021 12:00:00 PM,21,12,9
06/11/2021 01:00:00 PM,12,7,5
06/11/2021 02:00:00 PM,24,18,6
06/11/2021 03:00:00 PM,36,27,9
06/11/2021 04:00:00 PM,52,35,17
06/11/2021 05:00:00 PM,59,51,8
06/11/2021 06:00:00 PM,34,21,13
06/11/2021 07:00:00 PM,26,19,7
06/11/2021 08:00:00 PM,13,9,4
06/11/2021 09:00:00 PM,8,6,2
06/11/2021 10:00:00 PM,7,7,0
06/11/2021 11:00:00 PM,3,3,0
06/12/2021 12:00:00 AM,3,3,0
06/12/2021 01:00:00 AM,0,0,0
06/12/2021 02:00:00 AM,1,1,0
06/12/2021 03:00:00 AM,1,0,1
06/12/2021 04:00:00 AM,5,2,3
06/12/2021 05:00:00 AM,7,0,7
06/12/2021 06:00:00 AM,9,1,8
06/12/2021 07:00:00 AM,16,3,13
06/12/2021 08:00:00 AM,42,13,29
06/12/2021 09:00:00 AM,45,18,27
06/12/2021 10:00:00 AM,80,32,48
06/12/2021 11:00:00 AM,115,70,45
06/12/2021 12:00:00 PM,113,62,51
06/12/2021 01:00:00 PM,115,50,65
06/12/2021 02:00:00 PM,126,58,68
06/12/2021 03:00:00 PM,110,69,41
06/12/2021 04:00:00 PM,87,47,40
06/12/2021 05:00:00 PM,56,26,30
06/12/2021 06:00:00 PM,45,29,16
06/12/2021 07:00:00 PM,33,23,10
06/12/2021 08:00:00 PM,22,14,8
06/12/2021 09:00:00 PM,7,5,2
06/12/2021 10:00:00 PM,2,0,2
06/12/2021 11:00:00 PM,5,4,1
06/13/2021 12:00:00 AM,1,0,1
06/13/2021 01:00:00 AM,1,0,1
06/13/2021 02:00:00 AM,2,1,1
06/13/2021 03:00:00 AM,1,0,1
06/13/2021 04:00:00 AM,3,1,2
06/13/2021 05:00:00 AM,1,1,0
06/13/2021 06:00:00 AM,8,4,4
06/13/2021 07:00:00 AM,3,0,3
06/13/2021 08:00:00 AM,11,1,10
06/13/2021 09:00:00 AM,11,8,3
06/13/2021 10:00:00 AM,11,3,8
06/13/2021 11:00:00 AM,18,5,13
06/13/2021 12:00:00 PM,48,34,14
06/13/2021 01:00:00 PM,19,13,6
06/13/2021 02:00:00 PM,35,11,24
06/13/2021 03:00:00 PM,12,4,8
06/13/2021 04:00:00 PM,16,6,10
06/13/2021 05:00:00 PM,9,3,6
06/13/2021 06:00:00 PM,4,1,3
06/13/2021 07:00:00 PM,4,3,1
06/13/2021 08:00:00 PM,5,3,2
06/13/2021 09:00:00 PM,3,2,1
06/13/2021 10:00:00 PM,1,0,1
06/13/2021 11:00:00 PM,2,2,0
06/14/2021 12:00:00 AM,3,1,2
06/14/2021 01:00:00 AM,1,0,1
06/14/2021 02:00:00 AM,0,0,0
06/14/2021 03:00:00 AM,1,0,1
06/14/2021 04:00:00 AM,4,0,4
06/14/2021 05:00:00 AM,24,6,18
06/14/2021 06:00:00 AM,48,3,45
06/14/2021 07:00:00 AM,66,7,59
06/14/2021 08:00:00 AM,54,7,47
06/14/2021 09:00:00 AM,26,4,22
06/14/2021 10:00:00 AM,21,6,15
06/14/2021 11:00:00 AM,18,6,12
06/14/2021 12:00:00 PM,16,6,10
06/14/2021 01:00:00 PM,22,6,16
06/14/2021 02:00:00 PM,0,0,0
06/14/2021 03:00:00 PM,1,0,1
06/14/2021 04:00:00 PM,0,0,0
06/14/2021 05:00:00 PM,48,37,11
06/14/2021 06:00:00 PM,62,47,15
06/14/2021 07:00:00 PM,27,18,9
06/14/2021 08:00:00 PM,20,13,7
06/14/2021 09:00:00 PM,7,3,4
06/14/2021 10:00:00 PM,6,6,0
06/14/2021 11:00:00 PM,4,4,0
06/15/2021 12:00:00 AM,6,4,2
06/15/2021 01:00:00 AM,1,1,0
06/15/2021 02:00:00 AM,1,1,0
06/15/2021 03:00:00 AM,3,0,3
06/15/2021 04:00:00 AM,6,1,5
06/15/2021 05:00:00 AM,35,7,28
06/15/2021 06:00:00 AM,55,8,47
06/15/2021 07:00:00 AM,81,6,75
06/15/2021 08:00:00 AM,90,18,72
06/15/2021 09:00:00 AM,44,11,33
06/15/2021 10:00:00 AM,38,9,29
06/15/2021 11:00:00 AM,33,15,18
06/15/2021 12:00:00 PM,39,21,18
06/15/2021 01:00:00 PM,51,28,23
06/15/2021 02:00:00 PM,52,30,22
06/15/2021 03:00:00 PM,51,35,16
06/15/2021 04:00:00 PM,100,80,20
06/15/2021 05:00:00 PM,103,83,20
06/15/2021 06:00:00 PM,89,71,18
06/15/2021 07:00:00 PM,54,40,14
06/15/2021 08:00:00 PM,22,9,13
06/15/2021 09:00:00 PM,14,11,3
06/15/2021 10:00:00 PM,6,3,3
06/15/2021 11:00:00 PM,7,6,1
06/16/2021 12:00:00 AM,3,2,1
06/16/2021 01:00:00 AM,3,1,2
06/16/2021 02:00:00 AM,3,2,1
06/16/2021 03:00:00 AM,3,1,2
06/16/2021 04:00:00 AM,6,0,6
06/16/2021 05:00:00 AM,31,7,24
06/16/2021 06:00:00 AM,57,5,52
06/16/2021 07:00:00 AM,109,9,100
06/16/2021 08:00:00 AM,75,12,63
06/16/2021 09:00:00 AM,78,14,64
06/16/2021 10:00:00 AM,39,16,23
06/16/2021 11:00:00 AM,40,17,23
06/16/2021 12:00:00 PM,38,21,17
06/16/2021 01:00:00 PM,44,21,23
06/16/2021 02:00:00 PM,61,36,25
06/16/2021 03:00:00 PM,76,57,19
06/16/2021 04:00:00 PM,134,90,44
06/16/2021 05:00:00 PM,126,91,35
06/16/2021 06:00:00 PM,108,76,32
06/16/2021 07:00:00 PM,64,55,9
06/16/2021 08:00:00 PM,45,21,24
06/16/2021 09:00:00 PM,32,23,9
06/16/2021 10:00:00 PM,15,11,4
06/16/2021 11:00:00 PM,3,2,1
06/17/2021 12:00:00 AM,4,4,0
06/17/2021 01:00:00 AM,0,0,0
06/17/2021 02:00:00 AM,5,3,2
06/17/2021 03:00:00 AM,1,1,0
06/17/2021 04:00:00 AM,10,4,6
06/17/2021 05:00:00 AM,28,6,22
06/17/2021 06:00:00 AM,52,9,43
06/17/2021 07:00:00 AM,104,9,95
06/17/2021 08:00:00 AM,101,15,86
06/17/2021 09:00:00 AM,56,13,43
06/17/2021 10:00:00 AM,45,20,25
06/17/2021 11:00:00 AM,30,12,18
06/17/2021 12:00:00 PM,42,18,24
06/17/2021 01:00:00 PM,58,33,25
06/17/2021 02:00:00 PM,53,28,25
06/17/2021 03:00:00 PM,19,11,8
06/17/2021 04:00:00 PM,122,84,38
06/17/2021 05:00:00 PM,147,117,30
06/17/2021 06:00:00 PM,95,78,17
06/17/2021 07:00:00 PM,63,45,18
06/17/2021 08:00:00 PM,39,18,21
06/17/2021 09:00:00 PM,31,20,11
06/17/2021 10:00:00 PM,16,14,2
06/17/2021 11:00:00 PM,10,8,2
06/18/2021 12:00:00 AM,3,1,2
06/18/2021 01:00:00 AM,1,1,0
06/18/2021 02:00:00 AM,2,0,2
06/18/2021 03:00:00 AM,4,1,3
06/18/2021 04:00:00 AM,5,1,4
06/18/2021 05:00:00 AM,33,7,26
06/18/2021 06:00:00 AM,49,9,40
06/18/2021 07:00:00 AM,90,11,79
06/18/2021 08:00:00 AM,57,6,51
06/18/2021 09:00:00 AM,52,11,41
06/18/2021 10:00:00 AM,46,18,28
06/18/2021 11:00:00 AM,50,30,20
06/18/2021 12:00:00 PM,54,25,29
06/18/2021 01:00:00 PM,61,30,31
06/18/2021 02:00:00 PM,76,41,35
06/18/2021 03:00:00 PM,78,54,24
06/18/2021 04:00:00 PM,110,82,28
06/18/2021 05:00:00 PM,100,69,31
06/18/2021 06:00:00 PM,68,51,17
06/18/2021 07:00:00 PM,55,31,24
06/18/2021 08:00:00 PM,31,17,14
06/18/2021 09:00:00 PM,16,9,7
06/18/2021 10:00:00 PM,27,23,4
06/18/2021 11:00:00 PM,13,9,4
06/19/2021 12:00:00 AM,6,2,4
06/19/2021 01:00:00 AM,1,0,1
06/19/2021 02:00:00 AM,6,2,4
06/19/2021 03:00:00 AM,5,5,0
06/19/2021 04:00:00 AM,3,1,2
06/19/2021 05:00:00 AM,6,3,3
06/19/2021 06:00:00 AM,18,9,9
06/19/2021 07:00:00 AM,37,23,14
06/19/2021 08:00:00 AM,47,14,33
06/19/2021 09:00:00 AM,61,26,35
06/19/2021 10:00:00 AM,70,37,33
06/19/2021 11:00:00 AM,84,33,51
06/19/2021 12:00:00 PM,84,42,42
06/19/2021 01:00:00 PM,98,35,63
06/19/2021 02:00:00 PM,80,28,52
06/19/2021 03:00:00 PM,93,48,45
06/19/2021 04:00:00 PM,70,39,31
06/19/2021 05:00:00 PM,66,46,20
06/19/2021 06:00:00 PM,46,28,18
06/19/2021 07:00:00 PM,23,12,11
06/19/2021 08:00:00 PM,40,23,17
06/19/2021 09:00:00 PM,22,14,8
06/19/2021 10:00:00 PM,10,9,1
06/19/2021 11:00:00 PM,14,7,7
06/20/2021 12:00:00 AM,7,4,3
06/20/2021 01:00:00 AM,6,2,4
06/20/2021 02:00:00 AM,4,2,2
06/20/2021 03:00:00 AM,3,1,2
06/20/2021 04:00:00 AM,4,2,2
06/20/2021 05:00:00 AM,6,2,4
06/20/2021 06:00:00 AM,11,6,5
06/20/2021 07:00:00 AM,23,13,10
06/20/2021 08:00:00 AM,52,23,29
06/20/2021 09:00:00 AM,46,28,18
06/20/2021 10:00:00 AM,76,32,44
06/20/2021 11:00:00 AM,94,55,39
06/20/2021 12:00:00 PM,118,56,62
06/20/2021 01:00:00 PM,111,46,65
06/20/2021 02:00:00 PM,90,45,45
06/20/2021 03:00:00 PM,68,41,27
06/20/2021 04:00:00 PM,70,37,33
06/20/2021 05:00:00 PM,57,27,30
06/20/2021 06:00:00 PM,46,26,20
06/20/2021 07:00:00 PM,31,25,6
06/20/2021 08:00:00 PM,32,14,18
06/20/2021 09:00:00 PM,18,6,12
06/20/2021 10:00:00 PM,3,3,0
06/20/2021 11:00:00 PM,9,7,2
06/21/2021 12:00:00 AM,1,0,1
06/21/2021 01:00:00 AM,1,1,0
06/21/2021 02:00:00 AM,5,3,2
06/21/2021 03:00:00 AM,2,0,2
06/21/2021 04:00:00 AM,5,1,4
06/21/2021 05:00:00 AM,37,5,32
06/21/2021 06:00:00 AM,62,9,53
06/21/2021 07:00:00 AM,92,7,85
06/21/2021 08:00:00 AM,70,9,61
06/21/2021 09:00:00 AM,34,10,24
06/21/2021 10:00:00 AM,35,12,23
06/21/2021 11:00:00 AM,23,12,11
06/21/2021 12:00:00 PM,43,24,19
06/21/2021 01:00:00 PM,31,20,11
06/21/2021 02:00:00 PM,38,23,15
06/21/2021 03:00:00 PM,62,43,19
06/21/2021 04:00:00 PM,105,89,16
06/21/2021 05:00:00 PM,114,99,15
06/21/2021 06:00:00 PM,75,65,10
06/21/2021 07:00:00 PM,40,26,14
06/21/2021 08:00:00 PM,26,18,8
06/21/2021 09:00:00 PM,25,13,12
06/21/2021 10:00:00 PM,11,7,4
06/21/2021 11:00:00 PM,14,11,3
06/22/2021 12:00:00 AM,4,3,1
06/22/2021 01:00:00 AM,0,0,0
06/22/2021 02:00:00 AM,2,1,1
06/22/2021 03:00:00 AM,2,0,2
06/22/2021 04:00:00 AM,6,0,6
06/22/2021 05:00:00 AM,40,11,29
06/22/2021 06:00:00 AM,67,6,61
06/22/2021 07:00:00 AM,103,9,94
06/22/2021 08:00:00 AM,93,15,78
06/22/2021 09:00:00 AM,50,11,39
06/22/2021 10:00:00 AM,36,14,22
06/22/2021 11:00:00 AM,25,13,12
06/22/2021 12:00:00 PM,31,8,23
06/22/2021 01:00:00 PM,30,12,18
06/22/2021 02:00:00 PM,54,40,14
06/22/2021 03:00:00 PM,83,53,30
06/22/2021 04:00:00 PM,113,83,30
06/22/2021 05:00:00 PM,124,101,23
06/22/2021 06:00:00 PM,111,81,30
06/22/2021 07:00:00 PM,66,40,26
06/22/2021 08:00:00 PM,41,21,20
06/22/2021 09:00:00 PM,34,22,12
06/22/2021 10:00:00 PM,21,9,12
06/22/2021 11:00:00 PM,5,4,1
06/23/2021 12:00:00 AM,2,1,1
06/23/2021 01:00:00 AM,2,0,2
06/23/2021 02:00:00 AM,3,0,3
06/23/2021 03:00:00 AM,1,0,1
06/23/2021 04:00:00 AM,9,1,8
06/23/2021 05:00:00 AM,31,8,23
06/23/2021 06:00:00 AM,67,2,65
06/23/2021 07:00:00 AM,85,7,78
06/23/2021 08:00:00 AM,96,8,88
06/23/2021 09:00:00 AM,52,15,37
06/23/2021 10:00:00 AM,45,18,27
06/23/2021 11:00:00 AM,21,4,17
06/23/2021 12:00:00 PM,41,16,25
06/23/2021 01:00:00 PM,35,20,15
06/23/2021 02:00:00 PM,64,35,29
06/23/2021 03:00:00 PM,70,42,28
06/23/2021 04:00:00 PM,115,87,28
06/23/2021 05:00:00 PM,123,100,23
06/23/2021 06:00:00 PM,122,91,31
06/23/2021 07:00:00 PM,43,32,11
06/23/2021 08:00:00 PM,46,20,26
06/23/2021 09:00:00 PM,40,32,8
06/23/2021 10:00:00 PM,20,12,8
06/23/2021 11:00:00 PM,16,11,5
06/24/2021 12:00:00 AM,6,3,3
06/24/2021 01:00:00 AM,3,0,3
06/24/2021 02:00:00 AM,2,1,1
06/24/2021 03:00:00 AM,3,0,3
06/24/2021 04:00:00 AM,6,1,5
06/24/2021 05:00:00 AM,42,7,35
06/24/2021 06:00:00 AM,67,8,59
06/24/2021 07:00:00 AM,118,14,104
06/24/2021 08:00:00 AM,95,14,81
06/24/2021 09:00:00 AM,47,12,35
06/24/2021 10:00:00 AM,38,14,24
06/24/2021 11:00:00 AM,33,14,19
06/24/2021 12:00:00 PM,35,19,16
06/24/2021 01:00:00 PM,41,22,19
06/24/2021 02:00:00 PM,60,36,24
06/24/2021 03:00:00 PM,56,42,14
06/24/2021 04:00:00 PM,90,67,23
06/24/2021 05:00:00 PM,144,116,28
06/24/2021 06:00:00 PM,101,75,26
06/24/2021 07:00:00 PM,62,48,14
06/24/2021 08:00:00 PM,45,21,24
06/24/2021 09:00:00 PM,27,15,12
06/24/2021 10:00:00 PM,12,9,3
06/24/2021 11:00:00 PM,10,6,4
06/25/2021 12:00:00 AM,4,1,3
06/25/2021 01:00:00 AM,2,2,0
06/25/2021 02:00:00 AM,2,1,1
06/25/2021 03:00:00 AM,4,2,2
06/25/2021 04:00:00 AM,6,1,5
06/25/2021 05:00:00 AM,32,6,26
06/25/2021 06:00:00 AM,56,3,53
06/25/2021 07:00:00 AM,83,13,70
06/25/2021 08:00:00 AM,70,7,63
06/25/2021 09:00:00 AM,41,14,27
06/25/2021 10:00:00 AM,51,24,27
06/25/2021 11:00:00 AM,39,14,25
06/25/2021 12:00:00 PM,43,21,22
06/25/2021 01:00:00 PM,43,29,14
06/25/2021 02:00:00 PM,52,35,17
06/25/2021 03:00:00 PM,62,36,26
06/25/2021 04:00:00 PM,82,64,18
06/25/2021 05:00:00 PM,94,76,18
06/25/2021 06:00:00 PM,65,55,10
06/25/2021 07:00:00 PM,47,40,7
06/25/2021 08:00:00 PM,29,18,11
06/25/2021 09:00:00 PM,16,8,8
06/25/2021 10:00:00 PM,11,7,4
06/25/2021 11:00:00 PM,5,3,2
06/26/2021 12:00:00 AM,3,2,1
06/26/2021 01:00:00 AM,5,2,3
06/26/2021 02:00:00 AM,3,2,1
06/26/2021 03:00:00 AM,7,3,4
06/26/2021 04:00:00 AM,6,2,4
06/26/2021 05:00:00 AM,7,3,4
06/26/2021 06:00:00 AM,19,4,15
06/26/2021 07:00:00 AM,38,18,20
06/26/2021 08:00:00 AM,67,36,31
06/26/2021 09:00:00 AM,60,26,34
06/26/2021 10:00:00 AM,58,27,31
06/26/2021 11:00:00 AM,52,36,16
06/26/2021 12:00:00 PM,30,17,13
06/26/2021 01:00:00 PM,32,17,15
06/26/2021 02:00:00 PM,37,21,16
06/26/2021 03:00:00 PM,25,15,10
06/26/2021 04:00:00 PM,29,17,12
06/26/2021 05:00:00 PM,23,14,9
06/26/2021 06:00:00 PM,22,11,11
06/26/2021 07:00:00 PM,17,16,1
06/26/2021 08:00:00 PM,24,15,9
06/26/2021 09:00:00 PM,16,6,10
06/26/2021 10:00:00 PM,21,15,6
06/26/2021 11:00:00 PM,21,15,6
06/27/2021 12:00:00 AM,5,2,3
06/27/2021 01:00:00 AM,5,3,2
06/27/2021 02:00:00 AM,1,1,0
06/27/2021 03:00:00 AM,2,1,1
06/27/2021 04:00:00 AM,5,1,4
06/27/2021 05:00:00 AM,7,1,6
06/27/2021 06:00:00 AM,20,15,5
06/27/2021 07:00:00 AM,23,7,16
06/27/2021 08:00:00 AM,50,18,32
06/27/2021 09:00:00 AM,50,20,30
06/27/2021 10:00:00 AM,41,22,19
06/27/2021 11:00:00 AM,34,20,14
06/27/2021 12:00:00 PM,25,16,9
06/27/2021 01:00:00 PM,24,16,8
06/27/2021 02:00:00 PM,24,14,10
06/27/2021 03:00:00 PM,26,14,12
06/27/2021 04:00:00 PM,20,11,9
06/27/2021 05:00:00 PM,15,10,5
06/27/2021 06:00:00 PM,11,9,2
06/27/2021 07:00:00 PM,18,12,6
06/27/2021 08:00:00 PM,17,13,4
06/27/2021 09:00:00 PM,12,4,8
06/27/2021 10:00:00 PM,9,7,2
06/27/2021 11:00:00 PM,5,3,2
06/28/2021 12:00:00 AM,4,4,0
06/28/2021 01:00:00 AM,1,1,0
06/28/2021 02:00:00 AM,1,0,1
06/28/2021 03:00:00 AM,4,3,1
06/28/2021 04:00:00 AM,2,0,2
06/28/2021 05:00:00 AM,20,4,16
06/28/2021 06:00:00 AM,36,5,31
06/28/2021 07:00:00 AM,46,14,32
06/28/2021 08:00:00 AM,39,10,29
06/28/2021 09:00:00 AM,13,2,11
06/28/2021 10:00:00 AM,8,5,3
06/28/2021 11:00:00 AM,10,4,6
06/28/2021 12:00:00 PM,7,6,1
06/28/2021 01:00:00 PM,7,6,1
06/28/2021 02:00:00 PM,8,5,3
06/28/2021 03:00:00 PM,25,19,6
06/28/2021 04:00:00 PM,42,37,5
06/28/2021 05:00:00 PM,41,39,2
06/28/2021 06:00:00 PM,21,18,3
06/28/2021 07:00:00 PM,9,8,1
06/28/2021 08:00:00 PM,17,13,4
06/28/2021 09:00:00 PM,11,7,4
06/28/2021 10:00:00 PM,7,5,2
06/28/2021 11:00:00 PM,12,7,5
06/29/2021 12:00:00 AM,6,3,3
06/29/2021 01:00:00 AM,1,0,1
06/29/2021 02:00:00 AM,5,1,4
06/29/2021 03:00:00 AM,1,0,1
06/29/2021 04:00:00 AM,9,1,8
06/29/2021 05:00:00 AM,29,6,23
06/29/2021 06:00:00 AM,56,6,50
06/29/2021 07:00:00 AM,68,8,60
06/29/2021 08:00:00 AM,73,12,61
06/29/2021 09:00:00 AM,32,11,21
06/29/2021 10:00:00 AM,30,13,17
06/29/2021 11:00:00 AM,34,19,15
06/29/2021 12:00:00 PM,18,6,12
06/29/2021 01:00:00 PM,33,16,17
06/29/2021 02:00:00 PM,40,27,13
06/29/2021 03:00:00 PM,47,42,5
06/29/2021 04:00:00 PM,70,56,14
06/29/2021 05:00:00 PM,90,76,14
06/29/2021 06:00:00 PM,50,42,8
06/29/2021 07:00:00 PM,38,27,11
06/29/2021 08:00:00 PM,22,14,8
06/29/2021 09:00:00 PM,15,14,1
06/29/2021 10:00:00 PM,7,5,2
06/29/2021 11:00:00 PM,11,4,7
06/30/2021 12:00:00 AM,3,3,0
06/30/2021 01:00:00 AM,3,1,2
06/30/2021 02:00:00 AM,1,0,1
06/30/2021 03:00:00 AM,1,1,0
06/30/2021 04:00:00 AM,10,1,9
06/30/2021 05:00:00 AM,35,5,30
06/30/2021 06:00:00 AM,62,8,54
06/30/2021 07:00:00 AM,105,8,97
06/30/2021 08:00:00 AM,88,11,77
06/30/2021 09:00:00 AM,52,12,40
06/30/2021 10:00:00 AM,38,11,27
06/30/2021 11:00:00 AM,38,14,24
06/30/2021 12:00:00 PM,37,18,19
06/30/2021 01:00:00 PM,42,24,18
06/30/2021 02:00:00 PM,55,29,26
06/30/2021 03:00:00 PM,66,48,18
06/30/2021 04:00:00 PM,87,75,12
06/30/2021 05:00:00 PM,133,110,23
06/30/2021 06:00:00 PM,110,79,31
06/30/2021 07:00:00 PM,49,36,13
06/30/2021 08:00:00 PM,34,18,16
06/30/2021 09:00:00 PM,16,11,5
06/30/2021 10:00:00 PM,12,7,5
06/30/2021 11:00:00 PM,6,5,1
07/01/2021 12:00:00 AM,2,1,1
07/01/2021 01:00:00 AM,2,2,0
07/01/2021 02:00:00 AM,10,5,5
07/01/2021 03:00:00 AM,4,1,3
07/01/2021 04:00:00 AM,5,1,4
07/01/2021 05:00:00 AM,33,5,28
07/01/2021 06:00:00 AM,50,3,47
07/01/2021 07:00:00 AM,93,12,81
07/01/2021 08:00:00 AM,89,9,80
07/01/2021 09:00:00 AM,59,16,43
07/01/2021 10:00:00 AM,30,13,17
07/01/2021 11:00:00 AM,38,22,16
07/01/2021 12:00:00 PM,25,10,15
07/01/2021 01:00:00 PM,31,17,14
07/01/2021 02:00:00 PM,40,26,14
07/01/2021 03:00:00 PM,79,54,25
07/01/2021 04:00:00 PM,100,73,27
07/01/2021 05:00:00 PM,108,86,22
07/01/2021 06:00:00 PM,66,55,11
07/01/2021 07:00:00 PM,50,43,7
07/01/2021 08:00:00 PM,25,19,6
07/01/2021 09:00:00 PM,25,19,6
07/01/2021 10:00:00 PM,20,12,8
07/01/2021 11:00:00 PM,9,7,2
07/02/2021 12:00:00 AM,10,6,4
07/02/2021 01:00:00 AM,0,0,0
07/02/2021 02:00:00 AM,2,0,2
07/02/2021 03:00:00 AM,5,2,3
07/02/2021 04:00:00 AM,8,1,7
07/02/2021 05:00:00 AM,30,5,25
07/02/2021 06:00:00 AM,50,5,45
07/02/2021 07:00:00 AM,68,7,61
07/02/2021 08:00:00 AM,87,27,60
07/02/2021 09:00:00 AM,59,16,43
07/02/2021 10:00:00 AM,45,15,30
07/02/2021 11:00:00 AM,47,24,23
07/02/2021 12:00:00 PM,42,24,18
07/02/2021 01:00:00 PM,60,26,34
07/02/2021 02:00:00 PM,79,47,32
07/02/2021 03:00:00 PM,63,40,23
07/02/2021 04:00:00 PM,85,55,30
07/02/2021 05:00:00 PM,103,73,30
07/02/2021 06:00:00 PM,68,52,16
07/02/2021 07:00:00 PM,36,28,8
07/02/2021 08:00:00 PM,23,16,7
07/02/2021 09:00:00 PM,24,17,7
07/02/2021 10:00:00 PM,14,11,3
07/02/2021 11:00:00 PM,15,15,0
07/03/2021 12:00:00 AM,19,11,8
07/03/2021 01:00:00 AM,5,2,3
07/03/2021 02:00:00 AM,3,3,0
07/03/2021 03:00:00 AM,7,6,1
07/03/2021 04:00:00 AM,7,3,4
07/03/2021 05:00:00 AM,11,4,7
07/03/2021 06:00:00 AM,10,4,6
07/03/2021 07:00:00 AM,24,13,11
07/03/2021 08:00:00 AM,40,20,20
07/03/2021 09:00:00 AM,43,21,22
07/03/2021 10:00:00 AM,75,32,43
07/03/2021 11:00:00 AM,87,43,44
07/03/2021 12:00:00 PM,59,34,25
07/03/2021 01:00:00 PM,59,27,32
07/03/2021 02:00:00 PM,78,31,47
07/03/2021 03:00:00 PM,76,33,43
07/03/2021 04:00:00 PM,40,19,21
07/03/2021 05:00:00 PM,50,33,17
07/03/2021 06:00:00 PM,36,19,17
07/03/2021 07:00:00 PM,27,14,13
07/03/2021 08:00:00 PM,26,16,10
07/03/2021 09:00:00 PM,22,10,12
07/03/2021 10:00:00 PM,18,10,8
07/03/2021 11:00:00 PM,8,7,1
07/04/2021 12:00:00 AM,9,6,3
07/04/2021 01:00:00 AM,2,2,0
07/04/2021 02:00:00 AM,0,0,0
07/04/2021 03:00:00 AM,8,0,8
07/04/2021 04:00:00 AM,3,1,2
07/04/2021 05:00:00 AM,6,2,4
07/04/2021 06:00:00 AM,12,2,10
07/04/2021 07:00:00 AM,20,13,7
07/04/2021 08:00:00 AM,35,5,30
07/04/2021 09:00:00 AM,58,29,29
07/04/2021 10:00:00 AM,54,31,23
07/04/2021 11:00:00 AM,56,23,33
07/04/2021 12:00:00 PM,73,30,43
07/04/2021 01:00:00 PM,80,54,26
07/04/2021 02:00:00 PM,53,32,21
07/04/2021 03:00:00 PM,44,25,19
07/04/2021 04:00:00 PM,62,32,30
07/04/2021 05:00:00 PM,43,23,20
07/04/2021 06:00:00 PM,30,22,8
07/04/2021 07:00:00 PM,24,11,13
07/04/2021 08:00:00 PM,21,11,10
07/04/2021 09:00:00 PM,16,7,9
07/04/2021 10:00:00 PM,16,4,12
07/04/2021 11:00:00 PM,6,3,3
07/05/2021 12:00:00 AM,4,3,1
07/05/2021 01:00:00 AM,6,3,3
07/05/2021 02:00:00 AM,4,2,2
07/05/2021 03:00:00 AM,2,1,1
07/05/2021 04:00:00 AM,5,1,4
07/05/2021 05:00:00 AM,6,3,3
07/05/2021 06:00:00 AM,17,2,15
07/05/2021 07:00:00 AM,16,4,12
07/05/2021 08:00:00 AM,21,8,13
07/05/2021 09:00:00 AM,30,11,19
07/05/2021 10:00:00 AM,61,33,28
07/05/2021 11:00:00 AM,53,19,34
07/05/2021 12:00:00 PM,70,20,50
07/05/2021 01:00:00 PM,68,40,28
07/05/2021 02:00:00 PM,68,43,25
07/05/2021 03:00:00 PM,82,40,42
07/05/2021 04:00:00 PM,62,38,24
07/05/2021 05:00:00 PM,52,29,23
07/05/2021 06:00:00 PM,38,23,15
07/05/2021 07:00:00 PM,24,12,12
07/05/2021 08:00:00 PM,18,12,6
07/05/2021 09:00:00 PM,19,14,5
07/05/2021 10:00:00 PM,12,4,8
07/05/2021 11:00:00 PM,6,3,3
07/06/2021 12:00:00 AM,2,1,1
07/06/2021 01:00:00 AM,1,1,0
07/06/2021 02:00:00 AM,1,0,1
07/06/2021 03:00:00 AM,1,0,1
07/06/2021 04:00:00 AM,5,0,5
07/06/2021 05:00:00 AM,28,5,23
07/06/2021 06:00:00 AM,72,5,67
07/06/2021 07:00:00 AM,98,6,92
07/06/2021 08:00:00 AM,83,8,75
07/06/2021 09:00:00 AM,45,13,32
07/06/2021 10:00:00 AM,32,10,22
07/06/2021 11:00:00 AM,36,10,26
07/06/2021 12:00:00 PM,36,19,17
07/06/2021 01:00:00 PM,42,24,18
07/06/2021 02:00:00 PM,51,28,23
07/06/2021 03:00:00 PM,71,53,18
07/06/2021 04:00:00 PM,110,90,20
07/06/2021 05:00:00 PM,124,100,24
07/06/2021 06:00:00 PM,73,62,11
07/06/2021 07:00:00 PM,41,34,7
07/06/2021 08:00:00 PM,31,17,14
07/06/2021 09:00:00 PM,16,9,7
07/06/2021 10:00:00 PM,7,7,0
07/06/2021 11:00:00 PM,9,7,2
07/07/2021 12:00:00 AM,3,3,0
07/07/2021 01:00:00 AM,1,0,1
07/07/2021 02:00:00 AM,2,1,1
07/07/2021 03:00:00 AM,5,1,4
07/07/2021 04:00:00 AM,9,1,8
07/07/2021 05:00:00 AM,35,6,29
07/07/2021 06:00:00 AM,59,2,57
07/07/2021 07:00:00 AM,100,11,89
07/07/2021 08:00:00 AM,91,6,85
07/07/2021 09:00:00 AM,41,5,36
07/07/2021 10:00:00 AM,43,12,31
07/07/2021 11:00:00 AM,35,13,22
07/07/2021 12:00:00 PM,31,16,15
07/07/2021 01:00:00 PM,34,18,16
07/07/2021 02:00:00 PM,50,26,24
07/07/2021 03:00:00 PM,75,59,16
07/07/2021 04:00:00 PM,99,78,21
07/07/2021 05:00:00 PM,160,119,41
07/07/2021 06:00:00 PM,73,52,21
07/07/2021 07:00:00 PM,46,38,8
07/07/2021 08:00:00 PM,44,34,10
07/07/2021 09:00:00 PM,23,19,4
07/07/2021 10:00:00 PM,22,16,6
07/07/2021 11:00:00 PM,7,7,0
07/08/2021 12:00:00 AM,6,3,3
07/08/2021 01:00:00 AM,1,1,0
07/08/2021 02:00:00 AM,4,0,4
07/08/2021 03:00:00 AM,3,1,2
07/08/2021 04:00:00 AM,8,3,5
07/08/2021 05:00:00 AM,27,4,23
07/08/2021 06:00:00 AM,60,3,57
07/08/2021 07:00:00 AM,107,10,97
07/08/2021 08:00:00 AM,92,12,80
07/08/2021 09:00:00 AM,49,9,40
07/08/2021 10:00:00 AM,46,21,25
07/08/2021 11:00:00 AM,36,9,27
07/08/2021 12:00:00 PM,38,11,27
07/08/2021 01:00:00 PM,28,16,12
07/08/2021 02:00:00 PM,38,24,14
07/08/2021 03:00:00 PM,67,51,16
07/08/2021 04:00:00 PM,115,94,21
07/08/2021 05:00:00 PM,119,86,33
07/08/2021 06:00:00 PM,103,84,19
07/08/2021 07:00:00 PM,56,40,16
07/08/2021 08:00:00 PM,36,24,12
07/08/2021 09:00:00 PM,23,13,10
07/08/2021 10:00:00 PM,15,10,5
07/08/2021 11:00:00 PM,9,7,2
07/09/2021 12:00:00 AM,3,2,1
07/09/2021 01:00:00 AM,4,2,2
07/09/2021 02:00:00 AM,6,2,4
07/09/2021 03:00:00 AM,2,1,1
07/09/2021 04:00:00 AM,6,0,6
07/09/2021 05:00:00 AM,23,5,18
07/09/2021 06:00:00 AM,48,3,45
07/09/2021 07:00:00 AM,82,17,65
07/09/2021 08:00:00 AM,85,11,74
07/09/2021 09:00:00 AM,48,16,32
07/09/2021 10:00:00 AM,46,15,31
07/09/2021 11:00:00 AM,40,17,23
07/09/2021 12:00:00 PM,49,25,24
07/09/2021 01:00:00 PM,48,26,22
07/09/2021 02:00:00 PM,49,33,16
07/09/2021 03:00:00 PM,79,57,22
07/09/2021 04:00:00 PM,85,65,20
07/09/2021 05:00:00 PM,103,79,24
07/09/2021 06:00:00 PM,85,59,26
07/09/2021 07:00:00 PM,46,25,21
07/09/2021 08:00:00 PM,34,24,10
07/09/2021 09:00:00 PM,29,20,9
07/09/2021 10:00:00 PM,19,10,9
07/09/2021 11:00:00 PM,27,21,6
07/10/2021 12:00:00 AM,10,9,1
07/10/2021 01:00:00 AM,4,3,1
07/10/2021 02:00:00 AM,2,2,0
07/10/2021 03:00:00 AM,2,0,2
07/10/2021 04:00:00 AM,4,2,2
07/10/2021 05:00:00 AM,6,0,6
07/10/2021 06:00:00 AM,13,7,6
07/10/2021 07:00:00 AM,16,9,7
07/10/2021 08:00:00 AM,41,10,31
07/10/2021 09:00:00 AM,50,22,28
07/10/2021 10:00:00 AM,62,31,31
07/10/2021 11:00:00 AM,79,44,35
07/10/2021 12:00:00 PM,65,39,26
07/10/2021 01:00:00 PM,80,47,33
07/10/2021 02:00:00 PM,87,44,43
07/10/2021 03:00:00 PM,65,34,31
07/10/2021 04:00:00 PM,58,38,20
07/10/2021 05:00:00 PM,71,34,37
07/10/2021 06:00:00 PM,34,21,13
07/10/2021 07:00:00 PM,34,13,21
07/10/2021 08:00:00 PM,44,31,13
07/10/2021 09:00:00 PM,11,3,8
07/10/2021 10:00:00 PM,14,10,4
07/10/2021 11:00:00 PM,9,6,3
07/11/2021 12:00:00 AM,3,3,0
07/11/2021 01:00:00 AM,8,7,1
07/11/2021 02:00:00 AM,9,7,2
07/11/2021 03:00:00 AM,4,1,3
07/11/2021 04:00:00 AM,4,1,3
07/11/2021 05:00:00 AM,3,2,1
07/11/2021 06:00:00 AM,10,5,5
07/11/2021 07:00:00 AM,22,8,14
07/11/2021 08:00:00 AM,39,12,27
07/11/2021 09:00:00 AM,41,15,26
07/11/2021 10:00:00 AM,54,26,28
07/11/2021 11:00:00 AM,83,42,41
07/11/2021 12:00:00 PM,70,33,37
07/11/2021 01:00:00 PM,66,31,35
07/11/2021 02:00:00 PM,86,45,41
07/11/2021 03:00:00 PM,64,40,24
07/11/2021 04:00:00 PM,75,51,24
07/11/2021 05:00:00 PM,67,42,25
07/11/2021 06:00:00 PM,40,27,13
07/11/2021 07:00:00 PM,21,11,10
07/11/2021 08:00:00 PM,29,14,15
07/11/2021 09:00:00 PM,12,3,9
07/11/2021 10:00:00 PM,8,7,1
07/11/2021 11:00:00 PM,4,3,1
07/12/2021 12:00:00 AM,7,5,2
07/12/2021 01:00:00 AM,3,1,2
07/12/2021 02:00:00 AM,1,0,1
07/12/2021 03:00:00 AM,1,0,1
07/12/2021 04:00:00 AM,6,0,6
07/12/2021 05:00:00 AM,30,7,23
07/12/2021 06:00:00 AM,64,6,58
07/12/2021 07:00:00 AM,96,4,92
07/12/2021 08:00:00 AM,81,6,75
07/12/2021 09:00:00 AM,40,8,32
07/12/2021 10:00:00 AM,29,6,23
07/12/2021 11:00:00 AM,30,12,18
07/12/2021 12:00:00 PM,36,17,19
07/12/2021 01:00:00 PM,39,24,15
07/12/2021 02:00:00 PM,53,37,16
07/12/2021 03:00:00 PM,74,57,17
07/12/2021 04:00:00 PM,85,63,22
07/12/2021 05:00:00 PM,120,107,13
07/12/2021 06:00:00 PM,83,66,17
07/12/2021 07:00:00 PM,51,39,12
07/12/2021 08:00:00 PM,40,23,17
07/12/2021 09:00:00 PM,20,10,10
07/12/2021 10:00:00 PM,7,4,3
07/12/2021 11:00:00 PM,5,5,0
07/13/2021 12:00:00 AM,2,2,0
07/13/2021 01:00:00 AM,1,1,0
07/13/2021 02:00:00 AM,2,1,1
07/13/2021 03:00:00 AM,5,2,3
07/13/2021 04:00:00 AM,13,2,11
07/13/2021 05:00:00 AM,38,6,32
07/13/2021 06:00:00 AM,72,8,64
07/13/2021 07:00:00 AM,110,8,102
07/13/2021 08:00:00 AM,113,11,102
07/13/2021 09:00:00 AM,59,17,42
07/13/2021 10:00:00 AM,33,7,26
07/13/2021 11:00:00 AM,31,10,21
07/13/2021 12:00:00 PM,33,17,16
07/13/2021 01:00:00 PM,36,21,15
07/13/2021 02:00:00 PM,45,34,11
07/13/2021 03:00:00 PM,71,54,17
07/13/2021 04:00:00 PM,90,73,17
07/13/2021 05:00:00 PM,133,107,26
07/13/2021 06:00:00 PM,100,73,27
07/13/2021 07:00:00 PM,62,46,16
07/13/2021 08:00:00 PM,40,23,17
07/13/2021 09:00:00 PM,25,11,14
07/13/2021 10:00:00 PM,14,10,4
07/13/2021 11:00:00 PM,10,8,2
07/14/2021 12:00:00 AM,5,4,1
07/14/2021 01:00:00 AM,4,1,3
07/14/2021 02:00:00 AM,5,1,4
07/14/2021 03:00:00 AM,3,2,1
07/14/2021 04:00:00 AM,10,1,9
07/14/2021 05:00:00 AM,32,7,25
07/14/2021 06:00:00 AM,71,6,65
07/14/2021 07:00:00 AM,102,11,91
07/14/2021 08:00:00 AM,105,11,94
07/14/2021 09:00:00 AM,55,8,47
07/14/2021 10:00:00 AM,35,11,24
07/14/2021 11:00:00 AM,35,12,23
07/14/2021 12:00:00 PM,27,10,17
07/14/2021 01:00:00 PM,56,34,22
07/14/2021 02:00:00 PM,65,39,26
07/14/2021 03:00:00 PM,87,62,25
07/14/2021 04:00:00 PM,121,93,28
07/14/2021 05:00:00 PM,149,127,22
07/14/2021 06:00:00 PM,111,84,27
07/14/2021 07:00:00 PM,67,44,23
07/14/2021 08:00:00 PM,52,36,16
07/14/2021 09:00:00 PM,21,11,10
07/14/2021 10:00:00 PM,13,6,7
07/14/2021 11:00:00 PM,7,5,2
07/15/2021 12:00:00 AM,2,2,0
07/15/2021 01:00:00 AM,2,1,1
07/15/2021 02:00:00 AM,4,2,2
07/15/2021 03:00:00 AM,2,2,0
07/15/2021 04:00:00 AM,6,0,6
07/15/2021 05:00:00 AM,26,3,23
07/15/2021 06:00:00 AM,77,2,75
07/15/2021 07:00:00 AM,104,8,96
07/15/2021 08:00:00 AM,96,10,86
07/15/2021 09:00:00 AM,64,7,57
07/15/2021 10:00:00 AM,39,12,27
07/15/2021 11:00:00 AM,46,23,23
07/15/2021 12:00:00 PM,29,11,18
07/15/2021 01:00:00 PM,25,8,17
07/15/2021 02:00:00 PM,50,33,17
07/15/2021 03:00:00 PM,69,47,22
07/15/2021 04:00:00 PM,109,77,32
07/15/2021 05:00:00 PM,145,126,19
07/15/2021 06:00:00 PM,90,74,16
07/15/2021 07:00:00 PM,56,34,22
07/15/2021 08:00:00 PM,46,36,10
07/15/2021 09:00:00 PM,33,20,13
07/15/2021 10:00:00 PM,19,7,12
07/15/2021 11:00:00 PM,7,5,2
07/16/2021 12:00:00 AM,5,4,1
07/16/2021 01:00:00 AM,4,2,2
07/16/2021 02:00:00 AM,3,0,3
07/16/2021 03:00:00 AM,4,0,4
07/16/2021 04:00:00 AM,6,1,5
07/16/2021 05:00:00 AM,35,10,25
07/16/2021 06:00:00 AM,51,7,44
07/16/2021 07:00:00 AM,75,8,67
07/16/2021 08:00:00 AM,74,11,63
07/16/2021 09:00:00 AM,66,20,46
07/16/2021 10:00:00 AM,35,11,24
07/16/2021 11:00:00 AM,31,15,16
07/16/2021 12:00:00 PM,47,22,25
07/16/2021 01:00:00 PM,45,27,18
07/16/2021 02:00:00 PM,52,31,21
07/16/2021 03:00:00 PM,78,49,29
07/16/2021 04:00:00 PM,101,69,32
07/16/2021 05:00:00 PM,96,73,23
07/16/2021 06:00:00 PM,71,60,11
07/16/2021 07:00:00 PM,39,24,15
07/16/2021 08:00:00 PM,25,16,9
07/16/2021 09:00:00 PM,16,10,6
07/16/2021 10:00:00 PM,12,5,7
07/16/2021 11:00:00 PM,9,7,2
07/17/2021 12:00:00 AM,5,5,0
07/17/2021 01:00:00 AM,11,2,9
07/17/2021 02:00:00 AM,2,1,1
07/17/2021 03:00:00 AM,0,0,0
07/17/2021 04:00:00 AM,4,1,3
07/17/2021 05:00:00 AM,3,0,3
07/17/2021 06:00:00 AM,8,1,7
07/17/2021 07:00:00 AM,20,7,13
07/17/2021 08:00:00 AM,49,16,33
07/17/2021 09:00:00 AM,42,15,27
07/17/2021 10:00:00 AM,82,45,37
07/17/2021 11:00:00 AM,75,33,42
07/17/2021 12:00:00 PM,57,28,29
07/17/2021 01:00:00 PM,77,42,35
07/17/2021 02:00:00 PM,72,35,37
07/17/2021 03:00:00 PM,80,45,35
07/17/2021 04:00:00 PM,59,29,30
07/17/2021 05:00:00 PM,58,39,19
07/17/2021 06:00:00 PM,47,24,23
07/17/2021 07:00:00 PM,31,17,14
07/17/2021 08:00:00 PM,35,12,23
07/17/2021 09:00:00 PM,20,8,12
07/17/2021 10:00:00 PM,12,6,6
07/17/2021 11:00:00 PM,6,3,3
07/18/2021 12:00:00 AM,6,6,0
07/18/2021 01:00:00 AM,1,0,1
07/18/2021 02:00:00 AM,0,0,0
07/18/2021 03:00:00 AM,4,4,0
07/18/2021 04:00:00 AM,4,0,4
07/18/2021 05:00:00 AM,8,4,4
07/18/2021 06:00:00 AM,13,4,9
07/18/2021 07:00:00 AM,22,4,18
07/18/2021 08:00:00 AM,30,13,17
07/18/2021 09:00:00 AM,54,31,23
07/18/2021 10:00:00 AM,65,29,36
07/18/2021 11:00:00 AM,75,36,39
07/18/2021 12:00:00 PM,84,44,40
07/18/2021 01:00:00 PM,83,39,44
07/18/2021 02:00:00 PM,73,42,31
07/18/2021 03:00:00 PM,68,34,34
07/18/2021 04:00:00 PM,60,40,20
07/18/2021 05:00:00 PM,48,26,22
07/18/2021 06:00:00 PM,47,25,22
07/18/2021 07:00:00 PM,29,14,15
07/18/2021 08:00:00 PM,42,23,19
07/18/2021 09:00:00 PM,11,7,4
07/18/2021 10:00:00 PM,17,11,6
07/18/2021 11:00:00 PM,4,4,0
07/19/2021 12:00:00 AM,5,4,1
07/19/2021 01:00:00 AM,3,0,3
07/19/2021 02:00:00 AM,1,0,1
07/19/2021 03:00:00 AM,1,0,1
07/19/2021 04:00:00 AM,7,0,7
07/19/2021 05:00:00 AM,43,12,31
07/19/2021 06:00:00 AM,64,4,60
07/19/2021 07:00:00 AM,97,11,86
07/19/2021 08:00:00 AM,96,11,85
07/19/2021 09:00:00 AM,40,5,35
07/19/2021 10:00:00 AM,38,9,29
07/19/2021 11:00:00 AM,44,21,23
07/19/2021 12:00:00 PM,49,23,26
07/19/2021 01:00:00 PM,45,21,24
07/19/2021 02:00:00 PM,63,39,24
07/19/2021 03:00:00 PM,92,57,35
07/19/2021 04:00:00 PM,103,75,28
07/19/2021 05:00:00 PM,171,132,39
07/19/2021 06:00:00 PM,113,91,22
07/19/2021 07:00:00 PM,67,53,14
07/19/2021 08:00:00 PM,34,21,13
07/19/2021 09:00:00 PM,34,11,23
07/19/2021 10:00:00 PM,13,6,7
07/19/2021 11:00:00 PM,6,5,1
07/20/2021 12:00:00 AM,4,4,0
07/20/2021 01:00:00 AM,3,2,1
07/20/2021 02:00:00 AM,3,1,2
07/20/2021 03:00:00 AM,2,2,0
07/20/2021 04:00:00 AM,15,2,13
07/20/2021 05:00:00 AM,32,6,26
07/20/2021 06:00:00 AM,77,5,72
07/20/2021 07:00:00 AM,105,7,98
07/20/2021 08:00:00 AM,114,13,101
07/20/2021 09:00:00 AM,57,13,44
07/20/2021 10:00:00 AM,27,7,20
07/20/2021 11:00:00 AM,44,15,29
07/20/2021 12:00:00 PM,34,18,16
07/20/2021 01:00:00 PM,32,17,15
07/20/2021 02:00:00 PM,42,26,16
07/20/2021 03:00:00 PM,89,66,23
07/20/2021 04:00:00 PM,117,87,30
07/20/2021 05:00:00 PM,141,111,30
07/20/2021 06:00:00 PM,109,90,19
07/20/2021 07:00:00 PM,52,37,15
07/20/2021 08:00:00 PM,53,31,22
07/20/2021 09:00:00 PM,29,24,5
07/20/2021 10:00:00 PM,15,9,6
07/20/2021 11:00:00 PM,10,8,2
07/21/2021 12:00:00 AM,2,1,1
07/21/2021 01:00:00 AM,1,0,1
07/21/2021 02:00:00 AM,3,1,2
07/21/2021 03:00:00 AM,3,0,3
07/21/2021 04:00:00 AM,9,0,9
07/21/2021 05:00:00 AM,39,7,32
07/21/2021 06:00:00 AM,78,10,68
07/21/2021 07:00:00 AM,111,10,101
07/21/2021 08:00:00 AM,114,19,95
07/21/2021 09:00:00 AM,65,16,49
07/21/2021 10:00:00 AM,47,14,33
07/21/2021 11:00:00 AM,24,4,20
07/21/2021 12:00:00 PM,28,17,11
07/21/2021 01:00:00 PM,42,19,23
07/21/2021 02:00:00 PM,56,31,25
07/21/2021 03:00:00 PM,82,50,32
07/21/2021 04:00:00 PM,120,81,39
07/21/2021 05:00:00 PM,161,138,23
07/21/2021 06:00:00 PM,115,86,29
07/21/2021 07:00:00 PM,63,48,15
07/21/2021 08:00:00 PM,44,29,15
07/21/2021 09:00:00 PM,32,23,9
07/21/2021 10:00:00 PM,17,15,2
07/21/2021 11:00:00 PM,10,7,3
07/22/2021 12:00:00 AM,2,2,0
07/22/2021 01:00:00 AM,1,0,1
07/22/2021 02:00:00 AM,6,1,5
07/22/2021 03:00:00 AM,1,0,1
07/22/2021 04:00:00 AM,8,2,6
07/22/2021 05:00:00 AM,36,6,30
07/22/2021 06:00:00 AM,73,9,64
07/22/2021 07:00:00 AM,120,11,109
07/22/2021 08:00:00 AM,122,14,108
07/22/2021 09:00:00 AM,83,20,63
07/22/2021 10:00:00 AM,46,12,34
07/22/2021 11:00:00 AM,45,23,22
07/22/2021 12:00:00 PM,38,17,21
07/22/2021 01:00:00 PM,59,32,27
07/22/2021 02:00:00 PM,75,38,37
07/22/2021 03:00:00 PM,92,69,23
07/22/2021 04:00:00 PM,143,91,52
07/22/2021 05:00:00 PM,176,141,35
07/22/2021 06:00:00 PM,114,77,37
07/22/2021 07:00:00 PM,71,46,25
07/22/2021 08:00:00 PM,59,49,10
07/22/2021 09:00:00 PM,32,21,11
07/22/2021 10:00:00 PM,30,21,9
07/22/2021 11:00:00 PM,14,13,1
07/23/2021 12:00:00 AM,4,4,0
07/23/2021 01:00:00 AM,5,4,1
07/23/2021 02:00:00 AM,5,4,1
07/23/2021 03:00:00 AM,2,1,1
07/23/2021 04:00:00 AM,6,0,6
07/23/2021 05:00:00 AM,33,4,29
07/23/2021 06:00:00 AM,62,7,55
07/23/2021 07:00:00 AM,100,12,88
07/23/2021 08:00:00 AM,85,18,67
07/23/2021 09:00:00 AM,72,22,50
07/23/2021 10:00:00 AM,58,17,41
07/23/2021 11:00:00 AM,55,27,28
07/23/2021 12:00:00 PM,58,29,29
07/23/2021 01:00:00 PM,66,35,31
07/23/2021 02:00:00 PM,69,45,24
07/23/2021 03:00:00 PM,96,60,36
07/23/2021 04:00:00 PM,130,93,37
07/23/2021 05:00:00 PM,137,98,39
07/23/2021 06:00:00 PM,82,51,31
07/23/2021 07:00:00 PM,55,36,19
07/23/2021 08:00:00 PM,18,13,5
07/23/2021 09:00:00 PM,27,21,6
07/23/2021 10:00:00 PM,31,24,7
07/23/2021 11:00:00 PM,24,20,4
07/24/2021 12:00:00 AM,19,12,7
07/24/2021 01:00:00 AM,7,3,4
07/24/2021 02:00:00 AM,7,5,2
07/24/2021 03:00:00 AM,5,3,2
07/24/2021 04:00:00 AM,6,1,5
07/24/2021 05:00:00 AM,8,2,6
07/24/2021 06:00:00 AM,18,6,12
07/24/2021 07:00:00 AM,27,13,14
07/24/2021 08:00:00 AM,48,10,38
07/24/2021 09:00:00 AM,70,29,41
07/24/2021 10:00:00 AM,90,40,50
07/24/2021 11:00:00 AM,87,36,51
07/24/2021 12:00:00 PM,106,57,49
07/24/2021 01:00:00 PM,98,59,39
07/24/2021 02:00:00 PM,77,45,32
07/24/2021 03:00:00 PM,88,55,33
07/24/2021 04:00:00 PM,77,33,44
07/24/2021 05:00:00 PM,68,43,25
07/24/2021 06:00:00 PM,62,33,29
07/24/2021 07:00:00 PM,41,13,28
07/24/2021 08:00:00 PM,32,17,15
07/24/2021 09:00:00 PM,28,21,7
07/24/2021 10:00:00 PM,15,7,8
07/24/2021 11:00:00 PM,22,17,5
07/25/2021 12:00:00 AM,11,10,1
07/25/2021 01:00:00 AM,2,1,1
07/25/2021 02:00:00 AM,2,2,0
07/25/2021 03:00:00 AM,4,0,4
07/25/2021 04:00:00 AM,5,1,4
07/25/2021 05:00:00 AM,6,1,5
07/25/2021 06:00:00 AM,8,4,4
07/25/2021 07:00:00 AM,27,10,17
07/25/2021 08:00:00 AM,55,24,31
07/25/2021 09:00:00 AM,51,25,26
07/25/2021 10:00:00 AM,117,72,45
07/25/2021 11:00:00 AM,139,76,63
07/25/2021 12:00:00 PM,133,49,84
07/25/2021 01:00:00 PM,122,55,67
07/25/2021 02:00:00 PM,94,43,51
07/25/2021 03:00:00 PM,70,36,34
07/25/2021 04:00:00 PM,73,45,28
07/25/2021 05:00:00 PM,82,36,46
07/25/2021 06:00:00 PM,37,18,19
07/25/2021 07:00:00 PM,36,18,18
07/25/2021 08:00:00 PM,42,36,6
07/25/2021 09:00:00 PM,20,13,7
07/25/2021 10:00:00 PM,9,5,4
07/25/2021 11:00:00 PM,9,4,5
07/26/2021 12:00:00 AM,7,2,5
07/26/2021 01:00:00 AM,5,3,2
07/26/2021 02:00:00 AM,2,0,2
07/26/2021 03:00:00 AM,1,1,0
07/26/2021 04:00:00 AM,12,2,10
07/26/2021 05:00:00 AM,31,7,24
07/26/2021 06:00:00 AM,78,9,69
07/26/2021 07:00:00 AM,93,5,88
07/26/2021 08:00:00 AM,92,9,83
07/26/2021 09:00:00 AM,61,8,53
07/26/2021 10:00:00 AM,43,15,28
07/26/2021 11:00:00 AM,39,16,23
07/26/2021 12:00:00 PM,37,12,25
07/26/2021 01:00:00 PM,51,36,15
07/26/2021 02:00:00 PM,46,25,21
07/26/2021 03:00:00 PM,73,57,16
07/26/2021 04:00:00 PM,107,74,33
07/26/2021 05:00:00 PM,156,135,21
07/26/2021 06:00:00 PM,94,70,24
07/26/2021 07:00:00 PM,60,39,21
07/26/2021 08:00:00 PM,29,19,10
07/26/2021 09:00:00 PM,15,8,7
07/26/2021 10:00:00 PM,21,13,8
07/26/2021 11:00:00 PM,16,15,1
07/27/2021 12:00:00 AM,7,6,1
07/27/2021 01:00:00 AM,4,2,2
07/27/2021 02:00:00 AM,7,4,3
07/27/2021 03:00:00 AM,3,0,3
07/27/2021 04:00:00 AM,10,0,10
07/27/2021 05:00:00 AM,39,7,32
07/27/2021 06:00:00 AM,79,11,68
07/27/2021 07:00:00 AM,124,9,115
07/27/2021 08:00:00 AM,107,12,95
07/27/2021 09:00:00 AM,72,20,52
07/27/2021 10:00:00 AM,52,19,33
07/27/2021 11:00:00 AM,39,18,21
07/27/2021 12:00:00 PM,53,26,27
07/27/2021 01:00:00 PM,41,25,16
07/27/2021 02:00:00 PM,64,38,26
07/27/2021 03:00:00 PM,98,77,21
07/27/2021 04:00:00 PM,141,101,40
07/27/2021 05:00:00 PM,138,108,30
07/27/2021 06:00:00 PM,107,85,22
07/27/2021 07:00:00 PM,54,40,14
07/27/2021 08:00:00 PM,36,15,21
07/27/2021 09:00:00 PM,33,23,10
07/27/2021 10:00:00 PM,20,15,5
07/27/2021 11:00:00 PM,27,24,3
07/28/2021 12:00:00 AM,2,1,1
07/28/2021 01:00:00 AM,1,1,0
07/28/2021 02:00:00 AM,5,0,5
07/28/2021 03:00:00 AM,1,0,1
07/28/2021 04:00:00 AM,10,0,10
07/28/2021 05:00:00 AM,33,10,23
07/28/2021 06:00:00 AM,84,8,76
07/28/2021 07:00:00 AM,112,5,107
07/28/2021 08:00:00 AM,108,18,90
07/28/2021 09:00:00 AM,62,13,49
07/28/2021 10:00:00 AM,55,16,39
07/28/2021 11:00:00 AM,54,19,35
07/28/2021 12:00:00 PM,40,17,23
07/28/2021 01:00:00 PM,43,23,20
07/28/2021 02:00:00 PM,51,36,15
07/28/2021 03:00:00 PM,79,53,26
07/28/2021 04:00:00 PM,103,78,25
07/28/2021 05:00:00 PM,175,145,30
07/28/2021 06:00:00 PM,81,67,14
07/28/2021 07:00:00 PM,60,47,13
07/28/2021 08:00:00 PM,47,38,9
07/28/2021 09:00:00 PM,22,13,9
07/28/2021 10:00:00 PM,16,10,6
07/28/2021 11:00:00 PM,7,6,1
07/29/2021 12:00:00 AM,6,4,2
07/29/2021 01:00:00 AM,4,1,3
07/29/2021 02:00:00 AM,2,0,2
07/29/2021 03:00:00 AM,3,2,1
07/29/2021 04:00:00 AM,13,2,11
07/29/2021 05:00:00 AM,36,7,29
07/29/2021 06:00:00 AM,78,8,70
07/29/2021 07:00:00 AM,94,10,84
07/29/2021 08:00:00 AM,123,14,109
07/29/2021 09:00:00 AM,70,17,53
07/29/2021 10:00:00 AM,39,14,25
07/29/2021 11:00:00 AM,31,6,25
07/29/2021 12:00:00 PM,42,22,20
07/29/2021 01:00:00 PM,30,16,14
07/29/2021 02:00:00 PM,49,30,19
07/29/2021 03:00:00 PM,74,49,25
07/29/2021 04:00:00 PM,131,100,31
07/29/2021 05:00:00 PM,170,139,31
07/29/2021 06:00:00 PM,110,75,35
07/29/2021 07:00:00 PM,55,40,15
07/29/2021 08:00:00 PM,31,26,5
07/29/2021 09:00:00 PM,29,15,14
07/29/2021 10:00:00 PM,16,10,6
07/29/2021 11:00:00 PM,8,6,2
07/30/2021 12:00:00 AM,4,3,1
07/30/2021 01:00:00 AM,4,2,2
07/30/2021 02:00:00 AM,5,3,2
07/30/2021 03:00:00 AM,1,0,1
07/30/2021 04:00:00 AM,8,1,7
07/30/2021 05:00:00 AM,37,5,32
07/30/2021 06:00:00 AM,67,4,63
07/30/2021 07:00:00 AM,90,7,83
07/30/2021 08:00:00 AM,82,14,68
07/30/2021 09:00:00 AM,61,17,44
07/30/2021 10:00:00 AM,49,18,31
07/30/2021 11:00:00 AM,35,12,23
07/30/2021 12:00:00 PM,45,26,19
07/30/2021 01:00:00 PM,51,29,22
07/30/2021 02:00:00 PM,76,51,25
07/30/2021 03:00:00 PM,81,61,20
07/30/2021 04:00:00 PM,94,68,26
07/30/2021 05:00:00 PM,140,107,33
07/30/2021 06:00:00 PM,82,60,22
07/30/2021 07:00:00 PM,51,35,16
07/30/2021 08:00:00 PM,34,16,18
07/30/2021 09:00:00 PM,18,14,4
07/30/2021 10:00:00 PM,13,8,5
07/30/2021 11:00:00 PM,7,7,0
07/31/2021 12:00:00 AM,6,4,2
07/31/2021 01:00:00 AM,9,3,6
07/31/2021 02:00:00 AM,6,2,4
07/31/2021 03:00:00 AM,2,2,0
07/31/2021 04:00:00 AM,12,4,8
07/31/2021 05:00:00 AM,8,1,7
07/31/2021 06:00:00 AM,7,2,5
07/31/2021 07:00:00 AM,22,8,14
07/31/2021 08:00:00 AM,46,17,29
07/31/2021 09:00:00 AM,38,16,22
07/31/2021 10:00:00 AM,68,24,44
07/31/2021 11:00:00 AM,63,38,25
07/31/2021 12:00:00 PM,78,40,38
07/31/2021 01:00:00 PM,74,31,43
07/31/2021 02:00:00 PM,79,29,50
07/31/2021 03:00:00 PM,65,42,23
07/31/2021 04:00:00 PM,51,25,26
07/31/2021 05:00:00 PM,51,28,23
07/31/2021 06:00:00 PM,73,59,14
07/31/2021 07:00:00 PM,24,14,10
07/31/2021 08:00:00 PM,34,18,16
07/31/2021 09:00:00 PM,19,6,13
07/31/2021 10:00:00 PM,19,10,9
07/31/2021 11:00:00 PM,7,5,2
08/01/2021 12:00:00 AM,3,2,1
08/01/2021 01:00:00 AM,7,5,2
08/01/2021 02:00:00 AM,2,0,2
08/01/2021 03:00:00 AM,3,2,1
08/01/2021 04:00:00 AM,8,2,6
08/01/2021 05:00:00 AM,3,0,3
08/01/2021 06:00:00 AM,14,5,9
08/01/2021 07:00:00 AM,41,2,39
08/01/2021 08:00:00 AM,47,9,38
08/01/2021 09:00:00 AM,62,36,26
08/01/2021 10:00:00 AM,81,32,49
08/01/2021 11:00:00 AM,64,32,32
08/01/2021 12:00:00 PM,99,48,51
08/01/2021 01:00:00 PM,65,41,24
08/01/2021 02:00:00 PM,95,48,47
08/01/2021 03:00:00 PM,81,53,28
08/01/2021 04:00:00 PM,49,36,13
08/01/2021 05:00:00 PM,50,26,24
08/01/2021 06:00:00 PM,44,27,17
08/01/2021 07:00:00 PM,29,18,11
08/01/2021 08:00:00 PM,11,7,4
08/01/2021 09:00:00 PM,13,3,10
08/01/2021 10:00:00 PM,9,7,2
08/01/2021 11:00:00 PM,5,2,3
08/02/2021 12:00:00 AM,3,1,2
08/02/2021 01:00:00 AM,2,1,1
08/02/2021 02:00:00 AM,2,2,0
08/02/2021 03:00:00 AM,1,1,0
08/02/2021 04:00:00 AM,12,1,11
08/02/2021 05:00:00 AM,40,9,31
08/02/2021 06:00:00 AM,72,11,61
08/02/2021 07:00:00 AM,103,12,91
08/02/2021 08:00:00 AM,103,8,95
08/02/2021 09:00:00 AM,61,15,46
08/02/2021 10:00:00 AM,36,6,30
08/02/2021 11:00:00 AM,38,15,23
08/02/2021 12:00:00 PM,52,25,27
08/02/2021 01:00:00 PM,42,19,23
08/02/2021 02:00:00 PM,50,27,23
08/02/2021 03:00:00 PM,98,66,32
08/02/2021 04:00:00 PM,125,89,36
08/02/2021 05:00:00 PM,151,118,33
08/02/2021 06:00:00 PM,93,75,18
08/02/2021 07:00:00 PM,38,30,8
08/02/2021 08:00:00 PM,42,28,14
08/02/2021 09:00:00 PM,29,17,12
08/02/2021 10:00:00 PM,10,6,4
08/02/2021 11:00:00 PM,7,6,1
08/03/2021 12:00:00 AM,8,4,4
08/03/2021 01:00:00 AM,3,3,0
08/03/2021 02:00:00 AM,4,1,3
08/03/2021 03:00:00 AM,1,0,1
08/03/2021 04:00:00 AM,9,1,8
08/03/2021 05:00:00 AM,37,4,33
08/03/2021 06:00:00 AM,80,8,72
08/03/2021 07:00:00 AM,124,15,109
08/03/2021 08:00:00 AM,105,11,94
08/03/2021 09:00:00 AM,64,20,44
08/03/2021 10:00:00 AM,48,9,39
08/03/2021 11:00:00 AM,45,17,28
08/03/2021 12:00:00 PM,51,19,32
08/03/2021 01:00:00 PM,40,26,14
08/03/2021 02:00:00 PM,54,33,21
08/03/2021 03:00:00 PM,78,59,19
08/03/2021 04:00:00 PM,138,106,32
08/03/2021 05:00:00 PM,159,123,36
08/03/2021 06:00:00 PM,115,88,27
08/03/2021 07:00:00 PM,79,63,16
08/03/2021 08:00:00 PM,38,17,21
08/03/2021 09:00:00 PM,20,14,6
08/03/2021 10:00:00 PM,12,10,2
08/03/2021 11:00:00 PM,11,8,3
08/04/2021 12:00:00 AM,5,5,0
08/04/2021 01:00:00 AM,0,0,0
08/04/2021 02:00:00 AM,5,3,2
08/04/2021 03:00:00 AM,1,0,1
08/04/2021 04:00:00 AM,15,0,15
08/04/2021 05:00:00 AM,38,8,30
08/04/2021 06:00:00 AM,77,9,68
08/04/2021 07:00:00 AM,110,16,94
08/04/2021 08:00:00 AM,106,12,94
08/04/2021 09:00:00 AM,77,17,60
08/04/2021 10:00:00 AM,53,17,36
08/04/2021 11:00:00 AM,55,28,27
08/04/2021 12:00:00 PM,53,32,21
08/04/2021 01:00:00 PM,44,21,23
08/04/2021 02:00:00 PM,63,35,28
08/04/2021 03:00:00 PM,75,42,33
08/04/2021 04:00:00 PM,146,109,37
08/04/2021 05:00:00 PM,170,127,43
08/04/2021 06:00:00 PM,120,78,42
08/04/2021 07:00:00 PM,69,44,25
08/04/2021 08:00:00 PM,39,29,10
08/04/2021 09:00:00 PM,56,43,13
08/04/2021 10:00:00 PM,9,8,1
08/04/2021 11:00:00 PM,14,13,1
08/05/2021 12:00:00 AM,6,3,3
08/05/2021 01:00:00 AM,0,0,0
08/05/2021 02:00:00 AM,3,1,2
08/05/2021 03:00:00 AM,4,1,3
08/05/2021 04:00:00 AM,6,0,6
08/05/2021 05:00:00 AM,37,9,28
08/05/2021 06:00:00 AM,82,8,74
08/05/2021 07:00:00 AM,119,8,111
08/05/2021 08:00:00 AM,101,17,84
08/05/2021 09:00:00 AM,65,17,48
08/05/2021 10:00:00 AM,38,15,23
08/05/2021 11:00:00 AM,29,9,20
08/05/2021 12:00:00 PM,36,17,19
08/05/2021 01:00:00 PM,44,18,26
08/05/2021 02:00:00 PM,62,39,23
08/05/2021 03:00:00 PM,89,60,29
08/05/2021 04:00:00 PM,126,91,35
08/05/2021 05:00:00 PM,146,110,36
08/05/2021 06:00:00 PM,118,80,38
08/05/2021 07:00:00 PM,65,50,15
08/05/2021 08:00:00 PM,44,35,9
08/05/2021 09:00:00 PM,31,26,5
08/05/2021 10:00:00 PM,13,10,3
08/05/2021 11:00:00 PM,12,8,4
08/06/2021 12:00:00 AM,6,6,0
08/06/2021 01:00:00 AM,2,2,0
08/06/2021 02:00:00 AM,5,1,4
08/06/2021 03:00:00 AM,3,3,0
08/06/2021 04:00:00 AM,9,0,9
08/06/2021 05:00:00 AM,33,6,27
08/06/2021 06:00:00 AM,42,6,36
08/06/2021 07:00:00 AM,71,4,67
08/06/2021 08:00:00 AM,66,17,49
08/06/2021 09:00:00 AM,47,20,27
08/06/2021 10:00:00 AM,46,17,29
08/06/2021 11:00:00 AM,40,11,29
08/06/2021 12:00:00 PM,43,19,24
08/06/2021 01:00:00 PM,56,25,31
08/06/2021 02:00:00 PM,58,38,20
08/06/2021 03:00:00 PM,67,39,28
08/06/2021 04:00:00 PM,108,79,29
08/06/2021 05:00:00 PM,99,74,25
08/06/2021 06:00:00 PM,72,50,22
08/06/2021 07:00:00 PM,117,74,43
08/06/2021 08:00:00 PM,16,10,6
08/06/2021 09:00:00 PM,22,16,6
08/06/2021 10:00:00 PM,16,12,4
08/06/2021 11:00:00 PM,10,8,2
08/07/2021 12:00:00 AM,7,2,5
08/07/2021 01:00:00 AM,10,5,5
08/07/2021 02:00:00 AM,4,2,2
08/07/2021 03:00:00 AM,3,2,1
08/07/2021 04:00:00 AM,4,0,4
08/07/2021 05:00:00 AM,5,0,5
08/07/2021 06:00:00 AM,10,3,7
08/07/2021 07:00:00 AM,15,7,8
08/07/2021 08:00:00 AM,45,18,27
08/07/2021 09:00:00 AM,45,24,21
08/07/2021 10:00:00 AM,51,29,22
08/07/2021 11:00:00 AM,81,39,42
08/07/2021 12:00:00 PM,43,15,28
08/07/2021 01:00:00 PM,75,33,42
08/07/2021 02:00:00 PM,73,38,35
08/07/2021 03:00:00 PM,72,44,28
08/07/2021 04:00:00 PM,81,44,37
08/07/2021 05:00:00 PM,60,42,18
08/07/2021 06:00:00 PM,40,20,20
08/07/2021 07:00:00 PM,25,14,11
08/07/2021 08:00:00 PM,22,8,14
08/07/2021 09:00:00 PM,30,10,20
08/07/2021 10:00:00 PM,6,3,3
08/07/2021 11:00:00 PM,11,7,4
08/08/2021 12:00:00 AM,9,5,4
08/08/2021 01:00:00 AM,7,2,5
08/08/2021 02:00:00 AM,1,1,0
08/08/2021 03:00:00 AM,2,0,2
08/08/2021 04:00:00 AM,3,1,2
08/08/2021 05:00:00 AM,2,0,2
08/08/2021 06:00:00 AM,6,2,4
08/08/2021 07:00:00 AM,24,10,14
08/08/2021 08:00:00 AM,22,6,16
08/08/2021 09:00:00 AM,56,21,35
08/08/2021 10:00:00 AM,68,40,28
08/08/2021 11:00:00 AM,96,50,46
08/08/2021 12:00:00 PM,70,33,37
08/08/2021 01:00:00 PM,84,46,38
08/08/2021 02:00:00 PM,81,46,35
08/08/2021 03:00:00 PM,84,43,41
08/08/2021 04:00:00 PM,97,51,46
08/08/2021 05:00:00 PM,58,40,18
08/08/2021 06:00:00 PM,58,40,18
08/08/2021 07:00:00 PM,34,18,16
08/08/2021 08:00:00 PM,25,9,16
08/08/2021 09:00:00 PM,11,1,10
08/08/2021 10:00:00 PM,15,12,3
08/08/2021 11:00:00 PM,5,4,1
08/09/2021 12:00:00 AM,4,4,0
08/09/2021 01:00:00 AM,0,0,0
08/09/2021 02:00:00 AM,3,1,2
08/09/2021 03:00:00 AM,3,2,1
08/09/2021 04:00:00 AM,7,0,7
08/09/2021 05:00:00 AM,37,6,31
08/09/2021 06:00:00 AM,87,4,83
08/09/2021 07:00:00 AM,109,11,98
08/09/2021 08:00:00 AM,97,12,85
08/09/2021 09:00:00 AM,58,14,44
08/09/2021 10:00:00 AM,40,11,29
08/09/2021 11:00:00 AM,35,12,23
08/09/2021 12:00:00 PM,63,31,32
08/09/2021 01:00:00 PM,58,33,25
08/09/2021 02:00:00 PM,75,43,32
08/09/2021 03:00:00 PM,74,59,15
08/09/2021 04:00:00 PM,135,103,32
08/09/2021 05:00:00 PM,158,129,29
08/09/2021 06:00:00 PM,100,82,18
08/09/2021 07:00:00 PM,67,43,24
08/09/2021 08:00:00 PM,27,14,13
08/09/2021 09:00:00 PM,20,13,7
08/09/2021 10:00:00 PM,9,6,3
08/09/2021 11:00:00 PM,5,4,1
08/10/2021 12:00:00 AM,8,7,1
08/10/2021 01:00:00 AM,2,0,2
08/10/2021 02:00:00 AM,4,1,3
08/10/2021 03:00:00 AM,2,1,1
08/10/2021 04:00:00 AM,9,2,7
08/10/2021 05:00:00 AM,33,5,28
08/10/2021 06:00:00 AM,86,7,79
08/10/2021 07:00:00 AM,108,9,99
08/10/2021 08:00:00 AM,113,12,101
08/10/2021 09:00:00 AM,51,19,32
08/10/2021 10:00:00 AM,37,11,26
08/10/2021 11:00:00 AM,27,10,17
08/10/2021 12:00:00 PM,43,12,31
08/10/2021 01:00:00 PM,43,25,18
08/10/2021 02:00:00 PM,69,38,31
08/10/2021 03:00:00 PM,88,72,16
08/10/2021 04:00:00 PM,119,88,31
08/10/2021 05:00:00 PM,156,126,30
08/10/2021 06:00:00 PM,96,70,26
08/10/2021 07:00:00 PM,54,37,17
08/10/2021 08:00:00 PM,29,15,14
08/10/2021 09:00:00 PM,28,23,5
08/10/2021 10:00:00 PM,8,8,0
08/10/2021 11:00:00 PM,9,6,3
08/11/2021 12:00:00 AM,4,3,1
08/11/2021 01:00:00 AM,1,0,1
08/11/2021 02:00:00 AM,5,1,4
08/11/2021 03:00:00 AM,2,1,1
08/11/2021 04:00:00 AM,14,3,11
08/11/2021 05:00:00 AM,41,7,34
08/11/2021 06:00:00 AM,80,7,73
08/11/2021 07:00:00 AM,97,9,88
08/11/2021 08:00:00 AM,111,18,93
08/11/2021 09:00:00 AM,68,18,50
08/11/2021 10:00:00 AM,61,24,37
08/11/2021 11:00:00 AM,40,21,19
08/11/2021 12:00:00 PM,56,21,35
08/11/2021 01:00:00 PM,42,23,19
08/11/2021 02:00:00 PM,71,47,24
08/11/2021 03:00:00 PM,68,51,17
08/11/2021 04:00:00 PM,116,89,27
08/11/2021 05:00:00 PM,142,120,22
08/11/2021 06:00:00 PM,82,62,20
08/11/2021 07:00:00 PM,59,46,13
08/11/2021 08:00:00 PM,51,31,20
08/11/2021 09:00:00 PM,26,17,9
08/11/2021 10:00:00 PM,13,6,7
08/11/2021 11:00:00 PM,11,8,3
08/12/2021 12:00:00 AM,5,4,1
08/12/2021 01:00:00 AM,8,3,5
08/12/2021 02:00:00 AM,7,2,5
08/12/2021 03:00:00 AM,3,2,1
08/12/2021 04:00:00 AM,12,2,10
08/12/2021 05:00:00 AM,29,7,22
08/12/2021 06:00:00 AM,70,6,64
08/12/2021 07:00:00 AM,110,7,103
08/12/2021 08:00:00 AM,118,15,103
08/12/2021 09:00:00 AM,63,16,47
08/12/2021 10:00:00 AM,41,18,23
08/12/2021 11:00:00 AM,42,19,23
08/12/2021 12:00:00 PM,48,18,30
08/12/2021 01:00:00 PM,31,17,14
08/12/2021 02:00:00 PM,40,24,16
08/12/2021 03:00:00 PM,75,62,13
08/12/2021 04:00:00 PM,106,79,27
08/12/2021 05:00:00 PM,113,93,20
08/12/2021 06:00:00 PM,89,70,19
08/12/2021 07:00:00 PM,46,37,9
08/12/2021 08:00:00 PM,29,21,8
08/12/2021 09:00:00 PM,20,17,3
08/12/2021 10:00:00 PM,13,9,4
08/12/2021 11:00:00 PM,8,5,3
08/13/2021 12:00:00 AM,7,4,3
08/13/2021 01:00:00 AM,2,2,0
08/13/2021 02:00:00 AM,3,1,2
08/13/2021 03:00:00 AM,1,0,1
08/13/2021 04:00:00 AM,7,1,6
08/13/2021 05:00:00 AM,38,9,29
08/13/2021 06:00:00 AM,58,7,51
08/13/2021 07:00:00 AM,58,9,49
08/13/2021 08:00:00 AM,80,15,65
08/13/2021 09:00:00 AM,31,11,20
08/13/2021 10:00:00 AM,30,14,16
08/13/2021 11:00:00 AM,24,10,14
08/13/2021 12:00:00 PM,22,11,11
08/13/2021 01:00:00 PM,37,16,21
08/13/2021 02:00:00 PM,47,37,10
08/13/2021 03:00:00 PM,44,33,11
08/13/2021 04:00:00 PM,81,59,22
08/13/2021 05:00:00 PM,81,48,33
08/13/2021 06:00:00 PM,43,31,12
08/13/2021 07:00:00 PM,42,32,10
08/13/2021 08:00:00 PM,23,14,9
08/13/2021 09:00:00 PM,20,10,10
08/13/2021 10:00:00 PM,25,13,12
08/13/2021 11:00:00 PM,21,15,6
08/14/2021 12:00:00 AM,13,6,7
08/14/2021 01:00:00 AM,4,2,2
08/14/2021 02:00:00 AM,3,1,2
08/14/2021 03:00:00 AM,2,2,0
08/14/2021 04:00:00 AM,3,1,2
08/14/2021 05:00:00 AM,8,2,6
08/14/2021 06:00:00 AM,11,3,8
08/14/2021 07:00:00 AM,26,8,18
08/14/2021 08:00:00 AM,51,23,28
08/14/2021 09:00:00 AM,34,16,18
08/14/2021 10:00:00 AM,70,39,31
08/14/2021 11:00:00 AM,49,26,23
08/14/2021 12:00:00 PM,77,42,35
08/14/2021 01:00:00 PM,67,33,34
08/14/2021 02:00:00 PM,69,22,47
08/14/2021 03:00:00 PM,76,47,29
08/14/2021 04:00:00 PM,65,33,32
08/14/2021 05:00:00 PM,55,32,23
08/14/2021 06:00:00 PM,48,17,31
08/14/2021 07:00:00 PM,39,19,20
08/14/2021 08:00:00 PM,20,12,8
08/14/2021 09:00:00 PM,11,8,3
08/14/2021 10:00:00 PM,18,11,7
08/14/2021 11:00:00 PM,23,16,7
08/15/2021 12:00:00 AM,11,9,2
08/15/2021 01:00:00 AM,2,2,0
08/15/2021 02:00:00 AM,4,3,1
08/15/2021 03:00:00 AM,5,0,5
08/15/2021 04:00:00 AM,5,0,5
08/15/2021 05:00:00 AM,4,1,3
08/15/2021 06:00:00 AM,14,5,9
08/15/2021 07:00:00 AM,22,8,14
08/15/2021 08:00:00 AM,34,9,25
08/15/2021 09:00:00 AM,54,30,24
08/15/2021 10:00:00 AM,98,49,49
08/15/2021 11:00:00 AM,91,34,57
08/15/2021 12:00:00 PM,70,34,36
08/15/2021 01:00:00 PM,87,43,44
08/15/2021 02:00:00 PM,74,33,41
08/15/2021 03:00:00 PM,77,50,27
08/15/2021 04:00:00 PM,60,31,29
08/15/2021 05:00:00 PM,60,41,19
08/15/2021 06:00:00 PM,52,25,27
08/15/2021 07:00:00 PM,27,18,9
08/15/2021 08:00:00 PM,29,11,18
08/15/2021 09:00:00 PM,10,8,2
08/15/2021 10:00:00 PM,14,8,6
08/15/2021 11:00:00 PM,5,3,2
08/16/2021 12:00:00 AM,4,4,0
08/16/2021 01:00:00 AM,0,0,0
08/16/2021 02:00:00 AM,4,2,2
08/16/2021 03:00:00 AM,2,1,1
08/16/2021 04:00:00 AM,11,3,8
08/16/2021 05:00:00 AM,37,7,30
08/16/2021 06:00:00 AM,78,7,71
08/16/2021 07:00:00 AM,88,6,82
08/16/2021 08:00:00 AM,86,4,82
08/16/2021 09:00:00 AM,44,4,40
08/16/2021 10:00:00 AM,37,9,28
08/16/2021 11:00:00 AM,35,18,17
08/16/2021 12:00:00 PM,40,11,29
08/16/2021 01:00:00 PM,38,25,13
08/16/2021 02:00:00 PM,53,29,24
08/16/2021 03:00:00 PM,65,44,21
08/16/2021 04:00:00 PM,110,89,21
08/16/2021 05:00:00 PM,114,97,17
08/16/2021 06:00:00 PM,71,61,10
08/16/2021 07:00:00 PM,34,27,7
08/16/2021 08:00:00 PM,27,17,10
08/16/2021 09:00:00 PM,10,6,4
08/16/2021 10:00:00 PM,4,2,2
08/16/2021 11:00:00 PM,5,4,1
08/17/2021 12:00:00 AM,5,4,1
08/17/2021 01:00:00 AM,2,2,0
08/17/2021 02:00:00 AM,5,1,4
08/17/2021 03:00:00 AM,4,3,1
08/17/2021 04:00:00 AM,9,0,9
08/17/2021 05:00:00 AM,42,7,35
08/17/2021 06:00:00 AM,80,8,72
08/17/2021 07:00:00 AM,96,8,88
08/17/2021 08:00:00 AM,117,8,109
08/17/2021 09:00:00 AM,56,21,35
08/17/2021 10:00:00 AM,31,9,22
08/17/2021 11:00:00 AM,48,27,21
08/17/2021 12:00:00 PM,44,18,26
08/17/2021 01:00:00 PM,46,22,24
08/17/2021 02:00:00 PM,50,33,17
08/17/2021 03:00:00 PM,74,57,17
08/17/2021 04:00:00 PM,127,99,28
08/17/2021 05:00:00 PM,161,122,39
08/17/2021 06:00:00 PM,120,90,30
08/17/2021 07:00:00 PM,59,38,21
08/17/2021 08:00:00 PM,27,19,8
08/17/2021 09:00:00 PM,14,12,2
08/17/2021 10:00:00 PM,11,6,5
08/17/2021 11:00:00 PM,10,8,2
08/18/2021 12:00:00 AM,6,5,1
08/18/2021 01:00:00 AM,4,1,3
08/18/2021 02:00:00 AM,5,0,5
08/18/2021 03:00:00 AM,4,2,2
08/18/2021 04:00:00 AM,5,0,5
08/18/2021 05:00:00 AM,45,5,40
08/18/2021 06:00:00 AM,81,10,71
08/18/2021 07:00:00 AM,99,10,89
08/18/2021 08:00:00 AM,88,14,74
08/18/2021 09:00:00 AM,51,10,41
08/18/2021 10:00:00 AM,45,10,35
08/18/2021 11:00:00 AM,33,17,16
08/18/2021 12:00:00 PM,35,14,21
08/18/2021 01:00:00 PM,41,19,22
08/18/2021 02:00:00 PM,54,38,16
08/18/2021 03:00:00 PM,100,56,44
08/18/2021 04:00:00 PM,132,100,32
08/18/2021 05:00:00 PM,157,120,37
08/18/2021 06:00:00 PM,101,84,17
08/18/2021 07:00:00 PM,66,45,21
08/18/2021 08:00:00 PM,36,24,12
08/18/2021 09:00:00 PM,15,9,6
08/18/2021 10:00:00 PM,8,3,5
08/18/2021 11:00:00 PM,9,8,1
08/19/2021 12:00:00 AM,3,3,0
08/19/2021 01:00:00 AM,1,0,1
08/19/2021 02:00:00 AM,7,2,5
08/19/2021 03:00:00 AM,2,1,1
08/19/2021 04:00:00 AM,7,3,4
08/19/2021 05:00:00 AM,38,5,33
08/19/2021 06:00:00 AM,75,9,66
08/19/2021 07:00:00 AM,114,14,100
08/19/2021 08:00:00 AM,102,10,92
08/19/2021 09:00:00 AM,54,12,42
08/19/2021 10:00:00 AM,35,12,23
08/19/2021 11:00:00 AM,37,15,22
08/19/2021 12:00:00 PM,51,23,28
08/19/2021 01:00:00 PM,51,24,27
08/19/2021 02:00:00 PM,55,31,24
08/19/2021 03:00:00 PM,83,52,31
08/19/2021 04:00:00 PM,109,89,20
08/19/2021 05:00:00 PM,159,131,28
08/19/2021 06:00:00 PM,110,83,27
08/19/2021 07:00:00 PM,44,30,14
08/19/2021 08:00:00 PM,39,24,15
08/19/2021 09:00:00 PM,27,14,13
08/19/2021 10:00:00 PM,10,6,4
08/19/2021 11:00:00 PM,11,11,0
08/20/2021 12:00:00 AM,4,4,0
08/20/2021 01:00:00 AM,2,2,0
08/20/2021 02:00:00 AM,10,4,6
08/20/2021 03:00:00 AM,2,0,2
08/20/2021 04:00:00 AM,9,2,7
08/20/2021 05:00:00 AM,28,4,24
08/20/2021 06:00:00 AM,54,8,46
08/20/2021 07:00:00 AM,77,8,69
08/20/2021 08:00:00 AM,92,12,80
08/20/2021 09:00:00 AM,56,19,37
08/20/2021 10:00:00 AM,45,33,12
08/20/2021 11:00:00 AM,44,12,32
08/20/2021 12:00:00 PM,60,36,24
08/20/2021 01:00:00 PM,43,27,16
08/20/2021 02:00:00 PM,89,42,47
08/20/2021 03:00:00 PM,75,41,34
08/20/2021 04:00:00 PM,87,69,18
08/20/2021 05:00:00 PM,121,98,23
08/20/2021 06:00:00 PM,64,47,17
08/20/2021 07:00:00 PM,55,35,20
08/20/2021 08:00:00 PM,33,15,18
08/20/2021 09:00:00 PM,12,10,2
08/20/2021 10:00:00 PM,9,5,4
08/20/2021 11:00:00 PM,13,11,2
08/21/2021 12:00:00 AM,4,3,1
08/21/2021 01:00:00 AM,6,3,3
08/21/2021 02:00:00 AM,5,3,2
08/21/2021 03:00:00 AM,3,3,0
08/21/2021 04:00:00 AM,5,1,4
08/21/2021 05:00:00 AM,6,1,5
08/21/2021 06:00:00 AM,15,5,10
08/21/2021 07:00:00 AM,21,3,18
08/21/2021 08:00:00 AM,51,28,23
08/21/2021 09:00:00 AM,51,26,25
08/21/2021 10:00:00 AM,57,22,35
08/21/2021 11:00:00 AM,58,25,33
08/21/2021 12:00:00 PM,63,39,24
08/21/2021 01:00:00 PM,72,39,33
08/21/2021 02:00:00 PM,63,38,25
08/21/2021 03:00:00 PM,75,32,43
08/21/2021 04:00:00 PM,91,42,49
08/21/2021 05:00:00 PM,58,29,29
08/21/2021 06:00:00 PM,55,30,25
08/21/2021 07:00:00 PM,36,18,18
08/21/2021 08:00:00 PM,29,16,13
08/21/2021 09:00:00 PM,25,21,4
08/21/2021 10:00:00 PM,15,13,2
08/21/2021 11:00:00 PM,12,10,2
08/22/2021 12:00:00 AM,5,3,2
08/22/2021 01:00:00 AM,5,5,0
08/22/2021 02:00:00 AM,5,3,2
08/22/2021 03:00:00 AM,0,0,0
08/22/2021 04:00:00 AM,7,2,5
08/22/2021 05:00:00 AM,6,0,6
08/22/2021 06:00:00 AM,9,3,6
08/22/2021 07:00:00 AM,9,4,5
08/22/2021 08:00:00 AM,35,10,25
08/22/2021 09:00:00 AM,36,11,25
08/22/2021 10:00:00 AM,65,34,31
08/22/2021 11:00:00 AM,53,23,30
08/22/2021 12:00:00 PM,62,33,29
08/22/2021 01:00:00 PM,70,35,35
08/22/2021 02:00:00 PM,72,44,28
08/22/2021 03:00:00 PM,54,32,22
08/22/2021 04:00:00 PM,58,26,32
08/22/2021 05:00:00 PM,42,25,17
08/22/2021 06:00:00 PM,36,21,15
08/22/2021 07:00:00 PM,24,15,9
08/22/2021 08:00:00 PM,18,13,5
08/22/2021 09:00:00 PM,9,6,3
08/22/2021 10:00:00 PM,3,2,1
08/22/2021 11:00:00 PM,3,3,0
08/23/2021 12:00:00 AM,2,1,1
08/23/2021 01:00:00 AM,4,3,1
08/23/2021 02:00:00 AM,0,0,0
08/23/2021 03:00:00 AM,1,1,0
08/23/2021 04:00:00 AM,14,2,12
08/23/2021 05:00:00 AM,33,7,26
08/23/2021 06:00:00 AM,74,9,65
08/23/2021 07:00:00 AM,90,6,84
08/23/2021 08:00:00 AM,99,6,93
08/23/2021 09:00:00 AM,45,17,28
08/23/2021 10:00:00 AM,29,10,19
08/23/2021 11:00:00 AM,36,13,23
08/23/2021 12:00:00 PM,49,20,29
08/23/2021 01:00:00 PM,45,22,23
08/23/2021 02:00:00 PM,62,45,17
08/23/2021 03:00:00 PM,74,49,25
08/23/2021 04:00:00 PM,141,100,41
08/23/2021 05:00:00 PM,127,108,19
08/23/2021 06:00:00 PM,117,92,25
08/23/2021 07:00:00 PM,69,42,27
08/23/2021 08:00:00 PM,42,24,18
08/23/2021 09:00:00 PM,29,20,9
08/23/2021 10:00:00 PM,9,6,3
08/23/2021 11:00:00 PM,8,6,2
08/24/2021 12:00:00 AM,3,2,1
08/24/2021 01:00:00 AM,5,3,2
08/24/2021 02:00:00 AM,2,0,2
08/24/2021 03:00:00 AM,5,1,4
08/24/2021 04:00:00 AM,8,0,8
08/24/2021 05:00:00 AM,34,4,30
08/24/2021 06:00:00 AM,81,5,76
08/24/2021 07:00:00 AM,107,12,95
08/24/2021 08:00:00 AM,119,13,106
08/24/2021 09:00:00 AM,39,12,27
08/24/2021 10:00:00 AM,41,15,26
08/24/2021 11:00:00 AM,42,18,24
08/24/2021 12:00:00 PM,41,18,23
08/24/2021 01:00:00 PM,41,24,17
08/24/2021 02:00:00 PM,74,38,36
08/24/2021 03:00:00 PM,76,47,29
08/24/2021 04:00:00 PM,134,109,25
08/24/2021 05:00:00 PM,176,139,37
08/24/2021 06:00:00 PM,104,78,26
08/24/2021 07:00:00 PM,59,42,17
08/24/2021 08:00:00 PM,29,14,15
08/24/2021 09:00:00 PM,21,13,8
08/24/2021 10:00:00 PM,11,9,2
08/24/2021 11:00:00 PM,6,3,3
08/25/2021 12:00:00 AM,6,4,2
08/25/2021 01:00:00 AM,4,4,0
08/25/2021 02:00:00 AM,3,0,3
08/25/2021 03:00:00 AM,1,0,1
08/25/2021 04:00:00 AM,12,1,11
08/25/2021 05:00:00 AM,29,9,20
08/25/2021 06:00:00 AM,70,4,66
08/25/2021 07:00:00 AM,104,9,95
08/25/2021 08:00:00 AM,98,11,87
08/25/2021 09:00:00 AM,63,19,44
08/25/2021 10:00:00 AM,48,15,33
08/25/2021 11:00:00 AM,41,12,29
08/25/2021 12:00:00 PM,50,20,30
08/25/2021 01:00:00 PM,52,33,19
08/25/2021 02:00:00 PM,74,47,27
08/25/2021 03:00:00 PM,85,50,35
08/25/2021 04:00:00 PM,131,95,36
08/25/2021 05:00:00 PM,156,131,25
08/25/2021 06:00:00 PM,83,65,18
08/25/2021 07:00:00 PM,73,49,24
08/25/2021 08:00:00 PM,35,23,12
08/25/2021 09:00:00 PM,19,14,5
08/25/2021 10:00:00 PM,11,11,0
08/25/2021 11:00:00 PM,8,8,0
08/26/2021 12:00:00 AM,1,1,0
08/26/2021 01:00:00 AM,5,2,3
08/26/2021 02:00:00 AM,10,3,7
08/26/2021 03:00:00 AM,0,0,0
08/26/2021 04:00:00 AM,8,4,4
08/26/2021 05:00:00 AM,29,5,24
08/26/2021 06:00:00 AM,60,5,55
08/26/2021 07:00:00 AM,94,8,86
08/26/2021 08:00:00 AM,103,12,91
08/26/2021 09:00:00 AM,61,9,52
08/26/2021 10:00:00 AM,30,14,16
08/26/2021 11:00:00 AM,52,22,30
08/26/2021 12:00:00 PM,42,17,25
08/26/2021 01:00:00 PM,43,22,21
08/26/2021 02:00:00 PM,49,29,20
08/26/2021 03:00:00 PM,75,52,23
08/26/2021 04:00:00 PM,85,66,19
08/26/2021 05:00:00 PM,131,110,21
08/26/2021 06:00:00 PM,92,71,21
08/26/2021 07:00:00 PM,56,41,15
08/26/2021 08:00:00 PM,32,23,9
08/26/2021 09:00:00 PM,18,11,7
08/26/2021 10:00:00 PM,14,13,1
08/26/2021 11:00:00 PM,6,5,1
08/27/2021 12:00:00 AM,16,12,4
08/27/2021 01:00:00 AM,1,0,1
08/27/2021 02:00:00 AM,3,0,3
08/27/2021 03:00:00 AM,2,1,1
08/27/2021 04:00:00 AM,3,1,2
08/27/2021 05:00:00 AM,33,4,29
08/27/2021 06:00:00 AM,55,5,50
08/27/2021 07:00:00 AM,89,14,75
08/27/2021 08:00:00 AM,73,5,68
08/27/2021 09:00:00 AM,41,11,30
08/27/2021 10:00:00 AM,27,10,17
08/27/2021 11:00:00 AM,44,24,20
08/27/2021 12:00:00 PM,47,29,18
08/27/2021 01:00:00 PM,45,20,25
08/27/2021 02:00:00 PM,61,36,25
08/27/2021 03:00:00 PM,69,36,33
08/27/2021 04:00:00 PM,101,76,25
08/27/2021 05:00:00 PM,93,72,21
08/27/2021 06:00:00 PM,70,46,24
08/27/2021 07:00:00 PM,44,34,10
08/27/2021 08:00:00 PM,18,12,6
08/27/2021 09:00:00 PM,13,12,1
08/27/2021 10:00:00 PM,10,9,1
08/27/2021 11:00:00 PM,5,5,0
08/28/2021 12:00:00 AM,12,7,5
08/28/2021 01:00:00 AM,3,1,2
08/28/2021 02:00:00 AM,2,0,2
08/28/2021 03:00:00 AM,2,1,1
08/28/2021 04:00:00 AM,4,1,3
08/28/2021 05:00:00 AM,3,0,3
08/28/2021 06:00:00 AM,12,3,9
08/28/2021 07:00:00 AM,21,5,16
08/28/2021 08:00:00 AM,62,28,34
08/28/2021 09:00:00 AM,86,43,43
08/28/2021 10:00:00 AM,87,41,46
08/28/2021 11:00:00 AM,121,70,51
08/28/2021 12:00:00 PM,105,52,53
08/28/2021 01:00:00 PM,77,49,28
08/28/2021 02:00:00 PM,93,43,50
08/28/2021 03:00:00 PM,71,42,29
08/28/2021 04:00:00 PM,71,30,41
08/28/2021 05:00:00 PM,66,28,38
08/28/2021 06:00:00 PM,68,39,29
08/28/2021 07:00:00 PM,37,21,16
08/28/2021 08:00:00 PM,27,15,12
08/28/2021 09:00:00 PM,16,9,7
08/28/2021 10:00:00 PM,19,14,5
08/28/2021 11:00:00 PM,11,6,5
08/29/2021 12:00:00 AM,7,7,0
08/29/2021 01:00:00 AM,7,5,2
08/29/2021 02:00:00 AM,0,0,0
08/29/2021 03:00:00 AM,5,1,4
08/29/2021 04:00:00 AM,4,1,3
08/29/2021 05:00:00 AM,6,2,4
08/29/2021 06:00:00 AM,11,5,6
08/29/2021 07:00:00 AM,18,9,9
08/29/2021 08:00:00 AM,29,16,13
08/29/2021 09:00:00 AM,55,23,32
08/29/2021 10:00:00 AM,67,22,45
08/29/2021 11:00:00 AM,114,73,41
08/29/2021 12:00:00 PM,136,87,49
08/29/2021 01:00:00 PM,130,46,84
08/29/2021 02:00:00 PM,107,37,70
08/29/2021 03:00:00 PM,97,46,51
08/29/2021 04:00:00 PM,85,56,29
08/29/2021 05:00:00 PM,60,17,43
08/29/2021 06:00:00 PM,53,24,29
08/29/2021 07:00:00 PM,22,12,10
08/29/2021 08:00:00 PM,24,20,4
08/29/2021 09:00:00 PM,19,14,5
08/29/2021 10:00:00 PM,29,26,3
08/29/2021 11:00:00 PM,7,6,1
08/30/2021 12:00:00 AM,5,5,0
08/30/2021 01:00:00 AM,4,3,1
08/30/2021 02:00:00 AM,5,5,0
08/30/2021 03:00:00 AM,4,2,2
08/30/2021 04:00:00 AM,8,1,7
08/30/2021 05:00:00 AM,37,6,31
08/30/2021 06:00:00 AM,78,8,70
08/30/2021 07:00:00 AM,99,14,85
08/30/2021 08:00:00 AM,85,10,75
08/30/2021 09:00:00 AM,44,11,33
08/30/2021 10:00:00 AM,27,9,18
08/30/2021 11:00:00 AM,30,7,23
08/30/2021 12:00:00 PM,25,11,14
08/30/2021 01:00:00 PM,33,19,14
08/30/2021 02:00:00 PM,46,28,18
08/30/2021 03:00:00 PM,75,60,15
08/30/2021 04:00:00 PM,99,74,25
08/30/2021 05:00:00 PM,125,107,18
08/30/2021 06:00:00 PM,77,60,17
08/30/2021 07:00:00 PM,32,26,6
08/30/2021 08:00:00 PM,21,16,5
08/30/2021 09:00:00 PM,7,6,1
08/30/2021 10:00:00 PM,4,4,0
08/30/2021 11:00:00 PM,16,12,4
08/31/2021 12:00:00 AM,3,2,1
08/31/2021 01:00:00 AM,2,2,0
08/31/2021 02:00:00 AM,3,0,3
08/31/2021 03:00:00 AM,2,1,1
08/31/2021 04:00:00 AM,5,0,5
08/31/2021 05:00:00 AM,26,3,23
08/31/2021 06:00:00 AM,71,8,63
08/31/2021 07:00:00 AM,124,12,112
08/31/2021 08:00:00 AM,89,6,83
08/31/2021 09:00:00 AM,48,16,32
08/31/2021 10:00:00 AM,32,10,22
08/31/2021 11:00:00 AM,28,14,14
08/31/2021 12:00:00 PM,40,17,23
08/31/2021 01:00:00 PM,36,20,16
08/31/2021 02:00:00 PM,48,33,15
08/31/2021 03:00:00 PM,27,19,8
08/31/2021 04:00:00 PM,0,0,0
08/31/2021 05:00:00 PM,0,0,0
08/31/2021 06:00:00 PM,0,0,0
08/31/2021 07:00:00 PM,0,0,0
08/31/2021 08:00:00 PM,0,0,0
08/31/2021 09:00:00 PM,0,0,0
08/31/2021 10:00:00 PM,0,0,0
08/31/2021 11:00:00 PM,0,0,0
09/01/2021 12:00:00 AM,0,0,0
09/01/2021 01:00:00 AM,0,0,0
09/01/2021 02:00:00 AM,0,0,0
09/01/2021 03:00:00 AM,0,0,0
09/01/2021 04:00:00 AM,0,0,0
09/01/2021 05:00:00 AM,0,0,0
09/01/2021 06:00:00 AM,0,0,0
09/01/2021 07:00:00 AM,0,0,0
09/01/2021 08:00:00 AM,0,0,0
09/01/2021 09:00:00 AM,0,0,0
09/01/2021 10:00:00 AM,0,0,0
09/01/2021 11:00:00 AM,0,0,0
09/01/2021 12:00:00 PM,0,0,0
09/01/2021 01:00:00 PM,0,0,0
09/01/2021 02:00:00 PM,0,0,0
09/01/2021 03:00:00 PM,0,0,0
09/01/2021 04:00:00 PM,0,0,0
09/01/2021 05:00:00 PM,0,0,0
09/01/2021 06:00:00 PM,0,0,0
09/01/2021 07:00:00 PM,0,0,0
09/01/2021 08:00:00 PM,0,0,0
09/01/2021 09:00:00 PM,0,0,0
09/01/2021 10:00:00 PM,0,0,0
09/01/2021 11:00:00 PM,0,0,0
09/02/2021 12:00:00 AM,0,0,0
09/02/2021 01:00:00 AM,0,0,0
09/02/2021 02:00:00 AM,0,0,0
09/02/2021 03:00:00 AM,0,0,0
09/02/2021 04:00:00 AM,0,0,0
09/02/2021 05:00:00 AM,0,0,0
09/02/2021 06:00:00 AM,0,0,0
09/02/2021 07:00:00 AM,0,0,0
09/02/2021 08:00:00 AM,0,0,0
09/02/2021 09:00:00 AM,0,0,0
09/02/2021 10:00:00 AM,0,0,0
09/02/2021 11:00:00 AM,0,0,0
09/02/2021 12:00:00 PM,0,0,0
09/02/2021 01:00:00 PM,0,0,0
09/02/2021 02:00:00 PM,0,0,0
09/02/2021 03:00:00 PM,0,0,0
09/02/2021 04:00:00 PM,0,0,0
09/02/2021 05:00:00 PM,0,0,0
09/02/2021 06:00:00 PM,0,0,0
09/02/2021 07:00:00 PM,0,0,0
09/02/2021 08:00:00 PM,1,0,1
09/02/2021 09:00:00 PM,0,0,0
09/02/2021 10:00:00 PM,0,0,0
09/02/2021 11:00:00 PM,0,0,0
09/03/2021 12:00:00 AM,0,0,0
09/03/2021 01:00:00 AM,0,0,0
09/03/2021 02:00:00 AM,0,0,0
09/03/2021 03:00:00 AM,0,0,0
09/03/2021 04:00:00 AM,0,0,0
09/03/2021 05:00:00 AM,0,0,0
09/03/2021 06:00:00 AM,0,0,0
09/03/2021 07:00:00 AM,0,0,0
09/03/2021 08:00:00 AM,0,0,0
09/03/2021 09:00:00 AM,0,0,0
09/03/2021 10:00:00 AM,0,0,0
09/03/2021 11:00:00 AM,0,0,0
09/03/2021 12:00:00 PM,0,0,0
09/03/2021 01:00:00 PM,0,0,0
09/03/2021 02:00:00 PM,0,0,0
09/03/2021 03:00:00 PM,0,0,0
09/03/2021 04:00:00 PM,0,0,0
09/03/2021 05:00:00 PM,0,0,0
09/03/2021 06:00:00 PM,0,0,0
09/03/2021 07:00:00 PM,0,0,0
09/03/2021 08:00:00 PM,0,0,0
09/03/2021 09:00:00 PM,0,0,0
09/03/2021 10:00:00 PM,0,0,0
09/03/2021 11:00:00 PM,0,0,0
09/04/2021 12:00:00 AM,0,0,0
09/04/2021 01:00:00 AM,0,0,0
09/04/2021 02:00:00 AM,0,0,0
09/04/2021 03:00:00 AM,0,0,0
09/04/2021 04:00:00 AM,0,0,0
09/04/2021 05:00:00 AM,0,0,0
09/04/2021 06:00:00 AM,0,0,0
09/04/2021 07:00:00 AM,0,0,0
09/04/2021 08:00:00 AM,0,0,0
09/04/2021 09:00:00 AM,0,0,0
09/04/2021 10:00:00 AM,0,0,0
09/04/2021 11:00:00 AM,0,0,0
09/04/2021 12:00:00 PM,0,0,0
09/04/2021 01:00:00 PM,0,0,0
09/04/2021 02:00:00 PM,0,0,0
09/04/2021 03:00:00 PM,0,0,0
09/04/2021 04:00:00 PM,0,0,0
09/04/2021 05:00:00 PM,0,0,0
09/04/2021 06:00:00 PM,0,0,0
09/04/2021 07:00:00 PM,0,0,0
09/04/2021 08:00:00 PM,0,0,0
09/04/2021 09:00:00 PM,0,0,0
09/04/2021 10:00:00 PM,0,0,0
09/04/2021 11:00:00 PM,0,0,0
09/05/2021 12:00:00 AM,0,0,0
09/05/2021 01:00:00 AM,0,0,0
09/05/2021 02:00:00 AM,0,0,0
09/05/2021 03:00:00 AM,0,0,0
09/05/2021 04:00:00 AM,0,0,0
09/05/2021 05:00:00 AM,0,0,0
09/05/2021 06:00:00 AM,0,0,0
09/05/2021 07:00:00 AM,0,0,0
09/05/2021 08:00:00 AM,0,0,0
09/05/2021 09:00:00 AM,0,0,0
09/05/2021 10:00:00 AM,0,0,0
09/05/2021 11:00:00 AM,0,0,0
09/05/2021 12:00:00 PM,0,0,0
09/05/2021 01:00:00 PM,0,0,0
09/05/2021 02:00:00 PM,0,0,0
09/05/2021 03:00:00 PM,0,0,0
09/05/2021 04:00:00 PM,0,0,0
09/05/2021 05:00:00 PM,0,0,0
09/05/2021 06:00:00 PM,0,0,0
09/05/2021 07:00:00 PM,0,0,0
09/05/2021 08:00:00 PM,0,0,0
09/05/2021 09:00:00 PM,0,0,0
09/05/2021 10:00:00 PM,0,0,0
09/05/2021 11:00:00 PM,0,0,0
09/06/2021 12:00:00 AM,0,0,0
09/06/2021 01:00:00 AM,0,0,0
09/06/2021 02:00:00 AM,0,0,0
09/06/2021 03:00:00 AM,0,0,0
09/06/2021 04:00:00 AM,0,0,0
09/06/2021 05:00:00 AM,0,0,0
09/06/2021 06:00:00 AM,0,0,0
09/06/2021 07:00:00 AM,0,0,0
09/06/2021 08:00:00 AM,0,0,0
09/06/2021 09:00:00 AM,0,0,0
09/06/2021 10:00:00 AM,0,0,0
09/06/2021 11:00:00 AM,0,0,0
09/06/2021 12:00:00 PM,0,0,0
09/06/2021 01:00:00 PM,0,0,0
09/06/2021 02:00:00 PM,0,0,0
09/06/2021 03:00:00 PM,0,0,0
09/06/2021 04:00:00 PM,0,0,0
09/06/2021 05:00:00 PM,0,0,0
09/06/2021 06:00:00 PM,0,0,0
09/06/2021 07:00:00 PM,0,0,0
09/06/2021 08:00:00 PM,0,0,0
09/06/2021 09:00:00 PM,0,0,0
09/06/2021 10:00:00 PM,0,0,0
09/06/2021 11:00:00 PM,0,0,0
09/07/2021 12:00:00 AM,0,0,0
09/07/2021 01:00:00 AM,0,0,0
09/07/2021 02:00:00 AM,0,0,0
09/07/2021 03:00:00 AM,0,0,0
09/07/2021 04:00:00 AM,0,0,0
09/07/2021 05:00:00 AM,0,0,0
09/07/2021 06:00:00 AM,0,0,0
09/07/2021 07:00:00 AM,0,0,0
09/07/2021 08:00:00 AM,0,0,0
09/07/2021 09:00:00 AM,0,0,0
09/07/2021 10:00:00 AM,0,0,0
09/07/2021 11:00:00 AM,9,2,7
09/07/2021 12:00:00 PM,43,23,20
09/07/2021 01:00:00 PM,44,24,20
09/07/2021 02:00:00 PM,56,34,22
09/07/2021 03:00:00 PM,90,67,23
09/07/2021 04:00:00 PM,123,86,37
09/07/2021 05:00:00 PM,171,153,18
09/07/2021 06:00:00 PM,93,78,15
09/07/2021 07:00:00 PM,47,29,18
09/07/2021 08:00:00 PM,21,17,4
09/07/2021 09:00:00 PM,11,7,4
09/07/2021 10:00:00 PM,10,7,3
09/07/2021 11:00:00 PM,9,7,2
09/08/2021 12:00:00 AM,4,2,2
09/08/2021 01:00:00 AM,3,1,2
09/08/2021 02:00:00 AM,2,1,1
09/08/2021 03:00:00 AM,2,1,1
09/08/2021 04:00:00 AM,14,2,12
09/08/2021 05:00:00 AM,24,7,17
09/08/2021 06:00:00 AM,96,10,86
09/08/2021 07:00:00 AM,115,17,98
09/08/2021 08:00:00 AM,139,21,118
09/08/2021 09:00:00 AM,66,16,50
09/08/2021 10:00:00 AM,38,15,23
09/08/2021 11:00:00 AM,52,23,29
09/08/2021 12:00:00 PM,40,24,16
09/08/2021 01:00:00 PM,46,24,22
09/08/2021 02:00:00 PM,68,39,29
09/08/2021 03:00:00 PM,95,54,41
09/08/2021 04:00:00 PM,119,96,23
09/08/2021 05:00:00 PM,177,145,32
09/08/2021 06:00:00 PM,101,78,23
09/08/2021 07:00:00 PM,52,34,18
09/08/2021 08:00:00 PM,23,13,10
09/08/2021 09:00:00 PM,16,14,2
09/08/2021 10:00:00 PM,20,12,8
09/08/2021 11:00:00 PM,3,3,0
09/09/2021 12:00:00 AM,6,4,2
09/09/2021 01:00:00 AM,2,1,1
09/09/2021 02:00:00 AM,4,1,3
09/09/2021 03:00:00 AM,2,1,1
09/09/2021 04:00:00 AM,8,2,6
09/09/2021 05:00:00 AM,40,8,32
09/09/2021 06:00:00 AM,67,6,61
09/09/2021 07:00:00 AM,119,13,106
09/09/2021 08:00:00 AM,119,13,106
09/09/2021 09:00:00 AM,81,21,60
09/09/2021 10:00:00 AM,45,12,33
09/09/2021 11:00:00 AM,32,14,18
09/09/2021 12:00:00 PM,44,25,19
09/09/2021 01:00:00 PM,36,15,21
09/09/2021 02:00:00 PM,53,29,24
09/09/2021 03:00:00 PM,80,53,27
09/09/2021 04:00:00 PM,133,101,32
09/09/2021 05:00:00 PM,152,131,21
09/09/2021 06:00:00 PM,85,65,20
09/09/2021 07:00:00 PM,51,33,18
09/09/2021 08:00:00 PM,28,17,11
09/09/2021 09:00:00 PM,20,15,5
09/09/2021 10:00:00 PM,6,5,1
09/09/2021 11:00:00 PM,5,4,1
09/10/2021 12:00:00 AM,3,3,0
09/10/2021 01:00:00 AM,2,2,0
09/10/2021 02:00:00 AM,4,0,4
09/10/2021 03:00:00 AM,4,2,2
09/10/2021 04:00:00 AM,5,0,5
09/10/2021 05:00:00 AM,26,6,20
09/10/2021 06:00:00 AM,50,7,43
09/10/2021 07:00:00 AM,86,6,80
09/10/2021 08:00:00 AM,104,14,90
09/10/2021 09:00:00 AM,48,11,37
09/10/2021 10:00:00 AM,31,13,18
09/10/2021 11:00:00 AM,32,10,22
09/10/2021 12:00:00 PM,39,22,17
09/10/2021 01:00:00 PM,39,22,17
09/10/2021 02:00:00 PM,58,35,23
09/10/2021 03:00:00 PM,68,48,20
09/10/2021 04:00:00 PM,103,78,25
09/10/2021 05:00:00 PM,105,81,24
09/10/2021 06:00:00 PM,50,31,19
09/10/2021 07:00:00 PM,26,19,7
09/10/2021 08:00:00 PM,20,14,6
09/10/2021 09:00:00 PM,14,8,6
09/10/2021 10:00:00 PM,13,8,5
09/10/2021 11:00:00 PM,2,2,0
09/11/2021 12:00:00 AM,4,4,0
09/11/2021 01:00:00 AM,2,2,0
09/11/2021 02:00:00 AM,1,0,1
09/11/2021 03:00:00 AM,0,0,0
09/11/2021 04:00:00 AM,2,0,2
09/11/2021 05:00:00 AM,7,4,3
09/11/2021 06:00:00 AM,9,2,7
09/11/2021 07:00:00 AM,19,8,11
09/11/2021 08:00:00 AM,38,12,26
09/11/2021 09:00:00 AM,52,35,17
09/11/2021 10:00:00 AM,58,26,32
09/11/2021 11:00:00 AM,78,41,37
09/11/2021 12:00:00 PM,108,41,67
09/11/2021 01:00:00 PM,86,34,52
09/11/2021 02:00:00 PM,106,61,45
09/11/2021 03:00:00 PM,75,38,37
09/11/2021 04:00:00 PM,90,54,36
09/11/2021 05:00:00 PM,49,38,11
09/11/2021 06:00:00 PM,46,21,25
09/11/2021 07:00:00 PM,34,21,13
09/11/2021 08:00:00 PM,14,7,7
09/11/2021 09:00:00 PM,16,11,5
09/11/2021 10:00:00 PM,10,6,4
09/11/2021 11:00:00 PM,11,9,2
09/12/2021 12:00:00 AM,6,5,1
09/12/2021 01:00:00 AM,3,1,2
09/12/2021 02:00:00 AM,2,1,1
09/12/2021 03:00:00 AM,0,0,0
09/12/2021 04:00:00 AM,3,0,3
09/12/2021 05:00:00 AM,6,2,4
09/12/2021 06:00:00 AM,7,1,6
09/12/2021 07:00:00 AM,7,1,6
09/12/2021 08:00:00 AM,21,7,14
09/12/2021 09:00:00 AM,16,9,7
09/12/2021 10:00:00 AM,18,8,10
09/12/2021 11:00:00 AM,26,19,7
09/12/2021 12:00:00 PM,73,20,53
09/12/2021 01:00:00 PM,45,18,27
09/12/2021 02:00:00 PM,29,12,17
09/12/2021 03:00:00 PM,55,27,28
09/12/2021 04:00:00 PM,39,24,15
09/12/2021 05:00:00 PM,41,18,23
09/12/2021 06:00:00 PM,30,11,19
09/12/2021 07:00:00 PM,18,13,5
09/12/2021 08:00:00 PM,8,5,3
09/12/2021 09:00:00 PM,5,4,1
09/12/2021 10:00:00 PM,4,1,3
09/12/2021 11:00:00 PM,2,1,1
09/13/2021 12:00:00 AM,2,2,0
09/13/2021 01:00:00 AM,3,1,2
09/13/2021 02:00:00 AM,3,1,2
09/13/2021 03:00:00 AM,6,3,3
09/13/2021 04:00:00 AM,5,2,3
09/13/2021 05:00:00 AM,31,8,23
09/13/2021 06:00:00 AM,68,8,60
09/13/2021 07:00:00 AM,118,15,103
09/13/2021 08:00:00 AM,117,6,111
09/13/2021 09:00:00 AM,59,11,48
09/13/2021 10:00:00 AM,33,15,18
09/13/2021 11:00:00 AM,44,21,23
09/13/2021 12:00:00 PM,43,23,20
09/13/2021 01:00:00 PM,39,23,16
09/13/2021 02:00:00 PM,59,32,27
09/13/2021 03:00:00 PM,70,50,20
09/13/2021 04:00:00 PM,137,101,36
09/13/2021 05:00:00 PM,150,127,23
09/13/2021 06:00:00 PM,91,71,20
09/13/2021 07:00:00 PM,32,26,6
09/13/2021 08:00:00 PM,31,22,9
09/13/2021 09:00:00 PM,19,13,6
09/13/2021 10:00:00 PM,16,15,1
09/13/2021 11:00:00 PM,11,11,0
09/14/2021 12:00:00 AM,4,2,2
09/14/2021 01:00:00 AM,2,0,2
09/14/2021 02:00:00 AM,2,1,1
09/14/2021 03:00:00 AM,7,3,4
09/14/2021 04:00:00 AM,5,2,3
09/14/2021 05:00:00 AM,41,10,31
09/14/2021 06:00:00 AM,80,8,72
09/14/2021 07:00:00 AM,137,10,127
09/14/2021 08:00:00 AM,111,10,101
09/14/2021 09:00:00 AM,55,16,39
09/14/2021 10:00:00 AM,34,9,25
09/14/2021 11:00:00 AM,33,11,22
09/14/2021 12:00:00 PM,33,17,16
09/14/2021 01:00:00 PM,47,23,24
09/14/2021 02:00:00 PM,48,35,13
09/14/2021 03:00:00 PM,68,53,15
09/14/2021 04:00:00 PM,130,101,29
09/14/2021 05:00:00 PM,151,121,30
09/14/2021 06:00:00 PM,101,72,29
09/14/2021 07:00:00 PM,42,25,17
09/14/2021 08:00:00 PM,18,11,7
09/14/2021 09:00:00 PM,23,18,5
09/14/2021 10:00:00 PM,22,19,3
09/14/2021 11:00:00 PM,11,10,1
09/15/2021 12:00:00 AM,8,5,3
09/15/2021 01:00:00 AM,5,3,2
09/15/2021 02:00:00 AM,3,1,2
09/15/2021 03:00:00 AM,1,0,1
09/15/2021 04:00:00 AM,3,0,3
09/15/2021 05:00:00 AM,24,8,16
09/15/2021 06:00:00 AM,60,4,56
09/15/2021 07:00:00 AM,113,11,102
09/15/2021 08:00:00 AM,84,11,73
09/15/2021 09:00:00 AM,50,10,40
09/15/2021 10:00:00 AM,28,11,17
09/15/2021 11:00:00 AM,21,4,17
09/15/2021 12:00:00 PM,30,14,16
09/15/2021 01:00:00 PM,34,18,16
09/15/2021 02:00:00 PM,46,27,19
09/15/2021 03:00:00 PM,78,51,27
09/15/2021 04:00:00 PM,97,70,27
09/15/2021 05:00:00 PM,164,130,34
09/15/2021 06:00:00 PM,98,73,25
09/15/2021 07:00:00 PM,55,42,13
09/15/2021 08:00:00 PM,24,15,9
09/15/2021 09:00:00 PM,20,12,8
09/15/2021 10:00:00 PM,4,4,0
09/15/2021 11:00:00 PM,12,6,6
09/16/2021 12:00:00 AM,4,2,2
09/16/2021 01:00:00 AM,2,2,0
09/16/2021 02:00:00 AM,1,0,1
09/16/2021 03:00:00 AM,4,1,3
09/16/2021 04:00:00 AM,9,3,6
09/16/2021 05:00:00 AM,35,7,28
09/16/2021 06:00:00 AM,72,11,61
09/16/2021 07:00:00 AM,104,10,94
09/16/2021 08:00:00 AM,119,10,109
09/16/2021 09:00:00 AM,58,18,40
09/16/2021 10:00:00 AM,45,10,35
09/16/2021 11:00:00 AM,32,13,19
09/16/2021 12:00:00 PM,39,20,19
09/16/2021 01:00:00 PM,47,25,22
09/16/2021 02:00:00 PM,60,37,23
09/16/2021 03:00:00 PM,69,50,19
09/16/2021 04:00:00 PM,134,103,31
09/16/2021 05:00:00 PM,160,125,35
09/16/2021 06:00:00 PM,93,56,37
09/16/2021 07:00:00 PM,48,33,15
09/16/2021 08:00:00 PM,34,29,5
09/16/2021 09:00:00 PM,17,10,7
09/16/2021 10:00:00 PM,11,9,2
09/16/2021 11:00:00 PM,10,7,3
09/17/2021 12:00:00 AM,4,3,1
09/17/2021 01:00:00 AM,4,1,3
09/17/2021 02:00:00 AM,4,2,2
09/17/2021 03:00:00 AM,6,2,4
09/17/2021 04:00:00 AM,7,2,5
09/17/2021 05:00:00 AM,19,2,17
09/17/2021 06:00:00 AM,37,6,31
09/17/2021 07:00:00 AM,48,7,41
09/17/2021 08:00:00 AM,49,7,42
09/17/2021 09:00:00 AM,27,8,19
09/17/2021 10:00:00 AM,16,6,10
09/17/2021 11:00:00 AM,12,4,8
09/17/2021 12:00:00 PM,11,8,3
09/17/2021 01:00:00 PM,21,11,10
09/17/2021 02:00:00 PM,28,18,10
09/17/2021 03:00:00 PM,30,23,7
09/17/2021 04:00:00 PM,47,37,10
09/17/2021 05:00:00 PM,41,31,10
09/17/2021 06:00:00 PM,27,22,5
09/17/2021 07:00:00 PM,23,18,5
09/17/2021 08:00:00 PM,8,6,2
09/17/2021 09:00:00 PM,6,6,0
09/17/2021 10:00:00 PM,8,4,4
09/17/2021 11:00:00 PM,3,1,2
09/18/2021 12:00:00 AM,2,0,2
09/18/2021 01:00:00 AM,2,1,1
09/18/2021 02:00:00 AM,5,4,1
09/18/2021 03:00:00 AM,1,0,1
09/18/2021 04:00:00 AM,3,1,2
09/18/2021 05:00:00 AM,2,0,2
09/18/2021 06:00:00 AM,3,1,2
09/18/2021 07:00:00 AM,7,3,4
09/18/2021 08:00:00 AM,10,2,8
09/18/2021 09:00:00 AM,19,7,12
09/18/2021 10:00:00 AM,27,12,15
09/18/2021 11:00:00 AM,39,17,22
09/18/2021 12:00:00 PM,45,17,28
09/18/2021 01:00:00 PM,41,21,20
09/18/2021 02:00:00 PM,21,13,8
09/18/2021 03:00:00 PM,12,8,4
09/18/2021 04:00:00 PM,16,8,8
09/18/2021 05:00:00 PM,5,2,3
09/18/2021 06:00:00 PM,16,9,7
09/18/2021 07:00:00 PM,6,2,4
09/18/2021 08:00:00 PM,5,2,3
09/18/2021 09:00:00 PM,2,2,0
09/18/2021 10:00:00 PM,1,1,0
09/18/2021 11:00:00 PM,1,0,1
09/19/2021 12:00:00 AM,0,0,0
09/19/2021 01:00:00 AM,0,0,0
09/19/2021 02:00:00 AM,3,2,1
09/19/2021 03:00:00 AM,3,2,1
09/19/2021 04:00:00 AM,2,0,2
09/19/2021 05:00:00 AM,1,0,1
09/19/2021 06:00:00 AM,3,1,2
09/19/2021 07:00:00 AM,6,3,3
09/19/2021 08:00:00 AM,20,4,16
09/19/2021 09:00:00 AM,17,11,6
09/19/2021 10:00:00 AM,35,15,20
09/19/2021 11:00:00 AM,80,50,30
09/19/2021 12:00:00 PM,47,16,31
09/19/2021 01:00:00 PM,54,30,24
09/19/2021 02:00:00 PM,39,21,18
09/19/2021 03:00:00 PM,24,10,14
09/19/2021 04:00:00 PM,40,22,18
09/19/2021 05:00:00 PM,67,50,17
09/19/2021 06:00:00 PM,22,17,5
09/19/2021 07:00:00 PM,9,1,8
09/19/2021 08:00:00 PM,6,6,0
09/19/2021 09:00:00 PM,4,2,2
09/19/2021 10:00:00 PM,5,4,1
09/19/2021 11:00:00 PM,6,5,1
09/20/2021 12:00:00 AM,5,4,1
09/20/2021 01:00:00 AM,4,1,3
09/20/2021 02:00:00 AM,0,0,0
09/20/2021 03:00:00 AM,2,0,2
09/20/2021 04:00:00 AM,8,1,7
09/20/2021 05:00:00 AM,18,5,13
09/20/2021 06:00:00 AM,76,8,68
09/20/2021 07:00:00 AM,126,8,118
09/20/2021 08:00:00 AM,96,10,86
09/20/2021 09:00:00 AM,53,11,42
09/20/2021 10:00:00 AM,27,7,20
09/20/2021 11:00:00 AM,34,15,19
09/20/2021 12:00:00 PM,28,11,17
09/20/2021 01:00:00 PM,39,22,17
09/20/2021 02:00:00 PM,59,36,23
09/20/2021 03:00:00 PM,73,49,24
09/20/2021 04:00:00 PM,119,95,24
09/20/2021 05:00:00 PM,150,127,23
09/20/2021 06:00:00 PM,78,63,15
09/20/2021 07:00:00 PM,38,24,14
09/20/2021 08:00:00 PM,24,19,5
09/20/2021 09:00:00 PM,16,11,5
09/20/2021 10:00:00 PM,10,3,7
09/20/2021 11:00:00 PM,7,7,0
09/21/2021 12:00:00 AM,4,4,0
09/21/2021 01:00:00 AM,2,1,1
09/21/2021 02:00:00 AM,6,3,3
09/21/2021 03:00:00 AM,7,5,2
09/21/2021 04:00:00 AM,7,1,6
09/21/2021 05:00:00 AM,37,6,31
09/21/2021 06:00:00 AM,71,13,58
09/21/2021 07:00:00 AM,137,11,126
09/21/2021 08:00:00 AM,123,13,110
09/21/2021 09:00:00 AM,61,13,48
09/21/2021 10:00:00 AM,47,16,31
09/21/2021 11:00:00 AM,34,18,16
09/21/2021 12:00:00 PM,47,22,25
09/21/2021 01:00:00 PM,49,24,25
09/21/2021 02:00:00 PM,81,54,27
09/21/2021 03:00:00 PM,107,69,38
09/21/2021 04:00:00 PM,170,133,37
09/21/2021 05:00:00 PM,165,133,32
09/21/2021 06:00:00 PM,122,91,31
09/21/2021 07:00:00 PM,59,41,18
09/21/2021 08:00:00 PM,34,17,17
09/21/2021 09:00:00 PM,17,13,4
09/21/2021 10:00:00 PM,8,5,3
09/21/2021 11:00:00 PM,6,5,1
09/22/2021 12:00:00 AM,3,3,0
09/22/2021 01:00:00 AM,7,3,4
09/22/2021 02:00:00 AM,4,2,2
09/22/2021 03:00:00 AM,5,3,2
09/22/2021 04:00:00 AM,8,0,8
09/22/2021 05:00:00 AM,34,8,26
09/22/2021 06:00:00 AM,59,9,50
09/22/2021 07:00:00 AM,116,10,106
09/22/2021 08:00:00 AM,102,11,91
09/22/2021 09:00:00 AM,62,10,52
09/22/2021 10:00:00 AM,26,11,15
09/22/2021 11:00:00 AM,27,14,13
09/22/2021 12:00:00 PM,23,12,11
09/22/2021 01:00:00 PM,36,18,18
09/22/2021 02:00:00 PM,55,34,21
09/22/2021 03:00:00 PM,57,40,17
09/22/2021 04:00:00 PM,116,91,25
09/22/2021 05:00:00 PM,116,103,13
09/22/2021 06:00:00 PM,84,65,19
09/22/2021 07:00:00 PM,35,22,13
09/22/2021 08:00:00 PM,27,21,6
09/22/2021 09:00:00 PM,14,11,3
09/22/2021 10:00:00 PM,6,4,2
09/22/2021 11:00:00 PM,10,8,2
09/23/2021 12:00:00 AM,3,3,0
09/23/2021 01:00:00 AM,2,0,2
09/23/2021 02:00:00 AM,2,0,2
09/23/2021 03:00:00 AM,4,2,2
09/23/2021 04:00:00 AM,7,1,6
09/23/2021 05:00:00 AM,28,7,21
09/23/2021 06:00:00 AM,65,11,54
09/23/2021 07:00:00 AM,112,12,100
09/23/2021 08:00:00 AM,113,8,105
09/23/2021 09:00:00 AM,57,10,47
09/23/2021 10:00:00 AM,44,9,35
09/23/2021 11:00:00 AM,37,13,24
09/23/2021 12:00:00 PM,48,20,28
09/23/2021 01:00:00 PM,43,28,15
09/23/2021 02:00:00 PM,54,31,23
09/23/2021 03:00:00 PM,80,53,27
09/23/2021 04:00:00 PM,125,95,30
09/23/2021 05:00:00 PM,172,139,33
09/23/2021 06:00:00 PM,91,68,23
09/23/2021 07:00:00 PM,38,23,15
09/23/2021 08:00:00 PM,24,20,4
09/23/2021 09:00:00 PM,8,7,1
09/23/2021 10:00:00 PM,5,4,1
09/23/2021 11:00:00 PM,10,8,2
09/24/2021 12:00:00 AM,5,3,2
09/24/2021 01:00:00 AM,0,0,0
09/24/2021 02:00:00 AM,3,3,0
09/24/2021 03:00:00 AM,2,1,1
09/24/2021 04:00:00 AM,10,3,7
09/24/2021 05:00:00 AM,35,9,26
09/24/2021 06:00:00 AM,52,4,48
09/24/2021 07:00:00 AM,86,10,76
09/24/2021 08:00:00 AM,96,8,88
09/24/2021 09:00:00 AM,57,22,35
09/24/2021 10:00:00 AM,29,5,24
09/24/2021 11:00:00 AM,57,17,40
09/24/2021 12:00:00 PM,44,24,20
09/24/2021 01:00:00 PM,64,38,26
09/24/2021 02:00:00 PM,53,28,25
09/24/2021 03:00:00 PM,81,54,27
09/24/2021 04:00:00 PM,111,84,27
09/24/2021 05:00:00 PM,144,115,29
09/24/2021 06:00:00 PM,94,60,34
09/24/2021 07:00:00 PM,32,23,9
09/24/2021 08:00:00 PM,26,18,8
09/24/2021 09:00:00 PM,11,6,5
09/24/2021 10:00:00 PM,15,9,6
09/24/2021 11:00:00 PM,15,13,2
09/25/2021 12:00:00 AM,6,2,4
09/25/2021 01:00:00 AM,8,5,3
09/25/2021 02:00:00 AM,8,6,2
09/25/2021 03:00:00 AM,3,0,3
09/25/2021 04:00:00 AM,8,3,5
09/25/2021 05:00:00 AM,7,3,4
09/25/2021 06:00:00 AM,11,4,7
09/25/2021 07:00:00 AM,27,18,9
09/25/2021 08:00:00 AM,49,18,31
09/25/2021 09:00:00 AM,51,16,35
09/25/2021 10:00:00 AM,73,40,33
09/25/2021 11:00:00 AM,93,50,43
09/25/2021 12:00:00 PM,116,71,45
09/25/2021 01:00:00 PM,119,62,57
09/25/2021 02:00:00 PM,101,37,64
09/25/2021 03:00:00 PM,110,61,49
09/25/2021 04:00:00 PM,91,39,52
09/25/2021 05:00:00 PM,80,46,34
09/25/2021 06:00:00 PM,53,26,27
09/25/2021 07:00:00 PM,37,23,14
09/25/2021 08:00:00 PM,11,8,3
09/25/2021 09:00:00 PM,7,1,6
09/25/2021 10:00:00 PM,6,2,4
09/25/2021 11:00:00 PM,7,5,2
09/26/2021 12:00:00 AM,5,3,2
09/26/2021 01:00:00 AM,2,2,0
09/26/2021 02:00:00 AM,8,7,1
09/26/2021 03:00:00 AM,3,2,1
09/26/2021 04:00:00 AM,4,2,2
09/26/2021 05:00:00 AM,4,2,2
09/26/2021 06:00:00 AM,6,2,4
09/26/2021 07:00:00 AM,10,5,5
09/26/2021 08:00:00 AM,23,12,11
09/26/2021 09:00:00 AM,31,8,23
09/26/2021 10:00:00 AM,29,13,16
09/26/2021 11:00:00 AM,44,22,22
09/26/2021 12:00:00 PM,34,16,18
09/26/2021 01:00:00 PM,38,20,18
09/26/2021 02:00:00 PM,19,12,7
09/26/2021 03:00:00 PM,11,9,2
09/26/2021 04:00:00 PM,5,3,2
09/26/2021 05:00:00 PM,12,7,5
09/26/2021 06:00:00 PM,14,11,3
09/26/2021 07:00:00 PM,5,2,3
09/26/2021 08:00:00 PM,7,6,1
09/26/2021 09:00:00 PM,0,0,0
09/26/2021 10:00:00 PM,1,0,1
09/26/2021 11:00:00 PM,1,0,1
09/27/2021 12:00:00 AM,,,
09/27/2021 01:00:00 AM,,,
09/27/2021 02:00:00 AM,,,
09/27/2021 03:00:00 AM,,,
09/27/2021 04:00:00 AM,,,
09/27/2021 05:00:00 AM,,,
09/27/2021 06:00:00 AM,,,
09/27/2021 07:00:00 AM,,,
09/27/2021 08:00:00 AM,,,
09/27/2021 09:00:00 AM,,,
09/27/2021 10:00:00 AM,,,
09/27/2021 11:00:00 AM,,,
09/27/2021 12:00:00 PM,,,
09/27/2021 01:00:00 PM,,,
09/27/2021 02:00:00 PM,,,
09/27/2021 03:00:00 PM,,,
09/27/2021 04:00:00 PM,,,
09/27/2021 05:00:00 PM,,,
09/27/2021 06:00:00 PM,,,
09/27/2021 07:00:00 PM,,,
09/27/2021 08:00:00 PM,,,
09/27/2021 09:00:00 PM,,,
09/27/2021 10:00:00 PM,,,
09/27/2021 11:00:00 PM,,,
09/28/2021 12:00:00 AM,4,2,2
09/28/2021 01:00:00 AM,6,3,3
09/28/2021 02:00:00 AM,18,9,9
09/28/2021 03:00:00 AM,56,28,28
09/28/2021 04:00:00 AM,102,51,51
09/28/2021 05:00:00 AM,178,89,89
09/28/2021 06:00:00 AM,150,75,75
09/28/2021 07:00:00 AM,76,38,38
09/28/2021 08:00:00 AM,58,29,29
09/28/2021 09:00:00 AM,32,16,16
09/28/2021 10:00:00 AM,22,11,11
09/28/2021 11:00:00 AM,40,20,20
09/28/2021 12:00:00 PM,34,17,17
09/28/2021 01:00:00 PM,62,31,31
09/28/2021 02:00:00 PM,62,31,31
09/28/2021 03:00:00 PM,46,23,23
09/28/2021 04:00:00 PM,52,26,26
09/28/2021 05:00:00 PM,22,11,11
09/28/2021 06:00:00 PM,24,12,12
09/28/2021 07:00:00 PM,18,9,9
09/28/2021 08:00:00 PM,4,2,2
09/28/2021 09:00:00 PM,6,3,3
09/28/2021 10:00:00 PM,0,0,0
09/28/2021 11:00:00 PM,0,0,0
09/29/2021 12:00:00 AM,4,3,1
09/29/2021 01:00:00 AM,1,1,0
09/29/2021 02:00:00 AM,6,6,0
09/29/2021 03:00:00 AM,22,22,0
09/29/2021 04:00:00 AM,49,49,0
09/29/2021 05:00:00 AM,90,90,0
09/29/2021 06:00:00 AM,90,90,0
09/29/2021 07:00:00 AM,55,55,0
09/29/2021 08:00:00 AM,30,30,0
09/29/2021 09:00:00 AM,16,16,0
09/29/2021 10:00:00 AM,15,15,0
09/29/2021 11:00:00 AM,27,27,0
09/29/2021 12:00:00 PM,29,29,0
09/29/2021 01:00:00 PM,23,23,0
09/29/2021 02:00:00 PM,43,43,0
09/29/2021 03:00:00 PM,28,28,0
09/29/2021 04:00:00 PM,32,32,0
09/29/2021 05:00:00 PM,25,25,0
09/29/2021 06:00:00 PM,10,10,0
09/29/2021 07:00:00 PM,7,7,0
09/29/2021 08:00:00 PM,8,8,0
09/29/2021 09:00:00 PM,2,2,0
09/29/2021 10:00:00 PM,0,0,0
09/29/2021 11:00:00 PM,1,1,0
09/30/2021 12:00:00 AM,1,1,0
09/30/2021 01:00:00 AM,0,0,0
09/30/2021 02:00:00 AM,4,4,0
09/30/2021 03:00:00 AM,22,22,0
09/30/2021 04:00:00 AM,40,40,0
09/30/2021 05:00:00 AM,77,77,0
09/30/2021 06:00:00 AM,59,59,0
09/30/2021 07:00:00 AM,39,39,0
09/30/2021 08:00:00 AM,33,33,0
09/30/2021 09:00:00 AM,26,26,0
09/30/2021 10:00:00 AM,21,21,0
09/30/2021 11:00:00 AM,29,29,0
09/30/2021 12:00:00 PM,20,20,0
09/30/2021 01:00:00 PM,29,29,0
09/30/2021 02:00:00 PM,31,31,0
09/30/2021 03:00:00 PM,29,29,0
09/30/2021 04:00:00 PM,27,27,0
09/30/2021 05:00:00 PM,14,14,0
09/30/2021 06:00:00 PM,5,5,0
09/30/2021 07:00:00 PM,5,5,0
09/30/2021 08:00:00 PM,10,5,5
09/30/2021 09:00:00 PM,10,5,5
09/30/2021 10:00:00 PM,24,12,12
09/30/2021 11:00:00 PM,8,4,4
10/01/2021 12:00:00 AM,4,4,0
10/01/2021 01:00:00 AM,3,1,2
10/01/2021 02:00:00 AM,4,1,3
10/01/2021 03:00:00 AM,3,2,1
10/01/2021 04:00:00 AM,8,0,8
10/01/2021 05:00:00 AM,24,5,19
10/01/2021 06:00:00 AM,49,11,38
10/01/2021 07:00:00 AM,89,14,75
10/01/2021 08:00:00 AM,66,5,61
10/01/2021 09:00:00 AM,59,13,46
10/01/2021 10:00:00 AM,21,5,16
10/01/2021 11:00:00 AM,34,15,19
10/01/2021 12:00:00 PM,33,22,11
10/01/2021 01:00:00 PM,47,24,23
10/01/2021 02:00:00 PM,66,42,24
10/01/2021 03:00:00 PM,84,56,28
10/01/2021 04:00:00 PM,102,74,28
10/01/2021 05:00:00 PM,136,78,58
10/01/2021 06:00:00 PM,56,39,17
10/01/2021 07:00:00 PM,45,29,16
10/01/2021 08:00:00 PM,20,15,5
10/01/2021 09:00:00 PM,14,8,6
10/01/2021 10:00:00 PM,20,20,0
10/01/2021 11:00:00 PM,18,18,0
10/02/2021 12:00:00 AM,10,8,2
10/02/2021 01:00:00 AM,0,0,0
10/02/2021 02:00:00 AM,11,9,2
10/02/2021 03:00:00 AM,2,2,0
10/02/2021 04:00:00 AM,2,0,2
10/02/2021 05:00:00 AM,7,1,6
10/02/2021 06:00:00 AM,12,4,8
10/02/2021 07:00:00 AM,22,7,15
10/02/2021 08:00:00 AM,31,6,25
10/02/2021 09:00:00 AM,50,29,21
10/02/2021 10:00:00 AM,49,26,23
10/02/2021 11:00:00 AM,63,31,32
10/02/2021 12:00:00 PM,84,41,43
10/02/2021 01:00:00 PM,68,38,30
10/02/2021 02:00:00 PM,76,27,49
10/02/2021 03:00:00 PM,71,35,36
10/02/2021 04:00:00 PM,80,39,41
10/02/2021 05:00:00 PM,64,44,20
10/02/2021 06:00:00 PM,43,23,20
10/02/2021 07:00:00 PM,17,11,6
10/02/2021 08:00:00 PM,15,7,8
10/02/2021 09:00:00 PM,8,7,1
10/02/2021 10:00:00 PM,31,30,1
10/02/2021 11:00:00 PM,10,7,3
10/03/2021 12:00:00 AM,7,4,3
10/03/2021 01:00:00 AM,2,1,1
10/03/2021 02:00:00 AM,7,7,0
10/03/2021 03:00:00 AM,4,1,3
10/03/2021 04:00:00 AM,2,0,2
10/03/2021 05:00:00 AM,6,2,4
10/03/2021 06:00:00 AM,10,2,8
10/03/2021 07:00:00 AM,10,2,8
10/03/2021 08:00:00 AM,25,11,14
10/03/2021 09:00:00 AM,28,9,19
10/03/2021 10:00:00 AM,43,17,26
10/03/2021 11:00:00 AM,52,22,30
10/03/2021 12:00:00 PM,35,15,20
10/03/2021 01:00:00 PM,44,24,20
10/03/2021 02:00:00 PM,28,18,10
10/03/2021 03:00:00 PM,29,15,14
10/03/2021 04:00:00 PM,60,42,18
10/03/2021 05:00:00 PM,44,22,22
10/03/2021 06:00:00 PM,37,19,18
10/03/2021 07:00:00 PM,10,7,3
10/03/2021 08:00:00 PM,5,4,1
10/03/2021 09:00:00 PM,17,15,2
10/03/2021 10:00:00 PM,6,6,0
10/03/2021 11:00:00 PM,3,1,2
10/04/2021 12:00:00 AM,1,0,1
10/04/2021 01:00:00 AM,1,0,1
10/04/2021 02:00:00 AM,1,0,1
10/04/2021 03:00:00 AM,3,2,1
10/04/2021 04:00:00 AM,9,1,8
10/04/2021 05:00:00 AM,33,6,27
10/04/2021 06:00:00 AM,65,11,54
10/04/2021 07:00:00 AM,96,9,87
10/04/2021 08:00:00 AM,91,9,82
10/04/2021 09:00:00 AM,44,12,32
10/04/2021 10:00:00 AM,32,7,25
10/04/2021 11:00:00 AM,34,11,23
10/04/2021 12:00:00 PM,37,23,14
10/04/2021 01:00:00 PM,45,26,19
10/04/2021 02:00:00 PM,49,34,15
10/04/2021 03:00:00 PM,86,56,30
10/04/2021 04:00:00 PM,107,77,30
10/04/2021 05:00:00 PM,149,126,23
10/04/2021 06:00:00 PM,76,56,20
10/04/2021 07:00:00 PM,30,21,9
10/04/2021 08:00:00 PM,10,8,2
10/04/2021 09:00:00 PM,14,7,7
10/04/2021 10:00:00 PM,7,6,1
10/04/2021 11:00:00 PM,7,4,3
10/05/2021 12:00:00 AM,1,1,0
10/05/2021 01:00:00 AM,2,1,1
10/05/2021 02:00:00 AM,0,0,0
10/05/2021 03:00:00 AM,5,2,3
10/05/2021 04:00:00 AM,9,5,4
10/05/2021 05:00:00 AM,28,6,22
10/05/2021 06:00:00 AM,45,9,36
10/05/2021 07:00:00 AM,58,5,53
10/05/2021 08:00:00 AM,52,6,46
10/05/2021 09:00:00 AM,21,2,19
10/05/2021 10:00:00 AM,13,4,9
10/05/2021 11:00:00 AM,14,3,11
10/05/2021 12:00:00 PM,15,6,9
10/05/2021 01:00:00 PM,17,9,8
10/05/2021 02:00:00 PM,32,17,15
10/05/2021 03:00:00 PM,30,21,9
10/05/2021 04:00:00 PM,61,49,12
10/05/2021 05:00:00 PM,86,69,17
10/05/2021 06:00:00 PM,55,38,17
10/05/2021 07:00:00 PM,21,16,5
10/05/2021 08:00:00 PM,12,10,2
10/05/2021 09:00:00 PM,7,4,3
10/05/2021 10:00:00 PM,8,7,1
10/05/2021 11:00:00 PM,4,3,1
10/06/2021 12:00:00 AM,6,4,2
10/06/2021 01:00:00 AM,4,4,0
10/06/2021 02:00:00 AM,1,0,1
10/06/2021 03:00:00 AM,0,0,0
10/06/2021 04:00:00 AM,4,0,4
10/06/2021 05:00:00 AM,26,6,20
10/06/2021 06:00:00 AM,60,11,49
10/06/2021 07:00:00 AM,90,10,80
10/06/2021 08:00:00 AM,79,11,68
10/06/2021 09:00:00 AM,38,6,32
10/06/2021 10:00:00 AM,19,7,12
10/06/2021 11:00:00 AM,28,11,17
10/06/2021 12:00:00 PM,16,8,8
10/06/2021 01:00:00 PM,30,16,14
10/06/2021 02:00:00 PM,46,26,20
10/06/2021 03:00:00 PM,54,37,17
10/06/2021 04:00:00 PM,105,71,34
10/06/2021 05:00:00 PM,126,100,26
10/06/2021 06:00:00 PM,63,49,14
10/06/2021 07:00:00 PM,25,21,4
10/06/2021 08:00:00 PM,14,13,1
10/06/2021 09:00:00 PM,5,5,0
10/06/2021 10:00:00 PM,7,5,2
10/06/2021 11:00:00 PM,5,4,1
10/07/2021 12:00:00 AM,5,5,0
10/07/2021 01:00:00 AM,1,1,0
10/07/2021 02:00:00 AM,4,1,3
10/07/2021 03:00:00 AM,2,0,2
10/07/2021 04:00:00 AM,6,0,6
10/07/2021 05:00:00 AM,37,9,28
10/07/2021 06:00:00 AM,59,7,52
10/07/2021 07:00:00 AM,106,6,100
10/07/2021 08:00:00 AM,91,5,86
10/07/2021 09:00:00 AM,67,9,58
10/07/2021 10:00:00 AM,40,14,26
10/07/2021 11:00:00 AM,21,10,11
10/07/2021 12:00:00 PM,40,14,26
10/07/2021 01:00:00 PM,37,17,20
10/07/2021 02:00:00 PM,59,33,26
10/07/2021 03:00:00 PM,82,44,38
10/07/2021 04:00:00 PM,131,92,39
10/07/2021 05:00:00 PM,135,113,22
10/07/2021 06:00:00 PM,98,80,18
10/07/2021 07:00:00 PM,29,21,8
10/07/2021 08:00:00 PM,42,38,4
10/07/2021 09:00:00 PM,58,51,7
10/07/2021 10:00:00 PM,11,9,2
10/07/2021 11:00:00 PM,6,3,3
10/08/2021 12:00:00 AM,7,3,4
10/08/2021 01:00:00 AM,0,0,0
10/08/2021 02:00:00 AM,4,3,1
10/08/2021 03:00:00 AM,0,0,0
10/08/2021 04:00:00 AM,9,3,6
10/08/2021 05:00:00 AM,29,6,23
10/08/2021 06:00:00 AM,42,2,40
10/08/2021 07:00:00 AM,70,7,63
10/08/2021 08:00:00 AM,69,6,63
10/08/2021 09:00:00 AM,44,11,33
10/08/2021 10:00:00 AM,16,5,11
10/08/2021 11:00:00 AM,28,11,17
10/08/2021 12:00:00 PM,29,20,9
10/08/2021 01:00:00 PM,35,17,18
10/08/2021 02:00:00 PM,52,33,19
10/08/2021 03:00:00 PM,62,41,21
10/08/2021 04:00:00 PM,104,71,33
10/08/2021 05:00:00 PM,97,78,19
10/08/2021 06:00:00 PM,74,46,28
10/08/2021 07:00:00 PM,29,16,13
10/08/2021 08:00:00 PM,9,8,1
10/08/2021 09:00:00 PM,17,12,5
10/08/2021 10:00:00 PM,13,9,4
10/08/2021 11:00:00 PM,4,3,1
10/09/2021 12:00:00 AM,2,1,1
10/09/2021 01:00:00 AM,3,1,2
10/09/2021 02:00:00 AM,4,4,0
10/09/2021 03:00:00 AM,2,0,2
10/09/2021 04:00:00 AM,3,0,3
10/09/2021 05:00:00 AM,5,1,4
10/09/2021 06:00:00 AM,10,3,7
10/09/2021 07:00:00 AM,18,8,10
10/09/2021 08:00:00 AM,41,10,31
10/09/2021 09:00:00 AM,46,8,38
10/09/2021 10:00:00 AM,37,20,17
10/09/2021 11:00:00 AM,54,33,21
10/09/2021 12:00:00 PM,51,32,19
10/09/2021 01:00:00 PM,53,21,32
10/09/2021 02:00:00 PM,49,28,21
10/09/2021 03:00:00 PM,36,13,23
10/09/2021 04:00:00 PM,41,23,18
10/09/2021 05:00:00 PM,31,18,13
10/09/2021 06:00:00 PM,20,14,6
10/09/2021 07:00:00 PM,11,10,1
10/09/2021 08:00:00 PM,14,12,2
10/09/2021 09:00:00 PM,5,2,3
10/09/2021 10:00:00 PM,3,2,1
10/09/2021 11:00:00 PM,2,2,0
10/10/2021 12:00:00 AM,3,2,1
10/10/2021 01:00:00 AM,2,0,2
10/10/2021 02:00:00 AM,0,0,0
10/10/2021 03:00:00 AM,2,1,1
10/10/2021 04:00:00 AM,1,0,1
10/10/2021 05:00:00 AM,5,0,5
10/10/2021 06:00:00 AM,5,1,4
10/10/2021 07:00:00 AM,6,2,4
10/10/2021 08:00:00 AM,11,0,11
10/10/2021 09:00:00 AM,7,2,5
10/10/2021 10:00:00 AM,18,9,9
10/10/2021 11:00:00 AM,34,13,21
10/10/2021 12:00:00 PM,26,12,14
10/10/2021 01:00:00 PM,77,26,51
10/10/2021 02:00:00 PM,43,21,22
10/10/2021 03:00:00 PM,32,20,12
10/10/2021 04:00:00 PM,23,17,6
10/10/2021 05:00:00 PM,24,11,13
10/10/2021 06:00:00 PM,13,5,8
10/10/2021 07:00:00 PM,6,3,3
10/10/2021 08:00:00 PM,2,2,0
10/10/2021 09:00:00 PM,2,2,0
10/10/2021 10:00:00 PM,5,3,2
10/10/2021 11:00:00 PM,2,0,2
10/11/2021 12:00:00 AM,3,2,1
10/11/2021 01:00:00 AM,1,0,1
10/11/2021 02:00:00 AM,1,1,0
10/11/2021 03:00:00 AM,1,1,0
10/11/2021 04:00:00 AM,7,0,7
10/11/2021 05:00:00 AM,28,6,22
10/11/2021 06:00:00 AM,56,8,48
10/11/2021 07:00:00 AM,100,9,91
10/11/2021 08:00:00 AM,77,8,69
10/11/2021 09:00:00 AM,42,7,35
10/11/2021 10:00:00 AM,19,1,18
10/11/2021 11:00:00 AM,26,13,13
10/11/2021 12:00:00 PM,26,16,10
10/11/2021 01:00:00 PM,35,16,19
10/11/2021 02:00:00 PM,44,25,19
10/11/2021 03:00:00 PM,66,45,21
10/11/2021 04:00:00 PM,94,76,18
10/11/2021 05:00:00 PM,129,105,24
10/11/2021 06:00:00 PM,71,60,11
10/11/2021 07:00:00 PM,29,20,9
10/11/2021 08:00:00 PM,16,9,7
10/11/2021 09:00:00 PM,11,5,6
10/11/2021 10:00:00 PM,7,4,3
10/11/2021 11:00:00 PM,3,3,0
10/12/2021 12:00:00 AM,1,1,0
10/12/2021 01:00:00 AM,2,2,0
10/12/2021 02:00:00 AM,2,0,2
10/12/2021 03:00:00 AM,2,1,1
10/12/2021 04:00:00 AM,8,2,6
10/12/2021 05:00:00 AM,32,8,24
10/12/2021 06:00:00 AM,52,4,48
10/12/2021 07:00:00 AM,109,8,101
10/12/2021 08:00:00 AM,97,11,86
10/12/2021 09:00:00 AM,51,13,38
10/12/2021 10:00:00 AM,26,4,22
10/12/2021 11:00:00 AM,25,11,14
10/12/2021 12:00:00 PM,22,9,13
10/12/2021 01:00:00 PM,23,14,9
10/12/2021 02:00:00 PM,38,24,14
10/12/2021 03:00:00 PM,52,39,13
10/12/2021 04:00:00 PM,98,75,23
10/12/2021 05:00:00 PM,134,120,14
10/12/2021 06:00:00 PM,58,49,9
10/12/2021 07:00:00 PM,19,11,8
10/12/2021 08:00:00 PM,9,7,2
10/12/2021 09:00:00 PM,5,5,0
10/12/2021 10:00:00 PM,3,3,0
10/12/2021 11:00:00 PM,0,0,0
10/13/2021 12:00:00 AM,4,3,1
10/13/2021 01:00:00 AM,1,1,0
10/13/2021 02:00:00 AM,2,0,2
10/13/2021 03:00:00 AM,2,1,1
10/13/2021 04:00:00 AM,6,0,6
10/13/2021 05:00:00 AM,34,6,28
10/13/2021 06:00:00 AM,58,6,52
10/13/2021 07:00:00 AM,90,8,82
10/13/2021 08:00:00 AM,85,11,74
10/13/2021 09:00:00 AM,48,8,40
10/13/2021 10:00:00 AM,21,6,15
10/13/2021 11:00:00 AM,26,16,10
10/13/2021 12:00:00 PM,24,12,12
10/13/2021 01:00:00 PM,26,15,11
10/13/2021 02:00:00 PM,45,28,17
10/13/2021 03:00:00 PM,55,44,11
10/13/2021 04:00:00 PM,93,66,27
10/13/2021 05:00:00 PM,116,91,25
10/13/2021 06:00:00 PM,70,55,15
10/13/2021 07:00:00 PM,26,22,4
10/13/2021 08:00:00 PM,12,12,0
10/13/2021 09:00:00 PM,12,9,3
10/13/2021 10:00:00 PM,6,3,3
10/13/2021 11:00:00 PM,2,1,1
10/14/2021 12:00:00 AM,6,5,1
10/14/2021 01:00:00 AM,4,3,1
10/14/2021 02:00:00 AM,1,0,1
10/14/2021 03:00:00 AM,2,2,0
10/14/2021 04:00:00 AM,5,0,5
10/14/2021 05:00:00 AM,20,2,18
10/14/2021 06:00:00 AM,67,10,57
10/14/2021 07:00:00 AM,98,8,90
10/14/2021 08:00:00 AM,76,7,69
10/14/2021 09:00:00 AM,42,9,33
10/14/2021 10:00:00 AM,31,5,26
10/14/2021 11:00:00 AM,18,7,11
10/14/2021 12:00:00 PM,20,8,12
10/14/2021 01:00:00 PM,22,14,8
10/14/2021 02:00:00 PM,36,22,14
10/14/2021 03:00:00 PM,53,39,14
10/14/2021 04:00:00 PM,89,71,18
10/14/2021 05:00:00 PM,105,88,17
10/14/2021 06:00:00 PM,53,43,10
10/14/2021 07:00:00 PM,38,33,5
10/14/2021 08:00:00 PM,16,13,3
10/14/2021 09:00:00 PM,3,3,0
10/14/2021 10:00:00 PM,4,4,0
10/14/2021 11:00:00 PM,7,6,1
10/15/2021 12:00:00 AM,3,3,0
10/15/2021 01:00:00 AM,4,3,1
10/15/2021 02:00:00 AM,2,1,1
10/15/2021 03:00:00 AM,0,0,0
10/15/2021 04:00:00 AM,8,1,7
10/15/2021 05:00:00 AM,18,2,16
10/15/2021 06:00:00 AM,43,3,40
10/15/2021 07:00:00 AM,83,9,74
10/15/2021 08:00:00 AM,69,7,62
10/15/2021 09:00:00 AM,30,7,23
10/15/2021 10:00:00 AM,22,6,16
10/15/2021 11:00:00 AM,29,13,16
10/15/2021 12:00:00 PM,13,5,8
10/15/2021 01:00:00 PM,33,17,16
10/15/2021 02:00:00 PM,39,27,12
10/15/2021 03:00:00 PM,52,32,20
10/15/2021 04:00:00 PM,86,67,19
10/15/2021 05:00:00 PM,103,76,27
10/15/2021 06:00:00 PM,53,40,13
10/15/2021 07:00:00 PM,22,20,2
10/15/2021 08:00:00 PM,6,4,2
10/15/2021 09:00:00 PM,12,9,3
10/15/2021 10:00:00 PM,11,9,2
10/15/2021 11:00:00 PM,7,6,1
10/16/2021 12:00:00 AM,10,3,7
10/16/2021 01:00:00 AM,4,1,3
10/16/2021 02:00:00 AM,5,4,1
10/16/2021 03:00:00 AM,4,3,1
10/16/2021 04:00:00 AM,3,1,2
10/16/2021 05:00:00 AM,6,2,4
10/16/2021 06:00:00 AM,11,1,10
10/16/2021 07:00:00 AM,12,5,7
10/16/2021 08:00:00 AM,32,7,25
10/16/2021 09:00:00 AM,33,11,22
10/16/2021 10:00:00 AM,46,24,22
10/16/2021 11:00:00 AM,54,23,31
10/16/2021 12:00:00 PM,64,34,30
10/16/2021 01:00:00 PM,82,36,46
10/16/2021 02:00:00 PM,69,25,44
10/16/2021 03:00:00 PM,61,31,30
10/16/2021 04:00:00 PM,57,37,20
10/16/2021 05:00:00 PM,44,32,12
10/16/2021 06:00:00 PM,26,19,7
10/16/2021 07:00:00 PM,15,12,3
10/16/2021 08:00:00 PM,11,10,1
10/16/2021 09:00:00 PM,7,5,2
10/16/2021 10:00:00 PM,7,5,2
10/16/2021 11:00:00 PM,13,8,5
10/17/2021 12:00:00 AM,4,1,3
10/17/2021 01:00:00 AM,3,2,1
10/17/2021 02:00:00 AM,3,2,1
10/17/2021 03:00:00 AM,6,4,2
10/17/2021 04:00:00 AM,1,0,1
10/17/2021 05:00:00 AM,8,3,5
10/17/2021 06:00:00 AM,2,0,2
10/17/2021 07:00:00 AM,7,3,4
10/17/2021 08:00:00 AM,17,2,15
10/17/2021 09:00:00 AM,22,7,15
10/17/2021 10:00:00 AM,33,20,13
10/17/2021 11:00:00 AM,22,8,14
10/17/2021 12:00:00 PM,33,20,13
10/17/2021 01:00:00 PM,43,21,22
10/17/2021 02:00:00 PM,37,17,20
10/17/2021 03:00:00 PM,23,13,10
10/17/2021 04:00:00 PM,28,18,10
10/17/2021 05:00:00 PM,18,12,6
10/17/2021 06:00:00 PM,17,8,9
10/17/2021 07:00:00 PM,13,11,2
10/17/2021 08:00:00 PM,7,2,5
10/17/2021 09:00:00 PM,1,1,0
10/17/2021 10:00:00 PM,2,0,2
10/17/2021 11:00:00 PM,1,1,0
10/18/2021 12:00:00 AM,5,3,2
10/18/2021 01:00:00 AM,5,2,3
10/18/2021 02:00:00 AM,1,1,0
10/18/2021 03:00:00 AM,3,0,3
10/18/2021 04:00:00 AM,8,0,8
10/18/2021 05:00:00 AM,29,5,24
10/18/2021 06:00:00 AM,59,10,49
10/18/2021 07:00:00 AM,100,4,96
10/18/2021 08:00:00 AM,74,6,68
10/18/2021 09:00:00 AM,52,9,43
10/18/2021 10:00:00 AM,34,9,25
10/18/2021 11:00:00 AM,27,11,16
10/18/2021 12:00:00 PM,39,19,20
10/18/2021 01:00:00 PM,32,19,13
10/18/2021 02:00:00 PM,50,34,16
10/18/2021 03:00:00 PM,64,40,24
10/18/2021 04:00:00 PM,84,67,17
10/18/2021 05:00:00 PM,123,106,17
10/18/2021 06:00:00 PM,73,61,12
10/18/2021 07:00:00 PM,25,21,4
10/18/2021 08:00:00 PM,12,8,4
10/18/2021 09:00:00 PM,10,8,2
10/18/2021 10:00:00 PM,4,4,0
10/18/2021 11:00:00 PM,3,1,2
10/19/2021 12:00:00 AM,7,7,0
10/19/2021 01:00:00 AM,2,1,1
10/19/2021 02:00:00 AM,2,0,2
10/19/2021 03:00:00 AM,5,3,2
10/19/2021 04:00:00 AM,8,1,7
10/19/2021 05:00:00 AM,38,7,31
10/19/2021 06:00:00 AM,79,13,66
10/19/2021 07:00:00 AM,113,7,106
10/19/2021 08:00:00 AM,113,17,96
10/19/2021 09:00:00 AM,54,15,39
10/19/2021 10:00:00 AM,32,12,20
10/19/2021 11:00:00 AM,29,10,19
10/19/2021 12:00:00 PM,36,11,25
10/19/2021 01:00:00 PM,38,21,17
10/19/2021 02:00:00 PM,61,41,20
10/19/2021 03:00:00 PM,85,66,19
10/19/2021 04:00:00 PM,129,92,37
10/19/2021 05:00:00 PM,149,128,21
10/19/2021 06:00:00 PM,64,50,14
10/19/2021 07:00:00 PM,44,30,14
10/19/2021 08:00:00 PM,28,23,5
10/19/2021 09:00:00 PM,12,8,4
10/19/2021 10:00:00 PM,7,5,2
10/19/2021 11:00:00 PM,6,4,2
10/20/2021 12:00:00 AM,4,4,0
10/20/2021 01:00:00 AM,1,0,1
10/20/2021 02:00:00 AM,3,1,2
10/20/2021 03:00:00 AM,3,0,3
10/20/2021 04:00:00 AM,5,0,5
10/20/2021 05:00:00 AM,18,5,13
10/20/2021 06:00:00 AM,36,8,28
10/20/2021 07:00:00 AM,52,3,49
10/20/2021 08:00:00 AM,64,6,58
10/20/2021 09:00:00 AM,28,1,27
10/20/2021 10:00:00 AM,19,5,14
10/20/2021 11:00:00 AM,19,5,14
10/20/2021 12:00:00 PM,20,6,14
10/20/2021 01:00:00 PM,17,10,7
10/20/2021 02:00:00 PM,26,16,10
10/20/2021 03:00:00 PM,55,40,15
10/20/2021 04:00:00 PM,53,41,12
10/20/2021 05:00:00 PM,83,61,22
10/20/2021 06:00:00 PM,61,53,8
10/20/2021 07:00:00 PM,20,14,6
10/20/2021 08:00:00 PM,12,12,0
10/20/2021 09:00:00 PM,9,5,4
10/20/2021 10:00:00 PM,10,7,3
10/20/2021 11:00:00 PM,5,4,1
10/21/2021 12:00:00 AM,7,5,2
10/21/2021 01:00:00 AM,2,1,1
10/21/2021 02:00:00 AM,3,1,2
10/21/2021 03:00:00 AM,4,1,3
10/21/2021 04:00:00 AM,7,0,7
10/21/2021 05:00:00 AM,28,3,25
10/21/2021 06:00:00 AM,53,10,43
10/21/2021 07:00:00 AM,94,9,85
10/21/2021 08:00:00 AM,76,6,70
10/21/2021 09:00:00 AM,44,4,40
10/21/2021 10:00:00 AM,35,14,21
10/21/2021 11:00:00 AM,24,8,16
10/21/2021 12:00:00 PM,36,20,16
10/21/2021 01:00:00 PM,42,22,20
10/21/2021 02:00:00 PM,42,26,16
10/21/2021 03:00:00 PM,63,51,12
10/21/2021 04:00:00 PM,93,78,15
10/21/2021 05:00:00 PM,83,73,10
10/21/2021 06:00:00 PM,47,38,9
10/21/2021 07:00:00 PM,20,19,1
10/21/2021 08:00:00 PM,10,7,3
10/21/2021 09:00:00 PM,7,5,2
10/21/2021 10:00:00 PM,4,2,2
10/21/2021 11:00:00 PM,3,3,0
10/22/2021 12:00:00 AM,1,1,0
10/22/2021 01:00:00 AM,1,0,1
10/22/2021 02:00:00 AM,3,0,3
10/22/2021 03:00:00 AM,2,0,2
10/22/2021 04:00:00 AM,7,1,6
10/22/2021 05:00:00 AM,20,2,18
10/22/2021 06:00:00 AM,43,6,37
10/22/2021 07:00:00 AM,57,5,52
10/22/2021 08:00:00 AM,66,9,57
10/22/2021 09:00:00 AM,25,8,17
10/22/2021 10:00:00 AM,18,10,8
10/22/2021 11:00:00 AM,13,5,8
10/22/2021 12:00:00 PM,21,9,12
10/22/2021 01:00:00 PM,22,13,9
10/22/2021 02:00:00 PM,30,18,12
10/22/2021 03:00:00 PM,46,37,9
10/22/2021 04:00:00 PM,60,47,13
10/22/2021 05:00:00 PM,73,58,15
10/22/2021 06:00:00 PM,53,34,19
10/22/2021 07:00:00 PM,14,11,3
10/22/2021 08:00:00 PM,12,8,4
10/22/2021 09:00:00 PM,10,9,1
10/22/2021 10:00:00 PM,5,5,0
10/22/2021 11:00:00 PM,9,4,5
10/23/2021 12:00:00 AM,5,4,1
10/23/2021 01:00:00 AM,7,3,4
10/23/2021 02:00:00 AM,4,0,4
10/23/2021 03:00:00 AM,5,5,0
10/23/2021 04:00:00 AM,3,2,1
10/23/2021 05:00:00 AM,6,1,5
10/23/2021 06:00:00 AM,5,2,3
10/23/2021 07:00:00 AM,9,4,5
10/23/2021 08:00:00 AM,16,1,15
10/23/2021 09:00:00 AM,18,8,10
10/23/2021 10:00:00 AM,24,11,13
10/23/2021 11:00:00 AM,23,7,16
10/23/2021 12:00:00 PM,17,8,9
10/23/2021 01:00:00 PM,22,10,12
10/23/2021 02:00:00 PM,10,8,2
10/23/2021 03:00:00 PM,27,17,10
10/23/2021 04:00:00 PM,28,19,9
10/23/2021 05:00:00 PM,30,19,11
10/23/2021 06:00:00 PM,27,15,12
10/23/2021 07:00:00 PM,6,5,1
10/23/2021 08:00:00 PM,10,6,4
10/23/2021 09:00:00 PM,5,2,3
10/23/2021 10:00:00 PM,3,3,0
10/23/2021 11:00:00 PM,4,3,1
10/24/2021 12:00:00 AM,2,1,1
10/24/2021 01:00:00 AM,3,2,1
10/24/2021 02:00:00 AM,2,2,0
10/24/2021 03:00:00 AM,4,2,2
10/24/2021 04:00:00 AM,2,1,1
10/24/2021 05:00:00 AM,1,0,1
10/24/2021 06:00:00 AM,5,2,3
10/24/2021 07:00:00 AM,1,1,0
10/24/2021 08:00:00 AM,10,3,7
10/24/2021 09:00:00 AM,11,4,7
10/24/2021 10:00:00 AM,3,2,1
10/24/2021 11:00:00 AM,10,4,6
10/24/2021 12:00:00 PM,10,4,6
10/24/2021 01:00:00 PM,6,4,2
10/24/2021 02:00:00 PM,14,7,7
10/24/2021 03:00:00 PM,4,2,2
10/24/2021 04:00:00 PM,6,3,3
10/24/2021 05:00:00 PM,16,9,7
10/24/2021 06:00:00 PM,8,3,5
10/24/2021 07:00:00 PM,12,9,3
10/24/2021 08:00:00 PM,2,1,1
10/24/2021 09:00:00 PM,3,2,1
10/24/2021 10:00:00 PM,2,1,1
10/24/2021 11:00:00 PM,2,1,1
10/25/2021 12:00:00 AM,0,0,0
10/25/2021 01:00:00 AM,4,2,2
10/25/2021 02:00:00 AM,2,0,2
10/25/2021 03:00:00 AM,2,0,2
10/25/2021 04:00:00 AM,7,2,5
10/25/2021 05:00:00 AM,25,7,18
10/25/2021 06:00:00 AM,38,8,30
10/25/2021 07:00:00 AM,64,7,57
10/25/2021 08:00:00 AM,49,2,47
10/25/2021 09:00:00 AM,26,6,20
10/25/2021 10:00:00 AM,11,3,8
10/25/2021 11:00:00 AM,22,9,13
10/25/2021 12:00:00 PM,18,10,8
10/25/2021 01:00:00 PM,16,9,7
10/25/2021 02:00:00 PM,28,20,8
10/25/2021 03:00:00 PM,31,28,3
10/25/2021 04:00:00 PM,46,30,16
10/25/2021 05:00:00 PM,79,68,11
10/25/2021 06:00:00 PM,31,28,3
10/25/2021 07:00:00 PM,9,9,0
10/25/2021 08:00:00 PM,29,27,2
10/25/2021 09:00:00 PM,23,21,2
10/25/2021 10:00:00 PM,3,2,1
10/25/2021 11:00:00 PM,0,0,0
10/26/2021 12:00:00 AM,0,0,0
10/26/2021 01:00:00 AM,1,0,1
10/26/2021 02:00:00 AM,1,1,0
10/26/2021 03:00:00 AM,1,0,1
10/26/2021 04:00:00 AM,6,1,5
10/26/2021 05:00:00 AM,21,5,16
10/26/2021 06:00:00 AM,46,4,42
10/26/2021 07:00:00 AM,81,6,75
10/26/2021 08:00:00 AM,59,7,52
10/26/2021 09:00:00 AM,26,4,22
10/26/2021 10:00:00 AM,39,11,28
10/26/2021 11:00:00 AM,9,4,5
10/26/2021 12:00:00 PM,15,6,9
10/26/2021 01:00:00 PM,12,9,3
10/26/2021 02:00:00 PM,34,22,12
10/26/2021 03:00:00 PM,43,33,10
10/26/2021 04:00:00 PM,73,61,12
10/26/2021 05:00:00 PM,82,74,8
10/26/2021 06:00:00 PM,43,35,8
10/26/2021 07:00:00 PM,11,7,4
10/26/2021 08:00:00 PM,9,8,1
10/26/2021 09:00:00 PM,8,7,1
10/26/2021 10:00:00 PM,4,4,0
10/26/2021 11:00:00 PM,0,0,0
10/27/2021 12:00:00 AM,5,5,0
10/27/2021 01:00:00 AM,3,1,2
10/27/2021 02:00:00 AM,0,0,0
10/27/2021 03:00:00 AM,9,4,5
10/27/2021 04:00:00 AM,9,1,8
10/27/2021 05:00:00 AM,23,4,19
10/27/2021 06:00:00 AM,50,5,45
10/27/2021 07:00:00 AM,87,8,79
10/27/2021 08:00:00 AM,82,8,74
10/27/2021 09:00:00 AM,46,4,42
10/27/2021 10:00:00 AM,34,12,22
10/27/2021 11:00:00 AM,24,7,17
10/27/2021 12:00:00 PM,21,9,12
10/27/2021 01:00:00 PM,28,17,11
10/27/2021 02:00:00 PM,39,23,16
10/27/2021 03:00:00 PM,57,46,11
10/27/2021 04:00:00 PM,89,72,17
10/27/2021 05:00:00 PM,117,94,23
10/27/2021 06:00:00 PM,43,39,4
10/27/2021 07:00:00 PM,27,21,6
10/27/2021 08:00:00 PM,13,10,3
10/27/2021 09:00:00 PM,11,9,2
10/27/2021 10:00:00 PM,4,4,0
10/27/2021 11:00:00 PM,7,5,2
10/28/2021 12:00:00 AM,1,1,0
10/28/2021 01:00:00 AM,1,0,1
10/28/2021 02:00:00 AM,2,2,0
10/28/2021 03:00:00 AM,2,2,0
10/28/2021 04:00:00 AM,7,0,7
10/28/2021 05:00:00 AM,17,3,14
10/28/2021 06:00:00 AM,37,5,32
10/28/2021 07:00:00 AM,60,4,56
10/28/2021 08:00:00 AM,56,4,52
10/28/2021 09:00:00 AM,27,3,24
10/28/2021 10:00:00 AM,14,5,9
10/28/2021 11:00:00 AM,13,5,8
10/28/2021 12:00:00 PM,11,6,5
10/28/2021 01:00:00 PM,16,12,4
10/28/2021 02:00:00 PM,16,10,6
10/28/2021 03:00:00 PM,31,23,8
10/28/2021 04:00:00 PM,54,44,10
10/28/2021 05:00:00 PM,63,55,8
10/28/2021 06:00:00 PM,37,32,5
10/28/2021 07:00:00 PM,13,11,2
10/28/2021 08:00:00 PM,4,4,0
10/28/2021 09:00:00 PM,7,6,1
10/28/2021 10:00:00 PM,4,4,0
10/28/2021 11:00:00 PM,2,0,2
10/29/2021 12:00:00 AM,5,5,0
10/29/2021 01:00:00 AM,0,0,0
10/29/2021 02:00:00 AM,1,0,1
10/29/2021 03:00:00 AM,0,0,0
10/29/2021 04:00:00 AM,5,0,5
10/29/2021 05:00:00 AM,17,3,14
10/29/2021 06:00:00 AM,31,5,26
10/29/2021 07:00:00 AM,52,5,47
10/29/2021 08:00:00 AM,34,4,30
10/29/2021 09:00:00 AM,22,2,20
10/29/2021 10:00:00 AM,9,4,5
10/29/2021 11:00:00 AM,16,2,14
10/29/2021 12:00:00 PM,14,8,6
10/29/2021 01:00:00 PM,28,13,15
10/29/2021 02:00:00 PM,32,17,15
10/29/2021 03:00:00 PM,41,30,11
10/29/2021 04:00:00 PM,68,52,16
10/29/2021 05:00:00 PM,75,53,22
10/29/2021 06:00:00 PM,42,34,8
10/29/2021 07:00:00 PM,13,11,2
10/29/2021 08:00:00 PM,7,7,0
10/29/2021 09:00:00 PM,16,11,5
10/29/2021 10:00:00 PM,6,3,3
10/29/2021 11:00:00 PM,2,2,0
10/30/2021 12:00:00 AM,5,3,2
10/30/2021 01:00:00 AM,3,1,2
10/30/2021 02:00:00 AM,3,3,0
10/30/2021 03:00:00 AM,3,2,1
10/30/2021 04:00:00 AM,3,0,3
10/30/2021 05:00:00 AM,5,0,5
10/30/2021 06:00:00 AM,7,1,6
10/30/2021 07:00:00 AM,14,7,7
10/30/2021 08:00:00 AM,22,4,18
10/30/2021 09:00:00 AM,40,20,20
10/30/2021 10:00:00 AM,59,23,36
10/30/2021 11:00:00 AM,77,48,29
10/30/2021 12:00:00 PM,73,43,30
10/30/2021 01:00:00 PM,92,47,45
10/30/2021 02:00:00 PM,77,35,42
10/30/2021 03:00:00 PM,98,55,43
10/30/2021 04:00:00 PM,57,26,31
10/30/2021 05:00:00 PM,39,20,19
10/30/2021 06:00:00 PM,29,19,10
10/30/2021 07:00:00 PM,17,15,2
10/30/2021 08:00:00 PM,9,1,8
10/30/2021 09:00:00 PM,9,3,6
10/30/2021 10:00:00 PM,7,3,4
10/30/2021 11:00:00 PM,3,1,2
11/01/2021 12:00:00 AM,1,1,0
11/01/2021 01:00:00 AM,7,6,1
11/01/2021 02:00:00 AM,1,0,1
11/01/2021 03:00:00 AM,4,2,2
11/01/2021 04:00:00 AM,6,1,5
11/01/2021 05:00:00 AM,25,7,18
11/01/2021 06:00:00 AM,52,4,48
11/01/2021 07:00:00 AM,93,7,86
11/01/2021 08:00:00 AM,66,8,58
11/01/2021 09:00:00 AM,45,7,38
11/01/2021 10:00:00 AM,16,5,11
11/01/2021 11:00:00 AM,24,10,14
11/01/2021 12:00:00 PM,25,12,13
11/01/2021 01:00:00 PM,16,11,5
11/01/2021 02:00:00 PM,20,17,3
11/01/2021 03:00:00 PM,39,30,9
11/01/2021 04:00:00 PM,62,53,9
11/01/2021 05:00:00 PM,90,78,12
11/01/2021 06:00:00 PM,63,54,9
11/01/2021 07:00:00 PM,16,14,2
11/01/2021 08:00:00 PM,3,3,0
11/01/2021 09:00:00 PM,18,15,3
11/01/2021 10:00:00 PM,3,3,0
11/01/2021 11:00:00 PM,1,0,1
11/02/2021 12:00:00 AM,1,1,0
11/02/2021 01:00:00 AM,3,2,1
11/02/2021 02:00:00 AM,0,0,0
11/02/2021 03:00:00 AM,4,1,3
11/02/2021 04:00:00 AM,6,0,6
11/02/2021 05:00:00 AM,28,4,24
11/02/2021 06:00:00 AM,50,8,42
11/02/2021 07:00:00 AM,104,8,96
11/02/2021 08:00:00 AM,82,7,75
11/02/2021 09:00:00 AM,44,12,32
11/02/2021 10:00:00 AM,23,5,18
11/02/2021 11:00:00 AM,12,2,10
11/02/2021 12:00:00 PM,21,10,11
11/02/2021 01:00:00 PM,16,13,3
11/02/2021 02:00:00 PM,26,23,3
11/02/2021 03:00:00 PM,40,31,9
11/02/2021 04:00:00 PM,75,66,9
11/02/2021 05:00:00 PM,104,93,11
11/02/2021 06:00:00 PM,43,37,6
11/02/2021 07:00:00 PM,16,13,3
11/02/2021 08:00:00 PM,11,9,2
11/02/2021 09:00:00 PM,7,5,2
11/02/2021 10:00:00 PM,6,6,0
11/02/2021 11:00:00 PM,2,2,0
11/03/2021 12:00:00 AM,4,2,2
11/03/2021 01:00:00 AM,5,4,1
11/03/2021 02:00:00 AM,2,0,2
11/03/2021 03:00:00 AM,2,1,1
11/03/2021 04:00:00 AM,5,1,4
11/03/2021 05:00:00 AM,26,4,22
11/03/2021 06:00:00 AM,47,8,39
11/03/2021 07:00:00 AM,54,8,46
11/03/2021 08:00:00 AM,13,7,6
11/03/2021 09:00:00 AM,13,8,5
11/03/2021 10:00:00 AM,23,5,18
11/03/2021 11:00:00 AM,21,7,14
11/03/2021 12:00:00 PM,21,10,11
11/03/2021 01:00:00 PM,33,20,13
11/03/2021 02:00:00 PM,39,20,19
11/03/2021 03:00:00 PM,45,27,18
11/03/2021 04:00:00 PM,75,59,16
11/03/2021 05:00:00 PM,92,84,8
11/03/2021 06:00:00 PM,49,41,8
11/03/2021 07:00:00 PM,19,15,4
11/03/2021 08:00:00 PM,10,8,2
11/03/2021 09:00:00 PM,8,8,0
11/03/2021 10:00:00 PM,4,4,0
11/03/2021 11:00:00 PM,1,1,0
11/04/2021 12:00:00 AM,0,0,0
11/04/2021 01:00:00 AM,1,0,1
11/04/2021 02:00:00 AM,1,0,1
11/04/2021 03:00:00 AM,0,0,0
11/04/2021 04:00:00 AM,6,1,5
11/04/2021 05:00:00 AM,23,4,19
11/04/2021 06:00:00 AM,39,6,33
11/04/2021 07:00:00 AM,73,6,67
11/04/2021 08:00:00 AM,49,7,42
11/04/2021 09:00:00 AM,23,4,19
11/04/2021 10:00:00 AM,4,0,4
11/04/2021 11:00:00 AM,14,4,10
11/04/2021 12:00:00 PM,12,4,8
11/04/2021 01:00:00 PM,16,9,7
11/04/2021 02:00:00 PM,21,15,6
11/04/2021 03:00:00 PM,35,24,11
11/04/2021 04:00:00 PM,50,41,9
11/04/2021 05:00:00 PM,74,62,12
11/04/2021 06:00:00 PM,51,44,7
11/04/2021 07:00:00 PM,15,13,2
11/04/2021 08:00:00 PM,12,9,3
11/04/2021 09:00:00 PM,16,12,4
11/04/2021 10:00:00 PM,5,4,1
11/04/2021 11:00:00 PM,3,3,0
11/05/2021 12:00:00 AM,2,1,1
11/05/2021 01:00:00 AM,2,2,0
11/05/2021 02:00:00 AM,2,0,2
11/05/2021 03:00:00 AM,0,0,0
11/05/2021 04:00:00 AM,4,0,4
11/05/2021 05:00:00 AM,20,1,19
11/05/2021 06:00:00 AM,31,4,27
11/05/2021 07:00:00 AM,48,6,42
11/05/2021 08:00:00 AM,42,3,39
11/05/2021 09:00:00 AM,25,4,21
11/05/2021 10:00:00 AM,18,2,16
11/05/2021 11:00:00 AM,27,10,17
11/05/2021 12:00:00 PM,19,10,9
11/05/2021 01:00:00 PM,37,21,16
11/05/2021 02:00:00 PM,28,18,10
11/05/2021 03:00:00 PM,45,34,11
11/05/2021 04:00:00 PM,65,47,18
11/05/2021 05:00:00 PM,86,71,15
11/05/2021 06:00:00 PM,41,26,15
11/05/2021 07:00:00 PM,17,12,5
11/05/2021 08:00:00 PM,10,7,3
11/05/2021 09:00:00 PM,9,7,2
11/05/2021 10:00:00 PM,3,2,1
11/05/2021 11:00:00 PM,8,2,6
11/06/2021 12:00:00 AM,3,2,1
11/06/2021 01:00:00 AM,0,0,0
11/06/2021 02:00:00 AM,4,2,2
11/06/2021 03:00:00 AM,4,3,1
11/06/2021 04:00:00 AM,2,0,2
11/06/2021 05:00:00 AM,4,0,4
11/06/2021 06:00:00 AM,6,2,4
11/06/2021 07:00:00 AM,5,1,4
11/06/2021 08:00:00 AM,11,3,8
11/06/2021 09:00:00 AM,12,1,11
11/06/2021 10:00:00 AM,10,3,7
11/06/2021 11:00:00 AM,11,5,6
11/06/2021 12:00:00 PM,8,5,3
11/06/2021 01:00:00 PM,16,6,10
11/06/2021 02:00:00 PM,21,12,9
11/06/2021 03:00:00 PM,10,8,2
11/06/2021 04:00:00 PM,11,8,3
11/06/2021 05:00:00 PM,13,10,3
11/06/2021 06:00:00 PM,7,5,2
11/06/2021 07:00:00 PM,6,3,3
11/06/2021 08:00:00 PM,2,2,0
11/06/2021 09:00:00 PM,2,1,1
11/06/2021 10:00:00 PM,5,4,1
11/06/2021 11:00:00 PM,3,2,1
11/07/2021 12:00:00 AM,1,1,0
11/07/2021 01:00:00 AM,2,2,0
11/07/2021 02:00:00 AM,0,0,0
11/07/2021 03:00:00 AM,3,0,3
11/07/2021 04:00:00 AM,2,1,1
11/07/2021 05:00:00 AM,2,0,2
11/07/2021 06:00:00 AM,4,3,1
11/07/2021 07:00:00 AM,8,2,6
11/07/2021 08:00:00 AM,13,6,7
11/07/2021 09:00:00 AM,13,4,9
11/07/2021 10:00:00 AM,20,12,8
11/07/2021 11:00:00 AM,23,12,11
11/07/2021 12:00:00 PM,11,5,6
11/07/2021 01:00:00 PM,17,9,8
11/07/2021 02:00:00 PM,2,2,0
11/07/2021 03:00:00 PM,6,5,1
11/07/2021 04:00:00 PM,12,8,4
11/07/2021 05:00:00 PM,10,6,4
11/07/2021 06:00:00 PM,6,2,4
11/07/2021 07:00:00 PM,17,7,10
11/07/2021 08:00:00 PM,3,3,0
11/07/2021 09:00:00 PM,3,1,2
11/07/2021 10:00:00 PM,1,1,0
11/07/2021 11:00:00 PM,2,0,2
11/08/2021 12:00:00 AM,2,1,1
11/08/2021 01:00:00 AM,1,0,1
11/08/2021 02:00:00 AM,0,0,0
11/08/2021 03:00:00 AM,2,0,2
11/08/2021 04:00:00 AM,8,1,7
11/08/2021 05:00:00 AM,30,6,24
11/08/2021 06:00:00 AM,46,4,42
11/08/2021 07:00:00 AM,93,5,88
11/08/2021 08:00:00 AM,76,6,70
11/08/2021 09:00:00 AM,45,9,36
11/08/2021 10:00:00 AM,15,5,10
11/08/2021 11:00:00 AM,35,13,22
11/08/2021 12:00:00 PM,31,11,20
11/08/2021 01:00:00 PM,53,27,26
11/08/2021 02:00:00 PM,49,35,14
11/08/2021 03:00:00 PM,65,41,24
11/08/2021 04:00:00 PM,95,82,13
11/08/2021 05:00:00 PM,101,92,9
11/08/2021 06:00:00 PM,47,44,3
11/08/2021 07:00:00 PM,9,8,1
11/08/2021 08:00:00 PM,13,8,5
11/08/2021 09:00:00 PM,6,3,3
11/08/2021 10:00:00 PM,6,5,1
11/08/2021 11:00:00 PM,5,4,1
11/09/2021 12:00:00 AM,4,2,2
11/09/2021 01:00:00 AM,3,2,1
11/09/2021 02:00:00 AM,0,0,0
11/09/2021 03:00:00 AM,3,0,3
11/09/2021 04:00:00 AM,4,0,4
11/09/2021 05:00:00 AM,29,2,27
11/09/2021 06:00:00 AM,43,9,34
11/09/2021 07:00:00 AM,57,9,48
11/09/2021 08:00:00 AM,68,6,62
11/09/2021 09:00:00 AM,37,6,31
11/09/2021 10:00:00 AM,20,3,17
11/09/2021 11:00:00 AM,11,7,4
11/09/2021 12:00:00 PM,12,4,8
11/09/2021 01:00:00 PM,17,10,7
11/09/2021 02:00:00 PM,25,19,6
11/09/2021 03:00:00 PM,34,28,6
11/09/2021 04:00:00 PM,44,39,5
11/09/2021 05:00:00 PM,56,53,3
11/09/2021 06:00:00 PM,35,31,4
11/09/2021 07:00:00 PM,12,9,3
11/09/2021 08:00:00 PM,8,7,1
11/09/2021 09:00:00 PM,7,4,3
11/09/2021 10:00:00 PM,1,1,0
11/09/2021 11:00:00 PM,1,1,0
11/10/2021 12:00:00 AM,3,2,1
11/10/2021 01:00:00 AM,0,0,0
11/10/2021 02:00:00 AM,3,1,2
11/10/2021 03:00:00 AM,2,1,1
11/10/2021 04:00:00 AM,5,1,4
11/10/2021 05:00:00 AM,29,4,25
11/10/2021 06:00:00 AM,52,9,43
11/10/2021 07:00:00 AM,80,4,76
11/10/2021 08:00:00 AM,81,10,71
11/10/2021 09:00:00 AM,46,7,39
11/10/2021 10:00:00 AM,31,7,24
11/10/2021 11:00:00 AM,37,17,20
11/10/2021 12:00:00 PM,33,13,20
11/10/2021 01:00:00 PM,47,24,23
11/10/2021 02:00:00 PM,56,40,16
11/10/2021 03:00:00 PM,63,44,19
11/10/2021 04:00:00 PM,84,68,16
11/10/2021 05:00:00 PM,98,83,15
11/10/2021 06:00:00 PM,53,45,8
11/10/2021 07:00:00 PM,23,19,4
11/10/2021 08:00:00 PM,15,12,3
11/10/2021 09:00:00 PM,12,10,2
11/10/2021 10:00:00 PM,7,5,2
11/10/2021 11:00:00 PM,7,5,2
11/11/2021 12:00:00 AM,2,0,2
11/11/2021 01:00:00 AM,2,0,2
11/11/2021 02:00:00 AM,2,0,2
11/11/2021 03:00:00 AM,3,1,2
11/11/2021 04:00:00 AM,5,2,3
11/11/2021 05:00:00 AM,15,2,13
11/11/2021 06:00:00 AM,24,3,21
11/11/2021 07:00:00 AM,42,2,40
11/11/2021 08:00:00 AM,52,9,43
11/11/2021 09:00:00 AM,33,9,24
11/11/2021 10:00:00 AM,13,5,8
11/11/2021 11:00:00 AM,11,7,4
11/11/2021 12:00:00 PM,10,3,7
11/11/2021 01:00:00 PM,10,4,6
11/11/2021 02:00:00 PM,20,19,1
11/11/2021 03:00:00 PM,16,12,4
11/11/2021 04:00:00 PM,40,30,10
11/11/2021 05:00:00 PM,43,39,4
11/11/2021 06:00:00 PM,23,19,4
11/11/2021 07:00:00 PM,5,5,0
11/11/2021 08:00:00 PM,8,8,0
11/11/2021 09:00:00 PM,6,5,1
11/11/2021 10:00:00 PM,3,2,1
11/11/2021 11:00:00 PM,1,1,0
11/12/2021 12:00:00 AM,0,0,0
11/12/2021 01:00:00 AM,0,0,0
11/12/2021 02:00:00 AM,2,1,1
11/12/2021 03:00:00 AM,1,0,1
11/12/2021 04:00:00 AM,4,0,4
11/12/2021 05:00:00 AM,16,2,14
11/12/2021 06:00:00 AM,22,3,19
11/12/2021 07:00:00 AM,46,4,42
11/12/2021 08:00:00 AM,48,5,43
11/12/2021 09:00:00 AM,21,7,14
11/12/2021 10:00:00 AM,17,5,12
11/12/2021 11:00:00 AM,4,1,3
11/12/2021 12:00:00 PM,8,4,4
11/12/2021 01:00:00 PM,7,4,3
11/12/2021 02:00:00 PM,26,17,9
11/12/2021 03:00:00 PM,31,24,7
11/12/2021 04:00:00 PM,48,40,8
11/12/2021 05:00:00 PM,50,47,3
11/12/2021 06:00:00 PM,25,22,3
11/12/2021 07:00:00 PM,20,18,2
11/12/2021 08:00:00 PM,10,8,2
11/12/2021 09:00:00 PM,5,2,3
11/12/2021 10:00:00 PM,8,4,4
11/12/2021 11:00:00 PM,8,6,2
11/13/2021 12:00:00 AM,9,2,7
11/13/2021 01:00:00 AM,3,2,1
11/13/2021 02:00:00 AM,2,0,2
11/13/2021 03:00:00 AM,2,1,1
11/13/2021 04:00:00 AM,3,0,3
11/13/2021 05:00:00 AM,8,3,5
11/13/2021 06:00:00 AM,5,1,4
11/13/2021 07:00:00 AM,9,0,9
11/13/2021 08:00:00 AM,43,22,21
11/13/2021 09:00:00 AM,37,11,26
11/13/2021 10:00:00 AM,59,34,25
11/13/2021 11:00:00 AM,64,35,29
11/13/2021 12:00:00 PM,67,30,37
11/13/2021 01:00:00 PM,55,36,19
11/13/2021 02:00:00 PM,33,21,12
11/13/2021 03:00:00 PM,33,21,12
11/13/2021 04:00:00 PM,11,8,3
11/13/2021 05:00:00 PM,11,8,3
11/13/2021 06:00:00 PM,3,2,1
11/13/2021 07:00:00 PM,4,2,2
11/13/2021 08:00:00 PM,0,0,0
11/13/2021 09:00:00 PM,1,1,0
11/13/2021 10:00:00 PM,3,1,2
11/13/2021 11:00:00 PM,2,1,1
11/14/2021 12:00:00 AM,1,1,0
11/14/2021 01:00:00 AM,0,0,0
11/14/2021 02:00:00 AM,0,0,0
11/14/2021 03:00:00 AM,3,0,3
11/14/2021 04:00:00 AM,1,0,1
11/14/2021 05:00:00 AM,4,2,2
11/14/2021 06:00:00 AM,2,1,1
11/14/2021 07:00:00 AM,1,1,0
11/14/2021 08:00:00 AM,4,0,4
11/14/2021 09:00:00 AM,3,1,2
11/14/2021 10:00:00 AM,7,1,6
11/14/2021 11:00:00 AM,15,7,8
11/14/2021 12:00:00 PM,7,4,3
11/14/2021 01:00:00 PM,8,6,2
11/14/2021 02:00:00 PM,10,8,2
11/14/2021 03:00:00 PM,8,2,6
11/14/2021 04:00:00 PM,6,3,3
11/14/2021 05:00:00 PM,7,5,2
11/14/2021 06:00:00 PM,1,0,1
11/14/2021 07:00:00 PM,3,1,2
11/14/2021 08:00:00 PM,1,1,0
11/14/2021 09:00:00 PM,2,2,0
11/14/2021 10:00:00 PM,1,1,0
11/14/2021 11:00:00 PM,2,1,1
11/15/2021 12:00:00 AM,4,3,1
11/15/2021 01:00:00 AM,1,0,1
11/15/2021 02:00:00 AM,0,0,0
11/15/2021 03:00:00 AM,6,0,6
11/15/2021 04:00:00 AM,6,0,6
11/15/2021 05:00:00 AM,22,4,18
11/15/2021 06:00:00 AM,40,5,35
11/15/2021 07:00:00 AM,65,6,59
11/15/2021 08:00:00 AM,41,4,37
11/15/2021 09:00:00 AM,26,5,21
11/15/2021 10:00:00 AM,13,2,11
11/15/2021 11:00:00 AM,7,4,3
11/15/2021 12:00:00 PM,6,3,3
11/15/2021 01:00:00 PM,10,6,4
11/15/2021 02:00:00 PM,14,10,4
11/15/2021 03:00:00 PM,35,26,9
11/15/2021 04:00:00 PM,68,54,14
11/15/2021 05:00:00 PM,61,55,6
11/15/2021 06:00:00 PM,32,27,5
11/15/2021 07:00:00 PM,9,8,1
11/15/2021 08:00:00 PM,8,6,2
11/15/2021 09:00:00 PM,7,6,1
11/15/2021 10:00:00 PM,3,3,0
11/15/2021 11:00:00 PM,4,4,0
11/16/2021 12:00:00 AM,2,1,1
11/16/2021 01:00:00 AM,0,0,0
11/16/2021 02:00:00 AM,1,0,1
11/16/2021 03:00:00 AM,4,2,2
11/16/2021 04:00:00 AM,8,0,8
11/16/2021 05:00:00 AM,29,6,23
11/16/2021 06:00:00 AM,63,7,56
11/16/2021 07:00:00 AM,87,5,82
11/16/2021 08:00:00 AM,93,10,83
11/16/2021 09:00:00 AM,46,8,38
11/16/2021 10:00:00 AM,35,10,25
11/16/2021 11:00:00 AM,34,17,17
11/16/2021 12:00:00 PM,19,9,10
11/16/2021 01:00:00 PM,29,15,14
11/16/2021 02:00:00 PM,53,38,15
11/16/2021 03:00:00 PM,56,40,16
11/16/2021 04:00:00 PM,100,82,18
11/16/2021 05:00:00 PM,103,88,15
11/16/2021 06:00:00 PM,52,48,4
11/16/2021 07:00:00 PM,29,26,3
11/16/2021 08:00:00 PM,14,11,3
11/16/2021 09:00:00 PM,13,8,5
11/16/2021 10:00:00 PM,2,2,0
11/16/2021 11:00:00 PM,4,4,0
11/17/2021 12:00:00 AM,2,2,0
11/17/2021 01:00:00 AM,2,2,0
11/17/2021 02:00:00 AM,3,2,1
11/17/2021 03:00:00 AM,4,1,3
11/17/2021 04:00:00 AM,9,1,8
11/17/2021 05:00:00 AM,18,3,15
11/17/2021 06:00:00 AM,57,3,54
11/17/2021 07:00:00 AM,84,6,78
11/17/2021 08:00:00 AM,89,12,77
11/17/2021 09:00:00 AM,39,7,32
11/17/2021 10:00:00 AM,23,0,23
11/17/2021 11:00:00 AM,24,6,18
11/17/2021 12:00:00 PM,31,19,12
11/17/2021 01:00:00 PM,40,19,21
11/17/2021 02:00:00 PM,46,25,21
11/17/2021 03:00:00 PM,56,45,11
11/17/2021 04:00:00 PM,97,80,17
11/17/2021 05:00:00 PM,91,77,14
11/17/2021 06:00:00 PM,59,49,10
11/17/2021 07:00:00 PM,27,22,5
11/17/2021 08:00:00 PM,11,10,1
11/17/2021 09:00:00 PM,15,11,4
11/17/2021 10:00:00 PM,5,5,0
11/17/2021 11:00:00 PM,4,4,0
11/18/2021 12:00:00 AM,2,1,1
11/18/2021 01:00:00 AM,7,3,4
11/18/2021 02:00:00 AM,1,0,1
11/18/2021 03:00:00 AM,2,0,2
11/18/2021 04:00:00 AM,6,1,5
11/18/2021 05:00:00 AM,19,4,15
11/18/2021 06:00:00 AM,43,5,38
11/18/2021 07:00:00 AM,77,11,66
11/18/2021 08:00:00 AM,68,5,63
11/18/2021 09:00:00 AM,41,11,30
11/18/2021 10:00:00 AM,33,16,17
11/18/2021 11:00:00 AM,31,8,23
11/18/2021 12:00:00 PM,20,8,12
11/18/2021 01:00:00 PM,20,13,7
11/18/2021 02:00:00 PM,25,19,6
11/18/2021 03:00:00 PM,37,28,9
11/18/2021 04:00:00 PM,54,48,6
11/18/2021 05:00:00 PM,61,53,8
11/18/2021 06:00:00 PM,33,29,4
11/18/2021 07:00:00 PM,17,15,2
11/18/2021 08:00:00 PM,16,12,4
11/18/2021 09:00:00 PM,6,6,0
11/18/2021 10:00:00 PM,2,2,0
11/18/2021 11:00:00 PM,4,3,1
11/19/2021 12:00:00 AM,2,1,1
11/19/2021 01:00:00 AM,3,2,1
11/19/2021 02:00:00 AM,0,0,0
11/19/2021 03:00:00 AM,2,0,2
11/19/2021 04:00:00 AM,6,0,6
11/19/2021 05:00:00 AM,19,2,17
11/19/2021 06:00:00 AM,34,3,31
11/19/2021 07:00:00 AM,69,6,63
11/19/2021 08:00:00 AM,74,11,63
11/19/2021 09:00:00 AM,39,9,30
11/19/2021 10:00:00 AM,17,3,14
11/19/2021 11:00:00 AM,27,6,21
11/19/2021 12:00:00 PM,26,16,10
11/19/2021 01:00:00 PM,21,13,8
11/19/2021 02:00:00 PM,34,26,8
11/19/2021 03:00:00 PM,44,34,10
11/19/2021 04:00:00 PM,76,60,16
11/19/2021 05:00:00 PM,89,72,17
11/19/2021 06:00:00 PM,38,32,6
11/19/2021 07:00:00 PM,17,13,4
11/19/2021 08:00:00 PM,11,8,3
11/19/2021 09:00:00 PM,8,5,3
11/19/2021 10:00:00 PM,2,1,1
11/19/2021 11:00:00 PM,5,4,1
11/20/2021 12:00:00 AM,3,2,1
11/20/2021 01:00:00 AM,3,0,3
11/20/2021 02:00:00 AM,2,0,2
11/20/2021 03:00:00 AM,6,3,3
11/20/2021 04:00:00 AM,3,0,3
11/20/2021 05:00:00 AM,5,2,3
11/20/2021 06:00:00 AM,11,1,10
11/20/2021 07:00:00 AM,9,2,7
11/20/2021 08:00:00 AM,21,8,13
11/20/2021 09:00:00 AM,35,10,25
11/20/2021 10:00:00 AM,44,18,26
11/20/2021 11:00:00 AM,62,34,28
11/20/2021 12:00:00 PM,41,21,20
11/20/2021 01:00:00 PM,47,35,12
11/20/2021 02:00:00 PM,73,32,41
11/20/2021 03:00:00 PM,53,29,24
11/20/2021 04:00:00 PM,32,17,15
11/20/2021 05:00:00 PM,23,17,6
11/20/2021 06:00:00 PM,11,7,4
11/20/2021 07:00:00 PM,5,4,1
11/20/2021 08:00:00 PM,3,3,0
11/20/2021 09:00:00 PM,6,6,0
11/20/2021 10:00:00 PM,1,1,0
11/20/2021 11:00:00 PM,1,0,1
11/21/2021 12:00:00 AM,1,1,0
11/21/2021 01:00:00 AM,3,1,2
11/21/2021 02:00:00 AM,2,0,2
11/21/2021 03:00:00 AM,3,1,2
11/21/2021 04:00:00 AM,4,2,2
11/21/2021 05:00:00 AM,5,0,5
11/21/2021 06:00:00 AM,8,2,6
11/21/2021 07:00:00 AM,7,1,6
11/21/2021 08:00:00 AM,10,2,8
11/21/2021 09:00:00 AM,26,17,9
11/21/2021 10:00:00 AM,39,15,24
11/21/2021 11:00:00 AM,74,56,18
11/21/2021 12:00:00 PM,39,21,18
11/21/2021 01:00:00 PM,81,22,59
11/21/2021 02:00:00 PM,34,23,11
11/21/2021 03:00:00 PM,46,18,28
11/21/2021 04:00:00 PM,42,29,13
11/21/2021 05:00:00 PM,29,23,6
11/21/2021 06:00:00 PM,6,6,0
11/21/2021 07:00:00 PM,7,6,1
11/21/2021 08:00:00 PM,0,0,0
11/21/2021 09:00:00 PM,4,3,1
11/21/2021 10:00:00 PM,2,1,1
11/21/2021 11:00:00 PM,0,0,0
11/22/2021 12:00:00 AM,0,0,0
11/22/2021 01:00:00 AM,4,1,3
11/22/2021 02:00:00 AM,1,0,1
11/22/2021 03:00:00 AM,0,0,0
11/22/2021 04:00:00 AM,6,1,5
11/22/2021 05:00:00 AM,22,3,19
11/22/2021 06:00:00 AM,42,3,39
11/22/2021 07:00:00 AM,70,3,67
11/22/2021 08:00:00 AM,56,11,45
11/22/2021 09:00:00 AM,39,7,32
11/22/2021 10:00:00 AM,19,8,11
11/22/2021 11:00:00 AM,15,11,4
11/22/2021 12:00:00 PM,19,12,7
11/22/2021 01:00:00 PM,12,5,7
11/22/2021 02:00:00 PM,27,15,12
11/22/2021 03:00:00 PM,39,27,12
11/22/2021 04:00:00 PM,44,37,7
11/22/2021 05:00:00 PM,79,75,4
11/22/2021 06:00:00 PM,32,30,2
11/22/2021 07:00:00 PM,15,11,4
11/22/2021 08:00:00 PM,5,5,0
11/22/2021 09:00:00 PM,6,3,3
11/22/2021 10:00:00 PM,7,5,2
11/22/2021 11:00:00 PM,4,3,1
11/23/2021 12:00:00 AM,2,1,1
11/23/2021 01:00:00 AM,6,6,0
11/23/2021 02:00:00 AM,1,0,1
11/23/2021 03:00:00 AM,3,0,3
11/23/2021 04:00:00 AM,5,0,5
11/23/2021 05:00:00 AM,21,4,17
11/23/2021 06:00:00 AM,36,5,31
11/23/2021 07:00:00 AM,51,3,48
11/23/2021 08:00:00 AM,51,3,48
11/23/2021 09:00:00 AM,26,5,21
11/23/2021 10:00:00 AM,26,6,20
11/23/2021 11:00:00 AM,16,2,14
11/23/2021 12:00:00 PM,9,4,5
11/23/2021 01:00:00 PM,23,11,12
11/23/2021 02:00:00 PM,36,22,14
11/23/2021 03:00:00 PM,40,30,10
11/23/2021 04:00:00 PM,69,50,19
11/23/2021 05:00:00 PM,72,65,7
11/23/2021 06:00:00 PM,46,33,13
11/23/2021 07:00:00 PM,12,8,4
11/23/2021 08:00:00 PM,10,9,1
11/23/2021 09:00:00 PM,7,6,1
11/23/2021 10:00:00 PM,7,5,2
11/23/2021 11:00:00 PM,8,7,1
11/24/2021 12:00:00 AM,2,1,1
11/24/2021 01:00:00 AM,3,2,1
11/24/2021 02:00:00 AM,3,2,1
11/24/2021 03:00:00 AM,2,0,2
11/24/2021 04:00:00 AM,4,1,3
11/24/2021 05:00:00 AM,18,1,17
11/24/2021 06:00:00 AM,32,3,29
11/24/2021 07:00:00 AM,49,5,44
11/24/2021 08:00:00 AM,47,2,45
11/24/2021 09:00:00 AM,22,1,21
11/24/2021 10:00:00 AM,29,17,12
11/24/2021 11:00:00 AM,34,12,22
11/24/2021 12:00:00 PM,30,17,13
11/24/2021 01:00:00 PM,47,28,19
11/24/2021 02:00:00 PM,59,39,20
11/24/2021 03:00:00 PM,60,39,21
11/24/2021 04:00:00 PM,59,48,11
11/24/2021 05:00:00 PM,51,45,6
11/24/2021 06:00:00 PM,17,10,7
11/24/2021 07:00:00 PM,10,10,0
11/24/2021 08:00:00 PM,10,6,4
11/24/2021 09:00:00 PM,6,6,0
11/24/2021 10:00:00 PM,3,3,0
11/24/2021 11:00:00 PM,1,0,1
11/25/2021 12:00:00 AM,6,3,3
11/25/2021 01:00:00 AM,0,0,0
11/25/2021 02:00:00 AM,2,0,2
11/25/2021 03:00:00 AM,0,0,0
11/25/2021 04:00:00 AM,0,0,0
11/25/2021 05:00:00 AM,3,1,2
11/25/2021 06:00:00 AM,4,0,4
11/25/2021 07:00:00 AM,4,1,3
11/25/2021 08:00:00 AM,4,2,2
11/25/2021 09:00:00 AM,8,1,7
11/25/2021 10:00:00 AM,16,10,6
11/25/2021 11:00:00 AM,10,5,5
11/25/2021 12:00:00 PM,13,10,3
11/25/2021 01:00:00 PM,14,6,8
11/25/2021 02:00:00 PM,8,6,2
11/25/2021 03:00:00 PM,5,3,2
11/25/2021 04:00:00 PM,3,2,1
11/25/2021 05:00:00 PM,1,1,0
11/25/2021 06:00:00 PM,2,2,0
11/25/2021 07:00:00 PM,2,1,1
11/25/2021 08:00:00 PM,6,3,3
11/25/2021 09:00:00 PM,7,4,3
11/25/2021 10:00:00 PM,1,1,0
11/25/2021 11:00:00 PM,2,2,0
11/26/2021 12:00:00 AM,0,0,0
11/26/2021 01:00:00 AM,5,1,4
11/26/2021 02:00:00 AM,3,1,2
11/26/2021 03:00:00 AM,2,1,1
11/26/2021 04:00:00 AM,5,0,5
11/26/2021 05:00:00 AM,4,0,4
11/26/2021 06:00:00 AM,9,2,7
11/26/2021 07:00:00 AM,9,3,6
11/26/2021 08:00:00 AM,11,3,8
11/26/2021 09:00:00 AM,13,5,8
11/26/2021 10:00:00 AM,25,4,21
11/26/2021 11:00:00 AM,21,8,13
11/26/2021 12:00:00 PM,25,14,11
11/26/2021 01:00:00 PM,37,14,23
11/26/2021 02:00:00 PM,49,27,22
11/26/2021 03:00:00 PM,34,28,6
11/26/2021 04:00:00 PM,30,17,13
11/26/2021 05:00:00 PM,19,12,7
11/26/2021 06:00:00 PM,9,7,2
11/26/2021 07:00:00 PM,13,12,1
11/26/2021 08:00:00 PM,13,11,2
11/26/2021 09:00:00 PM,2,2,0
11/26/2021 10:00:00 PM,4,3,1
11/26/2021 11:00:00 PM,8,6,2
11/27/2021 12:00:00 AM,1,0,1
11/27/2021 01:00:00 AM,1,1,0
11/27/2021 02:00:00 AM,7,4,3
11/27/2021 03:00:00 AM,1,0,1
11/27/2021 04:00:00 AM,2,1,1
11/27/2021 05:00:00 AM,7,0,7
11/27/2021 06:00:00 AM,5,2,3
11/27/2021 07:00:00 AM,5,1,4
11/27/2021 08:00:00 AM,15,3,12
11/27/2021 09:00:00 AM,12,2,10
11/27/2021 10:00:00 AM,12,5,7
11/27/2021 11:00:00 AM,16,4,12
11/27/2021 12:00:00 PM,23,17,6
11/27/2021 01:00:00 PM,11,9,2
11/27/2021 02:00:00 PM,16,8,8
11/27/2021 03:00:00 PM,14,10,4
11/27/2021 04:00:00 PM,7,3,4
11/27/2021 05:00:00 PM,4,3,1
11/27/2021 06:00:00 PM,2,2,0
11/27/2021 07:00:00 PM,1,1,0
11/27/2021 08:00:00 PM,0,0,0
11/27/2021 09:00:00 PM,1,1,0
11/27/2021 10:00:00 PM,1,1,0
11/27/2021 11:00:00 PM,1,0,1
11/28/2021 12:00:00 AM,2,1,1
11/28/2021 01:00:00 AM,4,4,0
11/28/2021 02:00:00 AM,2,1,1
11/28/2021 03:00:00 AM,4,2,2
11/28/2021 04:00:00 AM,1,0,1
11/28/2021 05:00:00 AM,5,0,5
11/28/2021 06:00:00 AM,3,1,2
11/28/2021 07:00:00 AM,2,1,1
11/28/2021 08:00:00 AM,8,0,8
11/28/2021 09:00:00 AM,20,10,10
11/28/2021 10:00:00 AM,20,7,13
11/28/2021 11:00:00 AM,15,10,5
11/28/2021 12:00:00 PM,14,6,8
11/28/2021 01:00:00 PM,7,5,2
11/28/2021 02:00:00 PM,16,7,9
11/28/2021 03:00:00 PM,7,4,3
11/28/2021 04:00:00 PM,6,1,5
11/28/2021 05:00:00 PM,9,7,2
11/28/2021 06:00:00 PM,9,8,1
11/28/2021 07:00:00 PM,1,1,0
11/28/2021 08:00:00 PM,5,4,1
11/28/2021 09:00:00 PM,3,3,0
11/28/2021 10:00:00 PM,4,2,2
11/28/2021 11:00:00 PM,4,1,3
11/29/2021 12:00:00 AM,2,2,0
11/29/2021 01:00:00 AM,1,1,0
11/29/2021 02:00:00 AM,2,0,2
11/29/2021 03:00:00 AM,3,0,3
11/29/2021 04:00:00 AM,11,2,9
11/29/2021 05:00:00 AM,42,6,36
11/29/2021 06:00:00 AM,35,2,33
11/29/2021 07:00:00 AM,74,5,69
11/29/2021 08:00:00 AM,61,9,52
11/29/2021 09:00:00 AM,41,6,35
11/29/2021 10:00:00 AM,16,7,9
11/29/2021 11:00:00 AM,15,8,7
11/29/2021 12:00:00 PM,28,9,19
11/29/2021 01:00:00 PM,27,14,13
11/29/2021 02:00:00 PM,45,28,17
11/29/2021 03:00:00 PM,66,54,12
11/29/2021 04:00:00 PM,72,53,19
11/29/2021 05:00:00 PM,93,84,9
11/29/2021 06:00:00 PM,31,26,5
11/29/2021 07:00:00 PM,12,9,3
11/29/2021 08:00:00 PM,11,9,2
11/29/2021 09:00:00 PM,7,5,2
11/29/2021 10:00:00 PM,3,2,1
11/29/2021 11:00:00 PM,1,0,1
11/30/2021 12:00:00 AM,2,2,0
11/30/2021 01:00:00 AM,2,0,2
11/30/2021 02:00:00 AM,5,4,1
11/30/2021 03:00:00 AM,0,0,0
11/30/2021 04:00:00 AM,5,0,5
11/30/2021 05:00:00 AM,23,5,18
11/30/2021 06:00:00 AM,42,5,37
11/30/2021 07:00:00 AM,74,8,66
11/30/2021 08:00:00 AM,74,7,67
11/30/2021 09:00:00 AM,33,8,25
11/30/2021 10:00:00 AM,21,7,14
11/30/2021 11:00:00 AM,19,9,10
11/30/2021 12:00:00 PM,12,5,7
11/30/2021 01:00:00 PM,12,8,4
11/30/2021 02:00:00 PM,29,19,10
11/30/2021 03:00:00 PM,60,41,19
11/30/2021 04:00:00 PM,57,48,9
11/30/2021 05:00:00 PM,82,75,7
11/30/2021 06:00:00 PM,42,38,4
11/30/2021 07:00:00 PM,16,13,3
11/30/2021 08:00:00 PM,9,7,2
11/30/2021 09:00:00 PM,13,11,2
11/30/2021 10:00:00 PM,2,1,1
11/30/2021 11:00:00 PM,3,2,1
12/01/2021 12:00:00 AM,5,3,2
12/01/2021 01:00:00 AM,0,0,0
12/01/2021 02:00:00 AM,0,0,0
12/01/2021 03:00:00 AM,0,0,0
12/01/2021 04:00:00 AM,6,1,5
12/01/2021 05:00:00 AM,30,6,24
12/01/2021 06:00:00 AM,47,5,42
12/01/2021 07:00:00 AM,66,3,63
12/01/2021 08:00:00 AM,70,4,66
12/01/2021 09:00:00 AM,41,5,36
12/01/2021 10:00:00 AM,22,6,16
12/01/2021 11:00:00 AM,26,10,16
12/01/2021 12:00:00 PM,29,8,21
12/01/2021 01:00:00 PM,30,18,12
12/01/2021 02:00:00 PM,36,24,12
12/01/2021 03:00:00 PM,75,60,15
12/01/2021 04:00:00 PM,77,58,19
12/01/2021 05:00:00 PM,76,69,7
12/01/2021 06:00:00 PM,37,33,4
12/01/2021 07:00:00 PM,20,19,1
12/01/2021 08:00:00 PM,13,12,1
12/01/2021 09:00:00 PM,6,6,0
12/01/2021 10:00:00 PM,6,4,2
12/01/2021 11:00:00 PM,4,3,1
12/02/2021 12:00:00 AM,4,0,4
12/02/2021 01:00:00 AM,3,3,0
12/02/2021 02:00:00 AM,1,0,1
12/02/2021 03:00:00 AM,1,0,1
12/02/2021 04:00:00 AM,4,0,4
12/02/2021 05:00:00 AM,23,4,19
12/02/2021 06:00:00 AM,41,3,38
12/02/2021 07:00:00 AM,74,5,69
12/02/2021 08:00:00 AM,67,7,60
12/02/2021 09:00:00 AM,33,4,29
12/02/2021 10:00:00 AM,16,6,10
12/02/2021 11:00:00 AM,8,2,6
12/02/2021 12:00:00 PM,14,6,8
12/02/2021 01:00:00 PM,19,11,8
12/02/2021 02:00:00 PM,24,11,13
12/02/2021 03:00:00 PM,37,27,10
12/02/2021 04:00:00 PM,78,62,16
12/02/2021 05:00:00 PM,77,64,13
12/02/2021 06:00:00 PM,44,34,10
12/02/2021 07:00:00 PM,17,16,1
12/02/2021 08:00:00 PM,25,19,6
12/02/2021 09:00:00 PM,10,8,2
12/02/2021 10:00:00 PM,5,5,0
12/02/2021 11:00:00 PM,0,0,0
12/03/2021 12:00:00 AM,2,1,1
12/03/2021 01:00:00 AM,1,0,1
12/03/2021 02:00:00 AM,0,0,0
12/03/2021 03:00:00 AM,0,0,0
12/03/2021 04:00:00 AM,9,1,8
12/03/2021 05:00:00 AM,27,6,21
12/03/2021 06:00:00 AM,28,2,26
12/03/2021 07:00:00 AM,58,7,51
12/03/2021 08:00:00 AM,72,10,62
12/03/2021 09:00:00 AM,31,3,28
12/03/2021 10:00:00 AM,23,4,19
12/03/2021 11:00:00 AM,19,9,10
12/03/2021 12:00:00 PM,17,9,8
12/03/2021 01:00:00 PM,32,15,17
12/03/2021 02:00:00 PM,20,11,9
12/03/2021 03:00:00 PM,49,39,10
12/03/2021 04:00:00 PM,73,57,16
12/03/2021 05:00:00 PM,76,62,14
12/03/2021 06:00:00 PM,36,31,5
12/03/2021 07:00:00 PM,14,12,2
12/03/2021 08:00:00 PM,14,12,2
12/03/2021 09:00:00 PM,5,5,0
12/03/2021 10:00:00 PM,2,2,0
12/03/2021 11:00:00 PM,5,5,0
12/04/2021 12:00:00 AM,6,3,3
12/04/2021 01:00:00 AM,2,1,1
12/04/2021 02:00:00 AM,1,0,1
12/04/2021 03:00:00 AM,3,2,1
12/04/2021 04:00:00 AM,3,0,3
12/04/2021 05:00:00 AM,4,2,2
12/04/2021 06:00:00 AM,8,4,4
12/04/2021 07:00:00 AM,7,3,4
12/04/2021 08:00:00 AM,6,1,5
12/04/2021 09:00:00 AM,6,0,6
12/04/2021 10:00:00 AM,6,2,4
12/04/2021 11:00:00 AM,6,3,3
12/04/2021 12:00:00 PM,11,6,5
12/04/2021 01:00:00 PM,8,6,2
12/04/2021 02:00:00 PM,13,7,6
12/04/2021 03:00:00 PM,5,2,3
12/04/2021 04:00:00 PM,8,4,4
12/04/2021 05:00:00 PM,11,8,3
12/04/2021 06:00:00 PM,7,7,0
12/04/2021 07:00:00 PM,2,2,0
12/04/2021 08:00:00 PM,5,4,1
12/04/2021 09:00:00 PM,1,0,1
12/04/2021 10:00:00 PM,1,1,0
12/04/2021 11:00:00 PM,3,2,1
12/05/2021 12:00:00 AM,4,1,3
12/05/2021 01:00:00 AM,2,2,0
12/05/2021 02:00:00 AM,1,1,0
12/05/2021 03:00:00 AM,2,0,2
12/05/2021 04:00:00 AM,1,0,1
12/05/2021 05:00:00 AM,4,1,3
12/05/2021 06:00:00 AM,7,1,6
12/05/2021 07:00:00 AM,9,1,8
12/05/2021 08:00:00 AM,16,3,13
12/05/2021 09:00:00 AM,31,16,15
12/05/2021 10:00:00 AM,28,13,15
12/05/2021 11:00:00 AM,28,11,17
12/05/2021 12:00:00 PM,79,52,27
12/05/2021 01:00:00 PM,84,31,53
12/05/2021 02:00:00 PM,44,23,21
12/05/2021 03:00:00 PM,43,25,18
12/05/2021 04:00:00 PM,27,16,11
12/05/2021 05:00:00 PM,30,24,6
12/05/2021 06:00:00 PM,12,10,2
12/05/2021 07:00:00 PM,3,3,0
12/05/2021 08:00:00 PM,4,2,2
12/05/2021 09:00:00 PM,1,0,1
12/05/2021 10:00:00 PM,6,2,4
12/05/2021 11:00:00 PM,0,0,0
12/06/2021 12:00:00 AM,2,1,1
12/06/2021 01:00:00 AM,0,0,0
12/06/2021 02:00:00 AM,1,0,1
12/06/2021 03:00:00 AM,0,0,0
12/06/2021 04:00:00 AM,7,2,5
12/06/2021 05:00:00 AM,24,3,21
12/06/2021 06:00:00 AM,43,7,36
12/06/2021 07:00:00 AM,46,7,39
12/06/2021 08:00:00 AM,54,7,47
12/06/2021 09:00:00 AM,32,7,25
12/06/2021 10:00:00 AM,22,6,16
12/06/2021 11:00:00 AM,9,3,6
12/06/2021 12:00:00 PM,12,7,5
12/06/2021 01:00:00 PM,14,4,10
12/06/2021 02:00:00 PM,26,17,9
12/06/2021 03:00:00 PM,47,33,14
12/06/2021 04:00:00 PM,61,48,13
12/06/2021 05:00:00 PM,60,56,4
12/06/2021 06:00:00 PM,33,32,1
12/06/2021 07:00:00 PM,3,3,0
12/06/2021 08:00:00 PM,4,2,2
12/06/2021 09:00:00 PM,6,3,3
12/06/2021 10:00:00 PM,4,2,2
12/06/2021 11:00:00 PM,2,2,0
12/07/2021 12:00:00 AM,2,1,1
12/07/2021 01:00:00 AM,0,0,0
12/07/2021 02:00:00 AM,0,0,0
12/07/2021 03:00:00 AM,2,2,0
12/07/2021 04:00:00 AM,4,1,3
12/07/2021 05:00:00 AM,25,3,22
12/07/2021 06:00:00 AM,44,7,37
12/07/2021 07:00:00 AM,76,5,71
12/07/2021 08:00:00 AM,73,11,62
12/07/2021 09:00:00 AM,39,7,32
12/07/2021 10:00:00 AM,15,8,7
12/07/2021 11:00:00 AM,14,3,11
12/07/2021 12:00:00 PM,13,2,11
12/07/2021 01:00:00 PM,12,7,5
12/07/2021 02:00:00 PM,31,21,10
12/07/2021 03:00:00 PM,48,37,11
12/07/2021 04:00:00 PM,70,58,12
12/07/2021 05:00:00 PM,73,67,6
12/07/2021 06:00:00 PM,45,41,4
12/07/2021 07:00:00 PM,15,14,1
12/07/2021 08:00:00 PM,11,7,4
12/07/2021 09:00:00 PM,8,6,2
12/07/2021 10:00:00 PM,4,3,1
12/07/2021 11:00:00 PM,2,1,1
12/08/2021 12:00:00 AM,3,1,2
12/08/2021 01:00:00 AM,1,1,0
12/08/2021 02:00:00 AM,1,1,0
12/08/2021 03:00:00 AM,0,0,0
12/08/2021 04:00:00 AM,4,0,4
12/08/2021 05:00:00 AM,23,6,17
12/08/2021 06:00:00 AM,52,5,47
12/08/2021 07:00:00 AM,67,5,62
12/08/2021 08:00:00 AM,57,2,55
12/08/2021 09:00:00 AM,34,7,27
12/08/2021 10:00:00 AM,12,3,9
12/08/2021 11:00:00 AM,14,3,11
12/08/2021 12:00:00 PM,17,5,12
12/08/2021 01:00:00 PM,24,9,15
12/08/2021 02:00:00 PM,27,19,8
12/08/2021 03:00:00 PM,56,34,22
12/08/2021 04:00:00 PM,60,51,9
12/08/2021 05:00:00 PM,84,75,9
12/08/2021 06:00:00 PM,40,35,5
12/08/2021 07:00:00 PM,25,23,2
12/08/2021 08:00:00 PM,4,3,1
12/08/2021 09:00:00 PM,5,4,1
12/08/2021 10:00:00 PM,9,7,2
12/08/2021 11:00:00 PM,11,6,5
12/09/2021 12:00:00 AM,7,5,2
12/09/2021 01:00:00 AM,0,0,0
12/09/2021 02:00:00 AM,1,1,0
12/09/2021 03:00:00 AM,0,0,0
12/09/2021 04:00:00 AM,4,1,3
12/09/2021 05:00:00 AM,28,5,23
12/09/2021 06:00:00 AM,41,7,34
12/09/2021 07:00:00 AM,68,3,65
12/09/2021 08:00:00 AM,57,4,53
12/09/2021 09:00:00 AM,25,5,20
12/09/2021 10:00:00 AM,15,4,11
12/09/2021 11:00:00 AM,22,6,16
12/09/2021 12:00:00 PM,15,9,6
12/09/2021 01:00:00 PM,18,4,14
12/09/2021 02:00:00 PM,31,20,11
12/09/2021 03:00:00 PM,48,39,9
12/09/2021 04:00:00 PM,54,46,8
12/09/2021 05:00:00 PM,81,72,9
12/09/2021 06:00:00 PM,47,41,6
12/09/2021 07:00:00 PM,18,17,1
12/09/2021 08:00:00 PM,11,8,3
12/09/2021 09:00:00 PM,7,6,1
12/09/2021 10:00:00 PM,6,6,0
12/09/2021 11:00:00 PM,6,3,3
12/10/2021 12:00:00 AM,5,3,2
12/10/2021 01:00:00 AM,1,1,0
12/10/2021 02:00:00 AM,5,2,3
12/10/2021 03:00:00 AM,0,0,0
12/10/2021 04:00:00 AM,3,0,3
12/10/2021 05:00:00 AM,20,2,18
12/10/2021 06:00:00 AM,28,4,24
12/10/2021 07:00:00 AM,41,8,33
12/10/2021 08:00:00 AM,69,14,55
12/10/2021 09:00:00 AM,27,5,22
12/10/2021 10:00:00 AM,17,5,12
12/10/2021 11:00:00 AM,19,9,10
12/10/2021 12:00:00 PM,16,8,8
12/10/2021 01:00:00 PM,20,13,7
12/10/2021 02:00:00 PM,22,15,7
12/10/2021 03:00:00 PM,28,23,5
12/10/2021 04:00:00 PM,44,36,8
12/10/2021 05:00:00 PM,51,44,7
12/10/2021 06:00:00 PM,28,22,6
12/10/2021 07:00:00 PM,10,9,1
12/10/2021 08:00:00 PM,6,4,2
12/10/2021 09:00:00 PM,6,5,1
12/10/2021 10:00:00 PM,1,1,0
12/10/2021 11:00:00 PM,1,1,0
12/11/2021 12:00:00 AM,2,1,1
12/11/2021 01:00:00 AM,0,0,0
12/11/2021 02:00:00 AM,1,0,1
12/11/2021 03:00:00 AM,1,1,0
12/11/2021 04:00:00 AM,2,1,1
12/11/2021 05:00:00 AM,3,0,3
12/11/2021 06:00:00 AM,2,1,1
12/11/2021 07:00:00 AM,4,0,4
12/11/2021 08:00:00 AM,8,2,6
12/11/2021 09:00:00 AM,8,0,8
12/11/2021 10:00:00 AM,6,2,4
12/11/2021 11:00:00 AM,19,6,13
12/11/2021 12:00:00 PM,14,9,5
12/11/2021 01:00:00 PM,19,7,12
12/11/2021 02:00:00 PM,20,13,7
12/11/2021 03:00:00 PM,14,6,8
12/11/2021 04:00:00 PM,16,6,10
12/11/2021 05:00:00 PM,13,11,2
12/11/2021 06:00:00 PM,3,2,1
12/11/2021 07:00:00 PM,8,5,3
12/11/2021 08:00:00 PM,1,1,0
12/11/2021 09:00:00 PM,1,1,0
12/11/2021 10:00:00 PM,5,5,0
12/11/2021 11:00:00 PM,3,1,2
12/12/2021 12:00:00 AM,3,1,2
12/12/2021 01:00:00 AM,1,1,0
12/12/2021 02:00:00 AM,2,2,0
12/12/2021 03:00:00 AM,1,0,1
12/12/2021 04:00:00 AM,2,0,2
12/12/2021 05:00:00 AM,2,1,1
12/12/2021 06:00:00 AM,3,0,3
12/12/2021 07:00:00 AM,4,1,3
12/12/2021 08:00:00 AM,6,2,4
12/12/2021 09:00:00 AM,12,4,8
12/12/2021 10:00:00 AM,11,7,4
12/12/2021 11:00:00 AM,48,33,15
12/12/2021 12:00:00 PM,34,7,27
12/12/2021 01:00:00 PM,27,9,18
12/12/2021 02:00:00 PM,10,9,1
12/12/2021 03:00:00 PM,9,5,4
12/12/2021 04:00:00 PM,4,3,1
12/12/2021 05:00:00 PM,7,3,4
12/12/2021 06:00:00 PM,4,4,0
12/12/2021 07:00:00 PM,5,3,2
12/12/2021 08:00:00 PM,3,2,1
12/12/2021 09:00:00 PM,1,1,0
12/12/2021 10:00:00 PM,2,1,1
12/12/2021 11:00:00 PM,3,2,1
12/13/2021 12:00:00 AM,1,1,0
12/13/2021 01:00:00 AM,2,0,2
12/13/2021 02:00:00 AM,0,0,0
12/13/2021 03:00:00 AM,0,0,0
12/13/2021 04:00:00 AM,4,0,4
12/13/2021 05:00:00 AM,15,4,11
12/13/2021 06:00:00 AM,30,4,26
12/13/2021 07:00:00 AM,60,5,55
12/13/2021 08:00:00 AM,53,6,47
12/13/2021 09:00:00 AM,24,5,19
12/13/2021 10:00:00 AM,15,5,10
12/13/2021 11:00:00 AM,13,6,7
12/13/2021 12:00:00 PM,16,5,11
12/13/2021 01:00:00 PM,12,7,5
12/13/2021 02:00:00 PM,19,16,3
12/13/2021 03:00:00 PM,39,26,13
12/13/2021 04:00:00 PM,54,45,9
12/13/2021 05:00:00 PM,59,55,4
12/13/2021 06:00:00 PM,34,31,3
12/13/2021 07:00:00 PM,15,14,1
12/13/2021 08:00:00 PM,5,5,0
12/13/2021 09:00:00 PM,5,5,0
12/13/2021 10:00:00 PM,4,3,1
12/13/2021 11:00:00 PM,3,2,1
12/14/2021 12:00:00 AM,3,0,3
12/14/2021 01:00:00 AM,1,1,0
12/14/2021 02:00:00 AM,1,0,1
12/14/2021 03:00:00 AM,2,1,1
12/14/2021 04:00:00 AM,3,0,3
12/14/2021 05:00:00 AM,25,5,20
12/14/2021 06:00:00 AM,30,2,28
12/14/2021 07:00:00 AM,69,5,64
12/14/2021 08:00:00 AM,59,8,51
12/14/2021 09:00:00 AM,26,8,18
12/14/2021 10:00:00 AM,19,3,16
12/14/2021 11:00:00 AM,16,7,9
12/14/2021 12:00:00 PM,21,10,11
12/14/2021 01:00:00 PM,18,12,6
12/14/2021 02:00:00 PM,27,17,10
12/14/2021 03:00:00 PM,36,29,7
12/14/2021 04:00:00 PM,48,36,12
12/14/2021 05:00:00 PM,80,71,9
12/14/2021 06:00:00 PM,46,41,5
12/14/2021 07:00:00 PM,15,10,5
12/14/2021 08:00:00 PM,4,3,1
12/14/2021 09:00:00 PM,7,7,0
12/14/2021 10:00:00 PM,3,1,2
12/14/2021 11:00:00 PM,5,2,3
12/15/2021 12:00:00 AM,3,1,2
12/15/2021 01:00:00 AM,0,0,0
12/15/2021 02:00:00 AM,1,0,1
12/15/2021 03:00:00 AM,0,0,0
12/15/2021 04:00:00 AM,6,2,4
12/15/2021 05:00:00 AM,22,4,18
12/15/2021 06:00:00 AM,29,4,25
12/15/2021 07:00:00 AM,56,6,50
12/15/2021 08:00:00 AM,46,5,41
12/15/2021 09:00:00 AM,35,6,29
12/15/2021 10:00:00 AM,9,4,5
12/15/2021 11:00:00 AM,14,4,10
12/15/2021 12:00:00 PM,13,3,10
12/15/2021 01:00:00 PM,16,9,7
12/15/2021 02:00:00 PM,21,17,4
12/15/2021 03:00:00 PM,42,34,8
12/15/2021 04:00:00 PM,46,40,6
12/15/2021 05:00:00 PM,49,44,5
12/15/2021 06:00:00 PM,28,24,4
12/15/2021 07:00:00 PM,18,16,2
12/15/2021 08:00:00 PM,6,5,1
12/15/2021 09:00:00 PM,7,7,0
12/15/2021 10:00:00 PM,7,5,2
12/15/2021 11:00:00 PM,3,2,1
12/16/2021 12:00:00 AM,3,1,2
12/16/2021 01:00:00 AM,3,2,1
12/16/2021 02:00:00 AM,3,1,2
12/16/2021 03:00:00 AM,0,0,0
12/16/2021 04:00:00 AM,4,0,4
12/16/2021 05:00:00 AM,20,4,16
12/16/2021 06:00:00 AM,31,3,28
12/16/2021 07:00:00 AM,66,6,60
12/16/2021 08:00:00 AM,54,5,49
12/16/2021 09:00:00 AM,26,4,22
12/16/2021 10:00:00 AM,14,3,11
12/16/2021 11:00:00 AM,21,7,14
12/16/2021 12:00:00 PM,22,10,12
12/16/2021 01:00:00 PM,19,9,10
12/16/2021 02:00:00 PM,31,19,12
12/16/2021 03:00:00 PM,52,38,14
12/16/2021 04:00:00 PM,44,35,9
12/16/2021 05:00:00 PM,70,61,9
12/16/2021 06:00:00 PM,42,35,7
12/16/2021 07:00:00 PM,20,17,3
12/16/2021 08:00:00 PM,9,8,1
12/16/2021 09:00:00 PM,10,10,0
12/16/2021 10:00:00 PM,8,7,1
12/16/2021 11:00:00 PM,5,5,0
12/17/2021 12:00:00 AM,2,2,0
12/17/2021 01:00:00 AM,2,2,0
12/17/2021 02:00:00 AM,0,0,0
12/17/2021 03:00:00 AM,0,0,0
12/17/2021 04:00:00 AM,6,0,6
12/17/2021 05:00:00 AM,14,1,13
12/17/2021 06:00:00 AM,25,3,22
12/17/2021 07:00:00 AM,45,4,41
12/17/2021 08:00:00 AM,48,5,43
12/17/2021 09:00:00 AM,34,7,27
12/17/2021 10:00:00 AM,22,10,12
12/17/2021 11:00:00 AM,24,8,16
12/17/2021 12:00:00 PM,30,14,16
12/17/2021 01:00:00 PM,28,10,18
12/17/2021 02:00:00 PM,39,25,14
12/17/2021 03:00:00 PM,44,32,12
12/17/2021 04:00:00 PM,62,45,17
12/17/2021 05:00:00 PM,54,44,10
12/17/2021 06:00:00 PM,38,28,10
12/17/2021 07:00:00 PM,11,9,2
12/17/2021 08:00:00 PM,3,2,1
12/17/2021 09:00:00 PM,6,4,2
12/17/2021 10:00:00 PM,1,1,0
12/17/2021 11:00:00 PM,2,2,0
12/18/2021 12:00:00 AM,6,4,2
12/18/2021 01:00:00 AM,2,1,1
12/18/2021 02:00:00 AM,0,0,0
12/18/2021 03:00:00 AM,1,1,0
12/18/2021 04:00:00 AM,1,0,1
12/18/2021 05:00:00 AM,3,0,3
12/18/2021 06:00:00 AM,4,3,1
12/18/2021 07:00:00 AM,6,6,0
12/18/2021 08:00:00 AM,7,1,6
12/18/2021 09:00:00 AM,9,6,3
12/18/2021 10:00:00 AM,5,1,4
12/18/2021 11:00:00 AM,3,1,2
12/18/2021 12:00:00 PM,6,1,5
12/18/2021 01:00:00 PM,15,5,10
12/18/2021 02:00:00 PM,5,2,3
12/18/2021 03:00:00 PM,9,7,2
12/18/2021 04:00:00 PM,7,4,3
12/18/2021 05:00:00 PM,10,4,6
12/18/2021 06:00:00 PM,7,4,3
12/18/2021 07:00:00 PM,4,3,1
12/18/2021 08:00:00 PM,4,4,0
12/18/2021 09:00:00 PM,6,4,2
12/18/2021 10:00:00 PM,1,0,1
12/18/2021 11:00:00 PM,5,5,0
12/19/2021 12:00:00 AM,1,0,1
12/19/2021 01:00:00 AM,3,1,2
12/19/2021 02:00:00 AM,1,1,0
12/19/2021 03:00:00 AM,0,0,0
12/19/2021 04:00:00 AM,1,0,1
12/19/2021 05:00:00 AM,2,1,1
12/19/2021 06:00:00 AM,4,2,2
12/19/2021 07:00:00 AM,5,4,1
12/19/2021 08:00:00 AM,13,2,11
12/19/2021 09:00:00 AM,20,11,9
12/19/2021 10:00:00 AM,39,5,34
12/19/2021 11:00:00 AM,71,56,15
12/19/2021 12:00:00 PM,41,27,14
12/19/2021 01:00:00 PM,73,23,50
12/19/2021 02:00:00 PM,55,34,21
12/19/2021 03:00:00 PM,36,15,21
12/19/2021 04:00:00 PM,21,10,11
12/19/2021 05:00:00 PM,13,9,4
12/19/2021 06:00:00 PM,10,7,3
12/19/2021 07:00:00 PM,6,5,1
12/19/2021 08:00:00 PM,0,0,0
12/19/2021 09:00:00 PM,5,4,1
12/19/2021 10:00:00 PM,5,5,0
12/19/2021 11:00:00 PM,3,0,3
12/20/2021 12:00:00 AM,1,0,1
12/20/2021 01:00:00 AM,0,0,0
12/20/2021 02:00:00 AM,0,0,0
12/20/2021 03:00:00 AM,0,0,0
12/20/2021 04:00:00 AM,4,1,3
12/20/2021 05:00:00 AM,16,5,11
12/20/2021 06:00:00 AM,29,5,24
12/20/2021 07:00:00 AM,36,2,34
12/20/2021 08:00:00 AM,22,0,22
12/20/2021 09:00:00 AM,11,4,7
12/20/2021 10:00:00 AM,10,3,7
12/20/2021 11:00:00 AM,10,5,5
12/20/2021 12:00:00 PM,4,2,2
12/20/2021 01:00:00 PM,12,6,6
12/20/2021 02:00:00 PM,14,6,8
12/20/2021 03:00:00 PM,31,21,10
12/20/2021 04:00:00 PM,34,29,5
12/20/2021 05:00:00 PM,39,37,2
12/20/2021 06:00:00 PM,19,19,0
12/20/2021 07:00:00 PM,11,10,1
12/20/2021 08:00:00 PM,10,8,2
12/20/2021 09:00:00 PM,6,4,2
12/20/2021 10:00:00 PM,3,2,1
12/20/2021 11:00:00 PM,1,0,1
12/21/2021 12:00:00 AM,3,3,0
12/21/2021 01:00:00 AM,2,0,2
12/21/2021 02:00:00 AM,2,1,1
12/21/2021 03:00:00 AM,2,1,1
12/21/2021 04:00:00 AM,6,2,4
12/21/2021 05:00:00 AM,20,3,17
12/21/2021 06:00:00 AM,26,4,22
12/21/2021 07:00:00 AM,35,5,30
12/21/2021 08:00:00 AM,33,2,31
12/21/2021 09:00:00 AM,18,6,12
12/21/2021 10:00:00 AM,13,4,9
12/21/2021 11:00:00 AM,14,6,8
12/21/2021 12:00:00 PM,20,9,11
12/21/2021 01:00:00 PM,19,11,8
12/21/2021 02:00:00 PM,19,14,5
12/21/2021 03:00:00 PM,40,24,16
12/21/2021 04:00:00 PM,34,29,5
12/21/2021 05:00:00 PM,44,42,2
12/21/2021 06:00:00 PM,25,20,5
12/21/2021 07:00:00 PM,6,5,1
12/21/2021 08:00:00 PM,6,5,1
12/21/2021 09:00:00 PM,4,3,1
12/21/2021 10:00:00 PM,5,5,0
12/21/2021 11:00:00 PM,1,1,0
12/22/2021 12:00:00 AM,2,1,1
12/22/2021 01:00:00 AM,0,0,0
12/22/2021 02:00:00 AM,1,0,1
12/22/2021 03:00:00 AM,0,0,0
12/22/2021 04:00:00 AM,2,1,1
12/22/2021 05:00:00 AM,13,6,7
12/22/2021 06:00:00 AM,25,1,24
12/22/2021 07:00:00 AM,30,1,29
12/22/2021 08:00:00 AM,24,3,21
12/22/2021 09:00:00 AM,12,4,8
12/22/2021 10:00:00 AM,13,3,10
12/22/2021 11:00:00 AM,8,2,6
12/22/2021 12:00:00 PM,11,9,2
12/22/2021 01:00:00 PM,14,6,8
12/22/2021 02:00:00 PM,13,11,2
12/22/2021 03:00:00 PM,22,17,5
12/22/2021 04:00:00 PM,23,18,5
12/22/2021 05:00:00 PM,31,29,2
12/22/2021 06:00:00 PM,12,8,4
12/22/2021 07:00:00 PM,11,7,4
12/22/2021 08:00:00 PM,7,6,1
12/22/2021 09:00:00 PM,3,3,0
12/22/2021 10:00:00 PM,2,2,0
12/22/2021 11:00:00 PM,4,3,1
12/23/2021 12:00:00 AM,2,2,0
12/23/2021 01:00:00 AM,5,0,5
12/23/2021 02:00:00 AM,0,0,0
12/23/2021 03:00:00 AM,0,0,0
12/23/2021 04:00:00 AM,3,0,3
12/23/2021 05:00:00 AM,10,3,7
12/23/2021 06:00:00 AM,15,2,13
12/23/2021 07:00:00 AM,23,1,22
12/23/2021 08:00:00 AM,14,1,13
12/23/2021 09:00:00 AM,10,5,5
12/23/2021 10:00:00 AM,15,6,9
12/23/2021 11:00:00 AM,17,7,10
12/23/2021 12:00:00 PM,19,11,8
12/23/2021 01:00:00 PM,23,13,10
12/23/2021 02:00:00 PM,22,12,10
12/23/2021 03:00:00 PM,32,26,6
12/23/2021 04:00:00 PM,27,20,7
12/23/2021 05:00:00 PM,16,11,5
12/23/2021 06:00:00 PM,15,12,3
12/23/2021 07:00:00 PM,10,8,2
12/23/2021 08:00:00 PM,8,7,1
12/23/2021 09:00:00 PM,5,5,0
12/23/2021 10:00:00 PM,2,2,0
12/23/2021 11:00:00 PM,2,0,2
12/24/2021 12:00:00 AM,1,1,0
12/24/2021 01:00:00 AM,3,1,2
12/24/2021 02:00:00 AM,0,0,0
12/24/2021 03:00:00 AM,1,0,1
12/24/2021 04:00:00 AM,3,0,3
12/24/2021 05:00:00 AM,3,0,3
12/24/2021 06:00:00 AM,8,1,7
12/24/2021 07:00:00 AM,2,0,2
12/24/2021 08:00:00 AM,4,1,3
12/24/2021 09:00:00 AM,9,3,6
12/24/2021 10:00:00 AM,14,4,10
12/24/2021 11:00:00 AM,6,2,4
12/24/2021 12:00:00 PM,18,10,8
12/24/2021 01:00:00 PM,16,11,5
12/24/2021 02:00:00 PM,16,10,6
12/24/2021 03:00:00 PM,10,8,2
12/24/2021 04:00:00 PM,10,7,3
12/24/2021 05:00:00 PM,5,3,2
12/24/2021 06:00:00 PM,6,6,0
12/24/2021 07:00:00 PM,2,0,2
12/24/2021 08:00:00 PM,2,2,0
12/24/2021 09:00:00 PM,0,0,0
12/24/2021 10:00:00 PM,2,1,1
12/24/2021 11:00:00 PM,1,1,0
12/25/2021 12:00:00 AM,2,0,2
12/25/2021 01:00:00 AM,0,0,0
12/25/2021 02:00:00 AM,1,1,0
12/25/2021 03:00:00 AM,0,0,0
12/25/2021 04:00:00 AM,0,0,0
12/25/2021 05:00:00 AM,1,0,1
12/25/2021 06:00:00 AM,1,0,1
12/25/2021 07:00:00 AM,0,0,0
12/25/2021 08:00:00 AM,1,0,1
12/25/2021 09:00:00 AM,1,1,0
12/25/2021 10:00:00 AM,9,4,5
12/25/2021 11:00:00 AM,8,3,5
12/25/2021 12:00:00 PM,5,3,2
12/25/2021 01:00:00 PM,3,0,3
12/25/2021 02:00:00 PM,4,2,2
12/25/2021 03:00:00 PM,9,6,3
12/25/2021 04:00:00 PM,5,4,1
12/25/2021 05:00:00 PM,2,0,2
12/25/2021 06:00:00 PM,1,1,0
12/25/2021 07:00:00 PM,2,2,0
12/25/2021 08:00:00 PM,1,1,0
12/25/2021 09:00:00 PM,3,2,1
12/25/2021 10:00:00 PM,0,0,0
12/25/2021 11:00:00 PM,0,0,0
12/26/2021 12:00:00 AM,0,0,0
12/26/2021 01:00:00 AM,0,0,0
12/26/2021 02:00:00 AM,0,0,0
12/26/2021 03:00:00 AM,0,0,0
12/26/2021 04:00:00 AM,4,1,3
12/26/2021 05:00:00 AM,1,1,0
12/26/2021 06:00:00 AM,0,0,0
12/26/2021 07:00:00 AM,0,0,0
12/26/2021 08:00:00 AM,0,0,0
12/26/2021 09:00:00 AM,0,0,0
12/26/2021 10:00:00 AM,1,0,1
12/26/2021 11:00:00 AM,4,4,0
12/26/2021 12:00:00 PM,0,0,0
12/26/2021 01:00:00 PM,0,0,0
12/26/2021 02:00:00 PM,0,0,0
12/26/2021 03:00:00 PM,0,0,0
12/26/2021 04:00:00 PM,0,0,0
12/26/2021 05:00:00 PM,0,0,0
12/26/2021 06:00:00 PM,0,0,0
12/26/2021 07:00:00 PM,0,0,0
12/26/2021 08:00:00 PM,0,0,0
12/26/2021 09:00:00 PM,0,0,0
12/26/2021 10:00:00 PM,0,0,0
12/26/2021 11:00:00 PM,0,0,0
12/27/2021 12:00:00 AM,0,0,0
12/27/2021 01:00:00 AM,0,0,0
12/27/2021 02:00:00 AM,0,0,0
12/27/2021 03:00:00 AM,0,0,0
12/27/2021 04:00:00 AM,0,0,0
12/27/2021 05:00:00 AM,0,0,0
12/27/2021 06:00:00 AM,0,0,0
12/27/2021 07:00:00 AM,0,0,0
12/27/2021 08:00:00 AM,0,0,0
12/27/2021 09:00:00 AM,0,0,0
12/27/2021 10:00:00 AM,0,0,0
12/27/2021 11:00:00 AM,0,0,0
12/27/2021 12:00:00 PM,0,0,0
12/27/2021 01:00:00 PM,0,0,0
12/27/2021 02:00:00 PM,0,0,0
12/27/2021 03:00:00 PM,0,0,0
12/27/2021 04:00:00 PM,0,0,0
12/27/2021 05:00:00 PM,0,0,0
12/27/2021 06:00:00 PM,0,0,0
12/27/2021 07:00:00 PM,0,0,0
12/27/2021 08:00:00 PM,0,0,0
12/27/2021 09:00:00 PM,0,0,0
12/27/2021 10:00:00 PM,0,0,0
12/27/2021 11:00:00 PM,0,0,0
12/28/2021 12:00:00 AM,0,0,0
12/28/2021 01:00:00 AM,0,0,0
12/28/2021 02:00:00 AM,0,0,0
12/28/2021 03:00:00 AM,0,0,0
12/28/2021 04:00:00 AM,0,0,0
12/28/2021 05:00:00 AM,0,0,0
12/28/2021 06:00:00 AM,0,0,0
12/28/2021 07:00:00 AM,0,0,0
12/28/2021 08:00:00 AM,0,0,0
12/28/2021 09:00:00 AM,0,0,0
12/28/2021 10:00:00 AM,0,0,0
12/28/2021 11:00:00 AM,0,0,0
12/28/2021 12:00:00 PM,0,0,0
12/28/2021 01:00:00 PM,0,0,0
12/28/2021 02:00:00 PM,0,0,0
12/28/2021 03:00:00 PM,0,0,0
12/28/2021 04:00:00 PM,0,0,0
12/28/2021 05:00:00 PM,0,0,0
12/28/2021 06:00:00 PM,0,0,0
12/28/2021 07:00:00 PM,0,0,0
12/28/2021 08:00:00 PM,0,0,0
12/28/2021 09:00:00 PM,0,0,0
12/28/2021 10:00:00 PM,0,0,0
12/28/2021 11:00:00 PM,0,0,0
12/29/2021 12:00:00 AM,0,0,0
12/29/2021 01:00:00 AM,0,0,0
12/29/2021 02:00:00 AM,0,0,0
12/29/2021 03:00:00 AM,0,0,0
12/29/2021 04:00:00 AM,0,0,0
12/29/2021 05:00:00 AM,0,0,0
12/29/2021 06:00:00 AM,0,0,0
12/29/2021 07:00:00 AM,0,0,0
12/29/2021 08:00:00 AM,0,0,0
12/29/2021 09:00:00 AM,0,0,0
12/29/2021 10:00:00 AM,0,0,0
12/29/2021 11:00:00 AM,0,0,0
12/29/2021 12:00:00 PM,0,0,0
12/29/2021 01:00:00 PM,0,0,0
12/29/2021 02:00:00 PM,0,0,0
12/29/2021 03:00:00 PM,0,0,0
12/29/2021 04:00:00 PM,0,0,0
12/29/2021 05:00:00 PM,0,0,0
12/29/2021 06:00:00 PM,0,0,0
12/29/2021 07:00:00 PM,0,0,0
12/29/2021 08:00:00 PM,0,0,0
12/29/2021 09:00:00 PM,0,0,0
12/29/2021 10:00:00 PM,0,0,0
12/29/2021 11:00:00 PM,0,0,0
12/30/2021 12:00:00 AM,0,0,0
12/30/2021 01:00:00 AM,0,0,0
12/30/2021 02:00:00 AM,0,0,0
12/30/2021 03:00:00 AM,0,0,0
12/30/2021 04:00:00 AM,0,0,0
12/30/2021 05:00:00 AM,0,0,0
12/30/2021 06:00:00 AM,0,0,0
12/30/2021 07:00:00 AM,0,0,0
12/30/2021 08:00:00 AM,0,0,0
12/30/2021 09:00:00 AM,0,0,0
12/30/2021 10:00:00 AM,0,0,0
12/30/2021 11:00:00 AM,0,0,0
12/30/2021 12:00:00 PM,0,0,0
12/30/2021 01:00:00 PM,0,0,0
12/30/2021 02:00:00 PM,0,0,0
12/30/2021 03:00:00 PM,0,0,0
12/30/2021 04:00:00 PM,0,0,0
12/30/2021 05:00:00 PM,0,0,0
12/30/2021 06:00:00 PM,0,0,0
12/30/2021 07:00:00 PM,0,0,0
12/30/2021 08:00:00 PM,0,0,0
12/30/2021 09:00:00 PM,0,0,0
12/30/2021 10:00:00 PM,0,0,0
12/30/2021 11:00:00 PM,0,0,0
12/31/2021 12:00:00 AM,0,0,0
12/31/2021 01:00:00 AM,0,0,0
12/31/2021 02:00:00 AM,0,0,0
12/31/2021 03:00:00 AM,0,0,0
12/31/2021 04:00:00 AM,0,0,0
12/31/2021 05:00:00 AM,0,0,0
12/31/2021 06:00:00 AM,0,0,0
12/31/2021 07:00:00 AM,0,0,0
12/31/2021 08:00:00 AM,0,0,0
12/31/2021 09:00:00 AM,0,0,0
12/31/2021 10:00:00 AM,0,0,0
12/31/2021 11:00:00 AM,0,0,0
12/31/2021 12:00:00 PM,0,0,0
12/31/2021 01:00:00 PM,0,0,0
12/31/2021 02:00:00 PM,0,0,0
12/31/2021 03:00:00 PM,0,0,0
12/31/2021 04:00:00 PM,0,0,0
12/31/2021 05:00:00 PM,0,0,0
12/31/2021 06:00:00 PM,0,0,0
12/31/2021 07:00:00 PM,0,0,0
12/31/2021 08:00:00 PM,0,0,0
12/31/2021 09:00:00 PM,0,0,0
12/31/2021 10:00:00 PM,0,0,0
12/31/2021 11:00:00 PM,0,0,0
02/01/2022 12:00:00 AM,0,0,0
02/01/2022 01:00:00 AM,0,0,0
02/01/2022 02:00:00 AM,0,0,0
02/01/2022 03:00:00 AM,0,0,0
02/01/2022 04:00:00 AM,0,0,0
02/01/2022 05:00:00 AM,0,0,0
02/01/2022 06:00:00 AM,0,0,0
02/01/2022 07:00:00 AM,0,0,0
02/01/2022 08:00:00 AM,0,0,0
02/01/2022 09:00:00 AM,0,0,0
02/01/2022 10:00:00 AM,0,0,0
02/01/2022 11:00:00 AM,0,0,0
02/01/2022 12:00:00 PM,0,0,0
02/01/2022 01:00:00 PM,0,0,0
02/01/2022 02:00:00 PM,0,0,0
02/01/2022 03:00:00 PM,0,0,0
02/01/2022 04:00:00 PM,63,50,13
02/01/2022 05:00:00 PM,75,64,11
02/01/2022 06:00:00 PM,31,26,5
02/01/2022 07:00:00 PM,13,13,0
02/01/2022 08:00:00 PM,5,4,1
02/01/2022 09:00:00 PM,5,4,1
02/01/2022 10:00:00 PM,1,1,0
02/01/2022 11:00:00 PM,0,0,0
02/02/2022 12:00:00 AM,3,3,0
02/02/2022 01:00:00 AM,1,1,0
02/02/2022 02:00:00 AM,2,0,2
02/02/2022 03:00:00 AM,1,0,1
02/02/2022 04:00:00 AM,1,0,1
02/02/2022 05:00:00 AM,25,7,18
02/02/2022 06:00:00 AM,25,4,21
02/02/2022 07:00:00 AM,50,5,45
02/02/2022 08:00:00 AM,55,8,47
02/02/2022 09:00:00 AM,17,2,15
02/02/2022 10:00:00 AM,16,5,11
02/02/2022 11:00:00 AM,12,1,11
02/02/2022 12:00:00 PM,9,2,7
02/02/2022 01:00:00 PM,13,7,6
02/02/2022 02:00:00 PM,26,13,13
02/02/2022 03:00:00 PM,41,30,11
02/02/2022 04:00:00 PM,54,43,11
02/02/2022 05:00:00 PM,53,43,10
02/02/2022 06:00:00 PM,19,18,1
02/02/2022 07:00:00 PM,14,11,3
02/02/2022 08:00:00 PM,15,11,4
02/02/2022 09:00:00 PM,4,3,1
02/02/2022 10:00:00 PM,3,3,0
02/02/2022 11:00:00 PM,1,0,1
02/03/2022 12:00:00 AM,3,3,0
02/03/2022 01:00:00 AM,1,0,1
02/03/2022 02:00:00 AM,2,1,1
02/03/2022 03:00:00 AM,0,0,0
02/03/2022 04:00:00 AM,3,0,3
02/03/2022 05:00:00 AM,22,6,16
02/03/2022 06:00:00 AM,34,7,27
02/03/2022 07:00:00 AM,47,4,43
02/03/2022 08:00:00 AM,41,2,39
02/03/2022 09:00:00 AM,13,2,11
02/03/2022 10:00:00 AM,13,4,9
02/03/2022 11:00:00 AM,14,3,11
02/03/2022 12:00:00 PM,15,7,8
02/03/2022 01:00:00 PM,12,7,5
02/03/2022 02:00:00 PM,15,7,8
02/03/2022 03:00:00 PM,38,21,17
02/03/2022 04:00:00 PM,54,41,13
02/03/2022 05:00:00 PM,63,51,12
02/03/2022 06:00:00 PM,30,26,4
02/03/2022 07:00:00 PM,19,14,5
02/03/2022 08:00:00 PM,10,8,2
02/03/2022 09:00:00 PM,5,2,3
02/03/2022 10:00:00 PM,3,2,1
02/03/2022 11:00:00 PM,4,4,0
02/04/2022 12:00:00 AM,2,2,0
02/04/2022 01:00:00 AM,2,1,1
02/04/2022 02:00:00 AM,2,0,2
02/04/2022 03:00:00 AM,0,0,0
02/04/2022 04:00:00 AM,5,0,5
02/04/2022 05:00:00 AM,25,6,19
02/04/2022 06:00:00 AM,30,3,27
02/04/2022 07:00:00 AM,46,8,38
02/04/2022 08:00:00 AM,46,7,39
02/04/2022 09:00:00 AM,21,2,19
02/04/2022 10:00:00 AM,16,4,12
02/04/2022 11:00:00 AM,19,3,16
02/04/2022 12:00:00 PM,21,6,15
02/04/2022 01:00:00 PM,23,19,4
02/04/2022 02:00:00 PM,20,12,8
02/04/2022 03:00:00 PM,35,24,11
02/04/2022 04:00:00 PM,43,33,10
02/04/2022 05:00:00 PM,63,57,6
02/04/2022 06:00:00 PM,24,18,6
02/04/2022 07:00:00 PM,12,10,2
02/04/2022 08:00:00 PM,12,9,3
02/04/2022 09:00:00 PM,7,3,4
02/04/2022 10:00:00 PM,8,5,3
02/04/2022 11:00:00 PM,3,2,1
02/05/2022 12:00:00 AM,6,4,2
02/05/2022 01:00:00 AM,0,0,0
02/05/2022 02:00:00 AM,2,1,1
02/05/2022 03:00:00 AM,3,2,1
02/05/2022 04:00:00 AM,5,3,2
02/05/2022 05:00:00 AM,3,1,2
02/05/2022 06:00:00 AM,10,3,7
02/05/2022 07:00:00 AM,10,2,8
02/05/2022 08:00:00 AM,27,6,21
02/05/2022 09:00:00 AM,40,17,23
02/05/2022 10:00:00 AM,28,10,18
02/05/2022 11:00:00 AM,42,24,18
02/05/2022 12:00:00 PM,45,26,19
02/05/2022 01:00:00 PM,48,29,19
02/05/2022 02:00:00 PM,47,24,23
02/05/2022 03:00:00 PM,39,17,22
02/05/2022 04:00:00 PM,43,17,26
02/05/2022 05:00:00 PM,17,15,2
02/05/2022 06:00:00 PM,10,7,3
02/05/2022 07:00:00 PM,6,4,2
02/05/2022 08:00:00 PM,8,6,2
02/05/2022 09:00:00 PM,2,1,1
02/05/2022 10:00:00 PM,2,0,2
02/05/2022 11:00:00 PM,6,3,3
02/06/2022 12:00:00 AM,1,1,0
02/06/2022 01:00:00 AM,2,2,0
02/06/2022 02:00:00 AM,0,0,0
02/06/2022 03:00:00 AM,4,1,3
02/06/2022 04:00:00 AM,2,1,1
02/06/2022 05:00:00 AM,3,0,3
02/06/2022 06:00:00 AM,8,0,8
02/06/2022 07:00:00 AM,7,0,7
02/06/2022 08:00:00 AM,12,2,10
02/06/2022 09:00:00 AM,36,8,28
02/06/2022 10:00:00 AM,45,32,13
02/06/2022 11:00:00 AM,43,31,12
02/06/2022 12:00:00 PM,101,43,58
02/06/2022 01:00:00 PM,84,43,41
02/06/2022 02:00:00 PM,78,37,41
02/06/2022 03:00:00 PM,67,33,34
02/06/2022 04:00:00 PM,62,37,25
02/06/2022 05:00:00 PM,34,15,19
02/06/2022 06:00:00 PM,12,10,2
02/06/2022 07:00:00 PM,2,1,1
02/06/2022 08:00:00 PM,4,3,1
02/06/2022 09:00:00 PM,1,1,0
02/06/2022 10:00:00 PM,3,0,3
02/06/2022 11:00:00 PM,1,1,0
02/07/2022 12:00:00 AM,3,3,0
02/07/2022 01:00:00 AM,1,0,1
02/07/2022 02:00:00 AM,1,0,1
02/07/2022 03:00:00 AM,1,0,1
02/07/2022 04:00:00 AM,5,0,5
02/07/2022 05:00:00 AM,26,8,18
02/07/2022 06:00:00 AM,30,1,29
02/07/2022 07:00:00 AM,69,6,63
02/07/2022 08:00:00 AM,53,3,50
02/07/2022 09:00:00 AM,31,7,24
02/07/2022 10:00:00 AM,13,5,8
02/07/2022 11:00:00 AM,8,3,5
02/07/2022 12:00:00 PM,16,9,7
02/07/2022 01:00:00 PM,9,5,4
02/07/2022 02:00:00 PM,26,12,14
02/07/2022 03:00:00 PM,54,42,12
02/07/2022 04:00:00 PM,54,37,17
02/07/2022 05:00:00 PM,71,61,10
02/07/2022 06:00:00 PM,41,34,7
02/07/2022 07:00:00 PM,12,9,3
02/07/2022 08:00:00 PM,4,3,1
02/07/2022 09:00:00 PM,3,3,0
02/07/2022 10:00:00 PM,7,1,6
02/07/2022 11:00:00 PM,1,1,0
02/08/2022 12:00:00 AM,6,4,2
02/08/2022 01:00:00 AM,1,0,1
02/08/2022 02:00:00 AM,4,1,3
02/08/2022 03:00:00 AM,3,1,2
02/08/2022 04:00:00 AM,6,1,5
02/08/2022 05:00:00 AM,39,7,32
02/08/2022 06:00:00 AM,50,12,38
02/08/2022 07:00:00 AM,67,6,61
02/08/2022 08:00:00 AM,69,6,63
02/08/2022 09:00:00 AM,34,6,28
02/08/2022 10:00:00 AM,21,2,19
02/08/2022 11:00:00 AM,16,3,13
02/08/2022 12:00:00 PM,19,9,10
02/08/2022 01:00:00 PM,33,18,15
02/08/2022 02:00:00 PM,35,23,12
02/08/2022 03:00:00 PM,44,33,11
02/08/2022 04:00:00 PM,78,65,13
02/08/2022 05:00:00 PM,92,71,21
02/08/2022 06:00:00 PM,43,36,7
02/08/2022 07:00:00 PM,18,16,2
02/08/2022 08:00:00 PM,9,7,2
02/08/2022 09:00:00 PM,9,4,5
02/08/2022 10:00:00 PM,5,5,0
02/08/2022 11:00:00 PM,4,3,1
02/09/2022 12:00:00 AM,4,3,1
02/09/2022 01:00:00 AM,2,0,2
02/09/2022 02:00:00 AM,1,1,0
02/09/2022 03:00:00 AM,2,1,1
02/09/2022 04:00:00 AM,4,0,4
02/09/2022 05:00:00 AM,29,4,25
02/09/2022 06:00:00 AM,40,7,33
02/09/2022 07:00:00 AM,72,9,63
02/09/2022 08:00:00 AM,60,5,55
02/09/2022 09:00:00 AM,40,5,35
02/09/2022 10:00:00 AM,24,9,15
02/09/2022 11:00:00 AM,27,7,20
02/09/2022 12:00:00 PM,28,14,14
02/09/2022 01:00:00 PM,24,13,11
02/09/2022 02:00:00 PM,38,28,10
02/09/2022 03:00:00 PM,71,49,22
02/09/2022 04:00:00 PM,82,65,17
02/09/2022 05:00:00 PM,95,78,17
02/09/2022 06:00:00 PM,33,23,10
02/09/2022 07:00:00 PM,15,14,1
02/09/2022 08:00:00 PM,15,12,3
02/09/2022 09:00:00 PM,12,7,5
02/09/2022 10:00:00 PM,10,7,3
02/09/2022 11:00:00 PM,3,1,2
02/10/2022 12:00:00 AM,4,2,2
02/10/2022 01:00:00 AM,1,1,0
02/10/2022 02:00:00 AM,1,0,1
02/10/2022 03:00:00 AM,1,0,1
02/10/2022 04:00:00 AM,5,0,5
02/10/2022 05:00:00 AM,20,5,15
02/10/2022 06:00:00 AM,43,7,36
02/10/2022 07:00:00 AM,66,7,59
02/10/2022 08:00:00 AM,61,6,55
02/10/2022 09:00:00 AM,27,6,21
02/10/2022 10:00:00 AM,19,4,15
02/10/2022 11:00:00 AM,22,5,17
02/10/2022 12:00:00 PM,18,7,11
02/10/2022 01:00:00 PM,16,10,6
02/10/2022 02:00:00 PM,30,15,15
02/10/2022 03:00:00 PM,47,34,13
02/10/2022 04:00:00 PM,63,48,15
02/10/2022 05:00:00 PM,86,71,15
02/10/2022 06:00:00 PM,35,28,7
02/10/2022 07:00:00 PM,15,12,3
02/10/2022 08:00:00 PM,8,6,2
02/10/2022 09:00:00 PM,12,8,4
02/10/2022 10:00:00 PM,6,5,1
02/10/2022 11:00:00 PM,3,2,1
02/11/2022 12:00:00 AM,1,1,0
02/11/2022 01:00:00 AM,2,2,0
02/11/2022 02:00:00 AM,2,1,1
02/11/2022 03:00:00 AM,4,1,3
02/11/2022 04:00:00 AM,7,1,6
02/11/2022 05:00:00 AM,21,2,19
02/11/2022 06:00:00 AM,36,4,32
02/11/2022 07:00:00 AM,58,8,50
02/11/2022 08:00:00 AM,58,10,48
02/11/2022 09:00:00 AM,30,8,22
02/11/2022 10:00:00 AM,24,9,15
02/11/2022 11:00:00 AM,23,8,15
02/11/2022 12:00:00 PM,35,18,17
02/11/2022 01:00:00 PM,32,17,15
02/11/2022 02:00:00 PM,52,28,24
02/11/2022 03:00:00 PM,52,35,17
02/11/2022 04:00:00 PM,75,58,17
02/11/2022 05:00:00 PM,83,67,16
02/11/2022 06:00:00 PM,44,31,13
02/11/2022 07:00:00 PM,7,5,2
02/11/2022 08:00:00 PM,10,10,0
02/11/2022 09:00:00 PM,10,7,3
02/11/2022 10:00:00 PM,4,1,3
02/11/2022 11:00:00 PM,6,4,2
02/12/2022 12:00:00 AM,9,4,5
02/12/2022 01:00:00 AM,2,1,1
02/12/2022 02:00:00 AM,4,1,3
02/12/2022 03:00:00 AM,0,0,0
02/12/2022 04:00:00 AM,3,0,3
02/12/2022 05:00:00 AM,10,3,7
02/12/2022 06:00:00 AM,3,1,2
02/12/2022 07:00:00 AM,10,1,9
02/12/2022 08:00:00 AM,36,11,25
02/12/2022 09:00:00 AM,39,15,24
02/12/2022 10:00:00 AM,48,20,28
02/12/2022 11:00:00 AM,87,39,48
02/12/2022 12:00:00 PM,94,52,42
02/12/2022 01:00:00 PM,91,51,40
02/12/2022 02:00:00 PM,117,70,47
02/12/2022 03:00:00 PM,95,49,46
02/12/2022 04:00:00 PM,78,35,43
02/12/2022 05:00:00 PM,37,24,13
02/12/2022 06:00:00 PM,37,23,14
02/12/2022 07:00:00 PM,8,7,1
02/12/2022 08:00:00 PM,14,9,5
02/12/2022 09:00:00 PM,3,2,1
02/12/2022 10:00:00 PM,9,7,2
02/12/2022 11:00:00 PM,5,2,3
02/13/2022 12:00:00 AM,11,7,4
02/13/2022 01:00:00 AM,2,1,1
02/13/2022 02:00:00 AM,0,0,0
02/13/2022 03:00:00 AM,1,0,1
02/13/2022 04:00:00 AM,3,2,1
02/13/2022 05:00:00 AM,1,0,1
02/13/2022 06:00:00 AM,4,2,2
02/13/2022 07:00:00 AM,4,0,4
02/13/2022 08:00:00 AM,15,4,11
02/13/2022 09:00:00 AM,31,7,24
02/13/2022 10:00:00 AM,48,20,28
02/13/2022 11:00:00 AM,72,40,32
02/13/2022 12:00:00 PM,69,36,33
02/13/2022 01:00:00 PM,113,56,57
02/13/2022 02:00:00 PM,78,41,37
02/13/2022 03:00:00 PM,51,31,20
02/13/2022 04:00:00 PM,39,20,19
02/13/2022 05:00:00 PM,25,13,12
02/13/2022 06:00:00 PM,8,4,4
02/13/2022 07:00:00 PM,9,3,6
02/13/2022 08:00:00 PM,9,4,5
02/13/2022 09:00:00 PM,1,1,0
02/13/2022 10:00:00 PM,4,4,0
02/13/2022 11:00:00 PM,2,1,1
02/14/2022 12:00:00 AM,4,2,2
02/14/2022 01:00:00 AM,1,0,1
02/14/2022 02:00:00 AM,1,1,0
02/14/2022 03:00:00 AM,3,0,3
02/14/2022 04:00:00 AM,6,2,4
02/14/2022 05:00:00 AM,23,6,17
02/14/2022 06:00:00 AM,40,8,32
02/14/2022 07:00:00 AM,54,7,47
02/14/2022 08:00:00 AM,47,5,42
02/14/2022 09:00:00 AM,26,4,22
02/14/2022 10:00:00 AM,14,6,8
02/14/2022 11:00:00 AM,10,4,6
02/14/2022 12:00:00 PM,8,5,3
02/14/2022 01:00:00 PM,10,9,1
02/14/2022 02:00:00 PM,14,9,5
02/14/2022 03:00:00 PM,35,19,16
02/14/2022 04:00:00 PM,69,55,14
02/14/2022 05:00:00 PM,51,42,9
02/14/2022 06:00:00 PM,34,32,2
02/14/2022 07:00:00 PM,8,8,0
02/14/2022 08:00:00 PM,6,3,3
02/14/2022 09:00:00 PM,4,1,3
02/14/2022 10:00:00 PM,6,3,3
02/14/2022 11:00:00 PM,7,2,5
02/15/2022 12:00:00 AM,3,3,0
02/15/2022 01:00:00 AM,2,1,1
02/15/2022 02:00:00 AM,3,2,1
02/15/2022 03:00:00 AM,2,0,2
02/15/2022 04:00:00 AM,4,0,4
02/15/2022 05:00:00 AM,22,5,17
02/15/2022 06:00:00 AM,51,6,45
02/15/2022 07:00:00 AM,73,4,69
02/15/2022 08:00:00 AM,80,9,71
02/15/2022 09:00:00 AM,31,9,22
02/15/2022 10:00:00 AM,16,5,11
02/15/2022 11:00:00 AM,19,9,10
02/15/2022 12:00:00 PM,20,7,13
02/15/2022 01:00:00 PM,20,8,12
02/15/2022 02:00:00 PM,30,20,10
02/15/2022 03:00:00 PM,41,29,12
02/15/2022 04:00:00 PM,73,60,13
02/15/2022 05:00:00 PM,98,86,12
02/15/2022 06:00:00 PM,45,32,13
02/15/2022 07:00:00 PM,14,11,3
02/15/2022 08:00:00 PM,10,9,1
02/15/2022 09:00:00 PM,6,4,2
02/15/2022 10:00:00 PM,5,3,2
02/15/2022 11:00:00 PM,3,3,0
02/16/2022 12:00:00 AM,8,6,2
02/16/2022 01:00:00 AM,3,3,0
02/16/2022 02:00:00 AM,3,2,1
02/16/2022 03:00:00 AM,0,0,0
02/16/2022 04:00:00 AM,4,1,3
02/16/2022 05:00:00 AM,26,5,21
02/16/2022 06:00:00 AM,53,4,49
02/16/2022 07:00:00 AM,82,16,66
02/16/2022 08:00:00 AM,69,3,66
02/16/2022 09:00:00 AM,48,12,36
02/16/2022 10:00:00 AM,27,3,24
02/16/2022 11:00:00 AM,21,11,10
02/16/2022 12:00:00 PM,22,9,13
02/16/2022 01:00:00 PM,36,22,14
02/16/2022 02:00:00 PM,44,25,19
02/16/2022 03:00:00 PM,57,40,17
02/16/2022 04:00:00 PM,84,64,20
02/16/2022 05:00:00 PM,86,73,13
02/16/2022 06:00:00 PM,64,56,8
02/16/2022 07:00:00 PM,12,10,2
02/16/2022 08:00:00 PM,12,11,1
02/16/2022 09:00:00 PM,8,4,4
02/16/2022 10:00:00 PM,7,5,2
02/16/2022 11:00:00 PM,1,1,0
02/17/2022 12:00:00 AM,8,4,4
02/17/2022 01:00:00 AM,2,2,0
02/17/2022 02:00:00 AM,1,1,0
02/17/2022 03:00:00 AM,0,0,0
02/17/2022 04:00:00 AM,2,1,1
02/17/2022 05:00:00 AM,29,5,24
02/17/2022 06:00:00 AM,49,5,44
02/17/2022 07:00:00 AM,82,7,75
02/17/2022 08:00:00 AM,73,8,65
02/17/2022 09:00:00 AM,34,4,30
02/17/2022 10:00:00 AM,25,9,16
02/17/2022 11:00:00 AM,35,14,21
02/17/2022 12:00:00 PM,27,8,19
02/17/2022 01:00:00 PM,32,20,12
02/17/2022 02:00:00 PM,38,24,14
02/17/2022 03:00:00 PM,41,30,11
02/17/2022 04:00:00 PM,79,64,15
02/17/2022 05:00:00 PM,90,80,10
02/17/2022 06:00:00 PM,53,42,11
02/17/2022 07:00:00 PM,18,14,4
02/17/2022 08:00:00 PM,18,11,7
02/17/2022 09:00:00 PM,12,7,5
02/17/2022 10:00:00 PM,11,6,5
02/17/2022 11:00:00 PM,3,1,2
02/18/2022 12:00:00 AM,5,5,0
02/18/2022 01:00:00 AM,2,0,2
02/18/2022 02:00:00 AM,4,3,1
02/18/2022 03:00:00 AM,2,1,1
02/18/2022 04:00:00 AM,6,1,5
02/18/2022 05:00:00 AM,30,4,26
02/18/2022 06:00:00 AM,43,3,40
02/18/2022 07:00:00 AM,60,8,52
02/18/2022 08:00:00 AM,70,8,62
02/18/2022 09:00:00 AM,30,8,22
02/18/2022 10:00:00 AM,38,16,22
02/18/2022 11:00:00 AM,35,14,21
02/18/2022 12:00:00 PM,25,12,13
02/18/2022 01:00:00 PM,32,21,11
02/18/2022 02:00:00 PM,45,23,22
02/18/2022 03:00:00 PM,48,29,19
02/18/2022 04:00:00 PM,90,69,21
02/18/2022 05:00:00 PM,81,64,17
02/18/2022 06:00:00 PM,49,37,12
02/18/2022 07:00:00 PM,15,12,3
02/18/2022 08:00:00 PM,8,7,1
02/18/2022 09:00:00 PM,9,5,4
02/18/2022 10:00:00 PM,7,5,2
02/18/2022 11:00:00 PM,10,7,3
02/19/2022 12:00:00 AM,4,1,3
02/19/2022 01:00:00 AM,3,0,3
02/19/2022 02:00:00 AM,4,2,2
02/19/2022 03:00:00 AM,2,1,1
02/19/2022 04:00:00 AM,2,1,1
02/19/2022 05:00:00 AM,6,0,6
02/19/2022 06:00:00 AM,5,2,3
02/19/2022 07:00:00 AM,5,2,3
02/19/2022 08:00:00 AM,29,14,15
02/19/2022 09:00:00 AM,30,8,22
02/19/2022 10:00:00 AM,17,8,9
02/19/2022 11:00:00 AM,26,11,15
02/19/2022 12:00:00 PM,27,15,12
02/19/2022 01:00:00 PM,24,17,7
02/19/2022 02:00:00 PM,23,11,12
02/19/2022 03:00:00 PM,24,16,8
02/19/2022 04:00:00 PM,13,5,8
02/19/2022 05:00:00 PM,5,3,2
02/19/2022 06:00:00 PM,5,5,0
02/19/2022 07:00:00 PM,4,3,1
02/19/2022 08:00:00 PM,6,4,2
02/19/2022 09:00:00 PM,3,2,1
02/19/2022 10:00:00 PM,2,1,1
02/19/2022 11:00:00 PM,1,0,1
02/20/2022 12:00:00 AM,1,0,1
02/20/2022 01:00:00 AM,3,1,2
02/20/2022 02:00:00 AM,0,0,0
02/20/2022 03:00:00 AM,2,0,2
02/20/2022 04:00:00 AM,3,2,1
02/20/2022 05:00:00 AM,1,0,1
02/20/2022 06:00:00 AM,2,1,1
02/20/2022 07:00:00 AM,5,1,4
02/20/2022 08:00:00 AM,10,6,4
02/20/2022 09:00:00 AM,17,6,11
02/20/2022 10:00:00 AM,17,8,9
02/20/2022 11:00:00 AM,23,6,17
02/20/2022 12:00:00 PM,35,20,15
02/20/2022 01:00:00 PM,43,29,14
02/20/2022 02:00:00 PM,39,19,20
02/20/2022 03:00:00 PM,38,15,23
02/20/2022 04:00:00 PM,18,10,8
02/20/2022 05:00:00 PM,14,10,4
02/20/2022 06:00:00 PM,2,1,1
02/20/2022 07:00:00 PM,6,6,0
02/20/2022 08:00:00 PM,1,1,0
02/20/2022 09:00:00 PM,0,0,0
02/20/2022 10:00:00 PM,3,1,2
02/20/2022 11:00:00 PM,1,1,0
02/21/2022 12:00:00 AM,1,1,0
02/21/2022 01:00:00 AM,3,2,1
02/21/2022 02:00:00 AM,1,0,1
02/21/2022 03:00:00 AM,1,0,1
02/21/2022 04:00:00 AM,3,1,2
02/21/2022 05:00:00 AM,8,2,6
02/21/2022 06:00:00 AM,11,0,11
02/21/2022 07:00:00 AM,22,1,21
02/21/2022 08:00:00 AM,21,4,17
02/21/2022 09:00:00 AM,12,5,7
02/21/2022 10:00:00 AM,14,3,11
02/21/2022 11:00:00 AM,15,10,5
02/21/2022 12:00:00 PM,19,7,12
02/21/2022 01:00:00 PM,27,13,14
02/21/2022 02:00:00 PM,27,18,9
02/21/2022 03:00:00 PM,32,16,16
02/21/2022 04:00:00 PM,52,33,19
02/21/2022 05:00:00 PM,37,25,12
02/21/2022 06:00:00 PM,13,13,0
02/21/2022 07:00:00 PM,9,6,3
02/21/2022 08:00:00 PM,4,4,0
02/21/2022 09:00:00 PM,4,3,1
02/21/2022 10:00:00 PM,3,3,0
02/21/2022 11:00:00 PM,1,1,0
02/22/2022 12:00:00 AM,0,0,0
02/22/2022 01:00:00 AM,0,0,0
02/22/2022 02:00:00 AM,1,1,0
02/22/2022 03:00:00 AM,1,0,1
02/22/2022 04:00:00 AM,3,1,2
02/22/2022 05:00:00 AM,18,6,12
02/22/2022 06:00:00 AM,16,2,14
02/22/2022 07:00:00 AM,25,1,24
02/22/2022 08:00:00 AM,25,5,20
02/22/2022 09:00:00 AM,11,4,7
02/22/2022 10:00:00 AM,5,0,5
02/22/2022 11:00:00 AM,4,2,2
02/22/2022 12:00:00 PM,9,4,5
02/22/2022 01:00:00 PM,8,5,3
02/22/2022 02:00:00 PM,10,5,5
02/22/2022 03:00:00 PM,14,9,5
02/22/2022 04:00:00 PM,27,24,3
02/22/2022 05:00:00 PM,31,23,8
02/22/2022 06:00:00 PM,13,9,4
02/22/2022 07:00:00 PM,6,3,3
02/22/2022 08:00:00 PM,11,4,7
02/22/2022 09:00:00 PM,3,2,1
02/22/2022 10:00:00 PM,3,1,2
02/22/2022 11:00:00 PM,1,1,0
02/23/2022 12:00:00 AM,4,4,0
02/23/2022 01:00:00 AM,0,0,0
02/23/2022 02:00:00 AM,2,2,0
02/23/2022 03:00:00 AM,0,0,0
02/23/2022 04:00:00 AM,3,0,3
02/23/2022 05:00:00 AM,15,5,10
02/23/2022 06:00:00 AM,20,4,16
02/23/2022 07:00:00 AM,26,1,25
02/23/2022 08:00:00 AM,29,0,29
02/23/2022 09:00:00 AM,20,3,17
02/23/2022 10:00:00 AM,9,1,8
02/23/2022 11:00:00 AM,16,7,9
02/23/2022 12:00:00 PM,16,3,13
02/23/2022 01:00:00 PM,17,9,8
02/23/2022 02:00:00 PM,20,14,6
02/23/2022 03:00:00 PM,31,18,13
02/23/2022 04:00:00 PM,41,31,10
02/23/2022 05:00:00 PM,44,37,7
02/23/2022 06:00:00 PM,25,20,5
02/23/2022 07:00:00 PM,4,3,1
02/23/2022 08:00:00 PM,8,6,2
02/23/2022 09:00:00 PM,3,2,1
02/23/2022 10:00:00 PM,3,2,1
02/23/2022 11:00:00 PM,4,3,1
02/24/2022 12:00:00 AM,1,1,0
02/24/2022 01:00:00 AM,1,0,1
02/24/2022 02:00:00 AM,3,1,2
02/24/2022 03:00:00 AM,1,0,1
02/24/2022 04:00:00 AM,2,0,2
02/24/2022 05:00:00 AM,12,3,9
02/24/2022 06:00:00 AM,15,2,13
02/24/2022 07:00:00 AM,23,0,23
02/24/2022 08:00:00 AM,24,2,22
02/24/2022 09:00:00 AM,20,4,16
02/24/2022 10:00:00 AM,8,2,6
02/24/2022 11:00:00 AM,10,4,6
02/24/2022 12:00:00 PM,16,4,12
02/24/2022 01:00:00 PM,10,5,5
02/24/2022 02:00:00 PM,26,17,9
02/24/2022 03:00:00 PM,30,18,12
02/24/2022 04:00:00 PM,37,25,12
02/24/2022 05:00:00 PM,46,39,7
02/24/2022 06:00:00 PM,12,9,3
02/24/2022 07:00:00 PM,11,8,3
02/24/2022 08:00:00 PM,8,7,1
02/24/2022 09:00:00 PM,9,8,1
02/24/2022 10:00:00 PM,1,1,0
02/24/2022 11:00:00 PM,5,4,1
02/25/2022 12:00:00 AM,1,0,1
02/25/2022 01:00:00 AM,2,2,0
02/25/2022 02:00:00 AM,0,0,0
02/25/2022 03:00:00 AM,1,0,1
02/25/2022 04:00:00 AM,6,0,6
02/25/2022 05:00:00 AM,14,1,13
02/25/2022 06:00:00 AM,13,1,12
02/25/2022 07:00:00 AM,34,5,29
02/25/2022 08:00:00 AM,27,2,25
02/25/2022 09:00:00 AM,20,2,18
02/25/2022 10:00:00 AM,13,3,10
02/25/2022 11:00:00 AM,15,9,6
02/25/2022 12:00:00 PM,15,6,9
02/25/2022 01:00:00 PM,36,18,18
02/25/2022 02:00:00 PM,42,23,19
02/25/2022 03:00:00 PM,56,41,15
02/25/2022 04:00:00 PM,55,41,14
02/25/2022 05:00:00 PM,51,41,10
02/25/2022 06:00:00 PM,23,16,7
02/25/2022 07:00:00 PM,8,3,5
02/25/2022 08:00:00 PM,3,3,0
02/25/2022 09:00:00 PM,4,1,3
02/25/2022 10:00:00 PM,7,7,0
02/25/2022 11:00:00 PM,2,2,0
02/26/2022 12:00:00 AM,3,3,0
02/26/2022 01:00:00 AM,0,0,0
02/26/2022 02:00:00 AM,3,1,2
02/26/2022 03:00:00 AM,1,0,1
02/26/2022 04:00:00 AM,2,0,2
02/26/2022 05:00:00 AM,5,0,5
02/26/2022 06:00:00 AM,12,2,10
02/26/2022 07:00:00 AM,11,2,9
02/26/2022 08:00:00 AM,37,23,14
02/26/2022 09:00:00 AM,25,5,20
02/26/2022 10:00:00 AM,35,19,16
02/26/2022 11:00:00 AM,61,21,40
02/26/2022 12:00:00 PM,34,27,7
02/26/2022 01:00:00 PM,31,16,15
02/26/2022 02:00:00 PM,36,17,19
02/26/2022 03:00:00 PM,22,12,10
02/26/2022 04:00:00 PM,4,4,0
02/26/2022 05:00:00 PM,11,8,3
02/26/2022 06:00:00 PM,8,6,2
02/26/2022 07:00:00 PM,4,2,2
02/26/2022 08:00:00 PM,3,3,0
02/26/2022 09:00:00 PM,1,0,1
02/26/2022 10:00:00 PM,1,1,0
02/26/2022 11:00:00 PM,7,5,2
02/27/2022 12:00:00 AM,2,0,2
02/27/2022 01:00:00 AM,0,0,0
02/27/2022 02:00:00 AM,0,0,0
02/27/2022 03:00:00 AM,1,1,0
02/27/2022 04:00:00 AM,2,0,2
02/27/2022 05:00:00 AM,2,0,2
02/27/2022 06:00:00 AM,5,2,3
02/27/2022 07:00:00 AM,15,0,15
02/27/2022 08:00:00 AM,19,3,16
02/27/2022 09:00:00 AM,8,4,4
02/27/2022 10:00:00 AM,15,8,7
02/27/2022 11:00:00 AM,13,6,7
02/27/2022 12:00:00 PM,15,9,6
02/27/2022 01:00:00 PM,15,9,6
02/27/2022 02:00:00 PM,21,17,4
02/27/2022 03:00:00 PM,8,7,1
02/27/2022 04:00:00 PM,4,3,1
02/27/2022 05:00:00 PM,5,3,2
02/27/2022 06:00:00 PM,5,2,3
02/27/2022 07:00:00 PM,2,1,1
02/27/2022 08:00:00 PM,2,1,1
02/27/2022 09:00:00 PM,2,2,0
02/27/2022 10:00:00 PM,4,1,3
02/27/2022 11:00:00 PM,1,0,1
02/28/2022 12:00:00 AM,1,1,0
02/28/2022 01:00:00 AM,0,0,0
02/28/2022 02:00:00 AM,0,0,0
02/28/2022 03:00:00 AM,0,0,0
02/28/2022 04:00:00 AM,7,1,6
02/28/2022 05:00:00 AM,16,3,13
02/28/2022 06:00:00 AM,24,4,20
02/28/2022 07:00:00 AM,30,5,25
02/28/2022 08:00:00 AM,36,3,33
02/28/2022 09:00:00 AM,14,3,11
02/28/2022 10:00:00 AM,9,3,6
02/28/2022 11:00:00 AM,6,2,4
02/28/2022 12:00:00 PM,0,0,0
02/28/2022 01:00:00 PM,9,6,3
02/28/2022 02:00:00 PM,11,8,3
02/28/2022 03:00:00 PM,21,16,5
02/28/2022 04:00:00 PM,24,20,4
02/28/2022 05:00:00 PM,42,37,5
02/28/2022 06:00:00 PM,23,20,3
02/28/2022 07:00:00 PM,4,2,2
02/28/2022 08:00:00 PM,0,0,0
02/28/2022 09:00:00 PM,0,0,0
02/28/2022 10:00:00 PM,0,0,0
02/28/2022 11:00:00 PM,0,0,0
03/01/2022 12:00:00 AM,0,0,0
03/01/2022 01:00:00 AM,0,0,0
03/01/2022 02:00:00 AM,0,0,0
03/01/2022 03:00:00 AM,0,0,0
03/01/2022 04:00:00 AM,0,0,0
03/01/2022 05:00:00 AM,0,0,0
03/01/2022 06:00:00 AM,0,0,0
03/01/2022 07:00:00 AM,0,0,0
03/01/2022 08:00:00 AM,0,0,0
03/01/2022 09:00:00 AM,0,0,0
03/01/2022 10:00:00 AM,0,0,0
03/01/2022 11:00:00 AM,0,0,0
03/01/2022 12:00:00 PM,0,0,0
03/01/2022 01:00:00 PM,0,0,0
03/01/2022 02:00:00 PM,0,0,0
03/01/2022 03:00:00 PM,0,0,0
03/01/2022 04:00:00 PM,0,0,0
03/01/2022 05:00:00 PM,0,0,0
03/01/2022 06:00:00 PM,0,0,0
03/01/2022 07:00:00 PM,0,0,0
03/01/2022 08:00:00 PM,0,0,0
03/01/2022 09:00:00 PM,0,0,0
03/01/2022 10:00:00 PM,0,0,0
03/01/2022 11:00:00 PM,0,0,0
03/02/2022 12:00:00 AM,0,0,0
03/02/2022 01:00:00 AM,0,0,0
03/02/2022 02:00:00 AM,0,0,0
03/02/2022 03:00:00 AM,0,0,0
03/02/2022 04:00:00 AM,0,0,0
03/02/2022 05:00:00 AM,0,0,0
03/02/2022 06:00:00 AM,0,0,0
03/02/2022 07:00:00 AM,0,0,0
03/02/2022 08:00:00 AM,0,0,0
03/02/2022 09:00:00 AM,0,0,0
03/02/2022 10:00:00 AM,0,0,0
03/02/2022 11:00:00 AM,0,0,0
03/02/2022 12:00:00 PM,0,0,0
03/02/2022 01:00:00 PM,0,0,0
03/02/2022 02:00:00 PM,0,0,0
03/02/2022 03:00:00 PM,0,0,0
03/02/2022 04:00:00 PM,0,0,0
03/02/2022 05:00:00 PM,0,0,0
03/02/2022 06:00:00 PM,0,0,0
03/02/2022 07:00:00 PM,0,0,0
03/02/2022 08:00:00 PM,0,0,0
03/02/2022 09:00:00 PM,0,0,0
03/02/2022 10:00:00 PM,0,0,0
03/02/2022 11:00:00 PM,0,0,0
03/03/2022 12:00:00 AM,0,0,0
03/03/2022 01:00:00 AM,0,0,0
03/03/2022 02:00:00 AM,0,0,0
03/03/2022 03:00:00 AM,0,0,0
03/03/2022 04:00:00 AM,0,0,0
03/03/2022 05:00:00 AM,0,0,0
03/03/2022 06:00:00 AM,0,0,0
03/03/2022 07:00:00 AM,0,0,0
03/03/2022 08:00:00 AM,0,0,0
03/03/2022 09:00:00 AM,0,0,0
03/03/2022 10:00:00 AM,0,0,0
03/03/2022 11:00:00 AM,12,2,10
03/03/2022 12:00:00 PM,17,5,12
03/03/2022 01:00:00 PM,26,11,15
03/03/2022 02:00:00 PM,32,18,14
03/03/2022 03:00:00 PM,44,26,18
03/03/2022 04:00:00 PM,81,60,21
03/03/2022 05:00:00 PM,82,70,12
03/03/2022 06:00:00 PM,46,36,10
03/03/2022 07:00:00 PM,17,11,6
03/03/2022 08:00:00 PM,13,10,3
03/03/2022 09:00:00 PM,9,7,2
03/03/2022 10:00:00 PM,4,3,1
03/03/2022 11:00:00 PM,5,4,1
03/04/2022 12:00:00 AM,4,1,3
03/04/2022 01:00:00 AM,2,1,1
03/04/2022 02:00:00 AM,0,0,0
03/04/2022 03:00:00 AM,2,1,1
03/04/2022 04:00:00 AM,10,1,9
03/04/2022 05:00:00 AM,15,2,13
03/04/2022 06:00:00 AM,26,2,24
03/04/2022 07:00:00 AM,64,11,53
03/04/2022 08:00:00 AM,55,4,51
03/04/2022 09:00:00 AM,43,7,36
03/04/2022 10:00:00 AM,18,3,15
03/04/2022 11:00:00 AM,17,8,9
03/04/2022 12:00:00 PM,21,11,10
03/04/2022 01:00:00 PM,29,15,14
03/04/2022 02:00:00 PM,28,19,9
03/04/2022 03:00:00 PM,42,30,12
03/04/2022 04:00:00 PM,65,57,8
03/04/2022 05:00:00 PM,77,69,8
03/04/2022 06:00:00 PM,43,33,10
03/04/2022 07:00:00 PM,18,16,2
03/04/2022 08:00:00 PM,11,9,2
03/04/2022 09:00:00 PM,12,7,5
03/04/2022 10:00:00 PM,5,2,3
03/04/2022 11:00:00 PM,28,3,25
03/05/2022 12:00:00 AM,4,3,1
03/05/2022 01:00:00 AM,4,3,1
03/05/2022 02:00:00 AM,1,0,1
03/05/2022 03:00:00 AM,2,1,1
03/05/2022 04:00:00 AM,3,3,0
03/05/2022 05:00:00 AM,7,0,7
03/05/2022 06:00:00 AM,6,2,4
03/05/2022 07:00:00 AM,16,3,13
03/05/2022 08:00:00 AM,33,10,23
03/05/2022 09:00:00 AM,30,8,22
03/05/2022 10:00:00 AM,36,23,13
03/05/2022 11:00:00 AM,42,21,21
03/05/2022 12:00:00 PM,55,28,27
03/05/2022 01:00:00 PM,74,46,28
03/05/2022 02:00:00 PM,77,30,47
03/05/2022 03:00:00 PM,76,38,38
03/05/2022 04:00:00 PM,62,25,37
03/05/2022 05:00:00 PM,43,23,20
03/05/2022 06:00:00 PM,19,11,8
03/05/2022 07:00:00 PM,9,8,1
03/05/2022 08:00:00 PM,11,4,7
03/05/2022 09:00:00 PM,5,3,2
03/05/2022 10:00:00 PM,7,3,4
03/05/2022 11:00:00 PM,3,2,1
03/06/2022 12:00:00 AM,5,3,2
03/06/2022 01:00:00 AM,2,1,1
03/06/2022 02:00:00 AM,0,0,0
03/06/2022 03:00:00 AM,1,0,1
03/06/2022 04:00:00 AM,1,0,1
03/06/2022 05:00:00 AM,5,1,4
03/06/2022 06:00:00 AM,7,3,4
03/06/2022 07:00:00 AM,13,6,7
03/06/2022 08:00:00 AM,38,3,35
03/06/2022 09:00:00 AM,35,13,22
03/06/2022 10:00:00 AM,46,31,15
03/06/2022 11:00:00 AM,49,31,18
03/06/2022 12:00:00 PM,67,35,32
03/06/2022 01:00:00 PM,53,26,27
03/06/2022 02:00:00 PM,69,38,31
03/06/2022 03:00:00 PM,57,30,27
03/06/2022 04:00:00 PM,64,38,26
03/06/2022 05:00:00 PM,27,14,13
03/06/2022 06:00:00 PM,19,11,8
03/06/2022 07:00:00 PM,9,5,4
03/06/2022 08:00:00 PM,4,3,1
03/06/2022 09:00:00 PM,5,2,3
03/06/2022 10:00:00 PM,2,1,1
03/06/2022 11:00:00 PM,1,1,0
03/07/2022 12:00:00 AM,3,2,1
03/07/2022 01:00:00 AM,0,0,0
03/07/2022 02:00:00 AM,2,0,2
03/07/2022 03:00:00 AM,1,1,0
03/07/2022 04:00:00 AM,7,0,7
03/07/2022 05:00:00 AM,23,6,17
03/07/2022 06:00:00 AM,52,3,49
03/07/2022 07:00:00 AM,81,12,69
03/07/2022 08:00:00 AM,58,7,51
03/07/2022 09:00:00 AM,38,12,26
03/07/2022 10:00:00 AM,18,6,12
03/07/2022 11:00:00 AM,17,5,12
03/07/2022 12:00:00 PM,15,9,6
03/07/2022 01:00:00 PM,25,12,13
03/07/2022 02:00:00 PM,34,18,16
03/07/2022 03:00:00 PM,55,36,19
03/07/2022 04:00:00 PM,85,72,13
03/07/2022 05:00:00 PM,81,65,16
03/07/2022 06:00:00 PM,46,39,7
03/07/2022 07:00:00 PM,20,17,3
03/07/2022 08:00:00 PM,10,8,2
03/07/2022 09:00:00 PM,5,4,1
03/07/2022 10:00:00 PM,4,4,0
03/07/2022 11:00:00 PM,2,0,2
03/08/2022 12:00:00 AM,3,3,0
03/08/2022 01:00:00 AM,0,0,0
03/08/2022 02:00:00 AM,1,1,0
03/08/2022 03:00:00 AM,2,1,1
03/08/2022 04:00:00 AM,11,6,5
03/08/2022 05:00:00 AM,21,7,14
03/08/2022 06:00:00 AM,43,2,41
03/08/2022 07:00:00 AM,70,9,61
03/08/2022 08:00:00 AM,49,3,46
03/08/2022 09:00:00 AM,30,4,26
03/08/2022 10:00:00 AM,14,3,11
03/08/2022 11:00:00 AM,15,3,12
03/08/2022 12:00:00 PM,7,2,5
03/08/2022 01:00:00 PM,17,10,7
03/08/2022 02:00:00 PM,25,16,9
03/08/2022 03:00:00 PM,41,26,15
03/08/2022 04:00:00 PM,58,46,12
03/08/2022 05:00:00 PM,92,74,18
03/08/2022 06:00:00 PM,36,31,5
03/08/2022 07:00:00 PM,18,17,1
03/08/2022 08:00:00 PM,12,10,2
03/08/2022 09:00:00 PM,12,9,3
03/08/2022 10:00:00 PM,5,4,1
03/08/2022 11:00:00 PM,1,1,0
03/09/2022 12:00:00 AM,4,4,0
03/09/2022 01:00:00 AM,5,3,2
03/09/2022 02:00:00 AM,3,0,3
03/09/2022 03:00:00 AM,0,0,0
03/09/2022 04:00:00 AM,9,1,8
03/09/2022 05:00:00 AM,27,5,22
03/09/2022 06:00:00 AM,47,6,41
03/09/2022 07:00:00 AM,82,8,74
03/09/2022 08:00:00 AM,80,4,76
03/09/2022 09:00:00 AM,43,4,39
03/09/2022 10:00:00 AM,32,7,25
03/09/2022 11:00:00 AM,23,12,11
03/09/2022 12:00:00 PM,31,12,19
03/09/2022 01:00:00 PM,40,27,13
03/09/2022 02:00:00 PM,54,31,23
03/09/2022 03:00:00 PM,62,42,20
03/09/2022 04:00:00 PM,93,73,20
03/09/2022 05:00:00 PM,106,90,16
03/09/2022 06:00:00 PM,64,54,10
03/09/2022 07:00:00 PM,21,15,6
03/09/2022 08:00:00 PM,10,8,2
03/09/2022 09:00:00 PM,7,5,2
03/09/2022 10:00:00 PM,7,5,2
03/09/2022 11:00:00 PM,3,3,0
03/10/2022 12:00:00 AM,5,5,0
03/10/2022 01:00:00 AM,0,0,0
03/10/2022 02:00:00 AM,0,0,0
03/10/2022 03:00:00 AM,1,0,1
03/10/2022 04:00:00 AM,6,0,6
03/10/2022 05:00:00 AM,16,3,13
03/10/2022 06:00:00 AM,40,3,37
03/10/2022 07:00:00 AM,84,10,74
03/10/2022 08:00:00 AM,73,5,68
03/10/2022 09:00:00 AM,43,8,35
03/10/2022 10:00:00 AM,18,7,11
03/10/2022 11:00:00 AM,25,9,16
03/10/2022 12:00:00 PM,25,11,14
03/10/2022 01:00:00 PM,41,13,28
03/10/2022 02:00:00 PM,33,26,7
03/10/2022 03:00:00 PM,63,42,21
03/10/2022 04:00:00 PM,77,59,18
03/10/2022 05:00:00 PM,88,75,13
03/10/2022 06:00:00 PM,53,46,7
03/10/2022 07:00:00 PM,26,22,4
03/10/2022 08:00:00 PM,17,13,4
03/10/2022 09:00:00 PM,7,6,1
03/10/2022 10:00:00 PM,7,6,1
03/10/2022 11:00:00 PM,2,0,2
03/11/2022 12:00:00 AM,3,3,0
03/11/2022 01:00:00 AM,1,1,0
03/11/2022 02:00:00 AM,1,0,1
03/11/2022 03:00:00 AM,1,0,1
03/11/2022 04:00:00 AM,7,1,6
03/11/2022 05:00:00 AM,19,3,16
03/11/2022 06:00:00 AM,34,4,30
03/11/2022 07:00:00 AM,72,13,59
03/11/2022 08:00:00 AM,68,5,63
03/11/2022 09:00:00 AM,23,10,13
03/11/2022 10:00:00 AM,20,7,13
03/11/2022 11:00:00 AM,23,6,17
03/11/2022 12:00:00 PM,15,8,7
03/11/2022 01:00:00 PM,31,14,17
03/11/2022 02:00:00 PM,35,21,14
03/11/2022 03:00:00 PM,59,38,21
03/11/2022 04:00:00 PM,74,56,18
03/11/2022 05:00:00 PM,87,72,15
03/11/2022 06:00:00 PM,39,30,9
03/11/2022 07:00:00 PM,16,12,4
03/11/2022 08:00:00 PM,8,7,1
03/11/2022 09:00:00 PM,10,8,2
03/11/2022 10:00:00 PM,7,4,3
03/11/2022 11:00:00 PM,2,2,0
03/12/2022 12:00:00 AM,3,2,1
03/12/2022 01:00:00 AM,3,3,0
03/12/2022 02:00:00 AM,0,0,0
03/12/2022 03:00:00 AM,2,0,2
03/12/2022 04:00:00 AM,2,0,2
03/12/2022 05:00:00 AM,9,1,8
03/12/2022 06:00:00 AM,4,1,3
03/12/2022 07:00:00 AM,15,3,12
03/12/2022 08:00:00 AM,34,13,21
03/12/2022 09:00:00 AM,40,23,17
03/12/2022 10:00:00 AM,65,22,43
03/12/2022 11:00:00 AM,84,37,47
03/12/2022 12:00:00 PM,64,24,40
03/12/2022 01:00:00 PM,92,45,47
03/12/2022 02:00:00 PM,80,45,35
03/12/2022 03:00:00 PM,56,36,20
03/12/2022 04:00:00 PM,24,15,9
03/12/2022 05:00:00 PM,10,7,3
03/12/2022 06:00:00 PM,12,11,1
03/12/2022 07:00:00 PM,8,7,1
03/12/2022 08:00:00 PM,1,1,0
03/12/2022 09:00:00 PM,3,1,2
03/12/2022 10:00:00 PM,3,2,1
03/12/2022 11:00:00 PM,6,0,6
03/13/2022 12:00:00 AM,3,2,1
03/13/2022 01:00:00 AM,2,1,1
03/13/2022 02:00:00 AM,,,
03/13/2022 03:00:00 AM,1,0,1
03/13/2022 04:00:00 AM,2,0,2
03/13/2022 05:00:00 AM,2,0,2
03/13/2022 06:00:00 AM,5,1,4
03/13/2022 07:00:00 AM,5,2,3
03/13/2022 08:00:00 AM,8,2,6
03/13/2022 09:00:00 AM,15,5,10
03/13/2022 10:00:00 AM,34,8,26
03/13/2022 11:00:00 AM,56,40,16
03/13/2022 12:00:00 PM,54,29,25
03/13/2022 01:00:00 PM,62,31,31
03/13/2022 02:00:00 PM,44,25,19
03/13/2022 03:00:00 PM,41,16,25
03/13/2022 04:00:00 PM,31,14,17
03/13/2022 05:00:00 PM,28,17,11
03/13/2022 06:00:00 PM,16,8,8
03/13/2022 07:00:00 PM,7,4,3
03/13/2022 08:00:00 PM,8,5,3
03/13/2022 09:00:00 PM,4,1,3
03/13/2022 10:00:00 PM,2,1,1
03/13/2022 11:00:00 PM,1,1,0
03/14/2022 12:00:00 AM,0,0,0
03/14/2022 01:00:00 AM,2,1,1
03/14/2022 02:00:00 AM,0,0,0
03/14/2022 03:00:00 AM,2,1,1
03/14/2022 04:00:00 AM,7,1,6
03/14/2022 05:00:00 AM,23,3,20
03/14/2022 06:00:00 AM,31,4,27
03/14/2022 07:00:00 AM,57,8,49
03/14/2022 08:00:00 AM,53,7,46
03/14/2022 09:00:00 AM,16,3,13
03/14/2022 10:00:00 AM,25,11,14
03/14/2022 11:00:00 AM,9,5,4
03/14/2022 12:00:00 PM,7,0,7
03/14/2022 01:00:00 PM,10,9,1
03/14/2022 02:00:00 PM,10,3,7
03/14/2022 03:00:00 PM,26,23,3
03/14/2022 04:00:00 PM,43,36,7
03/14/2022 05:00:00 PM,57,52,5
03/14/2022 06:00:00 PM,34,31,3
03/14/2022 07:00:00 PM,7,6,1
03/14/2022 08:00:00 PM,1,1,0
03/14/2022 09:00:00 PM,4,2,2
03/14/2022 10:00:00 PM,2,2,0
03/14/2022 11:00:00 PM,1,1,0
03/15/2022 12:00:00 AM,3,2,1
03/15/2022 01:00:00 AM,1,0,1
03/15/2022 02:00:00 AM,1,1,0
03/15/2022 03:00:00 AM,3,1,2
03/15/2022 04:00:00 AM,8,1,7
03/15/2022 05:00:00 AM,18,4,14
03/15/2022 06:00:00 AM,36,3,33
03/15/2022 07:00:00 AM,64,7,57
03/15/2022 08:00:00 AM,63,6,57
03/15/2022 09:00:00 AM,31,4,27
03/15/2022 10:00:00 AM,13,2,11
03/15/2022 11:00:00 AM,10,2,8
03/15/2022 12:00:00 PM,19,8,11
03/15/2022 01:00:00 PM,16,10,6
03/15/2022 02:00:00 PM,28,20,8
03/15/2022 03:00:00 PM,37,25,12
03/15/2022 04:00:00 PM,49,40,9
03/15/2022 05:00:00 PM,92,79,13
03/15/2022 06:00:00 PM,46,36,10
03/15/2022 07:00:00 PM,11,11,0
03/15/2022 08:00:00 PM,7,7,0
03/15/2022 09:00:00 PM,3,2,1
03/15/2022 10:00:00 PM,4,3,1
03/15/2022 11:00:00 PM,3,3,0
03/16/2022 12:00:00 AM,1,1,0
03/16/2022 01:00:00 AM,0,0,0
03/16/2022 02:00:00 AM,3,3,0
03/16/2022 03:00:00 AM,1,0,1
03/16/2022 04:00:00 AM,5,1,4
03/16/2022 05:00:00 AM,20,3,17
03/16/2022 06:00:00 AM,42,4,38
03/16/2022 07:00:00 AM,87,8,79
03/16/2022 08:00:00 AM,68,2,66
03/16/2022 09:00:00 AM,43,5,38
03/16/2022 10:00:00 AM,23,7,16
03/16/2022 11:00:00 AM,18,5,13
03/16/2022 12:00:00 PM,16,8,8
03/16/2022 01:00:00 PM,23,10,13
03/16/2022 02:00:00 PM,39,20,19
03/16/2022 03:00:00 PM,54,37,17
03/16/2022 04:00:00 PM,95,71,24
03/16/2022 05:00:00 PM,130,105,25
03/16/2022 06:00:00 PM,80,61,19
03/16/2022 07:00:00 PM,35,23,12
03/16/2022 08:00:00 PM,18,13,5
03/16/2022 09:00:00 PM,7,6,1
03/16/2022 10:00:00 PM,4,3,1
03/16/2022 11:00:00 PM,7,6,1
03/17/2022 12:00:00 AM,2,2,0
03/17/2022 01:00:00 AM,1,1,0
03/17/2022 02:00:00 AM,1,1,0
03/17/2022 03:00:00 AM,4,3,1
03/17/2022 04:00:00 AM,6,2,4
03/17/2022 05:00:00 AM,14,1,13
03/17/2022 06:00:00 AM,37,3,34
03/17/2022 07:00:00 AM,73,8,65
03/17/2022 08:00:00 AM,72,5,67
03/17/2022 09:00:00 AM,38,5,33
03/17/2022 10:00:00 AM,14,1,13
03/17/2022 11:00:00 AM,17,5,12
03/17/2022 12:00:00 PM,14,4,10
03/17/2022 01:00:00 PM,31,17,14
03/17/2022 02:00:00 PM,32,18,14
03/17/2022 03:00:00 PM,36,27,9
03/17/2022 04:00:00 PM,64,59,5
03/17/2022 05:00:00 PM,69,63,6
03/17/2022 06:00:00 PM,56,52,4
03/17/2022 07:00:00 PM,25,20,5
03/17/2022 08:00:00 PM,14,10,4
03/17/2022 09:00:00 PM,5,5,0
03/17/2022 10:00:00 PM,2,0,2
03/17/2022 11:00:00 PM,1,1,0
03/18/2022 12:00:00 AM,1,1,0
03/18/2022 01:00:00 AM,1,1,0
03/18/2022 02:00:00 AM,3,2,1
03/18/2022 03:00:00 AM,2,2,0
03/18/2022 04:00:00 AM,8,1,7
03/18/2022 05:00:00 AM,16,3,13
03/18/2022 06:00:00 AM,33,3,30
03/18/2022 07:00:00 AM,56,4,52
03/18/2022 08:00:00 AM,73,5,68
03/18/2022 09:00:00 AM,35,7,28
03/18/2022 10:00:00 AM,21,4,17
03/18/2022 11:00:00 AM,21,6,15
03/18/2022 12:00:00 PM,10,7,3
03/18/2022 01:00:00 PM,30,18,12
03/18/2022 02:00:00 PM,32,20,12
03/18/2022 03:00:00 PM,48,28,20
03/18/2022 04:00:00 PM,77,62,15
03/18/2022 05:00:00 PM,81,67,14
03/18/2022 06:00:00 PM,48,39,9
03/18/2022 07:00:00 PM,25,16,9
03/18/2022 08:00:00 PM,6,6,0
03/18/2022 09:00:00 PM,5,4,1
03/18/2022 10:00:00 PM,2,2,0
03/18/2022 11:00:00 PM,1,1,0
03/19/2022 12:00:00 AM,2,2,0
03/19/2022 01:00:00 AM,1,1,0
03/19/2022 02:00:00 AM,0,0,0
03/19/2022 03:00:00 AM,0,0,0
03/19/2022 04:00:00 AM,3,1,2
03/19/2022 05:00:00 AM,1,0,1
03/19/2022 06:00:00 AM,3,1,2
03/19/2022 07:00:00 AM,5,4,1
03/19/2022 08:00:00 AM,7,2,5
03/19/2022 09:00:00 AM,16,4,12
03/19/2022 10:00:00 AM,17,6,11
03/19/2022 11:00:00 AM,17,7,10
03/19/2022 12:00:00 PM,40,19,21
03/19/2022 01:00:00 PM,27,14,13
03/19/2022 02:00:00 PM,22,13,9
03/19/2022 03:00:00 PM,31,16,15
03/19/2022 04:00:00 PM,13,9,4
03/19/2022 05:00:00 PM,14,7,7
03/19/2022 06:00:00 PM,8,6,2
03/19/2022 07:00:00 PM,6,3,3
03/19/2022 08:00:00 PM,6,4,2
03/19/2022 09:00:00 PM,5,3,2
03/19/2022 10:00:00 PM,7,3,4
03/19/2022 11:00:00 PM,2,1,1
03/20/2022 12:00:00 AM,1,0,1
03/20/2022 01:00:00 AM,1,0,1
03/20/2022 02:00:00 AM,1,1,0
03/20/2022 03:00:00 AM,2,1,1
03/20/2022 04:00:00 AM,1,0,1
03/20/2022 05:00:00 AM,2,0,2
03/20/2022 06:00:00 AM,3,0,3
03/20/2022 07:00:00 AM,12,3,9
03/20/2022 08:00:00 AM,13,5,8
03/20/2022 09:00:00 AM,25,12,13
03/20/2022 10:00:00 AM,35,15,20
03/20/2022 11:00:00 AM,52,30,22
03/20/2022 12:00:00 PM,43,29,14
03/20/2022 01:00:00 PM,34,16,18
03/20/2022 02:00:00 PM,18,10,8
03/20/2022 03:00:00 PM,6,0,6
03/20/2022 04:00:00 PM,10,10,0
03/20/2022 05:00:00 PM,8,8,0
03/20/2022 06:00:00 PM,7,5,2
03/20/2022 07:00:00 PM,5,3,2
03/20/2022 08:00:00 PM,1,0,1
03/20/2022 09:00:00 PM,1,0,1
03/20/2022 10:00:00 PM,0,0,0
03/20/2022 11:00:00 PM,2,0,2
03/21/2022 12:00:00 AM,1,1,0
03/21/2022 01:00:00 AM,4,2,2
03/21/2022 02:00:00 AM,2,2,0
03/21/2022 03:00:00 AM,0,0,0
03/21/2022 04:00:00 AM,5,0,5
03/21/2022 05:00:00 AM,11,2,9
03/21/2022 06:00:00 AM,23,5,18
03/21/2022 07:00:00 AM,53,7,46
03/21/2022 08:00:00 AM,39,3,36
03/21/2022 09:00:00 AM,16,1,15
03/21/2022 10:00:00 AM,10,2,8
03/21/2022 11:00:00 AM,2,2,0
03/21/2022 12:00:00 PM,7,1,6
03/21/2022 01:00:00 PM,8,6,2
03/21/2022 02:00:00 PM,18,13,5
03/21/2022 03:00:00 PM,33,18,15
03/21/2022 04:00:00 PM,43,36,7
03/21/2022 05:00:00 PM,50,44,6
03/21/2022 06:00:00 PM,35,30,5
03/21/2022 07:00:00 PM,16,12,4
03/21/2022 08:00:00 PM,4,2,2
03/21/2022 09:00:00 PM,2,1,1
03/21/2022 10:00:00 PM,1,1,0
03/21/2022 11:00:00 PM,5,4,1
03/22/2022 12:00:00 AM,0,0,0
03/22/2022 01:00:00 AM,0,0,0
03/22/2022 02:00:00 AM,0,0,0
03/22/2022 03:00:00 AM,3,2,1
03/22/2022 04:00:00 AM,10,1,9
03/22/2022 05:00:00 AM,15,2,13
03/22/2022 06:00:00 AM,46,8,38
03/22/2022 07:00:00 AM,92,10,82
03/22/2022 08:00:00 AM,88,7,81
03/22/2022 09:00:00 AM,50,4,46
03/22/2022 10:00:00 AM,23,7,16
03/22/2022 11:00:00 AM,23,4,19
03/22/2022 12:00:00 PM,19,9,10
03/22/2022 01:00:00 PM,38,18,20
03/22/2022 02:00:00 PM,41,26,15
03/22/2022 03:00:00 PM,69,38,31
03/22/2022 04:00:00 PM,113,95,18
03/22/2022 05:00:00 PM,147,119,28
03/22/2022 06:00:00 PM,88,69,19
03/22/2022 07:00:00 PM,31,15,16
03/22/2022 08:00:00 PM,20,9,11
03/22/2022 09:00:00 PM,11,10,1
03/22/2022 10:00:00 PM,8,3,5
03/22/2022 11:00:00 PM,6,5,1
03/23/2022 12:00:00 AM,3,2,1
03/23/2022 01:00:00 AM,1,1,0
03/23/2022 02:00:00 AM,1,1,0
03/23/2022 03:00:00 AM,1,0,1
03/23/2022 04:00:00 AM,8,0,8
03/23/2022 05:00:00 AM,18,3,15
03/23/2022 06:00:00 AM,44,9,35
03/23/2022 07:00:00 AM,78,9,69
03/23/2022 08:00:00 AM,67,4,63
03/23/2022 09:00:00 AM,45,4,41
03/23/2022 10:00:00 AM,18,3,15
03/23/2022 11:00:00 AM,19,8,11
03/23/2022 12:00:00 PM,21,8,13
03/23/2022 01:00:00 PM,14,8,6
03/23/2022 02:00:00 PM,30,18,12
03/23/2022 03:00:00 PM,35,27,8
03/23/2022 04:00:00 PM,89,74,15
03/23/2022 05:00:00 PM,74,62,12
03/23/2022 06:00:00 PM,38,33,5
03/23/2022 07:00:00 PM,23,21,2
03/23/2022 08:00:00 PM,11,10,1
03/23/2022 09:00:00 PM,12,10,2
03/23/2022 10:00:00 PM,3,3,0
03/23/2022 11:00:00 PM,0,0,0
03/24/2022 12:00:00 AM,1,1,0
03/24/2022 01:00:00 AM,0,0,0
03/24/2022 02:00:00 AM,1,1,0
03/24/2022 03:00:00 AM,5,2,3
03/24/2022 04:00:00 AM,8,1,7
03/24/2022 05:00:00 AM,22,4,18
03/24/2022 06:00:00 AM,44,6,38
03/24/2022 07:00:00 AM,78,5,73
03/24/2022 08:00:00 AM,76,9,67
03/24/2022 09:00:00 AM,59,7,52
03/24/2022 10:00:00 AM,35,6,29
03/24/2022 11:00:00 AM,24,13,11
03/24/2022 12:00:00 PM,29,16,13
03/24/2022 01:00:00 PM,30,13,17
03/24/2022 02:00:00 PM,41,23,18
03/24/2022 03:00:00 PM,61,47,14
03/24/2022 04:00:00 PM,112,85,27
03/24/2022 05:00:00 PM,104,88,16
03/24/2022 06:00:00 PM,79,60,19
03/24/2022 07:00:00 PM,25,18,7
03/24/2022 08:00:00 PM,17,13,4
03/24/2022 09:00:00 PM,11,7,4
03/24/2022 10:00:00 PM,4,3,1
03/24/2022 11:00:00 PM,5,3,2
03/25/2022 12:00:00 AM,3,3,0
03/25/2022 01:00:00 AM,3,0,3
03/25/2022 02:00:00 AM,4,3,1
03/25/2022 03:00:00 AM,1,1,0
03/25/2022 04:00:00 AM,7,0,7
03/25/2022 05:00:00 AM,18,4,14
03/25/2022 06:00:00 AM,42,5,37
03/25/2022 07:00:00 AM,67,11,56
03/25/2022 08:00:00 AM,59,4,55
03/25/2022 09:00:00 AM,51,11,40
03/25/2022 10:00:00 AM,44,14,30
03/25/2022 11:00:00 AM,28,9,19
03/25/2022 12:00:00 PM,31,19,12
03/25/2022 01:00:00 PM,42,24,18
03/25/2022 02:00:00 PM,57,29,28
03/25/2022 03:00:00 PM,71,55,16
03/25/2022 04:00:00 PM,79,52,27
03/25/2022 05:00:00 PM,111,80,31
03/25/2022 06:00:00 PM,62,48,14
03/25/2022 07:00:00 PM,32,19,13
03/25/2022 08:00:00 PM,13,12,1
03/25/2022 09:00:00 PM,14,9,5
03/25/2022 10:00:00 PM,9,8,1
03/25/2022 11:00:00 PM,7,4,3
03/26/2022 12:00:00 AM,3,3,0
03/26/2022 01:00:00 AM,3,1,2
03/26/2022 02:00:00 AM,1,0,1
03/26/2022 03:00:00 AM,3,2,1
03/26/2022 04:00:00 AM,2,0,2
03/26/2022 05:00:00 AM,3,0,3
03/26/2022 06:00:00 AM,5,1,4
03/26/2022 07:00:00 AM,8,2,6
03/26/2022 08:00:00 AM,25,8,17
03/26/2022 09:00:00 AM,26,10,16
03/26/2022 10:00:00 AM,33,17,16
03/26/2022 11:00:00 AM,32,15,17
03/26/2022 12:00:00 PM,35,17,18
03/26/2022 01:00:00 PM,31,13,18
03/26/2022 02:00:00 PM,44,23,21
03/26/2022 03:00:00 PM,37,24,13
03/26/2022 04:00:00 PM,22,14,8
03/26/2022 05:00:00 PM,29,9,20
03/26/2022 06:00:00 PM,22,20,2
03/26/2022 07:00:00 PM,9,5,4
03/26/2022 08:00:00 PM,7,3,4
03/26/2022 09:00:00 PM,5,3,2
03/26/2022 10:00:00 PM,13,11,2
03/26/2022 11:00:00 PM,5,4,1
03/27/2022 12:00:00 AM,7,6,1
03/27/2022 01:00:00 AM,2,1,1
03/27/2022 02:00:00 AM,3,1,2
03/27/2022 03:00:00 AM,4,1,3
03/27/2022 04:00:00 AM,2,0,2
03/27/2022 05:00:00 AM,4,1,3
03/27/2022 06:00:00 AM,9,5,4
03/27/2022 07:00:00 AM,11,5,6
03/27/2022 08:00:00 AM,22,7,15
03/27/2022 09:00:00 AM,46,17,29
03/27/2022 10:00:00 AM,34,15,19
03/27/2022 11:00:00 AM,90,35,55
03/27/2022 12:00:00 PM,77,31,46
03/27/2022 01:00:00 PM,85,51,34
03/27/2022 02:00:00 PM,81,47,34
03/27/2022 03:00:00 PM,73,36,37
03/27/2022 04:00:00 PM,62,39,23
03/27/2022 05:00:00 PM,57,21,36
03/27/2022 06:00:00 PM,28,15,13
03/27/2022 07:00:00 PM,12,7,5
03/27/2022 08:00:00 PM,7,6,1
03/27/2022 09:00:00 PM,9,4,5
03/27/2022 10:00:00 PM,2,1,1
03/27/2022 11:00:00 PM,4,2,2
03/28/2022 12:00:00 AM,6,5,1
03/28/2022 01:00:00 AM,0,0,0
03/28/2022 02:00:00 AM,3,2,1
03/28/2022 03:00:00 AM,2,1,1
03/28/2022 04:00:00 AM,11,2,9
03/28/2022 05:00:00 AM,31,5,26
03/28/2022 06:00:00 AM,41,6,35
03/28/2022 07:00:00 AM,91,7,84
03/28/2022 08:00:00 AM,83,5,78
03/28/2022 09:00:00 AM,39,7,32
03/28/2022 10:00:00 AM,35,9,26
03/28/2022 11:00:00 AM,26,9,17
03/28/2022 12:00:00 PM,18,9,9
03/28/2022 01:00:00 PM,22,14,8
03/28/2022 02:00:00 PM,28,20,8
03/28/2022 03:00:00 PM,48,33,15
03/28/2022 04:00:00 PM,95,84,11
03/28/2022 05:00:00 PM,82,73,9
03/28/2022 06:00:00 PM,59,50,9
03/28/2022 07:00:00 PM,21,16,5
03/28/2022 08:00:00 PM,7,4,3
03/28/2022 09:00:00 PM,5,5,0
03/28/2022 10:00:00 PM,7,5,2
03/28/2022 11:00:00 PM,4,3,1
03/29/2022 12:00:00 AM,3,3,0
03/29/2022 01:00:00 AM,2,2,0
03/29/2022 02:00:00 AM,2,1,1
03/29/2022 03:00:00 AM,1,0,1
03/29/2022 04:00:00 AM,5,0,5
03/29/2022 05:00:00 AM,34,4,30
03/29/2022 06:00:00 AM,53,7,46
03/29/2022 07:00:00 AM,109,10,99
03/29/2022 08:00:00 AM,120,10,110
03/29/2022 09:00:00 AM,55,7,48
03/29/2022 10:00:00 AM,31,11,20
03/29/2022 11:00:00 AM,32,11,21
03/29/2022 12:00:00 PM,33,12,21
03/29/2022 01:00:00 PM,38,23,15
03/29/2022 02:00:00 PM,39,25,14
03/29/2022 03:00:00 PM,83,54,29
03/29/2022 04:00:00 PM,123,103,20
03/29/2022 05:00:00 PM,166,133,33
03/29/2022 06:00:00 PM,89,71,18
03/29/2022 07:00:00 PM,35,29,6
03/29/2022 08:00:00 PM,14,11,3
03/29/2022 09:00:00 PM,15,12,3
03/29/2022 10:00:00 PM,11,5,6
03/29/2022 11:00:00 PM,6,6,0
03/30/2022 12:00:00 AM,2,2,0
03/30/2022 01:00:00 AM,1,1,0
03/30/2022 02:00:00 AM,1,0,1
03/30/2022 03:00:00 AM,2,0,2
03/30/2022 04:00:00 AM,9,1,8
03/30/2022 05:00:00 AM,23,5,18
03/30/2022 06:00:00 AM,50,4,46
03/30/2022 07:00:00 AM,77,4,73
03/30/2022 08:00:00 AM,67,5,62
03/30/2022 09:00:00 AM,39,5,34
03/30/2022 10:00:00 AM,25,6,19
03/30/2022 11:00:00 AM,15,6,9
03/30/2022 12:00:00 PM,19,11,8
03/30/2022 01:00:00 PM,31,16,15
03/30/2022 02:00:00 PM,23,12,11
03/30/2022 03:00:00 PM,41,33,8
03/30/2022 04:00:00 PM,78,61,17
03/30/2022 05:00:00 PM,86,68,18
03/30/2022 06:00:00 PM,42,35,7
03/30/2022 07:00:00 PM,24,22,2
03/30/2022 08:00:00 PM,16,15,1
03/30/2022 09:00:00 PM,9,8,1
03/30/2022 10:00:00 PM,3,2,1
03/30/2022 11:00:00 PM,5,5,0
03/31/2022 12:00:00 AM,1,1,0
03/31/2022 01:00:00 AM,2,2,0
03/31/2022 02:00:00 AM,2,0,2
03/31/2022 03:00:00 AM,1,0,1
03/31/2022 04:00:00 AM,6,0,6
03/31/2022 05:00:00 AM,22,1,21
03/31/2022 06:00:00 AM,54,7,47
03/31/2022 07:00:00 AM,92,11,81
03/31/2022 08:00:00 AM,81,6,75
03/31/2022 09:00:00 AM,48,8,40
03/31/2022 10:00:00 AM,24,7,17
03/31/2022 11:00:00 AM,13,3,10
03/31/2022 12:00:00 PM,,,
03/31/2022 01:00:00 PM,,,
03/31/2022 02:00:00 PM,,,
03/31/2022 03:00:00 PM,,,
03/31/2022 04:00:00 PM,,,
03/31/2022 05:00:00 PM,,,
03/31/2022 06:00:00 PM,,,
03/31/2022 07:00:00 PM,,,
03/31/2022 08:00:00 PM,,,
03/31/2022 09:00:00 PM,,,
03/31/2022 10:00:00 PM,,,
03/31/2022 11:00:00 PM,,,
04/01/2022 12:00:00 AM,2,2,0
04/01/2022 01:00:00 AM,0,0,0
04/01/2022 02:00:00 AM,4,2,2
04/01/2022 03:00:00 AM,2,0,2
04/01/2022 04:00:00 AM,8,1,7
04/01/2022 05:00:00 AM,22,3,19
04/01/2022 06:00:00 AM,38,4,34
04/01/2022 07:00:00 AM,70,9,61
04/01/2022 08:00:00 AM,76,4,72
04/01/2022 09:00:00 AM,37,5,32
04/01/2022 10:00:00 AM,36,14,22
04/01/2022 11:00:00 AM,23,7,16
04/01/2022 12:00:00 PM,37,19,18
04/01/2022 01:00:00 PM,37,20,17
04/01/2022 02:00:00 PM,44,26,18
04/01/2022 03:00:00 PM,63,40,23
04/01/2022 04:00:00 PM,67,51,16
04/01/2022 05:00:00 PM,96,81,15
04/01/2022 06:00:00 PM,54,46,8
04/01/2022 07:00:00 PM,27,23,4
04/01/2022 08:00:00 PM,14,12,2
04/01/2022 09:00:00 PM,5,4,1
04/01/2022 10:00:00 PM,4,3,1
04/01/2022 11:00:00 PM,8,8,0
04/02/2022 12:00:00 AM,2,1,1
04/02/2022 01:00:00 AM,2,1,1
04/02/2022 02:00:00 AM,0,0,0
04/02/2022 03:00:00 AM,3,1,2
04/02/2022 04:00:00 AM,1,0,1
04/02/2022 05:00:00 AM,2,1,1
04/02/2022 06:00:00 AM,5,1,4
04/02/2022 07:00:00 AM,16,8,8
04/02/2022 08:00:00 AM,29,9,20
04/02/2022 09:00:00 AM,27,13,14
04/02/2022 10:00:00 AM,57,19,38
04/02/2022 11:00:00 AM,85,38,47
04/02/2022 12:00:00 PM,80,38,42
04/02/2022 01:00:00 PM,78,28,50
04/02/2022 02:00:00 PM,66,34,32
04/02/2022 03:00:00 PM,64,37,27
04/02/2022 04:00:00 PM,70,46,24
04/02/2022 05:00:00 PM,44,26,18
04/02/2022 06:00:00 PM,47,20,27
04/02/2022 07:00:00 PM,29,20,9
04/02/2022 08:00:00 PM,10,5,5
04/02/2022 09:00:00 PM,7,6,1
04/02/2022 10:00:00 PM,6,5,1
04/02/2022 11:00:00 PM,2,1,1
04/03/2022 12:00:00 AM,1,0,1
04/03/2022 01:00:00 AM,9,5,4
04/03/2022 02:00:00 AM,2,2,0
04/03/2022 03:00:00 AM,0,0,0
04/03/2022 04:00:00 AM,3,0,3
04/03/2022 05:00:00 AM,4,0,4
04/03/2022 06:00:00 AM,5,2,3
04/03/2022 07:00:00 AM,10,4,6
04/03/2022 08:00:00 AM,17,2,15
04/03/2022 09:00:00 AM,26,12,14
04/03/2022 10:00:00 AM,23,11,12
04/03/2022 11:00:00 AM,32,14,18
04/03/2022 12:00:00 PM,16,7,9
04/03/2022 01:00:00 PM,19,14,5
04/03/2022 02:00:00 PM,16,8,8
04/03/2022 03:00:00 PM,9,6,3
04/03/2022 04:00:00 PM,5,4,1
04/03/2022 05:00:00 PM,4,4,0
04/03/2022 06:00:00 PM,9,7,2
04/03/2022 07:00:00 PM,5,2,3
04/03/2022 08:00:00 PM,2,0,2
04/03/2022 09:00:00 PM,0,0,0
04/03/2022 10:00:00 PM,1,1,0
04/03/2022 11:00:00 PM,2,2,0
04/04/2022 12:00:00 AM,1,1,0
04/04/2022 01:00:00 AM,1,1,0
04/04/2022 02:00:00 AM,1,0,1
04/04/2022 03:00:00 AM,0,0,0
04/04/2022 04:00:00 AM,4,0,4
04/04/2022 05:00:00 AM,8,1,7
04/04/2022 06:00:00 AM,25,1,24
04/04/2022 07:00:00 AM,54,4,50
04/04/2022 08:00:00 AM,51,3,48
04/04/2022 09:00:00 AM,27,7,20
04/04/2022 10:00:00 AM,9,2,7
04/04/2022 11:00:00 AM,4,2,2
04/04/2022 12:00:00 PM,10,3,7
04/04/2022 01:00:00 PM,7,6,1
04/04/2022 02:00:00 PM,13,8,5
04/04/2022 03:00:00 PM,25,20,5
04/04/2022 04:00:00 PM,36,31,5
04/04/2022 05:00:00 PM,49,43,6
04/04/2022 06:00:00 PM,31,28,3
04/04/2022 07:00:00 PM,19,11,8
04/04/2022 08:00:00 PM,7,6,1
04/04/2022 09:00:00 PM,3,2,1
04/04/2022 10:00:00 PM,4,3,1
04/04/2022 11:00:00 PM,1,0,1
04/05/2022 12:00:00 AM,0,0,0
04/05/2022 01:00:00 AM,2,0,2
04/05/2022 02:00:00 AM,1,0,1
04/05/2022 03:00:00 AM,0,0,0
04/05/2022 04:00:00 AM,4,0,4
04/05/2022 05:00:00 AM,26,4,22
04/05/2022 06:00:00 AM,49,5,44
04/05/2022 07:00:00 AM,86,3,83
04/05/2022 08:00:00 AM,89,7,82
04/05/2022 09:00:00 AM,39,5,34
04/05/2022 10:00:00 AM,34,16,18
04/05/2022 11:00:00 AM,20,4,16
04/05/2022 12:00:00 PM,25,14,11
04/05/2022 01:00:00 PM,23,12,11
04/05/2022 02:00:00 PM,52,25,27
04/05/2022 03:00:00 PM,42,33,9
04/05/2022 04:00:00 PM,100,83,17
04/05/2022 05:00:00 PM,102,88,14
04/05/2022 06:00:00 PM,87,76,11
04/05/2022 07:00:00 PM,31,24,7
04/05/2022 08:00:00 PM,22,14,8
04/05/2022 09:00:00 PM,12,3,9
04/05/2022 10:00:00 PM,7,5,2
04/05/2022 11:00:00 PM,7,5,2
04/06/2022 12:00:00 AM,2,1,1
04/06/2022 01:00:00 AM,2,1,1
04/06/2022 02:00:00 AM,1,1,0
04/06/2022 03:00:00 AM,1,0,1
04/06/2022 04:00:00 AM,7,2,5
04/06/2022 05:00:00 AM,21,3,18
04/06/2022 06:00:00 AM,49,5,44
04/06/2022 07:00:00 AM,98,6,92
04/06/2022 08:00:00 AM,108,6,102
04/06/2022 09:00:00 AM,58,9,49
04/06/2022 10:00:00 AM,29,7,22
04/06/2022 11:00:00 AM,25,12,13
04/06/2022 12:00:00 PM,30,14,16
04/06/2022 01:00:00 PM,39,21,18
04/06/2022 02:00:00 PM,44,26,18
04/06/2022 03:00:00 PM,71,57,14
04/06/2022 04:00:00 PM,109,86,23
04/06/2022 05:00:00 PM,133,104,29
04/06/2022 06:00:00 PM,86,68,18
04/06/2022 07:00:00 PM,46,29,17
04/06/2022 08:00:00 PM,21,15,6
04/06/2022 09:00:00 PM,18,16,2
04/06/2022 10:00:00 PM,6,4,2
04/06/2022 11:00:00 PM,8,6,2
04/07/2022 12:00:00 AM,2,2,0
04/07/2022 01:00:00 AM,0,0,0
04/07/2022 02:00:00 AM,2,1,1
04/07/2022 03:00:00 AM,1,0,1
04/07/2022 04:00:00 AM,5,0,5
04/07/2022 05:00:00 AM,29,2,27
04/07/2022 06:00:00 AM,49,2,47
04/07/2022 07:00:00 AM,113,12,101
04/07/2022 08:00:00 AM,117,8,109
04/07/2022 09:00:00 AM,62,7,55
04/07/2022 10:00:00 AM,51,10,41
04/07/2022 11:00:00 AM,42,19,23
04/07/2022 12:00:00 PM,44,17,27
04/07/2022 01:00:00 PM,50,30,20
04/07/2022 02:00:00 PM,50,33,17
04/07/2022 03:00:00 PM,95,66,29
04/07/2022 04:00:00 PM,161,122,39
04/07/2022 05:00:00 PM,168,138,30
04/07/2022 06:00:00 PM,129,87,42
04/07/2022 07:00:00 PM,89,64,25
04/07/2022 08:00:00 PM,43,28,15
04/07/2022 09:00:00 PM,20,15,5
04/07/2022 10:00:00 PM,28,7,21
04/07/2022 11:00:00 PM,8,5,3
04/08/2022 12:00:00 AM,3,2,1
04/08/2022 01:00:00 AM,0,0,0
04/08/2022 02:00:00 AM,2,1,1
04/08/2022 03:00:00 AM,2,0,2
04/08/2022 04:00:00 AM,5,0,5
04/08/2022 05:00:00 AM,17,2,15
04/08/2022 06:00:00 AM,40,3,37
04/08/2022 07:00:00 AM,48,5,43
04/08/2022 08:00:00 AM,61,4,57
04/08/2022 09:00:00 AM,33,5,28
04/08/2022 10:00:00 AM,17,4,13
04/08/2022 11:00:00 AM,30,12,18
04/08/2022 12:00:00 PM,26,16,10
04/08/2022 01:00:00 PM,21,9,12
04/08/2022 02:00:00 PM,25,11,14
04/08/2022 03:00:00 PM,46,34,12
04/08/2022 04:00:00 PM,63,59,4
04/08/2022 05:00:00 PM,69,59,10
04/08/2022 06:00:00 PM,33,25,8
04/08/2022 07:00:00 PM,19,14,5
04/08/2022 08:00:00 PM,11,5,6
04/08/2022 09:00:00 PM,8,5,3
04/08/2022 10:00:00 PM,3,3,0
04/08/2022 11:00:00 PM,5,3,2
04/09/2022 12:00:00 AM,4,4,0
04/09/2022 01:00:00 AM,1,1,0
04/09/2022 02:00:00 AM,1,0,1
04/09/2022 03:00:00 AM,0,0,0
04/09/2022 04:00:00 AM,4,0,4
04/09/2022 05:00:00 AM,1,0,1
04/09/2022 06:00:00 AM,6,0,6
04/09/2022 07:00:00 AM,13,2,11
04/09/2022 08:00:00 AM,32,13,19
04/09/2022 09:00:00 AM,28,9,19
04/09/2022 10:00:00 AM,48,24,24
04/09/2022 11:00:00 AM,46,24,22
04/09/2022 12:00:00 PM,41,22,19
04/09/2022 01:00:00 PM,25,13,12
04/09/2022 02:00:00 PM,21,15,6
04/09/2022 03:00:00 PM,18,7,11
04/09/2022 04:00:00 PM,10,4,6
04/09/2022 05:00:00 PM,18,14,4
04/09/2022 06:00:00 PM,10,6,4
04/09/2022 07:00:00 PM,9,5,4
04/09/2022 08:00:00 PM,7,4,3
04/09/2022 09:00:00 PM,5,3,2
04/09/2022 10:00:00 PM,3,2,1
04/09/2022 11:00:00 PM,2,1,1
04/10/2022 12:00:00 AM,1,0,1
04/10/2022 01:00:00 AM,0,0,0
04/10/2022 02:00:00 AM,1,0,1
04/10/2022 03:00:00 AM,0,0,0
04/10/2022 04:00:00 AM,1,0,1
04/10/2022 05:00:00 AM,0,0,0
04/10/2022 06:00:00 AM,4,0,4
04/10/2022 07:00:00 AM,6,1,5
04/10/2022 08:00:00 AM,7,0,7
04/10/2022 09:00:00 AM,10,5,5
04/10/2022 10:00:00 AM,12,1,11
04/10/2022 11:00:00 AM,22,11,11
04/10/2022 12:00:00 PM,12,6,6
04/10/2022 01:00:00 PM,23,18,5
04/10/2022 02:00:00 PM,37,23,14
04/10/2022 03:00:00 PM,17,8,9
04/10/2022 04:00:00 PM,18,13,5
04/10/2022 05:00:00 PM,11,7,4
04/10/2022 06:00:00 PM,11,6,5
04/10/2022 07:00:00 PM,5,3,2
04/10/2022 08:00:00 PM,4,1,3
04/10/2022 09:00:00 PM,0,0,0
04/10/2022 10:00:00 PM,1,0,1
04/10/2022 11:00:00 PM,1,1,0
04/11/2022 12:00:00 AM,2,0,2
04/11/2022 01:00:00 AM,0,0,0
04/11/2022 02:00:00 AM,1,1,0
04/11/2022 03:00:00 AM,1,0,1
04/11/2022 04:00:00 AM,6,0,6
04/11/2022 05:00:00 AM,15,4,11
04/11/2022 06:00:00 AM,33,2,31
04/11/2022 07:00:00 AM,60,2,58
04/11/2022 08:00:00 AM,46,2,44
04/11/2022 09:00:00 AM,35,7,28
04/11/2022 10:00:00 AM,22,13,9
04/11/2022 11:00:00 AM,7,2,5
04/11/2022 12:00:00 PM,10,5,5
04/11/2022 01:00:00 PM,20,8,12
04/11/2022 02:00:00 PM,21,16,5
04/11/2022 03:00:00 PM,36,22,14
04/11/2022 04:00:00 PM,51,38,13
04/11/2022 05:00:00 PM,79,70,9
04/11/2022 06:00:00 PM,52,40,12
04/11/2022 07:00:00 PM,23,19,4
04/11/2022 08:00:00 PM,5,3,2
04/11/2022 09:00:00 PM,6,5,1
04/11/2022 10:00:00 PM,6,5,1
04/11/2022 11:00:00 PM,4,2,2
04/12/2022 12:00:00 AM,3,3,0
04/12/2022 01:00:00 AM,5,3,2
04/12/2022 02:00:00 AM,1,0,1
04/12/2022 03:00:00 AM,2,1,1
04/12/2022 04:00:00 AM,6,1,5
04/12/2022 05:00:00 AM,20,5,15
04/12/2022 06:00:00 AM,41,4,37
04/12/2022 07:00:00 AM,62,4,58
04/12/2022 08:00:00 AM,60,3,57
04/12/2022 09:00:00 AM,34,4,30
04/12/2022 10:00:00 AM,18,9,9
04/12/2022 11:00:00 AM,14,2,12
04/12/2022 12:00:00 PM,20,6,14
04/12/2022 01:00:00 PM,20,13,7
04/12/2022 02:00:00 PM,25,15,10
04/12/2022 03:00:00 PM,28,23,5
04/12/2022 04:00:00 PM,55,46,9
04/12/2022 05:00:00 PM,76,69,7
04/12/2022 06:00:00 PM,51,46,5
04/12/2022 07:00:00 PM,20,18,2
04/12/2022 08:00:00 PM,9,5,4
04/12/2022 09:00:00 PM,7,5,2
04/12/2022 10:00:00 PM,4,2,2
04/12/2022 11:00:00 PM,1,1,0
04/13/2022 12:00:00 AM,2,2,0
04/13/2022 01:00:00 AM,0,0,0
04/13/2022 02:00:00 AM,2,1,1
04/13/2022 03:00:00 AM,0,0,0
04/13/2022 04:00:00 AM,4,0,4
04/13/2022 05:00:00 AM,19,5,14
04/13/2022 06:00:00 AM,31,2,29
04/13/2022 07:00:00 AM,67,2,65
04/13/2022 08:00:00 AM,70,6,64
04/13/2022 09:00:00 AM,33,6,27
04/13/2022 10:00:00 AM,26,6,20
04/13/2022 11:00:00 AM,10,5,5
04/13/2022 12:00:00 PM,10,7,3
04/13/2022 01:00:00 PM,22,11,11
04/13/2022 02:00:00 PM,34,17,17
04/13/2022 03:00:00 PM,35,27,8
04/13/2022 04:00:00 PM,67,53,14
04/13/2022 05:00:00 PM,75,69,6
04/13/2022 06:00:00 PM,42,35,7
04/13/2022 07:00:00 PM,30,25,5
04/13/2022 08:00:00 PM,13,10,3
04/13/2022 09:00:00 PM,5,3,2
04/13/2022 10:00:00 PM,2,0,2
04/13/2022 11:00:00 PM,7,2,5
04/14/2022 12:00:00 AM,3,3,0
04/14/2022 01:00:00 AM,0,0,0
04/14/2022 02:00:00 AM,1,0,1
04/14/2022 03:00:00 AM,0,0,0
04/14/2022 04:00:00 AM,3,1,2
04/14/2022 05:00:00 AM,17,5,12
04/14/2022 06:00:00 AM,30,3,27
04/14/2022 07:00:00 AM,62,1,61
04/14/2022 08:00:00 AM,62,1,61
04/14/2022 09:00:00 AM,32,5,27
04/14/2022 10:00:00 AM,11,3,8
04/14/2022 11:00:00 AM,15,4,11
04/14/2022 12:00:00 PM,13,8,5
04/14/2022 01:00:00 PM,20,10,10
04/14/2022 02:00:00 PM,21,7,14
04/14/2022 03:00:00 PM,43,33,10
04/14/2022 04:00:00 PM,64,52,12
04/14/2022 05:00:00 PM,81,65,16
04/14/2022 06:00:00 PM,46,35,11
04/14/2022 07:00:00 PM,26,20,6
04/14/2022 08:00:00 PM,13,8,5
04/14/2022 09:00:00 PM,13,8,5
04/14/2022 10:00:00 PM,4,4,0
04/14/2022 11:00:00 PM,2,2,0
04/15/2022 12:00:00 AM,2,2,0
04/15/2022 01:00:00 AM,0,0,0
04/15/2022 02:00:00 AM,2,0,2
04/15/2022 03:00:00 AM,1,0,1
04/15/2022 04:00:00 AM,8,2,6
04/15/2022 05:00:00 AM,18,6,12
04/15/2022 06:00:00 AM,34,7,27
04/15/2022 07:00:00 AM,36,4,32
04/15/2022 08:00:00 AM,52,6,46
04/15/2022 09:00:00 AM,28,7,21
04/15/2022 10:00:00 AM,27,6,21
04/15/2022 11:00:00 AM,33,13,20
04/15/2022 12:00:00 PM,29,13,16
04/15/2022 01:00:00 PM,24,14,10
04/15/2022 02:00:00 PM,37,17,20
04/15/2022 03:00:00 PM,43,25,18
04/15/2022 04:00:00 PM,67,48,19
04/15/2022 05:00:00 PM,75,47,28
04/15/2022 06:00:00 PM,57,42,15
04/15/2022 07:00:00 PM,22,11,11
04/15/2022 08:00:00 PM,18,9,9
04/15/2022 09:00:00 PM,17,14,3
04/15/2022 10:00:00 PM,27,24,3
04/15/2022 11:00:00 PM,9,5,4
04/16/2022 12:00:00 AM,5,4,1
04/16/2022 01:00:00 AM,1,1,0
04/16/2022 02:00:00 AM,1,0,1
04/16/2022 03:00:00 AM,1,1,0
04/16/2022 04:00:00 AM,2,0,2
04/16/2022 05:00:00 AM,3,1,2
04/16/2022 06:00:00 AM,7,2,5
04/16/2022 07:00:00 AM,11,1,10
04/16/2022 08:00:00 AM,37,13,24
04/16/2022 09:00:00 AM,37,18,19
04/16/2022 10:00:00 AM,49,18,31
04/16/2022 11:00:00 AM,42,20,22
04/16/2022 12:00:00 PM,32,20,12
04/16/2022 01:00:00 PM,42,20,22
04/16/2022 02:00:00 PM,32,19,13
04/16/2022 03:00:00 PM,16,11,5
04/16/2022 04:00:00 PM,16,12,4
04/16/2022 05:00:00 PM,16,10,6
04/16/2022 06:00:00 PM,6,4,2
04/16/2022 07:00:00 PM,3,2,1
04/16/2022 08:00:00 PM,6,3,3
04/16/2022 09:00:00 PM,16,13,3
04/16/2022 10:00:00 PM,10,9,1
04/16/2022 11:00:00 PM,3,2,1
04/17/2022 12:00:00 AM,0,0,0
04/17/2022 01:00:00 AM,0,0,0
04/17/2022 02:00:00 AM,1,0,1
04/17/2022 03:00:00 AM,1,1,0
04/17/2022 04:00:00 AM,4,1,3
04/17/2022 05:00:00 AM,2,0,2
04/17/2022 06:00:00 AM,1,0,1
04/17/2022 07:00:00 AM,8,2,6
04/17/2022 08:00:00 AM,15,6,9
04/17/2022 09:00:00 AM,36,5,31
04/17/2022 10:00:00 AM,34,16,18
04/17/2022 11:00:00 AM,56,27,29
04/17/2022 12:00:00 PM,94,46,48
04/17/2022 01:00:00 PM,55,23,32
04/17/2022 02:00:00 PM,79,35,44
04/17/2022 03:00:00 PM,111,56,55
04/17/2022 04:00:00 PM,50,35,15
04/17/2022 05:00:00 PM,45,24,21
04/17/2022 06:00:00 PM,44,32,12
04/17/2022 07:00:00 PM,15,11,4
04/17/2022 08:00:00 PM,8,5,3
04/17/2022 09:00:00 PM,4,2,2
04/17/2022 10:00:00 PM,0,0,0
04/17/2022 11:00:00 PM,4,0,4
04/18/2022 12:00:00 AM,3,0,3
04/18/2022 01:00:00 AM,3,3,0
04/18/2022 02:00:00 AM,1,0,1
04/18/2022 03:00:00 AM,1,0,1
04/18/2022 04:00:00 AM,6,1,5
04/18/2022 05:00:00 AM,23,5,18
04/18/2022 06:00:00 AM,37,2,35
04/18/2022 07:00:00 AM,55,5,50
04/18/2022 08:00:00 AM,45,0,45
04/18/2022 09:00:00 AM,35,11,24
04/18/2022 10:00:00 AM,18,5,13
04/18/2022 11:00:00 AM,10,0,10
04/18/2022 12:00:00 PM,11,6,5
04/18/2022 01:00:00 PM,7,5,2
04/18/2022 02:00:00 PM,19,15,4
04/18/2022 03:00:00 PM,23,18,5
04/18/2022 04:00:00 PM,45,41,4
04/18/2022 05:00:00 PM,65,58,7
04/18/2022 06:00:00 PM,29,27,2
04/18/2022 07:00:00 PM,16,14,2
04/18/2022 08:00:00 PM,9,8,1
04/18/2022 09:00:00 PM,2,1,1
04/18/2022 10:00:00 PM,4,3,1
04/18/2022 11:00:00 PM,0,0,0
04/19/2022 12:00:00 AM,1,1,0
04/19/2022 01:00:00 AM,1,0,1
04/19/2022 02:00:00 AM,1,1,0
04/19/2022 03:00:00 AM,1,0,1
04/19/2022 04:00:00 AM,5,1,4
04/19/2022 05:00:00 AM,28,5,23
04/19/2022 06:00:00 AM,41,4,37
04/19/2022 07:00:00 AM,77,10,67
04/19/2022 08:00:00 AM,72,3,69
04/19/2022 09:00:00 AM,44,9,35
04/19/2022 10:00:00 AM,25,6,19
04/19/2022 11:00:00 AM,23,7,16
04/19/2022 12:00:00 PM,23,16,7
04/19/2022 01:00:00 PM,29,10,19
04/19/2022 02:00:00 PM,38,25,13
04/19/2022 03:00:00 PM,41,31,10
04/19/2022 04:00:00 PM,86,72,14
04/19/2022 05:00:00 PM,106,82,24
04/19/2022 06:00:00 PM,59,45,14
04/19/2022 07:00:00 PM,52,35,17
04/19/2022 08:00:00 PM,19,13,6
04/19/2022 09:00:00 PM,14,9,5
04/19/2022 10:00:00 PM,9,5,4
04/19/2022 11:00:00 PM,3,2,1
04/20/2022 12:00:00 AM,8,4,4
04/20/2022 01:00:00 AM,0,0,0
04/20/2022 02:00:00 AM,1,1,0
04/20/2022 03:00:00 AM,4,3,1
04/20/2022 04:00:00 AM,4,1,3
04/20/2022 05:00:00 AM,31,7,24
04/20/2022 06:00:00 AM,40,5,35
04/20/2022 07:00:00 AM,80,4,76
04/20/2022 08:00:00 AM,82,8,74
04/20/2022 09:00:00 AM,46,6,40
04/20/2022 10:00:00 AM,20,9,11
04/20/2022 11:00:00 AM,15,5,10
04/20/2022 12:00:00 PM,15,8,7
04/20/2022 01:00:00 PM,19,10,9
04/20/2022 02:00:00 PM,33,24,9
04/20/2022 03:00:00 PM,41,27,14
04/20/2022 04:00:00 PM,47,40,7
04/20/2022 05:00:00 PM,91,80,11
04/20/2022 06:00:00 PM,52,41,11
04/20/2022 07:00:00 PM,29,24,5
04/20/2022 08:00:00 PM,13,12,1
04/20/2022 09:00:00 PM,7,7,0
04/20/2022 10:00:00 PM,16,14,2
04/20/2022 11:00:00 PM,9,5,4
04/21/2022 12:00:00 AM,3,2,1
04/21/2022 01:00:00 AM,3,2,1
04/21/2022 02:00:00 AM,3,1,2
04/21/2022 03:00:00 AM,0,0,0
04/21/2022 04:00:00 AM,2,0,2
04/21/2022 05:00:00 AM,16,5,11
04/21/2022 06:00:00 AM,36,2,34
04/21/2022 07:00:00 AM,72,6,66
04/21/2022 08:00:00 AM,65,1,64
04/21/2022 09:00:00 AM,28,3,25
04/21/2022 10:00:00 AM,20,2,18
04/21/2022 11:00:00 AM,25,8,17
04/21/2022 12:00:00 PM,12,6,6
04/21/2022 01:00:00 PM,12,6,6
04/21/2022 02:00:00 PM,27,15,12
04/21/2022 03:00:00 PM,51,28,23
04/21/2022 04:00:00 PM,69,51,18
04/21/2022 05:00:00 PM,94,83,11
04/21/2022 06:00:00 PM,44,37,7
04/21/2022 07:00:00 PM,30,29,1
04/21/2022 08:00:00 PM,15,10,5
04/21/2022 09:00:00 PM,3,3,0
04/21/2022 10:00:00 PM,14,14,0
04/21/2022 11:00:00 PM,1,1,0
04/22/2022 12:00:00 AM,4,3,1
04/22/2022 01:00:00 AM,1,1,0
04/22/2022 02:00:00 AM,0,0,0
04/22/2022 03:00:00 AM,3,1,2
04/22/2022 04:00:00 AM,2,0,2
04/22/2022 05:00:00 AM,27,7,20
04/22/2022 06:00:00 AM,38,1,37
04/22/2022 07:00:00 AM,62,9,53
04/22/2022 08:00:00 AM,56,7,49
04/22/2022 09:00:00 AM,40,7,33
04/22/2022 10:00:00 AM,33,5,28
04/22/2022 11:00:00 AM,33,13,20
04/22/2022 12:00:00 PM,31,14,17
04/22/2022 01:00:00 PM,36,22,14
04/22/2022 02:00:00 PM,59,34,25
04/22/2022 03:00:00 PM,74,48,26
04/22/2022 04:00:00 PM,110,78,32
04/22/2022 05:00:00 PM,81,53,28
04/22/2022 06:00:00 PM,72,53,19
04/22/2022 07:00:00 PM,32,23,9
04/22/2022 08:00:00 PM,23,12,11
04/22/2022 09:00:00 PM,17,16,1
04/22/2022 10:00:00 PM,13,12,1
04/22/2022 11:00:00 PM,7,4,3
04/23/2022 12:00:00 AM,2,1,1
04/23/2022 01:00:00 AM,3,2,1
04/23/2022 02:00:00 AM,3,2,1
04/23/2022 03:00:00 AM,0,0,0
04/23/2022 04:00:00 AM,2,0,2
04/23/2022 05:00:00 AM,1,1,0
04/23/2022 06:00:00 AM,12,4,8
04/23/2022 07:00:00 AM,20,5,15
04/23/2022 08:00:00 AM,37,15,22
04/23/2022 09:00:00 AM,24,7,17
04/23/2022 10:00:00 AM,36,17,19
04/23/2022 11:00:00 AM,47,22,25
04/23/2022 12:00:00 PM,66,28,38
04/23/2022 01:00:00 PM,86,34,52
04/23/2022 02:00:00 PM,76,48,28
04/23/2022 03:00:00 PM,73,42,31
04/23/2022 04:00:00 PM,72,36,36
04/23/2022 05:00:00 PM,68,31,37
04/23/2022 06:00:00 PM,33,15,18
04/23/2022 07:00:00 PM,28,18,10
04/23/2022 08:00:00 PM,18,9,9
04/23/2022 09:00:00 PM,7,7,0
04/23/2022 10:00:00 PM,12,10,2
04/23/2022 11:00:00 PM,7,7,0
04/24/2022 12:00:00 AM,2,0,2
04/24/2022 01:00:00 AM,3,2,1
04/24/2022 02:00:00 AM,4,2,2
04/24/2022 03:00:00 AM,1,0,1
04/24/2022 04:00:00 AM,1,0,1
04/24/2022 05:00:00 AM,0,0,0
04/24/2022 06:00:00 AM,9,3,6
04/24/2022 07:00:00 AM,25,11,14
04/24/2022 08:00:00 AM,31,17,14
04/24/2022 09:00:00 AM,60,28,32
04/24/2022 10:00:00 AM,61,26,35
04/24/2022 11:00:00 AM,104,59,45
04/24/2022 12:00:00 PM,113,55,58
04/24/2022 01:00:00 PM,125,36,89
04/24/2022 02:00:00 PM,96,52,44
04/24/2022 03:00:00 PM,99,57,42
04/24/2022 04:00:00 PM,80,34,46
04/24/2022 05:00:00 PM,67,39,28
04/24/2022 06:00:00 PM,47,24,23
04/24/2022 07:00:00 PM,28,14,14
04/24/2022 08:00:00 PM,13,6,7
04/24/2022 09:00:00 PM,6,4,2
04/24/2022 10:00:00 PM,3,3,0
04/24/2022 11:00:00 PM,3,0,3
04/25/2022 12:00:00 AM,2,2,0
04/25/2022 01:00:00 AM,1,0,1
04/25/2022 02:00:00 AM,2,0,2
04/25/2022 03:00:00 AM,4,2,2
04/25/2022 04:00:00 AM,2,1,1
04/25/2022 05:00:00 AM,25,6,19
04/25/2022 06:00:00 AM,39,2,37
04/25/2022 07:00:00 AM,57,2,55
04/25/2022 08:00:00 AM,51,5,46
04/25/2022 09:00:00 AM,35,8,27
04/25/2022 10:00:00 AM,30,7,23
04/25/2022 11:00:00 AM,13,3,10
04/25/2022 12:00:00 PM,23,9,14
04/25/2022 01:00:00 PM,10,5,5
04/25/2022 02:00:00 PM,20,8,12
04/25/2022 03:00:00 PM,47,34,13
04/25/2022 04:00:00 PM,57,46,11
04/25/2022 05:00:00 PM,83,74,9
04/25/2022 06:00:00 PM,38,33,5
04/25/2022 07:00:00 PM,30,23,7
04/25/2022 08:00:00 PM,15,13,2
04/25/2022 09:00:00 PM,9,5,4
04/25/2022 10:00:00 PM,5,5,0
04/25/2022 11:00:00 PM,1,1,0
04/26/2022 12:00:00 AM,3,3,0
04/26/2022 01:00:00 AM,2,1,1
04/26/2022 02:00:00 AM,2,0,2
04/26/2022 03:00:00 AM,3,2,1
04/26/2022 04:00:00 AM,8,1,7
04/26/2022 05:00:00 AM,27,5,22
04/26/2022 06:00:00 AM,53,3,50
04/26/2022 07:00:00 AM,99,9,90
04/26/2022 08:00:00 AM,99,10,89
04/26/2022 09:00:00 AM,46,4,42
04/26/2022 10:00:00 AM,28,8,20
04/26/2022 11:00:00 AM,26,8,18
04/26/2022 12:00:00 PM,10,5,5
04/26/2022 01:00:00 PM,23,10,13
04/26/2022 02:00:00 PM,23,15,8
04/26/2022 03:00:00 PM,47,36,11
04/26/2022 04:00:00 PM,89,72,17
04/26/2022 05:00:00 PM,118,104,14
04/26/2022 06:00:00 PM,74,65,9
04/26/2022 07:00:00 PM,34,24,10
04/26/2022 08:00:00 PM,17,16,1
04/26/2022 09:00:00 PM,11,9,2
04/26/2022 10:00:00 PM,10,6,4
04/26/2022 11:00:00 PM,10,3,7
04/27/2022 12:00:00 AM,2,2,0
04/27/2022 01:00:00 AM,0,0,0
04/27/2022 02:00:00 AM,0,0,0
04/27/2022 03:00:00 AM,2,0,2
04/27/2022 04:00:00 AM,7,1,6
04/27/2022 05:00:00 AM,24,5,19
04/27/2022 06:00:00 AM,65,5,60
04/27/2022 07:00:00 AM,103,5,98
04/27/2022 08:00:00 AM,106,11,95
04/27/2022 09:00:00 AM,48,2,46
04/27/2022 10:00:00 AM,34,10,24
04/27/2022 11:00:00 AM,24,11,13
04/27/2022 12:00:00 PM,34,18,16
04/27/2022 01:00:00 PM,30,19,11
04/27/2022 02:00:00 PM,52,35,17
04/27/2022 03:00:00 PM,60,45,15
04/27/2022 04:00:00 PM,118,92,26
04/27/2022 05:00:00 PM,125,106,19
04/27/2022 06:00:00 PM,77,69,8
04/27/2022 07:00:00 PM,44,25,19
04/27/2022 08:00:00 PM,23,16,7
04/27/2022 09:00:00 PM,3,3,0
04/27/2022 10:00:00 PM,11,9,2
04/27/2022 11:00:00 PM,4,3,1
04/28/2022 12:00:00 AM,5,5,0
04/28/2022 01:00:00 AM,0,0,0
04/28/2022 02:00:00 AM,2,1,1
04/28/2022 03:00:00 AM,2,0,2
04/28/2022 04:00:00 AM,4,1,3
04/28/2022 05:00:00 AM,23,6,17
04/28/2022 06:00:00 AM,48,2,46
04/28/2022 07:00:00 AM,66,3,63
04/28/2022 08:00:00 AM,95,5,90
04/28/2022 09:00:00 AM,51,6,45
04/28/2022 10:00:00 AM,33,9,24
04/28/2022 11:00:00 AM,31,10,21
04/28/2022 12:00:00 PM,22,9,13
04/28/2022 01:00:00 PM,17,10,7
04/28/2022 02:00:00 PM,34,17,17
04/28/2022 03:00:00 PM,60,43,17
04/28/2022 04:00:00 PM,89,66,23
04/28/2022 05:00:00 PM,112,95,17
04/28/2022 06:00:00 PM,80,67,13
04/28/2022 07:00:00 PM,35,25,10
04/28/2022 08:00:00 PM,21,16,5
04/28/2022 09:00:00 PM,9,4,5
04/28/2022 10:00:00 PM,11,8,3
04/28/2022 11:00:00 PM,0,0,0
04/29/2022 12:00:00 AM,2,1,1
04/29/2022 01:00:00 AM,2,0,2
04/29/2022 02:00:00 AM,1,1,0
04/29/2022 03:00:00 AM,0,0,0
04/29/2022 04:00:00 AM,5,0,5
04/29/2022 05:00:00 AM,29,5,24
04/29/2022 06:00:00 AM,39,2,37
04/29/2022 07:00:00 AM,59,7,52
04/29/2022 08:00:00 AM,62,9,53
04/29/2022 09:00:00 AM,38,6,32
04/29/2022 10:00:00 AM,31,9,22
04/29/2022 11:00:00 AM,25,8,17
04/29/2022 12:00:00 PM,43,23,20
04/29/2022 01:00:00 PM,27,16,11
04/29/2022 02:00:00 PM,51,33,18
04/29/2022 03:00:00 PM,75,42,33
04/29/2022 04:00:00 PM,89,64,25
04/29/2022 05:00:00 PM,87,72,15
04/29/2022 06:00:00 PM,70,51,19
04/29/2022 07:00:00 PM,39,27,12
04/29/2022 08:00:00 PM,18,11,7
04/29/2022 09:00:00 PM,13,11,2
04/29/2022 10:00:00 PM,15,9,6
04/29/2022 11:00:00 PM,9,7,2
04/30/2022 12:00:00 AM,1,1,0
04/30/2022 01:00:00 AM,2,1,1
04/30/2022 02:00:00 AM,1,0,1
04/30/2022 03:00:00 AM,2,1,1
04/30/2022 04:00:00 AM,3,1,2
04/30/2022 05:00:00 AM,4,0,4
04/30/2022 06:00:00 AM,5,1,4
04/30/2022 07:00:00 AM,4,1,3
04/30/2022 08:00:00 AM,13,4,9
04/30/2022 09:00:00 AM,16,3,13
04/30/2022 10:00:00 AM,19,0,19
04/30/2022 11:00:00 AM,18,6,12
04/30/2022 12:00:00 PM,30,17,13
04/30/2022 01:00:00 PM,56,34,22
04/30/2022 02:00:00 PM,61,27,34
04/30/2022 03:00:00 PM,72,43,29
04/30/2022 04:00:00 PM,67,42,25
04/30/2022 05:00:00 PM,56,27,29
04/30/2022 06:00:00 PM,46,28,18
04/30/2022 07:00:00 PM,28,16,12
04/30/2022 08:00:00 PM,21,16,5
04/30/2022 09:00:00 PM,22,12,10
04/30/2022 10:00:00 PM,7,4,3
04/30/2022 11:00:00 PM,8,3,5
