Date,Westlake PBL and Newton St,North,South
04/13/2018 12:00:00 AM,2,0,2
04/13/2018 01:00:00 AM,3,1,2
04/13/2018 02:00:00 AM,0,0,0
04/13/2018 03:00:00 AM,1,1,0
04/13/2018 04:00:00 AM,5,3,2
04/13/2018 05:00:00 AM,8,2,6
04/13/2018 06:00:00 AM,37,7,30
04/13/2018 07:00:00 AM,98,8,90
04/13/2018 08:00:00 AM,154,21,133
04/13/2018 09:00:00 AM,109,12,97
04/13/2018 10:00:00 AM,45,12,33
04/13/2018 11:00:00 AM,22,8,14
04/13/2018 12:00:00 PM,23,12,11
04/13/2018 01:00:00 PM,18,13,5
04/13/2018 02:00:00 PM,22,14,8
04/13/2018 03:00:00 PM,44,35,9
04/13/2018 04:00:00 PM,99,82,17
04/13/2018 05:00:00 PM,149,129,20
04/13/2018 06:00:00 PM,80,73,7
04/13/2018 07:00:00 PM,32,29,3
04/13/2018 08:00:00 PM,17,15,2
04/13/2018 09:00:00 PM,12,10,2
04/13/2018 10:00:00 PM,15,13,2
04/13/2018 11:00:00 PM,4,4,0
04/14/2018 12:00:00 AM,2,2,0
04/14/2018 01:00:00 AM,0,0,0
04/14/2018 02:00:00 AM,2,1,1
04/14/2018 03:00:00 AM,0,0,0
04/14/2018 04:00:00 AM,1,0,1
04/14/2018 05:00:00 AM,1,0,1
04/14/2018 06:00:00 AM,4,1,3
04/14/2018 07:00:00 AM,10,5,5
04/14/2018 08:00:00 AM,9,6,3
04/14/2018 09:00:00 AM,24,9,15
04/14/2018 10:00:00 AM,20,9,11
04/14/2018 11:00:00 AM,28,9,19
04/14/2018 12:00:00 PM,16,9,7
04/14/2018 01:00:00 PM,22,14,8
04/14/2018 02:00:00 PM,15,6,9
04/14/2018 03:00:00 PM,10,4,6
04/14/2018 04:00:00 PM,15,7,8
04/14/2018 05:00:00 PM,10,4,6
04/14/2018 06:00:00 PM,8,6,2
04/14/2018 07:00:00 PM,8,5,3
04/14/2018 08:00:00 PM,3,2,1
04/14/2018 09:00:00 PM,2,1,1
04/14/2018 10:00:00 PM,2,1,1
04/14/2018 11:00:00 PM,5,4,1
04/15/2018 12:00:00 AM,2,1,1
04/15/2018 01:00:00 AM,1,0,1
04/15/2018 02:00:00 AM,1,1,0
04/15/2018 03:00:00 AM,1,1,0
04/15/2018 04:00:00 AM,3,0,3
04/15/2018 05:00:00 AM,2,0,2
04/15/2018 06:00:00 AM,6,1,5
04/15/2018 07:00:00 AM,3,0,3
04/15/2018 08:00:00 AM,16,8,8
04/15/2018 09:00:00 AM,32,12,20
04/15/2018 10:00:00 AM,37,16,21
04/15/2018 11:00:00 AM,53,27,26
04/15/2018 12:00:00 PM,58,33,25
04/15/2018 01:00:00 PM,57,35,22
04/15/2018 02:00:00 PM,45,24,21
04/15/2018 03:00:00 PM,56,36,20
04/15/2018 04:00:00 PM,52,27,25
04/15/2018 05:00:00 PM,21,10,11
04/15/2018 06:00:00 PM,15,5,10
04/15/2018 07:00:00 PM,22,8,14
04/15/2018 08:00:00 PM,10,6,4
04/15/2018 09:00:00 PM,4,3,1
04/15/2018 10:00:00 PM,5,3,2
04/15/2018 11:00:00 PM,3,2,1
04/16/2018 12:00:00 AM,1,0,1
04/16/2018 01:00:00 AM,0,0,0
04/16/2018 02:00:00 AM,0,0,0
04/16/2018 03:00:00 AM,1,1,0
04/16/2018 04:00:00 AM,6,3,3
04/16/2018 05:00:00 AM,14,2,12
04/16/2018 06:00:00 AM,57,6,51
04/16/2018 07:00:00 AM,138,10,128
04/16/2018 08:00:00 AM,222,17,205
04/16/2018 09:00:00 AM,126,19,107
04/16/2018 10:00:00 AM,43,7,36
04/16/2018 11:00:00 AM,23,9,14
04/16/2018 12:00:00 PM,19,10,9
04/16/2018 01:00:00 PM,23,13,10
04/16/2018 02:00:00 PM,23,10,13
04/16/2018 03:00:00 PM,54,44,10
04/16/2018 04:00:00 PM,123,109,14
04/16/2018 05:00:00 PM,252,228,24
04/16/2018 06:00:00 PM,157,139,18
04/16/2018 07:00:00 PM,57,46,11
04/16/2018 08:00:00 PM,26,22,4
04/16/2018 09:00:00 PM,22,15,7
04/16/2018 10:00:00 PM,10,6,4
04/16/2018 11:00:00 PM,5,4,1
04/17/2018 12:00:00 AM,1,1,0
04/17/2018 01:00:00 AM,1,1,0
04/17/2018 02:00:00 AM,2,2,0
04/17/2018 03:00:00 AM,0,0,0
04/17/2018 04:00:00 AM,7,2,5
04/17/2018 05:00:00 AM,20,4,16
04/17/2018 06:00:00 AM,73,13,60
04/17/2018 07:00:00 AM,223,22,201
04/17/2018 08:00:00 AM,311,24,287
04/17/2018 09:00:00 AM,182,26,156
04/17/2018 10:00:00 AM,64,13,51
04/17/2018 11:00:00 AM,52,25,27
04/17/2018 12:00:00 PM,35,14,21
04/17/2018 01:00:00 PM,56,26,30
04/17/2018 02:00:00 PM,54,29,25
04/17/2018 03:00:00 PM,87,61,26
04/17/2018 04:00:00 PM,184,156,28
04/17/2018 05:00:00 PM,342,300,42
04/17/2018 06:00:00 PM,257,210,47
04/17/2018 07:00:00 PM,114,89,25
04/17/2018 08:00:00 PM,65,40,25
04/17/2018 09:00:00 PM,40,33,7
04/17/2018 10:00:00 PM,27,19,8
04/17/2018 11:00:00 PM,14,11,3
04/18/2018 12:00:00 AM,0,0,0
04/18/2018 01:00:00 AM,0,0,0
04/18/2018 02:00:00 AM,2,2,0
04/18/2018 03:00:00 AM,2,1,1
04/18/2018 04:00:00 AM,10,5,5
04/18/2018 05:00:00 AM,17,4,13
04/18/2018 06:00:00 AM,70,15,55
04/18/2018 07:00:00 AM,203,22,181
04/18/2018 08:00:00 AM,356,37,319
04/18/2018 09:00:00 AM,185,33,152
04/18/2018 10:00:00 AM,74,26,48
04/18/2018 11:00:00 AM,45,13,32
04/18/2018 12:00:00 PM,41,25,16
04/18/2018 01:00:00 PM,41,22,19
04/18/2018 02:00:00 PM,50,29,21
04/18/2018 03:00:00 PM,104,78,26
04/18/2018 04:00:00 PM,188,167,21
04/18/2018 05:00:00 PM,386,331,55
04/18/2018 06:00:00 PM,255,204,51
04/18/2018 07:00:00 PM,126,88,38
04/18/2018 08:00:00 PM,75,52,23
04/18/2018 09:00:00 PM,40,27,13
04/18/2018 10:00:00 PM,20,15,5
04/18/2018 11:00:00 PM,14,11,3
04/19/2018 12:00:00 AM,2,1,1
04/19/2018 01:00:00 AM,2,1,1
04/19/2018 02:00:00 AM,4,3,1
04/19/2018 03:00:00 AM,3,1,2
04/19/2018 04:00:00 AM,5,3,2
04/19/2018 05:00:00 AM,26,7,19
04/19/2018 06:00:00 AM,76,20,56
04/19/2018 07:00:00 AM,215,18,197
04/19/2018 08:00:00 AM,343,34,309
04/19/2018 09:00:00 AM,223,25,198
04/19/2018 10:00:00 AM,96,28,68
04/19/2018 11:00:00 AM,84,36,48
04/19/2018 12:00:00 PM,70,32,38
04/19/2018 01:00:00 PM,63,35,28
04/19/2018 02:00:00 PM,73,37,36
04/19/2018 03:00:00 PM,113,78,35
04/19/2018 04:00:00 PM,235,194,41
04/19/2018 05:00:00 PM,432,371,61
04/19/2018 06:00:00 PM,289,238,51
04/19/2018 07:00:00 PM,170,128,42
04/19/2018 08:00:00 PM,76,59,17
04/19/2018 09:00:00 PM,34,30,4
04/19/2018 10:00:00 PM,20,13,7
04/19/2018 11:00:00 PM,11,3,8
04/20/2018 12:00:00 AM,5,4,1
04/20/2018 01:00:00 AM,3,0,3
04/20/2018 02:00:00 AM,0,0,0
04/20/2018 03:00:00 AM,2,1,1
04/20/2018 04:00:00 AM,4,2,2
04/20/2018 05:00:00 AM,15,4,11
04/20/2018 06:00:00 AM,71,16,55
04/20/2018 07:00:00 AM,173,27,146
04/20/2018 08:00:00 AM,315,28,287
04/20/2018 09:00:00 AM,172,27,145
04/20/2018 10:00:00 AM,75,22,53
04/20/2018 11:00:00 AM,57,22,35
04/20/2018 12:00:00 PM,68,31,37
04/20/2018 01:00:00 PM,65,37,28
04/20/2018 02:00:00 PM,71,40,31
04/20/2018 03:00:00 PM,120,84,36
04/20/2018 04:00:00 PM,235,191,44
04/20/2018 05:00:00 PM,315,275,40
04/20/2018 06:00:00 PM,197,171,26
04/20/2018 07:00:00 PM,78,57,21
04/20/2018 08:00:00 PM,46,35,11
04/20/2018 09:00:00 PM,44,29,15
04/20/2018 10:00:00 PM,26,17,9
04/20/2018 11:00:00 PM,19,9,10
04/21/2018 12:00:00 AM,13,8,5
04/21/2018 01:00:00 AM,7,4,3
04/21/2018 02:00:00 AM,1,0,1
04/21/2018 03:00:00 AM,2,1,1
04/21/2018 04:00:00 AM,3,0,3
04/21/2018 05:00:00 AM,1,0,1
04/21/2018 06:00:00 AM,5,3,2
04/21/2018 07:00:00 AM,25,14,11
04/21/2018 08:00:00 AM,39,21,18
04/21/2018 09:00:00 AM,39,24,15
04/21/2018 10:00:00 AM,59,35,24
04/21/2018 11:00:00 AM,104,52,52
04/21/2018 12:00:00 PM,121,70,51
04/21/2018 01:00:00 PM,100,47,53
04/21/2018 02:00:00 PM,101,51,50
04/21/2018 03:00:00 PM,59,28,31
04/21/2018 04:00:00 PM,74,27,47
04/21/2018 05:00:00 PM,62,44,18
04/21/2018 06:00:00 PM,45,23,22
04/21/2018 07:00:00 PM,45,25,20
04/21/2018 08:00:00 PM,30,13,17
04/21/2018 09:00:00 PM,14,9,5
04/21/2018 10:00:00 PM,20,12,8
04/21/2018 11:00:00 PM,8,7,1
04/22/2018 12:00:00 AM,11,9,2
04/22/2018 01:00:00 AM,4,1,3
04/22/2018 02:00:00 AM,3,3,0
04/22/2018 03:00:00 AM,0,0,0
04/22/2018 04:00:00 AM,1,0,1
04/22/2018 05:00:00 AM,3,1,2
04/22/2018 06:00:00 AM,7,3,4
04/22/2018 07:00:00 AM,15,12,3
04/22/2018 08:00:00 AM,28,16,12
04/22/2018 09:00:00 AM,45,23,22
04/22/2018 10:00:00 AM,63,34,29
04/22/2018 11:00:00 AM,67,36,31
04/22/2018 12:00:00 PM,111,58,53
04/22/2018 01:00:00 PM,141,77,64
04/22/2018 02:00:00 PM,135,75,60
04/22/2018 03:00:00 PM,121,64,57
04/22/2018 04:00:00 PM,151,82,69
04/22/2018 05:00:00 PM,123,73,50
04/22/2018 06:00:00 PM,85,45,40
04/22/2018 07:00:00 PM,49,26,23
04/22/2018 08:00:00 PM,40,19,21
04/22/2018 09:00:00 PM,15,6,9
04/22/2018 10:00:00 PM,11,8,3
04/22/2018 11:00:00 PM,7,6,1
04/23/2018 12:00:00 AM,7,3,4
04/23/2018 01:00:00 AM,2,1,1
04/23/2018 02:00:00 AM,1,0,1
04/23/2018 03:00:00 AM,1,0,1
04/23/2018 04:00:00 AM,7,1,6
04/23/2018 05:00:00 AM,15,5,10
04/23/2018 06:00:00 AM,95,16,79
04/23/2018 07:00:00 AM,249,21,228
04/23/2018 08:00:00 AM,399,42,357
04/23/2018 09:00:00 AM,220,28,192
04/23/2018 10:00:00 AM,90,25,65
04/23/2018 11:00:00 AM,68,22,46
04/23/2018 12:00:00 PM,76,38,38
04/23/2018 01:00:00 PM,76,42,34
04/23/2018 02:00:00 PM,71,37,34
04/23/2018 03:00:00 PM,114,74,40
04/23/2018 04:00:00 PM,298,244,54
04/23/2018 05:00:00 PM,508,451,57
04/23/2018 06:00:00 PM,346,279,67
04/23/2018 07:00:00 PM,161,115,46
04/23/2018 08:00:00 PM,81,50,31
04/23/2018 09:00:00 PM,53,38,15
04/23/2018 10:00:00 PM,16,11,5
04/23/2018 11:00:00 PM,10,8,2
04/24/2018 12:00:00 AM,2,1,1
04/24/2018 01:00:00 AM,1,0,1
04/24/2018 02:00:00 AM,1,0,1
04/24/2018 03:00:00 AM,0,0,0
04/24/2018 04:00:00 AM,10,2,8
04/24/2018 05:00:00 AM,20,3,17
04/24/2018 06:00:00 AM,120,24,96
04/24/2018 07:00:00 AM,312,30,282
04/24/2018 08:00:00 AM,456,48,408
04/24/2018 09:00:00 AM,251,31,220
04/24/2018 10:00:00 AM,101,28,73
04/24/2018 11:00:00 AM,71,32,39
04/24/2018 12:00:00 PM,66,34,32
04/24/2018 01:00:00 PM,68,44,24
04/24/2018 02:00:00 PM,80,43,37
04/24/2018 03:00:00 PM,135,100,35
04/24/2018 04:00:00 PM,294,248,46
04/24/2018 05:00:00 PM,561,474,87
04/24/2018 06:00:00 PM,376,317,59
04/24/2018 07:00:00 PM,187,137,50
04/24/2018 08:00:00 PM,103,53,50
04/24/2018 09:00:00 PM,48,29,19
04/24/2018 10:00:00 PM,35,21,14
04/24/2018 11:00:00 PM,15,8,7
04/25/2018 12:00:00 AM,2,2,0
04/25/2018 01:00:00 AM,1,1,0
04/25/2018 02:00:00 AM,2,0,2
04/25/2018 03:00:00 AM,2,2,0
04/25/2018 04:00:00 AM,6,3,3
04/25/2018 05:00:00 AM,26,7,19
04/25/2018 06:00:00 AM,101,21,80
04/25/2018 07:00:00 AM,311,34,277
04/25/2018 08:00:00 AM,454,43,411
04/25/2018 09:00:00 AM,259,37,222
04/25/2018 10:00:00 AM,99,35,64
04/25/2018 11:00:00 AM,71,26,45
04/25/2018 12:00:00 PM,71,36,35
04/25/2018 01:00:00 PM,79,40,39
04/25/2018 02:00:00 PM,89,60,29
04/25/2018 03:00:00 PM,115,86,29
04/25/2018 04:00:00 PM,304,266,38
04/25/2018 05:00:00 PM,552,477,75
04/25/2018 06:00:00 PM,361,298,63
04/25/2018 07:00:00 PM,182,127,55
04/25/2018 08:00:00 PM,115,68,47
04/25/2018 09:00:00 PM,69,43,26
04/25/2018 10:00:00 PM,32,16,16
04/25/2018 11:00:00 PM,10,8,2
04/26/2018 12:00:00 AM,5,1,4
04/26/2018 01:00:00 AM,2,1,1
04/26/2018 02:00:00 AM,0,0,0
04/26/2018 03:00:00 AM,1,1,0
04/26/2018 04:00:00 AM,5,3,2
04/26/2018 05:00:00 AM,22,5,17
04/26/2018 06:00:00 AM,107,23,84
04/26/2018 07:00:00 AM,281,34,247
04/26/2018 08:00:00 AM,448,38,410
04/26/2018 09:00:00 AM,257,38,219
04/26/2018 10:00:00 AM,117,39,78
04/26/2018 11:00:00 AM,86,40,46
04/26/2018 12:00:00 PM,94,48,46
04/26/2018 01:00:00 PM,75,35,40
04/26/2018 02:00:00 PM,92,55,37
04/26/2018 03:00:00 PM,154,107,47
04/26/2018 04:00:00 PM,312,245,67
04/26/2018 05:00:00 PM,528,449,79
04/26/2018 06:00:00 PM,411,318,93
04/26/2018 07:00:00 PM,195,131,64
04/26/2018 08:00:00 PM,132,68,64
04/26/2018 09:00:00 PM,80,53,27
04/26/2018 10:00:00 PM,29,18,11
04/26/2018 11:00:00 PM,13,8,5
04/27/2018 12:00:00 AM,8,5,3
04/27/2018 01:00:00 AM,3,1,2
04/27/2018 02:00:00 AM,1,0,1
04/27/2018 03:00:00 AM,0,0,0
04/27/2018 04:00:00 AM,6,4,2
04/27/2018 05:00:00 AM,15,3,12
04/27/2018 06:00:00 AM,75,17,58
04/27/2018 07:00:00 AM,163,21,142
04/27/2018 08:00:00 AM,341,36,305
04/27/2018 09:00:00 AM,172,24,148
04/27/2018 10:00:00 AM,71,19,52
04/27/2018 11:00:00 AM,75,35,40
04/27/2018 12:00:00 PM,55,31,24
04/27/2018 01:00:00 PM,51,29,22
04/27/2018 02:00:00 PM,56,36,20
04/27/2018 03:00:00 PM,116,89,27
04/27/2018 04:00:00 PM,200,168,32
04/27/2018 05:00:00 PM,345,302,43
04/27/2018 06:00:00 PM,233,195,38
04/27/2018 07:00:00 PM,75,61,14
04/27/2018 08:00:00 PM,48,22,26
04/27/2018 09:00:00 PM,28,19,9
04/27/2018 10:00:00 PM,19,12,7
04/27/2018 11:00:00 PM,11,10,1
04/28/2018 12:00:00 AM,8,6,2
04/28/2018 01:00:00 AM,5,2,3
04/28/2018 02:00:00 AM,4,2,2
04/28/2018 03:00:00 AM,0,0,0
04/28/2018 04:00:00 AM,0,0,0
04/28/2018 05:00:00 AM,2,1,1
04/28/2018 06:00:00 AM,7,4,3
04/28/2018 07:00:00 AM,11,7,4
04/28/2018 08:00:00 AM,10,3,7
04/28/2018 09:00:00 AM,4,1,3
04/28/2018 10:00:00 AM,7,3,4
04/28/2018 11:00:00 AM,22,8,14
04/28/2018 12:00:00 PM,24,11,13
04/28/2018 01:00:00 PM,37,14,23
04/28/2018 02:00:00 PM,41,23,18
04/28/2018 03:00:00 PM,46,25,21
04/28/2018 04:00:00 PM,33,21,12
04/28/2018 05:00:00 PM,45,20,25
04/28/2018 06:00:00 PM,31,19,12
04/28/2018 07:00:00 PM,15,9,6
04/28/2018 08:00:00 PM,15,10,5
04/28/2018 09:00:00 PM,8,7,1
04/28/2018 10:00:00 PM,14,9,5
04/28/2018 11:00:00 PM,7,5,2
04/29/2018 12:00:00 AM,5,3,2
04/29/2018 01:00:00 AM,2,2,0
04/29/2018 02:00:00 AM,3,1,2
04/29/2018 03:00:00 AM,2,1,1
04/29/2018 04:00:00 AM,1,0,1
04/29/2018 05:00:00 AM,1,0,1
04/29/2018 06:00:00 AM,10,4,6
04/29/2018 07:00:00 AM,15,7,8
04/29/2018 08:00:00 AM,23,13,10
04/29/2018 09:00:00 AM,35,13,22
04/29/2018 10:00:00 AM,46,27,19
04/29/2018 11:00:00 AM,65,34,31
04/29/2018 12:00:00 PM,97,59,38
04/29/2018 01:00:00 PM,101,61,40
04/29/2018 02:00:00 PM,71,35,36
04/29/2018 03:00:00 PM,99,45,54
04/29/2018 04:00:00 PM,73,40,33
04/29/2018 05:00:00 PM,62,31,31
04/29/2018 06:00:00 PM,51,26,25
04/29/2018 07:00:00 PM,37,20,17
04/29/2018 08:00:00 PM,34,13,21
04/29/2018 09:00:00 PM,17,10,7
04/29/2018 10:00:00 PM,10,7,3
04/29/2018 11:00:00 PM,9,5,4
04/30/2018 12:00:00 AM,2,2,0
04/30/2018 01:00:00 AM,1,1,0
04/30/2018 02:00:00 AM,3,1,2
04/30/2018 03:00:00 AM,2,1,1
04/30/2018 04:00:00 AM,7,5,2
04/30/2018 05:00:00 AM,17,5,12
04/30/2018 06:00:00 AM,74,14,60
04/30/2018 07:00:00 AM,196,15,181
04/30/2018 08:00:00 AM,361,37,324
04/30/2018 09:00:00 AM,180,26,154
04/30/2018 10:00:00 AM,82,18,64
04/30/2018 11:00:00 AM,53,21,32
04/30/2018 12:00:00 PM,41,19,22
04/30/2018 01:00:00 PM,40,20,20
04/30/2018 02:00:00 PM,53,34,19
04/30/2018 03:00:00 PM,83,53,30
04/30/2018 04:00:00 PM,186,153,33
04/30/2018 05:00:00 PM,417,380,37
04/30/2018 06:00:00 PM,261,212,49
04/30/2018 07:00:00 PM,116,93,23
04/30/2018 08:00:00 PM,58,39,19
04/30/2018 09:00:00 PM,33,20,13
04/30/2018 10:00:00 PM,17,14,3
04/30/2018 11:00:00 PM,8,6,2
05/01/2018 12:00:00 AM,5,5,0
05/01/2018 01:00:00 AM,3,1,2
05/01/2018 02:00:00 AM,0,0,0
05/01/2018 03:00:00 AM,3,1,2
05/01/2018 04:00:00 AM,5,2,3
05/01/2018 05:00:00 AM,27,8,19
05/01/2018 06:00:00 AM,108,23,85
05/01/2018 07:00:00 AM,263,22,241
05/01/2018 08:00:00 AM,422,37,385
05/01/2018 09:00:00 AM,245,21,224
05/01/2018 10:00:00 AM,120,32,88
05/01/2018 11:00:00 AM,60,27,33
05/01/2018 12:00:00 PM,59,30,29
05/01/2018 01:00:00 PM,67,40,27
05/01/2018 02:00:00 PM,91,52,39
05/01/2018 03:00:00 PM,132,97,35
05/01/2018 04:00:00 PM,251,213,38
05/01/2018 05:00:00 PM,540,479,61
05/01/2018 06:00:00 PM,328,267,61
05/01/2018 07:00:00 PM,173,130,43
05/01/2018 08:00:00 PM,99,50,49
05/01/2018 09:00:00 PM,40,32,8
05/01/2018 10:00:00 PM,36,26,10
05/01/2018 11:00:00 PM,19,11,8
05/02/2018 12:00:00 AM,1,1,0
05/02/2018 01:00:00 AM,0,0,0
05/02/2018 02:00:00 AM,0,0,0
05/02/2018 03:00:00 AM,0,0,0
05/02/2018 04:00:00 AM,5,3,2
05/02/2018 05:00:00 AM,28,7,21
05/02/2018 06:00:00 AM,106,18,88
05/02/2018 07:00:00 AM,318,23,295
05/02/2018 08:00:00 AM,487,40,447
05/02/2018 09:00:00 AM,236,37,199
05/02/2018 10:00:00 AM,109,31,78
05/02/2018 11:00:00 AM,64,31,33
05/02/2018 12:00:00 PM,61,38,23
05/02/2018 01:00:00 PM,97,50,47
05/02/2018 02:00:00 PM,81,47,34
05/02/2018 03:00:00 PM,123,95,28
05/02/2018 04:00:00 PM,321,269,52
05/02/2018 05:00:00 PM,579,499,80
05/02/2018 06:00:00 PM,368,306,62
05/02/2018 07:00:00 PM,209,150,59
05/02/2018 08:00:00 PM,94,62,32
05/02/2018 09:00:00 PM,47,27,20
05/02/2018 10:00:00 PM,34,23,11
05/02/2018 11:00:00 PM,16,13,3
05/03/2018 12:00:00 AM,7,1,6
05/03/2018 01:00:00 AM,5,4,1
05/03/2018 02:00:00 AM,0,0,0
05/03/2018 03:00:00 AM,1,0,1
05/03/2018 04:00:00 AM,7,4,3
05/03/2018 05:00:00 AM,29,9,20
05/03/2018 06:00:00 AM,90,15,75
05/03/2018 07:00:00 AM,283,30,253
05/03/2018 08:00:00 AM,455,42,413
05/03/2018 09:00:00 AM,245,31,214
05/03/2018 10:00:00 AM,102,27,75
05/03/2018 11:00:00 AM,54,27,27
05/03/2018 12:00:00 PM,64,30,34
05/03/2018 01:00:00 PM,69,37,32
05/03/2018 02:00:00 PM,86,59,27
05/03/2018 03:00:00 PM,155,107,48
05/03/2018 04:00:00 PM,323,266,57
05/03/2018 05:00:00 PM,553,464,89
05/03/2018 06:00:00 PM,338,267,71
05/03/2018 07:00:00 PM,172,127,45
05/03/2018 08:00:00 PM,91,55,36
05/03/2018 09:00:00 PM,52,36,16
05/03/2018 10:00:00 PM,32,23,9
05/03/2018 11:00:00 PM,21,12,9
05/04/2018 12:00:00 AM,11,9,2
05/04/2018 01:00:00 AM,5,5,0
05/04/2018 02:00:00 AM,2,1,1
05/04/2018 03:00:00 AM,2,1,1
05/04/2018 04:00:00 AM,7,5,2
05/04/2018 05:00:00 AM,25,8,17
05/04/2018 06:00:00 AM,77,19,58
05/04/2018 07:00:00 AM,241,27,214
05/04/2018 08:00:00 AM,360,44,316
05/04/2018 09:00:00 AM,207,34,173
05/04/2018 10:00:00 AM,93,23,70
05/04/2018 11:00:00 AM,72,24,48
05/04/2018 12:00:00 PM,63,36,27
05/04/2018 01:00:00 PM,91,47,44
05/04/2018 02:00:00 PM,81,56,25
05/04/2018 03:00:00 PM,130,84,46
05/04/2018 04:00:00 PM,258,227,31
05/04/2018 05:00:00 PM,406,344,62
05/04/2018 06:00:00 PM,236,189,47
05/04/2018 07:00:00 PM,141,97,44
05/04/2018 08:00:00 PM,61,31,30
05/04/2018 09:00:00 PM,48,29,19
05/04/2018 10:00:00 PM,29,19,10
05/04/2018 11:00:00 PM,23,14,9
05/05/2018 12:00:00 AM,12,4,8
05/05/2018 01:00:00 AM,5,5,0
05/05/2018 02:00:00 AM,2,1,1
05/05/2018 03:00:00 AM,1,0,1
05/05/2018 04:00:00 AM,3,1,2
05/05/2018 05:00:00 AM,6,3,3
05/05/2018 06:00:00 AM,12,6,6
05/05/2018 07:00:00 AM,30,16,14
05/05/2018 08:00:00 AM,54,22,32
05/05/2018 09:00:00 AM,82,42,40
05/05/2018 10:00:00 AM,98,51,47
05/05/2018 11:00:00 AM,133,73,60
05/05/2018 12:00:00 PM,160,72,88
05/05/2018 01:00:00 PM,164,69,95
05/05/2018 02:00:00 PM,151,83,68
05/05/2018 03:00:00 PM,181,104,77
05/05/2018 04:00:00 PM,111,65,46
05/05/2018 05:00:00 PM,103,46,57
05/05/2018 06:00:00 PM,83,41,42
05/05/2018 07:00:00 PM,70,32,38
05/05/2018 08:00:00 PM,24,12,12
05/05/2018 09:00:00 PM,23,17,6
05/05/2018 10:00:00 PM,18,11,7
05/05/2018 11:00:00 PM,14,11,3
05/06/2018 12:00:00 AM,5,2,3
05/06/2018 01:00:00 AM,6,4,2
05/06/2018 02:00:00 AM,4,1,3
05/06/2018 03:00:00 AM,0,0,0
05/06/2018 04:00:00 AM,3,0,3
05/06/2018 05:00:00 AM,5,2,3
05/06/2018 06:00:00 AM,8,3,5
05/06/2018 07:00:00 AM,21,6,15
05/06/2018 08:00:00 AM,32,17,15
05/06/2018 09:00:00 AM,55,30,25
05/06/2018 10:00:00 AM,86,59,27
05/06/2018 11:00:00 AM,119,64,55
05/06/2018 12:00:00 PM,132,67,65
05/06/2018 01:00:00 PM,160,90,70
05/06/2018 02:00:00 PM,205,116,89
05/06/2018 03:00:00 PM,147,67,80
05/06/2018 04:00:00 PM,168,90,78
05/06/2018 05:00:00 PM,139,68,71
05/06/2018 06:00:00 PM,82,30,52
05/06/2018 07:00:00 PM,57,24,33
05/06/2018 08:00:00 PM,34,14,20
05/06/2018 09:00:00 PM,20,15,5
05/06/2018 10:00:00 PM,14,11,3
05/06/2018 11:00:00 PM,7,5,2
05/07/2018 12:00:00 AM,4,2,2
05/07/2018 01:00:00 AM,1,1,0
05/07/2018 02:00:00 AM,2,0,2
05/07/2018 03:00:00 AM,1,1,0
05/07/2018 04:00:00 AM,7,4,3
05/07/2018 05:00:00 AM,27,6,21
05/07/2018 06:00:00 AM,109,28,81
05/07/2018 07:00:00 AM,302,26,276
05/07/2018 08:00:00 AM,487,45,442
05/07/2018 09:00:00 AM,227,31,196
05/07/2018 10:00:00 AM,84,19,65
05/07/2018 11:00:00 AM,62,19,43
05/07/2018 12:00:00 PM,57,29,28
05/07/2018 01:00:00 PM,53,31,22
05/07/2018 02:00:00 PM,70,46,24
05/07/2018 03:00:00 PM,125,77,48
05/07/2018 04:00:00 PM,307,257,50
05/07/2018 05:00:00 PM,540,477,63
05/07/2018 06:00:00 PM,373,325,48
05/07/2018 07:00:00 PM,171,111,60
05/07/2018 08:00:00 PM,95,58,37
05/07/2018 09:00:00 PM,54,32,22
05/07/2018 10:00:00 PM,20,18,2
05/07/2018 11:00:00 PM,16,10,6
05/08/2018 12:00:00 AM,5,4,1
05/08/2018 01:00:00 AM,1,1,0
05/08/2018 02:00:00 AM,1,1,0
05/08/2018 03:00:00 AM,1,0,1
05/08/2018 04:00:00 AM,7,4,3
05/08/2018 05:00:00 AM,24,3,21
05/08/2018 06:00:00 AM,117,30,87
05/08/2018 07:00:00 AM,367,39,328
05/08/2018 08:00:00 AM,492,38,454
05/08/2018 09:00:00 AM,260,42,218
05/08/2018 10:00:00 AM,104,28,76
05/08/2018 11:00:00 AM,83,31,52
05/08/2018 12:00:00 PM,80,37,43
05/08/2018 01:00:00 PM,67,26,41
05/08/2018 02:00:00 PM,85,58,27
05/08/2018 03:00:00 PM,142,105,37
05/08/2018 04:00:00 PM,316,252,64
05/08/2018 05:00:00 PM,540,476,64
05/08/2018 06:00:00 PM,308,261,47
05/08/2018 07:00:00 PM,157,117,40
05/08/2018 08:00:00 PM,84,61,23
05/08/2018 09:00:00 PM,41,28,13
05/08/2018 10:00:00 PM,36,25,11
05/08/2018 11:00:00 PM,10,6,4
05/09/2018 12:00:00 AM,8,5,3
05/09/2018 01:00:00 AM,2,2,0
05/09/2018 02:00:00 AM,2,2,0
05/09/2018 03:00:00 AM,2,0,2
05/09/2018 04:00:00 AM,7,4,3
05/09/2018 05:00:00 AM,23,6,17
05/09/2018 06:00:00 AM,116,18,98
05/09/2018 07:00:00 AM,286,37,249
05/09/2018 08:00:00 AM,439,49,390
05/09/2018 09:00:00 AM,234,40,194
05/09/2018 10:00:00 AM,108,25,83
05/09/2018 11:00:00 AM,57,29,28
05/09/2018 12:00:00 PM,45,23,22
05/09/2018 01:00:00 PM,45,25,20
05/09/2018 02:00:00 PM,75,46,29
05/09/2018 03:00:00 PM,111,84,27
05/09/2018 04:00:00 PM,286,248,38
05/09/2018 05:00:00 PM,469,401,68
05/09/2018 06:00:00 PM,319,271,48
05/09/2018 07:00:00 PM,191,131,60
05/09/2018 08:00:00 PM,118,70,48
05/09/2018 09:00:00 PM,63,36,27
05/09/2018 10:00:00 PM,29,16,13
05/09/2018 11:00:00 PM,20,13,7
05/10/2018 12:00:00 AM,9,6,3
05/10/2018 01:00:00 AM,3,2,1
05/10/2018 02:00:00 AM,4,3,1
05/10/2018 03:00:00 AM,2,0,2
05/10/2018 04:00:00 AM,4,1,3
05/10/2018 05:00:00 AM,28,10,18
05/10/2018 06:00:00 AM,73,16,57
05/10/2018 07:00:00 AM,217,18,199
05/10/2018 08:00:00 AM,363,32,331
05/10/2018 09:00:00 AM,169,26,143
05/10/2018 10:00:00 AM,78,19,59
05/10/2018 11:00:00 AM,48,18,30
05/10/2018 12:00:00 PM,47,18,29
05/10/2018 01:00:00 PM,49,19,30
05/10/2018 02:00:00 PM,55,36,19
05/10/2018 03:00:00 PM,88,59,29
05/10/2018 04:00:00 PM,198,156,42
05/10/2018 05:00:00 PM,372,330,42
05/10/2018 06:00:00 PM,274,229,45
05/10/2018 07:00:00 PM,105,71,34
05/10/2018 08:00:00 PM,77,47,30
05/10/2018 09:00:00 PM,40,23,17
05/10/2018 10:00:00 PM,20,20,0
05/10/2018 11:00:00 PM,11,5,6
05/11/2018 12:00:00 AM,9,7,2
05/11/2018 01:00:00 AM,1,0,1
05/11/2018 02:00:00 AM,5,4,1
05/11/2018 03:00:00 AM,3,2,1
05/11/2018 04:00:00 AM,9,6,3
05/11/2018 05:00:00 AM,30,10,20
05/11/2018 06:00:00 AM,93,23,70
05/11/2018 07:00:00 AM,241,27,214
05/11/2018 08:00:00 AM,361,37,324
05/11/2018 09:00:00 AM,205,32,173
05/11/2018 10:00:00 AM,80,24,56
05/11/2018 11:00:00 AM,67,24,43
05/11/2018 12:00:00 PM,70,38,32
05/11/2018 01:00:00 PM,72,36,36
05/11/2018 02:00:00 PM,101,67,34
05/11/2018 03:00:00 PM,135,92,43
05/11/2018 04:00:00 PM,330,285,45
05/11/2018 05:00:00 PM,428,360,68
05/11/2018 06:00:00 PM,236,181,55
05/11/2018 07:00:00 PM,128,85,43
05/11/2018 08:00:00 PM,95,56,39
05/11/2018 09:00:00 PM,51,32,19
05/11/2018 10:00:00 PM,35,16,19
05/11/2018 11:00:00 PM,21,11,10
05/12/2018 12:00:00 AM,18,13,5
05/12/2018 01:00:00 AM,8,5,3
05/12/2018 02:00:00 AM,1,1,0
05/12/2018 03:00:00 AM,2,1,1
05/12/2018 04:00:00 AM,3,2,1
05/12/2018 05:00:00 AM,8,6,2
05/12/2018 06:00:00 AM,19,9,10
05/12/2018 07:00:00 AM,32,18,14
05/12/2018 08:00:00 AM,41,22,19
05/12/2018 09:00:00 AM,97,54,43
05/12/2018 10:00:00 AM,110,52,58
05/12/2018 11:00:00 AM,133,64,69
05/12/2018 12:00:00 PM,146,81,65
05/12/2018 01:00:00 PM,210,120,90
05/12/2018 02:00:00 PM,196,114,82
05/12/2018 03:00:00 PM,161,75,86
05/12/2018 04:00:00 PM,201,96,105
05/12/2018 05:00:00 PM,137,75,62
05/12/2018 06:00:00 PM,118,49,69
05/12/2018 07:00:00 PM,80,36,44
05/12/2018 08:00:00 PM,75,31,44
05/12/2018 09:00:00 PM,53,32,21
05/12/2018 10:00:00 PM,34,14,20
05/12/2018 11:00:00 PM,21,11,10
05/13/2018 12:00:00 AM,13,6,7
05/13/2018 01:00:00 AM,8,4,4
05/13/2018 02:00:00 AM,1,1,0
05/13/2018 03:00:00 AM,3,2,1
05/13/2018 04:00:00 AM,4,2,2
05/13/2018 05:00:00 AM,6,3,3
05/13/2018 06:00:00 AM,16,5,11
05/13/2018 07:00:00 AM,31,14,17
05/13/2018 08:00:00 AM,40,21,19
05/13/2018 09:00:00 AM,76,43,33
05/13/2018 10:00:00 AM,83,54,29
05/13/2018 11:00:00 AM,102,48,54
05/13/2018 12:00:00 PM,162,91,71
05/13/2018 01:00:00 PM,163,87,76
05/13/2018 02:00:00 PM,164,91,73
05/13/2018 03:00:00 PM,163,91,72
05/13/2018 04:00:00 PM,180,95,85
05/13/2018 05:00:00 PM,136,55,81
05/13/2018 06:00:00 PM,107,56,51
05/13/2018 07:00:00 PM,77,49,28
05/13/2018 08:00:00 PM,69,25,44
05/13/2018 09:00:00 PM,31,13,18
05/13/2018 10:00:00 PM,22,13,9
05/13/2018 11:00:00 PM,17,10,7
05/14/2018 12:00:00 AM,1,1,0
05/14/2018 01:00:00 AM,0,0,0
05/14/2018 02:00:00 AM,2,0,2
05/14/2018 03:00:00 AM,1,0,1
05/14/2018 04:00:00 AM,9,4,5
05/14/2018 05:00:00 AM,34,9,25
05/14/2018 06:00:00 AM,114,19,95
05/14/2018 07:00:00 AM,329,21,308
05/14/2018 08:00:00 AM,516,50,466
05/14/2018 09:00:00 AM,289,45,244
05/14/2018 10:00:00 AM,113,31,82
05/14/2018 11:00:00 AM,76,40,36
05/14/2018 12:00:00 PM,62,24,38
05/14/2018 01:00:00 PM,78,47,31
05/14/2018 02:00:00 PM,86,55,31
05/14/2018 03:00:00 PM,146,99,47
05/14/2018 04:00:00 PM,325,278,47
05/14/2018 05:00:00 PM,594,525,69
05/14/2018 06:00:00 PM,381,313,68
05/14/2018 07:00:00 PM,185,130,55
05/14/2018 08:00:00 PM,115,70,45
05/14/2018 09:00:00 PM,81,52,29
05/14/2018 10:00:00 PM,27,19,8
05/14/2018 11:00:00 PM,15,9,6
05/15/2018 12:00:00 AM,8,6,2
05/15/2018 01:00:00 AM,1,0,1
05/15/2018 02:00:00 AM,0,0,0
05/15/2018 03:00:00 AM,2,1,1
05/15/2018 04:00:00 AM,9,5,4
05/15/2018 05:00:00 AM,27,7,20
05/15/2018 06:00:00 AM,139,25,114
05/15/2018 07:00:00 AM,332,28,304
05/15/2018 08:00:00 AM,471,40,431
05/15/2018 09:00:00 AM,284,46,238
05/15/2018 10:00:00 AM,122,36,86
05/15/2018 11:00:00 AM,68,28,40
05/15/2018 12:00:00 PM,54,26,28
05/15/2018 01:00:00 PM,72,44,28
05/15/2018 02:00:00 PM,86,57,29
05/15/2018 03:00:00 PM,129,84,45
05/15/2018 04:00:00 PM,321,267,54
05/15/2018 05:00:00 PM,614,535,79
05/15/2018 06:00:00 PM,396,325,71
05/15/2018 07:00:00 PM,196,140,56
05/15/2018 08:00:00 PM,121,72,49
05/15/2018 09:00:00 PM,79,52,27
05/15/2018 10:00:00 PM,39,27,12
05/15/2018 11:00:00 PM,11,5,6
05/16/2018 12:00:00 AM,8,6,2
05/16/2018 01:00:00 AM,1,1,0
05/16/2018 02:00:00 AM,0,0,0
05/16/2018 03:00:00 AM,0,0,0
05/16/2018 04:00:00 AM,6,4,2
05/16/2018 05:00:00 AM,29,10,19
05/16/2018 06:00:00 AM,122,17,105
05/16/2018 07:00:00 AM,328,28,300
05/16/2018 08:00:00 AM,461,36,425
05/16/2018 09:00:00 AM,266,34,232
05/16/2018 10:00:00 AM,109,26,83
05/16/2018 11:00:00 AM,55,17,38
05/16/2018 12:00:00 PM,74,34,40
05/16/2018 01:00:00 PM,88,52,36
05/16/2018 02:00:00 PM,82,48,34
05/16/2018 03:00:00 PM,113,89,24
05/16/2018 04:00:00 PM,331,293,38
05/16/2018 05:00:00 PM,526,457,69
05/16/2018 06:00:00 PM,354,304,50
05/16/2018 07:00:00 PM,180,141,39
05/16/2018 08:00:00 PM,100,62,38
05/16/2018 09:00:00 PM,61,44,17
05/16/2018 10:00:00 PM,27,17,10
05/16/2018 11:00:00 PM,25,21,4
05/17/2018 12:00:00 AM,8,5,3
05/17/2018 01:00:00 AM,2,1,1
05/17/2018 02:00:00 AM,2,1,1
05/17/2018 03:00:00 AM,2,0,2
05/17/2018 04:00:00 AM,4,3,1
05/17/2018 05:00:00 AM,22,9,13
05/17/2018 06:00:00 AM,102,16,86
05/17/2018 07:00:00 AM,299,32,267
05/17/2018 08:00:00 AM,409,42,367
05/17/2018 09:00:00 AM,239,30,209
05/17/2018 10:00:00 AM,101,30,71
05/17/2018 11:00:00 AM,68,28,40
05/17/2018 12:00:00 PM,68,32,36
05/17/2018 01:00:00 PM,82,47,35
05/17/2018 02:00:00 PM,73,42,31
05/17/2018 03:00:00 PM,142,89,53
05/17/2018 04:00:00 PM,278,234,44
05/17/2018 05:00:00 PM,479,425,54
05/17/2018 06:00:00 PM,325,275,50
05/17/2018 07:00:00 PM,161,127,34
05/17/2018 08:00:00 PM,110,73,37
05/17/2018 09:00:00 PM,44,30,14
05/17/2018 10:00:00 PM,52,31,21
05/17/2018 11:00:00 PM,16,9,7
05/18/2018 12:00:00 AM,10,6,4
05/18/2018 01:00:00 AM,7,5,2
05/18/2018 02:00:00 AM,0,0,0
05/18/2018 03:00:00 AM,0,0,0
05/18/2018 04:00:00 AM,9,5,4
05/18/2018 05:00:00 AM,24,5,19
05/18/2018 06:00:00 AM,147,28,119
05/18/2018 07:00:00 AM,425,59,366
05/18/2018 08:00:00 AM,601,105,496
05/18/2018 09:00:00 AM,266,59,207
05/18/2018 10:00:00 AM,108,33,75
05/18/2018 11:00:00 AM,77,32,45
05/18/2018 12:00:00 PM,77,46,31
05/18/2018 01:00:00 PM,89,58,31
05/18/2018 02:00:00 PM,93,64,29
05/18/2018 03:00:00 PM,151,115,36
05/18/2018 04:00:00 PM,335,266,69
05/18/2018 05:00:00 PM,499,424,75
05/18/2018 06:00:00 PM,276,219,57
05/18/2018 07:00:00 PM,132,96,36
05/18/2018 08:00:00 PM,76,47,29
05/18/2018 09:00:00 PM,42,28,14
05/18/2018 10:00:00 PM,35,24,11
05/18/2018 11:00:00 PM,32,23,9
05/19/2018 12:00:00 AM,7,4,3
05/19/2018 01:00:00 AM,7,6,1
05/19/2018 02:00:00 AM,4,2,2
05/19/2018 03:00:00 AM,0,0,0
05/19/2018 04:00:00 AM,4,1,3
05/19/2018 05:00:00 AM,13,8,5
05/19/2018 06:00:00 AM,15,9,6
05/19/2018 07:00:00 AM,33,12,21
05/19/2018 08:00:00 AM,42,22,20
05/19/2018 09:00:00 AM,100,22,78
05/19/2018 10:00:00 AM,91,41,50
05/19/2018 11:00:00 AM,120,72,48
05/19/2018 12:00:00 PM,150,84,66
05/19/2018 01:00:00 PM,149,81,68
05/19/2018 02:00:00 PM,117,58,59
05/19/2018 03:00:00 PM,141,75,66
05/19/2018 04:00:00 PM,142,79,63
05/19/2018 05:00:00 PM,144,60,84
05/19/2018 06:00:00 PM,107,59,48
05/19/2018 07:00:00 PM,41,19,22
05/19/2018 08:00:00 PM,28,20,8
05/19/2018 09:00:00 PM,23,16,7
05/19/2018 10:00:00 PM,22,14,8
05/19/2018 11:00:00 PM,22,10,12
05/20/2018 12:00:00 AM,11,8,3
05/20/2018 01:00:00 AM,4,3,1
05/20/2018 02:00:00 AM,7,5,2
05/20/2018 03:00:00 AM,2,1,1
05/20/2018 04:00:00 AM,3,1,2
05/20/2018 05:00:00 AM,5,0,5
05/20/2018 06:00:00 AM,5,4,1
05/20/2018 07:00:00 AM,16,9,7
05/20/2018 08:00:00 AM,41,20,21
05/20/2018 09:00:00 AM,26,13,13
05/20/2018 10:00:00 AM,58,38,20
05/20/2018 11:00:00 AM,83,45,38
05/20/2018 12:00:00 PM,91,38,53
05/20/2018 01:00:00 PM,94,45,49
05/20/2018 02:00:00 PM,92,50,42
05/20/2018 03:00:00 PM,95,54,41
05/20/2018 04:00:00 PM,99,52,47
05/20/2018 05:00:00 PM,122,71,51
05/20/2018 06:00:00 PM,83,46,37
05/20/2018 07:00:00 PM,70,39,31
05/20/2018 08:00:00 PM,39,23,16
05/20/2018 09:00:00 PM,20,8,12
05/20/2018 10:00:00 PM,14,10,4
05/20/2018 11:00:00 PM,8,4,4
05/21/2018 12:00:00 AM,5,1,4
05/21/2018 01:00:00 AM,2,2,0
05/21/2018 02:00:00 AM,2,0,2
05/21/2018 03:00:00 AM,3,2,1
05/21/2018 04:00:00 AM,9,4,5
05/21/2018 05:00:00 AM,31,15,16
05/21/2018 06:00:00 AM,111,17,94
05/21/2018 07:00:00 AM,295,31,264
05/21/2018 08:00:00 AM,474,46,428
05/21/2018 09:00:00 AM,279,41,238
05/21/2018 10:00:00 AM,96,25,71
05/21/2018 11:00:00 AM,87,34,53
05/21/2018 12:00:00 PM,73,46,27
05/21/2018 01:00:00 PM,69,38,31
05/21/2018 02:00:00 PM,72,46,26
05/21/2018 03:00:00 PM,118,79,39
05/21/2018 04:00:00 PM,302,248,54
05/21/2018 05:00:00 PM,553,480,73
05/21/2018 06:00:00 PM,381,316,65
05/21/2018 07:00:00 PM,171,130,41
05/21/2018 08:00:00 PM,121,81,40
05/21/2018 09:00:00 PM,55,39,16
05/21/2018 10:00:00 PM,32,19,13
05/21/2018 11:00:00 PM,13,7,6
05/22/2018 12:00:00 AM,8,5,3
05/22/2018 01:00:00 AM,4,3,1
05/22/2018 02:00:00 AM,0,0,0
05/22/2018 03:00:00 AM,2,1,1
05/22/2018 04:00:00 AM,7,2,5
05/22/2018 05:00:00 AM,36,14,22
05/22/2018 06:00:00 AM,121,24,97
05/22/2018 07:00:00 AM,369,34,335
05/22/2018 08:00:00 AM,493,42,451
05/22/2018 09:00:00 AM,303,35,268
05/22/2018 10:00:00 AM,130,40,90
05/22/2018 11:00:00 AM,97,38,59
05/22/2018 12:00:00 PM,86,40,46
05/22/2018 01:00:00 PM,77,44,33
05/22/2018 02:00:00 PM,86,54,32
05/22/2018 03:00:00 PM,174,113,61
05/22/2018 04:00:00 PM,378,314,64
05/22/2018 05:00:00 PM,581,491,90
05/22/2018 06:00:00 PM,421,350,71
05/22/2018 07:00:00 PM,216,156,60
05/22/2018 08:00:00 PM,145,99,46
05/22/2018 09:00:00 PM,76,46,30
05/22/2018 10:00:00 PM,27,19,8
05/22/2018 11:00:00 PM,39,32,7
05/23/2018 12:00:00 AM,6,3,3
05/23/2018 01:00:00 AM,3,3,0
05/23/2018 02:00:00 AM,4,3,1
05/23/2018 03:00:00 AM,1,0,1
05/23/2018 04:00:00 AM,7,4,3
05/23/2018 05:00:00 AM,49,19,30
05/23/2018 06:00:00 AM,114,22,92
05/23/2018 07:00:00 AM,374,37,337
05/23/2018 08:00:00 AM,487,46,441
05/23/2018 09:00:00 AM,267,44,223
05/23/2018 10:00:00 AM,105,22,83
05/23/2018 11:00:00 AM,91,40,51
05/23/2018 12:00:00 PM,94,51,43
05/23/2018 01:00:00 PM,92,55,37
05/23/2018 02:00:00 PM,94,45,49
05/23/2018 03:00:00 PM,145,101,44
05/23/2018 04:00:00 PM,349,292,57
05/23/2018 05:00:00 PM,613,538,75
05/23/2018 06:00:00 PM,393,327,66
05/23/2018 07:00:00 PM,194,143,51
05/23/2018 08:00:00 PM,125,80,45
05/23/2018 09:00:00 PM,73,39,34
05/23/2018 10:00:00 PM,37,28,9
05/23/2018 11:00:00 PM,20,11,9
05/24/2018 12:00:00 AM,12,6,6
05/24/2018 01:00:00 AM,1,1,0
05/24/2018 02:00:00 AM,2,1,1
05/24/2018 03:00:00 AM,2,0,2
05/24/2018 04:00:00 AM,7,3,4
05/24/2018 05:00:00 AM,35,11,24
05/24/2018 06:00:00 AM,107,20,87
05/24/2018 07:00:00 AM,262,24,238
05/24/2018 08:00:00 AM,420,43,377
05/24/2018 09:00:00 AM,248,40,208
05/24/2018 10:00:00 AM,98,23,75
05/24/2018 11:00:00 AM,62,38,24
05/24/2018 12:00:00 PM,61,23,38
05/24/2018 01:00:00 PM,69,34,35
05/24/2018 02:00:00 PM,114,76,38
05/24/2018 03:00:00 PM,133,104,29
05/24/2018 04:00:00 PM,262,209,53
05/24/2018 05:00:00 PM,516,445,71
05/24/2018 06:00:00 PM,367,295,72
05/24/2018 07:00:00 PM,165,107,58
05/24/2018 08:00:00 PM,103,72,31
05/24/2018 09:00:00 PM,66,50,16
05/24/2018 10:00:00 PM,28,16,12
05/24/2018 11:00:00 PM,13,9,4
05/25/2018 12:00:00 AM,11,9,2
05/25/2018 01:00:00 AM,6,2,4
05/25/2018 02:00:00 AM,4,2,2
05/25/2018 03:00:00 AM,0,0,0
05/25/2018 04:00:00 AM,6,5,1
05/25/2018 05:00:00 AM,27,10,17
05/25/2018 06:00:00 AM,101,25,76
05/25/2018 07:00:00 AM,212,30,182
05/25/2018 08:00:00 AM,362,35,327
05/25/2018 09:00:00 AM,201,28,173
05/25/2018 10:00:00 AM,99,19,80
05/25/2018 11:00:00 AM,62,21,41
05/25/2018 12:00:00 PM,94,56,38
05/25/2018 01:00:00 PM,97,64,33
05/25/2018 02:00:00 PM,121,87,34
05/25/2018 03:00:00 PM,156,116,40
05/25/2018 04:00:00 PM,287,247,40
05/25/2018 05:00:00 PM,348,283,65
05/25/2018 06:00:00 PM,211,167,44
05/25/2018 07:00:00 PM,99,67,32
05/25/2018 08:00:00 PM,60,42,18
05/25/2018 09:00:00 PM,59,42,17
05/25/2018 10:00:00 PM,32,18,14
05/25/2018 11:00:00 PM,29,19,10
05/26/2018 12:00:00 AM,10,4,6
05/26/2018 01:00:00 AM,7,3,4
05/26/2018 02:00:00 AM,4,3,1
05/26/2018 03:00:00 AM,3,1,2
05/26/2018 04:00:00 AM,2,0,2
05/26/2018 05:00:00 AM,5,2,3
05/26/2018 06:00:00 AM,18,12,6
05/26/2018 07:00:00 AM,29,16,13
05/26/2018 08:00:00 AM,43,20,23
05/26/2018 09:00:00 AM,57,36,21
05/26/2018 10:00:00 AM,74,29,45
05/26/2018 11:00:00 AM,132,50,82
05/26/2018 12:00:00 PM,103,48,55
05/26/2018 01:00:00 PM,123,47,76
05/26/2018 02:00:00 PM,131,54,77
05/26/2018 03:00:00 PM,117,64,53
05/26/2018 04:00:00 PM,136,79,57
05/26/2018 05:00:00 PM,115,82,33
05/26/2018 06:00:00 PM,88,47,41
05/26/2018 07:00:00 PM,83,49,34
05/26/2018 08:00:00 PM,44,24,20
05/26/2018 09:00:00 PM,43,28,15
05/26/2018 10:00:00 PM,27,20,7
05/26/2018 11:00:00 PM,11,7,4
05/27/2018 12:00:00 AM,4,3,1
05/27/2018 01:00:00 AM,3,2,1
05/27/2018 02:00:00 AM,2,1,1
05/27/2018 03:00:00 AM,4,2,2
05/27/2018 04:00:00 AM,4,2,2
05/27/2018 05:00:00 AM,5,1,4
05/27/2018 06:00:00 AM,9,5,4
05/27/2018 07:00:00 AM,13,5,8
05/27/2018 08:00:00 AM,41,24,17
05/27/2018 09:00:00 AM,64,41,23
05/27/2018 10:00:00 AM,108,59,49
05/27/2018 11:00:00 AM,137,74,63
05/27/2018 12:00:00 PM,154,87,67
05/27/2018 01:00:00 PM,186,82,104
05/27/2018 02:00:00 PM,219,92,127
05/27/2018 03:00:00 PM,210,89,121
05/27/2018 04:00:00 PM,153,80,73
05/27/2018 05:00:00 PM,156,94,62
05/27/2018 06:00:00 PM,134,70,64
05/27/2018 07:00:00 PM,114,60,54
05/27/2018 08:00:00 PM,73,50,23
05/27/2018 09:00:00 PM,43,28,15
05/27/2018 10:00:00 PM,29,16,13
05/27/2018 11:00:00 PM,7,7,0
05/28/2018 12:00:00 AM,9,5,4
05/28/2018 01:00:00 AM,1,1,0
05/28/2018 02:00:00 AM,3,1,2
05/28/2018 03:00:00 AM,0,0,0
05/28/2018 04:00:00 AM,3,1,2
05/28/2018 05:00:00 AM,7,4,3
05/28/2018 06:00:00 AM,13,8,5
05/28/2018 07:00:00 AM,23,13,10
05/28/2018 08:00:00 AM,52,22,30
05/28/2018 09:00:00 AM,61,28,33
05/28/2018 10:00:00 AM,81,43,38
05/28/2018 11:00:00 AM,120,57,63
05/28/2018 12:00:00 PM,158,69,89
05/28/2018 01:00:00 PM,171,96,75
05/28/2018 02:00:00 PM,160,87,73
05/28/2018 03:00:00 PM,163,81,82
05/28/2018 04:00:00 PM,149,83,66
05/28/2018 05:00:00 PM,144,76,68
05/28/2018 06:00:00 PM,73,43,30
05/28/2018 07:00:00 PM,91,44,47
05/28/2018 08:00:00 PM,46,21,25
05/28/2018 09:00:00 PM,18,13,5
05/28/2018 10:00:00 PM,21,18,3
05/28/2018 11:00:00 PM,10,8,2
05/29/2018 12:00:00 AM,6,3,3
05/29/2018 01:00:00 AM,1,0,1
05/29/2018 02:00:00 AM,0,0,0
05/29/2018 03:00:00 AM,1,1,0
05/29/2018 04:00:00 AM,5,1,4
05/29/2018 05:00:00 AM,27,8,19
05/29/2018 06:00:00 AM,113,18,95
05/29/2018 07:00:00 AM,292,19,273
05/29/2018 08:00:00 AM,459,41,418
05/29/2018 09:00:00 AM,223,25,198
05/29/2018 10:00:00 AM,118,29,89
05/29/2018 11:00:00 AM,50,25,25
05/29/2018 12:00:00 PM,46,31,15
05/29/2018 01:00:00 PM,64,40,24
05/29/2018 02:00:00 PM,62,42,20
05/29/2018 03:00:00 PM,99,70,29
05/29/2018 04:00:00 PM,261,223,38
05/29/2018 05:00:00 PM,504,450,54
05/29/2018 06:00:00 PM,307,270,37
05/29/2018 07:00:00 PM,113,96,17
05/29/2018 08:00:00 PM,82,57,25
05/29/2018 09:00:00 PM,36,30,6
05/29/2018 10:00:00 PM,21,16,5
05/29/2018 11:00:00 PM,10,8,2
05/30/2018 12:00:00 AM,6,5,1
05/30/2018 01:00:00 AM,1,1,0
05/30/2018 02:00:00 AM,2,1,1
05/30/2018 03:00:00 AM,2,0,2
05/30/2018 04:00:00 AM,6,3,3
05/30/2018 05:00:00 AM,32,8,24
05/30/2018 06:00:00 AM,98,14,84
05/30/2018 07:00:00 AM,289,23,266
05/30/2018 08:00:00 AM,459,53,406
05/30/2018 09:00:00 AM,239,36,203
05/30/2018 10:00:00 AM,105,26,79
05/30/2018 11:00:00 AM,46,13,33
05/30/2018 12:00:00 PM,61,31,30
05/30/2018 01:00:00 PM,59,33,26
05/30/2018 02:00:00 PM,73,56,17
05/30/2018 03:00:00 PM,131,101,30
05/30/2018 04:00:00 PM,293,248,45
05/30/2018 05:00:00 PM,539,474,65
05/30/2018 06:00:00 PM,426,349,77
05/30/2018 07:00:00 PM,151,114,37
05/30/2018 08:00:00 PM,117,73,44
05/30/2018 09:00:00 PM,55,41,14
05/30/2018 10:00:00 PM,20,14,6
05/30/2018 11:00:00 PM,15,11,4
05/31/2018 12:00:00 AM,8,3,5
05/31/2018 01:00:00 AM,1,1,0
05/31/2018 02:00:00 AM,5,2,3
05/31/2018 03:00:00 AM,1,0,1
05/31/2018 04:00:00 AM,5,3,2
05/31/2018 05:00:00 AM,26,11,15
05/31/2018 06:00:00 AM,102,21,81
05/31/2018 07:00:00 AM,293,32,261
05/31/2018 08:00:00 AM,420,39,381
05/31/2018 09:00:00 AM,241,26,215
05/31/2018 10:00:00 AM,73,25,48
05/31/2018 11:00:00 AM,69,25,44
05/31/2018 12:00:00 PM,52,26,26
05/31/2018 01:00:00 PM,57,35,22
05/31/2018 02:00:00 PM,74,43,31
05/31/2018 03:00:00 PM,111,80,31
05/31/2018 04:00:00 PM,287,223,64
05/31/2018 05:00:00 PM,449,400,49
05/31/2018 06:00:00 PM,315,257,58
05/31/2018 07:00:00 PM,129,105,24
05/31/2018 08:00:00 PM,90,60,30
05/31/2018 09:00:00 PM,62,44,18
05/31/2018 10:00:00 PM,31,23,8
05/31/2018 11:00:00 PM,16,12,4
06/01/2018 12:00:00 AM,7,4,3
06/01/2018 01:00:00 AM,3,3,0
06/01/2018 02:00:00 AM,0,0,0
06/01/2018 03:00:00 AM,1,1,0
06/01/2018 04:00:00 AM,8,5,3
06/01/2018 05:00:00 AM,23,11,12
06/01/2018 06:00:00 AM,77,14,63
06/01/2018 07:00:00 AM,223,25,198
06/01/2018 08:00:00 AM,373,35,338
06/01/2018 09:00:00 AM,211,31,180
06/01/2018 10:00:00 AM,91,21,70
06/01/2018 11:00:00 AM,71,31,40
06/01/2018 12:00:00 PM,70,35,35
06/01/2018 01:00:00 PM,67,35,32
06/01/2018 02:00:00 PM,96,67,29
06/01/2018 03:00:00 PM,135,98,37
06/01/2018 04:00:00 PM,267,207,60
06/01/2018 05:00:00 PM,429,369,60
06/01/2018 06:00:00 PM,330,262,68
06/01/2018 07:00:00 PM,118,80,38
06/01/2018 08:00:00 PM,76,50,26
06/01/2018 09:00:00 PM,43,30,13
06/01/2018 10:00:00 PM,31,16,15
06/01/2018 11:00:00 PM,27,23,4
06/02/2018 12:00:00 AM,25,19,6
06/02/2018 01:00:00 AM,9,4,5
06/02/2018 02:00:00 AM,6,5,1
06/02/2018 03:00:00 AM,2,2,0
06/02/2018 04:00:00 AM,8,2,6
06/02/2018 05:00:00 AM,5,2,3
06/02/2018 06:00:00 AM,17,10,7
06/02/2018 07:00:00 AM,38,16,22
06/02/2018 08:00:00 AM,45,18,27
06/02/2018 09:00:00 AM,86,28,58
06/02/2018 10:00:00 AM,89,40,49
06/02/2018 11:00:00 AM,92,55,37
06/02/2018 12:00:00 PM,137,82,55
06/02/2018 01:00:00 PM,145,72,73
06/02/2018 02:00:00 PM,168,81,87
06/02/2018 03:00:00 PM,165,97,68
06/02/2018 04:00:00 PM,166,85,81
06/02/2018 05:00:00 PM,157,71,86
06/02/2018 06:00:00 PM,145,70,75
06/02/2018 07:00:00 PM,92,49,43
06/02/2018 08:00:00 PM,81,43,38
06/02/2018 09:00:00 PM,41,21,20
06/02/2018 10:00:00 PM,24,12,12
06/02/2018 11:00:00 PM,23,16,7
06/03/2018 12:00:00 AM,8,3,5
06/03/2018 01:00:00 AM,20,12,8
06/03/2018 02:00:00 AM,7,2,5
06/03/2018 03:00:00 AM,5,1,4
06/03/2018 04:00:00 AM,7,1,6
06/03/2018 05:00:00 AM,7,3,4
06/03/2018 06:00:00 AM,9,7,2
06/03/2018 07:00:00 AM,25,15,10
06/03/2018 08:00:00 AM,42,17,25
06/03/2018 09:00:00 AM,60,29,31
06/03/2018 10:00:00 AM,61,33,28
06/03/2018 11:00:00 AM,96,50,46
06/03/2018 12:00:00 PM,86,52,34
06/03/2018 01:00:00 PM,62,36,26
06/03/2018 02:00:00 PM,57,28,29
06/03/2018 03:00:00 PM,54,36,18
06/03/2018 04:00:00 PM,48,27,21
06/03/2018 05:00:00 PM,35,17,18
06/03/2018 06:00:00 PM,21,15,6
06/03/2018 07:00:00 PM,37,22,15
06/03/2018 08:00:00 PM,11,4,7
06/03/2018 09:00:00 PM,15,6,9
06/03/2018 10:00:00 PM,8,7,1
06/03/2018 11:00:00 PM,6,5,1
06/04/2018 12:00:00 AM,2,2,0
06/04/2018 01:00:00 AM,0,0,0
06/04/2018 02:00:00 AM,1,0,1
06/04/2018 03:00:00 AM,1,1,0
06/04/2018 04:00:00 AM,10,4,6
06/04/2018 05:00:00 AM,28,7,21
06/04/2018 06:00:00 AM,76,15,61
06/04/2018 07:00:00 AM,256,21,235
06/04/2018 08:00:00 AM,416,27,389
06/04/2018 09:00:00 AM,179,16,163
06/04/2018 10:00:00 AM,68,12,56
06/04/2018 11:00:00 AM,25,8,17
06/04/2018 12:00:00 PM,36,17,19
06/04/2018 01:00:00 PM,57,33,24
06/04/2018 02:00:00 PM,51,30,21
06/04/2018 03:00:00 PM,87,69,18
06/04/2018 04:00:00 PM,233,191,42
06/04/2018 05:00:00 PM,485,437,48
06/04/2018 06:00:00 PM,296,254,42
06/04/2018 07:00:00 PM,131,91,40
06/04/2018 08:00:00 PM,79,44,35
06/04/2018 09:00:00 PM,50,34,16
06/04/2018 10:00:00 PM,24,16,8
06/04/2018 11:00:00 PM,6,2,4
06/05/2018 12:00:00 AM,4,2,2
06/05/2018 01:00:00 AM,1,0,1
06/05/2018 02:00:00 AM,2,0,2
06/05/2018 03:00:00 AM,1,1,0
06/05/2018 04:00:00 AM,2,2,0
06/05/2018 05:00:00 AM,33,9,24
06/05/2018 06:00:00 AM,106,25,81
06/05/2018 07:00:00 AM,318,32,286
06/05/2018 08:00:00 AM,467,51,416
06/05/2018 09:00:00 AM,279,37,242
06/05/2018 10:00:00 AM,103,39,64
06/05/2018 11:00:00 AM,78,23,55
06/05/2018 12:00:00 PM,62,32,30
06/05/2018 01:00:00 PM,55,29,26
06/05/2018 02:00:00 PM,69,44,25
06/05/2018 03:00:00 PM,126,90,36
06/05/2018 04:00:00 PM,280,217,63
06/05/2018 05:00:00 PM,549,474,75
06/05/2018 06:00:00 PM,387,310,77
06/05/2018 07:00:00 PM,191,139,52
06/05/2018 08:00:00 PM,126,76,50
06/05/2018 09:00:00 PM,62,34,28
06/05/2018 10:00:00 PM,32,20,12
06/05/2018 11:00:00 PM,15,9,6
06/06/2018 12:00:00 AM,5,4,1
06/06/2018 01:00:00 AM,3,2,1
06/06/2018 02:00:00 AM,2,1,1
06/06/2018 03:00:00 AM,1,0,1
06/06/2018 04:00:00 AM,4,4,0
06/06/2018 05:00:00 AM,32,12,20
06/06/2018 06:00:00 AM,113,19,94
06/06/2018 07:00:00 AM,338,30,308
06/06/2018 08:00:00 AM,471,48,423
06/06/2018 09:00:00 AM,242,45,197
06/06/2018 10:00:00 AM,115,30,85
06/06/2018 11:00:00 AM,61,22,39
06/06/2018 12:00:00 PM,59,29,30
06/06/2018 01:00:00 PM,74,42,32
06/06/2018 02:00:00 PM,85,57,28
06/06/2018 03:00:00 PM,139,98,41
06/06/2018 04:00:00 PM,327,269,58
06/06/2018 05:00:00 PM,583,515,68
06/06/2018 06:00:00 PM,346,296,50
06/06/2018 07:00:00 PM,188,132,56
06/06/2018 08:00:00 PM,98,61,37
06/06/2018 09:00:00 PM,66,39,27
06/06/2018 10:00:00 PM,31,17,14
06/06/2018 11:00:00 PM,25,20,5
06/07/2018 12:00:00 AM,11,7,4
06/07/2018 01:00:00 AM,5,2,3
06/07/2018 02:00:00 AM,2,0,2
06/07/2018 03:00:00 AM,4,1,3
06/07/2018 04:00:00 AM,6,3,3
06/07/2018 05:00:00 AM,29,13,16
06/07/2018 06:00:00 AM,100,20,80
06/07/2018 07:00:00 AM,271,29,242
06/07/2018 08:00:00 AM,416,50,366
06/07/2018 09:00:00 AM,246,29,217
06/07/2018 10:00:00 AM,99,24,75
06/07/2018 11:00:00 AM,57,23,34
06/07/2018 12:00:00 PM,57,27,30
06/07/2018 01:00:00 PM,55,34,21
06/07/2018 02:00:00 PM,79,45,34
06/07/2018 03:00:00 PM,142,100,42
06/07/2018 04:00:00 PM,272,207,65
06/07/2018 05:00:00 PM,484,419,65
06/07/2018 06:00:00 PM,333,256,77
06/07/2018 07:00:00 PM,188,139,49
06/07/2018 08:00:00 PM,125,80,45
06/07/2018 09:00:00 PM,56,34,22
06/07/2018 10:00:00 PM,34,27,7
06/07/2018 11:00:00 PM,23,14,9
06/08/2018 12:00:00 AM,6,4,2
06/08/2018 01:00:00 AM,5,2,3
06/08/2018 02:00:00 AM,5,0,5
06/08/2018 03:00:00 AM,1,0,1
06/08/2018 04:00:00 AM,5,3,2
06/08/2018 05:00:00 AM,19,6,13
06/08/2018 06:00:00 AM,61,17,44
06/08/2018 07:00:00 AM,173,21,152
06/08/2018 08:00:00 AM,297,28,269
06/08/2018 09:00:00 AM,159,36,123
06/08/2018 10:00:00 AM,101,29,72
06/08/2018 11:00:00 AM,49,19,30
06/08/2018 12:00:00 PM,36,18,18
06/08/2018 01:00:00 PM,35,25,10
06/08/2018 02:00:00 PM,40,29,11
06/08/2018 03:00:00 PM,71,52,19
06/08/2018 04:00:00 PM,172,138,34
06/08/2018 05:00:00 PM,240,220,20
06/08/2018 06:00:00 PM,113,101,12
06/08/2018 07:00:00 PM,39,30,9
06/08/2018 08:00:00 PM,27,20,7
06/08/2018 09:00:00 PM,18,15,3
06/08/2018 10:00:00 PM,11,6,5
06/08/2018 11:00:00 PM,5,5,0
06/09/2018 12:00:00 AM,15,7,8
06/09/2018 01:00:00 AM,5,3,2
06/09/2018 02:00:00 AM,7,5,2
06/09/2018 03:00:00 AM,1,1,0
06/09/2018 04:00:00 AM,1,0,1
06/09/2018 05:00:00 AM,3,2,1
06/09/2018 06:00:00 AM,10,5,5
06/09/2018 07:00:00 AM,18,7,11
06/09/2018 08:00:00 AM,27,15,12
06/09/2018 09:00:00 AM,30,12,18
06/09/2018 10:00:00 AM,56,29,27
06/09/2018 11:00:00 AM,70,38,32
06/09/2018 12:00:00 PM,83,46,37
06/09/2018 01:00:00 PM,96,50,46
06/09/2018 02:00:00 PM,96,46,50
06/09/2018 03:00:00 PM,105,47,58
06/09/2018 04:00:00 PM,82,45,37
06/09/2018 05:00:00 PM,72,50,22
06/09/2018 06:00:00 PM,56,26,30
06/09/2018 07:00:00 PM,34,23,11
06/09/2018 08:00:00 PM,20,10,10
06/09/2018 09:00:00 PM,16,10,6
06/09/2018 10:00:00 PM,11,6,5
06/09/2018 11:00:00 PM,11,9,2
06/10/2018 12:00:00 AM,4,3,1
06/10/2018 01:00:00 AM,8,3,5
06/10/2018 02:00:00 AM,5,1,4
06/10/2018 03:00:00 AM,1,1,0
06/10/2018 04:00:00 AM,3,0,3
06/10/2018 05:00:00 AM,3,0,3
06/10/2018 06:00:00 AM,25,5,20
06/10/2018 07:00:00 AM,22,2,20
06/10/2018 08:00:00 AM,45,19,26
06/10/2018 09:00:00 AM,73,42,31
06/10/2018 10:00:00 AM,79,44,35
06/10/2018 11:00:00 AM,53,21,32
06/10/2018 12:00:00 PM,69,33,36
06/10/2018 01:00:00 PM,113,65,48
06/10/2018 02:00:00 PM,92,49,43
06/10/2018 03:00:00 PM,98,55,43
06/10/2018 04:00:00 PM,104,50,54
06/10/2018 05:00:00 PM,45,19,26
06/10/2018 06:00:00 PM,38,21,17
06/10/2018 07:00:00 PM,21,12,9
06/10/2018 08:00:00 PM,16,10,6
06/10/2018 09:00:00 PM,15,5,10
06/10/2018 10:00:00 PM,10,8,2
06/10/2018 11:00:00 PM,5,4,1
06/11/2018 12:00:00 AM,2,1,1
06/11/2018 01:00:00 AM,0,0,0
06/11/2018 02:00:00 AM,0,0,0
06/11/2018 03:00:00 AM,3,1,2
06/11/2018 04:00:00 AM,9,4,5
06/11/2018 05:00:00 AM,33,10,23
06/11/2018 06:00:00 AM,99,18,81
06/11/2018 07:00:00 AM,278,31,247
06/11/2018 08:00:00 AM,436,46,390
06/11/2018 09:00:00 AM,230,27,203
06/11/2018 10:00:00 AM,102,25,77
06/11/2018 11:00:00 AM,60,21,39
06/11/2018 12:00:00 PM,77,39,38
06/11/2018 01:00:00 PM,81,41,40
06/11/2018 02:00:00 PM,87,55,32
06/11/2018 03:00:00 PM,121,90,31
06/11/2018 04:00:00 PM,280,216,64
06/11/2018 05:00:00 PM,555,472,83
06/11/2018 06:00:00 PM,382,332,50
06/11/2018 07:00:00 PM,186,136,50
06/11/2018 08:00:00 PM,113,63,50
06/11/2018 09:00:00 PM,65,49,16
06/11/2018 10:00:00 PM,25,15,10
06/11/2018 11:00:00 PM,15,10,5
06/12/2018 12:00:00 AM,6,3,3
06/12/2018 01:00:00 AM,4,1,3
06/12/2018 02:00:00 AM,2,0,2
06/12/2018 03:00:00 AM,2,1,1
06/12/2018 04:00:00 AM,5,2,3
06/12/2018 05:00:00 AM,28,9,19
06/12/2018 06:00:00 AM,114,17,97
06/12/2018 07:00:00 AM,340,33,307
06/12/2018 08:00:00 AM,458,48,410
06/12/2018 09:00:00 AM,274,41,233
06/12/2018 10:00:00 AM,97,28,69
06/12/2018 11:00:00 AM,64,22,42
06/12/2018 12:00:00 PM,57,26,31
06/12/2018 01:00:00 PM,63,34,29
06/12/2018 02:00:00 PM,70,47,23
06/12/2018 03:00:00 PM,128,88,40
06/12/2018 04:00:00 PM,283,232,51
06/12/2018 05:00:00 PM,545,465,80
06/12/2018 06:00:00 PM,377,294,83
06/12/2018 07:00:00 PM,161,124,37
06/12/2018 08:00:00 PM,97,62,35
06/12/2018 09:00:00 PM,59,41,18
06/12/2018 10:00:00 PM,38,22,16
06/12/2018 11:00:00 PM,18,15,3
06/13/2018 12:00:00 AM,3,3,0
06/13/2018 01:00:00 AM,3,2,1
06/13/2018 02:00:00 AM,2,1,1
06/13/2018 03:00:00 AM,1,0,1
06/13/2018 04:00:00 AM,6,3,3
06/13/2018 05:00:00 AM,24,8,16
06/13/2018 06:00:00 AM,48,11,37
06/13/2018 07:00:00 AM,158,17,141
06/13/2018 08:00:00 AM,250,21,229
06/13/2018 09:00:00 AM,180,36,144
06/13/2018 10:00:00 AM,82,25,57
06/13/2018 11:00:00 AM,50,16,34
06/13/2018 12:00:00 PM,73,25,48
06/13/2018 01:00:00 PM,72,41,31
06/13/2018 02:00:00 PM,44,25,19
06/13/2018 03:00:00 PM,75,47,28
06/13/2018 04:00:00 PM,173,148,25
06/13/2018 05:00:00 PM,281,252,29
06/13/2018 06:00:00 PM,202,174,28
06/13/2018 07:00:00 PM,64,54,10
06/13/2018 08:00:00 PM,49,40,9
06/13/2018 09:00:00 PM,30,22,8
06/13/2018 10:00:00 PM,9,4,5
06/13/2018 11:00:00 PM,13,9,4
06/14/2018 12:00:00 AM,3,3,0
06/14/2018 01:00:00 AM,1,0,1
06/14/2018 02:00:00 AM,0,0,0
06/14/2018 03:00:00 AM,3,2,1
06/14/2018 04:00:00 AM,4,2,2
06/14/2018 05:00:00 AM,24,9,15
06/14/2018 06:00:00 AM,76,17,59
06/14/2018 07:00:00 AM,229,25,204
06/14/2018 08:00:00 AM,374,39,335
06/14/2018 09:00:00 AM,232,25,207
06/14/2018 10:00:00 AM,103,25,78
06/14/2018 11:00:00 AM,53,22,31
06/14/2018 12:00:00 PM,60,40,20
06/14/2018 01:00:00 PM,60,35,25
06/14/2018 02:00:00 PM,64,30,34
06/14/2018 03:00:00 PM,99,71,28
06/14/2018 04:00:00 PM,261,197,64
06/14/2018 05:00:00 PM,434,363,71
06/14/2018 06:00:00 PM,304,256,48
06/14/2018 07:00:00 PM,147,108,39
06/14/2018 08:00:00 PM,95,70,25
06/14/2018 09:00:00 PM,72,35,37
06/14/2018 10:00:00 PM,33,19,14
06/14/2018 11:00:00 PM,26,23,3
06/15/2018 12:00:00 AM,4,3,1
06/15/2018 01:00:00 AM,3,3,0
06/15/2018 02:00:00 AM,3,1,2
06/15/2018 03:00:00 AM,1,1,0
06/15/2018 04:00:00 AM,2,2,0
06/15/2018 05:00:00 AM,26,7,19
06/15/2018 06:00:00 AM,88,17,71
06/15/2018 07:00:00 AM,237,25,212
06/15/2018 08:00:00 AM,346,34,312
06/15/2018 09:00:00 AM,205,24,181
06/15/2018 10:00:00 AM,105,22,83
06/15/2018 11:00:00 AM,68,25,43
06/15/2018 12:00:00 PM,75,38,37
06/15/2018 01:00:00 PM,97,51,46
06/15/2018 02:00:00 PM,109,64,45
06/15/2018 03:00:00 PM,180,128,52
06/15/2018 04:00:00 PM,323,256,67
06/15/2018 05:00:00 PM,458,383,75
06/15/2018 06:00:00 PM,287,221,66
06/15/2018 07:00:00 PM,150,108,42
06/15/2018 08:00:00 PM,87,55,32
06/15/2018 09:00:00 PM,50,26,24
06/15/2018 10:00:00 PM,39,23,16
06/15/2018 11:00:00 PM,20,17,3
06/16/2018 12:00:00 AM,17,9,8
06/16/2018 01:00:00 AM,13,6,7
06/16/2018 02:00:00 AM,4,4,0
06/16/2018 03:00:00 AM,2,1,1
06/16/2018 04:00:00 AM,3,0,3
06/16/2018 05:00:00 AM,6,5,1
06/16/2018 06:00:00 AM,26,15,11
06/16/2018 07:00:00 AM,36,21,15
06/16/2018 08:00:00 AM,64,36,28
06/16/2018 09:00:00 AM,89,57,32
06/16/2018 10:00:00 AM,149,97,52
06/16/2018 11:00:00 AM,193,148,45
06/16/2018 12:00:00 PM,301,242,59
06/16/2018 01:00:00 PM,268,200,68
06/16/2018 02:00:00 PM,284,139,145
06/16/2018 03:00:00 PM,348,138,210
06/16/2018 04:00:00 PM,313,101,212
06/16/2018 05:00:00 PM,282,102,180
06/16/2018 06:00:00 PM,198,62,136
06/16/2018 07:00:00 PM,165,47,118
06/16/2018 08:00:00 PM,127,50,77
06/16/2018 09:00:00 PM,82,38,44
06/16/2018 10:00:00 PM,62,25,37
06/16/2018 11:00:00 PM,34,21,13
06/17/2018 12:00:00 AM,12,2,10
06/17/2018 01:00:00 AM,11,4,7
06/17/2018 02:00:00 AM,5,3,2
06/17/2018 03:00:00 AM,3,2,1
06/17/2018 04:00:00 AM,3,1,2
06/17/2018 05:00:00 AM,6,4,2
06/17/2018 06:00:00 AM,13,10,3
06/17/2018 07:00:00 AM,36,20,16
06/17/2018 08:00:00 AM,72,39,33
06/17/2018 09:00:00 AM,77,41,36
06/17/2018 10:00:00 AM,128,75,53
06/17/2018 11:00:00 AM,142,71,71
06/17/2018 12:00:00 PM,180,97,83
06/17/2018 01:00:00 PM,183,106,77
06/17/2018 02:00:00 PM,184,99,85
06/17/2018 03:00:00 PM,161,84,77
06/17/2018 04:00:00 PM,174,96,78
06/17/2018 05:00:00 PM,182,77,105
06/17/2018 06:00:00 PM,112,51,61
06/17/2018 07:00:00 PM,80,33,47
06/17/2018 08:00:00 PM,75,26,49
06/17/2018 09:00:00 PM,43,22,21
06/17/2018 10:00:00 PM,22,12,10
06/17/2018 11:00:00 PM,13,7,6
06/18/2018 12:00:00 AM,3,2,1
06/18/2018 01:00:00 AM,0,0,0
06/18/2018 02:00:00 AM,2,2,0
06/18/2018 03:00:00 AM,4,2,2
06/18/2018 04:00:00 AM,6,3,3
06/18/2018 05:00:00 AM,30,10,20
06/18/2018 06:00:00 AM,116,12,104
06/18/2018 07:00:00 AM,326,29,297
06/18/2018 08:00:00 AM,524,44,480
06/18/2018 09:00:00 AM,268,40,228
06/18/2018 10:00:00 AM,118,30,88
06/18/2018 11:00:00 AM,67,27,40
06/18/2018 12:00:00 PM,75,37,38
06/18/2018 01:00:00 PM,64,37,27
06/18/2018 02:00:00 PM,79,48,31
06/18/2018 03:00:00 PM,128,80,48
06/18/2018 04:00:00 PM,351,295,56
06/18/2018 05:00:00 PM,599,525,74
06/18/2018 06:00:00 PM,411,341,70
06/18/2018 07:00:00 PM,203,137,66
06/18/2018 08:00:00 PM,116,71,45
06/18/2018 09:00:00 PM,86,58,28
06/18/2018 10:00:00 PM,44,22,22
06/18/2018 11:00:00 PM,13,8,5
06/19/2018 12:00:00 AM,6,4,2
06/19/2018 01:00:00 AM,2,2,0
06/19/2018 02:00:00 AM,3,3,0
06/19/2018 03:00:00 AM,0,0,0
06/19/2018 04:00:00 AM,8,5,3
06/19/2018 05:00:00 AM,36,13,23
06/19/2018 06:00:00 AM,106,28,78
06/19/2018 07:00:00 AM,335,24,311
06/19/2018 08:00:00 AM,533,55,478
06/19/2018 09:00:00 AM,312,40,272
06/19/2018 10:00:00 AM,114,28,86
06/19/2018 11:00:00 AM,77,30,47
06/19/2018 12:00:00 PM,91,40,51
06/19/2018 01:00:00 PM,92,54,38
06/19/2018 02:00:00 PM,94,54,40
06/19/2018 03:00:00 PM,165,115,50
06/19/2018 04:00:00 PM,356,289,67
06/19/2018 05:00:00 PM,602,536,66
06/19/2018 06:00:00 PM,413,337,76
06/19/2018 07:00:00 PM,196,159,37
06/19/2018 08:00:00 PM,162,107,55
06/19/2018 09:00:00 PM,103,63,40
06/19/2018 10:00:00 PM,44,20,24
06/19/2018 11:00:00 PM,16,8,8
06/20/2018 12:00:00 AM,8,5,3
06/20/2018 01:00:00 AM,3,1,2
06/20/2018 02:00:00 AM,2,1,1
06/20/2018 03:00:00 AM,3,1,2
06/20/2018 04:00:00 AM,10,4,6
06/20/2018 05:00:00 AM,26,10,16
06/20/2018 06:00:00 AM,123,25,98
06/20/2018 07:00:00 AM,356,37,319
06/20/2018 08:00:00 AM,459,46,413
06/20/2018 09:00:00 AM,322,39,283
06/20/2018 10:00:00 AM,117,29,88
06/20/2018 11:00:00 AM,76,31,45
06/20/2018 12:00:00 PM,66,30,36
06/20/2018 01:00:00 PM,68,35,33
06/20/2018 02:00:00 PM,102,60,42
06/20/2018 03:00:00 PM,132,107,25
06/20/2018 04:00:00 PM,303,256,47
06/20/2018 05:00:00 PM,570,494,76
06/20/2018 06:00:00 PM,389,328,61
06/20/2018 07:00:00 PM,224,164,60
06/20/2018 08:00:00 PM,129,96,33
06/20/2018 09:00:00 PM,86,48,38
06/20/2018 10:00:00 PM,30,16,14
06/20/2018 11:00:00 PM,22,15,7
06/21/2018 12:00:00 AM,12,7,5
06/21/2018 01:00:00 AM,7,4,3
06/21/2018 02:00:00 AM,3,0,3
06/21/2018 03:00:00 AM,5,3,2
06/21/2018 04:00:00 AM,4,2,2
06/21/2018 05:00:00 AM,35,9,26
06/21/2018 06:00:00 AM,97,19,78
06/21/2018 07:00:00 AM,288,35,253
06/21/2018 08:00:00 AM,443,33,410
06/21/2018 09:00:00 AM,281,43,238
06/21/2018 10:00:00 AM,112,23,89
06/21/2018 11:00:00 AM,82,32,50
06/21/2018 12:00:00 PM,63,27,36
06/21/2018 01:00:00 PM,67,35,32
06/21/2018 02:00:00 PM,84,56,28
06/21/2018 03:00:00 PM,110,75,35
06/21/2018 04:00:00 PM,294,236,58
06/21/2018 05:00:00 PM,550,470,80
06/21/2018 06:00:00 PM,367,305,62
06/21/2018 07:00:00 PM,171,131,40
06/21/2018 08:00:00 PM,115,75,40
06/21/2018 09:00:00 PM,86,50,36
06/21/2018 10:00:00 PM,62,34,28
06/21/2018 11:00:00 PM,30,13,17
06/22/2018 12:00:00 AM,16,7,9
06/22/2018 01:00:00 AM,11,3,8
06/22/2018 02:00:00 AM,8,3,5
06/22/2018 03:00:00 AM,2,1,1
06/22/2018 04:00:00 AM,6,2,4
06/22/2018 05:00:00 AM,16,4,12
06/22/2018 06:00:00 AM,80,25,55
06/22/2018 07:00:00 AM,197,29,168
06/22/2018 08:00:00 AM,372,29,343
06/22/2018 09:00:00 AM,231,40,191
06/22/2018 10:00:00 AM,92,24,68
06/22/2018 11:00:00 AM,70,28,42
06/22/2018 12:00:00 PM,76,44,32
06/22/2018 01:00:00 PM,80,48,32
06/22/2018 02:00:00 PM,92,60,32
06/22/2018 03:00:00 PM,138,98,40
06/22/2018 04:00:00 PM,267,218,49
06/22/2018 05:00:00 PM,379,330,49
06/22/2018 06:00:00 PM,243,196,47
06/22/2018 07:00:00 PM,121,84,37
06/22/2018 08:00:00 PM,71,46,25
06/22/2018 09:00:00 PM,55,23,32
06/22/2018 10:00:00 PM,27,20,7
06/22/2018 11:00:00 PM,9,6,3
06/23/2018 12:00:00 AM,5,2,3
06/23/2018 01:00:00 AM,3,2,1
06/23/2018 02:00:00 AM,4,3,1
06/23/2018 03:00:00 AM,2,1,1
06/23/2018 04:00:00 AM,1,0,1
06/23/2018 05:00:00 AM,5,4,1
06/23/2018 06:00:00 AM,5,1,4
06/23/2018 07:00:00 AM,35,20,15
06/23/2018 08:00:00 AM,53,23,30
06/23/2018 09:00:00 AM,56,27,29
06/23/2018 10:00:00 AM,65,41,24
06/23/2018 11:00:00 AM,81,35,46
06/23/2018 12:00:00 PM,105,48,57
06/23/2018 01:00:00 PM,119,47,72
06/23/2018 02:00:00 PM,138,65,73
06/23/2018 03:00:00 PM,139,77,62
06/23/2018 04:00:00 PM,153,81,72
06/23/2018 05:00:00 PM,138,61,77
06/23/2018 06:00:00 PM,124,50,74
06/23/2018 07:00:00 PM,122,69,53
06/23/2018 08:00:00 PM,99,59,40
06/23/2018 09:00:00 PM,60,44,16
06/23/2018 10:00:00 PM,18,11,7
06/23/2018 11:00:00 PM,35,25,10
06/24/2018 12:00:00 AM,9,5,4
06/24/2018 01:00:00 AM,3,1,2
06/24/2018 02:00:00 AM,6,4,2
06/24/2018 03:00:00 AM,3,2,1
06/24/2018 04:00:00 AM,3,0,3
06/24/2018 05:00:00 AM,5,3,2
06/24/2018 06:00:00 AM,7,3,4
06/24/2018 07:00:00 AM,19,9,10
06/24/2018 08:00:00 AM,50,24,26
06/24/2018 09:00:00 AM,51,28,23
06/24/2018 10:00:00 AM,127,53,74
06/24/2018 11:00:00 AM,172,77,95
06/24/2018 12:00:00 PM,168,69,99
06/24/2018 01:00:00 PM,189,89,100
06/24/2018 02:00:00 PM,183,107,76
06/24/2018 03:00:00 PM,230,132,98
06/24/2018 04:00:00 PM,164,95,69
06/24/2018 05:00:00 PM,146,94,52
06/24/2018 06:00:00 PM,140,72,68
06/24/2018 07:00:00 PM,105,53,52
06/24/2018 08:00:00 PM,57,30,27
06/24/2018 09:00:00 PM,30,14,16
06/24/2018 10:00:00 PM,19,8,11
06/24/2018 11:00:00 PM,15,13,2
06/25/2018 12:00:00 AM,3,3,0
06/25/2018 01:00:00 AM,0,0,0
06/25/2018 02:00:00 AM,4,2,2
06/25/2018 03:00:00 AM,2,2,0
06/25/2018 04:00:00 AM,3,1,2
06/25/2018 05:00:00 AM,17,9,8
06/25/2018 06:00:00 AM,68,10,58
06/25/2018 07:00:00 AM,189,24,165
06/25/2018 08:00:00 AM,361,35,326
06/25/2018 09:00:00 AM,216,24,192
06/25/2018 10:00:00 AM,108,24,84
06/25/2018 11:00:00 AM,43,20,23
06/25/2018 12:00:00 PM,40,16,24
06/25/2018 01:00:00 PM,46,25,21
06/25/2018 02:00:00 PM,56,29,27
06/25/2018 03:00:00 PM,95,70,25
06/25/2018 04:00:00 PM,208,167,41
06/25/2018 05:00:00 PM,385,331,54
06/25/2018 06:00:00 PM,286,240,46
06/25/2018 07:00:00 PM,153,116,37
06/25/2018 08:00:00 PM,76,38,38
06/25/2018 09:00:00 PM,48,32,16
06/25/2018 10:00:00 PM,23,13,10
06/25/2018 11:00:00 PM,8,6,2
06/26/2018 12:00:00 AM,14,5,9
06/26/2018 01:00:00 AM,1,0,1
06/26/2018 02:00:00 AM,3,3,0
06/26/2018 03:00:00 AM,0,0,0
06/26/2018 04:00:00 AM,4,2,2
06/26/2018 05:00:00 AM,33,13,20
06/26/2018 06:00:00 AM,84,18,66
06/26/2018 07:00:00 AM,249,20,229
06/26/2018 08:00:00 AM,419,51,368
06/26/2018 09:00:00 AM,302,36,266
06/26/2018 10:00:00 AM,116,24,92
06/26/2018 11:00:00 AM,64,29,35
06/26/2018 12:00:00 PM,64,26,38
06/26/2018 01:00:00 PM,69,45,24
06/26/2018 02:00:00 PM,59,31,28
06/26/2018 03:00:00 PM,138,90,48
06/26/2018 04:00:00 PM,257,209,48
06/26/2018 05:00:00 PM,545,488,57
06/26/2018 06:00:00 PM,387,312,75
06/26/2018 07:00:00 PM,219,167,52
06/26/2018 08:00:00 PM,141,87,54
06/26/2018 09:00:00 PM,65,41,24
06/26/2018 10:00:00 PM,42,23,19
06/26/2018 11:00:00 PM,25,17,8
06/27/2018 12:00:00 AM,4,2,2
06/27/2018 01:00:00 AM,2,0,2
06/27/2018 02:00:00 AM,2,2,0
06/27/2018 03:00:00 AM,3,2,1
06/27/2018 04:00:00 AM,10,4,6
06/27/2018 05:00:00 AM,41,12,29
06/27/2018 06:00:00 AM,108,18,90
06/27/2018 07:00:00 AM,329,34,295
06/27/2018 08:00:00 AM,444,43,401
06/27/2018 09:00:00 AM,301,46,255
06/27/2018 10:00:00 AM,107,30,77
06/27/2018 11:00:00 AM,74,30,44
06/27/2018 12:00:00 PM,91,34,57
06/27/2018 01:00:00 PM,88,53,35
06/27/2018 02:00:00 PM,90,60,30
06/27/2018 03:00:00 PM,113,79,34
06/27/2018 04:00:00 PM,270,232,38
06/27/2018 05:00:00 PM,556,484,72
06/27/2018 06:00:00 PM,358,301,57
06/27/2018 07:00:00 PM,187,133,54
06/27/2018 08:00:00 PM,117,75,42
06/27/2018 09:00:00 PM,61,34,27
06/27/2018 10:00:00 PM,30,17,13
06/27/2018 11:00:00 PM,15,11,4
06/28/2018 12:00:00 AM,5,3,2
06/28/2018 01:00:00 AM,3,1,2
06/28/2018 02:00:00 AM,1,1,0
06/28/2018 03:00:00 AM,0,0,0
06/28/2018 04:00:00 AM,8,4,4
06/28/2018 05:00:00 AM,31,8,23
06/28/2018 06:00:00 AM,74,16,58
06/28/2018 07:00:00 AM,273,35,238
06/28/2018 08:00:00 AM,413,29,384
06/28/2018 09:00:00 AM,246,34,212
06/28/2018 10:00:00 AM,115,23,92
06/28/2018 11:00:00 AM,71,28,43
06/28/2018 12:00:00 PM,47,17,30
06/28/2018 01:00:00 PM,75,35,40
06/28/2018 02:00:00 PM,66,45,21
06/28/2018 03:00:00 PM,103,70,33
06/28/2018 04:00:00 PM,289,235,54
06/28/2018 05:00:00 PM,483,401,82
06/28/2018 06:00:00 PM,326,261,65
06/28/2018 07:00:00 PM,151,115,36
06/28/2018 08:00:00 PM,78,53,25
06/28/2018 09:00:00 PM,45,30,15
06/28/2018 10:00:00 PM,20,9,11
06/28/2018 11:00:00 PM,21,15,6
06/29/2018 12:00:00 AM,5,3,2
06/29/2018 01:00:00 AM,4,4,0
06/29/2018 02:00:00 AM,6,1,5
06/29/2018 03:00:00 AM,5,1,4
06/29/2018 04:00:00 AM,8,2,6
06/29/2018 05:00:00 AM,25,6,19
06/29/2018 06:00:00 AM,68,12,56
06/29/2018 07:00:00 AM,206,28,178
06/29/2018 08:00:00 AM,381,37,344
06/29/2018 09:00:00 AM,225,41,184
06/29/2018 10:00:00 AM,109,32,77
06/29/2018 11:00:00 AM,50,21,29
06/29/2018 12:00:00 PM,74,35,39
06/29/2018 01:00:00 PM,101,59,42
06/29/2018 02:00:00 PM,135,89,46
06/29/2018 03:00:00 PM,148,108,40
06/29/2018 04:00:00 PM,228,198,30
06/29/2018 05:00:00 PM,334,276,58
06/29/2018 06:00:00 PM,232,184,48
06/29/2018 07:00:00 PM,125,98,27
06/29/2018 08:00:00 PM,100,67,33
06/29/2018 09:00:00 PM,55,40,15
06/29/2018 10:00:00 PM,477,460,17
06/29/2018 11:00:00 PM,170,143,27
06/30/2018 12:00:00 AM,32,15,17
06/30/2018 01:00:00 AM,8,4,4
06/30/2018 02:00:00 AM,6,6,0
06/30/2018 03:00:00 AM,4,2,2
06/30/2018 04:00:00 AM,3,0,3
06/30/2018 05:00:00 AM,7,5,2
06/30/2018 06:00:00 AM,14,7,7
06/30/2018 07:00:00 AM,30,15,15
06/30/2018 08:00:00 AM,47,22,25
06/30/2018 09:00:00 AM,73,37,36
06/30/2018 10:00:00 AM,89,44,45
06/30/2018 11:00:00 AM,81,50,31
06/30/2018 12:00:00 PM,116,55,61
06/30/2018 01:00:00 PM,125,48,77
06/30/2018 02:00:00 PM,92,46,46
06/30/2018 03:00:00 PM,77,34,43
06/30/2018 04:00:00 PM,96,46,50
06/30/2018 05:00:00 PM,71,42,29
06/30/2018 06:00:00 PM,59,29,30
06/30/2018 07:00:00 PM,47,28,19
06/30/2018 08:00:00 PM,55,24,31
06/30/2018 09:00:00 PM,17,12,5
06/30/2018 10:00:00 PM,13,10,3
06/30/2018 11:00:00 PM,15,9,6
07/01/2018 12:00:00 AM,7,5,2
07/01/2018 01:00:00 AM,3,1,2
07/01/2018 02:00:00 AM,5,2,3
07/01/2018 03:00:00 AM,3,2,1
07/01/2018 04:00:00 AM,3,2,1
07/01/2018 05:00:00 AM,6,2,4
07/01/2018 06:00:00 AM,6,3,3
07/01/2018 07:00:00 AM,28,14,14
07/01/2018 08:00:00 AM,30,16,14
07/01/2018 09:00:00 AM,54,27,27
07/01/2018 10:00:00 AM,75,45,30
07/01/2018 11:00:00 AM,73,36,37
07/01/2018 12:00:00 PM,82,56,26
07/01/2018 01:00:00 PM,96,51,45
07/01/2018 02:00:00 PM,122,70,52
07/01/2018 03:00:00 PM,120,60,60
07/01/2018 04:00:00 PM,131,64,67
07/01/2018 05:00:00 PM,94,43,51
07/01/2018 06:00:00 PM,89,48,41
07/01/2018 07:00:00 PM,69,34,35
07/01/2018 08:00:00 PM,35,16,19
07/01/2018 09:00:00 PM,34,17,17
07/01/2018 10:00:00 PM,15,8,7
07/01/2018 11:00:00 PM,10,6,4
07/02/2018 12:00:00 AM,4,2,2
07/02/2018 01:00:00 AM,1,0,1
07/02/2018 02:00:00 AM,5,1,4
07/02/2018 03:00:00 AM,1,1,0
07/02/2018 04:00:00 AM,14,8,6
07/02/2018 05:00:00 AM,25,10,15
07/02/2018 06:00:00 AM,82,11,71
07/02/2018 07:00:00 AM,254,28,226
07/02/2018 08:00:00 AM,412,32,380
07/02/2018 09:00:00 AM,233,32,201
07/02/2018 10:00:00 AM,117,24,93
07/02/2018 11:00:00 AM,65,25,40
07/02/2018 12:00:00 PM,54,27,27
07/02/2018 01:00:00 PM,68,44,24
07/02/2018 02:00:00 PM,66,42,24
07/02/2018 03:00:00 PM,117,80,37
07/02/2018 04:00:00 PM,260,223,37
07/02/2018 05:00:00 PM,485,416,69
07/02/2018 06:00:00 PM,350,286,64
07/02/2018 07:00:00 PM,166,130,36
07/02/2018 08:00:00 PM,120,61,59
07/02/2018 09:00:00 PM,52,31,21
07/02/2018 10:00:00 PM,15,8,7
07/02/2018 11:00:00 PM,13,11,2
07/03/2018 12:00:00 AM,11,8,3
07/03/2018 01:00:00 AM,1,1,0
07/03/2018 02:00:00 AM,2,1,1
07/03/2018 03:00:00 AM,2,1,1
07/03/2018 04:00:00 AM,5,2,3
07/03/2018 05:00:00 AM,28,9,19
07/03/2018 06:00:00 AM,95,19,76
07/03/2018 07:00:00 AM,271,25,246
07/03/2018 08:00:00 AM,396,37,359
07/03/2018 09:00:00 AM,245,31,214
07/03/2018 10:00:00 AM,115,25,90
07/03/2018 11:00:00 AM,83,32,51
07/03/2018 12:00:00 PM,80,38,42
07/03/2018 01:00:00 PM,84,64,20
07/03/2018 02:00:00 PM,143,93,50
07/03/2018 03:00:00 PM,184,129,55
07/03/2018 04:00:00 PM,308,262,46
07/03/2018 05:00:00 PM,446,368,78
07/03/2018 06:00:00 PM,330,264,66
07/03/2018 07:00:00 PM,182,127,55
07/03/2018 08:00:00 PM,102,62,40
07/03/2018 09:00:00 PM,88,45,43
07/03/2018 10:00:00 PM,46,29,17
07/03/2018 11:00:00 PM,29,15,14
07/04/2018 12:00:00 AM,18,16,2
07/04/2018 01:00:00 AM,12,6,6
07/04/2018 02:00:00 AM,3,0,3
07/04/2018 03:00:00 AM,2,1,1
07/04/2018 04:00:00 AM,3,1,2
07/04/2018 05:00:00 AM,12,6,6
07/04/2018 06:00:00 AM,21,10,11
07/04/2018 07:00:00 AM,30,14,16
07/04/2018 08:00:00 AM,73,20,53
07/04/2018 09:00:00 AM,99,42,57
07/04/2018 10:00:00 AM,118,63,55
07/04/2018 11:00:00 AM,146,73,73
07/04/2018 12:00:00 PM,160,76,84
07/04/2018 01:00:00 PM,194,113,81
07/04/2018 02:00:00 PM,210,130,80
07/04/2018 03:00:00 PM,240,137,103
07/04/2018 04:00:00 PM,178,102,76
07/04/2018 05:00:00 PM,220,104,116
07/04/2018 06:00:00 PM,230,117,113
07/04/2018 07:00:00 PM,192,108,84
07/04/2018 08:00:00 PM,177,96,81
07/04/2018 09:00:00 PM,156,78,78
07/04/2018 10:00:00 PM,106,57,49
07/04/2018 11:00:00 PM,323,114,209
07/05/2018 12:00:00 AM,61,27,34
07/05/2018 01:00:00 AM,9,6,3
07/05/2018 02:00:00 AM,5,4,1
07/05/2018 03:00:00 AM,4,1,3
07/05/2018 04:00:00 AM,7,3,4
07/05/2018 05:00:00 AM,28,11,17
07/05/2018 06:00:00 AM,66,10,56
07/05/2018 07:00:00 AM,198,26,172
07/05/2018 08:00:00 AM,337,32,305
07/05/2018 09:00:00 AM,234,24,210
07/05/2018 10:00:00 AM,129,29,100
07/05/2018 11:00:00 AM,67,26,41
07/05/2018 12:00:00 PM,102,47,55
07/05/2018 01:00:00 PM,97,43,54
07/05/2018 02:00:00 PM,118,73,45
07/05/2018 03:00:00 PM,134,89,45
07/05/2018 04:00:00 PM,270,205,65
07/05/2018 05:00:00 PM,458,394,64
07/05/2018 06:00:00 PM,319,232,87
07/05/2018 07:00:00 PM,180,129,51
07/05/2018 08:00:00 PM,119,77,42
07/05/2018 09:00:00 PM,59,38,21
07/05/2018 10:00:00 PM,28,17,11
07/05/2018 11:00:00 PM,31,18,13
07/06/2018 12:00:00 AM,5,2,3
07/06/2018 01:00:00 AM,6,4,2
07/06/2018 02:00:00 AM,1,0,1
07/06/2018 03:00:00 AM,1,0,1
07/06/2018 04:00:00 AM,12,7,5
07/06/2018 05:00:00 AM,17,6,11
07/06/2018 06:00:00 AM,78,19,59
07/06/2018 07:00:00 AM,206,20,186
07/06/2018 08:00:00 AM,296,42,254
07/06/2018 09:00:00 AM,233,25,208
07/06/2018 10:00:00 AM,97,29,68
07/06/2018 11:00:00 AM,90,35,55
07/06/2018 12:00:00 PM,77,34,43
07/06/2018 01:00:00 PM,106,60,46
07/06/2018 02:00:00 PM,140,87,53
07/06/2018 03:00:00 PM,183,134,49
07/06/2018 04:00:00 PM,272,211,61
07/06/2018 05:00:00 PM,356,295,61
07/06/2018 06:00:00 PM,261,198,63
07/06/2018 07:00:00 PM,149,87,62
07/06/2018 08:00:00 PM,124,83,41
07/06/2018 09:00:00 PM,54,38,16
07/06/2018 10:00:00 PM,33,22,11
07/06/2018 11:00:00 PM,27,19,8
07/07/2018 12:00:00 AM,18,11,7
07/07/2018 01:00:00 AM,2,2,0
07/07/2018 02:00:00 AM,3,2,1
07/07/2018 03:00:00 AM,2,0,2
07/07/2018 04:00:00 AM,3,0,3
07/07/2018 05:00:00 AM,8,4,4
07/07/2018 06:00:00 AM,21,10,11
07/07/2018 07:00:00 AM,27,14,13
07/07/2018 08:00:00 AM,49,21,28
07/07/2018 09:00:00 AM,66,28,38
07/07/2018 10:00:00 AM,109,58,51
07/07/2018 11:00:00 AM,123,62,61
07/07/2018 12:00:00 PM,119,51,68
07/07/2018 01:00:00 PM,129,63,66
07/07/2018 02:00:00 PM,166,95,71
07/07/2018 03:00:00 PM,194,96,98
07/07/2018 04:00:00 PM,198,97,101
07/07/2018 05:00:00 PM,180,104,76
07/07/2018 06:00:00 PM,169,75,94
07/07/2018 07:00:00 PM,94,50,44
07/07/2018 08:00:00 PM,108,58,50
07/07/2018 09:00:00 PM,83,47,36
07/07/2018 10:00:00 PM,32,19,13
07/07/2018 11:00:00 PM,25,15,10
07/08/2018 12:00:00 AM,16,7,9
07/08/2018 01:00:00 AM,9,5,4
07/08/2018 02:00:00 AM,6,2,4
07/08/2018 03:00:00 AM,1,1,0
07/08/2018 04:00:00 AM,5,0,5
07/08/2018 05:00:00 AM,4,2,2
07/08/2018 06:00:00 AM,10,4,6
07/08/2018 07:00:00 AM,22,9,13
07/08/2018 08:00:00 AM,37,19,18
07/08/2018 09:00:00 AM,66,36,30
07/08/2018 10:00:00 AM,116,71,45
07/08/2018 11:00:00 AM,122,44,78
07/08/2018 12:00:00 PM,173,85,88
07/08/2018 01:00:00 PM,184,86,98
07/08/2018 02:00:00 PM,179,103,76
07/08/2018 03:00:00 PM,193,96,97
07/08/2018 04:00:00 PM,204,118,86
07/08/2018 05:00:00 PM,141,79,62
07/08/2018 06:00:00 PM,109,46,63
07/08/2018 07:00:00 PM,98,48,50
07/08/2018 08:00:00 PM,70,35,35
07/08/2018 09:00:00 PM,31,12,19
07/08/2018 10:00:00 PM,20,6,14
07/08/2018 11:00:00 PM,11,9,2
07/09/2018 12:00:00 AM,7,7,0
07/09/2018 01:00:00 AM,1,0,1
07/09/2018 02:00:00 AM,0,0,0
07/09/2018 03:00:00 AM,2,2,0
07/09/2018 04:00:00 AM,7,5,2
07/09/2018 05:00:00 AM,32,9,23
07/09/2018 06:00:00 AM,94,18,76
07/09/2018 07:00:00 AM,320,38,282
07/09/2018 08:00:00 AM,448,42,406
07/09/2018 09:00:00 AM,283,38,245
07/09/2018 10:00:00 AM,119,27,92
07/09/2018 11:00:00 AM,74,22,52
07/09/2018 12:00:00 PM,81,48,33
07/09/2018 01:00:00 PM,85,52,33
07/09/2018 02:00:00 PM,83,48,35
07/09/2018 03:00:00 PM,128,90,38
07/09/2018 04:00:00 PM,285,231,54
07/09/2018 05:00:00 PM,526,462,64
07/09/2018 06:00:00 PM,382,333,49
07/09/2018 07:00:00 PM,163,123,40
07/09/2018 08:00:00 PM,85,56,29
07/09/2018 09:00:00 PM,59,42,17
07/09/2018 10:00:00 PM,21,15,6
07/09/2018 11:00:00 PM,18,12,6
07/10/2018 12:00:00 AM,6,6,0
07/10/2018 01:00:00 AM,5,4,1
07/10/2018 02:00:00 AM,1,1,0
07/10/2018 03:00:00 AM,2,2,0
07/10/2018 04:00:00 AM,6,2,4
07/10/2018 05:00:00 AM,38,9,29
07/10/2018 06:00:00 AM,110,24,86
07/10/2018 07:00:00 AM,307,32,275
07/10/2018 08:00:00 AM,449,35,414
07/10/2018 09:00:00 AM,269,39,230
07/10/2018 10:00:00 AM,135,30,105
07/10/2018 11:00:00 AM,74,31,43
07/10/2018 12:00:00 PM,57,23,34
07/10/2018 01:00:00 PM,84,37,47
07/10/2018 02:00:00 PM,78,48,30
07/10/2018 03:00:00 PM,146,101,45
07/10/2018 04:00:00 PM,310,242,68
07/10/2018 05:00:00 PM,557,473,84
07/10/2018 06:00:00 PM,410,330,80
07/10/2018 07:00:00 PM,226,167,59
07/10/2018 08:00:00 PM,163,114,49
07/10/2018 09:00:00 PM,86,49,37
07/10/2018 10:00:00 PM,34,22,12
07/10/2018 11:00:00 PM,13,7,6
07/11/2018 12:00:00 AM,5,5,0
07/11/2018 01:00:00 AM,2,2,0
07/11/2018 02:00:00 AM,1,0,1
07/11/2018 03:00:00 AM,3,1,2
07/11/2018 04:00:00 AM,9,4,5
07/11/2018 05:00:00 AM,31,10,21
07/11/2018 06:00:00 AM,98,20,78
07/11/2018 07:00:00 AM,338,35,303
07/11/2018 08:00:00 AM,477,42,435
07/11/2018 09:00:00 AM,299,37,262
07/11/2018 10:00:00 AM,126,30,96
07/11/2018 11:00:00 AM,75,27,48
07/11/2018 12:00:00 PM,72,33,39
07/11/2018 01:00:00 PM,86,50,36
07/11/2018 02:00:00 PM,98,69,29
07/11/2018 03:00:00 PM,129,96,33
07/11/2018 04:00:00 PM,313,251,62
07/11/2018 05:00:00 PM,564,485,79
07/11/2018 06:00:00 PM,406,322,84
07/11/2018 07:00:00 PM,214,153,61
07/11/2018 08:00:00 PM,143,83,60
07/11/2018 09:00:00 PM,90,54,36
07/11/2018 10:00:00 PM,42,28,14
07/11/2018 11:00:00 PM,27,14,13
07/12/2018 12:00:00 AM,7,4,3
07/12/2018 01:00:00 AM,5,4,1
07/12/2018 02:00:00 AM,3,1,2
07/12/2018 03:00:00 AM,2,1,1
07/12/2018 04:00:00 AM,10,3,7
07/12/2018 05:00:00 AM,29,10,19
07/12/2018 06:00:00 AM,101,25,76
07/12/2018 07:00:00 AM,290,26,264
07/12/2018 08:00:00 AM,484,47,437
07/12/2018 09:00:00 AM,286,33,253
07/12/2018 10:00:00 AM,127,32,95
07/12/2018 11:00:00 AM,79,26,53
07/12/2018 12:00:00 PM,73,38,35
07/12/2018 01:00:00 PM,72,38,34
07/12/2018 02:00:00 PM,108,66,42
07/12/2018 03:00:00 PM,156,112,44
07/12/2018 04:00:00 PM,306,247,59
07/12/2018 05:00:00 PM,587,486,101
07/12/2018 06:00:00 PM,412,332,80
07/12/2018 07:00:00 PM,190,152,38
07/12/2018 08:00:00 PM,178,113,65
07/12/2018 09:00:00 PM,90,48,42
07/12/2018 10:00:00 PM,70,38,32
07/12/2018 11:00:00 PM,32,17,15
07/13/2018 12:00:00 AM,17,9,8
07/13/2018 01:00:00 AM,5,5,0
07/13/2018 02:00:00 AM,6,3,3
07/13/2018 03:00:00 AM,2,0,2
07/13/2018 04:00:00 AM,9,7,2
07/13/2018 05:00:00 AM,21,6,15
07/13/2018 06:00:00 AM,83,26,57
07/13/2018 07:00:00 AM,261,35,226
07/13/2018 08:00:00 AM,376,39,337
07/13/2018 09:00:00 AM,263,62,201
07/13/2018 10:00:00 AM,117,26,91
07/13/2018 11:00:00 AM,64,29,35
07/13/2018 12:00:00 PM,85,39,46
07/13/2018 01:00:00 PM,75,45,30
07/13/2018 02:00:00 PM,124,87,37
07/13/2018 03:00:00 PM,156,115,41
07/13/2018 04:00:00 PM,276,221,55
07/13/2018 05:00:00 PM,451,387,64
07/13/2018 06:00:00 PM,275,219,56
07/13/2018 07:00:00 PM,189,136,53
07/13/2018 08:00:00 PM,125,89,36
07/13/2018 09:00:00 PM,61,23,38
07/13/2018 10:00:00 PM,54,30,24
07/13/2018 11:00:00 PM,35,19,16
07/14/2018 12:00:00 AM,11,5,6
07/14/2018 01:00:00 AM,9,7,2
07/14/2018 02:00:00 AM,3,3,0
07/14/2018 03:00:00 AM,6,3,3
07/14/2018 04:00:00 AM,15,11,4
07/14/2018 05:00:00 AM,7,4,3
07/14/2018 06:00:00 AM,28,17,11
07/14/2018 07:00:00 AM,30,13,17
07/14/2018 08:00:00 AM,32,18,14
07/14/2018 09:00:00 AM,70,36,34
07/14/2018 10:00:00 AM,104,55,49
07/14/2018 11:00:00 AM,111,66,45
07/14/2018 12:00:00 PM,146,86,60
07/14/2018 01:00:00 PM,146,78,68
07/14/2018 02:00:00 PM,170,91,79
07/14/2018 03:00:00 PM,151,79,72
07/14/2018 04:00:00 PM,164,90,74
07/14/2018 05:00:00 PM,102,51,51
07/14/2018 06:00:00 PM,92,47,45
07/14/2018 07:00:00 PM,69,43,26
07/14/2018 08:00:00 PM,96,46,50
07/14/2018 09:00:00 PM,57,23,34
07/14/2018 10:00:00 PM,38,15,23
07/14/2018 11:00:00 PM,33,15,18
07/15/2018 12:00:00 AM,10,5,5
07/15/2018 01:00:00 AM,9,4,5
07/15/2018 02:00:00 AM,5,2,3
07/15/2018 03:00:00 AM,6,2,4
07/15/2018 04:00:00 AM,3,0,3
07/15/2018 05:00:00 AM,9,4,5
07/15/2018 06:00:00 AM,24,15,9
07/15/2018 07:00:00 AM,39,14,25
07/15/2018 08:00:00 AM,56,26,30
07/15/2018 09:00:00 AM,56,31,25
07/15/2018 10:00:00 AM,114,68,46
07/15/2018 11:00:00 AM,142,73,69
07/15/2018 12:00:00 PM,126,72,54
07/15/2018 01:00:00 PM,136,78,58
07/15/2018 02:00:00 PM,132,65,67
07/15/2018 03:00:00 PM,135,73,62
07/15/2018 04:00:00 PM,97,47,50
07/15/2018 05:00:00 PM,89,43,46
07/15/2018 06:00:00 PM,85,37,48
07/15/2018 07:00:00 PM,77,38,39
07/15/2018 08:00:00 PM,60,31,29
07/15/2018 09:00:00 PM,48,20,28
07/15/2018 10:00:00 PM,27,10,17
07/15/2018 11:00:00 PM,16,10,6
07/16/2018 12:00:00 AM,1,1,0
07/16/2018 01:00:00 AM,0,0,0
07/16/2018 02:00:00 AM,1,1,0
07/16/2018 03:00:00 AM,2,1,1
07/16/2018 04:00:00 AM,9,4,5
07/16/2018 05:00:00 AM,29,11,18
07/16/2018 06:00:00 AM,89,19,70
07/16/2018 07:00:00 AM,316,25,291
07/16/2018 08:00:00 AM,476,48,428
07/16/2018 09:00:00 AM,295,37,258
07/16/2018 10:00:00 AM,115,35,80
07/16/2018 11:00:00 AM,70,25,45
07/16/2018 12:00:00 PM,68,27,41
07/16/2018 01:00:00 PM,71,32,39
07/16/2018 02:00:00 PM,66,42,24
07/16/2018 03:00:00 PM,129,97,32
07/16/2018 04:00:00 PM,298,244,54
07/16/2018 05:00:00 PM,546,482,64
07/16/2018 06:00:00 PM,371,317,54
07/16/2018 07:00:00 PM,74,56,18
07/16/2018 08:00:00 PM,0,0,0
07/16/2018 09:00:00 PM,0,0,0
07/16/2018 10:00:00 PM,0,0,0
07/16/2018 11:00:00 PM,0,0,0
07/17/2018 12:00:00 AM,0,0,0
07/17/2018 01:00:00 AM,0,0,0
07/17/2018 02:00:00 AM,0,0,0
07/17/2018 03:00:00 AM,0,0,0
07/17/2018 04:00:00 AM,0,0,0
07/17/2018 05:00:00 AM,0,0,0
07/17/2018 06:00:00 AM,0,0,0
07/17/2018 07:00:00 AM,0,0,0
07/17/2018 08:00:00 AM,0,0,0
07/17/2018 09:00:00 AM,0,0,0
07/17/2018 10:00:00 AM,0,0,0
07/17/2018 11:00:00 AM,0,0,0
07/17/2018 12:00:00 PM,0,0,0
07/17/2018 01:00:00 PM,0,0,0
07/17/2018 02:00:00 PM,0,0,0
07/17/2018 03:00:00 PM,0,0,0
07/17/2018 04:00:00 PM,0,0,0
07/17/2018 05:00:00 PM,0,0,0
07/17/2018 06:00:00 PM,0,0,0
07/17/2018 07:00:00 PM,0,0,0
07/17/2018 08:00:00 PM,0,0,0
07/17/2018 09:00:00 PM,0,0,0
07/17/2018 10:00:00 PM,0,0,0
07/17/2018 11:00:00 PM,0,0,0
07/18/2018 12:00:00 AM,0,0,0
07/18/2018 01:00:00 AM,0,0,0
07/18/2018 02:00:00 AM,0,0,0
07/18/2018 03:00:00 AM,0,0,0
07/18/2018 04:00:00 AM,0,0,0
07/18/2018 05:00:00 AM,0,0,0
07/18/2018 06:00:00 AM,0,0,0
07/18/2018 07:00:00 AM,0,0,0
07/18/2018 08:00:00 AM,0,0,0
07/18/2018 09:00:00 AM,0,0,0
07/18/2018 10:00:00 AM,0,0,0
07/18/2018 11:00:00 AM,0,0,0
07/18/2018 12:00:00 PM,0,0,0
07/18/2018 01:00:00 PM,0,0,0
07/18/2018 02:00:00 PM,0,0,0
07/18/2018 03:00:00 PM,0,0,0
07/18/2018 04:00:00 PM,0,0,0
07/18/2018 05:00:00 PM,1,0,1
07/18/2018 06:00:00 PM,0,0,0
07/18/2018 07:00:00 PM,0,0,0
07/18/2018 08:00:00 PM,0,0,0
07/18/2018 09:00:00 PM,0,0,0
07/18/2018 10:00:00 PM,0,0,0
07/18/2018 11:00:00 PM,0,0,0
07/19/2018 12:00:00 AM,0,0,0
07/19/2018 01:00:00 AM,0,0,0
07/19/2018 02:00:00 AM,0,0,0
07/19/2018 03:00:00 AM,0,0,0
07/19/2018 04:00:00 AM,0,0,0
07/19/2018 05:00:00 AM,0,0,0
07/19/2018 06:00:00 AM,0,0,0
07/19/2018 07:00:00 AM,0,0,0
07/19/2018 08:00:00 AM,0,0,0
07/19/2018 09:00:00 AM,0,0,0
07/19/2018 10:00:00 AM,0,0,0
07/19/2018 11:00:00 AM,0,0,0
07/19/2018 12:00:00 PM,0,0,0
07/19/2018 01:00:00 PM,46,21,25
07/19/2018 02:00:00 PM,97,56,41
07/19/2018 03:00:00 PM,125,93,32
07/19/2018 04:00:00 PM,298,240,58
07/19/2018 05:00:00 PM,491,433,58
07/19/2018 06:00:00 PM,295,245,50
07/19/2018 07:00:00 PM,180,141,39
07/19/2018 08:00:00 PM,109,69,40
07/19/2018 09:00:00 PM,50,31,19
07/19/2018 10:00:00 PM,43,18,25
07/19/2018 11:00:00 PM,18,13,5
07/20/2018 12:00:00 AM,12,7,5
07/20/2018 01:00:00 AM,3,2,1
07/20/2018 02:00:00 AM,1,0,1
07/20/2018 03:00:00 AM,3,1,2
07/20/2018 04:00:00 AM,8,3,5
07/20/2018 05:00:00 AM,22,5,17
07/20/2018 06:00:00 AM,94,19,75
07/20/2018 07:00:00 AM,214,31,183
07/20/2018 08:00:00 AM,327,21,306
07/20/2018 09:00:00 AM,183,23,160
07/20/2018 10:00:00 AM,103,30,73
07/20/2018 11:00:00 AM,92,37,55
07/20/2018 12:00:00 PM,65,32,33
07/20/2018 01:00:00 PM,89,48,41
07/20/2018 02:00:00 PM,126,76,50
07/20/2018 03:00:00 PM,196,132,64
07/20/2018 04:00:00 PM,299,237,62
07/20/2018 05:00:00 PM,388,321,67
07/20/2018 06:00:00 PM,243,180,63
07/20/2018 07:00:00 PM,137,92,45
07/20/2018 08:00:00 PM,102,70,32
07/20/2018 09:00:00 PM,48,30,18
07/20/2018 10:00:00 PM,32,23,9
07/20/2018 11:00:00 PM,22,9,13
07/21/2018 12:00:00 AM,13,7,6
07/21/2018 01:00:00 AM,10,7,3
07/21/2018 02:00:00 AM,7,6,1
07/21/2018 03:00:00 AM,5,4,1
07/21/2018 04:00:00 AM,5,1,4
07/21/2018 05:00:00 AM,9,4,5
07/21/2018 06:00:00 AM,19,10,9
07/21/2018 07:00:00 AM,29,16,13
07/21/2018 08:00:00 AM,76,36,40
07/21/2018 09:00:00 AM,58,21,37
07/21/2018 10:00:00 AM,85,43,42
07/21/2018 11:00:00 AM,136,61,75
07/21/2018 12:00:00 PM,146,81,65
07/21/2018 01:00:00 PM,139,83,56
07/21/2018 02:00:00 PM,189,99,90
07/21/2018 03:00:00 PM,168,96,72
07/21/2018 04:00:00 PM,134,62,72
07/21/2018 05:00:00 PM,143,81,62
07/21/2018 06:00:00 PM,118,54,64
07/21/2018 07:00:00 PM,74,32,42
07/21/2018 08:00:00 PM,60,36,24
07/21/2018 09:00:00 PM,55,25,30
07/21/2018 10:00:00 PM,26,12,14
07/21/2018 11:00:00 PM,28,17,11
07/22/2018 12:00:00 AM,16,8,8
07/22/2018 01:00:00 AM,9,5,4
07/22/2018 02:00:00 AM,5,2,3
07/22/2018 03:00:00 AM,3,3,0
07/22/2018 04:00:00 AM,20,7,13
07/22/2018 05:00:00 AM,3,1,2
07/22/2018 06:00:00 AM,9,2,7
07/22/2018 07:00:00 AM,24,10,14
07/22/2018 08:00:00 AM,40,19,21
07/22/2018 09:00:00 AM,77,33,44
07/22/2018 10:00:00 AM,102,49,53
07/22/2018 11:00:00 AM,126,56,70
07/22/2018 12:00:00 PM,148,73,75
07/22/2018 01:00:00 PM,139,76,63
07/22/2018 02:00:00 PM,155,80,75
07/22/2018 03:00:00 PM,125,67,58
07/22/2018 04:00:00 PM,128,70,58
07/22/2018 05:00:00 PM,108,56,52
07/22/2018 06:00:00 PM,77,40,37
07/22/2018 07:00:00 PM,84,50,34
07/22/2018 08:00:00 PM,47,26,21
07/22/2018 09:00:00 PM,47,11,36
07/22/2018 10:00:00 PM,14,10,4
07/22/2018 11:00:00 PM,11,9,2
07/23/2018 12:00:00 AM,4,3,1
07/23/2018 01:00:00 AM,7,5,2
07/23/2018 02:00:00 AM,3,1,2
07/23/2018 03:00:00 AM,3,2,1
07/23/2018 04:00:00 AM,12,7,5
07/23/2018 05:00:00 AM,26,8,18
07/23/2018 06:00:00 AM,99,18,81
07/23/2018 07:00:00 AM,300,27,273
07/23/2018 08:00:00 AM,479,35,444
07/23/2018 09:00:00 AM,262,32,230
07/23/2018 10:00:00 AM,112,32,80
07/23/2018 11:00:00 AM,69,23,46
07/23/2018 12:00:00 PM,83,31,52
07/23/2018 01:00:00 PM,66,31,35
07/23/2018 02:00:00 PM,87,52,35
07/23/2018 03:00:00 PM,140,98,42
07/23/2018 04:00:00 PM,312,258,54
07/23/2018 05:00:00 PM,580,499,81
07/23/2018 06:00:00 PM,377,331,46
07/23/2018 07:00:00 PM,179,118,61
07/23/2018 08:00:00 PM,114,75,39
07/23/2018 09:00:00 PM,58,37,21
07/23/2018 10:00:00 PM,37,20,17
07/23/2018 11:00:00 PM,17,12,5
07/24/2018 12:00:00 AM,3,1,2
07/24/2018 01:00:00 AM,0,0,0
07/24/2018 02:00:00 AM,3,1,2
07/24/2018 03:00:00 AM,2,2,0
07/24/2018 04:00:00 AM,7,2,5
07/24/2018 05:00:00 AM,30,4,26
07/24/2018 06:00:00 AM,134,27,107
07/24/2018 07:00:00 AM,349,35,314
07/24/2018 08:00:00 AM,511,40,471
07/24/2018 09:00:00 AM,258,34,224
07/24/2018 10:00:00 AM,113,24,89
07/24/2018 11:00:00 AM,73,31,42
07/24/2018 12:00:00 PM,75,33,42
07/24/2018 01:00:00 PM,85,45,40
07/24/2018 02:00:00 PM,100,53,47
07/24/2018 03:00:00 PM,166,118,48
07/24/2018 04:00:00 PM,324,264,60
07/24/2018 05:00:00 PM,607,512,95
07/24/2018 06:00:00 PM,431,340,91
07/24/2018 07:00:00 PM,183,129,54
07/24/2018 08:00:00 PM,134,85,49
07/24/2018 09:00:00 PM,66,45,21
07/24/2018 10:00:00 PM,58,31,27
07/24/2018 11:00:00 PM,22,16,6
07/25/2018 12:00:00 AM,6,3,3
07/25/2018 01:00:00 AM,4,3,1
07/25/2018 02:00:00 AM,2,2,0
07/25/2018 03:00:00 AM,2,2,0
07/25/2018 04:00:00 AM,15,8,7
07/25/2018 05:00:00 AM,35,12,23
07/25/2018 06:00:00 AM,121,24,97
07/25/2018 07:00:00 AM,330,30,300
07/25/2018 08:00:00 AM,479,47,432
07/25/2018 09:00:00 AM,259,34,225
07/25/2018 10:00:00 AM,113,21,92
07/25/2018 11:00:00 AM,76,24,52
07/25/2018 12:00:00 PM,64,32,32
07/25/2018 01:00:00 PM,84,43,41
07/25/2018 02:00:00 PM,85,60,25
07/25/2018 03:00:00 PM,168,127,41
07/25/2018 04:00:00 PM,334,272,62
07/25/2018 05:00:00 PM,545,460,85
07/25/2018 06:00:00 PM,395,321,74
07/25/2018 07:00:00 PM,194,158,36
07/25/2018 08:00:00 PM,156,112,44
07/25/2018 09:00:00 PM,70,41,29
07/25/2018 10:00:00 PM,43,27,16
07/25/2018 11:00:00 PM,21,12,9
07/26/2018 12:00:00 AM,8,5,3
07/26/2018 01:00:00 AM,1,1,0
07/26/2018 02:00:00 AM,2,2,0
07/26/2018 03:00:00 AM,2,1,1
07/26/2018 04:00:00 AM,6,3,3
07/26/2018 05:00:00 AM,41,15,26
07/26/2018 06:00:00 AM,121,26,95
07/26/2018 07:00:00 AM,289,36,253
07/26/2018 08:00:00 AM,492,51,441
07/26/2018 09:00:00 AM,290,42,248
07/26/2018 10:00:00 AM,117,30,87
07/26/2018 11:00:00 AM,82,36,46
07/26/2018 12:00:00 PM,76,31,45
07/26/2018 01:00:00 PM,87,45,42
07/26/2018 02:00:00 PM,103,68,35
07/26/2018 03:00:00 PM,170,110,60
07/26/2018 04:00:00 PM,323,275,48
07/26/2018 05:00:00 PM,587,503,84
07/26/2018 06:00:00 PM,339,274,65
07/26/2018 07:00:00 PM,221,151,70
07/26/2018 08:00:00 PM,122,81,41
07/26/2018 09:00:00 PM,93,59,34
07/26/2018 10:00:00 PM,50,27,23
07/26/2018 11:00:00 PM,29,13,16
07/27/2018 12:00:00 AM,8,6,2
07/27/2018 01:00:00 AM,9,3,6
07/27/2018 02:00:00 AM,6,2,4
07/27/2018 03:00:00 AM,2,2,0
07/27/2018 04:00:00 AM,10,6,4
07/27/2018 05:00:00 AM,17,3,14
07/27/2018 06:00:00 AM,102,24,78
07/27/2018 07:00:00 AM,264,35,229
07/27/2018 08:00:00 AM,414,59,355
07/27/2018 09:00:00 AM,245,28,217
07/27/2018 10:00:00 AM,114,33,81
07/27/2018 11:00:00 AM,76,37,39
07/27/2018 12:00:00 PM,76,35,41
07/27/2018 01:00:00 PM,91,47,44
07/27/2018 02:00:00 PM,140,89,51
07/27/2018 03:00:00 PM,190,143,47
07/27/2018 04:00:00 PM,334,261,73
07/27/2018 05:00:00 PM,442,365,77
07/27/2018 06:00:00 PM,288,222,66
07/27/2018 07:00:00 PM,133,88,45
07/27/2018 08:00:00 PM,118,62,56
07/27/2018 09:00:00 PM,70,43,27
07/27/2018 10:00:00 PM,46,28,18
07/27/2018 11:00:00 PM,32,16,16
07/28/2018 12:00:00 AM,13,12,1
07/28/2018 01:00:00 AM,19,15,4
07/28/2018 02:00:00 AM,5,3,2
07/28/2018 03:00:00 AM,3,3,0
07/28/2018 04:00:00 AM,5,2,3
07/28/2018 05:00:00 AM,6,2,4
07/28/2018 06:00:00 AM,19,9,10
07/28/2018 07:00:00 AM,30,12,18
07/28/2018 08:00:00 AM,77,46,31
07/28/2018 09:00:00 AM,66,24,42
07/28/2018 10:00:00 AM,101,50,51
07/28/2018 11:00:00 AM,148,57,91
07/28/2018 12:00:00 PM,106,53,53
07/28/2018 01:00:00 PM,161,82,79
07/28/2018 02:00:00 PM,150,83,67
07/28/2018 03:00:00 PM,139,74,65
07/28/2018 04:00:00 PM,139,69,70
07/28/2018 05:00:00 PM,127,67,60
07/28/2018 06:00:00 PM,108,49,59
07/28/2018 07:00:00 PM,90,49,41
07/28/2018 08:00:00 PM,64,21,43
07/28/2018 09:00:00 PM,56,32,24
07/28/2018 10:00:00 PM,28,18,10
07/28/2018 11:00:00 PM,27,16,11
07/29/2018 12:00:00 AM,14,8,6
07/29/2018 01:00:00 AM,7,3,4
07/29/2018 02:00:00 AM,7,5,2
07/29/2018 03:00:00 AM,4,3,1
07/29/2018 04:00:00 AM,4,0,4
07/29/2018 05:00:00 AM,10,3,7
07/29/2018 06:00:00 AM,4,2,2
07/29/2018 07:00:00 AM,22,11,11
07/29/2018 08:00:00 AM,47,23,24
07/29/2018 09:00:00 AM,78,48,30
07/29/2018 10:00:00 AM,86,42,44
07/29/2018 11:00:00 AM,156,81,75
07/29/2018 12:00:00 PM,117,59,58
07/29/2018 01:00:00 PM,161,69,92
07/29/2018 02:00:00 PM,108,58,50
07/29/2018 03:00:00 PM,145,84,61
07/29/2018 04:00:00 PM,173,85,88
07/29/2018 05:00:00 PM,100,43,57
07/29/2018 06:00:00 PM,103,54,49
07/29/2018 07:00:00 PM,93,45,48
07/29/2018 08:00:00 PM,75,42,33
07/29/2018 09:00:00 PM,54,24,30
07/29/2018 10:00:00 PM,11,5,6
07/29/2018 11:00:00 PM,15,12,3
07/30/2018 12:00:00 AM,5,3,2
07/30/2018 01:00:00 AM,5,3,2
07/30/2018 02:00:00 AM,2,2,0
07/30/2018 03:00:00 AM,4,1,3
07/30/2018 04:00:00 AM,9,5,4
07/30/2018 05:00:00 AM,30,9,21
07/30/2018 06:00:00 AM,96,13,83
07/30/2018 07:00:00 AM,321,43,278
07/30/2018 08:00:00 AM,455,43,412
07/30/2018 09:00:00 AM,274,43,231
07/30/2018 10:00:00 AM,109,24,85
07/30/2018 11:00:00 AM,73,29,44
07/30/2018 12:00:00 PM,76,35,41
07/30/2018 01:00:00 PM,87,49,38
07/30/2018 02:00:00 PM,95,49,46
07/30/2018 03:00:00 PM,138,103,35
07/30/2018 04:00:00 PM,300,256,44
07/30/2018 05:00:00 PM,538,460,78
07/30/2018 06:00:00 PM,368,295,73
07/30/2018 07:00:00 PM,170,127,43
07/30/2018 08:00:00 PM,131,84,47
07/30/2018 09:00:00 PM,54,33,21
07/30/2018 10:00:00 PM,33,22,11
07/30/2018 11:00:00 PM,16,13,3
07/31/2018 12:00:00 AM,10,3,7
07/31/2018 01:00:00 AM,3,2,1
07/31/2018 02:00:00 AM,1,1,0
07/31/2018 03:00:00 AM,4,2,2
07/31/2018 04:00:00 AM,10,4,6
07/31/2018 05:00:00 AM,35,7,28
07/31/2018 06:00:00 AM,115,29,86
07/31/2018 07:00:00 AM,334,38,296
07/31/2018 08:00:00 AM,491,39,452
07/31/2018 09:00:00 AM,282,33,249
07/31/2018 10:00:00 AM,135,26,109
07/31/2018 11:00:00 AM,64,22,42
07/31/2018 12:00:00 PM,67,25,42
07/31/2018 01:00:00 PM,76,47,29
07/31/2018 02:00:00 PM,81,48,33
07/31/2018 03:00:00 PM,142,101,41
07/31/2018 04:00:00 PM,359,297,62
07/31/2018 05:00:00 PM,556,475,81
07/31/2018 06:00:00 PM,405,345,60
07/31/2018 07:00:00 PM,206,159,47
07/31/2018 08:00:00 PM,125,79,46
07/31/2018 09:00:00 PM,82,46,36
07/31/2018 10:00:00 PM,52,35,17
07/31/2018 11:00:00 PM,19,15,4
08/01/2018 12:00:00 AM,13,6,7
08/01/2018 01:00:00 AM,4,4,0
08/01/2018 02:00:00 AM,1,0,1
08/01/2018 03:00:00 AM,2,1,1
08/01/2018 04:00:00 AM,10,5,5
08/01/2018 05:00:00 AM,30,7,23
08/01/2018 06:00:00 AM,120,26,94
08/01/2018 07:00:00 AM,277,35,242
08/01/2018 08:00:00 AM,497,41,456
08/01/2018 09:00:00 AM,254,34,220
08/01/2018 10:00:00 AM,133,29,104
08/01/2018 11:00:00 AM,80,26,54
08/01/2018 12:00:00 PM,62,21,41
08/01/2018 01:00:00 PM,74,37,37
08/01/2018 02:00:00 PM,92,58,34
08/01/2018 03:00:00 PM,140,114,26
08/01/2018 04:00:00 PM,348,284,64
08/01/2018 05:00:00 PM,586,514,72
08/01/2018 06:00:00 PM,391,335,56
08/01/2018 07:00:00 PM,203,145,58
08/01/2018 08:00:00 PM,133,81,52
08/01/2018 09:00:00 PM,74,41,33
08/01/2018 10:00:00 PM,27,17,10
08/01/2018 11:00:00 PM,19,11,8
08/02/2018 12:00:00 AM,10,6,4
08/02/2018 01:00:00 AM,5,2,3
08/02/2018 02:00:00 AM,3,3,0
08/02/2018 03:00:00 AM,2,1,1
08/02/2018 04:00:00 AM,4,2,2
08/02/2018 05:00:00 AM,32,8,24
08/02/2018 06:00:00 AM,102,22,80
08/02/2018 07:00:00 AM,253,40,213
08/02/2018 08:00:00 AM,433,46,387
08/02/2018 09:00:00 AM,245,31,214
08/02/2018 10:00:00 AM,127,29,98
08/02/2018 11:00:00 AM,71,27,44
08/02/2018 12:00:00 PM,52,24,28
08/02/2018 01:00:00 PM,55,31,24
08/02/2018 02:00:00 PM,83,53,30
08/02/2018 03:00:00 PM,121,83,38
08/02/2018 04:00:00 PM,287,245,42
08/02/2018 05:00:00 PM,448,376,72
08/02/2018 06:00:00 PM,356,283,73
08/02/2018 07:00:00 PM,150,111,39
08/02/2018 08:00:00 PM,86,53,33
08/02/2018 09:00:00 PM,66,40,26
08/02/2018 10:00:00 PM,32,22,10
08/02/2018 11:00:00 PM,16,12,4
08/03/2018 12:00:00 AM,4,3,1
08/03/2018 01:00:00 AM,3,2,1
08/03/2018 02:00:00 AM,1,1,0
08/03/2018 03:00:00 AM,6,4,2
08/03/2018 04:00:00 AM,10,7,3
08/03/2018 05:00:00 AM,20,5,15
08/03/2018 06:00:00 AM,69,16,53
08/03/2018 07:00:00 AM,185,25,160
08/03/2018 08:00:00 AM,313,36,277
08/03/2018 09:00:00 AM,175,26,149
08/03/2018 10:00:00 AM,104,36,68
08/03/2018 11:00:00 AM,80,35,45
08/03/2018 12:00:00 PM,77,33,44
08/03/2018 01:00:00 PM,77,49,28
08/03/2018 02:00:00 PM,97,66,31
08/03/2018 03:00:00 PM,154,112,42
08/03/2018 04:00:00 PM,292,223,69
08/03/2018 05:00:00 PM,369,287,82
08/03/2018 06:00:00 PM,241,154,87
08/03/2018 07:00:00 PM,131,83,48
08/03/2018 08:00:00 PM,91,53,38
08/03/2018 09:00:00 PM,65,39,26
08/03/2018 10:00:00 PM,40,27,13
08/03/2018 11:00:00 PM,30,23,7
08/04/2018 12:00:00 AM,12,11,1
08/04/2018 01:00:00 AM,10,7,3
08/04/2018 02:00:00 AM,6,3,3
08/04/2018 03:00:00 AM,2,2,0
08/04/2018 04:00:00 AM,7,2,5
08/04/2018 05:00:00 AM,0,0,0
08/04/2018 06:00:00 AM,0,0,0
08/04/2018 07:00:00 AM,0,0,0
08/04/2018 08:00:00 AM,0,0,0
08/04/2018 09:00:00 AM,0,0,0
08/04/2018 10:00:00 AM,0,0,0
08/04/2018 11:00:00 AM,0,0,0
08/04/2018 12:00:00 PM,0,0,0
08/04/2018 01:00:00 PM,0,0,0
08/04/2018 02:00:00 PM,0,0,0
08/04/2018 03:00:00 PM,0,0,0
08/04/2018 04:00:00 PM,0,0,0
08/04/2018 05:00:00 PM,0,0,0
08/04/2018 06:00:00 PM,0,0,0
08/04/2018 07:00:00 PM,0,0,0
08/04/2018 08:00:00 PM,0,0,0
08/04/2018 09:00:00 PM,0,0,0
08/04/2018 10:00:00 PM,0,0,0
08/04/2018 11:00:00 PM,0,0,0
08/05/2018 12:00:00 AM,0,0,0
08/05/2018 01:00:00 AM,0,0,0
08/05/2018 02:00:00 AM,0,0,0
08/05/2018 03:00:00 AM,0,0,0
08/05/2018 04:00:00 AM,0,0,0
08/05/2018 05:00:00 AM,0,0,0
08/05/2018 06:00:00 AM,0,0,0
08/05/2018 07:00:00 AM,0,0,0
08/05/2018 08:00:00 AM,0,0,0
08/05/2018 09:00:00 AM,0,0,0
08/05/2018 10:00:00 AM,0,0,0
08/05/2018 11:00:00 AM,0,0,0
08/05/2018 12:00:00 PM,0,0,0
08/05/2018 01:00:00 PM,0,0,0
08/05/2018 02:00:00 PM,0,0,0
08/05/2018 03:00:00 PM,0,0,0
08/05/2018 04:00:00 PM,0,0,0
08/05/2018 05:00:00 PM,0,0,0
08/05/2018 06:00:00 PM,0,0,0
08/05/2018 07:00:00 PM,0,0,0
08/05/2018 08:00:00 PM,0,0,0
08/05/2018 09:00:00 PM,0,0,0
08/05/2018 10:00:00 PM,0,0,0
08/05/2018 11:00:00 PM,0,0,0
08/06/2018 12:00:00 AM,0,0,0
08/06/2018 01:00:00 AM,0,0,0
08/06/2018 02:00:00 AM,0,0,0
08/06/2018 03:00:00 AM,0,0,0
08/06/2018 04:00:00 AM,0,0,0
08/06/2018 05:00:00 AM,0,0,0
08/06/2018 06:00:00 AM,0,0,0
08/06/2018 07:00:00 AM,0,0,0
08/06/2018 08:00:00 AM,0,0,0
08/06/2018 09:00:00 AM,0,0,0
08/06/2018 10:00:00 AM,0,0,0
08/06/2018 11:00:00 AM,0,0,0
08/06/2018 12:00:00 PM,0,0,0
08/06/2018 01:00:00 PM,0,0,0
08/06/2018 02:00:00 PM,0,0,0
08/06/2018 03:00:00 PM,0,0,0
08/06/2018 04:00:00 PM,0,0,0
08/06/2018 05:00:00 PM,0,0,0
08/06/2018 06:00:00 PM,0,0,0
08/06/2018 07:00:00 PM,0,0,0
08/06/2018 08:00:00 PM,0,0,0
08/06/2018 09:00:00 PM,0,0,0
08/06/2018 10:00:00 PM,0,0,0
08/06/2018 11:00:00 PM,0,0,0
08/07/2018 12:00:00 AM,0,0,0
08/07/2018 01:00:00 AM,0,0,0
08/07/2018 02:00:00 AM,0,0,0
08/07/2018 03:00:00 AM,0,0,0
08/07/2018 04:00:00 AM,0,0,0
08/07/2018 05:00:00 AM,0,0,0
08/07/2018 06:00:00 AM,0,0,0
08/07/2018 07:00:00 AM,0,0,0
08/07/2018 08:00:00 AM,0,0,0
08/07/2018 09:00:00 AM,0,0,0
08/07/2018 10:00:00 AM,0,0,0
08/07/2018 11:00:00 AM,0,0,0
08/07/2018 12:00:00 PM,0,0,0
08/07/2018 01:00:00 PM,0,0,0
08/07/2018 02:00:00 PM,0,0,0
08/07/2018 03:00:00 PM,0,0,0
08/07/2018 04:00:00 PM,0,0,0
08/07/2018 05:00:00 PM,0,0,0
08/07/2018 06:00:00 PM,0,0,0
08/07/2018 07:00:00 PM,0,0,0
08/07/2018 08:00:00 PM,0,0,0
08/07/2018 09:00:00 PM,0,0,0
08/07/2018 10:00:00 PM,0,0,0
08/07/2018 11:00:00 PM,0,0,0
08/08/2018 12:00:00 AM,0,0,0
08/08/2018 01:00:00 AM,0,0,0
08/08/2018 02:00:00 AM,0,0,0
08/08/2018 03:00:00 AM,0,0,0
08/08/2018 04:00:00 AM,0,0,0
08/08/2018 05:00:00 AM,0,0,0
08/08/2018 06:00:00 AM,0,0,0
08/08/2018 07:00:00 AM,0,0,0
08/08/2018 08:00:00 AM,0,0,0
08/08/2018 09:00:00 AM,0,0,0
08/08/2018 10:00:00 AM,0,0,0
08/08/2018 11:00:00 AM,0,0,0
08/08/2018 12:00:00 PM,0,0,0
08/08/2018 01:00:00 PM,0,0,0
08/08/2018 02:00:00 PM,0,0,0
08/08/2018 03:00:00 PM,0,0,0
08/08/2018 04:00:00 PM,0,0,0
08/08/2018 05:00:00 PM,0,0,0
08/08/2018 06:00:00 PM,0,0,0
08/08/2018 07:00:00 PM,0,0,0
08/08/2018 08:00:00 PM,0,0,0
08/08/2018 09:00:00 PM,0,0,0
08/08/2018 10:00:00 PM,0,0,0
08/08/2018 11:00:00 PM,0,0,0
08/09/2018 12:00:00 AM,0,0,0
08/09/2018 01:00:00 AM,0,0,0
08/09/2018 02:00:00 AM,0,0,0
08/09/2018 03:00:00 AM,0,0,0
08/09/2018 04:00:00 AM,0,0,0
08/09/2018 05:00:00 AM,0,0,0
08/09/2018 06:00:00 AM,0,0,0
08/09/2018 07:00:00 AM,0,0,0
08/09/2018 08:00:00 AM,0,0,0
08/09/2018 09:00:00 AM,0,0,0
08/09/2018 10:00:00 AM,0,0,0
08/09/2018 11:00:00 AM,0,0,0
08/09/2018 12:00:00 PM,0,0,0
08/09/2018 01:00:00 PM,0,0,0
08/09/2018 02:00:00 PM,0,0,0
08/09/2018 03:00:00 PM,0,0,0
08/09/2018 04:00:00 PM,0,0,0
08/09/2018 05:00:00 PM,0,0,0
08/09/2018 06:00:00 PM,0,0,0
08/09/2018 07:00:00 PM,0,0,0
08/09/2018 08:00:00 PM,0,0,0
08/09/2018 09:00:00 PM,0,0,0
08/09/2018 10:00:00 PM,0,0,0
08/09/2018 11:00:00 PM,0,0,0
08/10/2018 12:00:00 AM,0,0,0
08/10/2018 01:00:00 AM,0,0,0
08/10/2018 02:00:00 AM,0,0,0
08/10/2018 03:00:00 AM,0,0,0
08/10/2018 04:00:00 AM,0,0,0
08/10/2018 05:00:00 AM,0,0,0
08/10/2018 06:00:00 AM,0,0,0
08/10/2018 07:00:00 AM,0,0,0
08/10/2018 08:00:00 AM,0,0,0
08/10/2018 09:00:00 AM,0,0,0
08/10/2018 10:00:00 AM,0,0,0
08/10/2018 11:00:00 AM,0,0,0
08/10/2018 12:00:00 PM,0,0,0
08/10/2018 01:00:00 PM,0,0,0
08/10/2018 02:00:00 PM,0,0,0
08/10/2018 03:00:00 PM,0,0,0
08/10/2018 04:00:00 PM,0,0,0
08/10/2018 05:00:00 PM,0,0,0
08/10/2018 06:00:00 PM,0,0,0
08/10/2018 07:00:00 PM,0,0,0
08/10/2018 08:00:00 PM,0,0,0
08/10/2018 09:00:00 PM,0,0,0
08/10/2018 10:00:00 PM,0,0,0
08/10/2018 11:00:00 PM,0,0,0
08/11/2018 12:00:00 AM,0,0,0
08/11/2018 01:00:00 AM,0,0,0
08/11/2018 02:00:00 AM,0,0,0
08/11/2018 03:00:00 AM,0,0,0
08/11/2018 04:00:00 AM,0,0,0
08/11/2018 05:00:00 AM,0,0,0
08/11/2018 06:00:00 AM,0,0,0
08/11/2018 07:00:00 AM,0,0,0
08/11/2018 08:00:00 AM,0,0,0
08/11/2018 09:00:00 AM,0,0,0
08/11/2018 10:00:00 AM,0,0,0
08/11/2018 11:00:00 AM,0,0,0
08/11/2018 12:00:00 PM,0,0,0
08/11/2018 01:00:00 PM,0,0,0
08/11/2018 02:00:00 PM,0,0,0
08/11/2018 03:00:00 PM,0,0,0
08/11/2018 04:00:00 PM,0,0,0
08/11/2018 05:00:00 PM,0,0,0
08/11/2018 06:00:00 PM,0,0,0
08/11/2018 07:00:00 PM,0,0,0
08/11/2018 08:00:00 PM,0,0,0
08/11/2018 09:00:00 PM,0,0,0
08/11/2018 10:00:00 PM,0,0,0
08/11/2018 11:00:00 PM,0,0,0
08/12/2018 12:00:00 AM,0,0,0
08/12/2018 01:00:00 AM,0,0,0
08/12/2018 02:00:00 AM,0,0,0
08/12/2018 03:00:00 AM,0,0,0
08/12/2018 04:00:00 AM,0,0,0
08/12/2018 05:00:00 AM,0,0,0
08/12/2018 06:00:00 AM,0,0,0
08/12/2018 07:00:00 AM,0,0,0
08/12/2018 08:00:00 AM,0,0,0
08/12/2018 09:00:00 AM,0,0,0
08/12/2018 10:00:00 AM,0,0,0
08/12/2018 11:00:00 AM,0,0,0
08/12/2018 12:00:00 PM,0,0,0
08/12/2018 01:00:00 PM,0,0,0
08/12/2018 02:00:00 PM,0,0,0
08/12/2018 03:00:00 PM,0,0,0
08/12/2018 04:00:00 PM,0,0,0
08/12/2018 05:00:00 PM,0,0,0
08/12/2018 06:00:00 PM,0,0,0
08/12/2018 07:00:00 PM,0,0,0
08/12/2018 08:00:00 PM,0,0,0
08/12/2018 09:00:00 PM,0,0,0
08/12/2018 10:00:00 PM,0,0,0
08/12/2018 11:00:00 PM,0,0,0
08/13/2018 12:00:00 AM,0,0,0
08/13/2018 01:00:00 AM,0,0,0
08/13/2018 02:00:00 AM,0,0,0
08/13/2018 03:00:00 AM,0,0,0
08/13/2018 04:00:00 AM,0,0,0
08/13/2018 05:00:00 AM,0,0,0
08/13/2018 06:00:00 AM,0,0,0
08/13/2018 07:00:00 AM,0,0,0
08/13/2018 08:00:00 AM,0,0,0
08/13/2018 09:00:00 AM,0,0,0
08/13/2018 10:00:00 AM,0,0,0
08/13/2018 11:00:00 AM,0,0,0
08/13/2018 12:00:00 PM,0,0,0
08/13/2018 01:00:00 PM,0,0,0
08/13/2018 02:00:00 PM,0,0,0
08/13/2018 03:00:00 PM,0,0,0
08/13/2018 04:00:00 PM,0,0,0
08/13/2018 05:00:00 PM,0,0,0
08/13/2018 06:00:00 PM,0,0,0
08/13/2018 07:00:00 PM,0,0,0
08/13/2018 08:00:00 PM,0,0,0
08/13/2018 09:00:00 PM,0,0,0
08/13/2018 10:00:00 PM,0,0,0
08/13/2018 11:00:00 PM,0,0,0
08/14/2018 12:00:00 AM,0,0,0
08/14/2018 01:00:00 AM,0,0,0
08/14/2018 02:00:00 AM,0,0,0
08/14/2018 03:00:00 AM,0,0,0
08/14/2018 04:00:00 AM,0,0,0
08/14/2018 05:00:00 AM,0,0,0
08/14/2018 06:00:00 AM,0,0,0
08/14/2018 07:00:00 AM,0,0,0
08/14/2018 08:00:00 AM,0,0,0
08/14/2018 09:00:00 AM,0,0,0
08/14/2018 10:00:00 AM,0,0,0
08/14/2018 11:00:00 AM,0,0,0
08/14/2018 12:00:00 PM,0,0,0
08/14/2018 01:00:00 PM,0,0,0
08/14/2018 02:00:00 PM,0,0,0
08/14/2018 03:00:00 PM,0,0,0
08/14/2018 04:00:00 PM,0,0,0
08/14/2018 05:00:00 PM,0,0,0
08/14/2018 06:00:00 PM,0,0,0
08/14/2018 07:00:00 PM,0,0,0
08/14/2018 08:00:00 PM,0,0,0
08/14/2018 09:00:00 PM,0,0,0
08/14/2018 10:00:00 PM,0,0,0
08/14/2018 11:00:00 PM,0,0,0
08/15/2018 12:00:00 AM,0,0,0
08/15/2018 01:00:00 AM,0,0,0
08/15/2018 02:00:00 AM,0,0,0
08/15/2018 03:00:00 AM,0,0,0
08/15/2018 04:00:00 AM,0,0,0
08/15/2018 05:00:00 AM,0,0,0
08/15/2018 06:00:00 AM,0,0,0
08/15/2018 07:00:00 AM,0,0,0
08/15/2018 08:00:00 AM,0,0,0
08/15/2018 09:00:00 AM,0,0,0
08/15/2018 10:00:00 AM,0,0,0
08/15/2018 11:00:00 AM,0,0,0
08/15/2018 12:00:00 PM,6,1,5
08/15/2018 01:00:00 PM,2,0,2
08/15/2018 02:00:00 PM,0,0,0
08/15/2018 03:00:00 PM,0,0,0
08/15/2018 04:00:00 PM,0,0,0
08/15/2018 05:00:00 PM,0,0,0
08/15/2018 06:00:00 PM,0,0,0
08/15/2018 07:00:00 PM,0,0,0
08/15/2018 08:00:00 PM,0,0,0
08/15/2018 09:00:00 PM,0,0,0
08/15/2018 10:00:00 PM,0,0,0
08/15/2018 11:00:00 PM,0,0,0
08/16/2018 12:00:00 AM,0,0,0
08/16/2018 01:00:00 AM,0,0,0
08/16/2018 02:00:00 AM,0,0,0
08/16/2018 03:00:00 AM,0,0,0
08/16/2018 04:00:00 AM,0,0,0
08/16/2018 05:00:00 AM,0,0,0
08/16/2018 06:00:00 AM,0,0,0
08/16/2018 07:00:00 AM,0,0,0
08/16/2018 08:00:00 AM,0,0,0
08/16/2018 09:00:00 AM,0,0,0
08/16/2018 10:00:00 AM,0,0,0
08/16/2018 11:00:00 AM,0,0,0
08/16/2018 12:00:00 PM,0,0,0
08/16/2018 01:00:00 PM,0,0,0
08/16/2018 02:00:00 PM,0,0,0
08/16/2018 03:00:00 PM,0,0,0
08/16/2018 04:00:00 PM,0,0,0
08/16/2018 05:00:00 PM,0,0,0
08/16/2018 06:00:00 PM,0,0,0
08/16/2018 07:00:00 PM,0,0,0
08/16/2018 08:00:00 PM,0,0,0
08/16/2018 09:00:00 PM,0,0,0
08/16/2018 10:00:00 PM,0,0,0
08/16/2018 11:00:00 PM,0,0,0
08/17/2018 12:00:00 AM,0,0,0
08/17/2018 01:00:00 AM,0,0,0
08/17/2018 02:00:00 AM,0,0,0
08/17/2018 03:00:00 AM,0,0,0
08/17/2018 04:00:00 AM,0,0,0
08/17/2018 05:00:00 AM,0,0,0
08/17/2018 06:00:00 AM,0,0,0
08/17/2018 07:00:00 AM,0,0,0
08/17/2018 08:00:00 AM,0,0,0
08/17/2018 09:00:00 AM,0,0,0
08/17/2018 10:00:00 AM,0,0,0
08/17/2018 11:00:00 AM,59,23,36
08/17/2018 12:00:00 PM,76,39,37
08/17/2018 01:00:00 PM,98,52,46
08/17/2018 02:00:00 PM,91,59,32
08/17/2018 03:00:00 PM,142,101,41
08/17/2018 04:00:00 PM,308,241,67
08/17/2018 05:00:00 PM,386,299,87
08/17/2018 06:00:00 PM,227,165,62
08/17/2018 07:00:00 PM,131,97,34
08/17/2018 08:00:00 PM,94,57,37
08/17/2018 09:00:00 PM,76,49,27
08/17/2018 10:00:00 PM,48,26,22
08/17/2018 11:00:00 PM,35,28,7
08/18/2018 12:00:00 AM,15,9,6
08/18/2018 01:00:00 AM,13,6,7
08/18/2018 02:00:00 AM,8,6,2
08/18/2018 03:00:00 AM,4,1,3
08/18/2018 04:00:00 AM,5,2,3
08/18/2018 05:00:00 AM,4,2,2
08/18/2018 06:00:00 AM,13,8,5
08/18/2018 07:00:00 AM,26,12,14
08/18/2018 08:00:00 AM,34,13,21
08/18/2018 09:00:00 AM,76,33,43
08/18/2018 10:00:00 AM,96,50,46
08/18/2018 11:00:00 AM,113,36,77
08/18/2018 12:00:00 PM,145,58,87
08/18/2018 01:00:00 PM,124,62,62
08/18/2018 02:00:00 PM,125,72,53
08/18/2018 03:00:00 PM,151,85,66
08/18/2018 04:00:00 PM,121,59,62
08/18/2018 05:00:00 PM,109,58,51
08/18/2018 06:00:00 PM,133,71,62
08/18/2018 07:00:00 PM,86,42,44
08/18/2018 08:00:00 PM,37,18,19
08/18/2018 09:00:00 PM,34,20,14
08/18/2018 10:00:00 PM,32,20,12
08/18/2018 11:00:00 PM,26,22,4
08/19/2018 12:00:00 AM,22,9,13
08/19/2018 01:00:00 AM,3,2,1
08/19/2018 02:00:00 AM,5,3,2
08/19/2018 03:00:00 AM,2,2,0
08/19/2018 04:00:00 AM,2,1,1
08/19/2018 05:00:00 AM,3,1,2
08/19/2018 06:00:00 AM,4,1,3
08/19/2018 07:00:00 AM,24,13,11
08/19/2018 08:00:00 AM,45,22,23
08/19/2018 09:00:00 AM,58,27,31
08/19/2018 10:00:00 AM,95,45,50
08/19/2018 11:00:00 AM,109,60,49
08/19/2018 12:00:00 PM,148,64,84
08/19/2018 01:00:00 PM,140,79,61
08/19/2018 02:00:00 PM,123,64,59
08/19/2018 03:00:00 PM,107,40,67
08/19/2018 04:00:00 PM,115,57,58
08/19/2018 05:00:00 PM,103,60,43
08/19/2018 06:00:00 PM,58,32,26
08/19/2018 07:00:00 PM,65,38,27
08/19/2018 08:00:00 PM,25,18,7
08/19/2018 09:00:00 PM,11,5,6
08/19/2018 10:00:00 PM,13,1,12
08/19/2018 11:00:00 PM,8,6,2
08/20/2018 12:00:00 AM,3,2,1
08/20/2018 01:00:00 AM,0,0,0
08/20/2018 02:00:00 AM,1,1,0
08/20/2018 03:00:00 AM,3,3,0
08/20/2018 04:00:00 AM,11,7,4
08/20/2018 05:00:00 AM,21,4,17
08/20/2018 06:00:00 AM,75,14,61
08/20/2018 07:00:00 AM,223,28,195
08/20/2018 08:00:00 AM,337,30,307
08/20/2018 09:00:00 AM,163,27,136
08/20/2018 10:00:00 AM,100,27,73
08/20/2018 11:00:00 AM,51,22,29
08/20/2018 12:00:00 PM,49,28,21
08/20/2018 01:00:00 PM,47,25,22
08/20/2018 02:00:00 PM,54,31,23
08/20/2018 03:00:00 PM,89,58,31
08/20/2018 04:00:00 PM,193,159,34
08/20/2018 05:00:00 PM,357,310,47
08/20/2018 06:00:00 PM,211,178,33
08/20/2018 07:00:00 PM,88,69,19
08/20/2018 08:00:00 PM,62,42,20
08/20/2018 09:00:00 PM,40,30,10
08/20/2018 10:00:00 PM,20,17,3
08/20/2018 11:00:00 PM,12,10,2
08/21/2018 12:00:00 AM,5,4,1
08/21/2018 01:00:00 AM,0,0,0
08/21/2018 02:00:00 AM,4,2,2
08/21/2018 03:00:00 AM,3,2,1
08/21/2018 04:00:00 AM,8,3,5
08/21/2018 05:00:00 AM,16,6,10
08/21/2018 06:00:00 AM,61,14,47
08/21/2018 07:00:00 AM,162,22,140
08/21/2018 08:00:00 AM,246,30,216
08/21/2018 09:00:00 AM,119,23,96
08/21/2018 10:00:00 AM,62,10,52
08/21/2018 11:00:00 AM,45,24,21
08/21/2018 12:00:00 PM,35,15,20
08/21/2018 01:00:00 PM,38,16,22
08/21/2018 02:00:00 PM,58,40,18
08/21/2018 03:00:00 PM,67,44,23
08/21/2018 04:00:00 PM,152,120,32
08/21/2018 05:00:00 PM,272,233,39
08/21/2018 06:00:00 PM,194,151,43
08/21/2018 07:00:00 PM,102,74,28
08/21/2018 08:00:00 PM,57,38,19
08/21/2018 09:00:00 PM,26,21,5
08/21/2018 10:00:00 PM,13,10,3
08/21/2018 11:00:00 PM,13,8,5
08/22/2018 12:00:00 AM,2,2,0
08/22/2018 01:00:00 AM,5,2,3
08/22/2018 02:00:00 AM,1,1,0
08/22/2018 03:00:00 AM,2,1,1
08/22/2018 04:00:00 AM,6,4,2
08/22/2018 05:00:00 AM,23,6,17
08/22/2018 06:00:00 AM,47,11,36
08/22/2018 07:00:00 AM,158,17,141
08/22/2018 08:00:00 AM,236,29,207
08/22/2018 09:00:00 AM,131,19,112
08/22/2018 10:00:00 AM,65,16,49
08/22/2018 11:00:00 AM,41,12,29
08/22/2018 12:00:00 PM,32,15,17
08/22/2018 01:00:00 PM,46,26,20
08/22/2018 02:00:00 PM,55,44,11
08/22/2018 03:00:00 PM,68,46,22
08/22/2018 04:00:00 PM,144,110,34
08/22/2018 05:00:00 PM,272,236,36
08/22/2018 06:00:00 PM,165,142,23
08/22/2018 07:00:00 PM,105,77,28
08/22/2018 08:00:00 PM,64,47,17
08/22/2018 09:00:00 PM,26,19,7
08/22/2018 10:00:00 PM,21,14,7
08/22/2018 11:00:00 PM,11,5,6
08/23/2018 12:00:00 AM,1,1,0
08/23/2018 01:00:00 AM,2,2,0
08/23/2018 02:00:00 AM,3,2,1
08/23/2018 03:00:00 AM,2,1,1
08/23/2018 04:00:00 AM,4,4,0
08/23/2018 05:00:00 AM,22,5,17
08/23/2018 06:00:00 AM,63,12,51
08/23/2018 07:00:00 AM,156,21,135
08/23/2018 08:00:00 AM,270,33,237
08/23/2018 09:00:00 AM,167,25,142
08/23/2018 10:00:00 AM,71,21,50
08/23/2018 11:00:00 AM,56,12,44
08/23/2018 12:00:00 PM,38,15,23
08/23/2018 01:00:00 PM,75,48,27
08/23/2018 02:00:00 PM,64,40,24
08/23/2018 03:00:00 PM,87,68,19
08/23/2018 04:00:00 PM,187,146,41
08/23/2018 05:00:00 PM,345,279,66
08/23/2018 06:00:00 PM,263,216,47
08/23/2018 07:00:00 PM,145,107,38
08/23/2018 08:00:00 PM,108,65,43
08/23/2018 09:00:00 PM,30,21,9
08/23/2018 10:00:00 PM,39,24,15
08/23/2018 11:00:00 PM,12,5,7
08/24/2018 12:00:00 AM,10,7,3
08/24/2018 01:00:00 AM,3,2,1
08/24/2018 02:00:00 AM,6,2,4
08/24/2018 03:00:00 AM,3,3,0
08/24/2018 04:00:00 AM,12,7,5
08/24/2018 05:00:00 AM,16,7,9
08/24/2018 06:00:00 AM,64,15,49
08/24/2018 07:00:00 AM,197,15,182
08/24/2018 08:00:00 AM,324,38,286
08/24/2018 09:00:00 AM,191,30,161
08/24/2018 10:00:00 AM,89,27,62
08/24/2018 11:00:00 AM,58,21,37
08/24/2018 12:00:00 PM,65,28,37
08/24/2018 01:00:00 PM,75,47,28
08/24/2018 02:00:00 PM,85,56,29
08/24/2018 03:00:00 PM,153,110,43
08/24/2018 04:00:00 PM,284,230,54
08/24/2018 05:00:00 PM,347,276,71
08/24/2018 06:00:00 PM,220,170,50
08/24/2018 07:00:00 PM,110,74,36
08/24/2018 08:00:00 PM,68,45,23
08/24/2018 09:00:00 PM,37,25,12
08/24/2018 10:00:00 PM,30,19,11
08/24/2018 11:00:00 PM,15,12,3
08/25/2018 12:00:00 AM,19,13,6
08/25/2018 01:00:00 AM,10,6,4
08/25/2018 02:00:00 AM,7,1,6
08/25/2018 03:00:00 AM,1,1,0
08/25/2018 04:00:00 AM,6,4,2
08/25/2018 05:00:00 AM,3,2,1
08/25/2018 06:00:00 AM,14,6,8
08/25/2018 07:00:00 AM,12,5,7
08/25/2018 08:00:00 AM,30,14,16
08/25/2018 09:00:00 AM,35,14,21
08/25/2018 10:00:00 AM,47,22,25
08/25/2018 11:00:00 AM,39,24,15
08/25/2018 12:00:00 PM,59,30,29
08/25/2018 01:00:00 PM,87,57,30
08/25/2018 02:00:00 PM,80,35,45
08/25/2018 03:00:00 PM,74,25,49
08/25/2018 04:00:00 PM,66,35,31
08/25/2018 05:00:00 PM,61,40,21
08/25/2018 06:00:00 PM,70,39,31
08/25/2018 07:00:00 PM,42,18,24
08/25/2018 08:00:00 PM,27,10,17
08/25/2018 09:00:00 PM,24,14,10
08/25/2018 10:00:00 PM,19,14,5
08/25/2018 11:00:00 PM,14,10,4
08/26/2018 12:00:00 AM,8,6,2
08/26/2018 01:00:00 AM,9,6,3
08/26/2018 02:00:00 AM,4,3,1
08/26/2018 03:00:00 AM,4,2,2
08/26/2018 04:00:00 AM,3,1,2
08/26/2018 05:00:00 AM,5,3,2
08/26/2018 06:00:00 AM,6,3,3
08/26/2018 07:00:00 AM,16,7,9
08/26/2018 08:00:00 AM,30,11,19
08/26/2018 09:00:00 AM,34,12,22
08/26/2018 10:00:00 AM,42,27,15
08/26/2018 11:00:00 AM,68,32,36
08/26/2018 12:00:00 PM,86,46,40
08/26/2018 01:00:00 PM,81,51,30
08/26/2018 02:00:00 PM,72,41,31
08/26/2018 03:00:00 PM,88,43,45
08/26/2018 04:00:00 PM,88,50,38
08/26/2018 05:00:00 PM,66,39,27
08/26/2018 06:00:00 PM,68,27,41
08/26/2018 07:00:00 PM,31,19,12
08/26/2018 08:00:00 PM,20,16,4
08/26/2018 09:00:00 PM,5,2,3
08/26/2018 10:00:00 PM,6,3,3
08/26/2018 11:00:00 PM,6,4,2
08/27/2018 12:00:00 AM,5,3,2
08/27/2018 01:00:00 AM,2,2,0
08/27/2018 02:00:00 AM,1,1,0
08/27/2018 03:00:00 AM,1,1,0
08/27/2018 04:00:00 AM,9,4,5
08/27/2018 05:00:00 AM,30,11,19
08/27/2018 06:00:00 AM,74,9,65
08/27/2018 07:00:00 AM,260,27,233
08/27/2018 08:00:00 AM,396,30,366
08/27/2018 09:00:00 AM,214,31,183
08/27/2018 10:00:00 AM,86,19,67
08/27/2018 11:00:00 AM,58,14,44
08/27/2018 12:00:00 PM,58,21,37
08/27/2018 01:00:00 PM,67,43,24
08/27/2018 02:00:00 PM,90,53,37
08/27/2018 03:00:00 PM,133,92,41
08/27/2018 04:00:00 PM,281,229,52
08/27/2018 05:00:00 PM,442,397,45
08/27/2018 06:00:00 PM,351,284,67
08/27/2018 07:00:00 PM,174,122,52
08/27/2018 08:00:00 PM,92,54,38
08/27/2018 09:00:00 PM,38,23,15
08/27/2018 10:00:00 PM,31,18,13
08/27/2018 11:00:00 PM,16,10,6
08/28/2018 12:00:00 AM,5,4,1
08/28/2018 01:00:00 AM,2,2,0
08/28/2018 02:00:00 AM,2,2,0
08/28/2018 03:00:00 AM,0,0,0
08/28/2018 04:00:00 AM,7,1,6
08/28/2018 05:00:00 AM,31,10,21
08/28/2018 06:00:00 AM,103,24,79
08/28/2018 07:00:00 AM,329,37,292
08/28/2018 08:00:00 AM,479,56,423
08/28/2018 09:00:00 AM,256,44,212
08/28/2018 10:00:00 AM,114,24,90
08/28/2018 11:00:00 AM,55,24,31
08/28/2018 12:00:00 PM,90,37,53
08/28/2018 01:00:00 PM,65,43,22
08/28/2018 02:00:00 PM,83,48,35
08/28/2018 03:00:00 PM,132,86,46
08/28/2018 04:00:00 PM,309,245,64
08/28/2018 05:00:00 PM,576,485,91
08/28/2018 06:00:00 PM,404,329,75
08/28/2018 07:00:00 PM,179,130,49
08/28/2018 08:00:00 PM,119,72,47
08/28/2018 09:00:00 PM,56,32,24
08/28/2018 10:00:00 PM,34,18,16
08/28/2018 11:00:00 PM,14,5,9
08/29/2018 12:00:00 AM,16,8,8
08/29/2018 01:00:00 AM,2,2,0
08/29/2018 02:00:00 AM,1,1,0
08/29/2018 03:00:00 AM,0,0,0
08/29/2018 04:00:00 AM,11,7,4
08/29/2018 05:00:00 AM,29,7,22
08/29/2018 06:00:00 AM,109,20,89
08/29/2018 07:00:00 AM,288,26,262
08/29/2018 08:00:00 AM,445,58,387
08/29/2018 09:00:00 AM,212,30,182
08/29/2018 10:00:00 AM,118,26,92
08/29/2018 11:00:00 AM,57,19,38
08/29/2018 12:00:00 PM,61,34,27
08/29/2018 01:00:00 PM,80,43,37
08/29/2018 02:00:00 PM,73,36,37
08/29/2018 03:00:00 PM,164,121,43
08/29/2018 04:00:00 PM,270,220,50
08/29/2018 05:00:00 PM,477,400,77
08/29/2018 06:00:00 PM,318,266,52
08/29/2018 07:00:00 PM,186,133,53
08/29/2018 08:00:00 PM,70,46,24
08/29/2018 09:00:00 PM,35,20,15
08/29/2018 10:00:00 PM,26,17,9
08/29/2018 11:00:00 PM,20,12,8
08/30/2018 12:00:00 AM,6,5,1
08/30/2018 01:00:00 AM,3,2,1
08/30/2018 02:00:00 AM,4,3,1
08/30/2018 03:00:00 AM,5,3,2
08/30/2018 04:00:00 AM,3,2,1
08/30/2018 05:00:00 AM,26,9,17
08/30/2018 06:00:00 AM,84,20,64
08/30/2018 07:00:00 AM,213,29,184
08/30/2018 08:00:00 AM,365,31,334
08/30/2018 09:00:00 AM,189,32,157
08/30/2018 10:00:00 AM,106,23,83
08/30/2018 11:00:00 AM,73,23,50
08/30/2018 12:00:00 PM,48,22,26
08/30/2018 01:00:00 PM,63,38,25
08/30/2018 02:00:00 PM,58,37,21
08/30/2018 03:00:00 PM,112,64,48
08/30/2018 04:00:00 PM,230,185,45
08/30/2018 05:00:00 PM,404,354,50
08/30/2018 06:00:00 PM,261,213,48
08/30/2018 07:00:00 PM,143,112,31
08/30/2018 08:00:00 PM,70,51,19
08/30/2018 09:00:00 PM,38,24,14
08/30/2018 10:00:00 PM,27,21,6
08/30/2018 11:00:00 PM,10,7,3
08/31/2018 12:00:00 AM,9,6,3
08/31/2018 01:00:00 AM,7,5,2
08/31/2018 02:00:00 AM,0,0,0
08/31/2018 03:00:00 AM,3,1,2
08/31/2018 04:00:00 AM,3,2,1
08/31/2018 05:00:00 AM,16,8,8
08/31/2018 06:00:00 AM,48,8,40
08/31/2018 07:00:00 AM,143,11,132
08/31/2018 08:00:00 AM,276,30,246
08/31/2018 09:00:00 AM,164,30,134
08/31/2018 10:00:00 AM,94,29,65
08/31/2018 11:00:00 AM,62,27,35
08/31/2018 12:00:00 PM,76,42,34
08/31/2018 01:00:00 PM,99,53,46
08/31/2018 02:00:00 PM,107,69,38
08/31/2018 03:00:00 PM,200,145,55
08/31/2018 04:00:00 PM,242,168,74
08/31/2018 05:00:00 PM,342,255,87
08/31/2018 06:00:00 PM,194,152,42
08/31/2018 07:00:00 PM,87,55,32
08/31/2018 08:00:00 PM,56,29,27
08/31/2018 09:00:00 PM,26,15,11
08/31/2018 10:00:00 PM,23,18,5
08/31/2018 11:00:00 PM,26,23,3
09/01/2018 12:00:00 AM,4,4,0
09/01/2018 01:00:00 AM,10,8,2
09/01/2018 02:00:00 AM,5,3,2
09/01/2018 03:00:00 AM,5,3,2
09/01/2018 04:00:00 AM,2,1,1
09/01/2018 05:00:00 AM,4,2,2
09/01/2018 06:00:00 AM,13,4,9
09/01/2018 07:00:00 AM,19,10,9
09/01/2018 08:00:00 AM,32,16,16
09/01/2018 09:00:00 AM,58,23,35
09/01/2018 10:00:00 AM,57,18,39
09/01/2018 11:00:00 AM,93,33,60
09/01/2018 12:00:00 PM,70,25,45
09/01/2018 01:00:00 PM,76,30,46
09/01/2018 02:00:00 PM,85,49,36
09/01/2018 03:00:00 PM,96,61,35
09/01/2018 04:00:00 PM,143,87,56
09/01/2018 05:00:00 PM,87,47,40
09/01/2018 06:00:00 PM,75,36,39
09/01/2018 07:00:00 PM,65,31,34
09/01/2018 08:00:00 PM,24,9,15
09/01/2018 09:00:00 PM,23,19,4
09/01/2018 10:00:00 PM,16,14,2
09/01/2018 11:00:00 PM,23,14,9
09/02/2018 12:00:00 AM,12,9,3
09/02/2018 01:00:00 AM,6,3,3
09/02/2018 02:00:00 AM,6,2,4
09/02/2018 03:00:00 AM,3,2,1
09/02/2018 04:00:00 AM,5,2,3
09/02/2018 05:00:00 AM,4,2,2
09/02/2018 06:00:00 AM,7,3,4
09/02/2018 07:00:00 AM,20,8,12
09/02/2018 08:00:00 AM,44,21,23
09/02/2018 09:00:00 AM,42,21,21
09/02/2018 10:00:00 AM,85,43,42
09/02/2018 11:00:00 AM,124,63,61
09/02/2018 12:00:00 PM,114,46,68
09/02/2018 01:00:00 PM,111,72,39
09/02/2018 02:00:00 PM,145,74,71
09/02/2018 03:00:00 PM,143,75,68
09/02/2018 04:00:00 PM,134,65,69
09/02/2018 05:00:00 PM,125,62,63
09/02/2018 06:00:00 PM,79,47,32
09/02/2018 07:00:00 PM,76,42,34
09/02/2018 08:00:00 PM,47,15,32
09/02/2018 09:00:00 PM,24,17,7
09/02/2018 10:00:00 PM,13,9,4
09/02/2018 11:00:00 PM,18,12,6
09/03/2018 12:00:00 AM,7,6,1
09/03/2018 01:00:00 AM,4,1,3
09/03/2018 02:00:00 AM,5,4,1
09/03/2018 03:00:00 AM,2,2,0
09/03/2018 04:00:00 AM,3,1,2
09/03/2018 05:00:00 AM,7,6,1
09/03/2018 06:00:00 AM,15,5,10
09/03/2018 07:00:00 AM,18,4,14
09/03/2018 08:00:00 AM,43,21,22
09/03/2018 09:00:00 AM,56,30,26
09/03/2018 10:00:00 AM,70,18,52
09/03/2018 11:00:00 AM,98,44,54
09/03/2018 12:00:00 PM,129,72,57
09/03/2018 01:00:00 PM,145,85,60
09/03/2018 02:00:00 PM,159,92,67
09/03/2018 03:00:00 PM,162,83,79
09/03/2018 04:00:00 PM,146,70,76
09/03/2018 05:00:00 PM,118,59,59
09/03/2018 06:00:00 PM,110,69,41
09/03/2018 07:00:00 PM,89,35,54
09/03/2018 08:00:00 PM,35,8,27
09/03/2018 09:00:00 PM,21,11,10
09/03/2018 10:00:00 PM,9,7,2
09/03/2018 11:00:00 PM,10,6,4
09/04/2018 12:00:00 AM,4,3,1
09/04/2018 01:00:00 AM,1,1,0
09/04/2018 02:00:00 AM,1,0,1
09/04/2018 03:00:00 AM,1,1,0
09/04/2018 04:00:00 AM,8,1,7
09/04/2018 05:00:00 AM,23,6,17
09/04/2018 06:00:00 AM,107,17,90
09/04/2018 07:00:00 AM,293,29,264
09/04/2018 08:00:00 AM,468,40,428
09/04/2018 09:00:00 AM,231,27,204
09/04/2018 10:00:00 AM,111,27,84
09/04/2018 11:00:00 AM,68,22,46
09/04/2018 12:00:00 PM,67,38,29
09/04/2018 01:00:00 PM,63,41,22
09/04/2018 02:00:00 PM,87,55,32
09/04/2018 03:00:00 PM,110,79,31
09/04/2018 04:00:00 PM,273,234,39
09/04/2018 05:00:00 PM,510,432,78
09/04/2018 06:00:00 PM,348,299,49
09/04/2018 07:00:00 PM,185,146,39
09/04/2018 08:00:00 PM,65,44,21
09/04/2018 09:00:00 PM,44,25,19
09/04/2018 10:00:00 PM,21,13,8
09/04/2018 11:00:00 PM,12,10,2
09/05/2018 12:00:00 AM,4,4,0
09/05/2018 01:00:00 AM,4,1,3
09/05/2018 02:00:00 AM,2,1,1
09/05/2018 03:00:00 AM,0,0,0
09/05/2018 04:00:00 AM,10,3,7
09/05/2018 05:00:00 AM,31,8,23
09/05/2018 06:00:00 AM,99,20,79
09/05/2018 07:00:00 AM,289,30,259
09/05/2018 08:00:00 AM,494,49,445
09/05/2018 09:00:00 AM,254,39,215
09/05/2018 10:00:00 AM,115,21,94
09/05/2018 11:00:00 AM,67,24,43
09/05/2018 12:00:00 PM,63,38,25
09/05/2018 01:00:00 PM,64,43,21
09/05/2018 02:00:00 PM,73,41,32
09/05/2018 03:00:00 PM,129,87,42
09/05/2018 04:00:00 PM,305,248,57
09/05/2018 05:00:00 PM,538,464,74
09/05/2018 06:00:00 PM,357,314,43
09/05/2018 07:00:00 PM,165,113,52
09/05/2018 08:00:00 PM,77,59,18
09/05/2018 09:00:00 PM,29,20,9
09/05/2018 10:00:00 PM,19,11,8
09/05/2018 11:00:00 PM,12,6,6
09/06/2018 12:00:00 AM,4,3,1
09/06/2018 01:00:00 AM,1,0,1
09/06/2018 02:00:00 AM,1,0,1
09/06/2018 03:00:00 AM,0,0,0
09/06/2018 04:00:00 AM,6,2,4
09/06/2018 05:00:00 AM,32,7,25
09/06/2018 06:00:00 AM,101,14,87
09/06/2018 07:00:00 AM,298,32,266
09/06/2018 08:00:00 AM,468,36,432
09/06/2018 09:00:00 AM,243,49,194
09/06/2018 10:00:00 AM,100,32,68
09/06/2018 11:00:00 AM,68,25,43
09/06/2018 12:00:00 PM,77,36,41
09/06/2018 01:00:00 PM,61,36,25
09/06/2018 02:00:00 PM,95,64,31
09/06/2018 03:00:00 PM,141,92,49
09/06/2018 04:00:00 PM,329,274,55
09/06/2018 05:00:00 PM,467,402,65
09/06/2018 06:00:00 PM,363,299,64
09/06/2018 07:00:00 PM,184,136,48
09/06/2018 08:00:00 PM,89,57,32
09/06/2018 09:00:00 PM,60,42,18
09/06/2018 10:00:00 PM,33,19,14
09/06/2018 11:00:00 PM,28,23,5
09/07/2018 12:00:00 AM,9,5,4
09/07/2018 01:00:00 AM,3,1,2
09/07/2018 02:00:00 AM,2,1,1
09/07/2018 03:00:00 AM,1,1,0
09/07/2018 04:00:00 AM,11,8,3
09/07/2018 05:00:00 AM,22,8,14
09/07/2018 06:00:00 AM,77,11,66
09/07/2018 07:00:00 AM,233,26,207
09/07/2018 08:00:00 AM,394,43,351
09/07/2018 09:00:00 AM,203,29,174
09/07/2018 10:00:00 AM,79,21,58
09/07/2018 11:00:00 AM,79,25,54
09/07/2018 12:00:00 PM,52,24,28
09/07/2018 01:00:00 PM,77,50,27
09/07/2018 02:00:00 PM,87,52,35
09/07/2018 03:00:00 PM,158,113,45
09/07/2018 04:00:00 PM,291,227,64
09/07/2018 05:00:00 PM,382,325,57
09/07/2018 06:00:00 PM,233,178,55
09/07/2018 07:00:00 PM,85,59,26
09/07/2018 08:00:00 PM,47,40,7
09/07/2018 09:00:00 PM,28,23,5
09/07/2018 10:00:00 PM,21,18,3
09/07/2018 11:00:00 PM,9,6,3
09/08/2018 12:00:00 AM,10,7,3
09/08/2018 01:00:00 AM,3,2,1
09/08/2018 02:00:00 AM,4,3,1
09/08/2018 03:00:00 AM,0,0,0
09/08/2018 04:00:00 AM,4,2,2
09/08/2018 05:00:00 AM,5,2,3
09/08/2018 06:00:00 AM,8,4,4
09/08/2018 07:00:00 AM,18,10,8
09/08/2018 08:00:00 AM,29,14,15
09/08/2018 09:00:00 AM,34,14,20
09/08/2018 10:00:00 AM,55,22,33
09/08/2018 11:00:00 AM,85,35,50
09/08/2018 12:00:00 PM,85,37,48
09/08/2018 01:00:00 PM,92,51,41
09/08/2018 02:00:00 PM,110,60,50
09/08/2018 03:00:00 PM,110,55,55
09/08/2018 04:00:00 PM,113,65,48
09/08/2018 05:00:00 PM,112,54,58
09/08/2018 06:00:00 PM,67,37,30
09/08/2018 07:00:00 PM,44,24,20
09/08/2018 08:00:00 PM,26,9,17
09/08/2018 09:00:00 PM,23,15,8
09/08/2018 10:00:00 PM,24,19,5
09/08/2018 11:00:00 PM,16,8,8
09/09/2018 12:00:00 AM,10,8,2
09/09/2018 01:00:00 AM,7,4,3
09/09/2018 02:00:00 AM,10,2,8
09/09/2018 03:00:00 AM,1,0,1
09/09/2018 04:00:00 AM,4,2,2
09/09/2018 05:00:00 AM,3,1,2
09/09/2018 06:00:00 AM,11,6,5
09/09/2018 07:00:00 AM,19,6,13
09/09/2018 08:00:00 AM,37,17,20
09/09/2018 09:00:00 AM,52,22,30
09/09/2018 10:00:00 AM,75,41,34
09/09/2018 11:00:00 AM,84,30,54
09/09/2018 12:00:00 PM,105,60,45
09/09/2018 01:00:00 PM,124,60,64
09/09/2018 02:00:00 PM,112,51,61
09/09/2018 03:00:00 PM,119,62,57
09/09/2018 04:00:00 PM,112,60,52
09/09/2018 05:00:00 PM,94,51,43
09/09/2018 06:00:00 PM,62,30,32
09/09/2018 07:00:00 PM,36,19,17
09/09/2018 08:00:00 PM,18,11,7
09/09/2018 09:00:00 PM,5,2,3
09/09/2018 10:00:00 PM,9,7,2
09/09/2018 11:00:00 PM,4,4,0
09/10/2018 12:00:00 AM,3,2,1
09/10/2018 01:00:00 AM,0,0,0
09/10/2018 02:00:00 AM,1,0,1
09/10/2018 03:00:00 AM,1,1,0
09/10/2018 04:00:00 AM,10,5,5
09/10/2018 05:00:00 AM,28,7,21
09/10/2018 06:00:00 AM,78,19,59
09/10/2018 07:00:00 AM,217,25,192
09/10/2018 08:00:00 AM,420,43,377
09/10/2018 09:00:00 AM,207,33,174
09/10/2018 10:00:00 AM,68,14,54
09/10/2018 11:00:00 AM,61,28,33
09/10/2018 12:00:00 PM,56,23,33
09/10/2018 01:00:00 PM,53,23,30
09/10/2018 02:00:00 PM,63,36,27
09/10/2018 03:00:00 PM,101,70,31
09/10/2018 04:00:00 PM,217,187,30
09/10/2018 05:00:00 PM,422,377,45
09/10/2018 06:00:00 PM,278,231,47
09/10/2018 07:00:00 PM,114,78,36
09/10/2018 08:00:00 PM,58,37,21
09/10/2018 09:00:00 PM,29,25,4
09/10/2018 10:00:00 PM,10,5,5
09/10/2018 11:00:00 PM,18,13,5
09/11/2018 12:00:00 AM,9,7,2
09/11/2018 01:00:00 AM,1,0,1
09/11/2018 02:00:00 AM,0,0,0
09/11/2018 03:00:00 AM,2,1,1
09/11/2018 04:00:00 AM,5,3,2
09/11/2018 05:00:00 AM,24,6,18
09/11/2018 06:00:00 AM,81,17,64
09/11/2018 07:00:00 AM,236,23,213
09/11/2018 08:00:00 AM,394,37,357
09/11/2018 09:00:00 AM,208,35,173
09/11/2018 10:00:00 AM,77,22,55
09/11/2018 11:00:00 AM,48,16,32
09/11/2018 12:00:00 PM,50,20,30
09/11/2018 01:00:00 PM,68,34,34
09/11/2018 02:00:00 PM,50,27,23
09/11/2018 03:00:00 PM,104,73,31
09/11/2018 04:00:00 PM,248,203,45
09/11/2018 05:00:00 PM,428,377,51
09/11/2018 06:00:00 PM,270,210,60
09/11/2018 07:00:00 PM,136,108,28
09/11/2018 08:00:00 PM,56,35,21
09/11/2018 09:00:00 PM,32,27,5
09/11/2018 10:00:00 PM,21,14,7
09/11/2018 11:00:00 PM,8,5,3
09/12/2018 12:00:00 AM,4,3,1
09/12/2018 01:00:00 AM,4,3,1
09/12/2018 02:00:00 AM,3,3,0
09/12/2018 03:00:00 AM,0,0,0
09/12/2018 04:00:00 AM,9,5,4
09/12/2018 05:00:00 AM,31,9,22
09/12/2018 06:00:00 AM,77,11,66
09/12/2018 07:00:00 AM,244,22,222
09/12/2018 08:00:00 AM,415,49,366
09/12/2018 09:00:00 AM,194,33,161
09/12/2018 10:00:00 AM,101,22,79
09/12/2018 11:00:00 AM,49,18,31
09/12/2018 12:00:00 PM,59,31,28
09/12/2018 01:00:00 PM,72,41,31
09/12/2018 02:00:00 PM,67,36,31
09/12/2018 03:00:00 PM,111,77,34
09/12/2018 04:00:00 PM,240,199,41
09/12/2018 05:00:00 PM,399,343,56
09/12/2018 06:00:00 PM,282,234,48
09/12/2018 07:00:00 PM,145,108,37
09/12/2018 08:00:00 PM,57,40,17
09/12/2018 09:00:00 PM,42,25,17
09/12/2018 10:00:00 PM,25,19,6
09/12/2018 11:00:00 PM,14,10,4
09/13/2018 12:00:00 AM,5,4,1
09/13/2018 01:00:00 AM,4,3,1
09/13/2018 02:00:00 AM,2,2,0
09/13/2018 03:00:00 AM,0,0,0
09/13/2018 04:00:00 AM,3,1,2
09/13/2018 05:00:00 AM,22,5,17
09/13/2018 06:00:00 AM,78,23,55
09/13/2018 07:00:00 AM,212,20,192
09/13/2018 08:00:00 AM,400,42,358
09/13/2018 09:00:00 AM,230,44,186
09/13/2018 10:00:00 AM,93,19,74
09/13/2018 11:00:00 AM,73,26,47
09/13/2018 12:00:00 PM,48,21,27
09/13/2018 01:00:00 PM,63,35,28
09/13/2018 02:00:00 PM,87,50,37
09/13/2018 03:00:00 PM,108,73,35
09/13/2018 04:00:00 PM,244,203,41
09/13/2018 05:00:00 PM,393,345,48
09/13/2018 06:00:00 PM,283,236,47
09/13/2018 07:00:00 PM,120,90,30
09/13/2018 08:00:00 PM,54,37,17
09/13/2018 09:00:00 PM,43,32,11
09/13/2018 10:00:00 PM,24,14,10
09/13/2018 11:00:00 PM,16,11,5
09/14/2018 12:00:00 AM,10,7,3
09/14/2018 01:00:00 AM,1,1,0
09/14/2018 02:00:00 AM,2,1,1
09/14/2018 03:00:00 AM,3,0,3
09/14/2018 04:00:00 AM,10,7,3
09/14/2018 05:00:00 AM,17,6,11
09/14/2018 06:00:00 AM,43,7,36
09/14/2018 07:00:00 AM,109,15,94
09/14/2018 08:00:00 AM,256,21,235
09/14/2018 09:00:00 AM,125,19,106
09/14/2018 10:00:00 AM,61,15,46
09/14/2018 11:00:00 AM,37,12,25
09/14/2018 12:00:00 PM,52,27,25
09/14/2018 01:00:00 PM,57,27,30
09/14/2018 02:00:00 PM,70,48,22
09/14/2018 03:00:00 PM,101,73,28
09/14/2018 04:00:00 PM,160,127,33
09/14/2018 05:00:00 PM,288,245,43
09/14/2018 06:00:00 PM,184,146,38
09/14/2018 07:00:00 PM,82,61,21
09/14/2018 08:00:00 PM,46,22,24
09/14/2018 09:00:00 PM,21,13,8
09/14/2018 10:00:00 PM,33,22,11
09/14/2018 11:00:00 PM,24,17,7
09/15/2018 12:00:00 AM,8,6,2
09/15/2018 01:00:00 AM,7,2,5
09/15/2018 02:00:00 AM,6,3,3
09/15/2018 03:00:00 AM,1,1,0
09/15/2018 04:00:00 AM,4,2,2
09/15/2018 05:00:00 AM,4,0,4
09/15/2018 06:00:00 AM,7,2,5
09/15/2018 07:00:00 AM,22,13,9
09/15/2018 08:00:00 AM,41,18,23
09/15/2018 09:00:00 AM,42,12,30
09/15/2018 10:00:00 AM,63,31,32
09/15/2018 11:00:00 AM,79,39,40
09/15/2018 12:00:00 PM,77,39,38
09/15/2018 01:00:00 PM,79,35,44
09/15/2018 02:00:00 PM,59,24,35
09/15/2018 03:00:00 PM,85,34,51
09/15/2018 04:00:00 PM,73,33,40
09/15/2018 05:00:00 PM,45,25,20
09/15/2018 06:00:00 PM,24,13,11
09/15/2018 07:00:00 PM,21,13,8
09/15/2018 08:00:00 PM,6,3,3
09/15/2018 09:00:00 PM,18,11,7
09/15/2018 10:00:00 PM,9,7,2
09/15/2018 11:00:00 PM,20,15,5
09/16/2018 12:00:00 AM,3,3,0
09/16/2018 01:00:00 AM,3,2,1
09/16/2018 02:00:00 AM,1,0,1
09/16/2018 03:00:00 AM,2,2,0
09/16/2018 04:00:00 AM,1,1,0
09/16/2018 05:00:00 AM,4,1,3
09/16/2018 06:00:00 AM,6,2,4
09/16/2018 07:00:00 AM,9,3,6
09/16/2018 08:00:00 AM,13,7,6
09/16/2018 09:00:00 AM,12,6,6
09/16/2018 10:00:00 AM,29,6,23
09/16/2018 11:00:00 AM,49,17,32
09/16/2018 12:00:00 PM,71,40,31
09/16/2018 01:00:00 PM,65,35,30
09/16/2018 02:00:00 PM,81,43,38
09/16/2018 03:00:00 PM,86,50,36
09/16/2018 04:00:00 PM,87,44,43
09/16/2018 05:00:00 PM,74,35,39
09/16/2018 06:00:00 PM,69,36,33
09/16/2018 07:00:00 PM,45,21,24
09/16/2018 08:00:00 PM,15,6,9
09/16/2018 09:00:00 PM,10,3,7
09/16/2018 10:00:00 PM,8,4,4
09/16/2018 11:00:00 PM,6,3,3
09/17/2018 12:00:00 AM,2,2,0
09/17/2018 01:00:00 AM,0,0,0
09/17/2018 02:00:00 AM,0,0,0
09/17/2018 03:00:00 AM,3,3,0
09/17/2018 04:00:00 AM,8,3,5
09/17/2018 05:00:00 AM,24,7,17
09/17/2018 06:00:00 AM,76,13,63
09/17/2018 07:00:00 AM,269,29,240
09/17/2018 08:00:00 AM,485,45,440
09/17/2018 09:00:00 AM,221,36,185
09/17/2018 10:00:00 AM,94,25,69
09/17/2018 11:00:00 AM,46,14,32
09/17/2018 12:00:00 PM,78,36,42
09/17/2018 01:00:00 PM,76,42,34
09/17/2018 02:00:00 PM,83,55,28
09/17/2018 03:00:00 PM,121,82,39
09/17/2018 04:00:00 PM,282,228,54
09/17/2018 05:00:00 PM,512,446,66
09/17/2018 06:00:00 PM,346,282,64
09/17/2018 07:00:00 PM,125,95,30
09/17/2018 08:00:00 PM,56,34,22
09/17/2018 09:00:00 PM,37,23,14
09/17/2018 10:00:00 PM,15,11,4
09/17/2018 11:00:00 PM,11,7,4
09/18/2018 12:00:00 AM,14,6,8
09/18/2018 01:00:00 AM,1,0,1
09/18/2018 02:00:00 AM,1,1,0
09/18/2018 03:00:00 AM,2,2,0
09/18/2018 04:00:00 AM,7,2,5
09/18/2018 05:00:00 AM,24,4,20
09/18/2018 06:00:00 AM,93,17,76
09/18/2018 07:00:00 AM,319,42,277
09/18/2018 08:00:00 AM,431,33,398
09/18/2018 09:00:00 AM,213,22,191
09/18/2018 10:00:00 AM,92,26,66
09/18/2018 11:00:00 AM,60,25,35
09/18/2018 12:00:00 PM,67,34,33
09/18/2018 01:00:00 PM,82,46,36
09/18/2018 02:00:00 PM,74,38,36
09/18/2018 03:00:00 PM,123,83,40
09/18/2018 04:00:00 PM,268,214,54
09/18/2018 05:00:00 PM,490,432,58
09/18/2018 06:00:00 PM,343,288,55
09/18/2018 07:00:00 PM,121,93,28
09/18/2018 08:00:00 PM,64,43,21
09/18/2018 09:00:00 PM,43,36,7
09/18/2018 10:00:00 PM,23,15,8
09/18/2018 11:00:00 PM,12,8,4
09/19/2018 12:00:00 AM,5,3,2
09/19/2018 01:00:00 AM,2,2,0
09/19/2018 02:00:00 AM,4,2,2
09/19/2018 03:00:00 AM,4,2,2
09/19/2018 04:00:00 AM,7,4,3
09/19/2018 05:00:00 AM,23,5,18
09/19/2018 06:00:00 AM,73,11,62
09/19/2018 07:00:00 AM,251,27,224
09/19/2018 08:00:00 AM,402,34,368
09/19/2018 09:00:00 AM,232,31,201
09/19/2018 10:00:00 AM,85,22,63
09/19/2018 11:00:00 AM,68,27,41
09/19/2018 12:00:00 PM,66,32,34
09/19/2018 01:00:00 PM,57,29,28
09/19/2018 02:00:00 PM,105,58,47
09/19/2018 03:00:00 PM,103,78,25
09/19/2018 04:00:00 PM,244,197,47
09/19/2018 05:00:00 PM,479,409,70
09/19/2018 06:00:00 PM,307,256,51
09/19/2018 07:00:00 PM,123,85,38
09/19/2018 08:00:00 PM,49,35,14
09/19/2018 09:00:00 PM,37,28,9
09/19/2018 10:00:00 PM,36,28,8
09/19/2018 11:00:00 PM,11,6,5
09/20/2018 12:00:00 AM,14,8,6
09/20/2018 01:00:00 AM,4,4,0
09/20/2018 02:00:00 AM,1,1,0
09/20/2018 03:00:00 AM,1,0,1
09/20/2018 04:00:00 AM,5,3,2
09/20/2018 05:00:00 AM,25,9,16
09/20/2018 06:00:00 AM,76,11,65
09/20/2018 07:00:00 AM,193,22,171
09/20/2018 08:00:00 AM,349,32,317
09/20/2018 09:00:00 AM,204,31,173
09/20/2018 10:00:00 AM,85,23,62
09/20/2018 11:00:00 AM,43,17,26
09/20/2018 12:00:00 PM,56,28,28
09/20/2018 01:00:00 PM,45,16,29
09/20/2018 02:00:00 PM,71,50,21
09/20/2018 03:00:00 PM,95,68,27
09/20/2018 04:00:00 PM,217,173,44
09/20/2018 05:00:00 PM,367,322,45
09/20/2018 06:00:00 PM,253,221,32
09/20/2018 07:00:00 PM,104,74,30
09/20/2018 08:00:00 PM,58,42,16
09/20/2018 09:00:00 PM,39,27,12
09/20/2018 10:00:00 PM,21,11,10
09/20/2018 11:00:00 PM,20,16,4
09/21/2018 12:00:00 AM,11,7,4
09/21/2018 01:00:00 AM,5,3,2
09/21/2018 02:00:00 AM,7,5,2
09/21/2018 03:00:00 AM,1,1,0
09/21/2018 04:00:00 AM,8,5,3
09/21/2018 05:00:00 AM,16,5,11
09/21/2018 06:00:00 AM,56,11,45
09/21/2018 07:00:00 AM,175,27,148
09/21/2018 08:00:00 AM,359,37,322
09/21/2018 09:00:00 AM,174,33,141
09/21/2018 10:00:00 AM,76,4,72
09/21/2018 11:00:00 AM,52,15,37
09/21/2018 12:00:00 PM,53,28,25
09/21/2018 01:00:00 PM,63,33,30
09/21/2018 02:00:00 PM,81,51,30
09/21/2018 03:00:00 PM,95,67,28
09/21/2018 04:00:00 PM,241,204,37
09/21/2018 05:00:00 PM,339,294,45
09/21/2018 06:00:00 PM,187,160,27
09/21/2018 07:00:00 PM,83,61,22
09/21/2018 08:00:00 PM,37,26,11
09/21/2018 09:00:00 PM,26,21,5
09/21/2018 10:00:00 PM,20,9,11
09/21/2018 11:00:00 PM,8,5,3
09/22/2018 12:00:00 AM,12,8,4
09/22/2018 01:00:00 AM,2,2,0
09/22/2018 02:00:00 AM,0,0,0
09/22/2018 03:00:00 AM,7,6,1
09/22/2018 04:00:00 AM,1,1,0
09/22/2018 05:00:00 AM,6,1,5
09/22/2018 06:00:00 AM,9,3,6
09/22/2018 07:00:00 AM,14,9,5
09/22/2018 08:00:00 AM,36,12,24
09/22/2018 09:00:00 AM,46,23,23
09/22/2018 10:00:00 AM,55,27,28
09/22/2018 11:00:00 AM,50,22,28
09/22/2018 12:00:00 PM,73,39,34
09/22/2018 01:00:00 PM,91,44,47
09/22/2018 02:00:00 PM,85,48,37
09/22/2018 03:00:00 PM,107,51,56
09/22/2018 04:00:00 PM,87,55,32
09/22/2018 05:00:00 PM,115,59,56
09/22/2018 06:00:00 PM,62,34,28
09/22/2018 07:00:00 PM,41,28,13
09/22/2018 08:00:00 PM,27,11,16
09/22/2018 09:00:00 PM,16,8,8
09/22/2018 10:00:00 PM,21,8,13
09/22/2018 11:00:00 PM,15,6,9
09/23/2018 12:00:00 AM,12,7,5
09/23/2018 01:00:00 AM,9,3,6
09/23/2018 02:00:00 AM,3,2,1
09/23/2018 03:00:00 AM,2,0,2
09/23/2018 04:00:00 AM,4,3,1
09/23/2018 05:00:00 AM,3,0,3
09/23/2018 06:00:00 AM,11,5,6
09/23/2018 07:00:00 AM,18,10,8
09/23/2018 08:00:00 AM,40,19,21
09/23/2018 09:00:00 AM,37,13,24
09/23/2018 10:00:00 AM,63,35,28
09/23/2018 11:00:00 AM,77,41,36
09/23/2018 12:00:00 PM,91,54,37
09/23/2018 01:00:00 PM,104,50,54
09/23/2018 02:00:00 PM,127,81,46
09/23/2018 03:00:00 PM,131,71,60
09/23/2018 04:00:00 PM,117,53,64
09/23/2018 05:00:00 PM,86,37,49
09/23/2018 06:00:00 PM,75,43,32
09/23/2018 07:00:00 PM,52,24,28
09/23/2018 08:00:00 PM,25,13,12
09/23/2018 09:00:00 PM,12,6,6
09/23/2018 10:00:00 PM,6,4,2
09/23/2018 11:00:00 PM,13,9,4
09/24/2018 12:00:00 AM,7,2,5
09/24/2018 01:00:00 AM,3,2,1
09/24/2018 02:00:00 AM,1,0,1
09/24/2018 03:00:00 AM,1,1,0
09/24/2018 04:00:00 AM,13,8,5
09/24/2018 05:00:00 AM,20,7,13
09/24/2018 06:00:00 AM,77,16,61
09/24/2018 07:00:00 AM,248,25,223
09/24/2018 08:00:00 AM,480,54,426
09/24/2018 09:00:00 AM,227,30,197
09/24/2018 10:00:00 AM,117,22,95
09/24/2018 11:00:00 AM,77,44,33
09/24/2018 12:00:00 PM,71,30,41
09/24/2018 01:00:00 PM,62,29,33
09/24/2018 02:00:00 PM,74,50,24
09/24/2018 03:00:00 PM,103,73,30
09/24/2018 04:00:00 PM,286,231,55
09/24/2018 05:00:00 PM,509,442,67
09/24/2018 06:00:00 PM,326,283,43
09/24/2018 07:00:00 PM,116,83,33
09/24/2018 08:00:00 PM,47,33,14
09/24/2018 09:00:00 PM,35,23,12
09/24/2018 10:00:00 PM,15,11,4
09/24/2018 11:00:00 PM,7,4,3
09/25/2018 12:00:00 AM,3,2,1
09/25/2018 01:00:00 AM,1,1,0
09/25/2018 02:00:00 AM,1,1,0
09/25/2018 03:00:00 AM,0,0,0
09/25/2018 04:00:00 AM,9,3,6
09/25/2018 05:00:00 AM,29,7,22
09/25/2018 06:00:00 AM,93,14,79
09/25/2018 07:00:00 AM,286,40,246
09/25/2018 08:00:00 AM,483,46,437
09/25/2018 09:00:00 AM,250,28,222
09/25/2018 10:00:00 AM,97,21,76
09/25/2018 11:00:00 AM,59,24,35
09/25/2018 12:00:00 PM,52,30,22
09/25/2018 01:00:00 PM,61,34,27
09/25/2018 02:00:00 PM,107,60,47
09/25/2018 03:00:00 PM,118,82,36
09/25/2018 04:00:00 PM,274,219,55
09/25/2018 05:00:00 PM,466,419,47
09/25/2018 06:00:00 PM,323,277,46
09/25/2018 07:00:00 PM,116,82,34
09/25/2018 08:00:00 PM,78,54,24
09/25/2018 09:00:00 PM,52,31,21
09/25/2018 10:00:00 PM,21,17,4
09/25/2018 11:00:00 PM,19,13,6
09/26/2018 12:00:00 AM,8,7,1
09/26/2018 01:00:00 AM,4,4,0
09/26/2018 02:00:00 AM,1,0,1
09/26/2018 03:00:00 AM,0,0,0
09/26/2018 04:00:00 AM,12,5,7
09/26/2018 05:00:00 AM,35,11,24
09/26/2018 06:00:00 AM,82,17,65
09/26/2018 07:00:00 AM,268,34,234
09/26/2018 08:00:00 AM,411,34,377
09/26/2018 09:00:00 AM,244,42,202
09/26/2018 10:00:00 AM,93,18,75
09/26/2018 11:00:00 AM,62,21,41
09/26/2018 12:00:00 PM,51,25,26
09/26/2018 01:00:00 PM,68,37,31
09/26/2018 02:00:00 PM,71,53,18
09/26/2018 03:00:00 PM,117,74,43
09/26/2018 04:00:00 PM,304,255,49
09/26/2018 05:00:00 PM,475,403,72
09/26/2018 06:00:00 PM,337,271,66
09/26/2018 07:00:00 PM,128,98,30
09/26/2018 08:00:00 PM,64,41,23
09/26/2018 09:00:00 PM,39,23,16
09/26/2018 10:00:00 PM,32,24,8
09/26/2018 11:00:00 PM,12,7,5
09/27/2018 12:00:00 AM,7,4,3
09/27/2018 01:00:00 AM,1,1,0
09/27/2018 02:00:00 AM,3,3,0
09/27/2018 03:00:00 AM,3,2,1
09/27/2018 04:00:00 AM,7,1,6
09/27/2018 05:00:00 AM,22,8,14
09/27/2018 06:00:00 AM,85,14,71
09/27/2018 07:00:00 AM,236,36,200
09/27/2018 08:00:00 AM,411,33,378
09/27/2018 09:00:00 AM,232,33,199
09/27/2018 10:00:00 AM,102,23,79
09/27/2018 11:00:00 AM,75,23,52
09/27/2018 12:00:00 PM,86,38,48
09/27/2018 01:00:00 PM,71,41,30
09/27/2018 02:00:00 PM,78,52,26
09/27/2018 03:00:00 PM,100,74,26
09/27/2018 04:00:00 PM,277,236,41
09/27/2018 05:00:00 PM,453,393,60
09/27/2018 06:00:00 PM,273,228,45
09/27/2018 07:00:00 PM,96,70,26
09/27/2018 08:00:00 PM,63,40,23
09/27/2018 09:00:00 PM,41,29,12
09/27/2018 10:00:00 PM,28,16,12
09/27/2018 11:00:00 PM,10,4,6
09/28/2018 12:00:00 AM,10,7,3
09/28/2018 01:00:00 AM,4,3,1
09/28/2018 02:00:00 AM,1,1,0
09/28/2018 03:00:00 AM,4,2,2
09/28/2018 04:00:00 AM,10,7,3
09/28/2018 05:00:00 AM,20,6,14
09/28/2018 06:00:00 AM,71,14,57
09/28/2018 07:00:00 AM,216,39,177
09/28/2018 08:00:00 AM,380,35,345
09/28/2018 09:00:00 AM,205,32,173
09/28/2018 10:00:00 AM,87,21,66
09/28/2018 11:00:00 AM,71,28,43
09/28/2018 12:00:00 PM,76,46,30
09/28/2018 01:00:00 PM,95,52,43
09/28/2018 02:00:00 PM,108,61,47
09/28/2018 03:00:00 PM,171,116,55
09/28/2018 04:00:00 PM,303,242,61
09/28/2018 05:00:00 PM,442,370,72
09/28/2018 06:00:00 PM,244,172,72
09/28/2018 07:00:00 PM,83,53,30
09/28/2018 08:00:00 PM,65,32,33
09/28/2018 09:00:00 PM,31,18,13
09/28/2018 10:00:00 PM,21,19,2
09/28/2018 11:00:00 PM,34,25,9
09/29/2018 12:00:00 AM,16,13,3
09/29/2018 01:00:00 AM,9,4,5
09/29/2018 02:00:00 AM,1,0,1
09/29/2018 03:00:00 AM,1,1,0
09/29/2018 04:00:00 AM,2,1,1
09/29/2018 05:00:00 AM,10,4,6
09/29/2018 06:00:00 AM,13,8,5
09/29/2018 07:00:00 AM,19,10,9
09/29/2018 08:00:00 AM,38,20,18
09/29/2018 09:00:00 AM,57,27,30
09/29/2018 10:00:00 AM,68,25,43
09/29/2018 11:00:00 AM,88,46,42
09/29/2018 12:00:00 PM,122,58,64
09/29/2018 01:00:00 PM,107,56,51
09/29/2018 02:00:00 PM,132,54,78
09/29/2018 03:00:00 PM,138,94,44
09/29/2018 04:00:00 PM,115,72,43
09/29/2018 05:00:00 PM,83,55,28
09/29/2018 06:00:00 PM,87,41,46
09/29/2018 07:00:00 PM,34,21,13
09/29/2018 08:00:00 PM,33,17,16
09/29/2018 09:00:00 PM,27,18,9
09/29/2018 10:00:00 PM,14,11,3
09/29/2018 11:00:00 PM,9,6,3
09/30/2018 12:00:00 AM,6,4,2
09/30/2018 01:00:00 AM,2,2,0
09/30/2018 02:00:00 AM,5,2,3
09/30/2018 03:00:00 AM,0,0,0
09/30/2018 04:00:00 AM,3,1,2
09/30/2018 05:00:00 AM,6,3,3
09/30/2018 06:00:00 AM,5,1,4
09/30/2018 07:00:00 AM,14,10,4
09/30/2018 08:00:00 AM,29,7,22
09/30/2018 09:00:00 AM,42,23,19
09/30/2018 10:00:00 AM,39,16,23
09/30/2018 11:00:00 AM,0,0,0
09/30/2018 12:00:00 PM,0,0,0
09/30/2018 01:00:00 PM,0,0,0
09/30/2018 02:00:00 PM,0,0,0
09/30/2018 03:00:00 PM,75,46,29
09/30/2018 04:00:00 PM,90,46,44
09/30/2018 05:00:00 PM,69,36,33
09/30/2018 06:00:00 PM,61,16,45
09/30/2018 07:00:00 PM,12,8,4
09/30/2018 08:00:00 PM,17,12,5
09/30/2018 09:00:00 PM,7,4,3
09/30/2018 10:00:00 PM,10,6,4
09/30/2018 11:00:00 PM,4,3,1
10/01/2018 12:00:00 AM,4,3,1
10/01/2018 01:00:00 AM,2,2,0
10/01/2018 02:00:00 AM,1,1,0
10/01/2018 03:00:00 AM,1,1,0
10/01/2018 04:00:00 AM,12,5,7
10/01/2018 05:00:00 AM,22,7,15
10/01/2018 06:00:00 AM,69,13,56
10/01/2018 07:00:00 AM,205,22,183
10/01/2018 08:00:00 AM,394,33,361
10/01/2018 09:00:00 AM,187,27,160
10/01/2018 10:00:00 AM,55,10,45
10/01/2018 11:00:00 AM,36,17,19
10/01/2018 12:00:00 PM,24,8,16
10/01/2018 01:00:00 PM,28,17,11
10/01/2018 02:00:00 PM,45,26,19
10/01/2018 03:00:00 PM,73,53,20
10/01/2018 04:00:00 PM,190,155,35
10/01/2018 05:00:00 PM,345,309,36
10/01/2018 06:00:00 PM,199,185,14
10/01/2018 07:00:00 PM,80,62,18
10/01/2018 08:00:00 PM,47,37,10
10/01/2018 09:00:00 PM,27,19,8
10/01/2018 10:00:00 PM,17,12,5
10/01/2018 11:00:00 PM,9,6,3
10/02/2018 12:00:00 AM,2,2,0
10/02/2018 01:00:00 AM,4,3,1
10/02/2018 02:00:00 AM,4,1,3
10/02/2018 03:00:00 AM,1,1,0
10/02/2018 04:00:00 AM,11,5,6
10/02/2018 05:00:00 AM,25,8,17
10/02/2018 06:00:00 AM,85,22,63
10/02/2018 07:00:00 AM,222,22,200
10/02/2018 08:00:00 AM,387,30,357
10/02/2018 09:00:00 AM,200,30,170
10/02/2018 10:00:00 AM,83,16,67
10/02/2018 11:00:00 AM,62,34,28
10/02/2018 12:00:00 PM,49,28,21
10/02/2018 01:00:00 PM,63,27,36
10/02/2018 02:00:00 PM,82,54,28
10/02/2018 03:00:00 PM,109,63,46
10/02/2018 04:00:00 PM,208,177,31
10/02/2018 05:00:00 PM,423,373,50
10/02/2018 06:00:00 PM,245,218,27
10/02/2018 07:00:00 PM,100,83,17
10/02/2018 08:00:00 PM,56,40,16
10/02/2018 09:00:00 PM,28,23,5
10/02/2018 10:00:00 PM,14,9,5
10/02/2018 11:00:00 PM,8,6,2
10/03/2018 12:00:00 AM,3,2,1
10/03/2018 01:00:00 AM,1,1,0
10/03/2018 02:00:00 AM,0,0,0
10/03/2018 03:00:00 AM,0,0,0
10/03/2018 04:00:00 AM,7,3,4
10/03/2018 05:00:00 AM,28,6,22
10/03/2018 06:00:00 AM,67,11,56
10/03/2018 07:00:00 AM,236,32,204
10/03/2018 08:00:00 AM,392,35,357
10/03/2018 09:00:00 AM,220,29,191
10/03/2018 10:00:00 AM,75,13,62
10/03/2018 11:00:00 AM,66,21,45
10/03/2018 12:00:00 PM,53,25,28
10/03/2018 01:00:00 PM,43,19,24
10/03/2018 02:00:00 PM,61,37,24
10/03/2018 03:00:00 PM,93,63,30
10/03/2018 04:00:00 PM,230,188,42
10/03/2018 05:00:00 PM,400,361,39
10/03/2018 06:00:00 PM,298,256,42
10/03/2018 07:00:00 PM,99,75,24
10/03/2018 08:00:00 PM,56,41,15
10/03/2018 09:00:00 PM,37,28,9
10/03/2018 10:00:00 PM,26,13,13
10/03/2018 11:00:00 PM,9,9,0
10/04/2018 12:00:00 AM,3,1,2
10/04/2018 01:00:00 AM,7,5,2
10/04/2018 02:00:00 AM,3,3,0
10/04/2018 03:00:00 AM,1,0,1
10/04/2018 04:00:00 AM,8,4,4
10/04/2018 05:00:00 AM,36,11,25
10/04/2018 06:00:00 AM,84,10,74
10/04/2018 07:00:00 AM,210,28,182
10/04/2018 08:00:00 AM,380,31,349
10/04/2018 09:00:00 AM,196,28,168
10/04/2018 10:00:00 AM,85,17,68
10/04/2018 11:00:00 AM,51,27,24
10/04/2018 12:00:00 PM,51,23,28
10/04/2018 01:00:00 PM,68,43,25
10/04/2018 02:00:00 PM,86,52,34
10/04/2018 03:00:00 PM,103,65,38
10/04/2018 04:00:00 PM,219,185,34
10/04/2018 05:00:00 PM,416,358,58
10/04/2018 06:00:00 PM,267,219,48
10/04/2018 07:00:00 PM,84,68,16
10/04/2018 08:00:00 PM,52,38,14
10/04/2018 09:00:00 PM,47,32,15
10/04/2018 10:00:00 PM,22,15,7
10/04/2018 11:00:00 PM,18,11,7
10/05/2018 12:00:00 AM,7,3,4
10/05/2018 01:00:00 AM,8,4,4
10/05/2018 02:00:00 AM,4,3,1
10/05/2018 03:00:00 AM,0,0,0
10/05/2018 04:00:00 AM,16,10,6
10/05/2018 05:00:00 AM,17,5,12
10/05/2018 06:00:00 AM,53,7,46
10/05/2018 07:00:00 AM,128,12,116
10/05/2018 08:00:00 AM,249,27,222
10/05/2018 09:00:00 AM,138,19,119
10/05/2018 10:00:00 AM,57,11,46
10/05/2018 11:00:00 AM,24,5,19
10/05/2018 12:00:00 PM,18,7,11
10/05/2018 01:00:00 PM,14,11,3
10/05/2018 02:00:00 PM,46,36,10
10/05/2018 03:00:00 PM,55,42,13
10/05/2018 04:00:00 PM,143,134,9
10/05/2018 05:00:00 PM,213,193,20
10/05/2018 06:00:00 PM,117,104,13
10/05/2018 07:00:00 PM,44,37,7
10/05/2018 08:00:00 PM,22,18,4
10/05/2018 09:00:00 PM,15,13,2
10/05/2018 10:00:00 PM,11,10,1
10/05/2018 11:00:00 PM,13,5,8
10/06/2018 12:00:00 AM,3,0,3
10/06/2018 01:00:00 AM,5,2,3
10/06/2018 02:00:00 AM,3,0,3
10/06/2018 03:00:00 AM,2,1,1
10/06/2018 04:00:00 AM,1,0,1
10/06/2018 05:00:00 AM,4,2,2
10/06/2018 06:00:00 AM,7,3,4
10/06/2018 07:00:00 AM,28,11,17
10/06/2018 08:00:00 AM,39,14,25
10/06/2018 09:00:00 AM,35,18,17
10/06/2018 10:00:00 AM,36,21,15
10/06/2018 11:00:00 AM,43,18,25
10/06/2018 12:00:00 PM,61,29,32
10/06/2018 01:00:00 PM,103,55,48
10/06/2018 02:00:00 PM,91,50,41
10/06/2018 03:00:00 PM,125,69,56
10/06/2018 04:00:00 PM,108,66,42
10/06/2018 05:00:00 PM,93,45,48
10/06/2018 06:00:00 PM,64,30,34
10/06/2018 07:00:00 PM,28,11,17
10/06/2018 08:00:00 PM,20,11,9
10/06/2018 09:00:00 PM,14,6,8
10/06/2018 10:00:00 PM,12,10,2
10/06/2018 11:00:00 PM,15,5,10
10/07/2018 12:00:00 AM,10,10,0
10/07/2018 01:00:00 AM,4,3,1
10/07/2018 02:00:00 AM,4,2,2
10/07/2018 03:00:00 AM,2,1,1
10/07/2018 04:00:00 AM,2,1,1
10/07/2018 05:00:00 AM,6,2,4
10/07/2018 06:00:00 AM,9,5,4
10/07/2018 07:00:00 AM,25,9,16
10/07/2018 08:00:00 AM,19,9,10
10/07/2018 09:00:00 AM,20,7,13
10/07/2018 10:00:00 AM,31,11,20
10/07/2018 11:00:00 AM,39,23,16
10/07/2018 12:00:00 PM,43,24,19
10/07/2018 01:00:00 PM,38,15,23
10/07/2018 02:00:00 PM,35,20,15
10/07/2018 03:00:00 PM,33,20,13
10/07/2018 04:00:00 PM,33,21,12
10/07/2018 05:00:00 PM,35,25,10
10/07/2018 06:00:00 PM,36,18,18
10/07/2018 07:00:00 PM,13,10,3
10/07/2018 08:00:00 PM,16,8,8
10/07/2018 09:00:00 PM,3,3,0
10/07/2018 10:00:00 PM,5,2,3
10/07/2018 11:00:00 PM,5,3,2
10/08/2018 12:00:00 AM,5,4,1
10/08/2018 01:00:00 AM,0,0,0
10/08/2018 02:00:00 AM,2,1,1
10/08/2018 03:00:00 AM,2,1,1
10/08/2018 04:00:00 AM,6,3,3
10/08/2018 05:00:00 AM,18,3,15
10/08/2018 06:00:00 AM,50,11,39
10/08/2018 07:00:00 AM,145,13,132
10/08/2018 08:00:00 AM,281,27,254
10/08/2018 09:00:00 AM,173,22,151
10/08/2018 10:00:00 AM,63,15,48
10/08/2018 11:00:00 AM,19,9,10
10/08/2018 12:00:00 PM,25,9,16
10/08/2018 01:00:00 PM,17,11,6
10/08/2018 02:00:00 PM,41,24,17
10/08/2018 03:00:00 PM,44,27,17
10/08/2018 04:00:00 PM,146,129,17
10/08/2018 05:00:00 PM,281,251,30
10/08/2018 06:00:00 PM,183,161,22
10/08/2018 07:00:00 PM,70,60,10
10/08/2018 08:00:00 PM,23,20,3
10/08/2018 09:00:00 PM,21,19,2
10/08/2018 10:00:00 PM,12,11,1
10/08/2018 11:00:00 PM,6,4,2
10/09/2018 12:00:00 AM,7,3,4
10/09/2018 01:00:00 AM,2,2,0
10/09/2018 02:00:00 AM,0,0,0
10/09/2018 03:00:00 AM,1,1,0
10/09/2018 04:00:00 AM,5,1,4
10/09/2018 05:00:00 AM,25,7,18
10/09/2018 06:00:00 AM,72,10,62
10/09/2018 07:00:00 AM,173,15,158
10/09/2018 08:00:00 AM,315,24,291
10/09/2018 09:00:00 AM,201,30,171
10/09/2018 10:00:00 AM,79,14,65
10/09/2018 11:00:00 AM,43,15,28
10/09/2018 12:00:00 PM,39,20,19
10/09/2018 01:00:00 PM,39,19,20
10/09/2018 02:00:00 PM,68,49,19
10/09/2018 03:00:00 PM,73,59,14
10/09/2018 04:00:00 PM,214,188,26
10/09/2018 05:00:00 PM,359,320,39
10/09/2018 06:00:00 PM,262,220,42
10/09/2018 07:00:00 PM,101,77,24
10/09/2018 08:00:00 PM,52,32,20
10/09/2018 09:00:00 PM,26,18,8
10/09/2018 10:00:00 PM,16,12,4
10/09/2018 11:00:00 PM,14,10,4
10/10/2018 12:00:00 AM,5,3,2
10/10/2018 01:00:00 AM,1,1,0
10/10/2018 02:00:00 AM,3,2,1
10/10/2018 03:00:00 AM,1,1,0
10/10/2018 04:00:00 AM,9,6,3
10/10/2018 05:00:00 AM,27,8,19
10/10/2018 06:00:00 AM,79,13,66
10/10/2018 07:00:00 AM,243,30,213
10/10/2018 08:00:00 AM,373,38,335
10/10/2018 09:00:00 AM,199,28,171
10/10/2018 10:00:00 AM,86,24,62
10/10/2018 11:00:00 AM,54,22,32
10/10/2018 12:00:00 PM,57,21,36
10/10/2018 01:00:00 PM,52,30,22
10/10/2018 02:00:00 PM,66,36,30
10/10/2018 03:00:00 PM,107,74,33
10/10/2018 04:00:00 PM,244,191,53
10/10/2018 05:00:00 PM,470,406,64
10/10/2018 06:00:00 PM,279,231,48
10/10/2018 07:00:00 PM,108,80,28
10/10/2018 08:00:00 PM,55,43,12
10/10/2018 09:00:00 PM,41,32,9
10/10/2018 10:00:00 PM,18,10,8
10/10/2018 11:00:00 PM,18,10,8
10/11/2018 12:00:00 AM,6,6,0
10/11/2018 01:00:00 AM,2,2,0
10/11/2018 02:00:00 AM,1,1,0
10/11/2018 03:00:00 AM,2,2,0
10/11/2018 04:00:00 AM,7,3,4
10/11/2018 05:00:00 AM,24,9,15
10/11/2018 06:00:00 AM,61,12,49
10/11/2018 07:00:00 AM,226,29,197
10/11/2018 08:00:00 AM,366,31,335
10/11/2018 09:00:00 AM,204,36,168
10/11/2018 10:00:00 AM,71,9,62
10/11/2018 11:00:00 AM,41,12,29
10/11/2018 12:00:00 PM,44,20,24
10/11/2018 01:00:00 PM,50,27,23
10/11/2018 02:00:00 PM,66,38,28
10/11/2018 03:00:00 PM,106,67,39
10/11/2018 04:00:00 PM,281,229,52
10/11/2018 05:00:00 PM,379,321,58
10/11/2018 06:00:00 PM,274,229,45
10/11/2018 07:00:00 PM,113,86,27
10/11/2018 08:00:00 PM,60,43,17
10/11/2018 09:00:00 PM,51,40,11
10/11/2018 10:00:00 PM,36,27,9
10/11/2018 11:00:00 PM,11,10,1
10/12/2018 12:00:00 AM,7,5,2
10/12/2018 01:00:00 AM,1,1,0
10/12/2018 02:00:00 AM,1,0,1
10/12/2018 03:00:00 AM,2,2,0
10/12/2018 04:00:00 AM,6,6,0
10/12/2018 05:00:00 AM,20,2,18
10/12/2018 06:00:00 AM,51,12,39
10/12/2018 07:00:00 AM,167,20,147
10/12/2018 08:00:00 AM,310,26,284
10/12/2018 09:00:00 AM,206,33,173
10/12/2018 10:00:00 AM,93,16,77
10/12/2018 11:00:00 AM,72,32,40
10/12/2018 12:00:00 PM,97,50,47
10/12/2018 01:00:00 PM,79,38,41
10/12/2018 02:00:00 PM,81,53,28
10/12/2018 03:00:00 PM,158,105,53
10/12/2018 04:00:00 PM,260,206,54
10/12/2018 05:00:00 PM,373,307,66
10/12/2018 06:00:00 PM,211,146,65
10/12/2018 07:00:00 PM,86,49,37
10/12/2018 08:00:00 PM,50,42,8
10/12/2018 09:00:00 PM,38,30,8
10/12/2018 10:00:00 PM,35,32,3
10/12/2018 11:00:00 PM,22,17,5
10/13/2018 12:00:00 AM,17,14,3
10/13/2018 01:00:00 AM,10,7,3
10/13/2018 02:00:00 AM,4,2,2
10/13/2018 03:00:00 AM,1,1,0
10/13/2018 04:00:00 AM,7,3,4
10/13/2018 05:00:00 AM,3,2,1
10/13/2018 06:00:00 AM,17,7,10
10/13/2018 07:00:00 AM,17,4,13
10/13/2018 08:00:00 AM,35,13,22
10/13/2018 09:00:00 AM,33,9,24
10/13/2018 10:00:00 AM,48,29,19
10/13/2018 11:00:00 AM,63,33,30
10/13/2018 12:00:00 PM,84,47,37
10/13/2018 01:00:00 PM,80,40,40
10/13/2018 02:00:00 PM,107,45,62
10/13/2018 03:00:00 PM,107,59,48
10/13/2018 04:00:00 PM,110,48,62
10/13/2018 05:00:00 PM,78,37,41
10/13/2018 06:00:00 PM,86,33,53
10/13/2018 07:00:00 PM,68,39,29
10/13/2018 08:00:00 PM,38,19,19
10/13/2018 09:00:00 PM,30,23,7
10/13/2018 10:00:00 PM,16,13,3
10/13/2018 11:00:00 PM,15,11,4
10/14/2018 12:00:00 AM,5,2,3
10/14/2018 01:00:00 AM,5,3,2
10/14/2018 02:00:00 AM,4,3,1
10/14/2018 03:00:00 AM,0,0,0
10/14/2018 04:00:00 AM,6,3,3
10/14/2018 05:00:00 AM,3,1,2
10/14/2018 06:00:00 AM,3,2,1
10/14/2018 07:00:00 AM,13,7,6
10/14/2018 08:00:00 AM,21,7,14
10/14/2018 09:00:00 AM,38,12,26
10/14/2018 10:00:00 AM,59,28,31
10/14/2018 11:00:00 AM,87,46,41
10/14/2018 12:00:00 PM,89,46,43
10/14/2018 01:00:00 PM,120,64,56
10/14/2018 02:00:00 PM,116,70,46
10/14/2018 03:00:00 PM,170,87,83
10/14/2018 04:00:00 PM,120,49,71
10/14/2018 05:00:00 PM,100,40,60
10/14/2018 06:00:00 PM,89,33,56
10/14/2018 07:00:00 PM,56,18,38
10/14/2018 08:00:00 PM,46,34,12
10/14/2018 09:00:00 PM,20,11,9
10/14/2018 10:00:00 PM,21,16,5
10/14/2018 11:00:00 PM,11,9,2
10/15/2018 12:00:00 AM,5,4,1
10/15/2018 01:00:00 AM,3,3,0
10/15/2018 02:00:00 AM,0,0,0
10/15/2018 03:00:00 AM,1,1,0
10/15/2018 04:00:00 AM,12,7,5
10/15/2018 05:00:00 AM,22,8,14
10/15/2018 06:00:00 AM,80,18,62
10/15/2018 07:00:00 AM,223,31,192
10/15/2018 08:00:00 AM,426,39,387
10/15/2018 09:00:00 AM,244,31,213
10/15/2018 10:00:00 AM,80,14,66
10/15/2018 11:00:00 AM,62,26,36
10/15/2018 12:00:00 PM,53,22,31
10/15/2018 01:00:00 PM,53,27,26
10/15/2018 02:00:00 PM,74,42,32
10/15/2018 03:00:00 PM,113,85,28
10/15/2018 04:00:00 PM,272,230,42
10/15/2018 05:00:00 PM,472,404,68
10/15/2018 06:00:00 PM,292,245,47
10/15/2018 07:00:00 PM,95,77,18
10/15/2018 08:00:00 PM,45,33,12
10/15/2018 09:00:00 PM,29,21,8
10/15/2018 10:00:00 PM,16,10,6
10/15/2018 11:00:00 PM,9,6,3
10/16/2018 12:00:00 AM,6,5,1
10/16/2018 01:00:00 AM,2,1,1
10/16/2018 02:00:00 AM,1,1,0
10/16/2018 03:00:00 AM,0,0,0
10/16/2018 04:00:00 AM,9,1,8
10/16/2018 05:00:00 AM,30,8,22
10/16/2018 06:00:00 AM,81,16,65
10/16/2018 07:00:00 AM,259,34,225
10/16/2018 08:00:00 AM,425,34,391
10/16/2018 09:00:00 AM,243,28,215
10/16/2018 10:00:00 AM,82,13,69
10/16/2018 11:00:00 AM,56,22,34
10/16/2018 12:00:00 PM,50,27,23
10/16/2018 01:00:00 PM,55,25,30
10/16/2018 02:00:00 PM,101,62,39
10/16/2018 03:00:00 PM,148,103,45
10/16/2018 04:00:00 PM,259,215,44
10/16/2018 05:00:00 PM,505,442,63
10/16/2018 06:00:00 PM,312,251,61
10/16/2018 07:00:00 PM,93,76,17
10/16/2018 08:00:00 PM,55,37,18
10/16/2018 09:00:00 PM,54,30,24
10/16/2018 10:00:00 PM,24,17,7
10/16/2018 11:00:00 PM,12,8,4
10/17/2018 12:00:00 AM,7,7,0
10/17/2018 01:00:00 AM,6,5,1
10/17/2018 02:00:00 AM,1,1,0
10/17/2018 03:00:00 AM,2,0,2
10/17/2018 04:00:00 AM,10,1,9
10/17/2018 05:00:00 AM,30,9,21
10/17/2018 06:00:00 AM,84,13,71
10/17/2018 07:00:00 AM,253,39,214
10/17/2018 08:00:00 AM,392,36,356
10/17/2018 09:00:00 AM,235,36,199
10/17/2018 10:00:00 AM,95,25,70
10/17/2018 11:00:00 AM,54,14,40
10/17/2018 12:00:00 PM,69,31,38
10/17/2018 01:00:00 PM,74,37,37
10/17/2018 02:00:00 PM,79,44,35
10/17/2018 03:00:00 PM,127,87,40
10/17/2018 04:00:00 PM,274,208,66
10/17/2018 05:00:00 PM,492,419,73
10/17/2018 06:00:00 PM,301,260,41
10/17/2018 07:00:00 PM,131,82,49
10/17/2018 08:00:00 PM,50,33,17
10/17/2018 09:00:00 PM,40,31,9
10/17/2018 10:00:00 PM,21,14,7
10/17/2018 11:00:00 PM,17,11,6
10/18/2018 12:00:00 AM,4,3,1
10/18/2018 01:00:00 AM,4,3,1
10/18/2018 02:00:00 AM,1,0,1
10/18/2018 03:00:00 AM,2,2,0
10/18/2018 04:00:00 AM,6,2,4
10/18/2018 05:00:00 AM,24,6,18
10/18/2018 06:00:00 AM,60,6,54
10/18/2018 07:00:00 AM,244,34,210
10/18/2018 08:00:00 AM,408,35,373
10/18/2018 09:00:00 AM,216,37,179
10/18/2018 10:00:00 AM,86,18,68
10/18/2018 11:00:00 AM,73,32,41
10/18/2018 12:00:00 PM,60,37,23
10/18/2018 01:00:00 PM,73,36,37
10/18/2018 02:00:00 PM,73,45,28
10/18/2018 03:00:00 PM,125,82,43
10/18/2018 04:00:00 PM,261,218,43
10/18/2018 05:00:00 PM,444,392,52
10/18/2018 06:00:00 PM,276,225,51
10/18/2018 07:00:00 PM,93,73,20
10/18/2018 08:00:00 PM,56,42,14
10/18/2018 09:00:00 PM,43,31,12
10/18/2018 10:00:00 PM,25,17,8
10/18/2018 11:00:00 PM,20,16,4
10/19/2018 12:00:00 AM,7,4,3
10/19/2018 01:00:00 AM,2,1,1
10/19/2018 02:00:00 AM,1,0,1
10/19/2018 03:00:00 AM,3,2,1
10/19/2018 04:00:00 AM,5,1,4
10/19/2018 05:00:00 AM,23,7,16
10/19/2018 06:00:00 AM,55,6,49
10/19/2018 07:00:00 AM,165,20,145
10/19/2018 08:00:00 AM,351,35,316
10/19/2018 09:00:00 AM,202,23,179
10/19/2018 10:00:00 AM,88,28,60
10/19/2018 11:00:00 AM,62,17,45
10/19/2018 12:00:00 PM,48,21,27
10/19/2018 01:00:00 PM,51,24,27
10/19/2018 02:00:00 PM,61,38,23
10/19/2018 03:00:00 PM,124,87,37
10/19/2018 04:00:00 PM,263,212,51
10/19/2018 05:00:00 PM,365,308,57
10/19/2018 06:00:00 PM,202,171,31
10/19/2018 07:00:00 PM,85,68,17
10/19/2018 08:00:00 PM,34,20,14
10/19/2018 09:00:00 PM,26,18,8
10/19/2018 10:00:00 PM,20,15,5
10/19/2018 11:00:00 PM,8,3,5
10/20/2018 12:00:00 AM,7,4,3
10/20/2018 01:00:00 AM,8,5,3
10/20/2018 02:00:00 AM,6,2,4
10/20/2018 03:00:00 AM,1,0,1
10/20/2018 04:00:00 AM,3,2,1
10/20/2018 05:00:00 AM,4,1,3
10/20/2018 06:00:00 AM,6,3,3
10/20/2018 07:00:00 AM,20,8,12
10/20/2018 08:00:00 AM,32,14,18
10/20/2018 09:00:00 AM,34,17,17
10/20/2018 10:00:00 AM,50,24,26
10/20/2018 11:00:00 AM,66,24,42
10/20/2018 12:00:00 PM,53,25,28
10/20/2018 01:00:00 PM,54,33,21
10/20/2018 02:00:00 PM,88,50,38
10/20/2018 03:00:00 PM,96,58,38
10/20/2018 04:00:00 PM,92,42,50
10/20/2018 05:00:00 PM,83,39,44
10/20/2018 06:00:00 PM,48,17,31
10/20/2018 07:00:00 PM,42,20,22
10/20/2018 08:00:00 PM,24,16,8
10/20/2018 09:00:00 PM,25,12,13
10/20/2018 10:00:00 PM,15,12,3
10/20/2018 11:00:00 PM,15,9,6
10/21/2018 12:00:00 AM,11,8,3
10/21/2018 01:00:00 AM,3,2,1
10/21/2018 02:00:00 AM,5,5,0
10/21/2018 03:00:00 AM,0,0,0
10/21/2018 04:00:00 AM,4,3,1
10/21/2018 05:00:00 AM,3,2,1
10/21/2018 06:00:00 AM,6,1,5
10/21/2018 07:00:00 AM,9,4,5
10/21/2018 08:00:00 AM,26,11,15
10/21/2018 09:00:00 AM,38,15,23
10/21/2018 10:00:00 AM,36,15,21
10/21/2018 11:00:00 AM,44,23,21
10/21/2018 12:00:00 PM,40,25,15
10/21/2018 01:00:00 PM,60,33,27
10/21/2018 02:00:00 PM,76,48,28
10/21/2018 03:00:00 PM,74,35,39
10/21/2018 04:00:00 PM,89,45,44
10/21/2018 05:00:00 PM,87,42,45
10/21/2018 06:00:00 PM,45,18,27
10/21/2018 07:00:00 PM,18,7,11
10/21/2018 08:00:00 PM,12,8,4
10/21/2018 09:00:00 PM,9,6,3
10/21/2018 10:00:00 PM,12,7,5
10/21/2018 11:00:00 PM,10,9,1
10/22/2018 12:00:00 AM,4,3,1
10/22/2018 01:00:00 AM,3,3,0
10/22/2018 02:00:00 AM,0,0,0
10/22/2018 03:00:00 AM,2,1,1
10/22/2018 04:00:00 AM,5,2,3
10/22/2018 05:00:00 AM,19,5,14
10/22/2018 06:00:00 AM,81,15,66
10/22/2018 07:00:00 AM,174,23,151
10/22/2018 08:00:00 AM,385,33,352
10/22/2018 09:00:00 AM,211,28,183
10/22/2018 10:00:00 AM,73,16,57
10/22/2018 11:00:00 AM,43,13,30
10/22/2018 12:00:00 PM,42,21,21
10/22/2018 01:00:00 PM,46,29,17
10/22/2018 02:00:00 PM,67,40,27
10/22/2018 03:00:00 PM,94,70,24
10/22/2018 04:00:00 PM,215,173,42
10/22/2018 05:00:00 PM,406,356,50
10/22/2018 06:00:00 PM,226,194,32
10/22/2018 07:00:00 PM,98,81,17
10/22/2018 08:00:00 PM,36,24,12
10/22/2018 09:00:00 PM,21,18,3
10/22/2018 10:00:00 PM,14,12,2
10/22/2018 11:00:00 PM,10,6,4
10/23/2018 12:00:00 AM,2,2,0
10/23/2018 01:00:00 AM,6,3,3
10/23/2018 02:00:00 AM,1,1,0
10/23/2018 03:00:00 AM,1,1,0
10/23/2018 04:00:00 AM,4,2,2
10/23/2018 05:00:00 AM,22,6,16
10/23/2018 06:00:00 AM,79,16,63
10/23/2018 07:00:00 AM,225,31,194
10/23/2018 08:00:00 AM,373,34,339
10/23/2018 09:00:00 AM,206,29,177
10/23/2018 10:00:00 AM,62,10,52
10/23/2018 11:00:00 AM,41,11,30
10/23/2018 12:00:00 PM,45,21,24
10/23/2018 01:00:00 PM,63,31,32
10/23/2018 02:00:00 PM,56,35,21
10/23/2018 03:00:00 PM,88,63,25
10/23/2018 04:00:00 PM,227,175,52
10/23/2018 05:00:00 PM,389,353,36
10/23/2018 06:00:00 PM,206,175,31
10/23/2018 07:00:00 PM,82,66,16
10/23/2018 08:00:00 PM,43,34,9
10/23/2018 09:00:00 PM,29,20,9
10/23/2018 10:00:00 PM,19,14,5
10/23/2018 11:00:00 PM,7,5,2
10/24/2018 12:00:00 AM,2,2,0
10/24/2018 01:00:00 AM,4,3,1
10/24/2018 02:00:00 AM,0,0,0
10/24/2018 03:00:00 AM,1,0,1
10/24/2018 04:00:00 AM,8,4,4
10/24/2018 05:00:00 AM,20,6,14
10/24/2018 06:00:00 AM,80,15,65
10/24/2018 07:00:00 AM,210,22,188
10/24/2018 08:00:00 AM,350,32,318
10/24/2018 09:00:00 AM,201,33,168
10/24/2018 10:00:00 AM,81,12,69
10/24/2018 11:00:00 AM,47,17,30
10/24/2018 12:00:00 PM,48,20,28
10/24/2018 01:00:00 PM,49,29,20
10/24/2018 02:00:00 PM,62,38,24
10/24/2018 03:00:00 PM,92,64,28
10/24/2018 04:00:00 PM,242,192,50
10/24/2018 05:00:00 PM,407,349,58
10/24/2018 06:00:00 PM,216,178,38
10/24/2018 07:00:00 PM,95,76,19
10/24/2018 08:00:00 PM,55,42,13
10/24/2018 09:00:00 PM,56,39,17
10/24/2018 10:00:00 PM,10,5,5
10/24/2018 11:00:00 PM,22,10,12
10/25/2018 12:00:00 AM,1,0,1
10/25/2018 01:00:00 AM,2,2,0
10/25/2018 02:00:00 AM,1,1,0
10/25/2018 03:00:00 AM,2,1,1
10/25/2018 04:00:00 AM,4,1,3
10/25/2018 05:00:00 AM,21,5,16
10/25/2018 06:00:00 AM,49,9,40
10/25/2018 07:00:00 AM,175,17,158
10/25/2018 08:00:00 AM,257,27,230
10/25/2018 09:00:00 AM,140,16,124
10/25/2018 10:00:00 AM,57,11,46
10/25/2018 11:00:00 AM,23,8,15
10/25/2018 12:00:00 PM,25,12,13
10/25/2018 01:00:00 PM,24,10,14
10/25/2018 02:00:00 PM,33,25,8
10/25/2018 03:00:00 PM,61,44,17
10/25/2018 04:00:00 PM,153,127,26
10/25/2018 05:00:00 PM,265,233,32
10/25/2018 06:00:00 PM,154,138,16
10/25/2018 07:00:00 PM,66,53,13
10/25/2018 08:00:00 PM,38,22,16
10/25/2018 09:00:00 PM,36,30,6
10/25/2018 10:00:00 PM,14,12,2
10/25/2018 11:00:00 PM,10,5,5
10/26/2018 12:00:00 AM,1,1,0
10/26/2018 01:00:00 AM,0,0,0
10/26/2018 02:00:00 AM,1,1,0
10/26/2018 03:00:00 AM,0,0,0
10/26/2018 04:00:00 AM,4,3,1
10/26/2018 05:00:00 AM,13,5,8
10/26/2018 06:00:00 AM,49,9,40
10/26/2018 07:00:00 AM,139,15,124
10/26/2018 08:00:00 AM,279,30,249
10/26/2018 09:00:00 AM,140,15,125
10/26/2018 10:00:00 AM,64,14,50
10/26/2018 11:00:00 AM,34,11,23
10/26/2018 12:00:00 PM,37,21,16
10/26/2018 01:00:00 PM,72,37,35
10/26/2018 02:00:00 PM,55,41,14
10/26/2018 03:00:00 PM,79,47,32
10/26/2018 04:00:00 PM,187,160,27
10/26/2018 05:00:00 PM,275,243,32
10/26/2018 06:00:00 PM,132,108,24
10/26/2018 07:00:00 PM,61,44,17
10/26/2018 08:00:00 PM,33,23,10
10/26/2018 09:00:00 PM,29,15,14
10/26/2018 10:00:00 PM,29,14,15
10/26/2018 11:00:00 PM,14,8,6
10/27/2018 12:00:00 AM,17,10,7
10/27/2018 01:00:00 AM,4,4,0
10/27/2018 02:00:00 AM,4,1,3
10/27/2018 03:00:00 AM,2,1,1
10/27/2018 04:00:00 AM,3,1,2
10/27/2018 05:00:00 AM,10,5,5
10/27/2018 06:00:00 AM,5,2,3
10/27/2018 07:00:00 AM,20,6,14
10/27/2018 08:00:00 AM,22,10,12
10/27/2018 09:00:00 AM,42,23,19
10/27/2018 10:00:00 AM,46,22,24
10/27/2018 11:00:00 AM,57,33,24
10/27/2018 12:00:00 PM,53,31,22
10/27/2018 01:00:00 PM,65,32,33
10/27/2018 02:00:00 PM,81,47,34
10/27/2018 03:00:00 PM,54,29,25
10/27/2018 04:00:00 PM,59,27,32
10/27/2018 05:00:00 PM,25,13,12
10/27/2018 06:00:00 PM,13,6,7
10/27/2018 07:00:00 PM,5,2,3
10/27/2018 08:00:00 PM,2,0,2
10/27/2018 09:00:00 PM,5,3,2
10/27/2018 10:00:00 PM,3,3,0
10/27/2018 11:00:00 PM,6,3,3
10/28/2018 12:00:00 AM,7,1,6
10/28/2018 01:00:00 AM,2,0,2
10/28/2018 02:00:00 AM,0,0,0
10/28/2018 03:00:00 AM,3,2,1
10/28/2018 04:00:00 AM,2,2,0
10/28/2018 05:00:00 AM,2,1,1
10/28/2018 06:00:00 AM,3,2,1
10/28/2018 07:00:00 AM,2,1,1
10/28/2018 08:00:00 AM,20,10,10
10/28/2018 09:00:00 AM,27,16,11
10/28/2018 10:00:00 AM,25,13,12
10/28/2018 11:00:00 AM,38,19,19
10/28/2018 12:00:00 PM,41,23,18
10/28/2018 01:00:00 PM,45,23,22
10/28/2018 02:00:00 PM,53,28,25
10/28/2018 03:00:00 PM,31,19,12
10/28/2018 04:00:00 PM,37,21,16
10/28/2018 05:00:00 PM,16,10,6
10/28/2018 06:00:00 PM,7,4,3
10/28/2018 07:00:00 PM,7,3,4
10/28/2018 08:00:00 PM,8,3,5
10/28/2018 09:00:00 PM,11,7,4
10/28/2018 10:00:00 PM,7,3,4
10/28/2018 11:00:00 PM,6,5,1
10/29/2018 12:00:00 AM,4,4,0
10/29/2018 01:00:00 AM,0,0,0
10/29/2018 02:00:00 AM,1,1,0
10/29/2018 03:00:00 AM,1,1,0
10/29/2018 04:00:00 AM,8,5,3
10/29/2018 05:00:00 AM,22,4,18
10/29/2018 06:00:00 AM,61,14,47
10/29/2018 07:00:00 AM,172,27,145
10/29/2018 08:00:00 AM,344,27,317
10/29/2018 09:00:00 AM,184,28,156
10/29/2018 10:00:00 AM,80,20,60
10/29/2018 11:00:00 AM,32,12,20
10/29/2018 12:00:00 PM,41,29,12
10/29/2018 01:00:00 PM,33,21,12
10/29/2018 02:00:00 PM,34,26,8
10/29/2018 03:00:00 PM,72,56,16
10/29/2018 04:00:00 PM,184,162,22
10/29/2018 05:00:00 PM,330,288,42
10/29/2018 06:00:00 PM,193,168,25
10/29/2018 07:00:00 PM,88,74,14
10/29/2018 08:00:00 PM,33,23,10
10/29/2018 09:00:00 PM,18,18,0
10/29/2018 10:00:00 PM,11,7,4
10/29/2018 11:00:00 PM,13,9,4
10/30/2018 12:00:00 AM,9,3,6
10/30/2018 01:00:00 AM,5,3,2
10/30/2018 02:00:00 AM,0,0,0
10/30/2018 03:00:00 AM,0,0,0
10/30/2018 04:00:00 AM,6,2,4
10/30/2018 05:00:00 AM,25,9,16
10/30/2018 06:00:00 AM,68,9,59
10/30/2018 07:00:00 AM,210,38,172
10/30/2018 08:00:00 AM,374,26,348
10/30/2018 09:00:00 AM,208,33,175
10/30/2018 10:00:00 AM,64,11,53
10/30/2018 11:00:00 AM,31,11,20
10/30/2018 12:00:00 PM,40,16,24
10/30/2018 01:00:00 PM,49,29,20
10/30/2018 02:00:00 PM,47,30,17
10/30/2018 03:00:00 PM,103,75,28
10/30/2018 04:00:00 PM,191,156,35
10/30/2018 05:00:00 PM,362,322,40
10/30/2018 06:00:00 PM,238,201,37
10/30/2018 07:00:00 PM,76,67,9
10/30/2018 08:00:00 PM,54,41,13
10/30/2018 09:00:00 PM,28,21,7
10/30/2018 10:00:00 PM,18,12,6
10/30/2018 11:00:00 PM,7,5,2
10/31/2018 12:00:00 AM,2,2,0
10/31/2018 01:00:00 AM,1,1,0
10/31/2018 02:00:00 AM,0,0,0
10/31/2018 03:00:00 AM,0,0,0
10/31/2018 04:00:00 AM,6,3,3
10/31/2018 05:00:00 AM,25,6,19
10/31/2018 06:00:00 AM,58,10,48
10/31/2018 07:00:00 AM,187,22,165
10/31/2018 08:00:00 AM,313,26,287
10/31/2018 09:00:00 AM,167,26,141
10/31/2018 10:00:00 AM,69,11,58
10/31/2018 11:00:00 AM,39,12,27
10/31/2018 12:00:00 PM,51,27,24
10/31/2018 01:00:00 PM,43,24,19
10/31/2018 02:00:00 PM,58,44,14
10/31/2018 03:00:00 PM,96,75,21
10/31/2018 04:00:00 PM,229,202,27
10/31/2018 05:00:00 PM,287,242,45
10/31/2018 06:00:00 PM,150,125,25
10/31/2018 07:00:00 PM,61,52,9
10/31/2018 08:00:00 PM,32,19,13
10/31/2018 09:00:00 PM,26,19,7
10/31/2018 10:00:00 PM,12,5,7
10/31/2018 11:00:00 PM,13,10,3
11/01/2018 12:00:00 AM,6,3,3
11/01/2018 01:00:00 AM,1,1,0
11/01/2018 02:00:00 AM,4,2,2
11/01/2018 03:00:00 AM,0,0,0
11/01/2018 04:00:00 AM,6,3,3
11/01/2018 05:00:00 AM,19,8,11
11/01/2018 06:00:00 AM,48,7,41
11/01/2018 07:00:00 AM,174,18,156
11/01/2018 08:00:00 AM,324,29,295
11/01/2018 09:00:00 AM,180,23,157
11/01/2018 10:00:00 AM,64,14,50
11/01/2018 11:00:00 AM,36,14,22
11/01/2018 12:00:00 PM,40,10,30
11/01/2018 01:00:00 PM,31,17,14
11/01/2018 02:00:00 PM,54,36,18
11/01/2018 03:00:00 PM,75,53,22
11/01/2018 04:00:00 PM,181,151,30
11/01/2018 05:00:00 PM,349,310,39
11/01/2018 06:00:00 PM,222,185,37
11/01/2018 07:00:00 PM,89,70,19
11/01/2018 08:00:00 PM,51,38,13
11/01/2018 09:00:00 PM,29,21,8
11/01/2018 10:00:00 PM,20,16,4
11/01/2018 11:00:00 PM,7,5,2
11/02/2018 12:00:00 AM,2,2,0
11/02/2018 01:00:00 AM,2,1,1
11/02/2018 02:00:00 AM,1,1,0
11/02/2018 03:00:00 AM,0,0,0
11/02/2018 04:00:00 AM,6,2,4
11/02/2018 05:00:00 AM,17,5,12
11/02/2018 06:00:00 AM,45,9,36
11/02/2018 07:00:00 AM,159,22,137
11/02/2018 08:00:00 AM,303,26,277
11/02/2018 09:00:00 AM,156,18,138
11/02/2018 10:00:00 AM,50,15,35
11/02/2018 11:00:00 AM,32,13,19
11/02/2018 12:00:00 PM,45,26,19
11/02/2018 01:00:00 PM,49,28,21
11/02/2018 02:00:00 PM,69,49,20
11/02/2018 03:00:00 PM,94,64,30
11/02/2018 04:00:00 PM,189,151,38
11/02/2018 05:00:00 PM,322,280,42
11/02/2018 06:00:00 PM,162,128,34
11/02/2018 07:00:00 PM,55,42,13
11/02/2018 08:00:00 PM,30,17,13
11/02/2018 09:00:00 PM,21,16,5
11/02/2018 10:00:00 PM,15,8,7
11/02/2018 11:00:00 PM,13,11,2
11/03/2018 12:00:00 AM,14,12,2
11/03/2018 01:00:00 AM,8,7,1
11/03/2018 02:00:00 AM,5,0,5
11/03/2018 03:00:00 AM,2,0,2
11/03/2018 04:00:00 AM,6,4,2
11/03/2018 05:00:00 AM,4,2,2
11/03/2018 06:00:00 AM,12,8,4
11/03/2018 07:00:00 AM,14,6,8
11/03/2018 08:00:00 AM,23,8,15
11/03/2018 09:00:00 AM,25,14,11
11/03/2018 10:00:00 AM,20,11,9
11/03/2018 11:00:00 AM,40,19,21
11/03/2018 12:00:00 PM,40,14,26
11/03/2018 01:00:00 PM,26,12,14
11/03/2018 02:00:00 PM,18,11,7
11/03/2018 03:00:00 PM,30,25,5
11/03/2018 04:00:00 PM,21,13,8
11/03/2018 05:00:00 PM,31,19,12
11/03/2018 06:00:00 PM,14,11,3
11/03/2018 07:00:00 PM,15,7,8
11/03/2018 08:00:00 PM,13,6,7
11/03/2018 09:00:00 PM,10,5,5
11/03/2018 10:00:00 PM,8,6,2
11/03/2018 11:00:00 PM,3,2,1
11/04/2018 12:00:00 AM,1,1,0
11/04/2018 01:00:00 AM,9,5,4
11/04/2018 02:00:00 AM,0,0,0
11/04/2018 03:00:00 AM,1,0,1
11/04/2018 04:00:00 AM,4,1,3
11/04/2018 05:00:00 AM,4,1,3
11/04/2018 06:00:00 AM,4,1,3
11/04/2018 07:00:00 AM,13,7,6
11/04/2018 08:00:00 AM,35,18,17
11/04/2018 09:00:00 AM,41,15,26
11/04/2018 10:00:00 AM,60,28,32
11/04/2018 11:00:00 AM,63,32,31
11/04/2018 12:00:00 PM,70,40,30
11/04/2018 01:00:00 PM,68,34,34
11/04/2018 02:00:00 PM,93,47,46
11/04/2018 03:00:00 PM,72,37,35
11/04/2018 04:00:00 PM,81,32,49
11/04/2018 05:00:00 PM,57,26,31
11/04/2018 06:00:00 PM,26,13,13
11/04/2018 07:00:00 PM,19,16,3
11/04/2018 08:00:00 PM,13,6,7
11/04/2018 09:00:00 PM,8,5,3
11/04/2018 10:00:00 PM,11,8,3
11/04/2018 11:00:00 PM,5,5,0
11/05/2018 12:00:00 AM,3,2,1
11/05/2018 01:00:00 AM,1,1,0
11/05/2018 02:00:00 AM,0,0,0
11/05/2018 03:00:00 AM,1,1,0
11/05/2018 04:00:00 AM,9,1,8
11/05/2018 05:00:00 AM,22,4,18
11/05/2018 06:00:00 AM,61,12,49
11/05/2018 07:00:00 AM,213,22,191
11/05/2018 08:00:00 AM,341,28,313
11/05/2018 09:00:00 AM,182,30,152
11/05/2018 10:00:00 AM,68,26,42
11/05/2018 11:00:00 AM,32,12,20
11/05/2018 12:00:00 PM,52,24,28
11/05/2018 01:00:00 PM,44,25,19
11/05/2018 02:00:00 PM,55,37,18
11/05/2018 03:00:00 PM,83,62,21
11/05/2018 04:00:00 PM,206,175,31
11/05/2018 05:00:00 PM,342,305,37
11/05/2018 06:00:00 PM,213,190,23
11/05/2018 07:00:00 PM,66,52,14
11/05/2018 08:00:00 PM,35,27,8
11/05/2018 09:00:00 PM,15,11,4
11/05/2018 10:00:00 PM,11,6,5
11/05/2018 11:00:00 PM,6,5,1
11/06/2018 12:00:00 AM,3,2,1
11/06/2018 01:00:00 AM,1,1,0
11/06/2018 02:00:00 AM,1,1,0
11/06/2018 03:00:00 AM,1,1,0
11/06/2018 04:00:00 AM,6,2,4
11/06/2018 05:00:00 AM,21,4,17
11/06/2018 06:00:00 AM,79,9,70
11/06/2018 07:00:00 AM,267,30,237
11/06/2018 08:00:00 AM,360,28,332
11/06/2018 09:00:00 AM,159,23,136
11/06/2018 10:00:00 AM,70,20,50
11/06/2018 11:00:00 AM,39,16,23
11/06/2018 12:00:00 PM,43,21,22
11/06/2018 01:00:00 PM,56,29,27
11/06/2018 02:00:00 PM,67,43,24
11/06/2018 03:00:00 PM,83,57,26
11/06/2018 04:00:00 PM,211,181,30
11/06/2018 05:00:00 PM,394,352,42
11/06/2018 06:00:00 PM,221,192,29
11/06/2018 07:00:00 PM,66,52,14
11/06/2018 08:00:00 PM,41,30,11
11/06/2018 09:00:00 PM,37,22,15
11/06/2018 10:00:00 PM,21,13,8
11/06/2018 11:00:00 PM,10,6,4
11/07/2018 12:00:00 AM,1,1,0
11/07/2018 01:00:00 AM,1,1,0
11/07/2018 02:00:00 AM,0,0,0
11/07/2018 03:00:00 AM,0,0,0
11/07/2018 04:00:00 AM,4,3,1
11/07/2018 05:00:00 AM,28,7,21
11/07/2018 06:00:00 AM,62,10,52
11/07/2018 07:00:00 AM,226,35,191
11/07/2018 08:00:00 AM,370,37,333
11/07/2018 09:00:00 AM,206,31,175
11/07/2018 10:00:00 AM,65,24,41
11/07/2018 11:00:00 AM,47,19,28
11/07/2018 12:00:00 PM,49,24,25
11/07/2018 01:00:00 PM,62,39,23
11/07/2018 02:00:00 PM,73,46,27
11/07/2018 03:00:00 PM,82,58,24
11/07/2018 04:00:00 PM,236,194,42
11/07/2018 05:00:00 PM,345,298,47
11/07/2018 06:00:00 PM,214,185,29
11/07/2018 07:00:00 PM,72,56,16
11/07/2018 08:00:00 PM,51,41,10
11/07/2018 09:00:00 PM,28,23,5
11/07/2018 10:00:00 PM,20,13,7
11/07/2018 11:00:00 PM,13,11,2
11/08/2018 12:00:00 AM,0,0,0
11/08/2018 01:00:00 AM,5,5,0
11/08/2018 02:00:00 AM,0,0,0
11/08/2018 03:00:00 AM,1,0,1
11/08/2018 04:00:00 AM,4,2,2
11/08/2018 05:00:00 AM,27,7,20
11/08/2018 06:00:00 AM,56,15,41
11/08/2018 07:00:00 AM,190,27,163
11/08/2018 08:00:00 AM,315,31,284
11/08/2018 09:00:00 AM,187,29,158
11/08/2018 10:00:00 AM,79,24,55
11/08/2018 11:00:00 AM,61,22,39
11/08/2018 12:00:00 PM,38,13,25
11/08/2018 01:00:00 PM,60,35,25
11/08/2018 02:00:00 PM,75,41,34
11/08/2018 03:00:00 PM,98,64,34
11/08/2018 04:00:00 PM,220,167,53
11/08/2018 05:00:00 PM,322,281,41
11/08/2018 06:00:00 PM,205,163,42
11/08/2018 07:00:00 PM,67,58,9
11/08/2018 08:00:00 PM,50,39,11
11/08/2018 09:00:00 PM,38,28,10
11/08/2018 10:00:00 PM,18,14,4
11/08/2018 11:00:00 PM,22,20,2
11/09/2018 12:00:00 AM,9,6,3
11/09/2018 01:00:00 AM,3,3,0
11/09/2018 02:00:00 AM,0,0,0
11/09/2018 03:00:00 AM,1,0,1
11/09/2018 04:00:00 AM,10,7,3
11/09/2018 05:00:00 AM,13,4,9
11/09/2018 06:00:00 AM,44,13,31
11/09/2018 07:00:00 AM,169,19,150
11/09/2018 08:00:00 AM,267,21,246
11/09/2018 09:00:00 AM,141,28,113
11/09/2018 10:00:00 AM,52,11,41
11/09/2018 11:00:00 AM,21,6,15
11/09/2018 12:00:00 PM,30,17,13
11/09/2018 01:00:00 PM,50,34,16
11/09/2018 02:00:00 PM,45,33,12
11/09/2018 03:00:00 PM,80,53,27
11/09/2018 04:00:00 PM,174,144,30
11/09/2018 05:00:00 PM,232,203,29
11/09/2018 06:00:00 PM,160,142,18
11/09/2018 07:00:00 PM,58,42,16
11/09/2018 08:00:00 PM,27,18,9
11/09/2018 09:00:00 PM,18,14,4
11/09/2018 10:00:00 PM,15,13,2
11/09/2018 11:00:00 PM,15,9,6
11/10/2018 12:00:00 AM,3,3,0
11/10/2018 01:00:00 AM,6,3,3
11/10/2018 02:00:00 AM,3,3,0
11/10/2018 03:00:00 AM,1,1,0
11/10/2018 04:00:00 AM,1,0,1
11/10/2018 05:00:00 AM,6,2,4
11/10/2018 06:00:00 AM,4,2,2
11/10/2018 07:00:00 AM,14,8,6
11/10/2018 08:00:00 AM,26,10,16
11/10/2018 09:00:00 AM,30,13,17
11/10/2018 10:00:00 AM,36,18,18
11/10/2018 11:00:00 AM,50,22,28
11/10/2018 12:00:00 PM,67,38,29
11/10/2018 01:00:00 PM,71,35,36
11/10/2018 02:00:00 PM,77,52,25
11/10/2018 03:00:00 PM,84,37,47
11/10/2018 04:00:00 PM,63,33,30
11/10/2018 05:00:00 PM,41,29,12
11/10/2018 06:00:00 PM,33,18,15
11/10/2018 07:00:00 PM,13,7,6
11/10/2018 08:00:00 PM,8,6,2
11/10/2018 09:00:00 PM,20,17,3
11/10/2018 10:00:00 PM,6,5,1
11/10/2018 11:00:00 PM,10,6,4
11/11/2018 12:00:00 AM,7,4,3
11/11/2018 01:00:00 AM,3,2,1
11/11/2018 02:00:00 AM,3,3,0
11/11/2018 03:00:00 AM,0,0,0
11/11/2018 04:00:00 AM,2,1,1
11/11/2018 05:00:00 AM,3,0,3
11/11/2018 06:00:00 AM,8,4,4
11/11/2018 07:00:00 AM,10,7,3
11/11/2018 08:00:00 AM,25,16,9
11/11/2018 09:00:00 AM,33,12,21
11/11/2018 10:00:00 AM,47,19,28
11/11/2018 11:00:00 AM,80,48,32
11/11/2018 12:00:00 PM,91,47,44
11/11/2018 01:00:00 PM,88,58,30
11/11/2018 02:00:00 PM,79,43,36
11/11/2018 03:00:00 PM,71,35,36
11/11/2018 04:00:00 PM,52,22,30
11/11/2018 05:00:00 PM,22,12,10
11/11/2018 06:00:00 PM,27,16,11
11/11/2018 07:00:00 PM,13,7,6
11/11/2018 08:00:00 PM,13,10,3
11/11/2018 09:00:00 PM,6,1,5
11/11/2018 10:00:00 PM,7,4,3
11/11/2018 11:00:00 PM,9,7,2
11/12/2018 12:00:00 AM,1,1,0
11/12/2018 01:00:00 AM,1,0,1
11/12/2018 02:00:00 AM,0,0,0
11/12/2018 03:00:00 AM,0,0,0
11/12/2018 04:00:00 AM,6,4,2
11/12/2018 05:00:00 AM,26,4,22
11/12/2018 06:00:00 AM,43,11,32
11/12/2018 07:00:00 AM,157,23,134
11/12/2018 08:00:00 AM,272,23,249
11/12/2018 09:00:00 AM,170,32,138
11/12/2018 10:00:00 AM,72,18,54
11/12/2018 11:00:00 AM,57,21,36
11/12/2018 12:00:00 PM,44,22,22
11/12/2018 01:00:00 PM,57,35,22
11/12/2018 02:00:00 PM,78,36,42
11/12/2018 03:00:00 PM,105,70,35
11/12/2018 04:00:00 PM,189,157,32
11/12/2018 05:00:00 PM,282,244,38
11/12/2018 06:00:00 PM,191,164,27
11/12/2018 07:00:00 PM,59,49,10
11/12/2018 08:00:00 PM,29,23,6
11/12/2018 09:00:00 PM,20,16,4
11/12/2018 10:00:00 PM,13,8,5
11/12/2018 11:00:00 PM,8,4,4
11/13/2018 12:00:00 AM,2,2,0
11/13/2018 01:00:00 AM,1,1,0
11/13/2018 02:00:00 AM,0,0,0
11/13/2018 03:00:00 AM,2,0,2
11/13/2018 04:00:00 AM,5,3,2
11/13/2018 05:00:00 AM,23,6,17
11/13/2018 06:00:00 AM,81,14,67
11/13/2018 07:00:00 AM,215,27,188
11/13/2018 08:00:00 AM,377,39,338
11/13/2018 09:00:00 AM,196,32,164
11/13/2018 10:00:00 AM,86,21,65
11/13/2018 11:00:00 AM,44,18,26
11/13/2018 12:00:00 PM,43,25,18
11/13/2018 01:00:00 PM,54,29,25
11/13/2018 02:00:00 PM,61,39,22
11/13/2018 03:00:00 PM,100,67,33
11/13/2018 04:00:00 PM,226,193,33
11/13/2018 05:00:00 PM,372,325,47
11/13/2018 06:00:00 PM,232,196,36
11/13/2018 07:00:00 PM,98,80,18
11/13/2018 08:00:00 PM,54,44,10
11/13/2018 09:00:00 PM,24,20,4
11/13/2018 10:00:00 PM,13,10,3
11/13/2018 11:00:00 PM,10,9,1
11/14/2018 12:00:00 AM,4,4,0
11/14/2018 01:00:00 AM,0,0,0
11/14/2018 02:00:00 AM,0,0,0
11/14/2018 03:00:00 AM,3,2,1
11/14/2018 04:00:00 AM,9,6,3
11/14/2018 05:00:00 AM,19,5,14
11/14/2018 06:00:00 AM,60,12,48
11/14/2018 07:00:00 AM,182,27,155
11/14/2018 08:00:00 AM,261,29,232
11/14/2018 09:00:00 AM,170,25,145
11/14/2018 10:00:00 AM,53,16,37
11/14/2018 11:00:00 AM,22,8,14
11/14/2018 12:00:00 PM,27,15,12
11/14/2018 01:00:00 PM,36,21,15
11/14/2018 02:00:00 PM,41,29,12
11/14/2018 03:00:00 PM,88,58,30
11/14/2018 04:00:00 PM,161,143,18
11/14/2018 05:00:00 PM,273,238,35
11/14/2018 06:00:00 PM,204,178,26
11/14/2018 07:00:00 PM,66,56,10
11/14/2018 08:00:00 PM,36,21,15
11/14/2018 09:00:00 PM,36,21,15
11/14/2018 10:00:00 PM,10,6,4
11/14/2018 11:00:00 PM,6,3,3
11/15/2018 12:00:00 AM,1,1,0
11/15/2018 01:00:00 AM,3,3,0
11/15/2018 02:00:00 AM,3,3,0
11/15/2018 03:00:00 AM,0,0,0
11/15/2018 04:00:00 AM,5,4,1
11/15/2018 05:00:00 AM,25,9,16
11/15/2018 06:00:00 AM,57,10,47
11/15/2018 07:00:00 AM,202,22,180
11/15/2018 08:00:00 AM,319,28,291
11/15/2018 09:00:00 AM,156,25,131
11/15/2018 10:00:00 AM,73,10,63
11/15/2018 11:00:00 AM,50,20,30
11/15/2018 12:00:00 PM,48,23,25
11/15/2018 01:00:00 PM,42,28,14
11/15/2018 02:00:00 PM,69,40,29
11/15/2018 03:00:00 PM,94,66,28
11/15/2018 04:00:00 PM,214,172,42
11/15/2018 05:00:00 PM,312,263,49
11/15/2018 06:00:00 PM,203,174,29
11/15/2018 07:00:00 PM,83,66,17
11/15/2018 08:00:00 PM,71,51,20
11/15/2018 09:00:00 PM,41,33,8
11/15/2018 10:00:00 PM,26,24,2
11/15/2018 11:00:00 PM,11,7,4
11/16/2018 12:00:00 AM,5,5,0
11/16/2018 01:00:00 AM,6,3,3
11/16/2018 02:00:00 AM,2,2,0
11/16/2018 03:00:00 AM,0,0,0
11/16/2018 04:00:00 AM,7,6,1
11/16/2018 05:00:00 AM,18,3,15
11/16/2018 06:00:00 AM,51,8,43
11/16/2018 07:00:00 AM,167,22,145
11/16/2018 08:00:00 AM,305,40,265
11/16/2018 09:00:00 AM,164,21,143
11/16/2018 10:00:00 AM,65,16,49
11/16/2018 11:00:00 AM,44,9,35
11/16/2018 12:00:00 PM,47,22,25
11/16/2018 01:00:00 PM,62,32,30
11/16/2018 02:00:00 PM,68,46,22
11/16/2018 03:00:00 PM,111,86,25
11/16/2018 04:00:00 PM,214,183,31
11/16/2018 05:00:00 PM,280,241,39
11/16/2018 06:00:00 PM,147,125,22
11/16/2018 07:00:00 PM,65,49,16
11/16/2018 08:00:00 PM,37,32,5
11/16/2018 09:00:00 PM,29,20,9
11/16/2018 10:00:00 PM,21,18,3
11/16/2018 11:00:00 PM,14,13,1
11/17/2018 12:00:00 AM,16,14,2
11/17/2018 01:00:00 AM,12,8,4
11/17/2018 02:00:00 AM,2,0,2
11/17/2018 03:00:00 AM,3,3,0
11/17/2018 04:00:00 AM,2,1,1
11/17/2018 05:00:00 AM,3,0,3
11/17/2018 06:00:00 AM,9,6,3
11/17/2018 07:00:00 AM,17,6,11
11/17/2018 08:00:00 AM,36,18,18
11/17/2018 09:00:00 AM,47,15,32
11/17/2018 10:00:00 AM,63,25,38
11/17/2018 11:00:00 AM,91,61,30
11/17/2018 12:00:00 PM,78,40,38
11/17/2018 01:00:00 PM,105,59,46
11/17/2018 02:00:00 PM,104,64,40
11/17/2018 03:00:00 PM,76,38,38
11/17/2018 04:00:00 PM,93,51,42
11/17/2018 05:00:00 PM,55,29,26
11/17/2018 06:00:00 PM,37,17,20
11/17/2018 07:00:00 PM,17,7,10
11/17/2018 08:00:00 PM,23,18,5
11/17/2018 09:00:00 PM,13,11,2
11/17/2018 10:00:00 PM,10,6,4
11/17/2018 11:00:00 PM,6,6,0
11/18/2018 12:00:00 AM,11,6,5
11/18/2018 01:00:00 AM,5,3,2
11/18/2018 02:00:00 AM,2,2,0
11/18/2018 03:00:00 AM,1,1,0
11/18/2018 04:00:00 AM,4,3,1
11/18/2018 05:00:00 AM,4,0,4
11/18/2018 06:00:00 AM,6,4,2
11/18/2018 07:00:00 AM,10,4,6
11/18/2018 08:00:00 AM,31,24,7
11/18/2018 09:00:00 AM,43,29,14
11/18/2018 10:00:00 AM,68,35,33
11/18/2018 11:00:00 AM,92,51,41
11/18/2018 12:00:00 PM,80,43,37
11/18/2018 01:00:00 PM,109,60,49
11/18/2018 02:00:00 PM,107,69,38
11/18/2018 03:00:00 PM,93,51,42
11/18/2018 04:00:00 PM,77,33,44
11/18/2018 05:00:00 PM,32,16,16
11/18/2018 06:00:00 PM,24,10,14
11/18/2018 07:00:00 PM,10,6,4
11/18/2018 08:00:00 PM,19,11,8
11/18/2018 09:00:00 PM,5,4,1
11/18/2018 10:00:00 PM,6,4,2
11/18/2018 11:00:00 PM,3,3,0
11/19/2018 12:00:00 AM,3,2,1
11/19/2018 01:00:00 AM,0,0,0
11/19/2018 02:00:00 AM,1,1,0
11/19/2018 03:00:00 AM,0,0,0
11/19/2018 04:00:00 AM,3,2,1
11/19/2018 05:00:00 AM,23,7,16
11/19/2018 06:00:00 AM,61,9,52
11/19/2018 07:00:00 AM,202,26,176
11/19/2018 08:00:00 AM,326,35,291
11/19/2018 09:00:00 AM,197,28,169
11/19/2018 10:00:00 AM,89,15,74
11/19/2018 11:00:00 AM,56,21,35
11/19/2018 12:00:00 PM,43,23,20
11/19/2018 01:00:00 PM,64,28,36
11/19/2018 02:00:00 PM,65,41,24
11/19/2018 03:00:00 PM,86,62,24
11/19/2018 04:00:00 PM,249,188,61
11/19/2018 05:00:00 PM,328,288,40
11/19/2018 06:00:00 PM,184,156,28
11/19/2018 07:00:00 PM,85,70,15
11/19/2018 08:00:00 PM,55,42,13
11/19/2018 09:00:00 PM,27,22,5
11/19/2018 10:00:00 PM,11,10,1
11/19/2018 11:00:00 PM,7,5,2
11/20/2018 12:00:00 AM,3,1,2
11/20/2018 01:00:00 AM,1,0,1
11/20/2018 02:00:00 AM,2,1,1
11/20/2018 03:00:00 AM,1,1,0
11/20/2018 04:00:00 AM,3,1,2
11/20/2018 05:00:00 AM,16,4,12
11/20/2018 06:00:00 AM,67,8,59
11/20/2018 07:00:00 AM,179,21,158
11/20/2018 08:00:00 AM,283,26,257
11/20/2018 09:00:00 AM,176,22,154
11/20/2018 10:00:00 AM,73,18,55
11/20/2018 11:00:00 AM,51,26,25
11/20/2018 12:00:00 PM,42,20,22
11/20/2018 01:00:00 PM,41,26,15
11/20/2018 02:00:00 PM,61,40,21
11/20/2018 03:00:00 PM,96,71,25
11/20/2018 04:00:00 PM,208,182,26
11/20/2018 05:00:00 PM,312,277,35
11/20/2018 06:00:00 PM,173,152,21
11/20/2018 07:00:00 PM,72,54,18
11/20/2018 08:00:00 PM,42,26,16
11/20/2018 09:00:00 PM,19,16,3
11/20/2018 10:00:00 PM,8,4,4
11/20/2018 11:00:00 PM,19,16,3
11/21/2018 12:00:00 AM,3,3,0
11/21/2018 01:00:00 AM,0,0,0
11/21/2018 02:00:00 AM,3,2,1
11/21/2018 03:00:00 AM,0,0,0
11/21/2018 04:00:00 AM,4,2,2
11/21/2018 05:00:00 AM,16,3,13
11/21/2018 06:00:00 AM,45,8,37
11/21/2018 07:00:00 AM,109,16,93
11/21/2018 08:00:00 AM,197,16,181
11/21/2018 09:00:00 AM,82,13,69
11/21/2018 10:00:00 AM,45,9,36
11/21/2018 11:00:00 AM,29,10,19
11/21/2018 12:00:00 PM,25,17,8
11/21/2018 01:00:00 PM,51,36,15
11/21/2018 02:00:00 PM,74,60,14
11/21/2018 03:00:00 PM,85,69,16
11/21/2018 04:00:00 PM,130,112,18
11/21/2018 05:00:00 PM,159,135,24
11/21/2018 06:00:00 PM,73,58,15
11/21/2018 07:00:00 PM,30,24,6
11/21/2018 08:00:00 PM,13,6,7
11/21/2018 09:00:00 PM,11,7,4
11/21/2018 10:00:00 PM,5,5,0
11/21/2018 11:00:00 PM,2,2,0
11/22/2018 12:00:00 AM,2,1,1
11/22/2018 01:00:00 AM,0,0,0
11/22/2018 02:00:00 AM,0,0,0
11/22/2018 03:00:00 AM,0,0,0
11/22/2018 04:00:00 AM,2,2,0
11/22/2018 05:00:00 AM,2,2,0
11/22/2018 06:00:00 AM,4,2,2
11/22/2018 07:00:00 AM,6,3,3
11/22/2018 08:00:00 AM,13,6,7
11/22/2018 09:00:00 AM,23,15,8
11/22/2018 10:00:00 AM,34,24,10
11/22/2018 11:00:00 AM,27,14,13
11/22/2018 12:00:00 PM,39,18,21
11/22/2018 01:00:00 PM,16,9,7
11/22/2018 02:00:00 PM,8,4,4
11/22/2018 03:00:00 PM,4,2,2
11/22/2018 04:00:00 PM,0,0,0
11/22/2018 05:00:00 PM,2,2,0
11/22/2018 06:00:00 PM,5,0,5
11/22/2018 07:00:00 PM,3,2,1
11/22/2018 08:00:00 PM,0,0,0
11/22/2018 09:00:00 PM,3,2,1
11/22/2018 10:00:00 PM,7,7,0
11/22/2018 11:00:00 PM,0,0,0
11/23/2018 12:00:00 AM,2,2,0
11/23/2018 01:00:00 AM,0,0,0
11/23/2018 02:00:00 AM,0,0,0
11/23/2018 03:00:00 AM,0,0,0
11/23/2018 04:00:00 AM,2,1,1
11/23/2018 05:00:00 AM,6,2,4
11/23/2018 06:00:00 AM,7,2,5
11/23/2018 07:00:00 AM,17,3,14
11/23/2018 08:00:00 AM,25,4,21
11/23/2018 09:00:00 AM,24,2,22
11/23/2018 10:00:00 AM,17,6,11
11/23/2018 11:00:00 AM,38,18,20
11/23/2018 12:00:00 PM,30,13,17
11/23/2018 01:00:00 PM,32,16,16
11/23/2018 02:00:00 PM,20,16,4
11/23/2018 03:00:00 PM,26,17,9
11/23/2018 04:00:00 PM,32,24,8
11/23/2018 05:00:00 PM,30,23,7
11/23/2018 06:00:00 PM,20,15,5
11/23/2018 07:00:00 PM,19,14,5
11/23/2018 08:00:00 PM,12,9,3
11/23/2018 09:00:00 PM,8,7,1
11/23/2018 10:00:00 PM,7,4,3
11/23/2018 11:00:00 PM,3,2,1
11/24/2018 12:00:00 AM,2,2,0
11/24/2018 01:00:00 AM,3,2,1
11/24/2018 02:00:00 AM,2,0,2
11/24/2018 03:00:00 AM,1,1,0
11/24/2018 04:00:00 AM,2,1,1
11/24/2018 05:00:00 AM,1,0,1
11/24/2018 06:00:00 AM,4,2,2
11/24/2018 07:00:00 AM,11,4,7
11/24/2018 08:00:00 AM,21,12,9
11/24/2018 09:00:00 AM,31,15,16
11/24/2018 10:00:00 AM,30,14,16
11/24/2018 11:00:00 AM,55,34,21
11/24/2018 12:00:00 PM,70,38,32
11/24/2018 01:00:00 PM,78,40,38
11/24/2018 02:00:00 PM,72,36,36
11/24/2018 03:00:00 PM,68,41,27
11/24/2018 04:00:00 PM,52,27,25
11/24/2018 05:00:00 PM,22,19,3
11/24/2018 06:00:00 PM,23,11,12
11/24/2018 07:00:00 PM,21,14,7
11/24/2018 08:00:00 PM,8,3,5
11/24/2018 09:00:00 PM,7,6,1
11/24/2018 10:00:00 PM,9,7,2
11/24/2018 11:00:00 PM,8,8,0
11/25/2018 12:00:00 AM,6,3,3
11/25/2018 01:00:00 AM,3,2,1
11/25/2018 02:00:00 AM,0,0,0
11/25/2018 03:00:00 AM,1,0,1
11/25/2018 04:00:00 AM,3,1,2
11/25/2018 05:00:00 AM,1,0,1
11/25/2018 06:00:00 AM,7,0,7
11/25/2018 07:00:00 AM,8,4,4
11/25/2018 08:00:00 AM,35,24,11
11/25/2018 09:00:00 AM,50,13,37
11/25/2018 10:00:00 AM,68,28,40
11/25/2018 11:00:00 AM,63,35,28
11/25/2018 12:00:00 PM,54,34,20
11/25/2018 01:00:00 PM,64,35,29
11/25/2018 02:00:00 PM,44,17,27
11/25/2018 03:00:00 PM,53,30,23
11/25/2018 04:00:00 PM,49,20,29
11/25/2018 05:00:00 PM,23,15,8
11/25/2018 06:00:00 PM,15,6,9
11/25/2018 07:00:00 PM,16,12,4
11/25/2018 08:00:00 PM,8,7,1
11/25/2018 09:00:00 PM,3,2,1
11/25/2018 10:00:00 PM,4,1,3
11/25/2018 11:00:00 PM,6,3,3
11/26/2018 12:00:00 AM,2,2,0
11/26/2018 01:00:00 AM,0,0,0
11/26/2018 02:00:00 AM,2,0,2
11/26/2018 03:00:00 AM,1,0,1
11/26/2018 04:00:00 AM,7,3,4
11/26/2018 05:00:00 AM,25,7,18
11/26/2018 06:00:00 AM,44,6,38
11/26/2018 07:00:00 AM,122,12,110
11/26/2018 08:00:00 AM,236,15,221
11/26/2018 09:00:00 AM,118,14,104
11/26/2018 10:00:00 AM,47,10,37
11/26/2018 11:00:00 AM,16,4,12
11/26/2018 12:00:00 PM,12,4,8
11/26/2018 01:00:00 PM,15,10,5
11/26/2018 02:00:00 PM,22,17,5
11/26/2018 03:00:00 PM,40,31,9
11/26/2018 04:00:00 PM,112,102,10
11/26/2018 05:00:00 PM,221,204,17
11/26/2018 06:00:00 PM,125,115,10
11/26/2018 07:00:00 PM,51,44,7
11/26/2018 08:00:00 PM,25,17,8
11/26/2018 09:00:00 PM,19,16,3
11/26/2018 10:00:00 PM,3,2,1
11/26/2018 11:00:00 PM,1,1,0
11/27/2018 12:00:00 AM,4,4,0
11/27/2018 01:00:00 AM,1,0,1
11/27/2018 02:00:00 AM,1,1,0
11/27/2018 03:00:00 AM,1,0,1
11/27/2018 04:00:00 AM,4,2,2
11/27/2018 05:00:00 AM,18,5,13
11/27/2018 06:00:00 AM,32,4,28
11/27/2018 07:00:00 AM,165,24,141
11/27/2018 08:00:00 AM,301,21,280
11/27/2018 09:00:00 AM,157,16,141
11/27/2018 10:00:00 AM,59,10,49
11/27/2018 11:00:00 AM,36,9,27
11/27/2018 12:00:00 PM,36,22,14
11/27/2018 01:00:00 PM,34,19,15
11/27/2018 02:00:00 PM,37,26,11
11/27/2018 03:00:00 PM,52,35,17
11/27/2018 04:00:00 PM,151,129,22
11/27/2018 05:00:00 PM,269,246,23
11/27/2018 06:00:00 PM,157,141,16
11/27/2018 07:00:00 PM,64,53,11
11/27/2018 08:00:00 PM,35,19,16
11/27/2018 09:00:00 PM,14,12,2
11/27/2018 10:00:00 PM,15,12,3
11/27/2018 11:00:00 PM,4,4,0
11/28/2018 12:00:00 AM,1,1,0
11/28/2018 01:00:00 AM,6,5,1
11/28/2018 02:00:00 AM,0,0,0
11/28/2018 03:00:00 AM,6,0,6
11/28/2018 04:00:00 AM,5,3,2
11/28/2018 05:00:00 AM,22,6,16
11/28/2018 06:00:00 AM,54,10,44
11/28/2018 07:00:00 AM,134,16,118
11/28/2018 08:00:00 AM,251,25,226
11/28/2018 09:00:00 AM,132,22,110
11/28/2018 10:00:00 AM,49,8,41
11/28/2018 11:00:00 AM,20,2,18
11/28/2018 12:00:00 PM,27,14,13
11/28/2018 01:00:00 PM,30,15,15
11/28/2018 02:00:00 PM,35,24,11
11/28/2018 03:00:00 PM,41,30,11
11/28/2018 04:00:00 PM,139,121,18
11/28/2018 05:00:00 PM,255,235,20
11/28/2018 06:00:00 PM,155,140,15
11/28/2018 07:00:00 PM,73,61,12
11/28/2018 08:00:00 PM,24,17,7
11/28/2018 09:00:00 PM,18,14,4
11/28/2018 10:00:00 PM,9,6,3
11/28/2018 11:00:00 PM,8,5,3
11/29/2018 12:00:00 AM,4,3,1
11/29/2018 01:00:00 AM,0,0,0
11/29/2018 02:00:00 AM,3,2,1
11/29/2018 03:00:00 AM,1,0,1
11/29/2018 04:00:00 AM,4,3,1
11/29/2018 05:00:00 AM,26,6,20
11/29/2018 06:00:00 AM,66,7,59
11/29/2018 07:00:00 AM,181,18,163
11/29/2018 08:00:00 AM,319,33,286
11/29/2018 09:00:00 AM,165,28,137
11/29/2018 10:00:00 AM,71,15,56
11/29/2018 11:00:00 AM,60,19,41
11/29/2018 12:00:00 PM,59,30,29
11/29/2018 01:00:00 PM,40,23,17
11/29/2018 02:00:00 PM,51,36,15
11/29/2018 03:00:00 PM,92,63,29
11/29/2018 04:00:00 PM,184,154,30
11/29/2018 05:00:00 PM,329,289,40
11/29/2018 06:00:00 PM,199,181,18
11/29/2018 07:00:00 PM,94,73,21
11/29/2018 08:00:00 PM,48,32,16
11/29/2018 09:00:00 PM,29,23,6
11/29/2018 10:00:00 PM,9,5,4
11/29/2018 11:00:00 PM,14,13,1
11/30/2018 12:00:00 AM,3,2,1
11/30/2018 01:00:00 AM,3,2,1
11/30/2018 02:00:00 AM,0,0,0
11/30/2018 03:00:00 AM,0,0,0
11/30/2018 04:00:00 AM,8,6,2
11/30/2018 05:00:00 AM,17,4,13
11/30/2018 06:00:00 AM,48,13,35
11/30/2018 07:00:00 AM,150,21,129
11/30/2018 08:00:00 AM,282,25,257
11/30/2018 09:00:00 AM,154,22,132
11/30/2018 10:00:00 AM,68,15,53
11/30/2018 11:00:00 AM,35,9,26
11/30/2018 12:00:00 PM,39,23,16
11/30/2018 01:00:00 PM,41,25,16
11/30/2018 02:00:00 PM,50,35,15
11/30/2018 03:00:00 PM,96,69,27
11/30/2018 04:00:00 PM,193,162,31
11/30/2018 05:00:00 PM,273,250,23
11/30/2018 06:00:00 PM,125,107,18
11/30/2018 07:00:00 PM,41,32,9
11/30/2018 08:00:00 PM,18,14,4
11/30/2018 09:00:00 PM,20,14,6
11/30/2018 10:00:00 PM,15,12,3
11/30/2018 11:00:00 PM,10,7,3
12/01/2018 12:00:00 AM,6,5,1
12/01/2018 01:00:00 AM,3,0,3
12/01/2018 02:00:00 AM,4,0,4
12/01/2018 03:00:00 AM,2,2,0
12/01/2018 04:00:00 AM,1,0,1
12/01/2018 05:00:00 AM,5,2,3
12/01/2018 06:00:00 AM,8,4,4
12/01/2018 07:00:00 AM,13,8,5
12/01/2018 08:00:00 AM,18,3,15
12/01/2018 09:00:00 AM,17,8,9
12/01/2018 10:00:00 AM,37,17,20
12/01/2018 11:00:00 AM,36,24,12
12/01/2018 12:00:00 PM,30,15,15
12/01/2018 01:00:00 PM,40,22,18
12/01/2018 02:00:00 PM,38,24,14
12/01/2018 03:00:00 PM,34,16,18
12/01/2018 04:00:00 PM,26,15,11
12/01/2018 05:00:00 PM,21,15,6
12/01/2018 06:00:00 PM,20,10,10
12/01/2018 07:00:00 PM,10,6,4
12/01/2018 08:00:00 PM,14,9,5
12/01/2018 09:00:00 PM,9,7,2
12/01/2018 10:00:00 PM,5,3,2
12/01/2018 11:00:00 PM,13,8,5
12/02/2018 12:00:00 AM,1,1,0
12/02/2018 01:00:00 AM,5,2,3
12/02/2018 02:00:00 AM,6,2,4
12/02/2018 03:00:00 AM,3,1,2
12/02/2018 04:00:00 AM,0,0,0
12/02/2018 05:00:00 AM,7,2,5
12/02/2018 06:00:00 AM,5,2,3
12/02/2018 07:00:00 AM,9,6,3
12/02/2018 08:00:00 AM,18,9,9
12/02/2018 09:00:00 AM,16,6,10
12/02/2018 10:00:00 AM,33,18,15
12/02/2018 11:00:00 AM,27,9,18
12/02/2018 12:00:00 PM,23,17,6
12/02/2018 01:00:00 PM,26,12,14
12/02/2018 02:00:00 PM,50,26,24
12/02/2018 03:00:00 PM,53,37,16
12/02/2018 04:00:00 PM,41,14,27
12/02/2018 05:00:00 PM,28,15,13
12/02/2018 06:00:00 PM,12,7,5
12/02/2018 07:00:00 PM,9,7,2
12/02/2018 08:00:00 PM,11,6,5
12/02/2018 09:00:00 PM,7,5,2
12/02/2018 10:00:00 PM,8,6,2
12/02/2018 11:00:00 PM,3,2,1
12/03/2018 12:00:00 AM,0,0,0
12/03/2018 01:00:00 AM,0,0,0
12/03/2018 02:00:00 AM,1,1,0
12/03/2018 03:00:00 AM,0,0,0
12/03/2018 04:00:00 AM,6,4,2
12/03/2018 05:00:00 AM,21,4,17
12/03/2018 06:00:00 AM,66,13,53
12/03/2018 07:00:00 AM,155,19,136
12/03/2018 08:00:00 AM,337,34,303
12/03/2018 09:00:00 AM,180,22,158
12/03/2018 10:00:00 AM,74,10,64
12/03/2018 11:00:00 AM,40,15,25
12/03/2018 12:00:00 PM,39,18,21
12/03/2018 01:00:00 PM,37,24,13
12/03/2018 02:00:00 PM,54,32,22
12/03/2018 03:00:00 PM,85,63,22
12/03/2018 04:00:00 PM,170,146,24
12/03/2018 05:00:00 PM,329,301,28
12/03/2018 06:00:00 PM,185,168,17
12/03/2018 07:00:00 PM,84,65,19
12/03/2018 08:00:00 PM,36,28,8
12/03/2018 09:00:00 PM,22,16,6
12/03/2018 10:00:00 PM,12,8,4
12/03/2018 11:00:00 PM,3,3,0
12/04/2018 12:00:00 AM,1,1,0
12/04/2018 01:00:00 AM,0,0,0
12/04/2018 02:00:00 AM,1,1,0
12/04/2018 03:00:00 AM,1,1,0
12/04/2018 04:00:00 AM,5,2,3
12/04/2018 05:00:00 AM,22,6,16
12/04/2018 06:00:00 AM,70,10,60
12/04/2018 07:00:00 AM,161,22,139
12/04/2018 08:00:00 AM,287,28,259
12/04/2018 09:00:00 AM,197,35,162
12/04/2018 10:00:00 AM,72,13,59
12/04/2018 11:00:00 AM,41,18,23
12/04/2018 12:00:00 PM,35,16,19
12/04/2018 01:00:00 PM,39,20,19
12/04/2018 02:00:00 PM,37,22,15
12/04/2018 03:00:00 PM,78,50,28
12/04/2018 04:00:00 PM,193,173,20
12/04/2018 05:00:00 PM,278,250,28
12/04/2018 06:00:00 PM,177,152,25
12/04/2018 07:00:00 PM,82,67,15
12/04/2018 08:00:00 PM,36,27,9
12/04/2018 09:00:00 PM,18,11,7
12/04/2018 10:00:00 PM,8,7,1
12/04/2018 11:00:00 PM,8,8,0
12/05/2018 12:00:00 AM,0,0,0
12/05/2018 01:00:00 AM,0,0,0
12/05/2018 02:00:00 AM,1,1,0
12/05/2018 03:00:00 AM,0,0,0
12/05/2018 04:00:00 AM,3,1,2
12/05/2018 05:00:00 AM,16,7,9
12/05/2018 06:00:00 AM,56,8,48
12/05/2018 07:00:00 AM,165,26,139
12/05/2018 08:00:00 AM,264,25,239
12/05/2018 09:00:00 AM,168,14,154
12/05/2018 10:00:00 AM,68,18,50
12/05/2018 11:00:00 AM,30,7,23
12/05/2018 12:00:00 PM,36,17,19
12/05/2018 01:00:00 PM,45,28,17
12/05/2018 02:00:00 PM,56,30,26
12/05/2018 03:00:00 PM,72,46,26
12/05/2018 04:00:00 PM,156,141,15
12/05/2018 05:00:00 PM,261,228,33
12/05/2018 06:00:00 PM,178,151,27
12/05/2018 07:00:00 PM,69,53,16
12/05/2018 08:00:00 PM,40,29,11
12/05/2018 09:00:00 PM,24,17,7
12/05/2018 10:00:00 PM,24,19,5
12/05/2018 11:00:00 PM,7,4,3
12/06/2018 12:00:00 AM,2,2,0
12/06/2018 01:00:00 AM,0,0,0
12/06/2018 02:00:00 AM,0,0,0
12/06/2018 03:00:00 AM,0,0,0
12/06/2018 04:00:00 AM,3,2,1
12/06/2018 05:00:00 AM,24,6,18
12/06/2018 06:00:00 AM,50,6,44
12/06/2018 07:00:00 AM,132,18,114
12/06/2018 08:00:00 AM,266,18,248
12/06/2018 09:00:00 AM,148,26,122
12/06/2018 10:00:00 AM,62,19,43
12/06/2018 11:00:00 AM,41,17,24
12/06/2018 12:00:00 PM,27,21,6
12/06/2018 01:00:00 PM,34,20,14
12/06/2018 02:00:00 PM,55,36,19
12/06/2018 03:00:00 PM,99,70,29
12/06/2018 04:00:00 PM,168,138,30
12/06/2018 05:00:00 PM,240,206,34
12/06/2018 06:00:00 PM,159,134,25
12/06/2018 07:00:00 PM,73,56,17
12/06/2018 08:00:00 PM,45,34,11
12/06/2018 09:00:00 PM,28,21,7
12/06/2018 10:00:00 PM,11,10,1
12/06/2018 11:00:00 PM,5,2,3
12/07/2018 12:00:00 AM,4,3,1
12/07/2018 01:00:00 AM,1,0,1
12/07/2018 02:00:00 AM,1,1,0
12/07/2018 03:00:00 AM,0,0,0
12/07/2018 04:00:00 AM,5,3,2
12/07/2018 05:00:00 AM,14,4,10
12/07/2018 06:00:00 AM,43,7,36
12/07/2018 07:00:00 AM,116,14,102
12/07/2018 08:00:00 AM,244,27,217
12/07/2018 09:00:00 AM,146,15,131
12/07/2018 10:00:00 AM,61,15,46
12/07/2018 11:00:00 AM,37,15,22
12/07/2018 12:00:00 PM,39,16,23
12/07/2018 01:00:00 PM,32,20,12
12/07/2018 02:00:00 PM,57,40,17
12/07/2018 03:00:00 PM,70,51,19
12/07/2018 04:00:00 PM,190,162,28
12/07/2018 05:00:00 PM,218,192,26
12/07/2018 06:00:00 PM,104,87,17
12/07/2018 07:00:00 PM,50,38,12
12/07/2018 08:00:00 PM,21,16,5
12/07/2018 09:00:00 PM,10,9,1
12/07/2018 10:00:00 PM,13,11,2
12/07/2018 11:00:00 PM,13,9,4
12/08/2018 12:00:00 AM,6,3,3
12/08/2018 01:00:00 AM,7,3,4
12/08/2018 02:00:00 AM,2,0,2
12/08/2018 03:00:00 AM,2,2,0
12/08/2018 04:00:00 AM,3,2,1
12/08/2018 05:00:00 AM,3,1,2
12/08/2018 06:00:00 AM,7,4,3
12/08/2018 07:00:00 AM,16,7,9
12/08/2018 08:00:00 AM,23,13,10
12/08/2018 09:00:00 AM,19,7,12
12/08/2018 10:00:00 AM,23,11,12
12/08/2018 11:00:00 AM,35,13,22
12/08/2018 12:00:00 PM,36,18,18
12/08/2018 01:00:00 PM,44,24,20
12/08/2018 02:00:00 PM,61,32,29
12/08/2018 03:00:00 PM,49,31,18
12/08/2018 04:00:00 PM,43,21,22
12/08/2018 05:00:00 PM,21,8,13
12/08/2018 06:00:00 PM,16,9,7
12/08/2018 07:00:00 PM,17,10,7
12/08/2018 08:00:00 PM,4,2,2
12/08/2018 09:00:00 PM,9,8,1
12/08/2018 10:00:00 PM,7,6,1
12/08/2018 11:00:00 PM,6,5,1
12/09/2018 12:00:00 AM,7,4,3
12/09/2018 01:00:00 AM,4,3,1
12/09/2018 02:00:00 AM,1,0,1
12/09/2018 03:00:00 AM,0,0,0
12/09/2018 04:00:00 AM,2,1,1
12/09/2018 05:00:00 AM,3,1,2
12/09/2018 06:00:00 AM,6,2,4
12/09/2018 07:00:00 AM,8,5,3
12/09/2018 08:00:00 AM,19,11,8
12/09/2018 09:00:00 AM,12,6,6
12/09/2018 10:00:00 AM,13,6,7
12/09/2018 11:00:00 AM,13,6,7
12/09/2018 12:00:00 PM,9,6,3
12/09/2018 01:00:00 PM,9,8,1
12/09/2018 02:00:00 PM,11,5,6
12/09/2018 03:00:00 PM,5,4,1
12/09/2018 04:00:00 PM,9,5,4
12/09/2018 05:00:00 PM,10,8,2
12/09/2018 06:00:00 PM,6,3,3
12/09/2018 07:00:00 PM,4,3,1
12/09/2018 08:00:00 PM,7,1,6
12/09/2018 09:00:00 PM,1,1,0
12/09/2018 10:00:00 PM,3,2,1
12/09/2018 11:00:00 PM,1,0,1
12/10/2018 12:00:00 AM,2,2,0
12/10/2018 01:00:00 AM,0,0,0
12/10/2018 02:00:00 AM,0,0,0
12/10/2018 03:00:00 AM,0,0,0
12/10/2018 04:00:00 AM,6,4,2
12/10/2018 05:00:00 AM,18,2,16
12/10/2018 06:00:00 AM,59,7,52
12/10/2018 07:00:00 AM,152,15,137
12/10/2018 08:00:00 AM,272,20,252
12/10/2018 09:00:00 AM,166,25,141
12/10/2018 10:00:00 AM,50,9,41
12/10/2018 11:00:00 AM,30,8,22
12/10/2018 12:00:00 PM,28,11,17
12/10/2018 01:00:00 PM,38,23,15
12/10/2018 02:00:00 PM,51,34,17
12/10/2018 03:00:00 PM,71,55,16
12/10/2018 04:00:00 PM,183,149,34
12/10/2018 05:00:00 PM,313,287,26
12/10/2018 06:00:00 PM,164,150,14
12/10/2018 07:00:00 PM,61,45,16
12/10/2018 08:00:00 PM,31,22,9
12/10/2018 09:00:00 PM,19,15,4
12/10/2018 10:00:00 PM,11,10,1
12/10/2018 11:00:00 PM,4,3,1
12/11/2018 12:00:00 AM,4,4,0
12/11/2018 01:00:00 AM,1,1,0
12/11/2018 02:00:00 AM,0,0,0
12/11/2018 03:00:00 AM,0,0,0
12/11/2018 04:00:00 AM,6,3,3
12/11/2018 05:00:00 AM,14,3,11
12/11/2018 06:00:00 AM,50,9,41
12/11/2018 07:00:00 AM,137,17,120
12/11/2018 08:00:00 AM,219,24,195
12/11/2018 09:00:00 AM,127,15,112
12/11/2018 10:00:00 AM,51,11,40
12/11/2018 11:00:00 AM,18,4,14
12/11/2018 12:00:00 PM,12,5,7
12/11/2018 01:00:00 PM,13,8,5
12/11/2018 02:00:00 PM,17,14,3
12/11/2018 03:00:00 PM,40,32,8
12/11/2018 04:00:00 PM,143,130,13
12/11/2018 05:00:00 PM,223,204,19
12/11/2018 06:00:00 PM,128,108,20
12/11/2018 07:00:00 PM,40,32,8
12/11/2018 08:00:00 PM,30,24,6
12/11/2018 09:00:00 PM,13,8,5
12/11/2018 10:00:00 PM,13,10,3
12/11/2018 11:00:00 PM,2,1,1
12/12/2018 12:00:00 AM,5,4,1
12/12/2018 01:00:00 AM,2,0,2
12/12/2018 02:00:00 AM,1,1,0
12/12/2018 03:00:00 AM,0,0,0
12/12/2018 04:00:00 AM,8,4,4
12/12/2018 05:00:00 AM,19,7,12
12/12/2018 06:00:00 AM,54,6,48
12/12/2018 07:00:00 AM,177,24,153
12/12/2018 08:00:00 AM,259,27,232
12/12/2018 09:00:00 AM,129,23,106
12/12/2018 10:00:00 AM,58,11,47
12/12/2018 11:00:00 AM,37,13,24
12/12/2018 12:00:00 PM,33,17,16
12/12/2018 01:00:00 PM,40,28,12
12/12/2018 02:00:00 PM,62,28,34
12/12/2018 03:00:00 PM,74,53,21
12/12/2018 04:00:00 PM,147,120,27
12/12/2018 05:00:00 PM,280,252,28
12/12/2018 06:00:00 PM,155,133,22
12/12/2018 07:00:00 PM,64,47,17
12/12/2018 08:00:00 PM,31,27,4
12/12/2018 09:00:00 PM,22,17,5
12/12/2018 10:00:00 PM,7,6,1
12/12/2018 11:00:00 PM,5,3,2
12/13/2018 12:00:00 AM,5,5,0
12/13/2018 01:00:00 AM,1,1,0
12/13/2018 02:00:00 AM,0,0,0
12/13/2018 03:00:00 AM,1,1,0
12/13/2018 04:00:00 AM,5,2,3
12/13/2018 05:00:00 AM,18,4,14
12/13/2018 06:00:00 AM,39,3,36
12/13/2018 07:00:00 AM,126,14,112
12/13/2018 08:00:00 AM,241,20,221
12/13/2018 09:00:00 AM,126,20,106
12/13/2018 10:00:00 AM,46,8,38
12/13/2018 11:00:00 AM,33,10,23
12/13/2018 12:00:00 PM,16,11,5
12/13/2018 01:00:00 PM,23,10,13
12/13/2018 02:00:00 PM,31,17,14
12/13/2018 03:00:00 PM,60,47,13
12/13/2018 04:00:00 PM,105,92,13
12/13/2018 05:00:00 PM,243,217,26
12/13/2018 06:00:00 PM,141,127,14
12/13/2018 07:00:00 PM,72,60,12
12/13/2018 08:00:00 PM,34,24,10
12/13/2018 09:00:00 PM,22,18,4
12/13/2018 10:00:00 PM,11,8,3
12/13/2018 11:00:00 PM,7,2,5
12/14/2018 12:00:00 AM,4,3,1
12/14/2018 01:00:00 AM,2,2,0
12/14/2018 02:00:00 AM,1,1,0
12/14/2018 03:00:00 AM,3,3,0
12/14/2018 04:00:00 AM,6,3,3
12/14/2018 05:00:00 AM,18,6,12
12/14/2018 06:00:00 AM,42,7,35
12/14/2018 07:00:00 AM,130,18,112
12/14/2018 08:00:00 AM,226,20,206
12/14/2018 09:00:00 AM,145,19,126
12/14/2018 10:00:00 AM,49,11,38
12/14/2018 11:00:00 AM,42,16,26
12/14/2018 12:00:00 PM,32,15,17
12/14/2018 01:00:00 PM,40,21,19
12/14/2018 02:00:00 PM,40,27,13
12/14/2018 03:00:00 PM,70,49,21
12/14/2018 04:00:00 PM,177,149,28
12/14/2018 05:00:00 PM,227,209,18
12/14/2018 06:00:00 PM,114,92,22
12/14/2018 07:00:00 PM,39,31,8
12/14/2018 08:00:00 PM,22,15,7
12/14/2018 09:00:00 PM,25,21,4
12/14/2018 10:00:00 PM,11,7,4
12/14/2018 11:00:00 PM,10,7,3
12/15/2018 12:00:00 AM,9,5,4
12/15/2018 01:00:00 AM,4,3,1
12/15/2018 02:00:00 AM,3,3,0
12/15/2018 03:00:00 AM,4,2,2
12/15/2018 04:00:00 AM,3,2,1
12/15/2018 05:00:00 AM,2,0,2
12/15/2018 06:00:00 AM,4,3,1
12/15/2018 07:00:00 AM,14,8,6
12/15/2018 08:00:00 AM,26,16,10
12/15/2018 09:00:00 AM,33,19,14
12/15/2018 10:00:00 AM,36,12,24
12/15/2018 11:00:00 AM,59,29,30
12/15/2018 12:00:00 PM,67,32,35
12/15/2018 01:00:00 PM,69,51,18
12/15/2018 02:00:00 PM,85,45,40
12/15/2018 03:00:00 PM,57,30,27
12/15/2018 04:00:00 PM,56,33,23
12/15/2018 05:00:00 PM,36,18,18
12/15/2018 06:00:00 PM,31,13,18
12/15/2018 07:00:00 PM,21,12,9
12/15/2018 08:00:00 PM,10,7,3
12/15/2018 09:00:00 PM,8,4,4
12/15/2018 10:00:00 PM,9,5,4
12/15/2018 11:00:00 PM,8,5,3
12/16/2018 12:00:00 AM,2,2,0
12/16/2018 01:00:00 AM,2,1,1
12/16/2018 02:00:00 AM,1,0,1
12/16/2018 03:00:00 AM,2,0,2
12/16/2018 04:00:00 AM,1,0,1
12/16/2018 05:00:00 AM,4,1,3
12/16/2018 06:00:00 AM,1,1,0
12/16/2018 07:00:00 AM,2,1,1
12/16/2018 08:00:00 AM,10,4,6
12/16/2018 09:00:00 AM,7,3,4
12/16/2018 10:00:00 AM,12,7,5
12/16/2018 11:00:00 AM,18,11,7
12/16/2018 12:00:00 PM,21,11,10
12/16/2018 01:00:00 PM,22,6,16
12/16/2018 02:00:00 PM,16,11,5
12/16/2018 03:00:00 PM,5,4,1
12/16/2018 04:00:00 PM,14,6,8
12/16/2018 05:00:00 PM,14,8,6
12/16/2018 06:00:00 PM,9,4,5
12/16/2018 07:00:00 PM,5,2,3
12/16/2018 08:00:00 PM,4,3,1
12/16/2018 09:00:00 PM,2,1,1
12/16/2018 10:00:00 PM,5,3,2
12/16/2018 11:00:00 PM,1,1,0
12/17/2018 12:00:00 AM,2,1,1
12/17/2018 01:00:00 AM,2,2,0
12/17/2018 02:00:00 AM,0,0,0
12/17/2018 03:00:00 AM,0,0,0
12/17/2018 04:00:00 AM,8,2,6
12/17/2018 05:00:00 AM,13,3,10
12/17/2018 06:00:00 AM,55,11,44
12/17/2018 07:00:00 AM,149,20,129
12/17/2018 08:00:00 AM,243,20,223
12/17/2018 09:00:00 AM,160,28,132
12/17/2018 10:00:00 AM,74,16,58
12/17/2018 11:00:00 AM,34,14,20
12/17/2018 12:00:00 PM,27,10,17
12/17/2018 01:00:00 PM,33,24,9
12/17/2018 02:00:00 PM,40,27,13
12/17/2018 03:00:00 PM,72,58,14
12/17/2018 04:00:00 PM,123,108,15
12/17/2018 05:00:00 PM,242,220,22
12/17/2018 06:00:00 PM,138,125,13
12/17/2018 07:00:00 PM,47,39,8
12/17/2018 08:00:00 PM,23,19,4
12/17/2018 09:00:00 PM,7,5,2
12/17/2018 10:00:00 PM,4,3,1
12/17/2018 11:00:00 PM,3,2,1
12/18/2018 12:00:00 AM,3,3,0
12/18/2018 01:00:00 AM,2,0,2
12/18/2018 02:00:00 AM,0,0,0
12/18/2018 03:00:00 AM,1,0,1
12/18/2018 04:00:00 AM,5,1,4
12/18/2018 05:00:00 AM,17,5,12
12/18/2018 06:00:00 AM,35,4,31
12/18/2018 07:00:00 AM,109,15,94
12/18/2018 08:00:00 AM,222,18,204
12/18/2018 09:00:00 AM,142,18,124
12/18/2018 10:00:00 AM,50,6,44
12/18/2018 11:00:00 AM,29,13,16
12/18/2018 12:00:00 PM,24,11,13
12/18/2018 01:00:00 PM,15,8,7
12/18/2018 02:00:00 PM,20,15,5
12/18/2018 03:00:00 PM,60,48,12
12/18/2018 04:00:00 PM,130,117,13
12/18/2018 05:00:00 PM,178,164,14
12/18/2018 06:00:00 PM,150,135,15
12/18/2018 07:00:00 PM,50,43,7
12/18/2018 08:00:00 PM,20,14,6
12/18/2018 09:00:00 PM,17,14,3
12/18/2018 10:00:00 PM,11,8,3
12/18/2018 11:00:00 PM,4,3,1
12/19/2018 12:00:00 AM,2,1,1
12/19/2018 01:00:00 AM,1,1,0
12/19/2018 02:00:00 AM,1,0,1
12/19/2018 03:00:00 AM,1,1,0
12/19/2018 04:00:00 AM,6,4,2
12/19/2018 05:00:00 AM,20,3,17
12/19/2018 06:00:00 AM,50,7,43
12/19/2018 07:00:00 AM,139,16,123
12/19/2018 08:00:00 AM,250,19,231
12/19/2018 09:00:00 AM,119,19,100
12/19/2018 10:00:00 AM,54,7,47
12/19/2018 11:00:00 AM,30,6,24
12/19/2018 12:00:00 PM,22,11,11
12/19/2018 01:00:00 PM,26,18,8
12/19/2018 02:00:00 PM,31,19,12
12/19/2018 03:00:00 PM,69,51,18
12/19/2018 04:00:00 PM,141,123,18
12/19/2018 05:00:00 PM,252,230,22
12/19/2018 06:00:00 PM,142,130,12
12/19/2018 07:00:00 PM,56,45,11
12/19/2018 08:00:00 PM,40,29,11
12/19/2018 09:00:00 PM,19,16,3
12/19/2018 10:00:00 PM,13,8,5
12/19/2018 11:00:00 PM,5,4,1
12/20/2018 12:00:00 AM,2,1,1
12/20/2018 01:00:00 AM,4,3,1
12/20/2018 02:00:00 AM,0,0,0
12/20/2018 03:00:00 AM,0,0,0
12/20/2018 04:00:00 AM,3,1,2
12/20/2018 05:00:00 AM,16,6,10
12/20/2018 06:00:00 AM,31,5,26
12/20/2018 07:00:00 AM,82,7,75
12/20/2018 08:00:00 AM,142,16,126
12/20/2018 09:00:00 AM,86,16,70
12/20/2018 10:00:00 AM,37,7,30
12/20/2018 11:00:00 AM,22,11,11
12/20/2018 12:00:00 PM,22,14,8
12/20/2018 01:00:00 PM,15,7,8
12/20/2018 02:00:00 PM,23,19,4
12/20/2018 03:00:00 PM,40,29,11
12/20/2018 04:00:00 PM,93,75,18
12/20/2018 05:00:00 PM,157,139,18
12/20/2018 06:00:00 PM,96,89,7
12/20/2018 07:00:00 PM,46,38,8
12/20/2018 08:00:00 PM,19,12,7
12/20/2018 09:00:00 PM,18,10,8
12/20/2018 10:00:00 PM,14,13,1
12/20/2018 11:00:00 PM,5,4,1
12/21/2018 12:00:00 AM,1,1,0
12/21/2018 01:00:00 AM,1,1,0
12/21/2018 02:00:00 AM,0,0,0
12/21/2018 03:00:00 AM,1,1,0
12/21/2018 04:00:00 AM,6,3,3
12/21/2018 05:00:00 AM,16,4,12
12/21/2018 06:00:00 AM,25,3,22
12/21/2018 07:00:00 AM,81,8,73
12/21/2018 08:00:00 AM,170,18,152
12/21/2018 09:00:00 AM,123,23,100
12/21/2018 10:00:00 AM,54,9,45
12/21/2018 11:00:00 AM,41,14,27
12/21/2018 12:00:00 PM,40,31,9
12/21/2018 01:00:00 PM,50,31,19
12/21/2018 02:00:00 PM,63,44,19
12/21/2018 03:00:00 PM,106,89,17
12/21/2018 04:00:00 PM,152,126,26
12/21/2018 05:00:00 PM,141,125,16
12/21/2018 06:00:00 PM,63,53,10
12/21/2018 07:00:00 PM,29,23,6
12/21/2018 08:00:00 PM,23,17,6
12/21/2018 09:00:00 PM,8,5,3
12/21/2018 10:00:00 PM,7,7,0
12/21/2018 11:00:00 PM,8,4,4
12/22/2018 12:00:00 AM,8,2,6
12/22/2018 01:00:00 AM,3,2,1
12/22/2018 02:00:00 AM,1,1,0
12/22/2018 03:00:00 AM,2,2,0
12/22/2018 04:00:00 AM,2,1,1
12/22/2018 05:00:00 AM,5,0,5
12/22/2018 06:00:00 AM,8,4,4
12/22/2018 07:00:00 AM,10,5,5
12/22/2018 08:00:00 AM,12,5,7
12/22/2018 09:00:00 AM,21,11,10
12/22/2018 10:00:00 AM,22,11,11
12/22/2018 11:00:00 AM,25,6,19
12/22/2018 12:00:00 PM,37,19,18
12/22/2018 01:00:00 PM,27,14,13
12/22/2018 02:00:00 PM,35,19,16
12/22/2018 03:00:00 PM,30,16,14
12/22/2018 04:00:00 PM,20,9,11
12/22/2018 05:00:00 PM,18,5,13
12/22/2018 06:00:00 PM,4,3,1
12/22/2018 07:00:00 PM,7,5,2
12/22/2018 08:00:00 PM,6,5,1
12/22/2018 09:00:00 PM,3,1,2
12/22/2018 10:00:00 PM,2,2,0
12/22/2018 11:00:00 PM,4,3,1
12/23/2018 12:00:00 AM,2,2,0
12/23/2018 01:00:00 AM,2,1,1
12/23/2018 02:00:00 AM,2,2,0
12/23/2018 03:00:00 AM,0,0,0
12/23/2018 04:00:00 AM,2,0,2
12/23/2018 05:00:00 AM,3,0,3
12/23/2018 06:00:00 AM,0,0,0
12/23/2018 07:00:00 AM,2,0,2
12/23/2018 08:00:00 AM,3,3,0
12/23/2018 09:00:00 AM,6,2,4
12/23/2018 10:00:00 AM,7,5,2
12/23/2018 11:00:00 AM,27,10,17
12/23/2018 12:00:00 PM,24,11,13
12/23/2018 01:00:00 PM,16,13,3
12/23/2018 02:00:00 PM,28,11,17
12/23/2018 03:00:00 PM,25,12,13
12/23/2018 04:00:00 PM,20,5,15
12/23/2018 05:00:00 PM,12,8,4
12/23/2018 06:00:00 PM,8,3,5
12/23/2018 07:00:00 PM,9,6,3
12/23/2018 08:00:00 PM,6,2,4
12/23/2018 09:00:00 PM,2,2,0
12/23/2018 10:00:00 PM,4,2,2
12/23/2018 11:00:00 PM,4,3,1
12/24/2018 12:00:00 AM,2,1,1
12/24/2018 01:00:00 AM,3,1,2
12/24/2018 02:00:00 AM,0,0,0
12/24/2018 03:00:00 AM,0,0,0
12/24/2018 04:00:00 AM,2,1,1
12/24/2018 05:00:00 AM,8,2,6
12/24/2018 06:00:00 AM,10,0,10
12/24/2018 07:00:00 AM,20,5,15
12/24/2018 08:00:00 AM,46,6,40
12/24/2018 09:00:00 AM,19,4,15
12/24/2018 10:00:00 AM,17,10,7
12/24/2018 11:00:00 AM,40,19,21
12/24/2018 12:00:00 PM,23,14,9
12/24/2018 01:00:00 PM,50,33,17
12/24/2018 02:00:00 PM,56,38,18
12/24/2018 03:00:00 PM,50,33,17
12/24/2018 04:00:00 PM,34,27,7
12/24/2018 05:00:00 PM,13,10,3
12/24/2018 06:00:00 PM,7,4,3
12/24/2018 07:00:00 PM,4,2,2
12/24/2018 08:00:00 PM,1,1,0
12/24/2018 09:00:00 PM,4,2,2
12/24/2018 10:00:00 PM,2,2,0
12/24/2018 11:00:00 PM,0,0,0
12/25/2018 12:00:00 AM,2,1,1
12/25/2018 01:00:00 AM,3,1,2
12/25/2018 02:00:00 AM,0,0,0
12/25/2018 03:00:00 AM,0,0,0
12/25/2018 04:00:00 AM,0,0,0
12/25/2018 05:00:00 AM,0,0,0
12/25/2018 06:00:00 AM,0,0,0
12/25/2018 07:00:00 AM,5,2,3
12/25/2018 08:00:00 AM,0,0,0
12/25/2018 09:00:00 AM,11,6,5
12/25/2018 10:00:00 AM,5,2,3
12/25/2018 11:00:00 AM,8,4,4
12/25/2018 12:00:00 PM,12,1,11
12/25/2018 01:00:00 PM,22,15,7
12/25/2018 02:00:00 PM,17,11,6
12/25/2018 03:00:00 PM,12,7,5
12/25/2018 04:00:00 PM,5,3,2
12/25/2018 05:00:00 PM,13,5,8
12/25/2018 06:00:00 PM,4,1,3
12/25/2018 07:00:00 PM,5,3,2
12/25/2018 08:00:00 PM,5,5,0
12/25/2018 09:00:00 PM,5,4,1
12/25/2018 10:00:00 PM,1,1,0
12/25/2018 11:00:00 PM,1,0,1
12/26/2018 12:00:00 AM,0,0,0
12/26/2018 01:00:00 AM,0,0,0
12/26/2018 02:00:00 AM,0,0,0
12/26/2018 03:00:00 AM,0,0,0
12/26/2018 04:00:00 AM,5,1,4
12/26/2018 05:00:00 AM,11,3,8
12/26/2018 06:00:00 AM,24,6,18
12/26/2018 07:00:00 AM,39,5,34
12/26/2018 08:00:00 AM,60,3,57
12/26/2018 09:00:00 AM,29,4,25
12/26/2018 10:00:00 AM,16,5,11
12/26/2018 11:00:00 AM,13,5,8
12/26/2018 12:00:00 PM,22,7,15
12/26/2018 01:00:00 PM,22,13,9
12/26/2018 02:00:00 PM,23,14,9
12/26/2018 03:00:00 PM,21,16,5
12/26/2018 04:00:00 PM,64,50,14
12/26/2018 05:00:00 PM,51,44,7
12/26/2018 06:00:00 PM,31,26,5
12/26/2018 07:00:00 PM,13,11,2
12/26/2018 08:00:00 PM,8,6,2
12/26/2018 09:00:00 PM,6,3,3
12/26/2018 10:00:00 PM,3,3,0
12/26/2018 11:00:00 PM,3,3,0
12/27/2018 12:00:00 AM,2,0,2
12/27/2018 01:00:00 AM,3,3,0
12/27/2018 02:00:00 AM,0,0,0
12/27/2018 03:00:00 AM,0,0,0
12/27/2018 04:00:00 AM,2,1,1
12/27/2018 05:00:00 AM,13,2,11
12/27/2018 06:00:00 AM,29,5,24
12/27/2018 07:00:00 AM,50,5,45
12/27/2018 08:00:00 AM,99,8,91
12/27/2018 09:00:00 AM,77,16,61
12/27/2018 10:00:00 AM,26,7,19
12/27/2018 11:00:00 AM,39,12,27
12/27/2018 12:00:00 PM,42,14,28
12/27/2018 01:00:00 PM,35,19,16
12/27/2018 02:00:00 PM,50,34,16
12/27/2018 03:00:00 PM,82,61,21
12/27/2018 04:00:00 PM,91,77,14
12/27/2018 05:00:00 PM,98,92,6
12/27/2018 06:00:00 PM,47,38,9
12/27/2018 07:00:00 PM,23,18,5
12/27/2018 08:00:00 PM,19,15,4
12/27/2018 09:00:00 PM,7,4,3
12/27/2018 10:00:00 PM,10,8,2
12/27/2018 11:00:00 PM,1,1,0
12/28/2018 12:00:00 AM,0,0,0
12/28/2018 01:00:00 AM,1,1,0
12/28/2018 02:00:00 AM,1,0,1
12/28/2018 03:00:00 AM,0,0,0
12/28/2018 04:00:00 AM,5,3,2
12/28/2018 05:00:00 AM,11,4,7
12/28/2018 06:00:00 AM,21,3,18
12/28/2018 07:00:00 AM,37,6,31
12/28/2018 08:00:00 AM,70,11,59
12/28/2018 09:00:00 AM,35,5,30
12/28/2018 10:00:00 AM,26,8,18
12/28/2018 11:00:00 AM,16,6,10
12/28/2018 12:00:00 PM,15,6,9
12/28/2018 01:00:00 PM,15,13,2
12/28/2018 02:00:00 PM,22,14,8
12/28/2018 03:00:00 PM,38,27,11
12/28/2018 04:00:00 PM,52,45,7
12/28/2018 05:00:00 PM,64,58,6
12/28/2018 06:00:00 PM,22,18,4
12/28/2018 07:00:00 PM,18,14,4
12/28/2018 08:00:00 PM,8,7,1
12/28/2018 09:00:00 PM,9,7,2
12/28/2018 10:00:00 PM,6,6,0
12/28/2018 11:00:00 PM,3,2,1
12/29/2018 12:00:00 AM,6,6,0
12/29/2018 01:00:00 AM,1,0,1
12/29/2018 02:00:00 AM,3,2,1
12/29/2018 03:00:00 AM,1,1,0
12/29/2018 04:00:00 AM,2,0,2
12/29/2018 05:00:00 AM,5,2,3
12/29/2018 06:00:00 AM,3,2,1
12/29/2018 07:00:00 AM,13,5,8
12/29/2018 08:00:00 AM,8,3,5
12/29/2018 09:00:00 AM,12,5,7
12/29/2018 10:00:00 AM,16,14,2
12/29/2018 11:00:00 AM,22,12,10
12/29/2018 12:00:00 PM,12,4,8
12/29/2018 01:00:00 PM,18,13,5
12/29/2018 02:00:00 PM,14,5,9
12/29/2018 03:00:00 PM,9,5,4
12/29/2018 04:00:00 PM,8,4,4
12/29/2018 05:00:00 PM,9,7,2
12/29/2018 06:00:00 PM,7,6,1
12/29/2018 07:00:00 PM,4,3,1
12/29/2018 08:00:00 PM,5,4,1
12/29/2018 09:00:00 PM,3,2,1
12/29/2018 10:00:00 PM,2,1,1
12/29/2018 11:00:00 PM,5,4,1
12/30/2018 12:00:00 AM,4,2,2
12/30/2018 01:00:00 AM,1,0,1
12/30/2018 02:00:00 AM,2,1,1
12/30/2018 03:00:00 AM,0,0,0
12/30/2018 04:00:00 AM,2,1,1
12/30/2018 05:00:00 AM,5,3,2
12/30/2018 06:00:00 AM,6,2,4
12/30/2018 07:00:00 AM,10,5,5
12/30/2018 08:00:00 AM,16,3,13
12/30/2018 09:00:00 AM,10,4,6
12/30/2018 10:00:00 AM,18,9,9
12/30/2018 11:00:00 AM,34,15,19
12/30/2018 12:00:00 PM,50,30,20
12/30/2018 01:00:00 PM,55,35,20
12/30/2018 02:00:00 PM,43,20,23
12/30/2018 03:00:00 PM,74,43,31
12/30/2018 04:00:00 PM,41,21,20
12/30/2018 05:00:00 PM,25,17,8
12/30/2018 06:00:00 PM,9,6,3
12/30/2018 07:00:00 PM,10,7,3
12/30/2018 08:00:00 PM,14,9,5
12/30/2018 09:00:00 PM,6,3,3
12/30/2018 10:00:00 PM,2,2,0
12/30/2018 11:00:00 PM,4,2,2
12/31/2018 12:00:00 AM,3,3,0
12/31/2018 01:00:00 AM,2,1,1
12/31/2018 02:00:00 AM,1,0,1
12/31/2018 03:00:00 AM,0,0,0
12/31/2018 04:00:00 AM,4,2,2
12/31/2018 05:00:00 AM,18,5,13
12/31/2018 06:00:00 AM,18,2,16
12/31/2018 07:00:00 AM,40,7,33
12/31/2018 08:00:00 AM,64,5,59
12/31/2018 09:00:00 AM,35,5,30
12/31/2018 10:00:00 AM,22,5,17
12/31/2018 11:00:00 AM,27,11,16
12/31/2018 12:00:00 PM,34,13,21
12/31/2018 01:00:00 PM,53,36,17
12/31/2018 02:00:00 PM,56,39,17
12/31/2018 03:00:00 PM,59,43,16
12/31/2018 04:00:00 PM,86,71,15
12/31/2018 05:00:00 PM,43,29,14
12/31/2018 06:00:00 PM,25,13,12
12/31/2018 07:00:00 PM,11,8,3
12/31/2018 08:00:00 PM,12,8,4
12/31/2018 09:00:00 PM,19,6,13
12/31/2018 10:00:00 PM,11,4,7
12/31/2018 11:00:00 PM,13,1,12
01/01/2019 12:00:00 AM,15,12,3
01/01/2019 01:00:00 AM,20,19,1
01/01/2019 02:00:00 AM,14,12,2
01/01/2019 03:00:00 AM,1,0,1
01/01/2019 04:00:00 AM,2,2,0
01/01/2019 05:00:00 AM,3,1,2
01/01/2019 06:00:00 AM,6,2,4
01/01/2019 07:00:00 AM,6,4,2
01/01/2019 08:00:00 AM,10,4,6
01/01/2019 09:00:00 AM,10,4,6
01/01/2019 10:00:00 AM,12,4,8
01/01/2019 11:00:00 AM,19,9,10
01/01/2019 12:00:00 PM,38,24,14
01/01/2019 01:00:00 PM,53,33,20
01/01/2019 02:00:00 PM,55,23,32
01/01/2019 03:00:00 PM,50,27,23
01/01/2019 04:00:00 PM,33,12,21
01/01/2019 05:00:00 PM,38,20,18
01/01/2019 06:00:00 PM,11,6,5
01/01/2019 07:00:00 PM,7,5,2
01/01/2019 08:00:00 PM,4,1,3
01/01/2019 09:00:00 PM,9,2,7
01/01/2019 10:00:00 PM,3,3,0
01/01/2019 11:00:00 PM,3,2,1
01/02/2019 12:00:00 AM,2,0,2
01/02/2019 01:00:00 AM,0,0,0
01/02/2019 02:00:00 AM,0,0,0
01/02/2019 03:00:00 AM,1,0,1
01/02/2019 04:00:00 AM,7,4,3
01/02/2019 05:00:00 AM,18,5,13
01/02/2019 06:00:00 AM,46,11,35
01/02/2019 07:00:00 AM,126,12,114
01/02/2019 08:00:00 AM,243,24,219
01/02/2019 09:00:00 AM,153,31,122
01/02/2019 10:00:00 AM,47,11,36
01/02/2019 11:00:00 AM,31,9,22
01/02/2019 12:00:00 PM,32,16,16
01/02/2019 01:00:00 PM,39,23,16
01/02/2019 02:00:00 PM,45,25,20
01/02/2019 03:00:00 PM,66,46,20
01/02/2019 04:00:00 PM,145,128,17
01/02/2019 05:00:00 PM,278,243,35
01/02/2019 06:00:00 PM,143,121,22
01/02/2019 07:00:00 PM,48,41,7
01/02/2019 08:00:00 PM,15,13,2
01/02/2019 09:00:00 PM,15,13,2
01/02/2019 10:00:00 PM,9,8,1
01/02/2019 11:00:00 PM,1,0,1
01/03/2019 12:00:00 AM,0,0,0
01/03/2019 01:00:00 AM,0,0,0
01/03/2019 02:00:00 AM,0,0,0
01/03/2019 03:00:00 AM,0,0,0
01/03/2019 04:00:00 AM,0,0,0
01/03/2019 05:00:00 AM,23,6,17
01/03/2019 06:00:00 AM,30,2,28
01/03/2019 07:00:00 AM,96,7,89
01/03/2019 08:00:00 AM,181,25,156
01/03/2019 09:00:00 AM,117,12,105
01/03/2019 10:00:00 AM,42,8,34
01/03/2019 11:00:00 AM,26,8,18
01/03/2019 12:00:00 PM,24,9,15
01/03/2019 01:00:00 PM,23,12,11
01/03/2019 02:00:00 PM,23,19,4
01/03/2019 03:00:00 PM,45,30,15
01/03/2019 04:00:00 PM,103,91,12
01/03/2019 05:00:00 PM,199,177,22
01/03/2019 06:00:00 PM,107,99,8
01/03/2019 07:00:00 PM,33,31,2
01/03/2019 08:00:00 PM,30,23,7
01/03/2019 09:00:00 PM,8,7,1
01/03/2019 10:00:00 PM,5,4,1
01/03/2019 11:00:00 PM,1,1,0
01/04/2019 12:00:00 AM,1,1,0
01/04/2019 01:00:00 AM,0,0,0
01/04/2019 02:00:00 AM,0,0,0
01/04/2019 03:00:00 AM,1,0,1
01/04/2019 04:00:00 AM,3,3,0
01/04/2019 05:00:00 AM,16,4,12
01/04/2019 06:00:00 AM,37,5,32
01/04/2019 07:00:00 AM,108,15,93
01/04/2019 08:00:00 AM,222,21,201
01/04/2019 09:00:00 AM,160,21,139
01/04/2019 10:00:00 AM,44,9,35
01/04/2019 11:00:00 AM,40,17,23
01/04/2019 12:00:00 PM,29,15,14
01/04/2019 01:00:00 PM,29,15,14
01/04/2019 02:00:00 PM,50,31,19
01/04/2019 03:00:00 PM,79,58,21
01/04/2019 04:00:00 PM,155,126,29
01/04/2019 05:00:00 PM,215,185,30
01/04/2019 06:00:00 PM,116,99,17
01/04/2019 07:00:00 PM,44,32,12
01/04/2019 08:00:00 PM,22,16,6
01/04/2019 09:00:00 PM,16,12,4
01/04/2019 10:00:00 PM,8,7,1
01/04/2019 11:00:00 PM,17,14,3
01/05/2019 12:00:00 AM,5,2,3
01/05/2019 01:00:00 AM,0,0,0
01/05/2019 02:00:00 AM,1,1,0
01/05/2019 03:00:00 AM,0,0,0
01/05/2019 04:00:00 AM,1,1,0
01/05/2019 05:00:00 AM,11,2,9
01/05/2019 06:00:00 AM,5,3,2
01/05/2019 07:00:00 AM,11,5,6
01/05/2019 08:00:00 AM,36,17,19
01/05/2019 09:00:00 AM,15,8,7
01/05/2019 10:00:00 AM,32,12,20
01/05/2019 11:00:00 AM,43,20,23
01/05/2019 12:00:00 PM,60,14,46
01/05/2019 01:00:00 PM,53,32,21
01/05/2019 02:00:00 PM,79,41,38
01/05/2019 03:00:00 PM,52,27,25
01/05/2019 04:00:00 PM,51,29,22
01/05/2019 05:00:00 PM,19,16,3
01/05/2019 06:00:00 PM,20,8,12
01/05/2019 07:00:00 PM,12,6,6
01/05/2019 08:00:00 PM,6,4,2
01/05/2019 09:00:00 PM,13,12,1
01/05/2019 10:00:00 PM,2,1,1
01/05/2019 11:00:00 PM,7,4,3
01/06/2019 12:00:00 AM,5,5,0
01/06/2019 01:00:00 AM,0,0,0
01/06/2019 02:00:00 AM,0,0,0
01/06/2019 03:00:00 AM,0,0,0
01/06/2019 04:00:00 AM,2,1,1
01/06/2019 05:00:00 AM,2,0,2
01/06/2019 06:00:00 AM,1,0,1
01/06/2019 07:00:00 AM,5,2,3
01/06/2019 08:00:00 AM,14,10,4
01/06/2019 09:00:00 AM,19,11,8
01/06/2019 10:00:00 AM,23,9,14
01/06/2019 11:00:00 AM,33,17,16
01/06/2019 12:00:00 PM,56,28,28
01/06/2019 01:00:00 PM,50,33,17
01/06/2019 02:00:00 PM,50,30,20
01/06/2019 03:00:00 PM,42,14,28
01/06/2019 04:00:00 PM,27,11,16
01/06/2019 05:00:00 PM,19,10,9
01/06/2019 06:00:00 PM,19,8,11
01/06/2019 07:00:00 PM,2,2,0
01/06/2019 08:00:00 PM,4,3,1
01/06/2019 09:00:00 PM,5,4,1
01/06/2019 10:00:00 PM,1,1,0
01/06/2019 11:00:00 PM,1,1,0
01/07/2019 12:00:00 AM,0,0,0
01/07/2019 01:00:00 AM,0,0,0
01/07/2019 02:00:00 AM,1,1,0
01/07/2019 03:00:00 AM,1,0,1
01/07/2019 04:00:00 AM,7,5,2
01/07/2019 05:00:00 AM,20,5,15
01/07/2019 06:00:00 AM,56,11,45
01/07/2019 07:00:00 AM,193,22,171
01/07/2019 08:00:00 AM,306,22,284
01/07/2019 09:00:00 AM,179,35,144
01/07/2019 10:00:00 AM,67,20,47
01/07/2019 11:00:00 AM,35,11,24
01/07/2019 12:00:00 PM,31,16,15
01/07/2019 01:00:00 PM,45,24,21
01/07/2019 02:00:00 PM,41,27,14
01/07/2019 03:00:00 PM,89,65,24
01/07/2019 04:00:00 PM,189,159,30
01/07/2019 05:00:00 PM,360,317,43
01/07/2019 06:00:00 PM,180,156,24
01/07/2019 07:00:00 PM,67,52,15
01/07/2019 08:00:00 PM,30,20,10
01/07/2019 09:00:00 PM,20,13,7
01/07/2019 10:00:00 PM,12,9,3
01/07/2019 11:00:00 PM,3,2,1
01/08/2019 12:00:00 AM,2,2,0
01/08/2019 01:00:00 AM,0,0,0
01/08/2019 02:00:00 AM,0,0,0
01/08/2019 03:00:00 AM,0,0,0
01/08/2019 04:00:00 AM,4,1,3
01/08/2019 05:00:00 AM,18,5,13
01/08/2019 06:00:00 AM,47,7,40
01/08/2019 07:00:00 AM,162,19,143
01/08/2019 08:00:00 AM,252,26,226
01/08/2019 09:00:00 AM,134,22,112
01/08/2019 10:00:00 AM,62,11,51
01/08/2019 11:00:00 AM,27,9,18
01/08/2019 12:00:00 PM,24,12,12
01/08/2019 01:00:00 PM,15,12,3
01/08/2019 02:00:00 PM,17,13,4
01/08/2019 03:00:00 PM,48,37,11
01/08/2019 04:00:00 PM,140,125,15
01/08/2019 05:00:00 PM,287,260,27
01/08/2019 06:00:00 PM,144,128,16
01/08/2019 07:00:00 PM,54,48,6
01/08/2019 08:00:00 PM,20,10,10
01/08/2019 09:00:00 PM,17,14,3
01/08/2019 10:00:00 PM,11,7,4
01/08/2019 11:00:00 PM,3,0,3
01/09/2019 12:00:00 AM,0,0,0
01/09/2019 01:00:00 AM,1,1,0
01/09/2019 02:00:00 AM,0,0,0
01/09/2019 03:00:00 AM,0,0,0
01/09/2019 04:00:00 AM,7,5,2
01/09/2019 05:00:00 AM,20,4,16
01/09/2019 06:00:00 AM,51,12,39
01/09/2019 07:00:00 AM,136,16,120
01/09/2019 08:00:00 AM,242,21,221
01/09/2019 09:00:00 AM,152,16,136
01/09/2019 10:00:00 AM,57,12,45
01/09/2019 11:00:00 AM,31,13,18
01/09/2019 12:00:00 PM,21,8,13
01/09/2019 01:00:00 PM,25,16,9
01/09/2019 02:00:00 PM,34,21,13
01/09/2019 03:00:00 PM,65,49,16
01/09/2019 04:00:00 PM,138,119,19
01/09/2019 05:00:00 PM,254,227,27
01/09/2019 06:00:00 PM,155,131,24
01/09/2019 07:00:00 PM,63,47,16
01/09/2019 08:00:00 PM,28,23,5
01/09/2019 09:00:00 PM,17,14,3
01/09/2019 10:00:00 PM,7,4,3
01/09/2019 11:00:00 PM,5,4,1
01/10/2019 12:00:00 AM,1,0,1
01/10/2019 01:00:00 AM,1,1,0
01/10/2019 02:00:00 AM,0,0,0
01/10/2019 03:00:00 AM,0,0,0
01/10/2019 04:00:00 AM,6,2,4
01/10/2019 05:00:00 AM,18,5,13
01/10/2019 06:00:00 AM,49,9,40
01/10/2019 07:00:00 AM,172,22,150
01/10/2019 08:00:00 AM,295,27,268
01/10/2019 09:00:00 AM,160,26,134
01/10/2019 10:00:00 AM,58,14,44
01/10/2019 11:00:00 AM,32,10,22
01/10/2019 12:00:00 PM,26,13,13
01/10/2019 01:00:00 PM,33,16,17
01/10/2019 02:00:00 PM,36,27,9
01/10/2019 03:00:00 PM,62,45,17
01/10/2019 04:00:00 PM,164,132,32
01/10/2019 05:00:00 PM,322,283,39
01/10/2019 06:00:00 PM,185,143,42
01/10/2019 07:00:00 PM,79,63,16
01/10/2019 08:00:00 PM,53,39,14
01/10/2019 09:00:00 PM,33,22,11
01/10/2019 10:00:00 PM,16,8,8
01/10/2019 11:00:00 PM,10,4,6
01/11/2019 12:00:00 AM,13,1,12
01/11/2019 01:00:00 AM,3,3,0
01/11/2019 02:00:00 AM,1,0,1
01/11/2019 03:00:00 AM,1,0,1
01/11/2019 04:00:00 AM,9,6,3
01/11/2019 05:00:00 AM,13,3,10
01/11/2019 06:00:00 AM,47,6,41
01/11/2019 07:00:00 AM,136,18,118
01/11/2019 08:00:00 AM,297,26,271
01/11/2019 09:00:00 AM,188,33,155
01/11/2019 10:00:00 AM,71,19,52
01/11/2019 11:00:00 AM,35,10,25
01/11/2019 12:00:00 PM,54,22,32
01/11/2019 01:00:00 PM,47,31,16
01/11/2019 02:00:00 PM,60,42,18
01/11/2019 03:00:00 PM,97,75,22
01/11/2019 04:00:00 PM,227,183,44
01/11/2019 05:00:00 PM,320,278,42
01/11/2019 06:00:00 PM,123,110,13
01/11/2019 07:00:00 PM,69,51,18
01/11/2019 08:00:00 PM,35,26,9
01/11/2019 09:00:00 PM,30,16,14
01/11/2019 10:00:00 PM,18,13,5
01/11/2019 11:00:00 PM,11,6,5
01/12/2019 12:00:00 AM,11,7,4
01/12/2019 01:00:00 AM,6,3,3
01/12/2019 02:00:00 AM,9,5,4
01/12/2019 03:00:00 AM,1,1,0
01/12/2019 04:00:00 AM,2,0,2
01/12/2019 05:00:00 AM,3,1,2
01/12/2019 06:00:00 AM,11,6,5
01/12/2019 07:00:00 AM,20,11,9
01/12/2019 08:00:00 AM,30,15,15
01/12/2019 09:00:00 AM,41,16,25
01/12/2019 10:00:00 AM,35,21,14
01/12/2019 11:00:00 AM,59,40,19
01/12/2019 12:00:00 PM,125,69,56
01/12/2019 01:00:00 PM,149,77,72
01/12/2019 02:00:00 PM,131,71,60
01/12/2019 03:00:00 PM,103,61,42
01/12/2019 04:00:00 PM,110,50,60
01/12/2019 05:00:00 PM,47,31,16
01/12/2019 06:00:00 PM,25,17,8
01/12/2019 07:00:00 PM,17,11,6
01/12/2019 08:00:00 PM,7,2,5
01/12/2019 09:00:00 PM,15,8,7
01/12/2019 10:00:00 PM,9,7,2
01/12/2019 11:00:00 PM,8,3,5
01/13/2019 12:00:00 AM,3,3,0
01/13/2019 01:00:00 AM,7,5,2
01/13/2019 02:00:00 AM,2,2,0
01/13/2019 03:00:00 AM,1,1,0
01/13/2019 04:00:00 AM,3,1,2
01/13/2019 05:00:00 AM,4,3,1
01/13/2019 06:00:00 AM,5,2,3
01/13/2019 07:00:00 AM,7,2,5
01/13/2019 08:00:00 AM,20,9,11
01/13/2019 09:00:00 AM,29,11,18
01/13/2019 10:00:00 AM,29,22,7
01/13/2019 11:00:00 AM,93,49,44
01/13/2019 12:00:00 PM,129,81,48
01/13/2019 01:00:00 PM,132,78,54
01/13/2019 02:00:00 PM,127,59,68
01/13/2019 03:00:00 PM,120,58,62
01/13/2019 04:00:00 PM,101,50,51
01/13/2019 05:00:00 PM,49,14,35
01/13/2019 06:00:00 PM,23,15,8
01/13/2019 07:00:00 PM,11,6,5
01/13/2019 08:00:00 PM,7,2,5
01/13/2019 09:00:00 PM,9,5,4
01/13/2019 10:00:00 PM,2,1,1
01/13/2019 11:00:00 PM,4,3,1
01/14/2019 12:00:00 AM,4,2,2
01/14/2019 01:00:00 AM,3,2,1
01/14/2019 02:00:00 AM,0,0,0
01/14/2019 03:00:00 AM,0,0,0
01/14/2019 04:00:00 AM,5,3,2
01/14/2019 05:00:00 AM,24,5,19
01/14/2019 06:00:00 AM,63,8,55
01/14/2019 07:00:00 AM,240,28,212
01/14/2019 08:00:00 AM,426,43,383
01/14/2019 09:00:00 AM,229,38,191
01/14/2019 10:00:00 AM,82,20,62
01/14/2019 11:00:00 AM,40,18,22
01/14/2019 12:00:00 PM,58,22,36
01/14/2019 01:00:00 PM,71,39,32
01/14/2019 02:00:00 PM,71,39,32
01/14/2019 03:00:00 PM,119,83,36
01/14/2019 04:00:00 PM,279,249,30
01/14/2019 05:00:00 PM,424,376,48
01/14/2019 06:00:00 PM,240,207,33
01/14/2019 07:00:00 PM,93,73,20
01/14/2019 08:00:00 PM,32,19,13
01/14/2019 09:00:00 PM,22,19,3
01/14/2019 10:00:00 PM,4,3,1
01/14/2019 11:00:00 PM,8,5,3
01/15/2019 12:00:00 AM,2,1,1
01/15/2019 01:00:00 AM,0,0,0
01/15/2019 02:00:00 AM,1,0,1
01/15/2019 03:00:00 AM,1,0,1
01/15/2019 04:00:00 AM,4,1,3
01/15/2019 05:00:00 AM,16,2,14
01/15/2019 06:00:00 AM,63,7,56
01/15/2019 07:00:00 AM,187,23,164
01/15/2019 08:00:00 AM,341,34,307
01/15/2019 09:00:00 AM,168,24,144
01/15/2019 10:00:00 AM,94,17,77
01/15/2019 11:00:00 AM,42,16,26
01/15/2019 12:00:00 PM,34,17,17
01/15/2019 01:00:00 PM,54,30,24
01/15/2019 02:00:00 PM,65,37,28
01/15/2019 03:00:00 PM,106,74,32
01/15/2019 04:00:00 PM,208,174,34
01/15/2019 05:00:00 PM,360,314,46
01/15/2019 06:00:00 PM,243,205,38
01/15/2019 07:00:00 PM,88,75,13
01/15/2019 08:00:00 PM,51,37,14
01/15/2019 09:00:00 PM,31,21,10
01/15/2019 10:00:00 PM,19,13,6
01/15/2019 11:00:00 PM,8,6,2
01/16/2019 12:00:00 AM,3,3,0
01/16/2019 01:00:00 AM,0,0,0
01/16/2019 02:00:00 AM,1,1,0
01/16/2019 03:00:00 AM,1,0,1
01/16/2019 04:00:00 AM,9,5,4
01/16/2019 05:00:00 AM,19,3,16
01/16/2019 06:00:00 AM,54,9,45
01/16/2019 07:00:00 AM,189,26,163
01/16/2019 08:00:00 AM,339,40,299
01/16/2019 09:00:00 AM,168,21,147
01/16/2019 10:00:00 AM,74,9,65
01/16/2019 11:00:00 AM,33,10,23
01/16/2019 12:00:00 PM,47,17,30
01/16/2019 01:00:00 PM,58,36,22
01/16/2019 02:00:00 PM,52,37,15
01/16/2019 03:00:00 PM,93,59,34
01/16/2019 04:00:00 PM,206,172,34
01/16/2019 05:00:00 PM,391,354,37
01/16/2019 06:00:00 PM,176,145,31
01/16/2019 07:00:00 PM,93,69,24
01/16/2019 08:00:00 PM,45,35,10
01/16/2019 09:00:00 PM,41,25,16
01/16/2019 10:00:00 PM,20,14,6
01/16/2019 11:00:00 PM,8,6,2
01/17/2019 12:00:00 AM,2,2,0
01/17/2019 01:00:00 AM,0,0,0
01/17/2019 02:00:00 AM,0,0,0
01/17/2019 03:00:00 AM,3,1,2
01/17/2019 04:00:00 AM,2,1,1
01/17/2019 05:00:00 AM,18,5,13
01/17/2019 06:00:00 AM,53,4,49
01/17/2019 07:00:00 AM,139,22,117
01/17/2019 08:00:00 AM,286,31,255
01/17/2019 09:00:00 AM,151,22,129
01/17/2019 10:00:00 AM,46,7,39
01/17/2019 11:00:00 AM,34,17,17
01/17/2019 12:00:00 PM,35,21,14
01/17/2019 01:00:00 PM,29,16,13
01/17/2019 02:00:00 PM,30,19,11
01/17/2019 03:00:00 PM,65,50,15
01/17/2019 04:00:00 PM,165,130,35
01/17/2019 05:00:00 PM,289,264,25
01/17/2019 06:00:00 PM,164,137,27
01/17/2019 07:00:00 PM,76,65,11
01/17/2019 08:00:00 PM,40,30,10
01/17/2019 09:00:00 PM,25,19,6
01/17/2019 10:00:00 PM,13,9,4
01/17/2019 11:00:00 PM,8,7,1
01/18/2019 12:00:00 AM,3,1,2
01/18/2019 01:00:00 AM,3,2,1
01/18/2019 02:00:00 AM,0,0,0
01/18/2019 03:00:00 AM,1,0,1
01/18/2019 04:00:00 AM,7,3,4
01/18/2019 05:00:00 AM,17,4,13
01/18/2019 06:00:00 AM,36,4,32
01/18/2019 07:00:00 AM,144,14,130
01/18/2019 08:00:00 AM,263,22,241
01/18/2019 09:00:00 AM,147,22,125
01/18/2019 10:00:00 AM,62,10,52
01/18/2019 11:00:00 AM,46,23,23
01/18/2019 12:00:00 PM,36,21,15
01/18/2019 01:00:00 PM,49,24,25
01/18/2019 02:00:00 PM,46,24,22
01/18/2019 03:00:00 PM,70,54,16
01/18/2019 04:00:00 PM,132,125,7
01/18/2019 05:00:00 PM,247,227,20
01/18/2019 06:00:00 PM,130,101,29
01/18/2019 07:00:00 PM,53,44,9
01/18/2019 08:00:00 PM,20,19,1
01/18/2019 09:00:00 PM,14,9,5
01/18/2019 10:00:00 PM,14,12,2
01/18/2019 11:00:00 PM,5,4,1
01/19/2019 12:00:00 AM,6,5,1
01/19/2019 01:00:00 AM,3,2,1
01/19/2019 02:00:00 AM,2,2,0
01/19/2019 03:00:00 AM,0,0,0
01/19/2019 04:00:00 AM,1,0,1
01/19/2019 05:00:00 AM,4,2,2
01/19/2019 06:00:00 AM,3,1,2
01/19/2019 07:00:00 AM,15,8,7
01/19/2019 08:00:00 AM,29,15,14
01/19/2019 09:00:00 AM,34,18,16
01/19/2019 10:00:00 AM,42,21,21
01/19/2019 11:00:00 AM,66,37,29
01/19/2019 12:00:00 PM,62,29,33
01/19/2019 01:00:00 PM,76,49,27
01/19/2019 02:00:00 PM,69,30,39
01/19/2019 03:00:00 PM,59,33,26
01/19/2019 04:00:00 PM,45,20,25
01/19/2019 05:00:00 PM,35,16,19
01/19/2019 06:00:00 PM,24,16,8
01/19/2019 07:00:00 PM,14,8,6
01/19/2019 08:00:00 PM,12,6,6
01/19/2019 09:00:00 PM,10,9,1
01/19/2019 10:00:00 PM,7,2,5
01/19/2019 11:00:00 PM,5,3,2
01/20/2019 12:00:00 AM,6,6,0
01/20/2019 01:00:00 AM,2,1,1
01/20/2019 02:00:00 AM,2,0,2
01/20/2019 03:00:00 AM,0,0,0
01/20/2019 04:00:00 AM,3,1,2
01/20/2019 05:00:00 AM,1,0,1
01/20/2019 06:00:00 AM,2,1,1
01/20/2019 07:00:00 AM,9,2,7
01/20/2019 08:00:00 AM,20,10,10
01/20/2019 09:00:00 AM,31,15,16
01/20/2019 10:00:00 AM,12,7,5
01/20/2019 11:00:00 AM,27,11,16
01/20/2019 12:00:00 PM,60,35,25
01/20/2019 01:00:00 PM,61,27,34
01/20/2019 02:00:00 PM,63,33,30
01/20/2019 03:00:00 PM,50,25,25
01/20/2019 04:00:00 PM,45,20,25
01/20/2019 05:00:00 PM,26,18,8
01/20/2019 06:00:00 PM,16,5,11
01/20/2019 07:00:00 PM,15,10,5
01/20/2019 08:00:00 PM,16,13,3
01/20/2019 09:00:00 PM,10,5,5
01/20/2019 10:00:00 PM,6,2,4
01/20/2019 11:00:00 PM,5,2,3
01/21/2019 12:00:00 AM,1,1,0
01/21/2019 01:00:00 AM,1,1,0
01/21/2019 02:00:00 AM,0,0,0
01/21/2019 03:00:00 AM,0,0,0
01/21/2019 04:00:00 AM,5,3,2
01/21/2019 05:00:00 AM,15,4,11
01/21/2019 06:00:00 AM,33,8,25
01/21/2019 07:00:00 AM,93,6,87
01/21/2019 08:00:00 AM,169,13,156
01/21/2019 09:00:00 AM,102,13,89
01/21/2019 10:00:00 AM,61,15,46
01/21/2019 11:00:00 AM,44,19,25
01/21/2019 12:00:00 PM,66,28,38
01/21/2019 01:00:00 PM,64,34,30
01/21/2019 02:00:00 PM,51,30,21
01/21/2019 03:00:00 PM,73,57,16
01/21/2019 04:00:00 PM,156,109,47
01/21/2019 05:00:00 PM,189,176,13
01/21/2019 06:00:00 PM,120,108,12
01/21/2019 07:00:00 PM,54,40,14
01/21/2019 08:00:00 PM,22,14,8
01/21/2019 09:00:00 PM,16,11,5
01/21/2019 10:00:00 PM,14,10,4
01/21/2019 11:00:00 PM,2,1,1
01/22/2019 12:00:00 AM,2,1,1
01/22/2019 01:00:00 AM,1,1,0
01/22/2019 02:00:00 AM,0,0,0
01/22/2019 03:00:00 AM,0,0,0
01/22/2019 04:00:00 AM,5,1,4
01/22/2019 05:00:00 AM,21,4,17
01/22/2019 06:00:00 AM,49,3,46
01/22/2019 07:00:00 AM,175,32,143
01/22/2019 08:00:00 AM,280,27,253
01/22/2019 09:00:00 AM,167,24,143
01/22/2019 10:00:00 AM,75,15,60
01/22/2019 11:00:00 AM,37,11,26
01/22/2019 12:00:00 PM,27,12,15
01/22/2019 01:00:00 PM,23,16,7
01/22/2019 02:00:00 PM,35,28,7
01/22/2019 03:00:00 PM,59,43,16
01/22/2019 04:00:00 PM,146,130,16
01/22/2019 05:00:00 PM,264,241,23
01/22/2019 06:00:00 PM,183,161,22
01/22/2019 07:00:00 PM,53,42,11
01/22/2019 08:00:00 PM,25,20,5
01/22/2019 09:00:00 PM,22,19,3
01/22/2019 10:00:00 PM,13,13,0
01/22/2019 11:00:00 PM,6,5,1
01/23/2019 12:00:00 AM,0,0,0
01/23/2019 01:00:00 AM,2,1,1
01/23/2019 02:00:00 AM,0,0,0
01/23/2019 03:00:00 AM,0,0,0
01/23/2019 04:00:00 AM,8,4,4
01/23/2019 05:00:00 AM,25,7,18
01/23/2019 06:00:00 AM,53,6,47
01/23/2019 07:00:00 AM,134,18,116
01/23/2019 08:00:00 AM,277,32,245
01/23/2019 09:00:00 AM,140,21,119
01/23/2019 10:00:00 AM,72,14,58
01/23/2019 11:00:00 AM,27,7,20
01/23/2019 12:00:00 PM,37,18,19
01/23/2019 01:00:00 PM,25,18,7
01/23/2019 02:00:00 PM,47,31,16
01/23/2019 03:00:00 PM,70,49,21
01/23/2019 04:00:00 PM,200,163,37
01/23/2019 05:00:00 PM,290,255,35
01/23/2019 06:00:00 PM,187,155,32
01/23/2019 07:00:00 PM,79,63,16
01/23/2019 08:00:00 PM,44,38,6
01/23/2019 09:00:00 PM,18,14,4
01/23/2019 10:00:00 PM,14,11,3
01/23/2019 11:00:00 PM,8,6,2
01/24/2019 12:00:00 AM,5,3,2
01/24/2019 01:00:00 AM,2,1,1
01/24/2019 02:00:00 AM,0,0,0
01/24/2019 03:00:00 AM,1,0,1
01/24/2019 04:00:00 AM,3,1,2
01/24/2019 05:00:00 AM,14,4,10
01/24/2019 06:00:00 AM,60,9,51
01/24/2019 07:00:00 AM,161,21,140
01/24/2019 08:00:00 AM,320,31,289
01/24/2019 09:00:00 AM,164,25,139
01/24/2019 10:00:00 AM,70,15,55
01/24/2019 11:00:00 AM,41,11,30
01/24/2019 12:00:00 PM,38,15,23
01/24/2019 01:00:00 PM,44,18,26
01/24/2019 02:00:00 PM,49,28,21
01/24/2019 03:00:00 PM,84,66,18
01/24/2019 04:00:00 PM,192,153,39
01/24/2019 05:00:00 PM,309,274,35
01/24/2019 06:00:00 PM,200,173,27
01/24/2019 07:00:00 PM,77,67,10
01/24/2019 08:00:00 PM,54,43,11
01/24/2019 09:00:00 PM,34,28,6
01/24/2019 10:00:00 PM,17,11,6
01/24/2019 11:00:00 PM,4,1,3
01/25/2019 12:00:00 AM,3,1,2
01/25/2019 01:00:00 AM,3,2,1
01/25/2019 02:00:00 AM,2,2,0
01/25/2019 03:00:00 AM,1,0,1
01/25/2019 04:00:00 AM,8,3,5
01/25/2019 05:00:00 AM,19,6,13
01/25/2019 06:00:00 AM,45,5,40
01/25/2019 07:00:00 AM,152,17,135
01/25/2019 08:00:00 AM,307,35,272
01/25/2019 09:00:00 AM,151,32,119
01/25/2019 10:00:00 AM,97,20,77
01/25/2019 11:00:00 AM,45,16,29
01/25/2019 12:00:00 PM,50,23,27
01/25/2019 01:00:00 PM,42,21,21
01/25/2019 02:00:00 PM,64,37,27
01/25/2019 03:00:00 PM,101,80,21
01/25/2019 04:00:00 PM,209,173,36
01/25/2019 05:00:00 PM,292,256,36
01/25/2019 06:00:00 PM,168,123,45
01/25/2019 07:00:00 PM,68,50,18
01/25/2019 08:00:00 PM,47,32,15
01/25/2019 09:00:00 PM,21,16,5
01/25/2019 10:00:00 PM,21,7,14
01/25/2019 11:00:00 PM,12,8,4
01/26/2019 12:00:00 AM,7,6,1
01/26/2019 01:00:00 AM,3,2,1
01/26/2019 02:00:00 AM,5,4,1
01/26/2019 03:00:00 AM,4,3,1
01/26/2019 04:00:00 AM,2,1,1
01/26/2019 05:00:00 AM,0,0,0
01/26/2019 06:00:00 AM,3,1,2
01/26/2019 07:00:00 AM,13,5,8
01/26/2019 08:00:00 AM,36,18,18
01/26/2019 09:00:00 AM,34,15,19
01/26/2019 10:00:00 AM,67,24,43
01/26/2019 11:00:00 AM,65,45,20
01/26/2019 12:00:00 PM,100,46,54
01/26/2019 01:00:00 PM,120,60,60
01/26/2019 02:00:00 PM,101,50,51
01/26/2019 03:00:00 PM,111,65,46
01/26/2019 04:00:00 PM,76,38,38
01/26/2019 05:00:00 PM,50,18,32
01/26/2019 06:00:00 PM,22,8,14
01/26/2019 07:00:00 PM,18,9,9
01/26/2019 08:00:00 PM,11,7,4
01/26/2019 09:00:00 PM,13,7,6
01/26/2019 10:00:00 PM,19,12,7
01/26/2019 11:00:00 PM,7,6,1
01/27/2019 12:00:00 AM,7,3,4
01/27/2019 01:00:00 AM,5,2,3
01/27/2019 02:00:00 AM,3,2,1
01/27/2019 03:00:00 AM,1,0,1
01/27/2019 04:00:00 AM,1,0,1
01/27/2019 05:00:00 AM,2,0,2
01/27/2019 06:00:00 AM,3,3,0
01/27/2019 07:00:00 AM,15,9,6
01/27/2019 08:00:00 AM,18,10,8
01/27/2019 09:00:00 AM,17,4,13
01/27/2019 10:00:00 AM,39,24,15
01/27/2019 11:00:00 AM,40,17,23
01/27/2019 12:00:00 PM,58,30,28
01/27/2019 01:00:00 PM,63,38,25
01/27/2019 02:00:00 PM,59,29,30
01/27/2019 03:00:00 PM,57,34,23
01/27/2019 04:00:00 PM,47,28,19
01/27/2019 05:00:00 PM,51,24,27
01/27/2019 06:00:00 PM,21,8,13
01/27/2019 07:00:00 PM,4,2,2
01/27/2019 08:00:00 PM,8,5,3
01/27/2019 09:00:00 PM,13,10,3
01/27/2019 10:00:00 PM,3,2,1
01/27/2019 11:00:00 PM,5,4,1
01/28/2019 12:00:00 AM,2,2,0
01/28/2019 01:00:00 AM,0,0,0
01/28/2019 02:00:00 AM,0,0,0
01/28/2019 03:00:00 AM,0,0,0
01/28/2019 04:00:00 AM,6,2,4
01/28/2019 05:00:00 AM,32,6,26
01/28/2019 06:00:00 AM,52,10,42
01/28/2019 07:00:00 AM,208,22,186
01/28/2019 08:00:00 AM,333,24,309
01/28/2019 09:00:00 AM,190,27,163
01/28/2019 10:00:00 AM,57,8,49
01/28/2019 11:00:00 AM,52,12,40
01/28/2019 12:00:00 PM,46,19,27
01/28/2019 01:00:00 PM,48,27,21
01/28/2019 02:00:00 PM,67,42,25
01/28/2019 03:00:00 PM,85,65,20
01/28/2019 04:00:00 PM,214,177,37
01/28/2019 05:00:00 PM,359,313,46
01/28/2019 06:00:00 PM,216,189,27
01/28/2019 07:00:00 PM,91,69,22
01/28/2019 08:00:00 PM,33,23,10
01/28/2019 09:00:00 PM,26,20,6
01/28/2019 10:00:00 PM,12,9,3
01/28/2019 11:00:00 PM,5,5,0
01/29/2019 12:00:00 AM,3,1,2
01/29/2019 01:00:00 AM,1,0,1
01/29/2019 02:00:00 AM,0,0,0
01/29/2019 03:00:00 AM,2,0,2
01/29/2019 04:00:00 AM,6,2,4
01/29/2019 05:00:00 AM,23,4,19
01/29/2019 06:00:00 AM,54,10,44
01/29/2019 07:00:00 AM,200,25,175
01/29/2019 08:00:00 AM,351,24,327
01/29/2019 09:00:00 AM,179,27,152
01/29/2019 10:00:00 AM,74,11,63
01/29/2019 11:00:00 AM,55,26,29
01/29/2019 12:00:00 PM,55,25,30
01/29/2019 01:00:00 PM,70,49,21
01/29/2019 02:00:00 PM,64,41,23
01/29/2019 03:00:00 PM,102,63,39
01/29/2019 04:00:00 PM,234,198,36
01/29/2019 05:00:00 PM,363,314,49
01/29/2019 06:00:00 PM,223,190,33
01/29/2019 07:00:00 PM,85,69,16
01/29/2019 08:00:00 PM,42,31,11
01/29/2019 09:00:00 PM,31,22,9
01/29/2019 10:00:00 PM,22,15,7
01/29/2019 11:00:00 PM,7,4,3
01/30/2019 12:00:00 AM,5,4,1
01/30/2019 01:00:00 AM,0,0,0
01/30/2019 02:00:00 AM,1,1,0
01/30/2019 03:00:00 AM,0,0,0
01/30/2019 04:00:00 AM,6,4,2
01/30/2019 05:00:00 AM,28,6,22
01/30/2019 06:00:00 AM,56,12,44
01/30/2019 07:00:00 AM,208,18,190
01/30/2019 08:00:00 AM,300,29,271
01/30/2019 09:00:00 AM,186,43,143
01/30/2019 10:00:00 AM,76,10,66
01/30/2019 11:00:00 AM,52,18,34
01/30/2019 12:00:00 PM,62,24,38
01/30/2019 01:00:00 PM,41,22,19
01/30/2019 02:00:00 PM,54,27,27
01/30/2019 03:00:00 PM,91,69,22
01/30/2019 04:00:00 PM,198,161,37
01/30/2019 05:00:00 PM,365,320,45
01/30/2019 06:00:00 PM,202,170,32
01/30/2019 07:00:00 PM,90,64,26
01/30/2019 08:00:00 PM,40,30,10
01/30/2019 09:00:00 PM,46,39,7
01/30/2019 10:00:00 PM,15,10,5
01/30/2019 11:00:00 PM,4,3,1
01/31/2019 12:00:00 AM,1,1,0
01/31/2019 01:00:00 AM,2,2,0
01/31/2019 02:00:00 AM,1,1,0
01/31/2019 03:00:00 AM,0,0,0
01/31/2019 04:00:00 AM,6,3,3
01/31/2019 05:00:00 AM,28,5,23
01/31/2019 06:00:00 AM,54,9,45
01/31/2019 07:00:00 AM,173,19,154
01/31/2019 08:00:00 AM,325,39,286
01/31/2019 09:00:00 AM,171,32,139
01/31/2019 10:00:00 AM,66,12,54
01/31/2019 11:00:00 AM,53,21,32
01/31/2019 12:00:00 PM,47,19,28
01/31/2019 01:00:00 PM,44,22,22
01/31/2019 02:00:00 PM,53,33,20
01/31/2019 03:00:00 PM,94,66,28
01/31/2019 04:00:00 PM,211,173,38
01/31/2019 05:00:00 PM,308,271,37
01/31/2019 06:00:00 PM,202,168,34
01/31/2019 07:00:00 PM,78,59,19
01/31/2019 08:00:00 PM,36,23,13
01/31/2019 09:00:00 PM,36,30,6
01/31/2019 10:00:00 PM,19,14,5
01/31/2019 11:00:00 PM,6,1,5
02/01/2019 12:00:00 AM,4,4,0
02/01/2019 01:00:00 AM,3,2,1
02/01/2019 02:00:00 AM,1,1,0
02/01/2019 03:00:00 AM,1,1,0
02/01/2019 04:00:00 AM,6,3,3
02/01/2019 05:00:00 AM,17,6,11
02/01/2019 06:00:00 AM,26,2,24
02/01/2019 07:00:00 AM,106,17,89
02/01/2019 08:00:00 AM,182,26,156
02/01/2019 09:00:00 AM,90,11,79
02/01/2019 10:00:00 AM,42,7,35
02/01/2019 11:00:00 AM,13,6,7
02/01/2019 12:00:00 PM,14,5,9
02/01/2019 01:00:00 PM,21,8,13
02/01/2019 02:00:00 PM,15,12,3
02/01/2019 03:00:00 PM,46,34,12
02/01/2019 04:00:00 PM,105,90,15
02/01/2019 05:00:00 PM,198,180,18
02/01/2019 06:00:00 PM,108,98,10
02/01/2019 07:00:00 PM,62,44,18
02/01/2019 08:00:00 PM,24,19,5
02/01/2019 09:00:00 PM,8,4,4
02/01/2019 10:00:00 PM,7,5,2
02/01/2019 11:00:00 PM,9,7,2
02/02/2019 12:00:00 AM,10,7,3
02/02/2019 01:00:00 AM,5,3,2
02/02/2019 02:00:00 AM,0,0,0
02/02/2019 03:00:00 AM,2,1,1
02/02/2019 04:00:00 AM,3,1,2
02/02/2019 05:00:00 AM,1,0,1
02/02/2019 06:00:00 AM,17,3,14
02/02/2019 07:00:00 AM,68,4,64
02/02/2019 08:00:00 AM,30,19,11
02/02/2019 09:00:00 AM,68,50,18
02/02/2019 10:00:00 AM,71,48,23
02/02/2019 11:00:00 AM,57,35,22
02/02/2019 12:00:00 PM,74,18,56
02/02/2019 01:00:00 PM,90,29,61
02/02/2019 02:00:00 PM,89,47,42
02/02/2019 03:00:00 PM,79,48,31
02/02/2019 04:00:00 PM,91,57,34
02/02/2019 05:00:00 PM,64,40,24
02/02/2019 06:00:00 PM,45,22,23
02/02/2019 07:00:00 PM,21,15,6
02/02/2019 08:00:00 PM,6,5,1
02/02/2019 09:00:00 PM,13,7,6
02/02/2019 10:00:00 PM,9,8,1
02/02/2019 11:00:00 PM,5,5,0
02/03/2019 12:00:00 AM,8,4,4
02/03/2019 01:00:00 AM,9,5,4
02/03/2019 02:00:00 AM,3,3,0
02/03/2019 03:00:00 AM,1,1,0
02/03/2019 04:00:00 AM,6,1,5
02/03/2019 05:00:00 AM,6,2,4
02/03/2019 06:00:00 AM,7,0,7
02/03/2019 07:00:00 AM,235,5,230
02/03/2019 08:00:00 AM,591,13,578
02/03/2019 09:00:00 AM,427,143,284
02/03/2019 10:00:00 AM,468,453,15
02/03/2019 11:00:00 AM,426,401,25
02/03/2019 12:00:00 PM,172,148,24
02/03/2019 01:00:00 PM,54,38,16
02/03/2019 02:00:00 PM,50,29,21
02/03/2019 03:00:00 PM,20,14,6
02/03/2019 04:00:00 PM,11,7,4
02/03/2019 05:00:00 PM,7,2,5
02/03/2019 06:00:00 PM,7,3,4
02/03/2019 07:00:00 PM,5,3,2
02/03/2019 08:00:00 PM,3,3,0
02/03/2019 09:00:00 PM,3,3,0
02/03/2019 10:00:00 PM,1,1,0
02/03/2019 11:00:00 PM,2,2,0
02/04/2019 12:00:00 AM,0,0,0
02/04/2019 01:00:00 AM,0,0,0
02/04/2019 02:00:00 AM,0,0,0
02/04/2019 03:00:00 AM,1,0,1
02/04/2019 04:00:00 AM,1,0,1
02/04/2019 05:00:00 AM,6,1,5
02/04/2019 06:00:00 AM,9,0,9
02/04/2019 07:00:00 AM,19,4,15
02/04/2019 08:00:00 AM,31,3,28
02/04/2019 09:00:00 AM,18,3,15
02/04/2019 10:00:00 AM,15,1,14
02/04/2019 11:00:00 AM,9,1,8
02/04/2019 12:00:00 PM,9,3,6
02/04/2019 01:00:00 PM,2,2,0
02/04/2019 02:00:00 PM,12,8,4
02/04/2019 03:00:00 PM,17,10,7
02/04/2019 04:00:00 PM,21,18,3
02/04/2019 05:00:00 PM,21,18,3
02/04/2019 06:00:00 PM,17,13,4
02/04/2019 07:00:00 PM,6,6,0
02/04/2019 08:00:00 PM,0,0,0
02/04/2019 09:00:00 PM,0,0,0
02/04/2019 10:00:00 PM,0,0,0
02/04/2019 11:00:00 PM,0,0,0
02/05/2019 12:00:00 AM,0,0,0
02/05/2019 01:00:00 AM,0,0,0
02/05/2019 02:00:00 AM,0,0,0
02/05/2019 03:00:00 AM,0,0,0
02/05/2019 04:00:00 AM,0,0,0
02/05/2019 05:00:00 AM,4,1,3
02/05/2019 06:00:00 AM,3,0,3
02/05/2019 07:00:00 AM,14,0,14
02/05/2019 08:00:00 AM,27,4,23
02/05/2019 09:00:00 AM,19,2,17
02/05/2019 10:00:00 AM,11,0,11
02/05/2019 11:00:00 AM,9,5,4
02/05/2019 12:00:00 PM,9,5,4
02/05/2019 01:00:00 PM,5,3,2
02/05/2019 02:00:00 PM,16,7,9
02/05/2019 03:00:00 PM,16,13,3
02/05/2019 04:00:00 PM,25,21,4
02/05/2019 05:00:00 PM,31,24,7
02/05/2019 06:00:00 PM,17,15,2
02/05/2019 07:00:00 PM,12,11,1
02/05/2019 08:00:00 PM,4,3,1
02/05/2019 09:00:00 PM,6,3,3
02/05/2019 10:00:00 PM,1,0,1
02/05/2019 11:00:00 PM,0,0,0
02/06/2019 12:00:00 AM,0,0,0
02/06/2019 01:00:00 AM,0,0,0
02/06/2019 02:00:00 AM,0,0,0
02/06/2019 03:00:00 AM,0,0,0
02/06/2019 04:00:00 AM,6,4,2
02/06/2019 05:00:00 AM,5,0,5
02/06/2019 06:00:00 AM,13,2,11
02/06/2019 07:00:00 AM,43,10,33
02/06/2019 08:00:00 AM,72,6,66
02/06/2019 09:00:00 AM,58,8,50
02/06/2019 10:00:00 AM,34,5,29
02/06/2019 11:00:00 AM,20,7,13
02/06/2019 12:00:00 PM,9,6,3
02/06/2019 01:00:00 PM,15,7,8
02/06/2019 02:00:00 PM,16,10,6
02/06/2019 03:00:00 PM,22,16,6
02/06/2019 04:00:00 PM,69,57,12
02/06/2019 05:00:00 PM,80,70,10
02/06/2019 06:00:00 PM,65,48,17
02/06/2019 07:00:00 PM,29,23,6
02/06/2019 08:00:00 PM,13,10,3
02/06/2019 09:00:00 PM,9,8,1
02/06/2019 10:00:00 PM,7,3,4
02/06/2019 11:00:00 PM,2,2,0
02/07/2019 12:00:00 AM,1,1,0
02/07/2019 01:00:00 AM,0,0,0
02/07/2019 02:00:00 AM,0,0,0
02/07/2019 03:00:00 AM,0,0,0
02/07/2019 04:00:00 AM,3,0,3
02/07/2019 05:00:00 AM,10,4,6
02/07/2019 06:00:00 AM,17,2,15
02/07/2019 07:00:00 AM,57,3,54
02/07/2019 08:00:00 AM,117,12,105
02/07/2019 09:00:00 AM,67,7,60
02/07/2019 10:00:00 AM,33,7,26
02/07/2019 11:00:00 AM,18,6,12
02/07/2019 12:00:00 PM,22,11,11
02/07/2019 01:00:00 PM,21,12,9
02/07/2019 02:00:00 PM,25,16,9
02/07/2019 03:00:00 PM,26,17,9
02/07/2019 04:00:00 PM,79,60,19
02/07/2019 05:00:00 PM,121,108,13
02/07/2019 06:00:00 PM,86,74,12
02/07/2019 07:00:00 PM,32,28,4
02/07/2019 08:00:00 PM,17,10,7
02/07/2019 09:00:00 PM,5,4,1
02/07/2019 10:00:00 PM,8,5,3
02/07/2019 11:00:00 PM,3,3,0
02/08/2019 12:00:00 AM,6,5,1
02/08/2019 01:00:00 AM,2,0,2
02/08/2019 02:00:00 AM,0,0,0
02/08/2019 03:00:00 AM,0,0,0
02/08/2019 04:00:00 AM,6,5,1
02/08/2019 05:00:00 AM,8,2,6
02/08/2019 06:00:00 AM,12,1,11
02/08/2019 07:00:00 AM,46,7,39
02/08/2019 08:00:00 AM,80,5,75
02/08/2019 09:00:00 AM,43,5,38
02/08/2019 10:00:00 AM,20,7,13
02/08/2019 11:00:00 AM,16,8,8
02/08/2019 12:00:00 PM,64,55,9
02/08/2019 01:00:00 PM,71,62,9
02/08/2019 02:00:00 PM,42,34,8
02/08/2019 03:00:00 PM,32,28,4
02/08/2019 04:00:00 PM,25,22,3
02/08/2019 05:00:00 PM,23,21,2
02/08/2019 06:00:00 PM,6,6,0
02/08/2019 07:00:00 PM,6,4,2
02/08/2019 08:00:00 PM,1,1,0
02/08/2019 09:00:00 PM,2,2,0
02/08/2019 10:00:00 PM,0,0,0
02/08/2019 11:00:00 PM,1,1,0
02/09/2019 12:00:00 AM,0,0,0
02/09/2019 01:00:00 AM,0,0,0
02/09/2019 02:00:00 AM,0,0,0
02/09/2019 03:00:00 AM,0,0,0
02/09/2019 04:00:00 AM,1,0,1
02/09/2019 05:00:00 AM,0,0,0
02/09/2019 06:00:00 AM,1,0,1
02/09/2019 07:00:00 AM,1,0,1
02/09/2019 08:00:00 AM,0,0,0
02/09/2019 09:00:00 AM,2,1,1
02/09/2019 10:00:00 AM,4,1,3
02/09/2019 11:00:00 AM,3,1,2
02/09/2019 12:00:00 PM,1,0,1
02/09/2019 01:00:00 PM,1,0,1
02/09/2019 02:00:00 PM,2,1,1
02/09/2019 03:00:00 PM,4,2,2
02/09/2019 04:00:00 PM,0,0,0
02/09/2019 05:00:00 PM,1,0,1
02/09/2019 06:00:00 PM,1,1,0
02/09/2019 07:00:00 PM,0,0,0
02/09/2019 08:00:00 PM,0,0,0
02/09/2019 09:00:00 PM,0,0,0
02/09/2019 10:00:00 PM,0,0,0
02/09/2019 11:00:00 PM,0,0,0
02/10/2019 12:00:00 AM,0,0,0
02/10/2019 01:00:00 AM,0,0,0
02/10/2019 02:00:00 AM,0,0,0
02/10/2019 03:00:00 AM,0,0,0
02/10/2019 04:00:00 AM,0,0,0
02/10/2019 05:00:00 AM,1,0,1
02/10/2019 06:00:00 AM,0,0,0
02/10/2019 07:00:00 AM,0,0,0
02/10/2019 08:00:00 AM,0,0,0
02/10/2019 09:00:00 AM,0,0,0
02/10/2019 10:00:00 AM,0,0,0
02/10/2019 11:00:00 AM,0,0,0
02/10/2019 12:00:00 PM,0,0,0
02/10/2019 01:00:00 PM,1,1,0
02/10/2019 02:00:00 PM,0,0,0
02/10/2019 03:00:00 PM,1,0,1
02/10/2019 04:00:00 PM,0,0,0
02/10/2019 05:00:00 PM,0,0,0
02/10/2019 06:00:00 PM,0,0,0
02/10/2019 07:00:00 PM,0,0,0
02/10/2019 08:00:00 PM,0,0,0
02/10/2019 09:00:00 PM,0,0,0
02/10/2019 10:00:00 PM,0,0,0
02/10/2019 11:00:00 PM,0,0,0
02/11/2019 12:00:00 AM,1,0,1
02/11/2019 01:00:00 AM,0,0,0
02/11/2019 02:00:00 AM,0,0,0
02/11/2019 03:00:00 AM,0,0,0
02/11/2019 04:00:00 AM,0,0,0
02/11/2019 05:00:00 AM,0,0,0
02/11/2019 06:00:00 AM,0,0,0
02/11/2019 07:00:00 AM,0,0,0
02/11/2019 08:00:00 AM,0,0,0
02/11/2019 09:00:00 AM,0,0,0
02/11/2019 10:00:00 AM,0,0,0
02/11/2019 11:00:00 AM,1,1,0
02/11/2019 12:00:00 PM,1,0,1
02/11/2019 01:00:00 PM,1,1,0
02/11/2019 02:00:00 PM,0,0,0
02/11/2019 03:00:00 PM,0,0,0
02/11/2019 04:00:00 PM,0,0,0
02/11/2019 05:00:00 PM,1,0,1
02/11/2019 06:00:00 PM,0,0,0
02/11/2019 07:00:00 PM,0,0,0
02/11/2019 08:00:00 PM,0,0,0
02/11/2019 09:00:00 PM,0,0,0
02/11/2019 10:00:00 PM,0,0,0
02/11/2019 11:00:00 PM,0,0,0
02/12/2019 12:00:00 AM,0,0,0
02/12/2019 01:00:00 AM,0,0,0
02/12/2019 02:00:00 AM,0,0,0
02/12/2019 03:00:00 AM,0,0,0
02/12/2019 04:00:00 AM,0,0,0
02/12/2019 05:00:00 AM,0,0,0
02/12/2019 06:00:00 AM,0,0,0
02/12/2019 07:00:00 AM,0,0,0
02/12/2019 08:00:00 AM,0,0,0
02/12/2019 09:00:00 AM,1,0,1
02/12/2019 10:00:00 AM,0,0,0
02/12/2019 11:00:00 AM,1,0,1
02/12/2019 12:00:00 PM,0,0,0
02/12/2019 01:00:00 PM,0,0,0
02/12/2019 02:00:00 PM,0,0,0
02/12/2019 03:00:00 PM,0,0,0
02/12/2019 04:00:00 PM,6,3,3
02/12/2019 05:00:00 PM,5,3,2
02/12/2019 06:00:00 PM,5,4,1
02/12/2019 07:00:00 PM,5,3,2
02/12/2019 08:00:00 PM,1,1,0
02/12/2019 09:00:00 PM,2,1,1
02/12/2019 10:00:00 PM,0,0,0
02/12/2019 11:00:00 PM,0,0,0
02/13/2019 12:00:00 AM,0,0,0
02/13/2019 01:00:00 AM,0,0,0
02/13/2019 02:00:00 AM,0,0,0
02/13/2019 03:00:00 AM,0,0,0
02/13/2019 04:00:00 AM,3,1,2
02/13/2019 05:00:00 AM,3,1,2
02/13/2019 06:00:00 AM,9,2,7
02/13/2019 07:00:00 AM,24,2,22
02/13/2019 08:00:00 AM,62,8,54
02/13/2019 09:00:00 AM,54,7,47
02/13/2019 10:00:00 AM,21,5,16
02/13/2019 11:00:00 AM,12,4,8
02/13/2019 12:00:00 PM,13,5,8
02/13/2019 01:00:00 PM,10,4,6
02/13/2019 02:00:00 PM,9,5,4
02/13/2019 03:00:00 PM,21,13,8
02/13/2019 04:00:00 PM,41,37,4
02/13/2019 05:00:00 PM,81,71,10
02/13/2019 06:00:00 PM,54,44,10
02/13/2019 07:00:00 PM,18,15,3
02/13/2019 08:00:00 PM,11,8,3
02/13/2019 09:00:00 PM,7,6,1
02/13/2019 10:00:00 PM,3,2,1
02/13/2019 11:00:00 PM,2,1,1
02/14/2019 12:00:00 AM,2,2,0
02/14/2019 01:00:00 AM,1,1,0
02/14/2019 02:00:00 AM,0,0,0
02/14/2019 03:00:00 AM,0,0,0
02/14/2019 04:00:00 AM,1,0,1
02/14/2019 05:00:00 AM,7,2,5
02/14/2019 06:00:00 AM,14,3,11
02/14/2019 07:00:00 AM,50,11,39
02/14/2019 08:00:00 AM,95,6,89
02/14/2019 09:00:00 AM,76,12,64
02/14/2019 10:00:00 AM,29,6,23
02/14/2019 11:00:00 AM,16,8,8
02/14/2019 12:00:00 PM,13,4,9
02/14/2019 01:00:00 PM,11,4,7
02/14/2019 02:00:00 PM,12,9,3
02/14/2019 03:00:00 PM,19,16,3
02/14/2019 04:00:00 PM,50,38,12
02/14/2019 05:00:00 PM,109,98,11
02/14/2019 06:00:00 PM,71,63,8
02/14/2019 07:00:00 PM,16,14,2
02/14/2019 08:00:00 PM,10,8,2
02/14/2019 09:00:00 PM,4,2,2
02/14/2019 10:00:00 PM,4,4,0
02/14/2019 11:00:00 PM,3,2,1
02/15/2019 12:00:00 AM,2,2,0
02/15/2019 01:00:00 AM,2,1,1
02/15/2019 02:00:00 AM,0,0,0
02/15/2019 03:00:00 AM,0,0,0
02/15/2019 04:00:00 AM,3,3,0
02/15/2019 05:00:00 AM,11,4,7
02/15/2019 06:00:00 AM,21,1,20
02/15/2019 07:00:00 AM,78,15,63
02/15/2019 08:00:00 AM,128,6,122
02/15/2019 09:00:00 AM,94,17,77
02/15/2019 10:00:00 AM,34,9,25
02/15/2019 11:00:00 AM,29,10,19
02/15/2019 12:00:00 PM,22,8,14
02/15/2019 01:00:00 PM,23,11,12
02/15/2019 02:00:00 PM,25,15,10
02/15/2019 03:00:00 PM,49,35,14
02/15/2019 04:00:00 PM,116,90,26
02/15/2019 05:00:00 PM,155,129,26
02/15/2019 06:00:00 PM,75,57,18
02/15/2019 07:00:00 PM,31,24,7
02/15/2019 08:00:00 PM,14,11,3
02/15/2019 09:00:00 PM,12,7,5
02/15/2019 10:00:00 PM,8,4,4
02/15/2019 11:00:00 PM,3,2,1
02/16/2019 12:00:00 AM,3,1,2
02/16/2019 01:00:00 AM,5,5,0
02/16/2019 02:00:00 AM,4,2,2
02/16/2019 03:00:00 AM,0,0,0
02/16/2019 04:00:00 AM,2,1,1
02/16/2019 05:00:00 AM,0,0,0
02/16/2019 06:00:00 AM,3,2,1
02/16/2019 07:00:00 AM,10,6,4
02/16/2019 08:00:00 AM,14,3,11
02/16/2019 09:00:00 AM,21,11,10
02/16/2019 10:00:00 AM,16,8,8
02/16/2019 11:00:00 AM,14,9,5
02/16/2019 12:00:00 PM,14,4,10
02/16/2019 01:00:00 PM,31,15,16
02/16/2019 02:00:00 PM,20,9,11
02/16/2019 03:00:00 PM,20,11,9
02/16/2019 04:00:00 PM,20,10,10
02/16/2019 05:00:00 PM,9,9,0
02/16/2019 06:00:00 PM,15,10,5
02/16/2019 07:00:00 PM,4,4,0
02/16/2019 08:00:00 PM,4,2,2
02/16/2019 09:00:00 PM,2,1,1
02/16/2019 10:00:00 PM,5,3,2
02/16/2019 11:00:00 PM,3,3,0
02/17/2019 12:00:00 AM,2,1,1
02/17/2019 01:00:00 AM,1,1,0
02/17/2019 02:00:00 AM,2,0,2
02/17/2019 03:00:00 AM,1,1,0
02/17/2019 04:00:00 AM,1,0,1
02/17/2019 05:00:00 AM,3,1,2
02/17/2019 06:00:00 AM,0,0,0
02/17/2019 07:00:00 AM,7,4,3
02/17/2019 08:00:00 AM,15,8,7
02/17/2019 09:00:00 AM,27,16,11
02/17/2019 10:00:00 AM,20,10,10
02/17/2019 11:00:00 AM,30,19,11
02/17/2019 12:00:00 PM,30,17,13
02/17/2019 01:00:00 PM,45,29,16
02/17/2019 02:00:00 PM,28,14,14
02/17/2019 03:00:00 PM,45,28,17
02/17/2019 04:00:00 PM,62,27,35
02/17/2019 05:00:00 PM,46,19,27
02/17/2019 06:00:00 PM,23,9,14
02/17/2019 07:00:00 PM,17,10,7
02/17/2019 08:00:00 PM,11,3,8
02/17/2019 09:00:00 PM,4,3,1
02/17/2019 10:00:00 PM,7,3,4
02/17/2019 11:00:00 PM,5,3,2
02/18/2019 12:00:00 AM,0,0,0
02/18/2019 01:00:00 AM,1,1,0
02/18/2019 02:00:00 AM,1,0,1
02/18/2019 03:00:00 AM,0,0,0
02/18/2019 04:00:00 AM,6,5,1
02/18/2019 05:00:00 AM,10,4,6
02/18/2019 06:00:00 AM,21,5,16
02/18/2019 07:00:00 AM,77,8,69
02/18/2019 08:00:00 AM,106,14,92
02/18/2019 09:00:00 AM,84,14,70
02/18/2019 10:00:00 AM,46,6,40
02/18/2019 11:00:00 AM,32,7,25
02/18/2019 12:00:00 PM,17,7,10
02/18/2019 01:00:00 PM,41,18,23
02/18/2019 02:00:00 PM,58,37,21
02/18/2019 03:00:00 PM,48,34,14
02/18/2019 04:00:00 PM,78,62,16
02/18/2019 05:00:00 PM,150,133,17
02/18/2019 06:00:00 PM,84,73,11
02/18/2019 07:00:00 PM,31,25,6
02/18/2019 08:00:00 PM,19,9,10
02/18/2019 09:00:00 PM,6,5,1
02/18/2019 10:00:00 PM,7,7,0
02/18/2019 11:00:00 PM,1,0,1
02/19/2019 12:00:00 AM,2,1,1
02/19/2019 01:00:00 AM,0,0,0
02/19/2019 02:00:00 AM,1,1,0
02/19/2019 03:00:00 AM,0,0,0
02/19/2019 04:00:00 AM,3,0,3
02/19/2019 05:00:00 AM,16,2,14
02/19/2019 06:00:00 AM,46,3,43
02/19/2019 07:00:00 AM,133,15,118
02/19/2019 08:00:00 AM,210,23,187
02/19/2019 09:00:00 AM,115,23,92
02/19/2019 10:00:00 AM,44,5,39
02/19/2019 11:00:00 AM,34,10,24
02/19/2019 12:00:00 PM,24,11,13
02/19/2019 01:00:00 PM,27,20,7
02/19/2019 02:00:00 PM,28,19,9
02/19/2019 03:00:00 PM,49,42,7
02/19/2019 04:00:00 PM,120,98,22
02/19/2019 05:00:00 PM,231,208,23
02/19/2019 06:00:00 PM,131,113,18
02/19/2019 07:00:00 PM,49,43,6
02/19/2019 08:00:00 PM,23,14,9
02/19/2019 09:00:00 PM,11,11,0
02/19/2019 10:00:00 PM,9,6,3
02/19/2019 11:00:00 PM,2,1,1
02/20/2019 12:00:00 AM,1,0,1
02/20/2019 01:00:00 AM,0,0,0
02/20/2019 02:00:00 AM,2,0,2
02/20/2019 03:00:00 AM,0,0,0
02/20/2019 04:00:00 AM,7,4,3
02/20/2019 05:00:00 AM,20,4,16
02/20/2019 06:00:00 AM,46,7,39
02/20/2019 07:00:00 AM,138,21,117
02/20/2019 08:00:00 AM,222,31,191
02/20/2019 09:00:00 AM,112,15,97
02/20/2019 10:00:00 AM,42,8,34
02/20/2019 11:00:00 AM,31,12,19
02/20/2019 12:00:00 PM,30,14,16
02/20/2019 01:00:00 PM,19,12,7
02/20/2019 02:00:00 PM,37,25,12
02/20/2019 03:00:00 PM,47,36,11
02/20/2019 04:00:00 PM,118,98,20
02/20/2019 05:00:00 PM,209,182,27
02/20/2019 06:00:00 PM,148,130,18
02/20/2019 07:00:00 PM,52,39,13
02/20/2019 08:00:00 PM,27,21,6
02/20/2019 09:00:00 PM,11,9,2
02/20/2019 10:00:00 PM,17,13,4
02/20/2019 11:00:00 PM,4,4,0
02/21/2019 12:00:00 AM,5,4,1
02/21/2019 01:00:00 AM,2,2,0
02/21/2019 02:00:00 AM,0,0,0
02/21/2019 03:00:00 AM,0,0,0
02/21/2019 04:00:00 AM,3,1,2
02/21/2019 05:00:00 AM,15,2,13
02/21/2019 06:00:00 AM,43,7,36
02/21/2019 07:00:00 AM,139,18,121
02/21/2019 08:00:00 AM,239,23,216
02/21/2019 09:00:00 AM,137,20,117
02/21/2019 10:00:00 AM,63,20,43
02/21/2019 11:00:00 AM,54,23,31
02/21/2019 12:00:00 PM,60,32,28
02/21/2019 01:00:00 PM,34,19,15
02/21/2019 02:00:00 PM,53,25,28
02/21/2019 03:00:00 PM,92,58,34
02/21/2019 04:00:00 PM,145,116,29
02/21/2019 05:00:00 PM,246,205,41
02/21/2019 06:00:00 PM,172,143,29
02/21/2019 07:00:00 PM,60,50,10
02/21/2019 08:00:00 PM,41,27,14
02/21/2019 09:00:00 PM,12,10,2
02/21/2019 10:00:00 PM,20,18,2
02/21/2019 11:00:00 PM,8,6,2
02/22/2019 12:00:00 AM,4,1,3
02/22/2019 01:00:00 AM,1,1,0
02/22/2019 02:00:00 AM,0,0,0
02/22/2019 03:00:00 AM,0,0,0
02/22/2019 04:00:00 AM,4,3,1
02/22/2019 05:00:00 AM,13,3,10
02/22/2019 06:00:00 AM,27,5,22
02/22/2019 07:00:00 AM,96,17,79
02/22/2019 08:00:00 AM,189,24,165
02/22/2019 09:00:00 AM,111,17,94
02/22/2019 10:00:00 AM,44,12,32
02/22/2019 11:00:00 AM,16,9,7
02/22/2019 12:00:00 PM,17,9,8
02/22/2019 01:00:00 PM,13,8,5
02/22/2019 02:00:00 PM,29,21,8
02/22/2019 03:00:00 PM,44,34,10
02/22/2019 04:00:00 PM,87,77,10
02/22/2019 05:00:00 PM,165,151,14
02/22/2019 06:00:00 PM,90,72,18
02/22/2019 07:00:00 PM,42,37,5
02/22/2019 08:00:00 PM,20,17,3
02/22/2019 09:00:00 PM,32,20,12
02/22/2019 10:00:00 PM,11,6,5
02/22/2019 11:00:00 PM,4,3,1
02/23/2019 12:00:00 AM,6,1,5
02/23/2019 01:00:00 AM,5,1,4
02/23/2019 02:00:00 AM,2,1,1
02/23/2019 03:00:00 AM,1,1,0
02/23/2019 04:00:00 AM,5,4,1
02/23/2019 05:00:00 AM,0,0,0
02/23/2019 06:00:00 AM,2,1,1
02/23/2019 07:00:00 AM,18,13,5
02/23/2019 08:00:00 AM,13,4,9
02/23/2019 09:00:00 AM,15,10,5
02/23/2019 10:00:00 AM,36,17,19
02/23/2019 11:00:00 AM,28,18,10
02/23/2019 12:00:00 PM,51,13,38
02/23/2019 01:00:00 PM,32,17,15
02/23/2019 02:00:00 PM,37,21,16
02/23/2019 03:00:00 PM,39,25,14
02/23/2019 04:00:00 PM,24,12,12
02/23/2019 05:00:00 PM,20,13,7
02/23/2019 06:00:00 PM,12,6,6
02/23/2019 07:00:00 PM,6,3,3
02/23/2019 08:00:00 PM,5,3,2
02/23/2019 09:00:00 PM,1,1,0
02/23/2019 10:00:00 PM,4,3,1
02/23/2019 11:00:00 PM,3,2,1
02/24/2019 12:00:00 AM,3,3,0
02/24/2019 01:00:00 AM,4,1,3
02/24/2019 02:00:00 AM,1,0,1
02/24/2019 03:00:00 AM,0,0,0
02/24/2019 04:00:00 AM,2,1,1
02/24/2019 05:00:00 AM,1,1,0
02/24/2019 06:00:00 AM,6,0,6
02/24/2019 07:00:00 AM,23,5,18
02/24/2019 08:00:00 AM,33,7,26
02/24/2019 09:00:00 AM,22,9,13
02/24/2019 10:00:00 AM,27,12,15
02/24/2019 11:00:00 AM,32,19,13
02/24/2019 12:00:00 PM,47,36,11
02/24/2019 01:00:00 PM,65,40,25
02/24/2019 02:00:00 PM,51,29,22
02/24/2019 03:00:00 PM,58,31,27
02/24/2019 04:00:00 PM,32,21,11
02/24/2019 05:00:00 PM,26,19,7
02/24/2019 06:00:00 PM,19,9,10
02/24/2019 07:00:00 PM,10,4,6
02/24/2019 08:00:00 PM,7,4,3
02/24/2019 09:00:00 PM,8,4,4
02/24/2019 10:00:00 PM,4,3,1
02/24/2019 11:00:00 PM,6,5,1
02/25/2019 12:00:00 AM,2,2,0
02/25/2019 01:00:00 AM,2,1,1
02/25/2019 02:00:00 AM,1,1,0
02/25/2019 03:00:00 AM,0,0,0
02/25/2019 04:00:00 AM,7,4,3
02/25/2019 05:00:00 AM,14,3,11
02/25/2019 06:00:00 AM,45,6,39
02/25/2019 07:00:00 AM,147,16,131
02/25/2019 08:00:00 AM,267,20,247
02/25/2019 09:00:00 AM,131,29,102
02/25/2019 10:00:00 AM,72,13,59
02/25/2019 11:00:00 AM,37,10,27
02/25/2019 12:00:00 PM,31,13,18
02/25/2019 01:00:00 PM,36,18,18
02/25/2019 02:00:00 PM,44,28,16
02/25/2019 03:00:00 PM,46,33,13
02/25/2019 04:00:00 PM,159,130,29
02/25/2019 05:00:00 PM,284,253,31
02/25/2019 06:00:00 PM,166,143,23
02/25/2019 07:00:00 PM,67,50,17
02/25/2019 08:00:00 PM,28,22,6
02/25/2019 09:00:00 PM,17,14,3
02/25/2019 10:00:00 PM,10,9,1
02/25/2019 11:00:00 PM,5,4,1
02/26/2019 12:00:00 AM,2,2,0
02/26/2019 01:00:00 AM,0,0,0
02/26/2019 02:00:00 AM,0,0,0
02/26/2019 03:00:00 AM,0,0,0
02/26/2019 04:00:00 AM,4,2,2
02/26/2019 05:00:00 AM,15,3,12
02/26/2019 06:00:00 AM,51,6,45
02/26/2019 07:00:00 AM,165,19,146
02/26/2019 08:00:00 AM,292,19,273
02/26/2019 09:00:00 AM,154,21,133
02/26/2019 10:00:00 AM,64,16,48
02/26/2019 11:00:00 AM,45,12,33
02/26/2019 12:00:00 PM,47,21,26
02/26/2019 01:00:00 PM,38,24,14
02/26/2019 02:00:00 PM,40,27,13
02/26/2019 03:00:00 PM,65,46,19
02/26/2019 04:00:00 PM,181,160,21
02/26/2019 05:00:00 PM,283,250,33
02/26/2019 06:00:00 PM,193,161,32
02/26/2019 07:00:00 PM,72,62,10
02/26/2019 08:00:00 PM,36,24,12
02/26/2019 09:00:00 PM,20,16,4
02/26/2019 10:00:00 PM,14,13,1
02/26/2019 11:00:00 PM,8,5,3
02/27/2019 12:00:00 AM,5,5,0
02/27/2019 01:00:00 AM,2,2,0
02/27/2019 02:00:00 AM,0,0,0
02/27/2019 03:00:00 AM,0,0,0
02/27/2019 04:00:00 AM,5,4,1
02/27/2019 05:00:00 AM,19,4,15
02/27/2019 06:00:00 AM,46,9,37
02/27/2019 07:00:00 AM,145,9,136
02/27/2019 08:00:00 AM,230,21,209
02/27/2019 09:00:00 AM,141,15,126
02/27/2019 10:00:00 AM,45,7,38
02/27/2019 11:00:00 AM,25,6,19
02/27/2019 12:00:00 PM,29,8,21
02/27/2019 01:00:00 PM,25,21,4
02/27/2019 02:00:00 PM,34,16,18
02/27/2019 03:00:00 PM,59,47,12
02/27/2019 04:00:00 PM,155,134,21
02/27/2019 05:00:00 PM,271,248,23
02/27/2019 06:00:00 PM,139,122,17
02/27/2019 07:00:00 PM,65,48,17
02/27/2019 08:00:00 PM,29,21,8
02/27/2019 09:00:00 PM,19,17,2
02/27/2019 10:00:00 PM,13,11,2
02/27/2019 11:00:00 PM,3,3,0
02/28/2019 12:00:00 AM,2,2,0
02/28/2019 01:00:00 AM,3,2,1
02/28/2019 02:00:00 AM,2,1,1
02/28/2019 03:00:00 AM,0,0,0
02/28/2019 04:00:00 AM,4,2,2
02/28/2019 05:00:00 AM,16,3,13
02/28/2019 06:00:00 AM,35,1,34
02/28/2019 07:00:00 AM,145,14,131
02/28/2019 08:00:00 AM,285,26,259
02/28/2019 09:00:00 AM,157,24,133
02/28/2019 10:00:00 AM,51,15,36
02/28/2019 11:00:00 AM,42,9,33
02/28/2019 12:00:00 PM,42,21,21
02/28/2019 01:00:00 PM,42,14,28
02/28/2019 02:00:00 PM,43,27,16
02/28/2019 03:00:00 PM,81,65,16
02/28/2019 04:00:00 PM,182,150,32
02/28/2019 05:00:00 PM,300,267,33
02/28/2019 06:00:00 PM,166,138,28
02/28/2019 07:00:00 PM,58,43,15
02/28/2019 08:00:00 PM,37,29,8
02/28/2019 09:00:00 PM,29,21,8
02/28/2019 10:00:00 PM,14,11,3
02/28/2019 11:00:00 PM,9,6,3
03/01/2019 12:00:00 AM,3,1,2
03/01/2019 01:00:00 AM,1,1,0
03/01/2019 02:00:00 AM,1,0,1
03/01/2019 03:00:00 AM,0,0,0
03/01/2019 04:00:00 AM,7,5,2
03/01/2019 05:00:00 AM,10,2,8
03/01/2019 06:00:00 AM,45,9,36
03/01/2019 07:00:00 AM,140,25,115
03/01/2019 08:00:00 AM,261,26,235
03/01/2019 09:00:00 AM,164,25,139
03/01/2019 10:00:00 AM,58,14,44
03/01/2019 11:00:00 AM,39,16,23
03/01/2019 12:00:00 PM,50,18,32
03/01/2019 01:00:00 PM,64,27,37
03/01/2019 02:00:00 PM,53,40,13
03/01/2019 03:00:00 PM,88,65,23
03/01/2019 04:00:00 PM,194,156,38
03/01/2019 05:00:00 PM,274,236,38
03/01/2019 06:00:00 PM,117,101,16
03/01/2019 07:00:00 PM,55,41,14
03/01/2019 08:00:00 PM,23,19,4
03/01/2019 09:00:00 PM,18,14,4
03/01/2019 10:00:00 PM,18,15,3
03/01/2019 11:00:00 PM,12,5,7
03/02/2019 12:00:00 AM,10,4,6
03/02/2019 01:00:00 AM,8,2,6
03/02/2019 02:00:00 AM,2,2,0
03/02/2019 03:00:00 AM,1,1,0
03/02/2019 04:00:00 AM,3,2,1
03/02/2019 05:00:00 AM,2,1,1
03/02/2019 06:00:00 AM,11,7,4
03/02/2019 07:00:00 AM,14,4,10
03/02/2019 08:00:00 AM,21,9,12
03/02/2019 09:00:00 AM,23,6,17
03/02/2019 10:00:00 AM,41,22,19
03/02/2019 11:00:00 AM,62,31,31
03/02/2019 12:00:00 PM,84,37,47
03/02/2019 01:00:00 PM,89,49,40
03/02/2019 02:00:00 PM,111,64,47
03/02/2019 03:00:00 PM,99,55,44
03/02/2019 04:00:00 PM,72,21,51
03/02/2019 05:00:00 PM,72,34,38
03/02/2019 06:00:00 PM,22,9,13
03/02/2019 07:00:00 PM,19,13,6
03/02/2019 08:00:00 PM,8,2,6
03/02/2019 09:00:00 PM,14,12,2
03/02/2019 10:00:00 PM,11,7,4
03/02/2019 11:00:00 PM,6,4,2
03/03/2019 12:00:00 AM,5,4,1
03/03/2019 01:00:00 AM,5,2,3
03/03/2019 02:00:00 AM,2,1,1
03/03/2019 03:00:00 AM,1,0,1
03/03/2019 04:00:00 AM,1,0,1
03/03/2019 05:00:00 AM,1,0,1
03/03/2019 06:00:00 AM,3,2,1
03/03/2019 07:00:00 AM,7,3,4
03/03/2019 08:00:00 AM,15,6,9
03/03/2019 09:00:00 AM,45,15,30
03/03/2019 10:00:00 AM,41,23,18
03/03/2019 11:00:00 AM,76,43,33
03/03/2019 12:00:00 PM,92,63,29
03/03/2019 01:00:00 PM,94,52,42
03/03/2019 02:00:00 PM,87,37,50
03/03/2019 03:00:00 PM,97,54,43
03/03/2019 04:00:00 PM,81,33,48
03/03/2019 05:00:00 PM,48,23,25
03/03/2019 06:00:00 PM,29,16,13
03/03/2019 07:00:00 PM,14,8,6
03/03/2019 08:00:00 PM,8,6,2
03/03/2019 09:00:00 PM,7,2,5
03/03/2019 10:00:00 PM,4,2,2
03/03/2019 11:00:00 PM,1,1,0
03/04/2019 12:00:00 AM,0,0,0
03/04/2019 01:00:00 AM,1,0,1
03/04/2019 02:00:00 AM,0,0,0
03/04/2019 03:00:00 AM,0,0,0
03/04/2019 04:00:00 AM,7,4,3
03/04/2019 05:00:00 AM,19,2,17
03/04/2019 06:00:00 AM,47,6,41
03/04/2019 07:00:00 AM,176,16,160
03/04/2019 08:00:00 AM,298,26,272
03/04/2019 09:00:00 AM,177,22,155
03/04/2019 10:00:00 AM,53,12,41
03/04/2019 11:00:00 AM,47,14,33
03/04/2019 12:00:00 PM,37,16,21
03/04/2019 01:00:00 PM,43,19,24
03/04/2019 02:00:00 PM,45,25,20
03/04/2019 03:00:00 PM,76,61,15
03/04/2019 04:00:00 PM,197,164,33
03/04/2019 05:00:00 PM,306,267,39
03/04/2019 06:00:00 PM,189,160,29
03/04/2019 07:00:00 PM,82,72,10
03/04/2019 08:00:00 PM,25,18,7
03/04/2019 09:00:00 PM,21,13,8
03/04/2019 10:00:00 PM,15,12,3
03/04/2019 11:00:00 PM,3,3,0
03/05/2019 12:00:00 AM,1,1,0
03/05/2019 01:00:00 AM,0,0,0
03/05/2019 02:00:00 AM,1,1,0
03/05/2019 03:00:00 AM,0,0,0
03/05/2019 04:00:00 AM,3,1,2
03/05/2019 05:00:00 AM,16,3,13
03/05/2019 06:00:00 AM,52,16,36
03/05/2019 07:00:00 AM,178,28,150
03/05/2019 08:00:00 AM,283,18,265
03/05/2019 09:00:00 AM,162,23,139
03/05/2019 10:00:00 AM,64,11,53
03/05/2019 11:00:00 AM,47,11,36
03/05/2019 12:00:00 PM,44,17,27
03/05/2019 01:00:00 PM,49,27,22
03/05/2019 02:00:00 PM,49,22,27
03/05/2019 03:00:00 PM,83,57,26
03/05/2019 04:00:00 PM,182,158,24
03/05/2019 05:00:00 PM,345,300,45
03/05/2019 06:00:00 PM,182,144,38
03/05/2019 07:00:00 PM,76,59,17
03/05/2019 08:00:00 PM,46,33,13
03/05/2019 09:00:00 PM,22,16,6
03/05/2019 10:00:00 PM,15,13,2
03/05/2019 11:00:00 PM,6,4,2
03/06/2019 12:00:00 AM,4,3,1
03/06/2019 01:00:00 AM,1,1,0
03/06/2019 02:00:00 AM,2,1,1
03/06/2019 03:00:00 AM,1,1,0
03/06/2019 04:00:00 AM,8,5,3
03/06/2019 05:00:00 AM,15,5,10
03/06/2019 06:00:00 AM,48,13,35
03/06/2019 07:00:00 AM,159,23,136
03/06/2019 08:00:00 AM,246,19,227
03/06/2019 09:00:00 AM,129,17,112
03/06/2019 10:00:00 AM,53,8,45
03/06/2019 11:00:00 AM,34,10,24
03/06/2019 12:00:00 PM,23,13,10
03/06/2019 01:00:00 PM,27,16,11
03/06/2019 02:00:00 PM,28,19,9
03/06/2019 03:00:00 PM,44,33,11
03/06/2019 04:00:00 PM,112,99,13
03/06/2019 05:00:00 PM,239,216,23
03/06/2019 06:00:00 PM,142,127,15
03/06/2019 07:00:00 PM,67,50,17
03/06/2019 08:00:00 PM,26,21,5
03/06/2019 09:00:00 PM,15,13,2
03/06/2019 10:00:00 PM,5,5,0
03/06/2019 11:00:00 PM,3,1,2
03/07/2019 12:00:00 AM,4,2,2
03/07/2019 01:00:00 AM,2,2,0
03/07/2019 02:00:00 AM,0,0,0
03/07/2019 03:00:00 AM,0,0,0
03/07/2019 04:00:00 AM,2,2,0
03/07/2019 05:00:00 AM,10,2,8
03/07/2019 06:00:00 AM,26,2,24
03/07/2019 07:00:00 AM,65,9,56
03/07/2019 08:00:00 AM,137,12,125
03/07/2019 09:00:00 AM,86,18,68
03/07/2019 10:00:00 AM,33,6,27
03/07/2019 11:00:00 AM,25,8,17
03/07/2019 12:00:00 PM,18,6,12
03/07/2019 01:00:00 PM,18,6,12
03/07/2019 02:00:00 PM,24,15,9
03/07/2019 03:00:00 PM,39,27,12
03/07/2019 04:00:00 PM,95,77,18
03/07/2019 05:00:00 PM,142,114,28
03/07/2019 06:00:00 PM,111,95,16
03/07/2019 07:00:00 PM,50,43,7
03/07/2019 08:00:00 PM,34,25,9
03/07/2019 09:00:00 PM,16,13,3
03/07/2019 10:00:00 PM,9,9,0
03/07/2019 11:00:00 PM,4,2,2
03/08/2019 12:00:00 AM,3,2,1
03/08/2019 01:00:00 AM,2,2,0
03/08/2019 02:00:00 AM,2,2,0
03/08/2019 03:00:00 AM,1,0,1
03/08/2019 04:00:00 AM,5,3,2
03/08/2019 05:00:00 AM,13,3,10
03/08/2019 06:00:00 AM,41,10,31
03/08/2019 07:00:00 AM,120,9,111
03/08/2019 08:00:00 AM,173,13,160
03/08/2019 09:00:00 AM,90,10,80
03/08/2019 10:00:00 AM,34,8,26
03/08/2019 11:00:00 AM,29,12,17
03/08/2019 12:00:00 PM,21,11,10
03/08/2019 01:00:00 PM,23,11,12
03/08/2019 02:00:00 PM,54,39,15
03/08/2019 03:00:00 PM,51,37,14
03/08/2019 04:00:00 PM,140,120,20
03/08/2019 05:00:00 PM,250,183,67
03/08/2019 06:00:00 PM,104,80,24
03/08/2019 07:00:00 PM,47,38,9
03/08/2019 08:00:00 PM,30,24,6
03/08/2019 09:00:00 PM,12,9,3
03/08/2019 10:00:00 PM,11,9,2
03/08/2019 11:00:00 PM,4,3,1
03/09/2019 12:00:00 AM,6,4,2
03/09/2019 01:00:00 AM,4,2,2
03/09/2019 02:00:00 AM,1,0,1
03/09/2019 03:00:00 AM,1,1,0
03/09/2019 04:00:00 AM,5,3,2
03/09/2019 05:00:00 AM,3,0,3
03/09/2019 06:00:00 AM,6,2,4
03/09/2019 07:00:00 AM,10,5,5
03/09/2019 08:00:00 AM,10,1,9
03/09/2019 09:00:00 AM,26,8,18
03/09/2019 10:00:00 AM,27,14,13
03/09/2019 11:00:00 AM,47,21,26
03/09/2019 12:00:00 PM,77,48,29
03/09/2019 01:00:00 PM,111,56,55
03/09/2019 02:00:00 PM,90,55,35
03/09/2019 03:00:00 PM,100,52,48
03/09/2019 04:00:00 PM,87,36,51
03/09/2019 05:00:00 PM,73,37,36
03/09/2019 06:00:00 PM,33,19,14
03/09/2019 07:00:00 PM,14,6,8
03/09/2019 08:00:00 PM,22,12,10
03/09/2019 09:00:00 PM,23,16,7
03/09/2019 10:00:00 PM,11,6,5
03/09/2019 11:00:00 PM,8,5,3
03/10/2019 12:00:00 AM,9,7,2
03/10/2019 01:00:00 AM,2,1,1
03/10/2019 02:00:00 AM,,,
03/10/2019 03:00:00 AM,1,0,1
03/10/2019 04:00:00 AM,3,0,3
03/10/2019 05:00:00 AM,3,2,1
03/10/2019 06:00:00 AM,3,2,1
03/10/2019 07:00:00 AM,5,3,2
03/10/2019 08:00:00 AM,16,5,11
03/10/2019 09:00:00 AM,24,9,15
03/10/2019 10:00:00 AM,24,14,10
03/10/2019 11:00:00 AM,51,21,30
03/10/2019 12:00:00 PM,86,65,21
03/10/2019 01:00:00 PM,101,49,52
03/10/2019 02:00:00 PM,115,77,38
03/10/2019 03:00:00 PM,153,90,63
03/10/2019 04:00:00 PM,113,51,62
03/10/2019 05:00:00 PM,85,36,49
03/10/2019 06:00:00 PM,47,15,32
03/10/2019 07:00:00 PM,34,18,16
03/10/2019 08:00:00 PM,19,7,12
03/10/2019 09:00:00 PM,9,4,5
03/10/2019 10:00:00 PM,3,2,1
03/10/2019 11:00:00 PM,4,3,1
03/11/2019 12:00:00 AM,2,1,1
03/11/2019 01:00:00 AM,2,0,2
03/11/2019 02:00:00 AM,0,0,0
03/11/2019 03:00:00 AM,2,1,1
03/11/2019 04:00:00 AM,7,5,2
03/11/2019 05:00:00 AM,21,5,16
03/11/2019 06:00:00 AM,45,9,36
03/11/2019 07:00:00 AM,149,19,130
03/11/2019 08:00:00 AM,285,25,260
03/11/2019 09:00:00 AM,190,22,168
03/11/2019 10:00:00 AM,78,24,54
03/11/2019 11:00:00 AM,36,13,23
03/11/2019 12:00:00 PM,25,9,16
03/11/2019 01:00:00 PM,39,26,13
03/11/2019 02:00:00 PM,32,23,9
03/11/2019 03:00:00 PM,64,50,14
03/11/2019 04:00:00 PM,181,158,23
03/11/2019 05:00:00 PM,268,242,26
03/11/2019 06:00:00 PM,181,160,21
03/11/2019 07:00:00 PM,76,60,16
03/11/2019 08:00:00 PM,25,15,10
03/11/2019 09:00:00 PM,12,9,3
03/11/2019 10:00:00 PM,3,3,0
03/11/2019 11:00:00 PM,4,1,3
03/12/2019 12:00:00 AM,0,0,0
03/12/2019 01:00:00 AM,0,0,0
03/12/2019 02:00:00 AM,0,0,0
03/12/2019 03:00:00 AM,0,0,0
03/12/2019 04:00:00 AM,4,1,3
03/12/2019 05:00:00 AM,13,3,10
03/12/2019 06:00:00 AM,28,3,25
03/12/2019 07:00:00 AM,135,20,115
03/12/2019 08:00:00 AM,216,18,198
03/12/2019 09:00:00 AM,141,22,119
03/12/2019 10:00:00 AM,53,10,43
03/12/2019 11:00:00 AM,22,6,16
03/12/2019 12:00:00 PM,20,4,16
03/12/2019 01:00:00 PM,27,17,10
03/12/2019 02:00:00 PM,28,18,10
03/12/2019 03:00:00 PM,48,35,13
03/12/2019 04:00:00 PM,128,109,19
03/12/2019 05:00:00 PM,247,211,36
03/12/2019 06:00:00 PM,174,148,26
03/12/2019 07:00:00 PM,75,58,17
03/12/2019 08:00:00 PM,40,27,13
03/12/2019 09:00:00 PM,21,15,6
03/12/2019 10:00:00 PM,15,11,4
03/12/2019 11:00:00 PM,4,3,1
03/13/2019 12:00:00 AM,3,2,1
03/13/2019 01:00:00 AM,0,0,0
03/13/2019 02:00:00 AM,0,0,0
03/13/2019 03:00:00 AM,1,1,0
03/13/2019 04:00:00 AM,6,5,1
03/13/2019 05:00:00 AM,29,6,23
03/13/2019 06:00:00 AM,59,10,49
03/13/2019 07:00:00 AM,159,21,138
03/13/2019 08:00:00 AM,273,21,252
03/13/2019 09:00:00 AM,141,24,117
03/13/2019 10:00:00 AM,75,19,56
03/13/2019 11:00:00 AM,45,14,31
03/13/2019 12:00:00 PM,42,18,24
03/13/2019 01:00:00 PM,25,18,7
03/13/2019 02:00:00 PM,49,32,17
03/13/2019 03:00:00 PM,72,56,16
03/13/2019 04:00:00 PM,198,157,41
03/13/2019 05:00:00 PM,347,281,66
03/13/2019 06:00:00 PM,216,183,33
03/13/2019 07:00:00 PM,84,64,20
03/13/2019 08:00:00 PM,45,33,12
03/13/2019 09:00:00 PM,32,22,10
03/13/2019 10:00:00 PM,19,12,7
03/13/2019 11:00:00 PM,7,3,4
03/14/2019 12:00:00 AM,3,3,0
03/14/2019 01:00:00 AM,1,1,0
03/14/2019 02:00:00 AM,1,0,1
03/14/2019 03:00:00 AM,1,1,0
03/14/2019 04:00:00 AM,6,3,3
03/14/2019 05:00:00 AM,18,4,14
03/14/2019 06:00:00 AM,48,7,41
03/14/2019 07:00:00 AM,170,26,144
03/14/2019 08:00:00 AM,302,30,272
03/14/2019 09:00:00 AM,190,27,163
03/14/2019 10:00:00 AM,73,17,56
03/14/2019 11:00:00 AM,49,18,31
03/14/2019 12:00:00 PM,39,25,14
03/14/2019 01:00:00 PM,42,23,19
03/14/2019 02:00:00 PM,47,24,23
03/14/2019 03:00:00 PM,84,62,22
03/14/2019 04:00:00 PM,169,140,29
03/14/2019 05:00:00 PM,336,280,56
03/14/2019 06:00:00 PM,196,163,33
03/14/2019 07:00:00 PM,91,71,20
03/14/2019 08:00:00 PM,52,33,19
03/14/2019 09:00:00 PM,26,17,9
03/14/2019 10:00:00 PM,12,10,2
03/14/2019 11:00:00 PM,12,8,4
03/15/2019 12:00:00 AM,2,2,0
03/15/2019 01:00:00 AM,3,3,0
03/15/2019 02:00:00 AM,2,1,1
03/15/2019 03:00:00 AM,0,0,0
03/15/2019 04:00:00 AM,5,5,0
03/15/2019 05:00:00 AM,16,4,12
03/15/2019 06:00:00 AM,42,6,36
03/15/2019 07:00:00 AM,151,25,126
03/15/2019 08:00:00 AM,266,24,242
03/15/2019 09:00:00 AM,174,21,153
03/15/2019 10:00:00 AM,80,23,57
03/15/2019 11:00:00 AM,51,21,30
03/15/2019 12:00:00 PM,55,29,26
03/15/2019 01:00:00 PM,71,36,35
03/15/2019 02:00:00 PM,77,53,24
03/15/2019 03:00:00 PM,103,80,23
03/15/2019 04:00:00 PM,236,192,44
03/15/2019 05:00:00 PM,345,291,54
03/15/2019 06:00:00 PM,154,124,30
03/15/2019 07:00:00 PM,65,43,22
03/15/2019 08:00:00 PM,40,31,9
03/15/2019 09:00:00 PM,21,15,6
03/15/2019 10:00:00 PM,15,13,2
03/15/2019 11:00:00 PM,12,9,3
03/16/2019 12:00:00 AM,5,5,0
03/16/2019 01:00:00 AM,8,5,3
03/16/2019 02:00:00 AM,3,1,2
03/16/2019 03:00:00 AM,1,1,0
03/16/2019 04:00:00 AM,2,1,1
03/16/2019 05:00:00 AM,7,0,7
03/16/2019 06:00:00 AM,4,3,1
03/16/2019 07:00:00 AM,17,4,13
03/16/2019 08:00:00 AM,17,8,9
03/16/2019 09:00:00 AM,47,16,31
03/16/2019 10:00:00 AM,51,25,26
03/16/2019 11:00:00 AM,64,25,39
03/16/2019 12:00:00 PM,112,59,53
03/16/2019 01:00:00 PM,109,64,45
03/16/2019 02:00:00 PM,148,90,58
03/16/2019 03:00:00 PM,175,102,73
03/16/2019 04:00:00 PM,139,66,73
03/16/2019 05:00:00 PM,101,60,41
03/16/2019 06:00:00 PM,64,30,34
03/16/2019 07:00:00 PM,42,14,28
03/16/2019 08:00:00 PM,28,11,17
03/16/2019 09:00:00 PM,10,7,3
03/16/2019 10:00:00 PM,21,15,6
03/16/2019 11:00:00 PM,8,4,4
03/17/2019 12:00:00 AM,11,5,6
03/17/2019 01:00:00 AM,9,4,5
03/17/2019 02:00:00 AM,2,2,0
03/17/2019 03:00:00 AM,0,0,0
03/17/2019 04:00:00 AM,4,2,2
03/17/2019 05:00:00 AM,4,1,3
03/17/2019 06:00:00 AM,6,4,2
03/17/2019 07:00:00 AM,15,5,10
03/17/2019 08:00:00 AM,19,7,12
03/17/2019 09:00:00 AM,47,25,22
03/17/2019 10:00:00 AM,69,40,29
03/17/2019 11:00:00 AM,122,72,50
03/17/2019 12:00:00 PM,135,88,47
03/17/2019 01:00:00 PM,201,105,96
03/17/2019 02:00:00 PM,186,109,77
03/17/2019 03:00:00 PM,175,108,67
03/17/2019 04:00:00 PM,164,87,77
03/17/2019 05:00:00 PM,119,62,57
03/17/2019 06:00:00 PM,93,39,54
03/17/2019 07:00:00 PM,53,14,39
03/17/2019 08:00:00 PM,13,8,5
03/17/2019 09:00:00 PM,20,9,11
03/17/2019 10:00:00 PM,4,3,1
03/17/2019 11:00:00 PM,8,7,1
03/18/2019 12:00:00 AM,2,0,2
03/18/2019 01:00:00 AM,0,0,0
03/18/2019 02:00:00 AM,1,1,0
03/18/2019 03:00:00 AM,1,1,0
03/18/2019 04:00:00 AM,6,3,3
03/18/2019 05:00:00 AM,28,6,22
03/18/2019 06:00:00 AM,62,7,55
03/18/2019 07:00:00 AM,208,22,186
03/18/2019 08:00:00 AM,423,29,394
03/18/2019 09:00:00 AM,241,28,213
03/18/2019 10:00:00 AM,102,28,74
03/18/2019 11:00:00 AM,60,24,36
03/18/2019 12:00:00 PM,59,29,30
03/18/2019 01:00:00 PM,70,46,24
03/18/2019 02:00:00 PM,91,53,38
03/18/2019 03:00:00 PM,117,82,35
03/18/2019 04:00:00 PM,307,250,57
03/18/2019 05:00:00 PM,540,452,88
03/18/2019 06:00:00 PM,310,268,42
03/18/2019 07:00:00 PM,149,105,44
03/18/2019 08:00:00 PM,53,33,20
03/18/2019 09:00:00 PM,25,13,12
03/18/2019 10:00:00 PM,13,7,6
03/18/2019 11:00:00 PM,6,3,3
03/19/2019 12:00:00 AM,3,2,1
03/19/2019 01:00:00 AM,1,1,0
03/19/2019 02:00:00 AM,1,1,0
03/19/2019 03:00:00 AM,1,0,1
03/19/2019 04:00:00 AM,3,2,1
03/19/2019 05:00:00 AM,28,6,22
03/19/2019 06:00:00 AM,67,12,55
03/19/2019 07:00:00 AM,272,30,242
03/19/2019 08:00:00 AM,462,38,424
03/19/2019 09:00:00 AM,261,37,224
03/19/2019 10:00:00 AM,103,28,75
03/19/2019 11:00:00 AM,82,37,45
03/19/2019 12:00:00 PM,58,31,27
03/19/2019 01:00:00 PM,73,40,33
03/19/2019 02:00:00 PM,103,73,30
03/19/2019 03:00:00 PM,136,98,38
03/19/2019 04:00:00 PM,329,279,50
03/19/2019 05:00:00 PM,569,480,89
03/19/2019 06:00:00 PM,350,282,68
03/19/2019 07:00:00 PM,189,115,74
03/19/2019 08:00:00 PM,86,54,32
03/19/2019 09:00:00 PM,56,43,13
03/19/2019 10:00:00 PM,37,23,14
03/19/2019 11:00:00 PM,8,5,3
03/20/2019 12:00:00 AM,3,1,2
03/20/2019 01:00:00 AM,2,1,1
03/20/2019 02:00:00 AM,7,3,4
03/20/2019 03:00:00 AM,3,2,1
03/20/2019 04:00:00 AM,6,3,3
03/20/2019 05:00:00 AM,23,8,15
03/20/2019 06:00:00 AM,80,14,66
03/20/2019 07:00:00 AM,276,29,247
03/20/2019 08:00:00 AM,422,37,385
03/20/2019 09:00:00 AM,262,38,224
03/20/2019 10:00:00 AM,89,16,73
03/20/2019 11:00:00 AM,56,15,41
03/20/2019 12:00:00 PM,82,35,47
03/20/2019 01:00:00 PM,79,43,36
03/20/2019 02:00:00 PM,89,54,35
03/20/2019 03:00:00 PM,144,110,34
03/20/2019 04:00:00 PM,320,272,48
03/20/2019 05:00:00 PM,574,498,76
03/20/2019 06:00:00 PM,352,284,68
03/20/2019 07:00:00 PM,161,111,50
03/20/2019 08:00:00 PM,94,57,37
03/20/2019 09:00:00 PM,48,28,20
03/20/2019 10:00:00 PM,36,25,11
03/20/2019 11:00:00 PM,15,13,2
03/21/2019 12:00:00 AM,8,6,2
03/21/2019 01:00:00 AM,1,1,0
03/21/2019 02:00:00 AM,0,0,0
03/21/2019 03:00:00 AM,1,0,1
03/21/2019 04:00:00 AM,2,2,0
03/21/2019 05:00:00 AM,20,4,16
03/21/2019 06:00:00 AM,59,10,49
03/21/2019 07:00:00 AM,223,29,194
03/21/2019 08:00:00 AM,393,35,358
03/21/2019 09:00:00 AM,237,35,202
03/21/2019 10:00:00 AM,98,24,74
03/21/2019 11:00:00 AM,63,23,40
03/21/2019 12:00:00 PM,63,23,40
03/21/2019 01:00:00 PM,64,39,25
03/21/2019 02:00:00 PM,71,39,32
03/21/2019 03:00:00 PM,126,85,41
03/21/2019 04:00:00 PM,253,216,37
03/21/2019 05:00:00 PM,446,379,67
03/21/2019 06:00:00 PM,273,217,56
03/21/2019 07:00:00 PM,124,95,29
03/21/2019 08:00:00 PM,62,41,21
03/21/2019 09:00:00 PM,40,26,14
03/21/2019 10:00:00 PM,25,16,9
03/21/2019 11:00:00 PM,12,10,2
03/22/2019 12:00:00 AM,1,0,1
03/22/2019 01:00:00 AM,2,2,0
03/22/2019 02:00:00 AM,3,3,0
03/22/2019 03:00:00 AM,0,0,0
03/22/2019 04:00:00 AM,5,4,1
03/22/2019 05:00:00 AM,10,3,7
03/22/2019 06:00:00 AM,57,10,47
03/22/2019 07:00:00 AM,196,15,181
03/22/2019 08:00:00 AM,282,43,239
03/22/2019 09:00:00 AM,190,23,167
03/22/2019 10:00:00 AM,76,24,52
03/22/2019 11:00:00 AM,73,32,41
03/22/2019 12:00:00 PM,64,34,30
03/22/2019 01:00:00 PM,69,38,31
03/22/2019 02:00:00 PM,86,55,31
03/22/2019 03:00:00 PM,143,107,36
03/22/2019 04:00:00 PM,191,173,18
03/22/2019 05:00:00 PM,254,219,35
03/22/2019 06:00:00 PM,166,143,23
03/22/2019 07:00:00 PM,62,48,14
03/22/2019 08:00:00 PM,36,25,11
03/22/2019 09:00:00 PM,32,23,9
03/22/2019 10:00:00 PM,18,14,4
03/22/2019 11:00:00 PM,14,8,6
03/23/2019 12:00:00 AM,7,6,1
03/23/2019 01:00:00 AM,5,2,3
03/23/2019 02:00:00 AM,2,2,0
03/23/2019 03:00:00 AM,1,1,0
03/23/2019 04:00:00 AM,2,1,1
03/23/2019 05:00:00 AM,3,2,1
03/23/2019 06:00:00 AM,9,1,8
03/23/2019 07:00:00 AM,18,8,10
03/23/2019 08:00:00 AM,29,12,17
03/23/2019 09:00:00 AM,45,20,25
03/23/2019 10:00:00 AM,52,16,36
03/23/2019 11:00:00 AM,83,41,42
03/23/2019 12:00:00 PM,78,46,32
03/23/2019 01:00:00 PM,87,51,36
03/23/2019 02:00:00 PM,101,53,48
03/23/2019 03:00:00 PM,141,100,41
03/23/2019 04:00:00 PM,113,52,61
03/23/2019 05:00:00 PM,114,69,45
03/23/2019 06:00:00 PM,94,52,42
03/23/2019 07:00:00 PM,49,18,31
03/23/2019 08:00:00 PM,26,16,10
03/23/2019 09:00:00 PM,16,3,13
03/23/2019 10:00:00 PM,19,9,10
03/23/2019 11:00:00 PM,20,17,3
03/24/2019 12:00:00 AM,9,8,1
03/24/2019 01:00:00 AM,9,4,5
03/24/2019 02:00:00 AM,3,1,2
03/24/2019 03:00:00 AM,0,0,0
03/24/2019 04:00:00 AM,2,0,2
03/24/2019 05:00:00 AM,4,2,2
03/24/2019 06:00:00 AM,6,4,2
03/24/2019 07:00:00 AM,12,5,7
03/24/2019 08:00:00 AM,37,17,20
03/24/2019 09:00:00 AM,50,25,25
03/24/2019 10:00:00 AM,65,33,32
03/24/2019 11:00:00 AM,93,47,46
03/24/2019 12:00:00 PM,109,60,49
03/24/2019 01:00:00 PM,121,69,52
03/24/2019 02:00:00 PM,157,97,60
03/24/2019 03:00:00 PM,139,69,70
03/24/2019 04:00:00 PM,84,32,52
03/24/2019 05:00:00 PM,71,38,33
03/24/2019 06:00:00 PM,64,34,30
03/24/2019 07:00:00 PM,37,23,14
03/24/2019 08:00:00 PM,27,10,17
03/24/2019 09:00:00 PM,19,14,5
03/24/2019 10:00:00 PM,7,1,6
03/24/2019 11:00:00 PM,3,0,3
03/25/2019 12:00:00 AM,6,4,2
03/25/2019 01:00:00 AM,1,0,1
03/25/2019 02:00:00 AM,5,5,0
03/25/2019 03:00:00 AM,0,0,0
03/25/2019 04:00:00 AM,5,4,1
03/25/2019 05:00:00 AM,21,5,16
03/25/2019 06:00:00 AM,59,9,50
03/25/2019 07:00:00 AM,184,19,165
03/25/2019 08:00:00 AM,340,32,308
03/25/2019 09:00:00 AM,179,26,153
03/25/2019 10:00:00 AM,68,27,41
03/25/2019 11:00:00 AM,47,20,27
03/25/2019 12:00:00 PM,46,19,27
03/25/2019 01:00:00 PM,45,25,20
03/25/2019 02:00:00 PM,41,33,8
03/25/2019 03:00:00 PM,89,68,21
03/25/2019 04:00:00 PM,199,171,28
03/25/2019 05:00:00 PM,305,275,30
03/25/2019 06:00:00 PM,167,150,17
03/25/2019 07:00:00 PM,58,44,14
03/25/2019 08:00:00 PM,17,16,1
03/25/2019 09:00:00 PM,16,14,2
03/25/2019 10:00:00 PM,14,10,4
03/25/2019 11:00:00 PM,5,3,2
03/26/2019 12:00:00 AM,1,1,0
03/26/2019 01:00:00 AM,2,0,2
03/26/2019 02:00:00 AM,2,1,1
03/26/2019 03:00:00 AM,0,0,0
03/26/2019 04:00:00 AM,4,2,2
03/26/2019 05:00:00 AM,16,2,14
03/26/2019 06:00:00 AM,58,7,51
03/26/2019 07:00:00 AM,223,24,199
03/26/2019 08:00:00 AM,334,25,309
03/26/2019 09:00:00 AM,207,25,182
03/26/2019 10:00:00 AM,85,13,72
03/26/2019 11:00:00 AM,47,20,27
03/26/2019 12:00:00 PM,53,24,29
03/26/2019 01:00:00 PM,56,30,26
03/26/2019 02:00:00 PM,67,43,24
03/26/2019 03:00:00 PM,105,75,30
03/26/2019 04:00:00 PM,241,198,43
03/26/2019 05:00:00 PM,442,374,68
03/26/2019 06:00:00 PM,299,253,46
03/26/2019 07:00:00 PM,118,78,40
03/26/2019 08:00:00 PM,63,36,27
03/26/2019 09:00:00 PM,38,26,12
03/26/2019 10:00:00 PM,21,13,8
03/26/2019 11:00:00 PM,9,7,2
03/27/2019 12:00:00 AM,10,5,5
03/27/2019 01:00:00 AM,5,5,0
03/27/2019 02:00:00 AM,2,1,1
03/27/2019 03:00:00 AM,2,1,1
03/27/2019 04:00:00 AM,8,5,3
03/27/2019 05:00:00 AM,23,3,20
03/27/2019 06:00:00 AM,83,17,66
03/27/2019 07:00:00 AM,241,22,219
03/27/2019 08:00:00 AM,386,46,340
03/27/2019 09:00:00 AM,197,27,170
03/27/2019 10:00:00 AM,78,13,65
03/27/2019 11:00:00 AM,69,26,43
03/27/2019 12:00:00 PM,76,35,41
03/27/2019 01:00:00 PM,44,23,21
03/27/2019 02:00:00 PM,80,52,28
03/27/2019 03:00:00 PM,74,52,22
03/27/2019 04:00:00 PM,227,190,37
03/27/2019 05:00:00 PM,422,369,53
03/27/2019 06:00:00 PM,299,242,57
03/27/2019 07:00:00 PM,128,104,24
03/27/2019 08:00:00 PM,36,24,12
03/27/2019 09:00:00 PM,40,28,12
03/27/2019 10:00:00 PM,19,18,1
03/27/2019 11:00:00 PM,7,5,2
03/28/2019 12:00:00 AM,1,1,0
03/28/2019 01:00:00 AM,3,3,0
03/28/2019 02:00:00 AM,3,1,2
03/28/2019 03:00:00 AM,1,0,1
03/28/2019 04:00:00 AM,5,3,2
03/28/2019 05:00:00 AM,24,4,20
03/28/2019 06:00:00 AM,64,12,52
03/28/2019 07:00:00 AM,200,20,180
03/28/2019 08:00:00 AM,363,48,315
03/28/2019 09:00:00 AM,193,35,158
03/28/2019 10:00:00 AM,92,21,71
03/28/2019 11:00:00 AM,73,29,44
03/28/2019 12:00:00 PM,72,32,40
03/28/2019 01:00:00 PM,65,36,29
03/28/2019 02:00:00 PM,83,42,41
03/28/2019 03:00:00 PM,116,83,33
03/28/2019 04:00:00 PM,253,208,45
03/28/2019 05:00:00 PM,393,326,67
03/28/2019 06:00:00 PM,276,224,52
03/28/2019 07:00:00 PM,109,83,26
03/28/2019 08:00:00 PM,70,45,25
03/28/2019 09:00:00 PM,50,29,21
03/28/2019 10:00:00 PM,24,15,9
03/28/2019 11:00:00 PM,8,6,2
03/29/2019 12:00:00 AM,6,5,1
03/29/2019 01:00:00 AM,3,2,1
03/29/2019 02:00:00 AM,2,1,1
03/29/2019 03:00:00 AM,2,1,1
03/29/2019 04:00:00 AM,9,7,2
03/29/2019 05:00:00 AM,12,4,8
03/29/2019 06:00:00 AM,54,12,42
03/29/2019 07:00:00 AM,204,24,180
03/29/2019 08:00:00 AM,314,40,274
03/29/2019 09:00:00 AM,185,36,149
03/29/2019 10:00:00 AM,79,18,61
03/29/2019 11:00:00 AM,80,44,36
03/29/2019 12:00:00 PM,82,42,40
03/29/2019 01:00:00 PM,69,39,30
03/29/2019 02:00:00 PM,70,43,27
03/29/2019 03:00:00 PM,114,96,18
03/29/2019 04:00:00 PM,226,183,43
03/29/2019 05:00:00 PM,399,344,55
03/29/2019 06:00:00 PM,219,159,60
03/29/2019 07:00:00 PM,98,73,25
03/29/2019 08:00:00 PM,58,32,26
03/29/2019 09:00:00 PM,45,24,21
03/29/2019 10:00:00 PM,23,11,12
03/29/2019 11:00:00 PM,24,17,7
03/30/2019 12:00:00 AM,17,12,5
03/30/2019 01:00:00 AM,4,3,1
03/30/2019 02:00:00 AM,4,3,1
03/30/2019 03:00:00 AM,1,1,0
03/30/2019 04:00:00 AM,3,2,1
03/30/2019 05:00:00 AM,3,0,3
03/30/2019 06:00:00 AM,9,3,6
03/30/2019 07:00:00 AM,20,11,9
03/30/2019 08:00:00 AM,33,13,20
03/30/2019 09:00:00 AM,58,30,28
03/30/2019 10:00:00 AM,68,40,28
03/30/2019 11:00:00 AM,99,62,37
03/30/2019 12:00:00 PM,135,77,58
03/30/2019 01:00:00 PM,193,110,83
03/30/2019 02:00:00 PM,190,101,89
03/30/2019 03:00:00 PM,190,100,90
03/30/2019 04:00:00 PM,172,82,90
03/30/2019 05:00:00 PM,158,78,80
03/30/2019 06:00:00 PM,115,52,63
03/30/2019 07:00:00 PM,69,31,38
03/30/2019 08:00:00 PM,38,15,23
03/30/2019 09:00:00 PM,29,13,16
03/30/2019 10:00:00 PM,17,15,2
03/30/2019 11:00:00 PM,15,11,4
03/31/2019 12:00:00 AM,9,4,5
03/31/2019 01:00:00 AM,8,6,2
03/31/2019 02:00:00 AM,3,1,2
03/31/2019 03:00:00 AM,2,1,1
03/31/2019 04:00:00 AM,4,2,2
03/31/2019 05:00:00 AM,2,1,1
03/31/2019 06:00:00 AM,11,5,6
03/31/2019 07:00:00 AM,18,9,9
03/31/2019 08:00:00 AM,28,14,14
03/31/2019 09:00:00 AM,64,32,32
03/31/2019 10:00:00 AM,74,44,30
03/31/2019 11:00:00 AM,117,69,48
03/31/2019 12:00:00 PM,157,101,56
03/31/2019 01:00:00 PM,164,87,77
03/31/2019 02:00:00 PM,145,77,68
03/31/2019 03:00:00 PM,172,81,91
03/31/2019 04:00:00 PM,152,78,74
03/31/2019 05:00:00 PM,139,78,61
03/31/2019 06:00:00 PM,112,57,55
03/31/2019 07:00:00 PM,70,32,38
03/31/2019 08:00:00 PM,28,14,14
03/31/2019 09:00:00 PM,14,7,7
03/31/2019 10:00:00 PM,17,4,13
03/31/2019 11:00:00 PM,5,3,2
04/01/2019 12:00:00 AM,3,1,2
04/01/2019 01:00:00 AM,6,2,4
04/01/2019 02:00:00 AM,4,3,1
04/01/2019 03:00:00 AM,1,0,1
04/01/2019 04:00:00 AM,8,4,4
04/01/2019 05:00:00 AM,25,10,15
04/01/2019 06:00:00 AM,79,12,67
04/01/2019 07:00:00 AM,248,30,218
04/01/2019 08:00:00 AM,433,26,407
04/01/2019 09:00:00 AM,238,37,201
04/01/2019 10:00:00 AM,91,28,63
04/01/2019 11:00:00 AM,61,25,36
04/01/2019 12:00:00 PM,63,23,40
04/01/2019 01:00:00 PM,66,39,27
04/01/2019 02:00:00 PM,63,46,17
04/01/2019 03:00:00 PM,116,94,22
04/01/2019 04:00:00 PM,289,252,37
04/01/2019 05:00:00 PM,529,460,69
04/01/2019 06:00:00 PM,343,294,49
04/01/2019 07:00:00 PM,131,84,47
04/01/2019 08:00:00 PM,65,40,25
04/01/2019 09:00:00 PM,29,11,18
04/01/2019 10:00:00 PM,20,12,8
04/01/2019 11:00:00 PM,11,7,4
04/02/2019 12:00:00 AM,3,2,1
04/02/2019 01:00:00 AM,1,0,1
04/02/2019 02:00:00 AM,1,1,0
04/02/2019 03:00:00 AM,1,0,1
04/02/2019 04:00:00 AM,8,5,3
04/02/2019 05:00:00 AM,26,5,21
04/02/2019 06:00:00 AM,84,14,70
04/02/2019 07:00:00 AM,296,33,263
04/02/2019 08:00:00 AM,463,45,418
04/02/2019 09:00:00 AM,248,36,212
04/02/2019 10:00:00 AM,103,22,81
04/02/2019 11:00:00 AM,68,22,46
04/02/2019 12:00:00 PM,58,30,28
04/02/2019 01:00:00 PM,71,39,32
04/02/2019 02:00:00 PM,58,38,20
04/02/2019 03:00:00 PM,121,97,24
04/02/2019 04:00:00 PM,277,239,38
04/02/2019 05:00:00 PM,491,432,59
04/02/2019 06:00:00 PM,330,279,51
04/02/2019 07:00:00 PM,130,98,32
04/02/2019 08:00:00 PM,69,48,21
04/02/2019 09:00:00 PM,43,29,14
04/02/2019 10:00:00 PM,28,16,12
04/02/2019 11:00:00 PM,8,7,1
04/03/2019 12:00:00 AM,5,3,2
04/03/2019 01:00:00 AM,5,2,3
04/03/2019 02:00:00 AM,1,0,1
04/03/2019 03:00:00 AM,1,0,1
04/03/2019 04:00:00 AM,8,3,5
04/03/2019 05:00:00 AM,23,4,19
04/03/2019 06:00:00 AM,64,10,54
04/03/2019 07:00:00 AM,245,23,222
04/03/2019 08:00:00 AM,316,28,288
04/03/2019 09:00:00 AM,172,21,151
04/03/2019 10:00:00 AM,66,15,51
04/03/2019 11:00:00 AM,32,12,20
04/03/2019 12:00:00 PM,35,16,19
04/03/2019 01:00:00 PM,41,25,16
04/03/2019 02:00:00 PM,60,33,27
04/03/2019 03:00:00 PM,95,70,25
04/03/2019 04:00:00 PM,207,184,23
04/03/2019 05:00:00 PM,372,337,35
04/03/2019 06:00:00 PM,235,187,48
04/03/2019 07:00:00 PM,88,73,15
04/03/2019 08:00:00 PM,43,30,13
04/03/2019 09:00:00 PM,30,20,10
04/03/2019 10:00:00 PM,12,10,2
04/03/2019 11:00:00 PM,10,9,1
04/04/2019 12:00:00 AM,6,4,2
04/04/2019 01:00:00 AM,0,0,0
04/04/2019 02:00:00 AM,2,2,0
04/04/2019 03:00:00 AM,0,0,0
04/04/2019 04:00:00 AM,2,0,2
04/04/2019 05:00:00 AM,22,3,19
04/04/2019 06:00:00 AM,67,13,54
04/04/2019 07:00:00 AM,237,23,214
04/04/2019 08:00:00 AM,433,40,393
04/04/2019 09:00:00 AM,205,32,173
04/04/2019 10:00:00 AM,82,20,62
04/04/2019 11:00:00 AM,59,24,35
04/04/2019 12:00:00 PM,76,26,50
04/04/2019 01:00:00 PM,68,38,30
04/04/2019 02:00:00 PM,71,44,27
04/04/2019 03:00:00 PM,124,83,41
04/04/2019 04:00:00 PM,261,216,45
04/04/2019 05:00:00 PM,470,408,62
04/04/2019 06:00:00 PM,294,240,54
04/04/2019 07:00:00 PM,127,98,29
04/04/2019 08:00:00 PM,54,39,15
04/04/2019 09:00:00 PM,32,23,9
04/04/2019 10:00:00 PM,13,9,4
04/04/2019 11:00:00 PM,8,7,1
04/05/2019 12:00:00 AM,3,2,1
04/05/2019 01:00:00 AM,1,1,0
04/05/2019 02:00:00 AM,1,1,0
04/05/2019 03:00:00 AM,1,0,1
04/05/2019 04:00:00 AM,5,3,2
04/05/2019 05:00:00 AM,16,3,13
04/05/2019 06:00:00 AM,47,9,38
04/05/2019 07:00:00 AM,168,19,149
04/05/2019 08:00:00 AM,276,28,248
04/05/2019 09:00:00 AM,177,23,154
04/05/2019 10:00:00 AM,53,12,41
04/05/2019 11:00:00 AM,40,18,22
04/05/2019 12:00:00 PM,25,12,13
04/05/2019 01:00:00 PM,17,12,5
04/05/2019 02:00:00 PM,31,23,8
04/05/2019 03:00:00 PM,48,38,10
04/05/2019 04:00:00 PM,174,151,23
04/05/2019 05:00:00 PM,296,261,35
04/05/2019 06:00:00 PM,148,124,24
04/05/2019 07:00:00 PM,79,70,9
04/05/2019 08:00:00 PM,27,19,8
04/05/2019 09:00:00 PM,17,8,9
04/05/2019 10:00:00 PM,8,5,3
04/05/2019 11:00:00 PM,11,7,4
04/06/2019 12:00:00 AM,4,3,1
04/06/2019 01:00:00 AM,8,6,2
04/06/2019 02:00:00 AM,3,0,3
04/06/2019 03:00:00 AM,5,2,3
04/06/2019 04:00:00 AM,3,2,1
04/06/2019 05:00:00 AM,1,0,1
04/06/2019 06:00:00 AM,4,4,0
04/06/2019 07:00:00 AM,15,8,7
04/06/2019 08:00:00 AM,22,9,13
04/06/2019 09:00:00 AM,12,4,8
04/06/2019 10:00:00 AM,26,13,13
04/06/2019 11:00:00 AM,23,10,13
04/06/2019 12:00:00 PM,43,22,21
04/06/2019 01:00:00 PM,46,23,23
04/06/2019 02:00:00 PM,24,10,14
04/06/2019 03:00:00 PM,34,20,14
04/06/2019 04:00:00 PM,58,39,19
04/06/2019 05:00:00 PM,37,27,10
04/06/2019 06:00:00 PM,33,20,13
04/06/2019 07:00:00 PM,22,5,17
04/06/2019 08:00:00 PM,13,5,8
04/06/2019 09:00:00 PM,15,10,5
04/06/2019 10:00:00 PM,11,9,2
04/06/2019 11:00:00 PM,5,5,0
04/07/2019 12:00:00 AM,3,2,1
04/07/2019 01:00:00 AM,4,1,3
04/07/2019 02:00:00 AM,2,0,2
04/07/2019 03:00:00 AM,1,0,1
04/07/2019 04:00:00 AM,2,1,1
04/07/2019 05:00:00 AM,3,1,2
04/07/2019 06:00:00 AM,7,3,4
04/07/2019 07:00:00 AM,13,4,9
04/07/2019 08:00:00 AM,37,19,18
04/07/2019 09:00:00 AM,33,18,15
04/07/2019 10:00:00 AM,31,16,15
04/07/2019 11:00:00 AM,72,38,34
04/07/2019 12:00:00 PM,73,29,44
04/07/2019 01:00:00 PM,58,34,24
04/07/2019 02:00:00 PM,77,42,35
04/07/2019 03:00:00 PM,56,29,27
04/07/2019 04:00:00 PM,89,46,43
04/07/2019 05:00:00 PM,68,35,33
04/07/2019 06:00:00 PM,49,26,23
04/07/2019 07:00:00 PM,36,18,18
04/07/2019 08:00:00 PM,15,8,7
04/07/2019 09:00:00 PM,3,1,2
04/07/2019 10:00:00 PM,4,3,1
04/07/2019 11:00:00 PM,9,6,3
04/08/2019 12:00:00 AM,3,0,3
04/08/2019 01:00:00 AM,0,0,0
04/08/2019 02:00:00 AM,0,0,0
04/08/2019 03:00:00 AM,0,0,0
04/08/2019 04:00:00 AM,6,1,5
04/08/2019 05:00:00 AM,22,6,16
04/08/2019 06:00:00 AM,45,8,37
04/08/2019 07:00:00 AM,179,23,156
04/08/2019 08:00:00 AM,280,23,257
04/08/2019 09:00:00 AM,182,19,163
04/08/2019 10:00:00 AM,55,15,40
04/08/2019 11:00:00 AM,36,12,24
04/08/2019 12:00:00 PM,29,17,12
04/08/2019 01:00:00 PM,35,21,14
04/08/2019 02:00:00 PM,41,29,12
04/08/2019 03:00:00 PM,72,49,23
04/08/2019 04:00:00 PM,178,158,20
04/08/2019 05:00:00 PM,293,257,36
04/08/2019 06:00:00 PM,171,153,18
04/08/2019 07:00:00 PM,91,67,24
04/08/2019 08:00:00 PM,43,32,11
04/08/2019 09:00:00 PM,18,15,3
04/08/2019 10:00:00 PM,9,9,0
04/08/2019 11:00:00 PM,4,2,2
04/09/2019 12:00:00 AM,2,1,1
04/09/2019 01:00:00 AM,0,0,0
04/09/2019 02:00:00 AM,1,1,0
04/09/2019 03:00:00 AM,1,0,1
04/09/2019 04:00:00 AM,4,1,3
04/09/2019 05:00:00 AM,15,5,10
04/09/2019 06:00:00 AM,49,7,42
04/09/2019 07:00:00 AM,224,25,199
04/09/2019 08:00:00 AM,291,37,254
04/09/2019 09:00:00 AM,209,30,179
04/09/2019 10:00:00 AM,74,17,57
04/09/2019 11:00:00 AM,65,25,40
04/09/2019 12:00:00 PM,55,26,29
04/09/2019 01:00:00 PM,59,31,28
04/09/2019 02:00:00 PM,50,31,19
04/09/2019 03:00:00 PM,111,74,37
04/09/2019 04:00:00 PM,203,175,28
04/09/2019 05:00:00 PM,357,302,55
04/09/2019 06:00:00 PM,245,214,31
04/09/2019 07:00:00 PM,111,77,34
04/09/2019 08:00:00 PM,58,33,25
04/09/2019 09:00:00 PM,42,28,14
04/09/2019 10:00:00 PM,13,12,1
04/09/2019 11:00:00 PM,7,7,0
04/10/2019 12:00:00 AM,2,2,0
04/10/2019 01:00:00 AM,2,0,2
04/10/2019 02:00:00 AM,0,0,0
04/10/2019 03:00:00 AM,2,1,1
04/10/2019 04:00:00 AM,6,3,3
04/10/2019 05:00:00 AM,23,5,18
04/10/2019 06:00:00 AM,48,6,42
04/10/2019 07:00:00 AM,171,24,147
04/10/2019 08:00:00 AM,274,29,245
04/10/2019 09:00:00 AM,177,32,145
04/10/2019 10:00:00 AM,62,18,44
04/10/2019 11:00:00 AM,41,18,23
04/10/2019 12:00:00 PM,40,16,24
04/10/2019 01:00:00 PM,37,24,13
04/10/2019 02:00:00 PM,40,26,14
04/10/2019 03:00:00 PM,70,51,19
04/10/2019 04:00:00 PM,154,136,18
04/10/2019 05:00:00 PM,292,266,26
04/10/2019 06:00:00 PM,197,168,29
04/10/2019 07:00:00 PM,64,53,11
04/10/2019 08:00:00 PM,34,24,10
04/10/2019 09:00:00 PM,21,14,7
04/10/2019 10:00:00 PM,17,13,4
04/10/2019 11:00:00 PM,1,1,0
04/11/2019 12:00:00 AM,4,2,2
04/11/2019 01:00:00 AM,1,1,0
04/11/2019 02:00:00 AM,0,0,0
04/11/2019 03:00:00 AM,0,0,0
04/11/2019 04:00:00 AM,3,1,2
04/11/2019 05:00:00 AM,15,4,11
04/11/2019 06:00:00 AM,44,11,33
04/11/2019 07:00:00 AM,136,10,126
04/11/2019 08:00:00 AM,219,22,197
04/11/2019 09:00:00 AM,147,24,123
04/11/2019 10:00:00 AM,53,10,43
04/11/2019 11:00:00 AM,31,6,25
04/11/2019 12:00:00 PM,27,14,13
04/11/2019 01:00:00 PM,31,19,12
04/11/2019 02:00:00 PM,33,20,13
04/11/2019 03:00:00 PM,59,45,14
04/11/2019 04:00:00 PM,142,120,22
04/11/2019 05:00:00 PM,251,208,43
04/11/2019 06:00:00 PM,188,157,31
04/11/2019 07:00:00 PM,60,42,18
04/11/2019 08:00:00 PM,47,36,11
04/11/2019 09:00:00 PM,17,14,3
04/11/2019 10:00:00 PM,12,7,5
04/11/2019 11:00:00 PM,7,7,0
04/12/2019 12:00:00 AM,6,5,1
04/12/2019 01:00:00 AM,1,1,0
04/12/2019 02:00:00 AM,1,0,1
04/12/2019 03:00:00 AM,0,0,0
04/12/2019 04:00:00 AM,3,3,0
04/12/2019 05:00:00 AM,15,7,8
04/12/2019 06:00:00 AM,34,9,25
04/12/2019 07:00:00 AM,137,15,122
04/12/2019 08:00:00 AM,236,28,208
04/12/2019 09:00:00 AM,142,28,114
04/12/2019 10:00:00 AM,70,21,49
04/12/2019 11:00:00 AM,36,18,18
04/12/2019 12:00:00 PM,55,28,27
04/12/2019 01:00:00 PM,51,29,22
04/12/2019 02:00:00 PM,76,50,26
04/12/2019 03:00:00 PM,121,83,38
04/12/2019 04:00:00 PM,182,143,39
04/12/2019 05:00:00 PM,294,252,42
04/12/2019 06:00:00 PM,189,137,52
04/12/2019 07:00:00 PM,67,40,27
04/12/2019 08:00:00 PM,46,29,17
04/12/2019 09:00:00 PM,29,22,7
04/12/2019 10:00:00 PM,15,10,5
04/12/2019 11:00:00 PM,16,10,6
04/13/2019 12:00:00 AM,9,8,1
04/13/2019 01:00:00 AM,10,6,4
04/13/2019 02:00:00 AM,5,3,2
04/13/2019 03:00:00 AM,3,0,3
04/13/2019 04:00:00 AM,3,1,2
04/13/2019 05:00:00 AM,3,1,2
04/13/2019 06:00:00 AM,10,5,5
04/13/2019 07:00:00 AM,16,5,11
04/13/2019 08:00:00 AM,16,4,12
04/13/2019 09:00:00 AM,19,7,12
04/13/2019 10:00:00 AM,24,10,14
04/13/2019 11:00:00 AM,25,9,16
04/13/2019 12:00:00 PM,34,19,15
04/13/2019 01:00:00 PM,32,20,12
04/13/2019 02:00:00 PM,39,20,19
04/13/2019 03:00:00 PM,50,33,17
04/13/2019 04:00:00 PM,33,20,13
04/13/2019 05:00:00 PM,50,29,21
04/13/2019 06:00:00 PM,67,30,37
04/13/2019 07:00:00 PM,45,22,23
04/13/2019 08:00:00 PM,14,7,7
04/13/2019 09:00:00 PM,17,14,3
04/13/2019 10:00:00 PM,9,6,3
04/13/2019 11:00:00 PM,5,4,1
04/14/2019 12:00:00 AM,4,1,3
04/14/2019 01:00:00 AM,3,2,1
04/14/2019 02:00:00 AM,4,2,2
04/14/2019 03:00:00 AM,0,0,0
04/14/2019 04:00:00 AM,3,1,2
04/14/2019 05:00:00 AM,4,1,3
04/14/2019 06:00:00 AM,8,5,3
04/14/2019 07:00:00 AM,8,3,5
04/14/2019 08:00:00 AM,28,13,15
04/14/2019 09:00:00 AM,22,12,10
04/14/2019 10:00:00 AM,43,25,18
04/14/2019 11:00:00 AM,57,27,30
04/14/2019 12:00:00 PM,73,42,31
04/14/2019 01:00:00 PM,59,35,24
04/14/2019 02:00:00 PM,62,35,27
04/14/2019 03:00:00 PM,65,30,35
04/14/2019 04:00:00 PM,56,26,30
04/14/2019 05:00:00 PM,43,26,17
04/14/2019 06:00:00 PM,17,13,4
04/14/2019 07:00:00 PM,20,11,9
04/14/2019 08:00:00 PM,11,6,5
04/14/2019 09:00:00 PM,8,6,2
04/14/2019 10:00:00 PM,5,2,3
04/14/2019 11:00:00 PM,3,3,0
04/15/2019 12:00:00 AM,0,0,0
04/15/2019 01:00:00 AM,1,0,1
04/15/2019 02:00:00 AM,0,0,0
04/15/2019 03:00:00 AM,2,1,1
04/15/2019 04:00:00 AM,5,3,2
04/15/2019 05:00:00 AM,20,5,15
04/15/2019 06:00:00 AM,73,15,58
04/15/2019 07:00:00 AM,223,27,196
04/15/2019 08:00:00 AM,360,48,312
04/15/2019 09:00:00 AM,228,29,199
04/15/2019 10:00:00 AM,75,17,58
04/15/2019 11:00:00 AM,59,15,44
04/15/2019 12:00:00 PM,49,27,22
04/15/2019 01:00:00 PM,59,29,30
04/15/2019 02:00:00 PM,49,31,18
04/15/2019 03:00:00 PM,96,79,17
04/15/2019 04:00:00 PM,232,189,43
04/15/2019 05:00:00 PM,447,382,65
04/15/2019 06:00:00 PM,267,223,44
04/15/2019 07:00:00 PM,96,69,27
04/15/2019 08:00:00 PM,53,32,21
04/15/2019 09:00:00 PM,25,16,9
04/15/2019 10:00:00 PM,12,6,6
04/15/2019 11:00:00 PM,8,3,5
04/16/2019 12:00:00 AM,4,4,0
04/16/2019 01:00:00 AM,0,0,0
04/16/2019 02:00:00 AM,0,0,0
04/16/2019 03:00:00 AM,2,1,1
04/16/2019 04:00:00 AM,4,1,3
04/16/2019 05:00:00 AM,24,6,18
04/16/2019 06:00:00 AM,72,12,60
04/16/2019 07:00:00 AM,258,43,215
04/16/2019 08:00:00 AM,342,33,309
04/16/2019 09:00:00 AM,215,33,182
04/16/2019 10:00:00 AM,78,22,56
04/16/2019 11:00:00 AM,43,9,34
04/16/2019 12:00:00 PM,33,13,20
04/16/2019 01:00:00 PM,53,35,18
04/16/2019 02:00:00 PM,72,47,25
04/16/2019 03:00:00 PM,88,66,22
04/16/2019 04:00:00 PM,233,194,39
04/16/2019 05:00:00 PM,377,323,54
04/16/2019 06:00:00 PM,215,185,30
04/16/2019 07:00:00 PM,69,60,9
04/16/2019 08:00:00 PM,49,36,13
04/16/2019 09:00:00 PM,24,23,1
04/16/2019 10:00:00 PM,5,1,4
04/16/2019 11:00:00 PM,6,6,0
04/17/2019 12:00:00 AM,3,2,1
04/17/2019 01:00:00 AM,2,2,0
04/17/2019 02:00:00 AM,2,1,1
04/17/2019 03:00:00 AM,2,0,2
04/17/2019 04:00:00 AM,9,5,4
04/17/2019 05:00:00 AM,20,5,15
04/17/2019 06:00:00 AM,64,11,53
04/17/2019 07:00:00 AM,251,30,221
04/17/2019 08:00:00 AM,348,37,311
04/17/2019 09:00:00 AM,182,36,146
04/17/2019 10:00:00 AM,69,18,51
04/17/2019 11:00:00 AM,25,9,16
04/17/2019 12:00:00 PM,47,27,20
04/17/2019 01:00:00 PM,52,30,22
04/17/2019 02:00:00 PM,62,35,27
04/17/2019 03:00:00 PM,80,48,32
04/17/2019 04:00:00 PM,250,219,31
04/17/2019 05:00:00 PM,410,347,63
04/17/2019 06:00:00 PM,263,204,59
04/17/2019 07:00:00 PM,136,98,38
04/17/2019 08:00:00 PM,72,51,21
04/17/2019 09:00:00 PM,26,19,7
04/17/2019 10:00:00 PM,20,14,6
04/17/2019 11:00:00 PM,9,8,1
04/18/2019 12:00:00 AM,7,3,4
04/18/2019 01:00:00 AM,2,1,1
04/18/2019 02:00:00 AM,1,0,1
04/18/2019 03:00:00 AM,2,0,2
04/18/2019 04:00:00 AM,5,1,4
04/18/2019 05:00:00 AM,21,5,16
04/18/2019 06:00:00 AM,52,11,41
04/18/2019 07:00:00 AM,149,22,127
04/18/2019 08:00:00 AM,262,31,231
04/18/2019 09:00:00 AM,139,16,123
04/18/2019 10:00:00 AM,77,19,58
04/18/2019 11:00:00 AM,36,13,23
04/18/2019 12:00:00 PM,42,14,28
04/18/2019 01:00:00 PM,45,27,18
04/18/2019 02:00:00 PM,71,40,31
04/18/2019 03:00:00 PM,88,69,19
04/18/2019 04:00:00 PM,169,132,37
04/18/2019 05:00:00 PM,297,256,41
04/18/2019 06:00:00 PM,182,144,38
04/18/2019 07:00:00 PM,81,62,19
04/18/2019 08:00:00 PM,51,31,20
04/18/2019 09:00:00 PM,21,13,8
04/18/2019 10:00:00 PM,8,7,1
04/18/2019 11:00:00 PM,9,6,3
04/19/2019 12:00:00 AM,3,2,1
04/19/2019 01:00:00 AM,3,3,0
04/19/2019 02:00:00 AM,0,0,0
04/19/2019 03:00:00 AM,3,1,2
04/19/2019 04:00:00 AM,3,3,0
04/19/2019 05:00:00 AM,13,4,9
04/19/2019 06:00:00 AM,53,10,43
04/19/2019 07:00:00 AM,129,17,112
04/19/2019 08:00:00 AM,220,23,197
04/19/2019 09:00:00 AM,141,18,123
04/19/2019 10:00:00 AM,72,20,52
04/19/2019 11:00:00 AM,56,16,40
04/19/2019 12:00:00 PM,33,23,10
04/19/2019 01:00:00 PM,41,27,14
04/19/2019 02:00:00 PM,53,40,13
04/19/2019 03:00:00 PM,65,51,14
04/19/2019 04:00:00 PM,146,133,13
04/19/2019 05:00:00 PM,209,186,23
04/19/2019 06:00:00 PM,103,91,12
04/19/2019 07:00:00 PM,45,40,5
04/19/2019 08:00:00 PM,25,18,7
04/19/2019 09:00:00 PM,17,15,2
04/19/2019 10:00:00 PM,13,10,3
04/19/2019 11:00:00 PM,12,8,4
04/20/2019 12:00:00 AM,6,5,1
04/20/2019 01:00:00 AM,5,2,3
04/20/2019 02:00:00 AM,2,2,0
04/20/2019 03:00:00 AM,6,4,2
04/20/2019 04:00:00 AM,3,1,2
04/20/2019 05:00:00 AM,3,0,3
04/20/2019 06:00:00 AM,13,4,9
04/20/2019 07:00:00 AM,34,19,15
04/20/2019 08:00:00 AM,31,13,18
04/20/2019 09:00:00 AM,46,31,15
04/20/2019 10:00:00 AM,71,31,40
04/20/2019 11:00:00 AM,89,36,53
04/20/2019 12:00:00 PM,110,63,47
04/20/2019 01:00:00 PM,132,76,56
04/20/2019 02:00:00 PM,148,79,69
04/20/2019 03:00:00 PM,124,71,53
04/20/2019 04:00:00 PM,121,66,55
04/20/2019 05:00:00 PM,100,55,45
04/20/2019 06:00:00 PM,100,43,57
04/20/2019 07:00:00 PM,77,39,38
04/20/2019 08:00:00 PM,38,17,21
04/20/2019 09:00:00 PM,30,17,13
04/20/2019 10:00:00 PM,12,5,7
04/20/2019 11:00:00 PM,13,11,2
04/21/2019 12:00:00 AM,11,6,5
04/21/2019 01:00:00 AM,15,5,10
04/21/2019 02:00:00 AM,4,3,1
04/21/2019 03:00:00 AM,6,1,5
04/21/2019 04:00:00 AM,2,0,2
04/21/2019 05:00:00 AM,2,1,1
04/21/2019 06:00:00 AM,8,6,2
04/21/2019 07:00:00 AM,16,4,12
04/21/2019 08:00:00 AM,30,16,14
04/21/2019 09:00:00 AM,49,29,20
04/21/2019 10:00:00 AM,52,22,30
04/21/2019 11:00:00 AM,77,56,21
04/21/2019 12:00:00 PM,103,64,39
04/21/2019 01:00:00 PM,106,60,46
04/21/2019 02:00:00 PM,101,63,38
04/21/2019 03:00:00 PM,157,77,80
04/21/2019 04:00:00 PM,103,50,53
04/21/2019 05:00:00 PM,101,44,57
04/21/2019 06:00:00 PM,86,41,45
04/21/2019 07:00:00 PM,40,26,14
04/21/2019 08:00:00 PM,29,9,20
04/21/2019 09:00:00 PM,19,11,8
04/21/2019 10:00:00 PM,6,5,1
04/21/2019 11:00:00 PM,6,5,1
04/22/2019 12:00:00 AM,4,0,4
04/22/2019 01:00:00 AM,4,4,0
04/22/2019 02:00:00 AM,3,2,1
04/22/2019 03:00:00 AM,1,0,1
04/22/2019 04:00:00 AM,5,3,2
04/22/2019 05:00:00 AM,23,6,17
04/22/2019 06:00:00 AM,63,16,47
04/22/2019 07:00:00 AM,184,24,160
04/22/2019 08:00:00 AM,322,29,293
04/22/2019 09:00:00 AM,212,32,180
04/22/2019 10:00:00 AM,65,16,49
04/22/2019 11:00:00 AM,35,10,25
04/22/2019 12:00:00 PM,44,20,24
04/22/2019 01:00:00 PM,41,22,19
04/22/2019 02:00:00 PM,42,31,11
04/22/2019 03:00:00 PM,63,45,18
04/22/2019 04:00:00 PM,182,155,27
04/22/2019 05:00:00 PM,306,282,24
04/22/2019 06:00:00 PM,195,177,18
04/22/2019 07:00:00 PM,71,62,9
04/22/2019 08:00:00 PM,26,20,6
04/22/2019 09:00:00 PM,22,17,5
04/22/2019 10:00:00 PM,13,9,4
04/22/2019 11:00:00 PM,7,4,3
04/23/2019 12:00:00 AM,4,2,2
04/23/2019 01:00:00 AM,6,2,4
04/23/2019 02:00:00 AM,2,0,2
04/23/2019 03:00:00 AM,4,2,2
04/23/2019 04:00:00 AM,5,3,2
04/23/2019 05:00:00 AM,22,3,19
04/23/2019 06:00:00 AM,74,15,59
04/23/2019 07:00:00 AM,256,38,218
04/23/2019 08:00:00 AM,361,40,321
04/23/2019 09:00:00 AM,198,28,170
04/23/2019 10:00:00 AM,72,18,54
04/23/2019 11:00:00 AM,57,21,36
04/23/2019 12:00:00 PM,56,24,32
04/23/2019 01:00:00 PM,58,32,26
04/23/2019 02:00:00 PM,65,47,18
04/23/2019 03:00:00 PM,106,75,31
04/23/2019 04:00:00 PM,226,173,53
04/23/2019 05:00:00 PM,440,381,59
04/23/2019 06:00:00 PM,302,258,44
04/23/2019 07:00:00 PM,121,89,32
04/23/2019 08:00:00 PM,61,39,22
04/23/2019 09:00:00 PM,30,19,11
04/23/2019 10:00:00 PM,25,17,8
04/23/2019 11:00:00 PM,6,4,2
04/24/2019 12:00:00 AM,8,4,4
04/24/2019 01:00:00 AM,0,0,0
04/24/2019 02:00:00 AM,2,1,1
04/24/2019 03:00:00 AM,1,0,1
04/24/2019 04:00:00 AM,5,3,2
04/24/2019 05:00:00 AM,19,5,14
04/24/2019 06:00:00 AM,83,15,68
04/24/2019 07:00:00 AM,278,29,249
04/24/2019 08:00:00 AM,403,43,360
04/24/2019 09:00:00 AM,241,24,217
04/24/2019 10:00:00 AM,95,21,74
04/24/2019 11:00:00 AM,47,18,29
04/24/2019 12:00:00 PM,58,31,27
04/24/2019 01:00:00 PM,84,47,37
04/24/2019 02:00:00 PM,86,53,33
04/24/2019 03:00:00 PM,120,75,45
04/24/2019 04:00:00 PM,272,225,47
04/24/2019 05:00:00 PM,467,386,81
04/24/2019 06:00:00 PM,326,277,49
04/24/2019 07:00:00 PM,169,114,55
04/24/2019 08:00:00 PM,86,55,31
04/24/2019 09:00:00 PM,39,25,14
04/24/2019 10:00:00 PM,28,24,4
04/24/2019 11:00:00 PM,14,9,5
04/25/2019 12:00:00 AM,4,3,1
04/25/2019 01:00:00 AM,4,4,0
04/25/2019 02:00:00 AM,3,3,0
04/25/2019 03:00:00 AM,1,1,0
04/25/2019 04:00:00 AM,5,4,1
04/25/2019 05:00:00 AM,18,3,15
04/25/2019 06:00:00 AM,68,12,56
04/25/2019 07:00:00 AM,268,32,236
04/25/2019 08:00:00 AM,411,52,359
04/25/2019 09:00:00 AM,223,43,180
04/25/2019 10:00:00 AM,83,26,57
04/25/2019 11:00:00 AM,70,27,43
04/25/2019 12:00:00 PM,54,26,28
04/25/2019 01:00:00 PM,62,35,27
04/25/2019 02:00:00 PM,72,40,32
04/25/2019 03:00:00 PM,124,89,35
04/25/2019 04:00:00 PM,233,180,53
04/25/2019 05:00:00 PM,448,392,56
04/25/2019 06:00:00 PM,261,210,51
04/25/2019 07:00:00 PM,117,91,26
04/25/2019 08:00:00 PM,64,44,20
04/25/2019 09:00:00 PM,42,28,14
04/25/2019 10:00:00 PM,39,26,13
04/25/2019 11:00:00 PM,14,11,3
04/26/2019 12:00:00 AM,5,2,3
04/26/2019 01:00:00 AM,7,7,0
04/26/2019 02:00:00 AM,0,0,0
04/26/2019 03:00:00 AM,3,1,2
04/26/2019 04:00:00 AM,2,1,1
04/26/2019 05:00:00 AM,19,4,15
04/26/2019 06:00:00 AM,66,19,47
04/26/2019 07:00:00 AM,200,30,170
04/26/2019 08:00:00 AM,376,51,325
04/26/2019 09:00:00 AM,202,32,170
04/26/2019 10:00:00 AM,90,19,71
04/26/2019 11:00:00 AM,67,35,32
04/26/2019 12:00:00 PM,67,29,38
04/26/2019 01:00:00 PM,71,44,27
04/26/2019 02:00:00 PM,80,54,26
04/26/2019 03:00:00 PM,143,90,53
04/26/2019 04:00:00 PM,273,216,57
04/26/2019 05:00:00 PM,423,345,78
04/26/2019 06:00:00 PM,231,191,40
04/26/2019 07:00:00 PM,106,75,31
04/26/2019 08:00:00 PM,47,24,23
04/26/2019 09:00:00 PM,33,24,9
04/26/2019 10:00:00 PM,31,26,5
04/26/2019 11:00:00 PM,22,17,5
04/27/2019 12:00:00 AM,22,20,2
04/27/2019 01:00:00 AM,6,5,1
04/27/2019 02:00:00 AM,1,1,0
04/27/2019 03:00:00 AM,1,0,1
04/27/2019 04:00:00 AM,1,1,0
04/27/2019 05:00:00 AM,3,0,3
04/27/2019 06:00:00 AM,9,1,8
04/27/2019 07:00:00 AM,18,10,8
04/27/2019 08:00:00 AM,37,19,18
04/27/2019 09:00:00 AM,58,22,36
04/27/2019 10:00:00 AM,87,41,46
04/27/2019 11:00:00 AM,93,50,43
04/27/2019 12:00:00 PM,110,53,57
04/27/2019 01:00:00 PM,65,40,25
04/27/2019 02:00:00 PM,90,50,40
04/27/2019 03:00:00 PM,78,33,45
04/27/2019 04:00:00 PM,53,25,28
04/27/2019 05:00:00 PM,56,37,19
04/27/2019 06:00:00 PM,72,32,40
04/27/2019 07:00:00 PM,65,36,29
04/27/2019 08:00:00 PM,28,16,12
04/27/2019 09:00:00 PM,16,9,7
04/27/2019 10:00:00 PM,19,14,5
04/27/2019 11:00:00 PM,16,6,10
04/28/2019 12:00:00 AM,10,5,5
04/28/2019 01:00:00 AM,5,3,2
04/28/2019 02:00:00 AM,3,2,1
04/28/2019 03:00:00 AM,2,0,2
04/28/2019 04:00:00 AM,5,2,3
04/28/2019 05:00:00 AM,2,1,1
04/28/2019 06:00:00 AM,11,4,7
04/28/2019 07:00:00 AM,10,5,5
04/28/2019 08:00:00 AM,43,24,19
04/28/2019 09:00:00 AM,42,20,22
04/28/2019 10:00:00 AM,64,40,24
04/28/2019 11:00:00 AM,129,61,68
04/28/2019 12:00:00 PM,164,86,78
04/28/2019 01:00:00 PM,143,84,59
04/28/2019 02:00:00 PM,184,106,78
04/28/2019 03:00:00 PM,162,80,82
04/28/2019 04:00:00 PM,167,80,87
04/28/2019 05:00:00 PM,148,77,71
04/28/2019 06:00:00 PM,96,44,52
04/28/2019 07:00:00 PM,57,20,37
04/28/2019 08:00:00 PM,42,22,20
04/28/2019 09:00:00 PM,19,7,12
04/28/2019 10:00:00 PM,9,7,2
04/28/2019 11:00:00 PM,7,6,1
04/29/2019 12:00:00 AM,6,3,3
04/29/2019 01:00:00 AM,1,1,0
04/29/2019 02:00:00 AM,0,0,0
04/29/2019 03:00:00 AM,3,2,1
04/29/2019 04:00:00 AM,4,3,1
04/29/2019 05:00:00 AM,23,9,14
04/29/2019 06:00:00 AM,77,14,63
04/29/2019 07:00:00 AM,284,35,249
04/29/2019 08:00:00 AM,463,58,405
04/29/2019 09:00:00 AM,257,38,219
04/29/2019 10:00:00 AM,96,29,67
04/29/2019 11:00:00 AM,59,26,33
04/29/2019 12:00:00 PM,76,32,44
04/29/2019 01:00:00 PM,55,22,33
04/29/2019 02:00:00 PM,100,60,40
04/29/2019 03:00:00 PM,131,94,37
04/29/2019 04:00:00 PM,284,236,48
04/29/2019 05:00:00 PM,557,492,65
04/29/2019 06:00:00 PM,307,263,44
04/29/2019 07:00:00 PM,162,116,46
04/29/2019 08:00:00 PM,65,36,29
04/29/2019 09:00:00 PM,29,17,12
04/29/2019 10:00:00 PM,19,10,9
04/29/2019 11:00:00 PM,11,9,2
04/30/2019 12:00:00 AM,4,4,0
04/30/2019 01:00:00 AM,2,0,2
04/30/2019 02:00:00 AM,1,1,0
04/30/2019 03:00:00 AM,2,1,1
04/30/2019 04:00:00 AM,5,1,4
04/30/2019 05:00:00 AM,25,5,20
04/30/2019 06:00:00 AM,90,16,74
04/30/2019 07:00:00 AM,304,35,269
04/30/2019 08:00:00 AM,477,58,419
04/30/2019 09:00:00 AM,271,51,220
04/30/2019 10:00:00 AM,103,24,79
04/30/2019 11:00:00 AM,78,31,47
04/30/2019 12:00:00 PM,65,32,33
04/30/2019 01:00:00 PM,87,44,43
04/30/2019 02:00:00 PM,91,52,39
04/30/2019 03:00:00 PM,142,95,47
04/30/2019 04:00:00 PM,336,268,68
04/30/2019 05:00:00 PM,529,441,88
04/30/2019 06:00:00 PM,370,292,78
04/30/2019 07:00:00 PM,191,123,68
04/30/2019 08:00:00 PM,97,64,33
04/30/2019 09:00:00 PM,55,27,28
04/30/2019 10:00:00 PM,28,20,8
04/30/2019 11:00:00 PM,19,14,5
05/01/2019 12:00:00 AM,4,3,1
05/01/2019 01:00:00 AM,3,2,1
05/01/2019 02:00:00 AM,3,1,2
05/01/2019 03:00:00 AM,3,2,1
05/01/2019 04:00:00 AM,5,2,3
05/01/2019 05:00:00 AM,30,8,22
05/01/2019 06:00:00 AM,106,20,86
05/01/2019 07:00:00 AM,339,43,296
05/01/2019 08:00:00 AM,463,46,417
05/01/2019 09:00:00 AM,264,47,217
05/01/2019 10:00:00 AM,105,31,74
05/01/2019 11:00:00 AM,70,24,46
05/01/2019 12:00:00 PM,75,33,42
05/01/2019 01:00:00 PM,97,56,41
05/01/2019 02:00:00 PM,96,62,34
05/01/2019 03:00:00 PM,135,103,32
05/01/2019 04:00:00 PM,331,274,57
05/01/2019 05:00:00 PM,546,471,75
05/01/2019 06:00:00 PM,323,258,65
05/01/2019 07:00:00 PM,158,125,33
05/01/2019 08:00:00 PM,89,56,33
05/01/2019 09:00:00 PM,50,31,19
05/01/2019 10:00:00 PM,45,28,17
05/01/2019 11:00:00 PM,13,12,1
05/02/2019 12:00:00 AM,3,1,2
05/02/2019 01:00:00 AM,1,1,0
05/02/2019 02:00:00 AM,1,1,0
05/02/2019 03:00:00 AM,2,0,2
05/02/2019 04:00:00 AM,3,2,1
05/02/2019 05:00:00 AM,23,6,17
05/02/2019 06:00:00 AM,85,10,75
05/02/2019 07:00:00 AM,278,29,249
05/02/2019 08:00:00 AM,437,57,380
05/02/2019 09:00:00 AM,232,30,202
05/02/2019 10:00:00 AM,106,32,74
05/02/2019 11:00:00 AM,61,20,41
05/02/2019 12:00:00 PM,61,28,33
05/02/2019 01:00:00 PM,75,42,33
05/02/2019 02:00:00 PM,91,63,28
05/02/2019 03:00:00 PM,107,81,26
05/02/2019 04:00:00 PM,239,201,38
05/02/2019 05:00:00 PM,505,448,57
05/02/2019 06:00:00 PM,287,236,51
05/02/2019 07:00:00 PM,126,98,28
05/02/2019 08:00:00 PM,88,62,26
05/02/2019 09:00:00 PM,41,25,16
05/02/2019 10:00:00 PM,26,15,11
05/02/2019 11:00:00 PM,12,8,4
05/03/2019 12:00:00 AM,13,11,2
05/03/2019 01:00:00 AM,4,2,2
05/03/2019 02:00:00 AM,5,5,0
05/03/2019 03:00:00 AM,1,0,1
05/03/2019 04:00:00 AM,4,3,1
05/03/2019 05:00:00 AM,19,8,11
05/03/2019 06:00:00 AM,78,18,60
05/03/2019 07:00:00 AM,227,32,195
05/03/2019 08:00:00 AM,339,36,303
05/03/2019 09:00:00 AM,210,32,178
05/03/2019 10:00:00 AM,93,31,62
05/03/2019 11:00:00 AM,72,30,42
05/03/2019 12:00:00 PM,78,33,45
05/03/2019 01:00:00 PM,76,36,40
05/03/2019 02:00:00 PM,95,65,30
05/03/2019 03:00:00 PM,145,106,39
05/03/2019 04:00:00 PM,286,247,39
05/03/2019 05:00:00 PM,396,337,59
05/03/2019 06:00:00 PM,241,195,46
05/03/2019 07:00:00 PM,107,75,32
05/03/2019 08:00:00 PM,70,44,26
05/03/2019 09:00:00 PM,26,14,12
05/03/2019 10:00:00 PM,24,17,7
05/03/2019 11:00:00 PM,29,20,9
05/04/2019 12:00:00 AM,17,7,10
05/04/2019 01:00:00 AM,8,1,7
05/04/2019 02:00:00 AM,2,2,0
05/04/2019 03:00:00 AM,5,1,4
05/04/2019 04:00:00 AM,5,4,1
05/04/2019 05:00:00 AM,1,0,1
05/04/2019 06:00:00 AM,16,9,7
05/04/2019 07:00:00 AM,35,18,17
05/04/2019 08:00:00 AM,50,23,27
05/04/2019 09:00:00 AM,66,30,36
05/04/2019 10:00:00 AM,103,61,42
05/04/2019 11:00:00 AM,116,60,56
05/04/2019 12:00:00 PM,193,99,94
05/04/2019 01:00:00 PM,154,95,59
05/04/2019 02:00:00 PM,184,100,84
05/04/2019 03:00:00 PM,178,108,70
05/04/2019 04:00:00 PM,171,88,83
05/04/2019 05:00:00 PM,174,98,76
05/04/2019 06:00:00 PM,107,62,45
05/04/2019 07:00:00 PM,96,41,55
05/04/2019 08:00:00 PM,48,10,38
05/04/2019 09:00:00 PM,25,12,13
05/04/2019 10:00:00 PM,22,13,9
05/04/2019 11:00:00 PM,12,7,5
05/05/2019 12:00:00 AM,23,15,8
05/05/2019 01:00:00 AM,10,4,6
05/05/2019 02:00:00 AM,8,7,1
05/05/2019 03:00:00 AM,6,3,3
05/05/2019 04:00:00 AM,6,3,3
05/05/2019 05:00:00 AM,4,3,1
05/05/2019 06:00:00 AM,5,3,2
05/05/2019 07:00:00 AM,27,9,18
05/05/2019 08:00:00 AM,49,20,29
05/05/2019 09:00:00 AM,82,46,36
05/05/2019 10:00:00 AM,87,43,44
05/05/2019 11:00:00 AM,120,78,42
05/05/2019 12:00:00 PM,170,108,62
05/05/2019 01:00:00 PM,156,92,64
05/05/2019 02:00:00 PM,198,109,89
05/05/2019 03:00:00 PM,205,86,119
05/05/2019 04:00:00 PM,209,109,100
05/05/2019 05:00:00 PM,151,82,69
05/05/2019 06:00:00 PM,79,38,41
05/05/2019 07:00:00 PM,58,27,31
05/05/2019 08:00:00 PM,51,26,25
05/05/2019 09:00:00 PM,19,7,12
05/05/2019 10:00:00 PM,5,4,1
05/05/2019 11:00:00 PM,19,13,6
05/06/2019 12:00:00 AM,4,2,2
05/06/2019 01:00:00 AM,1,1,0
05/06/2019 02:00:00 AM,0,0,0
05/06/2019 03:00:00 AM,2,0,2
05/06/2019 04:00:00 AM,5,4,1
05/06/2019 05:00:00 AM,32,8,24
05/06/2019 06:00:00 AM,98,24,74
05/06/2019 07:00:00 AM,319,31,288
05/06/2019 08:00:00 AM,513,49,464
05/06/2019 09:00:00 AM,300,47,253
05/06/2019 10:00:00 AM,111,26,85
05/06/2019 11:00:00 AM,46,20,26
05/06/2019 12:00:00 PM,79,42,37
05/06/2019 01:00:00 PM,88,48,40
05/06/2019 02:00:00 PM,93,51,42
05/06/2019 03:00:00 PM,144,105,39
05/06/2019 04:00:00 PM,347,284,63
05/06/2019 05:00:00 PM,575,496,79
05/06/2019 06:00:00 PM,372,322,50
05/06/2019 07:00:00 PM,208,149,59
05/06/2019 08:00:00 PM,91,55,36
05/06/2019 09:00:00 PM,59,28,31
05/06/2019 10:00:00 PM,35,21,14
05/06/2019 11:00:00 PM,13,10,3
05/07/2019 12:00:00 AM,2,0,2
05/07/2019 01:00:00 AM,1,1,0
05/07/2019 02:00:00 AM,1,0,1
05/07/2019 03:00:00 AM,0,0,0
05/07/2019 04:00:00 AM,4,2,2
05/07/2019 05:00:00 AM,29,9,20
05/07/2019 06:00:00 AM,119,21,98
05/07/2019 07:00:00 AM,378,45,333
05/07/2019 08:00:00 AM,534,61,473
05/07/2019 09:00:00 AM,289,57,232
05/07/2019 10:00:00 AM,107,20,87
05/07/2019 11:00:00 AM,76,37,39
05/07/2019 12:00:00 PM,70,30,40
05/07/2019 01:00:00 PM,98,50,48
05/07/2019 02:00:00 PM,89,64,25
05/07/2019 03:00:00 PM,147,85,62
05/07/2019 04:00:00 PM,357,290,67
05/07/2019 05:00:00 PM,667,585,82
05/07/2019 06:00:00 PM,398,322,76
05/07/2019 07:00:00 PM,192,136,56
05/07/2019 08:00:00 PM,118,70,48
05/07/2019 09:00:00 PM,69,45,24
05/07/2019 10:00:00 PM,35,21,14
05/07/2019 11:00:00 PM,27,18,9
05/08/2019 12:00:00 AM,4,2,2
05/08/2019 01:00:00 AM,1,1,0
05/08/2019 02:00:00 AM,4,4,0
05/08/2019 03:00:00 AM,1,1,0
05/08/2019 04:00:00 AM,5,2,3
05/08/2019 05:00:00 AM,33,6,27
05/08/2019 06:00:00 AM,108,26,82
05/08/2019 07:00:00 AM,368,42,326
05/08/2019 08:00:00 AM,508,68,440
05/08/2019 09:00:00 AM,271,44,227
05/08/2019 10:00:00 AM,107,25,82
05/08/2019 11:00:00 AM,78,23,55
05/08/2019 12:00:00 PM,135,60,75
05/08/2019 01:00:00 PM,83,56,27
05/08/2019 02:00:00 PM,97,62,35
05/08/2019 03:00:00 PM,105,71,34
05/08/2019 04:00:00 PM,387,318,69
05/08/2019 05:00:00 PM,606,522,84
05/08/2019 06:00:00 PM,381,313,68
05/08/2019 07:00:00 PM,198,133,65
05/08/2019 08:00:00 PM,98,61,37
05/08/2019 09:00:00 PM,65,35,30
05/08/2019 10:00:00 PM,34,28,6
05/08/2019 11:00:00 PM,23,15,8
05/09/2019 12:00:00 AM,16,7,9
05/09/2019 01:00:00 AM,6,6,0
05/09/2019 02:00:00 AM,3,2,1
05/09/2019 03:00:00 AM,1,0,1
05/09/2019 04:00:00 AM,6,4,2
05/09/2019 05:00:00 AM,31,10,21
05/09/2019 06:00:00 AM,100,19,81
05/09/2019 07:00:00 AM,376,49,327
05/09/2019 08:00:00 AM,493,63,430
05/09/2019 09:00:00 AM,275,53,222
05/09/2019 10:00:00 AM,103,34,69
05/09/2019 11:00:00 AM,80,25,55
05/09/2019 12:00:00 PM,104,42,62
05/09/2019 01:00:00 PM,94,52,42
05/09/2019 02:00:00 PM,116,67,49
05/09/2019 03:00:00 PM,161,113,48
05/09/2019 04:00:00 PM,363,294,69
05/09/2019 05:00:00 PM,593,505,88
05/09/2019 06:00:00 PM,381,313,68
05/09/2019 07:00:00 PM,179,132,47
05/09/2019 08:00:00 PM,115,75,40
05/09/2019 09:00:00 PM,64,36,28
05/09/2019 10:00:00 PM,26,20,6
05/09/2019 11:00:00 PM,19,10,9
05/10/2019 12:00:00 AM,13,8,5
05/10/2019 01:00:00 AM,8,6,2
05/10/2019 02:00:00 AM,2,2,0
05/10/2019 03:00:00 AM,4,1,3
05/10/2019 04:00:00 AM,6,5,1
05/10/2019 05:00:00 AM,17,4,13
05/10/2019 06:00:00 AM,104,22,82
05/10/2019 07:00:00 AM,268,30,238
05/10/2019 08:00:00 AM,477,70,407
05/10/2019 09:00:00 AM,254,46,208
05/10/2019 10:00:00 AM,119,35,84
05/10/2019 11:00:00 AM,81,37,44
05/10/2019 12:00:00 PM,91,48,43
05/10/2019 01:00:00 PM,130,69,61
05/10/2019 02:00:00 PM,124,87,37
05/10/2019 03:00:00 PM,204,147,57
05/10/2019 04:00:00 PM,371,300,71
05/10/2019 05:00:00 PM,520,428,92
05/10/2019 06:00:00 PM,314,229,85
05/10/2019 07:00:00 PM,158,104,54
05/10/2019 08:00:00 PM,81,46,35
05/10/2019 09:00:00 PM,59,21,38
05/10/2019 10:00:00 PM,49,35,14
05/10/2019 11:00:00 PM,26,18,8
05/11/2019 12:00:00 AM,20,12,8
05/11/2019 01:00:00 AM,11,7,4
05/11/2019 02:00:00 AM,1,0,1
05/11/2019 03:00:00 AM,0,0,0
05/11/2019 04:00:00 AM,5,3,2
05/11/2019 05:00:00 AM,6,0,6
05/11/2019 06:00:00 AM,18,5,13
05/11/2019 07:00:00 AM,34,15,19
05/11/2019 08:00:00 AM,66,30,36
05/11/2019 09:00:00 AM,86,37,49
05/11/2019 10:00:00 AM,99,48,51
05/11/2019 11:00:00 AM,126,72,54
05/11/2019 12:00:00 PM,158,106,52
05/11/2019 01:00:00 PM,170,88,82
05/11/2019 02:00:00 PM,153,82,71
05/11/2019 03:00:00 PM,194,121,73
05/11/2019 04:00:00 PM,138,68,70
05/11/2019 05:00:00 PM,154,88,66
05/11/2019 06:00:00 PM,134,49,85
05/11/2019 07:00:00 PM,79,36,43
05/11/2019 08:00:00 PM,70,24,46
05/11/2019 09:00:00 PM,65,34,31
05/11/2019 10:00:00 PM,23,10,13
05/11/2019 11:00:00 PM,21,17,4
05/12/2019 12:00:00 AM,13,6,7
05/12/2019 01:00:00 AM,12,7,5
05/12/2019 02:00:00 AM,3,2,1
05/12/2019 03:00:00 AM,6,5,1
05/12/2019 04:00:00 AM,1,1,0
05/12/2019 05:00:00 AM,3,2,1
05/12/2019 06:00:00 AM,12,5,7
05/12/2019 07:00:00 AM,24,8,16
05/12/2019 08:00:00 AM,27,15,12
05/12/2019 09:00:00 AM,34,17,17
05/12/2019 10:00:00 AM,54,34,20
05/12/2019 11:00:00 AM,83,38,45
05/12/2019 12:00:00 PM,75,45,30
05/12/2019 01:00:00 PM,81,42,39
05/12/2019 02:00:00 PM,120,76,44
05/12/2019 03:00:00 PM,100,69,31
05/12/2019 04:00:00 PM,121,49,72
05/12/2019 05:00:00 PM,96,52,44
05/12/2019 06:00:00 PM,59,27,32
05/12/2019 07:00:00 PM,61,34,27
05/12/2019 08:00:00 PM,47,27,20
05/12/2019 09:00:00 PM,15,5,10
05/12/2019 10:00:00 PM,14,6,8
05/12/2019 11:00:00 PM,8,5,3
05/13/2019 12:00:00 AM,2,1,1
05/13/2019 01:00:00 AM,3,3,0
05/13/2019 02:00:00 AM,1,1,0
05/13/2019 03:00:00 AM,3,2,1
05/13/2019 04:00:00 AM,4,3,1
05/13/2019 05:00:00 AM,25,6,19
05/13/2019 06:00:00 AM,106,18,88
05/13/2019 07:00:00 AM,286,21,265
05/13/2019 08:00:00 AM,468,49,419
05/13/2019 09:00:00 AM,248,43,205
05/13/2019 10:00:00 AM,104,19,85
05/13/2019 11:00:00 AM,59,18,41
05/13/2019 12:00:00 PM,67,38,29
05/13/2019 01:00:00 PM,51,27,24
05/13/2019 02:00:00 PM,80,55,25
05/13/2019 03:00:00 PM,129,92,37
05/13/2019 04:00:00 PM,319,278,41
05/13/2019 05:00:00 PM,545,477,68
05/13/2019 06:00:00 PM,357,302,55
05/13/2019 07:00:00 PM,151,98,53
05/13/2019 08:00:00 PM,75,49,26
05/13/2019 09:00:00 PM,50,26,24
05/13/2019 10:00:00 PM,19,13,6
05/13/2019 11:00:00 PM,12,8,4
05/14/2019 12:00:00 AM,3,3,0
05/14/2019 01:00:00 AM,4,2,2
05/14/2019 02:00:00 AM,0,0,0
05/14/2019 03:00:00 AM,0,0,0
05/14/2019 04:00:00 AM,4,2,2
05/14/2019 05:00:00 AM,23,5,18
05/14/2019 06:00:00 AM,87,12,75
05/14/2019 07:00:00 AM,247,29,218
05/14/2019 08:00:00 AM,315,31,284
05/14/2019 09:00:00 AM,164,20,144
05/14/2019 10:00:00 AM,44,11,33
05/14/2019 11:00:00 AM,23,11,12
05/14/2019 12:00:00 PM,19,7,12
05/14/2019 01:00:00 PM,23,10,13
05/14/2019 02:00:00 PM,54,41,13
05/14/2019 03:00:00 PM,64,49,15
05/14/2019 04:00:00 PM,208,176,32
05/14/2019 05:00:00 PM,390,345,45
05/14/2019 06:00:00 PM,260,223,37
05/14/2019 07:00:00 PM,104,73,31
05/14/2019 08:00:00 PM,57,40,17
05/14/2019 09:00:00 PM,21,15,6
05/14/2019 10:00:00 PM,0,0,0
05/14/2019 11:00:00 PM,0,0,0
05/15/2019 12:00:00 AM,0,0,0
05/15/2019 01:00:00 AM,0,0,0
05/15/2019 02:00:00 AM,0,0,0
05/15/2019 03:00:00 AM,0,0,0
05/15/2019 04:00:00 AM,0,0,0
05/15/2019 05:00:00 AM,0,0,0
05/15/2019 06:00:00 AM,0,0,0
05/15/2019 07:00:00 AM,0,0,0
05/15/2019 08:00:00 AM,0,0,0
05/15/2019 09:00:00 AM,0,0,0
05/15/2019 10:00:00 AM,0,0,0
05/15/2019 11:00:00 AM,0,0,0
05/15/2019 12:00:00 PM,0,0,0
05/15/2019 01:00:00 PM,0,0,0
05/15/2019 02:00:00 PM,0,0,0
05/15/2019 03:00:00 PM,0,0,0
05/15/2019 04:00:00 PM,0,0,0
05/15/2019 05:00:00 PM,0,0,0
05/15/2019 06:00:00 PM,0,0,0
05/15/2019 07:00:00 PM,0,0,0
05/15/2019 08:00:00 PM,0,0,0
05/15/2019 09:00:00 PM,0,0,0
05/15/2019 10:00:00 PM,0,0,0
05/15/2019 11:00:00 PM,0,0,0
05/16/2019 12:00:00 AM,0,0,0
05/16/2019 01:00:00 AM,0,0,0
05/16/2019 02:00:00 AM,0,0,0
05/16/2019 03:00:00 AM,0,0,0
05/16/2019 04:00:00 AM,0,0,0
05/16/2019 05:00:00 AM,0,0,0
05/16/2019 06:00:00 AM,0,0,0
05/16/2019 07:00:00 AM,0,0,0
05/16/2019 08:00:00 AM,0,0,0
05/16/2019 09:00:00 AM,0,0,0
05/16/2019 10:00:00 AM,0,0,0
05/16/2019 11:00:00 AM,0,0,0
05/16/2019 12:00:00 PM,0,0,0
05/16/2019 01:00:00 PM,0,0,0
05/16/2019 02:00:00 PM,0,0,0
05/16/2019 03:00:00 PM,0,0,0
05/16/2019 04:00:00 PM,0,0,0
05/16/2019 05:00:00 PM,0,0,0
05/16/2019 06:00:00 PM,0,0,0
05/16/2019 07:00:00 PM,0,0,0
05/16/2019 08:00:00 PM,0,0,0
05/16/2019 09:00:00 PM,0,0,0
05/16/2019 10:00:00 PM,0,0,0
05/16/2019 11:00:00 PM,0,0,0
05/17/2019 12:00:00 AM,0,0,0
05/17/2019 01:00:00 AM,0,0,0
05/17/2019 02:00:00 AM,0,0,0
05/17/2019 03:00:00 AM,0,0,0
05/17/2019 04:00:00 AM,0,0,0
05/17/2019 05:00:00 AM,0,0,0
05/17/2019 06:00:00 AM,0,0,0
05/17/2019 07:00:00 AM,0,0,0
05/17/2019 08:00:00 AM,0,0,0
05/17/2019 09:00:00 AM,0,0,0
05/17/2019 10:00:00 AM,0,0,0
05/17/2019 11:00:00 AM,0,0,0
05/17/2019 12:00:00 PM,0,0,0
05/17/2019 01:00:00 PM,0,0,0
05/17/2019 02:00:00 PM,0,0,0
05/17/2019 03:00:00 PM,0,0,0
05/17/2019 04:00:00 PM,0,0,0
05/17/2019 05:00:00 PM,0,0,0
05/17/2019 06:00:00 PM,0,0,0
05/17/2019 07:00:00 PM,0,0,0
05/17/2019 08:00:00 PM,0,0,0
05/17/2019 09:00:00 PM,0,0,0
05/17/2019 10:00:00 PM,0,0,0
05/17/2019 11:00:00 PM,0,0,0
05/18/2019 12:00:00 AM,0,0,0
05/18/2019 01:00:00 AM,0,0,0
05/18/2019 02:00:00 AM,0,0,0
05/18/2019 03:00:00 AM,0,0,0
05/18/2019 04:00:00 AM,0,0,0
05/18/2019 05:00:00 AM,0,0,0
05/18/2019 06:00:00 AM,0,0,0
05/18/2019 07:00:00 AM,0,0,0
05/18/2019 08:00:00 AM,0,0,0
05/18/2019 09:00:00 AM,0,0,0
05/18/2019 10:00:00 AM,0,0,0
05/18/2019 11:00:00 AM,0,0,0
05/18/2019 12:00:00 PM,0,0,0
05/18/2019 01:00:00 PM,0,0,0
05/18/2019 02:00:00 PM,0,0,0
05/18/2019 03:00:00 PM,0,0,0
05/18/2019 04:00:00 PM,0,0,0
05/18/2019 05:00:00 PM,0,0,0
05/18/2019 06:00:00 PM,0,0,0
05/18/2019 07:00:00 PM,0,0,0
05/18/2019 08:00:00 PM,0,0,0
05/18/2019 09:00:00 PM,0,0,0
05/18/2019 10:00:00 PM,0,0,0
05/18/2019 11:00:00 PM,0,0,0
05/19/2019 12:00:00 AM,0,0,0
05/19/2019 01:00:00 AM,0,0,0
05/19/2019 02:00:00 AM,0,0,0
05/19/2019 03:00:00 AM,0,0,0
05/19/2019 04:00:00 AM,0,0,0
05/19/2019 05:00:00 AM,0,0,0
05/19/2019 06:00:00 AM,0,0,0
05/19/2019 07:00:00 AM,0,0,0
05/19/2019 08:00:00 AM,2,2,0
05/19/2019 09:00:00 AM,0,0,0
05/19/2019 10:00:00 AM,0,0,0
05/19/2019 11:00:00 AM,0,0,0
05/19/2019 12:00:00 PM,0,0,0
05/19/2019 01:00:00 PM,0,0,0
05/19/2019 02:00:00 PM,0,0,0
05/19/2019 03:00:00 PM,0,0,0
05/19/2019 04:00:00 PM,0,0,0
05/19/2019 05:00:00 PM,0,0,0
05/19/2019 06:00:00 PM,0,0,0
05/19/2019 07:00:00 PM,0,0,0
05/19/2019 08:00:00 PM,0,0,0
05/19/2019 09:00:00 PM,0,0,0
05/19/2019 10:00:00 PM,0,0,0
05/19/2019 11:00:00 PM,0,0,0
05/20/2019 12:00:00 AM,0,0,0
05/20/2019 01:00:00 AM,0,0,0
05/20/2019 02:00:00 AM,0,0,0
05/20/2019 03:00:00 AM,0,0,0
05/20/2019 04:00:00 AM,0,0,0
05/20/2019 05:00:00 AM,0,0,0
05/20/2019 06:00:00 AM,0,0,0
05/20/2019 07:00:00 AM,0,0,0
05/20/2019 08:00:00 AM,0,0,0
05/20/2019 09:00:00 AM,0,0,0
05/20/2019 10:00:00 AM,0,0,0
05/20/2019 11:00:00 AM,0,0,0
05/20/2019 12:00:00 PM,0,0,0
05/20/2019 01:00:00 PM,0,0,0
05/20/2019 02:00:00 PM,0,0,0
05/20/2019 03:00:00 PM,0,0,0
05/20/2019 04:00:00 PM,0,0,0
05/20/2019 05:00:00 PM,0,0,0
05/20/2019 06:00:00 PM,0,0,0
05/20/2019 07:00:00 PM,0,0,0
05/20/2019 08:00:00 PM,0,0,0
05/20/2019 09:00:00 PM,0,0,0
05/20/2019 10:00:00 PM,0,0,0
05/20/2019 11:00:00 PM,0,0,0
05/21/2019 12:00:00 AM,0,0,0
05/21/2019 01:00:00 AM,0,0,0
05/21/2019 02:00:00 AM,0,0,0
05/21/2019 03:00:00 AM,0,0,0
05/21/2019 04:00:00 AM,0,0,0
05/21/2019 05:00:00 AM,0,0,0
05/21/2019 06:00:00 AM,0,0,0
05/21/2019 07:00:00 AM,0,0,0
05/21/2019 08:00:00 AM,0,0,0
05/21/2019 09:00:00 AM,0,0,0
05/21/2019 10:00:00 AM,0,0,0
05/21/2019 11:00:00 AM,0,0,0
05/21/2019 12:00:00 PM,0,0,0
05/21/2019 01:00:00 PM,0,0,0
05/21/2019 02:00:00 PM,0,0,0
05/21/2019 03:00:00 PM,0,0,0
05/21/2019 04:00:00 PM,0,0,0
05/21/2019 05:00:00 PM,0,0,0
05/21/2019 06:00:00 PM,0,0,0
05/21/2019 07:00:00 PM,0,0,0
05/21/2019 08:00:00 PM,0,0,0
05/21/2019 09:00:00 PM,0,0,0
05/21/2019 10:00:00 PM,0,0,0
05/21/2019 11:00:00 PM,0,0,0
05/22/2019 12:00:00 AM,0,0,0
05/22/2019 01:00:00 AM,0,0,0
05/22/2019 02:00:00 AM,0,0,0
05/22/2019 03:00:00 AM,0,0,0
05/22/2019 04:00:00 AM,0,0,0
05/22/2019 05:00:00 AM,0,0,0
05/22/2019 06:00:00 AM,0,0,0
05/22/2019 07:00:00 AM,0,0,0
05/22/2019 08:00:00 AM,0,0,0
05/22/2019 09:00:00 AM,0,0,0
05/22/2019 10:00:00 AM,0,0,0
05/22/2019 11:00:00 AM,0,0,0
05/22/2019 12:00:00 PM,0,0,0
05/22/2019 01:00:00 PM,0,0,0
05/22/2019 02:00:00 PM,0,0,0
05/22/2019 03:00:00 PM,0,0,0
05/22/2019 04:00:00 PM,0,0,0
05/22/2019 05:00:00 PM,0,0,0
05/22/2019 06:00:00 PM,0,0,0
05/22/2019 07:00:00 PM,0,0,0
05/22/2019 08:00:00 PM,0,0,0
05/22/2019 09:00:00 PM,0,0,0
05/22/2019 10:00:00 PM,0,0,0
05/22/2019 11:00:00 PM,0,0,0
05/23/2019 12:00:00 AM,0,0,0
05/23/2019 01:00:00 AM,0,0,0
05/23/2019 02:00:00 AM,0,0,0
05/23/2019 03:00:00 AM,0,0,0
05/23/2019 04:00:00 AM,0,0,0
05/23/2019 05:00:00 AM,0,0,0
05/23/2019 06:00:00 AM,0,0,0
05/23/2019 07:00:00 AM,0,0,0
05/23/2019 08:00:00 AM,0,0,0
05/23/2019 09:00:00 AM,0,0,0
05/23/2019 10:00:00 AM,0,0,0
05/23/2019 11:00:00 AM,0,0,0
05/23/2019 12:00:00 PM,0,0,0
05/23/2019 01:00:00 PM,0,0,0
05/23/2019 02:00:00 PM,70,42,28
05/23/2019 03:00:00 PM,154,116,38
05/23/2019 04:00:00 PM,380,307,73
05/23/2019 05:00:00 PM,532,460,72
05/23/2019 06:00:00 PM,425,333,92
05/23/2019 07:00:00 PM,224,154,70
05/23/2019 08:00:00 PM,122,76,46
05/23/2019 09:00:00 PM,85,38,47
05/23/2019 10:00:00 PM,47,30,17
05/23/2019 11:00:00 PM,17,12,5
05/24/2019 12:00:00 AM,15,11,4
05/24/2019 01:00:00 AM,3,2,1
05/24/2019 02:00:00 AM,0,0,0
05/24/2019 03:00:00 AM,1,0,1
05/24/2019 04:00:00 AM,6,5,1
05/24/2019 05:00:00 AM,20,5,15
05/24/2019 06:00:00 AM,73,18,55
05/24/2019 07:00:00 AM,176,16,160
05/24/2019 08:00:00 AM,271,38,233
05/24/2019 09:00:00 AM,156,26,130
05/24/2019 10:00:00 AM,59,10,49
05/24/2019 11:00:00 AM,77,32,45
05/24/2019 12:00:00 PM,55,31,24
05/24/2019 01:00:00 PM,90,60,30
05/24/2019 02:00:00 PM,94,68,26
05/24/2019 03:00:00 PM,140,104,36
05/24/2019 04:00:00 PM,235,196,39
05/24/2019 05:00:00 PM,302,250,52
05/24/2019 06:00:00 PM,170,123,47
05/24/2019 07:00:00 PM,94,71,23
05/24/2019 08:00:00 PM,49,27,22
05/24/2019 09:00:00 PM,29,21,8
05/24/2019 10:00:00 PM,23,14,9
05/24/2019 11:00:00 PM,13,9,4
05/25/2019 12:00:00 AM,13,9,4
05/25/2019 01:00:00 AM,7,3,4
05/25/2019 02:00:00 AM,7,5,2
05/25/2019 03:00:00 AM,4,2,2
05/25/2019 04:00:00 AM,2,2,0
05/25/2019 05:00:00 AM,5,1,4
05/25/2019 06:00:00 AM,10,2,8
05/25/2019 07:00:00 AM,24,13,11
05/25/2019 08:00:00 AM,24,9,15
05/25/2019 09:00:00 AM,45,24,21
05/25/2019 10:00:00 AM,67,34,33
05/25/2019 11:00:00 AM,85,44,41
05/25/2019 12:00:00 PM,49,18,31
05/25/2019 01:00:00 PM,36,21,15
05/25/2019 02:00:00 PM,23,13,10
05/25/2019 03:00:00 PM,26,18,8
05/25/2019 04:00:00 PM,23,11,12
05/25/2019 05:00:00 PM,13,5,8
05/25/2019 06:00:00 PM,23,14,9
05/25/2019 07:00:00 PM,37,24,13
05/25/2019 08:00:00 PM,31,17,14
05/25/2019 09:00:00 PM,17,13,4
05/25/2019 10:00:00 PM,9,7,2
05/25/2019 11:00:00 PM,6,3,3
05/26/2019 12:00:00 AM,10,5,5
05/26/2019 01:00:00 AM,2,1,1
05/26/2019 02:00:00 AM,3,3,0
05/26/2019 03:00:00 AM,1,0,1
05/26/2019 04:00:00 AM,1,1,0
05/26/2019 05:00:00 AM,6,1,5
05/26/2019 06:00:00 AM,18,3,15
05/26/2019 07:00:00 AM,46,9,37
05/26/2019 08:00:00 AM,37,18,19
05/26/2019 09:00:00 AM,61,33,28
05/26/2019 10:00:00 AM,81,43,38
05/26/2019 11:00:00 AM,90,54,36
05/26/2019 12:00:00 PM,115,62,53
05/26/2019 01:00:00 PM,153,82,71
05/26/2019 02:00:00 PM,180,92,88
05/26/2019 03:00:00 PM,186,96,90
05/26/2019 04:00:00 PM,163,93,70
05/26/2019 05:00:00 PM,149,72,77
05/26/2019 06:00:00 PM,130,58,72
05/26/2019 07:00:00 PM,100,54,46
05/26/2019 08:00:00 PM,65,39,26
05/26/2019 09:00:00 PM,40,24,16
05/26/2019 10:00:00 PM,18,10,8
05/26/2019 11:00:00 PM,20,11,9
05/27/2019 12:00:00 AM,6,4,2
05/27/2019 01:00:00 AM,1,1,0
05/27/2019 02:00:00 AM,4,2,2
05/27/2019 03:00:00 AM,5,3,2
05/27/2019 04:00:00 AM,0,0,0
05/27/2019 05:00:00 AM,5,1,4
05/27/2019 06:00:00 AM,9,3,6
05/27/2019 07:00:00 AM,21,6,15
05/27/2019 08:00:00 AM,35,17,18
05/27/2019 09:00:00 AM,70,35,35
05/27/2019 10:00:00 AM,129,71,58
05/27/2019 11:00:00 AM,218,80,138
05/27/2019 12:00:00 PM,207,110,97
05/27/2019 01:00:00 PM,242,142,100
05/27/2019 02:00:00 PM,271,152,119
05/27/2019 03:00:00 PM,265,156,109
05/27/2019 04:00:00 PM,226,111,115
05/27/2019 05:00:00 PM,197,110,87
05/27/2019 06:00:00 PM,142,81,61
05/27/2019 07:00:00 PM,118,56,62
05/27/2019 08:00:00 PM,86,51,35
05/27/2019 09:00:00 PM,38,21,17
05/27/2019 10:00:00 PM,15,9,6
05/27/2019 11:00:00 PM,10,7,3
05/28/2019 12:00:00 AM,4,3,1
05/28/2019 01:00:00 AM,0,0,0
05/28/2019 02:00:00 AM,5,3,2
05/28/2019 03:00:00 AM,3,1,2
05/28/2019 04:00:00 AM,3,2,1
05/28/2019 05:00:00 AM,30,9,21
05/28/2019 06:00:00 AM,106,15,91
05/28/2019 07:00:00 AM,293,34,259
05/28/2019 08:00:00 AM,442,37,405
05/28/2019 09:00:00 AM,253,43,210
05/28/2019 10:00:00 AM,91,20,71
05/28/2019 11:00:00 AM,53,13,40
05/28/2019 12:00:00 PM,79,43,36
05/28/2019 01:00:00 PM,60,26,34
05/28/2019 02:00:00 PM,60,38,22
05/28/2019 03:00:00 PM,114,80,34
05/28/2019 04:00:00 PM,279,240,39
05/28/2019 05:00:00 PM,522,452,70
05/28/2019 06:00:00 PM,365,290,75
05/28/2019 07:00:00 PM,179,137,42
05/28/2019 08:00:00 PM,100,60,40
05/28/2019 09:00:00 PM,56,31,25
05/28/2019 10:00:00 PM,36,28,8
05/28/2019 11:00:00 PM,11,8,3
05/29/2019 12:00:00 AM,10,4,6
05/29/2019 01:00:00 AM,3,2,1
05/29/2019 02:00:00 AM,3,1,2
05/29/2019 03:00:00 AM,1,1,0
05/29/2019 04:00:00 AM,9,7,2
05/29/2019 05:00:00 AM,35,9,26
05/29/2019 06:00:00 AM,108,15,93
05/29/2019 07:00:00 AM,354,36,318
05/29/2019 08:00:00 AM,468,49,419
05/29/2019 09:00:00 AM,251,38,213
05/29/2019 10:00:00 AM,116,28,88
05/29/2019 11:00:00 AM,71,26,45
05/29/2019 12:00:00 PM,61,31,30
05/29/2019 01:00:00 PM,83,45,38
05/29/2019 02:00:00 PM,70,38,32
05/29/2019 03:00:00 PM,126,92,34
05/29/2019 04:00:00 PM,343,296,47
05/29/2019 05:00:00 PM,603,521,82
05/29/2019 06:00:00 PM,356,298,58
05/29/2019 07:00:00 PM,197,146,51
05/29/2019 08:00:00 PM,102,61,41
05/29/2019 09:00:00 PM,68,44,24
05/29/2019 10:00:00 PM,36,22,14
05/29/2019 11:00:00 PM,15,12,3
05/30/2019 12:00:00 AM,6,1,5
05/30/2019 01:00:00 AM,6,6,0
05/30/2019 02:00:00 AM,1,1,0
05/30/2019 03:00:00 AM,1,0,1
05/30/2019 04:00:00 AM,4,2,2
05/30/2019 05:00:00 AM,37,10,27
05/30/2019 06:00:00 AM,108,19,89
05/30/2019 07:00:00 AM,305,27,278
05/30/2019 08:00:00 AM,474,45,429
05/30/2019 09:00:00 AM,244,31,213
05/30/2019 10:00:00 AM,114,38,76
05/30/2019 11:00:00 AM,69,31,38
05/30/2019 12:00:00 PM,69,35,34
05/30/2019 01:00:00 PM,83,44,39
05/30/2019 02:00:00 PM,94,62,32
05/30/2019 03:00:00 PM,142,104,38
05/30/2019 04:00:00 PM,316,256,60
05/30/2019 05:00:00 PM,602,516,86
05/30/2019 06:00:00 PM,369,304,65
05/30/2019 07:00:00 PM,196,139,57
05/30/2019 08:00:00 PM,120,85,35
05/30/2019 09:00:00 PM,74,41,33
05/30/2019 10:00:00 PM,33,23,10
05/30/2019 11:00:00 PM,19,15,4
05/31/2019 12:00:00 AM,15,8,7
05/31/2019 01:00:00 AM,6,4,2
05/31/2019 02:00:00 AM,0,0,0
05/31/2019 03:00:00 AM,0,0,0
05/31/2019 04:00:00 AM,6,2,4
05/31/2019 05:00:00 AM,19,5,14
05/31/2019 06:00:00 AM,89,17,72
05/31/2019 07:00:00 AM,282,33,249
05/31/2019 08:00:00 AM,415,44,371
05/31/2019 09:00:00 AM,245,41,204
05/31/2019 10:00:00 AM,91,22,69
05/31/2019 11:00:00 AM,68,29,39
05/31/2019 12:00:00 PM,71,35,36
05/31/2019 01:00:00 PM,76,52,24
05/31/2019 02:00:00 PM,118,66,52
05/31/2019 03:00:00 PM,180,132,48
05/31/2019 04:00:00 PM,361,301,60
05/31/2019 05:00:00 PM,489,411,78
05/31/2019 06:00:00 PM,296,246,50
05/31/2019 07:00:00 PM,160,107,53
05/31/2019 08:00:00 PM,104,62,42
05/31/2019 09:00:00 PM,63,35,28
05/31/2019 10:00:00 PM,53,36,17
05/31/2019 11:00:00 PM,42,24,18
06/01/2019 12:00:00 AM,12,10,2
06/01/2019 01:00:00 AM,12,9,3
06/01/2019 02:00:00 AM,5,3,2
06/01/2019 03:00:00 AM,4,1,3
06/01/2019 04:00:00 AM,5,3,2
06/01/2019 05:00:00 AM,8,2,6
06/01/2019 06:00:00 AM,8,3,5
06/01/2019 07:00:00 AM,35,15,20
06/01/2019 08:00:00 AM,48,22,26
06/01/2019 09:00:00 AM,50,27,23
06/01/2019 10:00:00 AM,91,49,42
06/01/2019 11:00:00 AM,96,43,53
06/01/2019 12:00:00 PM,89,46,43
06/01/2019 01:00:00 PM,123,71,52
06/01/2019 02:00:00 PM,137,83,54
06/01/2019 03:00:00 PM,169,89,80
06/01/2019 04:00:00 PM,200,115,85
06/01/2019 05:00:00 PM,152,80,72
06/01/2019 06:00:00 PM,140,68,72
06/01/2019 07:00:00 PM,89,43,46
06/01/2019 08:00:00 PM,75,41,34
06/01/2019 09:00:00 PM,55,24,31
06/01/2019 10:00:00 PM,39,20,19
06/01/2019 11:00:00 PM,26,14,12
06/02/2019 12:00:00 AM,6,2,4
06/02/2019 01:00:00 AM,15,10,5
06/02/2019 02:00:00 AM,8,7,1
06/02/2019 03:00:00 AM,2,1,1
06/02/2019 04:00:00 AM,3,3,0
06/02/2019 05:00:00 AM,3,1,2
06/02/2019 06:00:00 AM,12,6,6
06/02/2019 07:00:00 AM,28,12,16
06/02/2019 08:00:00 AM,42,24,18
06/02/2019 09:00:00 AM,63,38,25
06/02/2019 10:00:00 AM,101,58,43
06/02/2019 11:00:00 AM,121,78,43
06/02/2019 12:00:00 PM,181,108,73
06/02/2019 01:00:00 PM,145,76,69
06/02/2019 02:00:00 PM,192,97,95
06/02/2019 03:00:00 PM,200,113,87
06/02/2019 04:00:00 PM,168,75,93
06/02/2019 05:00:00 PM,147,74,73
06/02/2019 06:00:00 PM,92,43,49
06/02/2019 07:00:00 PM,60,38,22
06/02/2019 08:00:00 PM,49,15,34
06/02/2019 09:00:00 PM,25,13,12
06/02/2019 10:00:00 PM,12,4,8
06/02/2019 11:00:00 PM,6,5,1
06/03/2019 12:00:00 AM,6,2,4
06/03/2019 01:00:00 AM,2,2,0
06/03/2019 02:00:00 AM,1,1,0
06/03/2019 03:00:00 AM,1,0,1
06/03/2019 04:00:00 AM,5,1,4
06/03/2019 05:00:00 AM,28,11,17
06/03/2019 06:00:00 AM,99,23,76
06/03/2019 07:00:00 AM,296,36,260
06/03/2019 08:00:00 AM,458,42,416
06/03/2019 09:00:00 AM,289,49,240
06/03/2019 10:00:00 AM,105,22,83
06/03/2019 11:00:00 AM,77,18,59
06/03/2019 12:00:00 PM,49,25,24
06/03/2019 01:00:00 PM,62,29,33
06/03/2019 02:00:00 PM,68,44,24
06/03/2019 03:00:00 PM,117,81,36
06/03/2019 04:00:00 PM,311,269,42
06/03/2019 05:00:00 PM,523,455,68
06/03/2019 06:00:00 PM,366,300,66
06/03/2019 07:00:00 PM,172,126,46
06/03/2019 08:00:00 PM,85,57,28
06/03/2019 09:00:00 PM,59,36,23
06/03/2019 10:00:00 PM,25,17,8
06/03/2019 11:00:00 PM,16,13,3
06/04/2019 12:00:00 AM,1,0,1
06/04/2019 01:00:00 AM,5,4,1
06/04/2019 02:00:00 AM,2,1,1
06/04/2019 03:00:00 AM,3,3,0
06/04/2019 04:00:00 AM,10,5,5
06/04/2019 05:00:00 AM,30,10,20
06/04/2019 06:00:00 AM,120,20,100
06/04/2019 07:00:00 AM,303,31,272
06/04/2019 08:00:00 AM,476,49,427
06/04/2019 09:00:00 AM,287,46,241
06/04/2019 10:00:00 AM,127,38,89
06/04/2019 11:00:00 AM,74,29,45
06/04/2019 12:00:00 PM,76,35,41
06/04/2019 01:00:00 PM,81,36,45
06/04/2019 02:00:00 PM,80,43,37
06/04/2019 03:00:00 PM,144,102,42
06/04/2019 04:00:00 PM,342,278,64
06/04/2019 05:00:00 PM,596,504,92
06/04/2019 06:00:00 PM,397,319,78
06/04/2019 07:00:00 PM,201,153,48
06/04/2019 08:00:00 PM,110,66,44
06/04/2019 09:00:00 PM,63,41,22
06/04/2019 10:00:00 PM,30,20,10
06/04/2019 11:00:00 PM,15,10,5
06/05/2019 12:00:00 AM,16,10,6
06/05/2019 01:00:00 AM,9,6,3
06/05/2019 02:00:00 AM,1,1,0
06/05/2019 03:00:00 AM,1,0,1
06/05/2019 04:00:00 AM,8,3,5
06/05/2019 05:00:00 AM,29,7,22
06/05/2019 06:00:00 AM,121,24,97
06/05/2019 07:00:00 AM,302,31,271
06/05/2019 08:00:00 AM,470,56,414
06/05/2019 09:00:00 AM,289,41,248
06/05/2019 10:00:00 AM,111,29,82
06/05/2019 11:00:00 AM,76,30,46
06/05/2019 12:00:00 PM,60,24,36
06/05/2019 01:00:00 PM,69,34,35
06/05/2019 02:00:00 PM,81,44,37
06/05/2019 03:00:00 PM,150,117,33
06/05/2019 04:00:00 PM,384,335,49
06/05/2019 05:00:00 PM,512,440,72
06/05/2019 06:00:00 PM,286,242,44
06/05/2019 07:00:00 PM,123,84,39
06/05/2019 08:00:00 PM,97,56,41
06/05/2019 09:00:00 PM,57,31,26
06/05/2019 10:00:00 PM,22,19,3
06/05/2019 11:00:00 PM,11,11,0
06/06/2019 12:00:00 AM,6,3,3
06/06/2019 01:00:00 AM,3,2,1
06/06/2019 02:00:00 AM,0,0,0
06/06/2019 03:00:00 AM,2,1,1
06/06/2019 04:00:00 AM,10,3,7
06/06/2019 05:00:00 AM,35,10,25
06/06/2019 06:00:00 AM,100,17,83
06/06/2019 07:00:00 AM,297,32,265
06/06/2019 08:00:00 AM,368,50,318
06/06/2019 09:00:00 AM,188,29,159
06/06/2019 10:00:00 AM,87,22,65
06/06/2019 11:00:00 AM,77,25,52
06/06/2019 12:00:00 PM,71,32,39
06/06/2019 01:00:00 PM,79,45,34
06/06/2019 02:00:00 PM,90,52,38
06/06/2019 03:00:00 PM,98,78,20
06/06/2019 04:00:00 PM,279,234,45
06/06/2019 05:00:00 PM,478,404,74
06/06/2019 06:00:00 PM,242,209,33
06/06/2019 07:00:00 PM,110,73,37
06/06/2019 08:00:00 PM,79,55,24
06/06/2019 09:00:00 PM,51,29,22
06/06/2019 10:00:00 PM,25,13,12
06/06/2019 11:00:00 PM,7,2,5
06/07/2019 12:00:00 AM,7,6,1
06/07/2019 01:00:00 AM,3,2,1
06/07/2019 02:00:00 AM,1,1,0
06/07/2019 03:00:00 AM,0,0,0
06/07/2019 04:00:00 AM,9,7,2
06/07/2019 05:00:00 AM,11,1,10
06/07/2019 06:00:00 AM,76,10,66
06/07/2019 07:00:00 AM,234,29,205
06/07/2019 08:00:00 AM,288,48,240
06/07/2019 09:00:00 AM,136,24,112
06/07/2019 10:00:00 AM,78,21,57
06/07/2019 11:00:00 AM,54,32,22
06/07/2019 12:00:00 PM,56,24,32
06/07/2019 01:00:00 PM,45,28,17
06/07/2019 02:00:00 PM,57,47,10
06/07/2019 03:00:00 PM,127,91,36
06/07/2019 04:00:00 PM,246,216,30
06/07/2019 05:00:00 PM,261,228,33
06/07/2019 06:00:00 PM,107,91,16
06/07/2019 07:00:00 PM,60,50,10
06/07/2019 08:00:00 PM,50,32,18
06/07/2019 09:00:00 PM,23,18,5
06/07/2019 10:00:00 PM,12,9,3
06/07/2019 11:00:00 PM,11,6,5
06/08/2019 12:00:00 AM,7,3,4
06/08/2019 01:00:00 AM,6,6,0
06/08/2019 02:00:00 AM,4,3,1
06/08/2019 03:00:00 AM,1,1,0
06/08/2019 04:00:00 AM,3,2,1
06/08/2019 05:00:00 AM,5,2,3
06/08/2019 06:00:00 AM,26,8,18
06/08/2019 07:00:00 AM,38,22,16
06/08/2019 08:00:00 AM,64,33,31
06/08/2019 09:00:00 AM,47,22,25
06/08/2019 10:00:00 AM,83,41,42
06/08/2019 11:00:00 AM,134,71,63
06/08/2019 12:00:00 PM,146,83,63
06/08/2019 01:00:00 PM,170,113,57
06/08/2019 02:00:00 PM,172,110,62
06/08/2019 03:00:00 PM,202,112,90
06/08/2019 04:00:00 PM,194,106,88
06/08/2019 05:00:00 PM,148,77,71
06/08/2019 06:00:00 PM,109,48,61
06/08/2019 07:00:00 PM,94,38,56
06/08/2019 08:00:00 PM,62,32,30
06/08/2019 09:00:00 PM,31,7,24
06/08/2019 10:00:00 PM,15,10,5
06/08/2019 11:00:00 PM,19,14,5
06/09/2019 12:00:00 AM,9,4,5
06/09/2019 01:00:00 AM,7,4,3
06/09/2019 02:00:00 AM,7,6,1
06/09/2019 03:00:00 AM,0,0,0
06/09/2019 04:00:00 AM,4,2,2
06/09/2019 05:00:00 AM,12,3,9
06/09/2019 06:00:00 AM,29,16,13
06/09/2019 07:00:00 AM,65,28,37
06/09/2019 08:00:00 AM,83,39,44
06/09/2019 09:00:00 AM,89,40,49
06/09/2019 10:00:00 AM,113,64,49
06/09/2019 11:00:00 AM,115,70,45
06/09/2019 12:00:00 PM,179,112,67
06/09/2019 01:00:00 PM,148,74,74
06/09/2019 02:00:00 PM,156,87,69
06/09/2019 03:00:00 PM,175,80,95
06/09/2019 04:00:00 PM,146,83,63
06/09/2019 05:00:00 PM,135,67,68
06/09/2019 06:00:00 PM,116,47,69
06/09/2019 07:00:00 PM,58,32,26
06/09/2019 08:00:00 PM,65,29,36
06/09/2019 09:00:00 PM,22,15,7
06/09/2019 10:00:00 PM,22,7,15
06/09/2019 11:00:00 PM,11,4,7
06/10/2019 12:00:00 AM,5,4,1
06/10/2019 01:00:00 AM,4,2,2
06/10/2019 02:00:00 AM,2,0,2
06/10/2019 03:00:00 AM,2,1,1
06/10/2019 04:00:00 AM,9,3,6
06/10/2019 05:00:00 AM,37,8,29
06/10/2019 06:00:00 AM,112,22,90
06/10/2019 07:00:00 AM,384,38,346
06/10/2019 08:00:00 AM,462,60,402
06/10/2019 09:00:00 AM,269,40,229
06/10/2019 10:00:00 AM,108,43,65
06/10/2019 11:00:00 AM,105,32,73
06/10/2019 12:00:00 PM,83,33,50
06/10/2019 01:00:00 PM,79,42,37
06/10/2019 02:00:00 PM,101,63,38
06/10/2019 03:00:00 PM,177,121,56
06/10/2019 04:00:00 PM,399,353,46
06/10/2019 05:00:00 PM,619,535,84
06/10/2019 06:00:00 PM,323,271,52
06/10/2019 07:00:00 PM,146,106,40
06/10/2019 08:00:00 PM,84,54,30
06/10/2019 09:00:00 PM,45,30,15
06/10/2019 10:00:00 PM,28,13,15
06/10/2019 11:00:00 PM,8,5,3
06/11/2019 12:00:00 AM,8,8,0
06/11/2019 01:00:00 AM,1,0,1
06/11/2019 02:00:00 AM,4,1,3
06/11/2019 03:00:00 AM,2,0,2
06/11/2019 04:00:00 AM,8,2,6
06/11/2019 05:00:00 AM,47,9,38
06/11/2019 06:00:00 AM,180,29,151
06/11/2019 07:00:00 AM,437,41,396
06/11/2019 08:00:00 AM,555,70,485
06/11/2019 09:00:00 AM,238,49,189
06/11/2019 10:00:00 AM,114,41,73
06/11/2019 11:00:00 AM,81,35,46
06/11/2019 12:00:00 PM,65,35,30
06/11/2019 01:00:00 PM,90,54,36
06/11/2019 02:00:00 PM,118,76,42
06/11/2019 03:00:00 PM,161,112,49
06/11/2019 04:00:00 PM,471,398,73
06/11/2019 05:00:00 PM,696,606,90
06/11/2019 06:00:00 PM,369,298,71
06/11/2019 07:00:00 PM,223,167,56
06/11/2019 08:00:00 PM,123,73,50
06/11/2019 09:00:00 PM,71,40,31
06/11/2019 10:00:00 PM,42,24,18
06/11/2019 11:00:00 PM,18,11,7
06/12/2019 12:00:00 AM,5,3,2
06/12/2019 01:00:00 AM,3,3,0
06/12/2019 02:00:00 AM,4,2,2
06/12/2019 03:00:00 AM,0,0,0
06/12/2019 04:00:00 AM,14,7,7
06/12/2019 05:00:00 AM,41,11,30
06/12/2019 06:00:00 AM,150,30,120
06/12/2019 07:00:00 AM,411,41,370
06/12/2019 08:00:00 AM,461,56,405
06/12/2019 09:00:00 AM,233,59,174
06/12/2019 10:00:00 AM,126,41,85
06/12/2019 11:00:00 AM,69,28,41
06/12/2019 12:00:00 PM,93,41,52
06/12/2019 01:00:00 PM,76,39,37
06/12/2019 02:00:00 PM,94,62,32
06/12/2019 03:00:00 PM,176,131,45
06/12/2019 04:00:00 PM,410,333,77
06/12/2019 05:00:00 PM,602,518,84
06/12/2019 06:00:00 PM,323,271,52
06/12/2019 07:00:00 PM,164,117,47
06/12/2019 08:00:00 PM,130,85,45
06/12/2019 09:00:00 PM,86,36,50
06/12/2019 10:00:00 PM,42,26,16
06/12/2019 11:00:00 PM,23,10,13
06/13/2019 12:00:00 AM,14,11,3
06/13/2019 01:00:00 AM,2,2,0
06/13/2019 02:00:00 AM,0,0,0
06/13/2019 03:00:00 AM,3,2,1
06/13/2019 04:00:00 AM,11,5,6
06/13/2019 05:00:00 AM,44,11,33
06/13/2019 06:00:00 AM,142,25,117
06/13/2019 07:00:00 AM,394,49,345
06/13/2019 08:00:00 AM,466,47,419
06/13/2019 09:00:00 AM,254,40,214
06/13/2019 10:00:00 AM,117,38,79
06/13/2019 11:00:00 AM,63,23,40
06/13/2019 12:00:00 PM,108,63,45
06/13/2019 01:00:00 PM,73,32,41
06/13/2019 02:00:00 PM,103,67,36
06/13/2019 03:00:00 PM,205,149,56
06/13/2019 04:00:00 PM,392,337,55
06/13/2019 05:00:00 PM,589,494,95
06/13/2019 06:00:00 PM,343,267,76
06/13/2019 07:00:00 PM,169,119,50
06/13/2019 08:00:00 PM,110,63,47
06/13/2019 09:00:00 PM,73,45,28
06/13/2019 10:00:00 PM,38,23,15
06/13/2019 11:00:00 PM,17,9,8
06/14/2019 12:00:00 AM,10,8,2
06/14/2019 01:00:00 AM,4,4,0
06/14/2019 02:00:00 AM,2,1,1
06/14/2019 03:00:00 AM,0,0,0
06/14/2019 04:00:00 AM,16,9,7
06/14/2019 05:00:00 AM,20,2,18
06/14/2019 06:00:00 AM,95,15,80
06/14/2019 07:00:00 AM,296,29,267
06/14/2019 08:00:00 AM,382,48,334
06/14/2019 09:00:00 AM,176,31,145
06/14/2019 10:00:00 AM,98,29,69
06/14/2019 11:00:00 AM,103,43,60
06/14/2019 12:00:00 PM,93,40,53
06/14/2019 01:00:00 PM,94,61,33
06/14/2019 02:00:00 PM,152,107,45
06/14/2019 03:00:00 PM,216,153,63
06/14/2019 04:00:00 PM,403,345,58
06/14/2019 05:00:00 PM,398,337,61
06/14/2019 06:00:00 PM,245,188,57
06/14/2019 07:00:00 PM,148,87,61
06/14/2019 08:00:00 PM,81,47,34
06/14/2019 09:00:00 PM,52,23,29
06/14/2019 10:00:00 PM,23,10,13
06/14/2019 11:00:00 PM,23,17,6
06/15/2019 12:00:00 AM,23,13,10
06/15/2019 01:00:00 AM,9,7,2
06/15/2019 02:00:00 AM,0,0,0
06/15/2019 03:00:00 AM,2,1,1
06/15/2019 04:00:00 AM,2,1,1
06/15/2019 05:00:00 AM,1,0,1
06/15/2019 06:00:00 AM,21,6,15
06/15/2019 07:00:00 AM,43,28,15
06/15/2019 08:00:00 AM,46,29,17
06/15/2019 09:00:00 AM,79,42,37
06/15/2019 10:00:00 AM,81,39,42
06/15/2019 11:00:00 AM,98,49,49
06/15/2019 12:00:00 PM,108,66,42
06/15/2019 01:00:00 PM,143,78,65
06/15/2019 02:00:00 PM,147,85,62
06/15/2019 03:00:00 PM,156,83,73
06/15/2019 04:00:00 PM,166,99,67
06/15/2019 05:00:00 PM,175,95,80
06/15/2019 06:00:00 PM,119,51,68
06/15/2019 07:00:00 PM,92,46,46
06/15/2019 08:00:00 PM,82,41,41
06/15/2019 09:00:00 PM,58,22,36
06/15/2019 10:00:00 PM,38,22,16
06/15/2019 11:00:00 PM,18,8,10
06/16/2019 12:00:00 AM,9,6,3
06/16/2019 01:00:00 AM,8,3,5
06/16/2019 02:00:00 AM,1,1,0
06/16/2019 03:00:00 AM,0,0,0
06/16/2019 04:00:00 AM,4,4,0
06/16/2019 05:00:00 AM,6,4,2
06/16/2019 06:00:00 AM,18,6,12
06/16/2019 07:00:00 AM,25,20,5
06/16/2019 08:00:00 AM,68,37,31
06/16/2019 09:00:00 AM,87,46,41
06/16/2019 10:00:00 AM,74,42,32
06/16/2019 11:00:00 AM,173,77,96
06/16/2019 12:00:00 PM,230,81,149
06/16/2019 01:00:00 PM,170,92,78
06/16/2019 02:00:00 PM,274,197,77
06/16/2019 03:00:00 PM,232,147,85
06/16/2019 04:00:00 PM,160,82,78
06/16/2019 05:00:00 PM,117,60,57
06/16/2019 06:00:00 PM,91,47,44
06/16/2019 07:00:00 PM,84,42,42
06/16/2019 08:00:00 PM,56,28,28
06/16/2019 09:00:00 PM,45,15,30
06/16/2019 10:00:00 PM,14,10,4
06/16/2019 11:00:00 PM,11,6,5
06/17/2019 12:00:00 AM,4,2,2
06/17/2019 01:00:00 AM,5,3,2
06/17/2019 02:00:00 AM,1,1,0
06/17/2019 03:00:00 AM,0,0,0
06/17/2019 04:00:00 AM,13,9,4
06/17/2019 05:00:00 AM,30,5,25
06/17/2019 06:00:00 AM,124,18,106
06/17/2019 07:00:00 AM,375,41,334
06/17/2019 08:00:00 AM,444,48,396
06/17/2019 09:00:00 AM,242,45,197
06/17/2019 10:00:00 AM,82,21,61
06/17/2019 11:00:00 AM,70,29,41
06/17/2019 12:00:00 PM,66,27,39
06/17/2019 01:00:00 PM,83,46,37
06/17/2019 02:00:00 PM,64,45,19
06/17/2019 03:00:00 PM,163,112,51
06/17/2019 04:00:00 PM,407,339,68
06/17/2019 05:00:00 PM,560,502,58
06/17/2019 06:00:00 PM,321,249,72
06/17/2019 07:00:00 PM,174,114,60
06/17/2019 08:00:00 PM,84,59,25
06/17/2019 09:00:00 PM,58,29,29
06/17/2019 10:00:00 PM,25,16,9
06/17/2019 11:00:00 PM,8,6,2
06/18/2019 12:00:00 AM,11,7,4
06/18/2019 01:00:00 AM,4,3,1
06/18/2019 02:00:00 AM,1,1,0
06/18/2019 03:00:00 AM,2,1,1
06/18/2019 04:00:00 AM,11,3,8
06/18/2019 05:00:00 AM,26,4,22
06/18/2019 06:00:00 AM,88,11,77
06/18/2019 07:00:00 AM,264,29,235
06/18/2019 08:00:00 AM,314,33,281
06/18/2019 09:00:00 AM,165,32,133
06/18/2019 10:00:00 AM,68,18,50
06/18/2019 11:00:00 AM,38,17,21
06/18/2019 12:00:00 PM,52,16,36
06/18/2019 01:00:00 PM,57,42,15
06/18/2019 02:00:00 PM,59,31,28
06/18/2019 03:00:00 PM,108,84,24
06/18/2019 04:00:00 PM,309,254,55
06/18/2019 05:00:00 PM,437,368,69
06/18/2019 06:00:00 PM,235,189,46
06/18/2019 07:00:00 PM,101,68,33
06/18/2019 08:00:00 PM,71,48,23
06/18/2019 09:00:00 PM,38,27,11
06/18/2019 10:00:00 PM,24,15,9
06/18/2019 11:00:00 PM,11,9,2
06/19/2019 12:00:00 AM,6,3,3
06/19/2019 01:00:00 AM,2,2,0
06/19/2019 02:00:00 AM,1,0,1
06/19/2019 03:00:00 AM,1,0,1
06/19/2019 04:00:00 AM,10,4,6
06/19/2019 05:00:00 AM,36,7,29
06/19/2019 06:00:00 AM,127,22,105
06/19/2019 07:00:00 AM,356,32,324
06/19/2019 08:00:00 AM,430,50,380
06/19/2019 09:00:00 AM,233,42,191
06/19/2019 10:00:00 AM,106,33,73
06/19/2019 11:00:00 AM,73,28,45
06/19/2019 12:00:00 PM,87,45,42
06/19/2019 01:00:00 PM,78,37,41
06/19/2019 02:00:00 PM,96,60,36
06/19/2019 03:00:00 PM,131,96,35
06/19/2019 04:00:00 PM,397,324,73
06/19/2019 05:00:00 PM,574,489,85
06/19/2019 06:00:00 PM,303,239,64
06/19/2019 07:00:00 PM,176,140,36
06/19/2019 08:00:00 PM,63,35,28
06/19/2019 09:00:00 PM,33,20,13
06/19/2019 10:00:00 PM,13,7,6
06/19/2019 11:00:00 PM,8,5,3
06/20/2019 12:00:00 AM,3,2,1
06/20/2019 01:00:00 AM,2,2,0
06/20/2019 02:00:00 AM,1,0,1
06/20/2019 03:00:00 AM,0,0,0
06/20/2019 04:00:00 AM,5,2,3
06/20/2019 05:00:00 AM,27,8,19
06/20/2019 06:00:00 AM,108,18,90
06/20/2019 07:00:00 AM,313,34,279
06/20/2019 08:00:00 AM,383,43,340
06/20/2019 09:00:00 AM,213,30,183
06/20/2019 10:00:00 AM,116,37,79
06/20/2019 11:00:00 AM,84,34,50
06/20/2019 12:00:00 PM,86,45,41
06/20/2019 01:00:00 PM,77,44,33
06/20/2019 02:00:00 PM,98,63,35
06/20/2019 03:00:00 PM,139,95,44
06/20/2019 04:00:00 PM,356,295,61
06/20/2019 05:00:00 PM,480,404,76
06/20/2019 06:00:00 PM,327,257,70
06/20/2019 07:00:00 PM,166,119,47
06/20/2019 08:00:00 PM,99,56,43
06/20/2019 09:00:00 PM,54,32,22
06/20/2019 10:00:00 PM,28,16,12
06/20/2019 11:00:00 PM,20,15,5
06/21/2019 12:00:00 AM,7,5,2
06/21/2019 01:00:00 AM,2,2,0
06/21/2019 02:00:00 AM,2,2,0
06/21/2019 03:00:00 AM,1,1,0
06/21/2019 04:00:00 AM,8,5,3
06/21/2019 05:00:00 AM,23,7,16
06/21/2019 06:00:00 AM,95,11,84
06/21/2019 07:00:00 AM,266,35,231
06/21/2019 08:00:00 AM,341,45,296
06/21/2019 09:00:00 AM,195,49,146
06/21/2019 10:00:00 AM,89,29,60
06/21/2019 11:00:00 AM,89,44,45
06/21/2019 12:00:00 PM,108,56,52
06/21/2019 01:00:00 PM,104,67,37
06/21/2019 02:00:00 PM,119,72,47
06/21/2019 03:00:00 PM,178,131,47
06/21/2019 04:00:00 PM,373,297,76
06/21/2019 05:00:00 PM,403,332,71
06/21/2019 06:00:00 PM,261,204,57
06/21/2019 07:00:00 PM,141,86,55
06/21/2019 08:00:00 PM,81,47,34
06/21/2019 09:00:00 PM,53,32,21
06/21/2019 10:00:00 PM,33,27,6
06/21/2019 11:00:00 PM,29,15,14
06/22/2019 12:00:00 AM,21,13,8
06/22/2019 01:00:00 AM,9,4,5
06/22/2019 02:00:00 AM,2,0,2
06/22/2019 03:00:00 AM,5,4,1
06/22/2019 04:00:00 AM,6,5,1
06/22/2019 05:00:00 AM,5,1,4
06/22/2019 06:00:00 AM,17,10,7
06/22/2019 07:00:00 AM,53,34,19
06/22/2019 08:00:00 AM,68,36,32
06/22/2019 09:00:00 AM,122,88,34
06/22/2019 10:00:00 AM,175,132,43
06/22/2019 11:00:00 AM,208,172,36
06/22/2019 12:00:00 PM,386,346,40
06/22/2019 01:00:00 PM,267,188,79
06/22/2019 02:00:00 PM,239,95,144
06/22/2019 03:00:00 PM,312,115,197
06/22/2019 04:00:00 PM,256,87,169
06/22/2019 05:00:00 PM,225,81,144
06/22/2019 06:00:00 PM,143,57,86
06/22/2019 07:00:00 PM,135,46,89
06/22/2019 08:00:00 PM,68,20,48
06/22/2019 09:00:00 PM,54,21,33
06/22/2019 10:00:00 PM,27,10,17
06/22/2019 11:00:00 PM,20,13,7
06/23/2019 12:00:00 AM,16,4,12
06/23/2019 01:00:00 AM,11,4,7
06/23/2019 02:00:00 AM,4,2,2
06/23/2019 03:00:00 AM,2,0,2
06/23/2019 04:00:00 AM,3,3,0
06/23/2019 05:00:00 AM,3,1,2
06/23/2019 06:00:00 AM,10,5,5
06/23/2019 07:00:00 AM,14,4,10
06/23/2019 08:00:00 AM,15,5,10
06/23/2019 09:00:00 AM,35,17,18
06/23/2019 10:00:00 AM,64,42,22
06/23/2019 11:00:00 AM,77,40,37
06/23/2019 12:00:00 PM,86,53,33
06/23/2019 01:00:00 PM,82,44,38
06/23/2019 02:00:00 PM,97,59,38
06/23/2019 03:00:00 PM,130,72,58
06/23/2019 04:00:00 PM,92,50,42
06/23/2019 05:00:00 PM,67,32,35
06/23/2019 06:00:00 PM,57,32,25
06/23/2019 07:00:00 PM,37,17,20
06/23/2019 08:00:00 PM,17,7,10
06/23/2019 09:00:00 PM,13,7,6
06/23/2019 10:00:00 PM,8,7,1
06/23/2019 11:00:00 PM,13,9,4
06/24/2019 12:00:00 AM,3,1,2
06/24/2019 01:00:00 AM,0,0,0
06/24/2019 02:00:00 AM,5,0,5
06/24/2019 03:00:00 AM,0,0,0
06/24/2019 04:00:00 AM,8,4,4
06/24/2019 05:00:00 AM,27,10,17
06/24/2019 06:00:00 AM,100,22,78
06/24/2019 07:00:00 AM,334,30,304
06/24/2019 08:00:00 AM,396,47,349
06/24/2019 09:00:00 AM,203,33,170
06/24/2019 10:00:00 AM,61,9,52
06/24/2019 11:00:00 AM,64,23,41
06/24/2019 12:00:00 PM,57,22,35
06/24/2019 01:00:00 PM,73,39,34
06/24/2019 02:00:00 PM,83,51,32
06/24/2019 03:00:00 PM,138,97,41
06/24/2019 04:00:00 PM,340,285,55
06/24/2019 05:00:00 PM,556,477,79
06/24/2019 06:00:00 PM,348,284,64
06/24/2019 07:00:00 PM,139,103,36
06/24/2019 08:00:00 PM,94,58,36
06/24/2019 09:00:00 PM,56,28,28
06/24/2019 10:00:00 PM,38,17,21
06/24/2019 11:00:00 PM,11,7,4
06/25/2019 12:00:00 AM,4,2,2
06/25/2019 01:00:00 AM,1,1,0
06/25/2019 02:00:00 AM,1,0,1
06/25/2019 03:00:00 AM,2,2,0
06/25/2019 04:00:00 AM,6,1,5
06/25/2019 05:00:00 AM,42,10,32
06/25/2019 06:00:00 AM,147,23,124
06/25/2019 07:00:00 AM,401,46,355
06/25/2019 08:00:00 AM,472,55,417
06/25/2019 09:00:00 AM,260,49,211
06/25/2019 10:00:00 AM,100,19,81
06/25/2019 11:00:00 AM,85,38,47
06/25/2019 12:00:00 PM,78,43,35
06/25/2019 01:00:00 PM,84,45,39
06/25/2019 02:00:00 PM,97,68,29
06/25/2019 03:00:00 PM,191,128,63
06/25/2019 04:00:00 PM,410,349,61
06/25/2019 05:00:00 PM,648,557,91
06/25/2019 06:00:00 PM,384,300,84
06/25/2019 07:00:00 PM,176,130,46
06/25/2019 08:00:00 PM,85,49,36
06/25/2019 09:00:00 PM,46,26,20
06/25/2019 10:00:00 PM,35,21,14
06/25/2019 11:00:00 PM,14,7,7
06/26/2019 12:00:00 AM,8,7,1
06/26/2019 01:00:00 AM,2,2,0
06/26/2019 02:00:00 AM,2,1,1
06/26/2019 03:00:00 AM,4,1,3
06/26/2019 04:00:00 AM,11,3,8
06/26/2019 05:00:00 AM,40,11,29
06/26/2019 06:00:00 AM,119,20,99
06/26/2019 07:00:00 AM,376,42,334
06/26/2019 08:00:00 AM,426,45,381
06/26/2019 09:00:00 AM,208,42,166
06/26/2019 10:00:00 AM,107,39,68
06/26/2019 11:00:00 AM,64,24,40
06/26/2019 12:00:00 PM,88,35,53
06/26/2019 01:00:00 PM,91,52,39
06/26/2019 02:00:00 PM,96,56,40
06/26/2019 03:00:00 PM,149,108,41
06/26/2019 04:00:00 PM,328,282,46
06/26/2019 05:00:00 PM,459,404,55
06/26/2019 06:00:00 PM,265,214,51
06/26/2019 07:00:00 PM,123,98,25
06/26/2019 08:00:00 PM,76,50,26
06/26/2019 09:00:00 PM,57,34,23
06/26/2019 10:00:00 PM,19,17,2
06/26/2019 11:00:00 PM,12,10,2
06/27/2019 12:00:00 AM,5,4,1
06/27/2019 01:00:00 AM,4,2,2
06/27/2019 02:00:00 AM,0,0,0
06/27/2019 03:00:00 AM,1,0,1
06/27/2019 04:00:00 AM,8,1,7
06/27/2019 05:00:00 AM,30,7,23
06/27/2019 06:00:00 AM,88,23,65
06/27/2019 07:00:00 AM,229,37,192
06/27/2019 08:00:00 AM,289,35,254
06/27/2019 09:00:00 AM,170,27,143
06/27/2019 10:00:00 AM,85,28,57
06/27/2019 11:00:00 AM,62,24,38
06/27/2019 12:00:00 PM,53,24,29
06/27/2019 01:00:00 PM,72,37,35
06/27/2019 02:00:00 PM,91,55,36
06/27/2019 03:00:00 PM,129,82,47
06/27/2019 04:00:00 PM,266,218,48
06/27/2019 05:00:00 PM,421,348,73
06/27/2019 06:00:00 PM,245,189,56
06/27/2019 07:00:00 PM,140,96,44
06/27/2019 08:00:00 PM,78,45,33
06/27/2019 09:00:00 PM,32,15,17
06/27/2019 10:00:00 PM,28,19,9
06/27/2019 11:00:00 PM,13,8,5
06/28/2019 12:00:00 AM,8,3,5
06/28/2019 01:00:00 AM,2,2,0
06/28/2019 02:00:00 AM,0,0,0
06/28/2019 03:00:00 AM,3,2,1
06/28/2019 04:00:00 AM,8,2,6
06/28/2019 05:00:00 AM,30,11,19
06/28/2019 06:00:00 AM,100,21,79
06/28/2019 07:00:00 AM,261,40,221
06/28/2019 08:00:00 AM,338,48,290
06/28/2019 09:00:00 AM,230,35,195
06/28/2019 10:00:00 AM,78,28,50
06/28/2019 11:00:00 AM,92,38,54
06/28/2019 12:00:00 PM,82,40,42
06/28/2019 01:00:00 PM,91,59,32
06/28/2019 02:00:00 PM,123,81,42
06/28/2019 03:00:00 PM,198,132,66
06/28/2019 04:00:00 PM,378,300,78
06/28/2019 05:00:00 PM,403,334,69
06/28/2019 06:00:00 PM,237,174,63
06/28/2019 07:00:00 PM,130,82,48
06/28/2019 08:00:00 PM,100,53,47
06/28/2019 09:00:00 PM,61,38,23
06/28/2019 10:00:00 PM,28,14,14
06/28/2019 11:00:00 PM,26,12,14
06/29/2019 12:00:00 AM,13,9,4
06/29/2019 01:00:00 AM,7,5,2
06/29/2019 02:00:00 AM,3,3,0
06/29/2019 03:00:00 AM,3,1,2
06/29/2019 04:00:00 AM,1,1,0
06/29/2019 05:00:00 AM,7,2,5
06/29/2019 06:00:00 AM,18,10,8
06/29/2019 07:00:00 AM,29,11,18
06/29/2019 08:00:00 AM,63,30,33
06/29/2019 09:00:00 AM,77,42,35
06/29/2019 10:00:00 AM,98,64,34
06/29/2019 11:00:00 AM,145,72,73
06/29/2019 12:00:00 PM,147,77,70
06/29/2019 01:00:00 PM,198,113,85
06/29/2019 02:00:00 PM,198,123,75
06/29/2019 03:00:00 PM,163,82,81
06/29/2019 04:00:00 PM,183,104,79
06/29/2019 05:00:00 PM,138,63,75
06/29/2019 06:00:00 PM,125,68,57
06/29/2019 07:00:00 PM,76,42,34
06/29/2019 08:00:00 PM,54,31,23
06/29/2019 09:00:00 PM,54,32,22
06/29/2019 10:00:00 PM,26,18,8
06/29/2019 11:00:00 PM,32,24,8
06/30/2019 12:00:00 AM,18,13,5
06/30/2019 01:00:00 AM,10,6,4
06/30/2019 02:00:00 AM,5,4,1
06/30/2019 03:00:00 AM,2,2,0
06/30/2019 04:00:00 AM,0,0,0
06/30/2019 05:00:00 AM,2,2,0
06/30/2019 06:00:00 AM,14,4,10
06/30/2019 07:00:00 AM,33,20,13
06/30/2019 08:00:00 AM,56,25,31
06/30/2019 09:00:00 AM,96,35,61
06/30/2019 10:00:00 AM,158,63,95
06/30/2019 11:00:00 AM,173,69,104
06/30/2019 12:00:00 PM,213,100,113
06/30/2019 01:00:00 PM,230,115,115
06/30/2019 02:00:00 PM,215,123,92
06/30/2019 03:00:00 PM,236,134,102
06/30/2019 04:00:00 PM,202,136,66
06/30/2019 05:00:00 PM,165,82,83
06/30/2019 06:00:00 PM,115,68,47
06/30/2019 07:00:00 PM,89,58,31
06/30/2019 08:00:00 PM,81,44,37
06/30/2019 09:00:00 PM,40,23,17
06/30/2019 10:00:00 PM,25,15,10
06/30/2019 11:00:00 PM,12,7,5
07/01/2019 12:00:00 AM,4,4,0
07/01/2019 01:00:00 AM,3,2,1
07/01/2019 02:00:00 AM,2,2,0
07/01/2019 03:00:00 AM,2,1,1
07/01/2019 04:00:00 AM,12,5,7
07/01/2019 05:00:00 AM,36,8,28
07/01/2019 06:00:00 AM,122,22,100
07/01/2019 07:00:00 AM,372,43,329
07/01/2019 08:00:00 AM,464,42,422
07/01/2019 09:00:00 AM,251,36,215
07/01/2019 10:00:00 AM,118,33,85
07/01/2019 11:00:00 AM,88,33,55
07/01/2019 12:00:00 PM,97,47,50
07/01/2019 01:00:00 PM,108,58,50
07/01/2019 02:00:00 PM,119,71,48
07/01/2019 03:00:00 PM,151,108,43
07/01/2019 04:00:00 PM,405,342,63
07/01/2019 05:00:00 PM,605,528,77
07/01/2019 06:00:00 PM,346,258,88
07/01/2019 07:00:00 PM,172,129,43
07/01/2019 08:00:00 PM,115,63,52
07/01/2019 09:00:00 PM,68,39,29
07/01/2019 10:00:00 PM,36,22,14
07/01/2019 11:00:00 PM,20,9,11
07/02/2019 12:00:00 AM,3,3,0
07/02/2019 01:00:00 AM,1,1,0
07/02/2019 02:00:00 AM,3,2,1
07/02/2019 03:00:00 AM,1,1,0
07/02/2019 04:00:00 AM,12,3,9
07/02/2019 05:00:00 AM,22,1,21
07/02/2019 06:00:00 AM,110,23,87
07/02/2019 07:00:00 AM,278,33,245
07/02/2019 08:00:00 AM,367,36,331
07/02/2019 09:00:00 AM,177,33,144
07/02/2019 10:00:00 AM,69,22,47
07/02/2019 11:00:00 AM,66,28,38
07/02/2019 12:00:00 PM,56,23,33
07/02/2019 01:00:00 PM,45,20,25
07/02/2019 02:00:00 PM,53,35,18
07/02/2019 03:00:00 PM,87,69,18
07/02/2019 04:00:00 PM,222,203,19
07/02/2019 05:00:00 PM,371,334,37
07/02/2019 06:00:00 PM,172,153,19
07/02/2019 07:00:00 PM,70,53,17
07/02/2019 08:00:00 PM,41,28,13
07/02/2019 09:00:00 PM,22,18,4
07/02/2019 10:00:00 PM,6,4,2
07/02/2019 11:00:00 PM,6,4,2
07/03/2019 12:00:00 AM,2,1,1
07/03/2019 01:00:00 AM,2,1,1
07/03/2019 02:00:00 AM,1,1,0
07/03/2019 03:00:00 AM,0,0,0
07/03/2019 04:00:00 AM,10,5,5
07/03/2019 05:00:00 AM,25,2,23
07/03/2019 06:00:00 AM,85,12,73
07/03/2019 07:00:00 AM,253,33,220
07/03/2019 08:00:00 AM,297,36,261
07/03/2019 09:00:00 AM,169,31,138
07/03/2019 10:00:00 AM,63,22,41
07/03/2019 11:00:00 AM,65,24,41
07/03/2019 12:00:00 PM,60,37,23
07/03/2019 01:00:00 PM,80,44,36
07/03/2019 02:00:00 PM,117,73,44
07/03/2019 03:00:00 PM,165,121,44
07/03/2019 04:00:00 PM,283,211,72
07/03/2019 05:00:00 PM,385,326,59
07/03/2019 06:00:00 PM,222,167,55
07/03/2019 07:00:00 PM,128,91,37
07/03/2019 08:00:00 PM,83,54,29
07/03/2019 09:00:00 PM,49,25,24
07/03/2019 10:00:00 PM,33,18,15
07/03/2019 11:00:00 PM,16,6,10
07/04/2019 12:00:00 AM,6,5,1
07/04/2019 01:00:00 AM,10,6,4
07/04/2019 02:00:00 AM,2,1,1
07/04/2019 03:00:00 AM,5,3,2
07/04/2019 04:00:00 AM,4,2,2
07/04/2019 05:00:00 AM,3,1,2
07/04/2019 06:00:00 AM,16,7,9
07/04/2019 07:00:00 AM,26,12,14
07/04/2019 08:00:00 AM,56,27,29
07/04/2019 09:00:00 AM,69,22,47
07/04/2019 10:00:00 AM,96,41,55
07/04/2019 11:00:00 AM,158,97,61
07/04/2019 12:00:00 PM,122,56,66
07/04/2019 01:00:00 PM,181,114,67
07/04/2019 02:00:00 PM,214,118,96
07/04/2019 03:00:00 PM,197,122,75
07/04/2019 04:00:00 PM,216,127,89
07/04/2019 05:00:00 PM,199,98,101
07/04/2019 06:00:00 PM,242,102,140
07/04/2019 07:00:00 PM,213,105,108
07/04/2019 08:00:00 PM,182,95,87
07/04/2019 09:00:00 PM,129,66,63
07/04/2019 10:00:00 PM,121,67,54
07/04/2019 11:00:00 PM,218,99,119
07/05/2019 12:00:00 AM,40,16,24
07/05/2019 01:00:00 AM,5,5,0
07/05/2019 02:00:00 AM,9,5,4
07/05/2019 03:00:00 AM,3,2,1
07/05/2019 04:00:00 AM,5,3,2
07/05/2019 05:00:00 AM,12,5,7
07/05/2019 06:00:00 AM,36,11,25
07/05/2019 07:00:00 AM,81,12,69
07/05/2019 08:00:00 AM,138,23,115
07/05/2019 09:00:00 AM,92,15,77
07/05/2019 10:00:00 AM,64,21,43
07/05/2019 11:00:00 AM,80,43,37
07/05/2019 12:00:00 PM,86,52,34
07/05/2019 01:00:00 PM,105,67,38
07/05/2019 02:00:00 PM,133,91,42
07/05/2019 03:00:00 PM,166,111,55
07/05/2019 04:00:00 PM,162,122,40
07/05/2019 05:00:00 PM,171,124,47
07/05/2019 06:00:00 PM,122,81,41
07/05/2019 07:00:00 PM,64,36,28
07/05/2019 08:00:00 PM,47,26,21
07/05/2019 09:00:00 PM,35,21,14
07/05/2019 10:00:00 PM,15,12,3
07/05/2019 11:00:00 PM,11,7,4
07/06/2019 12:00:00 AM,10,6,4
07/06/2019 01:00:00 AM,3,3,0
07/06/2019 02:00:00 AM,4,3,1
07/06/2019 03:00:00 AM,2,0,2
07/06/2019 04:00:00 AM,1,1,0
07/06/2019 05:00:00 AM,6,2,4
07/06/2019 06:00:00 AM,14,6,8
07/06/2019 07:00:00 AM,27,12,15
07/06/2019 08:00:00 AM,41,14,27
07/06/2019 09:00:00 AM,50,23,27
07/06/2019 10:00:00 AM,93,55,38
07/06/2019 11:00:00 AM,138,77,61
07/06/2019 12:00:00 PM,158,72,86
07/06/2019 01:00:00 PM,158,97,61
07/06/2019 02:00:00 PM,174,91,83
07/06/2019 03:00:00 PM,220,97,123
07/06/2019 04:00:00 PM,172,81,91
07/06/2019 05:00:00 PM,153,86,67
07/06/2019 06:00:00 PM,117,66,51
07/06/2019 07:00:00 PM,96,45,51
07/06/2019 08:00:00 PM,74,33,41
07/06/2019 09:00:00 PM,46,26,20
07/06/2019 10:00:00 PM,34,22,12
07/06/2019 11:00:00 PM,14,9,5
07/07/2019 12:00:00 AM,16,9,7
07/07/2019 01:00:00 AM,6,4,2
07/07/2019 02:00:00 AM,4,4,0
07/07/2019 03:00:00 AM,1,0,1
07/07/2019 04:00:00 AM,1,1,0
07/07/2019 05:00:00 AM,0,0,0
07/07/2019 06:00:00 AM,12,7,5
07/07/2019 07:00:00 AM,28,13,15
07/07/2019 08:00:00 AM,30,19,11
07/07/2019 09:00:00 AM,40,22,18
07/07/2019 10:00:00 AM,76,41,35
07/07/2019 11:00:00 AM,108,68,40
07/07/2019 12:00:00 PM,134,89,45
07/07/2019 01:00:00 PM,138,84,54
07/07/2019 02:00:00 PM,118,73,45
07/07/2019 03:00:00 PM,133,61,72
07/07/2019 04:00:00 PM,109,48,61
07/07/2019 05:00:00 PM,88,53,35
07/07/2019 06:00:00 PM,66,33,33
07/07/2019 07:00:00 PM,27,17,10
07/07/2019 08:00:00 PM,19,11,8
07/07/2019 09:00:00 PM,10,4,6
07/07/2019 10:00:00 PM,8,5,3
07/07/2019 11:00:00 PM,5,0,5
07/08/2019 12:00:00 AM,2,1,1
07/08/2019 01:00:00 AM,2,2,0
07/08/2019 02:00:00 AM,0,0,0
07/08/2019 03:00:00 AM,0,0,0
07/08/2019 04:00:00 AM,5,3,2
07/08/2019 05:00:00 AM,23,6,17
07/08/2019 06:00:00 AM,69,19,50
07/08/2019 07:00:00 AM,254,33,221
07/08/2019 08:00:00 AM,394,49,345
07/08/2019 09:00:00 AM,213,34,179
07/08/2019 10:00:00 AM,94,19,75
07/08/2019 11:00:00 AM,48,15,33
07/08/2019 12:00:00 PM,64,36,28
07/08/2019 01:00:00 PM,65,36,29
07/08/2019 02:00:00 PM,81,46,35
07/08/2019 03:00:00 PM,131,92,39
07/08/2019 04:00:00 PM,279,217,62
07/08/2019 05:00:00 PM,508,413,95
07/08/2019 06:00:00 PM,369,292,77
07/08/2019 07:00:00 PM,172,121,51
07/08/2019 08:00:00 PM,106,69,37
07/08/2019 09:00:00 PM,55,24,31
07/08/2019 10:00:00 PM,36,25,11
07/08/2019 11:00:00 PM,10,5,5
07/09/2019 12:00:00 AM,10,8,2
07/09/2019 01:00:00 AM,2,2,0
07/09/2019 02:00:00 AM,5,3,2
07/09/2019 03:00:00 AM,2,1,1
07/09/2019 04:00:00 AM,4,1,3
07/09/2019 05:00:00 AM,34,11,23
07/09/2019 06:00:00 AM,113,17,96
07/09/2019 07:00:00 AM,327,39,288
07/09/2019 08:00:00 AM,459,51,408
07/09/2019 09:00:00 AM,259,41,218
07/09/2019 10:00:00 AM,101,27,74
07/09/2019 11:00:00 AM,57,18,39
07/09/2019 12:00:00 PM,86,57,29
07/09/2019 01:00:00 PM,81,39,42
07/09/2019 02:00:00 PM,82,40,42
07/09/2019 03:00:00 PM,140,87,53
07/09/2019 04:00:00 PM,309,261,48
07/09/2019 05:00:00 PM,565,495,70
07/09/2019 06:00:00 PM,333,276,57
07/09/2019 07:00:00 PM,118,88,30
07/09/2019 08:00:00 PM,74,55,19
07/09/2019 09:00:00 PM,31,20,11
07/09/2019 10:00:00 PM,18,14,4
07/09/2019 11:00:00 PM,14,8,6
07/10/2019 12:00:00 AM,7,7,0
07/10/2019 01:00:00 AM,2,1,1
07/10/2019 02:00:00 AM,0,0,0
07/10/2019 03:00:00 AM,0,0,0
07/10/2019 04:00:00 AM,3,0,3
07/10/2019 05:00:00 AM,17,8,9
07/10/2019 06:00:00 AM,51,11,40
07/10/2019 07:00:00 AM,207,25,182
07/10/2019 08:00:00 AM,232,16,216
07/10/2019 09:00:00 AM,153,26,127
07/10/2019 10:00:00 AM,77,23,54
07/10/2019 11:00:00 AM,29,7,22
07/10/2019 12:00:00 PM,37,22,15
07/10/2019 01:00:00 PM,47,18,29
07/10/2019 02:00:00 PM,35,20,15
07/10/2019 03:00:00 PM,52,39,13
07/10/2019 04:00:00 PM,188,150,38
07/10/2019 05:00:00 PM,362,308,54
07/10/2019 06:00:00 PM,267,218,49
07/10/2019 07:00:00 PM,132,95,37
07/10/2019 08:00:00 PM,75,54,21
07/10/2019 09:00:00 PM,62,37,25
07/10/2019 10:00:00 PM,16,10,6
07/10/2019 11:00:00 PM,19,15,4
07/11/2019 12:00:00 AM,4,2,2
07/11/2019 01:00:00 AM,6,4,2
07/11/2019 02:00:00 AM,4,2,2
07/11/2019 03:00:00 AM,0,0,0
07/11/2019 04:00:00 AM,3,2,1
07/11/2019 05:00:00 AM,40,15,25
07/11/2019 06:00:00 AM,85,16,69
07/11/2019 07:00:00 AM,315,35,280
07/11/2019 08:00:00 AM,480,53,427
07/11/2019 09:00:00 AM,278,41,237
07/11/2019 10:00:00 AM,106,33,73
07/11/2019 11:00:00 AM,86,27,59
07/11/2019 12:00:00 PM,96,42,54
07/11/2019 01:00:00 PM,83,49,34
07/11/2019 02:00:00 PM,78,46,32
07/11/2019 03:00:00 PM,146,111,35
07/11/2019 04:00:00 PM,383,321,62
07/11/2019 05:00:00 PM,555,481,74
07/11/2019 06:00:00 PM,358,292,66
07/11/2019 07:00:00 PM,227,159,68
07/11/2019 08:00:00 PM,122,68,54
07/11/2019 09:00:00 PM,86,47,39
07/11/2019 10:00:00 PM,31,16,15
07/11/2019 11:00:00 PM,21,16,5
07/12/2019 12:00:00 AM,13,9,4
07/12/2019 01:00:00 AM,6,4,2
07/12/2019 02:00:00 AM,0,0,0
07/12/2019 03:00:00 AM,1,1,0
07/12/2019 04:00:00 AM,8,4,4
07/12/2019 05:00:00 AM,17,7,10
07/12/2019 06:00:00 AM,97,14,83
07/12/2019 07:00:00 AM,257,30,227
07/12/2019 08:00:00 AM,363,45,318
07/12/2019 09:00:00 AM,248,44,204
07/12/2019 10:00:00 AM,96,25,71
07/12/2019 11:00:00 AM,98,46,52
07/12/2019 12:00:00 PM,82,43,39
07/12/2019 01:00:00 PM,106,62,44
07/12/2019 02:00:00 PM,153,100,53
07/12/2019 03:00:00 PM,207,141,66
07/12/2019 04:00:00 PM,389,318,71
07/12/2019 05:00:00 PM,453,378,75
07/12/2019 06:00:00 PM,289,223,66
07/12/2019 07:00:00 PM,179,124,55
07/12/2019 08:00:00 PM,103,65,38
07/12/2019 09:00:00 PM,75,38,37
07/12/2019 10:00:00 PM,53,34,19
07/12/2019 11:00:00 PM,27,20,7
07/13/2019 12:00:00 AM,28,9,19
07/13/2019 01:00:00 AM,10,7,3
07/13/2019 02:00:00 AM,8,4,4
07/13/2019 03:00:00 AM,5,2,3
07/13/2019 04:00:00 AM,12,11,1
07/13/2019 05:00:00 AM,30,27,3
07/13/2019 06:00:00 AM,16,11,5
07/13/2019 07:00:00 AM,37,12,25
07/13/2019 08:00:00 AM,61,31,30
07/13/2019 09:00:00 AM,78,31,47
07/13/2019 10:00:00 AM,99,56,43
07/13/2019 11:00:00 AM,124,75,49
07/13/2019 12:00:00 PM,157,87,70
07/13/2019 01:00:00 PM,197,113,84
07/13/2019 02:00:00 PM,162,91,71
07/13/2019 03:00:00 PM,137,76,61
07/13/2019 04:00:00 PM,141,86,55
07/13/2019 05:00:00 PM,139,75,64
07/13/2019 06:00:00 PM,124,60,64
07/13/2019 07:00:00 PM,90,42,48
07/13/2019 08:00:00 PM,65,36,29
07/13/2019 09:00:00 PM,48,19,29
07/13/2019 10:00:00 PM,37,13,24
07/13/2019 11:00:00 PM,18,12,6
07/14/2019 12:00:00 AM,11,4,7
07/14/2019 01:00:00 AM,16,4,12
07/14/2019 02:00:00 AM,5,3,2
07/14/2019 03:00:00 AM,2,1,1
07/14/2019 04:00:00 AM,1,0,1
07/14/2019 05:00:00 AM,2,1,1
07/14/2019 06:00:00 AM,8,3,5
07/14/2019 07:00:00 AM,21,12,9
07/14/2019 08:00:00 AM,46,23,23
07/14/2019 09:00:00 AM,62,26,36
07/14/2019 10:00:00 AM,83,42,41
07/14/2019 11:00:00 AM,131,70,61
07/14/2019 12:00:00 PM,182,94,88
07/14/2019 01:00:00 PM,179,92,87
07/14/2019 02:00:00 PM,172,103,69
07/14/2019 03:00:00 PM,191,123,68
07/14/2019 04:00:00 PM,188,93,95
07/14/2019 05:00:00 PM,126,66,60
07/14/2019 06:00:00 PM,119,44,75
07/14/2019 07:00:00 PM,102,57,45
07/14/2019 08:00:00 PM,78,27,51
07/14/2019 09:00:00 PM,45,15,30
07/14/2019 10:00:00 PM,21,10,11
07/14/2019 11:00:00 PM,15,9,6
07/15/2019 12:00:00 AM,3,1,2
07/15/2019 01:00:00 AM,6,4,2
07/15/2019 02:00:00 AM,2,2,0
07/15/2019 03:00:00 AM,2,0,2
07/15/2019 04:00:00 AM,8,4,4
07/15/2019 05:00:00 AM,35,7,28
07/15/2019 06:00:00 AM,101,21,80
07/15/2019 07:00:00 AM,307,23,284
07/15/2019 08:00:00 AM,447,48,399
07/15/2019 09:00:00 AM,266,38,228
07/15/2019 10:00:00 AM,83,21,62
07/15/2019 11:00:00 AM,53,21,32
07/15/2019 12:00:00 PM,47,14,33
07/15/2019 01:00:00 PM,43,18,25
07/15/2019 02:00:00 PM,72,45,27
07/15/2019 03:00:00 PM,128,91,37
07/15/2019 04:00:00 PM,283,235,48
07/15/2019 05:00:00 PM,559,486,73
07/15/2019 06:00:00 PM,323,276,47
07/15/2019 07:00:00 PM,136,105,31
07/15/2019 08:00:00 PM,97,60,37
07/15/2019 09:00:00 PM,36,22,14
07/15/2019 10:00:00 PM,21,14,7
07/15/2019 11:00:00 PM,17,11,6
07/16/2019 12:00:00 AM,5,2,3
07/16/2019 01:00:00 AM,3,2,1
07/16/2019 02:00:00 AM,3,1,2
07/16/2019 03:00:00 AM,0,0,0
07/16/2019 04:00:00 AM,6,2,4
07/16/2019 05:00:00 AM,31,9,22
07/16/2019 06:00:00 AM,95,15,80
07/16/2019 07:00:00 AM,349,46,303
07/16/2019 08:00:00 AM,478,65,413
07/16/2019 09:00:00 AM,275,39,236
07/16/2019 10:00:00 AM,106,30,76
07/16/2019 11:00:00 AM,89,24,65
07/16/2019 12:00:00 PM,69,40,29
07/16/2019 01:00:00 PM,97,46,51
07/16/2019 02:00:00 PM,80,47,33
07/16/2019 03:00:00 PM,152,110,42
07/16/2019 04:00:00 PM,372,306,66
07/16/2019 05:00:00 PM,610,520,90
07/16/2019 06:00:00 PM,388,317,71
07/16/2019 07:00:00 PM,232,162,70
07/16/2019 08:00:00 PM,140,85,55
07/16/2019 09:00:00 PM,78,36,42
07/16/2019 10:00:00 PM,33,21,12
07/16/2019 11:00:00 PM,22,16,6
07/17/2019 12:00:00 AM,6,4,2
07/17/2019 01:00:00 AM,4,4,0
07/17/2019 02:00:00 AM,1,0,1
07/17/2019 03:00:00 AM,2,1,1
07/17/2019 04:00:00 AM,9,6,3
07/17/2019 05:00:00 AM,24,9,15
07/17/2019 06:00:00 AM,64,17,47
07/17/2019 07:00:00 AM,204,37,167
07/17/2019 08:00:00 AM,334,42,292
07/17/2019 09:00:00 AM,230,36,194
07/17/2019 10:00:00 AM,82,19,63
07/17/2019 11:00:00 AM,63,19,44
07/17/2019 12:00:00 PM,53,21,32
07/17/2019 01:00:00 PM,55,32,23
07/17/2019 02:00:00 PM,57,36,21
07/17/2019 03:00:00 PM,83,61,22
07/17/2019 04:00:00 PM,231,197,34
07/17/2019 05:00:00 PM,457,377,80
07/17/2019 06:00:00 PM,263,211,52
07/17/2019 07:00:00 PM,134,93,41
07/17/2019 08:00:00 PM,74,41,33
07/17/2019 09:00:00 PM,54,36,18
07/17/2019 10:00:00 PM,24,16,8
07/17/2019 11:00:00 PM,12,10,2
07/18/2019 12:00:00 AM,4,2,2
07/18/2019 01:00:00 AM,1,1,0
07/18/2019 02:00:00 AM,1,1,0
07/18/2019 03:00:00 AM,0,0,0
07/18/2019 04:00:00 AM,2,0,2
07/18/2019 05:00:00 AM,28,7,21
07/18/2019 06:00:00 AM,84,11,73
07/18/2019 07:00:00 AM,234,28,206
07/18/2019 08:00:00 AM,410,50,360
07/18/2019 09:00:00 AM,274,33,241
07/18/2019 10:00:00 AM,113,39,74
07/18/2019 11:00:00 AM,94,33,61
07/18/2019 12:00:00 PM,92,40,52
07/18/2019 01:00:00 PM,88,46,42
07/18/2019 02:00:00 PM,80,52,28
07/18/2019 03:00:00 PM,124,91,33
07/18/2019 04:00:00 PM,297,248,49
07/18/2019 05:00:00 PM,525,447,78
07/18/2019 06:00:00 PM,259,222,37
07/18/2019 07:00:00 PM,103,84,19
07/18/2019 08:00:00 PM,75,53,22
07/18/2019 09:00:00 PM,35,25,10
07/18/2019 10:00:00 PM,9,6,3
07/18/2019 11:00:00 PM,5,4,1
07/19/2019 12:00:00 AM,5,4,1
07/19/2019 01:00:00 AM,4,4,0
07/19/2019 02:00:00 AM,2,2,0
07/19/2019 03:00:00 AM,4,1,3
07/19/2019 04:00:00 AM,7,5,2
07/19/2019 05:00:00 AM,17,5,12
07/19/2019 06:00:00 AM,84,16,68
07/19/2019 07:00:00 AM,220,27,193
07/19/2019 08:00:00 AM,367,38,329
07/19/2019 09:00:00 AM,234,34,200
07/19/2019 10:00:00 AM,83,25,58
07/19/2019 11:00:00 AM,82,37,45
07/19/2019 12:00:00 PM,119,64,55
07/19/2019 01:00:00 PM,82,55,27
07/19/2019 02:00:00 PM,147,88,59
07/19/2019 03:00:00 PM,202,137,65
07/19/2019 04:00:00 PM,354,284,70
07/19/2019 05:00:00 PM,415,353,62
07/19/2019 06:00:00 PM,280,202,78
07/19/2019 07:00:00 PM,132,80,52
07/19/2019 08:00:00 PM,88,64,24
07/19/2019 09:00:00 PM,67,35,32
07/19/2019 10:00:00 PM,42,29,13
07/19/2019 11:00:00 PM,22,14,8
07/20/2019 12:00:00 AM,19,12,7
07/20/2019 01:00:00 AM,14,10,4
07/20/2019 02:00:00 AM,2,1,1
07/20/2019 03:00:00 AM,1,0,1
07/20/2019 04:00:00 AM,1,1,0
07/20/2019 05:00:00 AM,3,0,3
07/20/2019 06:00:00 AM,12,5,7
07/20/2019 07:00:00 AM,29,17,12
07/20/2019 08:00:00 AM,58,22,36
07/20/2019 09:00:00 AM,75,38,37
07/20/2019 10:00:00 AM,94,59,35
07/20/2019 11:00:00 AM,144,85,59
07/20/2019 12:00:00 PM,205,108,97
07/20/2019 01:00:00 PM,199,106,93
07/20/2019 02:00:00 PM,191,102,89
07/20/2019 03:00:00 PM,157,65,92
07/20/2019 04:00:00 PM,209,107,102
07/20/2019 05:00:00 PM,168,101,67
07/20/2019 06:00:00 PM,118,64,54
07/20/2019 07:00:00 PM,115,50,65
07/20/2019 08:00:00 PM,94,54,40
07/20/2019 09:00:00 PM,37,15,22
07/20/2019 10:00:00 PM,35,16,19
07/20/2019 11:00:00 PM,36,33,3
07/21/2019 12:00:00 AM,15,11,4
07/21/2019 01:00:00 AM,10,5,5
07/21/2019 02:00:00 AM,4,4,0
07/21/2019 03:00:00 AM,1,1,0
07/21/2019 04:00:00 AM,3,1,2
07/21/2019 05:00:00 AM,2,1,1
07/21/2019 06:00:00 AM,12,2,10
07/21/2019 07:00:00 AM,26,14,12
07/21/2019 08:00:00 AM,51,29,22
07/21/2019 09:00:00 AM,64,41,23
07/21/2019 10:00:00 AM,100,62,38
07/21/2019 11:00:00 AM,131,71,60
07/21/2019 12:00:00 PM,135,65,70
07/21/2019 01:00:00 PM,162,97,65
07/21/2019 02:00:00 PM,193,109,84
07/21/2019 03:00:00 PM,188,78,110
07/21/2019 04:00:00 PM,157,77,80
07/21/2019 05:00:00 PM,131,53,78
07/21/2019 06:00:00 PM,99,61,38
07/21/2019 07:00:00 PM,74,40,34
07/21/2019 08:00:00 PM,69,41,28
07/21/2019 09:00:00 PM,50,34,16
07/21/2019 10:00:00 PM,23,13,10
07/21/2019 11:00:00 PM,13,10,3
07/22/2019 12:00:00 AM,7,3,4
07/22/2019 01:00:00 AM,1,1,0
07/22/2019 02:00:00 AM,7,6,1
07/22/2019 03:00:00 AM,2,1,1
07/22/2019 04:00:00 AM,7,3,4
07/22/2019 05:00:00 AM,38,12,26
07/22/2019 06:00:00 AM,99,24,75
07/22/2019 07:00:00 AM,355,33,322
07/22/2019 08:00:00 AM,514,50,464
07/22/2019 09:00:00 AM,298,57,241
07/22/2019 10:00:00 AM,134,38,96
07/22/2019 11:00:00 AM,61,26,35
07/22/2019 12:00:00 PM,81,40,41
07/22/2019 01:00:00 PM,72,38,34
07/22/2019 02:00:00 PM,102,65,37
07/22/2019 03:00:00 PM,169,125,44
07/22/2019 04:00:00 PM,358,282,76
07/22/2019 05:00:00 PM,625,540,85
07/22/2019 06:00:00 PM,406,338,68
07/22/2019 07:00:00 PM,201,157,44
07/22/2019 08:00:00 PM,116,62,54
07/22/2019 09:00:00 PM,63,36,27
07/22/2019 10:00:00 PM,31,20,11
07/22/2019 11:00:00 PM,15,9,6
07/23/2019 12:00:00 AM,4,2,2
07/23/2019 01:00:00 AM,8,3,5
07/23/2019 02:00:00 AM,2,0,2
07/23/2019 03:00:00 AM,3,2,1
07/23/2019 04:00:00 AM,7,1,6
07/23/2019 05:00:00 AM,44,14,30
07/23/2019 06:00:00 AM,111,23,88
07/23/2019 07:00:00 AM,360,44,316
07/23/2019 08:00:00 AM,521,65,456
07/23/2019 09:00:00 AM,295,44,251
07/23/2019 10:00:00 AM,126,34,92
07/23/2019 11:00:00 AM,87,28,59
07/23/2019 12:00:00 PM,84,38,46
07/23/2019 01:00:00 PM,73,35,38
07/23/2019 02:00:00 PM,86,47,39
07/23/2019 03:00:00 PM,134,93,41
07/23/2019 04:00:00 PM,349,285,64
07/23/2019 05:00:00 PM,647,548,99
07/23/2019 06:00:00 PM,423,362,61
07/23/2019 07:00:00 PM,203,148,55
07/23/2019 08:00:00 PM,133,89,44
07/23/2019 09:00:00 PM,65,46,19
07/23/2019 10:00:00 PM,28,21,7
07/23/2019 11:00:00 PM,18,11,7
07/24/2019 12:00:00 AM,7,4,3
07/24/2019 01:00:00 AM,8,8,0
07/24/2019 02:00:00 AM,4,2,2
07/24/2019 03:00:00 AM,2,1,1
07/24/2019 04:00:00 AM,8,3,5
07/24/2019 05:00:00 AM,30,8,22
07/24/2019 06:00:00 AM,110,17,93
07/24/2019 07:00:00 AM,347,41,306
07/24/2019 08:00:00 AM,498,53,445
07/24/2019 09:00:00 AM,295,63,232
07/24/2019 10:00:00 AM,137,35,102
07/24/2019 11:00:00 AM,90,35,55
07/24/2019 12:00:00 PM,80,34,46
07/24/2019 01:00:00 PM,101,63,38
07/24/2019 02:00:00 PM,104,58,46
07/24/2019 03:00:00 PM,150,108,42
07/24/2019 04:00:00 PM,383,312,71
07/24/2019 05:00:00 PM,617,526,91
07/24/2019 06:00:00 PM,418,328,90
07/24/2019 07:00:00 PM,215,160,55
07/24/2019 08:00:00 PM,120,69,51
07/24/2019 09:00:00 PM,74,36,38
07/24/2019 10:00:00 PM,34,28,6
07/24/2019 11:00:00 PM,25,19,6
07/25/2019 12:00:00 AM,13,5,8
07/25/2019 01:00:00 AM,11,7,4
07/25/2019 02:00:00 AM,4,2,2
07/25/2019 03:00:00 AM,3,0,3
07/25/2019 04:00:00 AM,2,0,2
07/25/2019 05:00:00 AM,33,11,22
07/25/2019 06:00:00 AM,96,19,77
07/25/2019 07:00:00 AM,311,36,275
07/25/2019 08:00:00 AM,452,51,401
07/25/2019 09:00:00 AM,328,58,270
07/25/2019 10:00:00 AM,137,37,100
07/25/2019 11:00:00 AM,94,40,54
07/25/2019 12:00:00 PM,86,41,45
07/25/2019 01:00:00 PM,101,50,51
07/25/2019 02:00:00 PM,96,68,28
07/25/2019 03:00:00 PM,175,122,53
07/25/2019 04:00:00 PM,390,298,92
07/25/2019 05:00:00 PM,635,519,116
07/25/2019 06:00:00 PM,390,325,65
07/25/2019 07:00:00 PM,212,147,65
07/25/2019 08:00:00 PM,141,85,56
07/25/2019 09:00:00 PM,82,56,26
07/25/2019 10:00:00 PM,35,21,14
07/25/2019 11:00:00 PM,33,21,12
07/26/2019 12:00:00 AM,6,3,3
07/26/2019 01:00:00 AM,5,5,0
07/26/2019 02:00:00 AM,1,1,0
07/26/2019 03:00:00 AM,2,1,1
07/26/2019 04:00:00 AM,9,4,5
07/26/2019 05:00:00 AM,20,6,14
07/26/2019 06:00:00 AM,93,22,71
07/26/2019 07:00:00 AM,261,37,224
07/26/2019 08:00:00 AM,464,50,414
07/26/2019 09:00:00 AM,257,38,219
07/26/2019 10:00:00 AM,136,48,88
07/26/2019 11:00:00 AM,96,39,57
07/26/2019 12:00:00 PM,118,59,59
07/26/2019 01:00:00 PM,100,60,40
07/26/2019 02:00:00 PM,148,105,43
07/26/2019 03:00:00 PM,234,143,91
07/26/2019 04:00:00 PM,404,313,91
07/26/2019 05:00:00 PM,512,420,92
07/26/2019 06:00:00 PM,298,226,72
07/26/2019 07:00:00 PM,167,120,47
07/26/2019 08:00:00 PM,114,73,41
07/26/2019 09:00:00 PM,100,49,51
07/26/2019 10:00:00 PM,472,453,19
07/26/2019 11:00:00 PM,87,78,9
07/27/2019 12:00:00 AM,30,18,12
07/27/2019 01:00:00 AM,19,8,11
07/27/2019 02:00:00 AM,8,2,6
07/27/2019 03:00:00 AM,4,2,2
07/27/2019 04:00:00 AM,2,1,1
07/27/2019 05:00:00 AM,5,0,5
07/27/2019 06:00:00 AM,12,3,9
07/27/2019 07:00:00 AM,23,7,16
07/27/2019 08:00:00 AM,43,25,18
07/27/2019 09:00:00 AM,66,32,34
07/27/2019 10:00:00 AM,58,25,33
07/27/2019 11:00:00 AM,94,49,45
07/27/2019 12:00:00 PM,105,46,59
07/27/2019 01:00:00 PM,117,55,62
07/27/2019 02:00:00 PM,133,71,62
07/27/2019 03:00:00 PM,113,60,53
07/27/2019 04:00:00 PM,119,59,60
07/27/2019 05:00:00 PM,123,59,64
07/27/2019 06:00:00 PM,91,49,42
07/27/2019 07:00:00 PM,71,41,30
07/27/2019 08:00:00 PM,62,32,30
07/27/2019 09:00:00 PM,43,32,11
07/27/2019 10:00:00 PM,23,14,9
07/27/2019 11:00:00 PM,30,19,11
07/28/2019 12:00:00 AM,8,6,2
07/28/2019 01:00:00 AM,6,3,3
07/28/2019 02:00:00 AM,4,4,0
07/28/2019 03:00:00 AM,0,0,0
07/28/2019 04:00:00 AM,1,1,0
07/28/2019 05:00:00 AM,4,2,2
07/28/2019 06:00:00 AM,13,5,8
07/28/2019 07:00:00 AM,22,8,14
07/28/2019 08:00:00 AM,46,25,21
07/28/2019 09:00:00 AM,71,44,27
07/28/2019 10:00:00 AM,98,40,58
07/28/2019 11:00:00 AM,155,103,52
07/28/2019 12:00:00 PM,169,83,86
07/28/2019 01:00:00 PM,150,93,57
07/28/2019 02:00:00 PM,181,94,87
07/28/2019 03:00:00 PM,170,87,83
07/28/2019 04:00:00 PM,136,61,75
07/28/2019 05:00:00 PM,158,70,88
07/28/2019 06:00:00 PM,125,58,67
07/28/2019 07:00:00 PM,93,50,43
07/28/2019 08:00:00 PM,94,52,42
07/28/2019 09:00:00 PM,47,18,29
07/28/2019 10:00:00 PM,24,10,14
07/28/2019 11:00:00 PM,8,7,1
07/29/2019 12:00:00 AM,5,2,3
07/29/2019 01:00:00 AM,3,1,2
07/29/2019 02:00:00 AM,0,0,0
07/29/2019 03:00:00 AM,2,2,0
07/29/2019 04:00:00 AM,8,2,6
07/29/2019 05:00:00 AM,32,8,24
07/29/2019 06:00:00 AM,108,20,88
07/29/2019 07:00:00 AM,340,42,298
07/29/2019 08:00:00 AM,528,59,469
07/29/2019 09:00:00 AM,300,48,252
07/29/2019 10:00:00 AM,155,40,115
07/29/2019 11:00:00 AM,85,39,46
07/29/2019 12:00:00 PM,95,40,55
07/29/2019 01:00:00 PM,88,42,46
07/29/2019 02:00:00 PM,86,53,33
07/29/2019 03:00:00 PM,155,105,50
07/29/2019 04:00:00 PM,374,317,57
07/29/2019 05:00:00 PM,627,542,85
07/29/2019 06:00:00 PM,430,359,71
07/29/2019 07:00:00 PM,194,138,56
07/29/2019 08:00:00 PM,98,52,46
07/29/2019 09:00:00 PM,87,50,37
07/29/2019 10:00:00 PM,28,17,11
07/29/2019 11:00:00 PM,20,11,9
07/30/2019 12:00:00 AM,11,9,2
07/30/2019 01:00:00 AM,1,1,0
07/30/2019 02:00:00 AM,4,2,2
07/30/2019 03:00:00 AM,1,0,1
07/30/2019 04:00:00 AM,12,4,8
07/30/2019 05:00:00 AM,37,11,26
07/30/2019 06:00:00 AM,114,17,97
07/30/2019 07:00:00 AM,328,35,293
07/30/2019 08:00:00 AM,503,51,452
07/30/2019 09:00:00 AM,301,50,251
07/30/2019 10:00:00 AM,117,28,89
07/30/2019 11:00:00 AM,64,15,49
07/30/2019 12:00:00 PM,76,37,39
07/30/2019 01:00:00 PM,83,33,50
07/30/2019 02:00:00 PM,105,57,48
07/30/2019 03:00:00 PM,140,98,42
07/30/2019 04:00:00 PM,374,306,68
07/30/2019 05:00:00 PM,638,555,83
07/30/2019 06:00:00 PM,416,334,82
07/30/2019 07:00:00 PM,212,150,62
07/30/2019 08:00:00 PM,122,76,46
07/30/2019 09:00:00 PM,70,37,33
07/30/2019 10:00:00 PM,52,36,16
07/30/2019 11:00:00 PM,19,11,8
07/31/2019 12:00:00 AM,4,4,0
07/31/2019 01:00:00 AM,8,5,3
07/31/2019 02:00:00 AM,4,3,1
07/31/2019 03:00:00 AM,0,0,0
07/31/2019 04:00:00 AM,11,5,6
07/31/2019 05:00:00 AM,30,6,24
07/31/2019 06:00:00 AM,116,26,90
07/31/2019 07:00:00 AM,345,44,301
07/31/2019 08:00:00 AM,524,69,455
07/31/2019 09:00:00 AM,321,68,253
07/31/2019 10:00:00 AM,133,39,94
07/31/2019 11:00:00 AM,86,35,51
07/31/2019 12:00:00 PM,94,39,55
07/31/2019 01:00:00 PM,91,50,41
07/31/2019 02:00:00 PM,113,64,49
07/31/2019 03:00:00 PM,158,107,51
07/31/2019 04:00:00 PM,342,274,68
07/31/2019 05:00:00 PM,636,549,87
07/31/2019 06:00:00 PM,414,350,64
07/31/2019 07:00:00 PM,202,138,64
07/31/2019 08:00:00 PM,140,84,56
07/31/2019 09:00:00 PM,75,39,36
07/31/2019 10:00:00 PM,41,22,19
07/31/2019 11:00:00 PM,27,15,12
08/01/2019 12:00:00 AM,4,3,1
08/01/2019 01:00:00 AM,5,4,1
08/01/2019 02:00:00 AM,5,4,1
08/01/2019 03:00:00 AM,2,1,1
08/01/2019 04:00:00 AM,6,2,4
08/01/2019 05:00:00 AM,30,10,20
08/01/2019 06:00:00 AM,98,19,79
08/01/2019 07:00:00 AM,304,40,264
08/01/2019 08:00:00 AM,518,59,459
08/01/2019 09:00:00 AM,312,46,266
08/01/2019 10:00:00 AM,132,45,87
08/01/2019 11:00:00 AM,99,39,60
08/01/2019 12:00:00 PM,117,57,60
08/01/2019 01:00:00 PM,110,57,53
08/01/2019 02:00:00 PM,121,69,52
08/01/2019 03:00:00 PM,211,141,70
08/01/2019 04:00:00 PM,468,394,74
08/01/2019 05:00:00 PM,595,494,101
08/01/2019 06:00:00 PM,381,267,114
08/01/2019 07:00:00 PM,200,134,66
08/01/2019 08:00:00 PM,134,73,61
08/01/2019 09:00:00 PM,68,36,32
08/01/2019 10:00:00 PM,30,19,11
08/01/2019 11:00:00 PM,21,15,6
08/02/2019 12:00:00 AM,5,3,2
08/02/2019 01:00:00 AM,6,6,0
08/02/2019 02:00:00 AM,1,1,0
08/02/2019 03:00:00 AM,0,0,0
08/02/2019 04:00:00 AM,7,3,4
08/02/2019 05:00:00 AM,18,6,12
08/02/2019 06:00:00 AM,86,13,73
08/02/2019 07:00:00 AM,255,23,232
08/02/2019 08:00:00 AM,387,40,347
08/02/2019 09:00:00 AM,207,40,167
08/02/2019 10:00:00 AM,111,42,69
08/02/2019 11:00:00 AM,90,35,55
08/02/2019 12:00:00 PM,113,62,51
08/02/2019 01:00:00 PM,88,53,35
08/02/2019 02:00:00 PM,119,67,52
08/02/2019 03:00:00 PM,196,134,62
08/02/2019 04:00:00 PM,371,289,82
08/02/2019 05:00:00 PM,390,321,69
08/02/2019 06:00:00 PM,228,166,62
08/02/2019 07:00:00 PM,132,92,40
08/02/2019 08:00:00 PM,113,72,41
08/02/2019 09:00:00 PM,55,36,19
08/02/2019 10:00:00 PM,35,21,14
08/02/2019 11:00:00 PM,25,17,8
08/03/2019 12:00:00 AM,20,13,7
08/03/2019 01:00:00 AM,2,1,1
08/03/2019 02:00:00 AM,5,3,2
08/03/2019 03:00:00 AM,2,1,1
08/03/2019 04:00:00 AM,3,2,1
08/03/2019 05:00:00 AM,13,5,8
08/03/2019 06:00:00 AM,21,9,12
08/03/2019 07:00:00 AM,42,27,15
08/03/2019 08:00:00 AM,75,33,42
08/03/2019 09:00:00 AM,94,47,47
08/03/2019 10:00:00 AM,100,54,46
08/03/2019 11:00:00 AM,144,83,61
08/03/2019 12:00:00 PM,152,84,68
08/03/2019 01:00:00 PM,144,67,77
08/03/2019 02:00:00 PM,153,87,66
08/03/2019 03:00:00 PM,177,91,86
08/03/2019 04:00:00 PM,163,56,107
08/03/2019 05:00:00 PM,117,72,45
08/03/2019 06:00:00 PM,99,50,49
08/03/2019 07:00:00 PM,63,31,32
08/03/2019 08:00:00 PM,65,33,32
08/03/2019 09:00:00 PM,67,37,30
08/03/2019 10:00:00 PM,22,17,5
08/03/2019 11:00:00 PM,28,19,9
08/04/2019 12:00:00 AM,17,16,1
08/04/2019 01:00:00 AM,18,15,3
08/04/2019 02:00:00 AM,7,5,2
08/04/2019 03:00:00 AM,0,0,0
08/04/2019 04:00:00 AM,3,3,0
08/04/2019 05:00:00 AM,6,2,4
08/04/2019 06:00:00 AM,17,8,9
08/04/2019 07:00:00 AM,29,17,12
08/04/2019 08:00:00 AM,55,35,20
08/04/2019 09:00:00 AM,85,54,31
08/04/2019 10:00:00 AM,96,52,44
08/04/2019 11:00:00 AM,129,68,61
08/04/2019 12:00:00 PM,120,65,55
08/04/2019 01:00:00 PM,108,59,49
08/04/2019 02:00:00 PM,157,70,87
08/04/2019 03:00:00 PM,159,81,78
08/04/2019 04:00:00 PM,123,53,70
08/04/2019 05:00:00 PM,161,76,85
08/04/2019 06:00:00 PM,79,32,47
08/04/2019 07:00:00 PM,75,44,31
08/04/2019 08:00:00 PM,67,43,24
08/04/2019 09:00:00 PM,48,29,19
08/04/2019 10:00:00 PM,24,14,10
08/04/2019 11:00:00 PM,9,7,2
08/05/2019 12:00:00 AM,9,1,8
08/05/2019 01:00:00 AM,2,2,0
08/05/2019 02:00:00 AM,0,0,0
08/05/2019 03:00:00 AM,1,1,0
08/05/2019 04:00:00 AM,17,6,11
08/05/2019 05:00:00 AM,35,7,28
08/05/2019 06:00:00 AM,152,24,128
08/05/2019 07:00:00 AM,358,43,315
08/05/2019 08:00:00 AM,541,59,482
08/05/2019 09:00:00 AM,241,37,204
08/05/2019 10:00:00 AM,118,32,86
08/05/2019 11:00:00 AM,77,32,45
08/05/2019 12:00:00 PM,79,41,38
08/05/2019 01:00:00 PM,73,35,38
08/05/2019 02:00:00 PM,102,56,46
08/05/2019 03:00:00 PM,170,123,47
08/05/2019 04:00:00 PM,427,359,68
08/05/2019 05:00:00 PM,657,570,87
08/05/2019 06:00:00 PM,311,266,45
08/05/2019 07:00:00 PM,177,113,64
08/05/2019 08:00:00 PM,118,67,51
08/05/2019 09:00:00 PM,63,34,29
08/05/2019 10:00:00 PM,28,20,8
08/05/2019 11:00:00 PM,15,7,8
08/06/2019 12:00:00 AM,11,8,3
08/06/2019 01:00:00 AM,4,3,1
08/06/2019 02:00:00 AM,5,1,4
08/06/2019 03:00:00 AM,0,0,0
08/06/2019 04:00:00 AM,15,8,7
08/06/2019 05:00:00 AM,36,11,25
08/06/2019 06:00:00 AM,154,21,133
08/06/2019 07:00:00 AM,438,55,383
08/06/2019 08:00:00 AM,471,53,418
08/06/2019 09:00:00 AM,235,36,199
08/06/2019 10:00:00 AM,114,36,78
08/06/2019 11:00:00 AM,95,34,61
08/06/2019 12:00:00 PM,79,34,45
08/06/2019 01:00:00 PM,79,43,36
08/06/2019 02:00:00 PM,88,53,35
08/06/2019 03:00:00 PM,165,124,41
08/06/2019 04:00:00 PM,480,397,83
08/06/2019 05:00:00 PM,582,500,82
08/06/2019 06:00:00 PM,330,264,66
08/06/2019 07:00:00 PM,189,127,62
08/06/2019 08:00:00 PM,129,71,58
08/06/2019 09:00:00 PM,69,45,24
08/06/2019 10:00:00 PM,48,24,24
08/06/2019 11:00:00 PM,26,20,6
08/07/2019 12:00:00 AM,11,9,2
08/07/2019 01:00:00 AM,5,4,1
08/07/2019 02:00:00 AM,1,1,0
08/07/2019 03:00:00 AM,5,3,2
08/07/2019 04:00:00 AM,14,4,10
08/07/2019 05:00:00 AM,31,7,24
08/07/2019 06:00:00 AM,141,24,117
08/07/2019 07:00:00 AM,397,51,346
08/07/2019 08:00:00 AM,452,55,397
08/07/2019 09:00:00 AM,209,31,178
08/07/2019 10:00:00 AM,99,34,65
08/07/2019 11:00:00 AM,82,31,51
08/07/2019 12:00:00 PM,75,31,44
08/07/2019 01:00:00 PM,76,40,36
08/07/2019 02:00:00 PM,95,49,46
08/07/2019 03:00:00 PM,186,130,56
08/07/2019 04:00:00 PM,402,338,64
08/07/2019 05:00:00 PM,610,518,92
08/07/2019 06:00:00 PM,359,278,81
08/07/2019 07:00:00 PM,218,146,72
08/07/2019 08:00:00 PM,133,55,78
08/07/2019 09:00:00 PM,66,41,25
08/07/2019 10:00:00 PM,31,19,12
08/07/2019 11:00:00 PM,16,13,3
08/08/2019 12:00:00 AM,11,9,2
08/08/2019 01:00:00 AM,7,5,2
08/08/2019 02:00:00 AM,1,1,0
08/08/2019 03:00:00 AM,1,0,1
08/08/2019 04:00:00 AM,13,6,7
08/08/2019 05:00:00 AM,37,12,25
08/08/2019 06:00:00 AM,146,26,120
08/08/2019 07:00:00 AM,339,36,303
08/08/2019 08:00:00 AM,419,54,365
08/08/2019 09:00:00 AM,258,42,216
08/08/2019 10:00:00 AM,99,33,66
08/08/2019 11:00:00 AM,79,36,43
08/08/2019 12:00:00 PM,96,47,49
08/08/2019 01:00:00 PM,88,42,46
08/08/2019 02:00:00 PM,99,66,33
08/08/2019 03:00:00 PM,166,113,53
08/08/2019 04:00:00 PM,438,338,100
08/08/2019 05:00:00 PM,543,448,95
08/08/2019 06:00:00 PM,377,286,91
08/08/2019 07:00:00 PM,133,95,38
08/08/2019 08:00:00 PM,94,62,32
08/08/2019 09:00:00 PM,55,30,25
08/08/2019 10:00:00 PM,36,28,8
08/08/2019 11:00:00 PM,28,20,8
08/09/2019 12:00:00 AM,9,9,0
08/09/2019 01:00:00 AM,5,4,1
08/09/2019 02:00:00 AM,3,2,1
08/09/2019 03:00:00 AM,1,0,1
08/09/2019 04:00:00 AM,11,2,9
08/09/2019 05:00:00 AM,21,5,16
08/09/2019 06:00:00 AM,84,23,61
08/09/2019 07:00:00 AM,280,35,245
08/09/2019 08:00:00 AM,373,44,329
08/09/2019 09:00:00 AM,199,38,161
08/09/2019 10:00:00 AM,94,30,64
08/09/2019 11:00:00 AM,95,43,52
08/09/2019 12:00:00 PM,78,23,55
08/09/2019 01:00:00 PM,111,68,43
08/09/2019 02:00:00 PM,127,72,55
08/09/2019 03:00:00 PM,238,154,84
08/09/2019 04:00:00 PM,385,309,76
08/09/2019 05:00:00 PM,414,332,82
08/09/2019 06:00:00 PM,253,174,79
08/09/2019 07:00:00 PM,144,78,66
08/09/2019 08:00:00 PM,124,71,53
08/09/2019 09:00:00 PM,51,35,16
08/09/2019 10:00:00 PM,53,35,18
08/09/2019 11:00:00 PM,24,21,3
08/10/2019 12:00:00 AM,21,15,6
08/10/2019 01:00:00 AM,6,4,2
08/10/2019 02:00:00 AM,9,8,1
08/10/2019 03:00:00 AM,3,1,2
08/10/2019 04:00:00 AM,2,2,0
08/10/2019 05:00:00 AM,9,7,2
08/10/2019 06:00:00 AM,8,3,5
08/10/2019 07:00:00 AM,9,6,3
08/10/2019 08:00:00 AM,14,4,10
08/10/2019 09:00:00 AM,20,13,7
08/10/2019 10:00:00 AM,121,107,14
08/10/2019 11:00:00 AM,356,326,30
08/10/2019 12:00:00 PM,347,293,54
08/10/2019 01:00:00 PM,211,159,52
08/10/2019 02:00:00 PM,197,136,61
08/10/2019 03:00:00 PM,172,107,65
08/10/2019 04:00:00 PM,141,86,55
08/10/2019 05:00:00 PM,121,53,68
08/10/2019 06:00:00 PM,102,57,45
08/10/2019 07:00:00 PM,76,37,39
08/10/2019 08:00:00 PM,51,23,28
08/10/2019 09:00:00 PM,40,13,27
08/10/2019 10:00:00 PM,16,9,7
08/10/2019 11:00:00 PM,36,25,11
08/11/2019 12:00:00 AM,11,8,3
08/11/2019 01:00:00 AM,9,6,3
08/11/2019 02:00:00 AM,8,6,2
08/11/2019 03:00:00 AM,8,3,5
08/11/2019 04:00:00 AM,1,1,0
08/11/2019 05:00:00 AM,5,3,2
08/11/2019 06:00:00 AM,29,5,24
08/11/2019 07:00:00 AM,37,16,21
08/11/2019 08:00:00 AM,93,54,39
08/11/2019 09:00:00 AM,68,32,36
08/11/2019 10:00:00 AM,75,46,29
08/11/2019 11:00:00 AM,117,56,61
08/11/2019 12:00:00 PM,114,59,55
08/11/2019 01:00:00 PM,109,46,63
08/11/2019 02:00:00 PM,94,63,31
08/11/2019 03:00:00 PM,119,57,62
08/11/2019 04:00:00 PM,118,66,52
08/11/2019 05:00:00 PM,72,35,37
08/11/2019 06:00:00 PM,59,36,23
08/11/2019 07:00:00 PM,40,19,21
08/11/2019 08:00:00 PM,33,17,16
08/11/2019 09:00:00 PM,21,11,10
08/11/2019 10:00:00 PM,15,11,4
08/11/2019 11:00:00 PM,10,6,4
08/12/2019 12:00:00 AM,9,6,3
08/12/2019 01:00:00 AM,1,1,0
08/12/2019 02:00:00 AM,0,0,0
08/12/2019 03:00:00 AM,2,2,0
08/12/2019 04:00:00 AM,13,6,7
08/12/2019 05:00:00 AM,29,10,19
08/12/2019 06:00:00 AM,127,24,103
08/12/2019 07:00:00 AM,379,32,347
08/12/2019 08:00:00 AM,450,58,392
08/12/2019 09:00:00 AM,266,46,220
08/12/2019 10:00:00 AM,96,29,67
08/12/2019 11:00:00 AM,66,22,44
08/12/2019 12:00:00 PM,63,26,37
08/12/2019 01:00:00 PM,98,58,40
08/12/2019 02:00:00 PM,100,57,43
08/12/2019 03:00:00 PM,153,109,44
08/12/2019 04:00:00 PM,418,342,76
08/12/2019 05:00:00 PM,616,541,75
08/12/2019 06:00:00 PM,322,257,65
08/12/2019 07:00:00 PM,181,129,52
08/12/2019 08:00:00 PM,120,52,68
08/12/2019 09:00:00 PM,51,30,21
08/12/2019 10:00:00 PM,31,20,11
08/12/2019 11:00:00 PM,10,7,3
08/13/2019 12:00:00 AM,5,3,2
08/13/2019 01:00:00 AM,2,2,0
08/13/2019 02:00:00 AM,3,1,2
08/13/2019 03:00:00 AM,3,3,0
08/13/2019 04:00:00 AM,14,5,9
08/13/2019 05:00:00 AM,51,10,41
08/13/2019 06:00:00 AM,162,34,128
08/13/2019 07:00:00 AM,460,46,414
08/13/2019 08:00:00 AM,535,64,471
08/13/2019 09:00:00 AM,255,52,203
08/13/2019 10:00:00 AM,106,33,73
08/13/2019 11:00:00 AM,73,22,51
08/13/2019 12:00:00 PM,74,45,29
08/13/2019 01:00:00 PM,91,35,56
08/13/2019 02:00:00 PM,103,60,43
08/13/2019 03:00:00 PM,196,147,49
08/13/2019 04:00:00 PM,468,391,77
08/13/2019 05:00:00 PM,690,578,112
08/13/2019 06:00:00 PM,395,305,90
08/13/2019 07:00:00 PM,162,115,47
08/13/2019 08:00:00 PM,122,77,45
08/13/2019 09:00:00 PM,60,33,27
08/13/2019 10:00:00 PM,42,22,20
08/13/2019 11:00:00 PM,26,18,8
08/14/2019 12:00:00 AM,5,3,2
08/14/2019 01:00:00 AM,6,4,2
08/14/2019 02:00:00 AM,3,2,1
08/14/2019 03:00:00 AM,2,2,0
08/14/2019 04:00:00 AM,13,3,10
08/14/2019 05:00:00 AM,45,12,33
08/14/2019 06:00:00 AM,149,25,124
08/14/2019 07:00:00 AM,420,66,354
08/14/2019 08:00:00 AM,511,61,450
08/14/2019 09:00:00 AM,231,43,188
08/14/2019 10:00:00 AM,112,38,74
08/14/2019 11:00:00 AM,96,34,62
08/14/2019 12:00:00 PM,104,47,57
08/14/2019 01:00:00 PM,87,48,39
08/14/2019 02:00:00 PM,118,70,48
08/14/2019 03:00:00 PM,218,155,63
08/14/2019 04:00:00 PM,431,376,55
08/14/2019 05:00:00 PM,652,528,124
08/14/2019 06:00:00 PM,360,281,79
08/14/2019 07:00:00 PM,184,141,43
08/14/2019 08:00:00 PM,122,73,49
08/14/2019 09:00:00 PM,79,39,40
08/14/2019 10:00:00 PM,20,15,5
08/14/2019 11:00:00 PM,20,15,5
08/15/2019 12:00:00 AM,11,9,2
08/15/2019 01:00:00 AM,8,6,2
08/15/2019 02:00:00 AM,2,2,0
08/15/2019 03:00:00 AM,2,2,0
08/15/2019 04:00:00 AM,13,4,9
08/15/2019 05:00:00 AM,34,11,23
08/15/2019 06:00:00 AM,140,17,123
08/15/2019 07:00:00 AM,401,49,352
08/15/2019 08:00:00 AM,492,62,430
08/15/2019 09:00:00 AM,249,51,198
08/15/2019 10:00:00 AM,136,50,86
08/15/2019 11:00:00 AM,67,24,43
08/15/2019 12:00:00 PM,89,39,50
08/15/2019 01:00:00 PM,105,50,55
08/15/2019 02:00:00 PM,113,69,44
08/15/2019 03:00:00 PM,194,153,41
08/15/2019 04:00:00 PM,473,383,90
08/15/2019 05:00:00 PM,578,483,95
08/15/2019 06:00:00 PM,332,269,63
08/15/2019 07:00:00 PM,178,122,56
08/15/2019 08:00:00 PM,110,65,45
08/15/2019 09:00:00 PM,71,36,35
08/15/2019 10:00:00 PM,35,20,15
08/15/2019 11:00:00 PM,19,11,8
08/16/2019 12:00:00 AM,15,12,3
08/16/2019 01:00:00 AM,6,6,0
08/16/2019 02:00:00 AM,2,1,1
08/16/2019 03:00:00 AM,3,3,0
08/16/2019 04:00:00 AM,8,3,5
08/16/2019 05:00:00 AM,18,4,14
08/16/2019 06:00:00 AM,113,21,92
08/16/2019 07:00:00 AM,283,29,254
08/16/2019 08:00:00 AM,349,39,310
08/16/2019 09:00:00 AM,237,45,192
08/16/2019 10:00:00 AM,113,33,80
08/16/2019 11:00:00 AM,89,39,50
08/16/2019 12:00:00 PM,102,44,58
08/16/2019 01:00:00 PM,118,71,47
08/16/2019 02:00:00 PM,130,82,48
08/16/2019 03:00:00 PM,216,154,62
08/16/2019 04:00:00 PM,364,302,62
08/16/2019 05:00:00 PM,417,328,89
08/16/2019 06:00:00 PM,203,166,37
08/16/2019 07:00:00 PM,90,61,29
08/16/2019 08:00:00 PM,75,49,26
08/16/2019 09:00:00 PM,49,28,21
08/16/2019 10:00:00 PM,37,24,13
08/16/2019 11:00:00 PM,25,15,10
08/17/2019 12:00:00 AM,16,11,5
08/17/2019 01:00:00 AM,6,4,2
08/17/2019 02:00:00 AM,7,5,2
08/17/2019 03:00:00 AM,1,1,0
08/17/2019 04:00:00 AM,2,1,1
08/17/2019 05:00:00 AM,6,4,2
08/17/2019 06:00:00 AM,21,7,14
08/17/2019 07:00:00 AM,30,12,18
08/17/2019 08:00:00 AM,68,33,35
08/17/2019 09:00:00 AM,88,37,51
08/17/2019 10:00:00 AM,119,76,43
08/17/2019 11:00:00 AM,102,56,46
08/17/2019 12:00:00 PM,119,61,58
08/17/2019 01:00:00 PM,132,63,69
08/17/2019 02:00:00 PM,132,74,58
08/17/2019 03:00:00 PM,146,84,62
08/17/2019 04:00:00 PM,148,72,76
08/17/2019 05:00:00 PM,117,60,57
08/17/2019 06:00:00 PM,99,37,62
08/17/2019 07:00:00 PM,69,32,37
08/17/2019 08:00:00 PM,68,32,36
08/17/2019 09:00:00 PM,40,27,13
08/17/2019 10:00:00 PM,29,19,10
08/17/2019 11:00:00 PM,16,13,3
08/18/2019 12:00:00 AM,5,4,1
08/18/2019 01:00:00 AM,8,6,2
08/18/2019 02:00:00 AM,4,4,0
08/18/2019 03:00:00 AM,5,1,4
08/18/2019 04:00:00 AM,1,0,1
08/18/2019 05:00:00 AM,1,0,1
08/18/2019 06:00:00 AM,16,2,14
08/18/2019 07:00:00 AM,26,17,9
08/18/2019 08:00:00 AM,51,31,20
08/18/2019 09:00:00 AM,91,53,38
08/18/2019 10:00:00 AM,81,41,40
08/18/2019 11:00:00 AM,118,56,62
08/18/2019 12:00:00 PM,157,73,84
08/18/2019 01:00:00 PM,139,83,56
08/18/2019 02:00:00 PM,171,106,65
08/18/2019 03:00:00 PM,173,100,73
08/18/2019 04:00:00 PM,124,58,66
08/18/2019 05:00:00 PM,161,70,91
08/18/2019 06:00:00 PM,121,68,53
08/18/2019 07:00:00 PM,72,41,31
08/18/2019 08:00:00 PM,61,25,36
08/18/2019 09:00:00 PM,16,11,5
08/18/2019 10:00:00 PM,13,9,4
08/18/2019 11:00:00 PM,15,12,3
08/19/2019 12:00:00 AM,3,2,1
08/19/2019 01:00:00 AM,3,2,1
08/19/2019 02:00:00 AM,1,1,0
08/19/2019 03:00:00 AM,4,2,2
08/19/2019 04:00:00 AM,12,3,9
08/19/2019 05:00:00 AM,35,10,25
08/19/2019 06:00:00 AM,121,29,92
08/19/2019 07:00:00 AM,401,52,349
08/19/2019 08:00:00 AM,454,40,414
08/19/2019 09:00:00 AM,243,39,204
08/19/2019 10:00:00 AM,88,19,69
08/19/2019 11:00:00 AM,76,33,43
08/19/2019 12:00:00 PM,63,29,34
08/19/2019 01:00:00 PM,71,43,28
08/19/2019 02:00:00 PM,85,45,40
08/19/2019 03:00:00 PM,146,107,39
08/19/2019 04:00:00 PM,440,366,74
08/19/2019 05:00:00 PM,569,493,76
08/19/2019 06:00:00 PM,349,288,61
08/19/2019 07:00:00 PM,194,135,59
08/19/2019 08:00:00 PM,84,44,40
08/19/2019 09:00:00 PM,41,24,17
08/19/2019 10:00:00 PM,18,9,9
08/19/2019 11:00:00 PM,17,11,6
08/20/2019 12:00:00 AM,11,7,4
08/20/2019 01:00:00 AM,4,1,3
08/20/2019 02:00:00 AM,1,0,1
08/20/2019 03:00:00 AM,4,1,3
08/20/2019 04:00:00 AM,14,3,11
08/20/2019 05:00:00 AM,39,13,26
08/20/2019 06:00:00 AM,168,29,139
08/20/2019 07:00:00 AM,397,50,347
08/20/2019 08:00:00 AM,501,54,447
08/20/2019 09:00:00 AM,234,51,183
08/20/2019 10:00:00 AM,104,21,83
08/20/2019 11:00:00 AM,80,38,42
08/20/2019 12:00:00 PM,109,58,51
08/20/2019 01:00:00 PM,106,68,38
08/20/2019 02:00:00 PM,119,68,51
08/20/2019 03:00:00 PM,189,128,61
08/20/2019 04:00:00 PM,448,375,73
08/20/2019 05:00:00 PM,567,479,88
08/20/2019 06:00:00 PM,333,247,86
08/20/2019 07:00:00 PM,127,84,43
08/20/2019 08:00:00 PM,80,48,32
08/20/2019 09:00:00 PM,50,30,20
08/20/2019 10:00:00 PM,43,38,5
08/20/2019 11:00:00 PM,36,30,6
08/21/2019 12:00:00 AM,7,5,2
08/21/2019 01:00:00 AM,2,2,0
08/21/2019 02:00:00 AM,3,3,0
08/21/2019 03:00:00 AM,3,1,2
08/21/2019 04:00:00 AM,14,5,9
08/21/2019 05:00:00 AM,33,7,26
08/21/2019 06:00:00 AM,91,15,76
08/21/2019 07:00:00 AM,201,23,178
08/21/2019 08:00:00 AM,209,24,185
08/21/2019 09:00:00 AM,111,11,100
08/21/2019 10:00:00 AM,46,11,35
08/21/2019 11:00:00 AM,44,13,31
08/21/2019 12:00:00 PM,45,20,25
08/21/2019 01:00:00 PM,37,26,11
08/21/2019 02:00:00 PM,55,40,15
08/21/2019 03:00:00 PM,98,76,22
08/21/2019 04:00:00 PM,226,188,38
08/21/2019 05:00:00 PM,289,243,46
08/21/2019 06:00:00 PM,145,128,17
08/21/2019 07:00:00 PM,83,62,21
08/21/2019 08:00:00 PM,42,29,13
08/21/2019 09:00:00 PM,27,20,7
08/21/2019 10:00:00 PM,14,11,3
08/21/2019 11:00:00 PM,11,7,4
08/22/2019 12:00:00 AM,7,4,3
08/22/2019 01:00:00 AM,3,3,0
08/22/2019 02:00:00 AM,4,2,2
08/22/2019 03:00:00 AM,4,2,2
08/22/2019 04:00:00 AM,12,5,7
08/22/2019 05:00:00 AM,38,16,22
08/22/2019 06:00:00 AM,130,25,105
08/22/2019 07:00:00 AM,351,37,314
08/22/2019 08:00:00 AM,463,57,406
08/22/2019 09:00:00 AM,231,34,197
08/22/2019 10:00:00 AM,99,28,71
08/22/2019 11:00:00 AM,68,28,40
08/22/2019 12:00:00 PM,88,41,47
08/22/2019 01:00:00 PM,98,44,54
08/22/2019 02:00:00 PM,98,53,45
08/22/2019 03:00:00 PM,194,135,59
08/22/2019 04:00:00 PM,405,325,80
08/22/2019 05:00:00 PM,547,461,86
08/22/2019 06:00:00 PM,312,258,54
08/22/2019 07:00:00 PM,193,142,51
08/22/2019 08:00:00 PM,95,58,37
08/22/2019 09:00:00 PM,49,30,19
08/22/2019 10:00:00 PM,41,22,19
08/22/2019 11:00:00 PM,23,12,11
08/23/2019 12:00:00 AM,12,11,1
08/23/2019 01:00:00 AM,4,4,0
08/23/2019 02:00:00 AM,2,1,1
08/23/2019 03:00:00 AM,2,1,1
08/23/2019 04:00:00 AM,9,6,3
08/23/2019 05:00:00 AM,43,26,17
08/23/2019 06:00:00 AM,108,28,80
08/23/2019 07:00:00 AM,270,32,238
08/23/2019 08:00:00 AM,364,45,319
08/23/2019 09:00:00 AM,215,45,170
08/23/2019 10:00:00 AM,101,34,67
08/23/2019 11:00:00 AM,89,40,49
08/23/2019 12:00:00 PM,110,52,58
08/23/2019 01:00:00 PM,97,55,42
08/23/2019 02:00:00 PM,137,81,56
08/23/2019 03:00:00 PM,189,149,40
08/23/2019 04:00:00 PM,346,270,76
08/23/2019 05:00:00 PM,387,328,59
08/23/2019 06:00:00 PM,219,167,52
08/23/2019 07:00:00 PM,101,69,32
08/23/2019 08:00:00 PM,65,43,22
08/23/2019 09:00:00 PM,28,15,13
08/23/2019 10:00:00 PM,30,23,7
08/23/2019 11:00:00 PM,30,20,10
08/24/2019 12:00:00 AM,11,9,2
08/24/2019 01:00:00 AM,12,7,5
08/24/2019 02:00:00 AM,2,1,1
08/24/2019 03:00:00 AM,9,6,3
08/24/2019 04:00:00 AM,1,1,0
08/24/2019 05:00:00 AM,3,0,3
08/24/2019 06:00:00 AM,9,2,7
08/24/2019 07:00:00 AM,32,17,15
08/24/2019 08:00:00 AM,47,20,27
08/24/2019 09:00:00 AM,72,22,50
08/24/2019 10:00:00 AM,78,41,37
08/24/2019 11:00:00 AM,117,60,57
08/24/2019 12:00:00 PM,156,68,88
08/24/2019 01:00:00 PM,158,83,75
08/24/2019 02:00:00 PM,179,88,91
08/24/2019 03:00:00 PM,169,85,84
08/24/2019 04:00:00 PM,128,59,69
08/24/2019 05:00:00 PM,99,58,41
08/24/2019 06:00:00 PM,88,50,38
08/24/2019 07:00:00 PM,59,32,27
08/24/2019 08:00:00 PM,29,18,11
08/24/2019 09:00:00 PM,30,11,19
08/24/2019 10:00:00 PM,29,18,11
08/24/2019 11:00:00 PM,17,6,11
08/25/2019 12:00:00 AM,11,8,3
08/25/2019 01:00:00 AM,9,5,4
08/25/2019 02:00:00 AM,8,8,0
08/25/2019 03:00:00 AM,4,3,1
08/25/2019 04:00:00 AM,1,1,0
08/25/2019 05:00:00 AM,4,2,2
08/25/2019 06:00:00 AM,6,0,6
08/25/2019 07:00:00 AM,27,15,12
08/25/2019 08:00:00 AM,35,18,17
08/25/2019 09:00:00 AM,52,24,28
08/25/2019 10:00:00 AM,88,46,42
08/25/2019 11:00:00 AM,126,59,67
08/25/2019 12:00:00 PM,157,72,85
08/25/2019 01:00:00 PM,191,81,110
08/25/2019 02:00:00 PM,147,65,82
08/25/2019 03:00:00 PM,211,119,92
08/25/2019 04:00:00 PM,211,124,87
08/25/2019 05:00:00 PM,157,91,66
08/25/2019 06:00:00 PM,122,56,66
08/25/2019 07:00:00 PM,84,47,37
08/25/2019 08:00:00 PM,45,30,15
08/25/2019 09:00:00 PM,36,22,14
08/25/2019 10:00:00 PM,17,11,6
08/25/2019 11:00:00 PM,6,3,3
08/26/2019 12:00:00 AM,3,2,1
08/26/2019 01:00:00 AM,2,2,0
08/26/2019 02:00:00 AM,2,2,0
08/26/2019 03:00:00 AM,2,1,1
08/26/2019 04:00:00 AM,9,4,5
08/26/2019 05:00:00 AM,35,7,28
08/26/2019 06:00:00 AM,126,27,99
08/26/2019 07:00:00 AM,404,42,362
08/26/2019 08:00:00 AM,531,65,466
08/26/2019 09:00:00 AM,232,26,206
08/26/2019 10:00:00 AM,94,30,64
08/26/2019 11:00:00 AM,87,45,42
08/26/2019 12:00:00 PM,92,46,46
08/26/2019 01:00:00 PM,80,41,39
08/26/2019 02:00:00 PM,107,55,52
08/26/2019 03:00:00 PM,170,124,46
08/26/2019 04:00:00 PM,383,312,71
08/26/2019 05:00:00 PM,589,535,54
08/26/2019 06:00:00 PM,339,270,69
08/26/2019 07:00:00 PM,192,142,50
08/26/2019 08:00:00 PM,71,42,29
08/26/2019 09:00:00 PM,33,24,9
08/26/2019 10:00:00 PM,25,15,10
08/26/2019 11:00:00 PM,15,10,5
08/27/2019 12:00:00 AM,3,1,2
08/27/2019 01:00:00 AM,4,3,1
08/27/2019 02:00:00 AM,6,4,2
08/27/2019 03:00:00 AM,3,1,2
08/27/2019 04:00:00 AM,13,3,10
08/27/2019 05:00:00 AM,42,10,32
08/27/2019 06:00:00 AM,160,31,129
08/27/2019 07:00:00 AM,446,53,393
08/27/2019 08:00:00 AM,585,55,530
08/27/2019 09:00:00 AM,237,37,200
08/27/2019 10:00:00 AM,104,33,71
08/27/2019 11:00:00 AM,74,35,39
08/27/2019 12:00:00 PM,81,44,37
08/27/2019 01:00:00 PM,92,54,38
08/27/2019 02:00:00 PM,101,71,30
08/27/2019 03:00:00 PM,207,152,55
08/27/2019 04:00:00 PM,455,392,63
08/27/2019 05:00:00 PM,705,610,95
08/27/2019 06:00:00 PM,352,275,77
08/27/2019 07:00:00 PM,183,113,70
08/27/2019 08:00:00 PM,78,48,30
08/27/2019 09:00:00 PM,34,19,15
08/27/2019 10:00:00 PM,48,30,18
08/27/2019 11:00:00 PM,12,8,4
08/28/2019 12:00:00 AM,6,6,0
08/28/2019 01:00:00 AM,5,2,3
08/28/2019 02:00:00 AM,2,1,1
08/28/2019 03:00:00 AM,4,2,2
08/28/2019 04:00:00 AM,11,4,7
08/28/2019 05:00:00 AM,32,7,25
08/28/2019 06:00:00 AM,136,27,109
08/28/2019 07:00:00 AM,416,62,354
08/28/2019 08:00:00 AM,504,59,445
08/28/2019 09:00:00 AM,227,35,192
08/28/2019 10:00:00 AM,100,17,83
08/28/2019 11:00:00 AM,102,39,63
08/28/2019 12:00:00 PM,106,44,62
08/28/2019 01:00:00 PM,86,49,37
08/28/2019 02:00:00 PM,79,43,36
08/28/2019 03:00:00 PM,192,155,37
08/28/2019 04:00:00 PM,423,356,67
08/28/2019 05:00:00 PM,597,507,90
08/28/2019 06:00:00 PM,367,300,67
08/28/2019 07:00:00 PM,181,136,45
08/28/2019 08:00:00 PM,91,58,33
08/28/2019 09:00:00 PM,61,33,28
08/28/2019 10:00:00 PM,37,17,20
08/28/2019 11:00:00 PM,24,16,8
08/29/2019 12:00:00 AM,5,4,1
08/29/2019 01:00:00 AM,7,7,0
08/29/2019 02:00:00 AM,3,3,0
08/29/2019 03:00:00 AM,1,1,0
08/29/2019 04:00:00 AM,7,3,4
08/29/2019 05:00:00 AM,31,8,23
08/29/2019 06:00:00 AM,128,24,104
08/29/2019 07:00:00 AM,418,51,367
08/29/2019 08:00:00 AM,489,53,436
08/29/2019 09:00:00 AM,223,31,192
08/29/2019 10:00:00 AM,129,35,94
08/29/2019 11:00:00 AM,87,39,48
08/29/2019 12:00:00 PM,96,61,35
08/29/2019 01:00:00 PM,84,54,30
08/29/2019 02:00:00 PM,90,64,26
08/29/2019 03:00:00 PM,178,116,62
08/29/2019 04:00:00 PM,413,340,73
08/29/2019 05:00:00 PM,516,450,66
08/29/2019 06:00:00 PM,203,180,23
08/29/2019 07:00:00 PM,87,62,25
08/29/2019 08:00:00 PM,32,26,6
08/29/2019 09:00:00 PM,26,18,8
08/29/2019 10:00:00 PM,12,10,2
08/29/2019 11:00:00 PM,11,9,2
08/30/2019 12:00:00 AM,3,3,0
08/30/2019 01:00:00 AM,8,6,2
08/30/2019 02:00:00 AM,1,1,0
08/30/2019 03:00:00 AM,3,1,2
08/30/2019 04:00:00 AM,11,8,3
08/30/2019 05:00:00 AM,26,10,16
08/30/2019 06:00:00 AM,94,15,79
08/30/2019 07:00:00 AM,242,32,210
08/30/2019 08:00:00 AM,330,31,299
08/30/2019 09:00:00 AM,168,31,137
08/30/2019 10:00:00 AM,90,27,63
08/30/2019 11:00:00 AM,87,39,48
08/30/2019 12:00:00 PM,115,60,55
08/30/2019 01:00:00 PM,121,79,42
08/30/2019 02:00:00 PM,130,93,37
08/30/2019 03:00:00 PM,236,181,55
08/30/2019 04:00:00 PM,335,270,65
08/30/2019 05:00:00 PM,329,272,57
08/30/2019 06:00:00 PM,206,154,52
08/30/2019 07:00:00 PM,93,57,36
08/30/2019 08:00:00 PM,78,50,28
08/30/2019 09:00:00 PM,37,24,13
08/30/2019 10:00:00 PM,27,19,8
08/30/2019 11:00:00 PM,34,24,10
08/31/2019 12:00:00 AM,18,11,7
08/31/2019 01:00:00 AM,8,6,2
08/31/2019 02:00:00 AM,4,4,0
08/31/2019 03:00:00 AM,3,0,3
08/31/2019 04:00:00 AM,2,1,1
08/31/2019 05:00:00 AM,8,3,5
08/31/2019 06:00:00 AM,16,5,11
08/31/2019 07:00:00 AM,31,14,17
08/31/2019 08:00:00 AM,41,18,23
08/31/2019 09:00:00 AM,58,28,30
08/31/2019 10:00:00 AM,72,37,35
08/31/2019 11:00:00 AM,142,80,62
08/31/2019 12:00:00 PM,140,58,82
08/31/2019 01:00:00 PM,119,63,56
08/31/2019 02:00:00 PM,149,76,73
08/31/2019 03:00:00 PM,132,76,56
08/31/2019 04:00:00 PM,130,58,72
08/31/2019 05:00:00 PM,101,56,45
08/31/2019 06:00:00 PM,73,46,27
08/31/2019 07:00:00 PM,60,21,39
08/31/2019 08:00:00 PM,45,25,20
08/31/2019 09:00:00 PM,30,17,13
08/31/2019 10:00:00 PM,29,16,13
08/31/2019 11:00:00 PM,27,19,8
09/01/2019 12:00:00 AM,8,2,6
09/01/2019 01:00:00 AM,8,4,4
09/01/2019 02:00:00 AM,3,2,1
09/01/2019 03:00:00 AM,7,3,4
09/01/2019 04:00:00 AM,2,2,0
09/01/2019 05:00:00 AM,2,0,2
09/01/2019 06:00:00 AM,15,6,9
09/01/2019 07:00:00 AM,23,11,12
09/01/2019 08:00:00 AM,37,15,22
09/01/2019 09:00:00 AM,82,42,40
09/01/2019 10:00:00 AM,87,48,39
09/01/2019 11:00:00 AM,107,54,53
09/01/2019 12:00:00 PM,114,69,45
09/01/2019 01:00:00 PM,120,62,58
09/01/2019 02:00:00 PM,151,79,72
09/01/2019 03:00:00 PM,141,65,76
09/01/2019 04:00:00 PM,120,65,55
09/01/2019 05:00:00 PM,113,62,51
09/01/2019 06:00:00 PM,94,62,32
09/01/2019 07:00:00 PM,53,28,25
09/01/2019 08:00:00 PM,38,20,18
09/01/2019 09:00:00 PM,43,26,17
09/01/2019 10:00:00 PM,22,11,11
09/01/2019 11:00:00 PM,18,14,4
09/02/2019 12:00:00 AM,11,10,1
09/02/2019 01:00:00 AM,5,3,2
09/02/2019 02:00:00 AM,0,0,0
09/02/2019 03:00:00 AM,4,4,0
09/02/2019 04:00:00 AM,4,3,1
09/02/2019 05:00:00 AM,4,1,3
09/02/2019 06:00:00 AM,20,10,10
09/02/2019 07:00:00 AM,31,10,21
09/02/2019 08:00:00 AM,54,23,31
09/02/2019 09:00:00 AM,82,36,46
09/02/2019 10:00:00 AM,110,50,60
09/02/2019 11:00:00 AM,102,55,47
09/02/2019 12:00:00 PM,161,104,57
09/02/2019 01:00:00 PM,157,78,79
09/02/2019 02:00:00 PM,147,82,65
09/02/2019 03:00:00 PM,177,108,69
09/02/2019 04:00:00 PM,158,92,66
09/02/2019 05:00:00 PM,114,67,47
09/02/2019 06:00:00 PM,112,59,53
09/02/2019 07:00:00 PM,83,42,41
09/02/2019 08:00:00 PM,33,10,23
09/02/2019 09:00:00 PM,22,15,7
09/02/2019 10:00:00 PM,7,4,3
09/02/2019 11:00:00 PM,11,7,4
09/03/2019 12:00:00 AM,3,2,1
09/03/2019 01:00:00 AM,1,0,1
09/03/2019 02:00:00 AM,4,2,2
09/03/2019 03:00:00 AM,6,4,2
09/03/2019 04:00:00 AM,9,2,7
09/03/2019 05:00:00 AM,45,14,31
09/03/2019 06:00:00 AM,151,18,133
09/03/2019 07:00:00 AM,423,47,376
09/03/2019 08:00:00 AM,511,45,466
09/03/2019 09:00:00 AM,250,40,210
09/03/2019 10:00:00 AM,100,31,69
09/03/2019 11:00:00 AM,78,30,48
09/03/2019 12:00:00 PM,76,33,43
09/03/2019 01:00:00 PM,88,47,41
09/03/2019 02:00:00 PM,76,53,23
09/03/2019 03:00:00 PM,178,128,50
09/03/2019 04:00:00 PM,437,372,65
09/03/2019 05:00:00 PM,670,590,80
09/03/2019 06:00:00 PM,318,252,66
09/03/2019 07:00:00 PM,141,97,44
09/03/2019 08:00:00 PM,72,43,29
09/03/2019 09:00:00 PM,47,31,16
09/03/2019 10:00:00 PM,25,20,5
09/03/2019 11:00:00 PM,19,11,8
09/04/2019 12:00:00 AM,5,3,2
09/04/2019 01:00:00 AM,0,0,0
09/04/2019 02:00:00 AM,2,1,1
09/04/2019 03:00:00 AM,2,1,1
09/04/2019 04:00:00 AM,10,6,4
09/04/2019 05:00:00 AM,39,13,26
09/04/2019 06:00:00 AM,142,26,116
09/04/2019 07:00:00 AM,402,41,361
09/04/2019 08:00:00 AM,502,45,457
09/04/2019 09:00:00 AM,270,55,215
09/04/2019 10:00:00 AM,127,33,94
09/04/2019 11:00:00 AM,69,21,48
09/04/2019 12:00:00 PM,59,27,32
09/04/2019 01:00:00 PM,79,36,43
09/04/2019 02:00:00 PM,85,57,28
09/04/2019 03:00:00 PM,165,118,47
09/04/2019 04:00:00 PM,343,299,44
09/04/2019 05:00:00 PM,670,591,79
09/04/2019 06:00:00 PM,378,313,65
09/04/2019 07:00:00 PM,183,142,41
09/04/2019 08:00:00 PM,80,48,32
09/04/2019 09:00:00 PM,40,21,19
09/04/2019 10:00:00 PM,17,11,6
09/04/2019 11:00:00 PM,16,7,9
09/05/2019 12:00:00 AM,7,5,2
09/05/2019 01:00:00 AM,3,2,1
09/05/2019 02:00:00 AM,1,0,1
09/05/2019 03:00:00 AM,5,2,3
09/05/2019 04:00:00 AM,8,2,6
09/05/2019 05:00:00 AM,28,12,16
09/05/2019 06:00:00 AM,97,16,81
09/05/2019 07:00:00 AM,373,45,328
09/05/2019 08:00:00 AM,520,49,471
09/05/2019 09:00:00 AM,311,45,266
09/05/2019 10:00:00 AM,124,38,86
09/05/2019 11:00:00 AM,82,27,55
09/05/2019 12:00:00 PM,93,37,56
09/05/2019 01:00:00 PM,93,62,31
09/05/2019 02:00:00 PM,108,65,43
09/05/2019 03:00:00 PM,154,100,54
09/05/2019 04:00:00 PM,364,283,81
09/05/2019 05:00:00 PM,596,516,80
09/05/2019 06:00:00 PM,389,327,62
09/05/2019 07:00:00 PM,180,135,45
09/05/2019 08:00:00 PM,83,51,32
09/05/2019 09:00:00 PM,47,34,13
09/05/2019 10:00:00 PM,30,20,10
09/05/2019 11:00:00 PM,17,11,6
09/06/2019 12:00:00 AM,12,6,6
09/06/2019 01:00:00 AM,8,7,1
09/06/2019 02:00:00 AM,3,2,1
09/06/2019 03:00:00 AM,1,0,1
09/06/2019 04:00:00 AM,3,1,2
09/06/2019 05:00:00 AM,24,12,12
09/06/2019 06:00:00 AM,89,18,71
09/06/2019 07:00:00 AM,286,35,251
09/06/2019 08:00:00 AM,472,40,432
09/06/2019 09:00:00 AM,253,47,206
09/06/2019 10:00:00 AM,133,38,95
09/06/2019 11:00:00 AM,98,38,60
09/06/2019 12:00:00 PM,77,39,38
09/06/2019 01:00:00 PM,136,85,51
09/06/2019 02:00:00 PM,117,80,37
09/06/2019 03:00:00 PM,222,157,65
09/06/2019 04:00:00 PM,400,322,78
09/06/2019 05:00:00 PM,493,410,83
09/06/2019 06:00:00 PM,283,237,46
09/06/2019 07:00:00 PM,134,91,43
09/06/2019 08:00:00 PM,69,38,31
09/06/2019 09:00:00 PM,53,34,19
09/06/2019 10:00:00 PM,32,18,14
09/06/2019 11:00:00 PM,29,18,11
09/07/2019 12:00:00 AM,10,7,3
09/07/2019 01:00:00 AM,8,3,5
09/07/2019 02:00:00 AM,6,2,4
09/07/2019 03:00:00 AM,2,1,1
09/07/2019 04:00:00 AM,1,1,0
09/07/2019 05:00:00 AM,6,3,3
09/07/2019 06:00:00 AM,11,5,6
09/07/2019 07:00:00 AM,30,15,15
09/07/2019 08:00:00 AM,43,9,34
09/07/2019 09:00:00 AM,65,30,35
09/07/2019 10:00:00 AM,75,41,34
09/07/2019 11:00:00 AM,88,45,43
09/07/2019 12:00:00 PM,111,49,62
09/07/2019 01:00:00 PM,122,62,60
09/07/2019 02:00:00 PM,146,88,58
09/07/2019 03:00:00 PM,114,57,57
09/07/2019 04:00:00 PM,90,48,42
09/07/2019 05:00:00 PM,99,72,27
09/07/2019 06:00:00 PM,63,27,36
09/07/2019 07:00:00 PM,47,26,21
09/07/2019 08:00:00 PM,16,7,9
09/07/2019 09:00:00 PM,14,7,7
09/07/2019 10:00:00 PM,11,9,2
09/07/2019 11:00:00 PM,11,7,4
09/08/2019 12:00:00 AM,4,1,3
09/08/2019 01:00:00 AM,4,3,1
09/08/2019 02:00:00 AM,6,2,4
09/08/2019 03:00:00 AM,1,1,0
09/08/2019 04:00:00 AM,2,1,1
09/08/2019 05:00:00 AM,1,0,1
09/08/2019 06:00:00 AM,8,3,5
09/08/2019 07:00:00 AM,4,3,1
09/08/2019 08:00:00 AM,22,9,13
09/08/2019 09:00:00 AM,35,15,20
09/08/2019 10:00:00 AM,48,15,33
09/08/2019 11:00:00 AM,58,32,26
09/08/2019 12:00:00 PM,50,30,20
09/08/2019 01:00:00 PM,78,45,33
09/08/2019 02:00:00 PM,87,49,38
09/08/2019 03:00:00 PM,40,17,23
09/08/2019 04:00:00 PM,68,40,28
09/08/2019 05:00:00 PM,66,35,31
09/08/2019 06:00:00 PM,57,28,29
09/08/2019 07:00:00 PM,37,20,17
09/08/2019 08:00:00 PM,16,10,6
09/08/2019 09:00:00 PM,7,2,5
09/08/2019 10:00:00 PM,3,2,1
09/08/2019 11:00:00 PM,5,5,0
09/09/2019 12:00:00 AM,2,1,1
09/09/2019 01:00:00 AM,0,0,0
09/09/2019 02:00:00 AM,1,0,1
09/09/2019 03:00:00 AM,2,0,2
09/09/2019 04:00:00 AM,7,5,2
09/09/2019 05:00:00 AM,20,6,14
09/09/2019 06:00:00 AM,60,10,50
09/09/2019 07:00:00 AM,233,27,206
09/09/2019 08:00:00 AM,398,39,359
09/09/2019 09:00:00 AM,237,30,207
09/09/2019 10:00:00 AM,92,17,75
09/09/2019 11:00:00 AM,42,17,25
09/09/2019 12:00:00 PM,37,12,25
09/09/2019 01:00:00 PM,48,26,22
09/09/2019 02:00:00 PM,58,25,33
09/09/2019 03:00:00 PM,91,71,20
09/09/2019 04:00:00 PM,205,180,25
09/09/2019 05:00:00 PM,430,385,45
09/09/2019 06:00:00 PM,225,199,26
09/09/2019 07:00:00 PM,109,85,24
09/09/2019 08:00:00 PM,46,32,14
09/09/2019 09:00:00 PM,27,18,9
09/09/2019 10:00:00 PM,16,12,4
09/09/2019 11:00:00 PM,11,8,3
09/10/2019 12:00:00 AM,5,3,2
09/10/2019 01:00:00 AM,0,0,0
09/10/2019 02:00:00 AM,2,1,1
09/10/2019 03:00:00 AM,1,0,1
09/10/2019 04:00:00 AM,6,3,3
09/10/2019 05:00:00 AM,22,6,16
09/10/2019 06:00:00 AM,72,10,62
09/10/2019 07:00:00 AM,185,30,155
09/10/2019 08:00:00 AM,334,37,297
09/10/2019 09:00:00 AM,224,35,189
09/10/2019 10:00:00 AM,91,23,68
09/10/2019 11:00:00 AM,50,15,35
09/10/2019 12:00:00 PM,60,26,34
09/10/2019 01:00:00 PM,51,26,25
09/10/2019 02:00:00 PM,88,51,37
09/10/2019 03:00:00 PM,116,81,35
09/10/2019 04:00:00 PM,269,203,66
09/10/2019 05:00:00 PM,504,442,62
09/10/2019 06:00:00 PM,313,229,84
09/10/2019 07:00:00 PM,146,104,42
09/10/2019 08:00:00 PM,61,40,21
09/10/2019 09:00:00 PM,46,33,13
09/10/2019 10:00:00 PM,34,25,9
09/10/2019 11:00:00 PM,16,9,7
09/11/2019 12:00:00 AM,4,3,1
09/11/2019 01:00:00 AM,2,1,1
09/11/2019 02:00:00 AM,1,1,0
09/11/2019 03:00:00 AM,2,0,2
09/11/2019 04:00:00 AM,6,2,4
09/11/2019 05:00:00 AM,29,7,22
09/11/2019 06:00:00 AM,100,24,76
09/11/2019 07:00:00 AM,316,35,281
09/11/2019 08:00:00 AM,541,64,477
09/11/2019 09:00:00 AM,278,35,243
09/11/2019 10:00:00 AM,89,19,70
09/11/2019 11:00:00 AM,90,27,63
09/11/2019 12:00:00 PM,82,30,52
09/11/2019 01:00:00 PM,84,56,28
09/11/2019 02:00:00 PM,82,42,40
09/11/2019 03:00:00 PM,136,102,34
09/11/2019 04:00:00 PM,345,282,63
09/11/2019 05:00:00 PM,630,532,98
09/11/2019 06:00:00 PM,393,320,73
09/11/2019 07:00:00 PM,193,132,61
09/11/2019 08:00:00 PM,99,50,49
09/11/2019 09:00:00 PM,49,34,15
09/11/2019 10:00:00 PM,38,33,5
09/11/2019 11:00:00 PM,19,15,4
09/12/2019 12:00:00 AM,9,7,2
09/12/2019 01:00:00 AM,6,3,3
09/12/2019 02:00:00 AM,8,5,3
09/12/2019 03:00:00 AM,3,1,2
09/12/2019 04:00:00 AM,4,2,2
09/12/2019 05:00:00 AM,22,9,13
09/12/2019 06:00:00 AM,99,13,86
09/12/2019 07:00:00 AM,327,36,291
09/12/2019 08:00:00 AM,506,57,449
09/12/2019 09:00:00 AM,280,46,234
09/12/2019 10:00:00 AM,136,38,98
09/12/2019 11:00:00 AM,99,37,62
09/12/2019 12:00:00 PM,95,35,60
09/12/2019 01:00:00 PM,112,58,54
09/12/2019 02:00:00 PM,120,64,56
09/12/2019 03:00:00 PM,151,98,53
09/12/2019 04:00:00 PM,372,306,66
09/12/2019 05:00:00 PM,580,486,94
09/12/2019 06:00:00 PM,358,297,61
09/12/2019 07:00:00 PM,135,94,41
09/12/2019 08:00:00 PM,54,33,21
09/12/2019 09:00:00 PM,36,24,12
09/12/2019 10:00:00 PM,21,17,4
09/12/2019 11:00:00 PM,18,13,5
09/13/2019 12:00:00 AM,5,5,0
09/13/2019 01:00:00 AM,1,1,0
09/13/2019 02:00:00 AM,2,1,1
09/13/2019 03:00:00 AM,2,1,1
09/13/2019 04:00:00 AM,3,2,1
09/13/2019 05:00:00 AM,15,5,10
09/13/2019 06:00:00 AM,68,14,54
09/13/2019 07:00:00 AM,226,22,204
09/13/2019 08:00:00 AM,383,38,345
09/13/2019 09:00:00 AM,223,41,182
09/13/2019 10:00:00 AM,85,19,66
09/13/2019 11:00:00 AM,75,27,48
09/13/2019 12:00:00 PM,72,36,36
09/13/2019 01:00:00 PM,63,36,27
09/13/2019 02:00:00 PM,78,47,31
09/13/2019 03:00:00 PM,136,91,45
09/13/2019 04:00:00 PM,293,251,42
09/13/2019 05:00:00 PM,473,407,66
09/13/2019 06:00:00 PM,209,168,41
09/13/2019 07:00:00 PM,96,63,33
09/13/2019 08:00:00 PM,55,24,31
09/13/2019 09:00:00 PM,27,14,13
09/13/2019 10:00:00 PM,27,16,11
09/13/2019 11:00:00 PM,18,13,5
09/14/2019 12:00:00 AM,11,7,4
09/14/2019 01:00:00 AM,8,7,1
09/14/2019 02:00:00 AM,9,6,3
09/14/2019 03:00:00 AM,2,0,2
09/14/2019 04:00:00 AM,3,2,1
09/14/2019 05:00:00 AM,5,3,2
09/14/2019 06:00:00 AM,14,4,10
09/14/2019 07:00:00 AM,25,10,15
09/14/2019 08:00:00 AM,46,14,32
09/14/2019 09:00:00 AM,79,33,46
09/14/2019 10:00:00 AM,81,50,31
09/14/2019 11:00:00 AM,111,54,57
09/14/2019 12:00:00 PM,116,71,45
09/14/2019 01:00:00 PM,118,70,48
09/14/2019 02:00:00 PM,102,67,35
09/14/2019 03:00:00 PM,116,61,55
09/14/2019 04:00:00 PM,97,54,43
09/14/2019 05:00:00 PM,91,43,48
09/14/2019 06:00:00 PM,73,47,26
09/14/2019 07:00:00 PM,64,30,34
09/14/2019 08:00:00 PM,36,17,19
09/14/2019 09:00:00 PM,13,9,4
09/14/2019 10:00:00 PM,13,10,3
09/14/2019 11:00:00 PM,11,6,5
09/15/2019 12:00:00 AM,4,2,2
09/15/2019 01:00:00 AM,7,4,3
09/15/2019 02:00:00 AM,2,2,0
09/15/2019 03:00:00 AM,2,2,0
09/15/2019 04:00:00 AM,1,1,0
09/15/2019 05:00:00 AM,3,1,2
09/15/2019 06:00:00 AM,7,2,5
09/15/2019 07:00:00 AM,9,3,6
09/15/2019 08:00:00 AM,16,7,9
09/15/2019 09:00:00 AM,8,2,6
09/15/2019 10:00:00 AM,8,2,6
09/15/2019 11:00:00 AM,24,9,15
09/15/2019 12:00:00 PM,17,10,7
09/15/2019 01:00:00 PM,22,13,9
09/15/2019 02:00:00 PM,24,8,16
09/15/2019 03:00:00 PM,26,16,10
09/15/2019 04:00:00 PM,42,27,15
09/15/2019 05:00:00 PM,34,24,10
09/15/2019 06:00:00 PM,45,35,10
09/15/2019 07:00:00 PM,22,10,12
09/15/2019 08:00:00 PM,25,12,13
09/15/2019 09:00:00 PM,9,5,4
09/15/2019 10:00:00 PM,6,4,2
09/15/2019 11:00:00 PM,7,6,1
09/16/2019 12:00:00 AM,0,0,0
09/16/2019 01:00:00 AM,3,3,0
09/16/2019 02:00:00 AM,1,0,1
09/16/2019 03:00:00 AM,1,0,1
09/16/2019 04:00:00 AM,3,0,3
09/16/2019 05:00:00 AM,20,6,14
09/16/2019 06:00:00 AM,85,23,62
09/16/2019 07:00:00 AM,268,32,236
09/16/2019 08:00:00 AM,470,41,429
09/16/2019 09:00:00 AM,251,46,205
09/16/2019 10:00:00 AM,118,25,93
09/16/2019 11:00:00 AM,51,14,37
09/16/2019 12:00:00 PM,90,39,51
09/16/2019 01:00:00 PM,69,42,27
09/16/2019 02:00:00 PM,88,47,41
09/16/2019 03:00:00 PM,122,83,39
09/16/2019 04:00:00 PM,332,269,63
09/16/2019 05:00:00 PM,535,469,66
09/16/2019 06:00:00 PM,339,270,69
09/16/2019 07:00:00 PM,165,118,47
09/16/2019 08:00:00 PM,65,38,27
09/16/2019 09:00:00 PM,39,25,14
09/16/2019 10:00:00 PM,23,17,6
09/16/2019 11:00:00 PM,10,6,4
09/17/2019 12:00:00 AM,4,4,0
09/17/2019 01:00:00 AM,3,3,0
09/17/2019 02:00:00 AM,2,1,1
09/17/2019 03:00:00 AM,5,3,2
09/17/2019 04:00:00 AM,2,1,1
09/17/2019 05:00:00 AM,23,3,20
09/17/2019 06:00:00 AM,57,15,42
09/17/2019 07:00:00 AM,217,23,194
09/17/2019 08:00:00 AM,341,34,307
09/17/2019 09:00:00 AM,148,27,121
09/17/2019 10:00:00 AM,46,11,35
09/17/2019 11:00:00 AM,20,4,16
09/17/2019 12:00:00 PM,33,17,16
09/17/2019 01:00:00 PM,41,25,16
09/17/2019 02:00:00 PM,36,26,10
09/17/2019 03:00:00 PM,81,64,17
09/17/2019 04:00:00 PM,208,177,31
09/17/2019 05:00:00 PM,365,331,34
09/17/2019 06:00:00 PM,183,150,33
09/17/2019 07:00:00 PM,71,55,16
09/17/2019 08:00:00 PM,38,25,13
09/17/2019 09:00:00 PM,29,20,9
09/17/2019 10:00:00 PM,13,9,4
09/17/2019 11:00:00 PM,13,11,2
09/18/2019 12:00:00 AM,4,3,1
09/18/2019 01:00:00 AM,1,1,0
09/18/2019 02:00:00 AM,1,1,0
09/18/2019 03:00:00 AM,1,0,1
09/18/2019 04:00:00 AM,8,5,3
09/18/2019 05:00:00 AM,12,4,8
09/18/2019 06:00:00 AM,73,16,57
09/18/2019 07:00:00 AM,281,33,248
09/18/2019 08:00:00 AM,428,54,374
09/18/2019 09:00:00 AM,229,27,202
09/18/2019 10:00:00 AM,102,30,72
09/18/2019 11:00:00 AM,68,22,46
09/18/2019 12:00:00 PM,80,40,40
09/18/2019 01:00:00 PM,62,37,25
09/18/2019 02:00:00 PM,90,48,42
09/18/2019 03:00:00 PM,105,82,23
09/18/2019 04:00:00 PM,296,247,49
09/18/2019 05:00:00 PM,509,418,91
09/18/2019 06:00:00 PM,338,268,70
09/18/2019 07:00:00 PM,141,101,40
09/18/2019 08:00:00 PM,64,35,29
09/18/2019 09:00:00 PM,37,22,15
09/18/2019 10:00:00 PM,45,35,10
09/18/2019 11:00:00 PM,14,10,4
09/19/2019 12:00:00 AM,6,5,1
09/19/2019 01:00:00 AM,7,5,2
09/19/2019 02:00:00 AM,3,2,1
09/19/2019 03:00:00 AM,3,1,2
09/19/2019 04:00:00 AM,6,3,3
09/19/2019 05:00:00 AM,30,11,19
09/19/2019 06:00:00 AM,70,9,61
09/19/2019 07:00:00 AM,300,42,258
09/19/2019 08:00:00 AM,460,47,413
09/19/2019 09:00:00 AM,270,49,221
09/19/2019 10:00:00 AM,115,31,84
09/19/2019 11:00:00 AM,75,27,48
09/19/2019 12:00:00 PM,70,30,40
09/19/2019 01:00:00 PM,87,40,47
09/19/2019 02:00:00 PM,101,57,44
09/19/2019 03:00:00 PM,128,89,39
09/19/2019 04:00:00 PM,350,272,78
09/19/2019 05:00:00 PM,594,508,86
09/19/2019 06:00:00 PM,316,255,61
09/19/2019 07:00:00 PM,135,107,28
09/19/2019 08:00:00 PM,56,38,18
09/19/2019 09:00:00 PM,40,26,14
09/19/2019 10:00:00 PM,29,19,10
09/19/2019 11:00:00 PM,20,13,7
09/20/2019 12:00:00 AM,5,4,1
09/20/2019 01:00:00 AM,3,2,1
09/20/2019 02:00:00 AM,3,2,1
09/20/2019 03:00:00 AM,4,1,3
09/20/2019 04:00:00 AM,3,3,0
09/20/2019 05:00:00 AM,23,11,12
09/20/2019 06:00:00 AM,69,11,58
09/20/2019 07:00:00 AM,223,25,198
09/20/2019 08:00:00 AM,411,42,369
09/20/2019 09:00:00 AM,232,35,197
09/20/2019 10:00:00 AM,109,26,83
09/20/2019 11:00:00 AM,133,32,101
09/20/2019 12:00:00 PM,111,50,61
09/20/2019 01:00:00 PM,114,76,38
09/20/2019 02:00:00 PM,142,94,48
09/20/2019 03:00:00 PM,196,150,46
09/20/2019 04:00:00 PM,327,270,57
09/20/2019 05:00:00 PM,446,369,77
09/20/2019 06:00:00 PM,253,188,65
09/20/2019 07:00:00 PM,125,89,36
09/20/2019 08:00:00 PM,62,43,19
09/20/2019 09:00:00 PM,42,28,14
09/20/2019 10:00:00 PM,31,16,15
09/20/2019 11:00:00 PM,26,14,12
09/21/2019 12:00:00 AM,15,10,5
09/21/2019 01:00:00 AM,13,8,5
09/21/2019 02:00:00 AM,6,4,2
09/21/2019 03:00:00 AM,3,2,1
09/21/2019 04:00:00 AM,3,2,1
09/21/2019 05:00:00 AM,2,1,1
09/21/2019 06:00:00 AM,13,4,9
09/21/2019 07:00:00 AM,18,6,12
09/21/2019 08:00:00 AM,53,26,27
09/21/2019 09:00:00 AM,61,26,35
09/21/2019 10:00:00 AM,53,27,26
09/21/2019 11:00:00 AM,107,48,59
09/21/2019 12:00:00 PM,122,88,34
09/21/2019 01:00:00 PM,140,86,54
09/21/2019 02:00:00 PM,155,81,74
09/21/2019 03:00:00 PM,151,86,65
09/21/2019 04:00:00 PM,157,77,80
09/21/2019 05:00:00 PM,101,60,41
09/21/2019 06:00:00 PM,105,50,55
09/21/2019 07:00:00 PM,79,31,48
09/21/2019 08:00:00 PM,44,13,31
09/21/2019 09:00:00 PM,21,8,13
09/21/2019 10:00:00 PM,31,9,22
09/21/2019 11:00:00 PM,21,8,13
09/22/2019 12:00:00 AM,23,13,10
09/22/2019 01:00:00 AM,8,6,2
09/22/2019 02:00:00 AM,7,6,1
09/22/2019 03:00:00 AM,2,1,1
09/22/2019 04:00:00 AM,1,0,1
09/22/2019 05:00:00 AM,1,1,0
09/22/2019 06:00:00 AM,5,3,2
09/22/2019 07:00:00 AM,10,5,5
09/22/2019 08:00:00 AM,18,7,11
09/22/2019 09:00:00 AM,9,4,5
09/22/2019 10:00:00 AM,16,6,10
09/22/2019 11:00:00 AM,16,8,8
09/22/2019 12:00:00 PM,21,11,10
09/22/2019 01:00:00 PM,18,10,8
09/22/2019 02:00:00 PM,16,9,7
09/22/2019 03:00:00 PM,17,10,7
09/22/2019 04:00:00 PM,23,10,13
09/22/2019 05:00:00 PM,26,13,13
09/22/2019 06:00:00 PM,27,14,13
09/22/2019 07:00:00 PM,23,13,10
09/22/2019 08:00:00 PM,25,14,11
09/22/2019 09:00:00 PM,10,7,3
09/22/2019 10:00:00 PM,4,2,2
09/22/2019 11:00:00 PM,2,0,2
09/23/2019 12:00:00 AM,1,1,0
09/23/2019 01:00:00 AM,3,2,1
09/23/2019 02:00:00 AM,1,0,1
09/23/2019 03:00:00 AM,2,1,1
09/23/2019 04:00:00 AM,4,2,2
09/23/2019 05:00:00 AM,25,10,15
09/23/2019 06:00:00 AM,71,17,54
09/23/2019 07:00:00 AM,283,31,252
09/23/2019 08:00:00 AM,489,46,443
09/23/2019 09:00:00 AM,290,46,244
09/23/2019 10:00:00 AM,73,17,56
09/23/2019 11:00:00 AM,57,15,42
09/23/2019 12:00:00 PM,34,13,21
09/23/2019 01:00:00 PM,42,21,21
09/23/2019 02:00:00 PM,41,26,15
09/23/2019 03:00:00 PM,76,60,16
09/23/2019 04:00:00 PM,248,216,32
09/23/2019 05:00:00 PM,513,463,50
09/23/2019 06:00:00 PM,305,264,41
09/23/2019 07:00:00 PM,108,89,19
09/23/2019 08:00:00 PM,49,29,20
09/23/2019 09:00:00 PM,27,22,5
09/23/2019 10:00:00 PM,17,14,3
09/23/2019 11:00:00 PM,10,5,5
09/24/2019 12:00:00 AM,4,4,0
09/24/2019 01:00:00 AM,0,0,0
09/24/2019 02:00:00 AM,1,0,1
09/24/2019 03:00:00 AM,3,1,2
09/24/2019 04:00:00 AM,11,7,4
09/24/2019 05:00:00 AM,28,9,19
09/24/2019 06:00:00 AM,83,18,65
09/24/2019 07:00:00 AM,243,30,213
09/24/2019 08:00:00 AM,447,37,410
09/24/2019 09:00:00 AM,245,35,210
09/24/2019 10:00:00 AM,92,19,73
09/24/2019 11:00:00 AM,56,26,30
09/24/2019 12:00:00 PM,62,25,37
09/24/2019 01:00:00 PM,68,33,35
09/24/2019 02:00:00 PM,81,50,31
09/24/2019 03:00:00 PM,116,75,41
09/24/2019 04:00:00 PM,288,244,44
09/24/2019 05:00:00 PM,550,469,81
09/24/2019 06:00:00 PM,343,269,74
09/24/2019 07:00:00 PM,145,112,33
09/24/2019 08:00:00 PM,75,45,30
09/24/2019 09:00:00 PM,54,35,19
09/24/2019 10:00:00 PM,22,20,2
09/24/2019 11:00:00 PM,10,4,6
09/25/2019 12:00:00 AM,13,7,6
09/25/2019 01:00:00 AM,5,4,1
09/25/2019 02:00:00 AM,3,1,2
09/25/2019 03:00:00 AM,3,2,1
09/25/2019 04:00:00 AM,5,2,3
09/25/2019 05:00:00 AM,25,9,16
09/25/2019 06:00:00 AM,102,14,88
09/25/2019 07:00:00 AM,295,36,259
09/25/2019 08:00:00 AM,510,49,461
09/25/2019 09:00:00 AM,306,48,258
09/25/2019 10:00:00 AM,130,37,93
09/25/2019 11:00:00 AM,83,29,54
09/25/2019 12:00:00 PM,88,46,42
09/25/2019 01:00:00 PM,68,32,36
09/25/2019 02:00:00 PM,101,59,42
09/25/2019 03:00:00 PM,158,117,41
09/25/2019 04:00:00 PM,333,278,55
09/25/2019 05:00:00 PM,596,518,78
09/25/2019 06:00:00 PM,362,297,65
09/25/2019 07:00:00 PM,155,113,42
09/25/2019 08:00:00 PM,84,51,33
09/25/2019 09:00:00 PM,44,29,15
09/25/2019 10:00:00 PM,26,19,7
09/25/2019 11:00:00 PM,17,16,1
09/26/2019 12:00:00 AM,2,1,1
09/26/2019 01:00:00 AM,3,3,0
09/26/2019 02:00:00 AM,2,2,0
09/26/2019 03:00:00 AM,2,1,1
09/26/2019 04:00:00 AM,4,1,3
09/26/2019 05:00:00 AM,27,8,19
09/26/2019 06:00:00 AM,62,11,51
09/26/2019 07:00:00 AM,205,23,182
09/26/2019 08:00:00 AM,374,35,339
09/26/2019 09:00:00 AM,211,24,187
09/26/2019 10:00:00 AM,106,26,80
09/26/2019 11:00:00 AM,63,28,35
09/26/2019 12:00:00 PM,77,40,37
09/26/2019 01:00:00 PM,78,35,43
09/26/2019 02:00:00 PM,88,48,40
09/26/2019 03:00:00 PM,114,80,34
09/26/2019 04:00:00 PM,264,210,54
09/26/2019 05:00:00 PM,420,376,44
09/26/2019 06:00:00 PM,274,222,52
09/26/2019 07:00:00 PM,129,87,42
09/26/2019 08:00:00 PM,60,44,16
09/26/2019 09:00:00 PM,40,30,10
09/26/2019 10:00:00 PM,22,13,9
09/26/2019 11:00:00 PM,16,11,5
09/27/2019 12:00:00 AM,7,6,1
09/27/2019 01:00:00 AM,1,1,0
09/27/2019 02:00:00 AM,2,1,1
09/27/2019 03:00:00 AM,3,2,1
09/27/2019 04:00:00 AM,3,2,1
09/27/2019 05:00:00 AM,15,6,9
09/27/2019 06:00:00 AM,63,13,50
09/27/2019 07:00:00 AM,199,22,177
09/27/2019 08:00:00 AM,354,48,306
09/27/2019 09:00:00 AM,192,33,159
09/27/2019 10:00:00 AM,99,25,74
09/27/2019 11:00:00 AM,63,27,36
09/27/2019 12:00:00 PM,58,24,34
09/27/2019 01:00:00 PM,73,42,31
09/27/2019 02:00:00 PM,76,50,26
09/27/2019 03:00:00 PM,115,91,24
09/27/2019 04:00:00 PM,288,246,42
09/27/2019 05:00:00 PM,318,281,37
09/27/2019 06:00:00 PM,174,141,33
09/27/2019 07:00:00 PM,52,44,8
09/27/2019 08:00:00 PM,19,12,7
09/27/2019 09:00:00 PM,19,16,3
09/27/2019 10:00:00 PM,16,11,5
09/27/2019 11:00:00 PM,19,14,5
09/28/2019 12:00:00 AM,6,5,1
09/28/2019 01:00:00 AM,7,7,0
09/28/2019 02:00:00 AM,3,1,2
09/28/2019 03:00:00 AM,3,3,0
09/28/2019 04:00:00 AM,1,1,0
09/28/2019 05:00:00 AM,2,1,1
09/28/2019 06:00:00 AM,4,2,2
09/28/2019 07:00:00 AM,10,5,5
09/28/2019 08:00:00 AM,31,9,22
09/28/2019 09:00:00 AM,34,17,17
09/28/2019 10:00:00 AM,35,16,19
09/28/2019 11:00:00 AM,65,28,37
09/28/2019 12:00:00 PM,66,32,34
09/28/2019 01:00:00 PM,74,44,30
09/28/2019 02:00:00 PM,105,59,46
09/28/2019 03:00:00 PM,130,81,49
09/28/2019 04:00:00 PM,131,71,60
09/28/2019 05:00:00 PM,122,41,81
09/28/2019 06:00:00 PM,97,49,48
09/28/2019 07:00:00 PM,39,16,23
09/28/2019 08:00:00 PM,37,22,15
09/28/2019 09:00:00 PM,27,16,11
09/28/2019 10:00:00 PM,22,13,9
09/28/2019 11:00:00 PM,8,4,4
09/29/2019 12:00:00 AM,13,7,6
09/29/2019 01:00:00 AM,6,6,0
09/29/2019 02:00:00 AM,8,5,3
09/29/2019 03:00:00 AM,2,1,1
09/29/2019 04:00:00 AM,0,0,0
09/29/2019 05:00:00 AM,2,1,1
09/29/2019 06:00:00 AM,4,1,3
09/29/2019 07:00:00 AM,11,4,7
09/29/2019 08:00:00 AM,34,21,13
09/29/2019 09:00:00 AM,42,21,21
09/29/2019 10:00:00 AM,49,26,23
09/29/2019 11:00:00 AM,55,30,25
09/29/2019 12:00:00 PM,78,49,29
09/29/2019 01:00:00 PM,88,29,59
09/29/2019 02:00:00 PM,69,28,41
09/29/2019 03:00:00 PM,63,31,32
09/29/2019 04:00:00 PM,57,30,27
09/29/2019 05:00:00 PM,68,41,27
09/29/2019 06:00:00 PM,45,27,18
09/29/2019 07:00:00 PM,21,11,10
09/29/2019 08:00:00 PM,23,10,13
09/29/2019 09:00:00 PM,3,3,0
09/29/2019 10:00:00 PM,8,3,5
09/29/2019 11:00:00 PM,13,7,6
09/30/2019 12:00:00 AM,1,0,1
09/30/2019 01:00:00 AM,0,0,0
09/30/2019 02:00:00 AM,3,2,1
09/30/2019 03:00:00 AM,3,2,1
09/30/2019 04:00:00 AM,1,1,0
09/30/2019 05:00:00 AM,22,7,15
09/30/2019 06:00:00 AM,86,18,68
09/30/2019 07:00:00 AM,270,28,242
09/30/2019 08:00:00 AM,487,44,443
09/30/2019 09:00:00 AM,295,38,257
09/30/2019 10:00:00 AM,97,20,77
09/30/2019 11:00:00 AM,74,25,49
09/30/2019 12:00:00 PM,53,21,32
09/30/2019 01:00:00 PM,49,24,25
09/30/2019 02:00:00 PM,80,42,38
09/30/2019 03:00:00 PM,120,91,29
09/30/2019 04:00:00 PM,345,298,47
09/30/2019 05:00:00 PM,567,494,73
09/30/2019 06:00:00 PM,372,314,58
09/30/2019 07:00:00 PM,130,88,42
09/30/2019 08:00:00 PM,50,32,18
09/30/2019 09:00:00 PM,41,31,10
09/30/2019 10:00:00 PM,18,12,6
09/30/2019 11:00:00 PM,11,8,3
10/01/2019 12:00:00 AM,4,3,1
10/01/2019 01:00:00 AM,0,0,0
10/01/2019 02:00:00 AM,0,0,0
10/01/2019 03:00:00 AM,1,0,1
10/01/2019 04:00:00 AM,3,2,1
10/01/2019 05:00:00 AM,22,9,13
10/01/2019 06:00:00 AM,72,12,60
10/01/2019 07:00:00 AM,312,28,284
10/01/2019 08:00:00 AM,497,46,451
10/01/2019 09:00:00 AM,296,41,255
10/01/2019 10:00:00 AM,128,35,93
10/01/2019 11:00:00 AM,64,36,28
10/01/2019 12:00:00 PM,79,35,44
10/01/2019 01:00:00 PM,80,44,36
10/01/2019 02:00:00 PM,99,72,27
10/01/2019 03:00:00 PM,151,102,49
10/01/2019 04:00:00 PM,338,284,54
10/01/2019 05:00:00 PM,576,511,65
10/01/2019 06:00:00 PM,378,315,63
10/01/2019 07:00:00 PM,133,95,38
10/01/2019 08:00:00 PM,58,38,20
10/01/2019 09:00:00 PM,43,26,17
10/01/2019 10:00:00 PM,25,14,11
10/01/2019 11:00:00 PM,15,10,5
10/02/2019 12:00:00 AM,5,3,2
10/02/2019 01:00:00 AM,0,0,0
10/02/2019 02:00:00 AM,4,3,1
10/02/2019 03:00:00 AM,1,0,1
10/02/2019 04:00:00 AM,4,2,2
10/02/2019 05:00:00 AM,23,7,16
10/02/2019 06:00:00 AM,72,14,58
10/02/2019 07:00:00 AM,251,24,227
10/02/2019 08:00:00 AM,491,53,438
10/02/2019 09:00:00 AM,297,48,249
10/02/2019 10:00:00 AM,117,24,93
10/02/2019 11:00:00 AM,74,22,52
10/02/2019 12:00:00 PM,61,31,30
10/02/2019 01:00:00 PM,80,46,34
10/02/2019 02:00:00 PM,87,63,24
10/02/2019 03:00:00 PM,103,76,27
10/02/2019 04:00:00 PM,349,295,54
10/02/2019 05:00:00 PM,495,436,59
10/02/2019 06:00:00 PM,318,266,52
10/02/2019 07:00:00 PM,119,93,26
10/02/2019 08:00:00 PM,56,43,13
10/02/2019 09:00:00 PM,35,24,11
10/02/2019 10:00:00 PM,24,17,7
10/02/2019 11:00:00 PM,12,9,3
10/03/2019 12:00:00 AM,7,5,2
10/03/2019 01:00:00 AM,3,3,0
10/03/2019 02:00:00 AM,1,1,0
10/03/2019 03:00:00 AM,2,1,1
10/03/2019 04:00:00 AM,5,2,3
10/03/2019 05:00:00 AM,15,6,9
10/03/2019 06:00:00 AM,70,11,59
10/03/2019 07:00:00 AM,215,24,191
10/03/2019 08:00:00 AM,430,45,385
10/03/2019 09:00:00 AM,272,46,226
10/03/2019 10:00:00 AM,93,24,69
10/03/2019 11:00:00 AM,62,16,46
10/03/2019 12:00:00 PM,70,24,46
10/03/2019 01:00:00 PM,77,44,33
10/03/2019 02:00:00 PM,82,54,28
10/03/2019 03:00:00 PM,107,73,34
10/03/2019 04:00:00 PM,293,237,56
10/03/2019 05:00:00 PM,467,399,68
10/03/2019 06:00:00 PM,235,198,37
10/03/2019 07:00:00 PM,121,92,29
10/03/2019 08:00:00 PM,49,38,11
10/03/2019 09:00:00 PM,61,50,11
10/03/2019 10:00:00 PM,18,12,6
10/03/2019 11:00:00 PM,20,9,11
10/04/2019 12:00:00 AM,7,5,2
10/04/2019 01:00:00 AM,2,0,2
10/04/2019 02:00:00 AM,3,1,2
10/04/2019 03:00:00 AM,3,1,2
10/04/2019 04:00:00 AM,3,3,0
10/04/2019 05:00:00 AM,19,8,11
10/04/2019 06:00:00 AM,52,7,45
10/04/2019 07:00:00 AM,160,22,138
10/04/2019 08:00:00 AM,354,29,325
10/04/2019 09:00:00 AM,259,40,219
10/04/2019 10:00:00 AM,92,22,70
10/04/2019 11:00:00 AM,72,30,42
10/04/2019 12:00:00 PM,59,31,28
10/04/2019 01:00:00 PM,60,32,28
10/04/2019 02:00:00 PM,90,57,33
10/04/2019 03:00:00 PM,122,94,28
10/04/2019 04:00:00 PM,287,241,46
10/04/2019 05:00:00 PM,385,337,48
10/04/2019 06:00:00 PM,214,160,54
10/04/2019 07:00:00 PM,76,57,19
10/04/2019 08:00:00 PM,46,35,11
10/04/2019 09:00:00 PM,28,14,14
10/04/2019 10:00:00 PM,29,16,13
10/04/2019 11:00:00 PM,22,16,6
10/05/2019 12:00:00 AM,18,7,11
10/05/2019 01:00:00 AM,13,9,4
10/05/2019 02:00:00 AM,8,4,4
10/05/2019 03:00:00 AM,5,1,4
10/05/2019 04:00:00 AM,2,2,0
10/05/2019 05:00:00 AM,4,4,0
10/05/2019 06:00:00 AM,6,4,2
10/05/2019 07:00:00 AM,20,7,13
10/05/2019 08:00:00 AM,38,8,30
10/05/2019 09:00:00 AM,46,27,19
10/05/2019 10:00:00 AM,82,47,35
10/05/2019 11:00:00 AM,93,45,48
10/05/2019 12:00:00 PM,84,37,47
10/05/2019 01:00:00 PM,111,58,53
10/05/2019 02:00:00 PM,93,54,39
10/05/2019 03:00:00 PM,104,62,42
10/05/2019 04:00:00 PM,125,83,42
10/05/2019 05:00:00 PM,107,55,52
10/05/2019 06:00:00 PM,72,34,38
10/05/2019 07:00:00 PM,34,15,19
10/05/2019 08:00:00 PM,29,13,16
10/05/2019 09:00:00 PM,12,5,7
10/05/2019 10:00:00 PM,17,10,7
10/05/2019 11:00:00 PM,11,6,5
10/06/2019 12:00:00 AM,9,6,3
10/06/2019 01:00:00 AM,12,8,4
10/06/2019 02:00:00 AM,5,3,2
10/06/2019 03:00:00 AM,3,3,0
10/06/2019 04:00:00 AM,1,1,0
10/06/2019 05:00:00 AM,3,2,1
10/06/2019 06:00:00 AM,10,5,5
10/06/2019 07:00:00 AM,17,8,9
10/06/2019 08:00:00 AM,29,20,9
10/06/2019 09:00:00 AM,43,26,17
10/06/2019 10:00:00 AM,84,44,40
10/06/2019 11:00:00 AM,104,46,58
10/06/2019 12:00:00 PM,131,79,52
10/06/2019 01:00:00 PM,133,80,53
10/06/2019 02:00:00 PM,140,68,72
10/06/2019 03:00:00 PM,152,72,80
10/06/2019 04:00:00 PM,116,60,56
10/06/2019 05:00:00 PM,98,58,40
10/06/2019 06:00:00 PM,86,41,45
10/06/2019 07:00:00 PM,31,8,23
10/06/2019 08:00:00 PM,17,10,7
10/06/2019 09:00:00 PM,16,11,5
10/06/2019 10:00:00 PM,7,2,5
10/06/2019 11:00:00 PM,9,7,2
10/07/2019 12:00:00 AM,3,2,1
10/07/2019 01:00:00 AM,0,0,0
10/07/2019 02:00:00 AM,1,1,0
10/07/2019 03:00:00 AM,2,0,2
10/07/2019 04:00:00 AM,4,3,1
10/07/2019 05:00:00 AM,22,8,14
10/07/2019 06:00:00 AM,67,12,55
10/07/2019 07:00:00 AM,227,22,205
10/07/2019 08:00:00 AM,439,33,406
10/07/2019 09:00:00 AM,226,31,195
10/07/2019 10:00:00 AM,90,18,72
10/07/2019 11:00:00 AM,43,12,31
10/07/2019 12:00:00 PM,41,19,22
10/07/2019 01:00:00 PM,34,19,15
10/07/2019 02:00:00 PM,64,40,24
10/07/2019 03:00:00 PM,83,60,23
10/07/2019 04:00:00 PM,269,236,33
10/07/2019 05:00:00 PM,425,384,41
10/07/2019 06:00:00 PM,234,202,32
10/07/2019 07:00:00 PM,100,78,22
10/07/2019 08:00:00 PM,41,28,13
10/07/2019 09:00:00 PM,33,23,10
10/07/2019 10:00:00 PM,15,13,2
10/07/2019 11:00:00 PM,7,5,2
10/08/2019 12:00:00 AM,7,4,3
10/08/2019 01:00:00 AM,0,0,0
10/08/2019 02:00:00 AM,5,3,2
10/08/2019 03:00:00 AM,3,1,2
10/08/2019 04:00:00 AM,5,3,2
10/08/2019 05:00:00 AM,14,4,10
10/08/2019 06:00:00 AM,73,14,59
10/08/2019 07:00:00 AM,233,32,201
10/08/2019 08:00:00 AM,417,44,373
10/08/2019 09:00:00 AM,221,34,187
10/08/2019 10:00:00 AM,83,19,64
10/08/2019 11:00:00 AM,37,15,22
10/08/2019 12:00:00 PM,29,17,12
10/08/2019 01:00:00 PM,30,21,9
10/08/2019 02:00:00 PM,47,31,16
10/08/2019 03:00:00 PM,71,55,16
10/08/2019 04:00:00 PM,235,196,39
10/08/2019 05:00:00 PM,432,371,61
10/08/2019 06:00:00 PM,257,225,32
10/08/2019 07:00:00 PM,79,60,19
10/08/2019 08:00:00 PM,44,33,11
10/08/2019 09:00:00 PM,26,20,6
10/08/2019 10:00:00 PM,10,7,3
10/08/2019 11:00:00 PM,7,4,3
10/09/2019 12:00:00 AM,4,3,1
10/09/2019 01:00:00 AM,2,2,0
10/09/2019 02:00:00 AM,3,1,2
10/09/2019 03:00:00 AM,2,0,2
10/09/2019 04:00:00 AM,4,1,3
10/09/2019 05:00:00 AM,20,9,11
10/09/2019 06:00:00 AM,84,14,70
10/09/2019 07:00:00 AM,253,35,218
10/09/2019 08:00:00 AM,403,33,370
10/09/2019 09:00:00 AM,245,35,210
10/09/2019 10:00:00 AM,96,18,78
10/09/2019 11:00:00 AM,64,24,40
10/09/2019 12:00:00 PM,67,30,37
10/09/2019 01:00:00 PM,65,33,32
10/09/2019 02:00:00 PM,85,53,32
10/09/2019 03:00:00 PM,95,72,23
10/09/2019 04:00:00 PM,284,240,44
10/09/2019 05:00:00 PM,466,411,55
10/09/2019 06:00:00 PM,310,266,44
10/09/2019 07:00:00 PM,108,79,29
10/09/2019 08:00:00 PM,50,38,12
10/09/2019 09:00:00 PM,35,25,10
10/09/2019 10:00:00 PM,20,13,7
10/09/2019 11:00:00 PM,14,9,5
10/10/2019 12:00:00 AM,6,4,2
10/10/2019 01:00:00 AM,1,1,0
10/10/2019 02:00:00 AM,1,1,0
10/10/2019 03:00:00 AM,1,0,1
10/10/2019 04:00:00 AM,5,3,2
10/10/2019 05:00:00 AM,20,7,13
10/10/2019 06:00:00 AM,61,8,53
10/10/2019 07:00:00 AM,221,23,198
10/10/2019 08:00:00 AM,381,42,339
10/10/2019 09:00:00 AM,264,34,230
10/10/2019 10:00:00 AM,104,23,81
10/10/2019 11:00:00 AM,50,17,33
10/10/2019 12:00:00 PM,58,28,30
10/10/2019 01:00:00 PM,80,48,32
10/10/2019 02:00:00 PM,75,42,33
10/10/2019 03:00:00 PM,119,82,37
10/10/2019 04:00:00 PM,276,215,61
10/10/2019 05:00:00 PM,467,396,71
10/10/2019 06:00:00 PM,280,233,47
10/10/2019 07:00:00 PM,93,67,26
10/10/2019 08:00:00 PM,46,34,12
10/10/2019 09:00:00 PM,27,18,9
10/10/2019 10:00:00 PM,25,15,10
10/10/2019 11:00:00 PM,17,12,5
10/11/2019 12:00:00 AM,10,4,6
10/11/2019 01:00:00 AM,0,0,0
10/11/2019 02:00:00 AM,0,0,0
10/11/2019 03:00:00 AM,3,1,2
10/11/2019 04:00:00 AM,5,4,1
10/11/2019 05:00:00 AM,11,3,8
10/11/2019 06:00:00 AM,62,12,50
10/11/2019 07:00:00 AM,202,23,179
10/11/2019 08:00:00 AM,346,37,309
10/11/2019 09:00:00 AM,238,35,203
10/11/2019 10:00:00 AM,80,21,59
10/11/2019 11:00:00 AM,69,23,46
10/11/2019 12:00:00 PM,82,33,49
10/11/2019 01:00:00 PM,125,77,48
10/11/2019 02:00:00 PM,95,60,35
10/11/2019 03:00:00 PM,178,124,54
10/11/2019 04:00:00 PM,290,233,57
10/11/2019 05:00:00 PM,389,328,61
10/11/2019 06:00:00 PM,219,170,49
10/11/2019 07:00:00 PM,79,57,22
10/11/2019 08:00:00 PM,43,29,14
10/11/2019 09:00:00 PM,34,24,10
10/11/2019 10:00:00 PM,24,19,5
10/11/2019 11:00:00 PM,20,11,9
10/12/2019 12:00:00 AM,11,7,4
10/12/2019 01:00:00 AM,9,6,3
10/12/2019 02:00:00 AM,4,3,1
10/12/2019 03:00:00 AM,0,0,0
10/12/2019 04:00:00 AM,5,3,2
10/12/2019 05:00:00 AM,1,0,1
10/12/2019 06:00:00 AM,8,1,7
10/12/2019 07:00:00 AM,15,5,10
10/12/2019 08:00:00 AM,30,16,14
10/12/2019 09:00:00 AM,42,17,25
10/12/2019 10:00:00 AM,44,24,20
10/12/2019 11:00:00 AM,80,32,48
10/12/2019 12:00:00 PM,88,44,44
10/12/2019 01:00:00 PM,94,46,48
10/12/2019 02:00:00 PM,107,71,36
10/12/2019 03:00:00 PM,103,56,47
10/12/2019 04:00:00 PM,110,60,50
10/12/2019 05:00:00 PM,74,46,28
10/12/2019 06:00:00 PM,49,22,27
10/12/2019 07:00:00 PM,24,10,14
10/12/2019 08:00:00 PM,17,12,5
10/12/2019 09:00:00 PM,8,4,4
10/12/2019 10:00:00 PM,11,5,6
10/12/2019 11:00:00 PM,19,11,8
10/13/2019 12:00:00 AM,13,10,3
10/13/2019 01:00:00 AM,13,10,3
10/13/2019 02:00:00 AM,6,5,1
10/13/2019 03:00:00 AM,3,2,1
10/13/2019 04:00:00 AM,8,5,3
10/13/2019 05:00:00 AM,1,0,1
10/13/2019 06:00:00 AM,11,3,8
10/13/2019 07:00:00 AM,14,8,6
10/13/2019 08:00:00 AM,19,9,10
10/13/2019 09:00:00 AM,39,20,19
10/13/2019 10:00:00 AM,44,25,19
10/13/2019 11:00:00 AM,84,51,33
10/13/2019 12:00:00 PM,70,31,39
10/13/2019 01:00:00 PM,89,41,48
10/13/2019 02:00:00 PM,94,66,28
10/13/2019 03:00:00 PM,121,67,54
10/13/2019 04:00:00 PM,118,53,65
10/13/2019 05:00:00 PM,87,50,37
10/13/2019 06:00:00 PM,50,25,25
10/13/2019 07:00:00 PM,23,14,9
10/13/2019 08:00:00 PM,19,10,9
10/13/2019 09:00:00 PM,9,4,5
10/13/2019 10:00:00 PM,11,8,3
10/13/2019 11:00:00 PM,9,6,3
10/14/2019 12:00:00 AM,2,1,1
10/14/2019 01:00:00 AM,3,1,2
10/14/2019 02:00:00 AM,3,2,1
10/14/2019 03:00:00 AM,1,0,1
10/14/2019 04:00:00 AM,3,3,0
10/14/2019 05:00:00 AM,14,4,10
10/14/2019 06:00:00 AM,67,14,53
10/14/2019 07:00:00 AM,251,27,224
10/14/2019 08:00:00 AM,472,54,418
10/14/2019 09:00:00 AM,280,31,249
10/14/2019 10:00:00 AM,102,20,82
10/14/2019 11:00:00 AM,56,14,42
10/14/2019 12:00:00 PM,61,32,29
10/14/2019 01:00:00 PM,70,34,36
10/14/2019 02:00:00 PM,87,49,38
10/14/2019 03:00:00 PM,107,80,27
10/14/2019 04:00:00 PM,293,245,48
10/14/2019 05:00:00 PM,528,457,71
10/14/2019 06:00:00 PM,322,267,55
10/14/2019 07:00:00 PM,116,86,30
10/14/2019 08:00:00 PM,42,24,18
10/14/2019 09:00:00 PM,33,26,7
10/14/2019 10:00:00 PM,14,11,3
10/14/2019 11:00:00 PM,12,10,2
10/15/2019 12:00:00 AM,4,4,0
10/15/2019 01:00:00 AM,3,2,1
10/15/2019 02:00:00 AM,2,2,0
10/15/2019 03:00:00 AM,1,0,1
10/15/2019 04:00:00 AM,5,3,2
10/15/2019 05:00:00 AM,25,10,15
10/15/2019 06:00:00 AM,72,14,58
10/15/2019 07:00:00 AM,271,24,247
10/15/2019 08:00:00 AM,472,46,426
10/15/2019 09:00:00 AM,242,38,204
10/15/2019 10:00:00 AM,109,22,87
10/15/2019 11:00:00 AM,59,23,36
10/15/2019 12:00:00 PM,56,29,27
10/15/2019 01:00:00 PM,66,34,32
10/15/2019 02:00:00 PM,68,45,23
10/15/2019 03:00:00 PM,111,75,36
10/15/2019 04:00:00 PM,289,242,47
10/15/2019 05:00:00 PM,509,446,63
10/15/2019 06:00:00 PM,307,263,44
10/15/2019 07:00:00 PM,106,82,24
10/15/2019 08:00:00 PM,56,44,12
10/15/2019 09:00:00 PM,46,36,10
10/15/2019 10:00:00 PM,17,11,6
10/15/2019 11:00:00 PM,10,7,3
10/16/2019 12:00:00 AM,6,2,4
10/16/2019 01:00:00 AM,5,3,2
10/16/2019 02:00:00 AM,1,0,1
10/16/2019 03:00:00 AM,5,1,4
10/16/2019 04:00:00 AM,7,4,3
10/16/2019 05:00:00 AM,13,3,10
10/16/2019 06:00:00 AM,48,8,40
10/16/2019 07:00:00 AM,171,15,156
10/16/2019 08:00:00 AM,271,23,248
10/16/2019 09:00:00 AM,180,30,150
10/16/2019 10:00:00 AM,83,14,69
10/16/2019 11:00:00 AM,30,13,17
10/16/2019 12:00:00 PM,34,13,21
10/16/2019 01:00:00 PM,36,20,16
10/16/2019 02:00:00 PM,51,31,20
10/16/2019 03:00:00 PM,76,64,12
10/16/2019 04:00:00 PM,179,156,23
10/16/2019 05:00:00 PM,310,276,34
10/16/2019 06:00:00 PM,167,150,17
10/16/2019 07:00:00 PM,76,61,15
10/16/2019 08:00:00 PM,37,32,5
10/16/2019 09:00:00 PM,22,19,3
10/16/2019 10:00:00 PM,15,15,0
10/16/2019 11:00:00 PM,12,6,6
10/17/2019 12:00:00 AM,6,5,1
10/17/2019 01:00:00 AM,6,4,2
10/17/2019 02:00:00 AM,1,1,0
10/17/2019 03:00:00 AM,1,0,1
10/17/2019 04:00:00 AM,3,1,2
10/17/2019 05:00:00 AM,16,5,11
10/17/2019 06:00:00 AM,38,6,32
10/17/2019 07:00:00 AM,189,19,170
10/17/2019 08:00:00 AM,292,33,259
10/17/2019 09:00:00 AM,183,29,154
10/17/2019 10:00:00 AM,70,13,57
10/17/2019 11:00:00 AM,34,11,23
10/17/2019 12:00:00 PM,44,13,31
10/17/2019 01:00:00 PM,41,28,13
10/17/2019 02:00:00 PM,51,28,23
10/17/2019 03:00:00 PM,59,44,15
10/17/2019 04:00:00 PM,182,156,26
10/17/2019 05:00:00 PM,303,269,34
10/17/2019 06:00:00 PM,185,167,18
10/17/2019 07:00:00 PM,78,68,10
10/17/2019 08:00:00 PM,35,25,10
10/17/2019 09:00:00 PM,27,20,7
10/17/2019 10:00:00 PM,11,9,2
10/17/2019 11:00:00 PM,14,12,2
10/18/2019 12:00:00 AM,6,4,2
10/18/2019 01:00:00 AM,4,3,1
10/18/2019 02:00:00 AM,1,1,0
10/18/2019 03:00:00 AM,6,1,5
10/18/2019 04:00:00 AM,3,2,1
10/18/2019 05:00:00 AM,15,6,9
10/18/2019 06:00:00 AM,62,13,49
10/18/2019 07:00:00 AM,168,21,147
10/18/2019 08:00:00 AM,285,30,255
10/18/2019 09:00:00 AM,178,26,152
10/18/2019 10:00:00 AM,58,16,42
10/18/2019 11:00:00 AM,47,21,26
10/18/2019 12:00:00 PM,47,22,25
10/18/2019 01:00:00 PM,44,25,19
10/18/2019 02:00:00 PM,47,33,14
10/18/2019 03:00:00 PM,104,70,34
10/18/2019 04:00:00 PM,186,157,29
10/18/2019 05:00:00 PM,265,239,26
10/18/2019 06:00:00 PM,131,106,25
10/18/2019 07:00:00 PM,57,49,8
10/18/2019 08:00:00 PM,30,25,5
10/18/2019 09:00:00 PM,19,16,3
10/18/2019 10:00:00 PM,11,7,4
10/18/2019 11:00:00 PM,16,12,4
10/19/2019 12:00:00 AM,7,4,3
10/19/2019 01:00:00 AM,4,4,0
10/19/2019 02:00:00 AM,1,0,1
10/19/2019 03:00:00 AM,0,0,0
10/19/2019 04:00:00 AM,0,0,0
10/19/2019 05:00:00 AM,0,0,0
10/19/2019 06:00:00 AM,4,1,3
10/19/2019 07:00:00 AM,6,2,4
10/19/2019 08:00:00 AM,14,5,9
10/19/2019 09:00:00 AM,23,11,12
10/19/2019 10:00:00 AM,29,13,16
10/19/2019 11:00:00 AM,22,4,18
10/19/2019 12:00:00 PM,14,7,7
10/19/2019 01:00:00 PM,18,11,7
10/19/2019 02:00:00 PM,41,20,21
10/19/2019 03:00:00 PM,46,34,12
10/19/2019 04:00:00 PM,67,41,26
10/19/2019 05:00:00 PM,62,25,37
10/19/2019 06:00:00 PM,39,18,21
10/19/2019 07:00:00 PM,22,11,11
10/19/2019 08:00:00 PM,21,9,12
10/19/2019 09:00:00 PM,9,4,5
10/19/2019 10:00:00 PM,7,3,4
10/19/2019 11:00:00 PM,10,5,5
10/20/2019 12:00:00 AM,8,7,1
10/20/2019 01:00:00 AM,11,7,4
10/20/2019 02:00:00 AM,8,4,4
10/20/2019 03:00:00 AM,0,0,0
10/20/2019 04:00:00 AM,1,1,0
10/20/2019 05:00:00 AM,2,1,1
10/20/2019 06:00:00 AM,4,2,2
10/20/2019 07:00:00 AM,13,6,7
10/20/2019 08:00:00 AM,14,7,7
10/20/2019 09:00:00 AM,22,7,15
10/20/2019 10:00:00 AM,25,9,16
10/20/2019 11:00:00 AM,33,17,16
10/20/2019 12:00:00 PM,31,20,11
10/20/2019 01:00:00 PM,29,12,17
10/20/2019 02:00:00 PM,13,5,8
10/20/2019 03:00:00 PM,19,12,7
10/20/2019 04:00:00 PM,18,14,4
10/20/2019 05:00:00 PM,29,19,10
10/20/2019 06:00:00 PM,19,9,10
10/20/2019 07:00:00 PM,10,7,3
10/20/2019 08:00:00 PM,7,6,1
10/20/2019 09:00:00 PM,3,3,0
10/20/2019 10:00:00 PM,4,3,1
10/20/2019 11:00:00 PM,4,4,0
10/21/2019 12:00:00 AM,2,1,1
10/21/2019 01:00:00 AM,2,2,0
10/21/2019 02:00:00 AM,0,0,0
10/21/2019 03:00:00 AM,0,0,0
10/21/2019 04:00:00 AM,6,4,2
10/21/2019 05:00:00 AM,16,4,12
10/21/2019 06:00:00 AM,63,13,50
10/21/2019 07:00:00 AM,192,20,172
10/21/2019 08:00:00 AM,347,29,318
10/21/2019 09:00:00 AM,208,26,182
10/21/2019 10:00:00 AM,67,16,51
10/21/2019 11:00:00 AM,41,14,27
10/21/2019 12:00:00 PM,35,17,18
10/21/2019 01:00:00 PM,24,10,14
10/21/2019 02:00:00 PM,38,27,11
10/21/2019 03:00:00 PM,60,45,15
10/21/2019 04:00:00 PM,215,193,22
10/21/2019 05:00:00 PM,343,320,23
10/21/2019 06:00:00 PM,189,171,18
10/21/2019 07:00:00 PM,76,64,12
10/21/2019 08:00:00 PM,39,29,10
10/21/2019 09:00:00 PM,13,11,2
10/21/2019 10:00:00 PM,11,10,1
10/21/2019 11:00:00 PM,7,4,3
10/22/2019 12:00:00 AM,2,2,0
10/22/2019 01:00:00 AM,0,0,0
10/22/2019 02:00:00 AM,1,1,0
10/22/2019 03:00:00 AM,0,0,0
10/22/2019 04:00:00 AM,8,4,4
10/22/2019 05:00:00 AM,16,5,11
10/22/2019 06:00:00 AM,50,10,40
10/22/2019 07:00:00 AM,194,28,166
10/22/2019 08:00:00 AM,386,30,356
10/22/2019 09:00:00 AM,233,26,207
10/22/2019 10:00:00 AM,95,16,79
10/22/2019 11:00:00 AM,37,16,21
10/22/2019 12:00:00 PM,36,14,22
10/22/2019 01:00:00 PM,48,28,20
10/22/2019 02:00:00 PM,51,34,17
10/22/2019 03:00:00 PM,82,64,18
10/22/2019 04:00:00 PM,223,187,36
10/22/2019 05:00:00 PM,427,384,43
10/22/2019 06:00:00 PM,237,199,38
10/22/2019 07:00:00 PM,92,77,15
10/22/2019 08:00:00 PM,42,33,9
10/22/2019 09:00:00 PM,41,35,6
10/22/2019 10:00:00 PM,14,13,1
10/22/2019 11:00:00 PM,9,7,2
10/23/2019 12:00:00 AM,7,6,1
10/23/2019 01:00:00 AM,1,0,1
10/23/2019 02:00:00 AM,0,0,0
10/23/2019 03:00:00 AM,2,1,1
10/23/2019 04:00:00 AM,3,2,1
10/23/2019 05:00:00 AM,24,9,15
10/23/2019 06:00:00 AM,79,16,63
10/23/2019 07:00:00 AM,242,27,215
10/23/2019 08:00:00 AM,451,42,409
10/23/2019 09:00:00 AM,269,34,235
10/23/2019 10:00:00 AM,110,23,87
10/23/2019 11:00:00 AM,68,19,49
10/23/2019 12:00:00 PM,62,28,34
10/23/2019 01:00:00 PM,69,32,37
10/23/2019 02:00:00 PM,104,66,38
10/23/2019 03:00:00 PM,120,91,29
10/23/2019 04:00:00 PM,310,249,61
10/23/2019 05:00:00 PM,503,424,79
10/23/2019 06:00:00 PM,304,250,54
10/23/2019 07:00:00 PM,120,99,21
10/23/2019 08:00:00 PM,60,47,13
10/23/2019 09:00:00 PM,52,43,9
10/23/2019 10:00:00 PM,27,21,6
10/23/2019 11:00:00 PM,16,13,3
10/24/2019 12:00:00 AM,6,5,1
10/24/2019 01:00:00 AM,2,2,0
10/24/2019 02:00:00 AM,1,1,0
10/24/2019 03:00:00 AM,1,0,1
10/24/2019 04:00:00 AM,4,2,2
10/24/2019 05:00:00 AM,31,12,19
10/24/2019 06:00:00 AM,64,10,54
10/24/2019 07:00:00 AM,250,40,210
10/24/2019 08:00:00 AM,416,38,378
10/24/2019 09:00:00 AM,274,40,234
10/24/2019 10:00:00 AM,117,28,89
10/24/2019 11:00:00 AM,65,22,43
10/24/2019 12:00:00 PM,61,25,36
10/24/2019 01:00:00 PM,84,46,38
10/24/2019 02:00:00 PM,83,44,39
10/24/2019 03:00:00 PM,126,91,35
10/24/2019 04:00:00 PM,315,266,49
10/24/2019 05:00:00 PM,474,414,60
10/24/2019 06:00:00 PM,314,258,56
10/24/2019 07:00:00 PM,112,79,33
10/24/2019 08:00:00 PM,56,42,14
10/24/2019 09:00:00 PM,36,23,13
10/24/2019 10:00:00 PM,31,23,8
10/24/2019 11:00:00 PM,16,11,5
10/25/2019 12:00:00 AM,14,8,6
10/25/2019 01:00:00 AM,1,1,0
10/25/2019 02:00:00 AM,0,0,0
10/25/2019 03:00:00 AM,1,0,1
10/25/2019 04:00:00 AM,5,3,2
10/25/2019 05:00:00 AM,22,8,14
10/25/2019 06:00:00 AM,60,13,47
10/25/2019 07:00:00 AM,185,19,166
10/25/2019 08:00:00 AM,366,31,335
10/25/2019 09:00:00 AM,227,32,195
10/25/2019 10:00:00 AM,88,15,73
10/25/2019 11:00:00 AM,48,17,31
10/25/2019 12:00:00 PM,31,16,15
10/25/2019 01:00:00 PM,41,22,19
10/25/2019 02:00:00 PM,50,37,13
10/25/2019 03:00:00 PM,109,85,24
10/25/2019 04:00:00 PM,261,233,28
10/25/2019 05:00:00 PM,358,330,28
10/25/2019 06:00:00 PM,197,167,30
10/25/2019 07:00:00 PM,81,65,16
10/25/2019 08:00:00 PM,26,16,10
10/25/2019 09:00:00 PM,26,17,9
10/25/2019 10:00:00 PM,14,11,3
10/25/2019 11:00:00 PM,12,7,5
10/26/2019 12:00:00 AM,13,6,7
10/26/2019 01:00:00 AM,7,6,1
10/26/2019 02:00:00 AM,2,2,0
10/26/2019 03:00:00 AM,1,1,0
10/26/2019 04:00:00 AM,6,2,4
10/26/2019 05:00:00 AM,6,1,5
10/26/2019 06:00:00 AM,8,4,4
10/26/2019 07:00:00 AM,15,8,7
10/26/2019 08:00:00 AM,32,13,19
10/26/2019 09:00:00 AM,37,17,20
10/26/2019 10:00:00 AM,33,16,17
10/26/2019 11:00:00 AM,52,35,17
10/26/2019 12:00:00 PM,57,31,26
10/26/2019 01:00:00 PM,63,27,36
10/26/2019 02:00:00 PM,85,41,44
10/26/2019 03:00:00 PM,93,59,34
10/26/2019 04:00:00 PM,99,47,52
10/26/2019 05:00:00 PM,82,43,39
10/26/2019 06:00:00 PM,47,15,32
10/26/2019 07:00:00 PM,14,6,8
10/26/2019 08:00:00 PM,19,12,7
10/26/2019 09:00:00 PM,19,12,7
10/26/2019 10:00:00 PM,8,5,3
10/26/2019 11:00:00 PM,7,6,1
10/27/2019 12:00:00 AM,11,4,7
10/27/2019 01:00:00 AM,3,2,1
10/27/2019 02:00:00 AM,9,8,1
10/27/2019 03:00:00 AM,1,1,0
10/27/2019 04:00:00 AM,0,0,0
10/27/2019 05:00:00 AM,2,1,1
10/27/2019 06:00:00 AM,8,1,7
10/27/2019 07:00:00 AM,10,4,6
10/27/2019 08:00:00 AM,17,9,8
10/27/2019 09:00:00 AM,27,11,16
10/27/2019 10:00:00 AM,53,28,25
10/27/2019 11:00:00 AM,50,21,29
10/27/2019 12:00:00 PM,72,45,27
10/27/2019 01:00:00 PM,100,43,57
10/27/2019 02:00:00 PM,121,65,56
10/27/2019 03:00:00 PM,116,69,47
10/27/2019 04:00:00 PM,98,48,50
10/27/2019 05:00:00 PM,76,33,43
10/27/2019 06:00:00 PM,54,18,36
10/27/2019 07:00:00 PM,22,11,11
10/27/2019 08:00:00 PM,17,12,5
10/27/2019 09:00:00 PM,7,4,3
10/27/2019 10:00:00 PM,3,3,0
10/27/2019 11:00:00 PM,5,3,2
10/28/2019 12:00:00 AM,6,1,5
10/28/2019 01:00:00 AM,0,0,0
10/28/2019 02:00:00 AM,0,0,0
10/28/2019 03:00:00 AM,5,3,2
10/28/2019 04:00:00 AM,4,2,2
10/28/2019 05:00:00 AM,28,8,20
10/28/2019 06:00:00 AM,69,16,53
10/28/2019 07:00:00 AM,235,26,209
10/28/2019 08:00:00 AM,468,35,433
10/28/2019 09:00:00 AM,274,27,247
10/28/2019 10:00:00 AM,100,12,88
10/28/2019 11:00:00 AM,64,23,41
10/28/2019 12:00:00 PM,58,29,29
10/28/2019 01:00:00 PM,45,22,23
10/28/2019 02:00:00 PM,64,39,25
10/28/2019 03:00:00 PM,91,64,27
10/28/2019 04:00:00 PM,303,266,37
10/28/2019 05:00:00 PM,512,468,44
10/28/2019 06:00:00 PM,279,232,47
10/28/2019 07:00:00 PM,118,99,19
10/28/2019 08:00:00 PM,49,38,11
10/28/2019 09:00:00 PM,24,20,4
10/28/2019 10:00:00 PM,15,13,2
10/28/2019 11:00:00 PM,4,4,0
10/29/2019 12:00:00 AM,3,2,1
10/29/2019 01:00:00 AM,4,2,2
10/29/2019 02:00:00 AM,0,0,0
10/29/2019 03:00:00 AM,2,1,1
10/29/2019 04:00:00 AM,6,4,2
10/29/2019 05:00:00 AM,20,6,14
10/29/2019 06:00:00 AM,73,9,64
10/29/2019 07:00:00 AM,248,28,220
10/29/2019 08:00:00 AM,465,35,430
10/29/2019 09:00:00 AM,245,25,220
10/29/2019 10:00:00 AM,108,17,91
10/29/2019 11:00:00 AM,52,15,37
10/29/2019 12:00:00 PM,60,28,32
10/29/2019 01:00:00 PM,48,28,20
10/29/2019 02:00:00 PM,77,52,25
10/29/2019 03:00:00 PM,133,93,40
10/29/2019 04:00:00 PM,315,268,47
10/29/2019 05:00:00 PM,501,445,56
10/29/2019 06:00:00 PM,279,239,40
10/29/2019 07:00:00 PM,115,94,21
10/29/2019 08:00:00 PM,55,42,13
10/29/2019 09:00:00 PM,36,24,12
10/29/2019 10:00:00 PM,15,11,4
10/29/2019 11:00:00 PM,7,4,3
10/30/2019 12:00:00 AM,3,3,0
10/30/2019 01:00:00 AM,2,2,0
10/30/2019 02:00:00 AM,1,0,1
10/30/2019 03:00:00 AM,2,1,1
10/30/2019 04:00:00 AM,5,1,4
10/30/2019 05:00:00 AM,21,7,14
10/30/2019 06:00:00 AM,61,12,49
10/30/2019 07:00:00 AM,249,34,215
10/30/2019 08:00:00 AM,422,36,386
10/30/2019 09:00:00 AM,256,26,230
10/30/2019 10:00:00 AM,96,21,75
10/30/2019 11:00:00 AM,57,23,34
10/30/2019 12:00:00 PM,72,36,36
10/30/2019 01:00:00 PM,55,29,26
10/30/2019 02:00:00 PM,66,47,19
10/30/2019 03:00:00 PM,118,82,36
10/30/2019 04:00:00 PM,255,212,43
10/30/2019 05:00:00 PM,471,410,61
10/30/2019 06:00:00 PM,272,242,30
10/30/2019 07:00:00 PM,103,84,19
10/30/2019 08:00:00 PM,41,29,12
10/30/2019 09:00:00 PM,39,28,11
10/30/2019 10:00:00 PM,14,8,6
10/30/2019 11:00:00 PM,13,10,3
10/31/2019 12:00:00 AM,5,3,2
10/31/2019 01:00:00 AM,2,2,0
10/31/2019 02:00:00 AM,2,2,0
10/31/2019 03:00:00 AM,2,1,1
10/31/2019 04:00:00 AM,3,1,2
10/31/2019 05:00:00 AM,23,8,15
10/31/2019 06:00:00 AM,56,9,47
10/31/2019 07:00:00 AM,227,23,204
10/31/2019 08:00:00 AM,386,33,353
10/31/2019 09:00:00 AM,251,29,222
10/31/2019 10:00:00 AM,104,23,81
10/31/2019 11:00:00 AM,53,19,34
10/31/2019 12:00:00 PM,60,27,33
10/31/2019 01:00:00 PM,61,36,25
10/31/2019 02:00:00 PM,74,45,29
10/31/2019 03:00:00 PM,143,116,27
10/31/2019 04:00:00 PM,363,339,24
10/31/2019 05:00:00 PM,392,348,44
10/31/2019 06:00:00 PM,171,134,37
10/31/2019 07:00:00 PM,55,44,11
10/31/2019 08:00:00 PM,36,22,14
10/31/2019 09:00:00 PM,26,17,9
10/31/2019 10:00:00 PM,17,11,6
10/31/2019 11:00:00 PM,12,9,3
11/01/2019 12:00:00 AM,8,4,4
11/01/2019 01:00:00 AM,4,4,0
11/01/2019 02:00:00 AM,3,1,2
11/01/2019 03:00:00 AM,6,2,4
11/01/2019 04:00:00 AM,2,1,1
11/01/2019 05:00:00 AM,16,7,9
11/01/2019 06:00:00 AM,54,6,48
11/01/2019 07:00:00 AM,190,21,169
11/01/2019 08:00:00 AM,398,34,364
11/01/2019 09:00:00 AM,252,32,220
11/01/2019 10:00:00 AM,82,10,72
11/01/2019 11:00:00 AM,59,20,39
11/01/2019 12:00:00 PM,61,28,33
11/01/2019 01:00:00 PM,65,36,29
11/01/2019 02:00:00 PM,81,56,25
11/01/2019 03:00:00 PM,143,103,40
11/01/2019 04:00:00 PM,287,250,37
11/01/2019 05:00:00 PM,406,361,45
11/01/2019 06:00:00 PM,185,155,30
11/01/2019 07:00:00 PM,86,64,22
11/01/2019 08:00:00 PM,22,16,6
11/01/2019 09:00:00 PM,26,18,8
11/01/2019 10:00:00 PM,12,9,3
11/01/2019 11:00:00 PM,13,8,5
11/02/2019 12:00:00 AM,9,7,2
11/02/2019 01:00:00 AM,7,6,1
11/02/2019 02:00:00 AM,3,3,0
11/02/2019 03:00:00 AM,6,2,4
11/02/2019 04:00:00 AM,1,1,0
11/02/2019 05:00:00 AM,2,2,0
11/02/2019 06:00:00 AM,6,3,3
11/02/2019 07:00:00 AM,15,4,11
11/02/2019 08:00:00 AM,28,9,19
11/02/2019 09:00:00 AM,33,16,17
11/02/2019 10:00:00 AM,44,23,21
11/02/2019 11:00:00 AM,74,42,32
11/02/2019 12:00:00 PM,112,52,60
11/02/2019 01:00:00 PM,112,54,58
11/02/2019 02:00:00 PM,115,65,50
11/02/2019 03:00:00 PM,138,74,64
11/02/2019 04:00:00 PM,105,40,65
11/02/2019 05:00:00 PM,105,44,61
11/02/2019 06:00:00 PM,69,32,37
11/02/2019 07:00:00 PM,31,13,18
11/02/2019 08:00:00 PM,21,13,8
11/02/2019 09:00:00 PM,12,7,5
11/02/2019 10:00:00 PM,9,6,3
11/02/2019 11:00:00 PM,11,3,8
11/03/2019 12:00:00 AM,7,4,3
11/03/2019 01:00:00 AM,8,4,4
11/03/2019 02:00:00 AM,1,1,0
11/03/2019 03:00:00 AM,1,1,0
11/03/2019 04:00:00 AM,2,1,1
11/03/2019 05:00:00 AM,3,2,1
11/03/2019 06:00:00 AM,5,2,3
11/03/2019 07:00:00 AM,17,9,8
11/03/2019 08:00:00 AM,26,13,13
11/03/2019 09:00:00 AM,50,23,27
11/03/2019 10:00:00 AM,58,28,30
11/03/2019 11:00:00 AM,94,44,50
11/03/2019 12:00:00 PM,98,53,45
11/03/2019 01:00:00 PM,96,55,41
11/03/2019 02:00:00 PM,111,58,53
11/03/2019 03:00:00 PM,103,58,45
11/03/2019 04:00:00 PM,70,31,39
11/03/2019 05:00:00 PM,53,26,27
11/03/2019 06:00:00 PM,33,21,12
11/03/2019 07:00:00 PM,23,10,13
11/03/2019 08:00:00 PM,17,8,9
11/03/2019 09:00:00 PM,10,8,2
11/03/2019 10:00:00 PM,10,6,4
11/03/2019 11:00:00 PM,9,8,1
11/04/2019 12:00:00 AM,1,1,0
11/04/2019 01:00:00 AM,0,0,0
11/04/2019 02:00:00 AM,0,0,0
11/04/2019 03:00:00 AM,0,0,0
11/04/2019 04:00:00 AM,7,3,4
11/04/2019 05:00:00 AM,20,5,15
11/04/2019 06:00:00 AM,93,19,74
11/04/2019 07:00:00 AM,320,36,284
11/04/2019 08:00:00 AM,499,48,451
11/04/2019 09:00:00 AM,245,27,218
11/04/2019 10:00:00 AM,101,22,79
11/04/2019 11:00:00 AM,60,18,42
11/04/2019 12:00:00 PM,47,18,29
11/04/2019 01:00:00 PM,50,18,32
11/04/2019 02:00:00 PM,61,36,25
11/04/2019 03:00:00 PM,131,101,30
11/04/2019 04:00:00 PM,333,286,47
11/04/2019 05:00:00 PM,541,487,54
11/04/2019 06:00:00 PM,265,232,33
11/04/2019 07:00:00 PM,97,81,16
11/04/2019 08:00:00 PM,49,38,11
11/04/2019 09:00:00 PM,30,23,7
11/04/2019 10:00:00 PM,23,21,2
11/04/2019 11:00:00 PM,9,3,6
11/05/2019 12:00:00 AM,6,4,2
11/05/2019 01:00:00 AM,1,1,0
11/05/2019 02:00:00 AM,2,1,1
11/05/2019 03:00:00 AM,2,1,1
11/05/2019 04:00:00 AM,8,4,4
11/05/2019 05:00:00 AM,24,8,16
11/05/2019 06:00:00 AM,93,13,80
11/05/2019 07:00:00 AM,303,28,275
11/05/2019 08:00:00 AM,450,36,414
11/05/2019 09:00:00 AM,243,31,212
11/05/2019 10:00:00 AM,89,23,66
11/05/2019 11:00:00 AM,46,17,29
11/05/2019 12:00:00 PM,70,31,39
11/05/2019 01:00:00 PM,66,37,29
11/05/2019 02:00:00 PM,75,46,29
11/05/2019 03:00:00 PM,109,87,22
11/05/2019 04:00:00 PM,327,278,49
11/05/2019 05:00:00 PM,510,453,57
11/05/2019 06:00:00 PM,239,210,29
11/05/2019 07:00:00 PM,98,81,17
11/05/2019 08:00:00 PM,55,42,13
11/05/2019 09:00:00 PM,36,27,9
11/05/2019 10:00:00 PM,24,16,8
11/05/2019 11:00:00 PM,9,5,4
11/06/2019 12:00:00 AM,1,1,0
11/06/2019 01:00:00 AM,4,4,0
11/06/2019 02:00:00 AM,0,0,0
11/06/2019 03:00:00 AM,1,1,0
11/06/2019 04:00:00 AM,6,3,3
11/06/2019 05:00:00 AM,22,8,14
11/06/2019 06:00:00 AM,96,19,77
11/06/2019 07:00:00 AM,298,31,267
11/06/2019 08:00:00 AM,439,26,413
11/06/2019 09:00:00 AM,222,26,196
11/06/2019 10:00:00 AM,104,16,88
11/06/2019 11:00:00 AM,61,26,35
11/06/2019 12:00:00 PM,66,31,35
11/06/2019 01:00:00 PM,64,38,26
11/06/2019 02:00:00 PM,78,53,25
11/06/2019 03:00:00 PM,124,92,32
11/06/2019 04:00:00 PM,312,264,48
11/06/2019 05:00:00 PM,466,420,46
11/06/2019 06:00:00 PM,240,209,31
11/06/2019 07:00:00 PM,98,83,15
11/06/2019 08:00:00 PM,63,50,13
11/06/2019 09:00:00 PM,45,30,15
11/06/2019 10:00:00 PM,29,24,5
11/06/2019 11:00:00 PM,11,9,2
11/07/2019 12:00:00 AM,4,3,1
11/07/2019 01:00:00 AM,6,4,2
11/07/2019 02:00:00 AM,2,2,0
11/07/2019 03:00:00 AM,2,1,1
11/07/2019 04:00:00 AM,3,1,2
11/07/2019 05:00:00 AM,21,8,13
11/07/2019 06:00:00 AM,88,14,74
11/07/2019 07:00:00 AM,278,33,245
11/07/2019 08:00:00 AM,450,41,409
11/07/2019 09:00:00 AM,256,24,232
11/07/2019 10:00:00 AM,85,12,73
11/07/2019 11:00:00 AM,67,20,47
11/07/2019 12:00:00 PM,65,25,40
11/07/2019 01:00:00 PM,56,35,21
11/07/2019 02:00:00 PM,91,58,33
11/07/2019 03:00:00 PM,129,96,33
11/07/2019 04:00:00 PM,307,270,37
11/07/2019 05:00:00 PM,460,414,46
11/07/2019 06:00:00 PM,256,222,34
11/07/2019 07:00:00 PM,103,87,16
11/07/2019 08:00:00 PM,58,43,15
11/07/2019 09:00:00 PM,34,24,10
11/07/2019 10:00:00 PM,29,20,9
11/07/2019 11:00:00 PM,15,7,8
11/08/2019 12:00:00 AM,10,6,4
11/08/2019 01:00:00 AM,3,2,1
11/08/2019 02:00:00 AM,1,1,0
11/08/2019 03:00:00 AM,2,1,1
11/08/2019 04:00:00 AM,6,5,1
11/08/2019 05:00:00 AM,23,8,15
11/08/2019 06:00:00 AM,55,14,41
11/08/2019 07:00:00 AM,217,23,194
11/08/2019 08:00:00 AM,354,38,316
11/08/2019 09:00:00 AM,230,25,205
11/08/2019 10:00:00 AM,100,21,79
11/08/2019 11:00:00 AM,62,36,26
11/08/2019 12:00:00 PM,59,21,38
11/08/2019 01:00:00 PM,78,40,38
11/08/2019 02:00:00 PM,92,63,29
11/08/2019 03:00:00 PM,163,121,42
11/08/2019 04:00:00 PM,297,256,41
11/08/2019 05:00:00 PM,326,298,28
11/08/2019 06:00:00 PM,174,133,41
11/08/2019 07:00:00 PM,89,69,20
11/08/2019 08:00:00 PM,32,24,8
11/08/2019 09:00:00 PM,27,16,11
11/08/2019 10:00:00 PM,27,19,8
11/08/2019 11:00:00 PM,18,11,7
11/09/2019 12:00:00 AM,16,6,10
11/09/2019 01:00:00 AM,8,5,3
11/09/2019 02:00:00 AM,3,3,0
11/09/2019 03:00:00 AM,2,1,1
11/09/2019 04:00:00 AM,3,3,0
11/09/2019 05:00:00 AM,6,3,3
11/09/2019 06:00:00 AM,8,1,7
11/09/2019 07:00:00 AM,9,2,7
11/09/2019 08:00:00 AM,28,10,18
11/09/2019 09:00:00 AM,20,9,11
11/09/2019 10:00:00 AM,12,4,8
11/09/2019 11:00:00 AM,13,6,7
11/09/2019 12:00:00 PM,31,10,21
11/09/2019 01:00:00 PM,33,18,15
11/09/2019 02:00:00 PM,35,17,18
11/09/2019 03:00:00 PM,39,23,16
11/09/2019 04:00:00 PM,29,16,13
11/09/2019 05:00:00 PM,22,13,9
11/09/2019 06:00:00 PM,14,10,4
11/09/2019 07:00:00 PM,10,6,4
11/09/2019 08:00:00 PM,6,5,1
11/09/2019 09:00:00 PM,4,3,1
11/09/2019 10:00:00 PM,4,3,1
11/09/2019 11:00:00 PM,4,2,2
11/10/2019 12:00:00 AM,3,2,1
11/10/2019 01:00:00 AM,3,3,0
11/10/2019 02:00:00 AM,2,2,0
11/10/2019 03:00:00 AM,1,1,0
11/10/2019 04:00:00 AM,0,0,0
11/10/2019 05:00:00 AM,1,0,1
11/10/2019 06:00:00 AM,6,1,5
11/10/2019 07:00:00 AM,12,4,8
11/10/2019 08:00:00 AM,29,10,19
11/10/2019 09:00:00 AM,32,9,23
11/10/2019 10:00:00 AM,61,22,39
11/10/2019 11:00:00 AM,53,31,22
11/10/2019 12:00:00 PM,65,36,29
11/10/2019 01:00:00 PM,60,36,24
11/10/2019 02:00:00 PM,67,37,30
11/10/2019 03:00:00 PM,71,50,21
11/10/2019 04:00:00 PM,86,39,47
11/10/2019 05:00:00 PM,48,28,20
11/10/2019 06:00:00 PM,19,11,8
11/10/2019 07:00:00 PM,13,10,3
11/10/2019 08:00:00 PM,16,10,6
11/10/2019 09:00:00 PM,15,9,6
11/10/2019 10:00:00 PM,6,2,4
11/10/2019 11:00:00 PM,7,4,3
11/11/2019 12:00:00 AM,3,2,1
11/11/2019 01:00:00 AM,2,0,2
11/11/2019 02:00:00 AM,1,1,0
11/11/2019 03:00:00 AM,0,0,0
11/11/2019 04:00:00 AM,6,5,1
11/11/2019 05:00:00 AM,20,5,15
11/11/2019 06:00:00 AM,56,12,44
11/11/2019 07:00:00 AM,200,14,186
11/11/2019 08:00:00 AM,371,35,336
11/11/2019 09:00:00 AM,212,20,192
11/11/2019 10:00:00 AM,87,22,65
11/11/2019 11:00:00 AM,72,29,43
11/11/2019 12:00:00 PM,71,25,46
11/11/2019 01:00:00 PM,103,51,52
11/11/2019 02:00:00 PM,72,39,33
11/11/2019 03:00:00 PM,113,89,24
11/11/2019 04:00:00 PM,304,274,30
11/11/2019 05:00:00 PM,361,325,36
11/11/2019 06:00:00 PM,196,171,25
11/11/2019 07:00:00 PM,72,63,9
11/11/2019 08:00:00 PM,35,24,11
11/11/2019 09:00:00 PM,40,25,15
11/11/2019 10:00:00 PM,13,9,4
11/11/2019 11:00:00 PM,8,6,2
11/12/2019 12:00:00 AM,2,2,0
11/12/2019 01:00:00 AM,3,1,2
11/12/2019 02:00:00 AM,2,2,0
11/12/2019 03:00:00 AM,2,0,2
11/12/2019 04:00:00 AM,4,3,1
11/12/2019 05:00:00 AM,16,4,12
11/12/2019 06:00:00 AM,65,8,57
11/12/2019 07:00:00 AM,194,21,173
11/12/2019 08:00:00 AM,333,18,315
11/12/2019 09:00:00 AM,196,22,174
11/12/2019 10:00:00 AM,73,14,59
11/12/2019 11:00:00 AM,46,11,35
11/12/2019 12:00:00 PM,47,18,29
11/12/2019 01:00:00 PM,41,25,16
11/12/2019 02:00:00 PM,50,29,21
11/12/2019 03:00:00 PM,75,58,17
11/12/2019 04:00:00 PM,230,202,28
11/12/2019 05:00:00 PM,344,300,44
11/12/2019 06:00:00 PM,220,189,31
11/12/2019 07:00:00 PM,96,84,12
11/12/2019 08:00:00 PM,60,47,13
11/12/2019 09:00:00 PM,41,29,12
11/12/2019 10:00:00 PM,14,8,6
11/12/2019 11:00:00 PM,3,2,1
11/13/2019 12:00:00 AM,6,5,1
11/13/2019 01:00:00 AM,2,2,0
11/13/2019 02:00:00 AM,1,0,1
11/13/2019 03:00:00 AM,2,1,1
11/13/2019 04:00:00 AM,5,3,2
11/13/2019 05:00:00 AM,23,5,18
11/13/2019 06:00:00 AM,88,14,74
11/13/2019 07:00:00 AM,295,40,255
11/13/2019 08:00:00 AM,440,40,400
11/13/2019 09:00:00 AM,242,27,215
11/13/2019 10:00:00 AM,96,17,79
11/13/2019 11:00:00 AM,60,23,37
11/13/2019 12:00:00 PM,69,30,39
11/13/2019 01:00:00 PM,65,36,29
11/13/2019 02:00:00 PM,71,47,24
11/13/2019 03:00:00 PM,120,89,31
11/13/2019 04:00:00 PM,297,252,45
11/13/2019 05:00:00 PM,466,421,45
11/13/2019 06:00:00 PM,273,242,31
11/13/2019 07:00:00 PM,122,106,16
11/13/2019 08:00:00 PM,53,35,18
11/13/2019 09:00:00 PM,32,22,10
11/13/2019 10:00:00 PM,27,22,5
11/13/2019 11:00:00 PM,14,10,4
11/14/2019 12:00:00 AM,7,7,0
11/14/2019 01:00:00 AM,2,2,0
11/14/2019 02:00:00 AM,1,1,0
11/14/2019 03:00:00 AM,1,0,1
11/14/2019 04:00:00 AM,3,0,3
11/14/2019 05:00:00 AM,23,6,17
11/14/2019 06:00:00 AM,85,11,74
11/14/2019 07:00:00 AM,239,25,214
11/14/2019 08:00:00 AM,427,39,388
11/14/2019 09:00:00 AM,250,24,226
11/14/2019 10:00:00 AM,83,19,64
11/14/2019 11:00:00 AM,62,19,43
11/14/2019 12:00:00 PM,50,18,32
11/14/2019 01:00:00 PM,58,36,22
11/14/2019 02:00:00 PM,58,36,22
11/14/2019 03:00:00 PM,106,85,21
11/14/2019 04:00:00 PM,280,253,27
11/14/2019 05:00:00 PM,441,388,53
11/14/2019 06:00:00 PM,232,203,29
11/14/2019 07:00:00 PM,98,91,7
11/14/2019 08:00:00 PM,58,48,10
11/14/2019 09:00:00 PM,46,37,9
11/14/2019 10:00:00 PM,26,16,10
11/14/2019 11:00:00 PM,13,7,6
11/15/2019 12:00:00 AM,10,8,2
11/15/2019 01:00:00 AM,2,1,1
11/15/2019 02:00:00 AM,1,1,0
11/15/2019 03:00:00 AM,4,2,2
11/15/2019 04:00:00 AM,4,2,2
11/15/2019 05:00:00 AM,11,3,8
11/15/2019 06:00:00 AM,52,10,42
11/15/2019 07:00:00 AM,177,18,159
11/15/2019 08:00:00 AM,334,32,302
11/15/2019 09:00:00 AM,200,27,173
11/15/2019 10:00:00 AM,73,11,62
11/15/2019 11:00:00 AM,70,20,50
11/15/2019 12:00:00 PM,50,28,22
11/15/2019 01:00:00 PM,67,41,26
11/15/2019 02:00:00 PM,58,41,17
11/15/2019 03:00:00 PM,120,96,24
11/15/2019 04:00:00 PM,237,201,36
11/15/2019 05:00:00 PM,329,282,47
11/15/2019 06:00:00 PM,149,129,20
11/15/2019 07:00:00 PM,69,54,15
11/15/2019 08:00:00 PM,38,25,13
11/15/2019 09:00:00 PM,37,29,8
11/15/2019 10:00:00 PM,18,13,5
11/15/2019 11:00:00 PM,16,11,5
11/16/2019 12:00:00 AM,19,10,9
11/16/2019 01:00:00 AM,6,5,1
11/16/2019 02:00:00 AM,4,2,2
11/16/2019 03:00:00 AM,0,0,0
11/16/2019 04:00:00 AM,1,1,0
11/16/2019 05:00:00 AM,6,5,1
11/16/2019 06:00:00 AM,6,4,2
11/16/2019 07:00:00 AM,14,6,8
11/16/2019 08:00:00 AM,28,8,20
11/16/2019 09:00:00 AM,36,14,22
11/16/2019 10:00:00 AM,34,17,17
11/16/2019 11:00:00 AM,67,39,28
11/16/2019 12:00:00 PM,73,40,33
11/16/2019 01:00:00 PM,86,42,44
11/16/2019 02:00:00 PM,56,30,26
11/16/2019 03:00:00 PM,46,25,21
11/16/2019 04:00:00 PM,44,27,17
11/16/2019 05:00:00 PM,35,22,13
11/16/2019 06:00:00 PM,21,12,9
11/16/2019 07:00:00 PM,19,11,8
11/16/2019 08:00:00 PM,12,10,2
11/16/2019 09:00:00 PM,5,3,2
11/16/2019 10:00:00 PM,8,4,4
11/16/2019 11:00:00 PM,4,1,3
11/17/2019 12:00:00 AM,5,3,2
11/17/2019 01:00:00 AM,3,1,2
11/17/2019 02:00:00 AM,0,0,0
11/17/2019 03:00:00 AM,1,0,1
11/17/2019 04:00:00 AM,2,1,1
11/17/2019 05:00:00 AM,2,1,1
11/17/2019 06:00:00 AM,3,2,1
11/17/2019 07:00:00 AM,6,3,3
11/17/2019 08:00:00 AM,19,13,6
11/17/2019 09:00:00 AM,25,10,15
11/17/2019 10:00:00 AM,28,13,15
11/17/2019 11:00:00 AM,29,20,9
11/17/2019 12:00:00 PM,55,32,23
11/17/2019 01:00:00 PM,54,30,24
11/17/2019 02:00:00 PM,41,19,22
11/17/2019 03:00:00 PM,27,10,17
11/17/2019 04:00:00 PM,35,20,15
11/17/2019 05:00:00 PM,25,17,8
11/17/2019 06:00:00 PM,11,8,3
11/17/2019 07:00:00 PM,6,5,1
11/17/2019 08:00:00 PM,2,0,2
11/17/2019 09:00:00 PM,3,2,1
11/17/2019 10:00:00 PM,3,3,0
11/17/2019 11:00:00 PM,1,1,0
11/18/2019 12:00:00 AM,0,0,0
11/18/2019 01:00:00 AM,1,0,1
11/18/2019 02:00:00 AM,0,0,0
11/18/2019 03:00:00 AM,2,1,1
11/18/2019 04:00:00 AM,6,3,3
11/18/2019 05:00:00 AM,23,5,18
11/18/2019 06:00:00 AM,63,16,47
11/18/2019 07:00:00 AM,219,21,198
11/18/2019 08:00:00 AM,419,35,384
11/18/2019 09:00:00 AM,213,23,190
11/18/2019 10:00:00 AM,77,13,64
11/18/2019 11:00:00 AM,45,15,30
11/18/2019 12:00:00 PM,43,15,28
11/18/2019 01:00:00 PM,29,21,8
11/18/2019 02:00:00 PM,18,12,6
11/18/2019 03:00:00 PM,58,48,10
11/18/2019 04:00:00 PM,206,186,20
11/18/2019 05:00:00 PM,377,345,32
11/18/2019 06:00:00 PM,181,164,17
11/18/2019 07:00:00 PM,86,77,9
11/18/2019 08:00:00 PM,41,34,7
11/18/2019 09:00:00 PM,16,14,2
11/18/2019 10:00:00 PM,18,15,3
11/18/2019 11:00:00 PM,6,6,0
11/19/2019 12:00:00 AM,3,1,2
11/19/2019 01:00:00 AM,2,2,0
11/19/2019 02:00:00 AM,1,0,1
11/19/2019 03:00:00 AM,2,1,1
11/19/2019 04:00:00 AM,7,4,3
11/19/2019 05:00:00 AM,19,4,15
11/19/2019 06:00:00 AM,81,12,69
11/19/2019 07:00:00 AM,219,28,191
11/19/2019 08:00:00 AM,349,22,327
11/19/2019 09:00:00 AM,219,20,199
11/19/2019 10:00:00 AM,76,10,66
11/19/2019 11:00:00 AM,45,19,26
11/19/2019 12:00:00 PM,35,17,18
11/19/2019 01:00:00 PM,36,19,17
11/19/2019 02:00:00 PM,49,31,18
11/19/2019 03:00:00 PM,97,76,21
11/19/2019 04:00:00 PM,251,231,20
11/19/2019 05:00:00 PM,389,326,63
11/19/2019 06:00:00 PM,259,225,34
11/19/2019 07:00:00 PM,88,76,12
11/19/2019 08:00:00 PM,67,52,15
11/19/2019 09:00:00 PM,36,26,10
11/19/2019 10:00:00 PM,8,6,2
11/19/2019 11:00:00 PM,8,5,3
11/20/2019 12:00:00 AM,4,2,2
11/20/2019 01:00:00 AM,4,3,1
11/20/2019 02:00:00 AM,0,0,0
11/20/2019 03:00:00 AM,2,1,1
11/20/2019 04:00:00 AM,8,4,4
11/20/2019 05:00:00 AM,21,7,14
11/20/2019 06:00:00 AM,86,16,70
11/20/2019 07:00:00 AM,282,29,253
11/20/2019 08:00:00 AM,465,44,421
11/20/2019 09:00:00 AM,262,39,223
11/20/2019 10:00:00 AM,122,27,95
11/20/2019 11:00:00 AM,67,25,42
11/20/2019 12:00:00 PM,72,27,45
11/20/2019 01:00:00 PM,57,26,31
11/20/2019 02:00:00 PM,75,56,19
11/20/2019 03:00:00 PM,130,96,34
11/20/2019 04:00:00 PM,298,252,46
11/20/2019 05:00:00 PM,467,418,49
11/20/2019 06:00:00 PM,266,228,38
11/20/2019 07:00:00 PM,111,94,17
11/20/2019 08:00:00 PM,72,56,16
11/20/2019 09:00:00 PM,48,34,14
11/20/2019 10:00:00 PM,15,13,2
11/20/2019 11:00:00 PM,12,7,5
11/21/2019 12:00:00 AM,6,5,1
11/21/2019 01:00:00 AM,1,1,0
11/21/2019 02:00:00 AM,2,2,0
11/21/2019 03:00:00 AM,3,1,2
11/21/2019 04:00:00 AM,4,1,3
11/21/2019 05:00:00 AM,19,6,13
11/21/2019 06:00:00 AM,78,12,66
11/21/2019 07:00:00 AM,222,24,198
11/21/2019 08:00:00 AM,418,29,389
11/21/2019 09:00:00 AM,256,37,219
11/21/2019 10:00:00 AM,98,12,86
11/21/2019 11:00:00 AM,81,25,56
11/21/2019 12:00:00 PM,65,28,37
11/21/2019 01:00:00 PM,60,33,27
11/21/2019 02:00:00 PM,75,43,32
11/21/2019 03:00:00 PM,106,77,29
11/21/2019 04:00:00 PM,282,242,40
11/21/2019 05:00:00 PM,419,373,46
11/21/2019 06:00:00 PM,230,203,27
11/21/2019 07:00:00 PM,111,95,16
11/21/2019 08:00:00 PM,44,35,9
11/21/2019 09:00:00 PM,32,26,6
11/21/2019 10:00:00 PM,28,19,9
11/21/2019 11:00:00 PM,16,13,3
11/22/2019 12:00:00 AM,7,4,3
11/22/2019 01:00:00 AM,4,2,2
11/22/2019 02:00:00 AM,1,1,0
11/22/2019 03:00:00 AM,1,1,0
11/22/2019 04:00:00 AM,6,2,4
11/22/2019 05:00:00 AM,17,10,7
11/22/2019 06:00:00 AM,54,8,46
11/22/2019 07:00:00 AM,179,21,158
11/22/2019 08:00:00 AM,350,29,321
11/22/2019 09:00:00 AM,222,25,197
11/22/2019 10:00:00 AM,91,17,74
11/22/2019 11:00:00 AM,45,14,31
11/22/2019 12:00:00 PM,53,32,21
11/22/2019 01:00:00 PM,56,28,28
11/22/2019 02:00:00 PM,77,57,20
11/22/2019 03:00:00 PM,113,90,23
11/22/2019 04:00:00 PM,256,223,33
11/22/2019 05:00:00 PM,320,286,34
11/22/2019 06:00:00 PM,155,140,15
11/22/2019 07:00:00 PM,64,54,10
11/22/2019 08:00:00 PM,46,38,8
11/22/2019 09:00:00 PM,19,16,3
11/22/2019 10:00:00 PM,13,9,4
11/22/2019 11:00:00 PM,14,10,4
11/23/2019 12:00:00 AM,5,3,2
11/23/2019 01:00:00 AM,5,4,1
11/23/2019 02:00:00 AM,7,4,3
11/23/2019 03:00:00 AM,0,0,0
11/23/2019 04:00:00 AM,5,3,2
11/23/2019 05:00:00 AM,3,1,2
11/23/2019 06:00:00 AM,7,2,5
11/23/2019 07:00:00 AM,14,9,5
11/23/2019 08:00:00 AM,33,8,25
11/23/2019 09:00:00 AM,43,10,33
11/23/2019 10:00:00 AM,47,22,25
11/23/2019 11:00:00 AM,45,19,26
11/23/2019 12:00:00 PM,67,29,38
11/23/2019 01:00:00 PM,48,31,17
11/23/2019 02:00:00 PM,60,27,33
11/23/2019 03:00:00 PM,84,45,39
11/23/2019 04:00:00 PM,57,37,20
11/23/2019 05:00:00 PM,35,21,14
11/23/2019 06:00:00 PM,19,12,7
11/23/2019 07:00:00 PM,20,10,10
11/23/2019 08:00:00 PM,4,2,2
11/23/2019 09:00:00 PM,17,9,8
11/23/2019 10:00:00 PM,5,2,3
11/23/2019 11:00:00 PM,1,1,0
11/24/2019 12:00:00 AM,5,3,2
11/24/2019 01:00:00 AM,5,4,1
11/24/2019 02:00:00 AM,2,1,1
11/24/2019 03:00:00 AM,0,0,0
11/24/2019 04:00:00 AM,1,1,0
11/24/2019 05:00:00 AM,4,3,1
11/24/2019 06:00:00 AM,5,3,2
11/24/2019 07:00:00 AM,6,4,2
11/24/2019 08:00:00 AM,24,12,12
11/24/2019 09:00:00 AM,35,18,17
11/24/2019 10:00:00 AM,31,17,14
11/24/2019 11:00:00 AM,55,24,31
11/24/2019 12:00:00 PM,73,51,22
11/24/2019 01:00:00 PM,79,49,30
11/24/2019 02:00:00 PM,79,43,36
11/24/2019 03:00:00 PM,84,49,35
11/24/2019 04:00:00 PM,58,29,29
11/24/2019 05:00:00 PM,28,10,18
11/24/2019 06:00:00 PM,20,8,12
11/24/2019 07:00:00 PM,29,13,16
11/24/2019 08:00:00 PM,13,10,3
11/24/2019 09:00:00 PM,6,4,2
11/24/2019 10:00:00 PM,8,6,2
11/24/2019 11:00:00 PM,4,4,0
11/25/2019 12:00:00 AM,3,1,2
11/25/2019 01:00:00 AM,0,0,0
11/25/2019 02:00:00 AM,2,1,1
11/25/2019 03:00:00 AM,3,1,2
11/25/2019 04:00:00 AM,4,2,2
11/25/2019 05:00:00 AM,13,4,9
11/25/2019 06:00:00 AM,66,13,53
11/25/2019 07:00:00 AM,191,19,172
11/25/2019 08:00:00 AM,359,24,335
11/25/2019 09:00:00 AM,221,22,199
11/25/2019 10:00:00 AM,96,16,80
11/25/2019 11:00:00 AM,31,12,19
11/25/2019 12:00:00 PM,28,10,18
11/25/2019 01:00:00 PM,23,10,13
11/25/2019 02:00:00 PM,39,30,9
11/25/2019 03:00:00 PM,74,55,19
11/25/2019 04:00:00 PM,221,197,24
11/25/2019 05:00:00 PM,369,343,26
11/25/2019 06:00:00 PM,182,166,16
11/25/2019 07:00:00 PM,80,69,11
11/25/2019 08:00:00 PM,38,31,7
11/25/2019 09:00:00 PM,15,14,1
11/25/2019 10:00:00 PM,12,11,1
11/25/2019 11:00:00 PM,4,2,2
11/26/2019 12:00:00 AM,2,2,0
11/26/2019 01:00:00 AM,0,0,0
11/26/2019 02:00:00 AM,0,0,0
11/26/2019 03:00:00 AM,2,1,1
11/26/2019 04:00:00 AM,0,0,0
11/26/2019 05:00:00 AM,16,4,12
11/26/2019 06:00:00 AM,62,14,48
11/26/2019 07:00:00 AM,194,21,173
11/26/2019 08:00:00 AM,350,25,325
11/26/2019 09:00:00 AM,202,23,179
11/26/2019 10:00:00 AM,76,13,63
11/26/2019 11:00:00 AM,49,20,29
11/26/2019 12:00:00 PM,52,22,30
11/26/2019 01:00:00 PM,52,29,23
11/26/2019 02:00:00 PM,58,39,19
11/26/2019 03:00:00 PM,94,70,24
11/26/2019 04:00:00 PM,234,196,38
11/26/2019 05:00:00 PM,349,317,32
11/26/2019 06:00:00 PM,196,172,24
11/26/2019 07:00:00 PM,81,72,9
11/26/2019 08:00:00 PM,35,27,8
11/26/2019 09:00:00 PM,28,22,6
11/26/2019 10:00:00 PM,17,14,3
11/26/2019 11:00:00 PM,7,5,2
11/27/2019 12:00:00 AM,4,2,2
11/27/2019 01:00:00 AM,1,1,0
11/27/2019 02:00:00 AM,0,0,0
11/27/2019 03:00:00 AM,1,0,1
11/27/2019 04:00:00 AM,5,2,3
11/27/2019 05:00:00 AM,18,7,11
11/27/2019 06:00:00 AM,46,11,35
11/27/2019 07:00:00 AM,155,16,139
11/27/2019 08:00:00 AM,231,23,208
11/27/2019 09:00:00 AM,153,17,136
11/27/2019 10:00:00 AM,67,16,51
11/27/2019 11:00:00 AM,51,23,28
11/27/2019 12:00:00 PM,54,27,27
11/27/2019 01:00:00 PM,70,52,18
11/27/2019 02:00:00 PM,89,71,18
11/27/2019 03:00:00 PM,134,108,26
11/27/2019 04:00:00 PM,191,164,27
11/27/2019 05:00:00 PM,176,153,23
11/27/2019 06:00:00 PM,81,70,11
11/27/2019 07:00:00 PM,41,32,9
11/27/2019 08:00:00 PM,19,12,7
11/27/2019 09:00:00 PM,13,8,5
11/27/2019 10:00:00 PM,11,10,1
11/27/2019 11:00:00 PM,9,8,1
11/28/2019 12:00:00 AM,7,4,3
11/28/2019 01:00:00 AM,1,0,1
11/28/2019 02:00:00 AM,1,1,0
11/28/2019 03:00:00 AM,0,0,0
11/28/2019 04:00:00 AM,2,2,0
11/28/2019 05:00:00 AM,2,2,0
11/28/2019 06:00:00 AM,2,0,2
11/28/2019 07:00:00 AM,10,2,8
11/28/2019 08:00:00 AM,17,11,6
11/28/2019 09:00:00 AM,16,8,8
11/28/2019 10:00:00 AM,19,7,12
11/28/2019 11:00:00 AM,27,11,16
11/28/2019 12:00:00 PM,32,15,17
11/28/2019 01:00:00 PM,58,35,23
11/28/2019 02:00:00 PM,26,17,9
11/28/2019 03:00:00 PM,20,10,10
11/28/2019 04:00:00 PM,10,2,8
11/28/2019 05:00:00 PM,9,6,3
11/28/2019 06:00:00 PM,13,7,6
11/28/2019 07:00:00 PM,1,1,0
11/28/2019 08:00:00 PM,18,16,2
11/28/2019 09:00:00 PM,3,1,2
11/28/2019 10:00:00 PM,7,6,1
11/28/2019 11:00:00 PM,4,2,2
11/29/2019 12:00:00 AM,4,4,0
11/29/2019 01:00:00 AM,3,0,3
11/29/2019 02:00:00 AM,1,1,0
11/29/2019 03:00:00 AM,0,0,0
11/29/2019 04:00:00 AM,0,0,0
11/29/2019 05:00:00 AM,7,3,4
11/29/2019 06:00:00 AM,5,1,4
11/29/2019 07:00:00 AM,27,5,22
11/29/2019 08:00:00 AM,26,5,21
11/29/2019 09:00:00 AM,34,10,24
11/29/2019 10:00:00 AM,39,16,23
11/29/2019 11:00:00 AM,37,15,22
11/29/2019 12:00:00 PM,48,28,20
11/29/2019 01:00:00 PM,47,23,24
11/29/2019 02:00:00 PM,34,25,9
11/29/2019 03:00:00 PM,58,35,23
11/29/2019 04:00:00 PM,37,23,14
11/29/2019 05:00:00 PM,42,29,13
11/29/2019 06:00:00 PM,28,13,15
11/29/2019 07:00:00 PM,22,14,8
11/29/2019 08:00:00 PM,5,5,0
11/29/2019 09:00:00 PM,4,2,2
11/29/2019 10:00:00 PM,7,5,2
11/29/2019 11:00:00 PM,9,4,5
11/30/2019 12:00:00 AM,6,5,1
11/30/2019 01:00:00 AM,1,1,0
11/30/2019 02:00:00 AM,1,1,0
11/30/2019 03:00:00 AM,1,1,0
11/30/2019 04:00:00 AM,0,0,0
11/30/2019 05:00:00 AM,3,2,1
11/30/2019 06:00:00 AM,5,3,2
11/30/2019 07:00:00 AM,3,0,3
11/30/2019 08:00:00 AM,10,3,7
11/30/2019 09:00:00 AM,20,8,12
11/30/2019 10:00:00 AM,17,8,9
11/30/2019 11:00:00 AM,29,15,14
11/30/2019 12:00:00 PM,50,29,21
11/30/2019 01:00:00 PM,52,25,27
11/30/2019 02:00:00 PM,71,33,38
11/30/2019 03:00:00 PM,61,38,23
11/30/2019 04:00:00 PM,38,20,18
11/30/2019 05:00:00 PM,31,16,15
11/30/2019 06:00:00 PM,19,9,10
11/30/2019 07:00:00 PM,6,5,1
11/30/2019 08:00:00 PM,8,3,5
11/30/2019 09:00:00 PM,6,5,1
11/30/2019 10:00:00 PM,7,4,3
11/30/2019 11:00:00 PM,6,4,2
12/01/2019 12:00:00 AM,0,0,0
12/01/2019 01:00:00 AM,3,3,0
12/01/2019 02:00:00 AM,2,1,1
12/01/2019 03:00:00 AM,2,2,0
12/01/2019 04:00:00 AM,0,0,0
12/01/2019 05:00:00 AM,3,1,2
12/01/2019 06:00:00 AM,10,2,8
12/01/2019 07:00:00 AM,14,12,2
12/01/2019 08:00:00 AM,23,7,16
12/01/2019 09:00:00 AM,37,16,21
12/01/2019 10:00:00 AM,35,11,24
12/01/2019 11:00:00 AM,38,17,21
12/01/2019 12:00:00 PM,38,22,16
12/01/2019 01:00:00 PM,28,19,9
12/01/2019 02:00:00 PM,38,12,26
12/01/2019 03:00:00 PM,22,16,6
12/01/2019 04:00:00 PM,23,11,12
12/01/2019 05:00:00 PM,28,15,13
12/01/2019 06:00:00 PM,7,3,4
12/01/2019 07:00:00 PM,9,5,4
12/01/2019 08:00:00 PM,19,11,8
12/01/2019 09:00:00 PM,9,5,4
12/01/2019 10:00:00 PM,2,2,0
12/01/2019 11:00:00 PM,2,2,0
12/02/2019 12:00:00 AM,2,1,1
12/02/2019 01:00:00 AM,0,0,0
12/02/2019 02:00:00 AM,0,0,0
12/02/2019 03:00:00 AM,2,1,1
12/02/2019 04:00:00 AM,4,3,1
12/02/2019 05:00:00 AM,22,5,17
12/02/2019 06:00:00 AM,63,15,48
12/02/2019 07:00:00 AM,207,14,193
12/02/2019 08:00:00 AM,419,40,379
12/02/2019 09:00:00 AM,234,29,205
12/02/2019 10:00:00 AM,92,20,72
12/02/2019 11:00:00 AM,51,19,32
12/02/2019 12:00:00 PM,45,15,30
12/02/2019 01:00:00 PM,51,25,26
12/02/2019 02:00:00 PM,51,26,25
12/02/2019 03:00:00 PM,87,61,26
12/02/2019 04:00:00 PM,279,248,31
12/02/2019 05:00:00 PM,410,387,23
12/02/2019 06:00:00 PM,205,185,20
12/02/2019 07:00:00 PM,79,62,17
12/02/2019 08:00:00 PM,34,20,14
12/02/2019 09:00:00 PM,31,26,5
12/02/2019 10:00:00 PM,16,10,6
12/02/2019 11:00:00 PM,5,2,3
12/03/2019 12:00:00 AM,5,5,0
12/03/2019 01:00:00 AM,0,0,0
12/03/2019 02:00:00 AM,1,1,0
12/03/2019 03:00:00 AM,3,2,1
12/03/2019 04:00:00 AM,2,0,2
12/03/2019 05:00:00 AM,21,6,15
12/03/2019 06:00:00 AM,72,11,61
12/03/2019 07:00:00 AM,248,24,224
12/03/2019 08:00:00 AM,428,25,403
12/03/2019 09:00:00 AM,246,32,214
12/03/2019 10:00:00 AM,97,18,79
12/03/2019 11:00:00 AM,56,22,34
12/03/2019 12:00:00 PM,51,29,22
12/03/2019 01:00:00 PM,49,27,22
12/03/2019 02:00:00 PM,52,41,11
12/03/2019 03:00:00 PM,99,81,18
12/03/2019 04:00:00 PM,282,246,36
12/03/2019 05:00:00 PM,433,384,49
12/03/2019 06:00:00 PM,231,205,26
12/03/2019 07:00:00 PM,83,76,7
12/03/2019 08:00:00 PM,60,47,13
12/03/2019 09:00:00 PM,31,21,10
12/03/2019 10:00:00 PM,17,13,4
12/03/2019 11:00:00 PM,5,1,4
12/04/2019 12:00:00 AM,6,5,1
12/04/2019 01:00:00 AM,3,1,2
12/04/2019 02:00:00 AM,1,1,0
12/04/2019 03:00:00 AM,0,0,0
12/04/2019 04:00:00 AM,7,4,3
12/04/2019 05:00:00 AM,19,3,16
12/04/2019 06:00:00 AM,66,15,51
12/04/2019 07:00:00 AM,214,18,196
12/04/2019 08:00:00 AM,359,32,327
12/04/2019 09:00:00 AM,213,23,190
12/04/2019 10:00:00 AM,82,14,68
12/04/2019 11:00:00 AM,58,21,37
12/04/2019 12:00:00 PM,37,14,23
12/04/2019 01:00:00 PM,34,17,17
12/04/2019 02:00:00 PM,36,24,12
12/04/2019 03:00:00 PM,81,65,16
12/04/2019 04:00:00 PM,232,202,30
12/04/2019 05:00:00 PM,371,333,38
12/04/2019 06:00:00 PM,207,188,19
12/04/2019 07:00:00 PM,75,65,10
12/04/2019 08:00:00 PM,38,30,8
12/04/2019 09:00:00 PM,27,18,9
12/04/2019 10:00:00 PM,17,16,1
12/04/2019 11:00:00 PM,8,6,2
12/05/2019 12:00:00 AM,11,10,1
12/05/2019 01:00:00 AM,3,3,0
12/05/2019 02:00:00 AM,0,0,0
12/05/2019 03:00:00 AM,2,1,1
12/05/2019 04:00:00 AM,3,2,1
12/05/2019 05:00:00 AM,21,7,14
12/05/2019 06:00:00 AM,62,14,48
12/05/2019 07:00:00 AM,218,26,192
12/05/2019 08:00:00 AM,393,31,362
12/05/2019 09:00:00 AM,236,28,208
12/05/2019 10:00:00 AM,83,16,67
12/05/2019 11:00:00 AM,54,17,37
12/05/2019 12:00:00 PM,52,19,33
12/05/2019 01:00:00 PM,63,27,36
12/05/2019 02:00:00 PM,62,41,21
12/05/2019 03:00:00 PM,100,67,33
12/05/2019 04:00:00 PM,243,209,34
12/05/2019 05:00:00 PM,391,339,52
12/05/2019 06:00:00 PM,235,198,37
12/05/2019 07:00:00 PM,84,71,13
12/05/2019 08:00:00 PM,51,44,7
12/05/2019 09:00:00 PM,25,21,4
12/05/2019 10:00:00 PM,33,29,4
12/05/2019 11:00:00 PM,17,12,5
12/06/2019 12:00:00 AM,11,9,2
12/06/2019 01:00:00 AM,3,2,1
12/06/2019 02:00:00 AM,2,2,0
12/06/2019 03:00:00 AM,2,1,1
12/06/2019 04:00:00 AM,7,6,1
12/06/2019 05:00:00 AM,15,4,11
12/06/2019 06:00:00 AM,56,10,46
12/06/2019 07:00:00 AM,192,27,165
12/06/2019 08:00:00 AM,344,34,310
12/06/2019 09:00:00 AM,200,14,186
12/06/2019 10:00:00 AM,93,24,69
12/06/2019 11:00:00 AM,69,25,44
12/06/2019 12:00:00 PM,54,31,23
12/06/2019 01:00:00 PM,59,36,23
12/06/2019 02:00:00 PM,79,53,26
12/06/2019 03:00:00 PM,131,100,31
12/06/2019 04:00:00 PM,260,229,31
12/06/2019 05:00:00 PM,312,278,34
12/06/2019 06:00:00 PM,155,126,29
12/06/2019 07:00:00 PM,56,44,12
12/06/2019 08:00:00 PM,25,18,7
12/06/2019 09:00:00 PM,25,17,8
12/06/2019 10:00:00 PM,13,8,5
12/06/2019 11:00:00 PM,7,4,3
12/07/2019 12:00:00 AM,6,3,3
12/07/2019 01:00:00 AM,7,5,2
12/07/2019 02:00:00 AM,8,8,0
12/07/2019 03:00:00 AM,1,1,0
12/07/2019 04:00:00 AM,1,1,0
12/07/2019 05:00:00 AM,4,2,2
12/07/2019 06:00:00 AM,4,1,3
12/07/2019 07:00:00 AM,7,2,5
12/07/2019 08:00:00 AM,16,4,12
12/07/2019 09:00:00 AM,31,5,26
12/07/2019 10:00:00 AM,23,10,13
12/07/2019 11:00:00 AM,22,2,20
12/07/2019 12:00:00 PM,31,17,14
12/07/2019 01:00:00 PM,23,16,7
12/07/2019 02:00:00 PM,22,15,7
12/07/2019 03:00:00 PM,28,17,11
12/07/2019 04:00:00 PM,27,11,16
12/07/2019 05:00:00 PM,24,11,13
12/07/2019 06:00:00 PM,17,9,8
12/07/2019 07:00:00 PM,19,9,10
12/07/2019 08:00:00 PM,17,13,4
12/07/2019 09:00:00 PM,8,5,3
12/07/2019 10:00:00 PM,6,3,3
12/07/2019 11:00:00 PM,12,8,4
12/08/2019 12:00:00 AM,7,5,2
12/08/2019 01:00:00 AM,3,3,0
12/08/2019 02:00:00 AM,3,3,0
12/08/2019 03:00:00 AM,1,0,1
12/08/2019 04:00:00 AM,2,2,0
12/08/2019 05:00:00 AM,2,1,1
12/08/2019 06:00:00 AM,2,0,2
12/08/2019 07:00:00 AM,16,6,10
12/08/2019 08:00:00 AM,9,8,1
12/08/2019 09:00:00 AM,42,14,28
12/08/2019 10:00:00 AM,46,24,22
12/08/2019 11:00:00 AM,55,35,20
12/08/2019 12:00:00 PM,53,32,21
12/08/2019 01:00:00 PM,57,27,30
12/08/2019 02:00:00 PM,57,30,27
12/08/2019 03:00:00 PM,73,36,37
12/08/2019 04:00:00 PM,56,28,28
12/08/2019 05:00:00 PM,25,9,16
12/08/2019 06:00:00 PM,13,3,10
12/08/2019 07:00:00 PM,12,7,5
12/08/2019 08:00:00 PM,11,7,4
12/08/2019 09:00:00 PM,9,4,5
12/08/2019 10:00:00 PM,4,3,1
12/08/2019 11:00:00 PM,4,4,0
12/09/2019 12:00:00 AM,3,3,0
12/09/2019 01:00:00 AM,1,1,0
12/09/2019 02:00:00 AM,1,1,0
12/09/2019 03:00:00 AM,1,1,0
12/09/2019 04:00:00 AM,6,3,3
12/09/2019 05:00:00 AM,22,4,18
12/09/2019 06:00:00 AM,71,11,60
12/09/2019 07:00:00 AM,204,22,182
12/09/2019 08:00:00 AM,443,37,406
12/09/2019 09:00:00 AM,256,27,229
12/09/2019 10:00:00 AM,102,11,91
12/09/2019 11:00:00 AM,47,14,33
12/09/2019 12:00:00 PM,46,21,25
12/09/2019 01:00:00 PM,48,29,19
12/09/2019 02:00:00 PM,51,30,21
12/09/2019 03:00:00 PM,84,70,14
12/09/2019 04:00:00 PM,260,229,31
12/09/2019 05:00:00 PM,438,396,42
12/09/2019 06:00:00 PM,246,216,30
12/09/2019 07:00:00 PM,115,95,20
12/09/2019 08:00:00 PM,50,43,7
12/09/2019 09:00:00 PM,36,22,14
12/09/2019 10:00:00 PM,16,11,5
12/09/2019 11:00:00 PM,4,3,1
12/10/2019 12:00:00 AM,1,0,1
12/10/2019 01:00:00 AM,3,1,2
12/10/2019 02:00:00 AM,0,0,0
12/10/2019 03:00:00 AM,1,1,0
12/10/2019 04:00:00 AM,7,3,4
12/10/2019 05:00:00 AM,23,4,19
12/10/2019 06:00:00 AM,62,11,51
12/10/2019 07:00:00 AM,206,22,184
12/10/2019 08:00:00 AM,371,36,335
12/10/2019 09:00:00 AM,221,22,199
12/10/2019 10:00:00 AM,94,14,80
12/10/2019 11:00:00 AM,39,10,29
12/10/2019 12:00:00 PM,37,18,19
12/10/2019 01:00:00 PM,27,15,12
12/10/2019 02:00:00 PM,44,34,10
12/10/2019 03:00:00 PM,76,62,14
12/10/2019 04:00:00 PM,205,187,18
12/10/2019 05:00:00 PM,355,329,26
12/10/2019 06:00:00 PM,198,172,26
12/10/2019 07:00:00 PM,82,67,15
12/10/2019 08:00:00 PM,36,32,4
12/10/2019 09:00:00 PM,30,24,6
12/10/2019 10:00:00 PM,20,13,7
12/10/2019 11:00:00 PM,4,3,1
12/11/2019 12:00:00 AM,9,8,1
12/11/2019 01:00:00 AM,2,1,1
12/11/2019 02:00:00 AM,0,0,0
12/11/2019 03:00:00 AM,2,2,0
12/11/2019 04:00:00 AM,3,2,1
12/11/2019 05:00:00 AM,19,4,15
12/11/2019 06:00:00 AM,73,12,61
12/11/2019 07:00:00 AM,204,20,184
12/11/2019 08:00:00 AM,314,21,293
12/11/2019 09:00:00 AM,196,24,172
12/11/2019 10:00:00 AM,83,13,70
12/11/2019 11:00:00 AM,34,9,25
12/11/2019 12:00:00 PM,27,15,12
12/11/2019 01:00:00 PM,19,8,11
12/11/2019 02:00:00 PM,36,25,11
12/11/2019 03:00:00 PM,84,70,14
12/11/2019 04:00:00 PM,207,187,20
12/11/2019 05:00:00 PM,302,275,27
12/11/2019 06:00:00 PM,184,164,20
12/11/2019 07:00:00 PM,82,73,9
12/11/2019 08:00:00 PM,35,26,9
12/11/2019 09:00:00 PM,17,15,2
12/11/2019 10:00:00 PM,12,11,1
12/11/2019 11:00:00 PM,7,6,1
12/12/2019 12:00:00 AM,3,2,1
12/12/2019 01:00:00 AM,0,0,0
12/12/2019 02:00:00 AM,1,1,0
12/12/2019 03:00:00 AM,2,1,1
12/12/2019 04:00:00 AM,4,1,3
12/12/2019 05:00:00 AM,18,3,15
12/12/2019 06:00:00 AM,54,7,47
12/12/2019 07:00:00 AM,155,21,134
12/12/2019 08:00:00 AM,291,21,270
12/12/2019 09:00:00 AM,178,17,161
12/12/2019 10:00:00 AM,68,15,53
12/12/2019 11:00:00 AM,33,12,21
12/12/2019 12:00:00 PM,41,16,25
12/12/2019 01:00:00 PM,40,23,17
12/12/2019 02:00:00 PM,41,27,14
12/12/2019 03:00:00 PM,77,64,13
12/12/2019 04:00:00 PM,173,152,21
12/12/2019 05:00:00 PM,276,249,27
12/12/2019 06:00:00 PM,178,156,22
12/12/2019 07:00:00 PM,79,65,14
12/12/2019 08:00:00 PM,26,24,2
12/12/2019 09:00:00 PM,25,17,8
12/12/2019 10:00:00 PM,18,17,1
12/12/2019 11:00:00 PM,6,4,2
12/13/2019 12:00:00 AM,7,5,2
12/13/2019 01:00:00 AM,2,2,0
12/13/2019 02:00:00 AM,1,0,1
12/13/2019 03:00:00 AM,5,4,1
12/13/2019 04:00:00 AM,3,2,1
12/13/2019 05:00:00 AM,18,8,10
12/13/2019 06:00:00 AM,46,8,38
12/13/2019 07:00:00 AM,154,16,138
12/13/2019 08:00:00 AM,311,30,281
12/13/2019 09:00:00 AM,179,22,157
12/13/2019 10:00:00 AM,79,18,61
12/13/2019 11:00:00 AM,50,17,33
12/13/2019 12:00:00 PM,46,19,27
12/13/2019 01:00:00 PM,52,32,20
12/13/2019 02:00:00 PM,61,41,20
12/13/2019 03:00:00 PM,123,90,33
12/13/2019 04:00:00 PM,210,184,26
12/13/2019 05:00:00 PM,282,249,33
12/13/2019 06:00:00 PM,156,138,18
12/13/2019 07:00:00 PM,61,48,13
12/13/2019 08:00:00 PM,36,31,5
12/13/2019 09:00:00 PM,28,18,10
12/13/2019 10:00:00 PM,16,10,6
12/13/2019 11:00:00 PM,14,9,5
12/14/2019 12:00:00 AM,10,8,2
12/14/2019 01:00:00 AM,9,4,5
12/14/2019 02:00:00 AM,4,4,0
12/14/2019 03:00:00 AM,2,2,0
12/14/2019 04:00:00 AM,1,0,1
12/14/2019 05:00:00 AM,3,3,0
12/14/2019 06:00:00 AM,6,2,4
12/14/2019 07:00:00 AM,7,4,3
12/14/2019 08:00:00 AM,16,6,10
12/14/2019 09:00:00 AM,26,13,13
12/14/2019 10:00:00 AM,23,8,15
12/14/2019 11:00:00 AM,36,16,20
12/14/2019 12:00:00 PM,68,30,38
12/14/2019 01:00:00 PM,34,18,16
12/14/2019 02:00:00 PM,33,20,13
12/14/2019 03:00:00 PM,34,19,15
12/14/2019 04:00:00 PM,36,13,23
12/14/2019 05:00:00 PM,25,12,13
12/14/2019 06:00:00 PM,11,4,7
12/14/2019 07:00:00 PM,9,5,4
12/14/2019 08:00:00 PM,10,2,8
12/14/2019 09:00:00 PM,8,7,1
12/14/2019 10:00:00 PM,5,2,3
12/14/2019 11:00:00 PM,5,4,1
12/15/2019 12:00:00 AM,4,1,3
12/15/2019 01:00:00 AM,1,1,0
12/15/2019 02:00:00 AM,5,2,3
12/15/2019 03:00:00 AM,0,0,0
12/15/2019 04:00:00 AM,1,0,1
12/15/2019 05:00:00 AM,1,1,0
12/15/2019 06:00:00 AM,7,3,4
12/15/2019 07:00:00 AM,11,7,4
12/15/2019 08:00:00 AM,8,4,4
12/15/2019 09:00:00 AM,27,10,17
12/15/2019 10:00:00 AM,22,4,18
12/15/2019 11:00:00 AM,33,20,13
12/15/2019 12:00:00 PM,26,13,13
12/15/2019 01:00:00 PM,20,12,8
12/15/2019 02:00:00 PM,35,19,16
12/15/2019 03:00:00 PM,31,18,13
12/15/2019 04:00:00 PM,31,18,13
12/15/2019 05:00:00 PM,28,17,11
12/15/2019 06:00:00 PM,11,4,7
12/15/2019 07:00:00 PM,10,7,3
12/15/2019 08:00:00 PM,17,13,4
12/15/2019 09:00:00 PM,8,2,6
12/15/2019 10:00:00 PM,2,2,0
12/15/2019 11:00:00 PM,6,5,1
12/16/2019 12:00:00 AM,7,5,2
12/16/2019 01:00:00 AM,1,0,1
12/16/2019 02:00:00 AM,0,0,0
12/16/2019 03:00:00 AM,2,1,1
12/16/2019 04:00:00 AM,5,4,1
12/16/2019 05:00:00 AM,15,1,14
12/16/2019 06:00:00 AM,67,9,58
12/16/2019 07:00:00 AM,193,15,178
12/16/2019 08:00:00 AM,378,40,338
12/16/2019 09:00:00 AM,224,19,205
12/16/2019 10:00:00 AM,84,10,74
12/16/2019 11:00:00 AM,56,16,40
12/16/2019 12:00:00 PM,50,27,23
12/16/2019 01:00:00 PM,43,20,23
12/16/2019 02:00:00 PM,54,32,22
12/16/2019 03:00:00 PM,91,74,17
12/16/2019 04:00:00 PM,236,203,33
12/16/2019 05:00:00 PM,389,355,34
12/16/2019 06:00:00 PM,213,187,26
12/16/2019 07:00:00 PM,100,86,14
12/16/2019 08:00:00 PM,41,33,8
12/16/2019 09:00:00 PM,19,16,3
12/16/2019 10:00:00 PM,15,10,5
12/16/2019 11:00:00 PM,5,5,0
12/17/2019 12:00:00 AM,6,2,4
12/17/2019 01:00:00 AM,1,0,1
12/17/2019 02:00:00 AM,0,0,0
12/17/2019 03:00:00 AM,3,1,2
12/17/2019 04:00:00 AM,1,0,1
12/17/2019 05:00:00 AM,20,6,14
12/17/2019 06:00:00 AM,55,15,40
12/17/2019 07:00:00 AM,248,30,218
12/17/2019 08:00:00 AM,370,34,336
12/17/2019 09:00:00 AM,214,15,199
12/17/2019 10:00:00 AM,95,16,79
12/17/2019 11:00:00 AM,54,19,35
12/17/2019 12:00:00 PM,59,20,39
12/17/2019 01:00:00 PM,38,26,12
12/17/2019 02:00:00 PM,67,45,22
12/17/2019 03:00:00 PM,99,77,22
12/17/2019 04:00:00 PM,263,218,45
12/17/2019 05:00:00 PM,368,330,38
12/17/2019 06:00:00 PM,218,192,26
12/17/2019 07:00:00 PM,88,75,13
12/17/2019 08:00:00 PM,60,45,15
12/17/2019 09:00:00 PM,35,29,6
12/17/2019 10:00:00 PM,15,10,5
12/17/2019 11:00:00 PM,11,7,4
12/18/2019 12:00:00 AM,6,4,2
12/18/2019 01:00:00 AM,6,4,2
12/18/2019 02:00:00 AM,2,2,0
12/18/2019 03:00:00 AM,3,2,1
12/18/2019 04:00:00 AM,5,2,3
12/18/2019 05:00:00 AM,22,5,17
12/18/2019 06:00:00 AM,56,14,42
12/18/2019 07:00:00 AM,182,17,165
12/18/2019 08:00:00 AM,347,26,321
12/18/2019 09:00:00 AM,191,21,170
12/18/2019 10:00:00 AM,76,12,64
12/18/2019 11:00:00 AM,46,14,32
12/18/2019 12:00:00 PM,46,18,28
12/18/2019 01:00:00 PM,38,17,21
12/18/2019 02:00:00 PM,58,39,19
12/18/2019 03:00:00 PM,95,74,21
12/18/2019 04:00:00 PM,242,210,32
12/18/2019 05:00:00 PM,328,301,27
12/18/2019 06:00:00 PM,164,142,22
12/18/2019 07:00:00 PM,59,51,8
12/18/2019 08:00:00 PM,30,26,4
12/18/2019 09:00:00 PM,23,20,3
12/18/2019 10:00:00 PM,10,8,2
12/18/2019 11:00:00 PM,6,5,1
12/19/2019 12:00:00 AM,5,4,1
12/19/2019 01:00:00 AM,1,0,1
12/19/2019 02:00:00 AM,0,0,0
12/19/2019 03:00:00 AM,2,1,1
12/19/2019 04:00:00 AM,1,0,1
12/19/2019 05:00:00 AM,14,4,10
12/19/2019 06:00:00 AM,32,7,25
12/19/2019 07:00:00 AM,144,15,129
12/19/2019 08:00:00 AM,270,20,250
12/19/2019 09:00:00 AM,166,20,146
12/19/2019 10:00:00 AM,68,12,56
12/19/2019 11:00:00 AM,34,12,22
12/19/2019 12:00:00 PM,31,16,15
12/19/2019 01:00:00 PM,23,13,10
12/19/2019 02:00:00 PM,39,32,7
12/19/2019 03:00:00 PM,39,35,4
12/19/2019 04:00:00 PM,169,153,16
12/19/2019 05:00:00 PM,230,216,14
12/19/2019 06:00:00 PM,108,97,11
12/19/2019 07:00:00 PM,44,37,7
12/19/2019 08:00:00 PM,18,16,2
12/19/2019 09:00:00 PM,7,6,1
12/19/2019 10:00:00 PM,13,11,2
12/19/2019 11:00:00 PM,3,3,0
12/20/2019 12:00:00 AM,7,5,2
12/20/2019 01:00:00 AM,0,0,0
12/20/2019 02:00:00 AM,0,0,0
12/20/2019 03:00:00 AM,1,0,1
12/20/2019 04:00:00 AM,2,0,2
12/20/2019 05:00:00 AM,7,3,4
12/20/2019 06:00:00 AM,24,3,21
12/20/2019 07:00:00 AM,80,6,74
12/20/2019 08:00:00 AM,145,14,131
12/20/2019 09:00:00 AM,74,7,67
12/20/2019 10:00:00 AM,22,2,20
12/20/2019 11:00:00 AM,11,4,7
12/20/2019 12:00:00 PM,9,6,3
12/20/2019 01:00:00 PM,12,10,2
12/20/2019 02:00:00 PM,25,15,10
12/20/2019 03:00:00 PM,52,44,8
12/20/2019 04:00:00 PM,107,97,10
12/20/2019 05:00:00 PM,113,105,8
12/20/2019 06:00:00 PM,48,45,3
12/20/2019 07:00:00 PM,11,10,1
12/20/2019 08:00:00 PM,8,7,1
12/20/2019 09:00:00 PM,3,2,1
12/20/2019 10:00:00 PM,4,4,0
12/20/2019 11:00:00 PM,3,3,0
12/21/2019 12:00:00 AM,2,2,0
12/21/2019 01:00:00 AM,1,1,0
12/21/2019 02:00:00 AM,0,0,0
12/21/2019 03:00:00 AM,0,0,0
12/21/2019 04:00:00 AM,0,0,0
12/21/2019 05:00:00 AM,3,2,1
12/21/2019 06:00:00 AM,2,0,2
12/21/2019 07:00:00 AM,5,2,3
12/21/2019 08:00:00 AM,5,1,4
12/21/2019 09:00:00 AM,7,2,5
12/21/2019 10:00:00 AM,5,0,5
12/21/2019 11:00:00 AM,4,2,2
12/21/2019 12:00:00 PM,10,5,5
12/21/2019 01:00:00 PM,6,2,4
12/21/2019 02:00:00 PM,10,3,7
12/21/2019 03:00:00 PM,12,8,4
12/21/2019 04:00:00 PM,23,12,11
12/21/2019 05:00:00 PM,15,10,5
12/21/2019 06:00:00 PM,6,5,1
12/21/2019 07:00:00 PM,13,11,2
12/21/2019 08:00:00 PM,4,2,2
12/21/2019 09:00:00 PM,4,2,2
12/21/2019 10:00:00 PM,6,5,1
12/21/2019 11:00:00 PM,8,6,2
12/22/2019 12:00:00 AM,1,1,0
12/22/2019 01:00:00 AM,3,1,2
12/22/2019 02:00:00 AM,0,0,0
12/22/2019 03:00:00 AM,2,1,1
12/22/2019 04:00:00 AM,0,0,0
12/22/2019 05:00:00 AM,2,1,1
12/22/2019 06:00:00 AM,1,0,1
12/22/2019 07:00:00 AM,9,5,4
12/22/2019 08:00:00 AM,12,6,6
12/22/2019 09:00:00 AM,16,7,9
12/22/2019 10:00:00 AM,21,12,9
12/22/2019 11:00:00 AM,33,14,19
12/22/2019 12:00:00 PM,47,18,29
12/22/2019 01:00:00 PM,39,19,20
12/22/2019 02:00:00 PM,44,16,28
12/22/2019 03:00:00 PM,33,23,10
12/22/2019 04:00:00 PM,23,12,11
12/22/2019 05:00:00 PM,10,5,5
12/22/2019 06:00:00 PM,10,7,3
12/22/2019 07:00:00 PM,7,6,1
12/22/2019 08:00:00 PM,8,7,1
12/22/2019 09:00:00 PM,3,1,2
12/22/2019 10:00:00 PM,6,3,3
12/22/2019 11:00:00 PM,3,2,1
12/23/2019 12:00:00 AM,2,1,1
12/23/2019 01:00:00 AM,1,1,0
12/23/2019 02:00:00 AM,0,0,0
12/23/2019 03:00:00 AM,2,1,1
12/23/2019 04:00:00 AM,0,0,0
12/23/2019 05:00:00 AM,11,3,8
12/23/2019 06:00:00 AM,17,3,14
12/23/2019 07:00:00 AM,65,5,60
12/23/2019 08:00:00 AM,113,14,99
12/23/2019 09:00:00 AM,87,6,81
12/23/2019 10:00:00 AM,55,9,46
12/23/2019 11:00:00 AM,33,13,20
12/23/2019 12:00:00 PM,35,24,11
12/23/2019 01:00:00 PM,39,28,11
12/23/2019 02:00:00 PM,39,26,13
12/23/2019 03:00:00 PM,72,59,13
12/23/2019 04:00:00 PM,103,91,12
12/23/2019 05:00:00 PM,116,105,11
12/23/2019 06:00:00 PM,67,52,15
12/23/2019 07:00:00 PM,40,32,8
12/23/2019 08:00:00 PM,21,16,5
12/23/2019 09:00:00 PM,9,4,5
12/23/2019 10:00:00 PM,12,9,3
12/23/2019 11:00:00 PM,4,2,2
12/24/2019 12:00:00 AM,3,2,1
12/24/2019 01:00:00 AM,1,1,0
12/24/2019 02:00:00 AM,0,0,0
12/24/2019 03:00:00 AM,0,0,0
12/24/2019 04:00:00 AM,1,1,0
12/24/2019 05:00:00 AM,12,3,9
12/24/2019 06:00:00 AM,17,3,14
12/24/2019 07:00:00 AM,32,3,29
12/24/2019 08:00:00 AM,60,7,53
12/24/2019 09:00:00 AM,41,8,33
12/24/2019 10:00:00 AM,29,13,16
12/24/2019 11:00:00 AM,35,25,10
12/24/2019 12:00:00 PM,47,32,15
12/24/2019 01:00:00 PM,42,28,14
12/24/2019 02:00:00 PM,47,32,15
12/24/2019 03:00:00 PM,51,38,13
12/24/2019 04:00:00 PM,30,20,10
12/24/2019 05:00:00 PM,19,15,4
12/24/2019 06:00:00 PM,14,9,5
12/24/2019 07:00:00 PM,12,9,3
12/24/2019 08:00:00 PM,1,1,0
12/24/2019 09:00:00 PM,0,0,0
12/24/2019 10:00:00 PM,5,3,2
12/24/2019 11:00:00 PM,2,2,0
12/25/2019 12:00:00 AM,0,0,0
12/25/2019 01:00:00 AM,2,0,2
12/25/2019 02:00:00 AM,1,1,0
12/25/2019 03:00:00 AM,0,0,0
12/25/2019 04:00:00 AM,2,2,0
12/25/2019 05:00:00 AM,3,1,2
12/25/2019 06:00:00 AM,2,0,2
12/25/2019 07:00:00 AM,5,3,2
12/25/2019 08:00:00 AM,8,7,1
12/25/2019 09:00:00 AM,13,5,8
12/25/2019 10:00:00 AM,11,6,5
12/25/2019 11:00:00 AM,14,10,4
12/25/2019 12:00:00 PM,22,8,14
12/25/2019 01:00:00 PM,35,26,9
12/25/2019 02:00:00 PM,38,21,17
12/25/2019 03:00:00 PM,25,16,9
12/25/2019 04:00:00 PM,22,10,12
12/25/2019 05:00:00 PM,7,3,4
12/25/2019 06:00:00 PM,2,1,1
12/25/2019 07:00:00 PM,4,2,2
12/25/2019 08:00:00 PM,4,2,2
12/25/2019 09:00:00 PM,2,1,1
12/25/2019 10:00:00 PM,2,2,0
12/25/2019 11:00:00 PM,2,1,1
12/26/2019 12:00:00 AM,0,0,0
12/26/2019 01:00:00 AM,0,0,0
12/26/2019 02:00:00 AM,0,0,0
12/26/2019 03:00:00 AM,2,1,1
12/26/2019 04:00:00 AM,1,0,1
12/26/2019 05:00:00 AM,11,2,9
12/26/2019 06:00:00 AM,14,1,13
12/26/2019 07:00:00 AM,40,8,32
12/26/2019 08:00:00 AM,65,9,56
12/26/2019 09:00:00 AM,62,8,54
12/26/2019 10:00:00 AM,27,6,21
12/26/2019 11:00:00 AM,32,10,22
12/26/2019 12:00:00 PM,28,15,13
12/26/2019 01:00:00 PM,32,14,18
12/26/2019 02:00:00 PM,55,28,27
12/26/2019 03:00:00 PM,63,46,17
12/26/2019 04:00:00 PM,83,72,11
12/26/2019 05:00:00 PM,78,68,10
12/26/2019 06:00:00 PM,34,27,7
12/26/2019 07:00:00 PM,26,20,6
12/26/2019 08:00:00 PM,14,8,6
12/26/2019 09:00:00 PM,8,3,5
12/26/2019 10:00:00 PM,3,3,0
12/26/2019 11:00:00 PM,4,2,2
12/27/2019 12:00:00 AM,0,0,0
12/27/2019 01:00:00 AM,2,1,1
12/27/2019 02:00:00 AM,2,1,1
12/27/2019 03:00:00 AM,2,1,1
12/27/2019 04:00:00 AM,1,0,1
12/27/2019 05:00:00 AM,7,2,5
12/27/2019 06:00:00 AM,23,1,22
12/27/2019 07:00:00 AM,53,8,45
12/27/2019 08:00:00 AM,92,15,77
12/27/2019 09:00:00 AM,60,10,50
12/27/2019 10:00:00 AM,34,8,26
12/27/2019 11:00:00 AM,34,14,20
12/27/2019 12:00:00 PM,31,10,21
12/27/2019 01:00:00 PM,36,24,12
12/27/2019 02:00:00 PM,30,23,7
12/27/2019 03:00:00 PM,69,56,13
12/27/2019 04:00:00 PM,82,64,18
12/27/2019 05:00:00 PM,91,76,15
12/27/2019 06:00:00 PM,44,39,5
12/27/2019 07:00:00 PM,16,12,4
12/27/2019 08:00:00 PM,13,9,4
12/27/2019 09:00:00 PM,18,15,3
12/27/2019 10:00:00 PM,5,4,1
12/27/2019 11:00:00 PM,6,4,2
12/28/2019 12:00:00 AM,2,1,1
12/28/2019 01:00:00 AM,4,2,2
12/28/2019 02:00:00 AM,0,0,0
12/28/2019 03:00:00 AM,0,0,0
12/28/2019 04:00:00 AM,0,0,0
12/28/2019 05:00:00 AM,3,1,2
12/28/2019 06:00:00 AM,2,1,1
12/28/2019 07:00:00 AM,10,4,6
12/28/2019 08:00:00 AM,23,6,17
12/28/2019 09:00:00 AM,24,13,11
12/28/2019 10:00:00 AM,31,13,18
12/28/2019 11:00:00 AM,45,24,21
12/28/2019 12:00:00 PM,40,22,18
12/28/2019 01:00:00 PM,51,27,24
12/28/2019 02:00:00 PM,63,37,26
12/28/2019 03:00:00 PM,47,28,19
12/28/2019 04:00:00 PM,24,8,16
12/28/2019 05:00:00 PM,27,22,5
12/28/2019 06:00:00 PM,13,8,5
12/28/2019 07:00:00 PM,4,3,1
12/28/2019 08:00:00 PM,6,4,2
12/28/2019 09:00:00 PM,3,1,2
12/28/2019 10:00:00 PM,4,2,2
12/28/2019 11:00:00 PM,3,2,1
12/29/2019 12:00:00 AM,2,0,2
12/29/2019 01:00:00 AM,2,1,1
12/29/2019 02:00:00 AM,3,3,0
12/29/2019 03:00:00 AM,1,1,0
12/29/2019 04:00:00 AM,0,0,0
12/29/2019 05:00:00 AM,2,1,1
12/29/2019 06:00:00 AM,1,0,1
12/29/2019 07:00:00 AM,2,2,0
12/29/2019 08:00:00 AM,12,7,5
12/29/2019 09:00:00 AM,17,8,9
12/29/2019 10:00:00 AM,42,19,23
12/29/2019 11:00:00 AM,37,20,17
12/29/2019 12:00:00 PM,58,29,29
12/29/2019 01:00:00 PM,51,32,19
12/29/2019 02:00:00 PM,60,29,31
12/29/2019 03:00:00 PM,76,42,34
12/29/2019 04:00:00 PM,36,12,24
12/29/2019 05:00:00 PM,17,10,7
12/29/2019 06:00:00 PM,20,9,11
12/29/2019 07:00:00 PM,10,8,2
12/29/2019 08:00:00 PM,12,4,8
12/29/2019 09:00:00 PM,15,11,4
12/29/2019 10:00:00 PM,8,4,4
12/29/2019 11:00:00 PM,1,0,1
12/30/2019 12:00:00 AM,2,0,2
12/30/2019 01:00:00 AM,1,0,1
12/30/2019 02:00:00 AM,1,0,1
12/30/2019 03:00:00 AM,2,1,1
12/30/2019 04:00:00 AM,5,3,2
12/30/2019 05:00:00 AM,16,5,11
12/30/2019 06:00:00 AM,35,4,31
12/30/2019 07:00:00 AM,90,10,80
12/30/2019 08:00:00 AM,170,19,151
12/30/2019 09:00:00 AM,115,11,104
12/30/2019 10:00:00 AM,40,6,34
12/30/2019 11:00:00 AM,22,7,15
12/30/2019 12:00:00 PM,29,19,10
12/30/2019 01:00:00 PM,37,22,15
12/30/2019 02:00:00 PM,34,24,10
12/30/2019 03:00:00 PM,99,76,23
12/30/2019 04:00:00 PM,129,114,15
12/30/2019 05:00:00 PM,163,141,22
12/30/2019 06:00:00 PM,106,92,14
12/30/2019 07:00:00 PM,31,22,9
12/30/2019 08:00:00 PM,15,10,5
12/30/2019 09:00:00 PM,11,8,3
12/30/2019 10:00:00 PM,6,2,4
12/30/2019 11:00:00 PM,3,2,1
12/31/2019 12:00:00 AM,3,3,0
12/31/2019 01:00:00 AM,1,0,1
12/31/2019 02:00:00 AM,0,0,0
12/31/2019 03:00:00 AM,0,0,0
12/31/2019 04:00:00 AM,2,1,1
12/31/2019 05:00:00 AM,11,2,9
12/31/2019 06:00:00 AM,22,4,18
12/31/2019 07:00:00 AM,70,12,58
12/31/2019 08:00:00 AM,116,10,106
12/31/2019 09:00:00 AM,64,11,53
12/31/2019 10:00:00 AM,33,6,27
12/31/2019 11:00:00 AM,21,10,11
12/31/2019 12:00:00 PM,18,13,5
12/31/2019 01:00:00 PM,32,23,9
12/31/2019 02:00:00 PM,35,32,3
12/31/2019 03:00:00 PM,59,51,8
12/31/2019 04:00:00 PM,91,80,11
12/31/2019 05:00:00 PM,57,43,14
12/31/2019 06:00:00 PM,22,17,5
12/31/2019 07:00:00 PM,11,8,3
12/31/2019 08:00:00 PM,7,6,1
12/31/2019 09:00:00 PM,7,4,3
12/31/2019 10:00:00 PM,11,4,7
12/31/2019 11:00:00 PM,10,2,8
01/01/2020 12:00:00 AM,7,6,1
01/01/2020 01:00:00 AM,18,13,5
01/01/2020 02:00:00 AM,13,12,1
01/01/2020 03:00:00 AM,4,3,1
01/01/2020 04:00:00 AM,2,1,1
01/01/2020 05:00:00 AM,4,2,2
01/01/2020 06:00:00 AM,7,0,7
01/01/2020 07:00:00 AM,2,0,2
01/01/2020 08:00:00 AM,11,6,5
01/01/2020 09:00:00 AM,10,6,4
01/01/2020 10:00:00 AM,30,16,14
01/01/2020 11:00:00 AM,43,23,20
01/01/2020 12:00:00 PM,40,22,18
01/01/2020 01:00:00 PM,63,28,35
01/01/2020 02:00:00 PM,52,18,34
01/01/2020 03:00:00 PM,53,29,24
01/01/2020 04:00:00 PM,25,13,12
01/01/2020 05:00:00 PM,23,7,16
01/01/2020 06:00:00 PM,9,6,3
01/01/2020 07:00:00 PM,9,4,5
01/01/2020 08:00:00 PM,4,2,2
01/01/2020 09:00:00 PM,9,4,5
01/01/2020 10:00:00 PM,1,0,1
01/01/2020 11:00:00 PM,1,1,0
01/02/2020 12:00:00 AM,0,0,0
01/02/2020 01:00:00 AM,1,0,1
01/02/2020 02:00:00 AM,1,1,0
01/02/2020 03:00:00 AM,3,2,1
01/02/2020 04:00:00 AM,2,1,1
01/02/2020 05:00:00 AM,11,1,10
01/02/2020 06:00:00 AM,23,1,22
01/02/2020 07:00:00 AM,119,11,108
01/02/2020 08:00:00 AM,268,21,247
01/02/2020 09:00:00 AM,159,25,134
01/02/2020 10:00:00 AM,64,14,50
01/02/2020 11:00:00 AM,32,14,18
01/02/2020 12:00:00 PM,19,8,11
01/02/2020 01:00:00 PM,16,10,6
01/02/2020 02:00:00 PM,29,19,10
01/02/2020 03:00:00 PM,66,59,7
01/02/2020 04:00:00 PM,161,147,14
01/02/2020 05:00:00 PM,231,217,14
01/02/2020 06:00:00 PM,94,86,8
01/02/2020 07:00:00 PM,48,42,6
01/02/2020 08:00:00 PM,20,17,3
01/02/2020 09:00:00 PM,15,11,4
01/02/2020 10:00:00 PM,5,1,4
01/02/2020 11:00:00 PM,4,4,0
01/03/2020 12:00:00 AM,2,1,1
01/03/2020 01:00:00 AM,0,0,0
01/03/2020 02:00:00 AM,0,0,0
01/03/2020 03:00:00 AM,2,1,1
01/03/2020 04:00:00 AM,3,2,1
01/03/2020 05:00:00 AM,10,1,9
01/03/2020 06:00:00 AM,43,6,37
01/03/2020 07:00:00 AM,115,12,103
01/03/2020 08:00:00 AM,228,20,208
01/03/2020 09:00:00 AM,152,15,137
01/03/2020 10:00:00 AM,64,10,54
01/03/2020 11:00:00 AM,47,19,28
01/03/2020 12:00:00 PM,64,31,33
01/03/2020 01:00:00 PM,51,31,20
01/03/2020 02:00:00 PM,60,43,17
01/03/2020 03:00:00 PM,95,67,28
01/03/2020 04:00:00 PM,218,199,19
01/03/2020 05:00:00 PM,221,201,20
01/03/2020 06:00:00 PM,88,73,15
01/03/2020 07:00:00 PM,37,29,8
01/03/2020 08:00:00 PM,25,21,4
01/03/2020 09:00:00 PM,13,12,1
01/03/2020 10:00:00 PM,1,1,0
01/03/2020 11:00:00 PM,4,3,1
01/04/2020 12:00:00 AM,4,3,1
01/04/2020 01:00:00 AM,3,1,2
01/04/2020 02:00:00 AM,3,3,0
01/04/2020 03:00:00 AM,2,2,0
01/04/2020 04:00:00 AM,0,0,0
01/04/2020 05:00:00 AM,2,1,1
01/04/2020 06:00:00 AM,6,2,4
01/04/2020 07:00:00 AM,6,3,3
01/04/2020 08:00:00 AM,15,6,9
01/04/2020 09:00:00 AM,26,12,14
01/04/2020 10:00:00 AM,36,19,17
01/04/2020 11:00:00 AM,37,25,12
01/04/2020 12:00:00 PM,58,33,25
01/04/2020 01:00:00 PM,71,29,42
01/04/2020 02:00:00 PM,70,36,34
01/04/2020 03:00:00 PM,47,24,23
01/04/2020 04:00:00 PM,25,9,16
01/04/2020 05:00:00 PM,23,10,13
01/04/2020 06:00:00 PM,12,6,6
01/04/2020 07:00:00 PM,13,9,4
01/04/2020 08:00:00 PM,9,5,4
01/04/2020 09:00:00 PM,13,7,6
01/04/2020 10:00:00 PM,7,5,2
01/04/2020 11:00:00 PM,2,2,0
01/05/2020 12:00:00 AM,4,3,1
01/05/2020 01:00:00 AM,1,1,0
01/05/2020 02:00:00 AM,1,1,0
01/05/2020 03:00:00 AM,1,1,0
01/05/2020 04:00:00 AM,0,0,0
01/05/2020 05:00:00 AM,1,0,1
01/05/2020 06:00:00 AM,7,1,6
01/05/2020 07:00:00 AM,5,4,1
01/05/2020 08:00:00 AM,9,5,4
01/05/2020 09:00:00 AM,8,4,4
01/05/2020 10:00:00 AM,19,8,11
01/05/2020 11:00:00 AM,13,8,5
01/05/2020 12:00:00 PM,16,5,11
01/05/2020 01:00:00 PM,24,12,12
01/05/2020 02:00:00 PM,44,25,19
01/05/2020 03:00:00 PM,28,23,5
01/05/2020 04:00:00 PM,32,14,18
01/05/2020 05:00:00 PM,23,14,9
01/05/2020 06:00:00 PM,14,6,8
01/05/2020 07:00:00 PM,7,4,3
01/05/2020 08:00:00 PM,12,5,7
01/05/2020 09:00:00 PM,10,5,5
01/05/2020 10:00:00 PM,4,1,3
01/05/2020 11:00:00 PM,3,3,0
01/06/2020 12:00:00 AM,3,3,0
01/06/2020 01:00:00 AM,0,0,0
01/06/2020 02:00:00 AM,0,0,0
01/06/2020 03:00:00 AM,1,0,1
01/06/2020 04:00:00 AM,4,3,1
01/06/2020 05:00:00 AM,18,4,14
01/06/2020 06:00:00 AM,55,7,48
01/06/2020 07:00:00 AM,180,14,166
01/06/2020 08:00:00 AM,343,19,324
01/06/2020 09:00:00 AM,179,11,168
01/06/2020 10:00:00 AM,48,10,38
01/06/2020 11:00:00 AM,18,7,11
01/06/2020 12:00:00 PM,25,11,14
01/06/2020 01:00:00 PM,18,10,8
01/06/2020 02:00:00 PM,33,23,10
01/06/2020 03:00:00 PM,69,53,16
01/06/2020 04:00:00 PM,201,179,22
01/06/2020 05:00:00 PM,351,328,23
01/06/2020 06:00:00 PM,163,147,16
01/06/2020 07:00:00 PM,65,59,6
01/06/2020 08:00:00 PM,24,17,7
01/06/2020 09:00:00 PM,15,12,3
01/06/2020 10:00:00 PM,10,7,3
01/06/2020 11:00:00 PM,0,0,0
01/07/2020 12:00:00 AM,1,1,0
01/07/2020 01:00:00 AM,1,1,0
01/07/2020 02:00:00 AM,1,1,0
01/07/2020 03:00:00 AM,1,0,1
01/07/2020 04:00:00 AM,1,1,0
01/07/2020 05:00:00 AM,18,4,14
01/07/2020 06:00:00 AM,54,5,49
01/07/2020 07:00:00 AM,180,20,160
01/07/2020 08:00:00 AM,345,24,321
01/07/2020 09:00:00 AM,190,19,171
01/07/2020 10:00:00 AM,68,10,58
01/07/2020 11:00:00 AM,42,14,28
01/07/2020 12:00:00 PM,22,10,12
01/07/2020 01:00:00 PM,29,16,13
01/07/2020 02:00:00 PM,41,32,9
01/07/2020 03:00:00 PM,69,54,15
01/07/2020 04:00:00 PM,169,151,18
01/07/2020 05:00:00 PM,374,348,26
01/07/2020 06:00:00 PM,178,157,21
01/07/2020 07:00:00 PM,58,50,8
01/07/2020 08:00:00 PM,43,35,8
01/07/2020 09:00:00 PM,20,17,3
01/07/2020 10:00:00 PM,14,10,4
01/07/2020 11:00:00 PM,6,3,3
01/08/2020 12:00:00 AM,5,4,1
01/08/2020 01:00:00 AM,3,1,2
01/08/2020 02:00:00 AM,1,1,0
01/08/2020 03:00:00 AM,2,1,1
01/08/2020 04:00:00 AM,2,2,0
01/08/2020 05:00:00 AM,17,3,14
01/08/2020 06:00:00 AM,59,8,51
01/08/2020 07:00:00 AM,200,24,176
01/08/2020 08:00:00 AM,366,20,346
01/08/2020 09:00:00 AM,203,33,170
01/08/2020 10:00:00 AM,83,15,68
01/08/2020 11:00:00 AM,32,13,19
01/08/2020 12:00:00 PM,35,13,22
01/08/2020 01:00:00 PM,31,15,16
01/08/2020 02:00:00 PM,40,27,13
01/08/2020 03:00:00 PM,76,59,17
01/08/2020 04:00:00 PM,187,168,19
01/08/2020 05:00:00 PM,395,371,24
01/08/2020 06:00:00 PM,183,160,23
01/08/2020 07:00:00 PM,79,69,10
01/08/2020 08:00:00 PM,39,33,6
01/08/2020 09:00:00 PM,17,11,6
01/08/2020 10:00:00 PM,16,12,4
01/08/2020 11:00:00 PM,4,4,0
01/09/2020 12:00:00 AM,4,2,2
01/09/2020 01:00:00 AM,1,1,0
01/09/2020 02:00:00 AM,2,1,1
01/09/2020 03:00:00 AM,1,0,1
01/09/2020 04:00:00 AM,2,1,1
01/09/2020 05:00:00 AM,16,3,13
01/09/2020 06:00:00 AM,44,5,39
01/09/2020 07:00:00 AM,158,14,144
01/09/2020 08:00:00 AM,294,23,271
01/09/2020 09:00:00 AM,172,17,155
01/09/2020 10:00:00 AM,59,13,46
01/09/2020 11:00:00 AM,43,12,31
01/09/2020 12:00:00 PM,35,13,22
01/09/2020 01:00:00 PM,23,11,12
01/09/2020 02:00:00 PM,38,29,9
01/09/2020 03:00:00 PM,66,47,19
01/09/2020 04:00:00 PM,182,160,22
01/09/2020 05:00:00 PM,329,300,29
01/09/2020 06:00:00 PM,164,143,21
01/09/2020 07:00:00 PM,77,60,17
01/09/2020 08:00:00 PM,31,25,6
01/09/2020 09:00:00 PM,21,14,7
01/09/2020 10:00:00 PM,16,7,9
01/09/2020 11:00:00 PM,11,7,4
01/10/2020 12:00:00 AM,5,2,3
01/10/2020 01:00:00 AM,4,0,4
01/10/2020 02:00:00 AM,2,0,2
01/10/2020 03:00:00 AM,2,1,1
01/10/2020 04:00:00 AM,2,2,0
01/10/2020 05:00:00 AM,8,3,5
01/10/2020 06:00:00 AM,36,4,32
01/10/2020 07:00:00 AM,121,9,112
01/10/2020 08:00:00 AM,229,13,216
01/10/2020 09:00:00 AM,159,19,140
01/10/2020 10:00:00 AM,46,10,36
01/10/2020 11:00:00 AM,25,2,23
01/10/2020 12:00:00 PM,11,1,10
01/10/2020 01:00:00 PM,18,11,7
01/10/2020 02:00:00 PM,32,24,8
01/10/2020 03:00:00 PM,68,54,14
01/10/2020 04:00:00 PM,150,139,11
01/10/2020 05:00:00 PM,232,215,17
01/10/2020 06:00:00 PM,86,80,6
01/10/2020 07:00:00 PM,36,31,5
01/10/2020 08:00:00 PM,12,11,1
01/10/2020 09:00:00 PM,12,10,2
01/10/2020 10:00:00 PM,4,4,0
01/10/2020 11:00:00 PM,3,2,1
01/11/2020 12:00:00 AM,7,7,0
01/11/2020 01:00:00 AM,0,0,0
01/11/2020 02:00:00 AM,3,1,2
01/11/2020 03:00:00 AM,1,1,0
01/11/2020 04:00:00 AM,0,0,0
01/11/2020 05:00:00 AM,4,3,1
01/11/2020 06:00:00 AM,4,1,3
01/11/2020 07:00:00 AM,8,3,5
01/11/2020 08:00:00 AM,13,6,7
01/11/2020 09:00:00 AM,18,9,9
01/11/2020 10:00:00 AM,14,6,8
01/11/2020 11:00:00 AM,24,16,8
01/11/2020 12:00:00 PM,19,11,8
01/11/2020 01:00:00 PM,19,8,11
01/11/2020 02:00:00 PM,39,21,18
01/11/2020 03:00:00 PM,23,12,11
01/11/2020 04:00:00 PM,34,22,12
01/11/2020 05:00:00 PM,27,13,14
01/11/2020 06:00:00 PM,11,6,5
01/11/2020 07:00:00 PM,7,4,3
01/11/2020 08:00:00 PM,8,7,1
01/11/2020 09:00:00 PM,7,3,4
01/11/2020 10:00:00 PM,8,5,3
01/11/2020 11:00:00 PM,6,6,0
01/12/2020 12:00:00 AM,4,1,3
01/12/2020 01:00:00 AM,2,2,0
01/12/2020 02:00:00 AM,3,1,2
01/12/2020 03:00:00 AM,2,1,1
01/12/2020 04:00:00 AM,2,1,1
01/12/2020 05:00:00 AM,1,0,1
01/12/2020 06:00:00 AM,5,3,2
01/12/2020 07:00:00 AM,6,3,3
01/12/2020 08:00:00 AM,12,5,7
01/12/2020 09:00:00 AM,16,7,9
01/12/2020 10:00:00 AM,22,8,14
01/12/2020 11:00:00 AM,22,10,12
01/12/2020 12:00:00 PM,22,11,11
01/12/2020 01:00:00 PM,35,21,14
01/12/2020 02:00:00 PM,36,22,14
01/12/2020 03:00:00 PM,35,21,14
01/12/2020 04:00:00 PM,11,9,2
01/12/2020 05:00:00 PM,20,10,10
01/12/2020 06:00:00 PM,8,2,6
01/12/2020 07:00:00 PM,10,8,2
01/12/2020 08:00:00 PM,7,5,2
01/12/2020 09:00:00 PM,5,2,3
01/12/2020 10:00:00 PM,4,3,1
01/12/2020 11:00:00 PM,0,0,0
01/13/2020 12:00:00 AM,0,0,0
01/13/2020 01:00:00 AM,0,0,0
01/13/2020 02:00:00 AM,0,0,0
01/13/2020 03:00:00 AM,1,0,1
01/13/2020 04:00:00 AM,4,3,1
01/13/2020 05:00:00 AM,7,2,5
01/13/2020 06:00:00 AM,18,6,12
01/13/2020 07:00:00 AM,58,7,51
01/13/2020 08:00:00 AM,120,11,109
01/13/2020 09:00:00 AM,101,11,90
01/13/2020 10:00:00 AM,55,5,50
01/13/2020 11:00:00 AM,23,4,19
01/13/2020 12:00:00 PM,15,5,10
01/13/2020 01:00:00 PM,14,7,7
01/13/2020 02:00:00 PM,23,17,6
01/13/2020 03:00:00 PM,45,36,9
01/13/2020 04:00:00 PM,101,89,12
01/13/2020 05:00:00 PM,138,127,11
01/13/2020 06:00:00 PM,63,59,4
01/13/2020 07:00:00 PM,39,32,7
01/13/2020 08:00:00 PM,13,12,1
01/13/2020 09:00:00 PM,9,8,1
01/13/2020 10:00:00 PM,5,4,1
01/13/2020 11:00:00 PM,6,4,2
01/14/2020 12:00:00 AM,2,2,0
01/14/2020 01:00:00 AM,0,0,0
01/14/2020 02:00:00 AM,0,0,0
01/14/2020 03:00:00 AM,1,0,1
01/14/2020 04:00:00 AM,2,1,1
01/14/2020 05:00:00 AM,6,1,5
01/14/2020 06:00:00 AM,20,4,16
01/14/2020 07:00:00 AM,39,8,31
01/14/2020 08:00:00 AM,82,9,73
01/14/2020 09:00:00 AM,67,8,59
01/14/2020 10:00:00 AM,34,5,29
01/14/2020 11:00:00 AM,12,3,9
01/14/2020 12:00:00 PM,12,3,9
01/14/2020 01:00:00 PM,21,13,8
01/14/2020 02:00:00 PM,14,13,1
01/14/2020 03:00:00 PM,30,23,7
01/14/2020 04:00:00 PM,66,56,10
01/14/2020 05:00:00 PM,92,81,11
01/14/2020 06:00:00 PM,37,31,6
01/14/2020 07:00:00 PM,28,24,4
01/14/2020 08:00:00 PM,10,9,1
01/14/2020 09:00:00 PM,6,6,0
01/14/2020 10:00:00 PM,4,2,2
01/14/2020 11:00:00 PM,3,2,1
01/15/2020 12:00:00 AM,3,2,1
01/15/2020 01:00:00 AM,1,1,0
01/15/2020 02:00:00 AM,0,0,0
01/15/2020 03:00:00 AM,1,0,1
01/15/2020 04:00:00 AM,1,1,0
01/15/2020 05:00:00 AM,7,1,6
01/15/2020 06:00:00 AM,10,2,8
01/15/2020 07:00:00 AM,53,6,47
01/15/2020 08:00:00 AM,113,13,100
01/15/2020 09:00:00 AM,85,9,76
01/15/2020 10:00:00 AM,38,6,32
01/15/2020 11:00:00 AM,24,2,22
01/15/2020 12:00:00 PM,15,7,8
01/15/2020 01:00:00 PM,21,9,12
01/15/2020 02:00:00 PM,22,16,6
01/15/2020 03:00:00 PM,34,30,4
01/15/2020 04:00:00 PM,71,66,5
01/15/2020 05:00:00 PM,119,107,12
01/15/2020 06:00:00 PM,66,52,14
01/15/2020 07:00:00 PM,27,25,2
01/15/2020 08:00:00 PM,25,17,8
01/15/2020 09:00:00 PM,6,6,0
01/15/2020 10:00:00 PM,12,10,2
01/15/2020 11:00:00 PM,5,4,1
01/16/2020 12:00:00 AM,0,0,0
01/16/2020 01:00:00 AM,0,0,0
01/16/2020 02:00:00 AM,1,1,0
01/16/2020 03:00:00 AM,1,0,1
01/16/2020 04:00:00 AM,0,0,0
01/16/2020 05:00:00 AM,9,2,7
01/16/2020 06:00:00 AM,36,7,29
01/16/2020 07:00:00 AM,118,11,107
01/16/2020 08:00:00 AM,263,23,240
01/16/2020 09:00:00 AM,144,20,124
01/16/2020 10:00:00 AM,62,5,57
01/16/2020 11:00:00 AM,33,9,24
01/16/2020 12:00:00 PM,32,15,17
01/16/2020 01:00:00 PM,41,20,21
01/16/2020 02:00:00 PM,33,17,16
01/16/2020 03:00:00 PM,53,36,17
01/16/2020 04:00:00 PM,169,150,19
01/16/2020 05:00:00 PM,257,225,32
01/16/2020 06:00:00 PM,138,125,13
01/16/2020 07:00:00 PM,54,48,6
01/16/2020 08:00:00 PM,27,24,3
01/16/2020 09:00:00 PM,17,15,2
01/16/2020 10:00:00 PM,12,8,4
01/16/2020 11:00:00 PM,4,4,0
01/17/2020 12:00:00 AM,5,3,2
01/17/2020 01:00:00 AM,3,2,1
01/17/2020 02:00:00 AM,0,0,0
01/17/2020 03:00:00 AM,1,0,1
01/17/2020 04:00:00 AM,3,3,0
01/17/2020 05:00:00 AM,10,1,9
01/17/2020 06:00:00 AM,24,3,21
01/17/2020 07:00:00 AM,101,13,88
01/17/2020 08:00:00 AM,272,20,252
01/17/2020 09:00:00 AM,146,18,128
01/17/2020 10:00:00 AM,52,9,43
01/17/2020 11:00:00 AM,27,11,16
01/17/2020 12:00:00 PM,35,16,19
01/17/2020 01:00:00 PM,31,18,13
01/17/2020 02:00:00 PM,36,25,11
01/17/2020 03:00:00 PM,75,60,15
01/17/2020 04:00:00 PM,155,133,22
01/17/2020 05:00:00 PM,236,210,26
01/17/2020 06:00:00 PM,118,105,13
01/17/2020 07:00:00 PM,50,45,5
01/17/2020 08:00:00 PM,24,17,7
01/17/2020 09:00:00 PM,20,16,4
01/17/2020 10:00:00 PM,5,3,2
01/17/2020 11:00:00 PM,8,7,1
01/18/2020 12:00:00 AM,5,3,2
01/18/2020 01:00:00 AM,3,3,0
01/18/2020 02:00:00 AM,4,4,0
01/18/2020 03:00:00 AM,0,0,0
01/18/2020 04:00:00 AM,1,1,0
01/18/2020 05:00:00 AM,1,0,1
01/18/2020 06:00:00 AM,6,2,4
01/18/2020 07:00:00 AM,3,1,2
01/18/2020 08:00:00 AM,20,8,12
01/18/2020 09:00:00 AM,12,5,7
01/18/2020 10:00:00 AM,15,8,7
01/18/2020 11:00:00 AM,15,5,10
01/18/2020 12:00:00 PM,25,9,16
01/18/2020 01:00:00 PM,40,24,16
01/18/2020 02:00:00 PM,30,19,11
01/18/2020 03:00:00 PM,44,22,22
01/18/2020 04:00:00 PM,30,16,14
01/18/2020 05:00:00 PM,31,15,16
01/18/2020 06:00:00 PM,19,7,12
01/18/2020 07:00:00 PM,14,9,5
01/18/2020 08:00:00 PM,13,5,8
01/18/2020 09:00:00 PM,8,2,6
01/18/2020 10:00:00 PM,11,2,9
01/18/2020 11:00:00 PM,7,6,1
01/19/2020 12:00:00 AM,4,2,2
01/19/2020 01:00:00 AM,7,3,4
01/19/2020 02:00:00 AM,4,3,1
01/19/2020 03:00:00 AM,0,0,0
01/19/2020 04:00:00 AM,0,0,0
01/19/2020 05:00:00 AM,2,0,2
01/19/2020 06:00:00 AM,5,1,4
01/19/2020 07:00:00 AM,6,2,4
01/19/2020 08:00:00 AM,10,7,3
01/19/2020 09:00:00 AM,22,13,9
01/19/2020 10:00:00 AM,17,8,9
01/19/2020 11:00:00 AM,19,11,8
01/19/2020 12:00:00 PM,25,8,17
01/19/2020 01:00:00 PM,44,27,17
01/19/2020 02:00:00 PM,51,32,19
01/19/2020 03:00:00 PM,47,23,24
01/19/2020 04:00:00 PM,36,13,23
01/19/2020 05:00:00 PM,39,15,24
01/19/2020 06:00:00 PM,18,10,8
01/19/2020 07:00:00 PM,16,15,1
01/19/2020 08:00:00 PM,12,8,4
01/19/2020 09:00:00 PM,3,2,1
01/19/2020 10:00:00 PM,6,6,0
01/19/2020 11:00:00 PM,2,0,2
01/20/2020 12:00:00 AM,0,0,0
01/20/2020 01:00:00 AM,0,0,0
01/20/2020 02:00:00 AM,1,1,0
01/20/2020 03:00:00 AM,0,0,0
01/20/2020 04:00:00 AM,3,2,1
01/20/2020 05:00:00 AM,12,3,9
01/20/2020 06:00:00 AM,30,5,25
01/20/2020 07:00:00 AM,77,6,71
01/20/2020 08:00:00 AM,174,17,157
01/20/2020 09:00:00 AM,83,9,74
01/20/2020 10:00:00 AM,40,7,33
01/20/2020 11:00:00 AM,29,10,19
01/20/2020 12:00:00 PM,33,21,12
01/20/2020 01:00:00 PM,35,11,24
01/20/2020 02:00:00 PM,42,27,15
01/20/2020 03:00:00 PM,68,43,25
01/20/2020 04:00:00 PM,127,105,22
01/20/2020 05:00:00 PM,183,157,26
01/20/2020 06:00:00 PM,93,79,14
01/20/2020 07:00:00 PM,55,43,12
01/20/2020 08:00:00 PM,17,14,3
01/20/2020 09:00:00 PM,21,12,9
01/20/2020 10:00:00 PM,5,2,3
01/20/2020 11:00:00 PM,7,5,2
01/21/2020 12:00:00 AM,2,0,2
01/21/2020 01:00:00 AM,0,0,0
01/21/2020 02:00:00 AM,2,1,1
01/21/2020 03:00:00 AM,3,1,2
01/21/2020 04:00:00 AM,2,1,1
01/21/2020 05:00:00 AM,17,3,14
01/21/2020 06:00:00 AM,56,9,47
01/21/2020 07:00:00 AM,193,21,172
01/21/2020 08:00:00 AM,340,36,304
01/21/2020 09:00:00 AM,190,18,172
01/21/2020 10:00:00 AM,73,13,60
01/21/2020 11:00:00 AM,27,10,17
01/21/2020 12:00:00 PM,33,15,18
01/21/2020 01:00:00 PM,29,17,12
01/21/2020 02:00:00 PM,27,21,6
01/21/2020 03:00:00 PM,47,40,7
01/21/2020 04:00:00 PM,170,151,19
01/21/2020 05:00:00 PM,339,311,28
01/21/2020 06:00:00 PM,153,140,13
01/21/2020 07:00:00 PM,67,54,13
01/21/2020 08:00:00 PM,30,25,5
01/21/2020 09:00:00 PM,13,13,0
01/21/2020 10:00:00 PM,8,7,1
01/21/2020 11:00:00 PM,3,3,0
01/22/2020 12:00:00 AM,3,3,0
01/22/2020 01:00:00 AM,0,0,0
01/22/2020 02:00:00 AM,0,0,0
01/22/2020 03:00:00 AM,1,1,0
01/22/2020 04:00:00 AM,5,4,1
01/22/2020 05:00:00 AM,14,2,12
01/22/2020 06:00:00 AM,58,12,46
01/22/2020 07:00:00 AM,173,13,160
01/22/2020 08:00:00 AM,285,20,265
01/22/2020 09:00:00 AM,166,17,149
01/22/2020 10:00:00 AM,46,11,35
01/22/2020 11:00:00 AM,20,5,15
01/22/2020 12:00:00 PM,23,10,13
01/22/2020 01:00:00 PM,15,10,5
01/22/2020 02:00:00 PM,27,19,8
01/22/2020 03:00:00 PM,49,39,10
01/22/2020 04:00:00 PM,158,138,20
01/22/2020 05:00:00 PM,336,315,21
01/22/2020 06:00:00 PM,186,167,19
01/22/2020 07:00:00 PM,84,75,9
01/22/2020 08:00:00 PM,28,25,3
01/22/2020 09:00:00 PM,19,16,3
01/22/2020 10:00:00 PM,7,6,1
01/22/2020 11:00:00 PM,5,2,3
01/23/2020 12:00:00 AM,4,4,0
01/23/2020 01:00:00 AM,1,1,0
01/23/2020 02:00:00 AM,2,1,1
01/23/2020 03:00:00 AM,3,2,1
01/23/2020 04:00:00 AM,4,2,2
01/23/2020 05:00:00 AM,16,3,13
01/23/2020 06:00:00 AM,54,10,44
01/23/2020 07:00:00 AM,151,18,133
01/23/2020 08:00:00 AM,243,18,225
01/23/2020 09:00:00 AM,146,11,135
01/23/2020 10:00:00 AM,48,13,35
01/23/2020 11:00:00 AM,18,3,15
01/23/2020 12:00:00 PM,16,2,14
01/23/2020 01:00:00 PM,18,11,7
01/23/2020 02:00:00 PM,20,12,8
01/23/2020 03:00:00 PM,58,46,12
01/23/2020 04:00:00 PM,146,135,11
01/23/2020 05:00:00 PM,248,224,24
01/23/2020 06:00:00 PM,156,141,15
01/23/2020 07:00:00 PM,66,55,11
01/23/2020 08:00:00 PM,36,30,6
01/23/2020 09:00:00 PM,15,14,1
01/23/2020 10:00:00 PM,7,6,1
01/23/2020 11:00:00 PM,7,7,0
01/24/2020 12:00:00 AM,4,3,1
01/24/2020 01:00:00 AM,2,2,0
01/24/2020 02:00:00 AM,0,0,0
01/24/2020 03:00:00 AM,2,1,1
01/24/2020 04:00:00 AM,2,2,0
01/24/2020 05:00:00 AM,16,5,11
01/24/2020 06:00:00 AM,49,9,40
01/24/2020 07:00:00 AM,141,7,134
01/24/2020 08:00:00 AM,296,26,270
01/24/2020 09:00:00 AM,182,15,167
01/24/2020 10:00:00 AM,39,7,32
01/24/2020 11:00:00 AM,29,6,23
01/24/2020 12:00:00 PM,23,12,11
01/24/2020 01:00:00 PM,27,16,11
01/24/2020 02:00:00 PM,45,36,9
01/24/2020 03:00:00 PM,95,78,17
01/24/2020 04:00:00 PM,209,187,22
01/24/2020 05:00:00 PM,269,240,29
01/24/2020 06:00:00 PM,113,94,19
01/24/2020 07:00:00 PM,43,38,5
01/24/2020 08:00:00 PM,29,24,5
01/24/2020 09:00:00 PM,14,10,4
01/24/2020 10:00:00 PM,7,6,1
01/24/2020 11:00:00 PM,13,9,4
01/25/2020 12:00:00 AM,3,2,1
01/25/2020 01:00:00 AM,3,3,0
01/25/2020 02:00:00 AM,4,2,2
01/25/2020 03:00:00 AM,4,4,0
01/25/2020 04:00:00 AM,1,1,0
01/25/2020 05:00:00 AM,1,0,1
01/25/2020 06:00:00 AM,4,0,4
01/25/2020 07:00:00 AM,9,2,7
01/25/2020 08:00:00 AM,17,6,11
01/25/2020 09:00:00 AM,20,10,10
01/25/2020 10:00:00 AM,21,14,7
01/25/2020 11:00:00 AM,34,19,15
01/25/2020 12:00:00 PM,55,29,26
01/25/2020 01:00:00 PM,46,21,25
01/25/2020 02:00:00 PM,49,30,19
01/25/2020 03:00:00 PM,92,61,31
01/25/2020 04:00:00 PM,65,37,28
01/25/2020 05:00:00 PM,45,20,25
01/25/2020 06:00:00 PM,26,14,12
01/25/2020 07:00:00 PM,9,2,7
01/25/2020 08:00:00 PM,13,6,7
01/25/2020 09:00:00 PM,9,6,3
01/25/2020 10:00:00 PM,10,8,2
01/25/2020 11:00:00 PM,10,5,5
01/26/2020 12:00:00 AM,2,1,1
01/26/2020 01:00:00 AM,2,1,1
01/26/2020 02:00:00 AM,3,3,0
01/26/2020 03:00:00 AM,0,0,0
01/26/2020 04:00:00 AM,2,0,2
01/26/2020 05:00:00 AM,0,0,0
01/26/2020 06:00:00 AM,8,1,7
01/26/2020 07:00:00 AM,5,3,2
01/26/2020 08:00:00 AM,13,6,7
01/26/2020 09:00:00 AM,21,6,15
01/26/2020 10:00:00 AM,29,10,19
01/26/2020 11:00:00 AM,52,32,20
01/26/2020 12:00:00 PM,65,36,29
01/26/2020 01:00:00 PM,92,39,53
01/26/2020 02:00:00 PM,71,37,34
01/26/2020 03:00:00 PM,70,34,36
01/26/2020 04:00:00 PM,36,15,21
01/26/2020 05:00:00 PM,22,11,11
01/26/2020 06:00:00 PM,23,10,13
01/26/2020 07:00:00 PM,13,10,3
01/26/2020 08:00:00 PM,12,9,3
01/26/2020 09:00:00 PM,7,4,3
01/26/2020 10:00:00 PM,6,5,1
01/26/2020 11:00:00 PM,4,3,1
01/27/2020 12:00:00 AM,0,0,0
01/27/2020 01:00:00 AM,0,0,0
01/27/2020 02:00:00 AM,0,0,0
01/27/2020 03:00:00 AM,1,0,1
01/27/2020 04:00:00 AM,5,2,3
01/27/2020 05:00:00 AM,14,5,9
01/27/2020 06:00:00 AM,66,10,56
01/27/2020 07:00:00 AM,182,13,169
01/27/2020 08:00:00 AM,371,36,335
01/27/2020 09:00:00 AM,241,28,213
01/27/2020 10:00:00 AM,69,10,59
01/27/2020 11:00:00 AM,55,20,35
01/27/2020 12:00:00 PM,34,18,16
01/27/2020 01:00:00 PM,34,15,19
01/27/2020 02:00:00 PM,39,31,8
01/27/2020 03:00:00 PM,62,41,21
01/27/2020 04:00:00 PM,197,180,17
01/27/2020 05:00:00 PM,321,300,21
01/27/2020 06:00:00 PM,171,160,11
01/27/2020 07:00:00 PM,74,66,8
01/27/2020 08:00:00 PM,30,28,2
01/27/2020 09:00:00 PM,16,14,2
01/27/2020 10:00:00 PM,10,6,4
01/27/2020 11:00:00 PM,7,6,1
01/28/2020 12:00:00 AM,2,2,0
01/28/2020 01:00:00 AM,0,0,0
01/28/2020 02:00:00 AM,1,1,0
01/28/2020 03:00:00 AM,3,2,1
01/28/2020 04:00:00 AM,3,1,2
01/28/2020 05:00:00 AM,10,3,7
01/28/2020 06:00:00 AM,49,8,41
01/28/2020 07:00:00 AM,128,8,120
01/28/2020 08:00:00 AM,301,23,278
01/28/2020 09:00:00 AM,181,18,163
01/28/2020 10:00:00 AM,54,8,46
01/28/2020 11:00:00 AM,32,11,21
01/28/2020 12:00:00 PM,37,17,20
01/28/2020 01:00:00 PM,40,18,22
01/28/2020 02:00:00 PM,48,26,22
01/28/2020 03:00:00 PM,87,66,21
01/28/2020 04:00:00 PM,182,158,24
01/28/2020 05:00:00 PM,298,272,26
01/28/2020 06:00:00 PM,173,157,16
01/28/2020 07:00:00 PM,78,61,17
01/28/2020 08:00:00 PM,38,30,8
01/28/2020 09:00:00 PM,29,20,9
01/28/2020 10:00:00 PM,7,5,2
01/28/2020 11:00:00 PM,5,3,2
01/29/2020 12:00:00 AM,5,4,1
01/29/2020 01:00:00 AM,1,1,0
01/29/2020 02:00:00 AM,1,0,1
01/29/2020 03:00:00 AM,2,2,0
01/29/2020 04:00:00 AM,1,1,0
01/29/2020 05:00:00 AM,17,5,12
01/29/2020 06:00:00 AM,58,11,47
01/29/2020 07:00:00 AM,187,14,173
01/29/2020 08:00:00 AM,314,21,293
01/29/2020 09:00:00 AM,185,13,172
01/29/2020 10:00:00 AM,61,12,49
01/29/2020 11:00:00 AM,20,5,15
01/29/2020 12:00:00 PM,25,10,15
01/29/2020 01:00:00 PM,34,16,18
01/29/2020 02:00:00 PM,36,29,7
01/29/2020 03:00:00 PM,64,51,13
01/29/2020 04:00:00 PM,192,169,23
01/29/2020 05:00:00 PM,328,302,26
01/29/2020 06:00:00 PM,197,173,24
01/29/2020 07:00:00 PM,80,71,9
01/29/2020 08:00:00 PM,37,31,6
01/29/2020 09:00:00 PM,29,19,10
01/29/2020 10:00:00 PM,17,14,3
01/29/2020 11:00:00 PM,9,6,3
01/30/2020 12:00:00 AM,3,3,0
01/30/2020 01:00:00 AM,0,0,0
01/30/2020 02:00:00 AM,0,0,0
01/30/2020 03:00:00 AM,2,1,1
01/30/2020 04:00:00 AM,2,1,1
01/30/2020 05:00:00 AM,17,5,12
01/30/2020 06:00:00 AM,56,8,48
01/30/2020 07:00:00 AM,188,20,168
01/30/2020 08:00:00 AM,306,24,282
01/30/2020 09:00:00 AM,222,26,196
01/30/2020 10:00:00 AM,73,13,60
01/30/2020 11:00:00 AM,30,10,20
01/30/2020 12:00:00 PM,52,23,29
01/30/2020 01:00:00 PM,37,22,15
01/30/2020 02:00:00 PM,58,41,17
01/30/2020 03:00:00 PM,87,61,26
01/30/2020 04:00:00 PM,189,167,22
01/30/2020 05:00:00 PM,327,296,31
01/30/2020 06:00:00 PM,173,157,16
01/30/2020 07:00:00 PM,54,47,7
01/30/2020 08:00:00 PM,28,21,7
01/30/2020 09:00:00 PM,29,18,11
01/30/2020 10:00:00 PM,17,13,4
01/30/2020 11:00:00 PM,5,4,1
01/31/2020 12:00:00 AM,9,7,2
01/31/2020 01:00:00 AM,1,1,0
01/31/2020 02:00:00 AM,0,0,0
01/31/2020 03:00:00 AM,1,1,0
01/31/2020 04:00:00 AM,3,2,1
01/31/2020 05:00:00 AM,13,4,9
01/31/2020 06:00:00 AM,40,6,34
01/31/2020 07:00:00 AM,127,6,121
01/31/2020 08:00:00 AM,233,19,214
01/31/2020 09:00:00 AM,162,21,141
01/31/2020 10:00:00 AM,49,9,40
01/31/2020 11:00:00 AM,28,8,20
01/31/2020 12:00:00 PM,16,9,7
01/31/2020 01:00:00 PM,18,7,11
01/31/2020 02:00:00 PM,24,18,6
01/31/2020 03:00:00 PM,55,40,15
01/31/2020 04:00:00 PM,128,120,8
01/31/2020 05:00:00 PM,226,207,19
01/31/2020 06:00:00 PM,122,103,19
01/31/2020 07:00:00 PM,39,36,3
01/31/2020 08:00:00 PM,25,21,4
01/31/2020 09:00:00 PM,20,17,3
01/31/2020 10:00:00 PM,6,5,1
01/31/2020 11:00:00 PM,4,4,0
02/01/2020 12:00:00 AM,2,2,0
02/01/2020 01:00:00 AM,1,1,0
02/01/2020 02:00:00 AM,2,1,1
02/01/2020 03:00:00 AM,0,0,0
02/01/2020 04:00:00 AM,1,1,0
02/01/2020 05:00:00 AM,1,0,1
02/01/2020 06:00:00 AM,3,1,2
02/01/2020 07:00:00 AM,9,3,6
02/01/2020 08:00:00 AM,18,7,11
02/01/2020 09:00:00 AM,17,7,10
02/01/2020 10:00:00 AM,26,10,16
02/01/2020 11:00:00 AM,30,9,21
02/01/2020 12:00:00 PM,27,14,13
02/01/2020 01:00:00 PM,43,28,15
02/01/2020 02:00:00 PM,31,17,14
02/01/2020 03:00:00 PM,26,15,11
02/01/2020 04:00:00 PM,33,17,16
02/01/2020 05:00:00 PM,27,14,13
02/01/2020 06:00:00 PM,21,14,7
02/01/2020 07:00:00 PM,16,12,4
02/01/2020 08:00:00 PM,8,6,2
02/01/2020 09:00:00 PM,8,5,3
02/01/2020 10:00:00 PM,7,4,3
02/01/2020 11:00:00 PM,2,1,1
02/02/2020 12:00:00 AM,3,2,1
02/02/2020 01:00:00 AM,1,1,0
02/02/2020 02:00:00 AM,1,1,0
02/02/2020 03:00:00 AM,2,1,1
02/02/2020 04:00:00 AM,0,0,0
02/02/2020 05:00:00 AM,2,0,2
02/02/2020 06:00:00 AM,3,1,2
02/02/2020 07:00:00 AM,5,3,2
02/02/2020 08:00:00 AM,11,4,7
02/02/2020 09:00:00 AM,23,12,11
02/02/2020 10:00:00 AM,39,21,18
02/02/2020 11:00:00 AM,67,38,29
02/02/2020 12:00:00 PM,65,33,32
02/02/2020 01:00:00 PM,59,19,40
02/02/2020 02:00:00 PM,95,54,41
02/02/2020 03:00:00 PM,85,45,40
02/02/2020 04:00:00 PM,44,23,21
02/02/2020 05:00:00 PM,28,17,11
02/02/2020 06:00:00 PM,12,3,9
02/02/2020 07:00:00 PM,24,11,13
02/02/2020 08:00:00 PM,14,7,7
02/02/2020 09:00:00 PM,7,7,0
02/02/2020 10:00:00 PM,4,2,2
02/02/2020 11:00:00 PM,5,3,2
02/03/2020 12:00:00 AM,4,2,2
02/03/2020 01:00:00 AM,1,1,0
02/03/2020 02:00:00 AM,0,0,0
02/03/2020 03:00:00 AM,3,2,1
02/03/2020 04:00:00 AM,2,2,0
02/03/2020 05:00:00 AM,16,3,13
02/03/2020 06:00:00 AM,68,12,56
02/03/2020 07:00:00 AM,167,16,151
02/03/2020 08:00:00 AM,378,32,346
02/03/2020 09:00:00 AM,233,18,215
02/03/2020 10:00:00 AM,84,20,64
02/03/2020 11:00:00 AM,41,15,26
02/03/2020 12:00:00 PM,41,22,19
02/03/2020 01:00:00 PM,32,17,15
02/03/2020 02:00:00 PM,38,24,14
02/03/2020 03:00:00 PM,80,54,26
02/03/2020 04:00:00 PM,212,186,26
02/03/2020 05:00:00 PM,414,380,34
02/03/2020 06:00:00 PM,216,193,23
02/03/2020 07:00:00 PM,88,68,20
02/03/2020 08:00:00 PM,42,31,11
02/03/2020 09:00:00 PM,26,19,7
02/03/2020 10:00:00 PM,12,7,5
02/03/2020 11:00:00 PM,4,2,2
02/04/2020 12:00:00 AM,3,3,0
02/04/2020 01:00:00 AM,1,1,0
02/04/2020 02:00:00 AM,1,1,0
02/04/2020 03:00:00 AM,2,1,1
02/04/2020 04:00:00 AM,2,2,0
02/04/2020 05:00:00 AM,15,2,13
02/04/2020 06:00:00 AM,50,8,42
02/04/2020 07:00:00 AM,171,13,158
02/04/2020 08:00:00 AM,300,21,279
02/04/2020 09:00:00 AM,194,22,172
02/04/2020 10:00:00 AM,61,13,48
02/04/2020 11:00:00 AM,31,10,21
02/04/2020 12:00:00 PM,17,9,8
02/04/2020 01:00:00 PM,31,16,15
02/04/2020 02:00:00 PM,29,24,5
02/04/2020 03:00:00 PM,46,35,11
02/04/2020 04:00:00 PM,175,158,17
02/04/2020 05:00:00 PM,292,271,21
02/04/2020 06:00:00 PM,144,130,14
02/04/2020 07:00:00 PM,65,58,7
02/04/2020 08:00:00 PM,34,27,7
02/04/2020 09:00:00 PM,23,19,4
02/04/2020 10:00:00 PM,9,6,3
02/04/2020 11:00:00 PM,4,4,0
02/05/2020 12:00:00 AM,1,1,0
02/05/2020 01:00:00 AM,0,0,0
02/05/2020 02:00:00 AM,1,1,0
02/05/2020 03:00:00 AM,2,1,1
02/05/2020 04:00:00 AM,2,1,1
02/05/2020 05:00:00 AM,11,4,7
02/05/2020 06:00:00 AM,49,3,46
02/05/2020 07:00:00 AM,138,13,125
02/05/2020 08:00:00 AM,267,14,253
02/05/2020 09:00:00 AM,139,13,126
02/05/2020 10:00:00 AM,58,10,48
02/05/2020 11:00:00 AM,19,5,14
02/05/2020 12:00:00 PM,18,6,12
02/05/2020 01:00:00 PM,16,9,7
02/05/2020 02:00:00 PM,20,16,4
02/05/2020 03:00:00 PM,41,37,4
02/05/2020 04:00:00 PM,148,138,10
02/05/2020 05:00:00 PM,270,249,21
02/05/2020 06:00:00 PM,138,125,13
02/05/2020 07:00:00 PM,50,46,4
02/05/2020 08:00:00 PM,24,20,4
02/05/2020 09:00:00 PM,9,9,0
02/05/2020 10:00:00 PM,6,5,1
02/05/2020 11:00:00 PM,6,2,4
02/06/2020 12:00:00 AM,3,3,0
02/06/2020 01:00:00 AM,1,1,0
02/06/2020 02:00:00 AM,0,0,0
02/06/2020 03:00:00 AM,2,1,1
02/06/2020 04:00:00 AM,3,1,2
02/06/2020 05:00:00 AM,9,2,7
02/06/2020 06:00:00 AM,39,7,32
02/06/2020 07:00:00 AM,105,12,93
02/06/2020 08:00:00 AM,259,13,246
02/06/2020 09:00:00 AM,140,9,131
02/06/2020 10:00:00 AM,54,8,46
02/06/2020 11:00:00 AM,26,10,16
02/06/2020 12:00:00 PM,10,5,5
02/06/2020 01:00:00 PM,14,6,8
02/06/2020 02:00:00 PM,25,13,12
02/06/2020 03:00:00 PM,53,45,8
02/06/2020 04:00:00 PM,135,119,16
02/06/2020 05:00:00 PM,259,242,17
02/06/2020 06:00:00 PM,128,113,15
02/06/2020 07:00:00 PM,55,46,9
02/06/2020 08:00:00 PM,35,31,4
02/06/2020 09:00:00 PM,14,12,2
02/06/2020 10:00:00 PM,5,2,3
02/06/2020 11:00:00 PM,7,4,3
02/07/2020 12:00:00 AM,5,4,1
02/07/2020 01:00:00 AM,3,3,0
02/07/2020 02:00:00 AM,0,0,0
02/07/2020 03:00:00 AM,1,1,0
02/07/2020 04:00:00 AM,3,3,0
02/07/2020 05:00:00 AM,14,4,10
02/07/2020 06:00:00 AM,51,7,44
02/07/2020 07:00:00 AM,113,5,108
02/07/2020 08:00:00 AM,235,17,218
02/07/2020 09:00:00 AM,147,7,140
02/07/2020 10:00:00 AM,59,9,50
02/07/2020 11:00:00 AM,33,11,22
02/07/2020 12:00:00 PM,25,12,13
02/07/2020 01:00:00 PM,34,19,15
02/07/2020 02:00:00 PM,38,28,10
02/07/2020 03:00:00 PM,69,55,14
02/07/2020 04:00:00 PM,181,159,22
02/07/2020 05:00:00 PM,218,198,20
02/07/2020 06:00:00 PM,107,94,13
02/07/2020 07:00:00 PM,41,34,7
02/07/2020 08:00:00 PM,13,12,1
02/07/2020 09:00:00 PM,15,13,2
02/07/2020 10:00:00 PM,6,5,1
02/07/2020 11:00:00 PM,7,5,2
02/08/2020 12:00:00 AM,5,3,2
02/08/2020 01:00:00 AM,4,4,0
02/08/2020 02:00:00 AM,2,2,0
02/08/2020 03:00:00 AM,1,0,1
02/08/2020 04:00:00 AM,1,0,1
02/08/2020 05:00:00 AM,1,0,1
02/08/2020 06:00:00 AM,2,1,1
02/08/2020 07:00:00 AM,8,2,6
02/08/2020 08:00:00 AM,23,9,14
02/08/2020 09:00:00 AM,30,15,15
02/08/2020 10:00:00 AM,51,27,24
02/08/2020 11:00:00 AM,49,32,17
02/08/2020 12:00:00 PM,64,33,31
02/08/2020 01:00:00 PM,45,27,18
02/08/2020 02:00:00 PM,48,27,21
02/08/2020 03:00:00 PM,59,30,29
02/08/2020 04:00:00 PM,57,30,27
02/08/2020 05:00:00 PM,65,30,35
02/08/2020 06:00:00 PM,19,13,6
02/08/2020 07:00:00 PM,12,5,7
02/08/2020 08:00:00 PM,8,7,1
02/08/2020 09:00:00 PM,11,9,2
02/08/2020 10:00:00 PM,7,5,2
02/08/2020 11:00:00 PM,1,1,0
02/09/2020 12:00:00 AM,3,1,2
02/09/2020 01:00:00 AM,1,0,1
02/09/2020 02:00:00 AM,3,1,2
02/09/2020 03:00:00 AM,0,0,0
02/09/2020 04:00:00 AM,0,0,0
02/09/2020 05:00:00 AM,2,0,2
02/09/2020 06:00:00 AM,4,1,3
02/09/2020 07:00:00 AM,8,5,3
02/09/2020 08:00:00 AM,18,8,10
02/09/2020 09:00:00 AM,36,21,15
02/09/2020 10:00:00 AM,38,19,19
02/09/2020 11:00:00 AM,59,24,35
02/09/2020 12:00:00 PM,88,50,38
02/09/2020 01:00:00 PM,111,60,51
02/09/2020 02:00:00 PM,128,65,63
02/09/2020 03:00:00 PM,121,57,64
02/09/2020 04:00:00 PM,90,43,47
02/09/2020 05:00:00 PM,43,12,31
02/09/2020 06:00:00 PM,26,14,12
02/09/2020 07:00:00 PM,22,13,9
02/09/2020 08:00:00 PM,7,4,3
02/09/2020 09:00:00 PM,9,6,3
02/09/2020 10:00:00 PM,7,5,2
02/09/2020 11:00:00 PM,4,4,0
02/10/2020 12:00:00 AM,2,2,0
02/10/2020 01:00:00 AM,1,0,1
02/10/2020 02:00:00 AM,1,1,0
02/10/2020 03:00:00 AM,2,1,1
02/10/2020 04:00:00 AM,4,3,1
02/10/2020 05:00:00 AM,19,2,17
02/10/2020 06:00:00 AM,66,11,55
02/10/2020 07:00:00 AM,250,18,232
02/10/2020 08:00:00 AM,443,32,411
02/10/2020 09:00:00 AM,236,24,212
02/10/2020 10:00:00 AM,64,13,51
02/10/2020 11:00:00 AM,0,0,0
02/10/2020 12:00:00 PM,0,0,0
02/10/2020 01:00:00 PM,0,0,0
02/10/2020 02:00:00 PM,51,30,21
02/10/2020 03:00:00 PM,90,74,16
02/10/2020 04:00:00 PM,266,236,30
02/10/2020 05:00:00 PM,472,428,44
02/10/2020 06:00:00 PM,203,181,22
02/10/2020 07:00:00 PM,75,66,9
02/10/2020 08:00:00 PM,51,44,7
02/10/2020 09:00:00 PM,24,23,1
02/10/2020 10:00:00 PM,12,8,4
02/10/2020 11:00:00 PM,4,3,1
02/11/2020 12:00:00 AM,2,2,0
02/11/2020 01:00:00 AM,1,1,0
02/11/2020 02:00:00 AM,0,0,0
02/11/2020 03:00:00 AM,3,1,2
02/11/2020 04:00:00 AM,5,2,3
02/11/2020 05:00:00 AM,20,5,15
02/11/2020 06:00:00 AM,80,12,68
02/11/2020 07:00:00 AM,218,22,196
02/11/2020 08:00:00 AM,395,26,369
02/11/2020 09:00:00 AM,199,16,183
02/11/2020 10:00:00 AM,72,14,58
02/11/2020 11:00:00 AM,43,19,24
02/11/2020 12:00:00 PM,38,17,21
02/11/2020 01:00:00 PM,36,15,21
02/11/2020 02:00:00 PM,46,29,17
02/11/2020 03:00:00 PM,87,64,23
02/11/2020 04:00:00 PM,238,219,19
02/11/2020 05:00:00 PM,415,379,36
02/11/2020 06:00:00 PM,210,192,18
02/11/2020 07:00:00 PM,79,68,11
02/11/2020 08:00:00 PM,43,35,8
02/11/2020 09:00:00 PM,33,23,10
02/11/2020 10:00:00 PM,11,9,2
02/11/2020 11:00:00 PM,9,7,2
02/12/2020 12:00:00 AM,2,2,0
02/12/2020 01:00:00 AM,7,7,0
02/12/2020 02:00:00 AM,1,0,1
02/12/2020 03:00:00 AM,2,1,1
02/12/2020 04:00:00 AM,5,3,2
02/12/2020 05:00:00 AM,18,3,15
02/12/2020 06:00:00 AM,80,11,69
02/12/2020 07:00:00 AM,254,19,235
02/12/2020 08:00:00 AM,376,33,343
02/12/2020 09:00:00 AM,203,14,189
02/12/2020 10:00:00 AM,85,14,71
02/12/2020 11:00:00 AM,45,19,26
02/12/2020 12:00:00 PM,37,16,21
02/12/2020 01:00:00 PM,36,19,17
02/12/2020 02:00:00 PM,57,39,18
02/12/2020 03:00:00 PM,92,69,23
02/12/2020 04:00:00 PM,220,190,30
02/12/2020 05:00:00 PM,430,398,32
02/12/2020 06:00:00 PM,222,200,22
02/12/2020 07:00:00 PM,90,78,12
02/12/2020 08:00:00 PM,61,48,13
02/12/2020 09:00:00 PM,36,28,8
02/12/2020 10:00:00 PM,22,19,3
02/12/2020 11:00:00 PM,9,6,3
02/13/2020 12:00:00 AM,3,1,2
02/13/2020 01:00:00 AM,1,1,0
02/13/2020 02:00:00 AM,0,0,0
02/13/2020 03:00:00 AM,2,1,1
02/13/2020 04:00:00 AM,5,3,2
02/13/2020 05:00:00 AM,19,4,15
02/13/2020 06:00:00 AM,58,13,45
02/13/2020 07:00:00 AM,199,22,177
02/13/2020 08:00:00 AM,328,27,301
02/13/2020 09:00:00 AM,160,17,143
02/13/2020 10:00:00 AM,59,11,48
02/13/2020 11:00:00 AM,24,6,18
02/13/2020 12:00:00 PM,30,11,19
02/13/2020 01:00:00 PM,34,22,12
02/13/2020 02:00:00 PM,35,25,10
02/13/2020 03:00:00 PM,91,64,27
02/13/2020 04:00:00 PM,168,150,18
02/13/2020 05:00:00 PM,313,281,32
02/13/2020 06:00:00 PM,156,145,11
02/13/2020 07:00:00 PM,57,46,11
02/13/2020 08:00:00 PM,31,25,6
02/13/2020 09:00:00 PM,19,15,4
02/13/2020 10:00:00 PM,10,9,1
02/13/2020 11:00:00 PM,11,8,3
02/14/2020 12:00:00 AM,5,5,0
02/14/2020 01:00:00 AM,0,0,0
02/14/2020 02:00:00 AM,0,0,0
02/14/2020 03:00:00 AM,2,1,1
02/14/2020 04:00:00 AM,5,3,2
02/14/2020 05:00:00 AM,16,3,13
02/14/2020 06:00:00 AM,41,7,34
02/14/2020 07:00:00 AM,173,14,159
02/14/2020 08:00:00 AM,290,23,267
02/14/2020 09:00:00 AM,175,23,152
02/14/2020 10:00:00 AM,63,9,54
02/14/2020 11:00:00 AM,50,15,35
02/14/2020 12:00:00 PM,35,17,18
02/14/2020 01:00:00 PM,61,30,31
02/14/2020 02:00:00 PM,62,46,16
02/14/2020 03:00:00 PM,120,96,24
02/14/2020 04:00:00 PM,223,200,23
02/14/2020 05:00:00 PM,284,261,23
02/14/2020 06:00:00 PM,142,123,19
02/14/2020 07:00:00 PM,58,43,15
02/14/2020 08:00:00 PM,18,13,5
02/14/2020 09:00:00 PM,12,9,3
02/14/2020 10:00:00 PM,10,7,3
02/14/2020 11:00:00 PM,8,7,1
02/15/2020 12:00:00 AM,3,2,1
02/15/2020 01:00:00 AM,4,3,1
02/15/2020 02:00:00 AM,3,2,1
02/15/2020 03:00:00 AM,1,1,0
02/15/2020 04:00:00 AM,0,0,0
02/15/2020 05:00:00 AM,3,2,1
02/15/2020 06:00:00 AM,4,1,3
02/15/2020 07:00:00 AM,9,6,3
02/15/2020 08:00:00 AM,20,6,14
02/15/2020 09:00:00 AM,21,5,16
02/15/2020 10:00:00 AM,44,35,9
02/15/2020 11:00:00 AM,26,12,14
02/15/2020 12:00:00 PM,34,19,15
02/15/2020 01:00:00 PM,17,8,9
02/15/2020 02:00:00 PM,26,13,13
02/15/2020 03:00:00 PM,21,5,16
02/15/2020 04:00:00 PM,33,22,11
02/15/2020 05:00:00 PM,30,17,13
02/15/2020 06:00:00 PM,19,13,6
02/15/2020 07:00:00 PM,12,1,11
02/15/2020 08:00:00 PM,15,14,1
02/15/2020 09:00:00 PM,4,1,3
02/15/2020 10:00:00 PM,2,1,1
02/15/2020 11:00:00 PM,3,3,0
02/16/2020 12:00:00 AM,7,4,3
02/16/2020 01:00:00 AM,2,2,0
02/16/2020 02:00:00 AM,4,2,2
02/16/2020 03:00:00 AM,0,0,0
02/16/2020 04:00:00 AM,0,0,0
02/16/2020 05:00:00 AM,1,0,1
02/16/2020 06:00:00 AM,4,3,1
02/16/2020 07:00:00 AM,5,4,1
02/16/2020 08:00:00 AM,21,7,14
02/16/2020 09:00:00 AM,20,2,18
02/16/2020 10:00:00 AM,17,12,5
02/16/2020 11:00:00 AM,46,34,12
02/16/2020 12:00:00 PM,53,27,26
02/16/2020 01:00:00 PM,63,27,36
02/16/2020 02:00:00 PM,75,39,36
02/16/2020 03:00:00 PM,42,24,18
02/16/2020 04:00:00 PM,29,13,16
02/16/2020 05:00:00 PM,34,17,17
02/16/2020 06:00:00 PM,18,13,5
02/16/2020 07:00:00 PM,11,7,4
02/16/2020 08:00:00 PM,8,3,5
02/16/2020 09:00:00 PM,5,2,3
02/16/2020 10:00:00 PM,5,5,0
02/16/2020 11:00:00 PM,3,3,0
02/17/2020 12:00:00 AM,3,2,1
02/17/2020 01:00:00 AM,2,2,0
02/17/2020 02:00:00 AM,1,1,0
02/17/2020 03:00:00 AM,4,2,2
02/17/2020 04:00:00 AM,3,2,1
02/17/2020 05:00:00 AM,9,2,7
02/17/2020 06:00:00 AM,37,12,25
02/17/2020 07:00:00 AM,93,6,87
02/17/2020 08:00:00 AM,178,15,163
02/17/2020 09:00:00 AM,101,11,90
02/17/2020 10:00:00 AM,74,28,46
02/17/2020 11:00:00 AM,64,27,37
02/17/2020 12:00:00 PM,64,32,32
02/17/2020 01:00:00 PM,64,39,25
02/17/2020 02:00:00 PM,86,46,40
02/17/2020 03:00:00 PM,86,54,32
02/17/2020 04:00:00 PM,142,101,41
02/17/2020 05:00:00 PM,227,181,46
02/17/2020 06:00:00 PM,103,86,17
02/17/2020 07:00:00 PM,44,34,10
02/17/2020 08:00:00 PM,31,20,11
02/17/2020 09:00:00 PM,19,15,4
02/17/2020 10:00:00 PM,12,8,4
02/17/2020 11:00:00 PM,11,9,2
02/18/2020 12:00:00 AM,1,0,1
02/18/2020 01:00:00 AM,1,0,1
02/18/2020 02:00:00 AM,2,1,1
02/18/2020 03:00:00 AM,3,1,2
02/18/2020 04:00:00 AM,3,1,2
02/18/2020 05:00:00 AM,17,5,12
02/18/2020 06:00:00 AM,64,16,48
02/18/2020 07:00:00 AM,208,16,192
02/18/2020 08:00:00 AM,378,36,342
02/18/2020 09:00:00 AM,205,14,191
02/18/2020 10:00:00 AM,70,20,50
02/18/2020 11:00:00 AM,48,18,30
02/18/2020 12:00:00 PM,45,18,27
02/18/2020 01:00:00 PM,64,48,16
02/18/2020 02:00:00 PM,60,41,19
02/18/2020 03:00:00 PM,91,69,22
02/18/2020 04:00:00 PM,226,190,36
02/18/2020 05:00:00 PM,431,368,63
02/18/2020 06:00:00 PM,187,155,32
02/18/2020 07:00:00 PM,91,73,18
02/18/2020 08:00:00 PM,37,30,7
02/18/2020 09:00:00 PM,30,21,9
02/18/2020 10:00:00 PM,9,8,1
02/18/2020 11:00:00 PM,9,7,2
02/19/2020 12:00:00 AM,1,0,1
02/19/2020 01:00:00 AM,0,0,0
02/19/2020 02:00:00 AM,0,0,0
02/19/2020 03:00:00 AM,2,1,1
02/19/2020 04:00:00 AM,3,2,1
02/19/2020 05:00:00 AM,13,4,9
02/19/2020 06:00:00 AM,78,16,62
02/19/2020 07:00:00 AM,189,22,167
02/19/2020 08:00:00 AM,351,29,322
02/19/2020 09:00:00 AM,207,33,174
02/19/2020 10:00:00 AM,89,13,76
02/19/2020 11:00:00 AM,69,30,39
02/19/2020 12:00:00 PM,39,18,21
02/19/2020 01:00:00 PM,57,30,27
02/19/2020 02:00:00 PM,52,34,18
02/19/2020 03:00:00 PM,92,61,31
02/19/2020 04:00:00 PM,262,219,43
02/19/2020 05:00:00 PM,381,335,46
02/19/2020 06:00:00 PM,205,170,35
02/19/2020 07:00:00 PM,84,72,12
02/19/2020 08:00:00 PM,53,39,14
02/19/2020 09:00:00 PM,34,25,9
02/19/2020 10:00:00 PM,15,10,5
02/19/2020 11:00:00 PM,6,4,2
02/20/2020 12:00:00 AM,5,5,0
02/20/2020 01:00:00 AM,3,1,2
02/20/2020 02:00:00 AM,0,0,0
02/20/2020 03:00:00 AM,2,1,1
02/20/2020 04:00:00 AM,1,1,0
02/20/2020 05:00:00 AM,13,4,9
02/20/2020 06:00:00 AM,66,14,52
02/20/2020 07:00:00 AM,197,19,178
02/20/2020 08:00:00 AM,358,33,325
02/20/2020 09:00:00 AM,220,22,198
02/20/2020 10:00:00 AM,104,22,82
02/20/2020 11:00:00 AM,38,12,26
02/20/2020 12:00:00 PM,56,20,36
02/20/2020 01:00:00 PM,51,22,29
02/20/2020 02:00:00 PM,55,32,23
02/20/2020 03:00:00 PM,100,72,28
02/20/2020 04:00:00 PM,265,229,36
02/20/2020 05:00:00 PM,363,314,49
02/20/2020 06:00:00 PM,218,192,26
02/20/2020 07:00:00 PM,96,82,14
02/20/2020 08:00:00 PM,54,39,15
02/20/2020 09:00:00 PM,27,24,3
02/20/2020 10:00:00 PM,16,11,5
02/20/2020 11:00:00 PM,8,8,0
02/21/2020 12:00:00 AM,5,4,1
02/21/2020 01:00:00 AM,7,5,2
02/21/2020 02:00:00 AM,0,0,0
02/21/2020 03:00:00 AM,2,1,1
02/21/2020 04:00:00 AM,2,1,1
02/21/2020 05:00:00 AM,9,4,5
02/21/2020 06:00:00 AM,61,14,47
02/21/2020 07:00:00 AM,172,21,151
02/21/2020 08:00:00 AM,301,20,281
02/21/2020 09:00:00 AM,185,22,163
02/21/2020 10:00:00 AM,73,18,55
02/21/2020 11:00:00 AM,40,19,21
02/21/2020 12:00:00 PM,60,29,31
02/21/2020 01:00:00 PM,72,44,28
02/21/2020 02:00:00 PM,86,48,38
02/21/2020 03:00:00 PM,131,90,41
02/21/2020 04:00:00 PM,245,205,40
02/21/2020 05:00:00 PM,326,282,44
02/21/2020 06:00:00 PM,156,130,26
02/21/2020 07:00:00 PM,70,53,17
02/21/2020 08:00:00 PM,30,18,12
02/21/2020 09:00:00 PM,22,17,5
02/21/2020 10:00:00 PM,18,13,5
02/21/2020 11:00:00 PM,12,8,4
02/22/2020 12:00:00 AM,8,6,2
02/22/2020 01:00:00 AM,3,0,3
02/22/2020 02:00:00 AM,1,1,0
02/22/2020 03:00:00 AM,1,1,0
02/22/2020 04:00:00 AM,1,1,0
02/22/2020 05:00:00 AM,1,0,1
02/22/2020 06:00:00 AM,8,5,3
02/22/2020 07:00:00 AM,12,6,6
02/22/2020 08:00:00 AM,30,11,19
02/22/2020 09:00:00 AM,34,12,22
02/22/2020 10:00:00 AM,44,26,18
02/22/2020 11:00:00 AM,53,21,32
02/22/2020 12:00:00 PM,54,27,27
02/22/2020 01:00:00 PM,49,22,27
02/22/2020 02:00:00 PM,61,32,29
02/22/2020 03:00:00 PM,59,31,28
02/22/2020 04:00:00 PM,49,26,23
02/22/2020 05:00:00 PM,45,26,19
02/22/2020 06:00:00 PM,22,16,6
02/22/2020 07:00:00 PM,14,6,8
02/22/2020 08:00:00 PM,16,13,3
02/22/2020 09:00:00 PM,20,11,9
02/22/2020 10:00:00 PM,11,10,1
02/22/2020 11:00:00 PM,7,5,2
02/23/2020 12:00:00 AM,0,0,0
02/23/2020 01:00:00 AM,7,4,3
02/23/2020 02:00:00 AM,4,0,4
02/23/2020 03:00:00 AM,2,2,0
02/23/2020 04:00:00 AM,0,0,0
02/23/2020 05:00:00 AM,1,0,1
02/23/2020 06:00:00 AM,5,0,5
02/23/2020 07:00:00 AM,13,1,12
02/23/2020 08:00:00 AM,21,6,15
02/23/2020 09:00:00 AM,19,2,17
02/23/2020 10:00:00 AM,24,12,12
02/23/2020 11:00:00 AM,24,8,16
02/23/2020 12:00:00 PM,32,22,10
02/23/2020 01:00:00 PM,60,41,19
02/23/2020 02:00:00 PM,51,33,18
02/23/2020 03:00:00 PM,48,31,17
02/23/2020 04:00:00 PM,40,21,19
02/23/2020 05:00:00 PM,38,15,23
02/23/2020 06:00:00 PM,14,6,8
02/23/2020 07:00:00 PM,19,15,4
02/23/2020 08:00:00 PM,13,4,9
02/23/2020 09:00:00 PM,6,0,6
02/23/2020 10:00:00 PM,5,5,0
02/23/2020 11:00:00 PM,4,4,0
02/24/2020 12:00:00 AM,0,0,0
02/24/2020 01:00:00 AM,0,0,0
02/24/2020 02:00:00 AM,0,0,0
02/24/2020 03:00:00 AM,1,1,0
02/24/2020 04:00:00 AM,3,2,1
02/24/2020 05:00:00 AM,11,4,7
02/24/2020 06:00:00 AM,73,17,56
02/24/2020 07:00:00 AM,227,18,209
02/24/2020 08:00:00 AM,425,31,394
02/24/2020 09:00:00 AM,237,22,215
02/24/2020 10:00:00 AM,76,13,63
02/24/2020 11:00:00 AM,44,15,29
02/24/2020 12:00:00 PM,45,21,24
02/24/2020 01:00:00 PM,52,32,20
02/24/2020 02:00:00 PM,42,25,17
02/24/2020 03:00:00 PM,72,53,19
02/24/2020 04:00:00 PM,234,208,26
02/24/2020 05:00:00 PM,446,410,36
02/24/2020 06:00:00 PM,228,209,19
02/24/2020 07:00:00 PM,88,75,13
02/24/2020 08:00:00 PM,32,26,6
02/24/2020 09:00:00 PM,30,24,6
02/24/2020 10:00:00 PM,20,12,8
02/24/2020 11:00:00 PM,5,5,0
02/25/2020 12:00:00 AM,2,2,0
02/25/2020 01:00:00 AM,0,0,0
02/25/2020 02:00:00 AM,2,2,0
02/25/2020 03:00:00 AM,3,1,2
02/25/2020 04:00:00 AM,2,0,2
02/25/2020 05:00:00 AM,18,4,14
02/25/2020 06:00:00 AM,85,18,67
02/25/2020 07:00:00 AM,226,22,204
02/25/2020 08:00:00 AM,429,32,397
02/25/2020 09:00:00 AM,205,25,180
02/25/2020 10:00:00 AM,69,11,58
02/25/2020 11:00:00 AM,42,17,25
02/25/2020 12:00:00 PM,40,21,19
02/25/2020 01:00:00 PM,36,19,17
02/25/2020 02:00:00 PM,43,28,15
02/25/2020 03:00:00 PM,102,76,26
02/25/2020 04:00:00 PM,260,232,28
02/25/2020 05:00:00 PM,457,410,47
02/25/2020 06:00:00 PM,242,208,34
02/25/2020 07:00:00 PM,76,65,11
02/25/2020 08:00:00 PM,51,42,9
02/25/2020 09:00:00 PM,33,24,9
02/25/2020 10:00:00 PM,11,8,3
02/25/2020 11:00:00 PM,11,8,3
02/26/2020 12:00:00 AM,3,2,1
02/26/2020 01:00:00 AM,2,1,1
02/26/2020 02:00:00 AM,1,1,0
02/26/2020 03:00:00 AM,2,1,1
02/26/2020 04:00:00 AM,2,1,1
02/26/2020 05:00:00 AM,17,5,12
02/26/2020 06:00:00 AM,71,14,57
02/26/2020 07:00:00 AM,229,16,213
02/26/2020 08:00:00 AM,400,25,375
02/26/2020 09:00:00 AM,233,27,206
02/26/2020 10:00:00 AM,74,10,64
02/26/2020 11:00:00 AM,43,18,25
02/26/2020 12:00:00 PM,44,14,30
02/26/2020 01:00:00 PM,50,26,24
02/26/2020 02:00:00 PM,56,35,21
02/26/2020 03:00:00 PM,83,61,22
02/26/2020 04:00:00 PM,271,248,23
02/26/2020 05:00:00 PM,450,392,58
02/26/2020 06:00:00 PM,233,198,35
02/26/2020 07:00:00 PM,89,70,19
02/26/2020 08:00:00 PM,47,39,8
02/26/2020 09:00:00 PM,45,31,14
02/26/2020 10:00:00 PM,13,8,5
02/26/2020 11:00:00 PM,10,8,2
02/27/2020 12:00:00 AM,7,6,1
02/27/2020 01:00:00 AM,1,1,0
02/27/2020 02:00:00 AM,2,1,1
02/27/2020 03:00:00 AM,3,1,2
02/27/2020 04:00:00 AM,1,0,1
02/27/2020 05:00:00 AM,12,3,9
02/27/2020 06:00:00 AM,68,16,52
02/27/2020 07:00:00 AM,253,28,225
02/27/2020 08:00:00 AM,444,38,406
02/27/2020 09:00:00 AM,224,27,197
02/27/2020 10:00:00 AM,82,18,64
02/27/2020 11:00:00 AM,49,17,32
02/27/2020 12:00:00 PM,69,34,35
02/27/2020 01:00:00 PM,54,24,30
02/27/2020 02:00:00 PM,80,46,34
02/27/2020 03:00:00 PM,126,100,26
02/27/2020 04:00:00 PM,284,233,51
02/27/2020 05:00:00 PM,473,416,57
02/27/2020 06:00:00 PM,243,201,42
02/27/2020 07:00:00 PM,99,77,22
02/27/2020 08:00:00 PM,48,40,8
02/27/2020 09:00:00 PM,45,38,7
02/27/2020 10:00:00 PM,21,16,5
02/27/2020 11:00:00 PM,12,8,4
02/28/2020 12:00:00 AM,5,5,0
02/28/2020 01:00:00 AM,2,2,0
02/28/2020 02:00:00 AM,1,1,0
02/28/2020 03:00:00 AM,1,0,1
02/28/2020 04:00:00 AM,3,1,2
02/28/2020 05:00:00 AM,14,6,8
02/28/2020 06:00:00 AM,60,16,44
02/28/2020 07:00:00 AM,167,14,153
02/28/2020 08:00:00 AM,311,18,293
02/28/2020 09:00:00 AM,166,18,148
02/28/2020 10:00:00 AM,60,16,44
02/28/2020 11:00:00 AM,44,17,27
02/28/2020 12:00:00 PM,30,19,11
02/28/2020 01:00:00 PM,62,39,23
02/28/2020 02:00:00 PM,70,46,24
02/28/2020 03:00:00 PM,105,81,24
02/28/2020 04:00:00 PM,206,184,22
02/28/2020 05:00:00 PM,260,241,19
02/28/2020 06:00:00 PM,136,118,18
02/28/2020 07:00:00 PM,51,45,6
02/28/2020 08:00:00 PM,24,21,3
02/28/2020 09:00:00 PM,17,13,4
02/28/2020 10:00:00 PM,8,7,1
02/28/2020 11:00:00 PM,10,8,2
02/29/2020 12:00:00 AM,5,4,1
02/29/2020 01:00:00 AM,1,1,0
02/29/2020 02:00:00 AM,4,3,1
02/29/2020 03:00:00 AM,1,1,0
02/29/2020 04:00:00 AM,0,0,0
02/29/2020 05:00:00 AM,4,1,3
02/29/2020 06:00:00 AM,9,3,6
02/29/2020 07:00:00 AM,13,7,6
02/29/2020 08:00:00 AM,29,6,23
02/29/2020 09:00:00 AM,42,21,21
02/29/2020 10:00:00 AM,43,22,21
02/29/2020 11:00:00 AM,51,21,30
02/29/2020 12:00:00 PM,54,29,25
02/29/2020 01:00:00 PM,65,37,28
02/29/2020 02:00:00 PM,67,40,27
02/29/2020 03:00:00 PM,72,34,38
02/29/2020 04:00:00 PM,56,30,26
02/29/2020 05:00:00 PM,50,26,24
02/29/2020 06:00:00 PM,31,17,14
02/29/2020 07:00:00 PM,16,10,6
02/29/2020 08:00:00 PM,21,12,9
02/29/2020 09:00:00 PM,14,9,5
02/29/2020 10:00:00 PM,9,6,3
02/29/2020 11:00:00 PM,20,17,3
03/01/2020 12:00:00 AM,5,1,4
03/01/2020 01:00:00 AM,4,2,2
03/01/2020 02:00:00 AM,2,2,0
03/01/2020 03:00:00 AM,0,0,0
03/01/2020 04:00:00 AM,3,1,2
03/01/2020 05:00:00 AM,0,0,0
03/01/2020 06:00:00 AM,7,4,3
03/01/2020 07:00:00 AM,13,5,8
03/01/2020 08:00:00 AM,16,6,10
03/01/2020 09:00:00 AM,34,17,17
03/01/2020 10:00:00 AM,49,25,24
03/01/2020 11:00:00 AM,49,25,24
03/01/2020 12:00:00 PM,86,52,34
03/01/2020 01:00:00 PM,81,41,40
03/01/2020 02:00:00 PM,91,37,54
03/01/2020 03:00:00 PM,79,42,37
03/01/2020 04:00:00 PM,55,30,25
03/01/2020 05:00:00 PM,44,28,16
03/01/2020 06:00:00 PM,26,10,16
03/01/2020 07:00:00 PM,8,6,2
03/01/2020 08:00:00 PM,16,7,9
03/01/2020 09:00:00 PM,7,3,4
03/01/2020 10:00:00 PM,7,6,1
03/01/2020 11:00:00 PM,4,2,2
03/02/2020 12:00:00 AM,0,0,0
03/02/2020 01:00:00 AM,0,0,0
03/02/2020 02:00:00 AM,0,0,0
03/02/2020 03:00:00 AM,2,1,1
03/02/2020 04:00:00 AM,5,2,3
03/02/2020 05:00:00 AM,15,5,10
03/02/2020 06:00:00 AM,50,10,40
03/02/2020 07:00:00 AM,227,12,215
03/02/2020 08:00:00 AM,328,20,308
03/02/2020 09:00:00 AM,216,18,198
03/02/2020 10:00:00 AM,53,9,44
03/02/2020 11:00:00 AM,35,12,23
03/02/2020 12:00:00 PM,20,9,11
03/02/2020 01:00:00 PM,26,18,8
03/02/2020 02:00:00 PM,25,17,8
03/02/2020 03:00:00 PM,64,52,12
03/02/2020 04:00:00 PM,190,169,21
03/02/2020 05:00:00 PM,372,349,23
03/02/2020 06:00:00 PM,212,191,21
03/02/2020 07:00:00 PM,79,68,11
03/02/2020 08:00:00 PM,29,23,6
03/02/2020 09:00:00 PM,26,18,8
03/02/2020 10:00:00 PM,16,11,5
03/02/2020 11:00:00 PM,3,0,3
03/03/2020 12:00:00 AM,1,1,0
03/03/2020 01:00:00 AM,0,0,0
03/03/2020 02:00:00 AM,0,0,0
03/03/2020 03:00:00 AM,1,0,1
03/03/2020 04:00:00 AM,4,3,1
03/03/2020 05:00:00 AM,18,4,14
03/03/2020 06:00:00 AM,66,11,55
03/03/2020 07:00:00 AM,213,18,195
03/03/2020 08:00:00 AM,403,20,383
03/03/2020 09:00:00 AM,215,25,190
03/03/2020 10:00:00 AM,85,12,73
03/03/2020 11:00:00 AM,54,23,31
03/03/2020 12:00:00 PM,47,22,25
03/03/2020 01:00:00 PM,42,27,15
03/03/2020 02:00:00 PM,46,32,14
03/03/2020 03:00:00 PM,107,87,20
03/03/2020 04:00:00 PM,236,210,26
03/03/2020 05:00:00 PM,459,418,41
03/03/2020 06:00:00 PM,239,210,29
03/03/2020 07:00:00 PM,82,72,10
03/03/2020 08:00:00 PM,35,29,6
03/03/2020 09:00:00 PM,23,18,5
03/03/2020 10:00:00 PM,18,15,3
03/03/2020 11:00:00 PM,7,3,4
03/04/2020 12:00:00 AM,3,3,0
03/04/2020 01:00:00 AM,1,1,0
03/04/2020 02:00:00 AM,2,2,0
03/04/2020 03:00:00 AM,2,1,1
03/04/2020 04:00:00 AM,1,1,0
03/04/2020 05:00:00 AM,19,6,13
03/04/2020 06:00:00 AM,77,16,61
03/04/2020 07:00:00 AM,225,21,204
03/04/2020 08:00:00 AM,376,30,346
03/04/2020 09:00:00 AM,187,19,168
03/04/2020 10:00:00 AM,78,19,59
03/04/2020 11:00:00 AM,59,23,36
03/04/2020 12:00:00 PM,55,32,23
03/04/2020 01:00:00 PM,54,33,21
03/04/2020 02:00:00 PM,79,50,29
03/04/2020 03:00:00 PM,89,66,23
03/04/2020 04:00:00 PM,240,204,36
03/04/2020 05:00:00 PM,403,356,47
03/04/2020 06:00:00 PM,250,213,37
03/04/2020 07:00:00 PM,77,64,13
03/04/2020 08:00:00 PM,47,39,8
03/04/2020 09:00:00 PM,30,23,7
03/04/2020 10:00:00 PM,14,11,3
03/04/2020 11:00:00 PM,7,3,4
03/05/2020 12:00:00 AM,4,3,1
03/05/2020 01:00:00 AM,1,1,0
03/05/2020 02:00:00 AM,1,1,0
03/05/2020 03:00:00 AM,1,0,1
03/05/2020 04:00:00 AM,3,1,2
03/05/2020 05:00:00 AM,13,4,9
03/05/2020 06:00:00 AM,62,14,48
03/05/2020 07:00:00 AM,143,16,127
03/05/2020 08:00:00 AM,260,27,233
03/05/2020 09:00:00 AM,139,31,108
03/05/2020 10:00:00 AM,49,14,35
03/05/2020 11:00:00 AM,43,19,24
03/05/2020 12:00:00 PM,58,27,31
03/05/2020 01:00:00 PM,51,27,24
03/05/2020 02:00:00 PM,77,55,22
03/05/2020 03:00:00 PM,83,61,22
03/05/2020 04:00:00 PM,163,142,21
03/05/2020 05:00:00 PM,237,203,34
03/05/2020 06:00:00 PM,119,103,16
03/05/2020 07:00:00 PM,44,35,9
03/05/2020 08:00:00 PM,30,23,7
03/05/2020 09:00:00 PM,15,10,5
03/05/2020 10:00:00 PM,6,4,2
03/05/2020 11:00:00 PM,5,3,2
03/06/2020 12:00:00 AM,2,1,1
03/06/2020 01:00:00 AM,0,0,0
03/06/2020 02:00:00 AM,1,1,0
03/06/2020 03:00:00 AM,2,0,2
03/06/2020 04:00:00 AM,2,2,0
03/06/2020 05:00:00 AM,12,4,8
03/06/2020 06:00:00 AM,21,9,12
03/06/2020 07:00:00 AM,79,10,69
03/06/2020 08:00:00 AM,123,20,103
03/06/2020 09:00:00 AM,49,6,43
03/06/2020 10:00:00 AM,25,7,18
03/06/2020 11:00:00 AM,24,8,16
03/06/2020 12:00:00 PM,31,16,15
03/06/2020 01:00:00 PM,40,16,24
03/06/2020 02:00:00 PM,30,23,7
03/06/2020 03:00:00 PM,50,33,17
03/06/2020 04:00:00 PM,82,62,20
03/06/2020 05:00:00 PM,124,101,23
03/06/2020 06:00:00 PM,76,60,16
03/06/2020 07:00:00 PM,51,37,14
03/06/2020 08:00:00 PM,19,11,8
03/06/2020 09:00:00 PM,13,10,3
03/06/2020 10:00:00 PM,11,7,4
03/06/2020 11:00:00 PM,8,3,5
03/07/2020 12:00:00 AM,11,6,5
03/07/2020 01:00:00 AM,4,4,0
03/07/2020 02:00:00 AM,1,0,1
03/07/2020 03:00:00 AM,1,0,1
03/07/2020 04:00:00 AM,0,0,0
03/07/2020 05:00:00 AM,3,2,1
03/07/2020 06:00:00 AM,11,9,2
03/07/2020 07:00:00 AM,17,6,11
03/07/2020 08:00:00 AM,19,4,15
03/07/2020 09:00:00 AM,29,13,16
03/07/2020 10:00:00 AM,29,12,17
03/07/2020 11:00:00 AM,34,19,15
03/07/2020 12:00:00 PM,33,19,14
03/07/2020 01:00:00 PM,23,14,9
03/07/2020 02:00:00 PM,34,16,18
03/07/2020 03:00:00 PM,47,32,15
03/07/2020 04:00:00 PM,56,29,27
03/07/2020 05:00:00 PM,61,26,35
03/07/2020 06:00:00 PM,24,13,11
03/07/2020 07:00:00 PM,19,11,8
03/07/2020 08:00:00 PM,11,5,6
03/07/2020 09:00:00 PM,14,10,4
03/07/2020 10:00:00 PM,7,4,3
03/07/2020 11:00:00 PM,5,2,3
03/08/2020 12:00:00 AM,3,3,0
03/08/2020 01:00:00 AM,3,2,1
03/08/2020 02:00:00 AM,,,
03/08/2020 03:00:00 AM,0,0,0
03/08/2020 04:00:00 AM,2,1,1
03/08/2020 05:00:00 AM,1,0,1
03/08/2020 06:00:00 AM,1,0,1
03/08/2020 07:00:00 AM,11,5,6
03/08/2020 08:00:00 AM,12,4,8
03/08/2020 09:00:00 AM,16,10,6
03/08/2020 10:00:00 AM,17,6,11
03/08/2020 11:00:00 AM,39,13,26
03/08/2020 12:00:00 PM,60,36,24
03/08/2020 01:00:00 PM,76,49,27
03/08/2020 02:00:00 PM,90,44,46
03/08/2020 03:00:00 PM,76,40,36
03/08/2020 04:00:00 PM,105,51,54
03/08/2020 05:00:00 PM,67,35,32
03/08/2020 06:00:00 PM,37,16,21
03/08/2020 07:00:00 PM,20,7,13
03/08/2020 08:00:00 PM,11,9,2
03/08/2020 09:00:00 PM,9,4,5
03/08/2020 10:00:00 PM,4,4,0
03/08/2020 11:00:00 PM,2,0,2
03/09/2020 12:00:00 AM,4,4,0
03/09/2020 01:00:00 AM,1,1,0
03/09/2020 02:00:00 AM,0,0,0
03/09/2020 03:00:00 AM,2,1,1
03/09/2020 04:00:00 AM,6,5,1
03/09/2020 05:00:00 AM,15,4,11
03/09/2020 06:00:00 AM,36,13,23
03/09/2020 07:00:00 AM,87,13,74
03/09/2020 08:00:00 AM,164,19,145
03/09/2020 09:00:00 AM,101,15,86
03/09/2020 10:00:00 AM,45,10,35
03/09/2020 11:00:00 AM,35,12,23
03/09/2020 12:00:00 PM,53,20,33
03/09/2020 01:00:00 PM,62,35,27
03/09/2020 02:00:00 PM,58,24,34
03/09/2020 03:00:00 PM,96,61,35
03/09/2020 04:00:00 PM,174,124,50
03/09/2020 05:00:00 PM,232,183,49
03/09/2020 06:00:00 PM,171,129,42
03/09/2020 07:00:00 PM,66,32,34
03/09/2020 08:00:00 PM,28,19,9
03/09/2020 09:00:00 PM,23,12,11
03/09/2020 10:00:00 PM,16,12,4
03/09/2020 11:00:00 PM,6,3,3
03/10/2020 12:00:00 AM,3,2,1
03/10/2020 01:00:00 AM,2,2,0
03/10/2020 02:00:00 AM,1,0,1
03/10/2020 03:00:00 AM,2,1,1
03/10/2020 04:00:00 AM,3,2,1
03/10/2020 05:00:00 AM,16,5,11
03/10/2020 06:00:00 AM,44,11,33
03/10/2020 07:00:00 AM,102,17,85
03/10/2020 08:00:00 AM,151,16,135
03/10/2020 09:00:00 AM,99,13,86
03/10/2020 10:00:00 AM,55,15,40
03/10/2020 11:00:00 AM,38,14,24
03/10/2020 12:00:00 PM,37,17,20
03/10/2020 01:00:00 PM,39,23,16
03/10/2020 02:00:00 PM,42,23,19
03/10/2020 03:00:00 PM,58,42,16
03/10/2020 04:00:00 PM,130,105,25
03/10/2020 05:00:00 PM,175,151,24
03/10/2020 06:00:00 PM,123,102,21
03/10/2020 07:00:00 PM,55,37,18
03/10/2020 08:00:00 PM,30,19,11
03/10/2020 09:00:00 PM,18,14,4
03/10/2020 10:00:00 PM,17,13,4
03/10/2020 11:00:00 PM,3,3,0
03/11/2020 12:00:00 AM,2,2,0
03/11/2020 01:00:00 AM,2,1,1
03/11/2020 02:00:00 AM,0,0,0
03/11/2020 03:00:00 AM,1,0,1
03/11/2020 04:00:00 AM,3,3,0
03/11/2020 05:00:00 AM,13,6,7
03/11/2020 06:00:00 AM,34,10,24
03/11/2020 07:00:00 AM,108,17,91
03/11/2020 08:00:00 AM,151,17,134
03/11/2020 09:00:00 AM,104,18,86
03/11/2020 10:00:00 AM,58,15,43
03/11/2020 11:00:00 AM,46,16,30
03/11/2020 12:00:00 PM,47,23,24
03/11/2020 01:00:00 PM,47,27,20
03/11/2020 02:00:00 PM,54,29,25
03/11/2020 03:00:00 PM,74,45,29
03/11/2020 04:00:00 PM,130,102,28
03/11/2020 05:00:00 PM,207,172,35
03/11/2020 06:00:00 PM,135,107,28
03/11/2020 07:00:00 PM,62,46,16
03/11/2020 08:00:00 PM,27,18,9
03/11/2020 09:00:00 PM,24,14,10
03/11/2020 10:00:00 PM,12,4,8
03/11/2020 11:00:00 PM,6,4,2
03/12/2020 12:00:00 AM,1,0,1
03/12/2020 01:00:00 AM,0,0,0
03/12/2020 02:00:00 AM,0,0,0
03/12/2020 03:00:00 AM,3,1,2
03/12/2020 04:00:00 AM,4,1,3
03/12/2020 05:00:00 AM,14,3,11
03/12/2020 06:00:00 AM,45,17,28
03/12/2020 07:00:00 AM,86,16,70
03/12/2020 08:00:00 AM,127,21,106
03/12/2020 09:00:00 AM,76,6,70
03/12/2020 10:00:00 AM,38,13,25
03/12/2020 11:00:00 AM,32,11,21
03/12/2020 12:00:00 PM,39,23,16
03/12/2020 01:00:00 PM,37,17,20
03/12/2020 02:00:00 PM,58,29,29
03/12/2020 03:00:00 PM,71,46,25
03/12/2020 04:00:00 PM,119,93,26
03/12/2020 05:00:00 PM,177,136,41
03/12/2020 06:00:00 PM,121,80,41
03/12/2020 07:00:00 PM,62,42,20
03/12/2020 08:00:00 PM,37,22,15
03/12/2020 09:00:00 PM,18,11,7
03/12/2020 10:00:00 PM,4,4,0
03/12/2020 11:00:00 PM,7,4,3
03/13/2020 12:00:00 AM,4,3,1
03/13/2020 01:00:00 AM,1,1,0
03/13/2020 02:00:00 AM,2,0,2
03/13/2020 03:00:00 AM,3,1,2
03/13/2020 04:00:00 AM,5,2,3
03/13/2020 05:00:00 AM,10,5,5
03/13/2020 06:00:00 AM,28,8,20
03/13/2020 07:00:00 AM,43,5,38
03/13/2020 08:00:00 AM,55,9,46
03/13/2020 09:00:00 AM,45,10,35
03/13/2020 10:00:00 AM,26,7,19
03/13/2020 11:00:00 AM,25,8,17
03/13/2020 12:00:00 PM,14,5,9
03/13/2020 01:00:00 PM,26,16,10
03/13/2020 02:00:00 PM,26,12,14
03/13/2020 03:00:00 PM,26,19,7
03/13/2020 04:00:00 PM,37,32,5
03/13/2020 05:00:00 PM,73,62,11
03/13/2020 06:00:00 PM,37,31,6
03/13/2020 07:00:00 PM,16,8,8
03/13/2020 08:00:00 PM,7,7,0
03/13/2020 09:00:00 PM,2,2,0
03/13/2020 10:00:00 PM,6,5,1
03/13/2020 11:00:00 PM,5,1,4
03/14/2020 12:00:00 AM,2,2,0
03/14/2020 01:00:00 AM,1,0,1
03/14/2020 02:00:00 AM,0,0,0
03/14/2020 03:00:00 AM,0,0,0
03/14/2020 04:00:00 AM,0,0,0
03/14/2020 05:00:00 AM,4,2,2
03/14/2020 06:00:00 AM,9,3,6
03/14/2020 07:00:00 AM,7,6,1
03/14/2020 08:00:00 AM,17,3,14
03/14/2020 09:00:00 AM,27,11,16
03/14/2020 10:00:00 AM,21,11,10
03/14/2020 11:00:00 AM,36,19,17
03/14/2020 12:00:00 PM,44,25,19
03/14/2020 01:00:00 PM,65,29,36
03/14/2020 02:00:00 PM,60,34,26
03/14/2020 03:00:00 PM,89,48,41
03/14/2020 04:00:00 PM,61,32,29
03/14/2020 05:00:00 PM,41,24,17
03/14/2020 06:00:00 PM,25,13,12
03/14/2020 07:00:00 PM,31,22,9
03/14/2020 08:00:00 PM,14,5,9
03/14/2020 09:00:00 PM,10,7,3
03/14/2020 10:00:00 PM,9,8,1
03/14/2020 11:00:00 PM,7,5,2
03/15/2020 12:00:00 AM,2,1,1
03/15/2020 01:00:00 AM,0,0,0
03/15/2020 02:00:00 AM,0,0,0
03/15/2020 03:00:00 AM,3,3,0
03/15/2020 04:00:00 AM,0,0,0
03/15/2020 05:00:00 AM,1,0,1
03/15/2020 06:00:00 AM,2,0,2
03/15/2020 07:00:00 AM,6,4,2
03/15/2020 08:00:00 AM,12,3,9
03/15/2020 09:00:00 AM,15,7,8
03/15/2020 10:00:00 AM,33,22,11
03/15/2020 11:00:00 AM,50,31,19
03/15/2020 12:00:00 PM,77,43,34
03/15/2020 01:00:00 PM,73,46,27
03/15/2020 02:00:00 PM,78,48,30
03/15/2020 03:00:00 PM,120,63,57
03/15/2020 04:00:00 PM,99,48,51
03/15/2020 05:00:00 PM,66,30,36
03/15/2020 06:00:00 PM,38,20,18
03/15/2020 07:00:00 PM,17,9,8
03/15/2020 08:00:00 PM,11,6,5
03/15/2020 09:00:00 PM,9,7,2
03/15/2020 10:00:00 PM,4,3,1
03/15/2020 11:00:00 PM,3,0,3
03/16/2020 12:00:00 AM,2,2,0
03/16/2020 01:00:00 AM,0,0,0
03/16/2020 02:00:00 AM,1,1,0
03/16/2020 03:00:00 AM,4,1,3
03/16/2020 04:00:00 AM,0,0,0
03/16/2020 05:00:00 AM,14,6,8
03/16/2020 06:00:00 AM,31,6,25
03/16/2020 07:00:00 AM,49,9,40
03/16/2020 08:00:00 AM,96,8,88
03/16/2020 09:00:00 AM,71,10,61
03/16/2020 10:00:00 AM,43,17,26
03/16/2020 11:00:00 AM,30,16,14
03/16/2020 12:00:00 PM,54,26,28
03/16/2020 01:00:00 PM,53,25,28
03/16/2020 02:00:00 PM,74,43,31
03/16/2020 03:00:00 PM,90,48,42
03/16/2020 04:00:00 PM,126,89,37
03/16/2020 05:00:00 PM,184,129,55
03/16/2020 06:00:00 PM,143,92,51
03/16/2020 07:00:00 PM,55,34,21
03/16/2020 08:00:00 PM,25,16,9
03/16/2020 09:00:00 PM,15,6,9
03/16/2020 10:00:00 PM,5,4,1
03/16/2020 11:00:00 PM,6,3,3
03/17/2020 12:00:00 AM,2,1,1
03/17/2020 01:00:00 AM,1,0,1
03/17/2020 02:00:00 AM,0,0,0
03/17/2020 03:00:00 AM,1,0,1
03/17/2020 04:00:00 AM,1,0,1
03/17/2020 05:00:00 AM,12,5,7
03/17/2020 06:00:00 AM,25,8,17
03/17/2020 07:00:00 AM,64,12,52
03/17/2020 08:00:00 AM,92,12,80
03/17/2020 09:00:00 AM,57,15,42
03/17/2020 10:00:00 AM,45,12,33
03/17/2020 11:00:00 AM,27,10,17
03/17/2020 12:00:00 PM,60,31,29
03/17/2020 01:00:00 PM,52,28,24
03/17/2020 02:00:00 PM,60,24,36
03/17/2020 03:00:00 PM,85,59,26
03/17/2020 04:00:00 PM,124,77,47
03/17/2020 05:00:00 PM,174,126,48
03/17/2020 06:00:00 PM,164,101,63
03/17/2020 07:00:00 PM,54,31,23
03/17/2020 08:00:00 PM,23,12,11
03/17/2020 09:00:00 PM,9,4,5
03/17/2020 10:00:00 PM,9,8,1
03/17/2020 11:00:00 PM,1,1,0
03/18/2020 12:00:00 AM,1,0,1
03/18/2020 01:00:00 AM,1,1,0
03/18/2020 02:00:00 AM,0,0,0
03/18/2020 03:00:00 AM,1,0,1
03/18/2020 04:00:00 AM,2,2,0
03/18/2020 05:00:00 AM,12,5,7
03/18/2020 06:00:00 AM,25,6,19
03/18/2020 07:00:00 AM,55,14,41
03/18/2020 08:00:00 AM,84,15,69
03/18/2020 09:00:00 AM,57,13,44
03/18/2020 10:00:00 AM,30,12,18
03/18/2020 11:00:00 AM,42,15,27
03/18/2020 12:00:00 PM,67,32,35
03/18/2020 01:00:00 PM,65,37,28
03/18/2020 02:00:00 PM,92,49,43
03/18/2020 03:00:00 PM,112,63,49
03/18/2020 04:00:00 PM,156,105,51
03/18/2020 05:00:00 PM,230,148,82
03/18/2020 06:00:00 PM,184,95,89
03/18/2020 07:00:00 PM,83,24,59
03/18/2020 08:00:00 PM,0,0,0
03/18/2020 09:00:00 PM,0,0,0
03/18/2020 10:00:00 PM,0,0,0
03/18/2020 11:00:00 PM,0,0,0
03/19/2020 12:00:00 AM,0,0,0
03/19/2020 01:00:00 AM,0,0,0
03/19/2020 02:00:00 AM,0,0,0
03/19/2020 03:00:00 AM,0,0,0
03/19/2020 04:00:00 AM,0,0,0
03/19/2020 05:00:00 AM,0,0,0
03/19/2020 06:00:00 AM,0,0,0
03/19/2020 07:00:00 AM,0,0,0
03/19/2020 08:00:00 AM,0,0,0
03/19/2020 09:00:00 AM,0,0,0
03/19/2020 10:00:00 AM,0,0,0
03/19/2020 11:00:00 AM,0,0,0
03/19/2020 12:00:00 PM,0,0,0
03/19/2020 01:00:00 PM,0,0,0
03/19/2020 02:00:00 PM,0,0,0
03/19/2020 03:00:00 PM,0,0,0
03/19/2020 04:00:00 PM,1,1,0
03/19/2020 05:00:00 PM,0,0,0
03/19/2020 06:00:00 PM,0,0,0
03/19/2020 07:00:00 PM,0,0,0
03/19/2020 08:00:00 PM,0,0,0
03/19/2020 09:00:00 PM,3,1,2
03/19/2020 10:00:00 PM,0,0,0
03/19/2020 11:00:00 PM,0,0,0
03/20/2020 12:00:00 AM,0,0,0
03/20/2020 01:00:00 AM,0,0,0
03/20/2020 02:00:00 AM,0,0,0
03/20/2020 03:00:00 AM,0,0,0
03/20/2020 04:00:00 AM,0,0,0
03/20/2020 05:00:00 AM,0,0,0
03/20/2020 06:00:00 AM,0,0,0
03/20/2020 07:00:00 AM,0,0,0
03/20/2020 08:00:00 AM,0,0,0
03/20/2020 09:00:00 AM,0,0,0
03/20/2020 10:00:00 AM,0,0,0
03/20/2020 11:00:00 AM,0,0,0
03/20/2020 12:00:00 PM,0,0,0
03/20/2020 01:00:00 PM,0,0,0
03/20/2020 02:00:00 PM,0,0,0
03/20/2020 03:00:00 PM,0,0,0
03/20/2020 04:00:00 PM,0,0,0
03/20/2020 05:00:00 PM,0,0,0
03/20/2020 06:00:00 PM,0,0,0
03/20/2020 07:00:00 PM,0,0,0
03/20/2020 08:00:00 PM,0,0,0
03/20/2020 09:00:00 PM,1,1,0
03/20/2020 10:00:00 PM,0,0,0
03/20/2020 11:00:00 PM,2,0,2
03/21/2020 12:00:00 AM,0,0,0
03/21/2020 01:00:00 AM,0,0,0
03/21/2020 02:00:00 AM,0,0,0
03/21/2020 03:00:00 AM,0,0,0
03/21/2020 04:00:00 AM,0,0,0
03/21/2020 05:00:00 AM,0,0,0
03/21/2020 06:00:00 AM,0,0,0
03/21/2020 07:00:00 AM,0,0,0
03/21/2020 08:00:00 AM,0,0,0
03/21/2020 09:00:00 AM,0,0,0
03/21/2020 10:00:00 AM,0,0,0
03/21/2020 11:00:00 AM,0,0,0
03/21/2020 12:00:00 PM,0,0,0
03/21/2020 01:00:00 PM,0,0,0
03/21/2020 02:00:00 PM,0,0,0
03/21/2020 03:00:00 PM,0,0,0
03/21/2020 04:00:00 PM,0,0,0
03/21/2020 05:00:00 PM,0,0,0
03/21/2020 06:00:00 PM,0,0,0
03/21/2020 07:00:00 PM,0,0,0
03/21/2020 08:00:00 PM,0,0,0
03/21/2020 09:00:00 PM,0,0,0
03/21/2020 10:00:00 PM,0,0,0
03/21/2020 11:00:00 PM,0,0,0
03/22/2020 12:00:00 AM,0,0,0
03/22/2020 01:00:00 AM,0,0,0
03/22/2020 02:00:00 AM,0,0,0
03/22/2020 03:00:00 AM,0,0,0
03/22/2020 04:00:00 AM,0,0,0
03/22/2020 05:00:00 AM,0,0,0
03/22/2020 06:00:00 AM,0,0,0
03/22/2020 07:00:00 AM,0,0,0
03/22/2020 08:00:00 AM,0,0,0
03/22/2020 09:00:00 AM,0,0,0
03/22/2020 10:00:00 AM,0,0,0
03/22/2020 11:00:00 AM,0,0,0
03/22/2020 12:00:00 PM,0,0,0
03/22/2020 01:00:00 PM,0,0,0
03/22/2020 02:00:00 PM,0,0,0
03/22/2020 03:00:00 PM,0,0,0
03/22/2020 04:00:00 PM,0,0,0
03/22/2020 05:00:00 PM,0,0,0
03/22/2020 06:00:00 PM,0,0,0
03/22/2020 07:00:00 PM,0,0,0
03/22/2020 08:00:00 PM,0,0,0
03/22/2020 09:00:00 PM,0,0,0
03/22/2020 10:00:00 PM,0,0,0
03/22/2020 11:00:00 PM,0,0,0
03/23/2020 12:00:00 AM,0,0,0
03/23/2020 01:00:00 AM,0,0,0
03/23/2020 02:00:00 AM,0,0,0
03/23/2020 03:00:00 AM,0,0,0
03/23/2020 04:00:00 AM,0,0,0
03/23/2020 05:00:00 AM,0,0,0
03/23/2020 06:00:00 AM,0,0,0
03/23/2020 07:00:00 AM,0,0,0
03/23/2020 08:00:00 AM,0,0,0
03/23/2020 09:00:00 AM,0,0,0
03/23/2020 10:00:00 AM,0,0,0
03/23/2020 11:00:00 AM,0,0,0
03/23/2020 12:00:00 PM,0,0,0
03/23/2020 01:00:00 PM,0,0,0
03/23/2020 02:00:00 PM,0,0,0
03/23/2020 03:00:00 PM,0,0,0
03/23/2020 04:00:00 PM,0,0,0
03/23/2020 05:00:00 PM,0,0,0
03/23/2020 06:00:00 PM,0,0,0
03/23/2020 07:00:00 PM,0,0,0
03/23/2020 08:00:00 PM,0,0,0
03/23/2020 09:00:00 PM,0,0,0
03/23/2020 10:00:00 PM,0,0,0
03/23/2020 11:00:00 PM,0,0,0
03/24/2020 12:00:00 AM,0,0,0
03/24/2020 01:00:00 AM,0,0,0
03/24/2020 02:00:00 AM,0,0,0
03/24/2020 03:00:00 AM,0,0,0
03/24/2020 04:00:00 AM,0,0,0
03/24/2020 05:00:00 AM,0,0,0
03/24/2020 06:00:00 AM,0,0,0
03/24/2020 07:00:00 AM,0,0,0
03/24/2020 08:00:00 AM,0,0,0
03/24/2020 09:00:00 AM,0,0,0
03/24/2020 10:00:00 AM,0,0,0
03/24/2020 11:00:00 AM,0,0,0
03/24/2020 12:00:00 PM,0,0,0
03/24/2020 01:00:00 PM,0,0,0
03/24/2020 02:00:00 PM,0,0,0
03/24/2020 03:00:00 PM,0,0,0
03/24/2020 04:00:00 PM,0,0,0
03/24/2020 05:00:00 PM,0,0,0
03/24/2020 06:00:00 PM,0,0,0
03/24/2020 07:00:00 PM,0,0,0
03/24/2020 08:00:00 PM,0,0,0
03/24/2020 09:00:00 PM,0,0,0
03/24/2020 10:00:00 PM,0,0,0
03/24/2020 11:00:00 PM,0,0,0
03/25/2020 12:00:00 AM,0,0,0
03/25/2020 01:00:00 AM,0,0,0
03/25/2020 02:00:00 AM,0,0,0
03/25/2020 03:00:00 AM,0,0,0
03/25/2020 04:00:00 AM,0,0,0
03/25/2020 05:00:00 AM,0,0,0
03/25/2020 06:00:00 AM,0,0,0
03/25/2020 07:00:00 AM,0,0,0
03/25/2020 08:00:00 AM,0,0,0
03/25/2020 09:00:00 AM,0,0,0
03/25/2020 10:00:00 AM,0,0,0
03/25/2020 11:00:00 AM,0,0,0
03/25/2020 12:00:00 PM,0,0,0
03/25/2020 01:00:00 PM,0,0,0
03/25/2020 02:00:00 PM,0,0,0
03/25/2020 03:00:00 PM,0,0,0
03/25/2020 04:00:00 PM,0,0,0
03/25/2020 05:00:00 PM,0,0,0
03/25/2020 06:00:00 PM,0,0,0
03/25/2020 07:00:00 PM,0,0,0
03/25/2020 08:00:00 PM,0,0,0
03/25/2020 09:00:00 PM,0,0,0
03/25/2020 10:00:00 PM,0,0,0
03/25/2020 11:00:00 PM,0,0,0
03/26/2020 12:00:00 AM,0,0,0
03/26/2020 01:00:00 AM,0,0,0
03/26/2020 02:00:00 AM,0,0,0
03/26/2020 03:00:00 AM,0,0,0
03/26/2020 04:00:00 AM,0,0,0
03/26/2020 05:00:00 AM,0,0,0
03/26/2020 06:00:00 AM,0,0,0
03/26/2020 07:00:00 AM,0,0,0
03/26/2020 08:00:00 AM,0,0,0
03/26/2020 09:00:00 AM,0,0,0
03/26/2020 10:00:00 AM,0,0,0
03/26/2020 11:00:00 AM,0,0,0
03/26/2020 12:00:00 PM,0,0,0
03/26/2020 01:00:00 PM,0,0,0
03/26/2020 02:00:00 PM,0,0,0
03/26/2020 03:00:00 PM,0,0,0
03/26/2020 04:00:00 PM,0,0,0
03/26/2020 05:00:00 PM,0,0,0
03/26/2020 06:00:00 PM,0,0,0
03/26/2020 07:00:00 PM,0,0,0
03/26/2020 08:00:00 PM,0,0,0
03/26/2020 09:00:00 PM,0,0,0
03/26/2020 10:00:00 PM,0,0,0
03/26/2020 11:00:00 PM,0,0,0
03/27/2020 12:00:00 AM,0,0,0
03/27/2020 01:00:00 AM,0,0,0
03/27/2020 02:00:00 AM,0,0,0
03/27/2020 03:00:00 AM,0,0,0
03/27/2020 04:00:00 AM,0,0,0
03/27/2020 05:00:00 AM,0,0,0
03/27/2020 06:00:00 AM,0,0,0
03/27/2020 07:00:00 AM,0,0,0
03/27/2020 08:00:00 AM,0,0,0
03/27/2020 09:00:00 AM,0,0,0
03/27/2020 10:00:00 AM,0,0,0
03/27/2020 11:00:00 AM,0,0,0
03/27/2020 12:00:00 PM,0,0,0
03/27/2020 01:00:00 PM,0,0,0
03/27/2020 02:00:00 PM,0,0,0
03/27/2020 03:00:00 PM,0,0,0
03/27/2020 04:00:00 PM,0,0,0
03/27/2020 05:00:00 PM,0,0,0
03/27/2020 06:00:00 PM,0,0,0
03/27/2020 07:00:00 PM,0,0,0
03/27/2020 08:00:00 PM,0,0,0
03/27/2020 09:00:00 PM,0,0,0
03/27/2020 10:00:00 PM,0,0,0
03/27/2020 11:00:00 PM,0,0,0
03/28/2020 12:00:00 AM,0,0,0
03/28/2020 01:00:00 AM,0,0,0
03/28/2020 02:00:00 AM,0,0,0
03/28/2020 03:00:00 AM,0,0,0
03/28/2020 04:00:00 AM,0,0,0
03/28/2020 05:00:00 AM,0,0,0
03/28/2020 06:00:00 AM,0,0,0
03/28/2020 07:00:00 AM,0,0,0
03/28/2020 08:00:00 AM,0,0,0
03/28/2020 09:00:00 AM,0,0,0
03/28/2020 10:00:00 AM,0,0,0
03/28/2020 11:00:00 AM,0,0,0
03/28/2020 12:00:00 PM,0,0,0
03/28/2020 01:00:00 PM,0,0,0
03/28/2020 02:00:00 PM,0,0,0
03/28/2020 03:00:00 PM,0,0,0
03/28/2020 04:00:00 PM,0,0,0
03/28/2020 05:00:00 PM,0,0,0
03/28/2020 06:00:00 PM,0,0,0
03/28/2020 07:00:00 PM,0,0,0
03/28/2020 08:00:00 PM,0,0,0
03/28/2020 09:00:00 PM,0,0,0
03/28/2020 10:00:00 PM,0,0,0
03/28/2020 11:00:00 PM,0,0,0
03/29/2020 12:00:00 AM,0,0,0
03/29/2020 01:00:00 AM,0,0,0
03/29/2020 02:00:00 AM,0,0,0
03/29/2020 03:00:00 AM,0,0,0
03/29/2020 04:00:00 AM,0,0,0
03/29/2020 05:00:00 AM,0,0,0
03/29/2020 06:00:00 AM,0,0,0
03/29/2020 07:00:00 AM,0,0,0
03/29/2020 08:00:00 AM,0,0,0
03/29/2020 09:00:00 AM,0,0,0
03/29/2020 10:00:00 AM,0,0,0
03/29/2020 11:00:00 AM,0,0,0
03/29/2020 12:00:00 PM,1,0,1
03/29/2020 01:00:00 PM,1,0,1
03/29/2020 02:00:00 PM,1,1,0
03/29/2020 03:00:00 PM,0,0,0
03/29/2020 04:00:00 PM,14,8,6
03/29/2020 05:00:00 PM,90,37,53
03/29/2020 06:00:00 PM,63,24,39
03/29/2020 07:00:00 PM,28,16,12
03/29/2020 08:00:00 PM,15,6,9
03/29/2020 09:00:00 PM,9,3,6
03/29/2020 10:00:00 PM,11,3,8
03/29/2020 11:00:00 PM,0,0,0
03/30/2020 12:00:00 AM,1,1,0
03/30/2020 01:00:00 AM,0,0,0
03/30/2020 02:00:00 AM,0,0,0
03/30/2020 03:00:00 AM,0,0,0
03/30/2020 04:00:00 AM,1,1,0
03/30/2020 05:00:00 AM,7,5,2
03/30/2020 06:00:00 AM,6,2,4
03/30/2020 07:00:00 AM,23,7,16
03/30/2020 08:00:00 AM,30,6,24
03/30/2020 09:00:00 AM,28,11,17
03/30/2020 10:00:00 AM,32,11,21
03/30/2020 11:00:00 AM,25,8,17
03/30/2020 12:00:00 PM,23,12,11
03/30/2020 01:00:00 PM,15,4,11
03/30/2020 02:00:00 PM,10,5,5
03/30/2020 03:00:00 PM,22,16,6
03/30/2020 04:00:00 PM,31,19,12
03/30/2020 05:00:00 PM,54,41,13
03/30/2020 06:00:00 PM,38,22,16
03/30/2020 07:00:00 PM,35,19,16
03/30/2020 08:00:00 PM,13,9,4
03/30/2020 09:00:00 PM,3,1,2
03/30/2020 10:00:00 PM,3,2,1
03/30/2020 11:00:00 PM,1,1,0
03/31/2020 12:00:00 AM,0,0,0
03/31/2020 01:00:00 AM,0,0,0
03/31/2020 02:00:00 AM,0,0,0
03/31/2020 03:00:00 AM,0,0,0
03/31/2020 04:00:00 AM,1,0,1
03/31/2020 05:00:00 AM,5,2,3
03/31/2020 06:00:00 AM,14,6,8
03/31/2020 07:00:00 AM,41,8,33
03/31/2020 08:00:00 AM,32,10,22
03/31/2020 09:00:00 AM,33,13,20
03/31/2020 10:00:00 AM,23,10,13
03/31/2020 11:00:00 AM,44,23,21
03/31/2020 12:00:00 PM,48,22,26
03/31/2020 01:00:00 PM,67,31,36
03/31/2020 02:00:00 PM,56,29,27
03/31/2020 03:00:00 PM,41,22,19
03/31/2020 04:00:00 PM,44,36,8
03/31/2020 05:00:00 PM,70,45,25
03/31/2020 06:00:00 PM,26,22,4
03/31/2020 07:00:00 PM,18,10,8
03/31/2020 08:00:00 PM,9,4,5
03/31/2020 09:00:00 PM,7,5,2
03/31/2020 10:00:00 PM,2,1,1
03/31/2020 11:00:00 PM,3,3,0
04/01/2020 12:00:00 AM,1,1,0
04/01/2020 01:00:00 AM,1,0,1
04/01/2020 02:00:00 AM,0,0,0
04/01/2020 03:00:00 AM,0,0,0
04/01/2020 04:00:00 AM,0,0,0
04/01/2020 05:00:00 AM,6,4,2
04/01/2020 06:00:00 AM,18,6,12
04/01/2020 07:00:00 AM,29,12,17
04/01/2020 08:00:00 AM,23,6,17
04/01/2020 09:00:00 AM,18,7,11
04/01/2020 10:00:00 AM,30,13,17
04/01/2020 11:00:00 AM,21,11,10
04/01/2020 12:00:00 PM,32,18,14
04/01/2020 01:00:00 PM,59,24,35
04/01/2020 02:00:00 PM,66,36,30
04/01/2020 03:00:00 PM,80,48,32
04/01/2020 04:00:00 PM,129,73,56
04/01/2020 05:00:00 PM,181,115,66
04/01/2020 06:00:00 PM,127,66,61
04/01/2020 07:00:00 PM,64,22,42
04/01/2020 08:00:00 PM,19,8,11
04/01/2020 09:00:00 PM,7,0,7
04/01/2020 10:00:00 PM,8,3,5
04/01/2020 11:00:00 PM,2,2,0
04/02/2020 12:00:00 AM,0,0,0
04/02/2020 01:00:00 AM,0,0,0
04/02/2020 02:00:00 AM,3,2,1
04/02/2020 03:00:00 AM,2,0,2
04/02/2020 04:00:00 AM,1,1,0
04/02/2020 05:00:00 AM,8,6,2
04/02/2020 06:00:00 AM,20,7,13
04/02/2020 07:00:00 AM,36,12,24
04/02/2020 08:00:00 AM,25,3,22
04/02/2020 09:00:00 AM,26,10,16
04/02/2020 10:00:00 AM,17,7,10
04/02/2020 11:00:00 AM,19,6,13
04/02/2020 12:00:00 PM,34,14,20
04/02/2020 01:00:00 PM,62,30,32
04/02/2020 02:00:00 PM,55,30,25
04/02/2020 03:00:00 PM,55,26,29
04/02/2020 04:00:00 PM,106,58,48
04/02/2020 05:00:00 PM,121,77,44
04/02/2020 06:00:00 PM,107,57,50
04/02/2020 07:00:00 PM,45,21,24
04/02/2020 08:00:00 PM,22,9,13
04/02/2020 09:00:00 PM,8,3,5
04/02/2020 10:00:00 PM,5,2,3
04/02/2020 11:00:00 PM,3,2,1
04/03/2020 12:00:00 AM,3,2,1
04/03/2020 01:00:00 AM,0,0,0
04/03/2020 02:00:00 AM,0,0,0
04/03/2020 03:00:00 AM,0,0,0
04/03/2020 04:00:00 AM,0,0,0
04/03/2020 05:00:00 AM,0,0,0
04/03/2020 06:00:00 AM,0,0,0
04/03/2020 07:00:00 AM,0,0,0
04/03/2020 08:00:00 AM,0,0,0
04/03/2020 09:00:00 AM,0,0,0
04/03/2020 10:00:00 AM,0,0,0
04/03/2020 11:00:00 AM,0,0,0
04/03/2020 12:00:00 PM,0,0,0
04/03/2020 01:00:00 PM,0,0,0
04/03/2020 02:00:00 PM,0,0,0
04/03/2020 03:00:00 PM,0,0,0
04/03/2020 04:00:00 PM,0,0,0
04/03/2020 05:00:00 PM,0,0,0
04/03/2020 06:00:00 PM,0,0,0
04/03/2020 07:00:00 PM,0,0,0
04/03/2020 08:00:00 PM,0,0,0
04/03/2020 09:00:00 PM,0,0,0
04/03/2020 10:00:00 PM,0,0,0
04/03/2020 11:00:00 PM,0,0,0
04/04/2020 12:00:00 AM,0,0,0
04/04/2020 01:00:00 AM,0,0,0
04/04/2020 02:00:00 AM,0,0,0
04/04/2020 03:00:00 AM,0,0,0
04/04/2020 04:00:00 AM,0,0,0
04/04/2020 05:00:00 AM,0,0,0
04/04/2020 06:00:00 AM,0,0,0
04/04/2020 07:00:00 AM,0,0,0
04/04/2020 08:00:00 AM,0,0,0
04/04/2020 09:00:00 AM,0,0,0
04/04/2020 10:00:00 AM,0,0,0
04/04/2020 11:00:00 AM,0,0,0
04/04/2020 12:00:00 PM,0,0,0
04/04/2020 01:00:00 PM,0,0,0
04/04/2020 02:00:00 PM,0,0,0
04/04/2020 03:00:00 PM,0,0,0
04/04/2020 04:00:00 PM,0,0,0
04/04/2020 05:00:00 PM,0,0,0
04/04/2020 06:00:00 PM,0,0,0
04/04/2020 07:00:00 PM,0,0,0
04/04/2020 08:00:00 PM,0,0,0
04/04/2020 09:00:00 PM,0,0,0
04/04/2020 10:00:00 PM,0,0,0
04/04/2020 11:00:00 PM,0,0,0
04/05/2020 12:00:00 AM,0,0,0
04/05/2020 01:00:00 AM,0,0,0
04/05/2020 02:00:00 AM,0,0,0
04/05/2020 03:00:00 AM,0,0,0
04/05/2020 04:00:00 AM,0,0,0
04/05/2020 05:00:00 AM,0,0,0
04/05/2020 06:00:00 AM,0,0,0
04/05/2020 07:00:00 AM,0,0,0
04/05/2020 08:00:00 AM,0,0,0
04/05/2020 09:00:00 AM,0,0,0
04/05/2020 10:00:00 AM,0,0,0
04/05/2020 11:00:00 AM,0,0,0
04/05/2020 12:00:00 PM,0,0,0
04/05/2020 01:00:00 PM,0,0,0
04/05/2020 02:00:00 PM,0,0,0
04/05/2020 03:00:00 PM,0,0,0
04/05/2020 04:00:00 PM,0,0,0
04/05/2020 05:00:00 PM,0,0,0
04/05/2020 06:00:00 PM,0,0,0
04/05/2020 07:00:00 PM,0,0,0
04/05/2020 08:00:00 PM,0,0,0
04/05/2020 09:00:00 PM,0,0,0
04/05/2020 10:00:00 PM,0,0,0
04/05/2020 11:00:00 PM,0,0,0
04/06/2020 12:00:00 AM,0,0,0
04/06/2020 01:00:00 AM,0,0,0
04/06/2020 02:00:00 AM,0,0,0
04/06/2020 03:00:00 AM,0,0,0
04/06/2020 04:00:00 AM,0,0,0
04/06/2020 05:00:00 AM,0,0,0
04/06/2020 06:00:00 AM,0,0,0
04/06/2020 07:00:00 AM,0,0,0
04/06/2020 08:00:00 AM,0,0,0
04/06/2020 09:00:00 AM,0,0,0
04/06/2020 10:00:00 AM,0,0,0
04/06/2020 11:00:00 AM,0,0,0
04/06/2020 12:00:00 PM,0,0,0
04/06/2020 01:00:00 PM,0,0,0
04/06/2020 02:00:00 PM,0,0,0
04/06/2020 03:00:00 PM,0,0,0
04/06/2020 04:00:00 PM,0,0,0
04/06/2020 05:00:00 PM,0,0,0
04/06/2020 06:00:00 PM,0,0,0
04/06/2020 07:00:00 PM,0,0,0
04/06/2020 08:00:00 PM,0,0,0
04/06/2020 09:00:00 PM,0,0,0
04/06/2020 10:00:00 PM,0,0,0
04/06/2020 11:00:00 PM,0,0,0
04/07/2020 12:00:00 AM,0,0,0
04/07/2020 01:00:00 AM,0,0,0
04/07/2020 02:00:00 AM,0,0,0
04/07/2020 03:00:00 AM,0,0,0
04/07/2020 04:00:00 AM,0,0,0
04/07/2020 05:00:00 AM,0,0,0
04/07/2020 06:00:00 AM,0,0,0
04/07/2020 07:00:00 AM,0,0,0
04/07/2020 08:00:00 AM,0,0,0
04/07/2020 09:00:00 AM,0,0,0
04/07/2020 10:00:00 AM,0,0,0
04/07/2020 11:00:00 AM,0,0,0
04/07/2020 12:00:00 PM,0,0,0
04/07/2020 01:00:00 PM,0,0,0
04/07/2020 02:00:00 PM,0,0,0
04/07/2020 03:00:00 PM,0,0,0
04/07/2020 04:00:00 PM,0,0,0
04/07/2020 05:00:00 PM,0,0,0
04/07/2020 06:00:00 PM,0,0,0
04/07/2020 07:00:00 PM,0,0,0
04/07/2020 08:00:00 PM,0,0,0
04/07/2020 09:00:00 PM,0,0,0
04/07/2020 10:00:00 PM,0,0,0
04/07/2020 11:00:00 PM,0,0,0
04/08/2020 12:00:00 AM,0,0,0
04/08/2020 01:00:00 AM,0,0,0
04/08/2020 02:00:00 AM,0,0,0
04/08/2020 03:00:00 AM,0,0,0
04/08/2020 04:00:00 AM,0,0,0
04/08/2020 05:00:00 AM,0,0,0
04/08/2020 06:00:00 AM,0,0,0
04/08/2020 07:00:00 AM,0,0,0
04/08/2020 08:00:00 AM,0,0,0
04/08/2020 09:00:00 AM,0,0,0
04/08/2020 10:00:00 AM,0,0,0
04/08/2020 11:00:00 AM,0,0,0
04/08/2020 12:00:00 PM,0,0,0
04/08/2020 01:00:00 PM,0,0,0
04/08/2020 02:00:00 PM,0,0,0
04/08/2020 03:00:00 PM,0,0,0
04/08/2020 04:00:00 PM,0,0,0
04/08/2020 05:00:00 PM,0,0,0
04/08/2020 06:00:00 PM,0,0,0
04/08/2020 07:00:00 PM,0,0,0
04/08/2020 08:00:00 PM,0,0,0
04/08/2020 09:00:00 PM,0,0,0
04/08/2020 10:00:00 PM,0,0,0
04/08/2020 11:00:00 PM,0,0,0
04/09/2020 12:00:00 AM,0,0,0
04/09/2020 01:00:00 AM,0,0,0
04/09/2020 02:00:00 AM,0,0,0
04/09/2020 03:00:00 AM,0,0,0
04/09/2020 04:00:00 AM,0,0,0
04/09/2020 05:00:00 AM,0,0,0
04/09/2020 06:00:00 AM,0,0,0
04/09/2020 07:00:00 AM,0,0,0
04/09/2020 08:00:00 AM,0,0,0
04/09/2020 09:00:00 AM,0,0,0
04/09/2020 10:00:00 AM,0,0,0
04/09/2020 11:00:00 AM,0,0,0
04/09/2020 12:00:00 PM,0,0,0
04/09/2020 01:00:00 PM,0,0,0
04/09/2020 02:00:00 PM,0,0,0
04/09/2020 03:00:00 PM,0,0,0
04/09/2020 04:00:00 PM,0,0,0
04/09/2020 05:00:00 PM,0,0,0
04/09/2020 06:00:00 PM,0,0,0
04/09/2020 07:00:00 PM,0,0,0
04/09/2020 08:00:00 PM,0,0,0
04/09/2020 09:00:00 PM,0,0,0
04/09/2020 10:00:00 PM,0,0,0
04/09/2020 11:00:00 PM,0,0,0
04/10/2020 12:00:00 AM,0,0,0
04/10/2020 01:00:00 AM,0,0,0
04/10/2020 02:00:00 AM,0,0,0
04/10/2020 03:00:00 AM,0,0,0
04/10/2020 04:00:00 AM,0,0,0
04/10/2020 05:00:00 AM,0,0,0
04/10/2020 06:00:00 AM,0,0,0
04/10/2020 07:00:00 AM,0,0,0
04/10/2020 08:00:00 AM,0,0,0
04/10/2020 09:00:00 AM,0,0,0
04/10/2020 10:00:00 AM,0,0,0
04/10/2020 11:00:00 AM,0,0,0
04/10/2020 12:00:00 PM,0,0,0
04/10/2020 01:00:00 PM,0,0,0
04/10/2020 02:00:00 PM,0,0,0
04/10/2020 03:00:00 PM,0,0,0
04/10/2020 04:00:00 PM,0,0,0
04/10/2020 05:00:00 PM,0,0,0
04/10/2020 06:00:00 PM,0,0,0
04/10/2020 07:00:00 PM,0,0,0
04/10/2020 08:00:00 PM,0,0,0
04/10/2020 09:00:00 PM,0,0,0
04/10/2020 10:00:00 PM,0,0,0
04/10/2020 11:00:00 PM,0,0,0
04/11/2020 12:00:00 AM,0,0,0
04/11/2020 01:00:00 AM,0,0,0
04/11/2020 02:00:00 AM,0,0,0
04/11/2020 03:00:00 AM,0,0,0
04/11/2020 04:00:00 AM,0,0,0
04/11/2020 05:00:00 AM,0,0,0
04/11/2020 06:00:00 AM,0,0,0
04/11/2020 07:00:00 AM,0,0,0
04/11/2020 08:00:00 AM,0,0,0
04/11/2020 09:00:00 AM,0,0,0
04/11/2020 10:00:00 AM,0,0,0
04/11/2020 11:00:00 AM,0,0,0
04/11/2020 12:00:00 PM,0,0,0
04/11/2020 01:00:00 PM,0,0,0
04/11/2020 02:00:00 PM,0,0,0
04/11/2020 03:00:00 PM,0,0,0
04/11/2020 04:00:00 PM,0,0,0
04/11/2020 05:00:00 PM,0,0,0
04/11/2020 06:00:00 PM,0,0,0
04/11/2020 07:00:00 PM,0,0,0
04/11/2020 08:00:00 PM,0,0,0
04/11/2020 09:00:00 PM,0,0,0
04/11/2020 10:00:00 PM,0,0,0
04/11/2020 11:00:00 PM,0,0,0
04/12/2020 12:00:00 AM,0,0,0
04/12/2020 01:00:00 AM,0,0,0
04/12/2020 02:00:00 AM,0,0,0
04/12/2020 03:00:00 AM,0,0,0
04/12/2020 04:00:00 AM,0,0,0
04/12/2020 05:00:00 AM,0,0,0
04/12/2020 06:00:00 AM,0,0,0
04/12/2020 07:00:00 AM,0,0,0
04/12/2020 08:00:00 AM,0,0,0
04/12/2020 09:00:00 AM,0,0,0
04/12/2020 10:00:00 AM,0,0,0
04/12/2020 11:00:00 AM,0,0,0
04/12/2020 12:00:00 PM,0,0,0
04/12/2020 01:00:00 PM,0,0,0
04/12/2020 02:00:00 PM,0,0,0
04/12/2020 03:00:00 PM,0,0,0
04/12/2020 04:00:00 PM,0,0,0
04/12/2020 05:00:00 PM,0,0,0
04/12/2020 06:00:00 PM,0,0,0
04/12/2020 07:00:00 PM,0,0,0
04/12/2020 08:00:00 PM,0,0,0
04/12/2020 09:00:00 PM,0,0,0
04/12/2020 10:00:00 PM,0,0,0
04/12/2020 11:00:00 PM,0,0,0
04/13/2020 12:00:00 AM,0,0,0
04/13/2020 01:00:00 AM,0,0,0
04/13/2020 02:00:00 AM,0,0,0
04/13/2020 03:00:00 AM,0,0,0
04/13/2020 04:00:00 AM,0,0,0
04/13/2020 05:00:00 AM,0,0,0
04/13/2020 06:00:00 AM,0,0,0
04/13/2020 07:00:00 AM,0,0,0
04/13/2020 08:00:00 AM,0,0,0
04/13/2020 09:00:00 AM,0,0,0
04/13/2020 10:00:00 AM,0,0,0
04/13/2020 11:00:00 AM,0,0,0
04/13/2020 12:00:00 PM,0,0,0
04/13/2020 01:00:00 PM,0,0,0
04/13/2020 02:00:00 PM,0,0,0
04/13/2020 03:00:00 PM,0,0,0
04/13/2020 04:00:00 PM,0,0,0
04/13/2020 05:00:00 PM,0,0,0
04/13/2020 06:00:00 PM,0,0,0
04/13/2020 07:00:00 PM,0,0,0
04/13/2020 08:00:00 PM,0,0,0
04/13/2020 09:00:00 PM,0,0,0
04/13/2020 10:00:00 PM,0,0,0
04/13/2020 11:00:00 PM,0,0,0
04/14/2020 12:00:00 AM,0,0,0
04/14/2020 01:00:00 AM,0,0,0
04/14/2020 02:00:00 AM,0,0,0
04/14/2020 03:00:00 AM,0,0,0
04/14/2020 04:00:00 AM,0,0,0
04/14/2020 05:00:00 AM,0,0,0
04/14/2020 06:00:00 AM,0,0,0
04/14/2020 07:00:00 AM,0,0,0
04/14/2020 08:00:00 AM,0,0,0
04/14/2020 09:00:00 AM,0,0,0
04/14/2020 10:00:00 AM,0,0,0
04/14/2020 11:00:00 AM,0,0,0
04/14/2020 12:00:00 PM,0,0,0
04/14/2020 01:00:00 PM,0,0,0
04/14/2020 02:00:00 PM,0,0,0
04/14/2020 03:00:00 PM,0,0,0
04/14/2020 04:00:00 PM,0,0,0
04/14/2020 05:00:00 PM,0,0,0
04/14/2020 06:00:00 PM,0,0,0
04/14/2020 07:00:00 PM,0,0,0
04/14/2020 08:00:00 PM,0,0,0
04/14/2020 09:00:00 PM,0,0,0
04/14/2020 10:00:00 PM,0,0,0
04/14/2020 11:00:00 PM,0,0,0
04/15/2020 12:00:00 AM,0,0,0
04/15/2020 01:00:00 AM,0,0,0
04/15/2020 02:00:00 AM,0,0,0
04/15/2020 03:00:00 AM,0,0,0
04/15/2020 04:00:00 AM,0,0,0
04/15/2020 05:00:00 AM,0,0,0
04/15/2020 06:00:00 AM,0,0,0
04/15/2020 07:00:00 AM,0,0,0
04/15/2020 08:00:00 AM,0,0,0
04/15/2020 09:00:00 AM,0,0,0
04/15/2020 10:00:00 AM,0,0,0
04/15/2020 11:00:00 AM,0,0,0
04/15/2020 12:00:00 PM,0,0,0
04/15/2020 01:00:00 PM,0,0,0
04/15/2020 02:00:00 PM,0,0,0
04/15/2020 03:00:00 PM,0,0,0
04/15/2020 04:00:00 PM,0,0,0
04/15/2020 05:00:00 PM,0,0,0
04/15/2020 06:00:00 PM,0,0,0
04/15/2020 07:00:00 PM,0,0,0
04/15/2020 08:00:00 PM,0,0,0
04/15/2020 09:00:00 PM,0,0,0
04/15/2020 10:00:00 PM,0,0,0
04/15/2020 11:00:00 PM,0,0,0
04/16/2020 12:00:00 AM,0,0,0
04/16/2020 01:00:00 AM,0,0,0
04/16/2020 02:00:00 AM,0,0,0
04/16/2020 03:00:00 AM,0,0,0
04/16/2020 04:00:00 AM,0,0,0
04/16/2020 05:00:00 AM,0,0,0
04/16/2020 06:00:00 AM,0,0,0
04/16/2020 07:00:00 AM,0,0,0
04/16/2020 08:00:00 AM,0,0,0
04/16/2020 09:00:00 AM,0,0,0
04/16/2020 10:00:00 AM,0,0,0
04/16/2020 11:00:00 AM,0,0,0
04/16/2020 12:00:00 PM,0,0,0
04/16/2020 01:00:00 PM,0,0,0
04/16/2020 02:00:00 PM,0,0,0
04/16/2020 03:00:00 PM,0,0,0
04/16/2020 04:00:00 PM,0,0,0
04/16/2020 05:00:00 PM,0,0,0
04/16/2020 06:00:00 PM,0,0,0
04/16/2020 07:00:00 PM,0,0,0
04/16/2020 08:00:00 PM,0,0,0
04/16/2020 09:00:00 PM,0,0,0
04/16/2020 10:00:00 PM,0,0,0
04/16/2020 11:00:00 PM,0,0,0
04/17/2020 12:00:00 AM,0,0,0
04/17/2020 01:00:00 AM,0,0,0
04/17/2020 02:00:00 AM,0,0,0
04/17/2020 03:00:00 AM,0,0,0
04/17/2020 04:00:00 AM,0,0,0
04/17/2020 05:00:00 AM,0,0,0
04/17/2020 06:00:00 AM,0,0,0
04/17/2020 07:00:00 AM,0,0,0
04/17/2020 08:00:00 AM,0,0,0
04/17/2020 09:00:00 AM,0,0,0
04/17/2020 10:00:00 AM,0,0,0
04/17/2020 11:00:00 AM,0,0,0
04/17/2020 12:00:00 PM,0,0,0
04/17/2020 01:00:00 PM,0,0,0
04/17/2020 02:00:00 PM,0,0,0
04/17/2020 03:00:00 PM,0,0,0
04/17/2020 04:00:00 PM,0,0,0
04/17/2020 05:00:00 PM,0,0,0
04/17/2020 06:00:00 PM,0,0,0
04/17/2020 07:00:00 PM,0,0,0
04/17/2020 08:00:00 PM,0,0,0
04/17/2020 09:00:00 PM,0,0,0
04/17/2020 10:00:00 PM,0,0,0
04/17/2020 11:00:00 PM,0,0,0
04/18/2020 12:00:00 AM,0,0,0
04/18/2020 01:00:00 AM,0,0,0
04/18/2020 02:00:00 AM,0,0,0
04/18/2020 03:00:00 AM,0,0,0
04/18/2020 04:00:00 AM,0,0,0
04/18/2020 05:00:00 AM,0,0,0
04/18/2020 06:00:00 AM,0,0,0
04/18/2020 07:00:00 AM,0,0,0
04/18/2020 08:00:00 AM,0,0,0
04/18/2020 09:00:00 AM,0,0,0
04/18/2020 10:00:00 AM,0,0,0
04/18/2020 11:00:00 AM,0,0,0
04/18/2020 12:00:00 PM,0,0,0
04/18/2020 01:00:00 PM,0,0,0
04/18/2020 02:00:00 PM,0,0,0
04/18/2020 03:00:00 PM,0,0,0
04/18/2020 04:00:00 PM,0,0,0
04/18/2020 05:00:00 PM,0,0,0
04/18/2020 06:00:00 PM,0,0,0
04/18/2020 07:00:00 PM,0,0,0
04/18/2020 08:00:00 PM,0,0,0
04/18/2020 09:00:00 PM,0,0,0
04/18/2020 10:00:00 PM,0,0,0
04/18/2020 11:00:00 PM,0,0,0
04/19/2020 12:00:00 AM,0,0,0
04/19/2020 01:00:00 AM,0,0,0
04/19/2020 02:00:00 AM,0,0,0
04/19/2020 03:00:00 AM,0,0,0
04/19/2020 04:00:00 AM,0,0,0
04/19/2020 05:00:00 AM,0,0,0
04/19/2020 06:00:00 AM,0,0,0
04/19/2020 07:00:00 AM,0,0,0
04/19/2020 08:00:00 AM,0,0,0
04/19/2020 09:00:00 AM,0,0,0
04/19/2020 10:00:00 AM,0,0,0
04/19/2020 11:00:00 AM,0,0,0
04/19/2020 12:00:00 PM,0,0,0
04/19/2020 01:00:00 PM,0,0,0
04/19/2020 02:00:00 PM,0,0,0
04/19/2020 03:00:00 PM,0,0,0
04/19/2020 04:00:00 PM,0,0,0
04/19/2020 05:00:00 PM,0,0,0
04/19/2020 06:00:00 PM,0,0,0
04/19/2020 07:00:00 PM,0,0,0
04/19/2020 08:00:00 PM,0,0,0
04/19/2020 09:00:00 PM,0,0,0
04/19/2020 10:00:00 PM,0,0,0
04/19/2020 11:00:00 PM,0,0,0
04/20/2020 12:00:00 AM,0,0,0
04/20/2020 01:00:00 AM,0,0,0
04/20/2020 02:00:00 AM,0,0,0
04/20/2020 03:00:00 AM,0,0,0
04/20/2020 04:00:00 AM,0,0,0
04/20/2020 05:00:00 AM,0,0,0
04/20/2020 06:00:00 AM,0,0,0
04/20/2020 07:00:00 AM,0,0,0
04/20/2020 08:00:00 AM,0,0,0
04/20/2020 09:00:00 AM,0,0,0
04/20/2020 10:00:00 AM,0,0,0
04/20/2020 11:00:00 AM,0,0,0
04/20/2020 12:00:00 PM,0,0,0
04/20/2020 01:00:00 PM,0,0,0
04/20/2020 02:00:00 PM,0,0,0
04/20/2020 03:00:00 PM,0,0,0
04/20/2020 04:00:00 PM,0,0,0
04/20/2020 05:00:00 PM,0,0,0
04/20/2020 06:00:00 PM,0,0,0
04/20/2020 07:00:00 PM,0,0,0
04/20/2020 08:00:00 PM,0,0,0
04/20/2020 09:00:00 PM,0,0,0
04/20/2020 10:00:00 PM,0,0,0
04/20/2020 11:00:00 PM,0,0,0
04/21/2020 12:00:00 AM,0,0,0
04/21/2020 01:00:00 AM,0,0,0
04/21/2020 02:00:00 AM,0,0,0
04/21/2020 03:00:00 AM,0,0,0
04/21/2020 04:00:00 AM,0,0,0
04/21/2020 05:00:00 AM,0,0,0
04/21/2020 06:00:00 AM,0,0,0
04/21/2020 07:00:00 AM,0,0,0
04/21/2020 08:00:00 AM,0,0,0
04/21/2020 09:00:00 AM,0,0,0
04/21/2020 10:00:00 AM,0,0,0
04/21/2020 11:00:00 AM,0,0,0
04/21/2020 12:00:00 PM,0,0,0
04/21/2020 01:00:00 PM,0,0,0
04/21/2020 02:00:00 PM,0,0,0
04/21/2020 03:00:00 PM,0,0,0
04/21/2020 04:00:00 PM,0,0,0
04/21/2020 05:00:00 PM,0,0,0
04/21/2020 06:00:00 PM,0,0,0
04/21/2020 07:00:00 PM,0,0,0
04/21/2020 08:00:00 PM,0,0,0
04/21/2020 09:00:00 PM,0,0,0
04/21/2020 10:00:00 PM,0,0,0
04/21/2020 11:00:00 PM,0,0,0
04/22/2020 12:00:00 AM,0,0,0
04/22/2020 01:00:00 AM,0,0,0
04/22/2020 02:00:00 AM,0,0,0
04/22/2020 03:00:00 AM,0,0,0
04/22/2020 04:00:00 AM,0,0,0
04/22/2020 05:00:00 AM,0,0,0
04/22/2020 06:00:00 AM,0,0,0
04/22/2020 07:00:00 AM,0,0,0
04/22/2020 08:00:00 AM,0,0,0
04/22/2020 09:00:00 AM,0,0,0
04/22/2020 10:00:00 AM,0,0,0
04/22/2020 11:00:00 AM,0,0,0
04/22/2020 12:00:00 PM,0,0,0
04/22/2020 01:00:00 PM,0,0,0
04/22/2020 02:00:00 PM,0,0,0
04/22/2020 03:00:00 PM,0,0,0
04/22/2020 04:00:00 PM,0,0,0
04/22/2020 05:00:00 PM,0,0,0
04/22/2020 06:00:00 PM,0,0,0
04/22/2020 07:00:00 PM,0,0,0
04/22/2020 08:00:00 PM,0,0,0
04/22/2020 09:00:00 PM,0,0,0
04/22/2020 10:00:00 PM,0,0,0
04/22/2020 11:00:00 PM,0,0,0
04/23/2020 12:00:00 AM,0,0,0
04/23/2020 01:00:00 AM,0,0,0
04/23/2020 02:00:00 AM,0,0,0
04/23/2020 03:00:00 AM,0,0,0
04/23/2020 04:00:00 AM,0,0,0
04/23/2020 05:00:00 AM,0,0,0
04/23/2020 06:00:00 AM,0,0,0
04/23/2020 07:00:00 AM,0,0,0
04/23/2020 08:00:00 AM,0,0,0
04/23/2020 09:00:00 AM,0,0,0
04/23/2020 10:00:00 AM,0,0,0
04/23/2020 11:00:00 AM,0,0,0
04/23/2020 12:00:00 PM,0,0,0
04/23/2020 01:00:00 PM,0,0,0
04/23/2020 02:00:00 PM,0,0,0
04/23/2020 03:00:00 PM,0,0,0
04/23/2020 04:00:00 PM,0,0,0
04/23/2020 05:00:00 PM,0,0,0
04/23/2020 06:00:00 PM,0,0,0
04/23/2020 07:00:00 PM,0,0,0
04/23/2020 08:00:00 PM,0,0,0
04/23/2020 09:00:00 PM,0,0,0
04/23/2020 10:00:00 PM,0,0,0
04/23/2020 11:00:00 PM,0,0,0
04/24/2020 12:00:00 AM,0,0,0
04/24/2020 01:00:00 AM,0,0,0
04/24/2020 02:00:00 AM,0,0,0
04/24/2020 03:00:00 AM,0,0,0
04/24/2020 04:00:00 AM,0,0,0
04/24/2020 05:00:00 AM,0,0,0
04/24/2020 06:00:00 AM,0,0,0
04/24/2020 07:00:00 AM,0,0,0
04/24/2020 08:00:00 AM,0,0,0
04/24/2020 09:00:00 AM,0,0,0
04/24/2020 10:00:00 AM,0,0,0
04/24/2020 11:00:00 AM,0,0,0
04/24/2020 12:00:00 PM,0,0,0
04/24/2020 01:00:00 PM,0,0,0
04/24/2020 02:00:00 PM,0,0,0
04/24/2020 03:00:00 PM,0,0,0
04/24/2020 04:00:00 PM,0,0,0
04/24/2020 05:00:00 PM,0,0,0
04/24/2020 06:00:00 PM,0,0,0
04/24/2020 07:00:00 PM,0,0,0
04/24/2020 08:00:00 PM,0,0,0
04/24/2020 09:00:00 PM,0,0,0
04/24/2020 10:00:00 PM,0,0,0
04/24/2020 11:00:00 PM,0,0,0
04/25/2020 12:00:00 AM,0,0,0
04/25/2020 01:00:00 AM,0,0,0
04/25/2020 02:00:00 AM,0,0,0
04/25/2020 03:00:00 AM,0,0,0
04/25/2020 04:00:00 AM,0,0,0
04/25/2020 05:00:00 AM,0,0,0
04/25/2020 06:00:00 AM,0,0,0
04/25/2020 07:00:00 AM,0,0,0
04/25/2020 08:00:00 AM,0,0,0
04/25/2020 09:00:00 AM,0,0,0
04/25/2020 10:00:00 AM,0,0,0
04/25/2020 11:00:00 AM,0,0,0
04/25/2020 12:00:00 PM,0,0,0
04/25/2020 01:00:00 PM,0,0,0
04/25/2020 02:00:00 PM,0,0,0
04/25/2020 03:00:00 PM,0,0,0
04/25/2020 04:00:00 PM,0,0,0
04/25/2020 05:00:00 PM,0,0,0
04/25/2020 06:00:00 PM,0,0,0
04/25/2020 07:00:00 PM,0,0,0
04/25/2020 08:00:00 PM,0,0,0
04/25/2020 09:00:00 PM,0,0,0
04/25/2020 10:00:00 PM,1,0,1
04/25/2020 11:00:00 PM,0,0,0
04/26/2020 12:00:00 AM,0,0,0
04/26/2020 01:00:00 AM,0,0,0
04/26/2020 02:00:00 AM,0,0,0
04/26/2020 03:00:00 AM,0,0,0
04/26/2020 04:00:00 AM,0,0,0
04/26/2020 05:00:00 AM,0,0,0
04/26/2020 06:00:00 AM,0,0,0
04/26/2020 07:00:00 AM,0,0,0
04/26/2020 08:00:00 AM,0,0,0
04/26/2020 09:00:00 AM,0,0,0
04/26/2020 10:00:00 AM,0,0,0
04/26/2020 11:00:00 AM,0,0,0
04/26/2020 12:00:00 PM,0,0,0
04/26/2020 01:00:00 PM,0,0,0
04/26/2020 02:00:00 PM,0,0,0
04/26/2020 03:00:00 PM,0,0,0
04/26/2020 04:00:00 PM,0,0,0
04/26/2020 05:00:00 PM,0,0,0
04/26/2020 06:00:00 PM,0,0,0
04/26/2020 07:00:00 PM,0,0,0
04/26/2020 08:00:00 PM,0,0,0
04/26/2020 09:00:00 PM,0,0,0
04/26/2020 10:00:00 PM,0,0,0
04/26/2020 11:00:00 PM,0,0,0
04/27/2020 12:00:00 AM,0,0,0
04/27/2020 01:00:00 AM,0,0,0
04/27/2020 02:00:00 AM,0,0,0
04/27/2020 03:00:00 AM,0,0,0
04/27/2020 04:00:00 AM,0,0,0
04/27/2020 05:00:00 AM,0,0,0
04/27/2020 06:00:00 AM,0,0,0
04/27/2020 07:00:00 AM,0,0,0
04/27/2020 08:00:00 AM,0,0,0
04/27/2020 09:00:00 AM,0,0,0
04/27/2020 10:00:00 AM,0,0,0
04/27/2020 11:00:00 AM,0,0,0
04/27/2020 12:00:00 PM,0,0,0
04/27/2020 01:00:00 PM,0,0,0
04/27/2020 02:00:00 PM,0,0,0
04/27/2020 03:00:00 PM,0,0,0
04/27/2020 04:00:00 PM,0,0,0
04/27/2020 05:00:00 PM,0,0,0
04/27/2020 06:00:00 PM,0,0,0
04/27/2020 07:00:00 PM,0,0,0
04/27/2020 08:00:00 PM,0,0,0
04/27/2020 09:00:00 PM,0,0,0
04/27/2020 10:00:00 PM,0,0,0
04/27/2020 11:00:00 PM,0,0,0
04/28/2020 12:00:00 AM,0,0,0
04/28/2020 01:00:00 AM,0,0,0
04/28/2020 02:00:00 AM,0,0,0
04/28/2020 03:00:00 AM,0,0,0
04/28/2020 04:00:00 AM,0,0,0
04/28/2020 05:00:00 AM,0,0,0
04/28/2020 06:00:00 AM,0,0,0
04/28/2020 07:00:00 AM,0,0,0
04/28/2020 08:00:00 AM,0,0,0
04/28/2020 09:00:00 AM,0,0,0
04/28/2020 10:00:00 AM,0,0,0
04/28/2020 11:00:00 AM,0,0,0
04/28/2020 12:00:00 PM,0,0,0
04/28/2020 01:00:00 PM,0,0,0
04/28/2020 02:00:00 PM,0,0,0
04/28/2020 03:00:00 PM,0,0,0
04/28/2020 04:00:00 PM,0,0,0
04/28/2020 05:00:00 PM,0,0,0
04/28/2020 06:00:00 PM,0,0,0
04/28/2020 07:00:00 PM,0,0,0
04/28/2020 08:00:00 PM,0,0,0
04/28/2020 09:00:00 PM,0,0,0
04/28/2020 10:00:00 PM,0,0,0
04/28/2020 11:00:00 PM,0,0,0
04/29/2020 12:00:00 AM,0,0,0
04/29/2020 01:00:00 AM,0,0,0
04/29/2020 02:00:00 AM,0,0,0
04/29/2020 03:00:00 AM,0,0,0
04/29/2020 04:00:00 AM,0,0,0
04/29/2020 05:00:00 AM,0,0,0
04/29/2020 06:00:00 AM,0,0,0
04/29/2020 07:00:00 AM,0,0,0
04/29/2020 08:00:00 AM,0,0,0
04/29/2020 09:00:00 AM,0,0,0
04/29/2020 10:00:00 AM,0,0,0
04/29/2020 11:00:00 AM,0,0,0
04/29/2020 12:00:00 PM,0,0,0
04/29/2020 01:00:00 PM,0,0,0
04/29/2020 02:00:00 PM,0,0,0
04/29/2020 03:00:00 PM,0,0,0
04/29/2020 04:00:00 PM,0,0,0
04/29/2020 05:00:00 PM,0,0,0
04/29/2020 06:00:00 PM,0,0,0
04/29/2020 07:00:00 PM,0,0,0
04/29/2020 08:00:00 PM,0,0,0
04/29/2020 09:00:00 PM,0,0,0
04/29/2020 10:00:00 PM,0,0,0
04/29/2020 11:00:00 PM,0,0,0
04/30/2020 12:00:00 AM,0,0,0
04/30/2020 01:00:00 AM,0,0,0
04/30/2020 02:00:00 AM,0,0,0
04/30/2020 03:00:00 AM,0,0,0
04/30/2020 04:00:00 AM,0,0,0
04/30/2020 05:00:00 AM,0,0,0
04/30/2020 06:00:00 AM,0,0,0
04/30/2020 07:00:00 AM,0,0,0
04/30/2020 08:00:00 AM,0,0,0
04/30/2020 09:00:00 AM,0,0,0
04/30/2020 10:00:00 AM,0,0,0
04/30/2020 11:00:00 AM,0,0,0
04/30/2020 12:00:00 PM,0,0,0
04/30/2020 01:00:00 PM,0,0,0
04/30/2020 02:00:00 PM,0,0,0
04/30/2020 03:00:00 PM,0,0,0
04/30/2020 04:00:00 PM,0,0,0
04/30/2020 05:00:00 PM,0,0,0
04/30/2020 06:00:00 PM,0,0,0
04/30/2020 07:00:00 PM,0,0,0
04/30/2020 08:00:00 PM,0,0,0
04/30/2020 09:00:00 PM,0,0,0
04/30/2020 10:00:00 PM,0,0,0
04/30/2020 11:00:00 PM,0,0,0
05/01/2020 12:00:00 AM,0,0,0
05/01/2020 01:00:00 AM,0,0,0
05/01/2020 02:00:00 AM,0,0,0
05/01/2020 03:00:00 AM,0,0,0
05/01/2020 04:00:00 AM,0,0,0
05/01/2020 05:00:00 AM,0,0,0
05/01/2020 06:00:00 AM,0,0,0
05/01/2020 07:00:00 AM,0,0,0
05/01/2020 08:00:00 AM,0,0,0
05/01/2020 09:00:00 AM,0,0,0
05/01/2020 10:00:00 AM,0,0,0
05/01/2020 11:00:00 AM,0,0,0
05/01/2020 12:00:00 PM,0,0,0
05/01/2020 01:00:00 PM,0,0,0
05/01/2020 02:00:00 PM,0,0,0
05/01/2020 03:00:00 PM,0,0,0
05/01/2020 04:00:00 PM,0,0,0
05/01/2020 05:00:00 PM,0,0,0
05/01/2020 06:00:00 PM,0,0,0
05/01/2020 07:00:00 PM,0,0,0
05/01/2020 08:00:00 PM,0,0,0
05/01/2020 09:00:00 PM,0,0,0
05/01/2020 10:00:00 PM,0,0,0
05/01/2020 11:00:00 PM,0,0,0
05/02/2020 12:00:00 AM,0,0,0
05/02/2020 01:00:00 AM,0,0,0
05/02/2020 02:00:00 AM,0,0,0
05/02/2020 03:00:00 AM,0,0,0
05/02/2020 04:00:00 AM,0,0,0
05/02/2020 05:00:00 AM,0,0,0
05/02/2020 06:00:00 AM,0,0,0
05/02/2020 07:00:00 AM,0,0,0
05/02/2020 08:00:00 AM,0,0,0
05/02/2020 09:00:00 AM,0,0,0
05/02/2020 10:00:00 AM,0,0,0
05/02/2020 11:00:00 AM,0,0,0
05/02/2020 12:00:00 PM,0,0,0
05/02/2020 01:00:00 PM,0,0,0
05/02/2020 02:00:00 PM,0,0,0
05/02/2020 03:00:00 PM,0,0,0
05/02/2020 04:00:00 PM,0,0,0
05/02/2020 05:00:00 PM,0,0,0
05/02/2020 06:00:00 PM,0,0,0
05/02/2020 07:00:00 PM,0,0,0
05/02/2020 08:00:00 PM,0,0,0
05/02/2020 09:00:00 PM,0,0,0
05/02/2020 10:00:00 PM,0,0,0
05/02/2020 11:00:00 PM,0,0,0
05/03/2020 12:00:00 AM,0,0,0
05/03/2020 01:00:00 AM,0,0,0
05/03/2020 02:00:00 AM,0,0,0
05/03/2020 03:00:00 AM,0,0,0
05/03/2020 04:00:00 AM,0,0,0
05/03/2020 05:00:00 AM,0,0,0
05/03/2020 06:00:00 AM,0,0,0
05/03/2020 07:00:00 AM,0,0,0
05/03/2020 08:00:00 AM,0,0,0
05/03/2020 09:00:00 AM,0,0,0
05/03/2020 10:00:00 AM,0,0,0
05/03/2020 11:00:00 AM,0,0,0
05/03/2020 12:00:00 PM,0,0,0
05/03/2020 01:00:00 PM,0,0,0
05/03/2020 02:00:00 PM,0,0,0
05/03/2020 03:00:00 PM,0,0,0
05/03/2020 04:00:00 PM,0,0,0
05/03/2020 05:00:00 PM,0,0,0
05/03/2020 06:00:00 PM,0,0,0
05/03/2020 07:00:00 PM,0,0,0
05/03/2020 08:00:00 PM,0,0,0
05/03/2020 09:00:00 PM,0,0,0
05/03/2020 10:00:00 PM,0,0,0
05/03/2020 11:00:00 PM,0,0,0
05/04/2020 12:00:00 AM,0,0,0
05/04/2020 01:00:00 AM,0,0,0
05/04/2020 02:00:00 AM,0,0,0
05/04/2020 03:00:00 AM,0,0,0
05/04/2020 04:00:00 AM,0,0,0
05/04/2020 05:00:00 AM,0,0,0
05/04/2020 06:00:00 AM,0,0,0
05/04/2020 07:00:00 AM,0,0,0
05/04/2020 08:00:00 AM,0,0,0
05/04/2020 09:00:00 AM,0,0,0
05/04/2020 10:00:00 AM,0,0,0
05/04/2020 11:00:00 AM,0,0,0
05/04/2020 12:00:00 PM,0,0,0
05/04/2020 01:00:00 PM,15,9,6
05/04/2020 02:00:00 PM,83,47,36
05/04/2020 03:00:00 PM,114,69,45
05/04/2020 04:00:00 PM,119,75,44
05/04/2020 05:00:00 PM,170,104,66
05/04/2020 06:00:00 PM,152,88,64
05/04/2020 07:00:00 PM,88,41,47
05/04/2020 08:00:00 PM,35,19,16
05/04/2020 09:00:00 PM,12,5,7
05/04/2020 10:00:00 PM,5,1,4
05/04/2020 11:00:00 PM,4,3,1
05/05/2020 12:00:00 AM,5,5,0
05/05/2020 01:00:00 AM,1,0,1
05/05/2020 02:00:00 AM,0,0,0
05/05/2020 03:00:00 AM,0,0,0
05/05/2020 04:00:00 AM,1,1,0
05/05/2020 05:00:00 AM,17,6,11
05/05/2020 06:00:00 AM,22,10,12
05/05/2020 07:00:00 AM,52,15,37
05/05/2020 08:00:00 AM,68,20,48
05/05/2020 09:00:00 AM,44,21,23
05/05/2020 10:00:00 AM,34,9,25
05/05/2020 11:00:00 AM,61,27,34
05/05/2020 12:00:00 PM,69,34,35
05/05/2020 01:00:00 PM,82,50,32
05/05/2020 02:00:00 PM,106,63,43
05/05/2020 03:00:00 PM,132,84,48
05/05/2020 04:00:00 PM,180,112,68
05/05/2020 05:00:00 PM,201,119,82
05/05/2020 06:00:00 PM,210,120,90
05/05/2020 07:00:00 PM,115,56,59
05/05/2020 08:00:00 PM,60,31,29
05/05/2020 09:00:00 PM,24,8,16
05/05/2020 10:00:00 PM,9,7,2
05/05/2020 11:00:00 PM,4,3,1
05/06/2020 12:00:00 AM,4,1,3
05/06/2020 01:00:00 AM,0,0,0
05/06/2020 02:00:00 AM,0,0,0
05/06/2020 03:00:00 AM,2,2,0
05/06/2020 04:00:00 AM,2,1,1
05/06/2020 05:00:00 AM,13,5,8
05/06/2020 06:00:00 AM,14,5,9
05/06/2020 07:00:00 AM,35,8,27
05/06/2020 08:00:00 AM,36,10,26
05/06/2020 09:00:00 AM,33,11,22
05/06/2020 10:00:00 AM,25,6,19
05/06/2020 11:00:00 AM,33,17,16
05/06/2020 12:00:00 PM,37,22,15
05/06/2020 01:00:00 PM,31,19,12
05/06/2020 02:00:00 PM,38,26,12
05/06/2020 03:00:00 PM,72,39,33
05/06/2020 04:00:00 PM,92,62,30
05/06/2020 05:00:00 PM,144,98,46
05/06/2020 06:00:00 PM,111,59,52
05/06/2020 07:00:00 PM,81,36,45
05/06/2020 08:00:00 PM,33,17,16
05/06/2020 09:00:00 PM,27,12,15
05/06/2020 10:00:00 PM,9,7,2
05/06/2020 11:00:00 PM,2,2,0
05/07/2020 12:00:00 AM,2,2,0
05/07/2020 01:00:00 AM,1,0,1
05/07/2020 02:00:00 AM,0,0,0
05/07/2020 03:00:00 AM,0,0,0
05/07/2020 04:00:00 AM,1,1,0
05/07/2020 05:00:00 AM,16,9,7
05/07/2020 06:00:00 AM,34,9,25
05/07/2020 07:00:00 AM,58,21,37
05/07/2020 08:00:00 AM,68,17,51
05/07/2020 09:00:00 AM,62,33,29
05/07/2020 10:00:00 AM,48,13,35
05/07/2020 11:00:00 AM,69,34,35
05/07/2020 12:00:00 PM,72,37,35
05/07/2020 01:00:00 PM,72,38,34
05/07/2020 02:00:00 PM,104,48,56
05/07/2020 03:00:00 PM,120,85,35
05/07/2020 04:00:00 PM,181,127,54
05/07/2020 05:00:00 PM,226,145,81
05/07/2020 06:00:00 PM,219,115,104
05/07/2020 07:00:00 PM,131,64,67
05/07/2020 08:00:00 PM,88,40,48
05/07/2020 09:00:00 PM,15,7,8
05/07/2020 10:00:00 PM,11,5,6
05/07/2020 11:00:00 PM,4,3,1
05/08/2020 12:00:00 AM,2,1,1
05/08/2020 01:00:00 AM,1,1,0
05/08/2020 02:00:00 AM,2,2,0
05/08/2020 03:00:00 AM,0,0,0
05/08/2020 04:00:00 AM,1,1,0
05/08/2020 05:00:00 AM,10,4,6
05/08/2020 06:00:00 AM,35,11,24
05/08/2020 07:00:00 AM,66,26,40
05/08/2020 08:00:00 AM,54,15,39
05/08/2020 09:00:00 AM,65,20,45
05/08/2020 10:00:00 AM,51,21,30
05/08/2020 11:00:00 AM,71,28,43
05/08/2020 12:00:00 PM,116,70,46
05/08/2020 01:00:00 PM,100,62,38
05/08/2020 02:00:00 PM,144,76,68
05/08/2020 03:00:00 PM,178,104,74
05/08/2020 04:00:00 PM,179,122,57
05/08/2020 05:00:00 PM,219,141,78
05/08/2020 06:00:00 PM,191,108,83
05/08/2020 07:00:00 PM,127,63,64
05/08/2020 08:00:00 PM,109,47,62
05/08/2020 09:00:00 PM,29,9,20
05/08/2020 10:00:00 PM,19,13,6
05/08/2020 11:00:00 PM,8,4,4
05/09/2020 12:00:00 AM,2,0,2
05/09/2020 01:00:00 AM,2,1,1
05/09/2020 02:00:00 AM,1,1,0
05/09/2020 03:00:00 AM,0,0,0
05/09/2020 04:00:00 AM,0,0,0
05/09/2020 05:00:00 AM,4,1,3
05/09/2020 06:00:00 AM,12,6,6
05/09/2020 07:00:00 AM,36,18,18
05/09/2020 08:00:00 AM,48,31,17
05/09/2020 09:00:00 AM,85,51,34
05/09/2020 10:00:00 AM,97,45,52
05/09/2020 11:00:00 AM,146,81,65
05/09/2020 12:00:00 PM,191,109,82
05/09/2020 01:00:00 PM,178,105,73
05/09/2020 02:00:00 PM,153,72,81
05/09/2020 03:00:00 PM,211,95,116
05/09/2020 04:00:00 PM,197,93,104
05/09/2020 05:00:00 PM,156,67,89
05/09/2020 06:00:00 PM,124,49,75
05/09/2020 07:00:00 PM,102,57,45
05/09/2020 08:00:00 PM,50,16,34
05/09/2020 09:00:00 PM,41,14,27
05/09/2020 10:00:00 PM,12,9,3
05/09/2020 11:00:00 PM,12,3,9
05/10/2020 12:00:00 AM,2,1,1
05/10/2020 01:00:00 AM,2,1,1
05/10/2020 02:00:00 AM,3,1,2
05/10/2020 03:00:00 AM,0,0,0
05/10/2020 04:00:00 AM,1,0,1
05/10/2020 05:00:00 AM,4,1,3
05/10/2020 06:00:00 AM,6,3,3
05/10/2020 07:00:00 AM,25,16,9
05/10/2020 08:00:00 AM,44,18,26
05/10/2020 09:00:00 AM,107,63,44
05/10/2020 10:00:00 AM,127,66,61
05/10/2020 11:00:00 AM,148,76,72
05/10/2020 12:00:00 PM,151,81,70
05/10/2020 01:00:00 PM,180,106,74
05/10/2020 02:00:00 PM,156,71,85
05/10/2020 03:00:00 PM,183,98,85
05/10/2020 04:00:00 PM,176,92,84
05/10/2020 05:00:00 PM,158,70,88
05/10/2020 06:00:00 PM,104,39,65
05/10/2020 07:00:00 PM,74,35,39
05/10/2020 08:00:00 PM,54,17,37
05/10/2020 09:00:00 PM,28,14,14
05/10/2020 10:00:00 PM,9,4,5
05/10/2020 11:00:00 PM,5,4,1
05/11/2020 12:00:00 AM,1,0,1
05/11/2020 01:00:00 AM,0,0,0
05/11/2020 02:00:00 AM,2,2,0
05/11/2020 03:00:00 AM,0,0,0
05/11/2020 04:00:00 AM,1,0,1
05/11/2020 05:00:00 AM,16,9,7
05/11/2020 06:00:00 AM,33,10,23
05/11/2020 07:00:00 AM,56,21,35
05/11/2020 08:00:00 AM,64,13,51
05/11/2020 09:00:00 AM,57,24,33
05/11/2020 10:00:00 AM,31,17,14
05/11/2020 11:00:00 AM,74,32,42
05/11/2020 12:00:00 PM,54,31,23
05/11/2020 01:00:00 PM,79,45,34
05/11/2020 02:00:00 PM,104,56,48
05/11/2020 03:00:00 PM,110,65,45
05/11/2020 04:00:00 PM,99,64,35
05/11/2020 05:00:00 PM,103,73,30
05/11/2020 06:00:00 PM,51,28,23
05/11/2020 07:00:00 PM,29,22,7
05/11/2020 08:00:00 PM,9,4,5
05/11/2020 09:00:00 PM,2,2,0
05/11/2020 10:00:00 PM,3,2,1
05/11/2020 11:00:00 PM,1,1,0
05/12/2020 12:00:00 AM,1,0,1
05/12/2020 01:00:00 AM,0,0,0
05/12/2020 02:00:00 AM,2,2,0
05/12/2020 03:00:00 AM,0,0,0
05/12/2020 04:00:00 AM,0,0,0
05/12/2020 05:00:00 AM,9,3,6
05/12/2020 06:00:00 AM,33,12,21
05/12/2020 07:00:00 AM,46,19,27
05/12/2020 08:00:00 AM,66,18,48
05/12/2020 09:00:00 AM,40,16,24
05/12/2020 10:00:00 AM,35,12,23
05/12/2020 11:00:00 AM,32,14,18
05/12/2020 12:00:00 PM,33,16,17
05/12/2020 01:00:00 PM,29,18,11
05/12/2020 02:00:00 PM,42,22,20
05/12/2020 03:00:00 PM,83,50,33
05/12/2020 04:00:00 PM,115,76,39
05/12/2020 05:00:00 PM,107,67,40
05/12/2020 06:00:00 PM,88,54,34
05/12/2020 07:00:00 PM,72,38,34
05/12/2020 08:00:00 PM,27,11,16
05/12/2020 09:00:00 PM,6,5,1
05/12/2020 10:00:00 PM,10,4,6
05/12/2020 11:00:00 PM,3,2,1
05/13/2020 12:00:00 AM,4,4,0
05/13/2020 01:00:00 AM,1,1,0
05/13/2020 02:00:00 AM,0,0,0
05/13/2020 03:00:00 AM,1,1,0
05/13/2020 04:00:00 AM,3,2,1
05/13/2020 05:00:00 AM,18,5,13
05/13/2020 06:00:00 AM,22,7,15
05/13/2020 07:00:00 AM,47,12,35
05/13/2020 08:00:00 AM,63,17,46
05/13/2020 09:00:00 AM,51,19,32
05/13/2020 10:00:00 AM,42,18,24
05/13/2020 11:00:00 AM,36,20,16
05/13/2020 12:00:00 PM,55,26,29
05/13/2020 01:00:00 PM,45,19,26
05/13/2020 02:00:00 PM,77,46,31
05/13/2020 03:00:00 PM,122,71,51
05/13/2020 04:00:00 PM,146,99,47
05/13/2020 05:00:00 PM,177,105,72
05/13/2020 06:00:00 PM,122,29,93
05/13/2020 07:00:00 PM,146,55,91
05/13/2020 08:00:00 PM,56,28,28
05/13/2020 09:00:00 PM,22,5,17
05/13/2020 10:00:00 PM,7,4,3
05/13/2020 11:00:00 PM,4,2,2
05/14/2020 12:00:00 AM,3,1,2
05/14/2020 01:00:00 AM,1,0,1
05/14/2020 02:00:00 AM,0,0,0
05/14/2020 03:00:00 AM,1,1,0
05/14/2020 04:00:00 AM,0,0,0
05/14/2020 05:00:00 AM,10,3,7
05/14/2020 06:00:00 AM,14,3,11
05/14/2020 07:00:00 AM,30,7,23
05/14/2020 08:00:00 AM,31,5,26
05/14/2020 09:00:00 AM,12,0,12
05/14/2020 10:00:00 AM,18,2,16
05/14/2020 11:00:00 AM,16,3,13
05/14/2020 12:00:00 PM,33,9,24
05/14/2020 01:00:00 PM,32,12,20
05/14/2020 02:00:00 PM,24,6,18
05/14/2020 03:00:00 PM,39,3,36
05/14/2020 04:00:00 PM,58,0,58
05/14/2020 05:00:00 PM,131,5,126
05/14/2020 06:00:00 PM,144,4,140
05/14/2020 07:00:00 PM,105,7,98
05/14/2020 08:00:00 PM,27,4,23
05/14/2020 09:00:00 PM,21,2,19
05/14/2020 10:00:00 PM,8,0,8
05/14/2020 11:00:00 PM,7,4,3
05/15/2020 12:00:00 AM,3,2,1
05/15/2020 01:00:00 AM,0,0,0
05/15/2020 02:00:00 AM,2,1,1
05/15/2020 03:00:00 AM,2,0,2
05/15/2020 04:00:00 AM,1,0,1
05/15/2020 05:00:00 AM,10,6,4
05/15/2020 06:00:00 AM,20,13,7
05/15/2020 07:00:00 AM,37,23,14
05/15/2020 08:00:00 AM,34,20,14
05/15/2020 09:00:00 AM,32,15,17
05/15/2020 10:00:00 AM,27,11,16
05/15/2020 11:00:00 AM,48,19,29
05/15/2020 12:00:00 PM,73,35,38
05/15/2020 01:00:00 PM,100,60,40
05/15/2020 02:00:00 PM,126,67,59
05/15/2020 03:00:00 PM,186,116,70
05/15/2020 04:00:00 PM,236,133,103
05/15/2020 05:00:00 PM,226,133,93
05/15/2020 06:00:00 PM,220,110,110
05/15/2020 07:00:00 PM,70,37,33
05/15/2020 08:00:00 PM,21,1,20
05/15/2020 09:00:00 PM,25,5,20
05/15/2020 10:00:00 PM,10,0,10
05/15/2020 11:00:00 PM,5,2,3
05/16/2020 12:00:00 AM,0,0,0
05/16/2020 01:00:00 AM,0,0,0
05/16/2020 02:00:00 AM,0,0,0
05/16/2020 03:00:00 AM,0,0,0
05/16/2020 04:00:00 AM,0,0,0
05/16/2020 05:00:00 AM,0,0,0
05/16/2020 06:00:00 AM,1,0,1
05/16/2020 07:00:00 AM,2,0,2
05/16/2020 08:00:00 AM,3,2,1
05/16/2020 09:00:00 AM,2,0,2
05/16/2020 10:00:00 AM,11,0,11
05/16/2020 11:00:00 AM,19,1,18
05/16/2020 12:00:00 PM,33,1,32
05/16/2020 01:00:00 PM,17,0,17
05/16/2020 02:00:00 PM,13,2,11
05/16/2020 03:00:00 PM,12,0,12
05/16/2020 04:00:00 PM,15,0,15
05/16/2020 05:00:00 PM,12,0,12
05/16/2020 06:00:00 PM,10,0,10
05/16/2020 07:00:00 PM,11,0,11
05/16/2020 08:00:00 PM,9,1,8
05/16/2020 09:00:00 PM,1,0,1
05/16/2020 10:00:00 PM,0,0,0
05/16/2020 11:00:00 PM,0,0,0
05/17/2020 12:00:00 AM,0,0,0
05/17/2020 01:00:00 AM,0,0,0
05/17/2020 02:00:00 AM,0,0,0
05/17/2020 03:00:00 AM,0,0,0
05/17/2020 04:00:00 AM,0,0,0
05/17/2020 05:00:00 AM,1,0,1
05/17/2020 06:00:00 AM,1,0,1
05/17/2020 07:00:00 AM,9,1,8
05/17/2020 08:00:00 AM,7,0,7
05/17/2020 09:00:00 AM,29,1,28
05/17/2020 10:00:00 AM,26,2,24
05/17/2020 11:00:00 AM,67,5,62
05/17/2020 12:00:00 PM,110,5,105
05/17/2020 01:00:00 PM,128,2,126
05/17/2020 02:00:00 PM,144,3,141
05/17/2020 03:00:00 PM,145,1,144
05/17/2020 04:00:00 PM,170,7,163
05/17/2020 05:00:00 PM,192,10,182
05/17/2020 06:00:00 PM,103,4,99
05/17/2020 07:00:00 PM,0,0,0
05/17/2020 08:00:00 PM,0,0,0
05/17/2020 09:00:00 PM,0,0,0
05/17/2020 10:00:00 PM,0,0,0
05/17/2020 11:00:00 PM,0,0,0
05/18/2020 12:00:00 AM,0,0,0
05/18/2020 01:00:00 AM,0,0,0
05/18/2020 02:00:00 AM,0,0,0
05/18/2020 03:00:00 AM,0,0,0
05/18/2020 04:00:00 AM,0,0,0
05/18/2020 05:00:00 AM,0,0,0
05/18/2020 06:00:00 AM,0,0,0
05/18/2020 07:00:00 AM,0,0,0
05/18/2020 08:00:00 AM,0,0,0
05/18/2020 09:00:00 AM,0,0,0
05/18/2020 10:00:00 AM,0,0,0
05/18/2020 11:00:00 AM,0,0,0
05/18/2020 12:00:00 PM,0,0,0
05/18/2020 01:00:00 PM,0,0,0
05/18/2020 02:00:00 PM,0,0,0
05/18/2020 03:00:00 PM,0,0,0
05/18/2020 04:00:00 PM,0,0,0
05/18/2020 05:00:00 PM,0,0,0
05/18/2020 06:00:00 PM,0,0,0
05/18/2020 07:00:00 PM,0,0,0
05/18/2020 08:00:00 PM,0,0,0
05/18/2020 09:00:00 PM,0,0,0
05/18/2020 10:00:00 PM,0,0,0
05/18/2020 11:00:00 PM,0,0,0
05/19/2020 12:00:00 AM,0,0,0
05/19/2020 01:00:00 AM,0,0,0
05/19/2020 02:00:00 AM,0,0,0
05/19/2020 03:00:00 AM,0,0,0
05/19/2020 04:00:00 AM,0,0,0
05/19/2020 05:00:00 AM,0,0,0
05/19/2020 06:00:00 AM,0,0,0
05/19/2020 07:00:00 AM,0,0,0
05/19/2020 08:00:00 AM,0,0,0
05/19/2020 09:00:00 AM,0,0,0
05/19/2020 10:00:00 AM,0,0,0
05/19/2020 11:00:00 AM,0,0,0
05/19/2020 12:00:00 PM,0,0,0
05/19/2020 01:00:00 PM,1,1,0
05/19/2020 02:00:00 PM,0,0,0
05/19/2020 03:00:00 PM,1,0,1
05/19/2020 04:00:00 PM,0,0,0
05/19/2020 05:00:00 PM,1,0,1
05/19/2020 06:00:00 PM,0,0,0
05/19/2020 07:00:00 PM,1,0,1
05/19/2020 08:00:00 PM,54,18,36
05/19/2020 09:00:00 PM,3,1,2
05/19/2020 10:00:00 PM,2,1,1
05/19/2020 11:00:00 PM,1,1,0
05/20/2020 12:00:00 AM,0,0,0
05/20/2020 01:00:00 AM,0,0,0
05/20/2020 02:00:00 AM,0,0,0
05/20/2020 03:00:00 AM,0,0,0
05/20/2020 04:00:00 AM,1,0,1
05/20/2020 05:00:00 AM,3,0,3
05/20/2020 06:00:00 AM,8,1,7
05/20/2020 07:00:00 AM,33,3,30
05/20/2020 08:00:00 AM,62,3,59
05/20/2020 09:00:00 AM,34,3,31
05/20/2020 10:00:00 AM,23,2,21
05/20/2020 11:00:00 AM,23,0,23
05/20/2020 12:00:00 PM,20,3,17
05/20/2020 01:00:00 PM,27,2,25
05/20/2020 02:00:00 PM,19,2,17
05/20/2020 03:00:00 PM,27,0,27
05/20/2020 04:00:00 PM,30,7,23
05/20/2020 05:00:00 PM,20,3,17
05/20/2020 06:00:00 PM,18,4,14
05/20/2020 07:00:00 PM,13,1,12
05/20/2020 08:00:00 PM,6,0,6
05/20/2020 09:00:00 PM,6,0,6
05/20/2020 10:00:00 PM,0,0,0
05/20/2020 11:00:00 PM,2,0,2
05/21/2020 12:00:00 AM,1,0,1
05/21/2020 01:00:00 AM,0,0,0
05/21/2020 02:00:00 AM,0,0,0
05/21/2020 03:00:00 AM,1,1,0
05/21/2020 04:00:00 AM,0,0,0
05/21/2020 05:00:00 AM,8,0,8
05/21/2020 06:00:00 AM,8,0,8
05/21/2020 07:00:00 AM,24,1,23
05/21/2020 08:00:00 AM,28,0,28
05/21/2020 09:00:00 AM,21,2,19
05/21/2020 10:00:00 AM,6,0,6
05/21/2020 11:00:00 AM,16,1,15
05/21/2020 12:00:00 PM,34,6,28
05/21/2020 01:00:00 PM,32,13,19
05/21/2020 02:00:00 PM,44,16,28
05/21/2020 03:00:00 PM,42,28,14
05/21/2020 04:00:00 PM,58,33,25
05/21/2020 05:00:00 PM,55,41,14
05/21/2020 06:00:00 PM,55,27,28
05/21/2020 07:00:00 PM,41,19,22
05/21/2020 08:00:00 PM,29,14,15
05/21/2020 09:00:00 PM,13,5,8
05/21/2020 10:00:00 PM,4,3,1
05/21/2020 11:00:00 PM,4,2,2
05/22/2020 12:00:00 AM,0,0,0
05/22/2020 01:00:00 AM,3,2,1
05/22/2020 02:00:00 AM,0,0,0
05/22/2020 03:00:00 AM,1,1,0
05/22/2020 04:00:00 AM,2,1,1
05/22/2020 05:00:00 AM,12,3,9
05/22/2020 06:00:00 AM,34,9,25
05/22/2020 07:00:00 AM,55,16,39
05/22/2020 08:00:00 AM,58,11,47
05/22/2020 09:00:00 AM,45,10,35
05/22/2020 10:00:00 AM,60,23,37
05/22/2020 11:00:00 AM,63,30,33
05/22/2020 12:00:00 PM,79,48,31
05/22/2020 01:00:00 PM,86,41,45
05/22/2020 02:00:00 PM,106,58,48
05/22/2020 03:00:00 PM,141,74,67
05/22/2020 04:00:00 PM,161,81,80
05/22/2020 05:00:00 PM,121,82,39
05/22/2020 06:00:00 PM,91,46,45
05/22/2020 07:00:00 PM,40,16,24
05/22/2020 08:00:00 PM,26,15,11
05/22/2020 09:00:00 PM,8,7,1
05/22/2020 10:00:00 PM,2,2,0
05/22/2020 11:00:00 PM,4,2,2
05/23/2020 12:00:00 AM,3,3,0
05/23/2020 01:00:00 AM,1,0,1
05/23/2020 02:00:00 AM,0,0,0
05/23/2020 03:00:00 AM,0,0,0
05/23/2020 04:00:00 AM,1,1,0
05/23/2020 05:00:00 AM,2,1,1
05/23/2020 06:00:00 AM,15,3,12
05/23/2020 07:00:00 AM,14,5,9
05/23/2020 08:00:00 AM,24,16,8
05/23/2020 09:00:00 AM,34,22,12
05/23/2020 10:00:00 AM,90,58,32
05/23/2020 11:00:00 AM,128,77,51
05/23/2020 12:00:00 PM,101,60,41
05/23/2020 01:00:00 PM,163,84,79
05/23/2020 02:00:00 PM,188,104,84
05/23/2020 03:00:00 PM,198,105,93
05/23/2020 04:00:00 PM,166,76,90
05/23/2020 05:00:00 PM,180,86,94
05/23/2020 06:00:00 PM,164,70,94
05/23/2020 07:00:00 PM,106,39,67
05/23/2020 08:00:00 PM,48,18,30
05/23/2020 09:00:00 PM,20,9,11
05/23/2020 10:00:00 PM,13,5,8
05/23/2020 11:00:00 PM,3,1,2
05/24/2020 12:00:00 AM,6,2,4
05/24/2020 01:00:00 AM,2,0,2
05/24/2020 02:00:00 AM,0,0,0
05/24/2020 03:00:00 AM,0,0,0
05/24/2020 04:00:00 AM,1,0,1
05/24/2020 05:00:00 AM,2,1,1
05/24/2020 06:00:00 AM,7,1,6
05/24/2020 07:00:00 AM,17,7,10
05/24/2020 08:00:00 AM,28,11,17
05/24/2020 09:00:00 AM,33,14,19
05/24/2020 10:00:00 AM,67,34,33
05/24/2020 11:00:00 AM,92,53,39
05/24/2020 12:00:00 PM,108,30,78
05/24/2020 01:00:00 PM,89,19,70
05/24/2020 02:00:00 PM,99,11,88
05/24/2020 03:00:00 PM,112,16,96
05/24/2020 04:00:00 PM,132,4,128
05/24/2020 05:00:00 PM,84,5,79
05/24/2020 06:00:00 PM,90,0,90
05/24/2020 07:00:00 PM,55,2,53
05/24/2020 08:00:00 PM,34,2,32
05/24/2020 09:00:00 PM,16,2,14
05/24/2020 10:00:00 PM,0,0,0
05/24/2020 11:00:00 PM,1,1,0
05/25/2020 12:00:00 AM,3,1,2
05/25/2020 01:00:00 AM,0,0,0
05/25/2020 02:00:00 AM,0,0,0
05/25/2020 03:00:00 AM,0,0,0
05/25/2020 04:00:00 AM,0,0,0
05/25/2020 05:00:00 AM,2,2,0
05/25/2020 06:00:00 AM,3,3,0
05/25/2020 07:00:00 AM,3,3,0
05/25/2020 08:00:00 AM,7,6,1
05/25/2020 09:00:00 AM,4,4,0
05/25/2020 10:00:00 AM,5,5,0
05/25/2020 11:00:00 AM,8,5,3
05/25/2020 12:00:00 PM,8,8,0
05/25/2020 01:00:00 PM,11,7,4
05/25/2020 02:00:00 PM,1,0,1
05/25/2020 03:00:00 PM,0,0,0
05/25/2020 04:00:00 PM,14,1,13
05/25/2020 05:00:00 PM,13,0,13
05/25/2020 06:00:00 PM,14,3,11
05/25/2020 07:00:00 PM,7,0,7
05/25/2020 08:00:00 PM,9,0,9
05/25/2020 09:00:00 PM,4,0,4
05/25/2020 10:00:00 PM,0,0,0
05/25/2020 11:00:00 PM,0,0,0
05/26/2020 12:00:00 AM,0,0,0
05/26/2020 01:00:00 AM,0,0,0
05/26/2020 02:00:00 AM,0,0,0
05/26/2020 03:00:00 AM,0,0,0
05/26/2020 04:00:00 AM,0,0,0
05/26/2020 05:00:00 AM,3,0,3
05/26/2020 06:00:00 AM,11,3,8
05/26/2020 07:00:00 AM,23,18,5
05/26/2020 08:00:00 AM,40,29,11
05/26/2020 09:00:00 AM,32,29,3
05/26/2020 10:00:00 AM,15,12,3
05/26/2020 11:00:00 AM,20,18,2
05/26/2020 12:00:00 PM,0,0,0
05/26/2020 01:00:00 PM,4,3,1
05/26/2020 02:00:00 PM,2,0,2
05/26/2020 03:00:00 PM,35,0,35
05/26/2020 04:00:00 PM,86,1,85
05/26/2020 05:00:00 PM,135,14,121
05/26/2020 06:00:00 PM,128,6,122
05/26/2020 07:00:00 PM,146,7,139
05/26/2020 08:00:00 PM,98,2,96
05/26/2020 09:00:00 PM,33,0,33
05/26/2020 10:00:00 PM,2,0,2
05/26/2020 11:00:00 PM,8,1,7
05/27/2020 12:00:00 AM,4,2,2
05/27/2020 01:00:00 AM,1,0,1
05/27/2020 02:00:00 AM,1,0,1
05/27/2020 03:00:00 AM,2,0,2
05/27/2020 04:00:00 AM,3,0,3
05/27/2020 05:00:00 AM,18,0,18
05/27/2020 06:00:00 AM,36,2,34
05/27/2020 07:00:00 AM,64,1,63
05/27/2020 08:00:00 AM,73,2,71
05/27/2020 09:00:00 AM,68,1,67
05/27/2020 10:00:00 AM,63,1,62
05/27/2020 11:00:00 AM,64,3,61
05/27/2020 12:00:00 PM,84,3,81
05/27/2020 01:00:00 PM,70,5,65
05/27/2020 02:00:00 PM,63,1,62
05/27/2020 03:00:00 PM,87,2,85
05/27/2020 04:00:00 PM,88,10,78
05/27/2020 05:00:00 PM,114,7,107
05/27/2020 06:00:00 PM,129,8,121
05/27/2020 07:00:00 PM,121,5,116
05/27/2020 08:00:00 PM,76,3,73
05/27/2020 09:00:00 PM,29,2,27
05/27/2020 10:00:00 PM,8,0,8
05/27/2020 11:00:00 PM,4,2,2
05/28/2020 12:00:00 AM,2,1,1
05/28/2020 01:00:00 AM,2,1,1
05/28/2020 02:00:00 AM,0,0,0
05/28/2020 03:00:00 AM,0,0,0
05/28/2020 04:00:00 AM,0,0,0
05/28/2020 05:00:00 AM,10,0,10
05/28/2020 06:00:00 AM,29,1,28
05/28/2020 07:00:00 AM,64,1,63
05/28/2020 08:00:00 AM,58,0,58
05/28/2020 09:00:00 AM,44,1,43
05/28/2020 10:00:00 AM,34,2,32
05/28/2020 11:00:00 AM,36,0,36
05/28/2020 12:00:00 PM,33,0,33
05/28/2020 01:00:00 PM,44,1,43
05/28/2020 02:00:00 PM,59,2,57
05/28/2020 03:00:00 PM,93,13,80
05/28/2020 04:00:00 PM,80,10,70
05/28/2020 05:00:00 PM,138,2,136
05/28/2020 06:00:00 PM,190,6,184
05/28/2020 07:00:00 PM,151,2,149
05/28/2020 08:00:00 PM,83,7,76
05/28/2020 09:00:00 PM,43,0,43
05/28/2020 10:00:00 PM,19,0,19
05/28/2020 11:00:00 PM,5,1,4
05/29/2020 12:00:00 AM,3,0,3
05/29/2020 01:00:00 AM,3,0,3
05/29/2020 02:00:00 AM,0,0,0
05/29/2020 03:00:00 AM,1,0,1
05/29/2020 04:00:00 AM,1,0,1
05/29/2020 05:00:00 AM,17,0,17
05/29/2020 06:00:00 AM,35,0,35
05/29/2020 07:00:00 AM,70,0,70
05/29/2020 08:00:00 AM,66,1,65
05/29/2020 09:00:00 AM,52,0,52
05/29/2020 10:00:00 AM,43,2,41
05/29/2020 11:00:00 AM,40,0,40
05/29/2020 12:00:00 PM,45,2,43
05/29/2020 01:00:00 PM,58,0,58
05/29/2020 02:00:00 PM,49,0,49
05/29/2020 03:00:00 PM,71,3,68
05/29/2020 04:00:00 PM,93,7,86
05/29/2020 05:00:00 PM,95,3,92
05/29/2020 06:00:00 PM,163,9,154
05/29/2020 07:00:00 PM,114,9,105
05/29/2020 08:00:00 PM,87,6,81
05/29/2020 09:00:00 PM,29,8,21
05/29/2020 10:00:00 PM,26,6,20
05/29/2020 11:00:00 PM,2,0,2
05/30/2020 12:00:00 AM,0,0,0
05/30/2020 01:00:00 AM,0,0,0
05/30/2020 02:00:00 AM,0,0,0
05/30/2020 03:00:00 AM,0,0,0
05/30/2020 04:00:00 AM,0,0,0
05/30/2020 05:00:00 AM,0,0,0
05/30/2020 06:00:00 AM,0,0,0
05/30/2020 07:00:00 AM,0,0,0
05/30/2020 08:00:00 AM,0,0,0
05/30/2020 09:00:00 AM,0,0,0
05/30/2020 10:00:00 AM,0,0,0
05/30/2020 11:00:00 AM,0,0,0
05/30/2020 12:00:00 PM,0,0,0
05/30/2020 01:00:00 PM,0,0,0
05/30/2020 02:00:00 PM,0,0,0
05/30/2020 03:00:00 PM,0,0,0
05/30/2020 04:00:00 PM,0,0,0
05/30/2020 05:00:00 PM,0,0,0
05/30/2020 06:00:00 PM,0,0,0
05/30/2020 07:00:00 PM,0,0,0
05/30/2020 08:00:00 PM,0,0,0
05/30/2020 09:00:00 PM,0,0,0
05/30/2020 10:00:00 PM,0,0,0
05/30/2020 11:00:00 PM,0,0,0
05/31/2020 12:00:00 AM,0,0,0
05/31/2020 01:00:00 AM,0,0,0
05/31/2020 02:00:00 AM,0,0,0
05/31/2020 03:00:00 AM,0,0,0
05/31/2020 04:00:00 AM,0,0,0
05/31/2020 05:00:00 AM,0,0,0
05/31/2020 06:00:00 AM,0,0,0
05/31/2020 07:00:00 AM,0,0,0
05/31/2020 08:00:00 AM,0,0,0
05/31/2020 09:00:00 AM,0,0,0
05/31/2020 10:00:00 AM,0,0,0
05/31/2020 11:00:00 AM,0,0,0
05/31/2020 12:00:00 PM,0,0,0
05/31/2020 01:00:00 PM,0,0,0
05/31/2020 02:00:00 PM,0,0,0
05/31/2020 03:00:00 PM,0,0,0
05/31/2020 04:00:00 PM,0,0,0
05/31/2020 05:00:00 PM,12,11,1
05/31/2020 06:00:00 PM,28,13,15
05/31/2020 07:00:00 PM,24,9,15
05/31/2020 08:00:00 PM,12,5,7
05/31/2020 09:00:00 PM,8,6,2
05/31/2020 10:00:00 PM,9,9,0
05/31/2020 11:00:00 PM,9,9,0
06/01/2020 12:00:00 AM,1,1,0
06/01/2020 01:00:00 AM,1,1,0
06/01/2020 02:00:00 AM,1,1,0
06/01/2020 03:00:00 AM,0,0,0
06/01/2020 04:00:00 AM,1,1,0
06/01/2020 05:00:00 AM,8,8,0
06/01/2020 06:00:00 AM,12,9,3
06/01/2020 07:00:00 AM,29,17,12
06/01/2020 08:00:00 AM,54,8,46
06/01/2020 09:00:00 AM,49,5,44
06/01/2020 10:00:00 AM,34,8,26
06/01/2020 11:00:00 AM,40,4,36
06/01/2020 12:00:00 PM,41,1,40
06/01/2020 01:00:00 PM,31,1,30
06/01/2020 02:00:00 PM,64,7,57
06/01/2020 03:00:00 PM,83,9,74
06/01/2020 04:00:00 PM,93,5,88
06/01/2020 05:00:00 PM,148,36,112
06/01/2020 06:00:00 PM,113,36,77
06/01/2020 07:00:00 PM,78,35,43
06/01/2020 08:00:00 PM,45,22,23
06/01/2020 09:00:00 PM,24,16,8
06/01/2020 10:00:00 PM,8,4,4
06/01/2020 11:00:00 PM,9,6,3
06/02/2020 12:00:00 AM,1,1,0
06/02/2020 01:00:00 AM,0,0,0
06/02/2020 02:00:00 AM,0,0,0
06/02/2020 03:00:00 AM,0,0,0
06/02/2020 04:00:00 AM,1,1,0
06/02/2020 05:00:00 AM,15,7,8
06/02/2020 06:00:00 AM,36,5,31
06/02/2020 07:00:00 AM,68,13,55
06/02/2020 08:00:00 AM,72,18,54
06/02/2020 09:00:00 AM,69,19,50
06/02/2020 10:00:00 AM,59,21,38
06/02/2020 11:00:00 AM,38,20,18
06/02/2020 12:00:00 PM,73,33,40
06/02/2020 01:00:00 PM,71,34,37
06/02/2020 02:00:00 PM,79,41,38
06/02/2020 03:00:00 PM,91,41,50
06/02/2020 04:00:00 PM,100,58,42
06/02/2020 05:00:00 PM,99,58,41
06/02/2020 06:00:00 PM,124,72,52
06/02/2020 07:00:00 PM,75,36,39
06/02/2020 08:00:00 PM,40,23,17
06/02/2020 09:00:00 PM,22,14,8
06/02/2020 10:00:00 PM,25,14,11
06/02/2020 11:00:00 PM,7,4,3
06/03/2020 12:00:00 AM,2,2,0
06/03/2020 01:00:00 AM,1,1,0
06/03/2020 02:00:00 AM,2,1,1
06/03/2020 03:00:00 AM,0,0,0
06/03/2020 04:00:00 AM,1,0,1
06/03/2020 05:00:00 AM,18,6,12
06/03/2020 06:00:00 AM,39,8,31
06/03/2020 07:00:00 AM,56,12,44
06/03/2020 08:00:00 AM,85,10,75
06/03/2020 09:00:00 AM,67,26,41
06/03/2020 10:00:00 AM,37,11,26
06/03/2020 11:00:00 AM,60,25,35
06/03/2020 12:00:00 PM,70,33,37
06/03/2020 01:00:00 PM,108,38,70
06/03/2020 02:00:00 PM,89,42,47
06/03/2020 03:00:00 PM,101,54,47
06/03/2020 04:00:00 PM,57,23,34
06/03/2020 05:00:00 PM,21,6,15
06/03/2020 06:00:00 PM,61,7,54
06/03/2020 07:00:00 PM,34,6,28
06/03/2020 08:00:00 PM,19,1,18
06/03/2020 09:00:00 PM,12,5,7
06/03/2020 10:00:00 PM,4,2,2
06/03/2020 11:00:00 PM,0,0,0
06/04/2020 12:00:00 AM,2,0,2
06/04/2020 01:00:00 AM,0,0,0
06/04/2020 02:00:00 AM,0,0,0
06/04/2020 03:00:00 AM,0,0,0
06/04/2020 04:00:00 AM,0,0,0
06/04/2020 05:00:00 AM,10,0,10
06/04/2020 06:00:00 AM,12,0,12
06/04/2020 07:00:00 AM,21,0,21
06/04/2020 08:00:00 AM,18,0,18
06/04/2020 09:00:00 AM,12,0,12
06/04/2020 10:00:00 AM,6,0,6
06/04/2020 11:00:00 AM,3,0,3
06/04/2020 12:00:00 PM,9,0,9
06/04/2020 01:00:00 PM,24,0,24
06/04/2020 02:00:00 PM,16,0,16
06/04/2020 03:00:00 PM,42,20,22
06/04/2020 04:00:00 PM,38,4,34
06/04/2020 05:00:00 PM,14,0,14
06/04/2020 06:00:00 PM,36,10,26
06/04/2020 07:00:00 PM,27,3,24
06/04/2020 08:00:00 PM,20,8,12
06/04/2020 09:00:00 PM,25,16,9
06/04/2020 10:00:00 PM,0,0,0
06/04/2020 11:00:00 PM,0,0,0
06/05/2020 12:00:00 AM,0,0,0
06/05/2020 01:00:00 AM,0,0,0
06/05/2020 02:00:00 AM,0,0,0
06/05/2020 03:00:00 AM,0,0,0
06/05/2020 04:00:00 AM,0,0,0
06/05/2020 05:00:00 AM,0,0,0
06/05/2020 06:00:00 AM,0,0,0
06/05/2020 07:00:00 AM,0,0,0
06/05/2020 08:00:00 AM,0,0,0
06/05/2020 09:00:00 AM,0,0,0
06/05/2020 10:00:00 AM,0,0,0
06/05/2020 11:00:00 AM,0,0,0
06/05/2020 12:00:00 PM,0,0,0
06/05/2020 01:00:00 PM,0,0,0
06/05/2020 02:00:00 PM,0,0,0
06/05/2020 03:00:00 PM,0,0,0
06/05/2020 04:00:00 PM,0,0,0
06/05/2020 05:00:00 PM,0,0,0
06/05/2020 06:00:00 PM,0,0,0
06/05/2020 07:00:00 PM,0,0,0
06/05/2020 08:00:00 PM,0,0,0
06/05/2020 09:00:00 PM,0,0,0
06/05/2020 10:00:00 PM,0,0,0
06/05/2020 11:00:00 PM,0,0,0
06/06/2020 12:00:00 AM,0,0,0
06/06/2020 01:00:00 AM,0,0,0
06/06/2020 02:00:00 AM,0,0,0
06/06/2020 03:00:00 AM,0,0,0
06/06/2020 04:00:00 AM,0,0,0
06/06/2020 05:00:00 AM,0,0,0
06/06/2020 06:00:00 AM,0,0,0
06/06/2020 07:00:00 AM,0,0,0
06/06/2020 08:00:00 AM,0,0,0
06/06/2020 09:00:00 AM,0,0,0
06/06/2020 10:00:00 AM,0,0,0
06/06/2020 11:00:00 AM,0,0,0
06/06/2020 12:00:00 PM,0,0,0
06/06/2020 01:00:00 PM,0,0,0
06/06/2020 02:00:00 PM,85,48,37
06/06/2020 03:00:00 PM,104,63,41
06/06/2020 04:00:00 PM,100,55,45
06/06/2020 05:00:00 PM,78,23,55
06/06/2020 06:00:00 PM,50,1,49
06/06/2020 07:00:00 PM,40,0,40
06/06/2020 08:00:00 PM,28,1,27
06/06/2020 09:00:00 PM,20,0,20
06/06/2020 10:00:00 PM,1,0,1
06/06/2020 11:00:00 PM,4,0,4
06/07/2020 12:00:00 AM,6,2,4
06/07/2020 01:00:00 AM,4,0,4
06/07/2020 02:00:00 AM,3,0,3
06/07/2020 03:00:00 AM,3,0,3
06/07/2020 04:00:00 AM,0,0,0
06/07/2020 05:00:00 AM,1,0,1
06/07/2020 06:00:00 AM,0,0,0
06/07/2020 07:00:00 AM,6,0,6
06/07/2020 08:00:00 AM,5,0,5
06/07/2020 09:00:00 AM,5,1,4
06/07/2020 10:00:00 AM,22,0,22
06/07/2020 11:00:00 AM,16,1,15
06/07/2020 12:00:00 PM,36,4,32
06/07/2020 01:00:00 PM,44,12,32
06/07/2020 02:00:00 PM,64,10,54
06/07/2020 03:00:00 PM,97,1,96
06/07/2020 04:00:00 PM,0,0,0
06/07/2020 05:00:00 PM,1,0,1
06/07/2020 06:00:00 PM,0,0,0
06/07/2020 07:00:00 PM,0,0,0
06/07/2020 08:00:00 PM,0,0,0
06/07/2020 09:00:00 PM,0,0,0
06/07/2020 10:00:00 PM,0,0,0
06/07/2020 11:00:00 PM,0,0,0
06/08/2020 12:00:00 AM,0,0,0
06/08/2020 01:00:00 AM,0,0,0
06/08/2020 02:00:00 AM,0,0,0
06/08/2020 03:00:00 AM,0,0,0
06/08/2020 04:00:00 AM,0,0,0
06/08/2020 05:00:00 AM,0,0,0
06/08/2020 06:00:00 AM,0,0,0
06/08/2020 07:00:00 AM,0,0,0
06/08/2020 08:00:00 AM,0,0,0
06/08/2020 09:00:00 AM,0,0,0
06/08/2020 10:00:00 AM,0,0,0
06/08/2020 11:00:00 AM,0,0,0
06/08/2020 12:00:00 PM,0,0,0
06/08/2020 01:00:00 PM,0,0,0
06/08/2020 02:00:00 PM,1,1,0
06/08/2020 03:00:00 PM,0,0,0
06/08/2020 04:00:00 PM,0,0,0
06/08/2020 05:00:00 PM,0,0,0
06/08/2020 06:00:00 PM,0,0,0
06/08/2020 07:00:00 PM,0,0,0
06/08/2020 08:00:00 PM,0,0,0
06/08/2020 09:00:00 PM,0,0,0
06/08/2020 10:00:00 PM,0,0,0
06/08/2020 11:00:00 PM,0,0,0
06/09/2020 12:00:00 AM,0,0,0
06/09/2020 01:00:00 AM,0,0,0
06/09/2020 02:00:00 AM,0,0,0
06/09/2020 03:00:00 AM,0,0,0
06/09/2020 04:00:00 AM,0,0,0
06/09/2020 05:00:00 AM,0,0,0
06/09/2020 06:00:00 AM,0,0,0
06/09/2020 07:00:00 AM,0,0,0
06/09/2020 08:00:00 AM,0,0,0
06/09/2020 09:00:00 AM,0,0,0
06/09/2020 10:00:00 AM,0,0,0
06/09/2020 11:00:00 AM,0,0,0
06/09/2020 12:00:00 PM,0,0,0
06/09/2020 01:00:00 PM,0,0,0
06/09/2020 02:00:00 PM,0,0,0
06/09/2020 03:00:00 PM,0,0,0
06/09/2020 04:00:00 PM,0,0,0
06/09/2020 05:00:00 PM,0,0,0
06/09/2020 06:00:00 PM,0,0,0
06/09/2020 07:00:00 PM,0,0,0
06/09/2020 08:00:00 PM,0,0,0
06/09/2020 09:00:00 PM,0,0,0
06/09/2020 10:00:00 PM,0,0,0
06/09/2020 11:00:00 PM,0,0,0
06/10/2020 12:00:00 AM,0,0,0
06/10/2020 01:00:00 AM,0,0,0
06/10/2020 02:00:00 AM,0,0,0
06/10/2020 03:00:00 AM,0,0,0
06/10/2020 04:00:00 AM,0,0,0
06/10/2020 05:00:00 AM,0,0,0
06/10/2020 06:00:00 AM,0,0,0
06/10/2020 07:00:00 AM,0,0,0
06/10/2020 08:00:00 AM,0,0,0
06/10/2020 09:00:00 AM,0,0,0
06/10/2020 10:00:00 AM,0,0,0
06/10/2020 11:00:00 AM,0,0,0
06/10/2020 12:00:00 PM,0,0,0
06/10/2020 01:00:00 PM,0,0,0
06/10/2020 02:00:00 PM,0,0,0
06/10/2020 03:00:00 PM,0,0,0
06/10/2020 04:00:00 PM,0,0,0
06/10/2020 05:00:00 PM,0,0,0
06/10/2020 06:00:00 PM,0,0,0
06/10/2020 07:00:00 PM,0,0,0
06/10/2020 08:00:00 PM,0,0,0
06/10/2020 09:00:00 PM,0,0,0
06/10/2020 10:00:00 PM,0,0,0
06/10/2020 11:00:00 PM,0,0,0
06/11/2020 12:00:00 AM,0,0,0
06/11/2020 01:00:00 AM,0,0,0
06/11/2020 02:00:00 AM,0,0,0
06/11/2020 03:00:00 AM,0,0,0
06/11/2020 04:00:00 AM,0,0,0
06/11/2020 05:00:00 AM,0,0,0
06/11/2020 06:00:00 AM,0,0,0
06/11/2020 07:00:00 AM,0,0,0
06/11/2020 08:00:00 AM,0,0,0
06/11/2020 09:00:00 AM,0,0,0
06/11/2020 10:00:00 AM,0,0,0
06/11/2020 11:00:00 AM,0,0,0
06/11/2020 12:00:00 PM,0,0,0
06/11/2020 01:00:00 PM,0,0,0
06/11/2020 02:00:00 PM,0,0,0
06/11/2020 03:00:00 PM,1,1,0
06/11/2020 04:00:00 PM,0,0,0
06/11/2020 05:00:00 PM,0,0,0
06/11/2020 06:00:00 PM,0,0,0
06/11/2020 07:00:00 PM,0,0,0
06/11/2020 08:00:00 PM,1,1,0
06/11/2020 09:00:00 PM,0,0,0
06/11/2020 10:00:00 PM,0,0,0
06/11/2020 11:00:00 PM,0,0,0
06/12/2020 12:00:00 AM,0,0,0
06/12/2020 01:00:00 AM,0,0,0
06/12/2020 02:00:00 AM,0,0,0
06/12/2020 03:00:00 AM,0,0,0
06/12/2020 04:00:00 AM,0,0,0
06/12/2020 05:00:00 AM,0,0,0
06/12/2020 06:00:00 AM,0,0,0
06/12/2020 07:00:00 AM,0,0,0
06/12/2020 08:00:00 AM,0,0,0
06/12/2020 09:00:00 AM,0,0,0
06/12/2020 10:00:00 AM,0,0,0
06/12/2020 11:00:00 AM,0,0,0
06/12/2020 12:00:00 PM,0,0,0
06/12/2020 01:00:00 PM,0,0,0
06/12/2020 02:00:00 PM,0,0,0
06/12/2020 03:00:00 PM,0,0,0
06/12/2020 04:00:00 PM,0,0,0
06/12/2020 05:00:00 PM,0,0,0
06/12/2020 06:00:00 PM,0,0,0
06/12/2020 07:00:00 PM,0,0,0
06/12/2020 08:00:00 PM,0,0,0
06/12/2020 09:00:00 PM,0,0,0
06/12/2020 10:00:00 PM,0,0,0
06/12/2020 11:00:00 PM,0,0,0
06/13/2020 12:00:00 AM,0,0,0
06/13/2020 01:00:00 AM,0,0,0
06/13/2020 02:00:00 AM,0,0,0
06/13/2020 03:00:00 AM,0,0,0
06/13/2020 04:00:00 AM,0,0,0
06/13/2020 05:00:00 AM,0,0,0
06/13/2020 06:00:00 AM,0,0,0
06/13/2020 07:00:00 AM,0,0,0
06/13/2020 08:00:00 AM,0,0,0
06/13/2020 09:00:00 AM,0,0,0
06/13/2020 10:00:00 AM,0,0,0
06/13/2020 11:00:00 AM,1,1,0
06/13/2020 12:00:00 PM,0,0,0
06/13/2020 01:00:00 PM,0,0,0
06/13/2020 02:00:00 PM,0,0,0
06/13/2020 03:00:00 PM,0,0,0
06/13/2020 04:00:00 PM,0,0,0
06/13/2020 05:00:00 PM,0,0,0
06/13/2020 06:00:00 PM,0,0,0
06/13/2020 07:00:00 PM,0,0,0
06/13/2020 08:00:00 PM,0,0,0
06/13/2020 09:00:00 PM,0,0,0
06/13/2020 10:00:00 PM,0,0,0
06/13/2020 11:00:00 PM,0,0,0
06/14/2020 12:00:00 AM,0,0,0
06/14/2020 01:00:00 AM,0,0,0
06/14/2020 02:00:00 AM,0,0,0
06/14/2020 03:00:00 AM,0,0,0
06/14/2020 04:00:00 AM,0,0,0
06/14/2020 05:00:00 AM,0,0,0
06/14/2020 06:00:00 AM,0,0,0
06/14/2020 07:00:00 AM,0,0,0
06/14/2020 08:00:00 AM,0,0,0
06/14/2020 09:00:00 AM,0,0,0
06/14/2020 10:00:00 AM,0,0,0
06/14/2020 11:00:00 AM,0,0,0
06/14/2020 12:00:00 PM,0,0,0
06/14/2020 01:00:00 PM,0,0,0
06/14/2020 02:00:00 PM,0,0,0
06/14/2020 03:00:00 PM,0,0,0
06/14/2020 04:00:00 PM,0,0,0
06/14/2020 05:00:00 PM,0,0,0
06/14/2020 06:00:00 PM,0,0,0
06/14/2020 07:00:00 PM,0,0,0
06/14/2020 08:00:00 PM,0,0,0
06/14/2020 09:00:00 PM,0,0,0
06/14/2020 10:00:00 PM,0,0,0
06/14/2020 11:00:00 PM,0,0,0
06/15/2020 12:00:00 AM,0,0,0
06/15/2020 01:00:00 AM,0,0,0
06/15/2020 02:00:00 AM,0,0,0
06/15/2020 03:00:00 AM,0,0,0
06/15/2020 04:00:00 AM,0,0,0
06/15/2020 05:00:00 AM,0,0,0
06/15/2020 06:00:00 AM,0,0,0
06/15/2020 07:00:00 AM,0,0,0
06/15/2020 08:00:00 AM,0,0,0
06/15/2020 09:00:00 AM,0,0,0
06/15/2020 10:00:00 AM,0,0,0
06/15/2020 11:00:00 AM,0,0,0
06/15/2020 12:00:00 PM,0,0,0
06/15/2020 01:00:00 PM,0,0,0
06/15/2020 02:00:00 PM,0,0,0
06/15/2020 03:00:00 PM,45,15,30
06/15/2020 04:00:00 PM,82,32,50
06/15/2020 05:00:00 PM,128,45,83
06/15/2020 06:00:00 PM,113,47,66
06/15/2020 07:00:00 PM,92,44,48
06/15/2020 08:00:00 PM,60,34,26
06/15/2020 09:00:00 PM,24,12,12
06/15/2020 10:00:00 PM,11,6,5
06/15/2020 11:00:00 PM,2,0,2
06/16/2020 12:00:00 AM,1,0,1
06/16/2020 01:00:00 AM,0,0,0
06/16/2020 02:00:00 AM,0,0,0
06/16/2020 03:00:00 AM,0,0,0
06/16/2020 04:00:00 AM,0,0,0
06/16/2020 05:00:00 AM,11,6,5
06/16/2020 06:00:00 AM,43,34,9
06/16/2020 07:00:00 AM,65,52,13
06/16/2020 08:00:00 AM,87,69,18
06/16/2020 09:00:00 AM,54,39,15
06/16/2020 10:00:00 AM,43,21,22
06/16/2020 11:00:00 AM,59,31,28
06/16/2020 12:00:00 PM,60,34,26
06/16/2020 01:00:00 PM,47,17,30
06/16/2020 02:00:00 PM,102,52,50
06/16/2020 03:00:00 PM,115,38,77
06/16/2020 04:00:00 PM,166,58,108
06/16/2020 05:00:00 PM,232,80,152
06/16/2020 06:00:00 PM,211,87,124
06/16/2020 07:00:00 PM,138,66,72
06/16/2020 08:00:00 PM,65,37,28
06/16/2020 09:00:00 PM,50,27,23
06/16/2020 10:00:00 PM,15,8,7
06/16/2020 11:00:00 PM,7,4,3
06/17/2020 12:00:00 AM,2,0,2
06/17/2020 01:00:00 AM,3,2,1
06/17/2020 02:00:00 AM,0,0,0
06/17/2020 03:00:00 AM,1,0,1
06/17/2020 04:00:00 AM,2,2,0
06/17/2020 05:00:00 AM,16,6,10
06/17/2020 06:00:00 AM,56,41,15
06/17/2020 07:00:00 AM,71,49,22
06/17/2020 08:00:00 AM,90,76,14
06/17/2020 09:00:00 AM,86,61,25
06/17/2020 10:00:00 AM,58,37,21
06/17/2020 11:00:00 AM,40,22,18
06/17/2020 12:00:00 PM,85,41,44
06/17/2020 01:00:00 PM,82,46,36
06/17/2020 02:00:00 PM,99,45,54
06/17/2020 03:00:00 PM,129,49,80
06/17/2020 04:00:00 PM,201,70,131
06/17/2020 05:00:00 PM,67,17,50
06/17/2020 06:00:00 PM,0,0,0
06/17/2020 07:00:00 PM,0,0,0
06/17/2020 08:00:00 PM,0,0,0
06/17/2020 09:00:00 PM,0,0,0
06/17/2020 10:00:00 PM,0,0,0
06/17/2020 11:00:00 PM,0,0,0
06/18/2020 12:00:00 AM,0,0,0
06/18/2020 01:00:00 AM,0,0,0
06/18/2020 02:00:00 AM,0,0,0
06/18/2020 03:00:00 AM,0,0,0
06/18/2020 04:00:00 AM,0,0,0
06/18/2020 05:00:00 AM,0,0,0
06/18/2020 06:00:00 AM,0,0,0
06/18/2020 07:00:00 AM,0,0,0
06/18/2020 08:00:00 AM,0,0,0
06/18/2020 09:00:00 AM,0,0,0
06/18/2020 10:00:00 AM,0,0,0
06/18/2020 11:00:00 AM,0,0,0
06/18/2020 12:00:00 PM,0,0,0
06/18/2020 01:00:00 PM,0,0,0
06/18/2020 02:00:00 PM,0,0,0
06/18/2020 03:00:00 PM,0,0,0
06/18/2020 04:00:00 PM,0,0,0
06/18/2020 05:00:00 PM,0,0,0
06/18/2020 06:00:00 PM,0,0,0
06/18/2020 07:00:00 PM,0,0,0
06/18/2020 08:00:00 PM,0,0,0
06/18/2020 09:00:00 PM,0,0,0
06/18/2020 10:00:00 PM,0,0,0
06/18/2020 11:00:00 PM,0,0,0
06/19/2020 12:00:00 AM,0,0,0
06/19/2020 01:00:00 AM,0,0,0
06/19/2020 02:00:00 AM,0,0,0
06/19/2020 03:00:00 AM,0,0,0
06/19/2020 04:00:00 AM,0,0,0
06/19/2020 05:00:00 AM,0,0,0
06/19/2020 06:00:00 AM,0,0,0
06/19/2020 07:00:00 AM,0,0,0
06/19/2020 08:00:00 AM,0,0,0
06/19/2020 09:00:00 AM,0,0,0
06/19/2020 10:00:00 AM,0,0,0
06/19/2020 11:00:00 AM,0,0,0
06/19/2020 12:00:00 PM,0,0,0
06/19/2020 01:00:00 PM,0,0,0
06/19/2020 02:00:00 PM,0,0,0
06/19/2020 03:00:00 PM,0,0,0
06/19/2020 04:00:00 PM,0,0,0
06/19/2020 05:00:00 PM,0,0,0
06/19/2020 06:00:00 PM,0,0,0
06/19/2020 07:00:00 PM,0,0,0
06/19/2020 08:00:00 PM,0,0,0
06/19/2020 09:00:00 PM,0,0,0
06/19/2020 10:00:00 PM,0,0,0
06/19/2020 11:00:00 PM,0,0,0
06/20/2020 12:00:00 AM,0,0,0
06/20/2020 01:00:00 AM,0,0,0
06/20/2020 02:00:00 AM,0,0,0
06/20/2020 03:00:00 AM,0,0,0
06/20/2020 04:00:00 AM,0,0,0
06/20/2020 05:00:00 AM,0,0,0
06/20/2020 06:00:00 AM,0,0,0
06/20/2020 07:00:00 AM,0,0,0
06/20/2020 08:00:00 AM,0,0,0
06/20/2020 09:00:00 AM,0,0,0
06/20/2020 10:00:00 AM,0,0,0
06/20/2020 11:00:00 AM,0,0,0
06/20/2020 12:00:00 PM,0,0,0
06/20/2020 01:00:00 PM,0,0,0
06/20/2020 02:00:00 PM,0,0,0
06/20/2020 03:00:00 PM,0,0,0
06/20/2020 04:00:00 PM,0,0,0
06/20/2020 05:00:00 PM,0,0,0
06/20/2020 06:00:00 PM,0,0,0
06/20/2020 07:00:00 PM,0,0,0
06/20/2020 08:00:00 PM,0,0,0
06/20/2020 09:00:00 PM,0,0,0
06/20/2020 10:00:00 PM,0,0,0
06/20/2020 11:00:00 PM,0,0,0
06/21/2020 12:00:00 AM,0,0,0
06/21/2020 01:00:00 AM,0,0,0
06/21/2020 02:00:00 AM,0,0,0
06/21/2020 03:00:00 AM,0,0,0
06/21/2020 04:00:00 AM,0,0,0
06/21/2020 05:00:00 AM,0,0,0
06/21/2020 06:00:00 AM,0,0,0
06/21/2020 07:00:00 AM,0,0,0
06/21/2020 08:00:00 AM,0,0,0
06/21/2020 09:00:00 AM,0,0,0
06/21/2020 10:00:00 AM,0,0,0
06/21/2020 11:00:00 AM,0,0,0
06/21/2020 12:00:00 PM,0,0,0
06/21/2020 01:00:00 PM,0,0,0
06/21/2020 02:00:00 PM,0,0,0
06/21/2020 03:00:00 PM,0,0,0
06/21/2020 04:00:00 PM,0,0,0
06/21/2020 05:00:00 PM,0,0,0
06/21/2020 06:00:00 PM,0,0,0
06/21/2020 07:00:00 PM,0,0,0
06/21/2020 08:00:00 PM,0,0,0
06/21/2020 09:00:00 PM,0,0,0
06/21/2020 10:00:00 PM,0,0,0
06/21/2020 11:00:00 PM,0,0,0
06/22/2020 12:00:00 AM,0,0,0
06/22/2020 01:00:00 AM,0,0,0
06/22/2020 02:00:00 AM,0,0,0
06/22/2020 03:00:00 AM,0,0,0
06/22/2020 04:00:00 AM,0,0,0
06/22/2020 05:00:00 AM,0,0,0
06/22/2020 06:00:00 AM,0,0,0
06/22/2020 07:00:00 AM,0,0,0
06/22/2020 08:00:00 AM,0,0,0
06/22/2020 09:00:00 AM,0,0,0
06/22/2020 10:00:00 AM,0,0,0
06/22/2020 11:00:00 AM,0,0,0
06/22/2020 12:00:00 PM,0,0,0
06/22/2020 01:00:00 PM,0,0,0
06/22/2020 02:00:00 PM,0,0,0
06/22/2020 03:00:00 PM,0,0,0
06/22/2020 04:00:00 PM,0,0,0
06/22/2020 05:00:00 PM,0,0,0
06/22/2020 06:00:00 PM,0,0,0
06/22/2020 07:00:00 PM,0,0,0
06/22/2020 08:00:00 PM,0,0,0
06/22/2020 09:00:00 PM,0,0,0
06/22/2020 10:00:00 PM,0,0,0
06/22/2020 11:00:00 PM,0,0,0
06/23/2020 12:00:00 AM,0,0,0
06/23/2020 01:00:00 AM,0,0,0
06/23/2020 02:00:00 AM,0,0,0
06/23/2020 03:00:00 AM,0,0,0
06/23/2020 04:00:00 AM,0,0,0
06/23/2020 05:00:00 AM,0,0,0
06/23/2020 06:00:00 AM,0,0,0
06/23/2020 07:00:00 AM,0,0,0
06/23/2020 08:00:00 AM,0,0,0
06/23/2020 09:00:00 AM,0,0,0
06/23/2020 10:00:00 AM,0,0,0
06/23/2020 11:00:00 AM,0,0,0
06/23/2020 12:00:00 PM,0,0,0
06/23/2020 01:00:00 PM,0,0,0
06/23/2020 02:00:00 PM,0,0,0
06/23/2020 03:00:00 PM,0,0,0
06/23/2020 04:00:00 PM,0,0,0
06/23/2020 05:00:00 PM,0,0,0
06/23/2020 06:00:00 PM,0,0,0
06/23/2020 07:00:00 PM,0,0,0
06/23/2020 08:00:00 PM,0,0,0
06/23/2020 09:00:00 PM,0,0,0
06/23/2020 10:00:00 PM,0,0,0
06/23/2020 11:00:00 PM,0,0,0
06/24/2020 12:00:00 AM,0,0,0
06/24/2020 01:00:00 AM,0,0,0
06/24/2020 02:00:00 AM,0,0,0
06/24/2020 03:00:00 AM,0,0,0
06/24/2020 04:00:00 AM,0,0,0
06/24/2020 05:00:00 AM,0,0,0
06/24/2020 06:00:00 AM,0,0,0
06/24/2020 07:00:00 AM,0,0,0
06/24/2020 08:00:00 AM,0,0,0
06/24/2020 09:00:00 AM,0,0,0
06/24/2020 10:00:00 AM,0,0,0
06/24/2020 11:00:00 AM,0,0,0
06/24/2020 12:00:00 PM,0,0,0
06/24/2020 01:00:00 PM,0,0,0
06/24/2020 02:00:00 PM,0,0,0
06/24/2020 03:00:00 PM,0,0,0
06/24/2020 04:00:00 PM,0,0,0
06/24/2020 05:00:00 PM,0,0,0
06/24/2020 06:00:00 PM,0,0,0
06/24/2020 07:00:00 PM,0,0,0
06/24/2020 08:00:00 PM,0,0,0
06/24/2020 09:00:00 PM,0,0,0
06/24/2020 10:00:00 PM,0,0,0
06/24/2020 11:00:00 PM,0,0,0
06/25/2020 12:00:00 AM,0,0,0
06/25/2020 01:00:00 AM,0,0,0
06/25/2020 02:00:00 AM,0,0,0
06/25/2020 03:00:00 AM,0,0,0
06/25/2020 04:00:00 AM,0,0,0
06/25/2020 05:00:00 AM,0,0,0
06/25/2020 06:00:00 AM,0,0,0
06/25/2020 07:00:00 AM,0,0,0
06/25/2020 08:00:00 AM,0,0,0
06/25/2020 09:00:00 AM,0,0,0
06/25/2020 10:00:00 AM,0,0,0
06/25/2020 11:00:00 AM,0,0,0
06/25/2020 12:00:00 PM,0,0,0
06/25/2020 01:00:00 PM,0,0,0
06/25/2020 02:00:00 PM,0,0,0
06/25/2020 03:00:00 PM,0,0,0
06/25/2020 04:00:00 PM,0,0,0
06/25/2020 05:00:00 PM,0,0,0
06/25/2020 06:00:00 PM,0,0,0
06/25/2020 07:00:00 PM,0,0,0
06/25/2020 08:00:00 PM,0,0,0
06/25/2020 09:00:00 PM,0,0,0
06/25/2020 10:00:00 PM,0,0,0
06/25/2020 11:00:00 PM,0,0,0
06/26/2020 12:00:00 AM,0,0,0
06/26/2020 01:00:00 AM,0,0,0
06/26/2020 02:00:00 AM,0,0,0
06/26/2020 03:00:00 AM,0,0,0
06/26/2020 04:00:00 AM,0,0,0
06/26/2020 05:00:00 AM,0,0,0
06/26/2020 06:00:00 AM,0,0,0
06/26/2020 07:00:00 AM,0,0,0
06/26/2020 08:00:00 AM,0,0,0
06/26/2020 09:00:00 AM,0,0,0
06/26/2020 10:00:00 AM,0,0,0
06/26/2020 11:00:00 AM,0,0,0
06/26/2020 12:00:00 PM,0,0,0
06/26/2020 01:00:00 PM,0,0,0
06/26/2020 02:00:00 PM,0,0,0
06/26/2020 03:00:00 PM,0,0,0
06/26/2020 04:00:00 PM,0,0,0
06/26/2020 05:00:00 PM,0,0,0
06/26/2020 06:00:00 PM,0,0,0
06/26/2020 07:00:00 PM,0,0,0
06/26/2020 08:00:00 PM,0,0,0
06/26/2020 09:00:00 PM,0,0,0
06/26/2020 10:00:00 PM,0,0,0
06/26/2020 11:00:00 PM,0,0,0
06/27/2020 12:00:00 AM,0,0,0
06/27/2020 01:00:00 AM,0,0,0
06/27/2020 02:00:00 AM,0,0,0
06/27/2020 03:00:00 AM,0,0,0
06/27/2020 04:00:00 AM,0,0,0
06/27/2020 05:00:00 AM,0,0,0
06/27/2020 06:00:00 AM,0,0,0
06/27/2020 07:00:00 AM,0,0,0
06/27/2020 08:00:00 AM,0,0,0
06/27/2020 09:00:00 AM,0,0,0
06/27/2020 10:00:00 AM,0,0,0
06/27/2020 11:00:00 AM,0,0,0
06/27/2020 12:00:00 PM,0,0,0
06/27/2020 01:00:00 PM,0,0,0
06/27/2020 02:00:00 PM,0,0,0
06/27/2020 03:00:00 PM,0,0,0
06/27/2020 04:00:00 PM,0,0,0
06/27/2020 05:00:00 PM,0,0,0
06/27/2020 06:00:00 PM,0,0,0
06/27/2020 07:00:00 PM,0,0,0
06/27/2020 08:00:00 PM,0,0,0
06/27/2020 09:00:00 PM,0,0,0
06/27/2020 10:00:00 PM,0,0,0
06/27/2020 11:00:00 PM,0,0,0
06/28/2020 12:00:00 AM,0,0,0
06/28/2020 01:00:00 AM,0,0,0
06/28/2020 02:00:00 AM,0,0,0
06/28/2020 03:00:00 AM,0,0,0
06/28/2020 04:00:00 AM,0,0,0
06/28/2020 05:00:00 AM,0,0,0
06/28/2020 06:00:00 AM,0,0,0
06/28/2020 07:00:00 AM,0,0,0
06/28/2020 08:00:00 AM,0,0,0
06/28/2020 09:00:00 AM,0,0,0
06/28/2020 10:00:00 AM,0,0,0
06/28/2020 11:00:00 AM,0,0,0
06/28/2020 12:00:00 PM,0,0,0
06/28/2020 01:00:00 PM,0,0,0
06/28/2020 02:00:00 PM,0,0,0
06/28/2020 03:00:00 PM,0,0,0
06/28/2020 04:00:00 PM,0,0,0
06/28/2020 05:00:00 PM,0,0,0
06/28/2020 06:00:00 PM,0,0,0
06/28/2020 07:00:00 PM,0,0,0
06/28/2020 08:00:00 PM,0,0,0
06/28/2020 09:00:00 PM,0,0,0
06/28/2020 10:00:00 PM,0,0,0
06/28/2020 11:00:00 PM,0,0,0
06/29/2020 12:00:00 AM,0,0,0
06/29/2020 01:00:00 AM,0,0,0
06/29/2020 02:00:00 AM,0,0,0
06/29/2020 03:00:00 AM,0,0,0
06/29/2020 04:00:00 AM,0,0,0
06/29/2020 05:00:00 AM,0,0,0
06/29/2020 06:00:00 AM,0,0,0
06/29/2020 07:00:00 AM,0,0,0
06/29/2020 08:00:00 AM,0,0,0
06/29/2020 09:00:00 AM,0,0,0
06/29/2020 10:00:00 AM,0,0,0
06/29/2020 11:00:00 AM,0,0,0
06/29/2020 12:00:00 PM,0,0,0
06/29/2020 01:00:00 PM,0,0,0
06/29/2020 02:00:00 PM,0,0,0
06/29/2020 03:00:00 PM,0,0,0
06/29/2020 04:00:00 PM,0,0,0
06/29/2020 05:00:00 PM,0,0,0
06/29/2020 06:00:00 PM,0,0,0
06/29/2020 07:00:00 PM,0,0,0
06/29/2020 08:00:00 PM,0,0,0
06/29/2020 09:00:00 PM,0,0,0
06/29/2020 10:00:00 PM,0,0,0
06/29/2020 11:00:00 PM,0,0,0
06/30/2020 12:00:00 AM,0,0,0
06/30/2020 01:00:00 AM,0,0,0
06/30/2020 02:00:00 AM,0,0,0
06/30/2020 03:00:00 AM,0,0,0
06/30/2020 04:00:00 AM,0,0,0
06/30/2020 05:00:00 AM,0,0,0
06/30/2020 06:00:00 AM,0,0,0
06/30/2020 07:00:00 AM,0,0,0
06/30/2020 08:00:00 AM,0,0,0
06/30/2020 09:00:00 AM,0,0,0
06/30/2020 10:00:00 AM,0,0,0
06/30/2020 11:00:00 AM,0,0,0
06/30/2020 12:00:00 PM,0,0,0
06/30/2020 01:00:00 PM,0,0,0
06/30/2020 02:00:00 PM,0,0,0
06/30/2020 03:00:00 PM,0,0,0
06/30/2020 04:00:00 PM,0,0,0
06/30/2020 05:00:00 PM,0,0,0
06/30/2020 06:00:00 PM,0,0,0
06/30/2020 07:00:00 PM,0,0,0
06/30/2020 08:00:00 PM,0,0,0
06/30/2020 09:00:00 PM,0,0,0
06/30/2020 10:00:00 PM,0,0,0
06/30/2020 11:00:00 PM,0,0,0
07/01/2020 12:00:00 AM,0,0,0
07/01/2020 01:00:00 AM,0,0,0
07/01/2020 02:00:00 AM,0,0,0
07/01/2020 03:00:00 AM,0,0,0
07/01/2020 04:00:00 AM,0,0,0
07/01/2020 05:00:00 AM,0,0,0
07/01/2020 06:00:00 AM,0,0,0
07/01/2020 07:00:00 AM,0,0,0
07/01/2020 08:00:00 AM,0,0,0
07/01/2020 09:00:00 AM,0,0,0
07/01/2020 10:00:00 AM,0,0,0
07/01/2020 11:00:00 AM,0,0,0
07/01/2020 12:00:00 PM,0,0,0
07/01/2020 01:00:00 PM,4,1,3
07/01/2020 02:00:00 PM,0,0,0
07/01/2020 03:00:00 PM,0,0,0
07/01/2020 04:00:00 PM,0,0,0
07/01/2020 05:00:00 PM,0,0,0
07/01/2020 06:00:00 PM,0,0,0
07/01/2020 07:00:00 PM,0,0,0
07/01/2020 08:00:00 PM,0,0,0
07/01/2020 09:00:00 PM,0,0,0
07/01/2020 10:00:00 PM,0,0,0
07/01/2020 11:00:00 PM,0,0,0
07/02/2020 12:00:00 AM,0,0,0
07/02/2020 01:00:00 AM,0,0,0
07/02/2020 02:00:00 AM,0,0,0
07/02/2020 03:00:00 AM,0,0,0
07/02/2020 04:00:00 AM,0,0,0
07/02/2020 05:00:00 AM,0,0,0
07/02/2020 06:00:00 AM,0,0,0
07/02/2020 07:00:00 AM,0,0,0
07/02/2020 08:00:00 AM,0,0,0
07/02/2020 09:00:00 AM,0,0,0
07/02/2020 10:00:00 AM,0,0,0
07/02/2020 11:00:00 AM,0,0,0
07/02/2020 12:00:00 PM,0,0,0
07/02/2020 01:00:00 PM,0,0,0
07/02/2020 02:00:00 PM,47,35,12
07/02/2020 03:00:00 PM,97,71,26
07/02/2020 04:00:00 PM,143,91,52
07/02/2020 05:00:00 PM,175,123,52
07/02/2020 06:00:00 PM,118,77,41
07/02/2020 07:00:00 PM,83,49,34
07/02/2020 08:00:00 PM,83,35,48
07/02/2020 09:00:00 PM,31,15,16
07/02/2020 10:00:00 PM,11,3,8
07/02/2020 11:00:00 PM,4,3,1
07/03/2020 12:00:00 AM,4,3,1
07/03/2020 01:00:00 AM,8,3,5
07/03/2020 02:00:00 AM,0,0,0
07/03/2020 03:00:00 AM,1,0,1
07/03/2020 04:00:00 AM,2,2,0
07/03/2020 05:00:00 AM,3,0,3
07/03/2020 06:00:00 AM,15,4,11
07/03/2020 07:00:00 AM,38,18,20
07/03/2020 08:00:00 AM,52,22,30
07/03/2020 09:00:00 AM,54,19,35
07/03/2020 10:00:00 AM,66,23,43
07/03/2020 11:00:00 AM,81,40,41
07/03/2020 12:00:00 PM,115,62,53
07/03/2020 01:00:00 PM,143,85,58
07/03/2020 02:00:00 PM,138,77,61
07/03/2020 03:00:00 PM,147,78,69
07/03/2020 04:00:00 PM,174,93,81
07/03/2020 05:00:00 PM,142,70,72
07/03/2020 06:00:00 PM,108,66,42
07/03/2020 07:00:00 PM,75,25,50
07/03/2020 08:00:00 PM,61,22,39
07/03/2020 09:00:00 PM,26,9,17
07/03/2020 10:00:00 PM,17,7,10
07/03/2020 11:00:00 PM,3,1,2
07/04/2020 12:00:00 AM,2,1,1
07/04/2020 01:00:00 AM,4,1,3
07/04/2020 02:00:00 AM,1,0,1
07/04/2020 03:00:00 AM,0,0,0
07/04/2020 04:00:00 AM,1,1,0
07/04/2020 05:00:00 AM,6,2,4
07/04/2020 06:00:00 AM,8,1,7
07/04/2020 07:00:00 AM,20,3,17
07/04/2020 08:00:00 AM,28,19,9
07/04/2020 09:00:00 AM,52,24,28
07/04/2020 10:00:00 AM,66,30,36
07/04/2020 11:00:00 AM,88,41,47
07/04/2020 12:00:00 PM,118,76,42
07/04/2020 01:00:00 PM,153,92,61
07/04/2020 02:00:00 PM,163,100,63
07/04/2020 03:00:00 PM,167,89,78
07/04/2020 04:00:00 PM,151,71,80
07/04/2020 05:00:00 PM,110,56,54
07/04/2020 06:00:00 PM,84,28,56
07/04/2020 07:00:00 PM,87,38,49
07/04/2020 08:00:00 PM,60,20,40
07/04/2020 09:00:00 PM,42,16,26
07/04/2020 10:00:00 PM,24,9,15
07/04/2020 11:00:00 PM,9,5,4
07/05/2020 12:00:00 AM,8,6,2
07/05/2020 01:00:00 AM,5,5,0
07/05/2020 02:00:00 AM,2,2,0
07/05/2020 03:00:00 AM,0,0,0
07/05/2020 04:00:00 AM,0,0,0
07/05/2020 05:00:00 AM,5,2,3
07/05/2020 06:00:00 AM,10,2,8
07/05/2020 07:00:00 AM,25,13,12
07/05/2020 08:00:00 AM,31,20,11
07/05/2020 09:00:00 AM,56,31,25
07/05/2020 10:00:00 AM,73,45,28
07/05/2020 11:00:00 AM,120,59,61
07/05/2020 12:00:00 PM,139,75,64
07/05/2020 01:00:00 PM,162,109,53
07/05/2020 02:00:00 PM,196,94,102
07/05/2020 03:00:00 PM,228,110,118
07/05/2020 04:00:00 PM,174,96,78
07/05/2020 05:00:00 PM,151,61,90
07/05/2020 06:00:00 PM,143,73,70
07/05/2020 07:00:00 PM,112,56,56
07/05/2020 08:00:00 PM,68,22,46
07/05/2020 09:00:00 PM,35,9,26
07/05/2020 10:00:00 PM,9,6,3
07/05/2020 11:00:00 PM,8,8,0
07/06/2020 12:00:00 AM,2,2,0
07/06/2020 01:00:00 AM,3,2,1
07/06/2020 02:00:00 AM,0,0,0
07/06/2020 03:00:00 AM,0,0,0
07/06/2020 04:00:00 AM,3,2,1
07/06/2020 05:00:00 AM,15,8,7
07/06/2020 06:00:00 AM,44,13,31
07/06/2020 07:00:00 AM,76,17,59
07/06/2020 08:00:00 AM,112,29,83
07/06/2020 09:00:00 AM,63,23,40
07/06/2020 10:00:00 AM,64,17,47
07/06/2020 11:00:00 AM,64,29,35
07/06/2020 12:00:00 PM,99,44,55
07/06/2020 01:00:00 PM,73,41,32
07/06/2020 02:00:00 PM,128,70,58
07/06/2020 03:00:00 PM,113,62,51
07/06/2020 04:00:00 PM,190,135,55
07/06/2020 05:00:00 PM,216,152,64
07/06/2020 06:00:00 PM,213,123,90
07/06/2020 07:00:00 PM,126,70,56
07/06/2020 08:00:00 PM,85,40,45
07/06/2020 09:00:00 PM,37,17,20
07/06/2020 10:00:00 PM,14,5,9
07/06/2020 11:00:00 PM,11,6,5
07/07/2020 12:00:00 AM,4,3,1
07/07/2020 01:00:00 AM,1,1,0
07/07/2020 02:00:00 AM,1,0,1
07/07/2020 03:00:00 AM,0,0,0
07/07/2020 04:00:00 AM,1,0,1
07/07/2020 05:00:00 AM,10,6,4
07/07/2020 06:00:00 AM,48,13,35
07/07/2020 07:00:00 AM,73,19,54
07/07/2020 08:00:00 AM,87,14,73
07/07/2020 09:00:00 AM,65,16,49
07/07/2020 10:00:00 AM,32,14,18
07/07/2020 11:00:00 AM,62,27,35
07/07/2020 12:00:00 PM,43,24,19
07/07/2020 01:00:00 PM,54,26,28
07/07/2020 02:00:00 PM,71,39,32
07/07/2020 03:00:00 PM,84,60,24
07/07/2020 04:00:00 PM,154,105,49
07/07/2020 05:00:00 PM,169,130,39
07/07/2020 06:00:00 PM,135,84,51
07/07/2020 07:00:00 PM,102,67,35
07/07/2020 08:00:00 PM,61,23,38
07/07/2020 09:00:00 PM,30,8,22
07/07/2020 10:00:00 PM,13,8,5
07/07/2020 11:00:00 PM,4,2,2
07/08/2020 12:00:00 AM,3,2,1
07/08/2020 01:00:00 AM,1,1,0
07/08/2020 02:00:00 AM,1,0,1
07/08/2020 03:00:00 AM,1,0,1
07/08/2020 04:00:00 AM,2,1,1
07/08/2020 05:00:00 AM,12,7,5
07/08/2020 06:00:00 AM,37,8,29
07/08/2020 07:00:00 AM,98,27,71
07/08/2020 08:00:00 AM,106,18,88
07/08/2020 09:00:00 AM,77,24,53
07/08/2020 10:00:00 AM,71,31,40
07/08/2020 11:00:00 AM,52,24,28
07/08/2020 12:00:00 PM,69,44,25
07/08/2020 01:00:00 PM,79,44,35
07/08/2020 02:00:00 PM,80,45,35
07/08/2020 03:00:00 PM,124,79,45
07/08/2020 04:00:00 PM,202,141,61
07/08/2020 05:00:00 PM,258,176,82
07/08/2020 06:00:00 PM,246,149,97
07/08/2020 07:00:00 PM,179,94,85
07/08/2020 08:00:00 PM,93,31,62
07/08/2020 09:00:00 PM,56,21,35
07/08/2020 10:00:00 PM,17,6,11
07/08/2020 11:00:00 PM,8,5,3
07/09/2020 12:00:00 AM,5,4,1
07/09/2020 01:00:00 AM,1,0,1
07/09/2020 02:00:00 AM,0,0,0
07/09/2020 03:00:00 AM,1,1,0
07/09/2020 04:00:00 AM,4,2,2
07/09/2020 05:00:00 AM,17,8,9
07/09/2020 06:00:00 AM,35,13,22
07/09/2020 07:00:00 AM,74,25,49
07/09/2020 08:00:00 AM,91,13,78
07/09/2020 09:00:00 AM,59,16,43
07/09/2020 10:00:00 AM,30,16,14
07/09/2020 11:00:00 AM,50,19,31
07/09/2020 12:00:00 PM,56,30,26
07/09/2020 01:00:00 PM,49,31,18
07/09/2020 02:00:00 PM,63,29,34
07/09/2020 03:00:00 PM,90,53,37
07/09/2020 04:00:00 PM,125,93,32
07/09/2020 05:00:00 PM,198,141,57
07/09/2020 06:00:00 PM,182,111,71
07/09/2020 07:00:00 PM,133,78,55
07/09/2020 08:00:00 PM,116,50,66
07/09/2020 09:00:00 PM,57,19,38
07/09/2020 10:00:00 PM,15,4,11
07/09/2020 11:00:00 PM,8,3,5
07/10/2020 12:00:00 AM,0,0,0
07/10/2020 01:00:00 AM,2,1,1
07/10/2020 02:00:00 AM,3,2,1
07/10/2020 03:00:00 AM,0,0,0
07/10/2020 04:00:00 AM,7,4,3
07/10/2020 05:00:00 AM,15,7,8
07/10/2020 06:00:00 AM,42,12,30
07/10/2020 07:00:00 AM,79,26,53
07/10/2020 08:00:00 AM,95,18,77
07/10/2020 09:00:00 AM,75,19,56
07/10/2020 10:00:00 AM,54,24,30
07/10/2020 11:00:00 AM,76,40,36
07/10/2020 12:00:00 PM,82,50,32
07/10/2020 01:00:00 PM,79,47,32
07/10/2020 02:00:00 PM,107,48,59
07/10/2020 03:00:00 PM,152,87,65
07/10/2020 04:00:00 PM,210,124,86
07/10/2020 05:00:00 PM,249,160,89
07/10/2020 06:00:00 PM,193,123,70
07/10/2020 07:00:00 PM,158,92,66
07/10/2020 08:00:00 PM,108,42,66
07/10/2020 09:00:00 PM,55,15,40
07/10/2020 10:00:00 PM,15,6,9
07/10/2020 11:00:00 PM,10,4,6
07/11/2020 12:00:00 AM,2,1,1
07/11/2020 01:00:00 AM,5,1,4
07/11/2020 02:00:00 AM,2,1,1
07/11/2020 03:00:00 AM,0,0,0
07/11/2020 04:00:00 AM,1,0,1
07/11/2020 05:00:00 AM,1,1,0
07/11/2020 06:00:00 AM,10,6,4
07/11/2020 07:00:00 AM,32,19,13
07/11/2020 08:00:00 AM,51,29,22
07/11/2020 09:00:00 AM,63,41,22
07/11/2020 10:00:00 AM,110,48,62
07/11/2020 11:00:00 AM,114,59,55
07/11/2020 12:00:00 PM,142,86,56
07/11/2020 01:00:00 PM,168,92,76
07/11/2020 02:00:00 PM,153,80,73
07/11/2020 03:00:00 PM,173,94,79
07/11/2020 04:00:00 PM,151,76,75
07/11/2020 05:00:00 PM,131,64,67
07/11/2020 06:00:00 PM,95,40,55
07/11/2020 07:00:00 PM,53,17,36
07/11/2020 08:00:00 PM,42,20,22
07/11/2020 09:00:00 PM,35,11,24
07/11/2020 10:00:00 PM,19,7,12
07/11/2020 11:00:00 PM,6,1,5
07/12/2020 12:00:00 AM,1,1,0
07/12/2020 01:00:00 AM,3,2,1
07/12/2020 02:00:00 AM,2,1,1
07/12/2020 03:00:00 AM,0,0,0
07/12/2020 04:00:00 AM,4,3,1
07/12/2020 05:00:00 AM,2,0,2
07/12/2020 06:00:00 AM,5,4,1
07/12/2020 07:00:00 AM,13,4,9
07/12/2020 08:00:00 AM,19,10,9
07/12/2020 09:00:00 AM,13,3,10
07/12/2020 10:00:00 AM,27,11,16
07/12/2020 11:00:00 AM,44,19,25
07/12/2020 12:00:00 PM,78,39,39
07/12/2020 01:00:00 PM,93,53,40
07/12/2020 02:00:00 PM,163,109,54
07/12/2020 03:00:00 PM,166,93,73
07/12/2020 04:00:00 PM,223,143,80
07/12/2020 05:00:00 PM,195,83,112
07/12/2020 06:00:00 PM,147,72,75
07/12/2020 07:00:00 PM,84,34,50
07/12/2020 08:00:00 PM,38,14,24
07/12/2020 09:00:00 PM,26,13,13
07/12/2020 10:00:00 PM,14,5,9
07/12/2020 11:00:00 PM,7,4,3
07/13/2020 12:00:00 AM,5,2,3
07/13/2020 01:00:00 AM,2,1,1
07/13/2020 02:00:00 AM,0,0,0
07/13/2020 03:00:00 AM,0,0,0
07/13/2020 04:00:00 AM,0,0,0
07/13/2020 05:00:00 AM,19,8,11
07/13/2020 06:00:00 AM,47,12,35
07/13/2020 07:00:00 AM,99,25,74
07/13/2020 08:00:00 AM,116,22,94
07/13/2020 09:00:00 AM,91,25,66
07/13/2020 10:00:00 AM,62,28,34
07/13/2020 11:00:00 AM,55,25,30
07/13/2020 12:00:00 PM,69,39,30
07/13/2020 01:00:00 PM,52,17,35
07/13/2020 02:00:00 PM,110,73,37
07/13/2020 03:00:00 PM,120,76,44
07/13/2020 04:00:00 PM,195,121,74
07/13/2020 05:00:00 PM,280,185,95
07/13/2020 06:00:00 PM,218,126,92
07/13/2020 07:00:00 PM,160,90,70
07/13/2020 08:00:00 PM,113,43,70
07/13/2020 09:00:00 PM,59,19,40
07/13/2020 10:00:00 PM,13,4,9
07/13/2020 11:00:00 PM,6,3,3
07/14/2020 12:00:00 AM,3,1,2
07/14/2020 01:00:00 AM,3,0,3
07/14/2020 02:00:00 AM,0,0,0
07/14/2020 03:00:00 AM,1,1,0
07/14/2020 04:00:00 AM,2,0,2
07/14/2020 05:00:00 AM,16,8,8
07/14/2020 06:00:00 AM,61,25,36
07/14/2020 07:00:00 AM,113,30,83
07/14/2020 08:00:00 AM,129,29,100
07/14/2020 09:00:00 AM,81,19,62
07/14/2020 10:00:00 AM,85,37,48
07/14/2020 11:00:00 AM,78,40,38
07/14/2020 12:00:00 PM,76,42,34
07/14/2020 01:00:00 PM,88,42,46
07/14/2020 02:00:00 PM,107,56,51
07/14/2020 03:00:00 PM,146,87,59
07/14/2020 04:00:00 PM,199,130,69
07/14/2020 05:00:00 PM,283,212,71
07/14/2020 06:00:00 PM,266,164,102
07/14/2020 07:00:00 PM,175,92,83
07/14/2020 08:00:00 PM,107,42,65
07/14/2020 09:00:00 PM,62,22,40
07/14/2020 10:00:00 PM,31,12,19
07/14/2020 11:00:00 PM,12,7,5
07/15/2020 12:00:00 AM,6,2,4
07/15/2020 01:00:00 AM,1,0,1
07/15/2020 02:00:00 AM,0,0,0
07/15/2020 03:00:00 AM,0,0,0
07/15/2020 04:00:00 AM,3,2,1
07/15/2020 05:00:00 AM,17,6,11
07/15/2020 06:00:00 AM,58,14,44
07/15/2020 07:00:00 AM,101,26,75
07/15/2020 08:00:00 AM,105,23,82
07/15/2020 09:00:00 AM,86,19,67
07/15/2020 10:00:00 AM,76,38,38
07/15/2020 11:00:00 AM,84,36,48
07/15/2020 12:00:00 PM,73,32,41
07/15/2020 01:00:00 PM,103,48,55
07/15/2020 02:00:00 PM,84,49,35
07/15/2020 03:00:00 PM,165,100,65
07/15/2020 04:00:00 PM,207,157,50
07/15/2020 05:00:00 PM,260,178,82
07/15/2020 06:00:00 PM,210,131,79
07/15/2020 07:00:00 PM,181,96,85
07/15/2020 08:00:00 PM,126,46,80
07/15/2020 09:00:00 PM,61,25,36
07/15/2020 10:00:00 PM,26,10,16
07/15/2020 11:00:00 PM,7,3,4
07/16/2020 12:00:00 AM,4,1,3
07/16/2020 01:00:00 AM,2,1,1
07/16/2020 02:00:00 AM,0,0,0
07/16/2020 03:00:00 AM,2,1,1
07/16/2020 04:00:00 AM,4,1,3
07/16/2020 05:00:00 AM,16,7,9
07/16/2020 06:00:00 AM,47,11,36
07/16/2020 07:00:00 AM,86,25,61
07/16/2020 08:00:00 AM,153,32,121
07/16/2020 09:00:00 AM,83,22,61
07/16/2020 10:00:00 AM,65,27,38
07/16/2020 11:00:00 AM,69,30,39
07/16/2020 12:00:00 PM,57,20,37
07/16/2020 01:00:00 PM,74,36,38
07/16/2020 02:00:00 PM,82,45,37
07/16/2020 03:00:00 PM,134,82,52
07/16/2020 04:00:00 PM,157,107,50
07/16/2020 05:00:00 PM,232,157,75
07/16/2020 06:00:00 PM,177,116,61
07/16/2020 07:00:00 PM,134,72,62
07/16/2020 08:00:00 PM,98,50,48
07/16/2020 09:00:00 PM,45,15,30
07/16/2020 10:00:00 PM,18,8,10
07/16/2020 11:00:00 PM,17,6,11
07/17/2020 12:00:00 AM,8,5,3
07/17/2020 01:00:00 AM,1,0,1
07/17/2020 02:00:00 AM,1,1,0
07/17/2020 03:00:00 AM,0,0,0
07/17/2020 04:00:00 AM,4,2,2
07/17/2020 05:00:00 AM,14,6,8
07/17/2020 06:00:00 AM,22,7,15
07/17/2020 07:00:00 AM,58,11,47
07/17/2020 08:00:00 AM,96,27,69
07/17/2020 09:00:00 AM,76,16,60
07/17/2020 10:00:00 AM,43,13,30
07/17/2020 11:00:00 AM,59,26,33
07/17/2020 12:00:00 PM,54,26,28
07/17/2020 01:00:00 PM,45,25,20
07/17/2020 02:00:00 PM,74,43,31
07/17/2020 03:00:00 PM,94,56,38
07/17/2020 04:00:00 PM,120,73,47
07/17/2020 05:00:00 PM,153,108,45
07/17/2020 06:00:00 PM,152,95,57
07/17/2020 07:00:00 PM,109,69,40
07/17/2020 08:00:00 PM,62,30,32
07/17/2020 09:00:00 PM,39,9,30
07/17/2020 10:00:00 PM,28,16,12
07/17/2020 11:00:00 PM,7,3,4
07/18/2020 12:00:00 AM,7,4,3
07/18/2020 01:00:00 AM,9,4,5
07/18/2020 02:00:00 AM,8,4,4
07/18/2020 03:00:00 AM,7,4,3
07/18/2020 04:00:00 AM,5,3,2
07/18/2020 05:00:00 AM,8,3,5
07/18/2020 06:00:00 AM,17,7,10
07/18/2020 07:00:00 AM,35,17,18
07/18/2020 08:00:00 AM,51,24,27
07/18/2020 09:00:00 AM,72,33,39
07/18/2020 10:00:00 AM,94,43,51
07/18/2020 11:00:00 AM,120,74,46
07/18/2020 12:00:00 PM,186,121,65
07/18/2020 01:00:00 PM,152,80,72
07/18/2020 02:00:00 PM,224,125,99
07/18/2020 03:00:00 PM,196,102,94
07/18/2020 04:00:00 PM,176,78,98
07/18/2020 05:00:00 PM,184,107,77
07/18/2020 06:00:00 PM,140,66,74
07/18/2020 07:00:00 PM,133,55,78
07/18/2020 08:00:00 PM,97,48,49
07/18/2020 09:00:00 PM,50,14,36
07/18/2020 10:00:00 PM,41,15,26
07/18/2020 11:00:00 PM,12,5,7
07/19/2020 12:00:00 AM,3,1,2
07/19/2020 01:00:00 AM,0,0,0
07/19/2020 02:00:00 AM,0,0,0
07/19/2020 03:00:00 AM,0,0,0
07/19/2020 04:00:00 AM,2,1,1
07/19/2020 05:00:00 AM,2,0,2
07/19/2020 06:00:00 AM,11,3,8
07/19/2020 07:00:00 AM,19,10,9
07/19/2020 08:00:00 AM,52,22,30
07/19/2020 09:00:00 AM,76,44,32
07/19/2020 10:00:00 AM,107,57,50
07/19/2020 11:00:00 AM,142,72,70
07/19/2020 12:00:00 PM,170,80,90
07/19/2020 01:00:00 PM,164,91,73
07/19/2020 02:00:00 PM,194,96,98
07/19/2020 03:00:00 PM,163,68,95
07/19/2020 04:00:00 PM,140,65,75
07/19/2020 05:00:00 PM,126,63,63
07/19/2020 06:00:00 PM,105,51,54
07/19/2020 07:00:00 PM,97,49,48
07/19/2020 08:00:00 PM,84,27,57
07/19/2020 09:00:00 PM,44,20,24
07/19/2020 10:00:00 PM,18,5,13
07/19/2020 11:00:00 PM,10,6,4
07/20/2020 12:00:00 AM,3,2,1
07/20/2020 01:00:00 AM,2,1,1
07/20/2020 02:00:00 AM,2,1,1
07/20/2020 03:00:00 AM,1,0,1
07/20/2020 04:00:00 AM,2,1,1
07/20/2020 05:00:00 AM,19,6,13
07/20/2020 06:00:00 AM,37,11,26
07/20/2020 07:00:00 AM,94,23,71
07/20/2020 08:00:00 AM,122,26,96
07/20/2020 09:00:00 AM,88,21,67
07/20/2020 10:00:00 AM,60,19,41
07/20/2020 11:00:00 AM,70,30,40
07/20/2020 12:00:00 PM,67,36,31
07/20/2020 01:00:00 PM,80,30,50
07/20/2020 02:00:00 PM,87,47,40
07/20/2020 03:00:00 PM,109,68,41
07/20/2020 04:00:00 PM,194,148,46
07/20/2020 05:00:00 PM,245,174,71
07/20/2020 06:00:00 PM,189,115,74
07/20/2020 07:00:00 PM,177,82,95
07/20/2020 08:00:00 PM,134,54,80
07/20/2020 09:00:00 PM,72,24,48
07/20/2020 10:00:00 PM,30,10,20
07/20/2020 11:00:00 PM,11,7,4
07/21/2020 12:00:00 AM,5,3,2
07/21/2020 01:00:00 AM,12,5,7
07/21/2020 02:00:00 AM,11,6,5
07/21/2020 03:00:00 AM,9,4,5
07/21/2020 04:00:00 AM,9,5,4
07/21/2020 05:00:00 AM,18,9,9
07/21/2020 06:00:00 AM,54,16,38
07/21/2020 07:00:00 AM,109,31,78
07/21/2020 08:00:00 AM,141,23,118
07/21/2020 09:00:00 AM,74,28,46
07/21/2020 10:00:00 AM,70,24,46
07/21/2020 11:00:00 AM,98,48,50
07/21/2020 12:00:00 PM,68,40,28
07/21/2020 01:00:00 PM,76,47,29
07/21/2020 02:00:00 PM,83,43,40
07/21/2020 03:00:00 PM,111,68,43
07/21/2020 04:00:00 PM,164,104,60
07/21/2020 05:00:00 PM,270,203,67
07/21/2020 06:00:00 PM,218,135,83
07/21/2020 07:00:00 PM,143,72,71
07/21/2020 08:00:00 PM,128,56,72
07/21/2020 09:00:00 PM,72,26,46
07/21/2020 10:00:00 PM,21,12,9
07/21/2020 11:00:00 PM,10,6,4
07/22/2020 12:00:00 AM,4,1,3
07/22/2020 01:00:00 AM,2,2,0
07/22/2020 02:00:00 AM,1,0,1
07/22/2020 03:00:00 AM,0,0,0
07/22/2020 04:00:00 AM,3,2,1
07/22/2020 05:00:00 AM,15,7,8
07/22/2020 06:00:00 AM,48,15,33
07/22/2020 07:00:00 AM,99,26,73
07/22/2020 08:00:00 AM,119,24,95
07/22/2020 09:00:00 AM,72,16,56
07/22/2020 10:00:00 AM,56,24,32
07/22/2020 11:00:00 AM,52,22,30
07/22/2020 12:00:00 PM,51,38,13
07/22/2020 01:00:00 PM,75,40,35
07/22/2020 02:00:00 PM,70,37,33
07/22/2020 03:00:00 PM,96,58,38
07/22/2020 04:00:00 PM,141,100,41
07/22/2020 05:00:00 PM,191,138,53
07/22/2020 06:00:00 PM,205,139,66
07/22/2020 07:00:00 PM,143,72,71
07/22/2020 08:00:00 PM,122,45,77
07/22/2020 09:00:00 PM,64,26,38
07/22/2020 10:00:00 PM,28,9,19
07/22/2020 11:00:00 PM,20,10,10
07/23/2020 12:00:00 AM,3,1,2
07/23/2020 01:00:00 AM,4,4,0
07/23/2020 02:00:00 AM,0,0,0
07/23/2020 03:00:00 AM,2,0,2
07/23/2020 04:00:00 AM,1,1,0
07/23/2020 05:00:00 AM,14,7,7
07/23/2020 06:00:00 AM,39,10,29
07/23/2020 07:00:00 AM,80,19,61
07/23/2020 08:00:00 AM,110,21,89
07/23/2020 09:00:00 AM,63,13,50
07/23/2020 10:00:00 AM,62,16,46
07/23/2020 11:00:00 AM,67,24,43
07/23/2020 12:00:00 PM,76,44,32
07/23/2020 01:00:00 PM,67,33,34
07/23/2020 02:00:00 PM,96,44,52
07/23/2020 03:00:00 PM,104,76,28
07/23/2020 04:00:00 PM,152,100,52
07/23/2020 05:00:00 PM,197,142,55
07/23/2020 06:00:00 PM,173,114,59
07/23/2020 07:00:00 PM,165,108,57
07/23/2020 08:00:00 PM,109,47,62
07/23/2020 09:00:00 PM,37,18,19
07/23/2020 10:00:00 PM,18,7,11
07/23/2020 11:00:00 PM,5,1,4
07/24/2020 12:00:00 AM,5,2,3
07/24/2020 01:00:00 AM,1,1,0
07/24/2020 02:00:00 AM,1,1,0
07/24/2020 03:00:00 AM,0,0,0
07/24/2020 04:00:00 AM,2,2,0
07/24/2020 05:00:00 AM,23,12,11
07/24/2020 06:00:00 AM,38,8,30
07/24/2020 07:00:00 AM,90,28,62
07/24/2020 08:00:00 AM,100,17,83
07/24/2020 09:00:00 AM,81,25,56
07/24/2020 10:00:00 AM,72,33,39
07/24/2020 11:00:00 AM,47,24,23
07/24/2020 12:00:00 PM,74,40,34
07/24/2020 01:00:00 PM,87,50,37
07/24/2020 02:00:00 PM,88,53,35
07/24/2020 03:00:00 PM,129,85,44
07/24/2020 04:00:00 PM,140,88,52
07/24/2020 05:00:00 PM,164,126,38
07/24/2020 06:00:00 PM,176,104,72
07/24/2020 07:00:00 PM,95,49,46
07/24/2020 08:00:00 PM,73,25,48
07/24/2020 09:00:00 PM,47,15,32
07/24/2020 10:00:00 PM,19,5,14
07/24/2020 11:00:00 PM,10,3,7
07/25/2020 12:00:00 AM,6,5,1
07/25/2020 01:00:00 AM,2,2,0
07/25/2020 02:00:00 AM,0,0,0
07/25/2020 03:00:00 AM,1,0,1
07/25/2020 04:00:00 AM,0,0,0
07/25/2020 05:00:00 AM,8,5,3
07/25/2020 06:00:00 AM,10,5,5
07/25/2020 07:00:00 AM,31,16,15
07/25/2020 08:00:00 AM,55,27,28
07/25/2020 09:00:00 AM,81,49,32
07/25/2020 10:00:00 AM,132,55,77
07/25/2020 11:00:00 AM,141,76,65
07/25/2020 12:00:00 PM,164,86,78
07/25/2020 01:00:00 PM,189,95,94
07/25/2020 02:00:00 PM,197,99,98
07/25/2020 03:00:00 PM,169,99,70
07/25/2020 04:00:00 PM,157,93,64
07/25/2020 05:00:00 PM,172,79,93
07/25/2020 06:00:00 PM,152,67,85
07/25/2020 07:00:00 PM,93,43,50
07/25/2020 08:00:00 PM,80,31,49
07/25/2020 09:00:00 PM,72,16,56
07/25/2020 10:00:00 PM,20,8,12
07/25/2020 11:00:00 PM,17,7,10
07/26/2020 12:00:00 AM,13,10,3
07/26/2020 01:00:00 AM,2,1,1
07/26/2020 02:00:00 AM,2,2,0
07/26/2020 03:00:00 AM,3,2,1
07/26/2020 04:00:00 AM,0,0,0
07/26/2020 05:00:00 AM,2,0,2
07/26/2020 06:00:00 AM,7,3,4
07/26/2020 07:00:00 AM,19,12,7
07/26/2020 08:00:00 AM,40,17,23
07/26/2020 09:00:00 AM,77,43,34
07/26/2020 10:00:00 AM,88,53,35
07/26/2020 11:00:00 AM,153,79,74
07/26/2020 12:00:00 PM,141,89,52
07/26/2020 01:00:00 PM,160,69,91
07/26/2020 02:00:00 PM,190,104,86
07/26/2020 03:00:00 PM,158,76,82
07/26/2020 04:00:00 PM,171,73,98
07/26/2020 05:00:00 PM,145,74,71
07/26/2020 06:00:00 PM,121,70,51
07/26/2020 07:00:00 PM,94,42,52
07/26/2020 08:00:00 PM,98,34,64
07/26/2020 09:00:00 PM,35,12,23
07/26/2020 10:00:00 PM,14,1,13
07/26/2020 11:00:00 PM,3,2,1
07/27/2020 12:00:00 AM,5,1,4
07/27/2020 01:00:00 AM,0,0,0
07/27/2020 02:00:00 AM,1,0,1
07/27/2020 03:00:00 AM,2,1,1
07/27/2020 04:00:00 AM,2,1,1
07/27/2020 05:00:00 AM,14,4,10
07/27/2020 06:00:00 AM,36,13,23
07/27/2020 07:00:00 AM,89,34,55
07/27/2020 08:00:00 AM,123,24,99
07/27/2020 09:00:00 AM,91,25,66
07/27/2020 10:00:00 AM,72,27,45
07/27/2020 11:00:00 AM,46,22,24
07/27/2020 12:00:00 PM,82,43,39
07/27/2020 01:00:00 PM,60,32,28
07/27/2020 02:00:00 PM,90,52,38
07/27/2020 03:00:00 PM,102,60,42
07/27/2020 04:00:00 PM,122,81,41
07/27/2020 05:00:00 PM,201,149,52
07/27/2020 06:00:00 PM,169,107,62
07/27/2020 07:00:00 PM,132,70,62
07/27/2020 08:00:00 PM,84,35,49
07/27/2020 09:00:00 PM,44,17,27
07/27/2020 10:00:00 PM,19,4,15
07/27/2020 11:00:00 PM,6,3,3
07/28/2020 12:00:00 AM,3,0,3
07/28/2020 01:00:00 AM,1,0,1
07/28/2020 02:00:00 AM,1,0,1
07/28/2020 03:00:00 AM,1,1,0
07/28/2020 04:00:00 AM,1,1,0
07/28/2020 05:00:00 AM,15,5,10
07/28/2020 06:00:00 AM,46,15,31
07/28/2020 07:00:00 AM,103,30,73
07/28/2020 08:00:00 AM,160,31,129
07/28/2020 09:00:00 AM,80,31,49
07/28/2020 10:00:00 AM,61,19,42
07/28/2020 11:00:00 AM,72,24,48
07/28/2020 12:00:00 PM,72,43,29
07/28/2020 01:00:00 PM,62,27,35
07/28/2020 02:00:00 PM,106,60,46
07/28/2020 03:00:00 PM,100,68,32
07/28/2020 04:00:00 PM,182,118,64
07/28/2020 05:00:00 PM,249,169,80
07/28/2020 06:00:00 PM,217,135,82
07/28/2020 07:00:00 PM,158,95,63
07/28/2020 08:00:00 PM,126,70,56
07/28/2020 09:00:00 PM,56,19,37
07/28/2020 10:00:00 PM,21,10,11
07/28/2020 11:00:00 PM,10,6,4
07/29/2020 12:00:00 AM,6,3,3
07/29/2020 01:00:00 AM,1,1,0
07/29/2020 02:00:00 AM,1,0,1
07/29/2020 03:00:00 AM,1,0,1
07/29/2020 04:00:00 AM,3,3,0
07/29/2020 05:00:00 AM,13,6,7
07/29/2020 06:00:00 AM,57,15,42
07/29/2020 07:00:00 AM,118,33,85
07/29/2020 08:00:00 AM,133,29,104
07/29/2020 09:00:00 AM,84,23,61
07/29/2020 10:00:00 AM,47,22,25
07/29/2020 11:00:00 AM,55,23,32
07/29/2020 12:00:00 PM,66,34,32
07/29/2020 01:00:00 PM,74,44,30
07/29/2020 02:00:00 PM,95,55,40
07/29/2020 03:00:00 PM,123,77,46
07/29/2020 04:00:00 PM,166,117,49
07/29/2020 05:00:00 PM,214,150,64
07/29/2020 06:00:00 PM,228,156,72
07/29/2020 07:00:00 PM,179,89,90
07/29/2020 08:00:00 PM,127,57,70
07/29/2020 09:00:00 PM,71,18,53
07/29/2020 10:00:00 PM,22,10,12
07/29/2020 11:00:00 PM,14,5,9
07/30/2020 12:00:00 AM,4,3,1
07/30/2020 01:00:00 AM,5,2,3
07/30/2020 02:00:00 AM,2,2,0
07/30/2020 03:00:00 AM,2,0,2
07/30/2020 04:00:00 AM,1,0,1
07/30/2020 05:00:00 AM,17,8,9
07/30/2020 06:00:00 AM,55,18,37
07/30/2020 07:00:00 AM,112,32,80
07/30/2020 08:00:00 AM,122,22,100
07/30/2020 09:00:00 AM,94,26,68
07/30/2020 10:00:00 AM,78,40,38
07/30/2020 11:00:00 AM,70,29,41
07/30/2020 12:00:00 PM,57,24,33
07/30/2020 01:00:00 PM,47,22,25
07/30/2020 02:00:00 PM,92,48,44
07/30/2020 03:00:00 PM,100,65,35
07/30/2020 04:00:00 PM,160,107,53
07/30/2020 05:00:00 PM,214,158,56
07/30/2020 06:00:00 PM,218,141,77
07/30/2020 07:00:00 PM,146,71,75
07/30/2020 08:00:00 PM,95,46,49
07/30/2020 09:00:00 PM,50,19,31
07/30/2020 10:00:00 PM,32,12,20
07/30/2020 11:00:00 PM,12,5,7
07/31/2020 12:00:00 AM,3,0,3
07/31/2020 01:00:00 AM,0,0,0
07/31/2020 02:00:00 AM,1,0,1
07/31/2020 03:00:00 AM,1,0,1
07/31/2020 04:00:00 AM,4,4,0
07/31/2020 05:00:00 AM,17,8,9
07/31/2020 06:00:00 AM,37,11,26
07/31/2020 07:00:00 AM,90,32,58
07/31/2020 08:00:00 AM,118,28,90
07/31/2020 09:00:00 AM,105,37,68
07/31/2020 10:00:00 AM,70,24,46
07/31/2020 11:00:00 AM,92,42,50
07/31/2020 12:00:00 PM,80,38,42
07/31/2020 01:00:00 PM,122,71,51
07/31/2020 02:00:00 PM,83,45,38
07/31/2020 03:00:00 PM,125,88,37
07/31/2020 04:00:00 PM,155,92,63
07/31/2020 05:00:00 PM,223,139,84
07/31/2020 06:00:00 PM,172,99,73
07/31/2020 07:00:00 PM,113,58,55
07/31/2020 08:00:00 PM,88,40,48
07/31/2020 09:00:00 PM,50,17,33
07/31/2020 10:00:00 PM,1,0,1
07/31/2020 11:00:00 PM,0,0,0
08/01/2020 12:00:00 AM,0,0,0
08/01/2020 01:00:00 AM,0,0,0
08/01/2020 02:00:00 AM,0,0,0
08/01/2020 03:00:00 AM,0,0,0
08/01/2020 04:00:00 AM,0,0,0
08/01/2020 05:00:00 AM,0,0,0
08/01/2020 06:00:00 AM,0,0,0
08/01/2020 07:00:00 AM,0,0,0
08/01/2020 08:00:00 AM,0,0,0
08/01/2020 09:00:00 AM,0,0,0
08/01/2020 10:00:00 AM,0,0,0
08/01/2020 11:00:00 AM,0,0,0
08/01/2020 12:00:00 PM,0,0,0
08/01/2020 01:00:00 PM,0,0,0
08/01/2020 02:00:00 PM,0,0,0
08/01/2020 03:00:00 PM,0,0,0
08/01/2020 04:00:00 PM,0,0,0
08/01/2020 05:00:00 PM,0,0,0
08/01/2020 06:00:00 PM,0,0,0
08/01/2020 07:00:00 PM,0,0,0
08/01/2020 08:00:00 PM,0,0,0
08/01/2020 09:00:00 PM,0,0,0
08/01/2020 10:00:00 PM,0,0,0
08/01/2020 11:00:00 PM,0,0,0
08/02/2020 12:00:00 AM,0,0,0
08/02/2020 01:00:00 AM,0,0,0
08/02/2020 02:00:00 AM,0,0,0
08/02/2020 03:00:00 AM,0,0,0
08/02/2020 04:00:00 AM,0,0,0
08/02/2020 05:00:00 AM,0,0,0
08/02/2020 06:00:00 AM,0,0,0
08/02/2020 07:00:00 AM,0,0,0
08/02/2020 08:00:00 AM,0,0,0
08/02/2020 09:00:00 AM,0,0,0
08/02/2020 10:00:00 AM,0,0,0
08/02/2020 11:00:00 AM,0,0,0
08/02/2020 12:00:00 PM,0,0,0
08/02/2020 01:00:00 PM,0,0,0
08/02/2020 02:00:00 PM,0,0,0
08/02/2020 03:00:00 PM,0,0,0
08/02/2020 04:00:00 PM,0,0,0
08/02/2020 05:00:00 PM,0,0,0
08/02/2020 06:00:00 PM,0,0,0
08/02/2020 07:00:00 PM,0,0,0
08/02/2020 08:00:00 PM,0,0,0
08/02/2020 09:00:00 PM,0,0,0
08/02/2020 10:00:00 PM,0,0,0
08/02/2020 11:00:00 PM,0,0,0
08/03/2020 12:00:00 AM,0,0,0
08/03/2020 01:00:00 AM,0,0,0
08/03/2020 02:00:00 AM,0,0,0
08/03/2020 03:00:00 AM,0,0,0
08/03/2020 04:00:00 AM,0,0,0
08/03/2020 05:00:00 AM,0,0,0
08/03/2020 06:00:00 AM,0,0,0
08/03/2020 07:00:00 AM,0,0,0
08/03/2020 08:00:00 AM,0,0,0
08/03/2020 09:00:00 AM,0,0,0
08/03/2020 10:00:00 AM,0,0,0
08/03/2020 11:00:00 AM,0,0,0
08/03/2020 12:00:00 PM,0,0,0
08/03/2020 01:00:00 PM,0,0,0
08/03/2020 02:00:00 PM,0,0,0
08/03/2020 03:00:00 PM,0,0,0
08/03/2020 04:00:00 PM,0,0,0
08/03/2020 05:00:00 PM,0,0,0
08/03/2020 06:00:00 PM,0,0,0
08/03/2020 07:00:00 PM,0,0,0
08/03/2020 08:00:00 PM,0,0,0
08/03/2020 09:00:00 PM,0,0,0
08/03/2020 10:00:00 PM,0,0,0
08/03/2020 11:00:00 PM,0,0,0
08/04/2020 12:00:00 AM,0,0,0
08/04/2020 01:00:00 AM,0,0,0
08/04/2020 02:00:00 AM,0,0,0
08/04/2020 03:00:00 AM,0,0,0
08/04/2020 04:00:00 AM,0,0,0
08/04/2020 05:00:00 AM,0,0,0
08/04/2020 06:00:00 AM,0,0,0
08/04/2020 07:00:00 AM,0,0,0
08/04/2020 08:00:00 AM,0,0,0
08/04/2020 09:00:00 AM,0,0,0
08/04/2020 10:00:00 AM,0,0,0
08/04/2020 11:00:00 AM,0,0,0
08/04/2020 12:00:00 PM,0,0,0
08/04/2020 01:00:00 PM,0,0,0
08/04/2020 02:00:00 PM,0,0,0
08/04/2020 03:00:00 PM,0,0,0
08/04/2020 04:00:00 PM,0,0,0
08/04/2020 05:00:00 PM,0,0,0
08/04/2020 06:00:00 PM,0,0,0
08/04/2020 07:00:00 PM,0,0,0
08/04/2020 08:00:00 PM,0,0,0
08/04/2020 09:00:00 PM,0,0,0
08/04/2020 10:00:00 PM,0,0,0
08/04/2020 11:00:00 PM,0,0,0
08/05/2020 12:00:00 AM,0,0,0
08/05/2020 01:00:00 AM,0,0,0
08/05/2020 02:00:00 AM,0,0,0
08/05/2020 03:00:00 AM,0,0,0
08/05/2020 04:00:00 AM,0,0,0
08/05/2020 05:00:00 AM,0,0,0
08/05/2020 06:00:00 AM,0,0,0
08/05/2020 07:00:00 AM,0,0,0
08/05/2020 08:00:00 AM,0,0,0
08/05/2020 09:00:00 AM,0,0,0
08/05/2020 10:00:00 AM,0,0,0
08/05/2020 11:00:00 AM,0,0,0
08/05/2020 12:00:00 PM,0,0,0
08/05/2020 01:00:00 PM,0,0,0
08/05/2020 02:00:00 PM,0,0,0
08/05/2020 03:00:00 PM,0,0,0
08/05/2020 04:00:00 PM,0,0,0
08/05/2020 05:00:00 PM,0,0,0
08/05/2020 06:00:00 PM,2,2,0
08/05/2020 07:00:00 PM,0,0,0
08/05/2020 08:00:00 PM,0,0,0
08/05/2020 09:00:00 PM,0,0,0
08/05/2020 10:00:00 PM,0,0,0
08/05/2020 11:00:00 PM,0,0,0
08/06/2020 12:00:00 AM,0,0,0
08/06/2020 01:00:00 AM,0,0,0
08/06/2020 02:00:00 AM,0,0,0
08/06/2020 03:00:00 AM,0,0,0
08/06/2020 04:00:00 AM,0,0,0
08/06/2020 05:00:00 AM,0,0,0
08/06/2020 06:00:00 AM,1,1,0
08/06/2020 07:00:00 AM,0,0,0
08/06/2020 08:00:00 AM,0,0,0
08/06/2020 09:00:00 AM,0,0,0
08/06/2020 10:00:00 AM,0,0,0
08/06/2020 11:00:00 AM,0,0,0
08/06/2020 12:00:00 PM,0,0,0
08/06/2020 01:00:00 PM,0,0,0
08/06/2020 02:00:00 PM,0,0,0
08/06/2020 03:00:00 PM,0,0,0
08/06/2020 04:00:00 PM,0,0,0
08/06/2020 05:00:00 PM,0,0,0
08/06/2020 06:00:00 PM,0,0,0
08/06/2020 07:00:00 PM,0,0,0
08/06/2020 08:00:00 PM,0,0,0
08/06/2020 09:00:00 PM,0,0,0
08/06/2020 10:00:00 PM,0,0,0
08/06/2020 11:00:00 PM,0,0,0
08/07/2020 12:00:00 AM,0,0,0
08/07/2020 01:00:00 AM,0,0,0
08/07/2020 02:00:00 AM,0,0,0
08/07/2020 03:00:00 AM,0,0,0
08/07/2020 04:00:00 AM,0,0,0
08/07/2020 05:00:00 AM,0,0,0
08/07/2020 06:00:00 AM,0,0,0
08/07/2020 07:00:00 AM,0,0,0
08/07/2020 08:00:00 AM,0,0,0
08/07/2020 09:00:00 AM,0,0,0
08/07/2020 10:00:00 AM,0,0,0
08/07/2020 11:00:00 AM,0,0,0
08/07/2020 12:00:00 PM,0,0,0
08/07/2020 01:00:00 PM,0,0,0
08/07/2020 02:00:00 PM,0,0,0
08/07/2020 03:00:00 PM,0,0,0
08/07/2020 04:00:00 PM,0,0,0
08/07/2020 05:00:00 PM,0,0,0
08/07/2020 06:00:00 PM,0,0,0
08/07/2020 07:00:00 PM,0,0,0
08/07/2020 08:00:00 PM,0,0,0
08/07/2020 09:00:00 PM,0,0,0
08/07/2020 10:00:00 PM,0,0,0
08/07/2020 11:00:00 PM,0,0,0
08/08/2020 12:00:00 AM,0,0,0
08/08/2020 01:00:00 AM,0,0,0
08/08/2020 02:00:00 AM,0,0,0
08/08/2020 03:00:00 AM,0,0,0
08/08/2020 04:00:00 AM,0,0,0
08/08/2020 05:00:00 AM,0,0,0
08/08/2020 06:00:00 AM,0,0,0
08/08/2020 07:00:00 AM,0,0,0
08/08/2020 08:00:00 AM,0,0,0
08/08/2020 09:00:00 AM,0,0,0
08/08/2020 10:00:00 AM,0,0,0
08/08/2020 11:00:00 AM,0,0,0
08/08/2020 12:00:00 PM,0,0,0
08/08/2020 01:00:00 PM,0,0,0
08/08/2020 02:00:00 PM,0,0,0
08/08/2020 03:00:00 PM,0,0,0
08/08/2020 04:00:00 PM,0,0,0
08/08/2020 05:00:00 PM,0,0,0
08/08/2020 06:00:00 PM,0,0,0
08/08/2020 07:00:00 PM,0,0,0
08/08/2020 08:00:00 PM,0,0,0
08/08/2020 09:00:00 PM,0,0,0
08/08/2020 10:00:00 PM,0,0,0
08/08/2020 11:00:00 PM,0,0,0
08/09/2020 12:00:00 AM,0,0,0
08/09/2020 01:00:00 AM,0,0,0
08/09/2020 02:00:00 AM,0,0,0
08/09/2020 03:00:00 AM,0,0,0
08/09/2020 04:00:00 AM,0,0,0
08/09/2020 05:00:00 AM,0,0,0
08/09/2020 06:00:00 AM,0,0,0
08/09/2020 07:00:00 AM,0,0,0
08/09/2020 08:00:00 AM,0,0,0
08/09/2020 09:00:00 AM,0,0,0
08/09/2020 10:00:00 AM,0,0,0
08/09/2020 11:00:00 AM,0,0,0
08/09/2020 12:00:00 PM,0,0,0
08/09/2020 01:00:00 PM,0,0,0
08/09/2020 02:00:00 PM,0,0,0
08/09/2020 03:00:00 PM,0,0,0
08/09/2020 04:00:00 PM,0,0,0
08/09/2020 05:00:00 PM,0,0,0
08/09/2020 06:00:00 PM,0,0,0
08/09/2020 07:00:00 PM,0,0,0
08/09/2020 08:00:00 PM,0,0,0
08/09/2020 09:00:00 PM,0,0,0
08/09/2020 10:00:00 PM,0,0,0
08/09/2020 11:00:00 PM,0,0,0
08/10/2020 12:00:00 AM,0,0,0
08/10/2020 01:00:00 AM,0,0,0
08/10/2020 02:00:00 AM,0,0,0
08/10/2020 03:00:00 AM,0,0,0
08/10/2020 04:00:00 AM,0,0,0
08/10/2020 05:00:00 AM,0,0,0
08/10/2020 06:00:00 AM,0,0,0
08/10/2020 07:00:00 AM,0,0,0
08/10/2020 08:00:00 AM,0,0,0
08/10/2020 09:00:00 AM,0,0,0
08/10/2020 10:00:00 AM,0,0,0
08/10/2020 11:00:00 AM,0,0,0
08/10/2020 12:00:00 PM,0,0,0
08/10/2020 01:00:00 PM,0,0,0
08/10/2020 02:00:00 PM,0,0,0
08/10/2020 03:00:00 PM,0,0,0
08/10/2020 04:00:00 PM,0,0,0
08/10/2020 05:00:00 PM,0,0,0
08/10/2020 06:00:00 PM,0,0,0
08/10/2020 07:00:00 PM,0,0,0
08/10/2020 08:00:00 PM,0,0,0
08/10/2020 09:00:00 PM,0,0,0
08/10/2020 10:00:00 PM,0,0,0
08/10/2020 11:00:00 PM,0,0,0
08/11/2020 12:00:00 AM,0,0,0
08/11/2020 01:00:00 AM,0,0,0
08/11/2020 02:00:00 AM,0,0,0
08/11/2020 03:00:00 AM,0,0,0
08/11/2020 04:00:00 AM,0,0,0
08/11/2020 05:00:00 AM,0,0,0
08/11/2020 06:00:00 AM,0,0,0
08/11/2020 07:00:00 AM,1,0,1
08/11/2020 08:00:00 AM,0,0,0
08/11/2020 09:00:00 AM,0,0,0
08/11/2020 10:00:00 AM,0,0,0
08/11/2020 11:00:00 AM,0,0,0
08/11/2020 12:00:00 PM,0,0,0
08/11/2020 01:00:00 PM,0,0,0
08/11/2020 02:00:00 PM,0,0,0
08/11/2020 03:00:00 PM,0,0,0
08/11/2020 04:00:00 PM,0,0,0
08/11/2020 05:00:00 PM,0,0,0
08/11/2020 06:00:00 PM,0,0,0
08/11/2020 07:00:00 PM,0,0,0
08/11/2020 08:00:00 PM,0,0,0
08/11/2020 09:00:00 PM,0,0,0
08/11/2020 10:00:00 PM,0,0,0
08/11/2020 11:00:00 PM,0,0,0
08/12/2020 12:00:00 AM,0,0,0
08/12/2020 01:00:00 AM,0,0,0
08/12/2020 02:00:00 AM,0,0,0
08/12/2020 03:00:00 AM,0,0,0
08/12/2020 04:00:00 AM,0,0,0
08/12/2020 05:00:00 AM,0,0,0
08/12/2020 06:00:00 AM,0,0,0
08/12/2020 07:00:00 AM,0,0,0
08/12/2020 08:00:00 AM,0,0,0
08/12/2020 09:00:00 AM,0,0,0
08/12/2020 10:00:00 AM,0,0,0
08/12/2020 11:00:00 AM,0,0,0
08/12/2020 12:00:00 PM,0,0,0
08/12/2020 01:00:00 PM,0,0,0
08/12/2020 02:00:00 PM,0,0,0
08/12/2020 03:00:00 PM,0,0,0
08/12/2020 04:00:00 PM,0,0,0
08/12/2020 05:00:00 PM,0,0,0
08/12/2020 06:00:00 PM,0,0,0
08/12/2020 07:00:00 PM,0,0,0
08/12/2020 08:00:00 PM,0,0,0
08/12/2020 09:00:00 PM,0,0,0
08/12/2020 10:00:00 PM,0,0,0
08/12/2020 11:00:00 PM,0,0,0
08/13/2020 12:00:00 AM,0,0,0
08/13/2020 01:00:00 AM,0,0,0
08/13/2020 02:00:00 AM,0,0,0
08/13/2020 03:00:00 AM,0,0,0
08/13/2020 04:00:00 AM,0,0,0
08/13/2020 05:00:00 AM,0,0,0
08/13/2020 06:00:00 AM,0,0,0
08/13/2020 07:00:00 AM,0,0,0
08/13/2020 08:00:00 AM,0,0,0
08/13/2020 09:00:00 AM,0,0,0
08/13/2020 10:00:00 AM,0,0,0
08/13/2020 11:00:00 AM,0,0,0
08/13/2020 12:00:00 PM,0,0,0
08/13/2020 01:00:00 PM,0,0,0
08/13/2020 02:00:00 PM,0,0,0
08/13/2020 03:00:00 PM,0,0,0
08/13/2020 04:00:00 PM,0,0,0
08/13/2020 05:00:00 PM,0,0,0
08/13/2020 06:00:00 PM,0,0,0
08/13/2020 07:00:00 PM,0,0,0
08/13/2020 08:00:00 PM,0,0,0
08/13/2020 09:00:00 PM,0,0,0
08/13/2020 10:00:00 PM,0,0,0
08/13/2020 11:00:00 PM,0,0,0
08/14/2020 12:00:00 AM,0,0,0
08/14/2020 01:00:00 AM,0,0,0
08/14/2020 02:00:00 AM,0,0,0
08/14/2020 03:00:00 AM,0,0,0
08/14/2020 04:00:00 AM,0,0,0
08/14/2020 05:00:00 AM,0,0,0
08/14/2020 06:00:00 AM,0,0,0
08/14/2020 07:00:00 AM,0,0,0
08/14/2020 08:00:00 AM,0,0,0
08/14/2020 09:00:00 AM,0,0,0
08/14/2020 10:00:00 AM,0,0,0
08/14/2020 11:00:00 AM,0,0,0
08/14/2020 12:00:00 PM,0,0,0
08/14/2020 01:00:00 PM,0,0,0
08/14/2020 02:00:00 PM,0,0,0
08/14/2020 03:00:00 PM,0,0,0
08/14/2020 04:00:00 PM,0,0,0
08/14/2020 05:00:00 PM,0,0,0
08/14/2020 06:00:00 PM,0,0,0
08/14/2020 07:00:00 PM,0,0,0
08/14/2020 08:00:00 PM,0,0,0
08/14/2020 09:00:00 PM,0,0,0
08/14/2020 10:00:00 PM,0,0,0
08/14/2020 11:00:00 PM,0,0,0
08/15/2020 12:00:00 AM,0,0,0
08/15/2020 01:00:00 AM,0,0,0
08/15/2020 02:00:00 AM,0,0,0
08/15/2020 03:00:00 AM,0,0,0
08/15/2020 04:00:00 AM,0,0,0
08/15/2020 05:00:00 AM,0,0,0
08/15/2020 06:00:00 AM,0,0,0
08/15/2020 07:00:00 AM,0,0,0
08/15/2020 08:00:00 AM,0,0,0
08/15/2020 09:00:00 AM,0,0,0
08/15/2020 10:00:00 AM,0,0,0
08/15/2020 11:00:00 AM,0,0,0
08/15/2020 12:00:00 PM,0,0,0
08/15/2020 01:00:00 PM,0,0,0
08/15/2020 02:00:00 PM,0,0,0
08/15/2020 03:00:00 PM,0,0,0
08/15/2020 04:00:00 PM,0,0,0
08/15/2020 05:00:00 PM,0,0,0
08/15/2020 06:00:00 PM,0,0,0
08/15/2020 07:00:00 PM,0,0,0
08/15/2020 08:00:00 PM,0,0,0
08/15/2020 09:00:00 PM,0,0,0
08/15/2020 10:00:00 PM,0,0,0
08/15/2020 11:00:00 PM,0,0,0
08/16/2020 12:00:00 AM,0,0,0
08/16/2020 01:00:00 AM,0,0,0
08/16/2020 02:00:00 AM,0,0,0
08/16/2020 03:00:00 AM,0,0,0
08/16/2020 04:00:00 AM,0,0,0
08/16/2020 05:00:00 AM,0,0,0
08/16/2020 06:00:00 AM,0,0,0
08/16/2020 07:00:00 AM,0,0,0
08/16/2020 08:00:00 AM,0,0,0
08/16/2020 09:00:00 AM,0,0,0
08/16/2020 10:00:00 AM,0,0,0
08/16/2020 11:00:00 AM,0,0,0
08/16/2020 12:00:00 PM,0,0,0
08/16/2020 01:00:00 PM,0,0,0
08/16/2020 02:00:00 PM,0,0,0
08/16/2020 03:00:00 PM,0,0,0
08/16/2020 04:00:00 PM,0,0,0
08/16/2020 05:00:00 PM,0,0,0
08/16/2020 06:00:00 PM,0,0,0
08/16/2020 07:00:00 PM,0,0,0
08/16/2020 08:00:00 PM,0,0,0
08/16/2020 09:00:00 PM,0,0,0
08/16/2020 10:00:00 PM,0,0,0
08/16/2020 11:00:00 PM,0,0,0
08/17/2020 12:00:00 AM,0,0,0
08/17/2020 01:00:00 AM,0,0,0
08/17/2020 02:00:00 AM,0,0,0
08/17/2020 03:00:00 AM,0,0,0
08/17/2020 04:00:00 AM,0,0,0
08/17/2020 05:00:00 AM,0,0,0
08/17/2020 06:00:00 AM,0,0,0
08/17/2020 07:00:00 AM,0,0,0
08/17/2020 08:00:00 AM,0,0,0
08/17/2020 09:00:00 AM,0,0,0
08/17/2020 10:00:00 AM,0,0,0
08/17/2020 11:00:00 AM,0,0,0
08/17/2020 12:00:00 PM,0,0,0
08/17/2020 01:00:00 PM,0,0,0
08/17/2020 02:00:00 PM,0,0,0
08/17/2020 03:00:00 PM,0,0,0
08/17/2020 04:00:00 PM,0,0,0
08/17/2020 05:00:00 PM,0,0,0
08/17/2020 06:00:00 PM,0,0,0
08/17/2020 07:00:00 PM,0,0,0
08/17/2020 08:00:00 PM,0,0,0
08/17/2020 09:00:00 PM,0,0,0
08/17/2020 10:00:00 PM,0,0,0
08/17/2020 11:00:00 PM,0,0,0
08/18/2020 12:00:00 AM,0,0,0
08/18/2020 01:00:00 AM,0,0,0
08/18/2020 02:00:00 AM,0,0,0
08/18/2020 03:00:00 AM,0,0,0
08/18/2020 04:00:00 AM,0,0,0
08/18/2020 05:00:00 AM,0,0,0
08/18/2020 06:00:00 AM,0,0,0
08/18/2020 07:00:00 AM,0,0,0
08/18/2020 08:00:00 AM,0,0,0
08/18/2020 09:00:00 AM,0,0,0
08/18/2020 10:00:00 AM,0,0,0
08/18/2020 11:00:00 AM,0,0,0
08/18/2020 12:00:00 PM,0,0,0
08/18/2020 01:00:00 PM,2,1,1
08/18/2020 02:00:00 PM,68,35,33
08/18/2020 03:00:00 PM,91,56,35
08/18/2020 04:00:00 PM,169,113,56
08/18/2020 05:00:00 PM,237,179,58
08/18/2020 06:00:00 PM,203,124,79
08/18/2020 07:00:00 PM,153,84,69
08/18/2020 08:00:00 PM,99,38,61
08/18/2020 09:00:00 PM,32,19,13
08/18/2020 10:00:00 PM,23,9,14
08/18/2020 11:00:00 PM,3,2,1
08/19/2020 12:00:00 AM,4,4,0
08/19/2020 01:00:00 AM,0,0,0
08/19/2020 02:00:00 AM,0,0,0
08/19/2020 03:00:00 AM,1,0,1
08/19/2020 04:00:00 AM,1,1,0
08/19/2020 05:00:00 AM,18,10,8
08/19/2020 06:00:00 AM,60,16,44
08/19/2020 07:00:00 AM,113,35,78
08/19/2020 08:00:00 AM,109,25,84
08/19/2020 09:00:00 AM,86,24,62
08/19/2020 10:00:00 AM,71,26,45
08/19/2020 11:00:00 AM,51,23,28
08/19/2020 12:00:00 PM,72,41,31
08/19/2020 01:00:00 PM,66,31,35
08/19/2020 02:00:00 PM,92,47,45
08/19/2020 03:00:00 PM,104,62,42
08/19/2020 04:00:00 PM,197,144,53
08/19/2020 05:00:00 PM,240,160,80
08/19/2020 06:00:00 PM,223,145,78
08/19/2020 07:00:00 PM,162,89,73
08/19/2020 08:00:00 PM,110,51,59
08/19/2020 09:00:00 PM,42,16,26
08/19/2020 10:00:00 PM,21,9,12
08/19/2020 11:00:00 PM,8,7,1
08/20/2020 12:00:00 AM,12,9,3
08/20/2020 01:00:00 AM,3,1,2
08/20/2020 02:00:00 AM,1,1,0
08/20/2020 03:00:00 AM,1,0,1
08/20/2020 04:00:00 AM,0,0,0
08/20/2020 05:00:00 AM,18,9,9
08/20/2020 06:00:00 AM,21,4,17
08/20/2020 07:00:00 AM,82,29,53
08/20/2020 08:00:00 AM,103,20,83
08/20/2020 09:00:00 AM,75,22,53
08/20/2020 10:00:00 AM,38,13,25
08/20/2020 11:00:00 AM,61,21,40
08/20/2020 12:00:00 PM,83,46,37
08/20/2020 01:00:00 PM,72,41,31
08/20/2020 02:00:00 PM,80,43,37
08/20/2020 03:00:00 PM,90,46,44
08/20/2020 04:00:00 PM,139,81,58
08/20/2020 05:00:00 PM,201,149,52
08/20/2020 06:00:00 PM,176,103,73
08/20/2020 07:00:00 PM,106,58,48
08/20/2020 08:00:00 PM,61,25,36
08/20/2020 09:00:00 PM,29,7,22
08/20/2020 10:00:00 PM,21,12,9
08/20/2020 11:00:00 PM,7,6,1
08/21/2020 12:00:00 AM,2,1,1
08/21/2020 01:00:00 AM,5,3,2
08/21/2020 02:00:00 AM,1,0,1
08/21/2020 03:00:00 AM,2,1,1
08/21/2020 04:00:00 AM,4,2,2
08/21/2020 05:00:00 AM,16,6,10
08/21/2020 06:00:00 AM,29,8,21
08/21/2020 07:00:00 AM,71,17,54
08/21/2020 08:00:00 AM,79,16,63
08/21/2020 09:00:00 AM,64,14,50
08/21/2020 10:00:00 AM,50,21,29
08/21/2020 11:00:00 AM,56,29,27
08/21/2020 12:00:00 PM,49,28,21
08/21/2020 01:00:00 PM,51,34,17
08/21/2020 02:00:00 PM,50,27,23
08/21/2020 03:00:00 PM,76,54,22
08/21/2020 04:00:00 PM,111,75,36
08/21/2020 05:00:00 PM,93,65,28
08/21/2020 06:00:00 PM,121,64,57
08/21/2020 07:00:00 PM,80,42,38
08/21/2020 08:00:00 PM,68,32,36
08/21/2020 09:00:00 PM,27,9,18
08/21/2020 10:00:00 PM,18,7,11
08/21/2020 11:00:00 PM,5,3,2
08/22/2020 12:00:00 AM,8,4,4
08/22/2020 01:00:00 AM,3,1,2
08/22/2020 02:00:00 AM,2,0,2
08/22/2020 03:00:00 AM,1,0,1
08/22/2020 04:00:00 AM,0,0,0
08/22/2020 05:00:00 AM,4,1,3
08/22/2020 06:00:00 AM,11,7,4
08/22/2020 07:00:00 AM,28,12,16
08/22/2020 08:00:00 AM,51,24,27
08/22/2020 09:00:00 AM,63,34,29
08/22/2020 10:00:00 AM,108,50,58
08/22/2020 11:00:00 AM,138,79,59
08/22/2020 12:00:00 PM,131,77,54
08/22/2020 01:00:00 PM,158,81,77
08/22/2020 02:00:00 PM,181,107,74
08/22/2020 03:00:00 PM,182,83,99
08/22/2020 04:00:00 PM,169,95,74
08/22/2020 05:00:00 PM,154,70,84
08/22/2020 06:00:00 PM,155,54,101
08/22/2020 07:00:00 PM,124,52,72
08/22/2020 08:00:00 PM,71,20,51
08/22/2020 09:00:00 PM,30,9,21
08/22/2020 10:00:00 PM,17,9,8
08/22/2020 11:00:00 PM,10,10,0
08/23/2020 12:00:00 AM,5,5,0
08/23/2020 01:00:00 AM,0,0,0
08/23/2020 02:00:00 AM,1,0,1
08/23/2020 03:00:00 AM,1,1,0
08/23/2020 04:00:00 AM,0,0,0
08/23/2020 05:00:00 AM,5,2,3
08/23/2020 06:00:00 AM,8,2,6
08/23/2020 07:00:00 AM,24,9,15
08/23/2020 08:00:00 AM,42,20,22
08/23/2020 09:00:00 AM,69,35,34
08/23/2020 10:00:00 AM,103,65,38
08/23/2020 11:00:00 AM,126,65,61
08/23/2020 12:00:00 PM,157,96,61
08/23/2020 01:00:00 PM,162,79,83
08/23/2020 02:00:00 PM,171,89,82
08/23/2020 03:00:00 PM,202,110,92
08/23/2020 04:00:00 PM,188,90,98
08/23/2020 05:00:00 PM,148,73,75
08/23/2020 06:00:00 PM,140,78,62
08/23/2020 07:00:00 PM,90,41,49
08/23/2020 08:00:00 PM,51,14,37
08/23/2020 09:00:00 PM,27,15,12
08/23/2020 10:00:00 PM,13,3,10
08/23/2020 11:00:00 PM,3,2,1
08/24/2020 12:00:00 AM,1,0,1
08/24/2020 01:00:00 AM,3,2,1
08/24/2020 02:00:00 AM,1,0,1
08/24/2020 03:00:00 AM,2,1,1
08/24/2020 04:00:00 AM,0,0,0
08/24/2020 05:00:00 AM,17,8,9
08/24/2020 06:00:00 AM,35,8,27
08/24/2020 07:00:00 AM,90,26,64
08/24/2020 08:00:00 AM,111,26,85
08/24/2020 09:00:00 AM,72,18,54
08/24/2020 10:00:00 AM,71,22,49
08/24/2020 11:00:00 AM,73,38,35
08/24/2020 12:00:00 PM,77,43,34
08/24/2020 01:00:00 PM,80,38,42
08/24/2020 02:00:00 PM,86,50,36
08/24/2020 03:00:00 PM,120,76,44
08/24/2020 04:00:00 PM,151,96,55
08/24/2020 05:00:00 PM,218,159,59
08/24/2020 06:00:00 PM,220,131,89
08/24/2020 07:00:00 PM,131,62,69
08/24/2020 08:00:00 PM,82,38,44
08/24/2020 09:00:00 PM,21,10,11
08/24/2020 10:00:00 PM,7,3,4
08/24/2020 11:00:00 PM,9,4,5
08/25/2020 12:00:00 AM,1,0,1
08/25/2020 01:00:00 AM,0,0,0
08/25/2020 02:00:00 AM,2,1,1
08/25/2020 03:00:00 AM,2,1,1
08/25/2020 04:00:00 AM,2,1,1
08/25/2020 05:00:00 AM,20,9,11
08/25/2020 06:00:00 AM,51,12,39
08/25/2020 07:00:00 AM,111,34,77
08/25/2020 08:00:00 AM,121,31,90
08/25/2020 09:00:00 AM,96,23,73
08/25/2020 10:00:00 AM,78,25,53
08/25/2020 11:00:00 AM,73,29,44
08/25/2020 12:00:00 PM,83,52,31
08/25/2020 01:00:00 PM,84,35,49
08/25/2020 02:00:00 PM,104,59,45
08/25/2020 03:00:00 PM,111,63,48
08/25/2020 04:00:00 PM,168,127,41
08/25/2020 05:00:00 PM,251,190,61
08/25/2020 06:00:00 PM,241,160,81
08/25/2020 07:00:00 PM,163,66,97
08/25/2020 08:00:00 PM,92,36,56
08/25/2020 09:00:00 PM,44,24,20
08/25/2020 10:00:00 PM,18,4,14
08/25/2020 11:00:00 PM,5,4,1
08/26/2020 12:00:00 AM,2,2,0
08/26/2020 01:00:00 AM,1,0,1
08/26/2020 02:00:00 AM,0,0,0
08/26/2020 03:00:00 AM,1,0,1
08/26/2020 04:00:00 AM,2,1,1
08/26/2020 05:00:00 AM,18,7,11
08/26/2020 06:00:00 AM,50,18,32
08/26/2020 07:00:00 AM,105,29,76
08/26/2020 08:00:00 AM,113,24,89
08/26/2020 09:00:00 AM,98,25,73
08/26/2020 10:00:00 AM,65,28,37
08/26/2020 11:00:00 AM,64,34,30
08/26/2020 12:00:00 PM,86,37,49
08/26/2020 01:00:00 PM,88,37,51
08/26/2020 02:00:00 PM,101,60,41
08/26/2020 03:00:00 PM,114,73,41
08/26/2020 04:00:00 PM,162,116,46
08/26/2020 05:00:00 PM,227,150,77
08/26/2020 06:00:00 PM,219,150,69
08/26/2020 07:00:00 PM,172,79,93
08/26/2020 08:00:00 PM,102,44,58
08/26/2020 09:00:00 PM,42,17,25
08/26/2020 10:00:00 PM,21,12,9
08/26/2020 11:00:00 PM,12,8,4
08/27/2020 12:00:00 AM,0,0,0
08/27/2020 01:00:00 AM,0,0,0
08/27/2020 02:00:00 AM,1,1,0
08/27/2020 03:00:00 AM,1,0,1
08/27/2020 04:00:00 AM,0,0,0
08/27/2020 05:00:00 AM,17,7,10
08/27/2020 06:00:00 AM,53,15,38
08/27/2020 07:00:00 AM,112,35,77
08/27/2020 08:00:00 AM,109,29,80
08/27/2020 09:00:00 AM,98,21,77
08/27/2020 10:00:00 AM,65,26,39
08/27/2020 11:00:00 AM,59,22,37
08/27/2020 12:00:00 PM,57,32,25
08/27/2020 01:00:00 PM,74,46,28
08/27/2020 02:00:00 PM,88,50,38
08/27/2020 03:00:00 PM,129,82,47
08/27/2020 04:00:00 PM,160,102,58
08/27/2020 05:00:00 PM,228,164,64
08/27/2020 06:00:00 PM,200,127,73
08/27/2020 07:00:00 PM,167,86,81
08/27/2020 08:00:00 PM,92,36,56
08/27/2020 09:00:00 PM,45,13,32
08/27/2020 10:00:00 PM,15,7,8
08/27/2020 11:00:00 PM,3,2,1
08/28/2020 12:00:00 AM,4,3,1
08/28/2020 01:00:00 AM,1,0,1
08/28/2020 02:00:00 AM,1,0,1
08/28/2020 03:00:00 AM,0,0,0
08/28/2020 04:00:00 AM,1,1,0
08/28/2020 05:00:00 AM,13,7,6
08/28/2020 06:00:00 AM,50,12,38
08/28/2020 07:00:00 AM,71,20,51
08/28/2020 08:00:00 AM,111,28,83
08/28/2020 09:00:00 AM,76,22,54
08/28/2020 10:00:00 AM,54,19,35
08/28/2020 11:00:00 AM,81,40,41
08/28/2020 12:00:00 PM,84,44,40
08/28/2020 01:00:00 PM,74,32,42
08/28/2020 02:00:00 PM,88,49,39
08/28/2020 03:00:00 PM,140,87,53
08/28/2020 04:00:00 PM,185,122,63
08/28/2020 05:00:00 PM,204,130,74
08/28/2020 06:00:00 PM,174,118,56
08/28/2020 07:00:00 PM,131,65,66
08/28/2020 08:00:00 PM,84,38,46
08/28/2020 09:00:00 PM,52,13,39
08/28/2020 10:00:00 PM,41,15,26
08/28/2020 11:00:00 PM,14,7,7
08/29/2020 12:00:00 AM,8,4,4
08/29/2020 01:00:00 AM,1,0,1
08/29/2020 02:00:00 AM,2,2,0
08/29/2020 03:00:00 AM,0,0,0
08/29/2020 04:00:00 AM,3,0,3
08/29/2020 05:00:00 AM,6,1,5
08/29/2020 06:00:00 AM,12,2,10
08/29/2020 07:00:00 AM,16,10,6
08/29/2020 08:00:00 AM,40,20,20
08/29/2020 09:00:00 AM,71,41,30
08/29/2020 10:00:00 AM,108,50,58
08/29/2020 11:00:00 AM,130,51,79
08/29/2020 12:00:00 PM,119,77,42
08/29/2020 01:00:00 PM,120,73,47
08/29/2020 02:00:00 PM,131,63,68
08/29/2020 03:00:00 PM,172,76,96
08/29/2020 04:00:00 PM,142,75,67
08/29/2020 05:00:00 PM,134,76,58
08/29/2020 06:00:00 PM,93,45,48
08/29/2020 07:00:00 PM,82,46,36
08/29/2020 08:00:00 PM,64,26,38
08/29/2020 09:00:00 PM,34,15,19
08/29/2020 10:00:00 PM,18,5,13
08/29/2020 11:00:00 PM,8,7,1
08/30/2020 12:00:00 AM,7,4,3
08/30/2020 01:00:00 AM,3,2,1
08/30/2020 02:00:00 AM,2,1,1
08/30/2020 03:00:00 AM,1,1,0
08/30/2020 04:00:00 AM,0,0,0
08/30/2020 05:00:00 AM,6,2,4
08/30/2020 06:00:00 AM,12,4,8
08/30/2020 07:00:00 AM,19,10,9
08/30/2020 08:00:00 AM,56,29,27
08/30/2020 09:00:00 AM,91,38,53
08/30/2020 10:00:00 AM,125,77,48
08/30/2020 11:00:00 AM,169,101,68
08/30/2020 12:00:00 PM,149,70,79
08/30/2020 01:00:00 PM,170,87,83
08/30/2020 02:00:00 PM,180,105,75
08/30/2020 03:00:00 PM,202,105,97
08/30/2020 04:00:00 PM,168,79,89
08/30/2020 05:00:00 PM,151,77,74
08/30/2020 06:00:00 PM,112,52,60
08/30/2020 07:00:00 PM,77,29,48
08/30/2020 08:00:00 PM,20,8,12
08/30/2020 09:00:00 PM,8,6,2
08/30/2020 10:00:00 PM,8,8,0
08/30/2020 11:00:00 PM,5,4,1
08/31/2020 12:00:00 AM,1,0,1
08/31/2020 01:00:00 AM,1,0,1
08/31/2020 02:00:00 AM,0,0,0
08/31/2020 03:00:00 AM,1,0,1
08/31/2020 04:00:00 AM,1,1,0
08/31/2020 05:00:00 AM,20,8,12
08/31/2020 06:00:00 AM,35,12,23
08/31/2020 07:00:00 AM,93,24,69
08/31/2020 08:00:00 AM,111,29,82
08/31/2020 09:00:00 AM,67,14,53
08/31/2020 10:00:00 AM,45,17,28
08/31/2020 11:00:00 AM,36,19,17
08/31/2020 12:00:00 PM,53,24,29
08/31/2020 01:00:00 PM,63,34,29
08/31/2020 02:00:00 PM,76,42,34
08/31/2020 03:00:00 PM,77,48,29
08/31/2020 04:00:00 PM,132,89,43
08/31/2020 05:00:00 PM,186,140,46
08/31/2020 06:00:00 PM,206,122,84
08/31/2020 07:00:00 PM,144,64,80
08/31/2020 08:00:00 PM,66,32,34
08/31/2020 09:00:00 PM,21,10,11
08/31/2020 10:00:00 PM,20,8,12
08/31/2020 11:00:00 PM,8,5,3
09/01/2020 12:00:00 AM,7,4,3
09/01/2020 01:00:00 AM,6,3,3
09/01/2020 02:00:00 AM,6,3,3
09/01/2020 03:00:00 AM,1,0,1
09/01/2020 04:00:00 AM,1,0,1
09/01/2020 05:00:00 AM,20,6,14
09/01/2020 06:00:00 AM,61,22,39
09/01/2020 07:00:00 AM,119,34,85
09/01/2020 08:00:00 AM,108,19,89
09/01/2020 09:00:00 AM,73,13,60
09/01/2020 10:00:00 AM,60,26,34
09/01/2020 11:00:00 AM,57,25,32
09/01/2020 12:00:00 PM,78,46,32
09/01/2020 01:00:00 PM,83,40,43
09/01/2020 02:00:00 PM,86,58,28
09/01/2020 03:00:00 PM,106,51,55
09/01/2020 04:00:00 PM,204,137,67
09/01/2020 05:00:00 PM,264,182,82
09/01/2020 06:00:00 PM,244,142,102
09/01/2020 07:00:00 PM,143,71,72
09/01/2020 08:00:00 PM,70,28,42
09/01/2020 09:00:00 PM,46,21,25
09/01/2020 10:00:00 PM,17,6,11
09/01/2020 11:00:00 PM,9,9,0
09/02/2020 12:00:00 AM,3,1,2
09/02/2020 01:00:00 AM,0,0,0
09/02/2020 02:00:00 AM,2,1,1
09/02/2020 03:00:00 AM,1,0,1
09/02/2020 04:00:00 AM,5,2,3
09/02/2020 05:00:00 AM,23,8,15
09/02/2020 06:00:00 AM,56,21,35
09/02/2020 07:00:00 AM,126,43,83
09/02/2020 08:00:00 AM,117,32,85
09/02/2020 09:00:00 AM,88,20,68
09/02/2020 10:00:00 AM,57,23,34
09/02/2020 11:00:00 AM,84,29,55
09/02/2020 12:00:00 PM,85,47,38
09/02/2020 01:00:00 PM,82,46,36
09/02/2020 02:00:00 PM,94,43,51
09/02/2020 03:00:00 PM,119,67,52
09/02/2020 04:00:00 PM,209,138,71
09/02/2020 05:00:00 PM,271,208,63
09/02/2020 06:00:00 PM,221,130,91
09/02/2020 07:00:00 PM,157,70,87
09/02/2020 08:00:00 PM,79,28,51
09/02/2020 09:00:00 PM,39,14,25
09/02/2020 10:00:00 PM,33,14,19
09/02/2020 11:00:00 PM,8,4,4
09/03/2020 12:00:00 AM,3,0,3
09/03/2020 01:00:00 AM,0,0,0
09/03/2020 02:00:00 AM,1,0,1
09/03/2020 03:00:00 AM,2,0,2
09/03/2020 04:00:00 AM,2,1,1
09/03/2020 05:00:00 AM,21,7,14
09/03/2020 06:00:00 AM,54,24,30
09/03/2020 07:00:00 AM,118,38,80
09/03/2020 08:00:00 AM,114,25,89
09/03/2020 09:00:00 AM,63,11,52
09/03/2020 10:00:00 AM,77,30,47
09/03/2020 11:00:00 AM,74,33,41
09/03/2020 12:00:00 PM,81,35,46
09/03/2020 01:00:00 PM,89,47,42
09/03/2020 02:00:00 PM,68,41,27
09/03/2020 03:00:00 PM,121,77,44
09/03/2020 04:00:00 PM,179,112,67
09/03/2020 05:00:00 PM,250,184,66
09/03/2020 06:00:00 PM,198,133,65
09/03/2020 07:00:00 PM,149,74,75
09/03/2020 08:00:00 PM,85,31,54
09/03/2020 09:00:00 PM,24,10,14
09/03/2020 10:00:00 PM,26,10,16
09/03/2020 11:00:00 PM,9,6,3
09/04/2020 12:00:00 AM,4,1,3
09/04/2020 01:00:00 AM,2,0,2
09/04/2020 02:00:00 AM,0,0,0
09/04/2020 03:00:00 AM,3,1,2
09/04/2020 04:00:00 AM,4,1,3
09/04/2020 05:00:00 AM,23,7,16
09/04/2020 06:00:00 AM,43,12,31
09/04/2020 07:00:00 AM,89,32,57
09/04/2020 08:00:00 AM,110,24,86
09/04/2020 09:00:00 AM,68,13,55
09/04/2020 10:00:00 AM,68,31,37
09/04/2020 11:00:00 AM,74,33,41
09/04/2020 12:00:00 PM,91,52,39
09/04/2020 01:00:00 PM,89,50,39
09/04/2020 02:00:00 PM,119,68,51
09/04/2020 03:00:00 PM,149,85,64
09/04/2020 04:00:00 PM,179,121,58
09/04/2020 05:00:00 PM,214,148,66
09/04/2020 06:00:00 PM,132,83,49
09/04/2020 07:00:00 PM,103,57,46
09/04/2020 08:00:00 PM,57,19,38
09/04/2020 09:00:00 PM,26,14,12
09/04/2020 10:00:00 PM,23,8,15
09/04/2020 11:00:00 PM,19,10,9
09/05/2020 12:00:00 AM,5,4,1
09/05/2020 01:00:00 AM,1,0,1
09/05/2020 02:00:00 AM,3,2,1
09/05/2020 03:00:00 AM,1,1,0
09/05/2020 04:00:00 AM,3,2,1
09/05/2020 05:00:00 AM,7,4,3
09/05/2020 06:00:00 AM,7,3,4
09/05/2020 07:00:00 AM,16,12,4
09/05/2020 08:00:00 AM,39,21,18
09/05/2020 09:00:00 AM,72,39,33
09/05/2020 10:00:00 AM,94,41,53
09/05/2020 11:00:00 AM,112,47,65
09/05/2020 12:00:00 PM,115,56,59
09/05/2020 01:00:00 PM,133,62,71
09/05/2020 02:00:00 PM,155,101,54
09/05/2020 03:00:00 PM,131,73,58
09/05/2020 04:00:00 PM,116,69,47
09/05/2020 05:00:00 PM,114,54,60
09/05/2020 06:00:00 PM,141,67,74
09/05/2020 07:00:00 PM,113,39,74
09/05/2020 08:00:00 PM,58,31,27
09/05/2020 09:00:00 PM,33,10,23
09/05/2020 10:00:00 PM,28,11,17
09/05/2020 11:00:00 PM,25,21,4
09/06/2020 12:00:00 AM,3,1,2
09/06/2020 01:00:00 AM,2,0,2
09/06/2020 02:00:00 AM,0,0,0
09/06/2020 03:00:00 AM,0,0,0
09/06/2020 04:00:00 AM,1,1,0
09/06/2020 05:00:00 AM,5,1,4
09/06/2020 06:00:00 AM,7,1,6
09/06/2020 07:00:00 AM,25,13,12
09/06/2020 08:00:00 AM,23,12,11
09/06/2020 09:00:00 AM,71,39,32
09/06/2020 10:00:00 AM,105,61,44
09/06/2020 11:00:00 AM,146,62,84
09/06/2020 12:00:00 PM,121,75,46
09/06/2020 01:00:00 PM,141,72,69
09/06/2020 02:00:00 PM,174,98,76
09/06/2020 03:00:00 PM,162,80,82
09/06/2020 04:00:00 PM,164,71,93
09/06/2020 05:00:00 PM,148,73,75
09/06/2020 06:00:00 PM,110,49,61
09/06/2020 07:00:00 PM,72,29,43
09/06/2020 08:00:00 PM,50,15,35
09/06/2020 09:00:00 PM,29,15,14
09/06/2020 10:00:00 PM,15,8,7
09/06/2020 11:00:00 PM,7,4,3
09/07/2020 12:00:00 AM,4,1,3
09/07/2020 01:00:00 AM,2,1,1
09/07/2020 02:00:00 AM,0,0,0
09/07/2020 03:00:00 AM,0,0,0
09/07/2020 04:00:00 AM,2,1,1
09/07/2020 05:00:00 AM,4,1,3
09/07/2020 06:00:00 AM,9,6,3
09/07/2020 07:00:00 AM,17,10,7
09/07/2020 08:00:00 AM,45,25,20
09/07/2020 09:00:00 AM,77,44,33
09/07/2020 10:00:00 AM,85,46,39
09/07/2020 11:00:00 AM,83,45,38
09/07/2020 12:00:00 PM,119,65,54
09/07/2020 01:00:00 PM,138,75,63
09/07/2020 02:00:00 PM,165,87,78
09/07/2020 03:00:00 PM,156,79,77
09/07/2020 04:00:00 PM,146,80,66
09/07/2020 05:00:00 PM,106,57,49
09/07/2020 06:00:00 PM,114,52,62
09/07/2020 07:00:00 PM,83,38,45
09/07/2020 08:00:00 PM,28,10,18
09/07/2020 09:00:00 PM,26,16,10
09/07/2020 10:00:00 PM,14,8,6
09/07/2020 11:00:00 PM,3,1,2
09/08/2020 12:00:00 AM,0,0,0
09/08/2020 01:00:00 AM,1,1,0
09/08/2020 02:00:00 AM,1,1,0
09/08/2020 03:00:00 AM,1,0,1
09/08/2020 04:00:00 AM,4,2,2
09/08/2020 05:00:00 AM,14,6,8
09/08/2020 06:00:00 AM,38,12,26
09/08/2020 07:00:00 AM,77,16,61
09/08/2020 08:00:00 AM,77,14,63
09/08/2020 09:00:00 AM,66,16,50
09/08/2020 10:00:00 AM,34,7,27
09/08/2020 11:00:00 AM,27,12,15
09/08/2020 12:00:00 PM,31,17,14
09/08/2020 01:00:00 PM,37,13,24
09/08/2020 02:00:00 PM,62,33,29
09/08/2020 03:00:00 PM,66,48,18
09/08/2020 04:00:00 PM,89,70,19
09/08/2020 05:00:00 PM,155,121,34
09/08/2020 06:00:00 PM,118,74,44
09/08/2020 07:00:00 PM,85,49,36
09/08/2020 08:00:00 PM,38,21,17
09/08/2020 09:00:00 PM,16,8,8
09/08/2020 10:00:00 PM,8,4,4
09/08/2020 11:00:00 PM,5,5,0
09/09/2020 12:00:00 AM,2,1,1
09/09/2020 01:00:00 AM,0,0,0
09/09/2020 02:00:00 AM,0,0,0
09/09/2020 03:00:00 AM,1,0,1
09/09/2020 04:00:00 AM,1,1,0
09/09/2020 05:00:00 AM,15,5,10
09/09/2020 06:00:00 AM,51,21,30
09/09/2020 07:00:00 AM,78,24,54
09/09/2020 08:00:00 AM,98,17,81
09/09/2020 09:00:00 AM,62,12,50
09/09/2020 10:00:00 AM,38,13,25
09/09/2020 11:00:00 AM,43,20,23
09/09/2020 12:00:00 PM,46,24,22
09/09/2020 01:00:00 PM,63,34,29
09/09/2020 02:00:00 PM,57,27,30
09/09/2020 03:00:00 PM,86,55,31
09/09/2020 04:00:00 PM,119,67,52
09/09/2020 05:00:00 PM,156,111,45
09/09/2020 06:00:00 PM,136,95,41
09/09/2020 07:00:00 PM,93,45,48
09/09/2020 08:00:00 PM,51,25,26
09/09/2020 09:00:00 PM,28,11,17
09/09/2020 10:00:00 PM,14,7,7
09/09/2020 11:00:00 PM,10,8,2
09/10/2020 12:00:00 AM,0,0,0
09/10/2020 01:00:00 AM,1,1,0
09/10/2020 02:00:00 AM,1,1,0
09/10/2020 03:00:00 AM,1,0,1
09/10/2020 04:00:00 AM,0,0,0
09/10/2020 05:00:00 AM,17,7,10
09/10/2020 06:00:00 AM,29,9,20
09/10/2020 07:00:00 AM,87,26,61
09/10/2020 08:00:00 AM,100,24,76
09/10/2020 09:00:00 AM,104,41,63
09/10/2020 10:00:00 AM,47,17,30
09/10/2020 11:00:00 AM,74,21,53
09/10/2020 12:00:00 PM,48,22,26
09/10/2020 01:00:00 PM,52,28,24
09/10/2020 02:00:00 PM,63,36,27
09/10/2020 03:00:00 PM,89,54,35
09/10/2020 04:00:00 PM,120,80,40
09/10/2020 05:00:00 PM,149,112,37
09/10/2020 06:00:00 PM,141,83,58
09/10/2020 07:00:00 PM,76,39,37
09/10/2020 08:00:00 PM,58,28,30
09/10/2020 09:00:00 PM,30,17,13
09/10/2020 10:00:00 PM,18,3,15
09/10/2020 11:00:00 PM,9,6,3
09/11/2020 12:00:00 AM,3,3,0
09/11/2020 01:00:00 AM,0,0,0
09/11/2020 02:00:00 AM,0,0,0
09/11/2020 03:00:00 AM,2,0,2
09/11/2020 04:00:00 AM,1,1,0
09/11/2020 05:00:00 AM,11,5,6
09/11/2020 06:00:00 AM,26,11,15
09/11/2020 07:00:00 AM,51,14,37
09/11/2020 08:00:00 AM,51,8,43
09/11/2020 09:00:00 AM,46,12,34
09/11/2020 10:00:00 AM,25,11,14
09/11/2020 11:00:00 AM,19,8,11
09/11/2020 12:00:00 PM,27,17,10
09/11/2020 01:00:00 PM,25,17,8
09/11/2020 02:00:00 PM,36,17,19
09/11/2020 03:00:00 PM,37,25,12
09/11/2020 04:00:00 PM,61,43,18
09/11/2020 05:00:00 PM,63,45,18
09/11/2020 06:00:00 PM,44,26,18
09/11/2020 07:00:00 PM,27,12,15
09/11/2020 08:00:00 PM,19,10,9
09/11/2020 09:00:00 PM,8,7,1
09/11/2020 10:00:00 PM,6,2,4
09/11/2020 11:00:00 PM,2,2,0
09/12/2020 12:00:00 AM,5,2,3
09/12/2020 01:00:00 AM,3,2,1
09/12/2020 02:00:00 AM,0,0,0
09/12/2020 03:00:00 AM,0,0,0
09/12/2020 04:00:00 AM,0,0,0
09/12/2020 05:00:00 AM,3,0,3
09/12/2020 06:00:00 AM,3,1,2
09/12/2020 07:00:00 AM,7,4,3
09/12/2020 08:00:00 AM,6,1,5
09/12/2020 09:00:00 AM,9,6,3
09/12/2020 10:00:00 AM,4,1,3
09/12/2020 11:00:00 AM,16,7,9
09/12/2020 12:00:00 PM,8,6,2
09/12/2020 01:00:00 PM,13,6,7
09/12/2020 02:00:00 PM,13,6,7
09/12/2020 03:00:00 PM,16,13,3
09/12/2020 04:00:00 PM,7,2,5
09/12/2020 05:00:00 PM,11,8,3
09/12/2020 06:00:00 PM,18,10,8
09/12/2020 07:00:00 PM,13,6,7
09/12/2020 08:00:00 PM,10,4,6
09/12/2020 09:00:00 PM,5,4,1
09/12/2020 10:00:00 PM,3,2,1
09/12/2020 11:00:00 PM,2,0,2
09/13/2020 12:00:00 AM,1,1,0
09/13/2020 01:00:00 AM,1,1,0
09/13/2020 02:00:00 AM,0,0,0
09/13/2020 03:00:00 AM,0,0,0
09/13/2020 04:00:00 AM,0,0,0
09/13/2020 05:00:00 AM,4,1,3
09/13/2020 06:00:00 AM,2,0,2
09/13/2020 07:00:00 AM,6,3,3
09/13/2020 08:00:00 AM,5,3,2
09/13/2020 09:00:00 AM,13,8,5
09/13/2020 10:00:00 AM,9,3,6
09/13/2020 11:00:00 AM,12,6,6
09/13/2020 12:00:00 PM,8,2,6
09/13/2020 01:00:00 PM,25,13,12
09/13/2020 02:00:00 PM,19,9,10
09/13/2020 03:00:00 PM,21,11,10
09/13/2020 04:00:00 PM,15,10,5
09/13/2020 05:00:00 PM,20,14,6
09/13/2020 06:00:00 PM,19,8,11
09/13/2020 07:00:00 PM,8,3,5
09/13/2020 08:00:00 PM,10,6,4
09/13/2020 09:00:00 PM,1,0,1
09/13/2020 10:00:00 PM,4,4,0
09/13/2020 11:00:00 PM,3,1,2
09/14/2020 12:00:00 AM,0,0,0
09/14/2020 01:00:00 AM,0,0,0
09/14/2020 02:00:00 AM,0,0,0
09/14/2020 03:00:00 AM,1,0,1
09/14/2020 04:00:00 AM,0,0,0
09/14/2020 05:00:00 AM,13,6,7
09/14/2020 06:00:00 AM,19,8,11
09/14/2020 07:00:00 AM,35,7,28
09/14/2020 08:00:00 AM,34,4,30
09/14/2020 09:00:00 AM,23,9,14
09/14/2020 10:00:00 AM,24,4,20
09/14/2020 11:00:00 AM,19,4,15
09/14/2020 12:00:00 PM,11,7,4
09/14/2020 01:00:00 PM,15,11,4
09/14/2020 02:00:00 PM,13,7,6
09/14/2020 03:00:00 PM,35,16,19
09/14/2020 04:00:00 PM,40,26,14
09/14/2020 05:00:00 PM,57,42,15
09/14/2020 06:00:00 PM,33,25,8
09/14/2020 07:00:00 PM,13,10,3
09/14/2020 08:00:00 PM,10,7,3
09/14/2020 09:00:00 PM,7,4,3
09/14/2020 10:00:00 PM,3,2,1
09/14/2020 11:00:00 PM,0,0,0
09/15/2020 12:00:00 AM,0,0,0
09/15/2020 01:00:00 AM,0,0,0
09/15/2020 02:00:00 AM,0,0,0
09/15/2020 03:00:00 AM,1,0,1
09/15/2020 04:00:00 AM,1,1,0
09/15/2020 05:00:00 AM,10,5,5
09/15/2020 06:00:00 AM,18,8,10
09/15/2020 07:00:00 AM,33,8,25
09/15/2020 08:00:00 AM,29,5,24
09/15/2020 09:00:00 AM,25,7,18
09/15/2020 10:00:00 AM,16,4,12
09/15/2020 11:00:00 AM,15,7,8
09/15/2020 12:00:00 PM,18,12,6
09/15/2020 01:00:00 PM,15,7,8
09/15/2020 02:00:00 PM,22,13,9
09/15/2020 03:00:00 PM,31,18,13
09/15/2020 04:00:00 PM,37,23,14
09/15/2020 05:00:00 PM,54,42,12
09/15/2020 06:00:00 PM,49,32,17
09/15/2020 07:00:00 PM,32,18,14
09/15/2020 08:00:00 PM,9,4,5
09/15/2020 09:00:00 PM,3,2,1
09/15/2020 10:00:00 PM,12,5,7
09/15/2020 11:00:00 PM,2,1,1
09/16/2020 12:00:00 AM,3,1,2
09/16/2020 01:00:00 AM,0,0,0
09/16/2020 02:00:00 AM,0,0,0
09/16/2020 03:00:00 AM,2,1,1
09/16/2020 04:00:00 AM,1,0,1
09/16/2020 05:00:00 AM,13,7,6
09/16/2020 06:00:00 AM,22,14,8
09/16/2020 07:00:00 AM,40,7,33
09/16/2020 08:00:00 AM,29,7,22
09/16/2020 09:00:00 AM,29,3,26
09/16/2020 10:00:00 AM,14,5,9
09/16/2020 11:00:00 AM,14,7,7
09/16/2020 12:00:00 PM,23,13,10
09/16/2020 01:00:00 PM,20,11,9
09/16/2020 02:00:00 PM,18,10,8
09/16/2020 03:00:00 PM,31,19,12
09/16/2020 04:00:00 PM,56,36,20
09/16/2020 05:00:00 PM,76,55,21
09/16/2020 06:00:00 PM,40,28,12
09/16/2020 07:00:00 PM,27,14,13
09/16/2020 08:00:00 PM,28,15,13
09/16/2020 09:00:00 PM,10,6,4
09/16/2020 10:00:00 PM,8,3,5
09/16/2020 11:00:00 PM,7,2,5
09/17/2020 12:00:00 AM,0,0,0
09/17/2020 01:00:00 AM,0,0,0
09/17/2020 02:00:00 AM,0,0,0
09/17/2020 03:00:00 AM,1,0,1
09/17/2020 04:00:00 AM,3,2,1
09/17/2020 05:00:00 AM,17,7,10
09/17/2020 06:00:00 AM,20,13,7
09/17/2020 07:00:00 AM,39,8,31
09/17/2020 08:00:00 AM,38,5,33
09/17/2020 09:00:00 AM,25,5,20
09/17/2020 10:00:00 AM,22,12,10
09/17/2020 11:00:00 AM,23,8,15
09/17/2020 12:00:00 PM,25,13,12
09/17/2020 01:00:00 PM,35,20,15
09/17/2020 02:00:00 PM,33,17,16
09/17/2020 03:00:00 PM,42,23,19
09/17/2020 04:00:00 PM,61,48,13
09/17/2020 05:00:00 PM,76,52,24
09/17/2020 06:00:00 PM,58,32,26
09/17/2020 07:00:00 PM,42,18,24
09/17/2020 08:00:00 PM,25,9,16
09/17/2020 09:00:00 PM,15,6,9
09/17/2020 10:00:00 PM,9,4,5
09/17/2020 11:00:00 PM,1,1,0
09/18/2020 12:00:00 AM,1,1,0
09/18/2020 01:00:00 AM,1,0,1
09/18/2020 02:00:00 AM,0,0,0
09/18/2020 03:00:00 AM,1,0,1
09/18/2020 04:00:00 AM,0,0,0
09/18/2020 05:00:00 AM,11,4,7
09/18/2020 06:00:00 AM,20,9,11
09/18/2020 07:00:00 AM,37,10,27
09/18/2020 08:00:00 AM,38,6,32
09/18/2020 09:00:00 AM,39,11,28
09/18/2020 10:00:00 AM,22,7,15
09/18/2020 11:00:00 AM,27,9,18
09/18/2020 12:00:00 PM,27,7,20
09/18/2020 01:00:00 PM,24,13,11
09/18/2020 02:00:00 PM,18,10,8
09/18/2020 03:00:00 PM,26,21,5
09/18/2020 04:00:00 PM,34,25,9
09/18/2020 05:00:00 PM,43,29,14
09/18/2020 06:00:00 PM,49,33,16
09/18/2020 07:00:00 PM,15,10,5
09/18/2020 08:00:00 PM,17,13,4
09/18/2020 09:00:00 PM,14,7,7
09/18/2020 10:00:00 PM,11,2,9
09/18/2020 11:00:00 PM,20,10,10
09/19/2020 12:00:00 AM,4,3,1
09/19/2020 01:00:00 AM,0,0,0
09/19/2020 02:00:00 AM,2,0,2
09/19/2020 03:00:00 AM,1,1,0
09/19/2020 04:00:00 AM,2,0,2
09/19/2020 05:00:00 AM,4,2,2
09/19/2020 06:00:00 AM,1,1,0
09/19/2020 07:00:00 AM,16,12,4
09/19/2020 08:00:00 AM,20,15,5
09/19/2020 09:00:00 AM,39,20,19
09/19/2020 10:00:00 AM,48,20,28
09/19/2020 11:00:00 AM,85,39,46
09/19/2020 12:00:00 PM,81,39,42
09/19/2020 01:00:00 PM,95,53,42
09/19/2020 02:00:00 PM,113,62,51
09/19/2020 03:00:00 PM,123,64,59
09/19/2020 04:00:00 PM,127,69,58
09/19/2020 05:00:00 PM,75,38,37
09/19/2020 06:00:00 PM,45,17,28
09/19/2020 07:00:00 PM,30,10,20
09/19/2020 08:00:00 PM,13,5,8
09/19/2020 09:00:00 PM,7,2,5
09/19/2020 10:00:00 PM,10,4,6
09/19/2020 11:00:00 PM,7,4,3
09/20/2020 12:00:00 AM,4,1,3
09/20/2020 01:00:00 AM,1,0,1
09/20/2020 02:00:00 AM,0,0,0
09/20/2020 03:00:00 AM,0,0,0
09/20/2020 04:00:00 AM,0,0,0
09/20/2020 05:00:00 AM,4,0,4
09/20/2020 06:00:00 AM,7,3,4
09/20/2020 07:00:00 AM,17,11,6
09/20/2020 08:00:00 AM,41,21,20
09/20/2020 09:00:00 AM,68,33,35
09/20/2020 10:00:00 AM,65,33,32
09/20/2020 11:00:00 AM,106,65,41
09/20/2020 12:00:00 PM,113,61,52
09/20/2020 01:00:00 PM,162,84,78
09/20/2020 02:00:00 PM,231,140,91
09/20/2020 03:00:00 PM,209,108,101
09/20/2020 04:00:00 PM,215,102,113
09/20/2020 05:00:00 PM,161,65,96
09/20/2020 06:00:00 PM,134,57,77
09/20/2020 07:00:00 PM,75,25,50
09/20/2020 08:00:00 PM,24,8,16
09/20/2020 09:00:00 PM,20,9,11
09/20/2020 10:00:00 PM,14,7,7
09/20/2020 11:00:00 PM,5,2,3
09/21/2020 12:00:00 AM,2,0,2
09/21/2020 01:00:00 AM,0,0,0
09/21/2020 02:00:00 AM,0,0,0
09/21/2020 03:00:00 AM,1,0,1
09/21/2020 04:00:00 AM,4,1,3
09/21/2020 05:00:00 AM,16,6,10
09/21/2020 06:00:00 AM,39,15,24
09/21/2020 07:00:00 AM,91,27,64
09/21/2020 08:00:00 AM,101,14,87
09/21/2020 09:00:00 AM,73,14,59
09/21/2020 10:00:00 AM,46,13,33
09/21/2020 11:00:00 AM,40,19,21
09/21/2020 12:00:00 PM,50,24,26
09/21/2020 01:00:00 PM,67,28,39
09/21/2020 02:00:00 PM,75,42,33
09/21/2020 03:00:00 PM,93,68,25
09/21/2020 04:00:00 PM,130,88,42
09/21/2020 05:00:00 PM,250,178,72
09/21/2020 06:00:00 PM,197,126,71
09/21/2020 07:00:00 PM,116,60,56
09/21/2020 08:00:00 PM,36,12,24
09/21/2020 09:00:00 PM,23,11,12
09/21/2020 10:00:00 PM,18,6,12
09/21/2020 11:00:00 PM,9,2,7
09/22/2020 12:00:00 AM,2,1,1
09/22/2020 01:00:00 AM,3,3,0
09/22/2020 02:00:00 AM,1,1,0
09/22/2020 03:00:00 AM,2,1,1
09/22/2020 04:00:00 AM,0,0,0
09/22/2020 05:00:00 AM,25,9,16
09/22/2020 06:00:00 AM,36,13,23
09/22/2020 07:00:00 AM,108,32,76
09/22/2020 08:00:00 AM,111,26,85
09/22/2020 09:00:00 AM,71,16,55
09/22/2020 10:00:00 AM,49,20,29
09/22/2020 11:00:00 AM,56,22,34
09/22/2020 12:00:00 PM,52,27,25
09/22/2020 01:00:00 PM,97,51,46
09/22/2020 02:00:00 PM,117,58,59
09/22/2020 03:00:00 PM,127,92,35
09/22/2020 04:00:00 PM,212,141,71
09/22/2020 05:00:00 PM,281,205,76
09/22/2020 06:00:00 PM,250,145,105
09/22/2020 07:00:00 PM,118,54,64
09/22/2020 08:00:00 PM,47,26,21
09/22/2020 09:00:00 PM,42,17,25
09/22/2020 10:00:00 PM,13,6,7
09/22/2020 11:00:00 PM,8,4,4
09/23/2020 12:00:00 AM,1,1,0
09/23/2020 01:00:00 AM,2,1,1
09/23/2020 02:00:00 AM,2,2,0
09/23/2020 03:00:00 AM,1,0,1
09/23/2020 04:00:00 AM,1,1,0
09/23/2020 05:00:00 AM,12,5,7
09/23/2020 06:00:00 AM,31,9,22
09/23/2020 07:00:00 AM,60,22,38
09/23/2020 08:00:00 AM,66,14,52
09/23/2020 09:00:00 AM,43,7,36
09/23/2020 10:00:00 AM,22,9,13
09/23/2020 11:00:00 AM,19,6,13
09/23/2020 12:00:00 PM,17,8,9
09/23/2020 01:00:00 PM,19,12,7
09/23/2020 02:00:00 PM,22,15,7
09/23/2020 03:00:00 PM,28,18,10
09/23/2020 04:00:00 PM,52,42,10
09/23/2020 05:00:00 PM,64,52,12
09/23/2020 06:00:00 PM,35,28,7
09/23/2020 07:00:00 PM,26,19,7
09/23/2020 08:00:00 PM,13,10,3
09/23/2020 09:00:00 PM,10,4,6
09/23/2020 10:00:00 PM,8,2,6
09/23/2020 11:00:00 PM,4,2,2
09/24/2020 12:00:00 AM,2,2,0
09/24/2020 01:00:00 AM,0,0,0
09/24/2020 02:00:00 AM,0,0,0
09/24/2020 03:00:00 AM,1,0,1
09/24/2020 04:00:00 AM,0,0,0
09/24/2020 05:00:00 AM,15,8,7
09/24/2020 06:00:00 AM,21,8,13
09/24/2020 07:00:00 AM,39,12,27
09/24/2020 08:00:00 AM,54,10,44
09/24/2020 09:00:00 AM,28,4,24
09/24/2020 10:00:00 AM,12,7,5
09/24/2020 11:00:00 AM,17,4,13
09/24/2020 12:00:00 PM,16,7,9
09/24/2020 01:00:00 PM,25,12,13
09/24/2020 02:00:00 PM,48,21,27
09/24/2020 03:00:00 PM,55,35,20
09/24/2020 04:00:00 PM,76,44,32
09/24/2020 05:00:00 PM,146,111,35
09/24/2020 06:00:00 PM,115,69,46
09/24/2020 07:00:00 PM,73,29,44
09/24/2020 08:00:00 PM,29,9,20
09/24/2020 09:00:00 PM,22,11,11
09/24/2020 10:00:00 PM,10,4,6
09/24/2020 11:00:00 PM,4,2,2
09/25/2020 12:00:00 AM,1,1,0
09/25/2020 01:00:00 AM,0,0,0
09/25/2020 02:00:00 AM,0,0,0
09/25/2020 03:00:00 AM,1,0,1
09/25/2020 04:00:00 AM,7,3,4
09/25/2020 05:00:00 AM,10,6,4
09/25/2020 06:00:00 AM,13,6,7
09/25/2020 07:00:00 AM,30,8,22
09/25/2020 08:00:00 AM,40,3,37
09/25/2020 09:00:00 AM,19,5,14
09/25/2020 10:00:00 AM,15,4,11
09/25/2020 11:00:00 AM,14,6,8
09/25/2020 12:00:00 PM,19,7,12
09/25/2020 01:00:00 PM,20,8,12
09/25/2020 02:00:00 PM,26,14,12
09/25/2020 03:00:00 PM,51,28,23
09/25/2020 04:00:00 PM,97,66,31
09/25/2020 05:00:00 PM,126,92,34
09/25/2020 06:00:00 PM,111,60,51
09/25/2020 07:00:00 PM,68,23,45
09/25/2020 08:00:00 PM,18,7,11
09/25/2020 09:00:00 PM,17,8,9
09/25/2020 10:00:00 PM,17,7,10
09/25/2020 11:00:00 PM,7,4,3
09/26/2020 12:00:00 AM,4,2,2
09/26/2020 01:00:00 AM,5,1,4
09/26/2020 02:00:00 AM,1,0,1
09/26/2020 03:00:00 AM,0,0,0
09/26/2020 04:00:00 AM,0,0,0
09/26/2020 05:00:00 AM,4,0,4
09/26/2020 06:00:00 AM,5,0,5
09/26/2020 07:00:00 AM,19,12,7
09/26/2020 08:00:00 AM,41,26,15
09/26/2020 09:00:00 AM,48,27,21
09/26/2020 10:00:00 AM,68,33,35
09/26/2020 11:00:00 AM,105,55,50
09/26/2020 12:00:00 PM,112,53,59
09/26/2020 01:00:00 PM,91,48,43
09/26/2020 02:00:00 PM,115,60,55
09/26/2020 03:00:00 PM,88,47,41
09/26/2020 04:00:00 PM,107,56,51
09/26/2020 05:00:00 PM,117,60,57
09/26/2020 06:00:00 PM,61,33,28
09/26/2020 07:00:00 PM,35,15,20
09/26/2020 08:00:00 PM,27,13,14
09/26/2020 09:00:00 PM,18,12,6
09/26/2020 10:00:00 PM,19,7,12
09/26/2020 11:00:00 PM,18,12,6
09/27/2020 12:00:00 AM,6,5,1
09/27/2020 01:00:00 AM,4,1,3
09/27/2020 02:00:00 AM,5,2,3
09/27/2020 03:00:00 AM,2,2,0
09/27/2020 04:00:00 AM,1,0,1
09/27/2020 05:00:00 AM,6,3,3
09/27/2020 06:00:00 AM,8,1,7
09/27/2020 07:00:00 AM,18,8,10
09/27/2020 08:00:00 AM,43,19,24
09/27/2020 09:00:00 AM,58,33,25
09/27/2020 10:00:00 AM,93,44,49
09/27/2020 11:00:00 AM,115,67,48
09/27/2020 12:00:00 PM,177,108,69
09/27/2020 01:00:00 PM,152,79,73
09/27/2020 02:00:00 PM,198,108,90
09/27/2020 03:00:00 PM,197,119,78
09/27/2020 04:00:00 PM,191,93,98
09/27/2020 05:00:00 PM,138,59,79
09/27/2020 06:00:00 PM,135,47,88
09/27/2020 07:00:00 PM,59,25,34
09/27/2020 08:00:00 PM,33,11,22
09/27/2020 09:00:00 PM,26,14,12
09/27/2020 10:00:00 PM,4,2,2
09/27/2020 11:00:00 PM,4,4,0
09/28/2020 12:00:00 AM,2,1,1
09/28/2020 01:00:00 AM,0,0,0
09/28/2020 02:00:00 AM,1,0,1
09/28/2020 03:00:00 AM,1,0,1
09/28/2020 04:00:00 AM,1,1,0
09/28/2020 05:00:00 AM,22,6,16
09/28/2020 06:00:00 AM,37,18,19
09/28/2020 07:00:00 AM,97,23,74
09/28/2020 08:00:00 AM,104,16,88
09/28/2020 09:00:00 AM,85,20,65
09/28/2020 10:00:00 AM,62,15,47
09/28/2020 11:00:00 AM,48,21,27
09/28/2020 12:00:00 PM,67,45,22
09/28/2020 01:00:00 PM,74,43,31
09/28/2020 02:00:00 PM,86,50,36
09/28/2020 03:00:00 PM,111,78,33
09/28/2020 04:00:00 PM,203,130,73
09/28/2020 05:00:00 PM,249,173,76
09/28/2020 06:00:00 PM,250,139,111
09/28/2020 07:00:00 PM,107,44,63
09/28/2020 08:00:00 PM,33,15,18
09/28/2020 09:00:00 PM,24,11,13
09/28/2020 10:00:00 PM,19,10,9
09/28/2020 11:00:00 PM,0,0,0
09/29/2020 12:00:00 AM,5,1,4
09/29/2020 01:00:00 AM,0,0,0
09/29/2020 02:00:00 AM,0,0,0
09/29/2020 03:00:00 AM,2,0,2
09/29/2020 04:00:00 AM,2,2,0
09/29/2020 05:00:00 AM,18,6,12
09/29/2020 06:00:00 AM,40,12,28
09/29/2020 07:00:00 AM,96,27,69
09/29/2020 08:00:00 AM,117,19,98
09/29/2020 09:00:00 AM,74,13,61
09/29/2020 10:00:00 AM,47,19,28
09/29/2020 11:00:00 AM,57,27,30
09/29/2020 12:00:00 PM,64,32,32
09/29/2020 01:00:00 PM,71,30,41
09/29/2020 02:00:00 PM,86,49,37
09/29/2020 03:00:00 PM,124,68,56
09/29/2020 04:00:00 PM,214,152,62
09/29/2020 05:00:00 PM,278,188,90
09/29/2020 06:00:00 PM,159,92,67
09/29/2020 07:00:00 PM,96,43,53
09/29/2020 08:00:00 PM,44,28,16
09/29/2020 09:00:00 PM,22,10,12
09/29/2020 10:00:00 PM,19,8,11
09/29/2020 11:00:00 PM,10,6,4
09/30/2020 12:00:00 AM,1,1,0
09/30/2020 01:00:00 AM,2,1,1
09/30/2020 02:00:00 AM,0,0,0
09/30/2020 03:00:00 AM,1,0,1
09/30/2020 04:00:00 AM,2,1,1
09/30/2020 05:00:00 AM,12,7,5
09/30/2020 06:00:00 AM,38,14,24
09/30/2020 07:00:00 AM,114,29,85
09/30/2020 08:00:00 AM,112,22,90
09/30/2020 09:00:00 AM,65,17,48
09/30/2020 10:00:00 AM,41,11,30
09/30/2020 11:00:00 AM,45,20,25
09/30/2020 12:00:00 PM,54,24,30
09/30/2020 01:00:00 PM,50,19,31
09/30/2020 02:00:00 PM,76,40,36
09/30/2020 03:00:00 PM,100,73,27
09/30/2020 04:00:00 PM,162,114,48
09/30/2020 05:00:00 PM,252,171,81
09/30/2020 06:00:00 PM,185,127,58
09/30/2020 07:00:00 PM,91,32,59
09/30/2020 08:00:00 PM,8,3,5
09/30/2020 09:00:00 PM,0,0,0
09/30/2020 10:00:00 PM,0,0,0
09/30/2020 11:00:00 PM,0,0,0
10/01/2020 12:00:00 AM,0,0,0
10/01/2020 01:00:00 AM,0,0,0
10/01/2020 02:00:00 AM,0,0,0
10/01/2020 03:00:00 AM,0,0,0
10/01/2020 04:00:00 AM,0,0,0
10/01/2020 05:00:00 AM,0,0,0
10/01/2020 06:00:00 AM,0,0,0
10/01/2020 07:00:00 AM,0,0,0
10/01/2020 08:00:00 AM,0,0,0
10/01/2020 09:00:00 AM,0,0,0
10/01/2020 10:00:00 AM,0,0,0
10/01/2020 11:00:00 AM,0,0,0
10/01/2020 12:00:00 PM,0,0,0
10/01/2020 01:00:00 PM,0,0,0
10/01/2020 02:00:00 PM,0,0,0
10/01/2020 03:00:00 PM,0,0,0
10/01/2020 04:00:00 PM,0,0,0
10/01/2020 05:00:00 PM,0,0,0
10/01/2020 06:00:00 PM,0,0,0
10/01/2020 07:00:00 PM,0,0,0
10/01/2020 08:00:00 PM,0,0,0
10/01/2020 09:00:00 PM,0,0,0
10/01/2020 10:00:00 PM,0,0,0
10/01/2020 11:00:00 PM,0,0,0
10/02/2020 12:00:00 AM,0,0,0
10/02/2020 01:00:00 AM,0,0,0
10/02/2020 02:00:00 AM,0,0,0
10/02/2020 03:00:00 AM,0,0,0
10/02/2020 04:00:00 AM,0,0,0
10/02/2020 05:00:00 AM,0,0,0
10/02/2020 06:00:00 AM,0,0,0
10/02/2020 07:00:00 AM,0,0,0
10/02/2020 08:00:00 AM,0,0,0
10/02/2020 09:00:00 AM,0,0,0
10/02/2020 10:00:00 AM,0,0,0
10/02/2020 11:00:00 AM,0,0,0
10/02/2020 12:00:00 PM,0,0,0
10/02/2020 01:00:00 PM,0,0,0
10/02/2020 02:00:00 PM,0,0,0
10/02/2020 03:00:00 PM,0,0,0
10/02/2020 04:00:00 PM,0,0,0
10/02/2020 05:00:00 PM,0,0,0
10/02/2020 06:00:00 PM,0,0,0
10/02/2020 07:00:00 PM,0,0,0
10/02/2020 08:00:00 PM,0,0,0
10/02/2020 09:00:00 PM,0,0,0
10/02/2020 10:00:00 PM,0,0,0
10/02/2020 11:00:00 PM,0,0,0
10/03/2020 12:00:00 AM,0,0,0
10/03/2020 01:00:00 AM,0,0,0
10/03/2020 02:00:00 AM,0,0,0
10/03/2020 03:00:00 AM,0,0,0
10/03/2020 04:00:00 AM,0,0,0
10/03/2020 05:00:00 AM,0,0,0
10/03/2020 06:00:00 AM,0,0,0
10/03/2020 07:00:00 AM,0,0,0
10/03/2020 08:00:00 AM,0,0,0
10/03/2020 09:00:00 AM,0,0,0
10/03/2020 10:00:00 AM,0,0,0
10/03/2020 11:00:00 AM,0,0,0
10/03/2020 12:00:00 PM,0,0,0
10/03/2020 01:00:00 PM,0,0,0
10/03/2020 02:00:00 PM,0,0,0
10/03/2020 03:00:00 PM,0,0,0
10/03/2020 04:00:00 PM,0,0,0
10/03/2020 05:00:00 PM,0,0,0
10/03/2020 06:00:00 PM,0,0,0
10/03/2020 07:00:00 PM,0,0,0
10/03/2020 08:00:00 PM,0,0,0
10/03/2020 09:00:00 PM,0,0,0
10/03/2020 10:00:00 PM,0,0,0
10/03/2020 11:00:00 PM,0,0,0
10/04/2020 12:00:00 AM,0,0,0
10/04/2020 01:00:00 AM,0,0,0
10/04/2020 02:00:00 AM,0,0,0
10/04/2020 03:00:00 AM,0,0,0
10/04/2020 04:00:00 AM,0,0,0
10/04/2020 05:00:00 AM,0,0,0
10/04/2020 06:00:00 AM,0,0,0
10/04/2020 07:00:00 AM,0,0,0
10/04/2020 08:00:00 AM,0,0,0
10/04/2020 09:00:00 AM,0,0,0
10/04/2020 10:00:00 AM,0,0,0
10/04/2020 11:00:00 AM,0,0,0
10/04/2020 12:00:00 PM,0,0,0
10/04/2020 01:00:00 PM,0,0,0
10/04/2020 02:00:00 PM,0,0,0
10/04/2020 03:00:00 PM,0,0,0
10/04/2020 04:00:00 PM,0,0,0
10/04/2020 05:00:00 PM,0,0,0
10/04/2020 06:00:00 PM,0,0,0
10/04/2020 07:00:00 PM,0,0,0
10/04/2020 08:00:00 PM,0,0,0
10/04/2020 09:00:00 PM,0,0,0
10/04/2020 10:00:00 PM,0,0,0
10/04/2020 11:00:00 PM,0,0,0
10/05/2020 12:00:00 AM,0,0,0
10/05/2020 01:00:00 AM,0,0,0
10/05/2020 02:00:00 AM,0,0,0
10/05/2020 03:00:00 AM,0,0,0
10/05/2020 04:00:00 AM,0,0,0
10/05/2020 05:00:00 AM,0,0,0
10/05/2020 06:00:00 AM,0,0,0
10/05/2020 07:00:00 AM,0,0,0
10/05/2020 08:00:00 AM,0,0,0
10/05/2020 09:00:00 AM,0,0,0
10/05/2020 10:00:00 AM,0,0,0
10/05/2020 11:00:00 AM,0,0,0
10/05/2020 12:00:00 PM,0,0,0
10/05/2020 01:00:00 PM,0,0,0
10/05/2020 02:00:00 PM,0,0,0
10/05/2020 03:00:00 PM,0,0,0
10/05/2020 04:00:00 PM,0,0,0
10/05/2020 05:00:00 PM,0,0,0
10/05/2020 06:00:00 PM,0,0,0
10/05/2020 07:00:00 PM,0,0,0
10/05/2020 08:00:00 PM,0,0,0
10/05/2020 09:00:00 PM,0,0,0
10/05/2020 10:00:00 PM,0,0,0
10/05/2020 11:00:00 PM,0,0,0
10/06/2020 12:00:00 AM,0,0,0
10/06/2020 01:00:00 AM,0,0,0
10/06/2020 02:00:00 AM,0,0,0
10/06/2020 03:00:00 AM,0,0,0
10/06/2020 04:00:00 AM,0,0,0
10/06/2020 05:00:00 AM,0,0,0
10/06/2020 06:00:00 AM,0,0,0
10/06/2020 07:00:00 AM,0,0,0
10/06/2020 08:00:00 AM,0,0,0
10/06/2020 09:00:00 AM,0,0,0
10/06/2020 10:00:00 AM,0,0,0
10/06/2020 11:00:00 AM,0,0,0
10/06/2020 12:00:00 PM,0,0,0
10/06/2020 01:00:00 PM,0,0,0
10/06/2020 02:00:00 PM,0,0,0
10/06/2020 03:00:00 PM,0,0,0
10/06/2020 04:00:00 PM,0,0,0
10/06/2020 05:00:00 PM,0,0,0
10/06/2020 06:00:00 PM,0,0,0
10/06/2020 07:00:00 PM,0,0,0
10/06/2020 08:00:00 PM,0,0,0
10/06/2020 09:00:00 PM,0,0,0
10/06/2020 10:00:00 PM,0,0,0
10/06/2020 11:00:00 PM,0,0,0
10/07/2020 12:00:00 AM,0,0,0
10/07/2020 01:00:00 AM,0,0,0
10/07/2020 02:00:00 AM,0,0,0
10/07/2020 03:00:00 AM,0,0,0
10/07/2020 04:00:00 AM,0,0,0
10/07/2020 05:00:00 AM,0,0,0
10/07/2020 06:00:00 AM,0,0,0
10/07/2020 07:00:00 AM,0,0,0
10/07/2020 08:00:00 AM,0,0,0
10/07/2020 09:00:00 AM,0,0,0
10/07/2020 10:00:00 AM,0,0,0
10/07/2020 11:00:00 AM,0,0,0
10/07/2020 12:00:00 PM,0,0,0
10/07/2020 01:00:00 PM,0,0,0
10/07/2020 02:00:00 PM,0,0,0
10/07/2020 03:00:00 PM,0,0,0
10/07/2020 04:00:00 PM,0,0,0
10/07/2020 05:00:00 PM,0,0,0
10/07/2020 06:00:00 PM,0,0,0
10/07/2020 07:00:00 PM,0,0,0
10/07/2020 08:00:00 PM,0,0,0
10/07/2020 09:00:00 PM,0,0,0
10/07/2020 10:00:00 PM,0,0,0
10/07/2020 11:00:00 PM,0,0,0
10/08/2020 12:00:00 AM,0,0,0
10/08/2020 01:00:00 AM,0,0,0
10/08/2020 02:00:00 AM,0,0,0
10/08/2020 03:00:00 AM,0,0,0
10/08/2020 04:00:00 AM,0,0,0
10/08/2020 05:00:00 AM,0,0,0
10/08/2020 06:00:00 AM,0,0,0
10/08/2020 07:00:00 AM,0,0,0
10/08/2020 08:00:00 AM,0,0,0
10/08/2020 09:00:00 AM,0,0,0
10/08/2020 10:00:00 AM,0,0,0
10/08/2020 11:00:00 AM,0,0,0
10/08/2020 12:00:00 PM,0,0,0
10/08/2020 01:00:00 PM,0,0,0
10/08/2020 02:00:00 PM,0,0,0
10/08/2020 03:00:00 PM,0,0,0
10/08/2020 04:00:00 PM,0,0,0
10/08/2020 05:00:00 PM,0,0,0
10/08/2020 06:00:00 PM,0,0,0
10/08/2020 07:00:00 PM,0,0,0
10/08/2020 08:00:00 PM,0,0,0
10/08/2020 09:00:00 PM,0,0,0
10/08/2020 10:00:00 PM,0,0,0
10/08/2020 11:00:00 PM,0,0,0
10/09/2020 12:00:00 AM,0,0,0
10/09/2020 01:00:00 AM,0,0,0
10/09/2020 02:00:00 AM,0,0,0
10/09/2020 03:00:00 AM,0,0,0
10/09/2020 04:00:00 AM,0,0,0
10/09/2020 05:00:00 AM,0,0,0
10/09/2020 06:00:00 AM,0,0,0
10/09/2020 07:00:00 AM,0,0,0
10/09/2020 08:00:00 AM,0,0,0
10/09/2020 09:00:00 AM,0,0,0
10/09/2020 10:00:00 AM,0,0,0
10/09/2020 11:00:00 AM,0,0,0
10/09/2020 12:00:00 PM,0,0,0
10/09/2020 01:00:00 PM,0,0,0
10/09/2020 02:00:00 PM,0,0,0
10/09/2020 03:00:00 PM,0,0,0
10/09/2020 04:00:00 PM,0,0,0
10/09/2020 05:00:00 PM,0,0,0
10/09/2020 06:00:00 PM,0,0,0
10/09/2020 07:00:00 PM,0,0,0
10/09/2020 08:00:00 PM,0,0,0
10/09/2020 09:00:00 PM,0,0,0
10/09/2020 10:00:00 PM,0,0,0
10/09/2020 11:00:00 PM,0,0,0
10/10/2020 12:00:00 AM,0,0,0
10/10/2020 01:00:00 AM,0,0,0
10/10/2020 02:00:00 AM,0,0,0
10/10/2020 03:00:00 AM,0,0,0
10/10/2020 04:00:00 AM,0,0,0
10/10/2020 05:00:00 AM,0,0,0
10/10/2020 06:00:00 AM,0,0,0
10/10/2020 07:00:00 AM,0,0,0
10/10/2020 08:00:00 AM,0,0,0
10/10/2020 09:00:00 AM,0,0,0
10/10/2020 10:00:00 AM,0,0,0
10/10/2020 11:00:00 AM,0,0,0
10/10/2020 12:00:00 PM,0,0,0
10/10/2020 01:00:00 PM,0,0,0
10/10/2020 02:00:00 PM,0,0,0
10/10/2020 03:00:00 PM,0,0,0
10/10/2020 04:00:00 PM,0,0,0
10/10/2020 05:00:00 PM,0,0,0
10/10/2020 06:00:00 PM,0,0,0
10/10/2020 07:00:00 PM,0,0,0
10/10/2020 08:00:00 PM,0,0,0
10/10/2020 09:00:00 PM,0,0,0
10/10/2020 10:00:00 PM,0,0,0
10/10/2020 11:00:00 PM,0,0,0
10/11/2020 12:00:00 AM,0,0,0
10/11/2020 01:00:00 AM,0,0,0
10/11/2020 02:00:00 AM,0,0,0
10/11/2020 03:00:00 AM,0,0,0
10/11/2020 04:00:00 AM,0,0,0
10/11/2020 05:00:00 AM,0,0,0
10/11/2020 06:00:00 AM,0,0,0
10/11/2020 07:00:00 AM,0,0,0
10/11/2020 08:00:00 AM,0,0,0
10/11/2020 09:00:00 AM,0,0,0
10/11/2020 10:00:00 AM,0,0,0
10/11/2020 11:00:00 AM,0,0,0
10/11/2020 12:00:00 PM,0,0,0
10/11/2020 01:00:00 PM,0,0,0
10/11/2020 02:00:00 PM,0,0,0
10/11/2020 03:00:00 PM,0,0,0
10/11/2020 04:00:00 PM,0,0,0
10/11/2020 05:00:00 PM,0,0,0
10/11/2020 06:00:00 PM,0,0,0
10/11/2020 07:00:00 PM,0,0,0
10/11/2020 08:00:00 PM,0,0,0
10/11/2020 09:00:00 PM,0,0,0
10/11/2020 10:00:00 PM,0,0,0
10/11/2020 11:00:00 PM,0,0,0
10/12/2020 12:00:00 AM,0,0,0
10/12/2020 01:00:00 AM,0,0,0
10/12/2020 02:00:00 AM,0,0,0
10/12/2020 03:00:00 AM,0,0,0
10/12/2020 04:00:00 AM,0,0,0
10/12/2020 05:00:00 AM,0,0,0
10/12/2020 06:00:00 AM,0,0,0
10/12/2020 07:00:00 AM,0,0,0
10/12/2020 08:00:00 AM,0,0,0
10/12/2020 09:00:00 AM,0,0,0
10/12/2020 10:00:00 AM,0,0,0
10/12/2020 11:00:00 AM,0,0,0
10/12/2020 12:00:00 PM,0,0,0
10/12/2020 01:00:00 PM,0,0,0
10/12/2020 02:00:00 PM,0,0,0
10/12/2020 03:00:00 PM,0,0,0
10/12/2020 04:00:00 PM,0,0,0
10/12/2020 05:00:00 PM,0,0,0
10/12/2020 06:00:00 PM,0,0,0
10/12/2020 07:00:00 PM,0,0,0
10/12/2020 08:00:00 PM,0,0,0
10/12/2020 09:00:00 PM,0,0,0
10/12/2020 10:00:00 PM,0,0,0
10/12/2020 11:00:00 PM,0,0,0
10/13/2020 12:00:00 AM,0,0,0
10/13/2020 01:00:00 AM,0,0,0
10/13/2020 02:00:00 AM,0,0,0
10/13/2020 03:00:00 AM,0,0,0
10/13/2020 04:00:00 AM,0,0,0
10/13/2020 05:00:00 AM,0,0,0
10/13/2020 06:00:00 AM,0,0,0
10/13/2020 07:00:00 AM,0,0,0
10/13/2020 08:00:00 AM,0,0,0
10/13/2020 09:00:00 AM,0,0,0
10/13/2020 10:00:00 AM,0,0,0
10/13/2020 11:00:00 AM,0,0,0
10/13/2020 12:00:00 PM,0,0,0
10/13/2020 01:00:00 PM,0,0,0
10/13/2020 02:00:00 PM,0,0,0
10/13/2020 03:00:00 PM,0,0,0
10/13/2020 04:00:00 PM,0,0,0
10/13/2020 05:00:00 PM,0,0,0
10/13/2020 06:00:00 PM,0,0,0
10/13/2020 07:00:00 PM,0,0,0
10/13/2020 08:00:00 PM,0,0,0
10/13/2020 09:00:00 PM,0,0,0
10/13/2020 10:00:00 PM,0,0,0
10/13/2020 11:00:00 PM,0,0,0
10/14/2020 12:00:00 AM,0,0,0
10/14/2020 01:00:00 AM,0,0,0
10/14/2020 02:00:00 AM,0,0,0
10/14/2020 03:00:00 AM,0,0,0
10/14/2020 04:00:00 AM,0,0,0
10/14/2020 05:00:00 AM,0,0,0
10/14/2020 06:00:00 AM,0,0,0
10/14/2020 07:00:00 AM,0,0,0
10/14/2020 08:00:00 AM,0,0,0
10/14/2020 09:00:00 AM,0,0,0
10/14/2020 10:00:00 AM,0,0,0
10/14/2020 11:00:00 AM,0,0,0
10/14/2020 12:00:00 PM,0,0,0
10/14/2020 01:00:00 PM,0,0,0
10/14/2020 02:00:00 PM,0,0,0
10/14/2020 03:00:00 PM,0,0,0
10/14/2020 04:00:00 PM,0,0,0
10/14/2020 05:00:00 PM,0,0,0
10/14/2020 06:00:00 PM,0,0,0
10/14/2020 07:00:00 PM,0,0,0
10/14/2020 08:00:00 PM,0,0,0
10/14/2020 09:00:00 PM,0,0,0
10/14/2020 10:00:00 PM,0,0,0
10/14/2020 11:00:00 PM,0,0,0
10/15/2020 12:00:00 AM,0,0,0
10/15/2020 01:00:00 AM,0,0,0
10/15/2020 02:00:00 AM,0,0,0
10/15/2020 03:00:00 AM,0,0,0
10/15/2020 04:00:00 AM,0,0,0
10/15/2020 05:00:00 AM,0,0,0
10/15/2020 06:00:00 AM,0,0,0
10/15/2020 07:00:00 AM,0,0,0
10/15/2020 08:00:00 AM,0,0,0
10/15/2020 09:00:00 AM,0,0,0
10/15/2020 10:00:00 AM,0,0,0
10/15/2020 11:00:00 AM,0,0,0
10/15/2020 12:00:00 PM,0,0,0
10/15/2020 01:00:00 PM,0,0,0
10/15/2020 02:00:00 PM,0,0,0
10/15/2020 03:00:00 PM,0,0,0
10/15/2020 04:00:00 PM,0,0,0
10/15/2020 05:00:00 PM,1,1,0
10/15/2020 06:00:00 PM,0,0,0
10/15/2020 07:00:00 PM,0,0,0
10/15/2020 08:00:00 PM,0,0,0
10/15/2020 09:00:00 PM,0,0,0
10/15/2020 10:00:00 PM,0,0,0
10/15/2020 11:00:00 PM,0,0,0
10/16/2020 12:00:00 AM,0,0,0
10/16/2020 01:00:00 AM,0,0,0
10/16/2020 02:00:00 AM,0,0,0
10/16/2020 03:00:00 AM,0,0,0
10/16/2020 04:00:00 AM,0,0,0
10/16/2020 05:00:00 AM,0,0,0
10/16/2020 06:00:00 AM,0,0,0
10/16/2020 07:00:00 AM,0,0,0
10/16/2020 08:00:00 AM,0,0,0
10/16/2020 09:00:00 AM,0,0,0
10/16/2020 10:00:00 AM,0,0,0
10/16/2020 11:00:00 AM,0,0,0
10/16/2020 12:00:00 PM,0,0,0
10/16/2020 01:00:00 PM,0,0,0
10/16/2020 02:00:00 PM,0,0,0
10/16/2020 03:00:00 PM,0,0,0
10/16/2020 04:00:00 PM,0,0,0
10/16/2020 05:00:00 PM,0,0,0
10/16/2020 06:00:00 PM,0,0,0
10/16/2020 07:00:00 PM,0,0,0
10/16/2020 08:00:00 PM,0,0,0
10/16/2020 09:00:00 PM,0,0,0
10/16/2020 10:00:00 PM,0,0,0
10/16/2020 11:00:00 PM,0,0,0
10/17/2020 12:00:00 AM,0,0,0
10/17/2020 01:00:00 AM,0,0,0
10/17/2020 02:00:00 AM,0,0,0
10/17/2020 03:00:00 AM,0,0,0
10/17/2020 04:00:00 AM,0,0,0
10/17/2020 05:00:00 AM,0,0,0
10/17/2020 06:00:00 AM,0,0,0
10/17/2020 07:00:00 AM,0,0,0
10/17/2020 08:00:00 AM,0,0,0
10/17/2020 09:00:00 AM,0,0,0
10/17/2020 10:00:00 AM,0,0,0
10/17/2020 11:00:00 AM,0,0,0
10/17/2020 12:00:00 PM,0,0,0
10/17/2020 01:00:00 PM,0,0,0
10/17/2020 02:00:00 PM,0,0,0
10/17/2020 03:00:00 PM,0,0,0
10/17/2020 04:00:00 PM,0,0,0
10/17/2020 05:00:00 PM,0,0,0
10/17/2020 06:00:00 PM,0,0,0
10/17/2020 07:00:00 PM,0,0,0
10/17/2020 08:00:00 PM,0,0,0
10/17/2020 09:00:00 PM,0,0,0
10/17/2020 10:00:00 PM,0,0,0
10/17/2020 11:00:00 PM,0,0,0
10/18/2020 12:00:00 AM,0,0,0
10/18/2020 01:00:00 AM,0,0,0
10/18/2020 02:00:00 AM,0,0,0
10/18/2020 03:00:00 AM,0,0,0
10/18/2020 04:00:00 AM,0,0,0
10/18/2020 05:00:00 AM,0,0,0
10/18/2020 06:00:00 AM,0,0,0
10/18/2020 07:00:00 AM,0,0,0
10/18/2020 08:00:00 AM,0,0,0
10/18/2020 09:00:00 AM,0,0,0
10/18/2020 10:00:00 AM,0,0,0
10/18/2020 11:00:00 AM,0,0,0
10/18/2020 12:00:00 PM,0,0,0
10/18/2020 01:00:00 PM,0,0,0
10/18/2020 02:00:00 PM,0,0,0
10/18/2020 03:00:00 PM,0,0,0
10/18/2020 04:00:00 PM,0,0,0
10/18/2020 05:00:00 PM,0,0,0
10/18/2020 06:00:00 PM,0,0,0
10/18/2020 07:00:00 PM,0,0,0
10/18/2020 08:00:00 PM,0,0,0
10/18/2020 09:00:00 PM,0,0,0
10/18/2020 10:00:00 PM,0,0,0
10/18/2020 11:00:00 PM,0,0,0
10/19/2020 12:00:00 AM,0,0,0
10/19/2020 01:00:00 AM,0,0,0
10/19/2020 02:00:00 AM,0,0,0
10/19/2020 03:00:00 AM,0,0,0
10/19/2020 04:00:00 AM,0,0,0
10/19/2020 05:00:00 AM,0,0,0
10/19/2020 06:00:00 AM,0,0,0
10/19/2020 07:00:00 AM,0,0,0
10/19/2020 08:00:00 AM,0,0,0
10/19/2020 09:00:00 AM,0,0,0
10/19/2020 10:00:00 AM,0,0,0
10/19/2020 11:00:00 AM,0,0,0
10/19/2020 12:00:00 PM,0,0,0
10/19/2020 01:00:00 PM,0,0,0
10/19/2020 02:00:00 PM,0,0,0
10/19/2020 03:00:00 PM,0,0,0
10/19/2020 04:00:00 PM,0,0,0
10/19/2020 05:00:00 PM,0,0,0
10/19/2020 06:00:00 PM,0,0,0
10/19/2020 07:00:00 PM,0,0,0
10/19/2020 08:00:00 PM,0,0,0
10/19/2020 09:00:00 PM,0,0,0
10/19/2020 10:00:00 PM,0,0,0
10/19/2020 11:00:00 PM,0,0,0
10/20/2020 12:00:00 AM,0,0,0
10/20/2020 01:00:00 AM,0,0,0
10/20/2020 02:00:00 AM,0,0,0
10/20/2020 03:00:00 AM,0,0,0
10/20/2020 04:00:00 AM,0,0,0
10/20/2020 05:00:00 AM,0,0,0
10/20/2020 06:00:00 AM,0,0,0
10/20/2020 07:00:00 AM,0,0,0
10/20/2020 08:00:00 AM,0,0,0
10/20/2020 09:00:00 AM,0,0,0
10/20/2020 10:00:00 AM,0,0,0
10/20/2020 11:00:00 AM,0,0,0
10/20/2020 12:00:00 PM,0,0,0
10/20/2020 01:00:00 PM,0,0,0
10/20/2020 02:00:00 PM,0,0,0
10/20/2020 03:00:00 PM,0,0,0
10/20/2020 04:00:00 PM,0,0,0
10/20/2020 05:00:00 PM,0,0,0
10/20/2020 06:00:00 PM,0,0,0
10/20/2020 07:00:00 PM,0,0,0
10/20/2020 08:00:00 PM,0,0,0
10/20/2020 09:00:00 PM,0,0,0
10/20/2020 10:00:00 PM,0,0,0
10/20/2020 11:00:00 PM,0,0,0
10/21/2020 12:00:00 AM,0,0,0
10/21/2020 01:00:00 AM,0,0,0
10/21/2020 02:00:00 AM,0,0,0
10/21/2020 03:00:00 AM,0,0,0
10/21/2020 04:00:00 AM,0,0,0
10/21/2020 05:00:00 AM,0,0,0
10/21/2020 06:00:00 AM,0,0,0
10/21/2020 07:00:00 AM,0,0,0
10/21/2020 08:00:00 AM,0,0,0
10/21/2020 09:00:00 AM,0,0,0
10/21/2020 10:00:00 AM,0,0,0
10/21/2020 11:00:00 AM,0,0,0
10/21/2020 12:00:00 PM,0,0,0
10/21/2020 01:00:00 PM,0,0,0
10/21/2020 02:00:00 PM,0,0,0
10/21/2020 03:00:00 PM,0,0,0
10/21/2020 04:00:00 PM,0,0,0
10/21/2020 05:00:00 PM,0,0,0
10/21/2020 06:00:00 PM,0,0,0
10/21/2020 07:00:00 PM,0,0,0
10/21/2020 08:00:00 PM,0,0,0
10/21/2020 09:00:00 PM,0,0,0
10/21/2020 10:00:00 PM,0,0,0
10/21/2020 11:00:00 PM,0,0,0
10/22/2020 12:00:00 AM,0,0,0
10/22/2020 01:00:00 AM,0,0,0
10/22/2020 02:00:00 AM,0,0,0
10/22/2020 03:00:00 AM,0,0,0
10/22/2020 04:00:00 AM,0,0,0
10/22/2020 05:00:00 AM,0,0,0
10/22/2020 06:00:00 AM,0,0,0
10/22/2020 07:00:00 AM,0,0,0
10/22/2020 08:00:00 AM,0,0,0
10/22/2020 09:00:00 AM,0,0,0
10/22/2020 10:00:00 AM,0,0,0
10/22/2020 11:00:00 AM,0,0,0
10/22/2020 12:00:00 PM,0,0,0
10/22/2020 01:00:00 PM,0,0,0
10/22/2020 02:00:00 PM,0,0,0
10/22/2020 03:00:00 PM,0,0,0
10/22/2020 04:00:00 PM,0,0,0
10/22/2020 05:00:00 PM,0,0,0
10/22/2020 06:00:00 PM,0,0,0
10/22/2020 07:00:00 PM,0,0,0
10/22/2020 08:00:00 PM,0,0,0
10/22/2020 09:00:00 PM,0,0,0
10/22/2020 10:00:00 PM,0,0,0
10/22/2020 11:00:00 PM,0,0,0
10/23/2020 12:00:00 AM,0,0,0
10/23/2020 01:00:00 AM,0,0,0
10/23/2020 02:00:00 AM,0,0,0
10/23/2020 03:00:00 AM,0,0,0
10/23/2020 04:00:00 AM,0,0,0
10/23/2020 05:00:00 AM,0,0,0
10/23/2020 06:00:00 AM,0,0,0
10/23/2020 07:00:00 AM,0,0,0
10/23/2020 08:00:00 AM,0,0,0
10/23/2020 09:00:00 AM,0,0,0
10/23/2020 10:00:00 AM,0,0,0
10/23/2020 11:00:00 AM,0,0,0
10/23/2020 12:00:00 PM,0,0,0
10/23/2020 01:00:00 PM,0,0,0
10/23/2020 02:00:00 PM,0,0,0
10/23/2020 03:00:00 PM,0,0,0
10/23/2020 04:00:00 PM,0,0,0
10/23/2020 05:00:00 PM,0,0,0
10/23/2020 06:00:00 PM,0,0,0
10/23/2020 07:00:00 PM,0,0,0
10/23/2020 08:00:00 PM,0,0,0
10/23/2020 09:00:00 PM,0,0,0
10/23/2020 10:00:00 PM,0,0,0
10/23/2020 11:00:00 PM,0,0,0
10/24/2020 12:00:00 AM,0,0,0
10/24/2020 01:00:00 AM,0,0,0
10/24/2020 02:00:00 AM,0,0,0
10/24/2020 03:00:00 AM,0,0,0
10/24/2020 04:00:00 AM,0,0,0
10/24/2020 05:00:00 AM,0,0,0
10/24/2020 06:00:00 AM,0,0,0
10/24/2020 07:00:00 AM,0,0,0
10/24/2020 08:00:00 AM,0,0,0
10/24/2020 09:00:00 AM,0,0,0
10/24/2020 10:00:00 AM,0,0,0
10/24/2020 11:00:00 AM,0,0,0
10/24/2020 12:00:00 PM,0,0,0
10/24/2020 01:00:00 PM,0,0,0
10/24/2020 02:00:00 PM,0,0,0
10/24/2020 03:00:00 PM,0,0,0
10/24/2020 04:00:00 PM,0,0,0
10/24/2020 05:00:00 PM,0,0,0
10/24/2020 06:00:00 PM,0,0,0
10/24/2020 07:00:00 PM,0,0,0
10/24/2020 08:00:00 PM,0,0,0
10/24/2020 09:00:00 PM,0,0,0
10/24/2020 10:00:00 PM,0,0,0
10/24/2020 11:00:00 PM,0,0,0
10/25/2020 12:00:00 AM,0,0,0
10/25/2020 01:00:00 AM,0,0,0
10/25/2020 02:00:00 AM,0,0,0
10/25/2020 03:00:00 AM,0,0,0
10/25/2020 04:00:00 AM,0,0,0
10/25/2020 05:00:00 AM,0,0,0
10/25/2020 06:00:00 AM,0,0,0
10/25/2020 07:00:00 AM,0,0,0
10/25/2020 08:00:00 AM,0,0,0
10/25/2020 09:00:00 AM,0,0,0
10/25/2020 10:00:00 AM,0,0,0
10/25/2020 11:00:00 AM,0,0,0
10/25/2020 12:00:00 PM,0,0,0
10/25/2020 01:00:00 PM,0,0,0
10/25/2020 02:00:00 PM,0,0,0
10/25/2020 03:00:00 PM,0,0,0
10/25/2020 04:00:00 PM,0,0,0
10/25/2020 05:00:00 PM,0,0,0
10/25/2020 06:00:00 PM,0,0,0
10/25/2020 07:00:00 PM,0,0,0
10/25/2020 08:00:00 PM,0,0,0
10/25/2020 09:00:00 PM,0,0,0
10/25/2020 10:00:00 PM,0,0,0
10/25/2020 11:00:00 PM,0,0,0
10/26/2020 12:00:00 AM,0,0,0
10/26/2020 01:00:00 AM,0,0,0
10/26/2020 02:00:00 AM,0,0,0
10/26/2020 03:00:00 AM,0,0,0
10/26/2020 04:00:00 AM,0,0,0
10/26/2020 05:00:00 AM,0,0,0
10/26/2020 06:00:00 AM,0,0,0
10/26/2020 07:00:00 AM,0,0,0
10/26/2020 08:00:00 AM,0,0,0
10/26/2020 09:00:00 AM,0,0,0
10/26/2020 10:00:00 AM,0,0,0
10/26/2020 11:00:00 AM,0,0,0
10/26/2020 12:00:00 PM,0,0,0
10/26/2020 01:00:00 PM,0,0,0
10/26/2020 02:00:00 PM,0,0,0
10/26/2020 03:00:00 PM,0,0,0
10/26/2020 04:00:00 PM,0,0,0
10/26/2020 05:00:00 PM,0,0,0
10/26/2020 06:00:00 PM,0,0,0
10/26/2020 07:00:00 PM,0,0,0
10/26/2020 08:00:00 PM,0,0,0
10/26/2020 09:00:00 PM,0,0,0
10/26/2020 10:00:00 PM,0,0,0
10/26/2020 11:00:00 PM,0,0,0
10/27/2020 12:00:00 AM,0,0,0
10/27/2020 01:00:00 AM,0,0,0
10/27/2020 02:00:00 AM,0,0,0
10/27/2020 03:00:00 AM,0,0,0
10/27/2020 04:00:00 AM,0,0,0
10/27/2020 05:00:00 AM,0,0,0
10/27/2020 06:00:00 AM,0,0,0
10/27/2020 07:00:00 AM,0,0,0
10/27/2020 08:00:00 AM,0,0,0
10/27/2020 09:00:00 AM,0,0,0
10/27/2020 10:00:00 AM,0,0,0
10/27/2020 11:00:00 AM,0,0,0
10/27/2020 12:00:00 PM,0,0,0
10/27/2020 01:00:00 PM,0,0,0
10/27/2020 02:00:00 PM,0,0,0
10/27/2020 03:00:00 PM,0,0,0
10/27/2020 04:00:00 PM,0,0,0
10/27/2020 05:00:00 PM,1,0,1
10/27/2020 06:00:00 PM,0,0,0
10/27/2020 07:00:00 PM,0,0,0
10/27/2020 08:00:00 PM,0,0,0
10/27/2020 09:00:00 PM,0,0,0
10/27/2020 10:00:00 PM,0,0,0
10/27/2020 11:00:00 PM,0,0,0
10/28/2020 12:00:00 AM,0,0,0
10/28/2020 01:00:00 AM,0,0,0
10/28/2020 02:00:00 AM,0,0,0
10/28/2020 03:00:00 AM,0,0,0
10/28/2020 04:00:00 AM,0,0,0
10/28/2020 05:00:00 AM,0,0,0
10/28/2020 06:00:00 AM,0,0,0
10/28/2020 07:00:00 AM,0,0,0
10/28/2020 08:00:00 AM,0,0,0
10/28/2020 09:00:00 AM,0,0,0
10/28/2020 10:00:00 AM,0,0,0
10/28/2020 11:00:00 AM,0,0,0
10/28/2020 12:00:00 PM,0,0,0
10/28/2020 01:00:00 PM,0,0,0
10/28/2020 02:00:00 PM,0,0,0
10/28/2020 03:00:00 PM,0,0,0
10/28/2020 04:00:00 PM,0,0,0
10/28/2020 05:00:00 PM,0,0,0
10/28/2020 06:00:00 PM,0,0,0
10/28/2020 07:00:00 PM,0,0,0
10/28/2020 08:00:00 PM,0,0,0
10/28/2020 09:00:00 PM,0,0,0
10/28/2020 10:00:00 PM,0,0,0
10/28/2020 11:00:00 PM,0,0,0
10/29/2020 12:00:00 AM,0,0,0
10/29/2020 01:00:00 AM,0,0,0
10/29/2020 02:00:00 AM,0,0,0
10/29/2020 03:00:00 AM,0,0,0
10/29/2020 04:00:00 AM,0,0,0
10/29/2020 05:00:00 AM,0,0,0
10/29/2020 06:00:00 AM,0,0,0
10/29/2020 07:00:00 AM,0,0,0
10/29/2020 08:00:00 AM,0,0,0
10/29/2020 09:00:00 AM,0,0,0
10/29/2020 10:00:00 AM,0,0,0
10/29/2020 11:00:00 AM,0,0,0
10/29/2020 12:00:00 PM,0,0,0
10/29/2020 01:00:00 PM,0,0,0
10/29/2020 02:00:00 PM,0,0,0
10/29/2020 03:00:00 PM,0,0,0
10/29/2020 04:00:00 PM,0,0,0
10/29/2020 05:00:00 PM,0,0,0
10/29/2020 06:00:00 PM,0,0,0
10/29/2020 07:00:00 PM,0,0,0
10/29/2020 08:00:00 PM,0,0,0
10/29/2020 09:00:00 PM,0,0,0
10/29/2020 10:00:00 PM,0,0,0
10/29/2020 11:00:00 PM,0,0,0
10/30/2020 12:00:00 AM,0,0,0
10/30/2020 01:00:00 AM,0,0,0
10/30/2020 02:00:00 AM,0,0,0
10/30/2020 03:00:00 AM,0,0,0
10/30/2020 04:00:00 AM,0,0,0
10/30/2020 05:00:00 AM,0,0,0
10/30/2020 06:00:00 AM,0,0,0
10/30/2020 07:00:00 AM,0,0,0
10/30/2020 08:00:00 AM,0,0,0
10/30/2020 09:00:00 AM,0,0,0
10/30/2020 10:00:00 AM,0,0,0
10/30/2020 11:00:00 AM,0,0,0
10/30/2020 12:00:00 PM,0,0,0
10/30/2020 01:00:00 PM,0,0,0
10/30/2020 02:00:00 PM,0,0,0
10/30/2020 03:00:00 PM,0,0,0
10/30/2020 04:00:00 PM,0,0,0
10/30/2020 05:00:00 PM,0,0,0
10/30/2020 06:00:00 PM,0,0,0
10/30/2020 07:00:00 PM,0,0,0
10/30/2020 08:00:00 PM,0,0,0
10/30/2020 09:00:00 PM,0,0,0
10/30/2020 10:00:00 PM,0,0,0
10/30/2020 11:00:00 PM,0,0,0
10/31/2020 12:00:00 AM,0,0,0
10/31/2020 01:00:00 AM,0,0,0
10/31/2020 02:00:00 AM,0,0,0
10/31/2020 03:00:00 AM,0,0,0
10/31/2020 04:00:00 AM,0,0,0
10/31/2020 05:00:00 AM,0,0,0
10/31/2020 06:00:00 AM,0,0,0
10/31/2020 07:00:00 AM,0,0,0
10/31/2020 08:00:00 AM,0,0,0
10/31/2020 09:00:00 AM,0,0,0
10/31/2020 10:00:00 AM,0,0,0
10/31/2020 11:00:00 AM,0,0,0
10/31/2020 12:00:00 PM,0,0,0
10/31/2020 01:00:00 PM,0,0,0
10/31/2020 02:00:00 PM,0,0,0
10/31/2020 03:00:00 PM,0,0,0
10/31/2020 04:00:00 PM,0,0,0
10/31/2020 05:00:00 PM,0,0,0
10/31/2020 06:00:00 PM,0,0,0
10/31/2020 07:00:00 PM,0,0,0
10/31/2020 08:00:00 PM,0,0,0
10/31/2020 09:00:00 PM,0,0,0
10/31/2020 10:00:00 PM,0,0,0
10/31/2020 11:00:00 PM,0,0,0
11/01/2020 12:00:00 AM,0,0,0
11/01/2020 01:00:00 AM,0,0,0
11/01/2020 02:00:00 AM,0,0,0
11/01/2020 03:00:00 AM,0,0,0
11/01/2020 04:00:00 AM,0,0,0
11/01/2020 05:00:00 AM,0,0,0
11/01/2020 06:00:00 AM,0,0,0
11/01/2020 07:00:00 AM,0,0,0
11/01/2020 08:00:00 AM,0,0,0
11/01/2020 09:00:00 AM,0,0,0
11/01/2020 10:00:00 AM,0,0,0
11/01/2020 11:00:00 AM,0,0,0
11/01/2020 12:00:00 PM,0,0,0
11/01/2020 01:00:00 PM,0,0,0
11/01/2020 02:00:00 PM,0,0,0
11/01/2020 03:00:00 PM,0,0,0
11/01/2020 04:00:00 PM,0,0,0
11/01/2020 05:00:00 PM,0,0,0
11/01/2020 06:00:00 PM,0,0,0
11/01/2020 07:00:00 PM,0,0,0
11/01/2020 08:00:00 PM,0,0,0
11/01/2020 09:00:00 PM,0,0,0
11/01/2020 10:00:00 PM,0,0,0
11/01/2020 11:00:00 PM,0,0,0
11/02/2020 12:00:00 AM,0,0,0
11/02/2020 01:00:00 AM,0,0,0
11/02/2020 02:00:00 AM,0,0,0
11/02/2020 03:00:00 AM,0,0,0
11/02/2020 04:00:00 AM,0,0,0
11/02/2020 05:00:00 AM,0,0,0
11/02/2020 06:00:00 AM,0,0,0
11/02/2020 07:00:00 AM,0,0,0
11/02/2020 08:00:00 AM,0,0,0
11/02/2020 09:00:00 AM,0,0,0
11/02/2020 10:00:00 AM,0,0,0
11/02/2020 11:00:00 AM,0,0,0
11/02/2020 12:00:00 PM,0,0,0
11/02/2020 01:00:00 PM,0,0,0
11/02/2020 02:00:00 PM,0,0,0
11/02/2020 03:00:00 PM,0,0,0
11/02/2020 04:00:00 PM,0,0,0
11/02/2020 05:00:00 PM,0,0,0
11/02/2020 06:00:00 PM,0,0,0
11/02/2020 07:00:00 PM,0,0,0
11/02/2020 08:00:00 PM,0,0,0
11/02/2020 09:00:00 PM,0,0,0
11/02/2020 10:00:00 PM,0,0,0
11/02/2020 11:00:00 PM,0,0,0
11/03/2020 12:00:00 AM,0,0,0
11/03/2020 01:00:00 AM,0,0,0
11/03/2020 02:00:00 AM,0,0,0
11/03/2020 03:00:00 AM,0,0,0
11/03/2020 04:00:00 AM,0,0,0
11/03/2020 05:00:00 AM,0,0,0
11/03/2020 06:00:00 AM,0,0,0
11/03/2020 07:00:00 AM,0,0,0
11/03/2020 08:00:00 AM,0,0,0
11/03/2020 09:00:00 AM,0,0,0
11/03/2020 10:00:00 AM,0,0,0
11/03/2020 11:00:00 AM,0,0,0
11/03/2020 12:00:00 PM,0,0,0
11/03/2020 01:00:00 PM,0,0,0
11/03/2020 02:00:00 PM,0,0,0
11/03/2020 03:00:00 PM,0,0,0
11/03/2020 04:00:00 PM,0,0,0
11/03/2020 05:00:00 PM,0,0,0
11/03/2020 06:00:00 PM,0,0,0
11/03/2020 07:00:00 PM,0,0,0
11/03/2020 08:00:00 PM,0,0,0
11/03/2020 09:00:00 PM,0,0,0
11/03/2020 10:00:00 PM,0,0,0
11/03/2020 11:00:00 PM,0,0,0
11/04/2020 12:00:00 AM,0,0,0
11/04/2020 01:00:00 AM,0,0,0
11/04/2020 02:00:00 AM,0,0,0
11/04/2020 03:00:00 AM,0,0,0
11/04/2020 04:00:00 AM,0,0,0
11/04/2020 05:00:00 AM,0,0,0
11/04/2020 06:00:00 AM,0,0,0
11/04/2020 07:00:00 AM,0,0,0
11/04/2020 08:00:00 AM,0,0,0
11/04/2020 09:00:00 AM,0,0,0
11/04/2020 10:00:00 AM,0,0,0
11/04/2020 11:00:00 AM,0,0,0
11/04/2020 12:00:00 PM,0,0,0
11/04/2020 01:00:00 PM,0,0,0
11/04/2020 02:00:00 PM,0,0,0
11/04/2020 03:00:00 PM,0,0,0
11/04/2020 04:00:00 PM,0,0,0
11/04/2020 05:00:00 PM,0,0,0
11/04/2020 06:00:00 PM,0,0,0
11/04/2020 07:00:00 PM,0,0,0
11/04/2020 08:00:00 PM,0,0,0
11/04/2020 09:00:00 PM,0,0,0
11/04/2020 10:00:00 PM,0,0,0
11/04/2020 11:00:00 PM,0,0,0
11/05/2020 12:00:00 AM,0,0,0
11/05/2020 01:00:00 AM,0,0,0
11/05/2020 02:00:00 AM,0,0,0
11/05/2020 03:00:00 AM,0,0,0
11/05/2020 04:00:00 AM,0,0,0
11/05/2020 05:00:00 AM,0,0,0
11/05/2020 06:00:00 AM,0,0,0
11/05/2020 07:00:00 AM,0,0,0
11/05/2020 08:00:00 AM,0,0,0
11/05/2020 09:00:00 AM,0,0,0
11/05/2020 10:00:00 AM,0,0,0
11/05/2020 11:00:00 AM,0,0,0
11/05/2020 12:00:00 PM,0,0,0
11/05/2020 01:00:00 PM,0,0,0
11/05/2020 02:00:00 PM,0,0,0
11/05/2020 03:00:00 PM,0,0,0
11/05/2020 04:00:00 PM,0,0,0
11/05/2020 05:00:00 PM,0,0,0
11/05/2020 06:00:00 PM,0,0,0
11/05/2020 07:00:00 PM,0,0,0
11/05/2020 08:00:00 PM,0,0,0
11/05/2020 09:00:00 PM,0,0,0
11/05/2020 10:00:00 PM,0,0,0
11/05/2020 11:00:00 PM,0,0,0
11/06/2020 12:00:00 AM,0,0,0
11/06/2020 01:00:00 AM,0,0,0
11/06/2020 02:00:00 AM,0,0,0
11/06/2020 03:00:00 AM,0,0,0
11/06/2020 04:00:00 AM,0,0,0
11/06/2020 05:00:00 AM,0,0,0
11/06/2020 06:00:00 AM,0,0,0
11/06/2020 07:00:00 AM,0,0,0
11/06/2020 08:00:00 AM,0,0,0
11/06/2020 09:00:00 AM,0,0,0
11/06/2020 10:00:00 AM,0,0,0
11/06/2020 11:00:00 AM,0,0,0
11/06/2020 12:00:00 PM,0,0,0
11/06/2020 01:00:00 PM,0,0,0
11/06/2020 02:00:00 PM,0,0,0
11/06/2020 03:00:00 PM,0,0,0
11/06/2020 04:00:00 PM,0,0,0
11/06/2020 05:00:00 PM,0,0,0
11/06/2020 06:00:00 PM,0,0,0
11/06/2020 07:00:00 PM,0,0,0
11/06/2020 08:00:00 PM,0,0,0
11/06/2020 09:00:00 PM,0,0,0
11/06/2020 10:00:00 PM,0,0,0
11/06/2020 11:00:00 PM,0,0,0
11/07/2020 12:00:00 AM,0,0,0
11/07/2020 01:00:00 AM,0,0,0
11/07/2020 02:00:00 AM,0,0,0
11/07/2020 03:00:00 AM,0,0,0
11/07/2020 04:00:00 AM,0,0,0
11/07/2020 05:00:00 AM,0,0,0
11/07/2020 06:00:00 AM,0,0,0
11/07/2020 07:00:00 AM,0,0,0
11/07/2020 08:00:00 AM,0,0,0
11/07/2020 09:00:00 AM,0,0,0
11/07/2020 10:00:00 AM,0,0,0
11/07/2020 11:00:00 AM,0,0,0
11/07/2020 12:00:00 PM,0,0,0
11/07/2020 01:00:00 PM,0,0,0
11/07/2020 02:00:00 PM,0,0,0
11/07/2020 03:00:00 PM,0,0,0
11/07/2020 04:00:00 PM,0,0,0
11/07/2020 05:00:00 PM,0,0,0
11/07/2020 06:00:00 PM,0,0,0
11/07/2020 07:00:00 PM,0,0,0
11/07/2020 08:00:00 PM,0,0,0
11/07/2020 09:00:00 PM,0,0,0
11/07/2020 10:00:00 PM,0,0,0
11/07/2020 11:00:00 PM,0,0,0
11/08/2020 12:00:00 AM,0,0,0
11/08/2020 01:00:00 AM,0,0,0
11/08/2020 02:00:00 AM,0,0,0
11/08/2020 03:00:00 AM,0,0,0
11/08/2020 04:00:00 AM,0,0,0
11/08/2020 05:00:00 AM,0,0,0
11/08/2020 06:00:00 AM,0,0,0
11/08/2020 07:00:00 AM,0,0,0
11/08/2020 08:00:00 AM,0,0,0
11/08/2020 09:00:00 AM,0,0,0
11/08/2020 10:00:00 AM,0,0,0
11/08/2020 11:00:00 AM,0,0,0
11/08/2020 12:00:00 PM,0,0,0
11/08/2020 01:00:00 PM,0,0,0
11/08/2020 02:00:00 PM,0,0,0
11/08/2020 03:00:00 PM,0,0,0
11/08/2020 04:00:00 PM,0,0,0
11/08/2020 05:00:00 PM,0,0,0
11/08/2020 06:00:00 PM,0,0,0
11/08/2020 07:00:00 PM,0,0,0
11/08/2020 08:00:00 PM,0,0,0
11/08/2020 09:00:00 PM,0,0,0
11/08/2020 10:00:00 PM,0,0,0
11/08/2020 11:00:00 PM,0,0,0
11/09/2020 12:00:00 AM,0,0,0
11/09/2020 01:00:00 AM,0,0,0
11/09/2020 02:00:00 AM,0,0,0
11/09/2020 03:00:00 AM,0,0,0
11/09/2020 04:00:00 AM,0,0,0
11/09/2020 05:00:00 AM,0,0,0
11/09/2020 06:00:00 AM,0,0,0
11/09/2020 07:00:00 AM,0,0,0
11/09/2020 08:00:00 AM,0,0,0
11/09/2020 09:00:00 AM,0,0,0
11/09/2020 10:00:00 AM,0,0,0
11/09/2020 11:00:00 AM,0,0,0
11/09/2020 12:00:00 PM,0,0,0
11/09/2020 01:00:00 PM,0,0,0
11/09/2020 02:00:00 PM,0,0,0
11/09/2020 03:00:00 PM,0,0,0
11/09/2020 04:00:00 PM,0,0,0
11/09/2020 05:00:00 PM,0,0,0
11/09/2020 06:00:00 PM,0,0,0
11/09/2020 07:00:00 PM,0,0,0
11/09/2020 08:00:00 PM,0,0,0
11/09/2020 09:00:00 PM,0,0,0
11/09/2020 10:00:00 PM,0,0,0
11/09/2020 11:00:00 PM,0,0,0
11/10/2020 12:00:00 AM,0,0,0
11/10/2020 01:00:00 AM,0,0,0
11/10/2020 02:00:00 AM,0,0,0
11/10/2020 03:00:00 AM,0,0,0
11/10/2020 04:00:00 AM,0,0,0
11/10/2020 05:00:00 AM,0,0,0
11/10/2020 06:00:00 AM,0,0,0
11/10/2020 07:00:00 AM,0,0,0
11/10/2020 08:00:00 AM,0,0,0
11/10/2020 09:00:00 AM,0,0,0
11/10/2020 10:00:00 AM,0,0,0
11/10/2020 11:00:00 AM,0,0,0
11/10/2020 12:00:00 PM,0,0,0
11/10/2020 01:00:00 PM,2,0,2
11/10/2020 02:00:00 PM,0,0,0
11/10/2020 03:00:00 PM,0,0,0
11/10/2020 04:00:00 PM,0,0,0
11/10/2020 05:00:00 PM,0,0,0
11/10/2020 06:00:00 PM,0,0,0
11/10/2020 07:00:00 PM,0,0,0
11/10/2020 08:00:00 PM,0,0,0
11/10/2020 09:00:00 PM,0,0,0
11/10/2020 10:00:00 PM,0,0,0
11/10/2020 11:00:00 PM,0,0,0
11/11/2020 12:00:00 AM,0,0,0
11/11/2020 01:00:00 AM,0,0,0
11/11/2020 02:00:00 AM,0,0,0
11/11/2020 03:00:00 AM,0,0,0
11/11/2020 04:00:00 AM,0,0,0
11/11/2020 05:00:00 AM,0,0,0
11/11/2020 06:00:00 AM,0,0,0
11/11/2020 07:00:00 AM,0,0,0
11/11/2020 08:00:00 AM,0,0,0
11/11/2020 09:00:00 AM,0,0,0
11/11/2020 10:00:00 AM,0,0,0
11/11/2020 11:00:00 AM,0,0,0
11/11/2020 12:00:00 PM,0,0,0
11/11/2020 01:00:00 PM,0,0,0
11/11/2020 02:00:00 PM,0,0,0
11/11/2020 03:00:00 PM,0,0,0
11/11/2020 04:00:00 PM,0,0,0
11/11/2020 05:00:00 PM,0,0,0
11/11/2020 06:00:00 PM,0,0,0
11/11/2020 07:00:00 PM,0,0,0
11/11/2020 08:00:00 PM,0,0,0
11/11/2020 09:00:00 PM,0,0,0
11/11/2020 10:00:00 PM,0,0,0
11/11/2020 11:00:00 PM,0,0,0
11/12/2020 12:00:00 AM,0,0,0
11/12/2020 01:00:00 AM,0,0,0
11/12/2020 02:00:00 AM,0,0,0
11/12/2020 03:00:00 AM,0,0,0
11/12/2020 04:00:00 AM,0,0,0
11/12/2020 05:00:00 AM,0,0,0
11/12/2020 06:00:00 AM,0,0,0
11/12/2020 07:00:00 AM,0,0,0
11/12/2020 08:00:00 AM,0,0,0
11/12/2020 09:00:00 AM,0,0,0
11/12/2020 10:00:00 AM,0,0,0
11/12/2020 11:00:00 AM,0,0,0
11/12/2020 12:00:00 PM,0,0,0
11/12/2020 01:00:00 PM,0,0,0
11/12/2020 02:00:00 PM,0,0,0
11/12/2020 03:00:00 PM,0,0,0
11/12/2020 04:00:00 PM,0,0,0
11/12/2020 05:00:00 PM,0,0,0
11/12/2020 06:00:00 PM,0,0,0
11/12/2020 07:00:00 PM,0,0,0
11/12/2020 08:00:00 PM,0,0,0
11/12/2020 09:00:00 PM,0,0,0
11/12/2020 10:00:00 PM,0,0,0
11/12/2020 11:00:00 PM,0,0,0
11/13/2020 12:00:00 AM,0,0,0
11/13/2020 01:00:00 AM,0,0,0
11/13/2020 02:00:00 AM,0,0,0
11/13/2020 03:00:00 AM,0,0,0
11/13/2020 04:00:00 AM,0,0,0
11/13/2020 05:00:00 AM,0,0,0
11/13/2020 06:00:00 AM,0,0,0
11/13/2020 07:00:00 AM,0,0,0
11/13/2020 08:00:00 AM,0,0,0
11/13/2020 09:00:00 AM,0,0,0
11/13/2020 10:00:00 AM,0,0,0
11/13/2020 11:00:00 AM,0,0,0
11/13/2020 12:00:00 PM,0,0,0
11/13/2020 01:00:00 PM,0,0,0
11/13/2020 02:00:00 PM,0,0,0
11/13/2020 03:00:00 PM,0,0,0
11/13/2020 04:00:00 PM,0,0,0
11/13/2020 05:00:00 PM,0,0,0
11/13/2020 06:00:00 PM,0,0,0
11/13/2020 07:00:00 PM,0,0,0
11/13/2020 08:00:00 PM,0,0,0
11/13/2020 09:00:00 PM,0,0,0
11/13/2020 10:00:00 PM,0,0,0
11/13/2020 11:00:00 PM,0,0,0
11/14/2020 12:00:00 AM,0,0,0
11/14/2020 01:00:00 AM,0,0,0
11/14/2020 02:00:00 AM,0,0,0
11/14/2020 03:00:00 AM,0,0,0
11/14/2020 04:00:00 AM,0,0,0
11/14/2020 05:00:00 AM,0,0,0
11/14/2020 06:00:00 AM,0,0,0
11/14/2020 07:00:00 AM,0,0,0
11/14/2020 08:00:00 AM,0,0,0
11/14/2020 09:00:00 AM,0,0,0
11/14/2020 10:00:00 AM,0,0,0
11/14/2020 11:00:00 AM,0,0,0
11/14/2020 12:00:00 PM,0,0,0
11/14/2020 01:00:00 PM,0,0,0
11/14/2020 02:00:00 PM,0,0,0
11/14/2020 03:00:00 PM,0,0,0
11/14/2020 04:00:00 PM,0,0,0
11/14/2020 05:00:00 PM,0,0,0
11/14/2020 06:00:00 PM,0,0,0
11/14/2020 07:00:00 PM,0,0,0
11/14/2020 08:00:00 PM,0,0,0
11/14/2020 09:00:00 PM,0,0,0
11/14/2020 10:00:00 PM,0,0,0
11/14/2020 11:00:00 PM,0,0,0
11/15/2020 12:00:00 AM,0,0,0
11/15/2020 01:00:00 AM,0,0,0
11/15/2020 02:00:00 AM,0,0,0
11/15/2020 03:00:00 AM,0,0,0
11/15/2020 04:00:00 AM,0,0,0
11/15/2020 05:00:00 AM,0,0,0
11/15/2020 06:00:00 AM,0,0,0
11/15/2020 07:00:00 AM,0,0,0
11/15/2020 08:00:00 AM,0,0,0
11/15/2020 09:00:00 AM,0,0,0
11/15/2020 10:00:00 AM,0,0,0
11/15/2020 11:00:00 AM,0,0,0
11/15/2020 12:00:00 PM,0,0,0
11/15/2020 01:00:00 PM,0,0,0
11/15/2020 02:00:00 PM,0,0,0
11/15/2020 03:00:00 PM,0,0,0
11/15/2020 04:00:00 PM,0,0,0
11/15/2020 05:00:00 PM,0,0,0
11/15/2020 06:00:00 PM,0,0,0
11/15/2020 07:00:00 PM,0,0,0
11/15/2020 08:00:00 PM,0,0,0
11/15/2020 09:00:00 PM,0,0,0
11/15/2020 10:00:00 PM,0,0,0
11/15/2020 11:00:00 PM,0,0,0
11/16/2020 12:00:00 AM,0,0,0
11/16/2020 01:00:00 AM,0,0,0
11/16/2020 02:00:00 AM,0,0,0
11/16/2020 03:00:00 AM,0,0,0
11/16/2020 04:00:00 AM,0,0,0
11/16/2020 05:00:00 AM,0,0,0
11/16/2020 06:00:00 AM,0,0,0
11/16/2020 07:00:00 AM,0,0,0
11/16/2020 08:00:00 AM,0,0,0
11/16/2020 09:00:00 AM,0,0,0
11/16/2020 10:00:00 AM,0,0,0
11/16/2020 11:00:00 AM,0,0,0
11/16/2020 12:00:00 PM,0,0,0
11/16/2020 01:00:00 PM,0,0,0
11/16/2020 02:00:00 PM,0,0,0
11/16/2020 03:00:00 PM,0,0,0
11/16/2020 04:00:00 PM,0,0,0
11/16/2020 05:00:00 PM,0,0,0
11/16/2020 06:00:00 PM,0,0,0
11/16/2020 07:00:00 PM,0,0,0
11/16/2020 08:00:00 PM,0,0,0
11/16/2020 09:00:00 PM,0,0,0
11/16/2020 10:00:00 PM,0,0,0
11/16/2020 11:00:00 PM,0,0,0
11/17/2020 12:00:00 AM,0,0,0
11/17/2020 01:00:00 AM,0,0,0
11/17/2020 02:00:00 AM,0,0,0
11/17/2020 03:00:00 AM,0,0,0
11/17/2020 04:00:00 AM,0,0,0
11/17/2020 05:00:00 AM,0,0,0
11/17/2020 06:00:00 AM,0,0,0
11/17/2020 07:00:00 AM,0,0,0
11/17/2020 08:00:00 AM,0,0,0
11/17/2020 09:00:00 AM,0,0,0
11/17/2020 10:00:00 AM,0,0,0
11/17/2020 11:00:00 AM,0,0,0
11/17/2020 12:00:00 PM,0,0,0
11/17/2020 01:00:00 PM,0,0,0
11/17/2020 02:00:00 PM,0,0,0
11/17/2020 03:00:00 PM,0,0,0
11/17/2020 04:00:00 PM,0,0,0
11/17/2020 05:00:00 PM,0,0,0
11/17/2020 06:00:00 PM,0,0,0
11/17/2020 07:00:00 PM,0,0,0
11/17/2020 08:00:00 PM,0,0,0
11/17/2020 09:00:00 PM,0,0,0
11/17/2020 10:00:00 PM,0,0,0
11/17/2020 11:00:00 PM,0,0,0
11/18/2020 12:00:00 AM,0,0,0
11/18/2020 01:00:00 AM,0,0,0
11/18/2020 02:00:00 AM,0,0,0
11/18/2020 03:00:00 AM,0,0,0
11/18/2020 04:00:00 AM,0,0,0
11/18/2020 05:00:00 AM,0,0,0
11/18/2020 06:00:00 AM,0,0,0
11/18/2020 07:00:00 AM,0,0,0
11/18/2020 08:00:00 AM,0,0,0
11/18/2020 09:00:00 AM,0,0,0
11/18/2020 10:00:00 AM,0,0,0
11/18/2020 11:00:00 AM,0,0,0
11/18/2020 12:00:00 PM,0,0,0
11/18/2020 01:00:00 PM,0,0,0
11/18/2020 02:00:00 PM,0,0,0
11/18/2020 03:00:00 PM,8,7,1
11/18/2020 04:00:00 PM,50,37,13
11/18/2020 05:00:00 PM,61,44,17
11/18/2020 06:00:00 PM,35,25,10
11/18/2020 07:00:00 PM,21,18,3
11/18/2020 08:00:00 PM,11,7,4
11/18/2020 09:00:00 PM,10,5,5
11/18/2020 10:00:00 PM,5,1,4
11/18/2020 11:00:00 PM,3,2,1
11/19/2020 12:00:00 AM,0,0,0
11/19/2020 01:00:00 AM,0,0,0
11/19/2020 02:00:00 AM,0,0,0
11/19/2020 03:00:00 AM,1,0,1
11/19/2020 04:00:00 AM,9,4,5
11/19/2020 05:00:00 AM,10,6,4
11/19/2020 06:00:00 AM,25,12,13
11/19/2020 07:00:00 AM,67,18,49
11/19/2020 08:00:00 AM,64,16,48
11/19/2020 09:00:00 AM,47,8,39
11/19/2020 10:00:00 AM,39,18,21
11/19/2020 11:00:00 AM,30,11,19
11/19/2020 12:00:00 PM,50,26,24
11/19/2020 01:00:00 PM,36,17,19
11/19/2020 02:00:00 PM,43,24,19
11/19/2020 03:00:00 PM,75,44,31
11/19/2020 04:00:00 PM,96,64,32
11/19/2020 05:00:00 PM,70,53,17
11/19/2020 06:00:00 PM,38,23,15
11/19/2020 07:00:00 PM,24,19,5
11/19/2020 08:00:00 PM,30,19,11
11/19/2020 09:00:00 PM,13,9,4
11/19/2020 10:00:00 PM,9,4,5
11/19/2020 11:00:00 PM,7,3,4
11/20/2020 12:00:00 AM,2,2,0
11/20/2020 01:00:00 AM,1,0,1
11/20/2020 02:00:00 AM,0,0,0
11/20/2020 03:00:00 AM,1,0,1
11/20/2020 04:00:00 AM,6,3,3
11/20/2020 05:00:00 AM,12,5,7
11/20/2020 06:00:00 AM,27,10,17
11/20/2020 07:00:00 AM,42,18,24
11/20/2020 08:00:00 AM,50,10,40
11/20/2020 09:00:00 AM,37,7,30
11/20/2020 10:00:00 AM,22,6,16
11/20/2020 11:00:00 AM,20,11,9
11/20/2020 12:00:00 PM,26,11,15
11/20/2020 01:00:00 PM,23,14,9
11/20/2020 02:00:00 PM,39,25,14
11/20/2020 03:00:00 PM,66,38,28
11/20/2020 04:00:00 PM,59,31,28
11/20/2020 05:00:00 PM,83,54,29
11/20/2020 06:00:00 PM,37,24,13
11/20/2020 07:00:00 PM,20,14,6
11/20/2020 08:00:00 PM,19,13,6
11/20/2020 09:00:00 PM,17,9,8
11/20/2020 10:00:00 PM,7,4,3
11/20/2020 11:00:00 PM,6,3,3
11/21/2020 12:00:00 AM,6,4,2
11/21/2020 01:00:00 AM,3,1,2
11/21/2020 02:00:00 AM,4,2,2
11/21/2020 03:00:00 AM,1,0,1
11/21/2020 04:00:00 AM,5,3,2
11/21/2020 05:00:00 AM,5,1,4
11/21/2020 06:00:00 AM,6,2,4
11/21/2020 07:00:00 AM,9,5,4
11/21/2020 08:00:00 AM,23,10,13
11/21/2020 09:00:00 AM,35,12,23
11/21/2020 10:00:00 AM,74,45,29
11/21/2020 11:00:00 AM,123,78,45
11/21/2020 12:00:00 PM,125,67,58
11/21/2020 01:00:00 PM,192,97,95
11/21/2020 02:00:00 PM,185,99,86
11/21/2020 03:00:00 PM,170,105,65
11/21/2020 04:00:00 PM,142,58,84
11/21/2020 05:00:00 PM,50,23,27
11/21/2020 06:00:00 PM,26,14,12
11/21/2020 07:00:00 PM,11,5,6
11/21/2020 08:00:00 PM,9,5,4
11/21/2020 09:00:00 PM,8,7,1
11/21/2020 10:00:00 PM,5,3,2
11/21/2020 11:00:00 PM,9,3,6
11/22/2020 12:00:00 AM,3,0,3
11/22/2020 01:00:00 AM,2,1,1
11/22/2020 02:00:00 AM,2,0,2
11/22/2020 03:00:00 AM,1,1,0
11/22/2020 04:00:00 AM,0,0,0
11/22/2020 05:00:00 AM,5,1,4
11/22/2020 06:00:00 AM,3,0,3
11/22/2020 07:00:00 AM,8,4,4
11/22/2020 08:00:00 AM,18,11,7
11/22/2020 09:00:00 AM,44,23,21
11/22/2020 10:00:00 AM,53,23,30
11/22/2020 11:00:00 AM,66,36,30
11/22/2020 12:00:00 PM,55,21,34
11/22/2020 01:00:00 PM,54,29,25
11/22/2020 02:00:00 PM,49,30,19
11/22/2020 03:00:00 PM,27,10,17
11/22/2020 04:00:00 PM,25,10,15
11/22/2020 05:00:00 PM,12,8,4
11/22/2020 06:00:00 PM,9,5,4
11/22/2020 07:00:00 PM,5,3,2
11/22/2020 08:00:00 PM,5,4,1
11/22/2020 09:00:00 PM,4,2,2
11/22/2020 10:00:00 PM,2,2,0
11/22/2020 11:00:00 PM,4,4,0
11/23/2020 12:00:00 AM,0,0,0
11/23/2020 01:00:00 AM,0,0,0
11/23/2020 02:00:00 AM,0,0,0
11/23/2020 03:00:00 AM,1,0,1
11/23/2020 04:00:00 AM,1,1,0
11/23/2020 05:00:00 AM,7,0,7
11/23/2020 06:00:00 AM,21,14,7
11/23/2020 07:00:00 AM,44,7,37
11/23/2020 08:00:00 AM,56,10,46
11/23/2020 09:00:00 AM,30,3,27
11/23/2020 10:00:00 AM,18,4,14
11/23/2020 11:00:00 AM,14,5,9
11/23/2020 12:00:00 PM,23,12,11
11/23/2020 01:00:00 PM,27,15,12
11/23/2020 02:00:00 PM,50,29,21
11/23/2020 03:00:00 PM,64,30,34
11/23/2020 04:00:00 PM,64,43,21
11/23/2020 05:00:00 PM,74,58,16
11/23/2020 06:00:00 PM,43,28,15
11/23/2020 07:00:00 PM,28,22,6
11/23/2020 08:00:00 PM,8,7,1
11/23/2020 09:00:00 PM,9,5,4
11/23/2020 10:00:00 PM,8,6,2
11/23/2020 11:00:00 PM,2,1,1
11/24/2020 12:00:00 AM,0,0,0
11/24/2020 01:00:00 AM,1,1,0
11/24/2020 02:00:00 AM,0,0,0
11/24/2020 03:00:00 AM,1,0,1
11/24/2020 04:00:00 AM,1,0,1
11/24/2020 05:00:00 AM,8,3,5
11/24/2020 06:00:00 AM,21,11,10
11/24/2020 07:00:00 AM,43,11,32
11/24/2020 08:00:00 AM,54,12,42
11/24/2020 09:00:00 AM,29,5,24
11/24/2020 10:00:00 AM,29,12,17
11/24/2020 11:00:00 AM,20,11,9
11/24/2020 12:00:00 PM,19,10,9
11/24/2020 01:00:00 PM,22,11,11
11/24/2020 02:00:00 PM,23,11,12
11/24/2020 03:00:00 PM,37,24,13
11/24/2020 04:00:00 PM,40,30,10
11/24/2020 05:00:00 PM,53,44,9
11/24/2020 06:00:00 PM,25,19,6
11/24/2020 07:00:00 PM,16,13,3
11/24/2020 08:00:00 PM,9,8,1
11/24/2020 09:00:00 PM,8,4,4
11/24/2020 10:00:00 PM,1,0,1
11/24/2020 11:00:00 PM,5,3,2
11/25/2020 12:00:00 AM,3,1,2
11/25/2020 01:00:00 AM,1,1,0
11/25/2020 02:00:00 AM,0,0,0
11/25/2020 03:00:00 AM,0,0,0
11/25/2020 04:00:00 AM,4,2,2
11/25/2020 05:00:00 AM,4,1,3
11/25/2020 06:00:00 AM,18,9,9
11/25/2020 07:00:00 AM,42,10,32
11/25/2020 08:00:00 AM,58,10,48
11/25/2020 09:00:00 AM,48,15,33
11/25/2020 10:00:00 AM,42,19,23
11/25/2020 11:00:00 AM,42,21,21
11/25/2020 12:00:00 PM,60,35,25
11/25/2020 01:00:00 PM,56,36,20
11/25/2020 02:00:00 PM,92,54,38
11/25/2020 03:00:00 PM,103,57,46
11/25/2020 04:00:00 PM,99,56,43
11/25/2020 05:00:00 PM,56,37,19
11/25/2020 06:00:00 PM,28,13,15
11/25/2020 07:00:00 PM,22,16,6
11/25/2020 08:00:00 PM,16,14,2
11/25/2020 09:00:00 PM,9,6,3
11/25/2020 10:00:00 PM,6,2,4
11/25/2020 11:00:00 PM,5,3,2
11/26/2020 12:00:00 AM,1,0,1
11/26/2020 01:00:00 AM,0,0,0
11/26/2020 02:00:00 AM,3,3,0
11/26/2020 03:00:00 AM,0,0,0
11/26/2020 04:00:00 AM,1,1,0
11/26/2020 05:00:00 AM,3,1,2
11/26/2020 06:00:00 AM,3,2,1
11/26/2020 07:00:00 AM,7,3,4
11/26/2020 08:00:00 AM,23,12,11
11/26/2020 09:00:00 AM,28,14,14
11/26/2020 10:00:00 AM,29,21,8
11/26/2020 11:00:00 AM,28,12,16
11/26/2020 12:00:00 PM,43,27,16
11/26/2020 01:00:00 PM,35,14,21
11/26/2020 02:00:00 PM,56,35,21
11/26/2020 03:00:00 PM,35,15,20
11/26/2020 04:00:00 PM,22,10,12
11/26/2020 05:00:00 PM,3,2,1
11/26/2020 06:00:00 PM,13,4,9
11/26/2020 07:00:00 PM,7,4,3
11/26/2020 08:00:00 PM,2,1,1
11/26/2020 09:00:00 PM,5,5,0
11/26/2020 10:00:00 PM,2,0,2
11/26/2020 11:00:00 PM,2,1,1
11/27/2020 12:00:00 AM,1,1,0
11/27/2020 01:00:00 AM,2,2,0
11/27/2020 02:00:00 AM,0,0,0
11/27/2020 03:00:00 AM,0,0,0
11/27/2020 04:00:00 AM,1,1,0
11/27/2020 05:00:00 AM,5,1,4
11/27/2020 06:00:00 AM,9,2,7
11/27/2020 07:00:00 AM,20,10,10
11/27/2020 08:00:00 AM,27,14,13
11/27/2020 09:00:00 AM,46,21,25
11/27/2020 10:00:00 AM,68,30,38
11/27/2020 11:00:00 AM,64,36,28
11/27/2020 12:00:00 PM,103,49,54
11/27/2020 01:00:00 PM,180,83,97
11/27/2020 02:00:00 PM,130,78,52
11/27/2020 03:00:00 PM,141,78,63
11/27/2020 04:00:00 PM,91,45,46
11/27/2020 05:00:00 PM,33,16,17
11/27/2020 06:00:00 PM,21,13,8
11/27/2020 07:00:00 PM,23,13,10
11/27/2020 08:00:00 PM,7,3,4
11/27/2020 09:00:00 PM,4,4,0
11/27/2020 10:00:00 PM,3,1,2
11/27/2020 11:00:00 PM,1,1,0
11/28/2020 12:00:00 AM,3,2,1
11/28/2020 01:00:00 AM,1,1,0
11/28/2020 02:00:00 AM,0,0,0
11/28/2020 03:00:00 AM,0,0,0
11/28/2020 04:00:00 AM,0,0,0
11/28/2020 05:00:00 AM,4,1,3
11/28/2020 06:00:00 AM,2,2,0
11/28/2020 07:00:00 AM,10,6,4
11/28/2020 08:00:00 AM,20,12,8
11/28/2020 09:00:00 AM,20,8,12
11/28/2020 10:00:00 AM,23,10,13
11/28/2020 11:00:00 AM,28,17,11
11/28/2020 12:00:00 PM,49,24,25
11/28/2020 01:00:00 PM,34,18,16
11/28/2020 02:00:00 PM,65,38,27
11/28/2020 03:00:00 PM,71,38,33
11/28/2020 04:00:00 PM,48,26,22
11/28/2020 05:00:00 PM,32,16,16
11/28/2020 06:00:00 PM,11,1,10
11/28/2020 07:00:00 PM,9,4,5
11/28/2020 08:00:00 PM,9,4,5
11/28/2020 09:00:00 PM,12,6,6
11/28/2020 10:00:00 PM,7,3,4
11/28/2020 11:00:00 PM,1,0,1
11/29/2020 12:00:00 AM,1,1,0
11/29/2020 01:00:00 AM,0,0,0
11/29/2020 02:00:00 AM,1,1,0
11/29/2020 03:00:00 AM,0,0,0
11/29/2020 04:00:00 AM,0,0,0
11/29/2020 05:00:00 AM,5,1,4
11/29/2020 06:00:00 AM,1,0,1
11/29/2020 07:00:00 AM,8,7,1
11/29/2020 08:00:00 AM,16,5,11
11/29/2020 09:00:00 AM,29,12,17
11/29/2020 10:00:00 AM,38,20,18
11/29/2020 11:00:00 AM,46,22,24
11/29/2020 12:00:00 PM,117,60,57
11/29/2020 01:00:00 PM,106,59,47
11/29/2020 02:00:00 PM,168,106,62
11/29/2020 03:00:00 PM,179,79,100
11/29/2020 04:00:00 PM,96,44,52
11/29/2020 05:00:00 PM,38,16,22
11/29/2020 06:00:00 PM,17,9,8
11/29/2020 07:00:00 PM,10,8,2
11/29/2020 08:00:00 PM,5,2,3
11/29/2020 09:00:00 PM,5,3,2
11/29/2020 10:00:00 PM,4,2,2
11/29/2020 11:00:00 PM,3,2,1
11/30/2020 12:00:00 AM,3,1,2
11/30/2020 01:00:00 AM,0,0,0
11/30/2020 02:00:00 AM,0,0,0
11/30/2020 03:00:00 AM,0,0,0
11/30/2020 04:00:00 AM,0,0,0
11/30/2020 05:00:00 AM,7,3,4
11/30/2020 06:00:00 AM,10,5,5
11/30/2020 07:00:00 AM,38,7,31
11/30/2020 08:00:00 AM,51,9,42
11/30/2020 09:00:00 AM,39,10,29
11/30/2020 10:00:00 AM,31,9,22
11/30/2020 11:00:00 AM,32,13,19
11/30/2020 12:00:00 PM,40,23,17
11/30/2020 01:00:00 PM,55,22,33
11/30/2020 02:00:00 PM,67,34,33
11/30/2020 03:00:00 PM,88,52,36
11/30/2020 04:00:00 PM,78,55,23
11/30/2020 05:00:00 PM,61,40,21
11/30/2020 06:00:00 PM,42,32,10
11/30/2020 07:00:00 PM,27,19,8
11/30/2020 08:00:00 PM,14,8,6
11/30/2020 09:00:00 PM,3,3,0
11/30/2020 10:00:00 PM,7,5,2
11/30/2020 11:00:00 PM,4,3,1
12/01/2020 12:00:00 AM,0,0,0
12/01/2020 01:00:00 AM,0,0,0
12/01/2020 02:00:00 AM,1,1,0
12/01/2020 03:00:00 AM,1,0,1
12/01/2020 04:00:00 AM,0,0,0
12/01/2020 05:00:00 AM,15,6,9
12/01/2020 06:00:00 AM,22,9,13
12/01/2020 07:00:00 AM,74,19,55
12/01/2020 08:00:00 AM,70,13,57
12/01/2020 09:00:00 AM,55,12,43
12/01/2020 10:00:00 AM,33,7,26
12/01/2020 11:00:00 AM,43,18,25
12/01/2020 12:00:00 PM,50,32,18
12/01/2020 01:00:00 PM,54,24,30
12/01/2020 02:00:00 PM,73,35,38
12/01/2020 03:00:00 PM,83,53,30
12/01/2020 04:00:00 PM,116,79,37
12/01/2020 05:00:00 PM,88,63,25
12/01/2020 06:00:00 PM,56,32,24
12/01/2020 07:00:00 PM,31,23,8
12/01/2020 08:00:00 PM,17,14,3
12/01/2020 09:00:00 PM,12,4,8
12/01/2020 10:00:00 PM,11,5,6
12/01/2020 11:00:00 PM,6,3,3
12/02/2020 12:00:00 AM,2,2,0
12/02/2020 01:00:00 AM,0,0,0
12/02/2020 02:00:00 AM,0,0,0
12/02/2020 03:00:00 AM,1,0,1
12/02/2020 04:00:00 AM,1,1,0
12/02/2020 05:00:00 AM,10,6,4
12/02/2020 06:00:00 AM,29,12,17
12/02/2020 07:00:00 AM,61,15,46
12/02/2020 08:00:00 AM,62,16,46
12/02/2020 09:00:00 AM,41,9,32
12/02/2020 10:00:00 AM,54,15,39
12/02/2020 11:00:00 AM,32,13,19
12/02/2020 12:00:00 PM,61,35,26
12/02/2020 01:00:00 PM,64,30,34
12/02/2020 02:00:00 PM,90,54,36
12/02/2020 03:00:00 PM,119,80,39
12/02/2020 04:00:00 PM,95,62,33
12/02/2020 05:00:00 PM,86,53,33
12/02/2020 06:00:00 PM,55,38,17
12/02/2020 07:00:00 PM,14,11,3
12/02/2020 08:00:00 PM,14,11,3
12/02/2020 09:00:00 PM,8,7,1
12/02/2020 10:00:00 PM,8,3,5
12/02/2020 11:00:00 PM,2,0,2
12/03/2020 12:00:00 AM,3,2,1
12/03/2020 01:00:00 AM,0,0,0
12/03/2020 02:00:00 AM,0,0,0
12/03/2020 03:00:00 AM,1,0,1
12/03/2020 04:00:00 AM,4,2,2
12/03/2020 05:00:00 AM,18,8,10
12/03/2020 06:00:00 AM,25,6,19
12/03/2020 07:00:00 AM,50,18,32
12/03/2020 08:00:00 AM,72,15,57
12/03/2020 09:00:00 AM,45,10,35
12/03/2020 10:00:00 AM,40,10,30
12/03/2020 11:00:00 AM,36,19,17
12/03/2020 12:00:00 PM,52,28,24
12/03/2020 01:00:00 PM,33,15,18
12/03/2020 02:00:00 PM,51,32,19
12/03/2020 03:00:00 PM,64,40,24
12/03/2020 04:00:00 PM,88,66,22
12/03/2020 05:00:00 PM,84,52,32
12/03/2020 06:00:00 PM,41,34,7
12/03/2020 07:00:00 PM,27,21,6
12/03/2020 08:00:00 PM,16,9,7
12/03/2020 09:00:00 PM,17,9,8
12/03/2020 10:00:00 PM,6,2,4
12/03/2020 11:00:00 PM,4,2,2
12/04/2020 12:00:00 AM,2,1,1
12/04/2020 01:00:00 AM,3,2,1
12/04/2020 02:00:00 AM,0,0,0
12/04/2020 03:00:00 AM,1,0,1
12/04/2020 04:00:00 AM,4,2,2
12/04/2020 05:00:00 AM,12,6,6
12/04/2020 06:00:00 AM,20,5,15
12/04/2020 07:00:00 AM,49,15,34
12/04/2020 08:00:00 AM,63,15,48
12/04/2020 09:00:00 AM,52,10,42
12/04/2020 10:00:00 AM,46,15,31
12/04/2020 11:00:00 AM,51,26,25
12/04/2020 12:00:00 PM,66,27,39
12/04/2020 01:00:00 PM,75,48,27
12/04/2020 02:00:00 PM,81,48,33
12/04/2020 03:00:00 PM,131,79,52
12/04/2020 04:00:00 PM,104,72,32
12/04/2020 05:00:00 PM,93,57,36
12/04/2020 06:00:00 PM,43,26,17
12/04/2020 07:00:00 PM,40,22,18
12/04/2020 08:00:00 PM,21,13,8
12/04/2020 09:00:00 PM,9,3,6
12/04/2020 10:00:00 PM,8,3,5
12/04/2020 11:00:00 PM,7,5,2
12/05/2020 12:00:00 AM,1,1,0
12/05/2020 01:00:00 AM,1,1,0
12/05/2020 02:00:00 AM,0,0,0
12/05/2020 03:00:00 AM,0,0,0
12/05/2020 04:00:00 AM,6,2,4
12/05/2020 05:00:00 AM,6,2,4
12/05/2020 06:00:00 AM,4,2,2
12/05/2020 07:00:00 AM,11,3,8
12/05/2020 08:00:00 AM,17,4,13
12/05/2020 09:00:00 AM,38,22,16
12/05/2020 10:00:00 AM,70,35,35
12/05/2020 11:00:00 AM,116,66,50
12/05/2020 12:00:00 PM,148,81,67
12/05/2020 01:00:00 PM,179,104,75
12/05/2020 02:00:00 PM,203,102,101
12/05/2020 03:00:00 PM,204,102,102
12/05/2020 04:00:00 PM,126,34,92
12/05/2020 05:00:00 PM,43,24,19
12/05/2020 06:00:00 PM,17,9,8
12/05/2020 07:00:00 PM,16,5,11
12/05/2020 08:00:00 PM,6,5,1
12/05/2020 09:00:00 PM,6,3,3
12/05/2020 10:00:00 PM,2,1,1
12/05/2020 11:00:00 PM,2,2,0
12/06/2020 12:00:00 AM,4,3,1
12/06/2020 01:00:00 AM,0,0,0
12/06/2020 02:00:00 AM,1,1,0
12/06/2020 03:00:00 AM,2,1,1
12/06/2020 04:00:00 AM,1,0,1
12/06/2020 05:00:00 AM,6,1,5
12/06/2020 06:00:00 AM,4,2,2
12/06/2020 07:00:00 AM,7,4,3
12/06/2020 08:00:00 AM,11,4,7
12/06/2020 09:00:00 AM,37,16,21
12/06/2020 10:00:00 AM,46,21,25
12/06/2020 11:00:00 AM,63,36,27
12/06/2020 12:00:00 PM,103,60,43
12/06/2020 01:00:00 PM,87,47,40
12/06/2020 02:00:00 PM,111,62,49
12/06/2020 03:00:00 PM,97,46,51
12/06/2020 04:00:00 PM,68,24,44
12/06/2020 05:00:00 PM,34,16,18
12/06/2020 06:00:00 PM,17,11,6
12/06/2020 07:00:00 PM,12,8,4
12/06/2020 08:00:00 PM,15,6,9
12/06/2020 09:00:00 PM,5,3,2
12/06/2020 10:00:00 PM,9,1,8
12/06/2020 11:00:00 PM,5,3,2
12/07/2020 12:00:00 AM,1,0,1
12/07/2020 01:00:00 AM,1,0,1
12/07/2020 02:00:00 AM,0,0,0
12/07/2020 03:00:00 AM,2,1,1
12/07/2020 04:00:00 AM,6,4,2
12/07/2020 05:00:00 AM,11,5,6
12/07/2020 06:00:00 AM,29,10,19
12/07/2020 07:00:00 AM,51,14,37
12/07/2020 08:00:00 AM,66,15,51
12/07/2020 09:00:00 AM,47,7,40
12/07/2020 10:00:00 AM,32,12,20
12/07/2020 11:00:00 AM,29,13,16
12/07/2020 12:00:00 PM,35,19,16
12/07/2020 01:00:00 PM,51,25,26
12/07/2020 02:00:00 PM,69,40,29
12/07/2020 03:00:00 PM,78,49,29
12/07/2020 04:00:00 PM,87,55,32
12/07/2020 05:00:00 PM,84,57,27
12/07/2020 06:00:00 PM,53,34,19
12/07/2020 07:00:00 PM,22,13,9
12/07/2020 08:00:00 PM,17,10,7
12/07/2020 09:00:00 PM,14,9,5
12/07/2020 10:00:00 PM,10,3,7
12/07/2020 11:00:00 PM,5,4,1
12/08/2020 12:00:00 AM,1,0,1
12/08/2020 01:00:00 AM,0,0,0
12/08/2020 02:00:00 AM,0,0,0
12/08/2020 03:00:00 AM,1,0,1
12/08/2020 04:00:00 AM,4,2,2
12/08/2020 05:00:00 AM,10,4,6
12/08/2020 06:00:00 AM,23,7,16
12/08/2020 07:00:00 AM,53,11,42
12/08/2020 08:00:00 AM,51,13,38
12/08/2020 09:00:00 AM,39,7,32
12/08/2020 10:00:00 AM,23,8,15
12/08/2020 11:00:00 AM,22,10,12
12/08/2020 12:00:00 PM,17,10,7
12/08/2020 01:00:00 PM,11,5,6
12/08/2020 02:00:00 PM,25,16,9
12/08/2020 03:00:00 PM,22,19,3
12/08/2020 04:00:00 PM,46,33,13
12/08/2020 05:00:00 PM,67,52,15
12/08/2020 06:00:00 PM,29,26,3
12/08/2020 07:00:00 PM,11,10,1
12/08/2020 08:00:00 PM,7,6,1
12/08/2020 09:00:00 PM,6,4,2
12/08/2020 10:00:00 PM,4,3,1
12/08/2020 11:00:00 PM,8,3,5
12/09/2020 12:00:00 AM,0,0,0
12/09/2020 01:00:00 AM,2,2,0
12/09/2020 02:00:00 AM,0,0,0
12/09/2020 03:00:00 AM,1,0,1
12/09/2020 04:00:00 AM,2,1,1
12/09/2020 05:00:00 AM,13,6,7
12/09/2020 06:00:00 AM,29,8,21
12/09/2020 07:00:00 AM,53,14,39
12/09/2020 08:00:00 AM,45,10,35
12/09/2020 09:00:00 AM,33,8,25
12/09/2020 10:00:00 AM,27,9,18
12/09/2020 11:00:00 AM,28,8,20
12/09/2020 12:00:00 PM,31,17,14
12/09/2020 01:00:00 PM,37,23,14
12/09/2020 02:00:00 PM,68,43,25
12/09/2020 03:00:00 PM,73,47,26
12/09/2020 04:00:00 PM,94,60,34
12/09/2020 05:00:00 PM,69,55,14
12/09/2020 06:00:00 PM,43,27,16
12/09/2020 07:00:00 PM,23,17,6
12/09/2020 08:00:00 PM,17,10,7
12/09/2020 09:00:00 PM,6,4,2
12/09/2020 10:00:00 PM,11,5,6
12/09/2020 11:00:00 PM,6,4,2
12/10/2020 12:00:00 AM,0,0,0
12/10/2020 01:00:00 AM,2,1,1
12/10/2020 02:00:00 AM,1,0,1
12/10/2020 03:00:00 AM,1,0,1
12/10/2020 04:00:00 AM,4,2,2
12/10/2020 05:00:00 AM,13,7,6
12/10/2020 06:00:00 AM,28,6,22
12/10/2020 07:00:00 AM,55,13,42
12/10/2020 08:00:00 AM,54,14,40
12/10/2020 09:00:00 AM,37,9,28
12/10/2020 10:00:00 AM,30,10,20
12/10/2020 11:00:00 AM,25,10,15
12/10/2020 12:00:00 PM,37,17,20
12/10/2020 01:00:00 PM,48,26,22
12/10/2020 02:00:00 PM,54,30,24
12/10/2020 03:00:00 PM,73,42,31
12/10/2020 04:00:00 PM,81,58,23
12/10/2020 05:00:00 PM,66,46,20
12/10/2020 06:00:00 PM,47,26,21
12/10/2020 07:00:00 PM,29,24,5
12/10/2020 08:00:00 PM,13,11,2
12/10/2020 09:00:00 PM,13,5,8
12/10/2020 10:00:00 PM,2,0,2
12/10/2020 11:00:00 PM,3,3,0
12/11/2020 12:00:00 AM,5,5,0
12/11/2020 01:00:00 AM,0,0,0
12/11/2020 02:00:00 AM,0,0,0
12/11/2020 03:00:00 AM,1,0,1
12/11/2020 04:00:00 AM,3,1,2
12/11/2020 05:00:00 AM,13,7,6
12/11/2020 06:00:00 AM,22,4,18
12/11/2020 07:00:00 AM,43,11,32
12/11/2020 08:00:00 AM,60,12,48
12/11/2020 09:00:00 AM,40,8,32
12/11/2020 10:00:00 AM,24,8,16
12/11/2020 11:00:00 AM,25,8,17
12/11/2020 12:00:00 PM,37,21,16
12/11/2020 01:00:00 PM,57,24,33
12/11/2020 02:00:00 PM,62,40,22
12/11/2020 03:00:00 PM,87,53,34
12/11/2020 04:00:00 PM,87,65,22
12/11/2020 05:00:00 PM,74,51,23
12/11/2020 06:00:00 PM,42,22,20
12/11/2020 07:00:00 PM,29,24,5
12/11/2020 08:00:00 PM,11,8,3
12/11/2020 09:00:00 PM,7,6,1
12/11/2020 10:00:00 PM,5,0,5
12/11/2020 11:00:00 PM,7,4,3
12/12/2020 12:00:00 AM,4,2,2
12/12/2020 01:00:00 AM,3,3,0
12/12/2020 02:00:00 AM,1,0,1
12/12/2020 03:00:00 AM,1,1,0
12/12/2020 04:00:00 AM,0,0,0
12/12/2020 05:00:00 AM,5,1,4
12/12/2020 06:00:00 AM,5,3,2
12/12/2020 07:00:00 AM,13,6,7
12/12/2020 08:00:00 AM,7,2,5
12/12/2020 09:00:00 AM,23,16,7
12/12/2020 10:00:00 AM,45,23,22
12/12/2020 11:00:00 AM,45,17,28
12/12/2020 12:00:00 PM,79,48,31
12/12/2020 01:00:00 PM,117,67,50
12/12/2020 02:00:00 PM,143,74,69
12/12/2020 03:00:00 PM,149,87,62
12/12/2020 04:00:00 PM,104,38,66
12/12/2020 05:00:00 PM,46,25,21
12/12/2020 06:00:00 PM,18,8,10
12/12/2020 07:00:00 PM,10,8,2
12/12/2020 08:00:00 PM,10,4,6
12/12/2020 09:00:00 PM,4,1,3
12/12/2020 10:00:00 PM,5,2,3
12/12/2020 11:00:00 PM,8,5,3
12/13/2020 12:00:00 AM,2,2,0
12/13/2020 01:00:00 AM,3,2,1
12/13/2020 02:00:00 AM,0,0,0
12/13/2020 03:00:00 AM,0,0,0
12/13/2020 04:00:00 AM,0,0,0
12/13/2020 05:00:00 AM,7,2,5
12/13/2020 06:00:00 AM,2,1,1
12/13/2020 07:00:00 AM,5,4,1
12/13/2020 08:00:00 AM,7,3,4
12/13/2020 09:00:00 AM,22,12,10
12/13/2020 10:00:00 AM,14,7,7
12/13/2020 11:00:00 AM,10,5,5
12/13/2020 12:00:00 PM,22,5,17
12/13/2020 01:00:00 PM,15,11,4
12/13/2020 02:00:00 PM,47,26,21
12/13/2020 03:00:00 PM,45,23,22
12/13/2020 04:00:00 PM,42,21,21
12/13/2020 05:00:00 PM,14,10,4
12/13/2020 06:00:00 PM,11,7,4
12/13/2020 07:00:00 PM,11,7,4
12/13/2020 08:00:00 PM,7,4,3
12/13/2020 09:00:00 PM,6,2,4
12/13/2020 10:00:00 PM,2,1,1
12/13/2020 11:00:00 PM,2,2,0
12/14/2020 12:00:00 AM,1,0,1
12/14/2020 01:00:00 AM,1,1,0
12/14/2020 02:00:00 AM,1,0,1
12/14/2020 03:00:00 AM,1,0,1
12/14/2020 04:00:00 AM,6,3,3
12/14/2020 05:00:00 AM,9,2,7
12/14/2020 06:00:00 AM,23,9,14
12/14/2020 07:00:00 AM,43,9,34
12/14/2020 08:00:00 AM,53,6,47
12/14/2020 09:00:00 AM,35,7,28
12/14/2020 10:00:00 AM,28,13,15
12/14/2020 11:00:00 AM,23,8,15
12/14/2020 12:00:00 PM,30,16,14
12/14/2020 01:00:00 PM,36,23,13
12/14/2020 02:00:00 PM,57,26,31
12/14/2020 03:00:00 PM,51,34,17
12/14/2020 04:00:00 PM,60,42,18
12/14/2020 05:00:00 PM,66,52,14
12/14/2020 06:00:00 PM,42,32,10
12/14/2020 07:00:00 PM,30,15,15
12/14/2020 08:00:00 PM,19,12,7
12/14/2020 09:00:00 PM,12,6,6
12/14/2020 10:00:00 PM,2,1,1
12/14/2020 11:00:00 PM,3,2,1
12/15/2020 12:00:00 AM,2,2,0
12/15/2020 01:00:00 AM,0,0,0
12/15/2020 02:00:00 AM,0,0,0
12/15/2020 03:00:00 AM,1,0,1
12/15/2020 04:00:00 AM,2,1,1
12/15/2020 05:00:00 AM,11,4,7
12/15/2020 06:00:00 AM,17,3,14
12/15/2020 07:00:00 AM,36,9,27
12/15/2020 08:00:00 AM,39,7,32
12/15/2020 09:00:00 AM,28,4,24
12/15/2020 10:00:00 AM,19,3,16
12/15/2020 11:00:00 AM,12,3,9
12/15/2020 12:00:00 PM,20,9,11
12/15/2020 01:00:00 PM,23,15,8
12/15/2020 02:00:00 PM,26,14,12
12/15/2020 03:00:00 PM,51,33,18
12/15/2020 04:00:00 PM,46,31,15
12/15/2020 05:00:00 PM,55,39,16
12/15/2020 06:00:00 PM,41,32,9
12/15/2020 07:00:00 PM,31,23,8
12/15/2020 08:00:00 PM,9,3,6
12/15/2020 09:00:00 PM,10,7,3
12/15/2020 10:00:00 PM,7,5,2
12/15/2020 11:00:00 PM,7,3,4
12/16/2020 12:00:00 AM,1,1,0
12/16/2020 01:00:00 AM,1,1,0
12/16/2020 02:00:00 AM,1,0,1
12/16/2020 03:00:00 AM,2,0,2
12/16/2020 04:00:00 AM,2,1,1
12/16/2020 05:00:00 AM,8,4,4
12/16/2020 06:00:00 AM,18,6,12
12/16/2020 07:00:00 AM,60,18,42
12/16/2020 08:00:00 AM,38,3,35
12/16/2020 09:00:00 AM,53,14,39
12/16/2020 10:00:00 AM,36,16,20
12/16/2020 11:00:00 AM,33,15,18
12/16/2020 12:00:00 PM,24,13,11
12/16/2020 01:00:00 PM,19,12,7
12/16/2020 02:00:00 PM,15,12,3
12/16/2020 03:00:00 PM,30,20,10
12/16/2020 04:00:00 PM,37,31,6
12/16/2020 05:00:00 PM,57,43,14
12/16/2020 06:00:00 PM,23,17,6
12/16/2020 07:00:00 PM,12,10,2
12/16/2020 08:00:00 PM,7,5,2
12/16/2020 09:00:00 PM,5,4,1
12/16/2020 10:00:00 PM,2,1,1
12/16/2020 11:00:00 PM,7,2,5
12/17/2020 12:00:00 AM,0,0,0
12/17/2020 01:00:00 AM,0,0,0
12/17/2020 02:00:00 AM,0,0,0
12/17/2020 03:00:00 AM,1,1,0
12/17/2020 04:00:00 AM,4,2,2
12/17/2020 05:00:00 AM,8,3,5
12/17/2020 06:00:00 AM,16,5,11
12/17/2020 07:00:00 AM,49,11,38
12/17/2020 08:00:00 AM,34,6,28
12/17/2020 09:00:00 AM,41,12,29
12/17/2020 10:00:00 AM,33,11,22
12/17/2020 11:00:00 AM,35,12,23
12/17/2020 12:00:00 PM,47,27,20
12/17/2020 01:00:00 PM,68,38,30
12/17/2020 02:00:00 PM,75,48,27
12/17/2020 03:00:00 PM,100,49,51
12/17/2020 04:00:00 PM,82,48,34
12/17/2020 05:00:00 PM,79,63,16
12/17/2020 06:00:00 PM,34,18,16
12/17/2020 07:00:00 PM,32,22,10
12/17/2020 08:00:00 PM,18,14,4
12/17/2020 09:00:00 PM,9,3,6
12/17/2020 10:00:00 PM,8,3,5
12/17/2020 11:00:00 PM,7,4,3
12/18/2020 12:00:00 AM,1,0,1
12/18/2020 01:00:00 AM,4,2,2
12/18/2020 02:00:00 AM,0,0,0
12/18/2020 03:00:00 AM,1,0,1
12/18/2020 04:00:00 AM,2,1,1
12/18/2020 05:00:00 AM,10,4,6
12/18/2020 06:00:00 AM,14,3,11
12/18/2020 07:00:00 AM,33,10,23
12/18/2020 08:00:00 AM,33,8,25
12/18/2020 09:00:00 AM,27,8,19
12/18/2020 10:00:00 AM,23,8,15
12/18/2020 11:00:00 AM,9,2,7
12/18/2020 12:00:00 PM,24,9,15
12/18/2020 01:00:00 PM,21,11,10
12/18/2020 02:00:00 PM,38,28,10
12/18/2020 03:00:00 PM,48,36,12
12/18/2020 04:00:00 PM,51,36,15
12/18/2020 05:00:00 PM,47,30,17
12/18/2020 06:00:00 PM,24,16,8
12/18/2020 07:00:00 PM,10,5,5
12/18/2020 08:00:00 PM,8,2,6
12/18/2020 09:00:00 PM,8,7,1
12/18/2020 10:00:00 PM,4,1,3
12/18/2020 11:00:00 PM,2,2,0
12/19/2020 12:00:00 AM,1,1,0
12/19/2020 01:00:00 AM,1,1,0
12/19/2020 02:00:00 AM,0,0,0
12/19/2020 03:00:00 AM,0,0,0
12/19/2020 04:00:00 AM,1,1,0
12/19/2020 05:00:00 AM,5,1,4
12/19/2020 06:00:00 AM,5,2,3
12/19/2020 07:00:00 AM,8,4,4
12/19/2020 08:00:00 AM,10,4,6
12/19/2020 09:00:00 AM,27,18,9
12/19/2020 10:00:00 AM,49,19,30
12/19/2020 11:00:00 AM,76,42,34
12/19/2020 12:00:00 PM,55,26,29
12/19/2020 01:00:00 PM,28,15,13
12/19/2020 02:00:00 PM,13,7,6
12/19/2020 03:00:00 PM,25,13,12
12/19/2020 04:00:00 PM,13,7,6
12/19/2020 05:00:00 PM,18,8,10
12/19/2020 06:00:00 PM,10,6,4
12/19/2020 07:00:00 PM,9,4,5
12/19/2020 08:00:00 PM,13,12,1
12/19/2020 09:00:00 PM,2,0,2
12/19/2020 10:00:00 PM,4,3,1
12/19/2020 11:00:00 PM,3,2,1
12/20/2020 12:00:00 AM,1,1,0
12/20/2020 01:00:00 AM,2,2,0
12/20/2020 02:00:00 AM,0,0,0
12/20/2020 03:00:00 AM,0,0,0
12/20/2020 04:00:00 AM,0,0,0
12/20/2020 05:00:00 AM,5,2,3
12/20/2020 06:00:00 AM,2,1,1
12/20/2020 07:00:00 AM,5,3,2
12/20/2020 08:00:00 AM,8,2,6
12/20/2020 09:00:00 AM,18,7,11
12/20/2020 10:00:00 AM,30,12,18
12/20/2020 11:00:00 AM,45,20,25
12/20/2020 12:00:00 PM,53,29,24
12/20/2020 01:00:00 PM,84,53,31
12/20/2020 02:00:00 PM,99,51,48
12/20/2020 03:00:00 PM,91,44,47
12/20/2020 04:00:00 PM,41,16,25
12/20/2020 05:00:00 PM,30,13,17
12/20/2020 06:00:00 PM,25,13,12
12/20/2020 07:00:00 PM,14,8,6
12/20/2020 08:00:00 PM,7,3,4
12/20/2020 09:00:00 PM,6,2,4
12/20/2020 10:00:00 PM,5,2,3
12/20/2020 11:00:00 PM,5,1,4
12/21/2020 12:00:00 AM,1,0,1
12/21/2020 01:00:00 AM,0,0,0
12/21/2020 02:00:00 AM,0,0,0
12/21/2020 03:00:00 AM,1,0,1
12/21/2020 04:00:00 AM,2,1,1
12/21/2020 05:00:00 AM,8,2,6
12/21/2020 06:00:00 AM,18,5,13
12/21/2020 07:00:00 AM,28,6,22
12/21/2020 08:00:00 AM,25,4,21
12/21/2020 09:00:00 AM,19,2,17
12/21/2020 10:00:00 AM,18,6,12
12/21/2020 11:00:00 AM,13,4,9
12/21/2020 12:00:00 PM,9,3,6
12/21/2020 01:00:00 PM,12,8,4
12/21/2020 02:00:00 PM,16,12,4
12/21/2020 03:00:00 PM,17,11,6
12/21/2020 04:00:00 PM,22,19,3
12/21/2020 05:00:00 PM,23,19,4
12/21/2020 06:00:00 PM,12,10,2
12/21/2020 07:00:00 PM,4,4,0
12/21/2020 08:00:00 PM,3,3,0
12/21/2020 09:00:00 PM,3,2,1
12/21/2020 10:00:00 PM,0,0,0
12/21/2020 11:00:00 PM,1,1,0
12/22/2020 12:00:00 AM,0,0,0
12/22/2020 01:00:00 AM,0,0,0
12/22/2020 02:00:00 AM,0,0,0
12/22/2020 03:00:00 AM,1,0,1
12/22/2020 04:00:00 AM,3,2,1
12/22/2020 05:00:00 AM,9,2,7
12/22/2020 06:00:00 AM,19,7,12
12/22/2020 07:00:00 AM,34,10,24
12/22/2020 08:00:00 AM,28,3,25
12/22/2020 09:00:00 AM,36,10,26
12/22/2020 10:00:00 AM,35,10,25
12/22/2020 11:00:00 AM,51,26,25
12/22/2020 12:00:00 PM,63,34,29
12/22/2020 01:00:00 PM,71,34,37
12/22/2020 02:00:00 PM,81,43,38
12/22/2020 03:00:00 PM,92,45,47
12/22/2020 04:00:00 PM,85,62,23
12/22/2020 05:00:00 PM,58,39,19
12/22/2020 06:00:00 PM,32,16,16
12/22/2020 07:00:00 PM,23,17,6
12/22/2020 08:00:00 PM,11,6,5
12/22/2020 09:00:00 PM,10,8,2
12/22/2020 10:00:00 PM,4,3,1
12/22/2020 11:00:00 PM,4,3,1
12/23/2020 12:00:00 AM,1,1,0
12/23/2020 01:00:00 AM,0,0,0
12/23/2020 02:00:00 AM,0,0,0
12/23/2020 03:00:00 AM,1,0,1
12/23/2020 04:00:00 AM,3,2,1
12/23/2020 05:00:00 AM,6,2,4
12/23/2020 06:00:00 AM,18,7,11
12/23/2020 07:00:00 AM,26,6,20
12/23/2020 08:00:00 AM,34,11,23
12/23/2020 09:00:00 AM,27,7,20
12/23/2020 10:00:00 AM,44,13,31
12/23/2020 11:00:00 AM,31,16,15
12/23/2020 12:00:00 PM,45,29,16
12/23/2020 01:00:00 PM,58,32,26
12/23/2020 02:00:00 PM,69,41,28
12/23/2020 03:00:00 PM,87,50,37
12/23/2020 04:00:00 PM,63,40,23
12/23/2020 05:00:00 PM,40,26,14
12/23/2020 06:00:00 PM,30,13,17
12/23/2020 07:00:00 PM,21,14,7
12/23/2020 08:00:00 PM,9,4,5
12/23/2020 09:00:00 PM,4,2,2
12/23/2020 10:00:00 PM,7,5,2
12/23/2020 11:00:00 PM,2,1,1
12/24/2020 12:00:00 AM,1,0,1
12/24/2020 01:00:00 AM,0,0,0
12/24/2020 02:00:00 AM,0,0,0
12/24/2020 03:00:00 AM,0,0,0
12/24/2020 04:00:00 AM,1,0,1
12/24/2020 05:00:00 AM,3,1,2
12/24/2020 06:00:00 AM,11,3,8
12/24/2020 07:00:00 AM,14,3,11
12/24/2020 08:00:00 AM,20,3,17
12/24/2020 09:00:00 AM,22,8,14
12/24/2020 10:00:00 AM,38,16,22
12/24/2020 11:00:00 AM,41,26,15
12/24/2020 12:00:00 PM,48,30,18
12/24/2020 01:00:00 PM,89,51,38
12/24/2020 02:00:00 PM,81,47,34
12/24/2020 03:00:00 PM,79,39,40
12/24/2020 04:00:00 PM,57,24,33
12/24/2020 05:00:00 PM,22,13,9
12/24/2020 06:00:00 PM,11,5,6
12/24/2020 07:00:00 PM,7,4,3
12/24/2020 08:00:00 PM,2,0,2
12/24/2020 09:00:00 PM,2,1,1
12/24/2020 10:00:00 PM,1,1,0
12/24/2020 11:00:00 PM,3,2,1
12/25/2020 12:00:00 AM,0,0,0
12/25/2020 01:00:00 AM,3,1,2
12/25/2020 02:00:00 AM,0,0,0
12/25/2020 03:00:00 AM,0,0,0
12/25/2020 04:00:00 AM,0,0,0
12/25/2020 05:00:00 AM,2,0,2
12/25/2020 06:00:00 AM,2,0,2
12/25/2020 07:00:00 AM,3,2,1
12/25/2020 08:00:00 AM,3,2,1
12/25/2020 09:00:00 AM,10,1,9
12/25/2020 10:00:00 AM,17,10,7
12/25/2020 11:00:00 AM,13,5,8
12/25/2020 12:00:00 PM,11,4,7
12/25/2020 01:00:00 PM,29,15,14
12/25/2020 02:00:00 PM,22,15,7
12/25/2020 03:00:00 PM,12,3,9
12/25/2020 04:00:00 PM,14,7,7
12/25/2020 05:00:00 PM,4,4,0
12/25/2020 06:00:00 PM,3,2,1
12/25/2020 07:00:00 PM,1,0,1
12/25/2020 08:00:00 PM,0,0,0
12/25/2020 09:00:00 PM,1,1,0
12/25/2020 10:00:00 PM,0,0,0
12/25/2020 11:00:00 PM,0,0,0
12/26/2020 12:00:00 AM,0,0,0
12/26/2020 01:00:00 AM,1,1,0
12/26/2020 02:00:00 AM,0,0,0
12/26/2020 03:00:00 AM,0,0,0
12/26/2020 04:00:00 AM,0,0,0
12/26/2020 05:00:00 AM,4,2,2
12/26/2020 06:00:00 AM,1,0,1
12/26/2020 07:00:00 AM,9,3,6
12/26/2020 08:00:00 AM,10,5,5
12/26/2020 09:00:00 AM,16,6,10
12/26/2020 10:00:00 AM,18,9,9
12/26/2020 11:00:00 AM,24,13,11
12/26/2020 12:00:00 PM,30,19,11
12/26/2020 01:00:00 PM,49,29,20
12/26/2020 02:00:00 PM,61,30,31
12/26/2020 03:00:00 PM,67,41,26
12/26/2020 04:00:00 PM,38,12,26
12/26/2020 05:00:00 PM,15,11,4
12/26/2020 06:00:00 PM,16,9,7
12/26/2020 07:00:00 PM,6,4,2
12/26/2020 08:00:00 PM,3,2,1
12/26/2020 09:00:00 PM,3,1,2
12/26/2020 10:00:00 PM,8,4,4
12/26/2020 11:00:00 PM,1,1,0
12/27/2020 12:00:00 AM,4,3,1
12/27/2020 01:00:00 AM,0,0,0
12/27/2020 02:00:00 AM,0,0,0
12/27/2020 03:00:00 AM,0,0,0
12/27/2020 04:00:00 AM,2,1,1
12/27/2020 05:00:00 AM,2,0,2
12/27/2020 06:00:00 AM,3,1,2
12/27/2020 07:00:00 AM,7,3,4
12/27/2020 08:00:00 AM,8,3,5
12/27/2020 09:00:00 AM,8,3,5
12/27/2020 10:00:00 AM,11,7,4
12/27/2020 11:00:00 AM,22,11,11
12/27/2020 12:00:00 PM,41,22,19
12/27/2020 01:00:00 PM,56,24,32
12/27/2020 02:00:00 PM,97,55,42
12/27/2020 03:00:00 PM,96,46,50
12/27/2020 04:00:00 PM,61,28,33
12/27/2020 05:00:00 PM,22,9,13
12/27/2020 06:00:00 PM,18,8,10
12/27/2020 07:00:00 PM,7,5,2
12/27/2020 08:00:00 PM,6,4,2
12/27/2020 09:00:00 PM,3,1,2
12/27/2020 10:00:00 PM,2,1,1
12/27/2020 11:00:00 PM,0,0,0
12/28/2020 12:00:00 AM,0,0,0
12/28/2020 01:00:00 AM,0,0,0
12/28/2020 02:00:00 AM,0,0,0
12/28/2020 03:00:00 AM,1,0,1
12/28/2020 04:00:00 AM,2,0,2
12/28/2020 05:00:00 AM,8,4,4
12/28/2020 06:00:00 AM,13,4,9
12/28/2020 07:00:00 AM,37,10,27
12/28/2020 08:00:00 AM,38,13,25
12/28/2020 09:00:00 AM,24,7,17
12/28/2020 10:00:00 AM,47,20,27
12/28/2020 11:00:00 AM,61,34,27
12/28/2020 12:00:00 PM,97,45,52
12/28/2020 01:00:00 PM,123,61,62
12/28/2020 02:00:00 PM,130,74,56
12/28/2020 03:00:00 PM,128,71,57
12/28/2020 04:00:00 PM,94,53,41
12/28/2020 05:00:00 PM,53,36,17
12/28/2020 06:00:00 PM,32,19,13
12/28/2020 07:00:00 PM,22,13,9
12/28/2020 08:00:00 PM,6,4,2
12/28/2020 09:00:00 PM,12,8,4
12/28/2020 10:00:00 PM,6,0,6
12/28/2020 11:00:00 PM,6,5,1
12/29/2020 12:00:00 AM,2,0,2
12/29/2020 01:00:00 AM,3,2,1
12/29/2020 02:00:00 AM,0,0,0
12/29/2020 03:00:00 AM,1,0,1
12/29/2020 04:00:00 AM,1,1,0
12/29/2020 05:00:00 AM,11,3,8
12/29/2020 06:00:00 AM,9,4,5
12/29/2020 07:00:00 AM,35,6,29
12/29/2020 08:00:00 AM,38,8,30
12/29/2020 09:00:00 AM,18,5,13
12/29/2020 10:00:00 AM,31,13,18
12/29/2020 11:00:00 AM,31,17,14
12/29/2020 12:00:00 PM,38,20,18
12/29/2020 01:00:00 PM,61,25,36
12/29/2020 02:00:00 PM,72,42,30
12/29/2020 03:00:00 PM,65,46,19
12/29/2020 04:00:00 PM,63,41,22
12/29/2020 05:00:00 PM,36,22,14
12/29/2020 06:00:00 PM,30,23,7
12/29/2020 07:00:00 PM,6,5,1
12/29/2020 08:00:00 PM,1,1,0
12/29/2020 09:00:00 PM,5,3,2
12/29/2020 10:00:00 PM,7,4,3
12/29/2020 11:00:00 PM,3,2,1
12/30/2020 12:00:00 AM,1,1,0
12/30/2020 01:00:00 AM,0,0,0
12/30/2020 02:00:00 AM,0,0,0
12/30/2020 03:00:00 AM,0,0,0
12/30/2020 04:00:00 AM,1,1,0
12/30/2020 05:00:00 AM,4,2,2
12/30/2020 06:00:00 AM,9,2,7
12/30/2020 07:00:00 AM,23,3,20
12/30/2020 08:00:00 AM,23,6,17
12/30/2020 09:00:00 AM,10,3,7
12/30/2020 10:00:00 AM,11,1,10
12/30/2020 11:00:00 AM,8,4,4
12/30/2020 12:00:00 PM,25,7,18
12/30/2020 01:00:00 PM,22,14,8
12/30/2020 02:00:00 PM,23,17,6
12/30/2020 03:00:00 PM,24,14,10
12/30/2020 04:00:00 PM,33,23,10
12/30/2020 05:00:00 PM,30,21,9
12/30/2020 06:00:00 PM,20,11,9
12/30/2020 07:00:00 PM,8,8,0
12/30/2020 08:00:00 PM,7,5,2
12/30/2020 09:00:00 PM,2,1,1
12/30/2020 10:00:00 PM,4,1,3
12/30/2020 11:00:00 PM,3,2,1
12/31/2020 12:00:00 AM,2,0,2
12/31/2020 01:00:00 AM,0,0,0
12/31/2020 02:00:00 AM,0,0,0
12/31/2020 03:00:00 AM,0,0,0
12/31/2020 04:00:00 AM,2,1,1
12/31/2020 05:00:00 AM,8,4,4
12/31/2020 06:00:00 AM,15,3,12
12/31/2020 07:00:00 AM,17,3,14
12/31/2020 08:00:00 AM,23,10,13
12/31/2020 09:00:00 AM,22,6,16
12/31/2020 10:00:00 AM,30,15,15
12/31/2020 11:00:00 AM,46,27,19
12/31/2020 12:00:00 PM,50,27,23
12/31/2020 01:00:00 PM,82,42,40
12/31/2020 02:00:00 PM,71,48,23
12/31/2020 03:00:00 PM,89,57,32
12/31/2020 04:00:00 PM,48,30,18
12/31/2020 05:00:00 PM,31,19,12
12/31/2020 06:00:00 PM,22,16,6
12/31/2020 07:00:00 PM,12,8,4
12/31/2020 08:00:00 PM,8,7,1
12/31/2020 09:00:00 PM,6,2,4
12/31/2020 10:00:00 PM,5,4,1
12/31/2020 11:00:00 PM,3,0,3
01/01/2021 12:00:00 AM,2,1,1
01/01/2021 01:00:00 AM,4,4,0
01/01/2021 02:00:00 AM,0,0,0
01/01/2021 03:00:00 AM,0,0,0
01/01/2021 04:00:00 AM,0,0,0
01/01/2021 05:00:00 AM,3,0,3
01/01/2021 06:00:00 AM,5,3,2
01/01/2021 07:00:00 AM,4,0,4
01/01/2021 08:00:00 AM,6,4,2
01/01/2021 09:00:00 AM,10,4,6
01/01/2021 10:00:00 AM,36,21,15
01/01/2021 11:00:00 AM,37,20,17
01/01/2021 12:00:00 PM,22,11,11
01/01/2021 01:00:00 PM,39,22,17
01/01/2021 02:00:00 PM,26,11,15
01/01/2021 03:00:00 PM,21,12,9
01/01/2021 04:00:00 PM,15,10,5
01/01/2021 05:00:00 PM,11,4,7
01/01/2021 06:00:00 PM,8,6,2
01/01/2021 07:00:00 PM,3,2,1
01/01/2021 08:00:00 PM,3,2,1
01/01/2021 09:00:00 PM,6,5,1
01/01/2021 10:00:00 PM,1,1,0
01/01/2021 11:00:00 PM,2,1,1
01/02/2021 12:00:00 AM,1,1,0
01/02/2021 01:00:00 AM,1,1,0
01/02/2021 02:00:00 AM,1,0,1
01/02/2021 03:00:00 AM,0,0,0
01/02/2021 04:00:00 AM,0,0,0
01/02/2021 05:00:00 AM,5,2,3
01/02/2021 06:00:00 AM,2,0,2
01/02/2021 07:00:00 AM,3,1,2
01/02/2021 08:00:00 AM,8,2,6
01/02/2021 09:00:00 AM,9,3,6
01/02/2021 10:00:00 AM,11,4,7
01/02/2021 11:00:00 AM,11,4,7
01/02/2021 12:00:00 PM,14,8,6
01/02/2021 01:00:00 PM,12,5,7
01/02/2021 02:00:00 PM,12,5,7
01/02/2021 03:00:00 PM,13,5,8
01/02/2021 04:00:00 PM,7,4,3
01/02/2021 05:00:00 PM,8,5,3
01/02/2021 06:00:00 PM,7,3,4
01/02/2021 07:00:00 PM,3,2,1
01/02/2021 08:00:00 PM,1,1,0
01/02/2021 09:00:00 PM,2,2,0
01/02/2021 10:00:00 PM,3,2,1
01/02/2021 11:00:00 PM,1,1,0
01/03/2021 12:00:00 AM,4,3,1
01/03/2021 01:00:00 AM,1,1,0
01/03/2021 02:00:00 AM,0,0,0
01/03/2021 03:00:00 AM,0,0,0
01/03/2021 04:00:00 AM,0,0,0
01/03/2021 05:00:00 AM,3,1,2
01/03/2021 06:00:00 AM,4,2,2
01/03/2021 07:00:00 AM,6,5,1
01/03/2021 08:00:00 AM,9,3,6
01/03/2021 09:00:00 AM,5,2,3
01/03/2021 10:00:00 AM,9,4,5
01/03/2021 11:00:00 AM,19,12,7
01/03/2021 12:00:00 PM,41,22,19
01/03/2021 01:00:00 PM,64,33,31
01/03/2021 02:00:00 PM,95,53,42
01/03/2021 03:00:00 PM,79,37,42
01/03/2021 04:00:00 PM,69,32,37
01/03/2021 05:00:00 PM,29,16,13
01/03/2021 06:00:00 PM,8,5,3
01/03/2021 07:00:00 PM,8,5,3
01/03/2021 08:00:00 PM,6,5,1
01/03/2021 09:00:00 PM,0,0,0
01/03/2021 10:00:00 PM,5,0,5
01/03/2021 11:00:00 PM,1,0,1
01/04/2021 12:00:00 AM,1,0,1
01/04/2021 01:00:00 AM,1,0,1
01/04/2021 02:00:00 AM,0,0,0
01/04/2021 03:00:00 AM,0,0,0
01/04/2021 04:00:00 AM,2,1,1
01/04/2021 05:00:00 AM,10,4,6
01/04/2021 06:00:00 AM,15,4,11
01/04/2021 07:00:00 AM,28,3,25
01/04/2021 08:00:00 AM,30,8,22
01/04/2021 09:00:00 AM,28,5,23
01/04/2021 10:00:00 AM,19,7,12
01/04/2021 11:00:00 AM,7,1,6
01/04/2021 12:00:00 PM,28,12,16
01/04/2021 01:00:00 PM,12,3,9
01/04/2021 02:00:00 PM,19,16,3
01/04/2021 03:00:00 PM,44,33,11
01/04/2021 04:00:00 PM,51,33,18
01/04/2021 05:00:00 PM,47,35,12
01/04/2021 06:00:00 PM,31,23,8
01/04/2021 07:00:00 PM,17,12,5
01/04/2021 08:00:00 PM,14,10,4
01/04/2021 09:00:00 PM,9,2,7
01/04/2021 10:00:00 PM,4,4,0
01/04/2021 11:00:00 PM,5,4,1
01/05/2021 12:00:00 AM,4,2,2
01/05/2021 01:00:00 AM,0,0,0
01/05/2021 02:00:00 AM,0,0,0
01/05/2021 03:00:00 AM,1,0,1
01/05/2021 04:00:00 AM,2,0,2
01/05/2021 05:00:00 AM,14,5,9
01/05/2021 06:00:00 AM,24,9,15
01/05/2021 07:00:00 AM,39,8,31
01/05/2021 08:00:00 AM,54,10,44
01/05/2021 09:00:00 AM,50,10,40
01/05/2021 10:00:00 AM,42,10,32
01/05/2021 11:00:00 AM,25,16,9
01/05/2021 12:00:00 PM,21,7,14
01/05/2021 01:00:00 PM,13,9,4
01/05/2021 02:00:00 PM,11,7,4
01/05/2021 03:00:00 PM,34,27,7
01/05/2021 04:00:00 PM,36,27,9
01/05/2021 05:00:00 PM,53,38,15
01/05/2021 06:00:00 PM,37,30,7
01/05/2021 07:00:00 PM,10,6,4
01/05/2021 08:00:00 PM,8,7,1
01/05/2021 09:00:00 PM,7,4,3
01/05/2021 10:00:00 PM,5,4,1
01/05/2021 11:00:00 PM,4,3,1
01/06/2021 12:00:00 AM,1,1,0
01/06/2021 01:00:00 AM,1,1,0
01/06/2021 02:00:00 AM,1,1,0
01/06/2021 03:00:00 AM,0,0,0
01/06/2021 04:00:00 AM,5,1,4
01/06/2021 05:00:00 AM,10,4,6
01/06/2021 06:00:00 AM,22,7,15
01/06/2021 07:00:00 AM,44,11,33
01/06/2021 08:00:00 AM,41,7,34
01/06/2021 09:00:00 AM,29,5,24
01/06/2021 10:00:00 AM,25,9,16
01/06/2021 11:00:00 AM,40,14,26
01/06/2021 12:00:00 PM,52,31,21
01/06/2021 01:00:00 PM,49,30,19
01/06/2021 02:00:00 PM,67,35,32
01/06/2021 03:00:00 PM,100,59,41
01/06/2021 04:00:00 PM,81,50,31
01/06/2021 05:00:00 PM,76,50,26
01/06/2021 06:00:00 PM,51,38,13
01/06/2021 07:00:00 PM,34,22,12
01/06/2021 08:00:00 PM,12,7,5
01/06/2021 09:00:00 PM,10,6,4
01/06/2021 10:00:00 PM,9,4,5
01/06/2021 11:00:00 PM,3,2,1
01/07/2021 12:00:00 AM,1,1,0
01/07/2021 01:00:00 AM,3,0,3
01/07/2021 02:00:00 AM,0,0,0
01/07/2021 03:00:00 AM,2,1,1
01/07/2021 04:00:00 AM,4,2,2
01/07/2021 05:00:00 AM,8,2,6
01/07/2021 06:00:00 AM,21,7,14
01/07/2021 07:00:00 AM,59,19,40
01/07/2021 08:00:00 AM,58,10,48
01/07/2021 09:00:00 AM,42,8,34
01/07/2021 10:00:00 AM,30,15,15
01/07/2021 11:00:00 AM,43,13,30
01/07/2021 12:00:00 PM,62,35,27
01/07/2021 01:00:00 PM,60,29,31
01/07/2021 02:00:00 PM,66,40,26
01/07/2021 03:00:00 PM,85,60,25
01/07/2021 04:00:00 PM,98,64,34
01/07/2021 05:00:00 PM,101,71,30
01/07/2021 06:00:00 PM,70,37,33
01/07/2021 07:00:00 PM,30,19,11
01/07/2021 08:00:00 PM,18,12,6
01/07/2021 09:00:00 PM,7,5,2
01/07/2021 10:00:00 PM,6,4,2
01/07/2021 11:00:00 PM,8,1,7
01/08/2021 12:00:00 AM,0,0,0
01/08/2021 01:00:00 AM,3,2,1
01/08/2021 02:00:00 AM,0,0,0
01/08/2021 03:00:00 AM,1,0,1
01/08/2021 04:00:00 AM,1,0,1
01/08/2021 05:00:00 AM,13,6,7
01/08/2021 06:00:00 AM,24,9,15
01/08/2021 07:00:00 AM,32,12,20
01/08/2021 08:00:00 AM,45,7,38
01/08/2021 09:00:00 AM,22,6,16
01/08/2021 10:00:00 AM,16,3,13
01/08/2021 11:00:00 AM,16,6,10
01/08/2021 12:00:00 PM,8,5,3
01/08/2021 01:00:00 PM,18,9,9
01/08/2021 02:00:00 PM,13,12,1
01/08/2021 03:00:00 PM,30,21,9
01/08/2021 04:00:00 PM,62,41,21
01/08/2021 05:00:00 PM,53,34,19
01/08/2021 06:00:00 PM,38,27,11
01/08/2021 07:00:00 PM,26,15,11
01/08/2021 08:00:00 PM,13,7,6
01/08/2021 09:00:00 PM,6,1,5
01/08/2021 10:00:00 PM,6,5,1
01/08/2021 11:00:00 PM,5,2,3
01/09/2021 12:00:00 AM,2,2,0
01/09/2021 01:00:00 AM,2,1,1
01/09/2021 02:00:00 AM,0,0,0
01/09/2021 03:00:00 AM,0,0,0
01/09/2021 04:00:00 AM,0,0,0
01/09/2021 05:00:00 AM,5,1,4
01/09/2021 06:00:00 AM,3,1,2
01/09/2021 07:00:00 AM,11,3,8
01/09/2021 08:00:00 AM,18,4,14
01/09/2021 09:00:00 AM,26,11,15
01/09/2021 10:00:00 AM,30,13,17
01/09/2021 11:00:00 AM,78,37,41
01/09/2021 12:00:00 PM,90,50,40
01/09/2021 01:00:00 PM,134,77,57
01/09/2021 02:00:00 PM,118,61,57
01/09/2021 03:00:00 PM,117,58,59
01/09/2021 04:00:00 PM,91,44,47
01/09/2021 05:00:00 PM,26,16,10
01/09/2021 06:00:00 PM,26,14,12
01/09/2021 07:00:00 PM,15,5,10
01/09/2021 08:00:00 PM,13,9,4
01/09/2021 09:00:00 PM,7,2,5
01/09/2021 10:00:00 PM,10,7,3
01/09/2021 11:00:00 PM,6,6,0
01/10/2021 12:00:00 AM,3,0,3
01/10/2021 01:00:00 AM,0,0,0
01/10/2021 02:00:00 AM,0,0,0
01/10/2021 03:00:00 AM,0,0,0
01/10/2021 04:00:00 AM,0,0,0
01/10/2021 05:00:00 AM,5,1,4
01/10/2021 06:00:00 AM,3,0,3
01/10/2021 07:00:00 AM,6,2,4
01/10/2021 08:00:00 AM,6,3,3
01/10/2021 09:00:00 AM,19,10,9
01/10/2021 10:00:00 AM,39,23,16
01/10/2021 11:00:00 AM,41,23,18
01/10/2021 12:00:00 PM,79,47,32
01/10/2021 01:00:00 PM,86,38,48
01/10/2021 02:00:00 PM,104,59,45
01/10/2021 03:00:00 PM,95,49,46
01/10/2021 04:00:00 PM,80,36,44
01/10/2021 05:00:00 PM,31,18,13
01/10/2021 06:00:00 PM,18,8,10
01/10/2021 07:00:00 PM,11,4,7
01/10/2021 08:00:00 PM,4,4,0
01/10/2021 09:00:00 PM,9,5,4
01/10/2021 10:00:00 PM,9,4,5
01/10/2021 11:00:00 PM,3,2,1
01/11/2021 12:00:00 AM,0,0,0
01/11/2021 01:00:00 AM,1,0,1
01/11/2021 02:00:00 AM,1,0,1
01/11/2021 03:00:00 AM,3,2,1
01/11/2021 04:00:00 AM,3,1,2
01/11/2021 05:00:00 AM,13,3,10
01/11/2021 06:00:00 AM,21,9,12
01/11/2021 07:00:00 AM,41,7,34
01/11/2021 08:00:00 AM,41,8,33
01/11/2021 09:00:00 AM,38,8,30
01/11/2021 10:00:00 AM,18,7,11
01/11/2021 11:00:00 AM,5,1,4
01/11/2021 12:00:00 PM,10,6,4
01/11/2021 01:00:00 PM,17,10,7
01/11/2021 02:00:00 PM,18,13,5
01/11/2021 03:00:00 PM,24,15,9
01/11/2021 04:00:00 PM,38,34,4
01/11/2021 05:00:00 PM,43,38,5
01/11/2021 06:00:00 PM,25,17,8
01/11/2021 07:00:00 PM,14,10,4
01/11/2021 08:00:00 PM,8,7,1
01/11/2021 09:00:00 PM,9,7,2
01/11/2021 10:00:00 PM,6,3,3
01/11/2021 11:00:00 PM,3,2,1
01/12/2021 12:00:00 AM,1,1,0
01/12/2021 01:00:00 AM,0,0,0
01/12/2021 02:00:00 AM,0,0,0
01/12/2021 03:00:00 AM,0,0,0
01/12/2021 04:00:00 AM,2,1,1
01/12/2021 05:00:00 AM,5,2,3
01/12/2021 06:00:00 AM,20,4,16
01/12/2021 07:00:00 AM,38,9,29
01/12/2021 08:00:00 AM,36,3,33
01/12/2021 09:00:00 AM,36,6,30
01/12/2021 10:00:00 AM,16,5,11
01/12/2021 11:00:00 AM,17,5,12
01/12/2021 12:00:00 PM,18,7,11
01/12/2021 01:00:00 PM,15,9,6
01/12/2021 02:00:00 PM,38,21,17
01/12/2021 03:00:00 PM,35,25,10
01/12/2021 04:00:00 PM,41,26,15
01/12/2021 05:00:00 PM,48,39,9
01/12/2021 06:00:00 PM,37,27,10
01/12/2021 07:00:00 PM,19,17,2
01/12/2021 08:00:00 PM,9,7,2
01/12/2021 09:00:00 PM,6,4,2
01/12/2021 10:00:00 PM,4,3,1
01/12/2021 11:00:00 PM,3,2,1
01/13/2021 12:00:00 AM,0,0,0
01/13/2021 01:00:00 AM,0,0,0
01/13/2021 02:00:00 AM,0,0,0
01/13/2021 03:00:00 AM,1,0,1
01/13/2021 04:00:00 AM,1,1,0
01/13/2021 05:00:00 AM,6,1,5
01/13/2021 06:00:00 AM,26,7,19
01/13/2021 07:00:00 AM,50,7,43
01/13/2021 08:00:00 AM,56,15,41
01/13/2021 09:00:00 AM,59,18,41
01/13/2021 10:00:00 AM,37,13,24
01/13/2021 11:00:00 AM,48,26,22
01/13/2021 12:00:00 PM,72,37,35
01/13/2021 01:00:00 PM,60,37,23
01/13/2021 02:00:00 PM,93,55,38
01/13/2021 03:00:00 PM,96,56,40
01/13/2021 04:00:00 PM,111,69,42
01/13/2021 05:00:00 PM,109,74,35
01/13/2021 06:00:00 PM,76,50,26
01/13/2021 07:00:00 PM,25,18,7
01/13/2021 08:00:00 PM,18,10,8
01/13/2021 09:00:00 PM,6,2,4
01/13/2021 10:00:00 PM,5,3,2
01/13/2021 11:00:00 PM,10,6,4
01/14/2021 12:00:00 AM,3,1,2
01/14/2021 01:00:00 AM,3,2,1
01/14/2021 02:00:00 AM,0,0,0
01/14/2021 03:00:00 AM,1,0,1
01/14/2021 04:00:00 AM,2,2,0
01/14/2021 05:00:00 AM,14,5,9
01/14/2021 06:00:00 AM,26,8,18
01/14/2021 07:00:00 AM,64,17,47
01/14/2021 08:00:00 AM,58,10,48
01/14/2021 09:00:00 AM,54,11,43
01/14/2021 10:00:00 AM,41,18,23
01/14/2021 11:00:00 AM,47,24,23
01/14/2021 12:00:00 PM,45,24,21
01/14/2021 01:00:00 PM,68,35,33
01/14/2021 02:00:00 PM,70,34,36
01/14/2021 03:00:00 PM,91,58,33
01/14/2021 04:00:00 PM,117,76,41
01/14/2021 05:00:00 PM,93,70,23
01/14/2021 06:00:00 PM,60,39,21
01/14/2021 07:00:00 PM,40,25,15
01/14/2021 08:00:00 PM,16,11,5
01/14/2021 09:00:00 PM,14,6,8
01/14/2021 10:00:00 PM,8,3,5
01/14/2021 11:00:00 PM,5,5,0
01/15/2021 12:00:00 AM,1,1,0
01/15/2021 01:00:00 AM,1,1,0
01/15/2021 02:00:00 AM,1,1,0
01/15/2021 03:00:00 AM,1,0,1
01/15/2021 04:00:00 AM,2,1,1
01/15/2021 05:00:00 AM,9,3,6
01/15/2021 06:00:00 AM,26,11,15
01/15/2021 07:00:00 AM,47,9,38
01/15/2021 08:00:00 AM,49,6,43
01/15/2021 09:00:00 AM,46,8,38
01/15/2021 10:00:00 AM,35,13,22
01/15/2021 11:00:00 AM,35,14,21
01/15/2021 12:00:00 PM,49,21,28
01/15/2021 01:00:00 PM,55,31,24
01/15/2021 02:00:00 PM,84,49,35
01/15/2021 03:00:00 PM,110,62,48
01/15/2021 04:00:00 PM,121,70,51
01/15/2021 05:00:00 PM,98,70,28
01/15/2021 06:00:00 PM,47,28,19
01/15/2021 07:00:00 PM,34,17,17
01/15/2021 08:00:00 PM,15,8,7
01/15/2021 09:00:00 PM,13,7,6
01/15/2021 10:00:00 PM,12,6,6
01/15/2021 11:00:00 PM,9,6,3
01/16/2021 12:00:00 AM,4,4,0
01/16/2021 01:00:00 AM,2,1,1
01/16/2021 02:00:00 AM,0,0,0
01/16/2021 03:00:00 AM,0,0,0
01/16/2021 04:00:00 AM,0,0,0
01/16/2021 05:00:00 AM,6,2,4
01/16/2021 06:00:00 AM,6,2,4
01/16/2021 07:00:00 AM,8,3,5
01/16/2021 08:00:00 AM,10,6,4
01/16/2021 09:00:00 AM,33,16,17
01/16/2021 10:00:00 AM,51,32,19
01/16/2021 11:00:00 AM,65,35,30
01/16/2021 12:00:00 PM,74,45,29
01/16/2021 01:00:00 PM,64,41,23
01/16/2021 02:00:00 PM,121,61,60
01/16/2021 03:00:00 PM,97,46,51
01/16/2021 04:00:00 PM,86,31,55
01/16/2021 05:00:00 PM,51,24,27
01/16/2021 06:00:00 PM,18,5,13
01/16/2021 07:00:00 PM,11,4,7
01/16/2021 08:00:00 PM,11,5,6
01/16/2021 09:00:00 PM,5,3,2
01/16/2021 10:00:00 PM,13,9,4
01/16/2021 11:00:00 PM,4,2,2
01/17/2021 12:00:00 AM,4,3,1
01/17/2021 01:00:00 AM,2,0,2
01/17/2021 02:00:00 AM,0,0,0
01/17/2021 03:00:00 AM,0,0,0
01/17/2021 04:00:00 AM,0,0,0
01/17/2021 05:00:00 AM,3,1,2
01/17/2021 06:00:00 AM,2,1,1
01/17/2021 07:00:00 AM,8,4,4
01/17/2021 08:00:00 AM,20,9,11
01/17/2021 09:00:00 AM,31,15,16
01/17/2021 10:00:00 AM,53,26,27
01/17/2021 11:00:00 AM,88,47,41
01/17/2021 12:00:00 PM,87,46,41
01/17/2021 01:00:00 PM,131,65,66
01/17/2021 02:00:00 PM,115,71,44
01/17/2021 03:00:00 PM,112,56,56
01/17/2021 04:00:00 PM,70,32,38
01/17/2021 05:00:00 PM,27,14,13
01/17/2021 06:00:00 PM,36,13,23
01/17/2021 07:00:00 PM,13,6,7
01/17/2021 08:00:00 PM,8,3,5
01/17/2021 09:00:00 PM,12,7,5
01/17/2021 10:00:00 PM,3,1,2
01/17/2021 11:00:00 PM,5,1,4
01/18/2021 12:00:00 AM,0,0,0
01/18/2021 01:00:00 AM,0,0,0
01/18/2021 02:00:00 AM,0,0,0
01/18/2021 03:00:00 AM,0,0,0
01/18/2021 04:00:00 AM,2,1,1
01/18/2021 05:00:00 AM,11,3,8
01/18/2021 06:00:00 AM,18,9,9
01/18/2021 07:00:00 AM,23,8,15
01/18/2021 08:00:00 AM,40,14,26
01/18/2021 09:00:00 AM,47,18,29
01/18/2021 10:00:00 AM,48,18,30
01/18/2021 11:00:00 AM,76,37,39
01/18/2021 12:00:00 PM,114,56,58
01/18/2021 01:00:00 PM,134,85,49
01/18/2021 02:00:00 PM,118,67,51
01/18/2021 03:00:00 PM,151,87,64
01/18/2021 04:00:00 PM,101,48,53
01/18/2021 05:00:00 PM,79,46,33
01/18/2021 06:00:00 PM,36,19,17
01/18/2021 07:00:00 PM,15,10,5
01/18/2021 08:00:00 PM,9,9,0
01/18/2021 09:00:00 PM,10,7,3
01/18/2021 10:00:00 PM,9,6,3
01/18/2021 11:00:00 PM,10,5,5
01/19/2021 12:00:00 AM,0,0,0
01/19/2021 01:00:00 AM,1,1,0
01/19/2021 02:00:00 AM,1,1,0
01/19/2021 03:00:00 AM,1,0,1
01/19/2021 04:00:00 AM,1,1,0
01/19/2021 05:00:00 AM,17,4,13
01/19/2021 06:00:00 AM,24,7,17
01/19/2021 07:00:00 AM,54,12,42
01/19/2021 08:00:00 AM,61,11,50
01/19/2021 09:00:00 AM,48,9,39
01/19/2021 10:00:00 AM,45,15,30
01/19/2021 11:00:00 AM,30,13,17
01/19/2021 12:00:00 PM,28,15,13
01/19/2021 01:00:00 PM,37,17,20
01/19/2021 02:00:00 PM,63,39,24
01/19/2021 03:00:00 PM,87,59,28
01/19/2021 04:00:00 PM,84,58,26
01/19/2021 05:00:00 PM,95,70,25
01/19/2021 06:00:00 PM,50,34,16
01/19/2021 07:00:00 PM,25,20,5
01/19/2021 08:00:00 PM,22,15,7
01/19/2021 09:00:00 PM,8,4,4
01/19/2021 10:00:00 PM,4,2,2
01/19/2021 11:00:00 PM,7,3,4
01/20/2021 12:00:00 AM,1,1,0
01/20/2021 01:00:00 AM,1,0,1
01/20/2021 02:00:00 AM,0,0,0
01/20/2021 03:00:00 AM,2,1,1
01/20/2021 04:00:00 AM,2,1,1
01/20/2021 05:00:00 AM,9,4,5
01/20/2021 06:00:00 AM,27,9,18
01/20/2021 07:00:00 AM,63,11,52
01/20/2021 08:00:00 AM,49,8,41
01/20/2021 09:00:00 AM,45,10,35
01/20/2021 10:00:00 AM,36,10,26
01/20/2021 11:00:00 AM,38,17,21
01/20/2021 12:00:00 PM,34,18,16
01/20/2021 01:00:00 PM,35,21,14
01/20/2021 02:00:00 PM,39,20,19
01/20/2021 03:00:00 PM,81,58,23
01/20/2021 04:00:00 PM,83,55,28
01/20/2021 05:00:00 PM,79,61,18
01/20/2021 06:00:00 PM,37,24,13
01/20/2021 07:00:00 PM,32,21,11
01/20/2021 08:00:00 PM,17,11,6
01/20/2021 09:00:00 PM,10,6,4
01/20/2021 10:00:00 PM,11,6,5
01/20/2021 11:00:00 PM,7,7,0
01/21/2021 12:00:00 AM,2,1,1
01/21/2021 01:00:00 AM,1,0,1
01/21/2021 02:00:00 AM,0,0,0
01/21/2021 03:00:00 AM,1,0,1
01/21/2021 04:00:00 AM,6,4,2
01/21/2021 05:00:00 AM,10,3,7
01/21/2021 06:00:00 AM,23,8,15
01/21/2021 07:00:00 AM,54,10,44
01/21/2021 08:00:00 AM,44,8,36
01/21/2021 09:00:00 AM,41,4,37
01/21/2021 10:00:00 AM,26,7,19
01/21/2021 11:00:00 AM,41,19,22
01/21/2021 12:00:00 PM,18,8,10
01/21/2021 01:00:00 PM,31,11,20
01/21/2021 02:00:00 PM,36,23,13
01/21/2021 03:00:00 PM,58,41,17
01/21/2021 04:00:00 PM,73,45,28
01/21/2021 05:00:00 PM,74,57,17
01/21/2021 06:00:00 PM,44,28,16
01/21/2021 07:00:00 PM,20,12,8
01/21/2021 08:00:00 PM,18,13,5
01/21/2021 09:00:00 PM,9,4,5
01/21/2021 10:00:00 PM,6,2,4
01/21/2021 11:00:00 PM,6,4,2
01/22/2021 12:00:00 AM,4,3,1
01/22/2021 01:00:00 AM,3,1,2
01/22/2021 02:00:00 AM,2,1,1
01/22/2021 03:00:00 AM,1,0,1
01/22/2021 04:00:00 AM,3,2,1
01/22/2021 05:00:00 AM,12,4,8
01/22/2021 06:00:00 AM,22,8,14
01/22/2021 07:00:00 AM,45,8,37
01/22/2021 08:00:00 AM,59,15,44
01/22/2021 09:00:00 AM,49,11,38
01/22/2021 10:00:00 AM,33,13,20
01/22/2021 11:00:00 AM,33,20,13
01/22/2021 12:00:00 PM,49,26,23
01/22/2021 01:00:00 PM,47,27,20
01/22/2021 02:00:00 PM,86,46,40
01/22/2021 03:00:00 PM,115,77,38
01/22/2021 04:00:00 PM,103,63,40
01/22/2021 05:00:00 PM,93,57,36
01/22/2021 06:00:00 PM,59,41,18
01/22/2021 07:00:00 PM,31,18,13
01/22/2021 08:00:00 PM,17,14,3
01/22/2021 09:00:00 PM,8,5,3
01/22/2021 10:00:00 PM,3,0,3
01/22/2021 11:00:00 PM,5,3,2
01/23/2021 12:00:00 AM,1,1,0
01/23/2021 01:00:00 AM,2,2,0
01/23/2021 02:00:00 AM,0,0,0
01/23/2021 03:00:00 AM,0,0,0
01/23/2021 04:00:00 AM,3,2,1
01/23/2021 05:00:00 AM,4,0,4
01/23/2021 06:00:00 AM,5,2,3
01/23/2021 07:00:00 AM,10,2,8
01/23/2021 08:00:00 AM,15,5,10
01/23/2021 09:00:00 AM,33,20,13
01/23/2021 10:00:00 AM,56,32,24
01/23/2021 11:00:00 AM,68,33,35
01/23/2021 12:00:00 PM,98,57,41
01/23/2021 01:00:00 PM,142,80,62
01/23/2021 02:00:00 PM,196,96,100
01/23/2021 03:00:00 PM,149,88,61
01/23/2021 04:00:00 PM,133,61,72
01/23/2021 05:00:00 PM,65,29,36
01/23/2021 06:00:00 PM,29,8,21
01/23/2021 07:00:00 PM,22,11,11
01/23/2021 08:00:00 PM,9,6,3
01/23/2021 09:00:00 PM,9,3,6
01/23/2021 10:00:00 PM,4,0,4
01/23/2021 11:00:00 PM,4,2,2
01/24/2021 12:00:00 AM,5,4,1
01/24/2021 01:00:00 AM,3,3,0
01/24/2021 02:00:00 AM,0,0,0
01/24/2021 03:00:00 AM,0,0,0
01/24/2021 04:00:00 AM,0,0,0
01/24/2021 05:00:00 AM,2,0,2
01/24/2021 06:00:00 AM,2,0,2
01/24/2021 07:00:00 AM,5,4,1
01/24/2021 08:00:00 AM,2,0,2
01/24/2021 09:00:00 AM,10,3,7
01/24/2021 10:00:00 AM,8,5,3
01/24/2021 11:00:00 AM,28,17,11
01/24/2021 12:00:00 PM,27,14,13
01/24/2021 01:00:00 PM,18,12,6
01/24/2021 02:00:00 PM,15,11,4
01/24/2021 03:00:00 PM,24,10,14
01/24/2021 04:00:00 PM,25,9,16
01/24/2021 05:00:00 PM,14,4,10
01/24/2021 06:00:00 PM,13,7,6
01/24/2021 07:00:00 PM,4,3,1
01/24/2021 08:00:00 PM,6,3,3
01/24/2021 09:00:00 PM,2,1,1
01/24/2021 10:00:00 PM,4,0,4
01/24/2021 11:00:00 PM,1,1,0
01/25/2021 12:00:00 AM,2,2,0
01/25/2021 01:00:00 AM,0,0,0
01/25/2021 02:00:00 AM,1,1,0
01/25/2021 03:00:00 AM,0,0,0
01/25/2021 04:00:00 AM,5,2,3
01/25/2021 05:00:00 AM,11,3,8
01/25/2021 06:00:00 AM,24,8,16
01/25/2021 07:00:00 AM,52,6,46
01/25/2021 08:00:00 AM,63,13,50
01/25/2021 09:00:00 AM,44,10,34
01/25/2021 10:00:00 AM,20,10,10
01/25/2021 11:00:00 AM,34,9,25
01/25/2021 12:00:00 PM,33,16,17
01/25/2021 01:00:00 PM,42,24,18
01/25/2021 02:00:00 PM,49,30,19
01/25/2021 03:00:00 PM,67,40,27
01/25/2021 04:00:00 PM,129,83,46
01/25/2021 05:00:00 PM,88,59,29
01/25/2021 06:00:00 PM,71,38,33
01/25/2021 07:00:00 PM,18,11,7
01/25/2021 08:00:00 PM,14,11,3
01/25/2021 09:00:00 PM,11,4,7
01/25/2021 10:00:00 PM,4,3,1
01/25/2021 11:00:00 PM,3,2,1
01/26/2021 12:00:00 AM,0,0,0
01/26/2021 01:00:00 AM,0,0,0
01/26/2021 02:00:00 AM,0,0,0
01/26/2021 03:00:00 AM,0,0,0
01/26/2021 04:00:00 AM,1,0,1
01/26/2021 05:00:00 AM,13,4,9
01/26/2021 06:00:00 AM,24,8,16
01/26/2021 07:00:00 AM,64,17,47
01/26/2021 08:00:00 AM,69,9,60
01/26/2021 09:00:00 AM,47,11,36
01/26/2021 10:00:00 AM,32,10,22
01/26/2021 11:00:00 AM,30,14,16
01/26/2021 12:00:00 PM,31,15,16
01/26/2021 01:00:00 PM,40,22,18
01/26/2021 02:00:00 PM,48,29,19
01/26/2021 03:00:00 PM,69,46,23
01/26/2021 04:00:00 PM,82,55,27
01/26/2021 05:00:00 PM,88,63,25
01/26/2021 06:00:00 PM,54,39,15
01/26/2021 07:00:00 PM,21,16,5
01/26/2021 08:00:00 PM,7,5,2
01/26/2021 09:00:00 PM,14,11,3
01/26/2021 10:00:00 PM,1,0,1
01/26/2021 11:00:00 PM,7,5,2
01/27/2021 12:00:00 AM,1,1,0
01/27/2021 01:00:00 AM,0,0,0
01/27/2021 02:00:00 AM,0,0,0
01/27/2021 03:00:00 AM,0,0,0
01/27/2021 04:00:00 AM,0,0,0
01/27/2021 05:00:00 AM,9,3,6
01/27/2021 06:00:00 AM,23,6,17
01/27/2021 07:00:00 AM,37,6,31
01/27/2021 08:00:00 AM,41,10,31
01/27/2021 09:00:00 AM,26,4,22
01/27/2021 10:00:00 AM,25,4,21
01/27/2021 11:00:00 AM,27,8,19
01/27/2021 12:00:00 PM,28,15,13
01/27/2021 01:00:00 PM,42,20,22
01/27/2021 02:00:00 PM,44,19,25
01/27/2021 03:00:00 PM,68,49,19
01/27/2021 04:00:00 PM,86,56,30
01/27/2021 05:00:00 PM,88,59,29
01/27/2021 06:00:00 PM,37,24,13
01/27/2021 07:00:00 PM,16,12,4
01/27/2021 08:00:00 PM,15,8,7
01/27/2021 09:00:00 PM,6,4,2
01/27/2021 10:00:00 PM,8,6,2
01/27/2021 11:00:00 PM,5,2,3
01/28/2021 12:00:00 AM,2,1,1
01/28/2021 01:00:00 AM,0,0,0
01/28/2021 02:00:00 AM,0,0,0
01/28/2021 03:00:00 AM,3,0,3
01/28/2021 04:00:00 AM,4,2,2
01/28/2021 05:00:00 AM,9,3,6
01/28/2021 06:00:00 AM,22,7,15
01/28/2021 07:00:00 AM,48,5,43
01/28/2021 08:00:00 AM,36,7,29
01/28/2021 09:00:00 AM,21,4,17
01/28/2021 10:00:00 AM,18,4,14
01/28/2021 11:00:00 AM,27,10,17
01/28/2021 12:00:00 PM,24,11,13
01/28/2021 01:00:00 PM,27,12,15
01/28/2021 02:00:00 PM,40,24,16
01/28/2021 03:00:00 PM,50,30,20
01/28/2021 04:00:00 PM,68,50,18
01/28/2021 05:00:00 PM,76,56,20
01/28/2021 06:00:00 PM,45,34,11
01/28/2021 07:00:00 PM,26,17,9
01/28/2021 08:00:00 PM,12,4,8
01/28/2021 09:00:00 PM,8,6,2
01/28/2021 10:00:00 PM,9,5,4
01/28/2021 11:00:00 PM,2,0,2
01/29/2021 12:00:00 AM,5,3,2
01/29/2021 01:00:00 AM,0,0,0
01/29/2021 02:00:00 AM,1,0,1
01/29/2021 03:00:00 AM,1,0,1
01/29/2021 04:00:00 AM,4,1,3
01/29/2021 05:00:00 AM,8,4,4
01/29/2021 06:00:00 AM,25,11,14
01/29/2021 07:00:00 AM,48,11,37
01/29/2021 08:00:00 AM,43,5,38
01/29/2021 09:00:00 AM,36,13,23
01/29/2021 10:00:00 AM,28,5,23
01/29/2021 11:00:00 AM,30,9,21
01/29/2021 12:00:00 PM,36,17,19
01/29/2021 01:00:00 PM,41,22,19
01/29/2021 02:00:00 PM,68,47,21
01/29/2021 03:00:00 PM,72,50,22
01/29/2021 04:00:00 PM,100,61,39
01/29/2021 05:00:00 PM,97,66,31
01/29/2021 06:00:00 PM,34,18,16
01/29/2021 07:00:00 PM,15,9,6
01/29/2021 08:00:00 PM,11,11,0
01/29/2021 09:00:00 PM,9,6,3
01/29/2021 10:00:00 PM,5,4,1
01/29/2021 11:00:00 PM,4,1,3
01/30/2021 12:00:00 AM,6,4,2
01/30/2021 01:00:00 AM,0,0,0
01/30/2021 02:00:00 AM,0,0,0
01/30/2021 03:00:00 AM,0,0,0
01/30/2021 04:00:00 AM,0,0,0
01/30/2021 05:00:00 AM,6,1,5
01/30/2021 06:00:00 AM,3,1,2
01/30/2021 07:00:00 AM,11,3,8
01/30/2021 08:00:00 AM,9,5,4
01/30/2021 09:00:00 AM,29,11,18
01/30/2021 10:00:00 AM,35,24,11
01/30/2021 11:00:00 AM,48,25,23
01/30/2021 12:00:00 PM,28,18,10
01/30/2021 01:00:00 PM,54,29,25
01/30/2021 02:00:00 PM,51,30,21
01/30/2021 03:00:00 PM,52,30,22
01/30/2021 04:00:00 PM,51,27,24
01/30/2021 05:00:00 PM,32,14,18
01/30/2021 06:00:00 PM,18,11,7
01/30/2021 07:00:00 PM,9,4,5
01/30/2021 08:00:00 PM,5,4,1
01/30/2021 09:00:00 PM,1,1,0
01/30/2021 10:00:00 PM,4,2,2
01/30/2021 11:00:00 PM,4,2,2
01/31/2021 12:00:00 AM,4,2,2
01/31/2021 01:00:00 AM,1,1,0
01/31/2021 02:00:00 AM,0,0,0
01/31/2021 03:00:00 AM,0,0,0
01/31/2021 04:00:00 AM,0,0,0
01/31/2021 05:00:00 AM,3,0,3
01/31/2021 06:00:00 AM,2,1,1
01/31/2021 07:00:00 AM,7,3,4
01/31/2021 08:00:00 AM,11,4,7
01/31/2021 09:00:00 AM,20,10,10
01/31/2021 10:00:00 AM,29,15,14
01/31/2021 11:00:00 AM,24,11,13
01/31/2021 12:00:00 PM,38,23,15
01/31/2021 01:00:00 PM,18,9,9
02/01/2021 12:00:00 AM,1,0,1
02/01/2021 01:00:00 AM,1,1,0
02/01/2021 02:00:00 AM,1,1,0
02/01/2021 03:00:00 AM,1,0,1
02/01/2021 04:00:00 AM,1,1,0
02/01/2021 05:00:00 AM,9,3,6
02/01/2021 06:00:00 AM,19,8,11
02/01/2021 07:00:00 AM,37,7,30
02/01/2021 08:00:00 AM,41,5,36
02/01/2021 09:00:00 AM,22,2,20
02/01/2021 10:00:00 AM,15,5,10
02/01/2021 11:00:00 AM,12,6,6
02/01/2021 12:00:00 PM,23,13,10
02/01/2021 01:00:00 PM,14,4,10
02/01/2021 02:00:00 PM,20,13,7
02/01/2021 03:00:00 PM,23,16,7
02/01/2021 04:00:00 PM,40,30,10
02/01/2021 05:00:00 PM,41,34,7
02/01/2021 06:00:00 PM,21,16,5
02/01/2021 07:00:00 PM,15,11,4
02/01/2021 08:00:00 PM,5,4,1
02/01/2021 09:00:00 PM,3,1,2
02/01/2021 10:00:00 PM,1,0,1
02/01/2021 11:00:00 PM,2,1,1
02/02/2021 12:00:00 AM,3,2,1
02/02/2021 01:00:00 AM,0,0,0
02/02/2021 02:00:00 AM,0,0,0
02/02/2021 03:00:00 AM,1,0,1
02/02/2021 04:00:00 AM,1,0,1
02/02/2021 05:00:00 AM,13,4,9
02/02/2021 06:00:00 AM,14,6,8
02/02/2021 07:00:00 AM,37,8,29
02/02/2021 08:00:00 AM,38,2,36
02/02/2021 09:00:00 AM,34,5,29
02/02/2021 10:00:00 AM,12,4,8
02/02/2021 11:00:00 AM,14,8,6
02/02/2021 12:00:00 PM,14,7,7
02/02/2021 01:00:00 PM,21,11,10
02/02/2021 02:00:00 PM,30,18,12
02/02/2021 03:00:00 PM,38,26,12
02/02/2021 04:00:00 PM,60,42,18
02/02/2021 05:00:00 PM,60,46,14
02/02/2021 06:00:00 PM,38,34,4
02/02/2021 07:00:00 PM,9,7,2
02/02/2021 08:00:00 PM,7,6,1
02/02/2021 09:00:00 PM,6,2,4
02/02/2021 10:00:00 PM,1,1,0
02/02/2021 11:00:00 PM,3,2,1
02/03/2021 12:00:00 AM,2,1,1
02/03/2021 01:00:00 AM,0,0,0
02/03/2021 02:00:00 AM,0,0,0
02/03/2021 03:00:00 AM,1,0,1
02/03/2021 04:00:00 AM,2,1,1
02/03/2021 05:00:00 AM,10,4,6
02/03/2021 06:00:00 AM,28,7,21
02/03/2021 07:00:00 AM,60,13,47
02/03/2021 08:00:00 AM,52,10,42
02/03/2021 09:00:00 AM,67,12,55
02/03/2021 10:00:00 AM,38,15,23
02/03/2021 11:00:00 AM,35,14,21
02/03/2021 12:00:00 PM,39,18,21
02/03/2021 01:00:00 PM,48,35,13
02/03/2021 02:00:00 PM,69,38,31
02/03/2021 03:00:00 PM,115,66,49
02/03/2021 04:00:00 PM,144,93,51
02/03/2021 05:00:00 PM,125,81,44
02/03/2021 06:00:00 PM,40,28,12
02/03/2021 07:00:00 PM,35,21,14
02/03/2021 08:00:00 PM,23,16,7
02/03/2021 09:00:00 PM,12,8,4
02/03/2021 10:00:00 PM,10,5,5
02/03/2021 11:00:00 PM,3,2,1
02/04/2021 12:00:00 AM,2,2,0
02/04/2021 01:00:00 AM,0,0,0
02/04/2021 02:00:00 AM,1,0,1
02/04/2021 03:00:00 AM,2,0,2
02/04/2021 04:00:00 AM,3,1,2
02/04/2021 05:00:00 AM,11,4,7
02/04/2021 06:00:00 AM,18,7,11
02/04/2021 07:00:00 AM,45,8,37
02/04/2021 08:00:00 AM,43,5,38
02/04/2021 09:00:00 AM,25,1,24
02/04/2021 10:00:00 AM,23,9,14
02/04/2021 11:00:00 AM,16,8,8
02/04/2021 12:00:00 PM,14,7,7
02/04/2021 01:00:00 PM,27,12,15
02/04/2021 02:00:00 PM,26,17,9
02/04/2021 03:00:00 PM,36,26,10
02/04/2021 04:00:00 PM,49,35,14
02/04/2021 05:00:00 PM,65,50,15
02/04/2021 06:00:00 PM,48,34,14
02/04/2021 07:00:00 PM,16,12,4
02/04/2021 08:00:00 PM,7,5,2
02/04/2021 09:00:00 PM,6,2,4
02/04/2021 10:00:00 PM,4,1,3
02/04/2021 11:00:00 PM,2,1,1
02/05/2021 12:00:00 AM,0,0,0
02/05/2021 01:00:00 AM,0,0,0
02/05/2021 02:00:00 AM,0,0,0
02/05/2021 03:00:00 AM,1,0,1
02/05/2021 04:00:00 AM,6,2,4
02/05/2021 05:00:00 AM,8,2,6
02/05/2021 06:00:00 AM,22,9,13
02/05/2021 07:00:00 AM,52,12,40
02/05/2021 08:00:00 AM,52,11,41
02/05/2021 09:00:00 AM,46,10,36
02/05/2021 10:00:00 AM,39,12,27
02/05/2021 11:00:00 AM,28,17,11
02/05/2021 12:00:00 PM,20,10,10
02/05/2021 01:00:00 PM,28,17,11
02/05/2021 02:00:00 PM,49,27,22
02/05/2021 03:00:00 PM,55,40,15
02/05/2021 04:00:00 PM,107,76,31
02/05/2021 05:00:00 PM,97,61,36
02/05/2021 06:00:00 PM,43,31,12
02/05/2021 07:00:00 PM,24,15,9
02/05/2021 08:00:00 PM,9,5,4
02/05/2021 09:00:00 PM,9,6,3
02/05/2021 10:00:00 PM,11,9,2
02/05/2021 11:00:00 PM,7,4,3
02/06/2021 12:00:00 AM,6,6,0
02/06/2021 01:00:00 AM,1,1,0
02/06/2021 02:00:00 AM,1,1,0
02/06/2021 03:00:00 AM,0,0,0
02/06/2021 04:00:00 AM,0,0,0
02/06/2021 05:00:00 AM,4,2,2
02/06/2021 06:00:00 AM,4,1,3
02/06/2021 07:00:00 AM,7,3,4
02/06/2021 08:00:00 AM,14,7,7
02/06/2021 09:00:00 AM,20,7,13
02/06/2021 10:00:00 AM,45,28,17
02/06/2021 11:00:00 AM,60,35,25
02/06/2021 12:00:00 PM,69,32,37
02/06/2021 01:00:00 PM,66,32,34
02/06/2021 02:00:00 PM,56,30,26
02/06/2021 03:00:00 PM,42,18,24
02/06/2021 04:00:00 PM,56,27,29
02/06/2021 05:00:00 PM,64,33,31
02/06/2021 06:00:00 PM,25,11,14
02/06/2021 07:00:00 PM,10,7,3
02/06/2021 08:00:00 PM,5,4,1
02/06/2021 09:00:00 PM,7,3,4
02/06/2021 10:00:00 PM,8,4,4
02/06/2021 11:00:00 PM,1,1,0
02/07/2021 12:00:00 AM,7,3,4
02/07/2021 01:00:00 AM,1,1,0
02/07/2021 02:00:00 AM,0,0,0
02/07/2021 03:00:00 AM,0,0,0
02/07/2021 04:00:00 AM,1,1,0
02/07/2021 05:00:00 AM,3,0,3
02/07/2021 06:00:00 AM,7,4,3
02/07/2021 07:00:00 AM,13,5,8
02/07/2021 08:00:00 AM,18,8,10
02/07/2021 09:00:00 AM,51,26,25
02/07/2021 10:00:00 AM,50,20,30
02/07/2021 11:00:00 AM,111,65,46
02/07/2021 12:00:00 PM,119,54,65
02/07/2021 01:00:00 PM,122,46,76
02/07/2021 02:00:00 PM,127,69,58
02/07/2021 03:00:00 PM,58,26,32
02/07/2021 04:00:00 PM,42,17,25
02/07/2021 05:00:00 PM,23,12,11
02/07/2021 06:00:00 PM,16,7,9
02/07/2021 07:00:00 PM,8,5,3
02/07/2021 08:00:00 PM,6,6,0
02/07/2021 09:00:00 PM,7,4,3
02/07/2021 10:00:00 PM,2,0,2
02/07/2021 11:00:00 PM,4,3,1
02/08/2021 12:00:00 AM,3,2,1
02/08/2021 01:00:00 AM,3,1,2
02/08/2021 02:00:00 AM,0,0,0
02/08/2021 03:00:00 AM,1,0,1
02/08/2021 04:00:00 AM,2,2,0
02/08/2021 05:00:00 AM,14,2,12
02/08/2021 06:00:00 AM,23,11,12
02/08/2021 07:00:00 AM,54,9,45
02/08/2021 08:00:00 AM,49,11,38
02/08/2021 09:00:00 AM,39,4,35
02/08/2021 10:00:00 AM,25,7,18
02/08/2021 11:00:00 AM,30,14,16
02/08/2021 12:00:00 PM,28,17,11
02/08/2021 01:00:00 PM,36,18,18
02/08/2021 02:00:00 PM,45,29,16
02/08/2021 03:00:00 PM,76,52,24
02/08/2021 04:00:00 PM,85,59,26
02/08/2021 05:00:00 PM,99,70,29
02/08/2021 06:00:00 PM,44,28,16
02/08/2021 07:00:00 PM,20,16,4
02/08/2021 08:00:00 PM,8,5,3
02/08/2021 09:00:00 PM,11,7,4
02/08/2021 10:00:00 PM,6,3,3
02/08/2021 11:00:00 PM,2,1,1
02/09/2021 12:00:00 AM,3,3,0
02/09/2021 01:00:00 AM,1,1,0
02/09/2021 02:00:00 AM,0,0,0
02/09/2021 03:00:00 AM,1,0,1
02/09/2021 04:00:00 AM,2,1,1
02/09/2021 05:00:00 AM,11,4,7
02/09/2021 06:00:00 AM,25,9,16
02/09/2021 07:00:00 AM,51,13,38
02/09/2021 08:00:00 AM,52,8,44
02/09/2021 09:00:00 AM,49,11,38
02/09/2021 10:00:00 AM,28,14,14
02/09/2021 11:00:00 AM,33,12,21
02/09/2021 12:00:00 PM,36,17,19
02/09/2021 01:00:00 PM,41,24,17
02/09/2021 02:00:00 PM,56,25,31
02/09/2021 03:00:00 PM,70,45,25
02/09/2021 04:00:00 PM,109,70,39
02/09/2021 05:00:00 PM,104,78,26
02/09/2021 06:00:00 PM,58,32,26
02/09/2021 07:00:00 PM,21,13,8
02/09/2021 08:00:00 PM,12,11,1
02/09/2021 09:00:00 PM,9,4,5
02/09/2021 10:00:00 PM,6,3,3
02/09/2021 11:00:00 PM,6,5,1
02/10/2021 12:00:00 AM,3,2,1
02/10/2021 01:00:00 AM,0,0,0
02/10/2021 02:00:00 AM,0,0,0
02/10/2021 03:00:00 AM,1,0,1
02/10/2021 04:00:00 AM,1,1,0
02/10/2021 05:00:00 AM,7,3,4
02/10/2021 06:00:00 AM,25,8,17
02/10/2021 07:00:00 AM,41,8,33
02/10/2021 08:00:00 AM,47,7,40
02/10/2021 09:00:00 AM,32,8,24
02/10/2021 10:00:00 AM,36,9,27
02/10/2021 11:00:00 AM,23,11,12
02/10/2021 12:00:00 PM,38,18,20
02/10/2021 01:00:00 PM,39,23,16
02/10/2021 02:00:00 PM,54,26,28
02/10/2021 03:00:00 PM,72,58,14
02/10/2021 04:00:00 PM,92,64,28
02/10/2021 05:00:00 PM,84,59,25
02/10/2021 06:00:00 PM,45,29,16
02/10/2021 07:00:00 PM,17,15,2
02/10/2021 08:00:00 PM,8,3,5
02/10/2021 09:00:00 PM,11,5,6
02/10/2021 10:00:00 PM,5,0,5
02/10/2021 11:00:00 PM,2,1,1
02/11/2021 12:00:00 AM,2,1,1
02/11/2021 01:00:00 AM,0,0,0
02/11/2021 02:00:00 AM,0,0,0
02/11/2021 03:00:00 AM,1,0,1
02/11/2021 04:00:00 AM,1,0,1
02/11/2021 05:00:00 AM,5,3,2
02/11/2021 06:00:00 AM,13,6,7
02/11/2021 07:00:00 AM,32,6,26
02/11/2021 08:00:00 AM,50,8,42
02/11/2021 09:00:00 AM,31,8,23
02/11/2021 10:00:00 AM,19,5,14
02/11/2021 11:00:00 AM,24,6,18
02/11/2021 12:00:00 PM,14,6,8
02/11/2021 01:00:00 PM,13,7,6
02/11/2021 02:00:00 PM,23,16,7
02/11/2021 03:00:00 PM,35,27,8
02/11/2021 04:00:00 PM,41,32,9
02/11/2021 05:00:00 PM,52,41,11
02/11/2021 06:00:00 PM,21,13,8
02/11/2021 07:00:00 PM,7,6,1
02/11/2021 08:00:00 PM,6,4,2
02/11/2021 09:00:00 PM,3,2,1
02/11/2021 10:00:00 PM,3,1,2
02/11/2021 11:00:00 PM,1,0,1
02/12/2021 12:00:00 AM,0,0,0
02/12/2021 01:00:00 AM,0,0,0
02/12/2021 02:00:00 AM,0,0,0
02/12/2021 03:00:00 AM,2,1,1
02/12/2021 04:00:00 AM,4,1,3
02/12/2021 05:00:00 AM,4,3,1
02/12/2021 06:00:00 AM,5,1,4
02/12/2021 07:00:00 AM,14,4,10
02/12/2021 08:00:00 AM,17,5,12
02/12/2021 09:00:00 AM,12,4,8
02/12/2021 10:00:00 AM,15,3,12
02/12/2021 11:00:00 AM,14,2,12
02/12/2021 12:00:00 PM,8,4,4
02/12/2021 01:00:00 PM,12,5,7
02/12/2021 02:00:00 PM,23,16,7
02/12/2021 03:00:00 PM,19,10,9
02/12/2021 04:00:00 PM,27,22,5
02/12/2021 05:00:00 PM,28,17,11
02/12/2021 06:00:00 PM,16,11,5
02/12/2021 07:00:00 PM,10,9,1
02/12/2021 08:00:00 PM,5,4,1
02/12/2021 09:00:00 PM,9,6,3
02/12/2021 10:00:00 PM,2,1,1
02/12/2021 11:00:00 PM,5,2,3
02/13/2021 12:00:00 AM,2,2,0
02/13/2021 01:00:00 AM,0,0,0
02/13/2021 02:00:00 AM,0,0,0
02/13/2021 03:00:00 AM,1,0,1
02/13/2021 04:00:00 AM,0,0,0
02/13/2021 05:00:00 AM,0,0,0
02/13/2021 06:00:00 AM,0,0,0
02/13/2021 07:00:00 AM,0,0,0
02/13/2021 08:00:00 AM,0,0,0
02/13/2021 09:00:00 AM,0,0,0
02/13/2021 10:00:00 AM,0,0,0
02/13/2021 11:00:00 AM,0,0,0
02/13/2021 12:00:00 PM,0,0,0
02/13/2021 01:00:00 PM,0,0,0
02/13/2021 02:00:00 PM,0,0,0
02/13/2021 03:00:00 PM,0,0,0
02/13/2021 04:00:00 PM,0,0,0
02/13/2021 05:00:00 PM,0,0,0
02/13/2021 06:00:00 PM,0,0,0
02/13/2021 07:00:00 PM,0,0,0
02/13/2021 08:00:00 PM,0,0,0
02/13/2021 09:00:00 PM,0,0,0
02/13/2021 10:00:00 PM,0,0,0
02/13/2021 11:00:00 PM,0,0,0
02/14/2021 12:00:00 AM,0,0,0
02/14/2021 01:00:00 AM,0,0,0
02/14/2021 02:00:00 AM,0,0,0
02/14/2021 03:00:00 AM,0,0,0
02/14/2021 04:00:00 AM,0,0,0
02/14/2021 05:00:00 AM,0,0,0
02/14/2021 06:00:00 AM,0,0,0
02/14/2021 07:00:00 AM,0,0,0
02/14/2021 08:00:00 AM,0,0,0
02/14/2021 09:00:00 AM,0,0,0
02/14/2021 10:00:00 AM,0,0,0
02/14/2021 11:00:00 AM,0,0,0
02/14/2021 12:00:00 PM,0,0,0
02/14/2021 01:00:00 PM,0,0,0
02/14/2021 02:00:00 PM,1,0,1
02/14/2021 03:00:00 PM,0,0,0
02/14/2021 04:00:00 PM,0,0,0
02/14/2021 05:00:00 PM,0,0,0
02/14/2021 06:00:00 PM,0,0,0
02/14/2021 07:00:00 PM,0,0,0
02/14/2021 08:00:00 PM,0,0,0
02/14/2021 09:00:00 PM,0,0,0
02/14/2021 10:00:00 PM,0,0,0
02/14/2021 11:00:00 PM,0,0,0
02/15/2021 12:00:00 AM,0,0,0
02/15/2021 01:00:00 AM,0,0,0
02/15/2021 02:00:00 AM,0,0,0
02/15/2021 03:00:00 AM,0,0,0
02/15/2021 04:00:00 AM,0,0,0
02/15/2021 05:00:00 AM,0,0,0
02/15/2021 06:00:00 AM,0,0,0
02/15/2021 07:00:00 AM,0,0,0
02/15/2021 08:00:00 AM,0,0,0
02/15/2021 09:00:00 AM,0,0,0
02/15/2021 10:00:00 AM,0,0,0
02/15/2021 11:00:00 AM,0,0,0
02/15/2021 12:00:00 PM,0,0,0
02/15/2021 01:00:00 PM,0,0,0
02/15/2021 02:00:00 PM,0,0,0
02/15/2021 03:00:00 PM,0,0,0
02/15/2021 04:00:00 PM,0,0,0
02/15/2021 05:00:00 PM,0,0,0
02/15/2021 06:00:00 PM,0,0,0
02/15/2021 07:00:00 PM,0,0,0
02/15/2021 08:00:00 PM,0,0,0
02/15/2021 09:00:00 PM,0,0,0
02/15/2021 10:00:00 PM,0,0,0
02/15/2021 11:00:00 PM,0,0,0
02/16/2021 12:00:00 AM,0,0,0
02/16/2021 01:00:00 AM,0,0,0
02/16/2021 02:00:00 AM,0,0,0
02/16/2021 03:00:00 AM,0,0,0
02/16/2021 04:00:00 AM,0,0,0
02/16/2021 05:00:00 AM,0,0,0
02/16/2021 06:00:00 AM,0,0,0
02/16/2021 07:00:00 AM,0,0,0
02/16/2021 08:00:00 AM,0,0,0
02/16/2021 09:00:00 AM,0,0,0
02/16/2021 10:00:00 AM,0,0,0
02/16/2021 11:00:00 AM,0,0,0
02/16/2021 12:00:00 PM,0,0,0
02/16/2021 01:00:00 PM,0,0,0
02/16/2021 02:00:00 PM,0,0,0
02/16/2021 03:00:00 PM,0,0,0
02/16/2021 04:00:00 PM,0,0,0
02/16/2021 05:00:00 PM,0,0,0
02/16/2021 06:00:00 PM,0,0,0
02/16/2021 07:00:00 PM,0,0,0
02/16/2021 08:00:00 PM,0,0,0
02/16/2021 09:00:00 PM,0,0,0
02/16/2021 10:00:00 PM,0,0,0
02/16/2021 11:00:00 PM,0,0,0
02/17/2021 12:00:00 AM,0,0,0
02/17/2021 01:00:00 AM,0,0,0
02/17/2021 02:00:00 AM,0,0,0
02/17/2021 03:00:00 AM,0,0,0
02/17/2021 04:00:00 AM,0,0,0
02/17/2021 05:00:00 AM,0,0,0
02/17/2021 06:00:00 AM,0,0,0
02/17/2021 07:00:00 AM,0,0,0
02/17/2021 08:00:00 AM,0,0,0
02/17/2021 09:00:00 AM,0,0,0
02/17/2021 10:00:00 AM,0,0,0
02/17/2021 11:00:00 AM,0,0,0
02/17/2021 12:00:00 PM,0,0,0
02/17/2021 01:00:00 PM,0,0,0
02/17/2021 02:00:00 PM,0,0,0
02/17/2021 03:00:00 PM,0,0,0
02/17/2021 04:00:00 PM,0,0,0
02/17/2021 05:00:00 PM,0,0,0
02/17/2021 06:00:00 PM,0,0,0
02/17/2021 07:00:00 PM,0,0,0
02/17/2021 08:00:00 PM,0,0,0
02/17/2021 09:00:00 PM,0,0,0
02/17/2021 10:00:00 PM,0,0,0
02/17/2021 11:00:00 PM,0,0,0
02/18/2021 12:00:00 AM,0,0,0
02/18/2021 01:00:00 AM,0,0,0
02/18/2021 02:00:00 AM,0,0,0
02/18/2021 03:00:00 AM,0,0,0
02/18/2021 04:00:00 AM,0,0,0
02/18/2021 05:00:00 AM,0,0,0
02/18/2021 06:00:00 AM,0,0,0
02/18/2021 07:00:00 AM,0,0,0
02/18/2021 08:00:00 AM,0,0,0
02/18/2021 09:00:00 AM,0,0,0
02/18/2021 10:00:00 AM,0,0,0
02/18/2021 11:00:00 AM,0,0,0
02/18/2021 12:00:00 PM,0,0,0
02/18/2021 01:00:00 PM,0,0,0
02/18/2021 02:00:00 PM,0,0,0
02/18/2021 03:00:00 PM,0,0,0
02/18/2021 04:00:00 PM,0,0,0
02/18/2021 05:00:00 PM,0,0,0
02/18/2021 06:00:00 PM,0,0,0
02/18/2021 07:00:00 PM,0,0,0
02/18/2021 08:00:00 PM,0,0,0
02/18/2021 09:00:00 PM,0,0,0
02/18/2021 10:00:00 PM,0,0,0
02/18/2021 11:00:00 PM,0,0,0
02/19/2021 12:00:00 AM,0,0,0
02/19/2021 01:00:00 AM,0,0,0
02/19/2021 02:00:00 AM,0,0,0
02/19/2021 03:00:00 AM,0,0,0
02/19/2021 04:00:00 AM,0,0,0
02/19/2021 05:00:00 AM,0,0,0
02/19/2021 06:00:00 AM,0,0,0
02/19/2021 07:00:00 AM,0,0,0
02/19/2021 08:00:00 AM,0,0,0
02/19/2021 09:00:00 AM,0,0,0
02/19/2021 10:00:00 AM,0,0,0
02/19/2021 11:00:00 AM,0,0,0
02/19/2021 12:00:00 PM,0,0,0
02/19/2021 01:00:00 PM,0,0,0
02/19/2021 02:00:00 PM,0,0,0
02/19/2021 03:00:00 PM,0,0,0
02/19/2021 04:00:00 PM,0,0,0
02/19/2021 05:00:00 PM,1,1,0
02/19/2021 06:00:00 PM,0,0,0
02/19/2021 07:00:00 PM,0,0,0
02/19/2021 08:00:00 PM,0,0,0
02/19/2021 09:00:00 PM,0,0,0
02/19/2021 10:00:00 PM,0,0,0
02/19/2021 11:00:00 PM,0,0,0
02/20/2021 12:00:00 AM,0,0,0
02/20/2021 01:00:00 AM,0,0,0
02/20/2021 02:00:00 AM,0,0,0
02/20/2021 03:00:00 AM,0,0,0
02/20/2021 04:00:00 AM,0,0,0
02/20/2021 05:00:00 AM,0,0,0
02/20/2021 06:00:00 AM,0,0,0
02/20/2021 07:00:00 AM,0,0,0
02/20/2021 08:00:00 AM,0,0,0
02/20/2021 09:00:00 AM,0,0,0
02/20/2021 10:00:00 AM,0,0,0
02/20/2021 11:00:00 AM,0,0,0
02/20/2021 12:00:00 PM,0,0,0
02/20/2021 01:00:00 PM,0,0,0
02/20/2021 02:00:00 PM,0,0,0
02/20/2021 03:00:00 PM,0,0,0
02/20/2021 04:00:00 PM,0,0,0
02/20/2021 05:00:00 PM,0,0,0
02/20/2021 06:00:00 PM,0,0,0
02/20/2021 07:00:00 PM,0,0,0
02/20/2021 08:00:00 PM,0,0,0
02/20/2021 09:00:00 PM,0,0,0
02/20/2021 10:00:00 PM,0,0,0
02/20/2021 11:00:00 PM,0,0,0
02/21/2021 12:00:00 AM,0,0,0
02/21/2021 01:00:00 AM,0,0,0
02/21/2021 02:00:00 AM,0,0,0
02/21/2021 03:00:00 AM,0,0,0
02/21/2021 04:00:00 AM,0,0,0
02/21/2021 05:00:00 AM,0,0,0
02/21/2021 06:00:00 AM,0,0,0
02/21/2021 07:00:00 AM,0,0,0
02/21/2021 08:00:00 AM,0,0,0
02/21/2021 09:00:00 AM,0,0,0
02/21/2021 10:00:00 AM,0,0,0
02/21/2021 11:00:00 AM,0,0,0
02/21/2021 12:00:00 PM,0,0,0
02/21/2021 01:00:00 PM,0,0,0
02/21/2021 02:00:00 PM,0,0,0
02/21/2021 03:00:00 PM,0,0,0
02/21/2021 04:00:00 PM,0,0,0
02/21/2021 05:00:00 PM,0,0,0
02/21/2021 06:00:00 PM,0,0,0
02/21/2021 07:00:00 PM,0,0,0
02/21/2021 08:00:00 PM,0,0,0
02/21/2021 09:00:00 PM,0,0,0
02/21/2021 10:00:00 PM,0,0,0
02/21/2021 11:00:00 PM,0,0,0
02/22/2021 12:00:00 AM,0,0,0
02/22/2021 01:00:00 AM,0,0,0
02/22/2021 02:00:00 AM,0,0,0
02/22/2021 03:00:00 AM,0,0,0
02/22/2021 04:00:00 AM,0,0,0
02/22/2021 05:00:00 AM,0,0,0
02/22/2021 06:00:00 AM,0,0,0
02/22/2021 07:00:00 AM,0,0,0
02/22/2021 08:00:00 AM,0,0,0
02/22/2021 09:00:00 AM,0,0,0
02/22/2021 10:00:00 AM,0,0,0
02/22/2021 11:00:00 AM,0,0,0
02/22/2021 12:00:00 PM,0,0,0
02/22/2021 01:00:00 PM,0,0,0
02/22/2021 02:00:00 PM,0,0,0
02/22/2021 03:00:00 PM,0,0,0
02/22/2021 04:00:00 PM,0,0,0
02/22/2021 05:00:00 PM,0,0,0
02/22/2021 06:00:00 PM,0,0,0
02/22/2021 07:00:00 PM,0,0,0
02/22/2021 08:00:00 PM,0,0,0
02/22/2021 09:00:00 PM,0,0,0
02/22/2021 10:00:00 PM,0,0,0
02/22/2021 11:00:00 PM,0,0,0
02/23/2021 12:00:00 AM,0,0,0
02/23/2021 01:00:00 AM,0,0,0
02/23/2021 02:00:00 AM,0,0,0
02/23/2021 03:00:00 AM,0,0,0
02/23/2021 04:00:00 AM,0,0,0
02/23/2021 05:00:00 AM,0,0,0
02/23/2021 06:00:00 AM,0,0,0
02/23/2021 07:00:00 AM,0,0,0
02/23/2021 08:00:00 AM,0,0,0
02/23/2021 09:00:00 AM,0,0,0
02/23/2021 10:00:00 AM,0,0,0
02/23/2021 11:00:00 AM,0,0,0
02/23/2021 12:00:00 PM,1,1,0
02/23/2021 01:00:00 PM,1,0,1
02/23/2021 02:00:00 PM,0,0,0
02/23/2021 03:00:00 PM,0,0,0
02/23/2021 04:00:00 PM,0,0,0
02/23/2021 05:00:00 PM,0,0,0
02/23/2021 06:00:00 PM,0,0,0
02/23/2021 07:00:00 PM,0,0,0
02/23/2021 08:00:00 PM,0,0,0
02/23/2021 09:00:00 PM,0,0,0
02/23/2021 10:00:00 PM,0,0,0
02/23/2021 11:00:00 PM,0,0,0
02/24/2021 12:00:00 AM,0,0,0
02/24/2021 01:00:00 AM,0,0,0
02/24/2021 02:00:00 AM,0,0,0
02/24/2021 03:00:00 AM,0,0,0
02/24/2021 04:00:00 AM,0,0,0
02/24/2021 05:00:00 AM,0,0,0
02/24/2021 06:00:00 AM,0,0,0
02/24/2021 07:00:00 AM,0,0,0
02/24/2021 08:00:00 AM,0,0,0
02/24/2021 09:00:00 AM,0,0,0
02/24/2021 10:00:00 AM,0,0,0
02/24/2021 11:00:00 AM,0,0,0
02/24/2021 12:00:00 PM,0,0,0
02/24/2021 01:00:00 PM,0,0,0
02/24/2021 02:00:00 PM,0,0,0
02/24/2021 03:00:00 PM,0,0,0
02/24/2021 04:00:00 PM,0,0,0
02/24/2021 05:00:00 PM,0,0,0
02/24/2021 06:00:00 PM,0,0,0
02/24/2021 07:00:00 PM,0,0,0
02/24/2021 08:00:00 PM,0,0,0
02/24/2021 09:00:00 PM,0,0,0
02/24/2021 10:00:00 PM,0,0,0
02/24/2021 11:00:00 PM,0,0,0
02/25/2021 12:00:00 AM,0,0,0
02/25/2021 01:00:00 AM,0,0,0
02/25/2021 02:00:00 AM,0,0,0
02/25/2021 03:00:00 AM,0,0,0
02/25/2021 04:00:00 AM,0,0,0
02/25/2021 05:00:00 AM,0,0,0
02/25/2021 06:00:00 AM,0,0,0
02/25/2021 07:00:00 AM,0,0,0
02/25/2021 08:00:00 AM,0,0,0
02/25/2021 09:00:00 AM,0,0,0
02/25/2021 10:00:00 AM,0,0,0
02/25/2021 11:00:00 AM,0,0,0
02/25/2021 12:00:00 PM,0,0,0
02/25/2021 01:00:00 PM,0,0,0
02/25/2021 02:00:00 PM,0,0,0
02/25/2021 03:00:00 PM,0,0,0
02/25/2021 04:00:00 PM,0,0,0
02/25/2021 05:00:00 PM,0,0,0
02/25/2021 06:00:00 PM,0,0,0
02/25/2021 07:00:00 PM,0,0,0
02/25/2021 08:00:00 PM,0,0,0
02/25/2021 09:00:00 PM,0,0,0
02/25/2021 10:00:00 PM,0,0,0
02/25/2021 11:00:00 PM,0,0,0
02/26/2021 12:00:00 AM,0,0,0
02/26/2021 01:00:00 AM,0,0,0
02/26/2021 02:00:00 AM,0,0,0
02/26/2021 03:00:00 AM,0,0,0
02/26/2021 04:00:00 AM,0,0,0
02/26/2021 05:00:00 AM,0,0,0
02/26/2021 06:00:00 AM,0,0,0
02/26/2021 07:00:00 AM,0,0,0
02/26/2021 08:00:00 AM,0,0,0
02/26/2021 09:00:00 AM,0,0,0
02/26/2021 10:00:00 AM,0,0,0
02/26/2021 11:00:00 AM,0,0,0
02/26/2021 12:00:00 PM,0,0,0
02/26/2021 01:00:00 PM,0,0,0
02/26/2021 02:00:00 PM,0,0,0
02/26/2021 03:00:00 PM,0,0,0
02/26/2021 04:00:00 PM,0,0,0
02/26/2021 05:00:00 PM,0,0,0
02/26/2021 06:00:00 PM,0,0,0
02/26/2021 07:00:00 PM,0,0,0
02/26/2021 08:00:00 PM,0,0,0
02/26/2021 09:00:00 PM,0,0,0
02/26/2021 10:00:00 PM,0,0,0
02/26/2021 11:00:00 PM,0,0,0
02/27/2021 12:00:00 AM,0,0,0
02/27/2021 01:00:00 AM,0,0,0
02/27/2021 02:00:00 AM,0,0,0
02/27/2021 03:00:00 AM,0,0,0
02/27/2021 04:00:00 AM,0,0,0
02/27/2021 05:00:00 AM,0,0,0
02/27/2021 06:00:00 AM,0,0,0
02/27/2021 07:00:00 AM,0,0,0
02/27/2021 08:00:00 AM,0,0,0
02/27/2021 09:00:00 AM,0,0,0
02/27/2021 10:00:00 AM,0,0,0
02/27/2021 11:00:00 AM,0,0,0
02/27/2021 12:00:00 PM,0,0,0
02/27/2021 01:00:00 PM,0,0,0
02/27/2021 02:00:00 PM,1,0,1
02/27/2021 03:00:00 PM,1,0,1
02/27/2021 04:00:00 PM,2,2,0
02/27/2021 05:00:00 PM,0,0,0
02/27/2021 06:00:00 PM,0,0,0
02/27/2021 07:00:00 PM,0,0,0
02/27/2021 08:00:00 PM,0,0,0
02/27/2021 09:00:00 PM,0,0,0
02/27/2021 10:00:00 PM,0,0,0
02/27/2021 11:00:00 PM,0,0,0
02/28/2021 12:00:00 AM,0,0,0
02/28/2021 01:00:00 AM,0,0,0
02/28/2021 02:00:00 AM,0,0,0
02/28/2021 03:00:00 AM,0,0,0
02/28/2021 04:00:00 AM,0,0,0
02/28/2021 05:00:00 AM,0,0,0
02/28/2021 06:00:00 AM,0,0,0
02/28/2021 07:00:00 AM,0,0,0
02/28/2021 08:00:00 AM,0,0,0
02/28/2021 09:00:00 AM,0,0,0
02/28/2021 10:00:00 AM,0,0,0
02/28/2021 11:00:00 AM,0,0,0
02/28/2021 12:00:00 PM,2,0,2
02/28/2021 01:00:00 PM,0,0,0
02/28/2021 02:00:00 PM,2,0,2
02/28/2021 03:00:00 PM,1,0,1
02/28/2021 04:00:00 PM,0,0,0
02/28/2021 05:00:00 PM,0,0,0
02/28/2021 06:00:00 PM,0,0,0
02/28/2021 07:00:00 PM,0,0,0
02/28/2021 08:00:00 PM,0,0,0
02/28/2021 09:00:00 PM,0,0,0
02/28/2021 10:00:00 PM,0,0,0
02/28/2021 11:00:00 PM,0,0,0
03/01/2021 12:00:00 AM,0,0,0
03/01/2021 01:00:00 AM,0,0,0
03/01/2021 02:00:00 AM,0,0,0
03/01/2021 03:00:00 AM,0,0,0
03/01/2021 04:00:00 AM,0,0,0
03/01/2021 05:00:00 AM,0,0,0
03/01/2021 06:00:00 AM,0,0,0
03/01/2021 07:00:00 AM,0,0,0
03/01/2021 08:00:00 AM,1,0,1
03/01/2021 09:00:00 AM,0,0,0
03/01/2021 10:00:00 AM,0,0,0
03/01/2021 11:00:00 AM,0,0,0
03/01/2021 12:00:00 PM,0,0,0
03/01/2021 01:00:00 PM,0,0,0
03/01/2021 02:00:00 PM,0,0,0
03/01/2021 03:00:00 PM,0,0,0
03/01/2021 04:00:00 PM,0,0,0
03/01/2021 05:00:00 PM,0,0,0
03/01/2021 06:00:00 PM,0,0,0
03/01/2021 07:00:00 PM,1,0,1
03/01/2021 08:00:00 PM,0,0,0
03/01/2021 09:00:00 PM,0,0,0
03/01/2021 10:00:00 PM,0,0,0
03/01/2021 11:00:00 PM,0,0,0
03/02/2021 12:00:00 AM,0,0,0
03/02/2021 01:00:00 AM,0,0,0
03/02/2021 02:00:00 AM,0,0,0
03/02/2021 03:00:00 AM,0,0,0
03/02/2021 04:00:00 AM,0,0,0
03/02/2021 05:00:00 AM,0,0,0
03/02/2021 06:00:00 AM,0,0,0
03/02/2021 07:00:00 AM,1,0,1
03/02/2021 08:00:00 AM,0,0,0
03/02/2021 09:00:00 AM,0,0,0
03/02/2021 10:00:00 AM,0,0,0
03/02/2021 11:00:00 AM,0,0,0
03/02/2021 12:00:00 PM,0,0,0
03/02/2021 01:00:00 PM,0,0,0
03/02/2021 02:00:00 PM,1,0,1
03/02/2021 03:00:00 PM,0,0,0
03/02/2021 04:00:00 PM,0,0,0
03/02/2021 05:00:00 PM,0,0,0
03/02/2021 06:00:00 PM,0,0,0
03/02/2021 07:00:00 PM,0,0,0
03/02/2021 08:00:00 PM,0,0,0
03/02/2021 09:00:00 PM,0,0,0
03/02/2021 10:00:00 PM,0,0,0
03/02/2021 11:00:00 PM,0,0,0
03/03/2021 12:00:00 AM,0,0,0
03/03/2021 01:00:00 AM,0,0,0
03/03/2021 02:00:00 AM,0,0,0
03/03/2021 03:00:00 AM,0,0,0
03/03/2021 04:00:00 AM,0,0,0
03/03/2021 05:00:00 AM,0,0,0
03/03/2021 06:00:00 AM,0,0,0
03/03/2021 07:00:00 AM,0,0,0
03/03/2021 08:00:00 AM,0,0,0
03/03/2021 09:00:00 AM,0,0,0
03/03/2021 10:00:00 AM,0,0,0
03/03/2021 11:00:00 AM,1,1,0
03/03/2021 12:00:00 PM,0,0,0
03/03/2021 01:00:00 PM,0,0,0
03/03/2021 02:00:00 PM,0,0,0
03/03/2021 03:00:00 PM,0,0,0
03/03/2021 04:00:00 PM,1,0,1
03/03/2021 05:00:00 PM,0,0,0
03/03/2021 06:00:00 PM,0,0,0
03/03/2021 07:00:00 PM,0,0,0
03/03/2021 08:00:00 PM,0,0,0
03/03/2021 09:00:00 PM,0,0,0
03/03/2021 10:00:00 PM,0,0,0
03/03/2021 11:00:00 PM,0,0,0
03/04/2021 12:00:00 AM,0,0,0
03/04/2021 01:00:00 AM,0,0,0
03/04/2021 02:00:00 AM,0,0,0
03/04/2021 03:00:00 AM,0,0,0
03/04/2021 04:00:00 AM,0,0,0
03/04/2021 05:00:00 AM,0,0,0
03/04/2021 06:00:00 AM,0,0,0
03/04/2021 07:00:00 AM,1,1,0
03/04/2021 08:00:00 AM,0,0,0
03/04/2021 09:00:00 AM,1,0,1
03/04/2021 10:00:00 AM,0,0,0
03/04/2021 11:00:00 AM,0,0,0
03/04/2021 12:00:00 PM,0,0,0
03/04/2021 01:00:00 PM,13,5,8
03/04/2021 02:00:00 PM,21,14,7
03/04/2021 03:00:00 PM,35,25,10
03/04/2021 04:00:00 PM,46,33,13
03/04/2021 05:00:00 PM,77,67,10
03/04/2021 06:00:00 PM,29,24,5
03/04/2021 07:00:00 PM,19,12,7
03/04/2021 08:00:00 PM,17,12,5
03/04/2021 09:00:00 PM,5,5,0
03/04/2021 10:00:00 PM,5,2,3
03/04/2021 11:00:00 PM,3,2,1
03/05/2021 12:00:00 AM,3,3,0
03/05/2021 01:00:00 AM,0,0,0
03/05/2021 02:00:00 AM,0,0,0
03/05/2021 03:00:00 AM,0,0,0
03/05/2021 04:00:00 AM,1,0,1
03/05/2021 05:00:00 AM,12,4,8
03/05/2021 06:00:00 AM,21,6,15
03/05/2021 07:00:00 AM,44,12,32
03/05/2021 08:00:00 AM,42,6,36
03/05/2021 09:00:00 AM,31,5,26
03/05/2021 10:00:00 AM,22,8,14
03/05/2021 11:00:00 AM,17,6,11
03/05/2021 12:00:00 PM,10,5,5
03/05/2021 01:00:00 PM,18,12,6
03/05/2021 02:00:00 PM,25,16,9
03/05/2021 03:00:00 PM,38,25,13
03/05/2021 04:00:00 PM,51,42,9
03/05/2021 05:00:00 PM,68,42,26
03/05/2021 06:00:00 PM,40,24,16
03/05/2021 07:00:00 PM,15,10,5
03/05/2021 08:00:00 PM,11,8,3
03/05/2021 09:00:00 PM,10,7,3
03/05/2021 10:00:00 PM,6,4,2
03/05/2021 11:00:00 PM,4,3,1
03/06/2021 12:00:00 AM,1,1,0
03/06/2021 01:00:00 AM,1,0,1
03/06/2021 02:00:00 AM,2,1,1
03/06/2021 03:00:00 AM,1,1,0
03/06/2021 04:00:00 AM,3,3,0
03/06/2021 05:00:00 AM,1,0,1
03/06/2021 06:00:00 AM,3,1,2
03/06/2021 07:00:00 AM,15,8,7
03/06/2021 08:00:00 AM,33,17,16
03/06/2021 09:00:00 AM,44,19,25
03/06/2021 10:00:00 AM,75,39,36
03/06/2021 11:00:00 AM,90,52,38
03/06/2021 12:00:00 PM,135,61,74
03/06/2021 01:00:00 PM,151,75,76
03/06/2021 02:00:00 PM,150,82,68
03/06/2021 03:00:00 PM,101,49,52
03/06/2021 04:00:00 PM,69,40,29
03/06/2021 05:00:00 PM,44,22,22
03/06/2021 06:00:00 PM,34,17,17
03/06/2021 07:00:00 PM,19,7,12
03/06/2021 08:00:00 PM,13,7,6
03/06/2021 09:00:00 PM,10,7,3
03/06/2021 10:00:00 PM,9,4,5
03/06/2021 11:00:00 PM,7,2,5
03/07/2021 12:00:00 AM,5,3,2
03/07/2021 01:00:00 AM,3,0,3
03/07/2021 02:00:00 AM,0,0,0
03/07/2021 03:00:00 AM,0,0,0
03/07/2021 04:00:00 AM,0,0,0
03/07/2021 05:00:00 AM,3,0,3
03/07/2021 06:00:00 AM,6,1,5
03/07/2021 07:00:00 AM,5,4,1
03/07/2021 08:00:00 AM,19,12,7
03/07/2021 09:00:00 AM,19,15,4
03/07/2021 10:00:00 AM,36,17,19
03/07/2021 11:00:00 AM,54,33,21
03/07/2021 12:00:00 PM,29,11,18
03/07/2021 01:00:00 PM,46,15,31
03/07/2021 02:00:00 PM,82,50,32
03/07/2021 03:00:00 PM,59,28,31
03/07/2021 04:00:00 PM,39,15,24
03/07/2021 05:00:00 PM,27,14,13
03/07/2021 06:00:00 PM,9,4,5
03/07/2021 07:00:00 PM,14,8,6
03/07/2021 08:00:00 PM,9,2,7
03/07/2021 09:00:00 PM,4,3,1
03/07/2021 10:00:00 PM,2,1,1
03/07/2021 11:00:00 PM,0,0,0
03/08/2021 12:00:00 AM,0,0,0
03/08/2021 01:00:00 AM,1,1,0
03/08/2021 02:00:00 AM,0,0,0
03/08/2021 03:00:00 AM,0,0,0
03/08/2021 04:00:00 AM,3,3,0
03/08/2021 05:00:00 AM,7,3,4
03/08/2021 06:00:00 AM,22,6,16
03/08/2021 07:00:00 AM,50,6,44
03/08/2021 08:00:00 AM,59,12,47
03/08/2021 09:00:00 AM,66,14,52
03/08/2021 10:00:00 AM,37,13,24
03/08/2021 11:00:00 AM,42,21,21
03/08/2021 12:00:00 PM,46,19,27
03/08/2021 01:00:00 PM,48,28,20
03/08/2021 02:00:00 PM,61,34,27
03/08/2021 03:00:00 PM,76,44,32
03/08/2021 04:00:00 PM,123,84,39
03/08/2021 05:00:00 PM,147,94,53
03/08/2021 06:00:00 PM,67,38,29
03/08/2021 07:00:00 PM,38,26,12
03/08/2021 08:00:00 PM,16,10,6
03/08/2021 09:00:00 PM,9,5,4
03/08/2021 10:00:00 PM,3,3,0
03/08/2021 11:00:00 PM,5,3,2
03/09/2021 12:00:00 AM,2,2,0
03/09/2021 01:00:00 AM,2,2,0
03/09/2021 02:00:00 AM,0,0,0
03/09/2021 03:00:00 AM,1,0,1
03/09/2021 04:00:00 AM,2,0,2
03/09/2021 05:00:00 AM,10,5,5
03/09/2021 06:00:00 AM,34,9,25
03/09/2021 07:00:00 AM,69,12,57
03/09/2021 08:00:00 AM,80,18,62
03/09/2021 09:00:00 AM,40,10,30
03/09/2021 10:00:00 AM,25,6,19
03/09/2021 11:00:00 AM,34,16,18
03/09/2021 12:00:00 PM,33,15,18
03/09/2021 01:00:00 PM,49,28,21
03/09/2021 02:00:00 PM,63,42,21
03/09/2021 03:00:00 PM,71,48,23
03/09/2021 04:00:00 PM,114,72,42
03/09/2021 05:00:00 PM,128,100,28
03/09/2021 06:00:00 PM,81,45,36
03/09/2021 07:00:00 PM,42,20,22
03/09/2021 08:00:00 PM,18,9,9
03/09/2021 09:00:00 PM,11,10,1
03/09/2021 10:00:00 PM,5,0,5
03/09/2021 11:00:00 PM,5,3,2
03/10/2021 12:00:00 AM,3,2,1
03/10/2021 01:00:00 AM,0,0,0
03/10/2021 02:00:00 AM,1,0,1
03/10/2021 03:00:00 AM,0,0,0
03/10/2021 04:00:00 AM,2,1,1
03/10/2021 05:00:00 AM,9,4,5
03/10/2021 06:00:00 AM,32,10,22
03/10/2021 07:00:00 AM,76,16,60
03/10/2021 08:00:00 AM,76,14,62
03/10/2021 09:00:00 AM,70,22,48
03/10/2021 10:00:00 AM,59,22,37
03/10/2021 11:00:00 AM,45,16,29
03/10/2021 12:00:00 PM,66,31,35
03/10/2021 01:00:00 PM,66,30,36
03/10/2021 02:00:00 PM,84,46,38
03/10/2021 03:00:00 PM,113,72,41
03/10/2021 04:00:00 PM,174,121,53
03/10/2021 05:00:00 PM,202,144,58
03/10/2021 06:00:00 PM,105,65,40
03/10/2021 07:00:00 PM,30,18,12
03/10/2021 08:00:00 PM,27,14,13
03/10/2021 09:00:00 PM,13,8,5
03/10/2021 10:00:00 PM,12,8,4
03/10/2021 11:00:00 PM,2,1,1
03/11/2021 12:00:00 AM,1,1,0
03/11/2021 01:00:00 AM,0,0,0
03/11/2021 02:00:00 AM,0,0,0
03/11/2021 03:00:00 AM,0,0,0
03/11/2021 04:00:00 AM,5,3,2
03/11/2021 05:00:00 AM,11,3,8
03/11/2021 06:00:00 AM,36,11,25
03/11/2021 07:00:00 AM,55,10,45
03/11/2021 08:00:00 AM,99,28,71
03/11/2021 09:00:00 AM,62,15,47
03/11/2021 10:00:00 AM,46,14,32
03/11/2021 11:00:00 AM,53,21,32
03/11/2021 12:00:00 PM,65,31,34
03/11/2021 01:00:00 PM,77,42,35
03/11/2021 02:00:00 PM,73,47,26
03/11/2021 03:00:00 PM,104,70,34
03/11/2021 04:00:00 PM,164,103,61
03/11/2021 05:00:00 PM,197,128,69
03/11/2021 06:00:00 PM,97,61,36
03/11/2021 07:00:00 PM,29,19,10
03/11/2021 08:00:00 PM,38,18,20
03/11/2021 09:00:00 PM,20,12,8
03/11/2021 10:00:00 PM,8,1,7
03/11/2021 11:00:00 PM,4,1,3
03/12/2021 12:00:00 AM,2,2,0
03/12/2021 01:00:00 AM,1,1,0
03/12/2021 02:00:00 AM,0,0,0
03/12/2021 03:00:00 AM,0,0,0
03/12/2021 04:00:00 AM,3,1,2
03/12/2021 05:00:00 AM,10,5,5
03/12/2021 06:00:00 AM,28,11,17
03/12/2021 07:00:00 AM,64,21,43
03/12/2021 08:00:00 AM,80,20,60
03/12/2021 09:00:00 AM,59,23,36
03/12/2021 10:00:00 AM,50,24,26
03/12/2021 11:00:00 AM,56,19,37
03/12/2021 12:00:00 PM,45,18,27
03/12/2021 01:00:00 PM,58,37,21
03/12/2021 02:00:00 PM,99,52,47
03/12/2021 03:00:00 PM,120,83,37
03/12/2021 04:00:00 PM,156,106,50
03/12/2021 05:00:00 PM,171,106,65
03/12/2021 06:00:00 PM,100,58,42
03/12/2021 07:00:00 PM,44,23,21
03/12/2021 08:00:00 PM,37,19,18
03/12/2021 09:00:00 PM,27,11,16
03/12/2021 10:00:00 PM,7,4,3
03/12/2021 11:00:00 PM,8,5,3
03/13/2021 12:00:00 AM,5,3,2
03/13/2021 01:00:00 AM,3,2,1
03/13/2021 02:00:00 AM,1,1,0
03/13/2021 03:00:00 AM,0,0,0
03/13/2021 04:00:00 AM,0,0,0
03/13/2021 05:00:00 AM,3,1,2
03/13/2021 06:00:00 AM,5,2,3
03/13/2021 07:00:00 AM,26,15,11
03/13/2021 08:00:00 AM,38,22,16
03/13/2021 09:00:00 AM,62,37,25
03/13/2021 10:00:00 AM,110,55,55
03/13/2021 11:00:00 AM,148,77,71
03/13/2021 12:00:00 PM,168,89,79
03/13/2021 01:00:00 PM,188,107,81
03/13/2021 02:00:00 PM,258,157,101
03/13/2021 03:00:00 PM,210,90,120
03/13/2021 04:00:00 PM,207,111,96
03/13/2021 05:00:00 PM,119,47,72
03/13/2021 06:00:00 PM,100,34,66
03/13/2021 07:00:00 PM,29,10,19
03/13/2021 08:00:00 PM,24,8,16
03/13/2021 09:00:00 PM,12,5,7
03/13/2021 10:00:00 PM,10,4,6
03/13/2021 11:00:00 PM,13,6,7
03/14/2021 12:00:00 AM,1,1,0
03/14/2021 01:00:00 AM,1,0,1
03/14/2021 02:00:00 AM,,,
03/14/2021 03:00:00 AM,3,3,0
03/14/2021 04:00:00 AM,0,0,0
03/14/2021 05:00:00 AM,2,0,2
03/14/2021 06:00:00 AM,6,2,4
03/14/2021 07:00:00 AM,6,4,2
03/14/2021 08:00:00 AM,17,5,12
03/14/2021 09:00:00 AM,30,10,20
03/14/2021 10:00:00 AM,22,11,11
03/14/2021 11:00:00 AM,12,3,9
03/14/2021 12:00:00 PM,11,6,5
03/14/2021 01:00:00 PM,13,10,3
03/14/2021 02:00:00 PM,15,9,6
03/14/2021 03:00:00 PM,13,8,5
03/14/2021 04:00:00 PM,15,5,10
03/14/2021 05:00:00 PM,4,3,1
03/14/2021 06:00:00 PM,8,4,4
03/14/2021 07:00:00 PM,9,9,0
03/14/2021 08:00:00 PM,8,3,5
03/14/2021 09:00:00 PM,2,2,0
03/14/2021 10:00:00 PM,9,5,4
03/14/2021 11:00:00 PM,0,0,0
03/15/2021 12:00:00 AM,1,1,0
03/15/2021 01:00:00 AM,0,0,0
03/15/2021 02:00:00 AM,0,0,0
03/15/2021 03:00:00 AM,0,0,0
03/15/2021 04:00:00 AM,4,1,3
03/15/2021 05:00:00 AM,7,3,4
03/15/2021 06:00:00 AM,35,10,25
03/15/2021 07:00:00 AM,44,6,38
03/15/2021 08:00:00 AM,61,6,55
03/15/2021 09:00:00 AM,52,15,37
03/15/2021 10:00:00 AM,29,11,18
03/15/2021 11:00:00 AM,32,12,20
03/15/2021 12:00:00 PM,29,11,18
03/15/2021 01:00:00 PM,37,18,19
03/15/2021 02:00:00 PM,47,32,15
03/15/2021 03:00:00 PM,69,52,17
03/15/2021 04:00:00 PM,115,76,39
03/15/2021 05:00:00 PM,154,115,39
03/15/2021 06:00:00 PM,78,50,28
03/15/2021 07:00:00 PM,50,26,24
03/15/2021 08:00:00 PM,26,12,14
03/15/2021 09:00:00 PM,18,9,9
03/15/2021 10:00:00 PM,11,4,7
03/15/2021 11:00:00 PM,4,3,1
03/16/2021 12:00:00 AM,1,1,0
03/16/2021 01:00:00 AM,1,1,0
03/16/2021 02:00:00 AM,0,0,0
03/16/2021 03:00:00 AM,0,0,0
03/16/2021 04:00:00 AM,4,1,3
03/16/2021 05:00:00 AM,11,4,7
03/16/2021 06:00:00 AM,31,8,23
03/16/2021 07:00:00 AM,68,16,52
03/16/2021 08:00:00 AM,64,5,59
03/16/2021 09:00:00 AM,63,15,48
03/16/2021 10:00:00 AM,43,19,24
03/16/2021 11:00:00 AM,38,18,20
03/16/2021 12:00:00 PM,58,35,23
03/16/2021 01:00:00 PM,47,21,26
03/16/2021 02:00:00 PM,63,44,19
03/16/2021 03:00:00 PM,102,62,40
03/16/2021 04:00:00 PM,157,106,51
03/16/2021 05:00:00 PM,169,117,52
03/16/2021 06:00:00 PM,141,79,62
03/16/2021 07:00:00 PM,61,31,30
03/16/2021 08:00:00 PM,39,25,14
03/16/2021 09:00:00 PM,16,5,11
03/16/2021 10:00:00 PM,10,4,6
03/16/2021 11:00:00 PM,5,4,1
03/17/2021 12:00:00 AM,0,0,0
03/17/2021 01:00:00 AM,2,0,2
03/17/2021 02:00:00 AM,0,0,0
03/17/2021 03:00:00 AM,0,0,0
03/17/2021 04:00:00 AM,4,2,2
03/17/2021 05:00:00 AM,8,3,5
03/17/2021 06:00:00 AM,20,6,14
03/17/2021 07:00:00 AM,75,17,58
03/17/2021 08:00:00 AM,73,18,55
03/17/2021 09:00:00 AM,53,12,41
03/17/2021 10:00:00 AM,38,13,25
03/17/2021 11:00:00 AM,35,16,19
03/17/2021 12:00:00 PM,40,25,15
03/17/2021 01:00:00 PM,50,22,28
03/17/2021 02:00:00 PM,69,38,31
03/17/2021 03:00:00 PM,89,55,34
03/17/2021 04:00:00 PM,143,88,55
03/17/2021 05:00:00 PM,221,158,63
03/17/2021 06:00:00 PM,137,81,56
03/17/2021 07:00:00 PM,61,27,34
03/17/2021 08:00:00 PM,21,12,9
03/17/2021 09:00:00 PM,18,10,8
03/17/2021 10:00:00 PM,19,12,7
03/17/2021 11:00:00 PM,12,6,6
03/18/2021 12:00:00 AM,1,1,0
03/18/2021 01:00:00 AM,0,0,0
03/18/2021 02:00:00 AM,1,1,0
03/18/2021 03:00:00 AM,1,0,1
03/18/2021 04:00:00 AM,4,2,2
03/18/2021 05:00:00 AM,10,4,6
03/18/2021 06:00:00 AM,25,5,20
03/18/2021 07:00:00 AM,46,12,34
03/18/2021 08:00:00 AM,60,10,50
03/18/2021 09:00:00 AM,48,9,39
03/18/2021 10:00:00 AM,36,11,25
03/18/2021 11:00:00 AM,14,8,6
03/18/2021 12:00:00 PM,12,6,6
03/18/2021 01:00:00 PM,19,7,12
03/18/2021 02:00:00 PM,25,16,9
03/18/2021 03:00:00 PM,43,25,18
03/18/2021 04:00:00 PM,41,30,11
03/18/2021 05:00:00 PM,80,71,9
03/18/2021 06:00:00 PM,31,26,5
03/18/2021 07:00:00 PM,25,15,10
03/18/2021 08:00:00 PM,14,9,5
03/18/2021 09:00:00 PM,4,4,0
03/18/2021 10:00:00 PM,6,1,5
03/18/2021 11:00:00 PM,3,1,2
03/19/2021 12:00:00 AM,1,1,0
03/19/2021 01:00:00 AM,1,1,0
03/19/2021 02:00:00 AM,0,0,0
03/19/2021 03:00:00 AM,0,0,0
03/19/2021 04:00:00 AM,0,0,0
03/19/2021 05:00:00 AM,11,6,5
03/19/2021 06:00:00 AM,20,2,18
03/19/2021 07:00:00 AM,43,12,31
03/19/2021 08:00:00 AM,44,7,37
03/19/2021 09:00:00 AM,40,9,31
03/19/2021 10:00:00 AM,26,13,13
03/19/2021 11:00:00 AM,30,13,17
03/19/2021 12:00:00 PM,54,25,29
03/19/2021 01:00:00 PM,64,39,25
03/19/2021 02:00:00 PM,59,36,23
03/19/2021 03:00:00 PM,79,54,25
03/19/2021 04:00:00 PM,64,42,22
03/19/2021 05:00:00 PM,70,57,13
03/19/2021 06:00:00 PM,44,31,13
03/19/2021 07:00:00 PM,24,13,11
03/19/2021 08:00:00 PM,19,14,5
03/19/2021 09:00:00 PM,3,3,0
03/19/2021 10:00:00 PM,8,5,3
03/19/2021 11:00:00 PM,11,7,4
03/20/2021 12:00:00 AM,4,2,2
03/20/2021 01:00:00 AM,0,0,0
03/20/2021 02:00:00 AM,0,0,0
03/20/2021 03:00:00 AM,0,0,0
03/20/2021 04:00:00 AM,0,0,0
03/20/2021 05:00:00 AM,1,0,1
03/20/2021 06:00:00 AM,3,1,2
03/20/2021 07:00:00 AM,10,3,7
03/20/2021 08:00:00 AM,13,5,8
03/20/2021 09:00:00 AM,23,13,10
03/20/2021 10:00:00 AM,30,12,18
03/20/2021 11:00:00 AM,45,21,24
03/20/2021 12:00:00 PM,52,31,21
03/20/2021 01:00:00 PM,69,33,36
03/20/2021 02:00:00 PM,71,42,29
03/20/2021 03:00:00 PM,86,51,35
03/20/2021 04:00:00 PM,79,38,41
03/20/2021 05:00:00 PM,53,24,29
03/20/2021 06:00:00 PM,24,11,13
03/20/2021 07:00:00 PM,15,12,3
03/20/2021 08:00:00 PM,12,7,5
03/20/2021 09:00:00 PM,2,2,0
03/20/2021 10:00:00 PM,5,4,1
03/20/2021 11:00:00 PM,4,2,2
03/21/2021 12:00:00 AM,1,1,0
03/21/2021 01:00:00 AM,1,1,0
03/21/2021 02:00:00 AM,1,0,1
03/21/2021 03:00:00 AM,0,0,0
03/21/2021 04:00:00 AM,0,0,0
03/21/2021 05:00:00 AM,3,0,3
03/21/2021 06:00:00 AM,6,1,5
03/21/2021 07:00:00 AM,8,3,5
03/21/2021 08:00:00 AM,21,11,10
03/21/2021 09:00:00 AM,39,14,25
03/21/2021 10:00:00 AM,44,28,16
03/21/2021 11:00:00 AM,22,10,12
03/21/2021 12:00:00 PM,28,19,9
03/21/2021 01:00:00 PM,31,19,12
03/21/2021 02:00:00 PM,47,15,32
03/21/2021 03:00:00 PM,30,17,13
03/21/2021 04:00:00 PM,23,9,14
03/21/2021 05:00:00 PM,24,10,14
03/21/2021 06:00:00 PM,13,8,5
03/21/2021 07:00:00 PM,15,9,6
03/21/2021 08:00:00 PM,8,1,7
03/21/2021 09:00:00 PM,3,3,0
03/21/2021 10:00:00 PM,7,5,2
03/21/2021 11:00:00 PM,2,2,0
03/22/2021 12:00:00 AM,0,0,0
03/22/2021 01:00:00 AM,2,2,0
03/22/2021 02:00:00 AM,1,1,0
03/22/2021 03:00:00 AM,0,0,0
03/22/2021 04:00:00 AM,4,3,1
03/22/2021 05:00:00 AM,6,2,4
03/22/2021 06:00:00 AM,22,7,15
03/22/2021 07:00:00 AM,49,7,42
03/22/2021 08:00:00 AM,45,4,41
03/22/2021 09:00:00 AM,37,3,34
03/22/2021 10:00:00 AM,25,12,13
03/22/2021 11:00:00 AM,37,16,21
03/22/2021 12:00:00 PM,27,17,10
03/22/2021 01:00:00 PM,37,16,21
03/22/2021 02:00:00 PM,21,9,12
03/22/2021 03:00:00 PM,39,21,18
03/22/2021 04:00:00 PM,78,62,16
03/22/2021 05:00:00 PM,153,115,38
03/22/2021 06:00:00 PM,114,65,49
03/22/2021 07:00:00 PM,78,31,47
03/22/2021 08:00:00 PM,31,15,16
03/22/2021 09:00:00 PM,9,7,2
03/22/2021 10:00:00 PM,5,5,0
03/22/2021 11:00:00 PM,3,2,1
03/23/2021 12:00:00 AM,3,2,1
03/23/2021 01:00:00 AM,0,0,0
03/23/2021 02:00:00 AM,1,0,1
03/23/2021 03:00:00 AM,0,0,0
03/23/2021 04:00:00 AM,1,1,0
03/23/2021 05:00:00 AM,9,6,3
03/23/2021 06:00:00 AM,31,6,25
03/23/2021 07:00:00 AM,69,12,57
03/23/2021 08:00:00 AM,75,13,62
03/23/2021 09:00:00 AM,62,17,45
03/23/2021 10:00:00 AM,51,14,37
03/23/2021 11:00:00 AM,50,22,28
03/23/2021 12:00:00 PM,41,28,13
03/23/2021 01:00:00 PM,52,23,29
03/23/2021 02:00:00 PM,88,53,35
03/23/2021 03:00:00 PM,107,57,50
03/23/2021 04:00:00 PM,167,119,48
03/23/2021 05:00:00 PM,193,142,51
03/23/2021 06:00:00 PM,152,87,65
03/23/2021 07:00:00 PM,78,41,37
03/23/2021 08:00:00 PM,36,14,22
03/23/2021 09:00:00 PM,13,9,4
03/23/2021 10:00:00 PM,8,5,3
03/23/2021 11:00:00 PM,7,2,5
03/24/2021 12:00:00 AM,5,2,3
03/24/2021 01:00:00 AM,3,1,2
03/24/2021 02:00:00 AM,0,0,0
03/24/2021 03:00:00 AM,0,0,0
03/24/2021 04:00:00 AM,1,1,0
03/24/2021 05:00:00 AM,7,5,2
03/24/2021 06:00:00 AM,26,6,20
03/24/2021 07:00:00 AM,56,12,44
03/24/2021 08:00:00 AM,58,9,49
03/24/2021 09:00:00 AM,34,9,25
03/24/2021 10:00:00 AM,22,6,16
03/24/2021 11:00:00 AM,23,10,13
03/24/2021 12:00:00 PM,29,18,11
03/24/2021 01:00:00 PM,29,12,17
03/24/2021 02:00:00 PM,32,20,12
03/24/2021 03:00:00 PM,33,22,11
03/24/2021 04:00:00 PM,52,34,18
03/24/2021 05:00:00 PM,55,47,8
03/24/2021 06:00:00 PM,30,25,5
03/24/2021 07:00:00 PM,35,28,7
03/24/2021 08:00:00 PM,10,5,5
03/24/2021 09:00:00 PM,10,6,4
03/24/2021 10:00:00 PM,9,5,4
03/24/2021 11:00:00 PM,4,2,2
03/25/2021 12:00:00 AM,1,1,0
03/25/2021 01:00:00 AM,0,0,0
03/25/2021 02:00:00 AM,0,0,0
03/25/2021 03:00:00 AM,0,0,0
03/25/2021 04:00:00 AM,1,0,1
03/25/2021 05:00:00 AM,8,4,4
03/25/2021 06:00:00 AM,19,3,16
03/25/2021 07:00:00 AM,50,12,38
03/25/2021 08:00:00 AM,59,6,53
03/25/2021 09:00:00 AM,54,18,36
03/25/2021 10:00:00 AM,29,9,20
03/25/2021 11:00:00 AM,22,8,14
03/25/2021 12:00:00 PM,32,16,16
03/25/2021 01:00:00 PM,47,24,23
03/25/2021 02:00:00 PM,48,30,18
03/25/2021 03:00:00 PM,69,48,21
03/25/2021 04:00:00 PM,115,78,37
03/25/2021 05:00:00 PM,175,117,58
03/25/2021 06:00:00 PM,159,92,67
03/25/2021 07:00:00 PM,64,32,32
03/25/2021 08:00:00 PM,33,14,19
03/25/2021 09:00:00 PM,23,13,10
03/25/2021 10:00:00 PM,6,5,1
03/25/2021 11:00:00 PM,8,3,5
03/26/2021 12:00:00 AM,6,2,4
03/26/2021 01:00:00 AM,1,1,0
03/26/2021 02:00:00 AM,0,0,0
03/26/2021 03:00:00 AM,0,0,0
03/26/2021 04:00:00 AM,1,0,1
03/26/2021 05:00:00 AM,14,7,7
03/26/2021 06:00:00 AM,27,10,17
03/26/2021 07:00:00 AM,66,12,54
03/26/2021 08:00:00 AM,70,12,58
03/26/2021 09:00:00 AM,56,13,43
03/26/2021 10:00:00 AM,33,14,19
03/26/2021 11:00:00 AM,43,22,21
03/26/2021 12:00:00 PM,55,33,22
03/26/2021 01:00:00 PM,53,25,28
03/26/2021 02:00:00 PM,65,34,31
03/26/2021 03:00:00 PM,63,35,28
03/26/2021 04:00:00 PM,114,80,34
03/26/2021 05:00:00 PM,143,113,30
03/26/2021 06:00:00 PM,119,82,37
03/26/2021 07:00:00 PM,75,31,44
03/26/2021 08:00:00 PM,33,16,17
03/26/2021 09:00:00 PM,17,10,7
03/26/2021 10:00:00 PM,15,10,5
03/26/2021 11:00:00 PM,17,7,10
03/27/2021 12:00:00 AM,3,3,0
03/27/2021 01:00:00 AM,0,0,0
03/27/2021 02:00:00 AM,0,0,0
03/27/2021 03:00:00 AM,3,3,0
03/27/2021 04:00:00 AM,4,4,0
03/27/2021 05:00:00 AM,3,1,2
03/27/2021 06:00:00 AM,7,3,4
03/27/2021 07:00:00 AM,17,6,11
03/27/2021 08:00:00 AM,24,15,9
03/27/2021 09:00:00 AM,57,32,25
03/27/2021 10:00:00 AM,77,46,31
03/27/2021 11:00:00 AM,88,52,36
03/27/2021 12:00:00 PM,130,70,60
03/27/2021 01:00:00 PM,114,63,51
03/27/2021 02:00:00 PM,184,95,89
03/27/2021 03:00:00 PM,195,109,86
03/27/2021 04:00:00 PM,160,75,85
03/27/2021 05:00:00 PM,124,59,65
03/27/2021 06:00:00 PM,90,31,59
03/27/2021 07:00:00 PM,56,22,34
03/27/2021 08:00:00 PM,40,11,29
03/27/2021 09:00:00 PM,13,7,6
03/27/2021 10:00:00 PM,7,5,2
03/27/2021 11:00:00 PM,13,8,5
03/28/2021 12:00:00 AM,4,4,0
03/28/2021 01:00:00 AM,0,0,0
03/28/2021 02:00:00 AM,0,0,0
03/28/2021 03:00:00 AM,0,0,0
03/28/2021 04:00:00 AM,0,0,0
03/28/2021 05:00:00 AM,3,0,3
03/28/2021 06:00:00 AM,8,2,6
03/28/2021 07:00:00 AM,10,7,3
03/28/2021 08:00:00 AM,9,4,5
03/28/2021 09:00:00 AM,18,8,10
03/28/2021 10:00:00 AM,23,13,10
03/28/2021 11:00:00 AM,14,5,9
03/28/2021 12:00:00 PM,17,9,8
03/28/2021 01:00:00 PM,7,4,3
03/28/2021 02:00:00 PM,6,3,3
03/28/2021 03:00:00 PM,7,5,2
03/28/2021 04:00:00 PM,17,12,5
03/28/2021 05:00:00 PM,30,14,16
03/28/2021 06:00:00 PM,24,11,13
03/28/2021 07:00:00 PM,34,17,17
03/28/2021 08:00:00 PM,19,8,11
03/28/2021 09:00:00 PM,5,5,0
03/28/2021 10:00:00 PM,2,1,1
03/28/2021 11:00:00 PM,3,2,1
03/29/2021 12:00:00 AM,1,1,0
03/29/2021 01:00:00 AM,1,1,0
03/29/2021 02:00:00 AM,0,0,0
03/29/2021 03:00:00 AM,0,0,0
03/29/2021 04:00:00 AM,5,3,2
03/29/2021 05:00:00 AM,9,4,5
03/29/2021 06:00:00 AM,34,14,20
03/29/2021 07:00:00 AM,57,13,44
03/29/2021 08:00:00 AM,89,13,76
03/29/2021 09:00:00 AM,62,9,53
03/29/2021 10:00:00 AM,44,21,23
03/29/2021 11:00:00 AM,49,22,27
03/29/2021 12:00:00 PM,50,27,23
03/29/2021 01:00:00 PM,55,26,29
03/29/2021 02:00:00 PM,65,39,26
03/29/2021 03:00:00 PM,77,54,23
03/29/2021 04:00:00 PM,116,72,44
03/29/2021 05:00:00 PM,177,138,39
03/29/2021 06:00:00 PM,126,89,37
03/29/2021 07:00:00 PM,70,32,38
03/29/2021 08:00:00 PM,30,17,13
03/29/2021 09:00:00 PM,17,7,10
03/29/2021 10:00:00 PM,13,5,8
03/29/2021 11:00:00 PM,6,3,3
03/30/2021 12:00:00 AM,3,2,1
03/30/2021 01:00:00 AM,1,1,0
03/30/2021 02:00:00 AM,1,0,1
03/30/2021 03:00:00 AM,0,0,0
03/30/2021 04:00:00 AM,1,0,1
03/30/2021 05:00:00 AM,14,5,9
03/30/2021 06:00:00 AM,35,10,25
03/30/2021 07:00:00 AM,61,10,51
03/30/2021 08:00:00 AM,91,16,75
03/30/2021 09:00:00 AM,65,14,51
03/30/2021 10:00:00 AM,46,24,22
03/30/2021 11:00:00 AM,53,23,30
03/30/2021 12:00:00 PM,18,6,12
03/30/2021 01:00:00 PM,0,0,0
03/30/2021 02:00:00 PM,0,0,0
03/30/2021 03:00:00 PM,0,0,0
03/30/2021 04:00:00 PM,0,0,0
03/30/2021 05:00:00 PM,0,0,0
03/30/2021 06:00:00 PM,0,0,0
03/30/2021 07:00:00 PM,0,0,0
03/30/2021 08:00:00 PM,0,0,0
03/30/2021 09:00:00 PM,0,0,0
03/30/2021 10:00:00 PM,0,0,0
03/30/2021 11:00:00 PM,0,0,0
03/31/2021 12:00:00 AM,0,0,0
03/31/2021 01:00:00 AM,0,0,0
03/31/2021 02:00:00 AM,0,0,0
03/31/2021 03:00:00 AM,0,0,0
03/31/2021 04:00:00 AM,0,0,0
03/31/2021 05:00:00 AM,0,0,0
03/31/2021 06:00:00 AM,0,0,0
03/31/2021 07:00:00 AM,0,0,0
03/31/2021 08:00:00 AM,0,0,0
03/31/2021 09:00:00 AM,0,0,0
03/31/2021 10:00:00 AM,0,0,0
03/31/2021 11:00:00 AM,0,0,0
03/31/2021 12:00:00 PM,26,18,8
03/31/2021 01:00:00 PM,69,37,32
03/31/2021 02:00:00 PM,88,49,39
03/31/2021 03:00:00 PM,113,78,35
03/31/2021 04:00:00 PM,158,103,55
03/31/2021 05:00:00 PM,246,164,82
03/31/2021 06:00:00 PM,192,129,63
03/31/2021 07:00:00 PM,108,38,70
03/31/2021 08:00:00 PM,42,20,22
03/31/2021 09:00:00 PM,17,4,13
03/31/2021 10:00:00 PM,17,9,8
03/31/2021 11:00:00 PM,9,6,3
04/01/2021 12:00:00 AM,2,0,2
04/01/2021 01:00:00 AM,1,0,1
04/01/2021 02:00:00 AM,0,0,0
04/01/2021 03:00:00 AM,0,0,0
04/01/2021 04:00:00 AM,4,3,1
04/01/2021 05:00:00 AM,12,5,7
04/01/2021 06:00:00 AM,33,6,27
04/01/2021 07:00:00 AM,77,18,59
04/01/2021 08:00:00 AM,81,14,67
04/01/2021 09:00:00 AM,65,16,49
04/01/2021 10:00:00 AM,47,17,30
04/01/2021 11:00:00 AM,37,11,26
04/01/2021 12:00:00 PM,58,25,33
04/01/2021 01:00:00 PM,56,34,22
04/01/2021 02:00:00 PM,74,38,36
04/01/2021 03:00:00 PM,101,64,37
04/01/2021 04:00:00 PM,134,88,46
04/01/2021 05:00:00 PM,187,130,57
04/01/2021 06:00:00 PM,139,74,65
04/01/2021 07:00:00 PM,69,37,32
04/01/2021 08:00:00 PM,45,25,20
04/01/2021 09:00:00 PM,17,11,6
04/01/2021 10:00:00 PM,8,7,1
04/01/2021 11:00:00 PM,16,12,4
04/02/2021 12:00:00 AM,2,1,1
04/02/2021 01:00:00 AM,4,4,0
04/02/2021 02:00:00 AM,0,0,0
04/02/2021 03:00:00 AM,0,0,0
04/02/2021 04:00:00 AM,3,1,2
04/02/2021 05:00:00 AM,12,6,6
04/02/2021 06:00:00 AM,26,13,13
04/02/2021 07:00:00 AM,71,16,55
04/02/2021 08:00:00 AM,76,19,57
04/02/2021 09:00:00 AM,54,11,43
04/02/2021 10:00:00 AM,43,14,29
04/02/2021 11:00:00 AM,42,20,22
04/02/2021 12:00:00 PM,45,26,19
04/02/2021 01:00:00 PM,48,23,25
04/02/2021 02:00:00 PM,90,50,40
04/02/2021 03:00:00 PM,116,74,42
04/02/2021 04:00:00 PM,160,112,48
04/02/2021 05:00:00 PM,178,112,66
04/02/2021 06:00:00 PM,107,65,42
04/02/2021 07:00:00 PM,74,32,42
04/02/2021 08:00:00 PM,30,14,16
04/02/2021 09:00:00 PM,16,11,5
04/02/2021 10:00:00 PM,15,7,8
04/02/2021 11:00:00 PM,8,3,5
04/03/2021 12:00:00 AM,10,7,3
04/03/2021 01:00:00 AM,2,1,1
04/03/2021 02:00:00 AM,1,1,0
04/03/2021 03:00:00 AM,2,2,0
04/03/2021 04:00:00 AM,1,1,0
04/03/2021 05:00:00 AM,2,0,2
04/03/2021 06:00:00 AM,7,4,3
04/03/2021 07:00:00 AM,15,9,6
04/03/2021 08:00:00 AM,24,14,10
04/03/2021 09:00:00 AM,54,20,34
04/03/2021 10:00:00 AM,87,55,32
04/03/2021 11:00:00 AM,96,40,56
04/03/2021 12:00:00 PM,124,62,62
04/03/2021 01:00:00 PM,158,93,65
04/03/2021 02:00:00 PM,149,86,63
04/03/2021 03:00:00 PM,169,73,96
04/03/2021 04:00:00 PM,142,60,82
04/03/2021 05:00:00 PM,139,65,74
04/03/2021 06:00:00 PM,93,33,60
04/03/2021 07:00:00 PM,43,19,24
04/03/2021 08:00:00 PM,23,10,13
04/03/2021 09:00:00 PM,15,6,9
04/03/2021 10:00:00 PM,12,9,3
04/03/2021 11:00:00 PM,6,3,3
04/04/2021 12:00:00 AM,3,1,2
04/04/2021 01:00:00 AM,1,1,0
04/04/2021 02:00:00 AM,3,1,2
04/04/2021 03:00:00 AM,0,0,0
04/04/2021 04:00:00 AM,1,1,0
04/04/2021 05:00:00 AM,1,0,1
04/04/2021 06:00:00 AM,2,0,2
04/04/2021 07:00:00 AM,5,3,2
04/04/2021 08:00:00 AM,17,7,10
04/04/2021 09:00:00 AM,20,7,13
04/04/2021 10:00:00 AM,32,24,8
04/04/2021 11:00:00 AM,46,18,28
04/04/2021 12:00:00 PM,52,24,28
04/04/2021 01:00:00 PM,72,44,28
04/04/2021 02:00:00 PM,62,36,26
04/04/2021 03:00:00 PM,76,34,42
04/04/2021 04:00:00 PM,34,16,18
04/04/2021 05:00:00 PM,45,14,31
04/04/2021 06:00:00 PM,43,29,14
04/04/2021 07:00:00 PM,31,8,23
04/04/2021 08:00:00 PM,13,6,7
04/04/2021 09:00:00 PM,15,10,5
04/04/2021 10:00:00 PM,11,6,5
04/04/2021 11:00:00 PM,3,0,3
04/05/2021 12:00:00 AM,2,2,0
04/05/2021 01:00:00 AM,1,1,0
04/05/2021 02:00:00 AM,0,0,0
04/05/2021 03:00:00 AM,1,0,1
04/05/2021 04:00:00 AM,3,3,0
04/05/2021 05:00:00 AM,14,4,10
04/05/2021 06:00:00 AM,29,9,20
04/05/2021 07:00:00 AM,67,9,58
04/05/2021 08:00:00 AM,83,18,65
04/05/2021 09:00:00 AM,51,12,39
04/05/2021 10:00:00 AM,41,15,26
04/05/2021 11:00:00 AM,47,18,29
04/05/2021 12:00:00 PM,54,33,21
04/05/2021 01:00:00 PM,64,31,33
04/05/2021 02:00:00 PM,69,40,29
04/05/2021 03:00:00 PM,101,59,42
04/05/2021 04:00:00 PM,147,101,46
04/05/2021 05:00:00 PM,232,156,76
04/05/2021 06:00:00 PM,164,106,58
04/05/2021 07:00:00 PM,90,41,49
04/05/2021 08:00:00 PM,39,16,23
04/05/2021 09:00:00 PM,15,7,8
04/05/2021 10:00:00 PM,13,4,9
04/05/2021 11:00:00 PM,9,5,4
04/06/2021 12:00:00 AM,4,2,2
04/06/2021 01:00:00 AM,2,1,1
04/06/2021 02:00:00 AM,2,2,0
04/06/2021 03:00:00 AM,0,0,0
04/06/2021 04:00:00 AM,2,1,1
04/06/2021 05:00:00 AM,13,4,9
04/06/2021 06:00:00 AM,33,6,27
04/06/2021 07:00:00 AM,76,14,62
04/06/2021 08:00:00 AM,100,20,80
04/06/2021 09:00:00 AM,64,16,48
04/06/2021 10:00:00 AM,44,20,24
04/06/2021 11:00:00 AM,37,17,20
04/06/2021 12:00:00 PM,66,37,29
04/06/2021 01:00:00 PM,61,28,33
04/06/2021 02:00:00 PM,84,51,33
04/06/2021 03:00:00 PM,97,67,30
04/06/2021 04:00:00 PM,185,125,60
04/06/2021 05:00:00 PM,268,193,75
04/06/2021 06:00:00 PM,169,90,79
04/06/2021 07:00:00 PM,112,46,66
04/06/2021 08:00:00 PM,58,31,27
04/06/2021 09:00:00 PM,20,9,11
04/06/2021 10:00:00 PM,19,10,9
04/06/2021 11:00:00 PM,6,5,1
04/07/2021 12:00:00 AM,2,0,2
04/07/2021 01:00:00 AM,1,0,1
04/07/2021 02:00:00 AM,0,0,0
04/07/2021 03:00:00 AM,1,0,1
04/07/2021 04:00:00 AM,3,2,1
04/07/2021 05:00:00 AM,6,3,3
04/07/2021 06:00:00 AM,29,10,19
04/07/2021 07:00:00 AM,69,14,55
04/07/2021 08:00:00 AM,59,7,52
04/07/2021 09:00:00 AM,48,13,35
04/07/2021 10:00:00 AM,31,8,23
04/07/2021 11:00:00 AM,21,7,14
04/07/2021 12:00:00 PM,25,9,16
04/07/2021 01:00:00 PM,24,11,13
04/07/2021 02:00:00 PM,23,16,7
04/07/2021 03:00:00 PM,37,22,15
04/07/2021 04:00:00 PM,66,43,23
04/07/2021 05:00:00 PM,118,93,25
04/07/2021 06:00:00 PM,77,51,26
04/07/2021 07:00:00 PM,60,38,22
04/07/2021 08:00:00 PM,12,9,3
04/07/2021 09:00:00 PM,9,8,1
04/07/2021 10:00:00 PM,8,3,5
04/07/2021 11:00:00 PM,6,4,2
04/08/2021 12:00:00 AM,1,1,0
04/08/2021 01:00:00 AM,1,1,0
04/08/2021 02:00:00 AM,0,0,0
04/08/2021 03:00:00 AM,0,0,0
04/08/2021 04:00:00 AM,4,3,1
04/08/2021 05:00:00 AM,10,5,5
04/08/2021 06:00:00 AM,26,4,22
04/08/2021 07:00:00 AM,70,11,59
04/08/2021 08:00:00 AM,78,8,70
04/08/2021 09:00:00 AM,57,15,42
04/08/2021 10:00:00 AM,38,16,22
04/08/2021 11:00:00 AM,44,12,32
04/08/2021 12:00:00 PM,46,22,24
04/08/2021 01:00:00 PM,63,37,26
04/08/2021 02:00:00 PM,67,32,35
04/08/2021 03:00:00 PM,105,68,37
04/08/2021 04:00:00 PM,152,102,50
04/08/2021 05:00:00 PM,186,129,57
04/08/2021 06:00:00 PM,182,113,69
04/08/2021 07:00:00 PM,82,49,33
04/08/2021 08:00:00 PM,36,22,14
04/08/2021 09:00:00 PM,23,9,14
04/08/2021 10:00:00 PM,16,6,10
04/08/2021 11:00:00 PM,7,2,5
04/09/2021 12:00:00 AM,3,1,2
04/09/2021 01:00:00 AM,2,1,1
04/09/2021 02:00:00 AM,0,0,0
04/09/2021 03:00:00 AM,1,0,1
04/09/2021 04:00:00 AM,1,0,1
04/09/2021 05:00:00 AM,11,7,4
04/09/2021 06:00:00 AM,26,5,21
04/09/2021 07:00:00 AM,76,23,53
04/09/2021 08:00:00 AM,75,15,60
04/09/2021 09:00:00 AM,55,16,39
04/09/2021 10:00:00 AM,43,16,27
04/09/2021 11:00:00 AM,42,16,26
04/09/2021 12:00:00 PM,51,24,27
04/09/2021 01:00:00 PM,50,23,27
04/09/2021 02:00:00 PM,67,43,24
04/09/2021 03:00:00 PM,84,56,28
04/09/2021 04:00:00 PM,90,63,27
04/09/2021 05:00:00 PM,114,79,35
04/09/2021 06:00:00 PM,73,54,19
04/09/2021 07:00:00 PM,52,29,23
04/09/2021 08:00:00 PM,15,6,9
04/09/2021 09:00:00 PM,12,10,2
04/09/2021 10:00:00 PM,5,2,3
04/09/2021 11:00:00 PM,12,3,9
04/10/2021 12:00:00 AM,6,2,4
04/10/2021 01:00:00 AM,1,1,0
04/10/2021 02:00:00 AM,0,0,0
04/10/2021 03:00:00 AM,0,0,0
04/10/2021 04:00:00 AM,0,0,0
04/10/2021 05:00:00 AM,1,1,0
04/10/2021 06:00:00 AM,8,3,5
04/10/2021 07:00:00 AM,13,8,5
04/10/2021 08:00:00 AM,25,13,12
04/10/2021 09:00:00 AM,35,17,18
04/10/2021 10:00:00 AM,86,45,41
04/10/2021 11:00:00 AM,84,39,45
04/10/2021 12:00:00 PM,83,48,35
04/10/2021 01:00:00 PM,122,68,54
04/10/2021 02:00:00 PM,124,66,58
04/10/2021 03:00:00 PM,135,76,59
04/10/2021 04:00:00 PM,126,66,60
04/10/2021 05:00:00 PM,76,29,47
04/10/2021 06:00:00 PM,74,37,37
04/10/2021 07:00:00 PM,49,22,27
04/10/2021 08:00:00 PM,37,12,25
04/10/2021 09:00:00 PM,13,9,4
04/10/2021 10:00:00 PM,6,4,2
04/10/2021 11:00:00 PM,8,1,7
04/11/2021 12:00:00 AM,8,4,4
04/11/2021 01:00:00 AM,0,0,0
04/11/2021 02:00:00 AM,0,0,0
04/11/2021 03:00:00 AM,0,0,0
04/11/2021 04:00:00 AM,0,0,0
04/11/2021 05:00:00 AM,2,0,2
04/11/2021 06:00:00 AM,7,2,5
04/11/2021 07:00:00 AM,8,7,1
04/11/2021 08:00:00 AM,19,10,9
04/11/2021 09:00:00 AM,40,26,14
04/11/2021 10:00:00 AM,86,42,44
04/11/2021 11:00:00 AM,132,77,55
04/11/2021 12:00:00 PM,117,70,47
04/11/2021 01:00:00 PM,131,68,63
04/11/2021 02:00:00 PM,181,105,76
04/11/2021 03:00:00 PM,187,91,96
04/11/2021 04:00:00 PM,174,90,84
04/11/2021 05:00:00 PM,154,63,91
04/11/2021 06:00:00 PM,91,46,45
04/11/2021 07:00:00 PM,46,19,27
04/11/2021 08:00:00 PM,26,7,19
04/11/2021 09:00:00 PM,14,6,8
04/11/2021 10:00:00 PM,7,3,4
04/11/2021 11:00:00 PM,4,1,3
04/12/2021 12:00:00 AM,2,1,1
04/12/2021 01:00:00 AM,1,1,0
04/12/2021 02:00:00 AM,2,0,2
04/12/2021 03:00:00 AM,0,0,0
04/12/2021 04:00:00 AM,7,6,1
04/12/2021 05:00:00 AM,13,5,8
04/12/2021 06:00:00 AM,28,8,20
04/12/2021 07:00:00 AM,60,7,53
04/12/2021 08:00:00 AM,67,13,54
04/12/2021 09:00:00 AM,70,15,55
04/12/2021 10:00:00 AM,41,14,27
04/12/2021 11:00:00 AM,41,28,13
04/12/2021 12:00:00 PM,55,27,28
04/12/2021 01:00:00 PM,54,26,28
04/12/2021 02:00:00 PM,74,44,30
04/12/2021 03:00:00 PM,69,39,30
04/12/2021 04:00:00 PM,0,0,0
04/12/2021 05:00:00 PM,0,0,0
04/12/2021 06:00:00 PM,0,0,0
04/12/2021 07:00:00 PM,0,0,0
04/12/2021 08:00:00 PM,0,0,0
04/12/2021 09:00:00 PM,0,0,0
04/12/2021 10:00:00 PM,0,0,0
04/12/2021 11:00:00 PM,0,0,0
04/13/2021 12:00:00 AM,0,0,0
04/13/2021 01:00:00 AM,0,0,0
04/13/2021 02:00:00 AM,0,0,0
04/13/2021 03:00:00 AM,0,0,0
04/13/2021 04:00:00 AM,0,0,0
04/13/2021 05:00:00 AM,0,0,0
04/13/2021 06:00:00 AM,0,0,0
04/13/2021 07:00:00 AM,1,0,1
04/13/2021 08:00:00 AM,0,0,0
04/13/2021 09:00:00 AM,0,0,0
04/13/2021 10:00:00 AM,0,0,0
04/13/2021 11:00:00 AM,0,0,0
04/13/2021 12:00:00 PM,0,0,0
04/13/2021 01:00:00 PM,0,0,0
04/13/2021 02:00:00 PM,0,0,0
04/13/2021 03:00:00 PM,0,0,0
04/13/2021 04:00:00 PM,2,0,2
04/13/2021 05:00:00 PM,0,0,0
04/13/2021 06:00:00 PM,0,0,0
04/13/2021 07:00:00 PM,0,0,0
04/13/2021 08:00:00 PM,1,1,0
04/13/2021 09:00:00 PM,0,0,0
04/13/2021 10:00:00 PM,0,0,0
04/13/2021 11:00:00 PM,0,0,0
04/14/2021 12:00:00 AM,0,0,0
04/14/2021 01:00:00 AM,0,0,0
04/14/2021 02:00:00 AM,0,0,0
04/14/2021 03:00:00 AM,0,0,0
04/14/2021 04:00:00 AM,0,0,0
04/14/2021 05:00:00 AM,0,0,0
04/14/2021 06:00:00 AM,2,0,2
04/14/2021 07:00:00 AM,0,0,0
04/14/2021 08:00:00 AM,0,0,0
04/14/2021 09:00:00 AM,1,0,1
04/14/2021 10:00:00 AM,0,0,0
04/14/2021 11:00:00 AM,0,0,0
04/14/2021 12:00:00 PM,0,0,0
04/14/2021 01:00:00 PM,0,0,0
04/14/2021 02:00:00 PM,0,0,0
04/14/2021 03:00:00 PM,0,0,0
04/14/2021 04:00:00 PM,1,0,1
04/14/2021 05:00:00 PM,2,0,2
04/14/2021 06:00:00 PM,0,0,0
04/14/2021 07:00:00 PM,0,0,0
04/14/2021 08:00:00 PM,0,0,0
04/14/2021 09:00:00 PM,0,0,0
04/14/2021 10:00:00 PM,0,0,0
04/14/2021 11:00:00 PM,0,0,0
04/15/2021 12:00:00 AM,0,0,0
04/15/2021 01:00:00 AM,0,0,0
04/15/2021 02:00:00 AM,0,0,0
04/15/2021 03:00:00 AM,0,0,0
04/15/2021 04:00:00 AM,0,0,0
04/15/2021 05:00:00 AM,0,0,0
04/15/2021 06:00:00 AM,0,0,0
04/15/2021 07:00:00 AM,0,0,0
04/15/2021 08:00:00 AM,0,0,0
04/15/2021 09:00:00 AM,0,0,0
04/15/2021 10:00:00 AM,0,0,0
04/15/2021 11:00:00 AM,0,0,0
04/15/2021 12:00:00 PM,0,0,0
04/15/2021 01:00:00 PM,0,0,0
04/15/2021 02:00:00 PM,0,0,0
04/15/2021 03:00:00 PM,0,0,0
04/15/2021 04:00:00 PM,0,0,0
04/15/2021 05:00:00 PM,0,0,0
04/15/2021 06:00:00 PM,0,0,0
04/15/2021 07:00:00 PM,0,0,0
04/15/2021 08:00:00 PM,0,0,0
04/15/2021 09:00:00 PM,0,0,0
04/15/2021 10:00:00 PM,0,0,0
04/15/2021 11:00:00 PM,0,0,0
04/16/2021 12:00:00 AM,0,0,0
04/16/2021 01:00:00 AM,0,0,0
04/16/2021 02:00:00 AM,0,0,0
04/16/2021 03:00:00 AM,0,0,0
04/16/2021 04:00:00 AM,0,0,0
04/16/2021 05:00:00 AM,0,0,0
04/16/2021 06:00:00 AM,0,0,0
04/16/2021 07:00:00 AM,0,0,0
04/16/2021 08:00:00 AM,0,0,0
04/16/2021 09:00:00 AM,0,0,0
04/16/2021 10:00:00 AM,0,0,0
04/16/2021 11:00:00 AM,0,0,0
04/16/2021 12:00:00 PM,0,0,0
04/16/2021 01:00:00 PM,0,0,0
04/16/2021 02:00:00 PM,0,0,0
04/16/2021 03:00:00 PM,0,0,0
04/16/2021 04:00:00 PM,0,0,0
04/16/2021 05:00:00 PM,0,0,0
04/16/2021 06:00:00 PM,0,0,0
04/16/2021 07:00:00 PM,0,0,0
04/16/2021 08:00:00 PM,0,0,0
04/16/2021 09:00:00 PM,0,0,0
04/16/2021 10:00:00 PM,0,0,0
04/16/2021 11:00:00 PM,0,0,0
04/17/2021 12:00:00 AM,0,0,0
04/17/2021 01:00:00 AM,0,0,0
04/17/2021 02:00:00 AM,0,0,0
04/17/2021 03:00:00 AM,0,0,0
04/17/2021 04:00:00 AM,0,0,0
04/17/2021 05:00:00 AM,0,0,0
04/17/2021 06:00:00 AM,4,4,0
04/17/2021 07:00:00 AM,1,0,1
04/17/2021 08:00:00 AM,0,0,0
04/17/2021 09:00:00 AM,0,0,0
04/17/2021 10:00:00 AM,0,0,0
04/17/2021 11:00:00 AM,0,0,0
04/17/2021 12:00:00 PM,0,0,0
04/17/2021 01:00:00 PM,0,0,0
04/17/2021 02:00:00 PM,0,0,0
04/17/2021 03:00:00 PM,0,0,0
04/17/2021 04:00:00 PM,0,0,0
04/17/2021 05:00:00 PM,0,0,0
04/17/2021 06:00:00 PM,0,0,0
04/17/2021 07:00:00 PM,0,0,0
04/17/2021 08:00:00 PM,0,0,0
04/17/2021 09:00:00 PM,0,0,0
04/17/2021 10:00:00 PM,0,0,0
04/17/2021 11:00:00 PM,0,0,0
04/18/2021 12:00:00 AM,0,0,0
04/18/2021 01:00:00 AM,0,0,0
04/18/2021 02:00:00 AM,0,0,0
04/18/2021 03:00:00 AM,0,0,0
04/18/2021 04:00:00 AM,0,0,0
04/18/2021 05:00:00 AM,0,0,0
04/18/2021 06:00:00 AM,0,0,0
04/18/2021 07:00:00 AM,0,0,0
04/18/2021 08:00:00 AM,0,0,0
04/18/2021 09:00:00 AM,0,0,0
04/18/2021 10:00:00 AM,0,0,0
04/18/2021 11:00:00 AM,0,0,0
04/18/2021 12:00:00 PM,0,0,0
04/18/2021 01:00:00 PM,0,0,0
04/18/2021 02:00:00 PM,0,0,0
04/18/2021 03:00:00 PM,0,0,0
04/18/2021 04:00:00 PM,0,0,0
04/18/2021 05:00:00 PM,0,0,0
04/18/2021 06:00:00 PM,0,0,0
04/18/2021 07:00:00 PM,0,0,0
04/18/2021 08:00:00 PM,0,0,0
04/18/2021 09:00:00 PM,0,0,0
04/18/2021 10:00:00 PM,0,0,0
04/18/2021 11:00:00 PM,0,0,0
04/19/2021 12:00:00 AM,0,0,0
04/19/2021 01:00:00 AM,0,0,0
04/19/2021 02:00:00 AM,0,0,0
04/19/2021 03:00:00 AM,0,0,0
04/19/2021 04:00:00 AM,0,0,0
04/19/2021 05:00:00 AM,0,0,0
04/19/2021 06:00:00 AM,0,0,0
04/19/2021 07:00:00 AM,0,0,0
04/19/2021 08:00:00 AM,0,0,0
04/19/2021 09:00:00 AM,0,0,0
04/19/2021 10:00:00 AM,0,0,0
04/19/2021 11:00:00 AM,0,0,0
04/19/2021 12:00:00 PM,0,0,0
04/19/2021 01:00:00 PM,0,0,0
04/19/2021 02:00:00 PM,0,0,0
04/19/2021 03:00:00 PM,0,0,0
04/19/2021 04:00:00 PM,0,0,0
04/19/2021 05:00:00 PM,0,0,0
04/19/2021 06:00:00 PM,0,0,0
04/19/2021 07:00:00 PM,0,0,0
04/19/2021 08:00:00 PM,0,0,0
04/19/2021 09:00:00 PM,0,0,0
04/19/2021 10:00:00 PM,0,0,0
04/19/2021 11:00:00 PM,0,0,0
04/20/2021 12:00:00 AM,0,0,0
04/20/2021 01:00:00 AM,0,0,0
04/20/2021 02:00:00 AM,0,0,0
04/20/2021 03:00:00 AM,0,0,0
04/20/2021 04:00:00 AM,0,0,0
04/20/2021 05:00:00 AM,0,0,0
04/20/2021 06:00:00 AM,0,0,0
04/20/2021 07:00:00 AM,0,0,0
04/20/2021 08:00:00 AM,0,0,0
04/20/2021 09:00:00 AM,0,0,0
04/20/2021 10:00:00 AM,0,0,0
04/20/2021 11:00:00 AM,0,0,0
04/20/2021 12:00:00 PM,0,0,0
04/20/2021 01:00:00 PM,0,0,0
04/20/2021 02:00:00 PM,0,0,0
04/20/2021 03:00:00 PM,0,0,0
04/20/2021 04:00:00 PM,0,0,0
04/20/2021 05:00:00 PM,3,2,1
04/20/2021 06:00:00 PM,2,0,2
04/20/2021 07:00:00 PM,0,0,0
04/20/2021 08:00:00 PM,0,0,0
04/20/2021 09:00:00 PM,0,0,0
04/20/2021 10:00:00 PM,0,0,0
04/20/2021 11:00:00 PM,0,0,0
04/21/2021 12:00:00 AM,0,0,0
04/21/2021 01:00:00 AM,0,0,0
04/21/2021 02:00:00 AM,0,0,0
04/21/2021 03:00:00 AM,0,0,0
04/21/2021 04:00:00 AM,0,0,0
04/21/2021 05:00:00 AM,0,0,0
04/21/2021 06:00:00 AM,0,0,0
04/21/2021 07:00:00 AM,0,0,0
04/21/2021 08:00:00 AM,0,0,0
04/21/2021 09:00:00 AM,0,0,0
04/21/2021 10:00:00 AM,0,0,0
04/21/2021 11:00:00 AM,0,0,0
04/21/2021 12:00:00 PM,0,0,0
04/21/2021 01:00:00 PM,0,0,0
04/21/2021 02:00:00 PM,0,0,0
04/21/2021 03:00:00 PM,0,0,0
04/21/2021 04:00:00 PM,1,0,1
04/21/2021 05:00:00 PM,0,0,0
04/21/2021 06:00:00 PM,0,0,0
04/21/2021 07:00:00 PM,0,0,0
04/21/2021 08:00:00 PM,0,0,0
04/21/2021 09:00:00 PM,0,0,0
04/21/2021 10:00:00 PM,0,0,0
04/21/2021 11:00:00 PM,0,0,0
04/22/2021 12:00:00 AM,0,0,0
04/22/2021 01:00:00 AM,0,0,0
04/22/2021 02:00:00 AM,0,0,0
04/22/2021 03:00:00 AM,0,0,0
04/22/2021 04:00:00 AM,0,0,0
04/22/2021 05:00:00 AM,0,0,0
04/22/2021 06:00:00 AM,0,0,0
04/22/2021 07:00:00 AM,0,0,0
04/22/2021 08:00:00 AM,0,0,0
04/22/2021 09:00:00 AM,0,0,0
04/22/2021 10:00:00 AM,0,0,0
04/22/2021 11:00:00 AM,0,0,0
04/22/2021 12:00:00 PM,0,0,0
04/22/2021 01:00:00 PM,0,0,0
04/22/2021 02:00:00 PM,0,0,0
04/22/2021 03:00:00 PM,0,0,0
04/22/2021 04:00:00 PM,0,0,0
04/22/2021 05:00:00 PM,0,0,0
04/22/2021 06:00:00 PM,0,0,0
04/22/2021 07:00:00 PM,0,0,0
04/22/2021 08:00:00 PM,0,0,0
04/22/2021 09:00:00 PM,0,0,0
04/22/2021 10:00:00 PM,0,0,0
04/22/2021 11:00:00 PM,0,0,0
04/23/2021 12:00:00 AM,0,0,0
04/23/2021 01:00:00 AM,0,0,0
04/23/2021 02:00:00 AM,0,0,0
04/23/2021 03:00:00 AM,0,0,0
04/23/2021 04:00:00 AM,0,0,0
04/23/2021 05:00:00 AM,0,0,0
04/23/2021 06:00:00 AM,0,0,0
04/23/2021 07:00:00 AM,0,0,0
04/23/2021 08:00:00 AM,0,0,0
04/23/2021 09:00:00 AM,0,0,0
04/23/2021 10:00:00 AM,0,0,0
04/23/2021 11:00:00 AM,0,0,0
04/23/2021 12:00:00 PM,0,0,0
04/23/2021 01:00:00 PM,0,0,0
04/23/2021 02:00:00 PM,0,0,0
04/23/2021 03:00:00 PM,0,0,0
04/23/2021 04:00:00 PM,0,0,0
04/23/2021 05:00:00 PM,0,0,0
04/23/2021 06:00:00 PM,0,0,0
04/23/2021 07:00:00 PM,0,0,0
04/23/2021 08:00:00 PM,0,0,0
04/23/2021 09:00:00 PM,0,0,0
04/23/2021 10:00:00 PM,0,0,0
04/23/2021 11:00:00 PM,0,0,0
04/24/2021 12:00:00 AM,0,0,0
04/24/2021 01:00:00 AM,0,0,0
04/24/2021 02:00:00 AM,0,0,0
04/24/2021 03:00:00 AM,0,0,0
04/24/2021 04:00:00 AM,0,0,0
04/24/2021 05:00:00 AM,0,0,0
04/24/2021 06:00:00 AM,0,0,0
04/24/2021 07:00:00 AM,0,0,0
04/24/2021 08:00:00 AM,0,0,0
04/24/2021 09:00:00 AM,0,0,0
04/24/2021 10:00:00 AM,0,0,0
04/24/2021 11:00:00 AM,0,0,0
04/24/2021 12:00:00 PM,0,0,0
04/24/2021 01:00:00 PM,0,0,0
04/24/2021 02:00:00 PM,0,0,0
04/24/2021 03:00:00 PM,0,0,0
04/24/2021 04:00:00 PM,0,0,0
04/24/2021 05:00:00 PM,0,0,0
04/24/2021 06:00:00 PM,0,0,0
04/24/2021 07:00:00 PM,0,0,0
04/24/2021 08:00:00 PM,0,0,0
04/24/2021 09:00:00 PM,0,0,0
04/24/2021 10:00:00 PM,0,0,0
04/24/2021 11:00:00 PM,0,0,0
04/25/2021 12:00:00 AM,0,0,0
04/25/2021 01:00:00 AM,0,0,0
04/25/2021 02:00:00 AM,0,0,0
04/25/2021 03:00:00 AM,0,0,0
04/25/2021 04:00:00 AM,0,0,0
04/25/2021 05:00:00 AM,0,0,0
04/25/2021 06:00:00 AM,0,0,0
04/25/2021 07:00:00 AM,0,0,0
04/25/2021 08:00:00 AM,0,0,0
04/25/2021 09:00:00 AM,0,0,0
04/25/2021 10:00:00 AM,0,0,0
04/25/2021 11:00:00 AM,0,0,0
04/25/2021 12:00:00 PM,0,0,0
04/25/2021 01:00:00 PM,0,0,0
04/25/2021 02:00:00 PM,0,0,0
04/25/2021 03:00:00 PM,0,0,0
04/25/2021 04:00:00 PM,0,0,0
04/25/2021 05:00:00 PM,0,0,0
04/25/2021 06:00:00 PM,0,0,0
04/25/2021 07:00:00 PM,0,0,0
04/25/2021 08:00:00 PM,0,0,0
04/25/2021 09:00:00 PM,0,0,0
04/25/2021 10:00:00 PM,0,0,0
04/25/2021 11:00:00 PM,0,0,0
04/26/2021 12:00:00 AM,0,0,0
04/26/2021 01:00:00 AM,0,0,0
04/26/2021 02:00:00 AM,0,0,0
04/26/2021 03:00:00 AM,0,0,0
04/26/2021 04:00:00 AM,0,0,0
04/26/2021 05:00:00 AM,0,0,0
04/26/2021 06:00:00 AM,0,0,0
04/26/2021 07:00:00 AM,0,0,0
04/26/2021 08:00:00 AM,0,0,0
04/26/2021 09:00:00 AM,0,0,0
04/26/2021 10:00:00 AM,0,0,0
04/26/2021 11:00:00 AM,0,0,0
04/26/2021 12:00:00 PM,0,0,0
04/26/2021 01:00:00 PM,0,0,0
04/26/2021 02:00:00 PM,0,0,0
04/26/2021 03:00:00 PM,0,0,0
04/26/2021 04:00:00 PM,0,0,0
04/26/2021 05:00:00 PM,0,0,0
04/26/2021 06:00:00 PM,0,0,0
04/26/2021 07:00:00 PM,0,0,0
04/26/2021 08:00:00 PM,0,0,0
04/26/2021 09:00:00 PM,0,0,0
04/26/2021 10:00:00 PM,0,0,0
04/26/2021 11:00:00 PM,0,0,0
04/27/2021 12:00:00 AM,0,0,0
04/27/2021 01:00:00 AM,0,0,0
04/27/2021 02:00:00 AM,0,0,0
04/27/2021 03:00:00 AM,0,0,0
04/27/2021 04:00:00 AM,0,0,0
04/27/2021 05:00:00 AM,0,0,0
04/27/2021 06:00:00 AM,1,1,0
04/27/2021 07:00:00 AM,0,0,0
04/27/2021 08:00:00 AM,0,0,0
04/27/2021 09:00:00 AM,0,0,0
04/27/2021 10:00:00 AM,0,0,0
04/27/2021 11:00:00 AM,0,0,0
04/27/2021 12:00:00 PM,0,0,0
04/27/2021 01:00:00 PM,0,0,0
04/27/2021 02:00:00 PM,0,0,0
04/27/2021 03:00:00 PM,0,0,0
04/27/2021 04:00:00 PM,0,0,0
04/27/2021 05:00:00 PM,0,0,0
04/27/2021 06:00:00 PM,0,0,0
04/27/2021 07:00:00 PM,0,0,0
04/27/2021 08:00:00 PM,0,0,0
04/27/2021 09:00:00 PM,0,0,0
04/27/2021 10:00:00 PM,0,0,0
04/27/2021 11:00:00 PM,0,0,0
04/28/2021 12:00:00 AM,0,0,0
04/28/2021 01:00:00 AM,0,0,0
04/28/2021 02:00:00 AM,0,0,0
04/28/2021 03:00:00 AM,0,0,0
04/28/2021 04:00:00 AM,0,0,0
04/28/2021 05:00:00 AM,0,0,0
04/28/2021 06:00:00 AM,0,0,0
04/28/2021 07:00:00 AM,0,0,0
04/28/2021 08:00:00 AM,0,0,0
04/28/2021 09:00:00 AM,0,0,0
04/28/2021 10:00:00 AM,0,0,0
04/28/2021 11:00:00 AM,0,0,0
04/28/2021 12:00:00 PM,0,0,0
04/28/2021 01:00:00 PM,0,0,0
04/28/2021 02:00:00 PM,0,0,0
04/28/2021 03:00:00 PM,0,0,0
04/28/2021 04:00:00 PM,0,0,0
04/28/2021 05:00:00 PM,0,0,0
04/28/2021 06:00:00 PM,0,0,0
04/28/2021 07:00:00 PM,0,0,0
04/28/2021 08:00:00 PM,0,0,0
04/28/2021 09:00:00 PM,0,0,0
04/28/2021 10:00:00 PM,0,0,0
04/28/2021 11:00:00 PM,0,0,0
04/29/2021 12:00:00 AM,0,0,0
04/29/2021 01:00:00 AM,0,0,0
04/29/2021 02:00:00 AM,0,0,0
04/29/2021 03:00:00 AM,0,0,0
04/29/2021 04:00:00 AM,0,0,0
04/29/2021 05:00:00 AM,0,0,0
04/29/2021 06:00:00 AM,0,0,0
04/29/2021 07:00:00 AM,0,0,0
04/29/2021 08:00:00 AM,0,0,0
04/29/2021 09:00:00 AM,0,0,0
04/29/2021 10:00:00 AM,0,0,0
04/29/2021 11:00:00 AM,0,0,0
04/29/2021 12:00:00 PM,0,0,0
04/29/2021 01:00:00 PM,0,0,0
04/29/2021 02:00:00 PM,1,0,1
04/29/2021 03:00:00 PM,0,0,0
04/29/2021 04:00:00 PM,0,0,0
04/29/2021 05:00:00 PM,0,0,0
04/29/2021 06:00:00 PM,0,0,0
04/29/2021 07:00:00 PM,0,0,0
04/29/2021 08:00:00 PM,0,0,0
04/29/2021 09:00:00 PM,0,0,0
04/29/2021 10:00:00 PM,0,0,0
04/29/2021 11:00:00 PM,0,0,0
04/30/2021 12:00:00 AM,0,0,0
04/30/2021 01:00:00 AM,0,0,0
04/30/2021 02:00:00 AM,0,0,0
04/30/2021 03:00:00 AM,0,0,0
04/30/2021 04:00:00 AM,0,0,0
04/30/2021 05:00:00 AM,0,0,0
04/30/2021 06:00:00 AM,0,0,0
04/30/2021 07:00:00 AM,0,0,0
04/30/2021 08:00:00 AM,0,0,0
04/30/2021 09:00:00 AM,0,0,0
04/30/2021 10:00:00 AM,0,0,0
04/30/2021 11:00:00 AM,0,0,0
04/30/2021 12:00:00 PM,0,0,0
04/30/2021 01:00:00 PM,0,0,0
04/30/2021 02:00:00 PM,0,0,0
04/30/2021 03:00:00 PM,0,0,0
04/30/2021 04:00:00 PM,0,0,0
04/30/2021 05:00:00 PM,0,0,0
04/30/2021 06:00:00 PM,0,0,0
04/30/2021 07:00:00 PM,0,0,0
04/30/2021 08:00:00 PM,0,0,0
04/30/2021 09:00:00 PM,0,0,0
04/30/2021 10:00:00 PM,0,0,0
04/30/2021 11:00:00 PM,0,0,0
05/01/2021 12:00:00 AM,0,0,0
05/01/2021 01:00:00 AM,0,0,0
05/01/2021 02:00:00 AM,0,0,0
05/01/2021 03:00:00 AM,0,0,0
05/01/2021 04:00:00 AM,0,0,0
05/01/2021 05:00:00 AM,0,0,0
05/01/2021 06:00:00 AM,0,0,0
05/01/2021 07:00:00 AM,0,0,0
05/01/2021 08:00:00 AM,0,0,0
05/01/2021 09:00:00 AM,0,0,0
05/01/2021 10:00:00 AM,0,0,0
05/01/2021 11:00:00 AM,0,0,0
05/01/2021 12:00:00 PM,0,0,0
05/01/2021 01:00:00 PM,0,0,0
05/01/2021 02:00:00 PM,0,0,0
05/01/2021 03:00:00 PM,0,0,0
05/01/2021 04:00:00 PM,0,0,0
05/01/2021 05:00:00 PM,0,0,0
05/01/2021 06:00:00 PM,0,0,0
05/01/2021 07:00:00 PM,0,0,0
05/01/2021 08:00:00 PM,0,0,0
05/01/2021 09:00:00 PM,0,0,0
05/01/2021 10:00:00 PM,0,0,0
05/01/2021 11:00:00 PM,0,0,0
05/02/2021 12:00:00 AM,0,0,0
05/02/2021 01:00:00 AM,0,0,0
05/02/2021 02:00:00 AM,0,0,0
05/02/2021 03:00:00 AM,0,0,0
05/02/2021 04:00:00 AM,0,0,0
05/02/2021 05:00:00 AM,0,0,0
05/02/2021 06:00:00 AM,0,0,0
05/02/2021 07:00:00 AM,0,0,0
05/02/2021 08:00:00 AM,0,0,0
05/02/2021 09:00:00 AM,0,0,0
05/02/2021 10:00:00 AM,0,0,0
05/02/2021 11:00:00 AM,0,0,0
05/02/2021 12:00:00 PM,0,0,0
05/02/2021 01:00:00 PM,0,0,0
05/02/2021 02:00:00 PM,0,0,0
05/02/2021 03:00:00 PM,0,0,0
05/02/2021 04:00:00 PM,0,0,0
05/02/2021 05:00:00 PM,0,0,0
05/02/2021 06:00:00 PM,0,0,0
05/02/2021 07:00:00 PM,0,0,0
05/02/2021 08:00:00 PM,0,0,0
05/02/2021 09:00:00 PM,0,0,0
05/02/2021 10:00:00 PM,0,0,0
05/02/2021 11:00:00 PM,0,0,0
05/03/2021 12:00:00 AM,0,0,0
05/03/2021 01:00:00 AM,0,0,0
05/03/2021 02:00:00 AM,0,0,0
05/03/2021 03:00:00 AM,0,0,0
05/03/2021 04:00:00 AM,0,0,0
05/03/2021 05:00:00 AM,0,0,0
05/03/2021 06:00:00 AM,0,0,0
05/03/2021 07:00:00 AM,0,0,0
05/03/2021 08:00:00 AM,0,0,0
05/03/2021 09:00:00 AM,0,0,0
05/03/2021 10:00:00 AM,0,0,0
05/03/2021 11:00:00 AM,0,0,0
05/03/2021 12:00:00 PM,0,0,0
05/03/2021 01:00:00 PM,43,24,19
05/03/2021 02:00:00 PM,45,33,12
05/03/2021 03:00:00 PM,33,21,12
05/03/2021 04:00:00 PM,52,40,12
05/03/2021 05:00:00 PM,82,66,16
05/03/2021 06:00:00 PM,63,52,11
05/03/2021 07:00:00 PM,33,23,10
05/03/2021 08:00:00 PM,11,8,3
05/03/2021 09:00:00 PM,8,6,2
05/03/2021 10:00:00 PM,10,7,3
05/03/2021 11:00:00 PM,5,3,2
05/04/2021 12:00:00 AM,1,1,0
05/04/2021 01:00:00 AM,1,1,0
05/04/2021 02:00:00 AM,1,0,1
05/04/2021 03:00:00 AM,0,0,0
05/04/2021 04:00:00 AM,5,3,2
05/04/2021 05:00:00 AM,14,7,7
05/04/2021 06:00:00 AM,42,10,32
05/04/2021 07:00:00 AM,87,18,69
05/04/2021 08:00:00 AM,105,17,88
05/04/2021 09:00:00 AM,79,24,55
05/04/2021 10:00:00 AM,51,22,29
05/04/2021 11:00:00 AM,37,12,25
05/04/2021 12:00:00 PM,51,26,25
05/04/2021 01:00:00 PM,53,31,22
05/04/2021 02:00:00 PM,90,61,29
05/04/2021 03:00:00 PM,99,57,42
05/04/2021 04:00:00 PM,180,119,61
05/04/2021 05:00:00 PM,244,167,77
05/04/2021 06:00:00 PM,210,124,86
05/04/2021 07:00:00 PM,145,74,71
05/04/2021 08:00:00 PM,58,25,33
05/04/2021 09:00:00 PM,44,21,23
05/04/2021 10:00:00 PM,14,8,6
05/04/2021 11:00:00 PM,4,1,3
05/05/2021 12:00:00 AM,4,4,0
05/05/2021 01:00:00 AM,2,0,2
05/05/2021 02:00:00 AM,2,1,1
05/05/2021 03:00:00 AM,1,0,1
05/05/2021 04:00:00 AM,4,2,2
05/05/2021 05:00:00 AM,14,8,6
05/05/2021 06:00:00 AM,40,12,28
05/05/2021 07:00:00 AM,98,19,79
05/05/2021 08:00:00 AM,94,17,77
05/05/2021 09:00:00 AM,84,21,63
05/05/2021 10:00:00 AM,68,24,44
05/05/2021 11:00:00 AM,61,34,27
05/05/2021 12:00:00 PM,73,35,38
05/05/2021 01:00:00 PM,60,33,27
05/05/2021 02:00:00 PM,79,50,29
05/05/2021 03:00:00 PM,119,87,32
05/05/2021 04:00:00 PM,136,87,49
05/05/2021 05:00:00 PM,189,137,52
05/05/2021 06:00:00 PM,158,99,59
05/05/2021 07:00:00 PM,111,61,50
05/05/2021 08:00:00 PM,66,26,40
05/05/2021 09:00:00 PM,32,14,18
05/05/2021 10:00:00 PM,21,11,10
05/05/2021 11:00:00 PM,14,8,6
05/06/2021 12:00:00 AM,3,2,1
05/06/2021 01:00:00 AM,1,1,0
05/06/2021 02:00:00 AM,2,0,2
05/06/2021 03:00:00 AM,0,0,0
05/06/2021 04:00:00 AM,9,6,3
05/06/2021 05:00:00 AM,15,8,7
05/06/2021 06:00:00 AM,37,10,27
05/06/2021 07:00:00 AM,88,20,68
05/06/2021 08:00:00 AM,85,11,74
05/06/2021 09:00:00 AM,60,14,46
05/06/2021 10:00:00 AM,49,15,34
05/06/2021 11:00:00 AM,48,22,26
05/06/2021 12:00:00 PM,57,24,33
05/06/2021 01:00:00 PM,72,35,37
05/06/2021 02:00:00 PM,54,31,23
05/06/2021 03:00:00 PM,73,47,26
05/06/2021 04:00:00 PM,98,72,26
05/06/2021 05:00:00 PM,141,113,28
05/06/2021 06:00:00 PM,104,67,37
05/06/2021 07:00:00 PM,78,55,23
05/06/2021 08:00:00 PM,53,26,27
05/06/2021 09:00:00 PM,16,3,13
05/06/2021 10:00:00 PM,15,9,6
05/06/2021 11:00:00 PM,11,2,9
05/07/2021 12:00:00 AM,3,1,2
05/07/2021 01:00:00 AM,2,1,1
05/07/2021 02:00:00 AM,3,1,2
05/07/2021 03:00:00 AM,0,0,0
05/07/2021 04:00:00 AM,4,2,2
05/07/2021 05:00:00 AM,9,8,1
05/07/2021 06:00:00 AM,33,12,21
05/07/2021 07:00:00 AM,52,16,36
05/07/2021 08:00:00 AM,56,11,45
05/07/2021 09:00:00 AM,38,10,28
05/07/2021 10:00:00 AM,28,8,20
05/07/2021 11:00:00 AM,19,10,9
05/07/2021 12:00:00 PM,22,11,11
05/07/2021 01:00:00 PM,23,11,12
05/07/2021 02:00:00 PM,25,17,8
05/07/2021 03:00:00 PM,51,33,18
05/07/2021 04:00:00 PM,80,49,31
05/07/2021 05:00:00 PM,96,72,24
05/07/2021 06:00:00 PM,83,50,33
05/07/2021 07:00:00 PM,53,21,32
05/07/2021 08:00:00 PM,23,9,14
05/07/2021 09:00:00 PM,24,17,7
05/07/2021 10:00:00 PM,4,3,1
05/07/2021 11:00:00 PM,4,3,1
05/08/2021 12:00:00 AM,9,4,5
05/08/2021 01:00:00 AM,1,1,0
05/08/2021 02:00:00 AM,0,0,0
05/08/2021 03:00:00 AM,1,1,0
05/08/2021 04:00:00 AM,0,0,0
05/08/2021 05:00:00 AM,1,0,1
05/08/2021 06:00:00 AM,10,3,7
05/08/2021 07:00:00 AM,17,9,8
05/08/2021 08:00:00 AM,29,13,16
05/08/2021 09:00:00 AM,51,27,24
05/08/2021 10:00:00 AM,86,45,41
05/08/2021 11:00:00 AM,99,58,41
05/08/2021 12:00:00 PM,88,54,34
05/08/2021 01:00:00 PM,116,67,49
05/08/2021 02:00:00 PM,147,78,69
05/08/2021 03:00:00 PM,150,79,71
05/08/2021 04:00:00 PM,111,53,58
05/08/2021 05:00:00 PM,114,63,51
05/08/2021 06:00:00 PM,74,40,34
05/08/2021 07:00:00 PM,39,17,22
05/08/2021 08:00:00 PM,32,16,16
05/08/2021 09:00:00 PM,17,7,10
05/08/2021 10:00:00 PM,26,9,17
05/08/2021 11:00:00 PM,12,3,9
05/09/2021 12:00:00 AM,7,3,4
05/09/2021 01:00:00 AM,0,0,0
05/09/2021 02:00:00 AM,0,0,0
05/09/2021 03:00:00 AM,0,0,0
05/09/2021 04:00:00 AM,1,0,1
05/09/2021 05:00:00 AM,1,0,1
05/09/2021 06:00:00 AM,5,1,4
05/09/2021 07:00:00 AM,16,8,8
05/09/2021 08:00:00 AM,23,11,12
05/09/2021 09:00:00 AM,51,32,19
05/09/2021 10:00:00 AM,60,31,29
05/09/2021 11:00:00 AM,118,57,61
05/09/2021 12:00:00 PM,136,89,47
05/09/2021 01:00:00 PM,121,69,52
05/09/2021 02:00:00 PM,152,82,70
05/09/2021 03:00:00 PM,167,78,89
05/09/2021 04:00:00 PM,170,94,76
05/09/2021 05:00:00 PM,158,89,69
05/09/2021 06:00:00 PM,109,40,69
05/09/2021 07:00:00 PM,62,20,42
05/09/2021 08:00:00 PM,29,12,17
05/09/2021 09:00:00 PM,11,5,6
05/09/2021 10:00:00 PM,16,6,10
05/09/2021 11:00:00 PM,7,1,6
05/10/2021 12:00:00 AM,1,1,0
05/10/2021 01:00:00 AM,2,2,0
05/10/2021 02:00:00 AM,0,0,0
05/10/2021 03:00:00 AM,0,0,0
05/10/2021 04:00:00 AM,6,4,2
05/10/2021 05:00:00 AM,10,6,4
05/10/2021 06:00:00 AM,46,13,33
05/10/2021 07:00:00 AM,87,22,65
05/10/2021 08:00:00 AM,106,15,91
05/10/2021 09:00:00 AM,69,16,53
05/10/2021 10:00:00 AM,68,19,49
05/10/2021 11:00:00 AM,45,21,24
05/10/2021 12:00:00 PM,56,30,26
05/10/2021 01:00:00 PM,54,25,29
05/10/2021 02:00:00 PM,63,36,27
05/10/2021 03:00:00 PM,93,60,33
05/10/2021 04:00:00 PM,152,108,44
05/10/2021 05:00:00 PM,217,150,67
05/10/2021 06:00:00 PM,155,108,47
05/10/2021 07:00:00 PM,101,53,48
05/10/2021 08:00:00 PM,66,25,41
05/10/2021 09:00:00 PM,25,9,16
05/10/2021 10:00:00 PM,21,14,7
05/10/2021 11:00:00 PM,9,5,4
05/11/2021 12:00:00 AM,3,1,2
05/11/2021 01:00:00 AM,1,0,1
05/11/2021 02:00:00 AM,1,1,0
05/11/2021 03:00:00 AM,0,0,0
05/11/2021 04:00:00 AM,5,3,2
05/11/2021 05:00:00 AM,15,7,8
05/11/2021 06:00:00 AM,48,14,34
05/11/2021 07:00:00 AM,100,20,80
05/11/2021 08:00:00 AM,116,19,97
05/11/2021 09:00:00 AM,86,24,62
05/11/2021 10:00:00 AM,65,22,43
05/11/2021 11:00:00 AM,35,10,25
05/11/2021 12:00:00 PM,63,31,32
05/11/2021 01:00:00 PM,65,38,27
05/11/2021 02:00:00 PM,76,40,36
05/11/2021 03:00:00 PM,117,74,43
05/11/2021 04:00:00 PM,183,108,75
05/11/2021 05:00:00 PM,282,206,76
05/11/2021 06:00:00 PM,187,115,72
05/11/2021 07:00:00 PM,138,72,66
05/11/2021 08:00:00 PM,93,35,58
05/11/2021 09:00:00 PM,32,12,20
05/11/2021 10:00:00 PM,15,8,7
05/11/2021 11:00:00 PM,16,8,8
05/12/2021 12:00:00 AM,2,0,2
05/12/2021 01:00:00 AM,0,0,0
05/12/2021 02:00:00 AM,2,2,0
05/12/2021 03:00:00 AM,1,1,0
05/12/2021 04:00:00 AM,5,3,2
05/12/2021 05:00:00 AM,10,4,6
05/12/2021 06:00:00 AM,38,11,27
05/12/2021 07:00:00 AM,99,24,75
05/12/2021 08:00:00 AM,112,18,94
05/12/2021 09:00:00 AM,91,17,74
05/12/2021 10:00:00 AM,54,22,32
05/12/2021 11:00:00 AM,48,20,28
05/12/2021 12:00:00 PM,59,29,30
05/12/2021 01:00:00 PM,61,27,34
05/12/2021 02:00:00 PM,80,52,28
05/12/2021 03:00:00 PM,105,58,47
05/12/2021 04:00:00 PM,172,113,59
05/12/2021 05:00:00 PM,224,173,51
05/12/2021 06:00:00 PM,190,121,69
05/12/2021 07:00:00 PM,139,73,66
05/12/2021 08:00:00 PM,73,38,35
05/12/2021 09:00:00 PM,38,18,20
05/12/2021 10:00:00 PM,21,7,14
05/12/2021 11:00:00 PM,15,6,9
05/13/2021 12:00:00 AM,0,0,0
05/13/2021 01:00:00 AM,3,1,2
05/13/2021 02:00:00 AM,1,1,0
05/13/2021 03:00:00 AM,0,0,0
05/13/2021 04:00:00 AM,4,2,2
05/13/2021 05:00:00 AM,16,10,6
05/13/2021 06:00:00 AM,38,14,24
05/13/2021 07:00:00 AM,97,29,68
05/13/2021 08:00:00 AM,101,15,86
05/13/2021 09:00:00 AM,74,24,50
05/13/2021 10:00:00 AM,65,20,45
05/13/2021 11:00:00 AM,59,20,39
05/13/2021 12:00:00 PM,69,30,39
05/13/2021 01:00:00 PM,77,38,39
05/13/2021 02:00:00 PM,94,51,43
05/13/2021 03:00:00 PM,99,62,37
05/13/2021 04:00:00 PM,163,110,53
05/13/2021 05:00:00 PM,241,178,63
05/13/2021 06:00:00 PM,204,122,82
05/13/2021 07:00:00 PM,153,68,85
05/13/2021 08:00:00 PM,81,29,52
05/13/2021 09:00:00 PM,57,18,39
05/13/2021 10:00:00 PM,33,21,12
05/13/2021 11:00:00 PM,12,4,8
05/14/2021 12:00:00 AM,6,5,1
05/14/2021 01:00:00 AM,1,1,0
05/14/2021 02:00:00 AM,3,2,1
05/14/2021 03:00:00 AM,2,0,2
05/14/2021 04:00:00 AM,4,1,3
05/14/2021 05:00:00 AM,14,11,3
05/14/2021 06:00:00 AM,51,13,38
05/14/2021 07:00:00 AM,81,23,58
05/14/2021 08:00:00 AM,118,21,97
05/14/2021 09:00:00 AM,68,16,52
05/14/2021 10:00:00 AM,57,20,37
05/14/2021 11:00:00 AM,75,26,49
05/14/2021 12:00:00 PM,89,54,35
05/14/2021 01:00:00 PM,79,33,46
05/14/2021 02:00:00 PM,98,50,48
05/14/2021 03:00:00 PM,123,82,41
05/14/2021 04:00:00 PM,166,116,50
05/14/2021 05:00:00 PM,254,167,87
05/14/2021 06:00:00 PM,194,116,78
05/14/2021 07:00:00 PM,111,49,62
05/14/2021 08:00:00 PM,67,27,40
05/14/2021 09:00:00 PM,30,13,17
05/14/2021 10:00:00 PM,46,22,24
05/14/2021 11:00:00 PM,26,10,16
05/15/2021 12:00:00 AM,13,9,4
05/15/2021 01:00:00 AM,4,3,1
05/15/2021 02:00:00 AM,3,1,2
05/15/2021 03:00:00 AM,1,1,0
05/15/2021 04:00:00 AM,1,1,0
05/15/2021 05:00:00 AM,2,0,2
05/15/2021 06:00:00 AM,12,5,7
05/15/2021 07:00:00 AM,25,14,11
05/15/2021 08:00:00 AM,39,16,23
05/15/2021 09:00:00 AM,86,39,47
05/15/2021 10:00:00 AM,123,72,51
05/15/2021 11:00:00 AM,143,79,64
05/15/2021 12:00:00 PM,179,75,104
05/15/2021 01:00:00 PM,160,84,76
05/15/2021 02:00:00 PM,179,94,85
05/15/2021 03:00:00 PM,177,88,89
05/15/2021 04:00:00 PM,150,62,88
05/15/2021 05:00:00 PM,139,67,72
05/15/2021 06:00:00 PM,113,55,58
05/15/2021 07:00:00 PM,107,59,48
05/15/2021 08:00:00 PM,58,29,29
05/15/2021 09:00:00 PM,28,13,15
05/15/2021 10:00:00 PM,14,9,5
05/15/2021 11:00:00 PM,12,2,10
05/16/2021 12:00:00 AM,9,5,4
05/16/2021 01:00:00 AM,7,5,2
05/16/2021 02:00:00 AM,3,0,3
05/16/2021 03:00:00 AM,3,0,3
05/16/2021 04:00:00 AM,5,1,4
05/16/2021 05:00:00 AM,1,1,0
05/16/2021 06:00:00 AM,11,6,5
05/16/2021 07:00:00 AM,24,15,9
05/16/2021 08:00:00 AM,29,17,12
05/16/2021 09:00:00 AM,66,45,21
05/16/2021 10:00:00 AM,97,54,43
05/16/2021 11:00:00 AM,118,57,61
05/16/2021 12:00:00 PM,152,81,71
05/16/2021 01:00:00 PM,187,87,100
05/16/2021 02:00:00 PM,193,102,91
05/16/2021 03:00:00 PM,207,105,102
05/16/2021 04:00:00 PM,189,86,103
05/16/2021 05:00:00 PM,183,74,109
05/16/2021 06:00:00 PM,96,48,48
05/16/2021 07:00:00 PM,80,36,44
05/16/2021 08:00:00 PM,51,20,31
05/16/2021 09:00:00 PM,32,10,22
05/16/2021 10:00:00 PM,18,6,12
05/16/2021 11:00:00 PM,7,1,6
05/17/2021 12:00:00 AM,2,0,2
05/17/2021 01:00:00 AM,1,1,0
05/17/2021 02:00:00 AM,1,1,0
05/17/2021 03:00:00 AM,0,0,0
05/17/2021 04:00:00 AM,5,3,2
05/17/2021 05:00:00 AM,17,10,7
05/17/2021 06:00:00 AM,34,8,26
05/17/2021 07:00:00 AM,72,14,58
05/17/2021 08:00:00 AM,85,15,70
05/17/2021 09:00:00 AM,67,18,49
05/17/2021 10:00:00 AM,49,14,35
05/17/2021 11:00:00 AM,52,20,32
05/17/2021 12:00:00 PM,31,13,18
05/17/2021 01:00:00 PM,31,22,9
05/17/2021 02:00:00 PM,48,27,21
05/17/2021 03:00:00 PM,64,37,27
05/17/2021 04:00:00 PM,86,67,19
05/17/2021 05:00:00 PM,117,90,27
05/17/2021 06:00:00 PM,83,56,27
05/17/2021 07:00:00 PM,25,20,5
05/17/2021 08:00:00 PM,18,11,7
05/17/2021 09:00:00 PM,11,5,6
05/17/2021 10:00:00 PM,10,6,4
05/17/2021 11:00:00 PM,5,3,2
05/18/2021 12:00:00 AM,4,3,1
05/18/2021 01:00:00 AM,0,0,0
05/18/2021 02:00:00 AM,2,1,1
05/18/2021 03:00:00 AM,2,0,2
05/18/2021 04:00:00 AM,3,1,2
05/18/2021 05:00:00 AM,10,5,5
05/18/2021 06:00:00 AM,37,9,28
05/18/2021 07:00:00 AM,71,14,57
05/18/2021 08:00:00 AM,93,16,77
05/18/2021 09:00:00 AM,66,17,49
05/18/2021 10:00:00 AM,46,13,33
05/18/2021 11:00:00 AM,36,20,16
05/18/2021 12:00:00 PM,51,21,30
05/18/2021 01:00:00 PM,63,34,29
05/18/2021 02:00:00 PM,42,20,22
05/18/2021 03:00:00 PM,75,47,28
05/18/2021 04:00:00 PM,94,72,22
05/18/2021 05:00:00 PM,163,121,42
05/18/2021 06:00:00 PM,109,76,33
05/18/2021 07:00:00 PM,55,31,24
05/18/2021 08:00:00 PM,40,15,25
05/18/2021 09:00:00 PM,19,13,6
05/18/2021 10:00:00 PM,12,7,5
05/18/2021 11:00:00 PM,3,1,2
05/19/2021 12:00:00 AM,5,3,2
05/19/2021 01:00:00 AM,1,1,0
05/19/2021 02:00:00 AM,1,1,0
05/19/2021 03:00:00 AM,0,0,0
05/19/2021 04:00:00 AM,4,2,2
05/19/2021 05:00:00 AM,14,10,4
05/19/2021 06:00:00 AM,48,11,37
05/19/2021 07:00:00 AM,105,21,84
05/19/2021 08:00:00 AM,87,16,71
05/19/2021 09:00:00 AM,73,18,55
05/19/2021 10:00:00 AM,54,21,33
05/19/2021 11:00:00 AM,32,16,16
05/19/2021 12:00:00 PM,68,37,31
05/19/2021 01:00:00 PM,55,29,26
05/19/2021 02:00:00 PM,72,44,28
05/19/2021 03:00:00 PM,93,54,39
05/19/2021 04:00:00 PM,127,97,30
05/19/2021 05:00:00 PM,234,159,75
05/19/2021 06:00:00 PM,190,124,66
05/19/2021 07:00:00 PM,111,69,42
05/19/2021 08:00:00 PM,59,25,34
05/19/2021 09:00:00 PM,18,10,8
05/19/2021 10:00:00 PM,15,7,8
05/19/2021 11:00:00 PM,8,5,3
05/20/2021 12:00:00 AM,2,2,0
05/20/2021 01:00:00 AM,1,1,0
05/20/2021 02:00:00 AM,1,1,0
05/20/2021 03:00:00 AM,0,0,0
05/20/2021 04:00:00 AM,6,4,2
05/20/2021 05:00:00 AM,14,7,7
05/20/2021 06:00:00 AM,43,13,30
05/20/2021 07:00:00 AM,78,18,60
05/20/2021 08:00:00 AM,96,13,83
05/20/2021 09:00:00 AM,69,15,54
05/20/2021 10:00:00 AM,46,10,36
05/20/2021 11:00:00 AM,41,15,26
05/20/2021 12:00:00 PM,45,21,24
05/20/2021 01:00:00 PM,32,19,13
05/20/2021 02:00:00 PM,71,42,29
05/20/2021 03:00:00 PM,89,55,34
05/20/2021 04:00:00 PM,121,88,33
05/20/2021 05:00:00 PM,215,155,60
05/20/2021 06:00:00 PM,162,116,46
05/20/2021 07:00:00 PM,118,71,47
05/20/2021 08:00:00 PM,59,23,36
05/20/2021 09:00:00 PM,28,14,14
05/20/2021 10:00:00 PM,20,6,14
05/20/2021 11:00:00 PM,11,6,5
05/21/2021 12:00:00 AM,2,1,1
05/21/2021 01:00:00 AM,7,4,3
05/21/2021 02:00:00 AM,1,1,0
05/21/2021 03:00:00 AM,0,0,0
05/21/2021 04:00:00 AM,4,2,2
05/21/2021 05:00:00 AM,14,9,5
05/21/2021 06:00:00 AM,33,11,22
05/21/2021 07:00:00 AM,89,33,56
05/21/2021 08:00:00 AM,98,21,77
05/21/2021 09:00:00 AM,66,14,52
05/21/2021 10:00:00 AM,52,16,36
05/21/2021 11:00:00 AM,53,26,27
05/21/2021 12:00:00 PM,47,20,27
05/21/2021 01:00:00 PM,74,42,32
05/21/2021 02:00:00 PM,95,60,35
05/21/2021 03:00:00 PM,118,75,43
05/21/2021 04:00:00 PM,151,102,49
05/21/2021 05:00:00 PM,216,134,82
05/21/2021 06:00:00 PM,169,101,68
05/21/2021 07:00:00 PM,108,57,51
05/21/2021 08:00:00 PM,86,46,40
05/21/2021 09:00:00 PM,42,12,30
05/21/2021 10:00:00 PM,23,13,10
05/21/2021 11:00:00 PM,10,4,6
05/22/2021 12:00:00 AM,14,4,10
05/22/2021 01:00:00 AM,6,2,4
05/22/2021 02:00:00 AM,0,0,0
05/22/2021 03:00:00 AM,1,1,0
05/22/2021 04:00:00 AM,4,2,2
05/22/2021 05:00:00 AM,1,0,1
05/22/2021 06:00:00 AM,11,3,8
05/22/2021 07:00:00 AM,19,11,8
05/22/2021 08:00:00 AM,41,11,30
05/22/2021 09:00:00 AM,70,31,39
05/22/2021 10:00:00 AM,80,32,48
05/22/2021 11:00:00 AM,80,47,33
05/22/2021 12:00:00 PM,96,48,48
05/22/2021 01:00:00 PM,107,66,41
05/22/2021 02:00:00 PM,122,57,65
05/22/2021 03:00:00 PM,134,64,70
05/22/2021 04:00:00 PM,171,85,86
05/22/2021 05:00:00 PM,157,78,79
05/22/2021 06:00:00 PM,108,48,60
05/22/2021 07:00:00 PM,89,30,59
05/22/2021 08:00:00 PM,43,16,27
05/22/2021 09:00:00 PM,46,15,31
05/22/2021 10:00:00 PM,26,10,16
05/22/2021 11:00:00 PM,21,11,10
05/23/2021 12:00:00 AM,17,6,11
05/23/2021 01:00:00 AM,4,1,3
05/23/2021 02:00:00 AM,2,1,1
05/23/2021 03:00:00 AM,1,0,1
05/23/2021 04:00:00 AM,0,0,0
05/23/2021 05:00:00 AM,3,2,1
05/23/2021 06:00:00 AM,12,3,9
05/23/2021 07:00:00 AM,16,11,5
05/23/2021 08:00:00 AM,27,10,17
05/23/2021 09:00:00 AM,44,25,19
05/23/2021 10:00:00 AM,58,26,32
05/23/2021 11:00:00 AM,65,39,26
05/23/2021 12:00:00 PM,105,49,56
05/23/2021 01:00:00 PM,80,41,39
05/23/2021 02:00:00 PM,101,53,48
05/23/2021 03:00:00 PM,101,50,51
05/23/2021 04:00:00 PM,106,56,50
05/23/2021 05:00:00 PM,91,47,44
05/23/2021 06:00:00 PM,64,23,41
05/23/2021 07:00:00 PM,44,22,22
05/23/2021 08:00:00 PM,33,11,22
05/23/2021 09:00:00 PM,7,3,4
05/23/2021 10:00:00 PM,13,3,10
05/23/2021 11:00:00 PM,3,0,3
05/24/2021 12:00:00 AM,1,0,1
05/24/2021 01:00:00 AM,1,1,0
05/24/2021 02:00:00 AM,1,1,0
05/24/2021 03:00:00 AM,0,0,0
05/24/2021 04:00:00 AM,6,5,1
05/24/2021 05:00:00 AM,12,6,6
05/24/2021 06:00:00 AM,18,7,11
05/24/2021 07:00:00 AM,53,6,47
05/24/2021 08:00:00 AM,62,4,58
05/24/2021 09:00:00 AM,54,9,45
05/24/2021 10:00:00 AM,28,6,22
05/24/2021 11:00:00 AM,23,6,17
05/24/2021 12:00:00 PM,35,16,19
05/24/2021 01:00:00 PM,20,12,8
05/24/2021 02:00:00 PM,30,23,7
05/24/2021 03:00:00 PM,45,25,20
05/24/2021 04:00:00 PM,83,63,20
05/24/2021 05:00:00 PM,134,106,28
05/24/2021 06:00:00 PM,78,55,23
05/24/2021 07:00:00 PM,69,42,27
05/24/2021 08:00:00 PM,30,19,11
05/24/2021 09:00:00 PM,23,8,15
05/24/2021 10:00:00 PM,16,7,9
05/24/2021 11:00:00 PM,4,2,2
05/25/2021 12:00:00 AM,4,4,0
05/25/2021 01:00:00 AM,2,1,1
05/25/2021 02:00:00 AM,0,0,0
05/25/2021 03:00:00 AM,1,1,0
05/25/2021 04:00:00 AM,3,2,1
05/25/2021 05:00:00 AM,15,7,8
05/25/2021 06:00:00 AM,33,6,27
05/25/2021 07:00:00 AM,92,17,75
05/25/2021 08:00:00 AM,99,15,84
05/25/2021 09:00:00 AM,85,19,66
05/25/2021 10:00:00 AM,60,17,43
05/25/2021 11:00:00 AM,43,17,26
05/25/2021 12:00:00 PM,48,22,26
05/25/2021 01:00:00 PM,44,24,20
05/25/2021 02:00:00 PM,58,34,24
05/25/2021 03:00:00 PM,87,52,35
05/25/2021 04:00:00 PM,155,122,33
05/25/2021 05:00:00 PM,173,135,38
05/25/2021 06:00:00 PM,145,96,49
05/25/2021 07:00:00 PM,87,48,39
05/25/2021 08:00:00 PM,71,33,38
05/25/2021 09:00:00 PM,30,10,20
05/25/2021 10:00:00 PM,22,6,16
05/25/2021 11:00:00 PM,6,4,2
05/26/2021 12:00:00 AM,1,0,1
05/26/2021 01:00:00 AM,0,0,0
05/26/2021 02:00:00 AM,4,3,1
05/26/2021 03:00:00 AM,0,0,0
05/26/2021 04:00:00 AM,7,3,4
05/26/2021 05:00:00 AM,17,10,7
05/26/2021 06:00:00 AM,34,6,28
05/26/2021 07:00:00 AM,91,18,73
05/26/2021 08:00:00 AM,118,18,100
05/26/2021 09:00:00 AM,90,20,70
05/26/2021 10:00:00 AM,74,25,49
05/26/2021 11:00:00 AM,51,19,32
05/26/2021 12:00:00 PM,55,25,30
05/26/2021 01:00:00 PM,63,33,30
05/26/2021 02:00:00 PM,76,48,28
05/26/2021 03:00:00 PM,107,65,42
05/26/2021 04:00:00 PM,166,119,47
05/26/2021 05:00:00 PM,226,176,50
05/26/2021 06:00:00 PM,161,112,49
05/26/2021 07:00:00 PM,105,48,57
05/26/2021 08:00:00 PM,72,24,48
05/26/2021 09:00:00 PM,34,16,18
05/26/2021 10:00:00 PM,18,7,11
05/26/2021 11:00:00 PM,14,7,7
05/27/2021 12:00:00 AM,4,4,0
05/27/2021 01:00:00 AM,0,0,0
05/27/2021 02:00:00 AM,1,0,1
05/27/2021 03:00:00 AM,0,0,0
05/27/2021 04:00:00 AM,2,0,2
05/27/2021 05:00:00 AM,10,5,5
05/27/2021 06:00:00 AM,16,3,13
05/27/2021 07:00:00 AM,53,17,36
05/27/2021 08:00:00 AM,56,5,51
05/27/2021 09:00:00 AM,20,3,17
05/27/2021 10:00:00 AM,16,4,12
05/27/2021 11:00:00 AM,13,4,9
05/27/2021 12:00:00 PM,20,11,9
05/27/2021 01:00:00 PM,24,12,12
05/27/2021 02:00:00 PM,20,12,8
05/27/2021 03:00:00 PM,41,30,11
05/27/2021 04:00:00 PM,54,37,17
05/27/2021 05:00:00 PM,90,71,19
05/27/2021 06:00:00 PM,79,53,26
05/27/2021 07:00:00 PM,41,23,18
05/27/2021 08:00:00 PM,18,11,7
05/27/2021 09:00:00 PM,22,13,9
05/27/2021 10:00:00 PM,12,7,5
05/27/2021 11:00:00 PM,7,5,2
05/28/2021 12:00:00 AM,1,1,0
05/28/2021 01:00:00 AM,1,1,0
05/28/2021 02:00:00 AM,1,1,0
05/28/2021 03:00:00 AM,0,0,0
05/28/2021 04:00:00 AM,4,1,3
05/28/2021 05:00:00 AM,11,6,5
05/28/2021 06:00:00 AM,29,5,24
05/28/2021 07:00:00 AM,74,20,54
05/28/2021 08:00:00 AM,81,12,69
05/28/2021 09:00:00 AM,75,25,50
05/28/2021 10:00:00 AM,45,20,25
05/28/2021 11:00:00 AM,65,21,44
05/28/2021 12:00:00 PM,63,25,38
05/28/2021 01:00:00 PM,71,35,36
05/28/2021 02:00:00 PM,116,63,53
05/28/2021 03:00:00 PM,117,68,49
05/28/2021 04:00:00 PM,129,87,42
05/28/2021 05:00:00 PM,192,124,68
05/28/2021 06:00:00 PM,125,76,49
05/28/2021 07:00:00 PM,69,35,34
05/28/2021 08:00:00 PM,82,38,44
05/28/2021 09:00:00 PM,31,16,15
05/28/2021 10:00:00 PM,13,9,4
05/28/2021 11:00:00 PM,19,7,12
05/29/2021 12:00:00 AM,7,3,4
05/29/2021 01:00:00 AM,2,2,0
05/29/2021 02:00:00 AM,8,7,1
05/29/2021 03:00:00 AM,0,0,0
05/29/2021 04:00:00 AM,1,1,0
05/29/2021 05:00:00 AM,4,3,1
05/29/2021 06:00:00 AM,5,2,3
05/29/2021 07:00:00 AM,24,11,13
05/29/2021 08:00:00 AM,38,19,19
05/29/2021 09:00:00 AM,57,27,30
05/29/2021 10:00:00 AM,83,53,30
05/29/2021 11:00:00 AM,122,70,52
05/29/2021 12:00:00 PM,144,88,56
05/29/2021 01:00:00 PM,158,83,75
05/29/2021 02:00:00 PM,181,101,80
05/29/2021 03:00:00 PM,200,104,96
05/29/2021 04:00:00 PM,179,87,92
05/29/2021 05:00:00 PM,141,79,62
05/29/2021 06:00:00 PM,115,55,60
05/29/2021 07:00:00 PM,124,45,79
05/29/2021 08:00:00 PM,66,34,32
05/29/2021 09:00:00 PM,51,19,32
05/29/2021 10:00:00 PM,23,8,15
05/29/2021 11:00:00 PM,14,9,5
05/30/2021 12:00:00 AM,22,11,11
05/30/2021 01:00:00 AM,4,2,2
05/30/2021 02:00:00 AM,1,1,0
05/30/2021 03:00:00 AM,2,1,1
05/30/2021 04:00:00 AM,0,0,0
05/30/2021 05:00:00 AM,4,0,4
05/30/2021 06:00:00 AM,6,3,3
05/30/2021 07:00:00 AM,19,13,6
05/30/2021 08:00:00 AM,35,14,21
05/30/2021 09:00:00 AM,68,33,35
05/30/2021 10:00:00 AM,108,51,57
05/30/2021 11:00:00 AM,94,46,48
05/30/2021 12:00:00 PM,116,56,60
05/30/2021 01:00:00 PM,105,69,36
05/30/2021 02:00:00 PM,131,74,57
05/30/2021 03:00:00 PM,132,74,58
05/30/2021 04:00:00 PM,112,47,65
05/30/2021 05:00:00 PM,120,51,69
05/30/2021 06:00:00 PM,104,40,64
05/30/2021 07:00:00 PM,70,27,43
05/30/2021 08:00:00 PM,41,21,20
05/30/2021 09:00:00 PM,26,14,12
05/30/2021 10:00:00 PM,28,11,17
05/30/2021 11:00:00 PM,13,4,9
05/31/2021 12:00:00 AM,3,1,2
05/31/2021 01:00:00 AM,1,1,0
05/31/2021 02:00:00 AM,2,0,2
05/31/2021 03:00:00 AM,2,1,1
05/31/2021 04:00:00 AM,5,3,2
05/31/2021 05:00:00 AM,7,2,5
05/31/2021 06:00:00 AM,12,2,10
05/31/2021 07:00:00 AM,16,6,10
05/31/2021 08:00:00 AM,38,24,14
05/31/2021 09:00:00 AM,72,33,39
05/31/2021 10:00:00 AM,124,60,64
05/31/2021 11:00:00 AM,151,73,78
05/31/2021 12:00:00 PM,168,106,62
05/31/2021 01:00:00 PM,176,90,86
05/31/2021 02:00:00 PM,189,91,98
05/31/2021 03:00:00 PM,184,85,99
05/31/2021 04:00:00 PM,155,88,67
05/31/2021 05:00:00 PM,160,78,82
05/31/2021 06:00:00 PM,111,58,53
05/31/2021 07:00:00 PM,81,42,39
05/31/2021 08:00:00 PM,70,25,45
05/31/2021 09:00:00 PM,30,14,16
05/31/2021 10:00:00 PM,19,4,15
05/31/2021 11:00:00 PM,13,6,7
06/01/2021 12:00:00 AM,5,3,2
06/01/2021 01:00:00 AM,1,1,0
06/01/2021 02:00:00 AM,0,0,0
06/01/2021 03:00:00 AM,0,0,0
06/01/2021 04:00:00 AM,7,3,4
06/01/2021 05:00:00 AM,19,9,10
06/01/2021 06:00:00 AM,39,9,30
06/01/2021 07:00:00 AM,108,16,92
06/01/2021 08:00:00 AM,126,22,104
06/01/2021 09:00:00 AM,89,17,72
06/01/2021 10:00:00 AM,66,21,45
06/01/2021 11:00:00 AM,49,20,29
06/01/2021 12:00:00 PM,62,17,45
06/01/2021 01:00:00 PM,77,38,39
06/01/2021 02:00:00 PM,91,60,31
06/01/2021 03:00:00 PM,122,85,37
06/01/2021 04:00:00 PM,175,131,44
06/01/2021 05:00:00 PM,268,187,81
06/01/2021 06:00:00 PM,179,111,68
06/01/2021 07:00:00 PM,123,72,51
06/01/2021 08:00:00 PM,100,54,46
06/01/2021 09:00:00 PM,57,22,35
06/01/2021 10:00:00 PM,23,9,14
06/01/2021 11:00:00 PM,15,10,5
06/02/2021 12:00:00 AM,11,4,7
06/02/2021 01:00:00 AM,0,0,0
06/02/2021 02:00:00 AM,1,0,1
06/02/2021 03:00:00 AM,0,0,0
06/02/2021 04:00:00 AM,6,2,4
06/02/2021 05:00:00 AM,32,17,15
06/02/2021 06:00:00 AM,54,18,36
06/02/2021 07:00:00 AM,138,22,116
06/02/2021 08:00:00 AM,146,18,128
06/02/2021 09:00:00 AM,104,33,71
06/02/2021 10:00:00 AM,81,31,50
06/02/2021 11:00:00 AM,72,27,45
06/02/2021 12:00:00 PM,79,36,43
06/02/2021 01:00:00 PM,63,30,33
06/02/2021 02:00:00 PM,99,59,40
06/02/2021 03:00:00 PM,107,70,37
06/02/2021 04:00:00 PM,184,122,62
06/02/2021 05:00:00 PM,249,200,49
06/02/2021 06:00:00 PM,215,147,68
06/02/2021 07:00:00 PM,168,98,70
06/02/2021 08:00:00 PM,103,61,42
06/02/2021 09:00:00 PM,63,27,36
06/02/2021 10:00:00 PM,30,13,17
06/02/2021 11:00:00 PM,8,5,3
06/03/2021 12:00:00 AM,2,1,1
06/03/2021 01:00:00 AM,3,3,0
06/03/2021 02:00:00 AM,1,0,1
06/03/2021 03:00:00 AM,0,0,0
06/03/2021 04:00:00 AM,8,6,2
06/03/2021 05:00:00 AM,21,10,11
06/03/2021 06:00:00 AM,37,8,29
06/03/2021 07:00:00 AM,129,27,102
06/03/2021 08:00:00 AM,138,18,120
06/03/2021 09:00:00 AM,86,12,74
06/03/2021 10:00:00 AM,60,19,41
06/03/2021 11:00:00 AM,74,31,43
06/03/2021 12:00:00 PM,50,24,26
06/03/2021 01:00:00 PM,60,31,29
06/03/2021 02:00:00 PM,77,42,35
06/03/2021 03:00:00 PM,98,57,41
06/03/2021 04:00:00 PM,168,123,45
06/03/2021 05:00:00 PM,260,197,63
06/03/2021 06:00:00 PM,229,151,78
06/03/2021 07:00:00 PM,157,68,89
06/03/2021 08:00:00 PM,86,47,39
06/03/2021 09:00:00 PM,54,23,31
06/03/2021 10:00:00 PM,32,19,13
06/03/2021 11:00:00 PM,15,7,8
06/04/2021 12:00:00 AM,9,5,4
06/04/2021 01:00:00 AM,1,0,1
06/04/2021 02:00:00 AM,2,2,0
06/04/2021 03:00:00 AM,1,0,1
06/04/2021 04:00:00 AM,3,2,1
06/04/2021 05:00:00 AM,20,12,8
06/04/2021 06:00:00 AM,42,12,30
06/04/2021 07:00:00 AM,101,23,78
06/04/2021 08:00:00 AM,122,29,93
06/04/2021 09:00:00 AM,79,21,58
06/04/2021 10:00:00 AM,63,24,39
06/04/2021 11:00:00 AM,45,19,26
06/04/2021 12:00:00 PM,64,33,31
06/04/2021 01:00:00 PM,64,39,25
06/04/2021 02:00:00 PM,99,54,45
06/04/2021 03:00:00 PM,109,63,46
06/04/2021 04:00:00 PM,161,117,44
06/04/2021 05:00:00 PM,174,134,40
06/04/2021 06:00:00 PM,173,127,46
06/04/2021 07:00:00 PM,112,51,61
06/04/2021 08:00:00 PM,95,41,54
06/04/2021 09:00:00 PM,39,18,21
06/04/2021 10:00:00 PM,24,9,15
06/04/2021 11:00:00 PM,25,15,10
06/05/2021 12:00:00 AM,10,5,5
06/05/2021 01:00:00 AM,5,3,2
06/05/2021 02:00:00 AM,2,1,1
06/05/2021 03:00:00 AM,1,1,0
06/05/2021 04:00:00 AM,0,0,0
06/05/2021 05:00:00 AM,7,6,1
06/05/2021 06:00:00 AM,16,7,9
06/05/2021 07:00:00 AM,19,8,11
06/05/2021 08:00:00 AM,20,6,14
06/05/2021 09:00:00 AM,54,26,28
06/05/2021 10:00:00 AM,72,41,31
06/05/2021 11:00:00 AM,74,54,20
06/05/2021 12:00:00 PM,116,55,61
06/05/2021 01:00:00 PM,123,56,67
06/05/2021 02:00:00 PM,130,56,74
06/05/2021 03:00:00 PM,131,73,58
06/05/2021 04:00:00 PM,104,54,50
06/05/2021 05:00:00 PM,111,56,55
06/05/2021 06:00:00 PM,65,25,40
06/05/2021 07:00:00 PM,77,24,53
06/05/2021 08:00:00 PM,26,11,15
06/05/2021 09:00:00 PM,30,12,18
06/05/2021 10:00:00 PM,13,10,3
06/05/2021 11:00:00 PM,8,4,4
06/06/2021 12:00:00 AM,9,2,7
06/06/2021 01:00:00 AM,4,2,2
06/06/2021 02:00:00 AM,1,1,0
06/06/2021 03:00:00 AM,0,0,0
06/06/2021 04:00:00 AM,0,0,0
06/06/2021 05:00:00 AM,2,0,2
06/06/2021 06:00:00 AM,5,2,3
06/06/2021 07:00:00 AM,10,6,4
06/06/2021 08:00:00 AM,9,1,8
06/06/2021 09:00:00 AM,41,22,19
06/06/2021 10:00:00 AM,46,30,16
06/06/2021 11:00:00 AM,47,21,26
06/06/2021 12:00:00 PM,35,17,18
06/06/2021 01:00:00 PM,45,22,23
06/06/2021 02:00:00 PM,29,13,16
06/06/2021 03:00:00 PM,29,16,13
06/06/2021 04:00:00 PM,28,16,12
06/06/2021 05:00:00 PM,21,9,12
06/06/2021 06:00:00 PM,11,1,10
06/06/2021 07:00:00 PM,13,10,3
06/06/2021 08:00:00 PM,8,5,3
06/06/2021 09:00:00 PM,6,4,2
06/06/2021 10:00:00 PM,3,2,1
06/06/2021 11:00:00 PM,3,2,1
06/07/2021 12:00:00 AM,0,0,0
06/07/2021 01:00:00 AM,0,0,0
06/07/2021 02:00:00 AM,1,1,0
06/07/2021 03:00:00 AM,0,0,0
06/07/2021 04:00:00 AM,3,2,1
06/07/2021 05:00:00 AM,14,8,6
06/07/2021 06:00:00 AM,25,8,17
06/07/2021 07:00:00 AM,68,14,54
06/07/2021 08:00:00 AM,86,4,82
06/07/2021 09:00:00 AM,73,12,61
06/07/2021 10:00:00 AM,50,21,29
06/07/2021 11:00:00 AM,61,27,34
06/07/2021 12:00:00 PM,38,19,19
06/07/2021 01:00:00 PM,66,39,27
06/07/2021 02:00:00 PM,47,28,19
06/07/2021 03:00:00 PM,73,38,35
06/07/2021 04:00:00 PM,134,97,37
06/07/2021 05:00:00 PM,208,151,57
06/07/2021 06:00:00 PM,174,120,54
06/07/2021 07:00:00 PM,117,62,55
06/07/2021 08:00:00 PM,77,27,50
06/07/2021 09:00:00 PM,42,20,22
06/07/2021 10:00:00 PM,16,7,9
06/07/2021 11:00:00 PM,6,2,4
06/08/2021 12:00:00 AM,7,3,4
06/08/2021 01:00:00 AM,0,0,0
06/08/2021 02:00:00 AM,0,0,0
06/08/2021 03:00:00 AM,0,0,0
06/08/2021 04:00:00 AM,8,6,2
06/08/2021 05:00:00 AM,17,10,7
06/08/2021 06:00:00 AM,52,10,42
06/08/2021 07:00:00 AM,125,31,94
06/08/2021 08:00:00 AM,163,27,136
06/08/2021 09:00:00 AM,82,21,61
06/08/2021 10:00:00 AM,58,17,41
06/08/2021 11:00:00 AM,64,26,38
06/08/2021 12:00:00 PM,64,28,36
06/08/2021 01:00:00 PM,52,27,25
06/08/2021 02:00:00 PM,89,53,36
06/08/2021 03:00:00 PM,109,78,31
06/08/2021 04:00:00 PM,189,133,56
06/08/2021 05:00:00 PM,292,222,70
06/08/2021 06:00:00 PM,216,124,92
06/08/2021 07:00:00 PM,81,45,36
06/08/2021 08:00:00 PM,54,23,31
06/08/2021 09:00:00 PM,30,20,10
06/08/2021 10:00:00 PM,16,7,9
06/08/2021 11:00:00 PM,8,3,5
06/09/2021 12:00:00 AM,2,1,1
06/09/2021 01:00:00 AM,1,1,0
06/09/2021 02:00:00 AM,0,0,0
06/09/2021 03:00:00 AM,0,0,0
06/09/2021 04:00:00 AM,6,2,4
06/09/2021 05:00:00 AM,19,12,7
06/09/2021 06:00:00 AM,48,13,35
06/09/2021 07:00:00 AM,135,36,99
06/09/2021 08:00:00 AM,153,28,125
06/09/2021 09:00:00 AM,101,26,75
06/09/2021 10:00:00 AM,76,30,46
06/09/2021 11:00:00 AM,68,32,36
06/09/2021 12:00:00 PM,91,44,47
06/09/2021 01:00:00 PM,88,53,35
06/09/2021 02:00:00 PM,92,46,46
06/09/2021 03:00:00 PM,129,82,47
06/09/2021 04:00:00 PM,168,122,46
06/09/2021 05:00:00 PM,262,205,57
06/09/2021 06:00:00 PM,191,131,60
06/09/2021 07:00:00 PM,153,82,71
06/09/2021 08:00:00 PM,73,27,46
06/09/2021 09:00:00 PM,47,25,22
06/09/2021 10:00:00 PM,36,14,22
06/09/2021 11:00:00 PM,18,8,10
06/10/2021 12:00:00 AM,4,2,2
06/10/2021 01:00:00 AM,0,0,0
06/10/2021 02:00:00 AM,1,0,1
06/10/2021 03:00:00 AM,0,0,0
06/10/2021 04:00:00 AM,6,4,2
06/10/2021 05:00:00 AM,23,17,6
06/10/2021 06:00:00 AM,49,14,35
06/10/2021 07:00:00 AM,113,22,91
06/10/2021 08:00:00 AM,134,22,112
06/10/2021 09:00:00 AM,90,23,67
06/10/2021 10:00:00 AM,56,17,39
06/10/2021 11:00:00 AM,51,16,35
06/10/2021 12:00:00 PM,66,32,34
06/10/2021 01:00:00 PM,71,35,36
06/10/2021 02:00:00 PM,99,44,55
06/10/2021 03:00:00 PM,86,49,37
06/10/2021 04:00:00 PM,165,124,41
06/10/2021 05:00:00 PM,218,167,51
06/10/2021 06:00:00 PM,176,114,62
06/10/2021 07:00:00 PM,126,79,47
06/10/2021 08:00:00 PM,97,50,47
06/10/2021 09:00:00 PM,51,14,37
06/10/2021 10:00:00 PM,22,14,8
06/10/2021 11:00:00 PM,17,8,9
06/11/2021 12:00:00 AM,5,1,4
06/11/2021 01:00:00 AM,3,3,0
06/11/2021 02:00:00 AM,2,0,2
06/11/2021 03:00:00 AM,1,0,1
06/11/2021 04:00:00 AM,4,1,3
06/11/2021 05:00:00 AM,9,6,3
06/11/2021 06:00:00 AM,39,12,27
06/11/2021 07:00:00 AM,75,18,57
06/11/2021 08:00:00 AM,73,9,64
06/11/2021 09:00:00 AM,42,9,33
06/11/2021 10:00:00 AM,43,17,26
06/11/2021 11:00:00 AM,14,7,7
06/11/2021 12:00:00 PM,21,6,15
06/11/2021 01:00:00 PM,18,12,6
06/11/2021 02:00:00 PM,31,20,11
06/11/2021 03:00:00 PM,35,28,7
06/11/2021 04:00:00 PM,64,51,13
06/11/2021 05:00:00 PM,96,77,19
06/11/2021 06:00:00 PM,117,97,20
06/11/2021 07:00:00 PM,93,24,69
06/11/2021 08:00:00 PM,31,17,14
06/11/2021 09:00:00 PM,15,9,6
06/11/2021 10:00:00 PM,6,4,2
06/11/2021 11:00:00 PM,4,3,1
06/12/2021 12:00:00 AM,5,2,3
06/12/2021 01:00:00 AM,3,1,2
06/12/2021 02:00:00 AM,0,0,0
06/12/2021 03:00:00 AM,3,1,2
06/12/2021 04:00:00 AM,5,2,3
06/12/2021 05:00:00 AM,4,0,4
06/12/2021 06:00:00 AM,14,7,7
06/12/2021 07:00:00 AM,30,16,14
06/12/2021 08:00:00 AM,34,10,24
06/12/2021 09:00:00 AM,62,27,35
06/12/2021 10:00:00 AM,113,66,47
06/12/2021 11:00:00 AM,106,61,45
06/12/2021 12:00:00 PM,138,69,69
06/12/2021 01:00:00 PM,163,90,73
06/12/2021 02:00:00 PM,170,98,72
06/12/2021 03:00:00 PM,177,90,87
06/12/2021 04:00:00 PM,206,110,96
06/12/2021 05:00:00 PM,142,77,65
06/12/2021 06:00:00 PM,143,64,79
06/12/2021 07:00:00 PM,100,30,70
06/12/2021 08:00:00 PM,56,28,28
06/12/2021 09:00:00 PM,27,17,10
06/12/2021 10:00:00 PM,11,1,10
06/12/2021 11:00:00 PM,5,2,3
06/13/2021 12:00:00 AM,9,5,4
06/13/2021 01:00:00 AM,0,0,0
06/13/2021 02:00:00 AM,1,0,1
06/13/2021 03:00:00 AM,0,0,0
06/13/2021 04:00:00 AM,1,1,0
06/13/2021 05:00:00 AM,7,4,3
06/13/2021 06:00:00 AM,4,1,3
06/13/2021 07:00:00 AM,15,12,3
06/13/2021 08:00:00 AM,6,2,4
06/13/2021 09:00:00 AM,17,5,12
06/13/2021 10:00:00 AM,19,9,10
06/13/2021 11:00:00 AM,40,24,16
06/13/2021 12:00:00 PM,44,26,18
06/13/2021 01:00:00 PM,66,27,39
06/13/2021 02:00:00 PM,33,18,15
06/13/2021 03:00:00 PM,27,8,19
06/13/2021 04:00:00 PM,20,11,9
06/13/2021 05:00:00 PM,27,18,9
06/13/2021 06:00:00 PM,12,4,8
06/13/2021 07:00:00 PM,4,4,0
06/13/2021 08:00:00 PM,3,2,1
06/13/2021 09:00:00 PM,7,2,5
06/13/2021 10:00:00 PM,7,4,3
06/13/2021 11:00:00 PM,3,1,2
06/14/2021 12:00:00 AM,0,0,0
06/14/2021 01:00:00 AM,1,0,1
06/14/2021 02:00:00 AM,0,0,0
06/14/2021 03:00:00 AM,0,0,0
06/14/2021 04:00:00 AM,6,3,3
06/14/2021 05:00:00 AM,16,11,5
06/14/2021 06:00:00 AM,25,9,16
06/14/2021 07:00:00 AM,83,22,61
06/14/2021 08:00:00 AM,74,7,67
06/14/2021 09:00:00 AM,61,10,51
06/14/2021 10:00:00 AM,23,11,12
06/14/2021 11:00:00 AM,17,4,13
06/14/2021 12:00:00 PM,15,9,6
06/14/2021 01:00:00 PM,25,12,13
06/14/2021 02:00:00 PM,39,19,20
06/14/2021 03:00:00 PM,53,36,17
06/14/2021 04:00:00 PM,103,72,31
06/14/2021 05:00:00 PM,122,105,17
06/14/2021 06:00:00 PM,116,83,33
06/14/2021 07:00:00 PM,98,62,36
06/14/2021 08:00:00 PM,45,18,27
06/14/2021 09:00:00 PM,36,18,18
06/14/2021 10:00:00 PM,7,3,4
06/14/2021 11:00:00 PM,6,3,3
06/15/2021 12:00:00 AM,4,2,2
06/15/2021 01:00:00 AM,1,0,1
06/15/2021 02:00:00 AM,0,0,0
06/15/2021 03:00:00 AM,1,0,1
06/15/2021 04:00:00 AM,5,2,3
06/15/2021 05:00:00 AM,18,9,9
06/15/2021 06:00:00 AM,47,13,34
06/15/2021 07:00:00 AM,117,30,87
06/15/2021 08:00:00 AM,137,22,115
06/15/2021 09:00:00 AM,85,16,69
06/15/2021 10:00:00 AM,63,21,42
06/15/2021 11:00:00 AM,48,21,27
06/15/2021 12:00:00 PM,77,25,52
06/15/2021 01:00:00 PM,56,29,27
06/15/2021 02:00:00 PM,71,45,26
06/15/2021 03:00:00 PM,81,53,28
06/15/2021 04:00:00 PM,139,102,37
06/15/2021 05:00:00 PM,204,165,39
06/15/2021 06:00:00 PM,186,128,58
06/15/2021 07:00:00 PM,115,70,45
06/15/2021 08:00:00 PM,77,37,40
06/15/2021 09:00:00 PM,44,19,25
06/15/2021 10:00:00 PM,20,7,13
06/15/2021 11:00:00 PM,14,10,4
06/16/2021 12:00:00 AM,8,4,4
06/16/2021 01:00:00 AM,4,3,1
06/16/2021 02:00:00 AM,1,1,0
06/16/2021 03:00:00 AM,2,1,1
06/16/2021 04:00:00 AM,9,1,8
06/16/2021 05:00:00 AM,21,12,9
06/16/2021 06:00:00 AM,59,17,42
06/16/2021 07:00:00 AM,122,23,99
06/16/2021 08:00:00 AM,152,18,134
06/16/2021 09:00:00 AM,86,19,67
06/16/2021 10:00:00 AM,53,18,35
06/16/2021 11:00:00 AM,46,15,31
06/16/2021 12:00:00 PM,68,35,33
06/16/2021 01:00:00 PM,82,42,40
06/16/2021 02:00:00 PM,103,55,48
06/16/2021 03:00:00 PM,144,90,54
06/16/2021 04:00:00 PM,192,128,64
06/16/2021 05:00:00 PM,300,231,69
06/16/2021 06:00:00 PM,240,151,89
06/16/2021 07:00:00 PM,175,101,74
06/16/2021 08:00:00 PM,107,36,71
06/16/2021 09:00:00 PM,63,27,36
06/16/2021 10:00:00 PM,28,13,15
06/16/2021 11:00:00 PM,19,12,7
06/17/2021 12:00:00 AM,8,5,3
06/17/2021 01:00:00 AM,0,0,0
06/17/2021 02:00:00 AM,1,1,0
06/17/2021 03:00:00 AM,0,0,0
06/17/2021 04:00:00 AM,6,3,3
06/17/2021 05:00:00 AM,21,13,8
06/17/2021 06:00:00 AM,53,10,43
06/17/2021 07:00:00 AM,125,25,100
06/17/2021 08:00:00 AM,140,18,122
06/17/2021 09:00:00 AM,106,28,78
06/17/2021 10:00:00 AM,56,22,34
06/17/2021 11:00:00 AM,62,21,41
06/17/2021 12:00:00 PM,62,31,31
06/17/2021 01:00:00 PM,82,40,42
06/17/2021 02:00:00 PM,109,63,46
06/17/2021 03:00:00 PM,97,60,37
06/17/2021 04:00:00 PM,207,149,58
06/17/2021 05:00:00 PM,242,182,60
06/17/2021 06:00:00 PM,212,144,68
06/17/2021 07:00:00 PM,168,88,80
06/17/2021 08:00:00 PM,126,72,54
06/17/2021 09:00:00 PM,64,21,43
06/17/2021 10:00:00 PM,33,8,25
06/17/2021 11:00:00 PM,14,12,2
06/18/2021 12:00:00 AM,6,3,3
06/18/2021 01:00:00 AM,5,5,0
06/18/2021 02:00:00 AM,6,6,0
06/18/2021 03:00:00 AM,7,1,6
06/18/2021 04:00:00 AM,5,2,3
06/18/2021 05:00:00 AM,17,10,7
06/18/2021 06:00:00 AM,36,11,25
06/18/2021 07:00:00 AM,87,14,73
06/18/2021 08:00:00 AM,101,18,83
06/18/2021 09:00:00 AM,103,22,81
06/18/2021 10:00:00 AM,68,36,32
06/18/2021 11:00:00 AM,96,46,50
06/18/2021 12:00:00 PM,82,48,34
06/18/2021 01:00:00 PM,92,50,42
06/18/2021 02:00:00 PM,102,49,53
06/18/2021 03:00:00 PM,118,71,47
06/18/2021 04:00:00 PM,196,134,62
06/18/2021 05:00:00 PM,239,162,77
06/18/2021 06:00:00 PM,196,119,77
06/18/2021 07:00:00 PM,129,63,66
06/18/2021 08:00:00 PM,69,35,34
06/18/2021 09:00:00 PM,66,28,38
06/18/2021 10:00:00 PM,22,6,16
06/18/2021 11:00:00 PM,16,8,8
06/19/2021 12:00:00 AM,11,6,5
06/19/2021 01:00:00 AM,6,3,3
06/19/2021 02:00:00 AM,3,3,0
06/19/2021 03:00:00 AM,1,0,1
06/19/2021 04:00:00 AM,6,2,4
06/19/2021 05:00:00 AM,3,2,1
06/19/2021 06:00:00 AM,12,6,6
06/19/2021 07:00:00 AM,28,14,14
06/19/2021 08:00:00 AM,52,21,31
06/19/2021 09:00:00 AM,71,43,28
06/19/2021 10:00:00 AM,107,62,45
06/19/2021 11:00:00 AM,136,57,79
06/19/2021 12:00:00 PM,183,91,92
06/19/2021 01:00:00 PM,157,84,73
06/19/2021 02:00:00 PM,179,104,75
06/19/2021 03:00:00 PM,153,68,85
06/19/2021 04:00:00 PM,166,82,84
06/19/2021 05:00:00 PM,128,68,60
06/19/2021 06:00:00 PM,133,64,69
06/19/2021 07:00:00 PM,101,38,63
06/19/2021 08:00:00 PM,73,34,39
06/19/2021 09:00:00 PM,64,23,41
06/19/2021 10:00:00 PM,34,12,22
06/19/2021 11:00:00 PM,18,12,6
06/20/2021 12:00:00 AM,14,4,10
06/20/2021 01:00:00 AM,2,1,1
06/20/2021 02:00:00 AM,2,1,1
06/20/2021 03:00:00 AM,3,0,3
06/20/2021 04:00:00 AM,2,0,2
06/20/2021 05:00:00 AM,3,2,1
06/20/2021 06:00:00 AM,7,3,4
06/20/2021 07:00:00 AM,26,11,15
06/20/2021 08:00:00 AM,58,36,22
06/20/2021 09:00:00 AM,78,41,37
06/20/2021 10:00:00 AM,93,56,37
06/20/2021 11:00:00 AM,140,77,63
06/20/2021 12:00:00 PM,179,110,69
06/20/2021 01:00:00 PM,141,86,55
06/20/2021 02:00:00 PM,181,98,83
06/20/2021 03:00:00 PM,158,104,54
06/20/2021 04:00:00 PM,173,76,97
06/20/2021 05:00:00 PM,145,84,61
06/20/2021 06:00:00 PM,117,50,67
06/20/2021 07:00:00 PM,76,28,48
06/20/2021 08:00:00 PM,77,31,46
06/20/2021 09:00:00 PM,43,12,31
06/20/2021 10:00:00 PM,28,5,23
06/20/2021 11:00:00 PM,13,4,9
06/21/2021 12:00:00 AM,9,2,7
06/21/2021 01:00:00 AM,1,0,1
06/21/2021 02:00:00 AM,1,0,1
06/21/2021 03:00:00 AM,0,0,0
06/21/2021 04:00:00 AM,5,1,4
06/21/2021 05:00:00 AM,28,17,11
06/21/2021 06:00:00 AM,40,9,31
06/21/2021 07:00:00 AM,120,25,95
06/21/2021 08:00:00 AM,144,22,122
06/21/2021 09:00:00 AM,103,28,75
06/21/2021 10:00:00 AM,67,27,40
06/21/2021 11:00:00 AM,84,44,40
06/21/2021 12:00:00 PM,60,24,36
06/21/2021 01:00:00 PM,74,41,33
06/21/2021 02:00:00 PM,89,51,38
06/21/2021 03:00:00 PM,118,82,36
06/21/2021 04:00:00 PM,159,111,48
06/21/2021 05:00:00 PM,251,190,61
06/21/2021 06:00:00 PM,200,122,78
06/21/2021 07:00:00 PM,127,67,60
06/21/2021 08:00:00 PM,108,44,64
06/21/2021 09:00:00 PM,75,41,34
06/21/2021 10:00:00 PM,42,13,29
06/21/2021 11:00:00 PM,19,11,8
06/22/2021 12:00:00 AM,1,0,1
06/22/2021 01:00:00 AM,1,0,1
06/22/2021 02:00:00 AM,2,0,2
06/22/2021 03:00:00 AM,0,0,0
06/22/2021 04:00:00 AM,8,5,3
06/22/2021 05:00:00 AM,21,10,11
06/22/2021 06:00:00 AM,59,18,41
06/22/2021 07:00:00 AM,132,27,105
06/22/2021 08:00:00 AM,180,35,145
06/22/2021 09:00:00 AM,114,21,93
06/22/2021 10:00:00 AM,56,28,28
06/22/2021 11:00:00 AM,51,19,32
06/22/2021 12:00:00 PM,60,32,28
06/22/2021 01:00:00 PM,80,37,43
06/22/2021 02:00:00 PM,87,51,36
06/22/2021 03:00:00 PM,101,54,47
06/22/2021 04:00:00 PM,180,129,51
06/22/2021 05:00:00 PM,279,208,71
06/22/2021 06:00:00 PM,210,124,86
06/22/2021 07:00:00 PM,159,90,69
06/22/2021 08:00:00 PM,116,48,68
06/22/2021 09:00:00 PM,74,28,46
06/22/2021 10:00:00 PM,30,17,13
06/22/2021 11:00:00 PM,23,16,7
06/23/2021 12:00:00 AM,4,3,1
06/23/2021 01:00:00 AM,3,1,2
06/23/2021 02:00:00 AM,0,0,0
06/23/2021 03:00:00 AM,2,1,1
06/23/2021 04:00:00 AM,4,1,3
06/23/2021 05:00:00 AM,23,10,13
06/23/2021 06:00:00 AM,49,13,36
06/23/2021 07:00:00 AM,108,21,87
06/23/2021 08:00:00 AM,148,14,134
06/23/2021 09:00:00 AM,109,25,84
06/23/2021 10:00:00 AM,74,24,50
06/23/2021 11:00:00 AM,66,25,41
06/23/2021 12:00:00 PM,81,38,43
06/23/2021 01:00:00 PM,78,46,32
06/23/2021 02:00:00 PM,86,41,45
06/23/2021 03:00:00 PM,117,70,47
06/23/2021 04:00:00 PM,177,140,37
06/23/2021 05:00:00 PM,282,211,71
06/23/2021 06:00:00 PM,228,143,85
06/23/2021 07:00:00 PM,124,77,47
06/23/2021 08:00:00 PM,114,54,60
06/23/2021 09:00:00 PM,74,41,33
06/23/2021 10:00:00 PM,26,8,18
06/23/2021 11:00:00 PM,13,10,3
06/24/2021 12:00:00 AM,3,3,0
06/24/2021 01:00:00 AM,1,0,1
06/24/2021 02:00:00 AM,0,0,0
06/24/2021 03:00:00 AM,1,1,0
06/24/2021 04:00:00 AM,7,5,2
06/24/2021 05:00:00 AM,21,11,10
06/24/2021 06:00:00 AM,53,17,36
06/24/2021 07:00:00 AM,130,26,104
06/24/2021 08:00:00 AM,163,27,136
06/24/2021 09:00:00 AM,98,21,77
06/24/2021 10:00:00 AM,51,19,32
06/24/2021 11:00:00 AM,76,34,42
06/24/2021 12:00:00 PM,69,37,32
06/24/2021 01:00:00 PM,86,46,40
06/24/2021 02:00:00 PM,92,54,38
06/24/2021 03:00:00 PM,96,64,32
06/24/2021 04:00:00 PM,187,129,58
06/24/2021 05:00:00 PM,303,224,79
06/24/2021 06:00:00 PM,254,175,79
06/24/2021 07:00:00 PM,150,79,71
06/24/2021 08:00:00 PM,88,38,50
06/24/2021 09:00:00 PM,70,37,33
06/24/2021 10:00:00 PM,52,22,30
06/24/2021 11:00:00 PM,17,13,4
06/25/2021 12:00:00 AM,19,9,10
06/25/2021 01:00:00 AM,7,4,3
06/25/2021 02:00:00 AM,3,2,1
06/25/2021 03:00:00 AM,1,0,1
06/25/2021 04:00:00 AM,4,3,1
06/25/2021 05:00:00 AM,19,11,8
06/25/2021 06:00:00 AM,47,15,32
06/25/2021 07:00:00 AM,85,24,61
06/25/2021 08:00:00 AM,132,28,104
06/25/2021 09:00:00 AM,102,29,73
06/25/2021 10:00:00 AM,76,38,38
06/25/2021 11:00:00 AM,75,34,41
06/25/2021 12:00:00 PM,64,32,32
06/25/2021 01:00:00 PM,56,27,29
06/25/2021 02:00:00 PM,104,70,34
06/25/2021 03:00:00 PM,100,63,37
06/25/2021 04:00:00 PM,172,107,65
06/25/2021 05:00:00 PM,195,133,62
06/25/2021 06:00:00 PM,151,92,59
06/25/2021 07:00:00 PM,102,59,43
06/25/2021 08:00:00 PM,104,61,43
06/25/2021 09:00:00 PM,75,33,42
06/25/2021 10:00:00 PM,63,30,33
06/25/2021 11:00:00 PM,28,18,10
06/26/2021 12:00:00 AM,19,11,8
06/26/2021 01:00:00 AM,6,2,4
06/26/2021 02:00:00 AM,6,5,1
06/26/2021 03:00:00 AM,1,0,1
06/26/2021 04:00:00 AM,0,0,0
06/26/2021 05:00:00 AM,13,8,5
06/26/2021 06:00:00 AM,22,10,12
06/26/2021 07:00:00 AM,45,22,23
06/26/2021 08:00:00 AM,66,26,40
06/26/2021 09:00:00 AM,97,57,40
06/26/2021 10:00:00 AM,79,47,32
06/26/2021 11:00:00 AM,90,43,47
06/26/2021 12:00:00 PM,90,53,37
06/26/2021 01:00:00 PM,71,41,30
06/26/2021 02:00:00 PM,90,38,52
06/26/2021 03:00:00 PM,68,32,36
06/26/2021 04:00:00 PM,54,22,32
06/26/2021 05:00:00 PM,45,16,29
06/26/2021 06:00:00 PM,60,41,19
06/26/2021 07:00:00 PM,82,32,50
06/26/2021 08:00:00 PM,57,34,23
06/26/2021 09:00:00 PM,51,30,21
06/26/2021 10:00:00 PM,27,7,20
06/26/2021 11:00:00 PM,42,10,32
06/27/2021 12:00:00 AM,16,7,9
06/27/2021 01:00:00 AM,9,5,4
06/27/2021 02:00:00 AM,8,7,1
06/27/2021 03:00:00 AM,1,1,0
06/27/2021 04:00:00 AM,1,1,0
06/27/2021 05:00:00 AM,3,1,2
06/27/2021 06:00:00 AM,20,10,10
06/27/2021 07:00:00 AM,27,16,11
06/27/2021 08:00:00 AM,56,28,28
06/27/2021 09:00:00 AM,64,31,33
06/27/2021 10:00:00 AM,78,39,39
06/27/2021 11:00:00 AM,79,47,32
06/27/2021 12:00:00 PM,61,35,26
06/27/2021 01:00:00 PM,53,30,23
06/27/2021 02:00:00 PM,43,18,25
06/27/2021 03:00:00 PM,44,20,24
06/27/2021 04:00:00 PM,32,12,20
06/27/2021 05:00:00 PM,44,24,20
06/27/2021 06:00:00 PM,33,26,7
06/27/2021 07:00:00 PM,28,16,12
06/27/2021 08:00:00 PM,39,26,13
06/27/2021 09:00:00 PM,48,21,27
06/27/2021 10:00:00 PM,21,14,7
06/27/2021 11:00:00 PM,9,5,4
06/28/2021 12:00:00 AM,4,3,1
06/28/2021 01:00:00 AM,1,1,0
06/28/2021 02:00:00 AM,1,0,1
06/28/2021 03:00:00 AM,1,1,0
06/28/2021 04:00:00 AM,8,2,6
06/28/2021 05:00:00 AM,19,8,11
06/28/2021 06:00:00 AM,39,12,27
06/28/2021 07:00:00 AM,84,17,67
06/28/2021 08:00:00 AM,84,14,70
06/28/2021 09:00:00 AM,73,14,59
06/28/2021 10:00:00 AM,41,19,22
06/28/2021 11:00:00 AM,31,17,14
06/28/2021 12:00:00 PM,25,6,19
06/28/2021 01:00:00 PM,30,16,14
06/28/2021 02:00:00 PM,29,13,16
06/28/2021 03:00:00 PM,48,27,21
06/28/2021 04:00:00 PM,86,64,22
06/28/2021 05:00:00 PM,68,55,13
06/28/2021 06:00:00 PM,72,51,21
06/28/2021 07:00:00 PM,53,43,10
06/28/2021 08:00:00 PM,55,29,26
06/28/2021 09:00:00 PM,28,17,11
06/28/2021 10:00:00 PM,30,12,18
06/28/2021 11:00:00 PM,10,9,1
06/29/2021 12:00:00 AM,5,4,1
06/29/2021 01:00:00 AM,4,3,1
06/29/2021 02:00:00 AM,1,0,1
06/29/2021 03:00:00 AM,0,0,0
06/29/2021 04:00:00 AM,11,6,5
06/29/2021 05:00:00 AM,17,9,8
06/29/2021 06:00:00 AM,69,28,41
06/29/2021 07:00:00 AM,110,25,85
06/29/2021 08:00:00 AM,141,31,110
06/29/2021 09:00:00 AM,97,18,79
06/29/2021 10:00:00 AM,73,34,39
06/29/2021 11:00:00 AM,82,22,60
06/29/2021 12:00:00 PM,68,28,40
06/29/2021 01:00:00 PM,57,25,32
06/29/2021 02:00:00 PM,58,36,22
06/29/2021 03:00:00 PM,72,51,21
06/29/2021 04:00:00 PM,140,111,29
06/29/2021 05:00:00 PM,171,130,41
06/29/2021 06:00:00 PM,148,115,33
06/29/2021 07:00:00 PM,97,52,45
06/29/2021 08:00:00 PM,97,50,47
06/29/2021 09:00:00 PM,82,38,44
06/29/2021 10:00:00 PM,28,13,15
06/29/2021 11:00:00 PM,15,6,9
06/30/2021 12:00:00 AM,5,3,2
06/30/2021 01:00:00 AM,1,0,1
06/30/2021 02:00:00 AM,2,2,0
06/30/2021 03:00:00 AM,1,0,1
06/30/2021 04:00:00 AM,6,3,3
06/30/2021 05:00:00 AM,29,14,15
06/30/2021 06:00:00 AM,65,18,47
06/30/2021 07:00:00 AM,120,27,93
06/30/2021 08:00:00 AM,178,27,151
06/30/2021 09:00:00 AM,124,25,99
06/30/2021 10:00:00 AM,62,25,37
06/30/2021 11:00:00 AM,61,20,41
06/30/2021 12:00:00 PM,66,36,30
06/30/2021 01:00:00 PM,72,36,36
06/30/2021 02:00:00 PM,90,54,36
06/30/2021 03:00:00 PM,114,75,39
06/30/2021 04:00:00 PM,151,110,41
06/30/2021 05:00:00 PM,235,185,50
06/30/2021 06:00:00 PM,195,137,58
06/30/2021 07:00:00 PM,154,99,55
06/30/2021 08:00:00 PM,124,51,73
06/30/2021 09:00:00 PM,67,33,34
06/30/2021 10:00:00 PM,26,10,16
06/30/2021 11:00:00 PM,21,7,14
07/01/2021 12:00:00 AM,4,2,2
07/01/2021 01:00:00 AM,3,0,3
07/01/2021 02:00:00 AM,1,0,1
07/01/2021 03:00:00 AM,0,0,0
07/01/2021 04:00:00 AM,6,4,2
07/01/2021 05:00:00 AM,25,10,15
07/01/2021 06:00:00 AM,55,16,39
07/01/2021 07:00:00 AM,114,22,92
07/01/2021 08:00:00 AM,134,25,109
07/01/2021 09:00:00 AM,116,21,95
07/01/2021 10:00:00 AM,51,29,22
07/01/2021 11:00:00 AM,83,29,54
07/01/2021 12:00:00 PM,82,37,45
07/01/2021 01:00:00 PM,55,30,25
07/01/2021 02:00:00 PM,72,37,35
07/01/2021 03:00:00 PM,127,89,38
07/01/2021 04:00:00 PM,148,102,46
07/01/2021 05:00:00 PM,212,167,45
07/01/2021 06:00:00 PM,181,129,52
07/01/2021 07:00:00 PM,144,97,47
07/01/2021 08:00:00 PM,84,39,45
07/01/2021 09:00:00 PM,56,24,32
07/01/2021 10:00:00 PM,48,21,27
07/01/2021 11:00:00 PM,17,10,7
07/02/2021 12:00:00 AM,8,5,3
07/02/2021 01:00:00 AM,7,4,3
07/02/2021 02:00:00 AM,0,0,0
07/02/2021 03:00:00 AM,1,0,1
07/02/2021 04:00:00 AM,5,2,3
07/02/2021 05:00:00 AM,17,8,9
07/02/2021 06:00:00 AM,50,19,31
07/02/2021 07:00:00 AM,93,28,65
07/02/2021 08:00:00 AM,110,22,88
07/02/2021 09:00:00 AM,107,25,82
07/02/2021 10:00:00 AM,54,24,30
07/02/2021 11:00:00 AM,78,22,56
07/02/2021 12:00:00 PM,92,52,40
07/02/2021 01:00:00 PM,83,53,30
07/02/2021 02:00:00 PM,97,56,41
07/02/2021 03:00:00 PM,137,84,53
07/02/2021 04:00:00 PM,159,105,54
07/02/2021 05:00:00 PM,201,130,71
07/02/2021 06:00:00 PM,146,86,60
07/02/2021 07:00:00 PM,114,71,43
07/02/2021 08:00:00 PM,80,31,49
07/02/2021 09:00:00 PM,52,21,31
07/02/2021 10:00:00 PM,33,10,23
07/02/2021 11:00:00 PM,17,9,8
07/03/2021 12:00:00 AM,27,19,8
07/03/2021 01:00:00 AM,22,15,7
07/03/2021 02:00:00 AM,1,0,1
07/03/2021 03:00:00 AM,2,2,0
07/03/2021 04:00:00 AM,2,1,1
07/03/2021 05:00:00 AM,3,1,2
07/03/2021 06:00:00 AM,21,13,8
07/03/2021 07:00:00 AM,45,22,23
07/03/2021 08:00:00 AM,43,15,28
07/03/2021 09:00:00 AM,83,43,40
07/03/2021 10:00:00 AM,120,69,51
07/03/2021 11:00:00 AM,135,65,70
07/03/2021 12:00:00 PM,130,75,55
07/03/2021 01:00:00 PM,134,65,69
07/03/2021 02:00:00 PM,126,81,45
07/03/2021 03:00:00 PM,169,87,82
07/03/2021 04:00:00 PM,153,71,82
07/03/2021 05:00:00 PM,120,63,57
07/03/2021 06:00:00 PM,93,52,41
07/03/2021 07:00:00 PM,129,57,72
07/03/2021 08:00:00 PM,77,35,42
07/03/2021 09:00:00 PM,69,30,39
07/03/2021 10:00:00 PM,59,26,33
07/03/2021 11:00:00 PM,30,14,16
07/04/2021 12:00:00 AM,12,8,4
07/04/2021 01:00:00 AM,6,2,4
07/04/2021 02:00:00 AM,6,3,3
07/04/2021 03:00:00 AM,3,2,1
07/04/2021 04:00:00 AM,1,0,1
07/04/2021 05:00:00 AM,5,1,4
07/04/2021 06:00:00 AM,7,3,4
07/04/2021 07:00:00 AM,18,10,8
07/04/2021 08:00:00 AM,24,11,13
07/04/2021 09:00:00 AM,54,21,33
07/04/2021 10:00:00 AM,84,57,27
07/04/2021 11:00:00 AM,64,40,24
07/04/2021 12:00:00 PM,165,98,67
07/04/2021 01:00:00 PM,146,81,65
07/04/2021 02:00:00 PM,147,72,75
07/04/2021 03:00:00 PM,161,93,68
07/04/2021 04:00:00 PM,126,58,68
07/04/2021 05:00:00 PM,137,68,69
07/04/2021 06:00:00 PM,104,54,50
07/04/2021 07:00:00 PM,88,48,40
07/04/2021 08:00:00 PM,87,41,46
07/04/2021 09:00:00 PM,77,35,42
07/04/2021 10:00:00 PM,29,11,18
07/04/2021 11:00:00 PM,29,14,15
07/05/2021 12:00:00 AM,6,3,3
07/05/2021 01:00:00 AM,6,1,5
07/05/2021 02:00:00 AM,2,0,2
07/05/2021 03:00:00 AM,5,3,2
07/05/2021 04:00:00 AM,3,2,1
07/05/2021 05:00:00 AM,8,2,6
07/05/2021 06:00:00 AM,17,5,12
07/05/2021 07:00:00 AM,27,12,15
07/05/2021 08:00:00 AM,37,20,17
07/05/2021 09:00:00 AM,50,21,29
07/05/2021 10:00:00 AM,66,38,28
07/05/2021 11:00:00 AM,92,50,42
07/05/2021 12:00:00 PM,92,44,48
07/05/2021 01:00:00 PM,118,65,53
07/05/2021 02:00:00 PM,116,64,52
07/05/2021 03:00:00 PM,149,88,61
07/05/2021 04:00:00 PM,154,83,71
07/05/2021 05:00:00 PM,159,83,76
07/05/2021 06:00:00 PM,107,64,43
07/05/2021 07:00:00 PM,105,47,58
07/05/2021 08:00:00 PM,68,32,36
07/05/2021 09:00:00 PM,43,12,31
07/05/2021 10:00:00 PM,19,8,11
07/05/2021 11:00:00 PM,14,9,5
07/06/2021 12:00:00 AM,5,3,2
07/06/2021 01:00:00 AM,2,0,2
07/06/2021 02:00:00 AM,3,0,3
07/06/2021 03:00:00 AM,0,0,0
07/06/2021 04:00:00 AM,11,6,5
07/06/2021 05:00:00 AM,17,10,7
07/06/2021 06:00:00 AM,51,15,36
07/06/2021 07:00:00 AM,135,30,105
07/06/2021 08:00:00 AM,140,25,115
07/06/2021 09:00:00 AM,96,22,74
07/06/2021 10:00:00 AM,65,32,33
07/06/2021 11:00:00 AM,53,21,32
07/06/2021 12:00:00 PM,46,20,26
07/06/2021 01:00:00 PM,72,40,32
07/06/2021 02:00:00 PM,76,39,37
07/06/2021 03:00:00 PM,107,63,44
07/06/2021 04:00:00 PM,200,135,65
07/06/2021 05:00:00 PM,237,178,59
07/06/2021 06:00:00 PM,190,131,59
07/06/2021 07:00:00 PM,105,62,43
07/06/2021 08:00:00 PM,88,51,37
07/06/2021 09:00:00 PM,63,36,27
07/06/2021 10:00:00 PM,32,15,17
07/06/2021 11:00:00 PM,10,8,2
07/07/2021 12:00:00 AM,7,1,6
07/07/2021 01:00:00 AM,5,3,2
07/07/2021 02:00:00 AM,7,2,5
07/07/2021 03:00:00 AM,5,1,4
07/07/2021 04:00:00 AM,10,4,6
07/07/2021 05:00:00 AM,17,7,10
07/07/2021 06:00:00 AM,51,15,36
07/07/2021 07:00:00 AM,138,28,110
07/07/2021 08:00:00 AM,151,20,131
07/07/2021 09:00:00 AM,116,33,83
07/07/2021 10:00:00 AM,59,19,40
07/07/2021 11:00:00 AM,50,18,32
07/07/2021 12:00:00 PM,60,26,34
07/07/2021 01:00:00 PM,61,30,31
07/07/2021 02:00:00 PM,67,34,33
07/07/2021 03:00:00 PM,100,68,32
07/07/2021 04:00:00 PM,166,125,41
07/07/2021 05:00:00 PM,291,211,80
07/07/2021 06:00:00 PM,212,135,77
07/07/2021 07:00:00 PM,120,76,44
07/07/2021 08:00:00 PM,107,50,57
07/07/2021 09:00:00 PM,60,22,38
07/07/2021 10:00:00 PM,31,13,18
07/07/2021 11:00:00 PM,15,7,8
07/08/2021 12:00:00 AM,4,2,2
07/08/2021 01:00:00 AM,2,2,0
07/08/2021 02:00:00 AM,0,0,0
07/08/2021 03:00:00 AM,1,0,1
07/08/2021 04:00:00 AM,13,10,3
07/08/2021 05:00:00 AM,10,5,5
07/08/2021 06:00:00 AM,57,15,42
07/08/2021 07:00:00 AM,120,23,97
07/08/2021 08:00:00 AM,134,15,119
07/08/2021 09:00:00 AM,108,29,79
07/08/2021 10:00:00 AM,63,22,41
07/08/2021 11:00:00 AM,78,28,50
07/08/2021 12:00:00 PM,77,36,41
07/08/2021 01:00:00 PM,50,26,24
07/08/2021 02:00:00 PM,76,42,34
07/08/2021 03:00:00 PM,83,51,32
07/08/2021 04:00:00 PM,167,121,46
07/08/2021 05:00:00 PM,246,187,59
07/08/2021 06:00:00 PM,186,119,67
07/08/2021 07:00:00 PM,143,74,69
07/08/2021 08:00:00 PM,84,50,34
07/08/2021 09:00:00 PM,66,19,47
07/08/2021 10:00:00 PM,43,21,22
07/08/2021 11:00:00 PM,16,9,7
07/09/2021 12:00:00 AM,7,1,6
07/09/2021 01:00:00 AM,6,1,5
07/09/2021 02:00:00 AM,6,4,2
07/09/2021 03:00:00 AM,2,0,2
07/09/2021 04:00:00 AM,3,1,2
07/09/2021 05:00:00 AM,15,6,9
07/09/2021 06:00:00 AM,42,14,28
07/09/2021 07:00:00 AM,95,17,78
07/09/2021 08:00:00 AM,116,17,99
07/09/2021 09:00:00 AM,88,20,68
07/09/2021 10:00:00 AM,78,24,54
07/09/2021 11:00:00 AM,87,38,49
07/09/2021 12:00:00 PM,83,47,36
07/09/2021 01:00:00 PM,55,31,24
07/09/2021 02:00:00 PM,107,60,47
07/09/2021 03:00:00 PM,132,71,61
07/09/2021 04:00:00 PM,205,140,65
07/09/2021 05:00:00 PM,216,144,72
07/09/2021 06:00:00 PM,150,102,48
07/09/2021 07:00:00 PM,132,72,60
07/09/2021 08:00:00 PM,77,42,35
07/09/2021 09:00:00 PM,56,25,31
07/09/2021 10:00:00 PM,30,18,12
07/09/2021 11:00:00 PM,39,21,18
07/10/2021 12:00:00 AM,18,13,5
07/10/2021 01:00:00 AM,4,2,2
07/10/2021 02:00:00 AM,10,5,5
07/10/2021 03:00:00 AM,2,2,0
07/10/2021 04:00:00 AM,0,0,0
07/10/2021 05:00:00 AM,8,5,3
07/10/2021 06:00:00 AM,15,9,6
07/10/2021 07:00:00 AM,36,20,16
07/10/2021 08:00:00 AM,42,21,21
07/10/2021 09:00:00 AM,62,37,25
07/10/2021 10:00:00 AM,98,48,50
07/10/2021 11:00:00 AM,114,49,65
07/10/2021 12:00:00 PM,150,79,71
07/10/2021 01:00:00 PM,144,76,68
07/10/2021 02:00:00 PM,132,59,73
07/10/2021 03:00:00 PM,149,86,63
07/10/2021 04:00:00 PM,153,77,76
07/10/2021 05:00:00 PM,112,57,55
07/10/2021 06:00:00 PM,100,54,46
07/10/2021 07:00:00 PM,136,63,73
07/10/2021 08:00:00 PM,80,33,47
07/10/2021 09:00:00 PM,76,29,47
07/10/2021 10:00:00 PM,39,14,25
07/10/2021 11:00:00 PM,27,18,9
07/11/2021 12:00:00 AM,28,7,21
07/11/2021 01:00:00 AM,12,7,5
07/11/2021 02:00:00 AM,7,4,3
07/11/2021 03:00:00 AM,2,1,1
07/11/2021 04:00:00 AM,0,0,0
07/11/2021 05:00:00 AM,7,3,4
07/11/2021 06:00:00 AM,14,7,7
07/11/2021 07:00:00 AM,25,17,8
07/11/2021 08:00:00 AM,40,19,21
07/11/2021 09:00:00 AM,79,44,35
07/11/2021 10:00:00 AM,107,58,49
07/11/2021 11:00:00 AM,139,83,56
07/11/2021 12:00:00 PM,119,68,51
07/11/2021 01:00:00 PM,152,96,56
07/11/2021 02:00:00 PM,101,63,38
07/11/2021 03:00:00 PM,142,65,77
07/11/2021 04:00:00 PM,144,71,73
07/11/2021 05:00:00 PM,128,60,68
07/11/2021 06:00:00 PM,119,55,64
07/11/2021 07:00:00 PM,94,48,46
07/11/2021 08:00:00 PM,58,27,31
07/11/2021 09:00:00 PM,51,20,31
07/11/2021 10:00:00 PM,13,5,8
07/11/2021 11:00:00 PM,14,6,8
07/12/2021 12:00:00 AM,4,1,3
07/12/2021 01:00:00 AM,1,0,1
07/12/2021 02:00:00 AM,2,0,2
07/12/2021 03:00:00 AM,1,1,0
07/12/2021 04:00:00 AM,5,1,4
07/12/2021 05:00:00 AM,19,10,9
07/12/2021 06:00:00 AM,54,17,37
07/12/2021 07:00:00 AM,132,22,110
07/12/2021 08:00:00 AM,167,19,148
07/12/2021 09:00:00 AM,116,21,95
07/12/2021 10:00:00 AM,72,29,43
07/12/2021 11:00:00 AM,54,23,31
07/12/2021 12:00:00 PM,85,41,44
07/12/2021 01:00:00 PM,77,43,34
07/12/2021 02:00:00 PM,78,43,35
07/12/2021 03:00:00 PM,90,60,30
07/12/2021 04:00:00 PM,176,129,47
07/12/2021 05:00:00 PM,281,225,56
07/12/2021 06:00:00 PM,205,135,70
07/12/2021 07:00:00 PM,161,97,64
07/12/2021 08:00:00 PM,109,50,59
07/12/2021 09:00:00 PM,67,27,40
07/12/2021 10:00:00 PM,22,8,14
07/12/2021 11:00:00 PM,19,8,11
07/13/2021 12:00:00 AM,2,1,1
07/13/2021 01:00:00 AM,4,3,1
07/13/2021 02:00:00 AM,6,4,2
07/13/2021 03:00:00 AM,2,0,2
07/13/2021 04:00:00 AM,11,5,6
07/13/2021 05:00:00 AM,26,13,13
07/13/2021 06:00:00 AM,65,22,43
07/13/2021 07:00:00 AM,134,26,108
07/13/2021 08:00:00 AM,193,32,161
07/13/2021 09:00:00 AM,118,21,97
07/13/2021 10:00:00 AM,64,17,47
07/13/2021 11:00:00 AM,60,26,34
07/13/2021 12:00:00 PM,94,51,43
07/13/2021 01:00:00 PM,75,39,36
07/13/2021 02:00:00 PM,97,53,44
07/13/2021 03:00:00 PM,147,90,57
07/13/2021 04:00:00 PM,212,146,66
07/13/2021 05:00:00 PM,256,199,57
07/13/2021 06:00:00 PM,228,155,73
07/13/2021 07:00:00 PM,159,92,67
07/13/2021 08:00:00 PM,116,55,61
07/13/2021 09:00:00 PM,68,32,36
07/13/2021 10:00:00 PM,32,13,19
07/13/2021 11:00:00 PM,14,7,7
07/14/2021 12:00:00 AM,9,5,4
07/14/2021 01:00:00 AM,4,3,1
07/14/2021 02:00:00 AM,2,0,2
07/14/2021 03:00:00 AM,4,0,4
07/14/2021 04:00:00 AM,4,3,1
07/14/2021 05:00:00 AM,20,9,11
07/14/2021 06:00:00 AM,71,25,46
07/14/2021 07:00:00 AM,135,19,116
07/14/2021 08:00:00 AM,175,19,156
07/14/2021 09:00:00 AM,117,20,97
07/14/2021 10:00:00 AM,64,23,41
07/14/2021 11:00:00 AM,49,25,24
07/14/2021 12:00:00 PM,83,33,50
07/14/2021 01:00:00 PM,60,30,30
07/14/2021 02:00:00 PM,94,64,30
07/14/2021 03:00:00 PM,131,84,47
07/14/2021 04:00:00 PM,172,125,47
07/14/2021 05:00:00 PM,295,236,59
07/14/2021 06:00:00 PM,248,188,60
07/14/2021 07:00:00 PM,120,68,52
07/14/2021 08:00:00 PM,120,45,75
07/14/2021 09:00:00 PM,67,37,30
07/14/2021 10:00:00 PM,39,21,18
07/14/2021 11:00:00 PM,17,8,9
07/15/2021 12:00:00 AM,4,2,2
07/15/2021 01:00:00 AM,1,0,1
07/15/2021 02:00:00 AM,0,0,0
07/15/2021 03:00:00 AM,2,0,2
07/15/2021 04:00:00 AM,9,5,4
07/15/2021 05:00:00 AM,20,11,9
07/15/2021 06:00:00 AM,46,13,33
07/15/2021 07:00:00 AM,122,21,101
07/15/2021 08:00:00 AM,147,21,126
07/15/2021 09:00:00 AM,101,12,89
07/15/2021 10:00:00 AM,81,26,55
07/15/2021 11:00:00 AM,78,28,50
07/15/2021 12:00:00 PM,78,35,43
07/15/2021 01:00:00 PM,55,24,31
07/15/2021 02:00:00 PM,79,49,30
07/15/2021 03:00:00 PM,120,79,41
07/15/2021 04:00:00 PM,162,123,39
07/15/2021 05:00:00 PM,271,217,54
07/15/2021 06:00:00 PM,218,145,73
07/15/2021 07:00:00 PM,123,76,47
07/15/2021 08:00:00 PM,107,52,55
07/15/2021 09:00:00 PM,62,20,42
07/15/2021 10:00:00 PM,33,11,22
07/15/2021 11:00:00 PM,12,8,4
07/16/2021 12:00:00 AM,10,5,5
07/16/2021 01:00:00 AM,3,1,2
07/16/2021 02:00:00 AM,0,0,0
07/16/2021 03:00:00 AM,1,0,1
07/16/2021 04:00:00 AM,4,1,3
07/16/2021 05:00:00 AM,9,7,2
07/16/2021 06:00:00 AM,54,20,34
07/16/2021 07:00:00 AM,91,20,71
07/16/2021 08:00:00 AM,114,17,97
07/16/2021 09:00:00 AM,90,17,73
07/16/2021 10:00:00 AM,70,22,48
07/16/2021 11:00:00 AM,84,33,51
07/16/2021 12:00:00 PM,63,31,32
07/16/2021 01:00:00 PM,62,38,24
07/16/2021 02:00:00 PM,94,50,44
07/16/2021 03:00:00 PM,120,74,46
07/16/2021 04:00:00 PM,164,117,47
07/16/2021 05:00:00 PM,224,156,68
07/16/2021 06:00:00 PM,134,80,54
07/16/2021 07:00:00 PM,95,55,40
07/16/2021 08:00:00 PM,54,27,27
07/16/2021 09:00:00 PM,57,26,31
07/16/2021 10:00:00 PM,36,17,19
07/16/2021 11:00:00 PM,11,7,4
07/17/2021 12:00:00 AM,8,4,4
07/17/2021 01:00:00 AM,14,2,12
07/17/2021 02:00:00 AM,6,4,2
07/17/2021 03:00:00 AM,0,0,0
07/17/2021 04:00:00 AM,1,0,1
07/17/2021 05:00:00 AM,4,3,1
07/17/2021 06:00:00 AM,17,6,11
07/17/2021 07:00:00 AM,25,11,14
07/17/2021 08:00:00 AM,35,19,16
07/17/2021 09:00:00 AM,62,26,36
07/17/2021 10:00:00 AM,87,50,37
07/17/2021 11:00:00 AM,105,48,57
07/17/2021 12:00:00 PM,113,58,55
07/17/2021 01:00:00 PM,167,85,82
07/17/2021 02:00:00 PM,163,79,84
07/17/2021 03:00:00 PM,172,95,77
07/17/2021 04:00:00 PM,187,98,89
07/17/2021 05:00:00 PM,163,84,79
07/17/2021 06:00:00 PM,130,76,54
07/17/2021 07:00:00 PM,103,43,60
07/17/2021 08:00:00 PM,74,42,32
07/17/2021 09:00:00 PM,53,20,33
07/17/2021 10:00:00 PM,32,14,18
07/17/2021 11:00:00 PM,10,4,6
07/18/2021 12:00:00 AM,18,5,13
07/18/2021 01:00:00 AM,7,5,2
07/18/2021 02:00:00 AM,4,0,4
07/18/2021 03:00:00 AM,0,0,0
07/18/2021 04:00:00 AM,1,1,0
07/18/2021 05:00:00 AM,2,1,1
07/18/2021 06:00:00 AM,12,5,7
07/18/2021 07:00:00 AM,29,22,7
07/18/2021 08:00:00 AM,43,18,25
07/18/2021 09:00:00 AM,89,43,46
07/18/2021 10:00:00 AM,117,70,47
07/18/2021 11:00:00 AM,151,83,68
07/18/2021 12:00:00 PM,168,101,67
07/18/2021 01:00:00 PM,216,102,114
07/18/2021 02:00:00 PM,187,94,93
07/18/2021 03:00:00 PM,149,70,79
07/18/2021 04:00:00 PM,146,69,77
07/18/2021 05:00:00 PM,126,58,68
07/18/2021 06:00:00 PM,133,63,70
07/18/2021 07:00:00 PM,96,41,55
07/18/2021 08:00:00 PM,75,30,45
07/18/2021 09:00:00 PM,49,21,28
07/18/2021 10:00:00 PM,14,6,8
07/18/2021 11:00:00 PM,11,7,4
07/19/2021 12:00:00 AM,6,3,3
07/19/2021 01:00:00 AM,3,1,2
07/19/2021 02:00:00 AM,1,1,0
07/19/2021 03:00:00 AM,0,0,0
07/19/2021 04:00:00 AM,8,3,5
07/19/2021 05:00:00 AM,20,9,11
07/19/2021 06:00:00 AM,56,23,33
07/19/2021 07:00:00 AM,115,18,97
07/19/2021 08:00:00 AM,167,19,148
07/19/2021 09:00:00 AM,111,24,87
07/19/2021 10:00:00 AM,64,26,38
07/19/2021 11:00:00 AM,70,28,42
07/19/2021 12:00:00 PM,61,29,32
07/19/2021 01:00:00 PM,63,34,29
07/19/2021 02:00:00 PM,74,37,37
07/19/2021 03:00:00 PM,106,70,36
07/19/2021 04:00:00 PM,189,137,52
07/19/2021 05:00:00 PM,254,204,50
07/19/2021 06:00:00 PM,235,153,82
07/19/2021 07:00:00 PM,171,93,78
07/19/2021 08:00:00 PM,100,38,62
07/19/2021 09:00:00 PM,46,20,26
07/19/2021 10:00:00 PM,21,12,9
07/19/2021 11:00:00 PM,11,9,2
07/20/2021 12:00:00 AM,6,2,4
07/20/2021 01:00:00 AM,8,2,6
07/20/2021 02:00:00 AM,3,2,1
07/20/2021 03:00:00 AM,2,1,1
07/20/2021 04:00:00 AM,12,8,4
07/20/2021 05:00:00 AM,18,9,9
07/20/2021 06:00:00 AM,57,16,41
07/20/2021 07:00:00 AM,145,24,121
07/20/2021 08:00:00 AM,164,18,146
07/20/2021 09:00:00 AM,107,22,85
07/20/2021 10:00:00 AM,62,20,42
07/20/2021 11:00:00 AM,44,10,34
07/20/2021 12:00:00 PM,52,19,33
07/20/2021 01:00:00 PM,57,34,23
07/20/2021 02:00:00 PM,75,43,32
07/20/2021 03:00:00 PM,104,66,38
07/20/2021 04:00:00 PM,183,126,57
07/20/2021 05:00:00 PM,266,218,48
07/20/2021 06:00:00 PM,202,139,63
07/20/2021 07:00:00 PM,116,72,44
07/20/2021 08:00:00 PM,108,62,46
07/20/2021 09:00:00 PM,64,24,40
07/20/2021 10:00:00 PM,30,13,17
07/20/2021 11:00:00 PM,14,8,6
07/21/2021 12:00:00 AM,6,2,4
07/21/2021 01:00:00 AM,2,1,1
07/21/2021 02:00:00 AM,2,1,1
07/21/2021 03:00:00 AM,2,1,1
07/21/2021 04:00:00 AM,7,3,4
07/21/2021 05:00:00 AM,18,9,9
07/21/2021 06:00:00 AM,68,21,47
07/21/2021 07:00:00 AM,149,27,122
07/21/2021 08:00:00 AM,184,30,154
07/21/2021 09:00:00 AM,121,23,98
07/21/2021 10:00:00 AM,62,17,45
07/21/2021 11:00:00 AM,50,19,31
07/21/2021 12:00:00 PM,67,37,30
07/21/2021 01:00:00 PM,70,32,38
07/21/2021 02:00:00 PM,89,54,35
07/21/2021 03:00:00 PM,117,79,38
07/21/2021 04:00:00 PM,186,138,48
07/21/2021 05:00:00 PM,315,243,72
07/21/2021 06:00:00 PM,239,172,67
07/21/2021 07:00:00 PM,142,91,51
07/21/2021 08:00:00 PM,112,51,61
07/21/2021 09:00:00 PM,56,21,35
07/21/2021 10:00:00 PM,27,12,15
07/21/2021 11:00:00 PM,20,8,12
07/22/2021 12:00:00 AM,6,4,2
07/22/2021 01:00:00 AM,5,2,3
07/22/2021 02:00:00 AM,0,0,0
07/22/2021 03:00:00 AM,1,0,1
07/22/2021 04:00:00 AM,12,7,5
07/22/2021 05:00:00 AM,16,11,5
07/22/2021 06:00:00 AM,54,14,40
07/22/2021 07:00:00 AM,134,28,106
07/22/2021 08:00:00 AM,195,25,170
07/22/2021 09:00:00 AM,122,22,100
07/22/2021 10:00:00 AM,86,21,65
07/22/2021 11:00:00 AM,71,23,48
07/22/2021 12:00:00 PM,78,37,41
07/22/2021 01:00:00 PM,77,42,35
07/22/2021 02:00:00 PM,84,45,39
07/22/2021 03:00:00 PM,120,81,39
07/22/2021 04:00:00 PM,200,148,52
07/22/2021 05:00:00 PM,263,205,58
07/22/2021 06:00:00 PM,200,130,70
07/22/2021 07:00:00 PM,227,113,114
07/22/2021 08:00:00 PM,101,55,46
07/22/2021 09:00:00 PM,79,40,39
07/22/2021 10:00:00 PM,31,11,20
07/22/2021 11:00:00 PM,16,8,8
07/23/2021 12:00:00 AM,13,4,9
07/23/2021 01:00:00 AM,4,4,0
07/23/2021 02:00:00 AM,1,1,0
07/23/2021 03:00:00 AM,0,0,0
07/23/2021 04:00:00 AM,7,1,6
07/23/2021 05:00:00 AM,15,9,6
07/23/2021 06:00:00 AM,41,9,32
07/23/2021 07:00:00 AM,104,22,82
07/23/2021 08:00:00 AM,118,18,100
07/23/2021 09:00:00 AM,119,24,95
07/23/2021 10:00:00 AM,91,36,55
07/23/2021 11:00:00 AM,72,35,37
07/23/2021 12:00:00 PM,100,46,54
07/23/2021 01:00:00 PM,102,67,35
07/23/2021 02:00:00 PM,100,60,40
07/23/2021 03:00:00 PM,135,82,53
07/23/2021 04:00:00 PM,194,135,59
07/23/2021 05:00:00 PM,209,158,51
07/23/2021 06:00:00 PM,168,111,57
07/23/2021 07:00:00 PM,116,64,52
07/23/2021 08:00:00 PM,82,39,43
07/23/2021 09:00:00 PM,53,28,25
07/23/2021 10:00:00 PM,36,10,26
07/23/2021 11:00:00 PM,34,22,12
07/24/2021 12:00:00 AM,13,8,5
07/24/2021 01:00:00 AM,10,4,6
07/24/2021 02:00:00 AM,4,2,2
07/24/2021 03:00:00 AM,6,4,2
07/24/2021 04:00:00 AM,2,1,1
07/24/2021 05:00:00 AM,7,4,3
07/24/2021 06:00:00 AM,15,6,9
07/24/2021 07:00:00 AM,34,15,19
07/24/2021 08:00:00 AM,58,20,38
07/24/2021 09:00:00 AM,98,32,66
07/24/2021 10:00:00 AM,149,93,56
07/24/2021 11:00:00 AM,190,116,74
07/24/2021 12:00:00 PM,154,77,77
07/24/2021 01:00:00 PM,186,112,74
07/24/2021 02:00:00 PM,190,84,106
07/24/2021 03:00:00 PM,129,67,62
07/24/2021 04:00:00 PM,125,71,54
07/24/2021 05:00:00 PM,160,78,82
07/24/2021 06:00:00 PM,142,72,70
07/24/2021 07:00:00 PM,103,47,56
07/24/2021 08:00:00 PM,58,32,26
07/24/2021 09:00:00 PM,54,18,36
07/24/2021 10:00:00 PM,45,18,27
07/24/2021 11:00:00 PM,29,13,16
07/25/2021 12:00:00 AM,20,9,11
07/25/2021 01:00:00 AM,5,1,4
07/25/2021 02:00:00 AM,9,4,5
07/25/2021 03:00:00 AM,0,0,0
07/25/2021 04:00:00 AM,0,0,0
07/25/2021 05:00:00 AM,4,3,1
07/25/2021 06:00:00 AM,13,4,9
07/25/2021 07:00:00 AM,28,20,8
07/25/2021 08:00:00 AM,43,25,18
07/25/2021 09:00:00 AM,67,31,36
07/25/2021 10:00:00 AM,126,59,67
07/25/2021 11:00:00 AM,130,76,54
07/25/2021 12:00:00 PM,142,76,66
07/25/2021 01:00:00 PM,155,69,86
07/25/2021 02:00:00 PM,140,82,58
07/25/2021 03:00:00 PM,155,74,81
07/25/2021 04:00:00 PM,146,84,62
07/25/2021 05:00:00 PM,124,76,48
07/25/2021 06:00:00 PM,105,44,61
07/25/2021 07:00:00 PM,87,43,44
07/25/2021 08:00:00 PM,79,46,33
07/25/2021 09:00:00 PM,42,17,25
07/25/2021 10:00:00 PM,13,6,7
07/25/2021 11:00:00 PM,15,9,6
07/26/2021 12:00:00 AM,1,0,1
07/26/2021 01:00:00 AM,2,1,1
07/26/2021 02:00:00 AM,0,0,0
07/26/2021 03:00:00 AM,0,0,0
07/26/2021 04:00:00 AM,10,3,7
07/26/2021 05:00:00 AM,11,4,7
07/26/2021 06:00:00 AM,57,19,38
07/26/2021 07:00:00 AM,109,15,94
07/26/2021 08:00:00 AM,161,28,133
07/26/2021 09:00:00 AM,121,18,103
07/26/2021 10:00:00 AM,72,29,43
07/26/2021 11:00:00 AM,68,29,39
07/26/2021 12:00:00 PM,59,26,33
07/26/2021 01:00:00 PM,63,29,34
07/26/2021 02:00:00 PM,86,49,37
07/26/2021 03:00:00 PM,107,65,42
07/26/2021 04:00:00 PM,169,120,49
07/26/2021 05:00:00 PM,277,211,66
07/26/2021 06:00:00 PM,231,154,77
07/26/2021 07:00:00 PM,148,74,74
07/26/2021 08:00:00 PM,76,36,40
07/26/2021 09:00:00 PM,43,25,18
07/26/2021 10:00:00 PM,26,7,19
07/26/2021 11:00:00 PM,12,8,4
07/27/2021 12:00:00 AM,7,4,3
07/27/2021 01:00:00 AM,4,0,4
07/27/2021 02:00:00 AM,2,2,0
07/27/2021 03:00:00 AM,5,3,2
07/27/2021 04:00:00 AM,15,9,6
07/27/2021 05:00:00 AM,21,10,11
07/27/2021 06:00:00 AM,65,22,43
07/27/2021 07:00:00 AM,157,26,131
07/27/2021 08:00:00 AM,186,28,158
07/27/2021 09:00:00 AM,151,24,127
07/27/2021 10:00:00 AM,85,29,56
07/27/2021 11:00:00 AM,69,26,43
07/27/2021 12:00:00 PM,96,41,55
07/27/2021 01:00:00 PM,64,38,26
07/27/2021 02:00:00 PM,73,38,35
07/27/2021 03:00:00 PM,123,91,32
07/27/2021 04:00:00 PM,240,179,61
07/27/2021 05:00:00 PM,303,227,76
07/27/2021 06:00:00 PM,234,161,73
07/27/2021 07:00:00 PM,137,82,55
07/27/2021 08:00:00 PM,116,58,58
07/27/2021 09:00:00 PM,54,30,24
07/27/2021 10:00:00 PM,26,14,12
07/27/2021 11:00:00 PM,12,7,5
07/28/2021 12:00:00 AM,7,2,5
07/28/2021 01:00:00 AM,3,1,2
07/28/2021 02:00:00 AM,1,0,1
07/28/2021 03:00:00 AM,2,1,1
07/28/2021 04:00:00 AM,5,2,3
07/28/2021 05:00:00 AM,18,7,11
07/28/2021 06:00:00 AM,59,24,35
07/28/2021 07:00:00 AM,146,34,112
07/28/2021 08:00:00 AM,227,33,194
07/28/2021 09:00:00 AM,122,26,96
07/28/2021 10:00:00 AM,98,28,70
07/28/2021 11:00:00 AM,82,39,43
07/28/2021 12:00:00 PM,91,46,45
07/28/2021 01:00:00 PM,84,41,43
07/28/2021 02:00:00 PM,73,40,33
07/28/2021 03:00:00 PM,106,71,35
07/28/2021 04:00:00 PM,191,150,41
07/28/2021 05:00:00 PM,319,247,72
07/28/2021 06:00:00 PM,238,178,60
07/28/2021 07:00:00 PM,188,122,66
07/28/2021 08:00:00 PM,109,48,61
07/28/2021 09:00:00 PM,56,23,33
07/28/2021 10:00:00 PM,31,14,17
07/28/2021 11:00:00 PM,18,10,8
07/29/2021 12:00:00 AM,5,1,4
07/29/2021 01:00:00 AM,3,1,2
07/29/2021 02:00:00 AM,1,0,1
07/29/2021 03:00:00 AM,1,0,1
07/29/2021 04:00:00 AM,14,9,5
07/29/2021 05:00:00 AM,13,6,7
07/29/2021 06:00:00 AM,43,17,26
07/29/2021 07:00:00 AM,139,20,119
07/29/2021 08:00:00 AM,187,43,144
07/29/2021 09:00:00 AM,119,15,104
07/29/2021 10:00:00 AM,88,30,58
07/29/2021 11:00:00 AM,80,33,47
07/29/2021 12:00:00 PM,84,31,53
07/29/2021 01:00:00 PM,90,51,39
07/29/2021 02:00:00 PM,90,64,26
07/29/2021 03:00:00 PM,120,81,39
07/29/2021 04:00:00 PM,209,150,59
07/29/2021 05:00:00 PM,271,210,61
07/29/2021 06:00:00 PM,197,132,65
07/29/2021 07:00:00 PM,140,93,47
07/29/2021 08:00:00 PM,117,62,55
07/29/2021 09:00:00 PM,55,27,28
07/29/2021 10:00:00 PM,48,17,31
07/29/2021 11:00:00 PM,14,10,4
07/30/2021 12:00:00 AM,4,1,3
07/30/2021 01:00:00 AM,5,2,3
07/30/2021 02:00:00 AM,1,0,1
07/30/2021 03:00:00 AM,4,2,2
07/30/2021 04:00:00 AM,9,5,4
07/30/2021 05:00:00 AM,15,6,9
07/30/2021 06:00:00 AM,52,20,32
07/30/2021 07:00:00 AM,113,33,80
07/30/2021 08:00:00 AM,135,24,111
07/30/2021 09:00:00 AM,96,25,71
07/30/2021 10:00:00 AM,84,30,54
07/30/2021 11:00:00 AM,68,38,30
07/30/2021 12:00:00 PM,74,42,32
07/30/2021 01:00:00 PM,88,45,43
07/30/2021 02:00:00 PM,80,50,30
07/30/2021 03:00:00 PM,138,83,55
07/30/2021 04:00:00 PM,177,125,52
07/30/2021 05:00:00 PM,208,153,55
07/30/2021 06:00:00 PM,180,109,71
07/30/2021 07:00:00 PM,112,70,42
07/30/2021 08:00:00 PM,100,47,53
07/30/2021 09:00:00 PM,86,40,46
07/30/2021 10:00:00 PM,53,21,32
07/30/2021 11:00:00 PM,31,15,16
07/31/2021 12:00:00 AM,17,10,7
07/31/2021 01:00:00 AM,13,9,4
07/31/2021 02:00:00 AM,5,3,2
07/31/2021 03:00:00 AM,1,1,0
07/31/2021 04:00:00 AM,2,1,1
07/31/2021 05:00:00 AM,7,4,3
07/31/2021 06:00:00 AM,16,8,8
07/31/2021 07:00:00 AM,27,18,9
07/31/2021 08:00:00 AM,40,21,19
07/31/2021 09:00:00 AM,68,34,34
07/31/2021 10:00:00 AM,99,43,56
07/31/2021 11:00:00 AM,95,49,46
07/31/2021 12:00:00 PM,142,59,83
07/31/2021 01:00:00 PM,133,66,67
07/31/2021 02:00:00 PM,132,53,79
07/31/2021 03:00:00 PM,120,64,56
07/31/2021 04:00:00 PM,112,68,44
07/31/2021 05:00:00 PM,139,71,68
07/31/2021 06:00:00 PM,103,62,41
07/31/2021 07:00:00 PM,113,54,59
07/31/2021 08:00:00 PM,43,23,20
07/31/2021 09:00:00 PM,42,18,24
07/31/2021 10:00:00 PM,27,9,18
07/31/2021 11:00:00 PM,20,8,12
08/01/2021 12:00:00 AM,7,5,2
08/01/2021 01:00:00 AM,17,9,8
08/01/2021 02:00:00 AM,8,2,6
08/01/2021 03:00:00 AM,6,2,4
08/01/2021 04:00:00 AM,3,2,1
08/01/2021 05:00:00 AM,4,2,2
08/01/2021 06:00:00 AM,13,6,7
08/01/2021 07:00:00 AM,52,17,35
08/01/2021 08:00:00 AM,49,18,31
08/01/2021 09:00:00 AM,57,29,28
08/01/2021 10:00:00 AM,110,59,51
08/01/2021 11:00:00 AM,112,60,52
08/01/2021 12:00:00 PM,151,91,60
08/01/2021 01:00:00 PM,161,93,68
08/01/2021 02:00:00 PM,152,84,68
08/01/2021 03:00:00 PM,152,87,65
08/01/2021 04:00:00 PM,134,78,56
08/01/2021 05:00:00 PM,133,72,61
08/01/2021 06:00:00 PM,128,59,69
08/01/2021 07:00:00 PM,67,32,35
08/01/2021 08:00:00 PM,50,21,29
08/01/2021 09:00:00 PM,28,10,18
08/01/2021 10:00:00 PM,25,12,13
08/01/2021 11:00:00 PM,7,4,3
08/02/2021 12:00:00 AM,3,0,3
08/02/2021 01:00:00 AM,1,1,0
08/02/2021 02:00:00 AM,1,1,0
08/02/2021 03:00:00 AM,3,1,2
08/02/2021 04:00:00 AM,4,1,3
08/02/2021 05:00:00 AM,16,9,7
08/02/2021 06:00:00 AM,54,17,37
08/02/2021 07:00:00 AM,115,19,96
08/02/2021 08:00:00 AM,161,18,143
08/02/2021 09:00:00 AM,111,21,90
08/02/2021 10:00:00 AM,79,27,52
08/02/2021 11:00:00 AM,69,32,37
08/02/2021 12:00:00 PM,88,47,41
08/02/2021 01:00:00 PM,108,43,65
08/02/2021 02:00:00 PM,113,55,58
08/02/2021 03:00:00 PM,94,63,31
08/02/2021 04:00:00 PM,177,121,56
08/02/2021 05:00:00 PM,244,185,59
08/02/2021 06:00:00 PM,203,133,70
08/02/2021 07:00:00 PM,159,94,65
08/02/2021 08:00:00 PM,113,57,56
08/02/2021 09:00:00 PM,55,28,27
08/02/2021 10:00:00 PM,21,8,13
08/02/2021 11:00:00 PM,9,6,3
08/03/2021 12:00:00 AM,6,3,3
08/03/2021 01:00:00 AM,4,1,3
08/03/2021 02:00:00 AM,2,1,1
08/03/2021 03:00:00 AM,0,0,0
08/03/2021 04:00:00 AM,12,5,7
08/03/2021 05:00:00 AM,23,10,13
08/03/2021 06:00:00 AM,55,20,35
08/03/2021 07:00:00 AM,155,37,118
08/03/2021 08:00:00 AM,169,23,146
08/03/2021 09:00:00 AM,112,19,93
08/03/2021 10:00:00 AM,64,24,40
08/03/2021 11:00:00 AM,71,26,45
08/03/2021 12:00:00 PM,70,43,27
08/03/2021 01:00:00 PM,92,54,38
08/03/2021 02:00:00 PM,98,57,41
08/03/2021 03:00:00 PM,119,83,36
08/03/2021 04:00:00 PM,221,171,50
08/03/2021 05:00:00 PM,305,219,86
08/03/2021 06:00:00 PM,214,142,72
08/03/2021 07:00:00 PM,115,61,54
08/03/2021 08:00:00 PM,84,42,42
08/03/2021 09:00:00 PM,50,18,32
08/03/2021 10:00:00 PM,22,12,10
08/03/2021 11:00:00 PM,17,15,2
08/04/2021 12:00:00 AM,3,1,2
08/04/2021 01:00:00 AM,7,4,3
08/04/2021 02:00:00 AM,2,0,2
08/04/2021 03:00:00 AM,3,1,2
08/04/2021 04:00:00 AM,6,3,3
08/04/2021 05:00:00 AM,16,10,6
08/04/2021 06:00:00 AM,63,22,41
08/04/2021 07:00:00 AM,122,19,103
08/04/2021 08:00:00 AM,204,27,177
08/04/2021 09:00:00 AM,136,28,108
08/04/2021 10:00:00 AM,70,23,47
08/04/2021 11:00:00 AM,67,28,39
08/04/2021 12:00:00 PM,76,35,41
08/04/2021 01:00:00 PM,84,42,42
08/04/2021 02:00:00 PM,88,56,32
08/04/2021 03:00:00 PM,111,74,37
08/04/2021 04:00:00 PM,199,146,53
08/04/2021 05:00:00 PM,318,254,64
08/04/2021 06:00:00 PM,255,168,87
08/04/2021 07:00:00 PM,146,81,65
08/04/2021 08:00:00 PM,99,41,58
08/04/2021 09:00:00 PM,84,45,39
08/04/2021 10:00:00 PM,23,11,12
08/04/2021 11:00:00 PM,15,9,6
08/05/2021 12:00:00 AM,7,4,3
08/05/2021 01:00:00 AM,3,3,0
08/05/2021 02:00:00 AM,5,3,2
08/05/2021 03:00:00 AM,2,1,1
08/05/2021 04:00:00 AM,9,6,3
08/05/2021 05:00:00 AM,18,8,10
08/05/2021 06:00:00 AM,72,25,47
08/05/2021 07:00:00 AM,130,27,103
08/05/2021 08:00:00 AM,180,24,156
08/05/2021 09:00:00 AM,134,27,107
08/05/2021 10:00:00 AM,94,27,67
08/05/2021 11:00:00 AM,76,34,42
08/05/2021 12:00:00 PM,92,43,49
08/05/2021 01:00:00 PM,79,41,38
08/05/2021 02:00:00 PM,98,60,38
08/05/2021 03:00:00 PM,113,70,43
08/05/2021 04:00:00 PM,191,137,54
08/05/2021 05:00:00 PM,274,200,74
08/05/2021 06:00:00 PM,247,171,76
08/05/2021 07:00:00 PM,163,102,61
08/05/2021 08:00:00 PM,102,57,45
08/05/2021 09:00:00 PM,57,26,31
08/05/2021 10:00:00 PM,52,17,35
08/05/2021 11:00:00 PM,21,12,9
08/06/2021 12:00:00 AM,9,5,4
08/06/2021 01:00:00 AM,6,3,3
08/06/2021 02:00:00 AM,4,4,0
08/06/2021 03:00:00 AM,1,0,1
08/06/2021 04:00:00 AM,3,1,2
08/06/2021 05:00:00 AM,16,7,9
08/06/2021 06:00:00 AM,36,10,26
08/06/2021 07:00:00 AM,70,22,48
08/06/2021 08:00:00 AM,103,16,87
08/06/2021 09:00:00 AM,57,13,44
08/06/2021 10:00:00 AM,47,18,29
08/06/2021 11:00:00 AM,37,18,19
08/06/2021 12:00:00 PM,54,26,28
08/06/2021 01:00:00 PM,69,44,25
08/06/2021 02:00:00 PM,86,51,35
08/06/2021 03:00:00 PM,108,68,40
08/06/2021 04:00:00 PM,133,91,42
08/06/2021 05:00:00 PM,194,136,58
08/06/2021 06:00:00 PM,147,86,61
08/06/2021 07:00:00 PM,106,60,46
08/06/2021 08:00:00 PM,82,42,40
08/06/2021 09:00:00 PM,28,9,19
08/06/2021 10:00:00 PM,0,0,0
08/06/2021 11:00:00 PM,0,0,0
08/07/2021 12:00:00 AM,0,0,0
08/07/2021 01:00:00 AM,0,0,0
08/07/2021 02:00:00 AM,0,0,0
08/07/2021 03:00:00 AM,0,0,0
08/07/2021 04:00:00 AM,0,0,0
08/07/2021 05:00:00 AM,0,0,0
08/07/2021 06:00:00 AM,0,0,0
08/07/2021 07:00:00 AM,0,0,0
08/07/2021 08:00:00 AM,0,0,0
08/07/2021 09:00:00 AM,0,0,0
08/07/2021 10:00:00 AM,0,0,0
08/07/2021 11:00:00 AM,0,0,0
08/07/2021 12:00:00 PM,0,0,0
08/07/2021 01:00:00 PM,0,0,0
08/07/2021 02:00:00 PM,0,0,0
08/07/2021 03:00:00 PM,0,0,0
08/07/2021 04:00:00 PM,0,0,0
08/07/2021 05:00:00 PM,0,0,0
08/07/2021 06:00:00 PM,0,0,0
08/07/2021 07:00:00 PM,0,0,0
08/07/2021 08:00:00 PM,0,0,0
08/07/2021 09:00:00 PM,0,0,0
08/07/2021 10:00:00 PM,0,0,0
08/07/2021 11:00:00 PM,0,0,0
08/08/2021 12:00:00 AM,0,0,0
08/08/2021 01:00:00 AM,0,0,0
08/08/2021 02:00:00 AM,0,0,0
08/08/2021 03:00:00 AM,0,0,0
08/08/2021 04:00:00 AM,0,0,0
08/08/2021 05:00:00 AM,0,0,0
08/08/2021 06:00:00 AM,0,0,0
08/08/2021 07:00:00 AM,0,0,0
08/08/2021 08:00:00 AM,0,0,0
08/08/2021 09:00:00 AM,0,0,0
08/08/2021 10:00:00 AM,0,0,0
08/08/2021 11:00:00 AM,0,0,0
08/08/2021 12:00:00 PM,0,0,0
08/08/2021 01:00:00 PM,0,0,0
08/08/2021 02:00:00 PM,0,0,0
08/08/2021 03:00:00 PM,0,0,0
08/08/2021 04:00:00 PM,0,0,0
08/08/2021 05:00:00 PM,0,0,0
08/08/2021 06:00:00 PM,0,0,0
08/08/2021 07:00:00 PM,0,0,0
08/08/2021 08:00:00 PM,0,0,0
08/08/2021 09:00:00 PM,0,0,0
08/08/2021 10:00:00 PM,0,0,0
08/08/2021 11:00:00 PM,0,0,0
08/09/2021 12:00:00 AM,0,0,0
08/09/2021 01:00:00 AM,0,0,0
08/09/2021 02:00:00 AM,0,0,0
08/09/2021 03:00:00 AM,0,0,0
08/09/2021 04:00:00 AM,0,0,0
08/09/2021 05:00:00 AM,0,0,0
08/09/2021 06:00:00 AM,0,0,0
08/09/2021 07:00:00 AM,0,0,0
08/09/2021 08:00:00 AM,0,0,0
08/09/2021 09:00:00 AM,0,0,0
08/09/2021 10:00:00 AM,0,0,0
08/09/2021 11:00:00 AM,0,0,0
08/09/2021 12:00:00 PM,0,0,0
08/09/2021 01:00:00 PM,0,0,0
08/09/2021 02:00:00 PM,0,0,0
08/09/2021 03:00:00 PM,0,0,0
08/09/2021 04:00:00 PM,0,0,0
08/09/2021 05:00:00 PM,0,0,0
08/09/2021 06:00:00 PM,0,0,0
08/09/2021 07:00:00 PM,45,4,41
08/09/2021 08:00:00 PM,0,0,0
08/09/2021 09:00:00 PM,0,0,0
08/09/2021 10:00:00 PM,0,0,0
08/09/2021 11:00:00 PM,0,0,0
08/10/2021 12:00:00 AM,0,0,0
08/10/2021 01:00:00 AM,0,0,0
08/10/2021 02:00:00 AM,0,0,0
08/10/2021 03:00:00 AM,0,0,0
08/10/2021 04:00:00 AM,0,0,0
08/10/2021 05:00:00 AM,0,0,0
08/10/2021 06:00:00 AM,0,0,0
08/10/2021 07:00:00 AM,0,0,0
08/10/2021 08:00:00 AM,0,0,0
08/10/2021 09:00:00 AM,0,0,0
08/10/2021 10:00:00 AM,0,0,0
08/10/2021 11:00:00 AM,0,0,0
08/10/2021 12:00:00 PM,0,0,0
08/10/2021 01:00:00 PM,0,0,0
08/10/2021 02:00:00 PM,0,0,0
08/10/2021 03:00:00 PM,0,0,0
08/10/2021 04:00:00 PM,0,0,0
08/10/2021 05:00:00 PM,0,0,0
08/10/2021 06:00:00 PM,0,0,0
08/10/2021 07:00:00 PM,0,0,0
08/10/2021 08:00:00 PM,0,0,0
08/10/2021 09:00:00 PM,0,0,0
08/10/2021 10:00:00 PM,0,0,0
08/10/2021 11:00:00 PM,0,0,0
08/11/2021 12:00:00 AM,0,0,0
08/11/2021 01:00:00 AM,0,0,0
08/11/2021 02:00:00 AM,0,0,0
08/11/2021 03:00:00 AM,0,0,0
08/11/2021 04:00:00 AM,0,0,0
08/11/2021 05:00:00 AM,0,0,0
08/11/2021 06:00:00 AM,0,0,0
08/11/2021 07:00:00 AM,0,0,0
08/11/2021 08:00:00 AM,0,0,0
08/11/2021 09:00:00 AM,0,0,0
08/11/2021 10:00:00 AM,0,0,0
08/11/2021 11:00:00 AM,0,0,0
08/11/2021 12:00:00 PM,0,0,0
08/11/2021 01:00:00 PM,0,0,0
08/11/2021 02:00:00 PM,0,0,0
08/11/2021 03:00:00 PM,0,0,0
08/11/2021 04:00:00 PM,0,0,0
08/11/2021 05:00:00 PM,0,0,0
08/11/2021 06:00:00 PM,0,0,0
08/11/2021 07:00:00 PM,0,0,0
08/11/2021 08:00:00 PM,0,0,0
08/11/2021 09:00:00 PM,0,0,0
08/11/2021 10:00:00 PM,0,0,0
08/11/2021 11:00:00 PM,0,0,0
08/12/2021 12:00:00 AM,0,0,0
08/12/2021 01:00:00 AM,0,0,0
08/12/2021 02:00:00 AM,0,0,0
08/12/2021 03:00:00 AM,0,0,0
08/12/2021 04:00:00 AM,0,0,0
08/12/2021 05:00:00 AM,0,0,0
08/12/2021 06:00:00 AM,0,0,0
08/12/2021 07:00:00 AM,0,0,0
08/12/2021 08:00:00 AM,0,0,0
08/12/2021 09:00:00 AM,0,0,0
08/12/2021 10:00:00 AM,0,0,0
08/12/2021 11:00:00 AM,0,0,0
08/12/2021 12:00:00 PM,0,0,0
08/12/2021 01:00:00 PM,0,0,0
08/12/2021 02:00:00 PM,0,0,0
08/12/2021 03:00:00 PM,0,0,0
08/12/2021 04:00:00 PM,0,0,0
08/12/2021 05:00:00 PM,0,0,0
08/12/2021 06:00:00 PM,0,0,0
08/12/2021 07:00:00 PM,0,0,0
08/12/2021 08:00:00 PM,0,0,0
08/12/2021 09:00:00 PM,0,0,0
08/12/2021 10:00:00 PM,0,0,0
08/12/2021 11:00:00 PM,0,0,0
08/13/2021 12:00:00 AM,0,0,0
08/13/2021 01:00:00 AM,0,0,0
08/13/2021 02:00:00 AM,0,0,0
08/13/2021 03:00:00 AM,0,0,0
08/13/2021 04:00:00 AM,0,0,0
08/13/2021 05:00:00 AM,0,0,0
08/13/2021 06:00:00 AM,0,0,0
08/13/2021 07:00:00 AM,0,0,0
08/13/2021 08:00:00 AM,0,0,0
08/13/2021 09:00:00 AM,0,0,0
08/13/2021 10:00:00 AM,0,0,0
08/13/2021 11:00:00 AM,0,0,0
08/13/2021 12:00:00 PM,0,0,0
08/13/2021 01:00:00 PM,0,0,0
08/13/2021 02:00:00 PM,0,0,0
08/13/2021 03:00:00 PM,0,0,0
08/13/2021 04:00:00 PM,0,0,0
08/13/2021 05:00:00 PM,0,0,0
08/13/2021 06:00:00 PM,0,0,0
08/13/2021 07:00:00 PM,0,0,0
08/13/2021 08:00:00 PM,0,0,0
08/13/2021 09:00:00 PM,0,0,0
08/13/2021 10:00:00 PM,0,0,0
08/13/2021 11:00:00 PM,0,0,0
08/14/2021 12:00:00 AM,0,0,0
08/14/2021 01:00:00 AM,0,0,0
08/14/2021 02:00:00 AM,0,0,0
08/14/2021 03:00:00 AM,0,0,0
08/14/2021 04:00:00 AM,0,0,0
08/14/2021 05:00:00 AM,0,0,0
08/14/2021 06:00:00 AM,0,0,0
08/14/2021 07:00:00 AM,0,0,0
08/14/2021 08:00:00 AM,0,0,0
08/14/2021 09:00:00 AM,0,0,0
08/14/2021 10:00:00 AM,0,0,0
08/14/2021 11:00:00 AM,0,0,0
08/14/2021 12:00:00 PM,0,0,0
08/14/2021 01:00:00 PM,0,0,0
08/14/2021 02:00:00 PM,0,0,0
08/14/2021 03:00:00 PM,0,0,0
08/14/2021 04:00:00 PM,0,0,0
08/14/2021 05:00:00 PM,0,0,0
08/14/2021 06:00:00 PM,0,0,0
08/14/2021 07:00:00 PM,0,0,0
08/14/2021 08:00:00 PM,0,0,0
08/14/2021 09:00:00 PM,0,0,0
08/14/2021 10:00:00 PM,0,0,0
08/14/2021 11:00:00 PM,0,0,0
08/15/2021 12:00:00 AM,0,0,0
08/15/2021 01:00:00 AM,0,0,0
08/15/2021 02:00:00 AM,0,0,0
08/15/2021 03:00:00 AM,0,0,0
08/15/2021 04:00:00 AM,0,0,0
08/15/2021 05:00:00 AM,0,0,0
08/15/2021 06:00:00 AM,0,0,0
08/15/2021 07:00:00 AM,0,0,0
08/15/2021 08:00:00 AM,0,0,0
08/15/2021 09:00:00 AM,0,0,0
08/15/2021 10:00:00 AM,0,0,0
08/15/2021 11:00:00 AM,0,0,0
08/15/2021 12:00:00 PM,0,0,0
08/15/2021 01:00:00 PM,0,0,0
08/15/2021 02:00:00 PM,0,0,0
08/15/2021 03:00:00 PM,0,0,0
08/15/2021 04:00:00 PM,0,0,0
08/15/2021 05:00:00 PM,0,0,0
08/15/2021 06:00:00 PM,0,0,0
08/15/2021 07:00:00 PM,0,0,0
08/15/2021 08:00:00 PM,0,0,0
08/15/2021 09:00:00 PM,0,0,0
08/15/2021 10:00:00 PM,0,0,0
08/15/2021 11:00:00 PM,0,0,0
08/16/2021 12:00:00 AM,0,0,0
08/16/2021 01:00:00 AM,0,0,0
08/16/2021 02:00:00 AM,0,0,0
08/16/2021 03:00:00 AM,0,0,0
08/16/2021 04:00:00 AM,0,0,0
08/16/2021 05:00:00 AM,0,0,0
08/16/2021 06:00:00 AM,0,0,0
08/16/2021 07:00:00 AM,0,0,0
08/16/2021 08:00:00 AM,0,0,0
08/16/2021 09:00:00 AM,0,0,0
08/16/2021 10:00:00 AM,0,0,0
08/16/2021 11:00:00 AM,0,0,0
08/16/2021 12:00:00 PM,0,0,0
08/16/2021 01:00:00 PM,0,0,0
08/16/2021 02:00:00 PM,0,0,0
08/16/2021 03:00:00 PM,0,0,0
08/16/2021 04:00:00 PM,0,0,0
08/16/2021 05:00:00 PM,0,0,0
08/16/2021 06:00:00 PM,0,0,0
08/16/2021 07:00:00 PM,0,0,0
08/16/2021 08:00:00 PM,0,0,0
08/16/2021 09:00:00 PM,0,0,0
08/16/2021 10:00:00 PM,0,0,0
08/16/2021 11:00:00 PM,0,0,0
08/17/2021 12:00:00 AM,0,0,0
08/17/2021 01:00:00 AM,0,0,0
08/17/2021 02:00:00 AM,0,0,0
08/17/2021 03:00:00 AM,0,0,0
08/17/2021 04:00:00 AM,0,0,0
08/17/2021 05:00:00 AM,0,0,0
08/17/2021 06:00:00 AM,0,0,0
08/17/2021 07:00:00 AM,0,0,0
08/17/2021 08:00:00 AM,0,0,0
08/17/2021 09:00:00 AM,0,0,0
08/17/2021 10:00:00 AM,0,0,0
08/17/2021 11:00:00 AM,0,0,0
08/17/2021 12:00:00 PM,0,0,0
08/17/2021 01:00:00 PM,0,0,0
08/17/2021 02:00:00 PM,0,0,0
08/17/2021 03:00:00 PM,0,0,0
08/17/2021 04:00:00 PM,0,0,0
08/17/2021 05:00:00 PM,0,0,0
08/17/2021 06:00:00 PM,0,0,0
08/17/2021 07:00:00 PM,0,0,0
08/17/2021 08:00:00 PM,0,0,0
08/17/2021 09:00:00 PM,0,0,0
08/17/2021 10:00:00 PM,0,0,0
08/17/2021 11:00:00 PM,0,0,0
08/18/2021 12:00:00 AM,0,0,0
08/18/2021 01:00:00 AM,0,0,0
08/18/2021 02:00:00 AM,0,0,0
08/18/2021 03:00:00 AM,0,0,0
08/18/2021 04:00:00 AM,0,0,0
08/18/2021 05:00:00 AM,0,0,0
08/18/2021 06:00:00 AM,0,0,0
08/18/2021 07:00:00 AM,0,0,0
08/18/2021 08:00:00 AM,0,0,0
08/18/2021 09:00:00 AM,0,0,0
08/18/2021 10:00:00 AM,0,0,0
08/18/2021 11:00:00 AM,0,0,0
08/18/2021 12:00:00 PM,0,0,0
08/18/2021 01:00:00 PM,0,0,0
08/18/2021 02:00:00 PM,0,0,0
08/18/2021 03:00:00 PM,0,0,0
08/18/2021 04:00:00 PM,0,0,0
08/18/2021 05:00:00 PM,0,0,0
08/18/2021 06:00:00 PM,0,0,0
08/18/2021 07:00:00 PM,0,0,0
08/18/2021 08:00:00 PM,0,0,0
08/18/2021 09:00:00 PM,0,0,0
08/18/2021 10:00:00 PM,0,0,0
08/18/2021 11:00:00 PM,0,0,0
08/19/2021 12:00:00 AM,0,0,0
08/19/2021 01:00:00 AM,0,0,0
08/19/2021 02:00:00 AM,0,0,0
08/19/2021 03:00:00 AM,0,0,0
08/19/2021 04:00:00 AM,0,0,0
08/19/2021 05:00:00 AM,0,0,0
08/19/2021 06:00:00 AM,0,0,0
08/19/2021 07:00:00 AM,0,0,0
08/19/2021 08:00:00 AM,0,0,0
08/19/2021 09:00:00 AM,0,0,0
08/19/2021 10:00:00 AM,0,0,0
08/19/2021 11:00:00 AM,0,0,0
08/19/2021 12:00:00 PM,0,0,0
08/19/2021 01:00:00 PM,0,0,0
08/19/2021 02:00:00 PM,0,0,0
08/19/2021 03:00:00 PM,0,0,0
08/19/2021 04:00:00 PM,0,0,0
08/19/2021 05:00:00 PM,0,0,0
08/19/2021 06:00:00 PM,0,0,0
08/19/2021 07:00:00 PM,0,0,0
08/19/2021 08:00:00 PM,0,0,0
08/19/2021 09:00:00 PM,0,0,0
08/19/2021 10:00:00 PM,0,0,0
08/19/2021 11:00:00 PM,0,0,0
08/20/2021 12:00:00 AM,0,0,0
08/20/2021 01:00:00 AM,0,0,0
08/20/2021 02:00:00 AM,0,0,0
08/20/2021 03:00:00 AM,0,0,0
08/20/2021 04:00:00 AM,0,0,0
08/20/2021 05:00:00 AM,0,0,0
08/20/2021 06:00:00 AM,0,0,0
08/20/2021 07:00:00 AM,0,0,0
08/20/2021 08:00:00 AM,0,0,0
08/20/2021 09:00:00 AM,0,0,0
08/20/2021 10:00:00 AM,0,0,0
08/20/2021 11:00:00 AM,0,0,0
08/20/2021 12:00:00 PM,0,0,0
08/20/2021 01:00:00 PM,0,0,0
08/20/2021 02:00:00 PM,0,0,0
08/20/2021 03:00:00 PM,0,0,0
08/20/2021 04:00:00 PM,0,0,0
08/20/2021 05:00:00 PM,0,0,0
08/20/2021 06:00:00 PM,0,0,0
08/20/2021 07:00:00 PM,0,0,0
08/20/2021 08:00:00 PM,0,0,0
08/20/2021 09:00:00 PM,0,0,0
08/20/2021 10:00:00 PM,0,0,0
08/20/2021 11:00:00 PM,0,0,0
08/21/2021 12:00:00 AM,0,0,0
08/21/2021 01:00:00 AM,0,0,0
08/21/2021 02:00:00 AM,0,0,0
08/21/2021 03:00:00 AM,0,0,0
08/21/2021 04:00:00 AM,0,0,0
08/21/2021 05:00:00 AM,0,0,0
08/21/2021 06:00:00 AM,0,0,0
08/21/2021 07:00:00 AM,0,0,0
08/21/2021 08:00:00 AM,0,0,0
08/21/2021 09:00:00 AM,0,0,0
08/21/2021 10:00:00 AM,0,0,0
08/21/2021 11:00:00 AM,0,0,0
08/21/2021 12:00:00 PM,0,0,0
08/21/2021 01:00:00 PM,0,0,0
08/21/2021 02:00:00 PM,0,0,0
08/21/2021 03:00:00 PM,0,0,0
08/21/2021 04:00:00 PM,0,0,0
08/21/2021 05:00:00 PM,0,0,0
08/21/2021 06:00:00 PM,0,0,0
08/21/2021 07:00:00 PM,0,0,0
08/21/2021 08:00:00 PM,0,0,0
08/21/2021 09:00:00 PM,0,0,0
08/21/2021 10:00:00 PM,0,0,0
08/21/2021 11:00:00 PM,0,0,0
08/22/2021 12:00:00 AM,0,0,0
08/22/2021 01:00:00 AM,0,0,0
08/22/2021 02:00:00 AM,0,0,0
08/22/2021 03:00:00 AM,0,0,0
08/22/2021 04:00:00 AM,0,0,0
08/22/2021 05:00:00 AM,0,0,0
08/22/2021 06:00:00 AM,0,0,0
08/22/2021 07:00:00 AM,0,0,0
08/22/2021 08:00:00 AM,0,0,0
08/22/2021 09:00:00 AM,0,0,0
08/22/2021 10:00:00 AM,0,0,0
08/22/2021 11:00:00 AM,0,0,0
08/22/2021 12:00:00 PM,0,0,0
08/22/2021 01:00:00 PM,0,0,0
08/22/2021 02:00:00 PM,0,0,0
08/22/2021 03:00:00 PM,0,0,0
08/22/2021 04:00:00 PM,0,0,0
08/22/2021 05:00:00 PM,0,0,0
08/22/2021 06:00:00 PM,0,0,0
08/22/2021 07:00:00 PM,0,0,0
08/22/2021 08:00:00 PM,0,0,0
08/22/2021 09:00:00 PM,0,0,0
08/22/2021 10:00:00 PM,0,0,0
08/22/2021 11:00:00 PM,0,0,0
08/23/2021 12:00:00 AM,0,0,0
08/23/2021 01:00:00 AM,0,0,0
08/23/2021 02:00:00 AM,0,0,0
08/23/2021 03:00:00 AM,0,0,0
08/23/2021 04:00:00 AM,0,0,0
08/23/2021 05:00:00 AM,0,0,0
08/23/2021 06:00:00 AM,0,0,0
08/23/2021 07:00:00 AM,0,0,0
08/23/2021 08:00:00 AM,0,0,0
08/23/2021 09:00:00 AM,0,0,0
08/23/2021 10:00:00 AM,0,0,0
08/23/2021 11:00:00 AM,0,0,0
08/23/2021 12:00:00 PM,0,0,0
08/23/2021 01:00:00 PM,0,0,0
08/23/2021 02:00:00 PM,0,0,0
08/23/2021 03:00:00 PM,0,0,0
08/23/2021 04:00:00 PM,0,0,0
08/23/2021 05:00:00 PM,0,0,0
08/23/2021 06:00:00 PM,0,0,0
08/23/2021 07:00:00 PM,0,0,0
08/23/2021 08:00:00 PM,0,0,0
08/23/2021 09:00:00 PM,0,0,0
08/23/2021 10:00:00 PM,0,0,0
08/23/2021 11:00:00 PM,0,0,0
08/24/2021 12:00:00 AM,0,0,0
08/24/2021 01:00:00 AM,0,0,0
08/24/2021 02:00:00 AM,0,0,0
08/24/2021 03:00:00 AM,0,0,0
08/24/2021 04:00:00 AM,0,0,0
08/24/2021 05:00:00 AM,0,0,0
08/24/2021 06:00:00 AM,0,0,0
08/24/2021 07:00:00 AM,0,0,0
08/24/2021 08:00:00 AM,0,0,0
08/24/2021 09:00:00 AM,0,0,0
08/24/2021 10:00:00 AM,0,0,0
08/24/2021 11:00:00 AM,0,0,0
08/24/2021 12:00:00 PM,0,0,0
08/24/2021 01:00:00 PM,0,0,0
08/24/2021 02:00:00 PM,0,0,0
08/24/2021 03:00:00 PM,0,0,0
08/24/2021 04:00:00 PM,0,0,0
08/24/2021 05:00:00 PM,0,0,0
08/24/2021 06:00:00 PM,0,0,0
08/24/2021 07:00:00 PM,0,0,0
08/24/2021 08:00:00 PM,0,0,0
08/24/2021 09:00:00 PM,0,0,0
08/24/2021 10:00:00 PM,0,0,0
08/24/2021 11:00:00 PM,0,0,0
08/25/2021 12:00:00 AM,0,0,0
08/25/2021 01:00:00 AM,0,0,0
08/25/2021 02:00:00 AM,0,0,0
08/25/2021 03:00:00 AM,0,0,0
08/25/2021 04:00:00 AM,0,0,0
08/25/2021 05:00:00 AM,0,0,0
08/25/2021 06:00:00 AM,0,0,0
08/25/2021 07:00:00 AM,0,0,0
08/25/2021 08:00:00 AM,0,0,0
08/25/2021 09:00:00 AM,0,0,0
08/25/2021 10:00:00 AM,0,0,0
08/25/2021 11:00:00 AM,0,0,0
08/25/2021 12:00:00 PM,0,0,0
08/25/2021 01:00:00 PM,0,0,0
08/25/2021 02:00:00 PM,0,0,0
08/25/2021 03:00:00 PM,0,0,0
08/25/2021 04:00:00 PM,0,0,0
08/25/2021 05:00:00 PM,0,0,0
08/25/2021 06:00:00 PM,0,0,0
08/25/2021 07:00:00 PM,0,0,0
08/25/2021 08:00:00 PM,0,0,0
08/25/2021 09:00:00 PM,0,0,0
08/25/2021 10:00:00 PM,0,0,0
08/25/2021 11:00:00 PM,0,0,0
08/26/2021 12:00:00 AM,0,0,0
08/26/2021 01:00:00 AM,0,0,0
08/26/2021 02:00:00 AM,0,0,0
08/26/2021 03:00:00 AM,0,0,0
08/26/2021 04:00:00 AM,0,0,0
08/26/2021 05:00:00 AM,0,0,0
08/26/2021 06:00:00 AM,0,0,0
08/26/2021 07:00:00 AM,0,0,0
08/26/2021 08:00:00 AM,0,0,0
08/26/2021 09:00:00 AM,0,0,0
08/26/2021 10:00:00 AM,0,0,0
08/26/2021 11:00:00 AM,0,0,0
08/26/2021 12:00:00 PM,0,0,0
08/26/2021 01:00:00 PM,0,0,0
08/26/2021 02:00:00 PM,0,0,0
08/26/2021 03:00:00 PM,0,0,0
08/26/2021 04:00:00 PM,0,0,0
08/26/2021 05:00:00 PM,0,0,0
08/26/2021 06:00:00 PM,0,0,0
08/26/2021 07:00:00 PM,0,0,0
08/26/2021 08:00:00 PM,0,0,0
08/26/2021 09:00:00 PM,0,0,0
08/26/2021 10:00:00 PM,0,0,0
08/26/2021 11:00:00 PM,0,0,0
08/27/2021 12:00:00 AM,0,0,0
08/27/2021 01:00:00 AM,0,0,0
08/27/2021 02:00:00 AM,0,0,0
08/27/2021 03:00:00 AM,0,0,0
08/27/2021 04:00:00 AM,0,0,0
08/27/2021 05:00:00 AM,0,0,0
08/27/2021 06:00:00 AM,0,0,0
08/27/2021 07:00:00 AM,0,0,0
08/27/2021 08:00:00 AM,0,0,0
08/27/2021 09:00:00 AM,0,0,0
08/27/2021 10:00:00 AM,0,0,0
08/27/2021 11:00:00 AM,0,0,0
08/27/2021 12:00:00 PM,0,0,0
08/27/2021 01:00:00 PM,0,0,0
08/27/2021 02:00:00 PM,0,0,0
08/27/2021 03:00:00 PM,0,0,0
08/27/2021 04:00:00 PM,0,0,0
08/27/2021 05:00:00 PM,0,0,0
08/27/2021 06:00:00 PM,0,0,0
08/27/2021 07:00:00 PM,0,0,0
08/27/2021 08:00:00 PM,0,0,0
08/27/2021 09:00:00 PM,0,0,0
08/27/2021 10:00:00 PM,0,0,0
08/27/2021 11:00:00 PM,0,0,0
08/28/2021 12:00:00 AM,0,0,0
08/28/2021 01:00:00 AM,0,0,0
08/28/2021 02:00:00 AM,0,0,0
08/28/2021 03:00:00 AM,0,0,0
08/28/2021 04:00:00 AM,0,0,0
08/28/2021 05:00:00 AM,0,0,0
08/28/2021 06:00:00 AM,0,0,0
08/28/2021 07:00:00 AM,0,0,0
08/28/2021 08:00:00 AM,0,0,0
08/28/2021 09:00:00 AM,0,0,0
08/28/2021 10:00:00 AM,0,0,0
08/28/2021 11:00:00 AM,0,0,0
08/28/2021 12:00:00 PM,0,0,0
08/28/2021 01:00:00 PM,0,0,0
08/28/2021 02:00:00 PM,0,0,0
08/28/2021 03:00:00 PM,0,0,0
08/28/2021 04:00:00 PM,0,0,0
08/28/2021 05:00:00 PM,0,0,0
08/28/2021 06:00:00 PM,0,0,0
08/28/2021 07:00:00 PM,0,0,0
08/28/2021 08:00:00 PM,0,0,0
08/28/2021 09:00:00 PM,0,0,0
08/28/2021 10:00:00 PM,0,0,0
08/28/2021 11:00:00 PM,0,0,0
08/29/2021 12:00:00 AM,0,0,0
08/29/2021 01:00:00 AM,0,0,0
08/29/2021 02:00:00 AM,0,0,0
08/29/2021 03:00:00 AM,0,0,0
08/29/2021 04:00:00 AM,0,0,0
08/29/2021 05:00:00 AM,0,0,0
08/29/2021 06:00:00 AM,0,0,0
08/29/2021 07:00:00 AM,0,0,0
08/29/2021 08:00:00 AM,0,0,0
08/29/2021 09:00:00 AM,0,0,0
08/29/2021 10:00:00 AM,0,0,0
08/29/2021 11:00:00 AM,0,0,0
08/29/2021 12:00:00 PM,0,0,0
08/29/2021 01:00:00 PM,0,0,0
08/29/2021 02:00:00 PM,0,0,0
08/29/2021 03:00:00 PM,0,0,0
08/29/2021 04:00:00 PM,0,0,0
08/29/2021 05:00:00 PM,0,0,0
08/29/2021 06:00:00 PM,0,0,0
08/29/2021 07:00:00 PM,0,0,0
08/29/2021 08:00:00 PM,0,0,0
08/29/2021 09:00:00 PM,0,0,0
08/29/2021 10:00:00 PM,0,0,0
08/29/2021 11:00:00 PM,0,0,0
08/30/2021 12:00:00 AM,0,0,0
08/30/2021 01:00:00 AM,0,0,0
08/30/2021 02:00:00 AM,0,0,0
08/30/2021 03:00:00 AM,0,0,0
08/30/2021 04:00:00 AM,0,0,0
08/30/2021 05:00:00 AM,0,0,0
08/30/2021 06:00:00 AM,0,0,0
08/30/2021 07:00:00 AM,0,0,0
08/30/2021 08:00:00 AM,0,0,0
08/30/2021 09:00:00 AM,0,0,0
08/30/2021 10:00:00 AM,0,0,0
08/30/2021 11:00:00 AM,0,0,0
08/30/2021 12:00:00 PM,0,0,0
08/30/2021 01:00:00 PM,0,0,0
08/30/2021 02:00:00 PM,0,0,0
08/30/2021 03:00:00 PM,0,0,0
08/30/2021 04:00:00 PM,0,0,0
08/30/2021 05:00:00 PM,0,0,0
08/30/2021 06:00:00 PM,0,0,0
08/30/2021 07:00:00 PM,0,0,0
08/30/2021 08:00:00 PM,0,0,0
08/30/2021 09:00:00 PM,0,0,0
08/30/2021 10:00:00 PM,0,0,0
08/30/2021 11:00:00 PM,0,0,0
08/31/2021 12:00:00 AM,0,0,0
08/31/2021 01:00:00 AM,0,0,0
08/31/2021 02:00:00 AM,0,0,0
08/31/2021 03:00:00 AM,0,0,0
08/31/2021 04:00:00 AM,0,0,0
08/31/2021 05:00:00 AM,0,0,0
08/31/2021 06:00:00 AM,0,0,0
08/31/2021 07:00:00 AM,0,0,0
08/31/2021 08:00:00 AM,0,0,0
08/31/2021 09:00:00 AM,0,0,0
08/31/2021 10:00:00 AM,0,0,0
08/31/2021 11:00:00 AM,0,0,0
08/31/2021 12:00:00 PM,0,0,0
08/31/2021 01:00:00 PM,0,0,0
08/31/2021 02:00:00 PM,0,0,0
08/31/2021 03:00:00 PM,0,0,0
08/31/2021 04:00:00 PM,0,0,0
08/31/2021 05:00:00 PM,0,0,0
08/31/2021 06:00:00 PM,0,0,0
08/31/2021 07:00:00 PM,0,0,0
08/31/2021 08:00:00 PM,0,0,0
08/31/2021 09:00:00 PM,0,0,0
08/31/2021 10:00:00 PM,0,0,0
08/31/2021 11:00:00 PM,0,0,0
09/01/2021 12:00:00 AM,0,0,0
09/01/2021 01:00:00 AM,0,0,0
09/01/2021 02:00:00 AM,0,0,0
09/01/2021 03:00:00 AM,0,0,0
09/01/2021 04:00:00 AM,0,0,0
09/01/2021 05:00:00 AM,0,0,0
09/01/2021 06:00:00 AM,0,0,0
09/01/2021 07:00:00 AM,0,0,0
09/01/2021 08:00:00 AM,0,0,0
09/01/2021 09:00:00 AM,0,0,0
09/01/2021 10:00:00 AM,0,0,0
09/01/2021 11:00:00 AM,0,0,0
09/01/2021 12:00:00 PM,0,0,0
09/01/2021 01:00:00 PM,0,0,0
09/01/2021 02:00:00 PM,0,0,0
09/01/2021 03:00:00 PM,0,0,0
09/01/2021 04:00:00 PM,0,0,0
09/01/2021 05:00:00 PM,0,0,0
09/01/2021 06:00:00 PM,0,0,0
09/01/2021 07:00:00 PM,0,0,0
09/01/2021 08:00:00 PM,0,0,0
09/01/2021 09:00:00 PM,0,0,0
09/01/2021 10:00:00 PM,0,0,0
09/01/2021 11:00:00 PM,0,0,0
09/02/2021 12:00:00 AM,0,0,0
09/02/2021 01:00:00 AM,0,0,0
09/02/2021 02:00:00 AM,0,0,0
09/02/2021 03:00:00 AM,0,0,0
09/02/2021 04:00:00 AM,0,0,0
09/02/2021 05:00:00 AM,0,0,0
09/02/2021 06:00:00 AM,0,0,0
09/02/2021 07:00:00 AM,0,0,0
09/02/2021 08:00:00 AM,0,0,0
09/02/2021 09:00:00 AM,0,0,0
09/02/2021 10:00:00 AM,0,0,0
09/02/2021 11:00:00 AM,0,0,0
09/02/2021 12:00:00 PM,0,0,0
09/02/2021 01:00:00 PM,0,0,0
09/02/2021 02:00:00 PM,0,0,0
09/02/2021 03:00:00 PM,0,0,0
09/02/2021 04:00:00 PM,0,0,0
09/02/2021 05:00:00 PM,0,0,0
09/02/2021 06:00:00 PM,0,0,0
09/02/2021 07:00:00 PM,0,0,0
09/02/2021 08:00:00 PM,0,0,0
09/02/2021 09:00:00 PM,0,0,0
09/02/2021 10:00:00 PM,0,0,0
09/02/2021 11:00:00 PM,0,0,0
09/03/2021 12:00:00 AM,0,0,0
09/03/2021 01:00:00 AM,0,0,0
09/03/2021 02:00:00 AM,0,0,0
09/03/2021 03:00:00 AM,0,0,0
09/03/2021 04:00:00 AM,0,0,0
09/03/2021 05:00:00 AM,0,0,0
09/03/2021 06:00:00 AM,0,0,0
09/03/2021 07:00:00 AM,0,0,0
09/03/2021 08:00:00 AM,0,0,0
09/03/2021 09:00:00 AM,0,0,0
09/03/2021 10:00:00 AM,0,0,0
09/03/2021 11:00:00 AM,0,0,0
09/03/2021 12:00:00 PM,0,0,0
09/03/2021 01:00:00 PM,0,0,0
09/03/2021 02:00:00 PM,0,0,0
09/03/2021 03:00:00 PM,0,0,0
09/03/2021 04:00:00 PM,0,0,0
09/03/2021 05:00:00 PM,0,0,0
09/03/2021 06:00:00 PM,0,0,0
09/03/2021 07:00:00 PM,0,0,0
09/03/2021 08:00:00 PM,0,0,0
09/03/2021 09:00:00 PM,0,0,0
09/03/2021 10:00:00 PM,0,0,0
09/03/2021 11:00:00 PM,0,0,0
09/04/2021 12:00:00 AM,0,0,0
09/04/2021 01:00:00 AM,0,0,0
09/04/2021 02:00:00 AM,0,0,0
09/04/2021 03:00:00 AM,0,0,0
09/04/2021 04:00:00 AM,0,0,0
09/04/2021 05:00:00 AM,0,0,0
09/04/2021 06:00:00 AM,0,0,0
09/04/2021 07:00:00 AM,0,0,0
09/04/2021 08:00:00 AM,0,0,0
09/04/2021 09:00:00 AM,0,0,0
09/04/2021 10:00:00 AM,0,0,0
09/04/2021 11:00:00 AM,0,0,0
09/04/2021 12:00:00 PM,0,0,0
09/04/2021 01:00:00 PM,0,0,0
09/04/2021 02:00:00 PM,0,0,0
09/04/2021 03:00:00 PM,0,0,0
09/04/2021 04:00:00 PM,0,0,0
09/04/2021 05:00:00 PM,0,0,0
09/04/2021 06:00:00 PM,0,0,0
09/04/2021 07:00:00 PM,0,0,0
09/04/2021 08:00:00 PM,0,0,0
09/04/2021 09:00:00 PM,0,0,0
09/04/2021 10:00:00 PM,0,0,0
09/04/2021 11:00:00 PM,0,0,0
09/05/2021 12:00:00 AM,0,0,0
09/05/2021 01:00:00 AM,0,0,0
09/05/2021 02:00:00 AM,0,0,0
09/05/2021 03:00:00 AM,0,0,0
09/05/2021 04:00:00 AM,0,0,0
09/05/2021 05:00:00 AM,0,0,0
09/05/2021 06:00:00 AM,0,0,0
09/05/2021 07:00:00 AM,0,0,0
09/05/2021 08:00:00 AM,0,0,0
09/05/2021 09:00:00 AM,0,0,0
09/05/2021 10:00:00 AM,0,0,0
09/05/2021 11:00:00 AM,0,0,0
09/05/2021 12:00:00 PM,0,0,0
09/05/2021 01:00:00 PM,0,0,0
09/05/2021 02:00:00 PM,0,0,0
09/05/2021 03:00:00 PM,0,0,0
09/05/2021 04:00:00 PM,0,0,0
09/05/2021 05:00:00 PM,0,0,0
09/05/2021 06:00:00 PM,0,0,0
09/05/2021 07:00:00 PM,0,0,0
09/05/2021 08:00:00 PM,0,0,0
09/05/2021 09:00:00 PM,0,0,0
09/05/2021 10:00:00 PM,0,0,0
09/05/2021 11:00:00 PM,0,0,0
09/06/2021 12:00:00 AM,0,0,0
09/06/2021 01:00:00 AM,0,0,0
09/06/2021 02:00:00 AM,0,0,0
09/06/2021 03:00:00 AM,0,0,0
09/06/2021 04:00:00 AM,0,0,0
09/06/2021 05:00:00 AM,0,0,0
09/06/2021 06:00:00 AM,0,0,0
09/06/2021 07:00:00 AM,0,0,0
09/06/2021 08:00:00 AM,0,0,0
09/06/2021 09:00:00 AM,0,0,0
09/06/2021 10:00:00 AM,0,0,0
09/06/2021 11:00:00 AM,0,0,0
09/06/2021 12:00:00 PM,0,0,0
09/06/2021 01:00:00 PM,0,0,0
09/06/2021 02:00:00 PM,0,0,0
09/06/2021 03:00:00 PM,0,0,0
09/06/2021 04:00:00 PM,0,0,0
09/06/2021 05:00:00 PM,0,0,0
09/06/2021 06:00:00 PM,0,0,0
09/06/2021 07:00:00 PM,0,0,0
09/06/2021 08:00:00 PM,0,0,0
09/06/2021 09:00:00 PM,0,0,0
09/06/2021 10:00:00 PM,0,0,0
09/06/2021 11:00:00 PM,0,0,0
09/07/2021 12:00:00 AM,0,0,0
09/07/2021 01:00:00 AM,0,0,0
09/07/2021 02:00:00 AM,0,0,0
09/07/2021 03:00:00 AM,0,0,0
09/07/2021 04:00:00 AM,0,0,0
09/07/2021 05:00:00 AM,0,0,0
09/07/2021 06:00:00 AM,0,0,0
09/07/2021 07:00:00 AM,0,0,0
09/07/2021 08:00:00 AM,0,0,0
09/07/2021 09:00:00 AM,0,0,0
09/07/2021 10:00:00 AM,0,0,0
09/07/2021 11:00:00 AM,0,0,0
09/07/2021 12:00:00 PM,0,0,0
09/07/2021 01:00:00 PM,0,0,0
09/07/2021 02:00:00 PM,0,0,0
09/07/2021 03:00:00 PM,0,0,0
09/07/2021 04:00:00 PM,0,0,0
09/07/2021 05:00:00 PM,0,0,0
09/07/2021 06:00:00 PM,0,0,0
09/07/2021 07:00:00 PM,0,0,0
09/07/2021 08:00:00 PM,0,0,0
09/07/2021 09:00:00 PM,0,0,0
09/07/2021 10:00:00 PM,0,0,0
09/07/2021 11:00:00 PM,0,0,0
09/08/2021 12:00:00 AM,0,0,0
09/08/2021 01:00:00 AM,0,0,0
09/08/2021 02:00:00 AM,0,0,0
09/08/2021 03:00:00 AM,0,0,0
09/08/2021 04:00:00 AM,0,0,0
09/08/2021 05:00:00 AM,0,0,0
09/08/2021 06:00:00 AM,0,0,0
09/08/2021 07:00:00 AM,0,0,0
09/08/2021 08:00:00 AM,0,0,0
09/08/2021 09:00:00 AM,0,0,0
09/08/2021 10:00:00 AM,0,0,0
09/08/2021 11:00:00 AM,0,0,0
09/08/2021 12:00:00 PM,0,0,0
09/08/2021 01:00:00 PM,0,0,0
09/08/2021 02:00:00 PM,0,0,0
09/08/2021 03:00:00 PM,0,0,0
09/08/2021 04:00:00 PM,0,0,0
09/08/2021 05:00:00 PM,0,0,0
09/08/2021 06:00:00 PM,0,0,0
09/08/2021 07:00:00 PM,0,0,0
09/08/2021 08:00:00 PM,0,0,0
09/08/2021 09:00:00 PM,0,0,0
09/08/2021 10:00:00 PM,0,0,0
09/08/2021 11:00:00 PM,0,0,0
09/09/2021 12:00:00 AM,0,0,0
09/09/2021 01:00:00 AM,0,0,0
09/09/2021 02:00:00 AM,0,0,0
09/09/2021 03:00:00 AM,0,0,0
09/09/2021 04:00:00 AM,0,0,0
09/09/2021 05:00:00 AM,0,0,0
09/09/2021 06:00:00 AM,0,0,0
09/09/2021 07:00:00 AM,0,0,0
09/09/2021 08:00:00 AM,0,0,0
09/09/2021 09:00:00 AM,0,0,0
09/09/2021 10:00:00 AM,0,0,0
09/09/2021 11:00:00 AM,0,0,0
09/09/2021 12:00:00 PM,0,0,0
09/09/2021 01:00:00 PM,0,0,0
09/09/2021 02:00:00 PM,0,0,0
09/09/2021 03:00:00 PM,0,0,0
09/09/2021 04:00:00 PM,0,0,0
09/09/2021 05:00:00 PM,0,0,0
09/09/2021 06:00:00 PM,0,0,0
09/09/2021 07:00:00 PM,0,0,0
09/09/2021 08:00:00 PM,0,0,0
09/09/2021 09:00:00 PM,0,0,0
09/09/2021 10:00:00 PM,0,0,0
09/09/2021 11:00:00 PM,0,0,0
09/10/2021 12:00:00 AM,0,0,0
09/10/2021 01:00:00 AM,0,0,0
09/10/2021 02:00:00 AM,0,0,0
09/10/2021 03:00:00 AM,0,0,0
09/10/2021 04:00:00 AM,0,0,0
09/10/2021 05:00:00 AM,0,0,0
09/10/2021 06:00:00 AM,0,0,0
09/10/2021 07:00:00 AM,0,0,0
09/10/2021 08:00:00 AM,0,0,0
09/10/2021 09:00:00 AM,0,0,0
09/10/2021 10:00:00 AM,0,0,0
09/10/2021 11:00:00 AM,0,0,0
09/10/2021 12:00:00 PM,0,0,0
09/10/2021 01:00:00 PM,0,0,0
09/10/2021 02:00:00 PM,0,0,0
09/10/2021 03:00:00 PM,0,0,0
09/10/2021 04:00:00 PM,0,0,0
09/10/2021 05:00:00 PM,0,0,0
09/10/2021 06:00:00 PM,0,0,0
09/10/2021 07:00:00 PM,0,0,0
09/10/2021 08:00:00 PM,0,0,0
09/10/2021 09:00:00 PM,0,0,0
09/10/2021 10:00:00 PM,0,0,0
09/10/2021 11:00:00 PM,0,0,0
09/11/2021 12:00:00 AM,0,0,0
09/11/2021 01:00:00 AM,0,0,0
09/11/2021 02:00:00 AM,0,0,0
09/11/2021 03:00:00 AM,0,0,0
09/11/2021 04:00:00 AM,0,0,0
09/11/2021 05:00:00 AM,0,0,0
09/11/2021 06:00:00 AM,0,0,0
09/11/2021 07:00:00 AM,0,0,0
09/11/2021 08:00:00 AM,0,0,0
09/11/2021 09:00:00 AM,0,0,0
09/11/2021 10:00:00 AM,0,0,0
09/11/2021 11:00:00 AM,0,0,0
09/11/2021 12:00:00 PM,0,0,0
09/11/2021 01:00:00 PM,0,0,0
09/11/2021 02:00:00 PM,0,0,0
09/11/2021 03:00:00 PM,0,0,0
09/11/2021 04:00:00 PM,0,0,0
09/11/2021 05:00:00 PM,0,0,0
09/11/2021 06:00:00 PM,0,0,0
09/11/2021 07:00:00 PM,0,0,0
09/11/2021 08:00:00 PM,0,0,0
09/11/2021 09:00:00 PM,0,0,0
09/11/2021 10:00:00 PM,0,0,0
09/11/2021 11:00:00 PM,0,0,0
09/12/2021 12:00:00 AM,0,0,0
09/12/2021 01:00:00 AM,0,0,0
09/12/2021 02:00:00 AM,0,0,0
09/12/2021 03:00:00 AM,0,0,0
09/12/2021 04:00:00 AM,0,0,0
09/12/2021 05:00:00 AM,0,0,0
09/12/2021 06:00:00 AM,0,0,0
09/12/2021 07:00:00 AM,0,0,0
09/12/2021 08:00:00 AM,0,0,0
09/12/2021 09:00:00 AM,0,0,0
09/12/2021 10:00:00 AM,0,0,0
09/12/2021 11:00:00 AM,0,0,0
09/12/2021 12:00:00 PM,0,0,0
09/12/2021 01:00:00 PM,0,0,0
09/12/2021 02:00:00 PM,0,0,0
09/12/2021 03:00:00 PM,0,0,0
09/12/2021 04:00:00 PM,0,0,0
09/12/2021 05:00:00 PM,0,0,0
09/12/2021 06:00:00 PM,0,0,0
09/12/2021 07:00:00 PM,0,0,0
09/12/2021 08:00:00 PM,0,0,0
09/12/2021 09:00:00 PM,0,0,0
09/12/2021 10:00:00 PM,0,0,0
09/12/2021 11:00:00 PM,0,0,0
09/13/2021 12:00:00 AM,0,0,0
09/13/2021 01:00:00 AM,0,0,0
09/13/2021 02:00:00 AM,0,0,0
09/13/2021 03:00:00 AM,0,0,0
09/13/2021 04:00:00 AM,0,0,0
09/13/2021 05:00:00 AM,0,0,0
09/13/2021 06:00:00 AM,0,0,0
09/13/2021 07:00:00 AM,0,0,0
09/13/2021 08:00:00 AM,0,0,0
09/13/2021 09:00:00 AM,0,0,0
09/13/2021 10:00:00 AM,0,0,0
09/13/2021 11:00:00 AM,0,0,0
09/13/2021 12:00:00 PM,0,0,0
09/13/2021 01:00:00 PM,0,0,0
09/13/2021 02:00:00 PM,0,0,0
09/13/2021 03:00:00 PM,0,0,0
09/13/2021 04:00:00 PM,0,0,0
09/13/2021 05:00:00 PM,0,0,0
09/13/2021 06:00:00 PM,0,0,0
09/13/2021 07:00:00 PM,0,0,0
09/13/2021 08:00:00 PM,0,0,0
09/13/2021 09:00:00 PM,0,0,0
09/13/2021 10:00:00 PM,0,0,0
09/13/2021 11:00:00 PM,0,0,0
09/14/2021 12:00:00 AM,0,0,0
09/14/2021 01:00:00 AM,0,0,0
09/14/2021 02:00:00 AM,0,0,0
09/14/2021 03:00:00 AM,0,0,0
09/14/2021 04:00:00 AM,0,0,0
09/14/2021 05:00:00 AM,0,0,0
09/14/2021 06:00:00 AM,0,0,0
09/14/2021 07:00:00 AM,0,0,0
09/14/2021 08:00:00 AM,0,0,0
09/14/2021 09:00:00 AM,0,0,0
09/14/2021 10:00:00 AM,0,0,0
09/14/2021 11:00:00 AM,0,0,0
09/14/2021 12:00:00 PM,0,0,0
09/14/2021 01:00:00 PM,0,0,0
09/14/2021 02:00:00 PM,0,0,0
09/14/2021 03:00:00 PM,0,0,0
09/14/2021 04:00:00 PM,0,0,0
09/14/2021 05:00:00 PM,0,0,0
09/14/2021 06:00:00 PM,0,0,0
09/14/2021 07:00:00 PM,0,0,0
09/14/2021 08:00:00 PM,0,0,0
09/14/2021 09:00:00 PM,0,0,0
09/14/2021 10:00:00 PM,0,0,0
09/14/2021 11:00:00 PM,0,0,0
09/15/2021 12:00:00 AM,0,0,0
09/15/2021 01:00:00 AM,0,0,0
09/15/2021 02:00:00 AM,0,0,0
09/15/2021 03:00:00 AM,0,0,0
09/15/2021 04:00:00 AM,0,0,0
09/15/2021 05:00:00 AM,0,0,0
09/15/2021 06:00:00 AM,0,0,0
09/15/2021 07:00:00 AM,0,0,0
09/15/2021 08:00:00 AM,0,0,0
09/15/2021 09:00:00 AM,0,0,0
09/15/2021 10:00:00 AM,0,0,0
09/15/2021 11:00:00 AM,0,0,0
09/15/2021 12:00:00 PM,0,0,0
09/15/2021 01:00:00 PM,0,0,0
09/15/2021 02:00:00 PM,0,0,0
09/15/2021 03:00:00 PM,0,0,0
09/15/2021 04:00:00 PM,0,0,0
09/15/2021 05:00:00 PM,0,0,0
09/15/2021 06:00:00 PM,0,0,0
09/15/2021 07:00:00 PM,0,0,0
09/15/2021 08:00:00 PM,0,0,0
09/15/2021 09:00:00 PM,0,0,0
09/15/2021 10:00:00 PM,0,0,0
09/15/2021 11:00:00 PM,0,0,0
09/16/2021 12:00:00 AM,0,0,0
09/16/2021 01:00:00 AM,0,0,0
09/16/2021 02:00:00 AM,0,0,0
09/16/2021 03:00:00 AM,0,0,0
09/16/2021 04:00:00 AM,0,0,0
09/16/2021 05:00:00 AM,0,0,0
09/16/2021 06:00:00 AM,0,0,0
09/16/2021 07:00:00 AM,0,0,0
09/16/2021 08:00:00 AM,0,0,0
09/16/2021 09:00:00 AM,0,0,0
09/16/2021 10:00:00 AM,0,0,0
09/16/2021 11:00:00 AM,0,0,0
09/16/2021 12:00:00 PM,0,0,0
09/16/2021 01:00:00 PM,0,0,0
09/16/2021 02:00:00 PM,0,0,0
09/16/2021 03:00:00 PM,0,0,0
09/16/2021 04:00:00 PM,0,0,0
09/16/2021 05:00:00 PM,0,0,0
09/16/2021 06:00:00 PM,0,0,0
09/16/2021 07:00:00 PM,0,0,0
09/16/2021 08:00:00 PM,0,0,0
09/16/2021 09:00:00 PM,26,15,11
09/16/2021 10:00:00 PM,22,14,8
09/16/2021 11:00:00 PM,16,7,9
09/17/2021 12:00:00 AM,8,4,4
09/17/2021 01:00:00 AM,2,0,2
09/17/2021 02:00:00 AM,0,0,0
09/17/2021 03:00:00 AM,5,1,4
09/17/2021 04:00:00 AM,2,1,1
09/17/2021 05:00:00 AM,10,5,5
09/17/2021 06:00:00 AM,25,8,17
09/17/2021 07:00:00 AM,65,12,53
09/17/2021 08:00:00 AM,89,13,76
09/17/2021 09:00:00 AM,48,16,32
09/17/2021 10:00:00 AM,33,8,25
09/17/2021 11:00:00 AM,14,3,11
09/17/2021 12:00:00 PM,27,11,16
09/17/2021 01:00:00 PM,42,26,16
09/17/2021 02:00:00 PM,36,20,16
09/17/2021 03:00:00 PM,50,36,14
09/17/2021 04:00:00 PM,79,66,13
09/17/2021 05:00:00 PM,96,75,21
09/17/2021 06:00:00 PM,88,65,23
09/17/2021 07:00:00 PM,37,22,15
09/17/2021 08:00:00 PM,19,10,9
09/17/2021 09:00:00 PM,10,4,6
09/17/2021 10:00:00 PM,11,3,8
09/17/2021 11:00:00 PM,7,3,4
09/18/2021 12:00:00 AM,2,1,1
09/18/2021 01:00:00 AM,1,0,1
09/18/2021 02:00:00 AM,0,0,0
09/18/2021 03:00:00 AM,1,1,0
09/18/2021 04:00:00 AM,1,1,0
09/18/2021 05:00:00 AM,4,2,2
09/18/2021 06:00:00 AM,2,0,2
09/18/2021 07:00:00 AM,15,7,8
09/18/2021 08:00:00 AM,28,14,14
09/18/2021 09:00:00 AM,43,21,22
09/18/2021 10:00:00 AM,86,44,42
09/18/2021 11:00:00 AM,110,66,44
09/18/2021 12:00:00 PM,129,69,60
09/18/2021 01:00:00 PM,109,57,52
09/18/2021 02:00:00 PM,51,29,22
09/18/2021 03:00:00 PM,44,20,24
09/18/2021 04:00:00 PM,47,30,17
09/18/2021 05:00:00 PM,43,25,18
09/18/2021 06:00:00 PM,20,12,8
09/18/2021 07:00:00 PM,19,11,8
09/18/2021 08:00:00 PM,22,14,8
09/18/2021 09:00:00 PM,11,4,7
09/18/2021 10:00:00 PM,11,2,9
09/18/2021 11:00:00 PM,7,4,3
09/19/2021 12:00:00 AM,7,5,2
09/19/2021 01:00:00 AM,3,1,2
09/19/2021 02:00:00 AM,0,0,0
09/19/2021 03:00:00 AM,0,0,0
09/19/2021 04:00:00 AM,3,2,1
09/19/2021 05:00:00 AM,3,1,2
09/19/2021 06:00:00 AM,4,2,2
09/19/2021 07:00:00 AM,17,10,7
09/19/2021 08:00:00 AM,28,15,13
09/19/2021 09:00:00 AM,52,26,26
09/19/2021 10:00:00 AM,57,26,31
09/19/2021 11:00:00 AM,96,48,48
09/19/2021 12:00:00 PM,54,32,22
09/19/2021 01:00:00 PM,115,69,46
09/19/2021 02:00:00 PM,113,62,51
09/19/2021 03:00:00 PM,80,44,36
09/19/2021 04:00:00 PM,104,50,54
09/19/2021 05:00:00 PM,90,46,44
09/19/2021 06:00:00 PM,50,29,21
09/19/2021 07:00:00 PM,30,10,20
09/19/2021 08:00:00 PM,15,8,7
09/19/2021 09:00:00 PM,12,4,8
09/19/2021 10:00:00 PM,13,4,9
09/19/2021 11:00:00 PM,5,2,3
09/20/2021 12:00:00 AM,1,0,1
09/20/2021 01:00:00 AM,3,3,0
09/20/2021 02:00:00 AM,1,1,0
09/20/2021 03:00:00 AM,1,0,1
09/20/2021 04:00:00 AM,3,1,2
09/20/2021 05:00:00 AM,12,6,6
09/20/2021 06:00:00 AM,44,11,33
09/20/2021 07:00:00 AM,116,15,101
09/20/2021 08:00:00 AM,164,18,146
09/20/2021 09:00:00 AM,103,17,86
09/20/2021 10:00:00 AM,71,29,42
09/20/2021 11:00:00 AM,65,29,36
09/20/2021 12:00:00 PM,59,28,31
09/20/2021 01:00:00 PM,62,33,29
09/20/2021 02:00:00 PM,68,39,29
09/20/2021 03:00:00 PM,140,83,57
09/20/2021 04:00:00 PM,185,140,45
09/20/2021 05:00:00 PM,295,216,79
09/20/2021 06:00:00 PM,222,156,66
09/20/2021 07:00:00 PM,149,74,75
09/20/2021 08:00:00 PM,50,20,30
09/20/2021 09:00:00 PM,32,14,18
09/20/2021 10:00:00 PM,22,11,11
09/20/2021 11:00:00 PM,9,8,1
09/21/2021 12:00:00 AM,3,0,3
09/21/2021 01:00:00 AM,3,0,3
09/21/2021 02:00:00 AM,4,3,1
09/21/2021 03:00:00 AM,1,0,1
09/21/2021 04:00:00 AM,7,7,0
09/21/2021 05:00:00 AM,17,7,10
09/21/2021 06:00:00 AM,52,20,32
09/21/2021 07:00:00 AM,126,21,105
09/21/2021 08:00:00 AM,193,24,169
09/21/2021 09:00:00 AM,130,22,108
09/21/2021 10:00:00 AM,64,22,42
09/21/2021 11:00:00 AM,53,17,36
09/21/2021 12:00:00 PM,69,45,24
09/21/2021 01:00:00 PM,82,36,46
09/21/2021 02:00:00 PM,97,54,43
09/21/2021 03:00:00 PM,119,81,38
09/21/2021 04:00:00 PM,249,181,68
09/21/2021 05:00:00 PM,323,243,80
09/21/2021 06:00:00 PM,283,172,111
09/21/2021 07:00:00 PM,130,58,72
09/21/2021 08:00:00 PM,59,27,32
09/21/2021 09:00:00 PM,28,14,14
09/21/2021 10:00:00 PM,19,14,5
09/21/2021 11:00:00 PM,9,8,1
09/22/2021 12:00:00 AM,1,0,1
09/22/2021 01:00:00 AM,9,6,3
09/22/2021 02:00:00 AM,1,0,1
09/22/2021 03:00:00 AM,1,0,1
09/22/2021 04:00:00 AM,9,6,3
09/22/2021 05:00:00 AM,9,4,5
09/22/2021 06:00:00 AM,54,22,32
09/22/2021 07:00:00 AM,133,31,102
09/22/2021 08:00:00 AM,151,20,131
09/22/2021 09:00:00 AM,139,20,119
09/22/2021 10:00:00 AM,73,34,39
09/22/2021 11:00:00 AM,43,15,28
09/22/2021 12:00:00 PM,44,19,25
09/22/2021 01:00:00 PM,46,27,19
09/22/2021 02:00:00 PM,82,45,37
09/22/2021 03:00:00 PM,99,69,30
09/22/2021 04:00:00 PM,157,123,34
09/22/2021 05:00:00 PM,285,217,68
09/22/2021 06:00:00 PM,189,133,56
09/22/2021 07:00:00 PM,112,62,50
09/22/2021 08:00:00 PM,45,26,19
09/22/2021 09:00:00 PM,27,10,17
09/22/2021 10:00:00 PM,19,10,9
09/22/2021 11:00:00 PM,16,9,7
09/23/2021 12:00:00 AM,4,2,2
09/23/2021 01:00:00 AM,3,2,1
09/23/2021 02:00:00 AM,1,1,0
09/23/2021 03:00:00 AM,2,1,1
09/23/2021 04:00:00 AM,5,4,1
09/23/2021 05:00:00 AM,7,4,3
09/23/2021 06:00:00 AM,51,12,39
09/23/2021 07:00:00 AM,101,19,82
09/23/2021 08:00:00 AM,161,19,142
09/23/2021 09:00:00 AM,124,23,101
09/23/2021 10:00:00 AM,64,22,42
09/23/2021 11:00:00 AM,68,23,45
09/23/2021 12:00:00 PM,68,26,42
09/23/2021 01:00:00 PM,87,41,46
09/23/2021 02:00:00 PM,85,52,33
09/23/2021 03:00:00 PM,112,77,35
09/23/2021 04:00:00 PM,220,158,62
09/23/2021 05:00:00 PM,263,195,68
09/23/2021 06:00:00 PM,224,151,73
09/23/2021 07:00:00 PM,113,65,48
09/23/2021 08:00:00 PM,39,22,17
09/23/2021 09:00:00 PM,31,10,21
09/23/2021 10:00:00 PM,21,8,13
09/23/2021 11:00:00 PM,14,4,10
09/24/2021 12:00:00 AM,2,0,2
09/24/2021 01:00:00 AM,1,0,1
09/24/2021 02:00:00 AM,0,0,0
09/24/2021 03:00:00 AM,3,1,2
09/24/2021 04:00:00 AM,7,3,4
09/24/2021 05:00:00 AM,11,6,5
09/24/2021 06:00:00 AM,45,17,28
09/24/2021 07:00:00 AM,82,14,68
09/24/2021 08:00:00 AM,138,24,114
09/24/2021 09:00:00 AM,102,26,76
09/24/2021 10:00:00 AM,57,18,39
09/24/2021 11:00:00 AM,67,27,40
09/24/2021 12:00:00 PM,80,41,39
09/24/2021 01:00:00 PM,99,58,41
09/24/2021 02:00:00 PM,114,73,41
09/24/2021 03:00:00 PM,131,102,29
09/24/2021 04:00:00 PM,180,127,53
09/24/2021 05:00:00 PM,260,180,80
09/24/2021 06:00:00 PM,169,91,78
09/24/2021 07:00:00 PM,113,62,51
09/24/2021 08:00:00 PM,41,21,20
09/24/2021 09:00:00 PM,40,20,20
09/24/2021 10:00:00 PM,26,7,19
09/24/2021 11:00:00 PM,28,14,14
09/25/2021 12:00:00 AM,11,8,3
09/25/2021 01:00:00 AM,2,1,1
09/25/2021 02:00:00 AM,1,1,0
09/25/2021 03:00:00 AM,6,5,1
09/25/2021 04:00:00 AM,1,1,0
09/25/2021 05:00:00 AM,4,2,2
09/25/2021 06:00:00 AM,11,6,5
09/25/2021 07:00:00 AM,17,10,7
09/25/2021 08:00:00 AM,37,18,19
09/25/2021 09:00:00 AM,62,33,29
09/25/2021 10:00:00 AM,109,46,63
09/25/2021 11:00:00 AM,163,96,67
09/25/2021 12:00:00 PM,125,67,58
09/25/2021 01:00:00 PM,155,85,70
09/25/2021 02:00:00 PM,189,101,88
09/25/2021 03:00:00 PM,168,108,60
09/25/2021 04:00:00 PM,234,99,135
09/25/2021 05:00:00 PM,177,87,90
09/25/2021 06:00:00 PM,131,74,57
09/25/2021 07:00:00 PM,122,44,78
09/25/2021 08:00:00 PM,33,15,18
09/25/2021 09:00:00 PM,28,10,18
09/25/2021 10:00:00 PM,27,9,18
09/25/2021 11:00:00 PM,17,8,9
09/26/2021 12:00:00 AM,9,5,4
09/26/2021 01:00:00 AM,5,3,2
09/26/2021 02:00:00 AM,5,3,2
09/26/2021 03:00:00 AM,1,1,0
09/26/2021 04:00:00 AM,1,1,0
09/26/2021 05:00:00 AM,2,0,2
09/26/2021 06:00:00 AM,7,2,5
09/26/2021 07:00:00 AM,21,9,12
09/26/2021 08:00:00 AM,34,17,17
09/26/2021 09:00:00 AM,57,27,30
09/26/2021 10:00:00 AM,45,21,24
09/26/2021 11:00:00 AM,64,34,30
09/26/2021 12:00:00 PM,73,47,26
09/26/2021 01:00:00 PM,72,31,41
09/26/2021 02:00:00 PM,57,28,29
09/26/2021 03:00:00 PM,40,13,27
09/26/2021 04:00:00 PM,25,11,14
09/26/2021 05:00:00 PM,9,2,7
09/26/2021 06:00:00 PM,14,9,5
09/26/2021 07:00:00 PM,6,5,1
09/26/2021 08:00:00 PM,3,3,0
09/26/2021 09:00:00 PM,1,1,0
09/26/2021 10:00:00 PM,7,4,3
09/26/2021 11:00:00 PM,4,4,0
09/27/2021 12:00:00 AM,1,1,0
09/27/2021 01:00:00 AM,1,1,0
09/27/2021 02:00:00 AM,0,0,0
09/27/2021 03:00:00 AM,1,0,1
09/27/2021 04:00:00 AM,3,1,2
09/27/2021 05:00:00 AM,8,4,4
09/27/2021 06:00:00 AM,30,9,21
09/27/2021 07:00:00 AM,75,22,53
09/27/2021 08:00:00 AM,104,6,98
09/27/2021 09:00:00 AM,75,12,63
09/27/2021 10:00:00 AM,26,8,18
09/27/2021 11:00:00 AM,31,13,18
09/27/2021 12:00:00 PM,21,9,12
09/27/2021 01:00:00 PM,32,21,11
09/27/2021 02:00:00 PM,33,24,9
09/27/2021 03:00:00 PM,37,26,11
09/27/2021 04:00:00 PM,77,57,20
09/27/2021 05:00:00 PM,136,113,23
09/27/2021 06:00:00 PM,94,72,22
09/27/2021 07:00:00 PM,56,38,18
09/27/2021 08:00:00 PM,27,15,12
09/27/2021 09:00:00 PM,13,7,6
09/27/2021 10:00:00 PM,18,11,7
09/27/2021 11:00:00 PM,6,5,1
09/28/2021 12:00:00 AM,2,0,2
09/28/2021 01:00:00 AM,2,2,0
09/28/2021 02:00:00 AM,2,1,1
09/28/2021 03:00:00 AM,0,0,0
09/28/2021 04:00:00 AM,6,3,3
09/28/2021 05:00:00 AM,9,5,4
09/28/2021 06:00:00 AM,36,11,25
09/28/2021 07:00:00 AM,93,14,79
09/28/2021 08:00:00 AM,126,16,110
09/28/2021 09:00:00 AM,82,15,67
09/28/2021 10:00:00 AM,34,17,17
09/28/2021 11:00:00 AM,39,17,22
09/28/2021 12:00:00 PM,31,12,19
09/28/2021 01:00:00 PM,49,34,15
09/28/2021 02:00:00 PM,60,34,26
09/28/2021 03:00:00 PM,11,5,6
09/28/2021 04:00:00 PM,0,0,0
09/28/2021 05:00:00 PM,0,0,0
09/28/2021 06:00:00 PM,0,0,0
09/28/2021 07:00:00 PM,0,0,0
09/28/2021 08:00:00 PM,0,0,0
09/28/2021 09:00:00 PM,0,0,0
09/28/2021 10:00:00 PM,0,0,0
09/28/2021 11:00:00 PM,0,0,0
09/29/2021 12:00:00 AM,0,0,0
09/29/2021 01:00:00 AM,0,0,0
09/29/2021 02:00:00 AM,0,0,0
09/29/2021 03:00:00 AM,0,0,0
09/29/2021 04:00:00 AM,0,0,0
09/29/2021 05:00:00 AM,0,0,0
09/29/2021 06:00:00 AM,0,0,0
09/29/2021 07:00:00 AM,0,0,0
09/29/2021 08:00:00 AM,0,0,0
09/29/2021 09:00:00 AM,0,0,0
09/29/2021 10:00:00 AM,0,0,0
09/29/2021 11:00:00 AM,0,0,0
09/29/2021 12:00:00 PM,0,0,0
09/29/2021 01:00:00 PM,0,0,0
09/29/2021 02:00:00 PM,0,0,0
09/29/2021 03:00:00 PM,0,0,0
09/29/2021 04:00:00 PM,0,0,0
09/29/2021 05:00:00 PM,0,0,0
09/29/2021 06:00:00 PM,0,0,0
09/29/2021 07:00:00 PM,0,0,0
09/29/2021 08:00:00 PM,0,0,0
09/29/2021 09:00:00 PM,0,0,0
09/29/2021 10:00:00 PM,0,0,0
09/29/2021 11:00:00 PM,0,0,0
09/30/2021 12:00:00 AM,0,0,0
09/30/2021 01:00:00 AM,0,0,0
09/30/2021 02:00:00 AM,0,0,0
09/30/2021 03:00:00 AM,0,0,0
09/30/2021 04:00:00 AM,0,0,0
09/30/2021 05:00:00 AM,0,0,0
09/30/2021 06:00:00 AM,0,0,0
09/30/2021 07:00:00 AM,0,0,0
09/30/2021 08:00:00 AM,0,0,0
09/30/2021 09:00:00 AM,0,0,0
09/30/2021 10:00:00 AM,0,0,0
09/30/2021 11:00:00 AM,0,0,0
09/30/2021 12:00:00 PM,0,0,0
09/30/2021 01:00:00 PM,0,0,0
09/30/2021 02:00:00 PM,0,0,0
09/30/2021 03:00:00 PM,0,0,0
09/30/2021 04:00:00 PM,0,0,0
09/30/2021 05:00:00 PM,0,0,0
09/30/2021 06:00:00 PM,0,0,0
09/30/2021 07:00:00 PM,0,0,0
09/30/2021 08:00:00 PM,0,0,0
09/30/2021 09:00:00 PM,0,0,0
09/30/2021 10:00:00 PM,0,0,0
09/30/2021 11:00:00 PM,0,0,0
10/01/2021 12:00:00 AM,0,0,0
10/01/2021 01:00:00 AM,0,0,0
10/01/2021 02:00:00 AM,0,0,0
10/01/2021 03:00:00 AM,0,0,0
10/01/2021 04:00:00 AM,0,0,0
10/01/2021 05:00:00 AM,0,0,0
10/01/2021 06:00:00 AM,0,0,0
10/01/2021 07:00:00 AM,0,0,0
10/01/2021 08:00:00 AM,0,0,0
10/01/2021 09:00:00 AM,0,0,0
10/01/2021 10:00:00 AM,0,0,0
10/01/2021 11:00:00 AM,0,0,0
10/01/2021 12:00:00 PM,0,0,0
10/01/2021 01:00:00 PM,0,0,0
10/01/2021 02:00:00 PM,0,0,0
10/01/2021 03:00:00 PM,0,0,0
10/01/2021 04:00:00 PM,0,0,0
10/01/2021 05:00:00 PM,0,0,0
10/01/2021 06:00:00 PM,0,0,0
10/01/2021 07:00:00 PM,0,0,0
10/01/2021 08:00:00 PM,0,0,0
10/01/2021 09:00:00 PM,0,0,0
10/01/2021 10:00:00 PM,0,0,0
10/01/2021 11:00:00 PM,0,0,0
10/02/2021 12:00:00 AM,0,0,0
10/02/2021 01:00:00 AM,0,0,0
10/02/2021 02:00:00 AM,0,0,0
10/02/2021 03:00:00 AM,0,0,0
10/02/2021 04:00:00 AM,0,0,0
10/02/2021 05:00:00 AM,0,0,0
10/02/2021 06:00:00 AM,0,0,0
10/02/2021 07:00:00 AM,0,0,0
10/02/2021 08:00:00 AM,0,0,0
10/02/2021 09:00:00 AM,0,0,0
10/02/2021 10:00:00 AM,0,0,0
10/02/2021 11:00:00 AM,0,0,0
10/02/2021 12:00:00 PM,0,0,0
10/02/2021 01:00:00 PM,1,0,1
10/02/2021 02:00:00 PM,0,0,0
10/02/2021 03:00:00 PM,0,0,0
10/02/2021 04:00:00 PM,0,0,0
10/02/2021 05:00:00 PM,0,0,0
10/02/2021 06:00:00 PM,0,0,0
10/02/2021 07:00:00 PM,0,0,0
10/02/2021 08:00:00 PM,0,0,0
10/02/2021 09:00:00 PM,0,0,0
10/02/2021 10:00:00 PM,0,0,0
10/02/2021 11:00:00 PM,0,0,0
10/03/2021 12:00:00 AM,0,0,0
10/03/2021 01:00:00 AM,0,0,0
10/03/2021 02:00:00 AM,0,0,0
10/03/2021 03:00:00 AM,0,0,0
10/03/2021 04:00:00 AM,0,0,0
10/03/2021 05:00:00 AM,0,0,0
10/03/2021 06:00:00 AM,0,0,0
10/03/2021 07:00:00 AM,0,0,0
10/03/2021 08:00:00 AM,0,0,0
10/03/2021 09:00:00 AM,0,0,0
10/03/2021 10:00:00 AM,0,0,0
10/03/2021 11:00:00 AM,0,0,0
10/03/2021 12:00:00 PM,0,0,0
10/03/2021 01:00:00 PM,0,0,0
10/03/2021 02:00:00 PM,1,1,0
10/03/2021 03:00:00 PM,0,0,0
10/03/2021 04:00:00 PM,0,0,0
10/03/2021 05:00:00 PM,0,0,0
10/03/2021 06:00:00 PM,0,0,0
10/03/2021 07:00:00 PM,0,0,0
10/03/2021 08:00:00 PM,0,0,0
10/03/2021 09:00:00 PM,0,0,0
10/03/2021 10:00:00 PM,0,0,0
10/03/2021 11:00:00 PM,0,0,0
10/04/2021 12:00:00 AM,0,0,0
10/04/2021 01:00:00 AM,0,0,0
10/04/2021 02:00:00 AM,0,0,0
10/04/2021 03:00:00 AM,0,0,0
10/04/2021 04:00:00 AM,0,0,0
10/04/2021 05:00:00 AM,0,0,0
10/04/2021 06:00:00 AM,0,0,0
10/04/2021 07:00:00 AM,0,0,0
10/04/2021 08:00:00 AM,0,0,0
10/04/2021 09:00:00 AM,0,0,0
10/04/2021 10:00:00 AM,0,0,0
10/04/2021 11:00:00 AM,0,0,0
10/04/2021 12:00:00 PM,0,0,0
10/04/2021 01:00:00 PM,0,0,0
10/04/2021 02:00:00 PM,0,0,0
10/04/2021 03:00:00 PM,0,0,0
10/04/2021 04:00:00 PM,0,0,0
10/04/2021 05:00:00 PM,0,0,0
10/04/2021 06:00:00 PM,0,0,0
10/04/2021 07:00:00 PM,0,0,0
10/04/2021 08:00:00 PM,0,0,0
10/04/2021 09:00:00 PM,0,0,0
10/04/2021 10:00:00 PM,0,0,0
10/04/2021 11:00:00 PM,0,0,0
10/05/2021 12:00:00 AM,0,0,0
10/05/2021 01:00:00 AM,0,0,0
10/05/2021 02:00:00 AM,0,0,0
10/05/2021 03:00:00 AM,0,0,0
10/05/2021 04:00:00 AM,0,0,0
10/05/2021 05:00:00 AM,0,0,0
10/05/2021 06:00:00 AM,0,0,0
10/05/2021 07:00:00 AM,0,0,0
10/05/2021 08:00:00 AM,0,0,0
10/05/2021 09:00:00 AM,0,0,0
10/05/2021 10:00:00 AM,0,0,0
10/05/2021 11:00:00 AM,0,0,0
10/05/2021 12:00:00 PM,0,0,0
10/05/2021 01:00:00 PM,0,0,0
10/05/2021 02:00:00 PM,0,0,0
10/05/2021 03:00:00 PM,0,0,0
10/05/2021 04:00:00 PM,0,0,0
10/05/2021 05:00:00 PM,0,0,0
10/05/2021 06:00:00 PM,0,0,0
10/05/2021 07:00:00 PM,0,0,0
10/05/2021 08:00:00 PM,0,0,0
10/05/2021 09:00:00 PM,0,0,0
10/05/2021 10:00:00 PM,0,0,0
10/05/2021 11:00:00 PM,0,0,0
10/06/2021 12:00:00 AM,0,0,0
10/06/2021 01:00:00 AM,0,0,0
10/06/2021 02:00:00 AM,0,0,0
10/06/2021 03:00:00 AM,0,0,0
10/06/2021 04:00:00 AM,0,0,0
10/06/2021 05:00:00 AM,0,0,0
10/06/2021 06:00:00 AM,0,0,0
10/06/2021 07:00:00 AM,0,0,0
10/06/2021 08:00:00 AM,0,0,0
10/06/2021 09:00:00 AM,0,0,0
10/06/2021 10:00:00 AM,0,0,0
10/06/2021 11:00:00 AM,0,0,0
10/06/2021 12:00:00 PM,0,0,0
10/06/2021 01:00:00 PM,0,0,0
10/06/2021 02:00:00 PM,0,0,0
10/06/2021 03:00:00 PM,0,0,0
10/06/2021 04:00:00 PM,0,0,0
10/06/2021 05:00:00 PM,0,0,0
10/06/2021 06:00:00 PM,0,0,0
10/06/2021 07:00:00 PM,0,0,0
10/06/2021 08:00:00 PM,0,0,0
10/06/2021 09:00:00 PM,0,0,0
10/06/2021 10:00:00 PM,0,0,0
10/06/2021 11:00:00 PM,0,0,0
10/07/2021 12:00:00 AM,0,0,0
10/07/2021 01:00:00 AM,0,0,0
10/07/2021 02:00:00 AM,0,0,0
10/07/2021 03:00:00 AM,0,0,0
10/07/2021 04:00:00 AM,0,0,0
10/07/2021 05:00:00 AM,0,0,0
10/07/2021 06:00:00 AM,0,0,0
10/07/2021 07:00:00 AM,0,0,0
10/07/2021 08:00:00 AM,0,0,0
10/07/2021 09:00:00 AM,0,0,0
10/07/2021 10:00:00 AM,0,0,0
10/07/2021 11:00:00 AM,0,0,0
10/07/2021 12:00:00 PM,0,0,0
10/07/2021 01:00:00 PM,0,0,0
10/07/2021 02:00:00 PM,0,0,0
10/07/2021 03:00:00 PM,0,0,0
10/07/2021 04:00:00 PM,0,0,0
10/07/2021 05:00:00 PM,0,0,0
10/07/2021 06:00:00 PM,0,0,0
10/07/2021 07:00:00 PM,0,0,0
10/07/2021 08:00:00 PM,0,0,0
10/07/2021 09:00:00 PM,0,0,0
10/07/2021 10:00:00 PM,0,0,0
10/07/2021 11:00:00 PM,0,0,0
10/08/2021 12:00:00 AM,0,0,0
10/08/2021 01:00:00 AM,0,0,0
10/08/2021 02:00:00 AM,0,0,0
10/08/2021 03:00:00 AM,0,0,0
10/08/2021 04:00:00 AM,0,0,0
10/08/2021 05:00:00 AM,0,0,0
10/08/2021 06:00:00 AM,0,0,0
10/08/2021 07:00:00 AM,0,0,0
10/08/2021 08:00:00 AM,0,0,0
10/08/2021 09:00:00 AM,0,0,0
10/08/2021 10:00:00 AM,0,0,0
10/08/2021 11:00:00 AM,0,0,0
10/08/2021 12:00:00 PM,0,0,0
10/08/2021 01:00:00 PM,0,0,0
10/08/2021 02:00:00 PM,0,0,0
10/08/2021 03:00:00 PM,0,0,0
10/08/2021 04:00:00 PM,0,0,0
10/08/2021 05:00:00 PM,0,0,0
10/08/2021 06:00:00 PM,0,0,0
10/08/2021 07:00:00 PM,0,0,0
10/08/2021 08:00:00 PM,0,0,0
10/08/2021 09:00:00 PM,0,0,0
10/08/2021 10:00:00 PM,0,0,0
10/08/2021 11:00:00 PM,0,0,0
10/09/2021 12:00:00 AM,0,0,0
10/09/2021 01:00:00 AM,0,0,0
10/09/2021 02:00:00 AM,0,0,0
10/09/2021 03:00:00 AM,0,0,0
10/09/2021 04:00:00 AM,0,0,0
10/09/2021 05:00:00 AM,0,0,0
10/09/2021 06:00:00 AM,0,0,0
10/09/2021 07:00:00 AM,0,0,0
10/09/2021 08:00:00 AM,0,0,0
10/09/2021 09:00:00 AM,0,0,0
10/09/2021 10:00:00 AM,0,0,0
10/09/2021 11:00:00 AM,0,0,0
10/09/2021 12:00:00 PM,0,0,0
10/09/2021 01:00:00 PM,0,0,0
10/09/2021 02:00:00 PM,0,0,0
10/09/2021 03:00:00 PM,0,0,0
10/09/2021 04:00:00 PM,0,0,0
10/09/2021 05:00:00 PM,0,0,0
10/09/2021 06:00:00 PM,0,0,0
10/09/2021 07:00:00 PM,0,0,0
10/09/2021 08:00:00 PM,0,0,0
10/09/2021 09:00:00 PM,0,0,0
10/09/2021 10:00:00 PM,0,0,0
10/09/2021 11:00:00 PM,0,0,0
10/10/2021 12:00:00 AM,0,0,0
10/10/2021 01:00:00 AM,0,0,0
10/10/2021 02:00:00 AM,0,0,0
10/10/2021 03:00:00 AM,0,0,0
10/10/2021 04:00:00 AM,0,0,0
10/10/2021 05:00:00 AM,0,0,0
10/10/2021 06:00:00 AM,0,0,0
10/10/2021 07:00:00 AM,0,0,0
10/10/2021 08:00:00 AM,0,0,0
10/10/2021 09:00:00 AM,2,0,2
10/10/2021 10:00:00 AM,0,0,0
10/10/2021 11:00:00 AM,0,0,0
10/10/2021 12:00:00 PM,0,0,0
10/10/2021 01:00:00 PM,0,0,0
10/10/2021 02:00:00 PM,0,0,0
10/10/2021 03:00:00 PM,1,0,1
10/10/2021 04:00:00 PM,0,0,0
10/10/2021 05:00:00 PM,0,0,0
10/10/2021 06:00:00 PM,0,0,0
10/10/2021 07:00:00 PM,0,0,0
10/10/2021 08:00:00 PM,0,0,0
10/10/2021 09:00:00 PM,0,0,0
10/10/2021 10:00:00 PM,0,0,0
10/10/2021 11:00:00 PM,0,0,0
10/11/2021 12:00:00 AM,0,0,0
10/11/2021 01:00:00 AM,0,0,0
10/11/2021 02:00:00 AM,0,0,0
10/11/2021 03:00:00 AM,0,0,0
10/11/2021 04:00:00 AM,0,0,0
10/11/2021 05:00:00 AM,0,0,0
10/11/2021 06:00:00 AM,0,0,0
10/11/2021 07:00:00 AM,0,0,0
10/11/2021 08:00:00 AM,0,0,0
10/11/2021 09:00:00 AM,0,0,0
10/11/2021 10:00:00 AM,0,0,0
10/11/2021 11:00:00 AM,0,0,0
10/11/2021 12:00:00 PM,0,0,0
10/11/2021 01:00:00 PM,0,0,0
10/11/2021 02:00:00 PM,0,0,0
10/11/2021 03:00:00 PM,0,0,0
10/11/2021 04:00:00 PM,0,0,0
10/11/2021 05:00:00 PM,0,0,0
10/11/2021 06:00:00 PM,0,0,0
10/11/2021 07:00:00 PM,0,0,0
10/11/2021 08:00:00 PM,0,0,0
10/11/2021 09:00:00 PM,0,0,0
10/11/2021 10:00:00 PM,0,0,0
10/11/2021 11:00:00 PM,0,0,0
10/12/2021 12:00:00 AM,0,0,0
10/12/2021 01:00:00 AM,0,0,0
10/12/2021 02:00:00 AM,0,0,0
10/12/2021 03:00:00 AM,0,0,0
10/12/2021 04:00:00 AM,0,0,0
10/12/2021 05:00:00 AM,0,0,0
10/12/2021 06:00:00 AM,0,0,0
10/12/2021 07:00:00 AM,0,0,0
10/12/2021 08:00:00 AM,0,0,0
10/12/2021 09:00:00 AM,0,0,0
10/12/2021 10:00:00 AM,0,0,0
10/12/2021 11:00:00 AM,0,0,0
10/12/2021 12:00:00 PM,0,0,0
10/12/2021 01:00:00 PM,0,0,0
10/12/2021 02:00:00 PM,0,0,0
10/12/2021 03:00:00 PM,0,0,0
10/12/2021 04:00:00 PM,0,0,0
10/12/2021 05:00:00 PM,0,0,0
10/12/2021 06:00:00 PM,0,0,0
10/12/2021 07:00:00 PM,0,0,0
10/12/2021 08:00:00 PM,0,0,0
10/12/2021 09:00:00 PM,0,0,0
10/12/2021 10:00:00 PM,0,0,0
10/12/2021 11:00:00 PM,0,0,0
10/13/2021 12:00:00 AM,0,0,0
10/13/2021 01:00:00 AM,0,0,0
10/13/2021 02:00:00 AM,0,0,0
10/13/2021 03:00:00 AM,0,0,0
10/13/2021 04:00:00 AM,0,0,0
10/13/2021 05:00:00 AM,0,0,0
10/13/2021 06:00:00 AM,0,0,0
10/13/2021 07:00:00 AM,0,0,0
10/13/2021 08:00:00 AM,0,0,0
10/13/2021 09:00:00 AM,0,0,0
10/13/2021 10:00:00 AM,0,0,0
10/13/2021 11:00:00 AM,0,0,0
10/13/2021 12:00:00 PM,0,0,0
10/13/2021 01:00:00 PM,0,0,0
10/13/2021 02:00:00 PM,0,0,0
10/13/2021 03:00:00 PM,0,0,0
10/13/2021 04:00:00 PM,0,0,0
10/13/2021 05:00:00 PM,0,0,0
10/13/2021 06:00:00 PM,0,0,0
10/13/2021 07:00:00 PM,0,0,0
10/13/2021 08:00:00 PM,0,0,0
10/13/2021 09:00:00 PM,0,0,0
10/13/2021 10:00:00 PM,0,0,0
10/13/2021 11:00:00 PM,0,0,0
10/14/2021 12:00:00 AM,0,0,0
10/14/2021 01:00:00 AM,0,0,0
10/14/2021 02:00:00 AM,0,0,0
10/14/2021 03:00:00 AM,0,0,0
10/14/2021 04:00:00 AM,0,0,0
10/14/2021 05:00:00 AM,0,0,0
10/14/2021 06:00:00 AM,0,0,0
10/14/2021 07:00:00 AM,0,0,0
10/14/2021 08:00:00 AM,0,0,0
10/14/2021 09:00:00 AM,0,0,0
10/14/2021 10:00:00 AM,0,0,0
10/14/2021 11:00:00 AM,0,0,0
10/14/2021 12:00:00 PM,0,0,0
10/14/2021 01:00:00 PM,0,0,0
10/14/2021 02:00:00 PM,0,0,0
10/14/2021 03:00:00 PM,0,0,0
10/14/2021 04:00:00 PM,0,0,0
10/14/2021 05:00:00 PM,0,0,0
10/14/2021 06:00:00 PM,0,0,0
10/14/2021 07:00:00 PM,0,0,0
10/14/2021 08:00:00 PM,0,0,0
10/14/2021 09:00:00 PM,0,0,0
10/14/2021 10:00:00 PM,0,0,0
10/14/2021 11:00:00 PM,0,0,0
10/15/2021 12:00:00 AM,0,0,0
10/15/2021 01:00:00 AM,0,0,0
10/15/2021 02:00:00 AM,0,0,0
10/15/2021 03:00:00 AM,0,0,0
10/15/2021 04:00:00 AM,0,0,0
10/15/2021 05:00:00 AM,0,0,0
10/15/2021 06:00:00 AM,0,0,0
10/15/2021 07:00:00 AM,0,0,0
10/15/2021 08:00:00 AM,0,0,0
10/15/2021 09:00:00 AM,0,0,0
10/15/2021 10:00:00 AM,0,0,0
10/15/2021 11:00:00 AM,0,0,0
10/15/2021 12:00:00 PM,0,0,0
10/15/2021 01:00:00 PM,0,0,0
10/15/2021 02:00:00 PM,0,0,0
10/15/2021 03:00:00 PM,0,0,0
10/15/2021 04:00:00 PM,0,0,0
10/15/2021 05:00:00 PM,0,0,0
10/15/2021 06:00:00 PM,0,0,0
10/15/2021 07:00:00 PM,0,0,0
10/15/2021 08:00:00 PM,0,0,0
10/15/2021 09:00:00 PM,0,0,0
10/15/2021 10:00:00 PM,0,0,0
10/15/2021 11:00:00 PM,0,0,0
10/16/2021 12:00:00 AM,0,0,0
10/16/2021 01:00:00 AM,0,0,0
10/16/2021 02:00:00 AM,0,0,0
10/16/2021 03:00:00 AM,0,0,0
10/16/2021 04:00:00 AM,0,0,0
10/16/2021 05:00:00 AM,0,0,0
10/16/2021 06:00:00 AM,0,0,0
10/16/2021 07:00:00 AM,0,0,0
10/16/2021 08:00:00 AM,0,0,0
10/16/2021 09:00:00 AM,0,0,0
10/16/2021 10:00:00 AM,0,0,0
10/16/2021 11:00:00 AM,0,0,0
10/16/2021 12:00:00 PM,0,0,0
10/16/2021 01:00:00 PM,0,0,0
10/16/2021 02:00:00 PM,0,0,0
10/16/2021 03:00:00 PM,0,0,0
10/16/2021 04:00:00 PM,0,0,0
10/16/2021 05:00:00 PM,0,0,0
10/16/2021 06:00:00 PM,0,0,0
10/16/2021 07:00:00 PM,0,0,0
10/16/2021 08:00:00 PM,0,0,0
10/16/2021 09:00:00 PM,0,0,0
10/16/2021 10:00:00 PM,0,0,0
10/16/2021 11:00:00 PM,0,0,0
10/17/2021 12:00:00 AM,0,0,0
10/17/2021 01:00:00 AM,0,0,0
10/17/2021 02:00:00 AM,0,0,0
10/17/2021 03:00:00 AM,0,0,0
10/17/2021 04:00:00 AM,0,0,0
10/17/2021 05:00:00 AM,0,0,0
10/17/2021 06:00:00 AM,0,0,0
10/17/2021 07:00:00 AM,0,0,0
10/17/2021 08:00:00 AM,0,0,0
10/17/2021 09:00:00 AM,0,0,0
10/17/2021 10:00:00 AM,0,0,0
10/17/2021 11:00:00 AM,0,0,0
10/17/2021 12:00:00 PM,0,0,0
10/17/2021 01:00:00 PM,0,0,0
10/17/2021 02:00:00 PM,0,0,0
10/17/2021 03:00:00 PM,0,0,0
10/17/2021 04:00:00 PM,0,0,0
10/17/2021 05:00:00 PM,0,0,0
10/17/2021 06:00:00 PM,0,0,0
10/17/2021 07:00:00 PM,0,0,0
10/17/2021 08:00:00 PM,0,0,0
10/17/2021 09:00:00 PM,0,0,0
10/17/2021 10:00:00 PM,0,0,0
10/17/2021 11:00:00 PM,0,0,0
10/18/2021 12:00:00 AM,0,0,0
10/18/2021 01:00:00 AM,0,0,0
10/18/2021 02:00:00 AM,0,0,0
10/18/2021 03:00:00 AM,0,0,0
10/18/2021 04:00:00 AM,0,0,0
10/18/2021 05:00:00 AM,0,0,0
10/18/2021 06:00:00 AM,0,0,0
10/18/2021 07:00:00 AM,0,0,0
10/18/2021 08:00:00 AM,0,0,0
10/18/2021 09:00:00 AM,0,0,0
10/18/2021 10:00:00 AM,0,0,0
10/18/2021 11:00:00 AM,0,0,0
10/18/2021 12:00:00 PM,0,0,0
10/18/2021 01:00:00 PM,0,0,0
10/18/2021 02:00:00 PM,0,0,0
10/18/2021 03:00:00 PM,0,0,0
10/18/2021 04:00:00 PM,0,0,0
10/18/2021 05:00:00 PM,0,0,0
10/18/2021 06:00:00 PM,0,0,0
10/18/2021 07:00:00 PM,0,0,0
10/18/2021 08:00:00 PM,0,0,0
10/18/2021 09:00:00 PM,0,0,0
10/18/2021 10:00:00 PM,0,0,0
10/18/2021 11:00:00 PM,0,0,0
10/19/2021 12:00:00 AM,0,0,0
10/19/2021 01:00:00 AM,0,0,0
10/19/2021 02:00:00 AM,0,0,0
10/19/2021 03:00:00 AM,0,0,0
10/19/2021 04:00:00 AM,0,0,0
10/19/2021 05:00:00 AM,0,0,0
10/19/2021 06:00:00 AM,0,0,0
10/19/2021 07:00:00 AM,0,0,0
10/19/2021 08:00:00 AM,0,0,0
10/19/2021 09:00:00 AM,0,0,0
10/19/2021 10:00:00 AM,0,0,0
10/19/2021 11:00:00 AM,0,0,0
10/19/2021 12:00:00 PM,0,0,0
10/19/2021 01:00:00 PM,0,0,0
10/19/2021 02:00:00 PM,0,0,0
10/19/2021 03:00:00 PM,0,0,0
10/19/2021 04:00:00 PM,0,0,0
10/19/2021 05:00:00 PM,0,0,0
10/19/2021 06:00:00 PM,0,0,0
10/19/2021 07:00:00 PM,0,0,0
10/19/2021 08:00:00 PM,0,0,0
10/19/2021 09:00:00 PM,0,0,0
10/19/2021 10:00:00 PM,0,0,0
10/19/2021 11:00:00 PM,0,0,0
10/20/2021 12:00:00 AM,0,0,0
10/20/2021 01:00:00 AM,0,0,0
10/20/2021 02:00:00 AM,0,0,0
10/20/2021 03:00:00 AM,0,0,0
10/20/2021 04:00:00 AM,0,0,0
10/20/2021 05:00:00 AM,0,0,0
10/20/2021 06:00:00 AM,0,0,0
10/20/2021 07:00:00 AM,0,0,0
10/20/2021 08:00:00 AM,0,0,0
10/20/2021 09:00:00 AM,0,0,0
10/20/2021 10:00:00 AM,0,0,0
10/20/2021 11:00:00 AM,0,0,0
10/20/2021 12:00:00 PM,0,0,0
10/20/2021 01:00:00 PM,0,0,0
10/20/2021 02:00:00 PM,0,0,0
10/20/2021 03:00:00 PM,0,0,0
10/20/2021 04:00:00 PM,0,0,0
10/20/2021 05:00:00 PM,0,0,0
10/20/2021 06:00:00 PM,0,0,0
10/20/2021 07:00:00 PM,0,0,0
10/20/2021 08:00:00 PM,0,0,0
10/20/2021 09:00:00 PM,0,0,0
10/20/2021 10:00:00 PM,0,0,0
10/20/2021 11:00:00 PM,0,0,0
10/21/2021 12:00:00 AM,0,0,0
10/21/2021 01:00:00 AM,0,0,0
10/21/2021 02:00:00 AM,0,0,0
10/21/2021 03:00:00 AM,0,0,0
10/21/2021 04:00:00 AM,0,0,0
10/21/2021 05:00:00 AM,0,0,0
10/21/2021 06:00:00 AM,0,0,0
10/21/2021 07:00:00 AM,0,0,0
10/21/2021 08:00:00 AM,0,0,0
10/21/2021 09:00:00 AM,0,0,0
10/21/2021 10:00:00 AM,0,0,0
10/21/2021 11:00:00 AM,0,0,0
10/21/2021 12:00:00 PM,0,0,0
10/21/2021 01:00:00 PM,0,0,0
10/21/2021 02:00:00 PM,0,0,0
10/21/2021 03:00:00 PM,0,0,0
10/21/2021 04:00:00 PM,0,0,0
10/21/2021 05:00:00 PM,0,0,0
10/21/2021 06:00:00 PM,0,0,0
10/21/2021 07:00:00 PM,0,0,0
10/21/2021 08:00:00 PM,0,0,0
10/21/2021 09:00:00 PM,0,0,0
10/21/2021 10:00:00 PM,0,0,0
10/21/2021 11:00:00 PM,0,0,0
10/22/2021 12:00:00 AM,0,0,0
10/22/2021 01:00:00 AM,0,0,0
10/22/2021 02:00:00 AM,0,0,0
10/22/2021 03:00:00 AM,0,0,0
10/22/2021 04:00:00 AM,0,0,0
10/22/2021 05:00:00 AM,0,0,0
10/22/2021 06:00:00 AM,0,0,0
10/22/2021 07:00:00 AM,0,0,0
10/22/2021 08:00:00 AM,0,0,0
10/22/2021 09:00:00 AM,0,0,0
10/22/2021 10:00:00 AM,0,0,0
10/22/2021 11:00:00 AM,0,0,0
10/22/2021 12:00:00 PM,0,0,0
10/22/2021 01:00:00 PM,0,0,0
10/22/2021 02:00:00 PM,0,0,0
10/22/2021 03:00:00 PM,0,0,0
10/22/2021 04:00:00 PM,0,0,0
10/22/2021 05:00:00 PM,0,0,0
10/22/2021 06:00:00 PM,0,0,0
10/22/2021 07:00:00 PM,0,0,0
10/22/2021 08:00:00 PM,0,0,0
10/22/2021 09:00:00 PM,0,0,0
10/22/2021 10:00:00 PM,0,0,0
10/22/2021 11:00:00 PM,0,0,0
10/23/2021 12:00:00 AM,0,0,0
10/23/2021 01:00:00 AM,0,0,0
10/23/2021 02:00:00 AM,0,0,0
10/23/2021 03:00:00 AM,0,0,0
10/23/2021 04:00:00 AM,0,0,0
10/23/2021 05:00:00 AM,0,0,0
10/23/2021 06:00:00 AM,0,0,0
10/23/2021 07:00:00 AM,0,0,0
10/23/2021 08:00:00 AM,0,0,0
10/23/2021 09:00:00 AM,0,0,0
10/23/2021 10:00:00 AM,0,0,0
10/23/2021 11:00:00 AM,0,0,0
10/23/2021 12:00:00 PM,0,0,0
10/23/2021 01:00:00 PM,0,0,0
10/23/2021 02:00:00 PM,0,0,0
10/23/2021 03:00:00 PM,0,0,0
10/23/2021 04:00:00 PM,0,0,0
10/23/2021 05:00:00 PM,0,0,0
10/23/2021 06:00:00 PM,0,0,0
10/23/2021 07:00:00 PM,0,0,0
10/23/2021 08:00:00 PM,0,0,0
10/23/2021 09:00:00 PM,0,0,0
10/23/2021 10:00:00 PM,0,0,0
10/23/2021 11:00:00 PM,0,0,0
10/24/2021 12:00:00 AM,0,0,0
10/24/2021 01:00:00 AM,0,0,0
10/24/2021 02:00:00 AM,0,0,0
10/24/2021 03:00:00 AM,0,0,0
10/24/2021 04:00:00 AM,0,0,0
10/24/2021 05:00:00 AM,0,0,0
10/24/2021 06:00:00 AM,0,0,0
10/24/2021 07:00:00 AM,0,0,0
10/24/2021 08:00:00 AM,0,0,0
10/24/2021 09:00:00 AM,0,0,0
10/24/2021 10:00:00 AM,0,0,0
10/24/2021 11:00:00 AM,0,0,0
10/24/2021 12:00:00 PM,0,0,0
10/24/2021 01:00:00 PM,0,0,0
10/24/2021 02:00:00 PM,0,0,0
10/24/2021 03:00:00 PM,0,0,0
10/24/2021 04:00:00 PM,0,0,0
10/24/2021 05:00:00 PM,0,0,0
10/24/2021 06:00:00 PM,0,0,0
10/24/2021 07:00:00 PM,0,0,0
10/24/2021 08:00:00 PM,0,0,0
10/24/2021 09:00:00 PM,0,0,0
10/24/2021 10:00:00 PM,0,0,0
10/24/2021 11:00:00 PM,0,0,0
10/25/2021 12:00:00 AM,0,0,0
10/25/2021 01:00:00 AM,0,0,0
10/25/2021 02:00:00 AM,0,0,0
10/25/2021 03:00:00 AM,0,0,0
10/25/2021 04:00:00 AM,0,0,0
10/25/2021 05:00:00 AM,0,0,0
10/25/2021 06:00:00 AM,0,0,0
10/25/2021 07:00:00 AM,0,0,0
10/25/2021 08:00:00 AM,0,0,0
10/25/2021 09:00:00 AM,0,0,0
10/25/2021 10:00:00 AM,0,0,0
10/25/2021 11:00:00 AM,0,0,0
10/25/2021 12:00:00 PM,0,0,0
10/25/2021 01:00:00 PM,0,0,0
10/25/2021 02:00:00 PM,0,0,0
10/25/2021 03:00:00 PM,0,0,0
10/25/2021 04:00:00 PM,0,0,0
10/25/2021 05:00:00 PM,0,0,0
10/25/2021 06:00:00 PM,0,0,0
10/25/2021 07:00:00 PM,0,0,0
10/25/2021 08:00:00 PM,0,0,0
10/25/2021 09:00:00 PM,0,0,0
10/25/2021 10:00:00 PM,0,0,0
10/25/2021 11:00:00 PM,0,0,0
10/26/2021 12:00:00 AM,0,0,0
10/26/2021 01:00:00 AM,0,0,0
10/26/2021 02:00:00 AM,0,0,0
10/26/2021 03:00:00 AM,0,0,0
10/26/2021 04:00:00 AM,0,0,0
10/26/2021 05:00:00 AM,0,0,0
10/26/2021 06:00:00 AM,0,0,0
10/26/2021 07:00:00 AM,0,0,0
10/26/2021 08:00:00 AM,0,0,0
10/26/2021 09:00:00 AM,0,0,0
10/26/2021 10:00:00 AM,0,0,0
10/26/2021 11:00:00 AM,0,0,0
10/26/2021 12:00:00 PM,0,0,0
10/26/2021 01:00:00 PM,0,0,0
10/26/2021 02:00:00 PM,0,0,0
10/26/2021 03:00:00 PM,0,0,0
10/26/2021 04:00:00 PM,0,0,0
10/26/2021 05:00:00 PM,0,0,0
10/26/2021 06:00:00 PM,0,0,0
10/26/2021 07:00:00 PM,0,0,0
10/26/2021 08:00:00 PM,0,0,0
10/26/2021 09:00:00 PM,0,0,0
10/26/2021 10:00:00 PM,0,0,0
10/26/2021 11:00:00 PM,0,0,0
10/27/2021 12:00:00 AM,0,0,0
10/27/2021 01:00:00 AM,0,0,0
10/27/2021 02:00:00 AM,0,0,0
10/27/2021 03:00:00 AM,0,0,0
10/27/2021 04:00:00 AM,0,0,0
10/27/2021 05:00:00 AM,0,0,0
10/27/2021 06:00:00 AM,0,0,0
10/27/2021 07:00:00 AM,0,0,0
10/27/2021 08:00:00 AM,0,0,0
10/27/2021 09:00:00 AM,0,0,0
10/27/2021 10:00:00 AM,0,0,0
10/27/2021 11:00:00 AM,0,0,0
10/27/2021 12:00:00 PM,0,0,0
10/27/2021 01:00:00 PM,0,0,0
10/27/2021 02:00:00 PM,0,0,0
10/27/2021 03:00:00 PM,0,0,0
10/27/2021 04:00:00 PM,0,0,0
10/27/2021 05:00:00 PM,0,0,0
10/27/2021 06:00:00 PM,0,0,0
10/27/2021 07:00:00 PM,0,0,0
10/27/2021 08:00:00 PM,0,0,0
10/27/2021 09:00:00 PM,0,0,0
10/27/2021 10:00:00 PM,0,0,0
10/27/2021 11:00:00 PM,0,0,0
10/28/2021 12:00:00 AM,0,0,0
10/28/2021 01:00:00 AM,0,0,0
10/28/2021 02:00:00 AM,0,0,0
10/28/2021 03:00:00 AM,0,0,0
10/28/2021 04:00:00 AM,0,0,0
10/28/2021 05:00:00 AM,0,0,0
10/28/2021 06:00:00 AM,0,0,0
10/28/2021 07:00:00 AM,0,0,0
10/28/2021 08:00:00 AM,0,0,0
10/28/2021 09:00:00 AM,0,0,0
10/28/2021 10:00:00 AM,0,0,0
10/28/2021 11:00:00 AM,0,0,0
10/28/2021 12:00:00 PM,0,0,0
10/28/2021 01:00:00 PM,0,0,0
10/28/2021 02:00:00 PM,0,0,0
10/28/2021 03:00:00 PM,0,0,0
10/28/2021 04:00:00 PM,0,0,0
10/28/2021 05:00:00 PM,0,0,0
10/28/2021 06:00:00 PM,0,0,0
10/28/2021 07:00:00 PM,0,0,0
10/28/2021 08:00:00 PM,0,0,0
10/28/2021 09:00:00 PM,0,0,0
10/28/2021 10:00:00 PM,0,0,0
10/28/2021 11:00:00 PM,0,0,0
10/29/2021 12:00:00 AM,0,0,0
10/29/2021 01:00:00 AM,0,0,0
10/29/2021 02:00:00 AM,0,0,0
10/29/2021 03:00:00 AM,0,0,0
10/29/2021 04:00:00 AM,0,0,0
10/29/2021 05:00:00 AM,0,0,0
10/29/2021 06:00:00 AM,0,0,0
10/29/2021 07:00:00 AM,0,0,0
10/29/2021 08:00:00 AM,0,0,0
10/29/2021 09:00:00 AM,0,0,0
10/29/2021 10:00:00 AM,0,0,0
10/29/2021 11:00:00 AM,0,0,0
10/29/2021 12:00:00 PM,0,0,0
10/29/2021 01:00:00 PM,0,0,0
10/29/2021 02:00:00 PM,0,0,0
10/29/2021 03:00:00 PM,0,0,0
10/29/2021 04:00:00 PM,0,0,0
10/29/2021 05:00:00 PM,0,0,0
10/29/2021 06:00:00 PM,0,0,0
10/29/2021 07:00:00 PM,0,0,0
10/29/2021 08:00:00 PM,0,0,0
10/29/2021 09:00:00 PM,0,0,0
10/29/2021 10:00:00 PM,0,0,0
10/29/2021 11:00:00 PM,0,0,0
10/30/2021 12:00:00 AM,0,0,0
10/30/2021 01:00:00 AM,0,0,0
10/30/2021 02:00:00 AM,0,0,0
10/30/2021 03:00:00 AM,0,0,0
10/30/2021 04:00:00 AM,0,0,0
10/30/2021 05:00:00 AM,0,0,0
10/30/2021 06:00:00 AM,0,0,0
10/30/2021 07:00:00 AM,0,0,0
10/30/2021 08:00:00 AM,0,0,0
10/30/2021 09:00:00 AM,0,0,0
10/30/2021 10:00:00 AM,0,0,0
10/30/2021 11:00:00 AM,0,0,0
10/30/2021 12:00:00 PM,0,0,0
10/30/2021 01:00:00 PM,0,0,0
10/30/2021 02:00:00 PM,0,0,0
10/30/2021 03:00:00 PM,0,0,0
10/30/2021 04:00:00 PM,0,0,0
10/30/2021 05:00:00 PM,0,0,0
10/30/2021 06:00:00 PM,0,0,0
10/30/2021 07:00:00 PM,0,0,0
10/30/2021 08:00:00 PM,0,0,0
10/30/2021 09:00:00 PM,0,0,0
10/30/2021 10:00:00 PM,0,0,0
10/30/2021 11:00:00 PM,0,0,0
